4.61 5.38 7.44 7.48 10.8 7.94 13.33 8.45 5.33 4.77 6.87 11.36 6.07 7.73 5.75 6.94 8.43 10.41 8.33 12.05 16.94 23.9 16.09 10.37 16.61 12.3 5.8 6.98 4.8 6.84 9.24 17.21 8.12 8.64 4.87 2.89 3.78 2.1 5.1 6.26 7.15 9.37 8.63 4.89 3.12 3.86 8.05 13.06 17.87 7.26 8.12 3.98 4.44 6.86 3.38 4.13 4.77 8.18 4.93 6.03 8.91 5.73 4.59 3.64
7.92 8.98 4.84 5.47 8.3 19.68 21.38 14.06 5.03 8.07 11.11 7.56 7.19 6.91 5.91 9.75 13.47 15.41 11.28 9.68 12.01 22.4 13.27 7.86 12.33 11.03 7.15 4.11 6.5 4.45 9.06 7.39 9.11 6.89 4.13 2.51 2.47 3.28 4.49 7.21 6.52 4.3 6.74 4.61 4.11 4.43 6.98 5.49 7.43 7.88 7.58 4.1 4.8 6.15 7.03 5.78 4.34 4.53 3.06 4.61 4.48 6.17 4.08 4.91
8.72 9.71 4.21 5.01 11.03 9.83 15.01 8.86 6.06 10.84 6.09 7.4 5.24 7.42 6.99 9.28 6.61 9.78 6.72 18.34 9.62 10.87 14.21 10.24 6.95 4.22 5.15 7.43 9.39 3.38 5.92 6.67 6.24 6.04 4.81 2.59 3.25 4.41 6.44 4.8 6.5 3.26 4.6 4.51 4.22 4.95 6.79 3.15 7.9 13.69 9.08 4.88 3.12 10.39 7.42 8.1 3.41 5.83 4.01 3.47 5.15 4.12 4.16 6.15
8.92 6.48 2.9 5.18 8.5 11.28 11.16 12.8 10.47 12.55 9.65 8.13 7.84 13.54 15.41 9.68 7.4 4.94 9.26 9.55 10.32 10.48 33.43 18.24 5.47 6.83 4.17 4.1 7.88 3.22 4.85 5.6 4.89 5.01 4.74 3.85 7.38 5.89 6.35 6.64 6.5 4.03 6.89 7.51 3.78 4.91 3.86 7.16 5.01 9.0 8.41 5.15 11.37 7.5 12.27 9.64 6.39 6.35 4.11 7.81 6.63 5.71 5.15 8.31
7.29 7.03 5.47 3.78 6.31 5.32 6.62 20.33 24.49 21.68 11.73 8.6 9.85 24.92 14.98 11.48 13.51 9.74 6.06 6.45 5.75 8.02 11.96 8.1 11.42 10.13 5.27 2.8 3.95 2.29 3.42 6.17 5.04 3.06 3.88 4.75 7.79 5.65 8.3 10.3 9.41 6.22 4.74 8.83 3.79 4.29 5.59 6.59 5.74 9.58 5.22 5.78 9.22 21.87 10.98 15.14 9.52 6.34 4.18 3.89 6.81 9.88 5.96 8.2
3.78 3.79 3.49 3.85 5.39 4.4 4.61 19.89 20.83 13.4 12.02 25.35 22.71 27.51 18.06 12.74 10.79 4.59 5.09 6.11 8.88 10.47 4.7 7.96 6.62 8.24 4.81 4.67 5.39 3.17 4.56 5.51 3.48 2.98 3.35 6.2 6.45 8.09 5.69 7.38 17.23 6.31 3.79 5.79 5.75 9.72 7.82 5.76 4.45 6.43 9.58 6.52 25.25 9.07 8.53 9.05 7.52 5.92 3.63 3.06 4.59 8.3 5.66 7.04
5.28 5.22 5.93 4.63 7.31 10.15 8.28 29.17 51.58 18.43 27.77 19.89 31.2 37.21 30.43 21.2 10.86 6.75 3.53 5.17 6.56 6.54 2.72 4.31 11.79 4.7 5.86 3.56 4.81 6.98 4.96 4.99 4.0 3.42 2.57 3.27 2.35 6.81 4.28 9.79 13.29 8.7 4.45 13.16 10.97 7.47 9.35 9.2 7.02 6.74 8.38 23.37 27.63 17.95 8.52 8.38 7.51 4.84 2.89 4.0 5.52 6.67 7.19 5.01
4.76 6.21 4.65 6.25 9.18 7.06 8.97 20.19 25.06 14.73 10.24 18.3 26.2 26.87 22.26 15.99 9.11 5.16 5.42 4.49 5.26 2.48 1.68 3.25 4.99 6.13 3.24 2.86 5.43 13.45 6.13 3.36 4.07 3.19 4.68 4.2 2.17 4.47 6.13 5.07 13.39 11.94 6.86 16.21 20.75 16.46 11.16 7.44 11.17 10.23 12.45 15.25 35.91 20.47 10.28 5.59 4.71 2.84 3.17 5.53 5.74 8.19 6.78 5.34
6.71 6.84 7.04 7.56 8.43 7.33 19.7 12.08 16.45 12.02 10.35 14.41 35.91 20.36 13.49 15.16 10.5 15.18 5.6 5.03 4.62 2.13 1.88 4.78 5.75 6.64 4.0 3.53 9.63 16.64 3.84 5.26 5.27 5.79 3.6 4.24 3.17 5.68 4.61 7.15 18.01 15.79 15.48 13.34 10.55 9.09 11.29 13.08 19.18 20.75 18.14 16.61 15.23 12.86 12.8 3.29 3.42 3.34 4.63 3.32 3.71 7.08 10.74 7.08
5.95 5.67 8.92 5.55 5.48 16.39 17.24 15.57 15.84 9.67 5.43 10.91 19.83 8.81 18.25 13.89 10.12 7.99 4.7 4.51 4.92 2.47 3.9 7.16 5.07 10.38 7.24 3.26 3.81 8.63 6.29 7.11 5.26 4.87 4.9 4.34 3.8 2.52 4.32 9.3 14.96 15.58 31.42 14.31 14.23 10.05 6.97 25.36 29.75 28.12 22.85 15.53 8.83 13.76 6.96 1.84 2.41 2.19 3.48 4.49 6.7 7.81 6.44 7.69
8.32 4.99 8.37 3.89 5.15 6.81 8.95 17.93 25.9 11.54 7.41 8.12 8.23 4.12 7.36 9.95 10.75 8.81 5.98 5.52 4.61 5.09 4.24 4.24 3.5 8.2 7.1 3.17 5.07 9.39 10.22 8.28 7.3 7.98 5.54 4.63 4.65 2.82 4.08 6.01 8.81 25.98 10.42 8.37 10.23 14.41 14.8 19.12 19.16 15.53 19.44 7.51 4.05 8.24 4.16 2.79 2.18 2.08 2.28 3.04 2.84 5.6 4.95 4.46
6.62 6.79 7.25 7.2 5.48 5.76 7.72 7.31 8.87 6.53 9.08 7.56 9.02 5.7 4.34 9.61 6.04 5.64 6.02 7.26 5.83 2.99 2.71 2.96 5.29 2.37 1.85 4.01 4.52 6.08 10.35 7.51 7.63 6.83 6.79 4.25 3.08 3.43 6.49 6.43 3.94 8.11 10.69 5.93 5.62 9.61 15.29 22.59 15.9 20.16 16.07 8.72 6.23 4.88 4.78 2.68 1.68 2.51 3.75 1.78 2.89 2.21 1.89 3.71
10.91 6.55 9.88 10.96 5.19 11.38 12.72 11.03 4.42 6.85 11.6 8.46 8.12 4.7 3.25 4.62 5.81 5.83 7.36 14.32 3.77 4.35 1.59 2.7 3.81 1.62 3.61 4.39 4.18 6.0 9.97 6.49 10.02 13.66 7.07 7.38 5.53 4.33 7.61 10.69 5.11 5.52 5.67 7.03 9.84 14.68 23.74 24.28 31.06 23.4 15.64 16.93 7.9 5.07 5.64 2.33 3.4 3.27 2.42 3.17 3.41 1.9 1.53 4.34
7.98 9.56 5.65 9.84 6.92 6.93 11.91 8.78 5.39 8.58 12.61 11.45 8.68 5.59 2.25 4.9 7.08 5.53 10.2 9.89 5.8 3.47 3.81 3.33 2.78 2.53 5.37 10.15 5.25 3.51 4.51 5.19 10.38 15.52 8.35 7.41 6.72 8.58 13.83 5.81 4.38 6.29 6.44 6.91 5.89 13.76 21.0 20.86 17.4 22.72 27.64 14.52 5.78 5.6 7.5 2.81 1.77 2.34 2.3 1.34 2.35 1.46 2.83 3.28
7.11 5.92 4.63 11.73 4.18 5.73 7.55 9.07 4.62 13.4 11.95 18.93 21.58 6.08 3.05 5.67 7.43 2.86 9.17 20.65 12.6 5.52 4.28 3.39 3.32 2.34 5.54 10.06 6.92 3.56 3.87 3.49 9.84 9.43 9.73 5.79 11.06 15.92 7.66 4.06 4.28 5.7 6.58 5.75 5.66 10.55 8.48 8.54 22.17 25.16 19.04 14.66 8.79 9.17 7.52 3.13 2.03 3.56 2.21 2.34 1.64 1.67 1.07 1.89
7.87 6.29 5.72 3.24 2.92 6.42 12.8 4.28 7.47 22.36 14.04 11.42 8.77 5.18 5.2 5.92 8.26 5.75 5.34 6.8 6.25 5.06 5.42 3.91 5.02 5.79 10.36 8.93 4.2 2.37 2.99 4.25 6.07 16.56 9.02 10.36 10.99 4.34 5.34 5.11 6.62 6.19 8.21 5.58 6.05 7.23 9.75 7.51 17.53 14.98 17.97 11.05 5.89 9.51 9.0 4.64 3.07 2.38 2.25 1.86 2.72 2.18 4.43 2.67
6.54 8.72 6.54 3.23 3.36 6.53 4.47 7.94 9.97 11.96 25.26 16.68 14.18 5.56 5.44 3.4 5.26 3.89 8.16 7.13 5.51 4.01 3.95 4.62 4.64 6.15 11.27 9.66 7.45 4.94 4.33 2.0 3.48 11.06 10.73 6.99 9.23 5.15 3.78 3.86 4.81 6.24 8.85 5.75 4.45 6.28 8.32 9.81 8.26 19.41 10.19 4.89 5.22 7.07 4.69 3.58 4.67 2.78 2.62 3.04 1.59 2.96 1.83 2.91
9.9 9.96 6.27 3.48 5.45 7.26 10.51 22.61 10.21 4.87 12.16 14.13 9.29 8.77 5.42 6.79 6.9 7.57 4.92 5.2 5.32 4.04 2.72 5.25 8.29 7.3 7.27 8.59 5.73 7.43 9.12 3.99 6.18 13.02 13.13 3.73 6.79 5.27 3.65 3.6 7.89 4.89 5.22 6.7 5.91 5.96 9.89 6.49 14.04 15.86 11.63 6.69 6.5 13.31 8.17 9.74 5.69 5.55 5.31 2.25 2.27 2.28 3.38 4.0
8.65 13.25 10.67 3.36 5.24 8.06 22.98 18.2 10.58 7.57 12.73 14.71 8.97 11.0 7.01 3.95 8.7 7.88 7.22 4.04 5.76 5.05 4.75 12.06 4.04 8.01 10.75 12.14 4.76 6.84 9.4 15.26 14.87 12.72 12.22 4.44 6.72 9.69 4.76 4.54 5.09 5.25 5.86 6.26 6.16 12.05 7.04 9.64 10.06 12.8 6.88 7.05 7.6 3.91 6.6 6.74 8.4 5.07 3.23 6.67 2.97 2.64 2.48 3.65
10.66 9.33 7.14 5.42 7.17 13.45 14.34 12.57 9.01 8.04 15.66 11.0 6.98 13.12 7.6 3.72 4.18 9.95 4.99 7.96 8.14 6.32 9.23 13.03 8.3 12.74 13.54 6.2 8.9 8.05 8.24 12.96 13.97 17.72 7.99 3.72 3.45 7.96 6.16 3.12 4.29 5.05 7.91 5.72 10.53 13.52 15.85 16.46 11.16 6.98 4.89 9.01 4.98 4.87 4.4 6.78 5.94 4.31 6.9 4.69 3.0 2.59 2.7 4.52
6.81 10.28 8.75 11.06 17.3 12.09 18.6 8.36 9.04 15.54 15.11 27.6 7.28 8.21 8.51 4.8 5.63 4.19 3.05 7.52 15.86 14.79 18.65 17.07 5.03 7.02 6.02 5.81 6.4 4.66 7.73 12.58 13.7 10.08 8.5 4.76 3.14 3.09 4.37 4.93 6.45 6.49 4.36 3.75 8.12 9.96 11.76 12.69 11.24 8.71 10.63 6.26 5.16 4.18 2.51 4.74 6.47 10.83 7.27 4.82 6.47 3.36 2.29 3.13
4.68 5.56 7.78 12.13 11.34 11.62 9.28 8.19 19.48 23.79 17.56 16.96 5.58 5.75 4.95 6.85 4.01 7.1 5.53 7.13 14.73 8.85 25.41 18.72 6.92 5.15 4.53 5.02 6.67 5.19 8.76 9.31 7.03 9.2 8.63 7.28 4.06 3.88 3.16 5.59 10.33 9.08 4.53 3.84 15.13 7.79 9.88 12.87 7.0 7.55 8.53 8.1 11.83 5.65 3.28 6.22 13.06 11.53 5.64 5.97 9.3 4.27 3.81 6.54
6.14 7.19 10.79 10.4 14.83 13.24 11.34 11.06 22.59 22.71 14.75 25.14 12.32 7.46 5.51 3.66 5.77 6.12 6.72 6.59 20.18 23.85 16.8 11.7 10.07 7.99 3.39 3.77 4.72 9.79 11.28 9.12 4.59 6.63 7.47 4.41 2.82 3.17 5.16 5.74 7.28 7.18 4.35 3.81 4.62 4.55 8.61 8.35 4.02 6.44 7.0 7.45 5.52 5.53 5.27 4.77 10.73 8.44 17.26 6.69 6.11 6.62 4.6 11.33
6.54 12.37 7.72 14.63 8.87 11.0 16.31 18.93 15.9 8.68 14.12 13.09 12.49 5.8 4.03 3.19 4.41 5.14 6.24 4.59 16.75 13.16 7.73 11.41 7.27 6.14 4.55 5.58 3.79 4.75 8.88 7.87 7.84 8.1 6.97 11.62 4.44 5.27 4.99 5.33 8.81 9.88 10.48 10.02 4.18 3.1 6.94 7.2 3.68 5.52 6.78 6.02 8.8 6.2 6.76 6.61 12.89 28.24 19.06 26.56 11.6 5.43 8.98 19.97
10.42 8.89 6.8 6.57 3.82 5.23 11.63 11.87 7.04 7.31 12.03 11.83 5.24 4.69 4.93 6.82 5.37 5.82 7.04 6.39 9.38 7.07 6.49 13.74 19.27 10.11 6.47 5.86 4.79 7.65 8.38 14.06 15.64 6.09 9.37 9.23 5.76 5.99 5.69 8.6 11.9 17.32 18.13 13.86 5.25 2.62 7.02 5.93 6.23 6.02 4.09 6.83 6.37 7.01 4.06 6.12 12.11 17.48 11.7 21.42 11.26 8.12 11.81 19.28
9.03 8.14 5.68 8.08 7.75 8.94 11.59 8.54 11.65 10.44 8.64 7.6 4.79 3.68 3.42 5.73 5.95 4.21 5.09 5.17 7.86 15.12 5.94 7.1 7.38 9.59 6.43 4.46 4.48 6.66 12.97 12.64 8.28 8.33 6.81 8.42 3.83 6.54 5.31 4.26 3.27 8.13 18.76 13.82 7.94 5.02 5.79 5.02 10.56 7.06 9.11 7.51 3.26 4.86 9.04 7.26 6.87 10.47 12.7 31.05 9.7 8.35 13.59 17.15
4.82 5.04 6.87 8.29 6.88 6.46 7.77 7.94 8.01 5.29 5.01 2.88 2.4 2.42 3.84 7.5 3.58 4.9 4.53 3.93 5.45 10.91 23.57 8.8 14.64 3.57 3.64 3.31 2.93 6.06 10.35 17.96 12.96 5.25 5.45 8.87 7.84 5.16 6.23 8.97 6.79 12.53 15.2 17.26 16.96 9.02 5.14 12.21 11.21 6.72 7.38 10.25 3.08 6.34 7.82 10.02 7.86 4.46 12.0 27.48 14.92 10.07 11.32 21.17
4.61 7.53 8.03 14.04 10.66 13.99 9.67 8.22 4.87 7.26 6.76 5.96 3.95 3.98 4.86 6.87 5.2 6.03 10.89 10.57 7.77 25.8 23.99 24.98 11.89 6.96 7.11 7.96 9.78 6.15 8.12 8.37 7.13 4.85 8.01 5.85 5.73 3.89 4.63 5.69 4.75 5.72 14.28 22.07 16.0 9.72 9.44 9.62 13.77 8.11 6.65 4.07 5.54 6.21 3.47 9.42 13.5 5.06 5.39 14.96 10.49 7.45 4.45 11.26
5.41 4.73 7.08 7.35 15.4 9.66 7.57 9.95 3.56 2.65 4.12 8.49 6.27 3.86 5.53 9.18 4.39 3.83 9.27 4.21 6.72 10.97 27.46 8.43 8.07 4.66 5.72 11.77 8.74 6.72 8.07 4.48 5.23 7.64 7.89 2.59 3.27 4.4 3.76 5.89 3.83 5.33 10.3 21.35 14.29 10.68 10.23 11.44 16.42 17.05 8.98 11.67 6.42 4.78 4.25 10.1 12.26 4.7 5.71 9.33 13.16 6.32 4.61 9.66
6.01 11.83 6.15 5.4 6.08 7.87 4.67 6.82 2.3 2.45 5.32 7.92 7.2 4.79 7.98 12.45 10.88 8.25 12.94 9.45 8.5 11.32 14.54 15.18 13.89 9.44 13.99 9.94 16.56 8.8 4.73 5.17 13.97 16.61 6.91 2.54 6.73 6.78 6.05 6.59 9.27 14.53 12.62 17.75 11.65 17.39 11.54 16.42 11.36 13.35 13.59 9.19 6.2 4.41 3.91 7.34 7.61 6.26 7.07 6.74 9.93 12.13 5.13 8.25
8.88 13.8 12.62 6.53 5.15 4.27 6.02 7.01 3.29 3.39 9.64 6.85 4.22 5.62 9.58 11.93 7.59 6.07 11.59 21.83 7.21 7.74 14.56 10.05 9.92 8.15 15.84 6.95 10.6 6.33 3.62 8.62 7.9 9.42 6.18 4.42 2.91 5.77 5.14 5.61 9.35 14.52 13.27 12.85 7.85 14.18 15.5 9.98 18.26 16.45 10.47 7.93 7.02 3.54 5.12 6.65 4.69 3.98 8.3 11.82 21.27 10.75 8.05 8.41
10.59 8.04 7.08 7.97 6.08 4.63 5.95 7.47 10.25 9.8 8.02 8.34 7.79 12.54 10.93 8.6 6.69 5.88 8.76 8.52 5.55 7.05 17.14 16.73 7.43 10.32 4.43 7.37 16.52 9.14 7.12 8.42 7.84 8.01 10.7 8.91 10.17 7.22 5.65 9.36 7.91 17.3 8.29 5.16 4.62 16.06 13.27 9.9 20.79 20.06 14.17 7.63 5.72 2.38 3.69 2.92 2.5 5.22 7.49 7.86 14.53 9.57 6.45 12.32
10.97 9.62 12.06 8.04 10.61 8.24 6.34 7.91 14.16 14.47 14.19 11.28 10.16 8.92 13.32 7.8 8.12 9.65 8.86 13.2 5.23 8.42 23.44 17.18 14.14 9.25 9.32 7.51 10.46 13.38 6.09 7.07 5.53 9.41 9.91 9.7 9.36 7.96 7.85 5.26 6.86 10.32 6.35 5.01 6.23 4.98 5.08 6.32 12.09 12.01 11.34 4.24 2.58 2.7 3.61 2.05 2.74 6.32 10.39 6.88 8.58 9.09 11.87 13.56
8.81 14.34 16.66 19.05 8.88 9.06 15.89 11.85 22.12 17.94 11.52 10.75 9.23 11.39 9.07 5.46 7.39 5.53 5.14 6.34 3.71 7.46 15.41 13.56 8.15 17.18 8.7 5.59 7.34 7.97 8.79 9.44 6.64 6.84 8.22 10.34 10.18 6.52 11.45 7.32 7.45 3.49 3.42 8.6 6.25 3.23 4.85 9.31 8.38 6.6 5.6 2.76 5.24 2.92 5.95 6.97 3.9 4.92 6.04 5.68 8.64 8.07 18.28 10.37
13.38 9.0 14.65 9.63 8.35 12.78 12.35 7.19 10.79 12.75 10.17 7.84 16.69 14.9 4.79 4.95 6.04 7.37 3.08 4.66 4.72 6.53 6.1 6.55 8.25 10.53 11.31 6.85 4.95 5.97 10.05 13.69 8.57 10.84 15.3 14.66 11.55 7.14 9.54 7.24 7.43 3.71 11.04 8.86 9.87 4.9 10.98 7.42 7.33 4.6 4.64 5.74 5.98 6.29 5.83 6.68 7.62 3.94 2.96 5.11 5.26 5.34 7.98 7.18
13.73 6.92 22.01 11.97 12.76 14.19 26.79 10.74 8.38 7.67 5.71 8.77 7.6 8.84 6.71 5.55 7.35 4.99 3.27 5.79 4.28 5.46 4.13 5.69 6.38 12.05 9.99 5.53 2.67 4.94 4.49 6.32 16.14 13.72 7.44 8.57 12.9 6.92 6.17 3.64 5.31 5.55 5.37 9.77 9.67 11.49 9.89 8.49 6.47 4.1 5.02 5.16 5.98 10.29 5.46 8.95 9.08 2.74 3.0 4.43 7.27 4.53 12.15 6.15
8.31 6.06 9.5 18.47 16.19 19.61 14.97 7.53 6.64 7.79 9.39 3.97 5.8 4.5 4.63 4.44 3.86 3.24 3.95 6.25 5.69 4.67 4.45 5.12 4.96 4.22 7.29 4.08 4.06 2.98 2.54 4.51 18.64 13.35 9.77 9.38 11.9 4.76 4.86 4.46 5.68 4.81 6.22 14.33 12.2 12.25 8.52 11.98 5.63 6.52 6.15 7.45 6.44 5.18 6.33 4.39 5.82 7.01 3.24 8.74 3.61 7.87 6.29 5.34
11.65 6.87 8.3 15.01 11.88 16.67 13.49 7.31 10.2 12.0 7.77 3.1 3.29 5.04 5.06 6.02 4.87 7.45 4.57 3.96 4.47 7.0 4.76 6.09 4.94 2.63 3.78 4.59 3.28 3.95 3.4 5.62 13.18 10.71 5.41 4.53 7.14 3.81 3.34 2.89 2.91 5.63 5.48 7.2 7.6 6.77 4.24 5.75 7.11 3.57 2.41 4.07 4.1 6.6 4.68 2.3 3.54 3.69 4.6 3.83 4.5 3.26 4.46 8.52
8.48 8.88 11.03 25.37 11.89 9.91 8.75 8.85 12.72 14.35 11.15 4.21 4.37 2.91 3.27 2.0 5.2 7.06 4.97 2.78 6.96 7.55 5.67 9.58 4.73 2.44 2.84 4.52 3.16 4.38 8.16 4.18 8.49 8.8 5.07 5.04 4.48 4.91 1.97 3.14 3.14 6.26 6.52 4.66 7.18 7.02 5.55 7.07 7.51 7.44 5.58 3.32 4.95 7.84 3.81 2.65 3.99 9.89 5.0 4.68 3.97 4.93 11.52 10.97
14.79 13.54 7.43 25.5 18.15 9.81 8.46 9.54 8.59 12.68 8.19 10.29 4.78 3.27 2.56 4.33 5.56 9.37 4.91 2.55 5.73 7.84 10.56 5.5 3.57 1.89 5.2 4.19 2.86 6.33 8.33 6.3 3.89 7.43 6.13 5.3 8.45 5.67 4.29 4.08 3.63 3.86 5.3 6.19 9.33 7.33 4.54 4.71 3.98 6.72 5.41 6.76 6.41 5.44 3.02 3.22 4.56 6.68 3.7 2.47 3.96 5.16 6.5 12.58
19.97 23.52 15.67 30.88 9.08 4.78 6.09 3.57 4.52 6.31 7.63 4.87 6.17 4.14 4.62 3.4 7.42 8.56 5.17 4.01 9.53 7.29 5.1 4.49 2.89 3.57 4.32 2.71 2.89 5.47 6.84 5.05 4.07 5.75 3.84 5.16 7.19 9.74 7.22 6.9 3.62 2.27 5.68 9.12 8.1 4.38 3.99 5.45 2.75 2.99 7.6 7.7 6.63 5.38 6.37 3.96 3.05 4.2 3.27 4.12 3.81 5.89 6.05 9.91
13.28 14.24 16.08 21.97 8.5 4.28 3.62 4.03 3.16 6.23 6.84 4.88 5.64 3.49 2.68 3.49 8.47 7.32 5.63 8.12 13.13 2.9 3.66 3.07 4.48 5.83 4.04 4.16 3.59 6.73 4.07 2.84 2.71 6.46 7.19 5.28 7.65 12.66 10.71 6.79 5.27 7.57 6.58 8.25 8.18 6.86 6.62 4.63 3.05 4.36 4.06 6.02 4.76 7.45 5.56 4.51 3.24 3.99 3.9 1.64 3.33 5.75 7.17 14.57
10.71 15.95 15.13 10.77 7.54 5.79 5.25 5.05 2.17 2.78 5.2 4.69 7.39 5.11 6.85 3.77 7.64 5.13 11.34 9.15 3.98 4.68 5.5 11.08 6.26 4.73 3.55 4.8 5.57 7.63 6.31 3.43 3.74 3.72 9.28 7.32 12.88 10.98 8.77 7.86 8.56 8.25 7.73 10.79 11.7 6.4 6.29 8.3 5.38 3.09 2.75 4.12 3.79 3.05 5.73 3.75 1.92 3.94 2.61 2.46 2.2 4.42 4.86 11.45
12.02 19.05 9.83 9.32 5.45 4.99 4.38 5.26 3.04 1.99 3.95 4.7 3.9 5.95 4.57 4.15 5.37 14.68 16.06 9.34 5.17 3.13 4.65 5.21 6.74 4.42 2.95 6.21 9.35 4.68 3.41 5.55 5.1 6.0 8.6 20.25 19.2 14.0 5.01 3.93 10.99 9.72 7.2 12.38 12.66 6.53 6.01 7.95 4.93 4.79 3.61 4.86 1.55 2.52 5.33 3.93 4.72 6.04 2.86 2.28 1.83 3.38 3.75 4.73
23.24 24.02 17.16 10.93 17.11 8.88 6.29 6.69 4.26 5.73 4.64 2.96 2.92 8.11 6.61 5.15 7.64 14.14 7.46 9.76 5.42 5.84 5.6 3.37 6.37 6.21 3.12 4.87 8.81 6.65 4.51 6.92 6.92 8.28 10.01 7.28 26.48 21.41 5.89 7.62 15.19 16.41 11.52 14.02 11.88 6.77 8.71 6.96 8.79 11.67 7.87 4.35 3.06 4.5 5.32 5.24 3.62 3.85 3.56 1.89 1.8 3.54 5.22 4.66
18.23 25.16 19.07 10.99 14.75 8.59 6.86 7.8 6.0 7.92 4.01 2.92 1.45 3.78 3.72 4.09 6.66 6.65 8.46 9.4 4.72 3.71 2.31 3.62 5.92 4.84 5.37 5.08 7.77 4.74 5.87 6.17 3.84 9.29 5.88 11.39 11.74 12.06 5.93 9.53 17.99 15.65 15.39 12.65 13.07 9.56 5.38 7.72 10.38 9.79 5.37 3.31 3.81 4.5 3.69 4.06 3.37 2.93 2.92 1.53 1.77 2.66 4.85 2.76
18.68 18.3 15.02 11.8 20.04 20.1 5.12 6.71 4.23 9.18 5.89 4.6 2.6 6.35 5.05 5.43 7.05 7.35 4.96 4.72 6.43 6.28 6.64 4.19 5.58 6.06 5.49 4.93 7.83 8.27 4.11 2.42 7.72 6.55 10.63 4.49 6.52 10.27 10.33 8.31 9.0 14.92 10.24 8.38 11.91 7.99 6.99 6.21 5.49 5.21 6.9 5.67 6.15 4.58 3.55 3.45 3.93 1.61 2.58 2.78 1.13 4.48 9.15 4.96
6.53 12.74 15.7 14.56 14.85 11.82 5.98 3.79 1.91 6.97 12.48 7.99 5.37 7.48 5.14 5.14 6.1 6.64 5.38 5.52 4.82 10.35 7.38 4.46 7.03 5.76 6.0 5.32 11.25 9.43 3.21 5.72 5.43 8.88 6.47 6.41 5.74 7.77 9.43 6.91 10.44 9.95 11.22 7.86 8.98 11.46 8.72 5.51 5.34 4.15 8.68 4.94 4.34 4.35 3.84 3.4 3.14 2.28 6.73 3.3 2.41 5.41 5.62 3.05
4.26 9.36 16.96 16.92 22.33 20.8 8.16 3.26 3.81 5.41 7.03 10.81 12.32 8.03 7.22 5.11 5.5 4.02 11.31 4.76 6.3 6.85 7.58 9.59 8.9 6.01 8.55 10.39 7.65 6.05 7.48 7.17 11.04 6.3 4.62 7.29 4.04 5.34 3.7 4.49 8.28 13.47 13.92 4.82 7.43 11.45 5.38 3.83 3.68 3.92 5.0 6.3 3.66 3.19 2.85 1.66 2.21 2.87 5.45 4.94 6.52 9.55 12.43 3.46
4.07 12.81 12.89 8.86 22.47 13.48 6.07 3.42 5.77 9.62 13.42 19.44 10.53 7.84 9.37 3.32 2.33 6.6 9.79 6.7 9.42 7.36 4.9 10.63 4.3 5.43 9.85 6.18 5.32 4.73 9.42 7.82 4.92 5.29 7.46 7.5 4.51 6.0 5.55 6.58 10.29 10.8 8.76 6.42 7.64 5.46 8.37 8.33 6.32 6.74 8.18 6.85 5.26 3.79 5.24 3.95 4.27 7.45 8.65 14.82 3.36 6.75 12.3 14.44
5.22 6.47 13.09 9.06 12.68 7.75 7.59 4.44 9.7 9.04 14.14 16.57 10.89 11.2 11.18 4.19 2.68 5.85 6.79 7.99 8.81 6.38 5.92 6.39 7.47 6.22 6.25 5.33 4.09 4.93 9.9 13.49 5.25 5.68 9.65 9.74 6.13 3.81 4.77 13.19 20.05 8.68 9.91 8.25 4.88 7.34 5.93 4.36 7.27 11.2 8.62 3.71 9.75 7.39 5.63 5.64 8.82 13.42 13.77 8.51 4.73 3.96 6.45 9.53
3.99 3.13 4.01 7.53 4.27 2.69 6.16 6.71 20.7 13.75 9.13 12.69 9.64 8.98 15.98 6.88 4.89 3.11 4.58 8.8 9.55 10.3 5.13 9.17 4.92 5.03 6.5 7.16 7.1 3.58 9.32 8.14 6.0 4.1 3.6 10.77 10.17 4.74 6.8 22.15 8.14 7.98 8.39 9.18 7.24 7.15 5.75 6.61 8.01 10.09 4.47 3.38 7.25 6.24 5.09 7.06 7.56 16.67 8.75 8.73 7.25 8.34 11.37 8.76
7.05 5.21 9.63 8.25 8.26 4.74 4.52 8.64 21.34 19.32 11.78 10.23 13.4 12.87 7.86 8.72 10.45 9.3 7.34 11.53 11.45 6.1 6.14 6.32 6.05 8.59 6.54 5.91 5.42 6.46 6.13 5.46 6.47 4.47 5.38 9.61 6.34 5.27 6.81 8.29 8.2 11.18 19.52 8.89 8.12 6.67 8.62 10.04 8.32 9.5 4.52 5.36 7.18 4.72 6.28 11.37 14.38 10.87 11.4 5.29 7.78 6.57 8.92 12.07
8.49 6.73 5.46 8.86 10.22 5.9 9.12 6.3 6.82 10.55 12.94 12.8 12.88 9.54 7.02 8.41 13.03 8.1 11.44 15.36 7.78 8.07 8.7 6.29 6.14 6.49 4.52 4.48 5.67 5.23 8.25 7.53 8.09 8.24 8.32 6.37 4.86 6.78 6.54 8.8 9.54 15.91 15.33 12.0 8.3 14.16 14.2 8.89 8.8 8.48 5.0 6.66 5.79 4.89 8.82 15.49 14.71 18.97 10.98 7.31 12.68 13.49 13.1 12.72
6.78 5.29 7.72 6.72 11.58 9.78 10.54 6.19 7.71 17.44 23.09 16.34 8.05 5.74 5.08 10.22 10.81 10.48 17.43 9.12 9.31 8.58 10.12 5.32 12.34 4.65 3.55 7.19 6.1 3.55 2.59 6.13 10.57 9.65 9.54 6.28 3.74 3.05 6.08 5.72 9.18 7.86 14.94 25.15 16.63 15.09 10.03 10.52 7.61 8.47 6.09 9.89 8.02 7.07 17.39 10.16 10.9 14.37 10.31 9.25 13.73 14.44 20.52 19.28
6.82 8.75 6.56 11.19 16.88 16.2 6.88 3.11 6.58 9.32 16.11 11.63 9.54 4.86 4.12 3.79 9.79 8.16 12.57 7.55 8.63 11.69 8.41 8.25 5.7 5.46 3.98 4.54 6.69 5.43 6.67 3.31 5.04 6.73 8.61 5.98 4.07 8.18 6.04 12.5 11.48 8.86 7.24 30.46 15.45 14.67 16.74 10.39 8.54 12.0 11.15 11.59 13.58 13.68 15.18 7.25 9.22 8.84 12.84 18.46 24.11 15.91 12.84 17.22
3.72 3.53 5.35 8.52 7.36 8.86 4.32 4.76 4.01 6.45 9.14 9.02 11.76 6.53 5.43 3.74 5.61 15.49 11.12 8.73 6.17 9.61 17.13 7.79 7.43 9.16 8.23 7.74 4.31 6.32 7.61 3.82 6.09 11.87 13.27 6.74 9.05 9.73 6.39 11.9 12.11 8.62 16.33 20.32 9.54 7.91 12.95 5.97 6.86 14.78 15.84 9.86 8.84 9.76 7.94 3.78 6.24 7.35 9.58 18.39 12.42 15.42 18.8 9.13
4.31 4.49 5.18 4.26 3.5 4.5 8.76 5.97 6.09 5.53 12.1 23.1 15.65 11.32 8.1 6.87 8.8 13.9 11.18 12.97 7.87 8.66 10.76 15.42 9.55 7.32 6.53 10.22 5.54 8.33 5.42 6.2 3.56 8.66 11.09 11.95 11.46 3.94 6.43 15.87 5.61 8.12 10.73 17.59 10.09 4.89 6.95 7.29 7.58 11.91 24.48 14.22 18.2 7.37 2.01 3.2 5.0 5.03 7.9 11.71 7.78 5.08 6.84 9.44
6.27 8.1 5.18 4.35 2.78 6.94 9.8 8.22 5.64 4.28 16.34 15.26 11.32 9.43 4.58 9.24 9.38 12.93 9.04 6.05 14.41 11.83 9.41 7.59 9.05 7.05 5.11 4.09 4.24 7.45 8.0 6.92 9.48 10.04 11.44 18.58 10.67 8.68 8.89 8.74 10.14 6.99 13.03 6.47 9.63 5.06 4.15 7.87 7.18 14.26 12.51 17.03 10.77 5.92 2.1 3.5 5.43 7.14 11.81 11.65 8.11 6.67 3.75 4.45
8.01 6.98 10.65 5.43 5.46 9.17 9.56 11.83 6.68 12.0 8.57 10.64 8.58 6.39 8.58 13.96 11.87 15.21 7.88 10.63 9.75 7.99 8.18 13.1 10.93 4.29 3.89 4.06 2.22 6.3 6.04 6.52 11.48 6.31 11.23 10.28 13.37 9.15 15.32 12.07 7.71 14.57 16.49 7.25 6.71 3.25 4.46 3.91 8.2 11.9 19.54 12.23 5.73 8.73 3.4 2.61 3.75 10.98 22.69 14.91 12.06 8.07 4.62 8.29
9.02 7.6 5.98 7.55 12.08 10.09 8.81 8.16 9.54 8.01 8.61 12.79 8.29 6.3 6.68 8.1 8.23 11.8 6.41 5.46 6.21 4.83 2.95 9.82 4.91 1.66 2.98 3.61 4.26 6.08 6.91 6.67 5.43 4.32 5.75 8.64 16.39 14.41 13.5 5.27 9.92 8.04 7.54 8.24 8.82 7.11 4.62 7.38 5.22 5.22 21.13 11.73 12.67 13.57 5.17 3.59 5.38 10.33 12.98 15.35 9.72 5.18 4.56 3.02
7.47 6.9 5.31 10.86 7.49 11.89 5.31 4.0 6.01 10.86 6.26 6.25 8.8 8.5 8.19 6.22 8.0 18.57 7.34 6.37 11.1 5.59 4.62 4.44 3.42 1.37 2.55 7.3 4.16 5.38 10.24 8.41 7.96 4.56 7.41 5.97 21.67 16.01 11.81 10.18 8.92 9.71 6.58 12.51 5.91 3.43 6.43 8.16 4.22 5.37 7.23 10.87 5.65 12.56 6.27 5.0 9.87 12.33 11.36 9.33 8.43 4.32 2.64 5.58
10.19 4.75 4.97 7.39 7.4 8.62 4.65 3.57 4.84 5.82 3.24 4.35 9.14 6.43 14.46 14.23 12.21 14.75 4.79 8.85 14.96 10.39 6.83 8.28 4.24 1.8 2.63 3.52 5.43 3.97 5.31 3.26 2.78 3.92 4.34 7.97 21.91 13.67 9.0 8.37 5.27 7.33 6.7 8.56 7.58 6.41 4.97 5.14 3.31 3.08 6.79 6.09 6.09 15.91 5.54 3.49 5.53 10.59 7.16 6.16 12.19 3.74 5.53 6.11
19.29 9.37 5.61 4.93 5.47 7.59 4.85 4.15 4.97 5.15 4.73 5.59 4.95 7.18 9.03 10.08 19.68 10.97 7.32 9.33 11.2 9.5 8.81 4.02 6.13 5.04 3.59 3.73 4.09 4.35 2.67 3.79 2.27 3.33 4.13 11.56 12.42 8.96 7.46 7.01 3.1 5.34 9.04 11.96 7.49 5.53 6.82 12.74 4.81 4.32 5.02 5.89 6.7 10.26 7.59 4.51 4.54 5.36 5.22 5.41 7.57 4.36 5.3 6.04
