9.35 13.46 11.24 3.35 4.86 12.63 18.45 9.97 14.02 12.6 11.66 12.41 8.25 5.78 7.97 13.75 12.0 13.6 6.98 2.99 2.7 2.4 2.95 3.83 3.6 7.13 10.64 7.68 8.8 6.1 7.54 7.99 10.02 16.76 19.6 16.17 14.63 11.8 13.11 7.93 6.76 11.04 9.36 6.66 5.23 6.62 9.26 10.88 5.1 2.78 2.85 4.62 12.76 5.22 5.74 5.95 6.99 4.33 4.34 3.81 6.13 15.61 20.47 12.82
11.08 21.33 12.03 3.72 6.31 10.91 13.22 10.01 7.74 10.56 11.4 11.79 23.87 11.56 8.95 13.79 11.74 7.12 6.44 2.98 3.1 3.82 4.46 4.55 5.47 5.5 4.92 4.02 10.08 11.5 8.71 11.15 12.26 13.1 10.9 12.85 14.55 18.32 16.41 10.31 10.81 15.08 10.28 3.42 8.49 6.45 9.5 8.18 4.51 4.58 1.52 5.13 7.4 4.62 5.28 4.94 5.83 4.0 4.77 5.13 4.19 7.3 9.61 11.54
15.0 12.23 11.51 8.87 10.35 7.01 14.82 13.16 16.86 9.39 10.75 23.0 17.13 10.49 11.11 10.83 7.92 4.91 4.16 3.75 3.68 2.87 4.4 5.31 4.95 5.01 4.19 6.11 3.73 9.67 10.95 13.44 9.31 17.08 14.76 8.44 16.44 12.53 16.72 15.62 6.35 6.23 9.68 4.36 3.84 3.97 5.31 5.97 4.06 4.22 3.54 4.24 3.83 5.36 6.76 4.11 9.3 8.0 8.75 4.47 5.05 9.22 11.31 6.32
15.34 6.86 4.33 4.52 7.31 11.9 9.06 8.9 10.81 11.66 12.64 12.06 15.59 12.39 9.96 8.06 11.2 7.2 10.35 6.14 6.29 4.52 4.3 5.94 6.26 3.38 6.74 12.85 4.51 4.5 6.61 5.51 7.75 10.39 14.94 13.32 9.97 14.87 17.64 13.65 5.76 5.41 10.4 6.66 3.3 6.17 5.96 3.26 2.89 2.71 3.35 6.38 3.8 3.79 5.37 8.7 5.87 6.51 8.74 6.9 7.94 10.0 5.73 5.83
8.81 8.43 8.93 5.77 8.93 13.46 8.24 8.79 12.39 9.79 11.85 8.78 10.88 13.82 4.35 6.44 8.71 17.13 22.34 10.43 9.39 3.68 5.08 4.96 5.41 11.86 12.5 11.02 4.69 5.36 4.12 3.93 2.6 4.52 7.82 11.39 11.89 13.93 14.66 18.15 9.26 9.16 11.9 6.92 4.51 3.37 4.62 3.63 4.22 1.92 1.79 1.48 3.49 3.13 4.27 4.45 5.71 10.68 5.85 4.04 10.76 7.48 2.24 3.38
8.13 5.76 11.76 15.19 15.77 11.7 12.73 9.62 11.94 8.07 14.52 12.52 8.13 6.37 3.01 6.67 12.86 7.91 10.5 14.21 15.12 3.79 4.94 10.07 9.96 5.56 7.94 12.25 4.7 2.25 3.77 4.23 4.36 4.17 7.59 6.73 9.77 17.2 13.65 17.54 12.98 11.98 7.12 9.71 6.36 3.48 5.06 2.84 1.47 1.6 1.33 1.93 3.27 2.12 1.82 2.92 3.64 10.91 2.59 7.59 8.04 5.16 6.6 5.45
7.01 5.75 13.39 16.87 41.77 19.3 9.63 13.97 10.83 10.16 12.81 21.3 8.86 7.45 5.14 8.43 12.11 7.29 9.96 13.23 8.84 3.33 3.89 9.15 9.82 4.69 7.1 4.73 3.57 2.51 2.36 2.98 6.32 4.4 9.55 17.85 11.33 17.49 19.79 23.64 19.28 10.54 10.09 10.99 10.27 6.38 5.08 2.43 1.15 1.61 2.38 2.65 2.62 3.25 2.09 2.49 5.05 5.75 6.94 6.54 6.65 7.68 4.79 9.56
11.73 17.1 31.88 20.99 21.64 13.48 13.03 11.99 16.41 15.06 12.53 16.89 12.01 6.78 5.27 7.72 18.88 7.23 6.95 6.85 11.63 6.29 5.04 8.95 14.34 15.91 8.8 7.6 5.39 2.16 3.07 5.79 9.34 5.5 8.98 11.26 12.37 17.69 19.03 15.53 9.23 10.48 4.51 13.04 6.99 6.53 3.57 4.07 4.22 3.91 4.57 3.07 2.58 5.02 4.68 2.91 5.59 6.89 8.81 3.91 3.13 8.5 11.08 17.67
9.65 14.88 11.71 15.09 14.87 13.5 6.87 8.55 20.59 12.08 17.1 13.21 14.58 12.6 3.92 4.96 7.62 8.87 7.75 4.91 12.92 12.18 4.04 9.21 14.8 8.26 8.73 6.31 6.02 6.03 5.93 5.73 4.94 4.02 9.44 7.76 8.23 5.66 6.47 9.71 12.34 4.87 2.67 6.71 14.15 11.4 4.6 5.25 9.57 9.61 6.91 2.88 3.5 3.54 3.93 5.21 6.62 7.21 5.76 7.19 5.49 8.56 8.17 23.03
5.83 7.68 7.71 9.57 5.37 7.31 5.46 4.43 7.38 8.24 13.37 17.56 16.38 12.59 6.98 8.96 12.1 5.86 5.16 6.03 8.38 11.65 11.37 6.24 7.43 9.42 10.45 6.09 4.77 6.44 9.42 5.42 4.95 2.32 8.81 11.78 7.57 5.12 5.29 10.0 7.84 10.11 6.9 4.74 8.95 9.96 7.73 9.75 7.62 8.21 5.29 4.17 2.87 5.68 4.02 4.65 4.52 7.56 9.39 4.13 7.5 10.37 24.63 44.53
5.31 11.13 6.44 4.63 5.27 4.86 5.14 5.29 12.35 16.91 13.15 15.42 25.78 12.08 12.5 11.59 10.42 5.69 4.48 7.67 10.78 7.77 7.6 4.65 8.36 10.31 5.65 5.53 4.58 8.63 8.53 6.52 4.45 3.04 8.78 10.25 5.71 5.44 6.45 8.07 8.17 8.72 6.16 8.02 8.91 10.47 8.87 11.74 14.91 6.19 4.03 16.69 6.79 5.73 9.01 5.51 8.86 9.17 12.68 6.77 6.35 11.65 38.41 26.89
5.19 8.66 6.15 5.55 6.64 4.88 5.49 14.48 12.32 14.85 19.24 32.0 27.69 19.38 16.89 16.77 13.28 8.85 3.94 3.7 6.04 8.46 4.86 3.41 6.75 5.37 4.82 5.99 6.83 11.77 7.81 6.26 7.74 6.18 7.76 8.99 7.54 4.39 4.58 4.51 7.27 11.67 9.59 6.18 6.51 9.19 12.37 5.7 8.73 4.76 8.94 14.35 12.36 12.39 8.13 7.59 16.31 25.78 18.86 11.1 7.49 12.45 12.06 23.85
8.4 4.72 3.16 4.76 4.67 8.06 9.5 10.06 10.23 11.49 14.67 17.2 21.04 16.37 14.48 14.42 21.17 8.84 3.32 6.66 4.98 6.23 7.34 5.06 5.27 7.79 6.07 4.58 3.94 7.88 11.99 9.31 4.94 6.16 5.43 5.95 3.98 3.48 5.74 5.22 6.42 6.96 7.88 7.25 8.02 8.52 10.66 8.53 11.1 11.52 9.74 14.15 16.28 22.9 13.14 17.25 14.16 9.43 12.72 8.66 11.58 9.86 15.53 11.35
5.69 7.01 3.17 5.07 5.4 6.12 7.56 5.43 10.25 16.44 9.82 5.41 10.48 10.99 8.64 16.61 9.54 12.94 5.16 6.28 9.97 9.3 19.92 12.94 7.66 8.22 7.49 6.34 9.64 5.99 3.91 8.08 10.36 6.4 4.85 3.73 4.12 3.89 3.27 2.81 3.73 6.67 9.77 6.87 11.78 23.2 14.16 9.11 19.65 13.23 8.63 9.11 27.11 23.63 8.98 10.51 11.01 12.94 6.77 7.56 5.36 4.61 11.46 6.22
3.87 4.48 6.67 4.77 6.38 6.4 5.58 6.78 14.08 9.49 6.77 7.59 11.46 13.68 6.8 9.26 13.5 22.93 8.18 11.16 8.98 6.7 13.71 14.34 7.91 6.71 4.59 11.12 7.14 5.28 5.34 5.55 10.55 6.36 3.27 6.53 6.24 4.98 2.96 4.44 7.18 12.25 5.1 7.09 18.07 11.21 12.02 8.41 11.34 15.46 13.69 9.0 13.61 13.81 16.19 14.4 13.88 16.03 30.26 14.63 8.41 3.62 5.78 4.37
3.3 4.5 6.63 10.5 6.8 8.53 6.21 9.92 17.54 12.05 5.68 3.95 7.8 12.05 11.96 13.91 10.48 14.37 7.28 10.63 10.46 7.12 13.73 20.42 9.42 4.93 2.99 3.09 7.07 6.74 6.29 4.43 6.74 7.63 5.69 5.1 6.37 6.27 5.01 4.91 4.24 4.87 4.87 8.57 17.83 10.77 9.87 5.44 6.99 12.23 17.29 15.82 4.26 9.19 14.92 16.33 17.31 10.63 26.09 48.37 12.34 3.84 4.35 6.19
5.07 2.87 5.29 12.25 16.09 13.41 15.1 6.47 19.76 12.71 6.78 2.94 4.64 8.66 7.77 10.19 3.87 7.86 7.5 6.62 6.33 10.81 13.34 9.31 3.93 3.92 5.68 4.51 5.08 9.21 8.0 7.63 2.58 3.78 4.7 5.95 6.33 2.17 3.69 4.59 2.44 2.74 6.02 9.55 6.53 12.29 14.27 6.59 5.79 14.27 17.04 12.98 8.74 6.67 9.59 16.6 30.54 17.08 28.75 22.92 14.07 5.92 4.96 2.49
3.58 4.72 7.36 16.45 10.39 14.01 7.39 17.59 21.39 10.72 8.64 4.94 7.55 11.93 12.32 4.63 4.78 4.67 5.47 6.86 5.19 14.9 14.43 8.24 4.64 2.63 4.76 6.14 6.45 6.84 10.35 5.11 2.22 2.82 5.14 6.96 6.37 3.63 6.92 5.13 7.75 5.14 3.52 6.36 9.84 8.35 4.72 8.74 5.3 9.45 7.92 11.64 6.15 8.75 9.41 25.52 26.1 18.21 16.85 11.38 21.2 4.91 5.04 5.58
5.66 6.58 5.79 9.52 11.52 7.7 8.44 7.99 9.12 12.08 13.67 4.51 4.58 9.2 19.42 7.17 3.58 5.08 5.72 8.87 18.5 27.07 23.76 7.0 4.73 6.48 4.59 5.28 4.35 3.81 4.92 6.4 2.24 5.24 7.26 4.02 4.57 5.5 5.83 9.33 15.78 13.33 5.82 7.72 8.49 13.88 8.18 5.74 7.5 8.86 8.37 4.4 3.41 3.32 4.75 11.87 25.88 12.84 6.33 14.82 27.84 9.51 8.55 3.94
6.08 5.11 6.07 10.47 9.63 10.71 11.71 14.77 18.0 18.39 26.41 8.15 5.23 6.34 8.63 6.75 6.81 4.7 5.2 11.48 8.66 6.59 10.63 8.29 11.61 9.65 8.49 4.08 3.45 6.83 5.25 5.67 5.56 13.8 6.36 4.05 4.64 4.1 7.13 5.37 11.28 16.29 7.41 5.2 11.38 8.16 12.41 8.71 7.73 10.35 4.12 5.67 3.18 2.64 7.38 10.72 7.76 13.38 8.54 21.5 13.47 6.61 8.73 3.83
9.04 6.45 7.61 6.04 7.81 12.29 15.66 33.5 25.81 27.88 29.14 26.2 11.71 7.6 6.85 6.89 5.25 2.58 3.48 4.3 5.47 5.31 3.34 3.94 12.87 8.16 10.27 7.42 6.54 7.37 6.16 21.19 13.54 12.57 12.66 6.85 7.38 10.83 9.45 7.34 10.93 6.09 4.09 3.74 8.6 7.71 12.36 15.14 9.23 7.24 5.17 6.95 7.4 6.63 5.1 11.05 13.94 11.47 9.13 17.27 22.54 9.64 4.03 3.68
9.17 9.29 4.52 5.68 8.5 16.17 26.63 18.59 16.26 34.96 43.76 26.19 14.73 5.88 9.02 10.17 5.63 6.57 4.04 3.82 5.1 4.36 5.68 6.1 11.85 7.55 8.91 7.93 7.09 6.15 8.12 13.54 15.32 13.74 9.16 6.41 5.51 7.93 5.31 5.02 9.06 8.4 4.02 7.45 15.43 16.67 17.26 19.67 11.7 5.37 8.66 4.68 3.22 2.81 2.77 5.02 8.6 8.48 8.75 16.31 15.74 2.68 2.1 5.52
15.52 8.39 5.82 6.17 6.35 11.7 16.76 23.53 19.57 35.28 37.87 13.9 16.21 9.51 7.68 9.61 3.63 3.48 4.54 3.05 2.66 2.86 6.38 8.25 11.0 10.01 11.97 11.91 5.11 6.7 6.7 10.5 13.5 10.01 6.99 6.04 5.48 4.06 5.4 5.64 7.17 7.36 5.89 7.46 15.7 18.8 13.89 14.56 21.92 8.21 8.34 2.81 5.33 2.62 1.95 3.32 3.63 5.19 4.54 7.98 4.89 2.72 2.86 7.75
4.97 5.56 3.93 4.87 5.85 9.48 15.35 19.24 21.19 38.03 57.88 41.23 20.8 13.91 8.98 11.15 6.03 8.04 6.24 5.95 2.54 3.62 5.09 11.31 7.03 4.45 5.33 6.42 7.49 4.84 6.76 8.58 14.77 6.26 11.79 9.15 11.56 9.29 5.97 5.58 4.2 4.64 5.96 4.57 11.75 18.14 18.17 11.4 12.77 5.41 11.73 5.66 3.88 2.73 2.16 3.22 4.15 5.89 4.03 4.27 3.74 2.89 5.85 11.53
4.12 5.7 5.24 8.1 7.76 7.06 10.22 22.61 26.58 45.38 46.31 41.64 36.99 15.58 10.89 8.85 9.79 11.92 19.36 8.2 3.06 4.92 7.23 6.1 5.43 3.01 3.95 6.53 6.54 4.57 7.03 9.53 9.33 10.32 8.97 6.67 6.95 5.49 8.27 9.89 13.51 6.11 5.26 10.57 11.02 15.77 15.59 13.65 14.35 11.02 5.77 5.2 3.4 1.83 2.86 3.16 3.2 4.15 4.93 3.93 3.78 4.06 6.23 14.25
5.25 6.28 13.76 14.92 17.63 25.4 17.43 27.16 21.12 88.84 33.65 19.63 14.11 11.3 10.69 10.14 15.03 9.19 7.7 8.4 4.66 4.67 3.93 7.43 8.07 16.99 7.07 3.63 10.11 8.75 8.24 7.97 6.31 6.04 6.77 5.15 4.09 3.48 6.07 3.66 6.08 6.41 8.53 8.09 8.86 15.67 15.72 12.88 25.73 8.38 8.0 4.67 10.56 5.22 1.93 2.3 6.57 4.86 4.06 2.25 2.62 6.7 4.66 10.32
6.14 6.91 7.43 17.72 13.68 16.57 17.12 37.01 32.17 40.34 12.01 13.9 15.47 5.6 15.26 10.32 13.16 9.68 11.99 7.96 3.39 4.0 6.2 8.83 4.84 11.27 5.97 5.93 10.24 5.67 6.22 5.31 6.89 12.1 10.39 4.63 3.51 5.67 6.97 4.2 7.37 7.07 6.8 11.05 7.32 11.49 21.01 19.24 23.87 8.31 3.12 3.11 7.69 4.47 1.96 2.76 5.46 7.03 4.02 2.21 2.08 4.61 9.04 9.8
10.92 11.1 5.94 6.37 10.36 15.01 11.45 20.72 16.38 15.52 9.09 12.45 7.7 7.9 10.65 29.45 29.78 16.76 7.74 7.78 7.76 3.94 6.22 8.89 11.74 6.8 5.59 4.26 7.39 10.55 6.54 6.24 4.87 5.76 5.31 4.29 5.06 5.45 17.66 12.12 10.12 13.77 10.07 5.08 9.35 10.79 16.15 12.94 7.39 3.99 2.62 1.91 4.54 3.17 4.24 5.62 5.04 5.03 3.48 5.05 3.34 4.0 6.8 11.25
12.38 5.54 8.8 6.21 5.96 16.56 12.25 11.79 15.26 21.71 12.69 9.74 7.46 6.76 18.87 13.47 17.12 5.49 6.21 11.63 8.57 8.22 9.29 11.78 7.68 5.48 3.88 6.03 11.9 11.32 7.3 4.94 7.35 10.77 7.48 4.32 5.32 7.18 14.3 27.49 6.39 8.58 8.02 7.57 9.63 7.47 8.13 8.6 6.7 6.42 6.24 5.51 9.02 4.69 5.22 4.71 4.82 3.86 9.77 8.63 4.55 4.07 6.56 8.07
9.18 6.45 7.05 4.15 6.28 6.38 8.3 36.15 12.0 17.46 15.19 11.12 7.73 5.27 8.85 17.06 9.74 5.29 6.92 8.74 5.62 3.05 6.42 9.6 5.38 1.99 4.28 5.23 6.76 7.76 13.13 12.56 7.28 8.17 8.75 9.34 3.85 7.18 12.89 10.62 6.01 7.45 7.94 4.5 4.1 5.95 11.32 3.69 5.28 4.24 9.53 14.16 9.52 6.31 4.6 4.83 8.04 11.36 7.37 7.73 5.83 6.35 8.84 12.96
12.23 5.93 11.16 4.21 4.07 3.39 6.91 12.26 8.89 9.26 11.28 4.84 5.88 4.64 6.22 7.96 5.61 3.16 4.42 7.21 4.4 3.42 5.51 7.46 4.01 2.38 3.73 7.0 5.33 4.71 12.88 9.8 4.38 8.75 9.71 8.04 5.7 6.82 13.8 10.4 5.83 7.07 6.37 6.48 4.02 5.88 5.46 5.13 8.14 11.0 20.1 6.61 10.22 7.65 6.51 4.51 8.82 11.88 7.31 4.51 6.79 10.64 10.42 11.14
17.43 6.94 7.4 10.75 9.3 6.25 3.28 4.31 6.26 5.91 7.87 7.4 3.97 4.7 4.36 4.38 6.67 3.62 4.68 10.03 6.36 3.96 4.18 6.55 5.02 3.06 4.88 4.37 6.27 8.49 10.68 5.01 6.79 12.29 16.78 10.4 9.23 10.93 7.28 6.42 7.84 5.79 8.21 4.41 3.83 7.0 7.45 8.69 8.01 15.22 15.36 7.26 13.36 9.08 6.57 6.38 8.65 11.58 7.65 5.96 8.42 8.12 14.94 18.02
9.5 7.57 5.8 7.34 13.65 6.06 2.82 2.4 6.18 6.98 6.94 6.05 7.29 7.98 5.94 8.11 7.5 7.04 6.79 3.88 7.96 10.96 4.13 4.85 3.65 1.73 3.55 4.6 5.38 6.06 16.84 9.65 10.1 8.62 23.74 17.78 10.65 10.03 4.61 8.88 9.08 8.12 9.59 8.02 3.85 7.14 9.34 7.34 7.77 7.19 5.2 4.46 11.73 9.66 12.89 13.4 9.96 6.14 8.25 6.43 6.92 11.47 21.25 31.93
7.94 7.65 9.11 6.48 6.74 7.38 3.42 3.8 4.28 2.92 9.67 10.65 7.66 6.43 9.89 6.2 7.62 7.33 6.33 3.02 6.37 12.6 8.42 5.97 2.31 3.19 5.41 7.04 4.46 2.88 8.5 6.68 5.86 10.76 9.4 9.78 9.47 8.84 14.57 5.8 7.43 8.41 8.16 7.45 6.27 4.23 10.19 11.31 5.23 9.84 9.0 9.91 7.77 9.49 13.84 6.55 9.6 6.83 8.6 4.05 4.82 11.03 18.2 27.38
5.7 4.72 6.55 4.6 9.02 7.22 6.1 6.25 4.61 5.16 3.82 6.6 8.44 11.23 6.06 7.25 7.68 7.81 6.95 5.61 16.88 13.12 5.65 9.86 4.25 2.21 4.94 4.01 5.81 4.34 7.59 7.04 6.96 5.67 12.88 6.87 5.94 5.87 6.74 6.91 13.7 9.45 15.12 8.21 6.07 6.81 8.39 5.44 10.41 11.62 7.37 6.29 7.38 18.53 11.35 8.47 7.11 5.61 6.68 9.35 5.42 5.27 10.19 12.95
2.48 6.39 4.35 4.65 3.87 6.05 13.42 11.87 5.27 2.51 2.06 10.51 13.93 8.96 9.19 5.59 8.65 8.68 7.77 7.69 11.68 11.67 8.96 4.02 4.5 3.57 4.81 3.36 4.83 8.02 3.78 4.08 5.17 7.03 8.86 5.47 6.33 8.61 18.98 7.94 11.42 7.01 13.51 9.57 7.57 6.77 2.56 8.54 6.52 5.35 3.95 6.67 6.09 7.07 6.24 4.47 5.39 3.62 8.63 9.2 14.5 5.9 7.0 9.46
3.16 3.74 4.04 3.33 3.08 7.45 6.51 3.94 3.54 2.55 2.86 11.28 7.08 5.5 9.38 7.13 5.53 6.9 19.06 9.64 8.24 14.42 17.49 5.19 4.97 2.23 5.23 6.53 6.9 4.56 5.33 6.44 4.21 6.07 15.71 7.28 3.71 6.24 10.0 9.17 11.04 9.68 11.21 7.14 7.18 4.63 2.94 5.81 8.6 5.38 6.16 4.49 4.5 3.21 4.02 3.28 3.05 3.46 3.81 7.43 7.14 5.23 2.2 5.63
3.89 4.86 6.37 3.62 5.88 5.72 9.5 4.12 2.96 3.8 4.02 7.32 9.49 15.23 8.58 9.16 5.32 7.25 10.0 9.04 7.93 9.32 8.02 9.67 5.89 3.34 3.05 4.24 6.86 6.28 6.99 11.46 12.54 7.13 6.84 4.49 5.61 6.48 5.67 10.37 10.56 4.34 7.27 7.34 7.57 5.2 4.41 2.86 8.31 8.16 4.76 3.84 5.01 6.11 4.73 3.09 5.18 4.38 6.29 4.82 4.1 3.06 2.14 1.98
6.54 4.38 6.96 8.04 9.82 7.79 9.1 3.22 3.7 4.81 2.91 6.0 10.56 14.84 13.86 14.29 6.83 6.62 9.46 10.42 7.36 5.11 14.02 7.91 19.01 7.65 4.4 5.96 9.76 5.7 6.89 5.64 5.92 7.47 4.61 5.55 4.31 3.25 7.76 8.43 11.86 6.39 6.83 6.37 6.2 7.33 3.26 2.6 4.57 10.18 5.32 8.95 11.26 7.77 4.74 3.15 6.76 5.51 4.92 4.66 3.6 5.07 4.75 3.23
6.65 7.32 8.69 4.69 10.6 7.87 9.04 3.24 9.86 11.6 5.5 6.45 6.71 7.93 6.72 8.1 9.99 19.17 13.57 14.56 8.99 8.23 10.41 12.47 17.78 15.82 8.01 6.79 4.63 4.22 4.2 2.91 3.74 3.44 6.52 3.99 1.82 3.98 7.37 5.64 5.01 4.27 8.91 7.87 6.42 13.59 6.66 7.4 8.36 5.47 11.42 16.89 17.12 5.59 7.54 4.86 9.08 4.31 7.04 4.82 5.43 5.74 4.58 3.61
7.18 7.92 6.51 7.86 4.56 6.79 10.07 4.25 9.34 9.99 10.25 7.21 6.57 7.15 11.29 7.65 15.36 15.59 9.18 9.85 8.61 7.3 9.65 10.03 13.3 24.21 11.53 8.17 3.33 7.43 7.19 2.35 3.14 3.83 3.39 5.5 4.99 5.16 8.87 7.31 4.15 3.14 7.39 6.58 4.18 3.47 4.78 6.41 7.32 8.95 12.69 22.26 24.76 21.71 8.88 8.0 7.15 7.72 9.13 4.59 6.77 5.05 5.18 2.67
3.55 2.94 5.06 3.56 3.49 7.36 7.39 4.06 17.3 13.51 12.32 5.33 6.98 9.17 6.19 16.77 20.08 17.01 7.87 10.42 15.06 5.09 6.29 17.89 16.36 16.25 6.43 4.1 3.3 3.78 3.85 2.73 4.43 4.48 3.89 5.46 10.34 5.05 12.99 11.8 5.36 4.84 4.98 6.43 4.42 3.13 5.8 7.61 6.86 10.4 17.84 19.13 19.76 14.33 10.43 9.06 11.14 9.05 10.2 9.37 6.22 8.67 9.57 3.72
4.19 3.59 5.31 2.2 2.89 7.92 11.31 9.1 7.35 9.29 11.0 6.75 7.87 8.19 9.44 9.51 14.95 21.98 20.65 6.11 7.95 12.89 13.71 19.36 9.52 11.42 5.64 5.17 3.78 2.73 2.39 4.02 5.65 3.19 2.6 8.34 15.12 10.13 11.19 6.25 5.37 6.92 6.38 6.54 8.3 5.19 11.3 8.22 6.74 10.55 8.13 11.6 11.66 18.54 12.54 5.15 4.13 6.69 8.59 8.06 11.68 7.61 13.25 7.3
3.22 4.56 5.77 5.2 5.96 3.37 8.03 14.7 5.78 8.3 7.67 6.06 5.97 9.32 9.16 6.61 11.23 7.31 13.34 14.62 11.35 7.56 10.0 7.77 8.92 5.08 5.67 6.86 3.84 3.82 4.54 2.41 2.82 3.57 2.77 6.45 8.48 11.68 17.47 7.24 4.68 4.79 4.52 5.2 6.17 8.94 6.95 4.68 6.99 12.81 11.2 8.58 10.2 21.5 14.4 9.01 4.13 6.49 5.35 8.74 12.66 13.12 4.89 6.31
5.54 5.99 3.49 5.36 3.92 2.96 6.85 9.81 7.27 6.03 5.81 5.43 9.46 8.72 8.4 5.14 14.0 14.87 9.9 7.63 7.39 10.6 8.06 11.03 8.85 5.48 3.39 3.94 3.66 2.98 6.16 5.88 4.09 4.2 3.56 6.47 13.36 13.29 10.3 10.75 14.48 7.07 6.91 5.99 6.61 8.31 6.64 5.48 7.57 6.48 6.12 7.41 6.58 7.55 8.16 8.13 9.69 7.16 5.67 9.1 6.54 10.29 10.35 10.12
8.74 5.45 4.66 4.14 5.18 3.59 5.69 13.59 13.4 6.09 4.8 4.91 6.13 15.37 7.65 7.6 12.41 10.54 20.32 5.82 8.45 9.98 6.09 4.97 12.06 9.57 5.76 5.1 6.29 8.78 11.4 9.72 3.86 2.44 3.35 5.97 12.35 11.69 7.86 13.56 17.25 17.39 12.74 17.38 15.83 8.66 8.82 5.56 7.41 8.61 3.96 7.68 6.29 3.88 10.95 17.71 5.02 10.8 4.62 6.59 8.03 7.64 5.68 6.88
7.38 8.92 5.24 4.93 3.65 6.0 6.84 8.54 10.64 10.9 11.81 6.11 7.97 11.13 6.62 5.88 7.52 12.24 10.2 6.58 6.45 7.24 7.1 7.73 9.61 7.45 10.81 14.33 12.4 6.41 13.23 11.85 6.25 1.79 3.82 5.08 15.26 14.47 7.54 8.81 11.26 21.87 18.69 17.83 14.29 7.54 8.55 12.51 8.75 6.98 7.41 7.02 5.65 5.19 9.41 7.61 4.43 7.6 5.47 3.23 2.73 6.16 8.41 10.49
6.99 6.18 3.51 3.71 2.95 3.02 6.02 10.61 10.48 6.77 6.93 7.82 11.32 5.74 14.73 4.48 6.75 23.52 12.32 8.38 9.33 4.27 6.92 5.22 6.4 4.83 6.42 9.52 11.52 12.32 15.05 12.3 4.5 3.2 3.51 12.19 9.41 9.6 8.77 15.94 18.48 27.78 25.09 18.21 11.19 10.1 11.21 5.53 4.29 5.24 4.25 4.46 4.54 8.41 12.35 6.74 5.12 7.9 7.01 7.97 5.02 5.05 7.37 7.72
4.59 7.71 4.23 2.07 3.62 4.35 4.51 5.87 6.44 7.06 5.95 5.33 12.05 12.44 8.98 8.46 11.85 22.35 17.92 17.23 13.81 11.99 5.63 6.73 5.01 5.36 10.98 8.09 6.96 9.86 10.59 9.7 11.45 3.39 5.19 8.65 10.52 13.72 13.9 11.84 15.49 32.9 41.3 27.18 22.11 7.41 4.0 2.78 4.53 2.34 4.16 4.02 4.45 10.76 12.41 12.81 5.23 7.2 6.04 4.08 4.39 4.49 9.11 5.92
10.94 8.83 3.68 6.61 2.01 4.4 4.93 4.63 5.97 4.29 5.08 5.52 8.51 9.53 9.8 5.72 11.73 22.91 13.29 10.04 14.83 17.39 9.74 7.67 8.27 8.47 5.1 6.2 11.2 12.48 9.3 12.46 10.91 8.02 5.35 6.86 17.13 10.78 9.61 13.57 19.33 24.84 35.6 14.8 13.76 10.37 4.36 9.15 5.27 2.97 3.66 4.56 10.63 15.31 7.72 11.15 9.03 4.75 4.11 2.67 3.12 3.16 4.55 4.2
6.19 10.33 7.99 8.45 3.92 4.79 4.69 6.68 7.07 4.87 5.13 5.37 10.03 15.6 8.11 6.68 7.62 9.38 12.42 12.63 12.44 8.08 10.23 9.1 7.35 8.08 5.09 3.68 9.43 14.04 15.55 15.89 13.08 8.24 7.68 12.16 13.76 11.94 5.71 11.7 20.95 30.81 40.75 24.29 16.49 6.45 4.81 5.29 7.38 6.63 5.66 3.39 9.2 12.7 10.04 9.4 5.87 4.73 3.68 3.55 2.57 1.82 2.7 3.91
11.14 17.34 7.18 6.51 8.67 9.33 3.51 2.89 3.4 10.2 8.83 4.58 6.22 6.03 6.16 5.65 8.55 6.21 7.71 10.36 10.69 14.23 8.01 8.05 5.28 11.48 2.97 4.46 7.65 8.25 7.36 8.98 13.04 11.3 10.09 10.85 9.0 11.48 8.76 15.04 32.93 33.6 44.1 15.58 12.4 8.25 8.25 4.6 7.95 8.49 10.76 9.89 6.68 6.35 5.69 6.94 4.55 3.51 4.22 2.16 2.26 3.09 3.65 5.96
13.97 15.32 5.68 4.14 7.78 10.26 6.41 3.45 4.76 8.56 4.85 5.97 3.19 6.65 7.7 3.81 3.94 10.13 6.67 13.3 9.68 8.88 11.97 4.98 5.57 5.16 3.19 2.63 6.18 5.97 10.76 15.24 14.81 22.05 5.61 9.92 8.77 11.72 7.67 6.06 15.95 24.03 25.92 16.08 13.7 9.69 17.29 8.62 10.61 9.46 5.9 5.89 6.49 7.07 5.53 6.52 6.92 2.46 2.75 7.35 3.07 2.9 3.22 12.43
11.22 13.42 8.69 3.89 3.74 5.0 6.02 6.3 2.87 5.97 7.54 13.02 4.23 3.88 3.41 4.58 4.78 3.27 5.18 5.53 6.04 6.61 4.91 3.94 2.6 2.73 5.86 3.98 4.46 13.73 19.55 22.74 23.83 20.84 14.45 9.43 10.57 8.12 6.34 6.39 10.65 13.84 15.85 17.97 6.81 7.74 9.69 8.79 8.37 8.36 8.31 11.17 13.44 5.76 6.14 9.91 13.52 4.69 3.49 4.07 4.58 4.15 3.21 8.67
20.43 9.62 5.07 5.24 2.82 3.89 6.3 3.34 3.12 6.81 7.25 6.17 4.24 3.99 4.58 5.33 3.49 4.43 3.98 5.69 3.58 4.41 6.98 4.0 4.15 2.94 2.42 3.48 7.28 12.71 10.92 29.08 19.29 16.37 11.71 13.44 5.82 6.05 7.22 5.49 4.98 14.33 11.83 9.2 11.33 9.77 6.54 9.27 7.85 7.01 14.12 9.2 13.79 10.13 10.32 8.42 8.17 5.18 4.6 5.33 4.54 3.47 4.23 7.84
20.81 11.94 6.15 2.79 4.64 4.43 5.42 5.59 5.85 6.99 6.54 4.5 7.2 3.46 3.02 4.55 2.77 4.58 2.14 3.96 6.53 7.02 7.89 5.77 4.35 2.44 3.17 3.24 7.5 15.78 28.11 16.94 18.63 11.3 5.94 4.79 6.13 7.58 6.35 4.82 6.92 22.3 15.17 17.61 13.23 14.4 9.44 10.56 7.78 10.74 8.9 9.04 7.23 8.59 9.55 4.57 10.39 13.81 6.6 6.58 8.12 5.33 4.02 6.86
18.34 8.89 7.46 2.64 3.92 3.25 7.07 8.74 3.39 6.27 10.95 8.38 8.81 11.77 5.99 3.74 2.22 2.43 3.45 6.6 8.57 7.11 10.05 13.78 5.88 5.31 6.4 7.78 6.36 13.33 16.77 23.48 12.24 8.84 4.54 3.96 3.65 6.32 8.27 6.05 9.74 18.05 11.85 6.94 10.1 8.9 7.01 6.14 5.37 11.13 8.21 6.86 5.03 7.04 10.28 4.6 16.49 16.31 9.61 9.35 14.73 3.48 4.14 5.29
6.83 4.88 4.33 2.99 2.74 4.14 4.41 2.13 2.7 2.79 5.28 11.7 12.58 11.95 8.91 5.11 2.11 2.51 7.15 6.41 6.84 10.82 16.41 9.95 6.82 5.43 7.16 6.01 10.37 14.81 14.47 10.89 11.91 7.71 6.74 4.59 6.5 11.34 6.22 6.74 8.38 14.72 9.25 4.93 4.76 14.07 3.94 3.69 4.56 8.08 7.91 5.24 4.73 4.81 6.28 6.61 7.97 11.95 10.22 14.96 16.95 12.79 2.64 2.12
6.16 8.3 3.47 4.29 4.73 3.62 2.06 2.59 1.64 1.82 6.22 6.37 10.85 15.7 6.04 2.3 2.22 4.01 6.56 6.84 12.09 8.28 6.77 11.66 12.79 15.28 12.01 10.69 13.71 22.5 10.43 14.84 12.56 8.93 5.82 6.71 5.05 10.06 5.9 3.1 12.17 9.03 11.49 5.73 5.16 6.32 5.21 5.46 3.32 4.05 6.06 8.15 6.23 6.02 7.2 8.84 13.11 10.59 13.56 7.55 14.53 10.73 3.6 2.58
9.04 7.28 8.97 8.2 6.03 2.57 1.92 3.12 2.74 2.7 7.78 7.96 9.8 21.33 4.33 1.45 2.46 5.51 5.55 3.55 9.41 10.0 14.24 17.66 10.91 11.8 5.85 8.59 14.22 13.39 17.09 12.13 10.55 7.6 6.5 5.11 5.19 6.66 6.97 11.64 6.6 8.5 6.11 9.77 7.87 3.89 6.0 10.21 9.91 5.94 9.71 12.56 15.42 6.17 4.54 12.64 15.35 9.0 5.12 9.1 16.27 10.46 5.14 4.73
8.11 5.56 8.67 7.05 6.18 7.53 5.14 3.61 1.49 2.65 6.4 13.77 10.6 17.59 10.17 5.43 2.16 2.45 4.95 8.33 6.03 8.18 13.42 12.81 2.88 3.47 4.61 2.89 5.08 10.06 18.59 19.96 8.06 3.5 9.2 6.31 4.26 3.18 5.72 8.93 8.32 7.9 8.31 7.19 9.65 6.47 6.41 6.48 7.17 5.96 9.42 12.88 13.15 10.69 6.91 6.85 15.44 9.29 7.6 9.77 14.72 20.8 10.75 7.72
4.24 5.47 10.21 9.46 6.16 3.78 3.81 6.34 4.04 4.26 3.37 13.16 9.77 12.72 13.61 7.16 4.38 1.93 3.34 6.47 6.66 6.41 5.14 6.16 7.05 2.38 2.49 3.47 6.61 7.82 12.57 12.39 10.46 7.74 6.23 5.91 3.8 3.73 6.42 5.3 4.19 9.06 10.94 12.19 7.82 4.41 4.04 6.26 12.12 8.0 5.86 9.1 17.01 8.7 10.56 9.32 9.48 10.25 10.27 10.22 9.16 20.24 10.91 13.69
4.03 3.74 6.36 7.92 7.69 5.19 7.77 8.38 6.53 3.87 4.89 12.91 10.12 9.64 7.7 7.8 4.83 3.01 4.83 6.52 4.74 9.46 3.64 4.52 4.16 4.55 3.25 5.12 8.12 11.54 10.75 7.07 9.99 10.54 12.47 5.78 8.03 4.55 2.6 3.33 4.55 4.76 4.11 4.74 6.25 7.87 7.37 11.53 7.84 6.24 18.53 8.96 9.48 6.25 3.99 5.57 12.71 6.64 7.47 8.67 9.31 9.75 13.08 30.59
4.35 4.24 7.69 12.61 4.52 5.85 6.25 5.04 4.8 4.97 2.93 11.55 15.32 9.09 5.79 5.98 2.83 5.01 4.85 6.18 7.77 8.13 3.85 6.31 7.66 4.35 3.38 4.27 8.19 13.39 14.63 9.63 11.23 9.69 11.08 7.46 4.91 2.47 3.33 3.77 2.57 1.74 6.71 5.05 8.53 11.27 6.9 9.1 21.64 30.2 14.95 5.43 4.14 6.76 9.78 6.88 5.85 5.31 9.29 8.46 5.69 6.11 8.51 16.07
