13.77 11.99 6.81 2.93 3.37 4.21 4.47 2.93 4.54 2.37 4.83 7.72 5.56 6.35 6.13 10.2 6.82 5.56 3.39 10.09 14.59 8.7 10.73 17.54 22.97 19.96 9.94 4.75 3.85 6.63 7.96 5.21 6.01 9.09 9.44 12.47 12.87 19.41 13.22 10.69 10.83 10.27 4.78 3.11 5.1 9.69 4.81 4.19 4.08 4.33 7.57 11.6 5.95 5.65 3.61 5.9 6.07 8.74 9.75 7.3 3.06 4.11 4.69 6.51
7.04 5.32 3.49 3.3 4.53 4.35 2.33 3.35 2.24 3.06 4.51 7.77 5.57 3.81 6.9 14.76 9.21 8.6 5.63 4.04 4.52 9.79 9.75 16.68 14.79 10.85 5.6 5.74 8.31 8.6 5.71 4.47 6.81 7.95 13.17 19.22 20.1 15.38 14.08 16.17 8.05 3.85 5.58 4.43 3.66 5.01 6.57 4.43 5.53 7.84 8.88 9.97 7.44 4.5 4.31 4.92 17.35 13.91 12.05 6.69 5.57 4.95 5.05 8.25
5.33 6.64 4.84 5.92 5.55 6.87 3.58 3.95 2.24 2.74 5.6 7.84 5.13 7.8 9.69 8.19 7.39 8.05 5.76 5.16 5.78 13.93 17.9 13.44 14.99 5.52 7.81 4.58 5.34 7.22 3.45 3.81 3.87 9.07 11.23 14.7 15.33 10.99 16.72 9.58 7.5 5.27 6.64 5.47 8.79 3.99 4.6 4.22 5.72 7.93 16.1 9.15 13.96 6.55 9.41 5.95 13.16 20.5 19.88 8.8 11.17 6.66 5.59 7.78
8.25 6.23 6.79 4.19 4.88 2.19 3.29 1.69 2.94 4.97 9.17 8.39 5.77 6.77 9.53 13.62 20.37 16.95 11.54 6.99 5.9 7.04 8.7 6.87 8.45 3.44 2.27 4.13 6.31 13.7 7.1 5.11 4.55 9.81 10.2 13.46 11.89 12.06 7.68 7.01 4.62 3.76 7.19 10.4 5.36 4.84 4.24 6.01 12.63 12.45 12.62 13.41 14.71 9.32 6.8 10.51 13.51 13.96 16.89 13.69 10.86 11.53 4.36 5.33
12.76 5.5 7.14 4.01 5.33 5.01 5.1 5.0 2.78 2.22 12.11 6.13 6.71 9.38 13.07 12.03 19.03 18.8 11.45 5.51 8.5 9.24 8.44 6.46 4.88 3.33 3.68 4.92 6.01 8.38 9.14 5.56 5.1 8.79 7.85 7.6 7.66 6.98 4.71 7.78 7.77 4.44 4.64 10.16 9.63 7.87 6.8 8.77 19.87 16.21 9.88 15.54 14.43 12.37 10.71 10.65 14.62 17.85 8.54 17.79 14.54 16.19 5.13 4.47
19.47 9.19 6.95 4.2 4.79 5.01 2.35 2.52 3.93 6.24 11.1 14.01 10.17 15.41 14.95 15.64 14.44 17.52 9.65 5.72 5.32 7.66 6.21 4.77 3.11 2.55 3.47 6.05 7.49 4.66 5.19 8.38 7.19 7.01 6.54 5.18 3.85 5.08 3.89 8.09 5.45 9.17 13.64 9.04 12.06 13.48 10.05 7.52 14.4 19.74 16.31 23.12 15.77 8.14 17.35 20.06 25.47 18.54 12.91 12.94 19.55 9.81 7.61 4.21
11.06 12.24 7.51 7.57 7.6 6.39 8.75 7.33 5.98 6.02 6.64 5.73 10.18 6.01 12.13 10.45 11.01 8.86 8.25 10.72 8.78 11.9 12.72 5.52 2.81 3.5 5.09 3.58 2.8 5.86 5.41 3.29 7.7 9.98 7.47 4.34 4.02 4.36 4.9 7.91 8.55 5.81 10.61 9.73 5.98 13.27 12.74 10.41 15.94 22.15 17.56 18.84 14.88 15.67 14.96 19.76 18.85 14.9 6.29 4.14 11.28 5.6 7.73 7.65
11.1 11.52 4.52 7.44 11.02 12.07 9.1 14.22 7.53 4.01 6.03 4.21 5.59 7.54 16.99 11.54 12.75 10.93 17.08 11.54 8.59 11.33 13.04 6.38 3.48 4.34 4.88 7.03 6.36 7.03 6.12 3.76 10.29 12.07 7.48 5.28 4.48 3.85 3.08 4.84 7.66 4.44 6.72 8.06 13.37 8.16 14.06 16.92 16.04 11.29 15.06 22.94 14.3 23.22 8.45 20.4 11.78 17.56 9.69 9.18 8.04 4.15 9.03 9.85
13.94 7.38 6.0 4.97 6.59 20.05 23.86 13.46 4.66 3.96 4.05 4.48 3.92 6.36 9.61 16.23 8.25 12.56 11.37 17.89 13.1 22.91 11.84 4.74 5.45 4.63 5.94 6.05 7.07 6.2 6.99 5.95 9.37 12.93 9.73 5.31 3.22 4.06 3.41 8.1 6.32 6.39 6.51 5.69 9.05 10.76 9.91 22.56 20.2 15.46 24.75 22.79 14.49 8.98 11.17 11.45 6.24 16.18 10.67 13.66 4.62 5.37 10.78 11.46
9.09 5.62 8.8 6.96 8.06 7.63 16.97 13.62 5.47 6.32 3.07 1.66 3.82 5.77 7.1 10.23 8.35 12.4 8.44 18.09 18.78 29.24 18.55 7.58 3.74 3.69 6.01 8.11 4.27 5.92 10.8 5.68 10.65 6.27 8.54 5.07 7.66 8.54 10.32 7.34 5.72 7.64 3.59 3.08 4.37 9.97 9.44 11.9 11.28 9.7 10.43 14.29 20.31 7.22 11.55 10.39 19.99 12.42 11.66 10.53 6.62 2.57 7.01 5.43
9.75 5.85 6.71 11.35 16.05 19.32 16.63 10.69 3.39 6.3 4.37 2.43 4.44 6.81 16.51 10.76 7.5 5.39 7.28 11.33 30.45 18.98 12.32 12.38 8.39 3.74 3.8 8.77 4.89 7.38 7.25 10.42 10.73 11.15 7.12 4.52 6.64 6.78 9.12 3.7 6.42 5.5 2.95 3.66 7.38 8.31 6.45 12.11 8.66 8.9 5.79 7.85 15.02 12.57 6.99 5.56 14.24 12.31 8.07 7.66 6.38 5.21 6.94 10.99
11.84 6.83 8.72 8.83 11.36 6.44 6.77 4.82 3.93 8.32 6.35 7.4 4.3 6.26 9.55 17.66 9.09 5.91 9.25 7.69 15.75 12.77 9.29 5.44 6.34 2.94 4.84 7.56 8.73 8.83 8.62 10.86 13.79 5.32 5.12 5.45 4.14 10.74 15.98 7.92 5.02 5.28 4.16 2.23 6.74 10.34 6.17 4.69 6.37 6.91 11.37 10.34 9.94 6.0 6.23 16.96 12.63 29.32 15.36 9.84 6.14 6.68 6.14 11.02
7.87 5.21 8.42 7.31 9.05 7.17 7.34 6.86 10.53 12.84 6.47 1.95 3.17 7.63 8.61 12.04 8.58 7.39 2.21 6.9 5.5 8.63 10.14 5.68 4.81 6.18 6.83 7.08 9.66 10.33 14.31 7.01 11.5 5.41 3.82 5.4 3.39 9.61 12.59 8.6 4.45 2.87 3.01 2.59 3.98 7.9 6.65 7.1 5.3 10.44 13.91 6.7 8.92 5.14 6.6 15.94 32.11 17.24 15.16 18.73 18.59 6.67 8.34 8.47
6.9 6.67 6.42 7.54 4.43 4.49 3.77 9.86 15.85 11.96 5.06 4.14 8.53 7.92 18.42 8.46 4.97 6.43 4.9 6.17 6.39 4.62 8.06 7.96 5.92 9.78 3.92 4.9 3.56 6.71 10.02 10.47 7.79 4.64 3.25 3.35 4.05 9.86 10.7 5.69 2.07 3.41 3.71 4.14 6.53 9.39 4.01 3.99 4.5 8.44 11.24 15.34 6.69 5.26 10.45 14.14 28.04 24.12 13.67 23.5 20.4 7.46 9.35 7.54
8.04 10.33 11.35 5.17 2.28 4.1 6.03 14.16 10.83 17.14 6.43 4.58 7.28 7.71 14.24 8.17 9.76 6.14 8.35 11.0 7.41 5.15 6.83 5.76 7.1 6.32 3.25 1.85 3.66 9.7 6.49 15.31 11.74 5.96 6.02 6.78 2.56 3.42 7.62 5.03 2.32 2.13 5.63 6.88 10.93 4.36 5.48 9.93 11.57 10.24 11.42 12.7 13.38 8.56 10.97 14.55 11.56 11.25 5.93 15.06 20.04 9.65 10.88 8.59
5.88 6.47 9.76 4.73 3.12 2.37 6.4 12.36 11.28 10.13 5.08 7.19 5.38 10.25 13.88 11.83 12.45 12.81 11.73 7.34 6.61 4.67 7.82 4.91 4.5 5.52 4.73 5.57 3.02 6.92 9.24 20.05 10.02 2.51 4.39 6.82 4.31 2.6 8.93 6.92 3.62 2.68 5.22 10.77 10.3 8.92 7.37 8.72 9.57 7.19 12.58 4.69 8.06 9.27 13.25 30.69 13.77 11.67 7.57 12.68 20.43 12.96 5.59 7.12
6.12 7.12 12.69 8.06 7.68 5.27 3.74 6.72 7.65 10.08 5.5 6.46 7.13 12.34 29.97 20.24 16.61 8.0 8.88 5.86 6.47 2.56 3.98 6.88 4.47 8.64 4.95 4.83 4.24 4.35 7.65 9.95 14.82 4.88 6.48 3.75 1.99 3.01 5.42 2.78 2.04 5.68 7.33 10.81 12.42 13.56 8.42 10.87 16.36 9.31 9.07 6.05 15.25 12.77 13.33 15.24 17.18 7.78 6.55 18.28 19.87 11.36 10.38 7.76
8.79 7.47 11.7 18.5 10.23 9.28 10.45 6.99 10.71 6.28 6.93 7.43 10.88 9.42 14.25 10.27 13.7 8.06 6.46 7.09 8.07 4.91 5.76 4.59 6.29 8.18 5.06 3.53 3.02 4.88 7.51 7.78 8.51 4.84 5.95 5.21 3.87 6.28 3.34 2.51 2.54 4.37 5.36 7.87 12.26 11.44 3.84 8.06 14.31 18.77 6.83 6.92 11.67 15.28 32.58 27.17 18.81 9.45 14.05 11.37 9.71 7.58 12.74 5.69
7.11 6.16 6.01 15.51 20.79 23.02 14.06 12.81 13.37 8.75 4.33 4.75 7.44 8.44 12.16 8.71 10.53 15.63 9.52 14.61 8.7 3.45 7.9 12.05 4.74 4.57 9.36 8.57 3.76 4.86 3.23 6.18 11.83 11.51 4.38 5.46 5.17 4.72 2.36 1.17 2.13 3.31 5.1 7.02 14.37 11.6 5.41 8.27 8.47 11.52 9.42 8.2 5.46 17.25 19.95 12.44 10.66 10.25 7.01 7.75 6.58 6.51 7.21 5.08
4.75 4.62 4.55 9.16 25.39 31.69 25.42 14.33 10.54 9.65 8.96 4.79 5.28 7.19 3.05 7.26 6.38 25.23 18.53 15.36 11.9 10.32 10.98 10.97 11.7 7.87 9.89 7.06 7.51 3.84 3.06 5.45 5.76 8.41 3.84 4.18 5.44 8.35 6.77 3.17 3.52 7.07 6.54 7.74 12.52 6.86 6.7 5.59 9.15 13.08 10.93 4.67 5.78 11.44 15.71 19.65 10.24 10.0 9.82 5.71 5.6 4.48 4.84 5.42
4.65 5.16 5.36 4.75 18.08 27.18 23.57 7.44 9.02 5.91 5.68 6.47 6.03 6.09 3.05 4.06 9.1 20.98 17.07 18.71 9.46 8.63 11.28 8.8 8.66 10.89 21.86 9.57 9.57 4.73 5.07 4.3 12.14 6.34 3.74 5.43 9.75 9.44 8.91 7.33 5.81 7.41 8.03 9.85 10.36 11.97 4.95 19.75 6.82 7.28 11.8 5.97 6.57 7.96 15.24 18.85 13.18 7.82 10.74 5.64 3.8 5.35 4.04 7.83
4.29 5.53 4.14 6.74 12.19 30.27 24.24 9.78 2.76 4.37 7.98 6.5 8.01 3.32 3.46 4.15 15.91 18.9 16.85 13.8 9.55 7.46 11.77 13.44 14.79 15.75 17.73 19.61 6.63 4.35 3.54 4.74 7.3 5.64 6.96 4.92 10.47 11.69 8.87 6.7 26.04 12.46 8.2 6.94 7.57 13.15 6.13 10.82 6.68 6.27 6.7 5.11 5.96 10.94 13.32 17.22 15.03 6.47 4.97 5.68 2.84 3.31 3.09 6.02
7.05 2.69 4.78 7.52 23.46 30.91 11.06 9.95 6.7 7.98 10.23 19.38 7.32 5.23 3.51 7.33 14.89 22.99 29.5 11.1 7.65 4.12 5.66 12.55 24.19 18.0 16.41 17.76 9.8 9.11 4.06 8.88 5.54 6.35 6.14 6.68 10.25 10.61 14.23 8.77 13.88 19.04 16.34 6.6 9.13 8.59 16.76 6.09 7.16 8.84 7.52 7.2 6.84 6.59 13.85 13.96 16.57 7.37 2.79 5.6 5.13 5.37 4.15 11.57
8.8 4.15 3.8 10.63 27.0 19.94 26.46 14.0 15.35 14.15 12.19 12.05 2.76 5.76 3.75 5.5 6.12 16.56 23.2 31.82 13.9 9.1 5.45 11.35 15.01 32.2 21.57 11.35 16.96 10.84 8.65 6.3 3.21 4.08 9.4 7.56 10.92 20.17 17.95 17.82 17.94 27.64 5.92 4.32 6.72 5.78 21.85 12.74 17.79 11.79 9.49 6.28 7.44 7.91 11.77 20.93 11.38 6.27 5.66 4.44 4.16 3.47 3.86 7.23
5.85 8.89 11.03 17.41 21.94 21.87 16.34 10.62 14.52 8.01 15.46 8.81 5.82 3.81 5.75 4.8 7.43 15.7 38.36 24.08 14.84 10.41 7.7 17.56 19.83 24.52 11.21 6.11 17.21 11.21 14.09 7.09 4.0 3.94 3.92 9.52 19.93 22.05 11.1 8.95 13.58 7.66 9.31 5.86 3.94 11.16 20.67 14.29 8.2 10.16 10.53 13.07 5.63 6.98 8.6 22.62 13.22 3.72 4.94 2.04 4.31 5.31 4.3 11.63
13.12 14.27 21.71 26.67 19.76 24.1 7.72 13.83 11.69 8.18 18.29 8.76 5.26 5.67 4.84 3.92 8.87 14.33 30.48 21.33 25.23 12.54 16.37 13.56 13.87 21.1 7.54 6.35 14.55 18.91 10.4 11.12 2.84 2.99 5.97 8.03 11.18 15.15 11.5 10.01 9.07 4.56 5.22 6.62 3.7 12.19 17.84 18.25 9.99 9.35 17.2 8.94 8.6 8.73 8.53 12.21 8.47 4.73 2.8 3.66 3.92 9.79 8.62 11.25
7.46 10.14 25.38 26.47 24.44 10.13 6.48 5.0 9.68 14.84 12.08 7.22 4.92 4.12 7.27 10.58 9.68 19.98 20.66 18.62 10.62 15.43 10.52 10.5 9.48 14.03 11.67 13.41 15.14 22.69 15.21 10.3 2.73 2.43 5.3 8.44 11.66 18.32 6.11 6.88 5.41 5.2 5.38 4.13 5.21 15.9 20.18 15.54 15.57 17.9 8.87 9.17 7.25 6.45 16.91 11.36 11.31 5.54 4.84 3.48 5.92 5.7 9.16 9.05
3.88 17.05 26.48 21.31 18.72 7.77 10.75 7.31 9.37 13.06 8.1 4.68 4.12 4.95 5.29 13.9 22.29 10.87 10.67 24.62 20.25 9.17 6.07 5.46 11.19 10.77 13.74 9.87 9.84 10.74 7.33 8.4 4.38 3.21 4.51 5.32 13.36 9.89 11.61 4.03 8.06 6.17 3.18 4.69 4.84 9.47 23.55 29.87 18.43 18.45 7.56 11.22 12.6 8.8 11.52 5.11 11.58 8.06 8.1 4.53 4.07 6.36 6.98 6.01
6.38 14.88 21.5 52.26 11.78 8.15 8.23 7.47 8.57 11.78 9.38 7.7 3.86 4.53 4.67 10.93 12.33 5.65 9.26 8.2 9.88 10.77 4.97 4.2 6.24 7.27 15.06 8.02 16.17 6.27 8.74 9.25 3.19 2.9 3.09 5.17 12.69 7.59 5.36 5.82 5.53 6.83 5.0 7.71 7.79 8.04 28.29 19.61 21.09 21.93 10.11 7.94 10.3 15.7 7.49 7.61 15.21 18.1 9.68 4.26 4.98 11.92 8.57 6.43
7.79 17.91 7.72 20.86 12.77 8.74 9.91 7.64 20.59 7.79 15.96 4.99 3.33 3.32 4.94 8.44 3.88 4.22 7.38 7.76 8.54 8.23 3.96 3.13 5.97 7.72 16.38 10.72 16.56 6.18 6.22 10.43 5.26 5.86 4.45 4.45 6.79 8.9 5.93 7.25 7.47 6.22 4.15 5.24 8.49 10.56 13.74 25.36 27.17 14.68 10.89 8.38 6.71 10.61 6.08 6.37 8.04 11.18 9.22 4.23 4.16 5.49 6.33 8.42
6.58 8.5 8.41 17.04 11.65 6.59 5.48 8.52 14.22 18.27 9.1 3.1 2.93 2.31 4.3 8.88 6.33 3.51 4.08 4.24 6.13 13.26 9.08 6.57 6.14 11.89 5.11 9.05 14.18 8.54 8.19 6.71 4.77 4.14 3.55 6.14 6.96 15.54 11.78 10.23 6.03 5.89 9.61 6.03 4.55 9.53 15.72 5.81 10.04 10.54 4.74 4.58 3.87 11.28 4.13 5.26 9.88 5.59 6.6 7.52 5.14 5.08 7.15 5.53
10.04 10.87 7.85 13.0 13.38 10.12 5.8 9.95 8.24 12.19 9.1 3.68 2.18 1.9 2.29 3.84 3.99 4.42 3.15 4.47 9.33 22.98 11.49 8.35 8.36 3.6 7.09 7.16 14.33 8.25 6.94 8.03 6.12 5.43 3.06 7.91 11.66 12.31 13.83 10.87 6.16 3.74 5.93 6.12 4.5 5.63 13.85 8.87 5.19 7.54 6.51 6.4 4.15 11.12 7.75 2.76 9.71 9.76 6.34 11.13 9.97 10.26 6.49 3.15
8.55 13.75 10.79 8.02 6.93 6.95 8.45 6.36 6.18 8.67 7.14 5.57 1.74 2.44 2.85 7.94 12.35 3.27 4.09 4.86 7.51 25.4 18.52 9.13 8.16 4.05 5.5 8.85 8.67 5.08 8.19 9.68 5.99 3.76 5.42 4.55 6.91 6.66 11.52 7.59 6.15 7.29 5.68 5.41 6.64 5.64 9.07 6.92 4.93 4.3 5.06 4.33 5.03 5.6 10.79 8.88 6.19 6.52 9.54 9.48 11.1 10.73 6.67 4.2
11.92 8.09 14.91 16.4 5.11 4.81 8.02 7.89 9.93 12.42 9.38 5.6 3.23 4.13 5.21 6.88 15.84 9.53 3.77 4.37 9.57 17.34 13.2 8.34 5.31 10.07 6.94 5.92 6.15 8.57 11.63 10.42 3.45 5.46 2.47 4.16 4.53 5.33 7.22 6.97 3.94 3.68 4.71 4.53 5.27 3.5 5.42 6.09 5.02 5.52 5.74 7.4 4.66 8.75 8.5 8.87 4.71 2.98 5.5 9.6 12.16 9.36 8.62 5.02
17.09 8.36 10.15 9.75 9.88 3.86 6.85 10.84 24.75 17.26 13.21 9.01 5.68 7.65 6.67 6.1 4.7 6.63 6.38 3.78 8.36 18.0 16.88 10.98 11.37 16.71 11.37 6.05 8.41 8.46 6.76 6.11 4.39 3.9 4.36 3.66 5.5 6.6 7.26 11.95 9.06 5.03 4.18 5.46 7.46 4.35 4.81 5.77 7.68 6.09 6.12 10.67 4.78 9.15 11.21 8.84 6.85 4.7 6.59 11.3 8.58 9.93 11.32 5.81
17.17 15.46 9.96 10.76 4.11 5.02 5.15 7.68 11.43 9.7 17.45 18.8 13.74 5.28 7.78 6.78 7.93 9.44 7.4 11.43 5.93 20.65 11.28 12.21 12.01 7.54 6.01 4.23 5.76 5.75 8.73 8.89 13.24 6.1 12.24 10.71 4.86 3.83 6.06 12.29 8.23 4.61 4.55 7.08 12.05 8.33 10.72 5.88 12.32 10.64 10.47 9.51 5.15 10.43 7.62 6.56 5.49 4.32 3.2 5.22 10.96 13.75 10.43 5.73
13.32 14.43 8.69 11.75 6.05 4.72 6.01 9.05 13.22 11.03 21.72 15.79 12.34 8.92 7.15 4.12 8.11 18.33 11.73 5.12 5.68 16.36 19.71 13.48 10.11 7.55 5.72 3.54 4.17 3.56 4.33 8.58 12.77 7.66 4.74 13.13 7.29 2.6 4.98 12.35 9.71 8.16 8.34 17.11 14.73 7.37 10.18 3.19 4.97 7.12 7.77 5.12 6.64 12.02 7.53 6.97 12.21 7.58 4.7 9.68 14.54 18.78 10.33 9.78
19.22 8.27 9.12 7.17 5.59 7.08 6.34 7.98 16.59 19.92 26.27 17.21 11.83 14.36 11.55 5.72 13.83 19.45 19.72 8.02 6.15 10.02 8.35 17.06 10.13 6.65 5.43 6.98 6.1 2.96 5.03 6.64 10.24 10.82 6.59 7.02 8.27 4.48 5.56 10.02 8.46 12.17 8.27 15.1 8.27 6.54 9.67 10.38 9.29 6.41 7.52 3.46 11.48 11.51 15.79 7.9 7.02 9.75 8.88 15.13 12.21 17.78 13.62 7.92
12.17 11.38 7.48 5.41 3.35 8.51 14.32 14.62 21.1 19.21 13.58 12.53 12.36 13.54 13.0 9.04 21.14 22.56 12.99 14.15 12.66 9.49 9.5 19.57 16.01 14.01 8.38 9.89 2.96 2.49 3.58 5.51 8.27 8.23 9.66 9.54 8.25 9.78 10.05 11.85 10.92 10.28 7.14 5.52 8.35 9.64 4.03 8.0 9.88 9.29 5.66 7.82 14.26 17.94 10.72 14.6 5.31 4.79 7.19 7.89 8.48 9.21 9.72 6.73
15.55 7.54 13.22 5.61 4.94 4.65 6.56 15.85 8.37 41.04 15.71 9.24 8.31 19.5 15.04 14.18 19.05 13.71 11.73 10.71 22.11 9.76 14.11 13.87 10.55 7.2 13.2 11.43 2.81 4.71 5.47 4.79 6.09 7.86 9.31 17.13 13.19 9.99 7.18 9.91 8.52 5.24 5.07 5.99 7.58 6.85 6.31 5.07 10.75 15.69 15.2 9.14 18.56 23.41 16.83 11.27 7.3 3.74 3.44 8.41 8.34 11.99 7.69 9.58
10.84 5.69 5.35 3.93 7.88 5.84 6.25 14.89 13.55 19.9 15.41 6.85 4.87 11.88 17.39 8.11 7.64 12.21 14.71 14.05 16.02 20.88 10.06 13.24 26.18 17.21 13.75 10.1 6.22 3.36 5.2 4.91 8.19 6.62 6.97 9.78 9.43 12.2 7.97 13.09 4.83 11.28 6.05 15.08 13.28 6.88 9.23 7.98 16.99 20.8 19.46 13.21 18.65 12.81 16.96 13.32 6.32 4.09 5.46 6.09 7.24 10.81 13.2 13.7
3.33 4.7 3.15 3.76 3.48 6.79 7.22 7.92 13.61 13.65 11.45 4.95 6.02 6.52 19.24 10.83 16.63 8.98 9.73 16.51 15.15 14.54 11.61 14.49 18.79 19.61 10.22 9.84 12.34 8.78 7.9 6.01 10.24 5.17 10.77 9.33 11.6 6.55 14.68 12.29 6.47 5.35 9.9 18.22 9.91 6.89 6.48 14.21 16.2 26.26 14.29 11.86 14.93 14.97 9.26 10.77 5.82 6.56 8.22 7.1 8.76 9.82 9.48 9.41
5.53 2.82 4.33 5.17 4.16 9.17 6.41 10.53 8.37 8.18 6.26 5.64 3.56 4.59 6.36 6.97 10.91 8.89 14.78 10.63 14.72 10.6 21.97 23.48 20.45 23.34 14.77 13.56 7.06 6.26 8.6 6.48 8.93 6.48 10.49 14.07 23.5 9.21 6.51 9.62 10.71 3.93 11.49 13.86 8.17 5.91 11.98 8.1 13.41 34.68 29.97 17.71 10.02 16.28 9.82 13.49 5.11 8.32 7.91 9.37 18.52 8.9 7.57 8.77
11.42 6.22 7.27 2.79 6.69 4.43 2.71 4.34 5.43 4.91 3.33 5.24 3.39 7.78 9.98 13.33 5.54 9.03 12.31 20.77 15.31 7.24 11.51 13.96 15.4 14.79 10.66 6.6 6.88 7.96 9.82 15.32 13.72 23.75 15.85 10.5 10.79 17.98 9.3 6.87 7.19 7.16 10.83 9.95 6.06 8.03 11.38 23.14 11.78 35.6 31.26 23.15 17.19 7.88 13.03 9.76 8.54 11.52 14.01 12.11 12.4 10.69 5.85 15.76
7.02 6.02 5.49 2.53 4.64 2.85 5.17 6.91 6.59 7.9 4.4 6.04 9.15 7.82 6.0 6.1 5.78 8.59 7.24 13.67 19.89 10.29 6.33 8.26 20.97 31.52 10.53 18.26 7.79 9.88 7.66 13.09 9.93 5.9 12.42 9.4 10.33 8.51 11.59 8.41 9.79 11.53 13.46 13.06 3.81 9.38 8.36 13.34 14.06 16.55 22.87 13.03 16.66 4.79 8.66 8.66 5.34 10.17 22.34 8.79 6.12 11.35 7.99 8.83
6.05 4.66 4.31 2.72 2.96 3.2 5.65 8.3 5.48 7.19 9.36 11.7 11.75 14.68 11.58 6.0 4.18 5.43 6.92 9.84 12.31 8.56 12.86 8.56 11.57 20.23 12.3 17.17 10.01 13.38 8.91 7.32 7.27 5.91 6.07 9.24 14.03 7.2 8.48 7.2 14.79 7.74 10.98 9.32 3.67 5.25 8.26 10.9 13.18 19.49 23.97 16.53 8.93 2.51 3.87 7.93 10.28 16.09 16.28 5.91 3.7 7.74 7.07 8.0
3.31 2.23 3.76 3.24 5.11 5.89 11.68 7.65 6.2 9.06 11.48 18.43 13.64 14.33 6.77 5.57 3.07 4.06 7.0 6.8 17.95 17.27 19.94 7.99 10.5 21.19 10.98 8.06 5.97 7.17 7.03 8.39 5.01 5.77 24.21 12.16 10.29 5.66 6.65 12.51 13.49 9.83 8.17 10.28 10.93 9.95 5.62 11.0 16.49 17.41 18.98 11.5 9.6 1.07 3.28 7.58 4.41 8.7 12.1 9.68 4.49 4.91 9.36 13.62
3.13 1.3 2.71 3.77 4.88 5.32 7.57 7.2 9.91 21.83 13.36 9.16 32.05 17.64 14.01 5.82 4.74 4.6 3.82 4.4 8.32 15.38 18.05 9.14 9.2 9.12 8.64 5.55 5.51 7.39 6.7 6.0 6.52 7.86 9.9 16.21 6.52 5.87 3.05 8.37 8.05 9.07 14.94 11.64 12.74 8.77 4.08 6.32 11.61 16.3 11.93 6.37 2.82 1.11 3.07 4.64 7.2 14.43 18.77 6.21 8.72 7.13 11.73 15.19
2.51 3.63 3.26 5.85 7.21 6.44 13.41 16.63 14.24 18.98 11.84 9.0 28.17 17.51 6.43 12.99 5.34 3.51 2.59 6.52 10.1 10.7 24.11 8.03 8.61 4.96 4.92 5.71 3.85 3.69 3.13 4.16 3.27 7.91 6.44 9.55 6.44 5.64 4.91 4.76 10.12 7.0 6.41 7.53 7.59 7.17 6.32 7.08 7.48 9.88 9.99 7.02 2.78 2.23 3.49 3.52 7.21 10.37 24.07 6.9 6.2 12.62 10.82 12.69
2.65 2.82 4.99 5.03 7.81 8.3 9.13 9.26 13.05 22.77 15.14 15.44 29.19 24.15 12.82 11.96 5.57 3.12 5.36 5.4 6.84 15.17 21.33 15.97 7.69 6.21 4.39 5.05 4.47 4.1 3.72 2.7 3.8 4.46 3.66 5.48 7.52 5.84 8.21 9.47 16.27 10.31 17.5 6.95 8.2 5.63 3.84 5.38 5.78 7.86 11.23 10.93 3.25 2.13 2.18 6.35 16.19 17.9 19.06 7.65 8.58 6.45 7.66 6.46
8.28 5.96 3.6 6.64 8.61 5.27 7.02 6.72 7.68 24.73 33.14 13.66 17.88 22.65 28.08 12.03 4.59 3.4 4.45 6.17 9.33 8.91 12.82 4.97 9.88 11.17 5.53 5.98 7.16 6.06 5.33 3.86 3.8 7.56 4.85 6.55 4.41 4.97 4.36 8.04 16.85 7.64 10.85 6.43 7.89 6.09 3.49 7.46 6.32 10.33 16.67 14.13 4.88 4.07 3.92 7.75 3.24 10.13 9.31 6.44 3.77 3.24 7.67 7.59
10.42 7.62 5.85 5.35 6.81 3.53 3.76 4.72 5.93 16.38 15.7 12.04 20.8 21.98 32.3 23.6 5.33 5.31 3.65 4.04 5.38 6.41 8.34 5.96 9.52 9.67 3.82 2.74 6.01 7.01 5.53 3.68 6.2 7.31 4.41 7.02 6.26 8.6 3.77 10.04 8.33 19.62 23.32 7.38 3.2 5.05 4.54 4.22 4.64 7.79 17.41 14.4 6.39 3.43 5.94 8.75 6.82 9.81 5.95 8.2 4.86 3.8 7.21 8.98
6.64 12.39 4.26 7.54 4.5 5.08 6.96 8.9 9.8 8.84 28.23 13.55 19.88 18.72 23.01 13.44 5.49 4.24 3.5 7.48 3.96 7.7 4.92 7.33 12.94 12.96 8.03 4.67 5.89 10.9 6.21 5.12 7.79 4.89 10.41 6.4 7.08 6.56 10.15 11.85 9.64 11.61 16.88 7.31 4.23 4.59 5.27 4.42 4.14 5.34 9.75 8.9 5.52 4.3 3.12 2.6 7.51 14.14 11.47 6.1 8.59 5.84 11.35 7.48
5.92 8.36 8.17 12.18 3.7 4.78 6.49 10.32 10.01 17.44 15.09 13.76 8.47 14.35 25.4 16.74 10.01 5.33 4.49 4.46 5.33 11.39 9.86 7.91 13.78 20.38 6.93 7.2 7.79 8.0 5.11 5.83 9.44 9.65 9.66 12.05 13.97 4.89 6.58 7.55 12.37 7.3 10.15 3.64 2.63 2.21 3.19 2.67 4.43 4.67 6.14 5.32 2.08 4.32 3.22 3.89 4.55 10.92 12.24 5.12 10.82 9.09 8.82 11.24
10.25 4.41 12.41 10.3 6.68 4.13 5.23 7.05 6.7 5.02 9.39 9.16 7.4 12.26 18.03 27.79 12.86 7.11 3.38 6.0 14.69 7.6 10.77 7.08 11.6 15.34 11.43 3.36 9.75 6.53 9.71 8.28 13.35 21.22 8.99 9.4 5.08 6.07 6.59 7.37 7.19 6.59 4.75 5.05 2.92 3.45 2.98 4.73 5.07 3.18 4.94 5.7 2.89 5.29 4.02 3.21 4.38 10.86 8.97 7.82 8.11 11.62 19.02 19.36
7.09 4.02 7.09 7.0 5.22 3.19 3.73 3.03 8.91 5.06 5.76 8.2 11.04 9.07 9.1 24.48 16.04 10.1 4.82 4.75 6.19 6.93 7.74 9.17 11.78 14.84 17.28 13.51 9.52 6.27 11.34 7.67 12.15 9.8 9.21 5.4 4.81 6.05 4.8 8.57 13.33 13.04 7.25 4.4 3.13 4.9 1.5 4.01 4.52 4.54 3.62 6.6 5.75 3.38 7.16 7.91 11.24 14.3 7.44 7.73 14.37 13.68 18.54 21.65
7.43 6.1 4.0 4.51 6.23 6.32 2.99 3.76 4.23 6.14 4.68 5.47 7.76 7.5 12.32 18.01 17.4 10.2 6.05 7.95 5.51 6.13 5.63 11.15 10.56 12.73 9.93 10.87 5.39 10.32 4.64 3.79 8.34 7.65 6.03 4.08 5.68 8.94 5.61 5.63 7.86 6.38 4.41 3.1 5.21 2.63 2.2 7.52 9.28 5.38 10.2 6.3 4.86 5.43 9.79 13.6 10.41 13.35 4.8 3.23 7.94 20.7 21.26 17.05
6.17 4.0 5.35 4.28 7.94 5.75 2.79 3.42 5.75 7.19 3.17 4.79 12.57 12.98 6.57 11.23 12.31 6.0 5.12 6.64 9.15 13.56 6.9 8.68 14.65 9.16 8.95 4.04 4.1 4.33 3.56 2.46 6.38 5.95 3.36 6.1 9.22 6.41 5.19 7.31 4.94 5.43 8.51 9.92 8.55 3.0 6.29 6.24 13.52 10.19 16.62 12.44 5.52 6.92 10.58 11.61 12.32 8.43 10.67 9.56 10.16 21.28 17.12 15.42
6.52 4.14 4.42 6.9 3.85 4.73 3.29 4.68 6.12 4.76 3.65 3.9 5.71 12.45 12.95 7.04 9.62 9.71 9.7 9.87 10.24 12.03 3.93 7.68 10.06 6.17 5.75 5.19 5.78 5.26 4.35 3.4 6.06 6.96 4.23 6.05 9.7 6.65 7.35 4.46 2.36 5.66 8.52 19.57 10.22 8.85 10.79 18.16 21.93 16.21 20.36 11.16 6.32 6.22 7.41 6.61 16.76 21.51 10.57 8.87 11.15 22.54 24.91 18.81
4.16 7.63 5.7 7.48 3.18 6.78 7.52 9.33 4.71 1.95 1.99 3.18 7.19 6.71 12.75 8.71 10.3 6.52 12.64 8.88 12.01 13.83 6.11 4.79 5.63 10.7 8.09 7.36 4.82 5.09 3.38 2.05 2.71 4.01 4.41 7.68 6.67 9.85 9.48 6.4 3.37 4.45 6.47 12.08 19.81 19.18 14.14 10.66 17.44 7.2 10.05 10.22 7.94 6.23 7.34 14.37 11.12 12.95 14.04 10.69 9.56 11.99 25.17 19.82
5.32 5.77 12.23 8.55 4.25 4.84 4.83 3.6 2.58 1.78 2.59 3.22 10.05 12.83 8.83 9.39 9.46 10.41 11.35 6.51 9.8 11.29 6.5 5.17 3.6 5.36 10.39 7.84 4.15 8.25 6.07 3.83 3.24 4.15 3.82 10.72 12.96 9.6 13.3 8.84 3.06 5.06 9.47 14.05 17.88 11.93 12.21 10.1 11.6 8.53 8.11 6.11 8.2 4.97 7.71 8.91 16.97 13.29 9.26 12.82 13.34 10.64 14.87 18.7
7.46 7.63 8.4 7.68 6.7 3.17 5.43 3.13 2.25 2.01 4.11 5.77 6.18 9.61 8.18 6.07 6.83 5.42 14.78 8.64 14.08 12.27 5.23 7.64 11.62 8.99 9.39 10.78 6.29 5.38 5.18 9.25 7.65 4.94 9.09 11.25 17.9 12.53 12.09 10.79 5.06 6.48 6.03 12.12 11.08 7.87 8.47 13.38 6.72 9.61 7.19 6.14 8.93 14.94 12.35 9.26 8.43 8.23 9.85 6.79 5.64 14.93 11.52 12.43
5.0 7.09 8.62 4.18 2.21 4.54 6.3 3.02 2.61 2.72 3.92 10.62 6.3 10.35 15.41 12.28 7.31 4.27 5.93 4.55 9.67 6.83 4.95 5.36 15.18 7.29 9.99 8.34 9.64 9.93 8.14 9.1 9.94 7.08 8.53 13.45 12.57 7.57 8.83 4.05 7.76 6.15 4.63 8.77 7.07 8.81 7.07 12.46 12.79 5.58 5.94 7.05 7.47 12.54 19.03 11.93 10.92 7.57 6.65 7.87 8.75 33.98 16.43 12.03
5.68 4.57 7.68 6.19 3.49 5.84 7.27 3.68 3.81 2.5 4.79 13.88 9.41 13.81 8.82 9.17 3.65 5.58 6.29 4.37 4.7 4.19 4.2 5.37 6.9 15.58 15.08 10.69 7.69 7.14 7.11 14.48 11.95 6.16 5.38 12.54 16.94 8.49 8.52 8.29 6.23 3.34 2.26 9.52 5.74 5.74 8.39 5.12 8.01 15.0 11.3 12.73 14.32 11.12 14.33 15.35 12.75 9.44 7.45 10.82 13.18 12.85 21.22 11.35
