5.53 5.55 5.37 2.66 2.79 4.78 2.39 4.63 6.29 6.58 4.91 5.27 4.16 4.64 8.31 7.22 3.93 3.52 8.19 3.54 2.95 4.77 4.1 11.22 7.76 3.95 7.14 7.09 10.7 9.26 4.34 11.92 7.33 9.67 8.49 8.44 12.33 8.9 11.3 9.88 8.91 5.21 7.73 5.92 5.25 6.66 15.16 8.29 6.16 7.45 5.73 4.71 9.0 25.43 10.81 11.51 6.1 7.22 6.04 6.77 3.41 7.04 6.83 6.09
8.27 6.5 7.4 3.94 3.68 5.46 9.34 6.2 6.04 9.63 5.93 6.58 5.65 7.76 4.0 9.06 2.31 2.98 4.75 3.4 2.76 6.06 7.84 9.9 9.72 5.1 6.56 8.11 10.07 8.17 3.9 5.39 6.98 5.67 5.93 8.61 7.63 10.5 7.96 7.42 5.81 6.26 9.69 11.9 6.06 9.51 9.83 11.19 7.52 6.79 5.2 5.91 8.03 23.49 7.1 4.92 6.97 11.34 10.38 6.78 11.67 9.19 4.62 6.13
11.39 8.68 6.21 3.9 2.52 4.15 8.73 5.38 7.14 14.01 13.78 5.7 6.15 7.8 7.14 8.06 4.44 2.37 3.88 7.28 3.63 5.57 8.79 10.88 24.83 13.26 9.82 6.99 6.11 7.23 4.26 5.27 8.22 7.42 6.71 7.18 8.29 9.2 6.12 5.13 9.95 10.31 10.98 11.05 11.41 8.18 5.29 4.96 4.45 4.76 6.37 8.84 10.98 17.97 8.19 12.4 15.44 13.15 25.96 11.92 9.28 10.38 8.64 8.09
6.96 6.73 4.0 3.71 2.83 4.54 6.11 8.96 11.95 21.4 12.28 6.0 4.03 5.16 5.29 7.73 6.69 2.72 4.32 5.45 3.01 6.78 13.07 10.73 11.34 12.01 8.7 7.13 8.34 8.87 5.45 5.13 7.12 19.04 4.94 5.28 9.27 5.73 7.72 12.85 15.69 11.69 5.97 6.92 5.57 6.31 5.99 5.44 9.54 6.71 11.17 7.58 11.96 11.54 14.71 9.03 10.76 16.9 33.87 23.53 13.37 15.07 9.21 8.84
4.55 5.82 13.5 5.28 11.47 10.08 10.01 13.17 8.98 14.48 8.39 5.45 6.34 4.73 4.57 8.95 6.47 5.85 2.26 5.43 6.25 9.39 9.89 5.9 5.87 10.93 8.43 12.24 9.37 14.4 9.7 5.61 5.67 10.92 5.63 4.46 8.75 7.39 5.72 11.13 13.11 7.59 5.41 7.51 8.03 8.6 5.85 5.0 2.87 8.63 11.29 6.45 12.23 9.95 14.85 28.36 8.17 11.51 15.82 12.94 14.12 14.4 11.19 5.78
6.87 6.86 15.78 9.1 14.03 26.3 12.78 15.05 9.73 9.8 10.74 9.54 9.88 5.64 5.19 7.08 8.47 11.06 5.52 5.73 7.02 11.16 6.72 10.07 7.7 5.04 7.51 13.65 19.05 15.11 9.86 7.63 3.81 4.86 4.42 3.94 9.0 9.95 6.36 4.53 8.25 3.97 6.76 3.97 5.26 5.14 8.0 5.45 5.46 18.06 14.04 6.62 13.87 5.98 13.69 36.27 8.06 8.24 12.36 13.32 14.64 8.14 7.1 6.5
11.1 9.76 8.71 9.61 10.74 8.81 14.61 9.04 17.13 18.98 6.44 10.75 4.23 5.34 5.99 6.22 10.39 12.02 8.99 6.21 7.81 9.94 11.33 11.32 6.97 2.81 15.27 17.25 12.01 12.78 10.23 6.45 7.83 5.33 6.79 5.74 4.62 5.27 2.97 2.36 3.75 3.18 4.02 3.09 4.87 5.37 11.79 9.45 4.35 13.5 13.65 7.74 13.34 4.82 6.25 12.81 10.75 5.8 11.75 9.5 11.3 9.79 7.3 4.21
8.38 9.11 10.9 11.25 13.76 10.94 26.75 20.07 14.57 15.46 7.89 5.61 4.41 5.64 8.71 7.78 6.25 12.58 6.3 5.78 7.25 9.61 7.22 4.86 5.19 4.13 10.25 24.09 9.15 10.43 11.8 6.57 4.31 8.79 4.25 3.77 5.5 6.99 4.29 4.46 2.79 3.74 7.79 6.21 6.16 9.42 9.16 8.64 7.14 11.4 9.22 11.34 11.8 10.28 9.24 6.87 8.06 4.88 4.83 6.22 6.02 7.76 7.43 5.01
3.89 9.34 8.88 9.04 13.54 10.24 13.24 13.11 13.74 11.34 10.48 7.41 3.11 4.98 15.24 6.4 4.62 7.77 4.51 7.03 10.36 5.48 8.99 6.06 4.36 12.47 7.15 5.29 13.79 6.47 6.9 6.89 3.76 6.76 5.39 4.56 8.08 4.82 4.06 3.23 4.89 3.97 4.18 3.77 3.01 4.76 11.57 4.99 12.78 14.53 10.16 8.55 8.93 6.17 6.11 2.54 8.77 8.18 7.8 7.9 9.32 11.58 5.36 4.31
4.74 6.11 11.46 14.0 16.44 18.4 15.11 7.36 11.78 6.6 4.7 7.39 7.04 5.23 14.69 8.92 5.06 11.07 7.22 4.26 9.38 4.75 5.65 9.88 4.67 11.19 14.19 8.51 7.45 10.6 6.46 8.71 7.42 6.65 8.37 4.95 7.96 3.81 3.38 4.77 3.56 4.5 3.98 4.42 7.07 4.48 4.11 7.71 8.55 19.07 7.15 3.92 8.13 7.39 5.21 3.64 6.76 8.23 4.61 3.02 3.86 7.05 6.39 4.77
4.0 5.03 7.03 13.31 13.76 12.12 9.52 9.56 9.21 6.27 7.15 9.75 9.56 7.05 10.15 7.4 6.08 10.34 3.82 3.23 6.15 10.71 7.46 9.43 7.96 17.13 22.13 11.08 9.87 7.45 6.55 9.7 6.34 6.97 4.75 7.42 9.02 5.66 5.01 3.32 3.22 6.02 6.31 4.86 4.9 4.61 3.94 13.71 14.43 9.83 9.09 6.43 8.14 7.89 3.29 4.78 8.51 8.88 3.71 2.98 3.77 4.34 7.19 6.35
5.43 7.39 8.86 9.69 13.33 17.35 11.46 7.05 11.12 8.32 9.05 14.42 8.41 8.71 8.13 6.98 5.69 6.13 2.98 2.38 7.5 14.75 11.67 13.99 14.32 17.89 18.22 7.9 5.5 4.56 6.01 9.48 6.93 7.34 4.19 7.21 9.22 4.47 1.65 2.13 2.83 5.92 9.45 5.92 6.68 4.75 4.52 9.84 8.74 8.27 8.12 14.79 12.0 8.35 6.85 4.41 6.67 3.01 6.32 4.05 4.28 4.31 4.52 7.69
8.58 6.73 8.43 7.85 14.79 13.26 10.33 9.51 11.46 15.72 4.8 6.1 10.28 10.22 12.42 6.1 6.4 9.73 4.7 5.18 6.22 6.91 12.03 15.33 25.41 22.01 10.27 13.7 4.53 5.12 7.17 11.82 4.54 5.16 4.43 6.79 5.23 4.03 2.23 2.83 4.8 5.54 7.06 6.02 6.74 4.79 6.19 10.78 13.06 14.57 11.08 19.2 11.88 7.53 11.06 3.67 5.64 3.87 3.05 6.21 6.29 4.4 5.4 4.64
6.52 13.29 10.52 8.23 8.4 6.32 11.28 9.48 13.67 6.98 5.83 12.87 11.14 13.73 7.89 5.87 5.78 5.42 7.45 5.11 5.67 8.87 12.46 12.03 13.23 12.68 8.09 5.8 5.47 2.51 2.57 7.95 6.45 5.0 8.36 5.68 5.23 5.3 2.78 3.07 3.92 5.81 9.6 14.21 9.57 4.31 21.1 10.84 15.25 17.44 8.06 19.87 15.65 8.65 12.44 3.12 4.62 2.45 2.33 2.6 6.78 8.37 3.35 8.93
3.24 9.82 5.98 5.98 7.46 9.23 5.42 7.68 6.15 6.46 7.05 13.29 13.52 9.58 13.32 10.98 4.87 7.46 10.24 10.98 9.15 13.78 11.49 15.14 7.41 5.25 5.53 8.35 5.83 6.66 2.69 5.9 5.55 3.23 5.22 6.48 6.76 3.49 5.91 2.99 5.22 7.83 3.3 11.21 4.75 6.81 14.44 13.8 15.07 12.26 8.83 15.69 10.97 11.39 8.28 6.84 8.03 5.85 5.73 5.12 7.41 10.12 8.71 10.81
8.38 7.85 3.87 4.06 5.42 7.04 5.31 10.26 5.55 5.1 7.61 10.9 14.46 7.81 10.08 9.14 6.92 5.79 15.06 7.31 9.2 14.24 14.69 14.88 8.27 3.63 5.15 7.2 5.98 4.11 4.75 4.25 4.99 5.33 4.63 6.38 3.56 4.66 7.32 5.76 5.24 2.75 4.72 7.99 6.49 8.56 8.07 9.79 14.45 8.44 7.37 7.69 10.6 13.63 10.07 12.29 9.72 6.43 9.2 4.42 4.02 6.02 12.32 11.47
6.91 5.99 5.26 4.46 7.02 6.6 10.66 11.18 11.99 5.71 8.52 12.67 8.68 7.05 9.4 9.57 9.19 12.35 27.88 20.87 11.25 9.46 12.97 7.23 11.55 6.32 6.29 4.0 4.98 4.62 4.62 1.83 2.36 8.65 6.13 3.57 5.52 6.93 4.93 8.34 5.36 2.32 4.42 9.16 7.58 10.69 9.77 8.31 13.26 8.14 5.1 10.57 7.56 10.94 22.39 8.79 8.21 6.36 7.6 5.51 3.85 4.81 11.38 8.29
4.18 5.74 16.42 7.63 4.96 13.49 14.12 9.84 7.39 7.35 4.86 12.75 18.06 19.08 18.57 11.66 11.82 17.41 19.59 18.58 12.52 9.78 17.12 9.06 8.94 14.27 4.69 6.6 3.77 3.27 1.83 2.94 5.41 10.98 7.96 5.26 4.96 13.29 4.97 5.0 12.58 3.77 5.35 11.56 13.07 14.93 10.97 9.1 7.17 11.35 7.13 8.79 17.04 15.48 14.34 19.56 7.75 9.04 11.84 6.07 3.19 3.06 5.83 13.53
5.72 2.57 8.36 6.76 7.87 17.83 10.26 8.77 9.42 6.94 4.68 10.0 24.16 36.23 19.54 18.54 14.52 7.55 11.15 11.12 18.84 10.73 15.68 8.07 11.39 6.72 4.77 4.62 3.99 4.25 8.04 6.63 7.83 7.29 3.0 7.94 5.31 5.14 9.58 7.65 7.93 6.87 6.56 8.48 11.74 9.35 8.51 10.72 12.2 14.51 14.4 11.79 10.13 15.2 12.19 13.07 13.32 7.28 8.31 6.82 4.09 4.42 3.28 18.88
3.78 6.69 11.54 13.13 18.24 9.89 7.51 8.45 10.19 8.59 10.57 25.87 20.22 25.63 17.46 13.08 17.87 5.36 6.19 18.29 10.2 16.3 22.11 8.86 8.17 4.56 3.63 10.53 6.22 8.93 22.46 10.77 10.39 4.76 5.12 4.1 8.93 8.35 9.26 7.47 4.19 10.99 10.04 12.9 9.61 11.86 12.55 20.24 13.12 10.18 8.17 8.94 7.76 7.78 15.42 8.85 6.93 6.42 10.91 5.19 4.12 2.48 4.67 9.15
4.76 5.85 9.46 12.91 9.97 17.3 4.89 7.13 6.1 8.32 16.52 20.3 11.91 14.05 21.6 11.57 8.51 10.52 12.81 15.48 19.46 11.74 9.41 8.61 10.86 12.35 8.75 14.46 5.21 7.54 19.18 10.01 11.09 5.36 3.22 9.92 9.32 7.73 7.69 5.86 5.71 7.39 9.42 5.73 8.62 14.82 10.23 7.89 7.54 9.96 12.34 10.01 6.82 3.41 7.06 8.35 6.64 13.23 8.86 3.76 3.49 3.39 9.29 8.25
9.77 6.86 5.01 6.21 10.16 17.83 8.09 5.77 8.51 11.18 14.21 11.52 8.2 12.72 5.25 15.56 9.5 12.49 14.64 9.81 17.49 10.72 7.81 5.28 9.88 7.04 7.91 8.03 4.74 3.71 11.51 11.84 6.48 9.32 7.84 10.57 9.61 4.98 3.98 7.73 7.09 6.22 8.1 12.97 8.08 9.37 11.36 8.12 12.28 12.6 9.23 8.18 4.12 3.37 5.02 4.42 5.79 7.15 8.19 4.21 4.88 4.3 4.05 4.52
8.91 4.55 9.12 6.17 9.64 14.44 6.7 6.02 8.03 13.16 7.81 10.13 10.92 14.64 22.55 24.33 8.24 4.33 5.62 10.03 8.82 10.51 7.98 10.15 7.69 3.38 5.14 3.55 2.7 3.75 5.27 5.92 4.2 3.86 16.92 7.53 6.32 5.72 5.07 4.74 7.7 4.8 13.36 11.25 14.31 11.56 11.92 19.54 13.29 10.88 9.0 4.28 7.21 4.08 5.48 6.63 2.9 4.0 6.26 4.3 7.11 4.37 8.1 5.68
6.67 8.56 4.66 4.57 4.27 7.32 12.35 13.99 12.14 14.49 7.43 10.19 6.08 11.74 12.64 10.79 4.13 5.07 14.03 8.85 6.3 4.8 19.09 7.12 4.77 3.89 3.69 4.46 2.66 3.43 4.04 2.66 2.93 3.01 6.46 9.36 5.86 8.96 9.04 6.38 6.31 4.98 16.56 8.82 11.09 7.43 5.38 16.88 14.64 12.57 8.05 2.95 4.75 7.72 2.21 1.86 2.49 2.89 5.0 11.87 5.17 7.19 13.56 12.64
6.72 10.96 8.87 4.83 3.8 6.83 8.33 6.6 9.28 14.02 10.26 10.76 6.85 20.06 12.59 5.99 3.89 4.88 5.24 8.19 7.46 10.14 19.51 10.97 7.28 6.62 3.6 2.87 2.46 2.24 5.57 3.92 2.91 3.14 8.91 5.71 7.17 3.85 5.77 17.37 8.79 11.22 10.99 11.9 11.55 13.85 5.7 10.75 10.71 9.18 6.57 7.02 6.1 7.41 5.88 2.07 5.21 3.74 4.79 16.15 8.08 7.4 10.09 9.76
5.62 6.95 5.4 3.74 3.66 5.78 9.24 9.57 6.89 7.16 7.47 4.5 8.04 11.78 13.89 4.27 4.07 6.14 3.11 6.01 6.54 4.19 9.72 13.89 8.0 9.63 3.69 5.3 5.07 3.58 3.78 2.91 3.11 1.28 3.04 3.6 4.65 6.57 13.34 27.1 12.57 8.32 8.61 7.59 12.96 9.88 9.66 14.11 14.29 18.67 10.66 5.07 5.79 6.85 8.06 3.8 3.26 3.11 6.47 15.98 9.9 4.67 7.54 9.55
6.21 5.53 7.37 5.37 4.99 5.93 6.74 5.93 7.32 7.75 7.67 7.88 10.14 15.91 4.11 3.77 2.5 4.29 8.39 9.6 7.88 11.36 15.31 13.2 11.35 4.0 7.43 6.67 4.03 6.61 2.64 5.07 3.55 1.64 1.83 2.03 5.46 2.59 3.92 13.26 7.81 9.02 10.71 11.28 18.94 12.73 16.03 12.12 8.53 12.18 11.02 4.28 6.08 17.5 8.89 6.38 3.14 3.46 6.47 7.29 12.77 10.47 5.9 11.21
7.78 8.64 9.09 7.22 9.19 5.86 7.85 7.4 4.87 6.38 4.06 4.01 7.39 12.91 4.09 3.7 5.09 6.5 9.28 13.1 4.82 13.83 10.31 10.19 11.93 6.08 10.45 8.6 5.63 6.41 3.73 4.65 3.99 2.33 1.48 1.61 2.75 1.53 4.0 8.71 11.49 14.34 16.02 15.08 10.94 12.16 11.58 16.54 10.65 9.52 9.17 6.77 7.56 18.34 10.82 5.26 5.93 4.42 3.55 8.03 6.51 7.1 6.48 5.76
13.85 12.52 7.15 6.68 5.29 5.18 3.99 6.26 6.42 3.81 3.65 5.0 4.57 8.4 5.03 7.85 4.35 4.66 10.75 8.79 7.77 14.3 11.35 10.26 7.82 10.14 4.03 5.11 4.55 8.22 7.45 6.57 3.02 2.61 1.72 1.64 1.67 1.92 2.62 8.04 36.84 13.32 14.3 10.53 4.77 15.84 28.29 12.33 8.93 9.27 13.01 17.81 11.69 10.61 6.68 6.18 4.57 2.77 3.26 4.55 6.43 7.7 5.69 6.02
17.32 9.04 6.31 5.5 7.56 5.17 6.74 2.79 3.06 4.88 2.81 4.41 5.38 4.16 6.37 8.83 5.79 5.99 11.95 7.03 9.17 14.62 12.72 9.32 5.6 5.46 5.37 3.41 6.38 10.92 15.85 9.27 4.8 2.65 3.27 2.11 2.33 2.22 5.59 9.59 42.93 20.39 7.51 10.76 11.19 15.61 32.08 12.29 6.74 6.46 11.58 10.05 8.9 6.89 9.94 3.97 6.31 2.93 2.42 6.27 6.14 5.86 7.56 3.03
12.24 6.61 4.97 7.87 5.95 3.98 6.22 3.32 2.47 5.73 5.55 3.16 9.57 6.1 6.45 14.25 9.36 9.93 8.13 6.44 8.24 16.08 6.25 5.23 6.87 12.14 6.58 7.74 4.15 5.95 6.57 7.04 4.36 2.18 4.41 2.55 3.0 4.03 4.12 15.03 24.64 17.07 10.24 8.26 7.38 9.69 20.01 9.77 5.28 5.54 7.76 10.0 11.97 5.57 6.67 6.77 6.54 4.95 2.59 4.75 8.8 6.09 4.37 4.39
10.16 7.26 4.96 4.39 2.59 5.02 6.41 7.67 5.12 3.74 3.64 3.67 7.62 10.64 6.66 16.09 6.95 4.08 5.98 8.8 13.16 16.25 8.41 9.6 7.76 12.96 10.21 5.71 5.11 7.3 6.71 10.28 6.66 4.92 3.36 3.61 4.42 3.04 8.4 8.32 20.27 14.66 5.98 8.44 8.86 10.42 19.06 8.6 4.59 4.22 6.53 6.63 6.38 6.29 6.63 6.31 7.39 4.22 3.88 5.95 6.31 8.26 4.51 8.41
6.85 6.24 4.9 3.54 4.22 4.37 10.21 4.86 4.44 2.19 2.27 1.87 4.15 6.4 9.53 9.5 9.03 2.48 5.61 4.66 5.35 10.06 16.63 11.56 18.46 7.82 12.01 8.1 8.65 10.81 9.48 6.02 6.73 5.86 4.03 2.66 4.55 2.43 5.1 8.88 16.31 7.38 9.0 7.37 13.52 18.63 20.95 8.8 6.9 3.74 3.85 4.91 10.24 11.98 7.66 5.96 6.13 6.4 5.67 5.04 5.51 8.37 9.07 6.9
9.34 13.23 11.25 3.95 5.15 5.87 3.38 3.71 3.29 1.99 2.15 3.35 2.86 3.68 6.19 4.89 4.62 3.73 2.87 2.55 6.22 10.8 13.8 16.44 15.61 26.22 14.62 10.02 5.7 5.93 2.39 4.47 7.13 10.05 4.34 4.05 2.61 3.27 3.83 7.08 12.61 4.87 6.01 19.58 11.51 17.11 23.37 11.97 6.69 6.55 6.45 6.36 13.24 7.9 4.77 5.89 4.79 9.25 8.03 4.62 8.9 8.51 8.0 8.32
16.5 8.88 6.4 5.99 5.9 7.46 5.01 2.97 3.75 2.62 1.87 2.1 4.78 3.91 3.47 6.89 5.76 4.19 6.75 4.8 7.8 7.87 7.08 24.99 14.76 14.09 15.12 9.31 6.19 3.9 2.62 4.05 5.98 10.11 5.13 4.25 3.47 3.29 7.97 4.38 9.32 9.61 7.24 29.84 21.87 12.25 19.07 22.12 10.19 10.22 13.33 5.84 10.4 8.67 11.59 12.2 8.58 6.63 9.25 6.46 5.67 13.52 7.86 5.05
13.35 6.79 5.64 4.29 5.06 4.12 3.48 3.16 2.97 1.89 2.49 1.99 6.37 6.22 4.64 5.48 6.79 3.11 5.25 4.35 8.37 8.59 20.16 31.51 8.75 6.16 9.77 12.23 5.6 4.15 5.66 3.68 7.99 10.48 6.37 6.38 3.82 7.2 9.25 7.01 6.03 8.02 14.09 14.39 34.06 13.46 11.22 23.54 16.16 7.78 8.26 3.73 10.01 13.79 19.21 11.52 10.36 8.67 7.68 8.28 7.13 5.42 3.57 3.37
5.73 4.11 2.99 4.22 3.89 6.25 6.23 9.62 4.09 3.54 2.01 1.79 4.19 8.54 6.53 8.89 8.37 9.44 8.71 11.84 8.7 8.82 21.7 14.65 7.76 12.75 9.67 12.1 5.88 5.86 5.17 4.08 7.83 9.96 6.84 6.64 7.02 13.94 9.57 6.33 7.19 5.9 8.17 19.76 18.08 13.69 8.21 28.85 27.69 7.23 12.97 8.03 16.63 10.54 9.39 10.9 11.18 6.82 11.37 8.57 16.62 5.45 2.6 5.79
3.58 5.45 3.93 3.93 2.82 4.7 4.47 4.73 3.37 2.76 3.2 3.21 4.84 9.14 9.73 7.36 8.4 10.26 10.94 8.36 12.8 10.14 14.65 20.6 12.79 7.12 7.47 9.23 7.74 5.74 3.49 7.65 10.81 11.53 11.33 9.33 8.19 6.8 5.94 5.75 7.11 7.8 9.28 13.71 15.98 11.89 11.32 22.17 14.21 7.89 6.34 9.22 8.3 3.8 5.24 11.45 9.47 7.15 8.61 10.92 7.82 2.85 2.91 4.12
4.4 3.11 2.51 2.88 3.79 4.76 4.07 5.72 3.3 5.22 4.23 4.11 10.42 9.57 18.24 12.87 6.67 10.2 12.89 6.94 9.93 5.97 11.97 14.0 13.06 6.92 6.66 11.84 11.48 4.53 2.61 6.67 5.23 6.19 12.41 13.9 7.33 11.51 11.76 9.25 7.48 5.02 6.3 13.77 18.14 9.42 21.93 15.7 12.92 11.55 12.64 3.38 4.15 2.87 2.94 4.3 7.95 6.22 8.17 8.0 7.23 2.32 3.42 3.06
5.51 2.09 2.15 3.44 4.84 3.96 4.19 4.93 4.31 7.48 5.73 5.79 8.85 15.16 16.47 12.01 7.55 7.54 12.82 9.89 6.75 7.57 9.73 14.85 11.76 4.77 4.45 4.97 11.29 5.69 3.88 4.3 3.99 6.15 13.7 8.25 11.32 17.35 16.25 11.73 10.36 5.99 8.01 16.56 12.12 13.81 9.76 27.68 15.83 6.38 8.43 3.68 5.59 4.94 5.15 3.37 5.79 7.68 7.92 7.97 9.5 5.04 4.73 6.31
4.34 3.24 2.16 4.05 4.71 4.66 4.8 5.37 5.63 9.01 6.09 7.34 6.86 11.82 22.45 9.96 10.6 7.88 8.08 9.63 6.15 3.47 7.02 9.95 8.56 5.78 1.91 3.17 8.11 3.96 2.6 4.09 3.99 5.09 10.28 9.21 10.73 21.27 15.64 20.11 16.15 7.68 7.13 11.9 13.57 9.96 10.97 22.75 12.56 6.83 6.64 7.12 5.33 8.63 5.09 4.68 8.82 6.61 7.51 8.97 2.42 3.03 5.05 9.55
5.43 3.33 3.18 5.97 5.47 9.51 4.49 4.16 5.11 7.84 5.67 14.8 15.01 11.81 15.89 8.72 9.9 6.85 8.37 10.76 6.69 4.1 8.24 7.1 6.14 4.01 4.32 2.92 7.08 3.11 6.46 9.79 3.76 4.87 6.08 7.13 20.49 28.07 27.99 36.46 13.32 7.33 6.86 15.1 9.84 12.68 11.13 14.43 15.51 7.54 12.83 9.38 5.11 3.71 6.13 3.26 5.53 6.92 7.68 5.03 3.81 4.33 5.38 12.95
2.99 2.98 3.35 4.81 9.58 6.13 7.97 5.28 6.48 7.55 10.41 20.44 11.86 8.75 13.0 11.92 12.56 10.68 9.92 7.69 9.86 5.3 8.4 7.65 4.46 8.87 3.62 2.69 3.51 3.47 10.71 10.22 5.06 4.83 9.22 5.94 11.33 25.97 25.6 14.97 11.92 18.49 8.86 14.55 14.2 11.32 12.33 12.92 6.47 17.25 7.15 8.04 6.74 4.22 5.71 7.02 6.17 5.7 9.76 5.72 5.13 4.25 4.17 4.86
2.97 1.72 2.86 5.22 7.07 7.87 4.3 6.34 7.72 10.14 10.98 13.04 10.36 6.29 13.66 14.91 14.21 18.03 16.05 9.18 6.75 8.74 9.35 8.35 17.04 7.82 3.3 3.75 4.1 6.11 5.31 7.18 7.07 8.52 11.87 10.47 14.12 23.91 20.34 12.44 13.53 20.98 13.45 5.16 9.69 10.28 7.41 9.03 8.35 12.62 16.28 5.82 10.31 6.33 4.54 11.61 5.98 7.06 5.53 6.15 11.19 6.24 9.21 7.18
2.58 1.43 2.12 4.18 9.07 7.38 4.38 3.77 6.7 10.16 7.39 16.53 8.6 13.66 11.25 12.29 20.23 17.47 10.43 20.14 11.92 16.42 16.65 13.85 9.79 3.51 2.83 2.35 7.02 6.23 7.3 13.26 10.38 8.88 10.36 6.21 9.97 16.31 20.15 21.33 15.69 20.5 7.78 8.07 7.31 6.81 6.42 7.28 11.42 16.4 11.24 14.31 7.5 3.97 8.1 7.38 13.65 12.69 6.22 7.32 5.9 7.23 8.4 9.78
2.82 1.24 2.71 4.9 6.05 6.24 5.03 2.45 3.29 8.49 3.95 19.73 11.66 6.0 20.81 17.42 26.05 24.38 21.04 18.56 14.65 23.38 16.33 15.46 9.56 5.5 4.35 2.6 7.07 9.5 8.95 10.15 10.05 6.18 9.04 6.24 13.94 16.87 29.46 15.3 15.49 11.04 9.26 9.21 5.23 3.4 4.75 6.29 6.44 9.14 7.04 13.89 5.83 3.34 5.47 4.29 9.72 9.53 7.46 9.17 8.44 6.67 11.81 7.92
3.22 7.35 2.92 3.01 4.1 6.93 6.28 3.21 4.38 12.48 7.22 11.56 10.3 4.53 12.47 22.52 25.73 25.83 31.82 15.98 18.83 15.43 25.58 11.12 4.91 7.41 3.86 2.02 7.31 6.86 9.06 8.14 14.86 9.58 7.52 14.06 19.53 18.91 33.23 18.43 16.32 10.98 9.14 10.43 7.33 5.8 10.08 8.21 8.46 3.82 9.4 7.23 4.19 3.46 6.49 3.39 7.11 10.44 5.71 11.91 14.62 7.38 8.65 6.39
3.53 5.39 2.86 4.2 6.38 6.98 8.02 3.36 7.42 10.45 2.89 5.02 6.15 9.44 8.63 20.6 25.79 17.89 23.68 12.97 7.92 9.61 6.16 12.0 4.99 6.46 4.94 3.8 4.57 3.99 7.59 6.45 7.73 8.29 10.81 11.3 12.67 9.79 18.92 20.52 10.66 9.99 11.12 14.22 10.61 8.61 4.12 7.8 5.82 6.42 6.28 7.48 4.6 6.15 6.49 3.99 5.97 7.08 6.03 10.63 11.6 16.15 9.57 9.38
4.63 4.32 4.6 7.33 8.24 6.5 5.76 9.7 13.32 3.81 7.14 6.75 8.28 7.22 6.64 13.86 22.62 10.55 12.08 11.32 8.7 5.27 11.0 8.99 4.36 5.39 6.01 5.45 3.54 3.43 4.99 2.68 4.41 6.86 15.52 10.07 14.4 7.6 15.33 10.4 8.7 8.55 15.53 9.0 13.4 6.77 5.97 6.9 10.87 6.87 9.88 8.74 5.3 7.02 4.72 3.86 5.36 8.57 9.76 11.54 18.89 10.2 10.09 8.05
4.39 3.02 6.98 4.64 5.89 8.18 7.5 9.64 8.28 5.77 4.25 4.5 3.6 6.05 11.82 15.79 11.59 8.86 5.67 10.77 7.41 3.63 7.55 7.64 5.58 4.63 5.13 4.04 2.57 2.5 6.83 2.81 5.64 13.0 14.1 13.82 12.56 10.69 8.92 8.57 9.88 6.05 9.34 14.38 14.33 10.78 8.65 4.57 9.78 13.88 14.04 9.56 6.09 7.7 6.3 7.48 5.51 6.85 11.74 11.52 11.69 21.16 12.17 18.2
3.64 2.39 6.22 7.79 6.0 9.1 6.57 5.58 4.78 7.0 4.22 4.09 7.31 13.17 8.69 7.26 6.59 5.26 3.88 3.06 3.33 5.62 5.23 6.66 6.74 4.19 3.2 4.76 2.26 3.43 5.83 4.94 5.73 8.4 9.07 13.78 18.35 11.97 12.97 6.68 6.28 11.03 9.13 19.86 11.43 10.6 13.71 11.53 9.74 22.8 12.08 7.87 8.18 18.72 14.26 8.25 5.27 5.58 5.22 11.02 12.85 17.43 17.49 15.22
2.51 2.95 5.07 7.96 10.84 7.57 4.71 5.98 7.58 7.56 7.86 3.51 8.28 11.35 3.69 2.8 4.04 1.27 5.51 7.64 7.51 14.11 7.77 4.26 5.6 6.89 3.03 3.72 4.27 5.09 6.75 4.17 5.02 10.06 10.21 13.1 14.41 14.45 9.98 3.88 10.83 13.97 9.94 8.71 9.64 9.66 24.74 10.92 7.27 10.16 13.8 7.68 13.23 14.6 12.28 7.33 8.89 7.93 10.13 16.73 27.36 34.93 12.97 11.61
7.56 8.36 11.02 9.47 13.73 10.83 5.82 8.49 7.91 7.01 7.68 3.56 4.01 9.84 3.09 2.69 4.61 2.86 7.48 15.58 8.49 14.93 5.08 3.68 3.67 5.49 3.28 5.72 5.76 6.13 3.45 2.71 6.17 6.18 9.36 10.5 17.95 15.76 8.54 4.1 7.53 14.02 5.84 4.43 7.48 6.75 7.82 6.59 9.62 5.39 7.55 9.55 10.3 18.12 15.44 7.25 17.25 8.42 9.62 19.36 19.39 24.37 8.33 11.96
8.66 4.32 4.21 7.63 11.59 8.93 6.46 10.84 9.45 9.67 9.64 3.16 3.52 6.62 4.16 5.57 8.43 6.84 5.85 13.58 14.9 8.93 6.54 3.79 4.5 10.22 5.03 7.78 8.1 7.05 4.13 3.22 4.5 2.97 7.88 16.7 18.25 15.51 7.81 4.22 5.2 3.38 2.15 4.31 3.53 3.58 6.1 5.36 9.91 3.97 5.45 15.77 16.28 30.51 20.22 22.92 13.1 7.94 8.98 10.87 16.36 20.95 11.75 13.13
3.85 4.01 5.97 6.46 5.72 11.82 11.3 8.0 7.91 4.87 3.61 7.27 6.03 5.74 3.24 4.43 4.82 3.82 3.42 9.0 11.87 5.62 3.19 5.18 7.21 6.75 10.44 6.07 3.93 5.11 4.99 3.85 4.29 4.6 5.73 10.59 10.07 14.56 8.35 3.36 2.66 2.14 4.18 4.43 6.19 3.35 5.37 6.8 6.04 3.29 7.38 14.23 19.77 21.53 15.8 12.31 10.54 7.14 12.87 10.95 11.21 17.84 22.2 14.33
5.18 5.23 7.83 6.21 4.5 11.34 10.61 5.93 5.07 6.32 3.87 4.82 8.25 3.32 3.81 5.65 6.97 3.71 5.21 7.41 6.46 2.67 2.16 1.88 9.05 11.83 8.85 8.14 4.32 4.13 3.8 3.78 3.22 3.18 7.74 6.08 12.0 5.93 5.19 5.15 4.74 7.95 4.77 3.04 4.96 4.88 7.1 3.54 4.43 3.89 10.64 9.12 16.82 21.8 9.12 10.0 14.17 12.08 11.4 11.86 10.83 7.12 10.44 11.48
6.89 1.74 5.76 3.24 2.86 6.24 5.19 7.75 14.56 6.84 5.34 5.03 7.96 3.31 4.38 4.72 7.92 5.32 7.26 8.65 6.1 3.39 2.62 2.41 8.33 9.55 4.83 7.02 5.67 6.52 4.91 3.6 4.38 5.75 4.72 6.19 5.31 5.87 5.42 10.56 8.39 5.12 6.01 3.71 4.93 7.91 4.85 8.6 7.29 6.37 14.8 7.75 21.25 22.61 10.03 9.18 9.49 11.03 8.61 9.31 7.88 7.11 6.46 17.54
2.66 1.11 3.38 3.44 2.54 2.77 8.79 16.57 9.47 5.16 3.41 5.46 5.81 3.42 4.84 3.82 7.4 10.86 9.03 16.64 2.9 2.71 3.18 3.67 9.69 8.3 4.61 10.57 7.59 7.51 5.7 4.01 4.14 3.23 4.87 2.29 5.48 7.5 9.57 8.13 5.39 5.56 5.24 5.06 6.98 10.05 12.7 8.81 8.31 8.44 12.92 9.48 9.49 8.37 12.08 9.27 14.31 12.37 7.63 6.89 4.5 4.58 5.77 6.93
4.64 3.84 5.35 5.36 3.51 4.43 22.45 14.64 9.14 9.42 5.99 10.21 6.4 3.14 5.64 2.01 7.72 14.75 24.88 5.81 2.21 3.0 3.78 6.31 7.07 4.82 9.28 6.81 5.22 5.56 4.01 2.11 5.47 2.98 2.22 3.22 6.55 15.65 12.31 11.25 6.21 8.84 10.13 9.58 8.8 10.74 16.11 8.83 8.88 15.79 17.72 9.34 9.81 9.61 12.74 10.21 8.45 10.07 4.48 2.94 3.38 5.38 3.71 5.99
7.35 8.86 6.13 4.27 7.38 4.57 10.17 11.57 11.88 27.64 18.87 4.62 8.39 7.03 2.39 5.99 6.22 16.31 15.55 3.88 3.7 3.54 5.3 7.23 12.41 8.72 5.91 2.58 2.41 3.38 3.46 2.04 2.61 4.77 2.35 4.52 7.35 8.99 8.04 10.98 8.15 6.99 4.22 5.61 6.16 7.89 18.89 18.57 14.99 11.31 15.64 10.23 7.82 7.68 8.01 12.42 14.95 8.98 5.55 1.76 5.48 3.66 6.14 5.1
9.97 23.97 10.12 7.42 8.71 7.35 5.21 9.77 17.48 22.92 20.13 9.23 12.81 7.55 3.34 3.9 5.03 6.31 7.78 6.41 6.45 3.81 3.67 8.45 11.13 8.13 5.02 3.75 3.31 4.4 1.57 2.68 3.89 3.91 5.73 3.16 5.21 7.69 9.95 16.53 8.67 5.88 7.92 4.85 6.3 9.27 10.73 11.77 14.78 9.83 16.99 13.27 13.24 7.82 7.06 8.77 6.22 6.17 4.15 2.06 4.37 3.39 7.48 8.56
23.91 19.41 7.95 8.91 7.48 8.43 5.09 6.4 12.65 17.26 19.24 14.63 14.87 5.11 5.03 3.56 3.57 4.32 6.19 7.76 9.72 5.03 4.23 6.67 4.9 6.35 9.97 4.54 4.02 4.46 2.05 3.09 3.28 2.88 4.12 5.66 6.33 10.07 9.9 12.72 10.13 5.24 5.19 3.59 3.64 8.01 9.15 16.49 23.78 20.43 26.56 10.95 13.72 6.08 7.56 5.98 7.99 11.91 3.72 4.36 4.38 5.25 9.93 7.24
19.17 15.53 10.2 6.92 6.41 3.47 8.13 7.33 9.42 19.29 13.1 8.51 8.08 5.38 5.72 6.36 5.92 6.95 3.99 4.75 9.04 9.68 5.9 4.68 4.91 7.56 8.61 4.86 3.67 2.93 5.86 4.93 7.84 3.1 6.59 3.51 4.82 5.06 5.34 7.24 9.62 4.31 3.44 3.14 2.83 6.3 10.26 17.06 26.19 15.27 16.18 13.45 10.79 4.94 8.93 5.14 9.06 6.72 6.33 4.33 4.83 3.29 7.13 9.2
7.59 11.71 6.19 11.77 9.07 8.13 6.27 11.93 6.58 11.33 8.54 5.78 11.7 8.53 10.5 9.01 10.79 6.99 4.09 4.14 6.17 6.6 6.22 12.36 9.96 10.68 10.04 4.54 4.5 3.61 4.61 8.69 8.2 3.93 4.65 4.9 4.99 4.66 5.46 7.68 6.21 8.4 3.14 2.73 3.42 5.76 27.29 25.17 9.5 13.11 22.66 19.25 8.2 7.42 12.06 7.28 5.59 5.58 2.76 6.47 4.08 9.38 12.89 9.02
