10.7 10.84 13.33 16.92 9.82 13.48 13.12 17.22 9.74 8.25 13.9 21.25 13.95 6.52 4.73 4.99 8.29 9.46 6.67 6.27 12.59 9.27 5.43 14.04 9.19 2.66 3.48 5.01 1.44 2.36 2.89 3.8 2.68 4.25 3.09 4.64 6.01 6.31 9.26 11.38 7.68 7.79 8.15 8.6 6.46 11.32 10.98 8.47 10.48 9.93 9.16 10.24 8.84 3.15 7.13 7.07 5.92 3.09 4.11 5.07 5.38 7.39 10.63 10.05
8.02 10.47 18.99 40.64 23.3 27.36 11.85 13.07 23.32 10.48 11.15 14.87 17.8 4.99 3.42 3.41 8.03 5.42 5.33 6.39 10.29 6.97 4.33 8.64 6.21 3.87 1.94 2.73 2.21 3.02 3.89 6.36 3.65 10.89 2.67 7.87 5.64 11.49 18.42 16.34 14.09 6.09 10.51 15.46 8.69 16.61 13.11 7.94 5.76 9.36 15.52 7.69 8.42 6.17 4.05 3.61 4.85 9.69 8.22 6.14 6.26 6.23 8.13 3.52
7.75 19.63 29.14 24.08 40.24 41.54 11.33 7.0 14.39 19.12 15.43 14.96 7.75 4.94 2.27 3.54 5.91 4.0 4.34 5.08 5.06 4.35 6.95 5.78 2.85 2.01 2.13 2.49 4.04 5.19 3.69 8.21 5.94 6.17 7.53 7.48 7.34 12.87 26.49 20.61 9.66 13.82 19.19 14.28 19.79 19.83 8.13 10.69 5.63 10.1 14.49 6.47 3.19 4.93 3.76 3.42 3.03 5.44 7.61 8.65 6.34 5.08 4.46 3.53
10.47 17.56 20.89 15.77 30.44 9.27 14.2 9.21 11.34 14.49 9.88 11.55 3.95 3.84 5.04 5.42 7.12 5.28 5.08 8.02 8.34 10.04 5.85 4.56 3.1 2.11 2.46 3.44 6.64 6.54 3.45 6.66 8.32 10.84 8.79 12.01 15.71 15.8 25.03 21.84 3.82 14.07 27.89 26.16 15.82 10.13 8.2 6.16 7.21 9.0 14.3 7.34 2.92 1.94 2.5 4.54 3.65 5.88 7.09 6.6 13.93 6.24 5.48 7.91
6.9 6.22 12.32 10.8 9.7 10.72 6.42 6.4 12.64 10.31 5.48 3.92 5.32 6.27 3.81 7.08 9.13 6.3 10.76 16.03 8.5 9.19 9.69 3.85 4.36 3.51 4.19 3.49 8.23 10.48 7.83 9.59 7.47 18.11 20.06 12.49 18.2 27.18 14.13 11.06 8.21 14.14 12.15 15.24 22.07 9.37 4.28 5.02 5.95 13.05 9.4 12.42 6.87 2.02 2.67 6.62 4.0 6.63 8.38 12.27 9.67 13.2 7.95 9.36
9.59 9.85 11.21 12.9 8.79 10.37 20.32 11.49 7.13 6.86 4.5 3.0 4.88 5.9 5.31 6.58 8.69 17.13 9.9 15.24 12.63 16.01 9.0 4.38 6.11 5.78 4.08 4.49 12.53 23.49 9.73 9.53 12.86 13.97 16.6 25.9 9.71 16.97 18.43 5.95 11.17 15.01 23.91 18.66 5.61 4.65 5.57 5.19 2.55 8.28 6.78 9.0 7.38 5.89 3.09 3.8 3.67 7.33 3.78 8.05 10.77 10.3 16.02 14.84
14.01 9.61 10.93 10.68 19.59 14.01 16.16 13.14 7.96 9.06 4.65 3.63 5.26 4.18 5.44 12.8 13.91 21.86 11.42 7.34 11.85 16.28 11.33 8.41 5.34 11.55 4.25 5.04 7.85 11.23 9.57 12.48 14.18 11.3 12.15 15.83 8.95 15.15 7.91 15.91 14.95 18.72 26.97 19.02 7.55 3.39 1.94 5.27 3.85 4.95 4.82 9.13 7.26 7.74 9.48 4.12 3.69 7.28 4.48 10.14 8.07 12.24 40.98 16.78
5.44 8.27 7.66 17.73 13.19 9.6 9.75 10.03 7.19 11.44 6.86 4.63 3.48 7.99 10.53 6.13 11.87 18.43 10.93 8.41 11.44 12.04 8.85 7.64 10.37 9.12 2.96 3.96 10.48 5.58 8.45 12.51 8.22 10.29 7.28 8.25 6.54 12.2 8.13 12.23 10.48 27.86 19.68 12.79 6.47 7.09 5.45 4.02 4.52 7.73 10.34 14.57 7.45 7.46 6.46 8.14 8.09 7.53 7.02 9.14 8.29 11.26 15.25 14.52
3.7 15.39 10.9 18.68 7.45 8.23 7.87 15.41 13.58 8.21 7.91 4.88 4.14 4.18 7.44 5.28 7.85 8.73 15.32 11.03 12.98 10.51 13.43 8.5 6.91 5.45 5.02 3.89 4.74 5.05 8.15 8.89 4.86 9.55 5.01 4.79 5.71 10.55 9.3 6.72 8.22 10.38 7.29 18.52 10.54 6.69 5.44 9.91 4.88 5.29 7.57 5.68 7.36 8.39 7.87 8.7 7.68 6.39 8.19 7.32 4.09 15.44 19.31 7.31
7.86 10.08 31.82 19.49 7.36 8.7 5.01 9.42 13.68 11.25 9.45 4.25 4.18 4.39 6.25 6.2 6.61 8.02 10.04 11.39 10.93 13.12 10.76 6.46 11.08 7.39 5.74 6.83 3.46 4.61 8.91 9.15 7.8 7.01 5.43 7.26 6.88 8.14 9.94 5.25 4.83 8.26 5.13 7.21 4.9 4.71 3.68 5.79 3.47 2.84 2.61 3.37 4.06 8.04 9.83 4.77 10.66 4.93 8.34 13.13 6.86 7.22 11.42 10.54
13.69 17.02 19.7 12.12 8.36 5.98 13.71 17.35 4.11 7.85 8.03 6.04 5.3 6.33 8.96 7.4 6.43 7.92 13.35 12.14 7.84 15.3 22.99 13.54 7.92 6.53 8.5 11.33 7.51 11.85 16.17 5.13 13.2 7.95 7.42 7.99 6.05 16.68 7.8 10.65 3.7 2.82 3.3 6.17 3.92 4.25 2.3 3.37 3.17 3.86 2.47 6.15 6.75 5.68 4.96 9.53 8.5 7.96 11.66 7.2 12.15 13.86 8.88 6.57
22.23 16.98 6.51 5.72 4.79 8.68 7.56 10.53 7.18 4.08 4.58 7.4 6.55 8.57 7.42 5.64 4.04 8.74 10.57 19.74 20.55 12.46 23.31 19.46 9.21 9.31 7.22 8.57 7.42 9.75 8.31 7.15 8.79 6.77 4.77 5.04 6.81 15.01 9.99 11.9 3.73 3.11 2.27 3.74 6.88 5.08 4.79 4.16 5.39 5.57 3.54 11.65 6.46 6.28 7.28 12.08 10.24 5.67 10.76 22.19 9.5 16.18 8.43 10.25
32.47 15.53 4.83 3.57 4.07 7.14 6.47 5.93 10.67 3.82 6.52 4.84 4.92 12.94 12.72 9.84 6.57 17.56 13.74 15.65 21.59 25.52 14.45 21.71 8.95 14.86 8.73 8.65 5.19 12.23 7.64 7.57 6.47 8.6 4.6 5.34 12.17 11.03 8.19 8.8 6.83 5.12 3.67 2.97 5.92 8.67 6.95 9.49 13.03 10.31 13.71 11.09 13.14 7.08 6.29 21.73 17.51 18.5 10.34 19.11 18.12 13.01 5.48 12.6
19.72 7.53 5.61 5.01 4.23 8.0 7.95 6.97 7.52 6.43 9.55 3.57 3.91 15.1 8.86 9.11 15.53 19.07 15.23 8.36 10.47 18.36 13.43 21.34 15.88 10.26 8.27 8.77 10.44 15.05 12.79 7.22 9.69 6.17 6.51 5.44 8.41 13.26 10.06 7.24 8.67 6.37 4.28 4.02 2.87 4.04 8.48 22.13 19.15 24.36 17.48 20.78 13.01 10.43 14.99 17.84 13.28 16.07 11.74 31.09 9.48 7.53 8.37 13.9
25.51 17.16 7.27 3.07 5.5 6.73 5.68 10.75 4.58 5.25 6.6 5.27 3.42 10.38 8.18 7.89 10.59 9.21 10.79 10.94 6.18 9.83 12.27 18.91 12.0 10.94 13.84 6.87 24.17 19.13 11.43 10.3 12.25 5.65 5.75 7.08 10.47 17.8 10.58 16.99 10.07 5.89 3.3 2.29 4.58 3.14 5.74 18.6 10.85 12.85 18.12 16.98 14.9 9.63 10.19 8.29 13.59 9.54 5.68 13.47 25.65 5.97 7.29 14.8
14.1 14.19 8.35 6.35 4.45 3.74 4.54 7.92 10.05 5.92 3.61 3.64 4.2 12.56 11.01 7.75 7.12 9.48 10.41 9.59 12.86 10.92 15.11 21.25 14.69 8.45 8.56 11.87 23.61 29.2 10.72 11.68 11.75 6.53 5.96 11.47 19.01 21.68 11.27 11.24 7.92 7.12 2.88 1.48 2.55 7.69 5.7 9.14 8.37 9.1 15.07 24.03 19.22 7.83 5.08 7.04 10.6 7.54 9.19 10.7 12.59 7.63 10.11 11.28
7.39 4.59 3.81 6.5 4.79 8.57 6.05 5.16 4.59 7.68 6.45 5.7 7.32 5.98 7.85 11.84 5.38 7.09 11.13 15.1 15.82 16.2 22.76 14.24 10.89 7.22 6.7 21.9 39.28 14.9 6.62 9.05 4.28 4.42 6.18 4.59 12.79 10.13 13.48 12.46 6.26 4.68 2.27 3.84 3.33 7.28 7.2 13.79 11.41 11.66 19.98 24.44 16.19 16.79 5.36 12.67 7.44 10.85 12.04 6.76 7.7 4.87 7.95 7.82
5.99 3.79 4.92 3.7 4.04 7.0 7.76 7.54 4.7 4.74 5.79 4.56 8.86 7.26 4.34 9.39 16.67 7.76 5.44 18.77 21.51 19.66 10.74 8.09 7.56 9.63 8.5 32.46 18.97 11.25 4.33 5.39 5.57 2.78 2.01 6.08 7.33 10.74 13.37 6.96 6.19 4.79 4.76 9.29 8.12 8.08 5.59 16.55 13.51 10.2 17.47 11.75 12.97 18.97 9.89 18.08 10.26 5.34 11.5 6.89 8.02 4.74 8.87 6.06
5.68 6.8 4.84 2.29 6.67 6.63 6.97 8.76 6.67 7.03 5.17 3.88 6.87 5.74 15.96 12.32 6.62 8.78 12.36 9.46 10.2 14.38 7.7 6.27 9.19 9.51 12.87 19.2 13.94 20.71 3.19 2.71 3.51 5.59 3.09 9.41 8.98 7.23 8.3 8.3 6.69 5.04 11.37 8.56 7.63 5.66 8.1 8.88 12.63 16.17 13.44 10.96 7.96 13.45 11.15 8.95 11.76 6.51 5.5 3.64 9.85 11.09 5.45 5.98
3.14 5.88 3.97 5.15 7.1 6.84 11.87 8.37 7.88 6.09 3.73 6.92 6.59 4.84 14.01 16.89 11.51 6.48 13.17 10.17 12.22 9.7 8.83 7.29 7.24 9.53 12.35 14.92 8.95 19.08 11.07 5.84 1.7 3.33 7.19 8.78 7.44 8.09 8.92 6.71 7.7 8.05 17.13 17.36 14.35 15.74 24.52 9.01 20.73 26.43 17.97 12.26 9.02 7.84 8.11 9.26 4.94 4.89 10.67 7.59 3.35 5.66 4.9 6.35
4.35 4.11 4.02 4.16 7.5 7.15 10.49 8.55 7.38 5.72 4.81 4.07 5.76 5.74 13.18 17.27 9.46 22.9 17.21 11.25 14.23 10.4 16.42 8.96 4.7 7.36 5.33 10.58 11.22 5.97 6.02 9.84 4.11 2.79 4.09 8.35 6.71 4.88 8.75 7.65 7.12 8.71 10.42 22.22 26.84 16.86 44.94 23.65 20.59 26.14 22.32 7.48 6.13 4.86 5.21 7.82 3.5 4.3 12.5 7.15 4.08 3.3 3.62 6.74
5.77 4.48 7.07 3.69 5.19 13.58 13.29 10.69 12.12 5.33 4.48 7.42 3.66 6.47 17.4 30.6 21.03 17.62 10.91 17.47 11.78 10.52 9.86 9.15 10.43 6.74 6.14 6.68 14.92 5.9 4.25 4.97 4.29 5.55 5.68 6.05 4.5 5.47 4.43 5.85 6.94 7.19 7.75 12.85 23.68 16.67 10.16 24.44 20.09 18.22 27.5 9.12 4.15 3.49 10.2 5.67 5.51 7.13 6.67 8.55 4.9 3.83 7.13 6.35
5.17 2.3 8.51 7.99 8.67 7.47 10.56 17.09 6.88 5.51 6.47 4.91 3.95 6.65 7.03 11.9 15.11 19.76 9.65 7.66 6.75 7.15 9.89 7.79 17.07 6.81 3.73 5.8 9.79 3.97 4.61 4.35 4.98 4.66 3.23 6.97 6.27 4.8 3.68 3.97 3.33 3.32 6.01 8.19 13.99 28.33 9.5 9.64 9.7 21.57 7.96 7.3 6.86 3.18 6.27 4.5 4.96 9.1 4.89 6.31 7.31 12.55 8.76 8.33
3.93 3.07 5.29 7.89 12.49 7.54 8.49 8.08 11.51 6.42 5.61 4.41 3.28 6.96 6.65 8.32 9.56 4.94 7.45 13.09 7.2 10.58 4.67 7.96 5.79 6.27 4.74 3.22 3.39 2.77 2.38 2.71 4.11 6.16 5.2 3.8 8.53 6.49 3.01 1.93 3.16 3.44 2.91 4.55 8.95 17.44 18.14 7.69 7.01 6.63 4.39 3.63 5.74 7.61 4.26 5.54 2.97 11.58 9.74 3.96 4.93 12.01 19.55 10.15
4.26 3.25 3.89 8.66 6.63 7.76 17.41 7.76 12.0 5.86 5.08 3.61 5.7 7.6 8.91 9.33 7.93 9.63 5.25 5.53 9.77 8.45 9.68 12.39 4.08 4.0 2.71 3.09 2.64 1.27 3.51 3.89 5.93 5.36 5.49 8.74 5.45 1.75 3.92 3.97 2.7 2.95 3.16 4.51 6.52 25.83 18.96 9.17 8.43 10.07 6.61 5.11 5.22 11.98 6.71 8.8 7.61 22.64 10.47 4.02 5.72 4.81 12.5 8.63
5.35 6.13 3.35 7.64 8.73 10.87 12.74 12.57 7.21 6.03 4.63 2.68 5.99 6.66 8.34 7.34 8.44 5.98 6.7 4.36 5.67 8.08 8.89 12.02 13.22 3.05 2.54 1.77 2.26 1.77 2.74 2.83 7.4 5.74 2.56 4.89 8.45 3.44 3.81 4.64 5.0 2.46 3.01 7.64 9.11 10.73 12.6 14.79 17.03 13.39 8.88 9.41 4.84 5.48 15.59 12.31 8.34 18.89 7.89 3.35 2.4 3.77 4.5 8.98
9.37 16.32 6.14 5.54 8.38 18.94 13.8 9.39 7.59 6.3 3.8 2.68 4.11 6.75 8.98 3.41 6.22 1.9 4.52 4.25 4.87 4.97 5.67 8.99 7.83 4.54 3.82 2.35 1.21 2.21 3.37 3.24 3.22 4.34 3.88 5.3 6.08 8.01 5.59 6.01 7.04 4.01 4.12 4.81 9.39 10.21 14.7 6.97 9.11 7.55 7.14 6.92 6.78 5.91 19.34 9.05 22.21 10.87 2.62 3.31 3.09 5.18 4.38 8.2
5.29 9.36 12.09 24.31 20.59 12.25 10.47 12.49 9.23 5.43 4.86 5.3 5.43 3.57 9.07 5.92 3.99 1.39 4.15 4.15 4.54 6.1 9.8 10.92 7.19 3.83 6.87 4.24 2.32 3.73 5.03 3.24 8.21 4.83 4.88 5.64 3.24 7.12 6.68 8.26 5.69 4.3 5.45 6.5 6.07 8.86 18.53 10.77 9.11 7.21 5.46 4.76 3.33 19.51 20.47 17.81 11.93 4.12 3.54 3.91 4.9 5.83 3.53 4.57
9.19 8.53 6.88 44.72 29.69 13.95 17.23 10.09 9.16 4.88 2.52 8.88 12.39 6.86 4.24 10.42 6.66 3.52 4.1 5.61 9.71 10.81 13.94 21.87 13.9 5.71 5.31 7.07 5.69 4.49 12.29 6.8 5.98 3.08 3.49 4.88 2.47 5.59 8.96 7.83 7.24 5.09 6.56 10.65 9.05 11.54 8.84 13.1 14.76 10.44 7.59 3.21 7.46 24.51 26.54 25.64 7.55 4.58 3.18 5.45 7.06 3.09 4.7 6.29
12.78 3.63 7.38 14.13 14.31 9.86 10.4 8.89 4.34 4.18 3.76 6.49 8.65 6.34 4.91 5.5 7.19 8.4 3.46 7.33 5.35 6.28 14.4 10.63 13.7 10.48 4.15 2.9 7.05 11.77 8.51 7.87 9.01 3.87 2.19 2.43 2.99 8.2 8.26 7.4 7.02 5.8 5.83 4.72 6.76 20.47 8.86 7.54 5.38 4.4 9.01 6.41 13.07 33.21 29.52 14.73 6.25 6.45 4.73 5.34 4.8 8.18 5.32 6.9
7.31 5.83 7.13 7.25 12.33 15.33 9.92 6.56 6.61 5.48 5.66 8.65 3.92 3.87 8.19 5.86 6.88 5.12 4.23 3.45 4.06 7.83 9.73 15.32 9.31 5.45 7.97 3.97 9.31 12.77 14.48 5.87 8.57 10.65 8.54 3.75 5.5 5.24 10.64 5.86 5.27 5.35 3.8 4.67 6.92 13.51 9.86 3.97 4.77 6.43 10.26 15.08 11.11 35.24 22.76 14.36 5.76 6.44 5.2 8.21 3.68 7.76 8.12 13.56
6.58 3.95 9.95 9.24 12.42 15.09 18.14 10.4 7.26 4.55 7.71 6.2 3.15 3.88 5.29 9.38 4.72 4.48 5.32 2.87 5.2 9.22 10.63 7.89 6.53 3.84 6.23 4.87 11.38 9.66 9.05 7.31 10.98 8.06 10.75 4.28 11.78 8.92 4.6 5.34 5.03 5.95 8.04 5.95 6.18 9.75 13.28 4.76 4.27 9.93 12.55 11.97 7.36 29.55 16.41 11.11 11.53 2.73 6.32 8.1 8.81 6.38 7.4 16.62
4.12 5.15 8.07 7.38 7.15 14.28 18.21 15.33 5.56 6.26 6.44 4.36 3.1 5.82 4.47 7.48 4.56 5.93 6.64 4.72 8.66 3.63 7.92 6.33 4.79 3.08 3.82 4.66 8.54 6.57 8.87 6.37 8.65 9.03 14.21 6.12 6.0 5.23 6.85 6.76 4.5 8.45 4.56 8.64 8.17 7.04 10.11 6.49 3.58 6.45 7.76 10.7 12.07 12.97 11.49 6.03 7.69 3.39 5.93 3.65 5.72 6.86 7.87 7.0
3.24 6.44 6.96 8.77 7.16 16.77 7.06 19.73 8.68 6.12 4.22 4.8 6.34 4.86 6.7 9.24 3.43 4.44 5.57 3.43 10.01 3.91 7.33 5.52 6.65 5.66 4.74 5.32 5.63 7.95 6.9 10.26 9.99 6.2 6.94 6.16 7.68 7.1 4.15 13.17 9.44 8.21 4.58 7.45 7.75 6.93 6.09 10.2 3.42 9.99 7.9 8.07 13.04 9.6 13.56 4.48 2.9 3.79 4.26 4.43 6.69 3.52 4.21 6.17
3.73 6.05 7.72 8.55 8.25 16.48 7.08 5.75 8.09 6.48 3.03 4.26 6.86 6.09 4.75 3.16 2.83 3.88 7.56 4.38 3.68 4.3 4.9 6.75 5.14 5.75 5.04 6.36 6.3 4.68 6.97 16.02 6.5 8.13 6.15 4.28 9.94 14.13 11.95 11.21 11.84 15.32 6.06 5.62 6.88 14.63 6.86 5.34 5.75 8.91 2.42 10.86 9.87 7.32 6.15 4.72 5.75 4.64 4.48 4.92 7.5 6.01 6.7 6.53
4.87 3.55 5.23 7.35 11.69 5.78 7.13 4.53 5.06 2.91 4.96 5.68 3.41 4.11 2.08 3.17 3.3 3.07 8.33 3.08 3.69 5.2 4.43 5.53 3.93 6.37 3.66 5.28 5.26 4.22 6.39 13.56 9.45 11.22 9.03 6.24 11.01 19.63 16.05 8.07 11.55 4.92 5.24 6.49 8.39 17.29 4.07 3.08 1.97 5.88 3.81 3.92 6.06 8.82 7.13 7.06 5.3 5.74 11.94 8.02 10.83 5.99 6.4 7.09
3.77 5.76 4.37 6.43 10.89 4.54 4.86 3.94 5.18 4.1 2.18 4.24 5.69 3.06 3.31 1.7 6.28 4.78 4.68 3.22 4.81 5.8 12.01 6.02 6.2 5.95 7.31 5.5 3.92 3.84 4.35 7.55 9.16 10.16 7.97 7.52 9.32 7.0 10.35 7.38 6.87 8.06 3.9 3.76 6.42 10.39 5.66 4.88 4.41 2.76 3.07 3.86 5.25 10.31 10.46 10.39 5.61 5.67 9.1 15.96 15.28 7.36 5.63 4.34
4.96 7.08 3.58 7.63 7.58 3.03 3.08 5.21 3.39 3.67 4.43 4.14 5.11 5.03 8.94 3.4 3.75 5.41 4.18 5.04 9.38 18.37 14.17 7.68 10.29 8.75 7.38 7.34 3.21 4.48 3.18 4.84 5.64 10.71 6.55 7.6 12.71 6.68 18.0 11.52 6.59 7.72 8.18 4.54 7.79 7.63 9.81 7.79 11.3 4.14 5.22 3.88 9.35 7.91 9.93 11.26 3.88 8.13 8.31 8.95 13.55 13.9 8.07 9.07
5.45 8.1 2.84 3.66 4.53 2.78 3.28 3.47 5.74 6.94 5.01 5.4 6.93 4.84 6.2 3.1 3.75 4.07 2.79 10.61 7.36 13.68 18.36 10.95 7.75 5.32 10.44 9.48 2.26 4.56 3.31 6.25 3.79 7.83 9.91 13.6 9.06 8.73 10.07 14.58 11.84 6.25 2.5 6.34 8.24 6.42 10.55 8.24 7.02 3.11 3.0 7.78 6.31 5.27 9.72 8.87 5.0 3.93 6.06 7.33 10.93 11.62 8.1 9.13
6.82 3.66 4.89 4.34 4.29 4.24 2.78 4.0 6.01 9.06 7.74 6.2 6.53 6.31 2.07 2.37 3.3 6.12 6.9 7.29 11.14 9.46 15.57 26.39 10.77 7.76 9.23 9.51 11.33 3.96 3.14 7.77 8.35 8.89 12.81 17.65 5.81 6.58 5.57 10.4 7.82 10.46 3.18 8.22 7.85 10.46 6.35 10.55 5.85 3.38 2.34 3.12 3.83 6.49 5.35 5.11 6.18 4.46 4.63 7.16 12.77 10.81 5.6 9.39
6.99 7.85 8.37 4.01 4.05 4.08 2.98 1.68 4.32 11.81 14.34 5.51 5.02 3.44 1.82 2.68 5.62 14.95 9.48 11.48 7.48 13.61 20.73 17.27 17.08 10.55 9.42 9.73 7.16 11.13 8.76 6.48 7.26 6.49 10.0 15.65 5.43 10.16 4.58 11.18 6.38 5.75 6.37 15.04 17.33 7.65 5.4 7.79 3.15 2.03 3.78 2.76 2.57 4.34 4.78 3.31 4.25 6.21 4.61 4.42 5.53 8.6 15.81 7.99
3.88 8.53 10.63 8.95 3.62 2.47 3.62 1.75 7.36 18.83 17.02 5.89 6.01 3.03 2.45 3.77 8.95 7.18 5.99 11.93 8.72 9.77 15.69 12.65 9.97 8.64 14.66 10.51 12.08 3.89 9.75 15.69 4.37 5.08 9.1 9.34 4.97 6.26 10.89 6.78 3.39 5.84 9.34 14.9 8.33 11.47 6.9 3.61 2.61 2.72 2.56 3.84 3.2 4.22 5.14 5.33 2.29 3.26 2.8 4.0 5.55 5.5 12.45 8.25
8.59 13.87 9.76 5.32 4.96 7.06 4.91 3.72 16.61 14.07 7.75 6.99 7.61 7.66 4.71 4.3 6.66 5.76 5.18 8.44 5.3 13.05 19.55 14.3 8.06 8.0 11.65 8.74 14.69 11.41 16.54 12.73 5.29 4.92 6.2 8.46 6.86 5.87 9.26 7.86 9.04 6.02 12.96 22.0 9.17 6.94 12.55 8.19 3.11 5.44 4.21 5.37 5.11 6.55 7.91 3.68 2.32 2.07 3.76 6.39 5.7 9.35 7.47 4.63
6.88 7.27 9.24 4.53 5.47 10.88 10.46 11.84 12.09 12.25 6.46 7.55 10.64 5.77 5.99 9.72 13.77 7.85 5.62 4.26 4.51 17.3 18.09 19.99 4.58 6.15 7.85 7.72 12.37 17.84 28.99 33.18 4.63 5.9 6.31 11.13 5.63 9.65 9.19 9.88 9.74 14.52 22.23 15.95 9.46 15.26 17.91 3.79 5.25 6.17 7.44 5.12 5.37 13.48 7.36 4.3 6.73 2.56 4.2 9.96 5.51 7.12 14.07 11.0
4.18 3.0 3.41 5.03 8.54 11.08 6.83 16.37 9.71 4.93 8.81 5.68 9.51 10.31 10.13 7.77 10.5 11.85 6.14 3.21 3.1 6.73 15.25 10.1 7.86 7.91 6.49 8.39 7.89 24.07 18.43 34.34 10.69 10.17 5.32 9.54 6.07 7.42 4.61 13.57 8.76 8.7 16.7 13.32 15.38 12.09 11.09 5.69 4.43 6.79 11.51 15.59 6.99 11.24 7.91 4.69 4.29 4.34 3.99 10.93 4.17 7.22 13.67 8.43
1.95 4.44 4.36 3.6 14.95 13.85 7.03 6.22 6.36 3.09 6.73 6.43 10.54 7.56 11.68 12.05 14.5 8.65 4.04 4.73 4.13 7.11 13.86 15.62 14.39 7.47 6.96 12.1 4.95 15.18 13.16 16.48 11.15 16.84 5.57 4.68 8.22 8.02 4.06 6.36 6.55 11.53 10.53 9.68 18.64 10.69 6.94 5.52 6.3 20.53 17.19 12.35 14.56 8.31 3.27 5.63 2.57 2.58 3.98 6.77 5.3 7.14 6.09 7.46
3.43 3.37 7.25 12.64 19.98 13.05 5.81 4.0 6.84 4.58 4.91 11.73 9.01 13.24 9.73 15.15 11.18 7.87 5.58 4.4 5.57 15.43 13.77 19.15 12.06 9.38 5.76 9.51 9.7 7.95 9.1 9.66 18.69 8.38 8.1 12.89 9.8 10.34 8.03 6.17 8.37 7.76 13.06 14.94 14.56 10.68 5.89 7.03 7.55 27.21 32.36 15.08 14.93 5.72 3.83 3.9 4.42 5.83 6.09 6.03 7.14 15.12 12.05 11.32
3.29 5.68 9.51 22.09 26.72 15.19 7.09 5.41 3.77 7.45 5.25 5.1 5.38 9.43 4.28 8.65 11.03 7.29 4.67 4.89 6.29 8.07 4.61 15.61 11.52 6.11 7.02 8.89 9.71 5.93 8.66 8.81 20.22 7.95 7.31 11.02 9.09 9.34 5.38 6.39 6.98 6.62 8.46 10.77 19.55 10.41 4.37 6.62 8.51 19.71 16.73 16.21 16.12 9.66 7.83 6.26 2.83 4.46 12.76 8.82 10.42 14.73 9.52 15.67
3.44 17.4 17.86 21.08 19.84 21.6 16.97 7.01 4.36 5.18 3.73 4.85 3.36 8.48 5.18 5.53 6.17 5.49 6.81 6.54 7.26 8.29 6.62 11.23 7.31 9.7 7.61 6.49 5.93 5.13 3.29 6.43 12.35 4.97 7.13 8.57 6.98 4.82 3.16 4.86 6.83 5.14 15.47 11.54 8.25 11.81 4.91 11.25 12.6 11.71 19.51 22.29 20.83 18.85 10.28 8.25 5.12 10.64 12.31 9.5 10.93 19.67 7.58 9.73
6.7 10.8 14.35 20.48 21.41 14.31 15.3 5.38 3.19 4.79 4.74 10.09 3.68 4.2 9.27 8.55 6.1 4.32 3.65 10.11 6.67 5.86 5.9 11.45 4.96 6.45 5.64 6.15 3.71 3.25 2.41 4.49 4.21 4.6 7.93 4.66 9.09 4.52 4.38 7.92 4.31 8.02 10.37 9.46 12.56 12.31 6.68 9.77 14.8 24.14 25.92 53.67 43.84 31.46 23.47 12.97 11.58 17.18 13.49 19.48 17.06 24.88 7.75 5.94
7.79 8.23 11.49 25.61 31.28 17.9 5.59 7.12 2.9 7.77 9.37 11.11 6.21 2.87 5.56 4.94 9.51 5.62 7.82 6.47 3.38 3.94 8.57 7.15 6.2 6.22 3.9 3.86 3.7 3.3 5.53 4.55 5.85 6.82 5.83 7.62 5.58 4.64 4.08 5.27 5.58 12.74 5.94 10.7 6.26 13.12 6.79 8.22 8.19 19.66 36.67 52.78 54.77 40.31 16.56 17.32 17.38 18.14 13.27 15.36 20.55 14.58 4.67 5.59
8.52 10.07 13.18 27.46 13.95 23.66 6.92 9.98 2.44 6.4 9.27 11.0 9.5 5.67 5.82 5.97 5.97 9.3 8.62 6.56 4.67 3.6 12.16 7.44 4.34 4.63 3.2 3.45 4.41 5.71 8.23 8.75 5.59 7.79 7.76 5.62 3.68 4.96 4.46 3.94 6.36 17.67 8.76 8.73 8.09 4.48 4.2 7.15 9.96 14.6 18.64 20.43 16.55 19.97 27.54 10.61 20.17 32.38 18.99 13.91 13.63 8.86 6.85 5.62
7.21 6.37 11.02 16.04 14.22 7.87 6.08 11.69 3.53 6.06 9.67 8.87 6.61 9.36 13.24 12.25 6.22 12.04 10.3 4.62 4.8 6.27 9.27 5.47 2.94 3.67 2.42 4.36 3.01 9.98 11.0 9.85 7.85 6.19 8.14 6.68 5.91 3.37 2.23 4.2 9.89 16.08 6.52 7.07 5.08 4.31 4.49 7.86 12.21 8.03 10.54 10.69 9.04 21.83 17.66 17.03 28.57 20.14 21.25 27.35 20.88 6.57 7.16 9.65
3.54 3.67 6.11 8.68 5.73 7.81 8.5 5.76 5.7 11.24 10.99 11.95 8.44 9.31 9.35 15.2 7.37 10.58 12.41 5.94 5.04 6.31 12.39 7.85 5.03 3.12 3.1 7.59 6.88 5.86 8.53 4.25 6.51 10.72 13.2 4.15 5.44 3.6 1.38 1.93 4.47 17.0 4.78 3.71 5.74 4.94 4.36 6.84 9.69 12.76 5.14 18.84 12.9 14.58 12.44 14.3 23.51 34.83 15.48 25.76 26.23 13.78 12.66 11.78
5.17 1.71 5.33 9.9 3.66 6.2 10.07 4.21 3.14 4.95 12.34 17.18 9.22 11.37 9.68 9.13 8.88 13.71 10.49 10.13 4.04 9.92 13.78 7.1 4.5 4.29 8.06 10.82 6.14 5.06 8.36 4.39 5.19 12.12 13.4 6.9 3.88 2.68 2.63 3.06 4.69 7.08 3.85 3.99 6.39 5.86 6.17 4.28 7.23 10.88 6.69 8.7 9.7 15.53 10.01 15.17 16.02 18.45 21.07 24.9 24.03 33.96 15.44 22.57
2.81 3.11 5.86 11.9 11.0 5.92 5.21 3.41 4.64 4.18 6.15 10.65 12.23 5.9 7.75 16.23 10.28 12.43 8.8 8.85 8.87 6.39 8.51 4.9 3.42 3.82 8.41 21.48 7.06 8.55 13.83 10.85 22.68 13.79 5.37 17.26 10.69 5.58 7.78 8.12 11.63 5.09 4.24 6.01 8.06 4.31 4.23 7.55 5.37 7.99 8.42 13.76 9.0 9.45 14.75 28.72 14.64 18.64 8.83 26.93 17.64 27.43 24.19 24.69
6.69 3.63 5.48 9.98 10.33 5.79 4.34 4.1 5.72 6.35 5.65 3.32 3.63 7.41 7.52 8.52 9.75 14.59 5.68 3.63 8.37 7.59 2.75 5.08 5.8 3.4 6.52 10.25 8.94 18.36 15.71 13.65 17.55 8.87 9.94 10.86 12.71 9.5 7.01 14.37 9.91 5.86 7.2 7.16 8.59 7.83 2.71 4.44 10.59 9.25 5.68 18.64 19.76 23.0 11.34 23.13 16.47 18.78 6.88 13.77 15.94 11.56 14.12 20.21
8.99 8.06 5.59 4.47 8.17 6.42 3.52 2.28 6.63 6.73 4.56 5.36 4.34 8.08 8.99 11.75 12.25 11.91 4.75 7.62 7.27 8.47 6.71 5.02 4.03 3.83 10.56 7.63 6.27 8.73 10.19 8.67 11.36 15.01 6.98 7.42 13.86 12.64 6.44 10.51 12.09 6.4 5.63 9.2 7.4 12.99 6.62 5.73 6.83 16.69 21.3 18.75 17.99 23.65 18.33 22.99 12.28 10.05 11.33 9.92 11.81 11.42 12.86 5.82
8.33 7.83 6.16 4.17 2.93 4.98 2.06 3.09 10.39 6.94 5.8 4.43 7.73 22.59 13.41 9.15 8.28 7.82 6.59 7.12 6.81 6.46 8.18 4.5 5.85 2.65 9.26 4.92 11.4 8.38 5.29 8.01 4.69 7.16 10.47 13.55 8.67 13.37 12.55 5.41 5.46 10.07 6.61 4.97 3.97 9.62 7.09 7.86 6.65 18.3 27.58 14.7 20.67 24.88 11.93 17.24 15.71 5.9 4.15 6.4 10.34 5.87 12.11 14.62
9.8 11.9 6.52 4.41 3.86 3.01 3.5 4.55 3.91 3.19 6.97 9.36 7.33 13.08 13.74 6.29 8.84 5.15 6.63 3.43 3.8 3.89 7.44 4.31 8.68 4.43 6.21 6.43 10.58 12.39 5.32 4.23 8.53 6.81 5.18 10.74 8.74 6.61 12.64 8.47 6.75 8.14 7.74 5.42 3.22 5.52 4.11 7.65 6.46 12.45 21.68 14.0 8.0 11.61 13.33 14.15 4.24 3.59 2.81 3.14 6.84 6.02 12.11 14.48
6.27 7.37 7.27 3.38 5.01 3.82 2.94 4.5 2.42 3.03 5.74 5.09 12.76 13.81 8.69 10.43 8.01 5.72 4.89 3.07 6.23 7.99 5.71 5.02 9.95 8.3 6.54 10.78 8.86 6.88 5.38 7.97 10.11 5.22 6.31 5.86 10.04 18.45 14.32 10.12 11.29 10.88 10.55 5.2 5.44 3.38 4.7 6.44 12.06 12.13 7.44 23.38 12.5 6.62 5.13 9.87 4.66 2.41 4.14 4.27 5.2 8.43 6.54 11.27
6.51 5.21 3.9 3.67 4.24 2.01 3.14 2.97 3.47 6.71 6.57 5.84 8.35 9.88 18.01 9.92 6.65 6.88 4.49 3.1 7.01 8.61 9.53 9.07 9.26 8.76 7.48 7.84 18.06 12.05 2.64 7.0 6.37 7.55 5.89 9.03 11.87 16.57 8.67 8.8 15.86 13.06 7.73 7.76 5.13 6.36 6.32 6.85 12.92 18.06 14.83 16.65 12.64 11.78 8.68 6.11 5.33 4.13 4.13 5.39 8.04 12.16 6.48 6.35
5.32 4.04 5.92 4.15 3.45 3.91 4.49 3.57 3.24 4.91 8.57 5.29 10.66 8.26 10.84 7.55 7.16 9.38 9.71 4.54 9.48 6.59 14.67 15.32 10.91 11.83 10.08 11.17 12.55 8.51 5.77 6.17 4.22 10.7 6.05 12.36 9.17 8.61 6.74 4.86 10.01 12.5 14.4 8.25 5.68 10.3 6.52 9.51 16.51 17.38 23.77 16.65 12.62 8.12 8.4 6.79 4.16 5.34 6.7 11.84 4.65 12.87 7.66 6.23
9.35 4.46 6.66 6.91 10.15 5.52 6.08 6.38 4.63 7.02 7.32 7.42 10.86 9.87 27.7 12.66 11.69 9.51 9.61 8.69 10.75 13.22 14.11 17.15 12.93 14.11 6.28 15.76 16.89 5.96 7.22 6.44 8.09 5.96 5.49 11.1 8.8 6.08 6.52 7.47 10.53 8.13 14.24 10.12 4.46 4.73 6.87 8.22 12.28 11.29 23.91 11.22 8.69 4.0 9.45 5.27 3.0 8.26 8.56 10.22 5.94 5.12 7.27 5.18
