6.67 6.1 11.66 13.56 21.25 18.09 11.61 15.95 6.03 5.16 4.03 4.76 7.7 5.14 11.78 6.92 7.21 6.47 7.09 5.68 9.63 7.83 26.21 23.25 21.02 8.2 6.18 5.42 5.86 14.59 9.5 6.99 8.11 7.42 14.39 14.61 7.96 8.74 11.71 8.07 6.97 6.78 16.97 8.12 3.75 4.02 3.74 6.96 5.02 5.71 5.65 2.66 2.83 3.39 5.59 5.56 7.86 12.66 9.15 4.17 6.83 7.91 7.38 9.13
7.08 7.21 12.24 13.69 14.71 18.91 22.91 17.82 7.71 5.36 6.0 3.9 7.0 4.53 7.39 8.39 7.79 6.67 8.99 11.87 12.04 5.95 13.95 10.56 10.48 7.07 7.84 8.06 4.96 11.71 10.71 7.15 10.85 12.26 10.89 13.83 10.67 7.57 14.2 6.04 6.7 4.21 7.81 6.5 5.3 5.81 2.72 2.57 1.94 2.93 3.58 2.27 2.69 4.46 3.56 4.54 5.74 25.1 13.64 9.4 4.56 3.71 7.16 8.84
5.81 10.83 12.85 17.26 30.69 18.18 18.03 8.87 19.09 8.21 5.23 5.15 6.48 7.47 8.74 10.87 12.81 7.6 9.47 7.81 4.91 7.46 11.42 7.84 11.77 8.12 15.89 10.93 6.97 6.05 8.65 11.37 8.21 8.89 7.98 10.26 7.12 7.13 11.61 6.15 5.99 6.69 6.33 20.47 8.22 10.18 6.69 2.8 2.32 1.95 2.58 2.51 5.32 8.17 6.53 6.42 6.6 19.64 27.73 13.39 7.81 11.55 9.07 6.84
10.44 8.41 10.51 7.35 17.98 6.16 10.78 11.55 19.47 8.59 5.86 4.82 15.48 14.99 11.52 13.34 5.56 3.03 6.36 6.68 6.99 14.59 5.19 6.13 6.98 8.23 16.98 11.15 11.73 4.02 5.95 6.03 7.87 8.17 9.12 7.6 7.27 5.05 7.94 8.67 9.12 12.95 11.44 14.05 13.91 8.67 8.47 10.47 4.4 3.79 3.66 3.5 7.02 5.95 4.96 6.74 5.21 17.53 19.39 16.6 14.44 16.29 8.38 8.01
7.61 6.67 10.6 14.45 8.71 9.36 12.5 21.72 28.45 14.26 11.62 8.23 12.88 12.41 11.41 11.16 9.16 4.37 8.03 5.08 9.04 9.19 4.68 3.43 6.03 5.15 13.75 15.89 10.59 4.44 6.3 3.85 8.19 11.14 8.02 16.24 6.59 4.77 8.35 11.68 17.99 14.31 10.24 16.39 6.03 11.55 12.95 12.4 4.34 2.34 4.65 5.55 4.16 6.84 3.07 9.53 4.88 13.83 19.95 25.33 11.51 14.2 12.32 10.3
4.27 10.29 23.77 24.79 6.96 9.16 10.79 14.49 10.59 15.31 18.48 8.7 13.22 9.79 22.61 12.36 10.13 7.72 4.97 6.44 6.68 9.48 4.95 3.56 3.73 3.51 8.52 7.78 12.71 8.53 7.88 4.09 3.44 6.04 7.22 13.46 6.06 7.16 4.45 4.14 9.66 25.06 14.66 8.22 11.08 5.64 11.46 12.03 4.11 4.82 4.25 4.5 4.78 6.06 7.31 9.09 4.35 7.0 12.32 19.55 12.72 11.57 12.86 12.1
3.07 7.47 13.85 15.74 8.63 11.85 13.84 13.03 12.17 11.7 21.59 7.69 10.47 7.35 5.51 6.46 15.65 10.31 6.82 5.9 7.14 12.11 8.41 3.61 2.64 2.52 5.8 9.59 10.29 7.26 7.91 5.75 4.08 5.44 7.77 8.01 9.55 7.27 6.21 8.2 15.76 24.01 11.67 10.12 10.03 12.31 10.18 10.68 6.39 5.96 5.74 5.7 5.39 7.59 5.0 14.35 3.91 2.73 5.84 16.04 10.28 13.93 12.45 10.77
4.35 4.79 6.18 9.18 8.73 5.54 15.54 16.32 16.65 10.98 4.77 6.58 7.39 3.82 4.55 5.05 8.68 5.67 5.49 7.54 4.37 9.83 12.15 4.21 3.07 2.15 3.43 11.94 9.03 8.71 8.8 14.98 10.57 18.19 20.55 15.57 13.69 11.09 12.74 12.54 10.26 25.11 9.05 16.45 6.99 13.68 9.21 6.52 5.75 4.83 4.44 8.42 8.69 4.91 3.5 7.97 5.13 2.41 4.22 8.32 12.27 15.73 11.35 11.51
6.75 4.05 5.62 6.89 9.81 4.4 6.81 9.51 8.54 11.4 5.24 10.37 7.94 3.24 8.54 6.24 6.44 8.04 8.44 5.68 7.13 12.29 10.39 3.96 2.29 1.66 2.48 6.86 5.64 4.09 8.96 9.33 9.46 9.7 16.11 9.77 11.24 10.28 12.3 22.89 13.73 8.07 6.72 11.51 5.96 6.69 6.77 6.0 6.7 12.91 11.29 5.87 11.79 7.71 5.55 14.14 4.83 4.98 4.67 5.86 12.15 13.69 19.8 14.37
7.38 4.19 6.76 6.75 4.69 7.17 6.27 10.19 16.66 11.59 6.55 9.08 8.53 3.85 7.26 4.0 5.14 6.9 12.61 10.11 9.01 12.61 8.71 2.44 3.71 3.19 4.46 3.26 3.26 3.38 5.2 13.24 10.61 9.48 9.43 19.06 17.76 30.65 20.95 20.63 16.84 8.73 15.5 13.89 7.01 14.78 9.82 7.9 14.42 21.36 16.51 9.49 7.16 11.83 10.44 13.11 5.65 6.74 4.21 6.4 28.99 17.52 10.2 16.9
5.91 8.05 10.13 3.8 7.08 7.77 9.52 6.23 11.19 10.65 4.68 4.42 3.74 2.04 7.06 5.06 4.02 8.98 9.52 12.29 12.03 14.87 8.86 5.45 6.71 3.35 4.91 4.25 2.66 3.98 3.53 12.85 21.73 17.82 11.73 23.43 23.06 15.8 14.22 18.53 16.34 10.53 13.55 8.34 7.04 10.63 7.39 6.91 6.44 13.96 14.79 16.24 10.17 8.06 10.4 8.38 10.69 11.99 7.53 12.16 14.9 10.74 10.85 17.2
3.95 10.25 8.29 4.47 11.58 7.57 9.43 4.64 7.49 10.72 4.21 6.56 6.88 4.2 5.51 5.55 3.75 6.2 7.31 9.6 10.65 11.25 14.88 5.98 5.28 2.51 4.92 4.32 2.98 4.91 5.0 8.2 12.14 7.79 11.75 22.4 17.73 5.18 11.96 8.16 18.37 11.75 10.1 3.61 4.82 10.44 7.8 12.15 8.34 8.22 7.8 12.42 11.27 10.17 9.08 9.08 11.72 28.37 15.92 13.41 8.11 10.12 6.74 13.71
3.98 4.03 6.02 4.83 13.11 7.09 3.45 3.12 6.81 8.47 10.62 9.66 7.12 4.26 2.71 4.6 3.73 7.55 8.58 5.14 8.79 9.54 13.54 8.4 7.25 3.2 5.07 4.18 2.73 3.48 3.09 5.89 9.17 9.67 6.96 16.52 8.83 9.48 6.41 9.47 10.02 4.44 2.66 4.14 4.78 11.44 6.76 8.96 10.41 6.01 8.26 15.28 11.55 16.46 8.1 26.16 13.44 47.42 38.41 16.72 13.68 13.82 16.28 22.89
4.01 5.41 5.14 6.37 6.4 3.34 6.35 9.42 4.4 10.67 5.56 7.45 10.21 6.48 6.08 7.18 6.82 11.6 7.1 10.37 12.21 17.32 16.67 11.65 11.12 6.98 5.47 4.33 2.01 2.05 2.94 1.82 6.21 8.09 4.25 7.62 5.35 5.09 6.3 7.22 5.45 2.97 2.71 3.56 5.7 13.5 7.62 8.83 9.47 7.38 9.37 14.04 11.17 21.87 22.49 25.95 12.35 46.96 34.77 23.09 20.78 10.57 9.61 10.8
3.78 7.02 10.73 11.82 12.67 12.71 8.97 10.01 6.07 5.27 19.73 5.18 12.99 7.88 12.41 8.58 15.36 21.55 18.21 12.72 19.73 10.94 7.59 13.26 16.04 8.99 7.24 5.47 3.47 2.83 2.66 1.72 5.43 10.76 4.19 4.22 5.17 8.75 4.07 6.8 3.8 3.45 2.2 3.7 5.32 15.62 9.09 15.39 8.07 11.23 7.86 13.85 9.76 21.6 24.57 24.95 14.44 23.1 20.29 20.17 17.63 6.04 3.88 12.66
5.21 6.22 6.39 8.56 16.41 16.13 7.85 6.67 5.59 8.79 13.53 7.35 5.52 3.19 4.58 6.61 13.73 20.47 10.1 24.29 9.18 8.6 7.52 17.4 22.76 10.29 7.42 4.18 1.69 4.02 5.79 4.16 6.18 7.32 10.23 12.22 6.14 5.93 6.04 3.03 2.24 2.32 2.46 5.56 5.85 12.41 6.56 7.47 10.31 8.06 5.86 5.44 8.59 22.38 24.79 16.61 19.33 28.87 34.26 13.95 13.62 7.65 4.97 12.31
3.92 4.02 7.76 7.74 12.31 11.51 5.01 9.81 5.3 7.16 12.15 10.15 6.74 2.87 5.51 12.0 12.1 22.48 23.96 20.24 20.53 8.27 7.48 4.82 10.42 8.47 9.93 4.48 1.37 2.99 5.89 6.79 6.93 14.55 13.15 15.36 8.09 4.83 10.01 3.6 2.55 4.83 2.68 3.8 4.64 13.06 4.69 5.79 10.97 8.21 4.33 6.1 8.9 10.01 20.73 26.96 22.55 46.56 24.69 11.03 12.46 6.15 3.8 8.77
9.13 6.84 12.35 9.04 9.47 9.99 5.06 7.97 3.77 5.71 5.22 7.55 2.37 3.12 5.94 7.17 10.56 15.38 31.53 11.18 16.23 4.68 2.4 5.35 4.58 10.84 7.73 6.23 2.57 3.91 4.06 5.9 9.25 13.59 11.59 21.78 7.76 6.34 12.74 3.63 3.5 5.63 2.92 3.33 2.69 9.84 11.96 7.89 13.26 2.05 4.3 4.4 11.17 16.01 28.65 22.96 14.62 30.0 19.86 7.39 4.76 6.8 2.58 6.61
7.91 8.56 9.41 5.54 9.41 7.0 5.58 9.52 4.25 5.81 6.19 5.29 2.31 2.74 7.41 5.08 10.27 14.2 10.56 9.2 7.19 4.98 2.44 4.1 5.19 12.67 6.37 6.31 5.27 8.51 4.67 5.39 10.05 9.33 11.38 12.91 7.93 5.58 5.55 2.23 2.16 4.92 6.26 7.88 6.04 10.33 8.71 10.88 6.02 8.14 9.11 8.89 14.96 28.06 18.09 19.02 8.07 17.87 18.48 8.6 3.03 4.72 5.89 5.8
8.63 9.87 9.68 13.26 18.11 8.05 8.36 11.55 8.42 7.77 10.73 2.63 3.01 3.71 6.22 11.45 19.62 15.68 10.51 10.12 5.03 3.79 4.32 4.29 4.14 6.85 5.04 8.03 10.27 6.56 7.54 8.44 10.14 10.54 9.4 7.94 4.27 4.19 5.63 3.65 6.15 3.66 7.84 9.29 11.76 11.24 14.86 10.48 5.53 20.47 17.71 13.5 15.73 36.66 24.26 11.76 13.22 17.2 26.92 6.36 2.42 4.48 5.42 4.68
8.42 9.49 16.51 16.42 11.18 3.17 8.36 11.7 11.99 16.94 12.52 4.95 2.95 4.26 5.46 23.54 11.1 14.96 16.6 18.77 9.91 5.9 9.54 4.55 4.03 3.95 10.03 6.93 6.59 7.79 11.51 8.81 5.57 7.57 6.7 3.09 4.15 3.53 4.05 4.09 3.54 2.66 3.94 13.19 10.75 23.91 12.25 11.35 7.71 40.86 17.14 15.71 34.01 26.96 12.95 14.47 10.34 11.5 15.82 14.12 4.6 6.94 2.8 5.36
7.81 13.55 14.28 13.43 5.98 12.53 9.9 16.5 24.31 29.61 20.88 11.6 4.79 4.2 7.16 8.84 6.83 12.97 23.08 25.22 6.64 6.33 13.38 5.17 6.6 7.96 10.76 6.33 5.03 4.06 6.63 10.54 5.67 7.12 5.38 5.58 4.81 7.35 5.79 4.68 6.13 6.2 7.56 16.89 11.42 32.55 20.4 15.64 33.31 29.65 31.89 34.58 23.71 14.44 20.93 12.32 8.61 7.56 10.08 15.96 7.35 8.09 7.24 5.49
7.08 16.98 12.11 10.67 9.41 14.78 14.53 10.97 21.12 14.9 17.31 11.96 8.6 8.86 11.19 6.39 5.24 5.59 9.14 7.62 8.15 8.31 12.76 7.36 8.59 17.29 9.28 4.57 7.37 6.94 7.98 11.2 5.75 6.8 4.12 3.38 5.46 14.21 10.21 10.29 7.79 13.06 12.22 15.51 16.9 17.56 12.78 7.49 22.15 26.3 23.35 35.64 22.26 19.42 12.87 11.77 6.13 11.55 6.34 8.53 4.18 6.62 9.13 5.82
11.5 12.55 10.59 10.47 6.84 9.44 11.44 12.34 7.71 11.42 17.39 15.61 24.82 8.54 7.61 8.53 7.55 6.71 6.41 13.44 10.2 14.42 6.01 5.64 5.97 8.05 4.32 9.38 16.33 7.68 5.45 8.51 8.03 5.7 5.37 6.25 4.0 10.98 8.55 17.5 28.06 21.06 11.49 7.52 7.28 10.65 9.77 8.35 9.94 16.92 26.07 31.69 19.28 16.94 12.87 14.36 5.1 9.03 5.73 3.28 3.7 2.95 12.03 5.49
16.1 6.15 5.01 8.41 5.54 6.59 8.9 17.84 7.9 11.46 20.54 13.93 14.76 7.49 15.85 7.94 6.37 8.86 8.22 15.33 7.0 7.4 6.25 11.38 6.64 5.73 6.91 9.99 7.77 4.72 8.42 9.06 5.98 4.37 7.66 6.62 4.15 15.22 11.01 9.84 19.02 15.59 12.45 18.26 4.2 10.17 19.55 4.7 7.83 7.12 9.38 9.71 15.74 11.2 5.84 5.35 4.45 4.94 2.78 3.59 4.72 5.26 4.59 3.33
9.06 6.78 4.62 6.5 7.19 9.62 16.64 14.57 9.07 17.05 17.38 8.48 11.4 13.33 12.79 9.5 5.33 7.09 6.37 7.41 5.85 7.66 5.59 8.11 4.89 6.19 8.1 5.01 7.19 6.63 8.62 8.76 4.08 4.0 6.65 6.56 3.38 11.64 12.32 8.86 13.23 13.48 13.62 21.58 7.05 9.79 7.4 8.34 4.75 5.56 9.18 8.23 13.67 4.73 3.24 3.03 4.67 3.09 1.64 1.68 1.81 2.81 2.38 5.31
6.64 9.45 4.38 7.49 15.47 11.09 21.67 28.67 19.67 30.0 14.07 8.25 11.59 10.95 9.44 4.77 5.41 3.54 3.62 3.02 2.81 5.09 5.8 5.31 6.15 6.3 5.0 5.5 3.89 10.63 13.31 13.26 7.2 5.37 7.24 8.45 11.08 19.34 24.35 9.42 15.89 9.07 9.38 12.91 6.38 12.39 12.07 13.98 7.12 6.97 14.23 10.24 16.77 7.87 3.51 4.6 2.89 2.55 2.31 1.54 2.73 4.03 4.96 4.45
4.32 3.99 5.11 8.46 18.27 22.77 32.14 16.22 10.75 14.65 9.21 14.8 13.13 12.48 6.25 6.67 3.41 2.27 3.58 1.73 2.01 3.06 4.23 4.43 7.15 6.58 2.32 3.79 5.14 11.75 10.13 13.05 16.57 7.01 7.08 10.99 18.47 19.5 18.77 7.25 14.61 8.84 7.34 8.21 7.31 8.94 17.73 18.37 9.14 5.68 10.05 13.32 17.16 4.41 5.01 4.54 1.56 2.54 3.16 2.32 3.04 7.43 6.8 5.66
4.67 5.87 8.81 9.98 31.39 26.9 24.95 18.3 12.57 12.3 8.69 15.53 14.07 9.73 10.54 10.51 2.59 4.49 5.52 3.25 3.39 3.93 7.85 5.28 5.6 2.97 3.54 4.63 5.04 4.64 12.66 9.7 12.29 7.29 3.9 8.27 10.28 11.34 11.66 9.8 11.04 11.69 8.62 7.58 4.6 6.86 11.38 19.56 8.85 4.42 4.19 7.41 5.43 8.36 6.26 5.96 1.96 4.04 3.25 2.19 6.21 5.73 6.38 7.24
8.95 3.66 10.99 14.17 24.03 39.29 16.93 23.16 20.06 15.99 10.18 7.01 8.88 9.51 9.85 8.94 3.44 3.64 2.9 3.3 3.74 6.0 8.55 3.58 2.74 1.94 5.71 3.78 4.55 6.19 3.3 5.77 6.49 17.95 10.23 10.89 4.16 5.05 7.43 7.25 7.01 5.62 7.09 4.31 4.79 4.64 8.06 17.75 13.86 4.25 3.9 8.29 7.83 7.72 4.76 3.03 5.22 2.62 3.76 2.59 5.71 5.56 3.66 8.8
5.9 6.38 5.8 11.74 19.1 13.64 7.66 8.62 14.8 15.85 13.03 9.3 11.59 7.43 17.68 10.01 9.11 5.27 1.61 3.69 6.78 6.35 12.29 6.93 5.41 2.95 5.86 4.62 5.45 3.78 5.7 6.03 8.98 28.66 17.46 15.8 4.66 3.51 6.84 3.07 5.7 5.33 4.16 4.8 3.74 3.59 5.37 5.36 7.45 9.22 3.81 6.26 4.02 6.24 3.45 3.78 3.76 2.39 4.1 5.15 4.2 4.77 4.16 5.97
6.06 4.34 7.54 6.57 13.26 11.88 5.28 7.08 13.58 15.54 19.4 7.61 20.09 19.0 30.46 18.62 12.4 7.93 2.7 6.34 9.43 8.32 5.82 7.96 4.47 4.36 5.6 11.68 8.56 7.76 4.81 8.26 10.06 15.78 9.6 7.74 6.55 9.16 6.11 5.79 8.63 9.13 6.87 7.8 4.48 4.32 2.93 3.89 7.57 5.73 5.91 5.14 4.01 6.31 4.11 9.91 5.89 3.53 3.86 4.48 9.22 4.28 6.67 5.5
13.42 7.25 11.67 9.13 11.33 15.51 6.37 3.85 10.42 11.02 10.45 11.14 9.02 11.38 16.55 20.98 6.42 9.66 3.58 5.34 10.78 5.34 4.33 8.9 7.24 3.22 5.36 7.19 10.99 7.43 8.64 8.14 10.98 10.76 10.14 12.28 9.97 7.93 9.83 4.81 6.3 7.97 9.22 12.93 4.04 4.05 2.73 3.94 8.55 4.46 5.65 4.63 3.09 6.74 9.13 7.87 6.42 5.57 5.15 4.45 3.05 7.46 6.14 4.03
20.64 8.42 20.85 13.85 14.49 14.97 8.72 10.41 9.32 15.33 7.16 9.1 8.84 7.85 18.3 9.68 8.79 15.73 8.27 4.6 13.15 6.93 5.98 6.94 6.46 8.41 5.62 6.6 15.15 14.35 21.82 12.2 10.29 11.06 10.17 14.93 11.46 7.66 3.1 3.44 3.39 12.2 9.41 14.84 6.47 4.6 3.45 6.07 10.13 8.07 5.94 4.6 4.4 4.89 8.19 4.56 8.07 9.66 7.74 4.9 5.67 7.22 6.27 4.17
23.73 9.45 14.25 16.16 18.94 34.96 7.98 14.72 8.26 7.83 6.81 9.59 14.28 7.04 10.35 8.05 10.97 15.82 10.44 6.29 12.93 4.67 2.71 5.56 8.0 11.27 5.46 10.65 14.21 14.05 12.86 18.68 22.1 16.08 10.74 13.31 13.06 5.74 2.57 3.41 4.06 4.14 10.66 7.75 4.47 3.85 5.52 3.16 7.4 4.46 4.5 5.1 3.8 3.97 5.7 4.84 9.53 12.59 13.96 9.52 3.03 5.62 3.15 3.59
15.88 12.15 10.83 24.54 14.0 16.76 9.01 10.37 7.81 7.67 8.38 16.64 16.71 4.87 6.19 5.22 5.22 10.09 15.06 7.12 10.91 7.04 3.17 4.14 8.97 7.52 7.97 8.02 8.35 8.43 13.67 20.5 29.05 13.87 9.73 11.72 13.21 4.88 4.98 2.75 3.24 2.67 4.2 2.89 3.72 3.76 2.53 2.95 5.34 4.05 4.79 6.85 3.9 3.85 5.57 3.01 11.57 14.3 18.65 13.85 5.81 6.1 4.72 3.53
11.79 9.47 9.97 8.17 11.58 10.0 11.4 7.85 12.45 7.39 14.79 11.09 7.39 3.52 3.39 9.12 8.18 34.22 18.15 8.4 11.47 3.88 3.85 5.63 5.5 9.0 6.62 12.52 8.76 14.86 11.4 12.69 12.41 9.04 8.62 13.34 14.49 3.86 5.44 1.57 2.13 2.27 2.8 4.34 2.22 4.58 2.83 6.77 7.03 6.31 5.08 8.44 3.85 2.61 5.65 4.95 12.13 15.05 19.95 14.44 4.61 4.66 7.19 3.93
8.67 11.93 8.91 9.24 14.38 34.92 17.69 16.57 11.34 10.8 10.84 11.11 4.67 4.65 6.05 10.12 10.09 17.64 22.57 8.88 8.23 5.03 6.17 5.32 6.37 9.08 24.04 10.51 8.17 10.9 16.55 12.09 7.61 4.81 7.82 5.55 6.46 4.82 3.02 1.41 2.46 3.22 2.25 3.9 4.13 4.47 3.23 5.22 5.25 5.83 4.47 4.84 4.59 9.13 13.83 7.45 18.89 18.05 26.64 18.67 5.47 3.63 5.7 4.35
10.98 7.23 8.37 7.48 28.17 25.27 13.33 10.68 13.51 15.21 16.17 11.76 8.81 3.97 4.64 5.09 14.53 14.85 21.53 8.22 12.52 12.18 14.56 8.04 7.98 5.18 15.22 20.79 6.93 8.99 16.81 7.98 8.23 7.08 4.45 5.0 6.11 7.1 2.84 3.01 3.7 2.58 1.89 3.1 4.1 4.33 4.58 5.8 7.2 7.04 6.8 6.1 4.48 9.49 8.34 11.47 31.06 45.55 17.44 25.02 7.25 3.31 5.32 2.86
10.13 11.32 7.86 8.37 13.26 12.54 8.31 10.63 8.98 14.39 7.74 5.59 5.28 2.17 3.19 7.84 7.84 9.74 12.49 8.28 8.66 7.67 9.63 12.79 6.88 4.66 11.86 10.47 9.12 5.36 5.95 5.63 3.44 4.68 4.46 7.81 8.36 7.44 4.97 3.53 3.82 3.12 3.67 3.19 5.02 2.4 4.08 6.36 8.23 6.29 3.36 2.6 2.91 9.2 5.68 11.51 18.67 31.76 12.49 9.14 12.49 5.48 2.72 4.56
9.24 15.12 14.07 15.72 7.57 7.63 6.44 3.39 5.32 5.4 8.64 3.41 3.17 2.64 2.32 4.27 9.75 8.08 6.16 7.3 6.08 8.61 7.79 11.56 9.72 6.45 18.24 8.78 12.01 5.95 4.51 4.49 3.13 2.32 3.75 8.77 7.17 3.91 3.85 5.67 4.12 5.13 5.26 6.28 2.58 2.19 3.25 4.33 3.94 6.25 4.26 3.12 5.05 10.01 12.7 12.87 15.93 15.59 14.21 16.47 7.15 4.1 4.81 5.53
4.9 14.97 13.62 15.17 5.56 5.27 4.96 2.66 5.2 9.69 11.58 2.92 3.82 4.07 3.79 5.26 7.1 6.98 7.37 8.82 5.36 6.97 8.69 6.92 5.62 10.86 7.83 5.91 7.1 2.16 3.94 3.98 3.19 2.56 4.1 10.51 6.8 7.83 9.33 4.68 7.04 10.04 7.55 5.64 2.41 3.69 4.61 4.39 4.96 6.13 7.31 4.24 6.02 16.38 25.7 9.95 10.05 9.99 8.42 8.11 4.79 3.19 4.57 3.59
6.59 4.83 6.56 9.52 6.91 6.44 3.83 3.95 2.91 7.96 7.78 3.24 4.74 4.61 4.61 5.54 8.56 9.9 7.56 3.91 6.66 5.39 4.93 3.97 4.33 10.46 6.01 6.68 4.58 4.72 5.45 6.95 6.63 7.11 13.83 12.81 10.77 10.92 5.96 11.92 12.45 20.99 9.55 11.07 7.27 2.75 2.9 3.71 4.82 4.18 7.81 4.93 7.87 8.4 7.0 8.6 7.53 6.78 3.31 2.79 2.86 5.25 4.96 4.32
10.89 4.05 6.98 8.59 5.28 2.13 3.13 4.59 2.96 5.82 9.9 6.99 7.57 3.89 7.26 8.24 10.71 9.52 9.31 9.14 7.69 5.03 8.27 6.15 6.28 13.06 4.55 5.53 3.11 3.86 10.9 7.0 7.8 5.61 7.29 5.83 8.69 10.33 10.54 11.02 19.6 18.89 12.27 12.03 6.82 3.46 4.78 5.4 7.48 4.88 11.01 10.91 10.66 10.17 12.39 11.81 11.71 7.99 4.0 3.96 4.14 6.86 6.58 9.09
14.08 5.58 4.9 5.08 3.18 2.76 5.92 7.21 4.52 7.97 21.48 8.45 5.82 3.83 8.32 6.05 7.04 8.14 4.24 4.69 5.35 9.35 7.69 7.05 8.43 9.5 6.74 4.36 3.91 3.0 5.7 3.31 4.75 5.23 4.63 3.51 10.37 13.76 8.04 9.76 17.55 9.1 7.3 11.55 11.11 8.73 6.31 5.04 6.41 7.4 11.11 17.55 6.33 15.89 8.72 8.48 4.86 4.24 4.5 3.99 3.05 4.9 6.44 19.79
11.46 7.41 5.32 6.39 4.07 4.01 8.37 8.05 4.1 8.69 10.8 11.62 12.64 5.86 3.61 8.86 9.61 8.82 5.25 4.36 4.74 5.16 10.62 8.68 18.25 11.61 10.94 5.0 5.92 2.34 3.44 7.22 8.49 9.36 5.61 2.56 5.31 4.52 5.29 6.81 9.88 10.08 7.36 6.38 6.04 9.61 5.71 3.42 3.65 6.31 13.65 14.46 9.62 13.86 19.36 5.31 3.99 1.77 3.59 5.55 6.65 7.02 10.3 8.16
7.07 4.19 6.67 4.17 5.97 5.56 5.92 5.99 6.75 7.48 16.61 11.36 11.88 8.69 5.21 10.95 10.69 6.26 7.59 5.35 6.96 4.63 19.5 7.54 7.79 6.89 5.15 6.0 7.07 3.36 2.95 5.42 5.14 7.29 6.17 2.38 2.33 3.67 5.91 5.55 9.91 5.55 11.03 6.24 4.99 14.67 4.32 2.69 4.63 3.52 4.98 9.34 9.26 9.64 7.2 8.63 4.53 3.92 4.9 9.68 7.8 12.64 6.03 5.0
4.47 5.09 4.92 5.53 6.88 4.73 4.42 6.05 6.32 13.76 14.05 12.97 11.57 6.05 5.9 15.97 12.16 7.87 9.61 9.48 13.33 6.93 19.85 11.68 5.75 6.97 3.94 6.18 4.21 2.01 4.21 4.4 2.83 13.1 13.29 8.57 2.87 2.94 4.35 4.64 5.5 6.2 6.19 7.63 6.35 16.46 11.89 4.63 5.28 3.97 2.58 6.19 4.54 7.2 6.51 6.79 3.74 3.64 5.24 13.29 10.9 6.57 6.95 6.05
5.92 4.1 4.85 4.71 4.98 4.08 6.75 6.7 14.77 11.57 19.8 4.08 6.79 5.81 17.66 25.46 12.97 12.59 11.84 9.95 8.06 13.99 16.53 18.6 9.53 3.98 4.58 4.14 4.54 4.18 7.61 7.31 4.36 9.06 9.84 6.06 6.2 3.98 2.2 3.63 5.23 6.59 8.4 7.27 9.53 20.59 14.54 4.0 6.12 10.32 5.44 13.32 3.96 7.55 5.49 4.88 3.27 3.36 7.2 6.87 13.4 7.2 7.53 5.83
8.35 5.25 5.2 5.01 4.08 8.52 14.15 9.16 10.28 10.86 13.98 10.87 14.03 16.12 23.29 16.48 8.18 8.05 7.97 5.86 10.18 6.32 4.74 13.52 11.47 5.55 3.1 2.93 9.35 4.59 8.57 5.87 4.36 8.23 7.3 13.67 8.06 4.97 1.93 3.97 6.39 5.51 5.78 7.86 4.33 9.73 16.94 7.47 9.79 13.31 6.83 12.26 4.37 10.82 8.08 4.99 5.25 6.74 4.99 3.03 9.01 9.96 7.5 5.66
9.64 9.92 11.05 8.29 6.72 9.9 22.86 9.86 9.27 11.91 18.75 11.98 12.56 13.38 16.12 14.69 5.74 6.27 5.46 5.33 9.33 7.2 8.29 10.62 16.7 4.01 3.22 3.88 5.98 6.46 5.4 5.76 4.73 12.53 6.43 16.78 17.86 6.46 4.38 9.6 7.83 8.92 7.96 10.76 4.82 7.24 17.55 8.09 14.9 10.28 12.09 10.46 16.18 17.58 17.24 7.03 5.17 3.49 3.76 5.83 13.09 20.66 7.17 6.6
21.38 9.0 10.38 8.56 9.3 33.5 16.03 12.31 13.66 9.72 15.39 13.24 23.22 14.37 7.01 18.8 5.74 6.95 9.42 5.67 8.93 11.26 9.06 10.58 6.43 3.38 2.19 5.23 5.04 6.71 5.3 3.36 4.92 8.08 12.67 12.73 7.85 3.31 4.95 7.62 9.05 8.42 12.28 17.41 7.94 5.35 15.25 12.06 17.41 9.81 14.37 11.39 12.89 16.26 12.56 8.9 4.37 4.81 5.58 11.94 10.16 13.72 4.49 5.06
16.45 6.82 10.46 9.69 12.48 12.4 14.38 19.91 20.61 11.37 13.2 20.79 24.3 10.02 9.88 8.83 8.45 4.28 10.36 7.27 11.29 11.84 11.95 12.19 4.07 4.52 5.12 3.47 2.65 6.62 4.19 3.58 7.71 12.67 15.28 7.4 9.36 4.79 7.87 6.64 5.01 10.34 6.77 14.78 7.87 7.59 10.47 9.36 11.56 10.22 7.01 7.62 6.21 13.03 11.55 14.28 4.63 3.29 5.19 10.7 8.21 12.72 4.8 5.13
7.09 3.86 5.59 5.5 8.81 9.17 6.94 21.22 14.96 13.8 10.52 15.45 15.47 12.81 10.12 7.1 8.92 5.37 3.78 10.61 9.81 13.04 14.42 11.1 5.1 4.05 3.15 3.19 3.76 4.66 2.77 3.68 7.9 13.31 23.75 6.93 15.94 5.04 6.27 6.28 4.48 8.69 6.12 10.64 10.06 3.51 6.57 9.71 6.4 7.43 5.7 11.71 7.12 12.61 12.71 4.93 6.41 3.32 6.7 12.23 15.73 9.88 11.48 3.41
8.7 7.48 8.79 8.06 8.29 6.53 7.42 11.27 10.02 6.53 14.18 10.04 9.12 9.97 7.26 9.8 12.61 4.4 4.89 5.78 19.67 8.64 12.88 5.73 4.06 2.73 3.73 2.67 5.55 4.62 5.18 7.89 5.24 15.52 13.8 7.7 8.88 4.76 6.6 7.08 7.26 8.16 10.05 16.51 6.53 5.95 4.58 7.42 4.47 10.59 9.55 6.55 8.58 19.65 12.28 11.44 6.52 2.52 8.68 12.27 7.7 12.18 6.7 5.24
7.6 6.09 8.07 8.44 7.87 7.7 7.65 5.03 10.06 8.64 10.0 14.6 18.34 9.59 3.09 5.05 10.14 10.2 5.83 7.38 9.03 10.98 11.9 5.42 8.81 5.9 4.72 7.53 9.71 7.7 7.15 13.94 3.63 6.16 6.64 8.48 5.3 7.37 5.78 6.89 6.79 6.41 7.1 12.67 11.23 14.08 10.41 6.03 2.38 5.84 6.72 11.1 10.92 7.96 8.43 4.91 5.58 3.44 9.68 13.86 8.21 11.61 9.02 11.35
4.65 5.17 11.27 17.51 12.64 6.81 5.12 8.26 11.74 5.62 8.66 8.19 10.74 3.43 2.97 5.16 7.41 6.69 4.06 5.9 13.49 3.42 8.59 9.74 7.31 7.73 5.79 8.67 8.79 6.89 6.74 6.9 3.44 4.19 10.14 4.68 5.56 5.54 5.21 4.4 2.32 4.58 9.51 12.22 7.57 7.21 8.12 5.18 2.73 3.97 4.27 10.39 7.16 5.03 4.7 5.08 2.48 3.43 3.22 9.25 7.59 6.94 13.88 9.92
4.91 5.87 17.48 23.13 17.99 15.75 10.11 5.33 6.74 4.24 4.5 5.87 5.12 4.42 5.38 4.1 6.57 4.75 6.34 9.33 8.6 5.53 10.85 12.59 9.01 7.25 7.05 9.87 9.65 10.76 4.5 7.57 5.3 3.91 7.49 5.58 2.41 4.91 3.9 5.11 2.68 7.17 7.01 9.23 9.93 5.43 5.39 6.02 2.76 2.63 4.07 4.71 2.77 6.43 6.31 4.49 3.3 2.15 3.44 5.92 3.85 7.09 21.28 5.87
6.95 6.24 9.27 16.78 23.73 11.41 3.97 3.97 3.27 3.33 4.75 2.95 4.66 6.76 5.7 3.49 4.09 6.04 5.81 16.06 6.49 4.6 9.83 14.88 9.64 12.46 7.42 7.73 8.17 7.01 4.52 6.13 4.51 2.52 3.35 4.35 3.42 7.84 8.1 7.76 3.26 6.48 6.15 15.32 13.23 3.76 6.0 4.18 3.28 4.6 5.78 3.06 1.89 4.28 4.13 4.17 4.68 3.56 2.66 3.21 2.01 5.89 21.52 6.44
3.98 3.82 5.1 17.65 15.14 14.7 6.03 6.19 3.23 2.49 3.85 1.09 3.07 4.37 3.19 3.38 2.99 4.09 9.02 12.38 7.82 4.3 7.19 12.26 6.72 14.03 8.72 4.79 9.37 5.27 3.03 4.48 3.38 1.95 2.1 5.6 6.05 5.75 7.65 6.66 5.67 6.49 8.51 14.43 9.47 4.64 4.76 3.06 2.33 2.87 6.33 3.65 3.67 6.88 3.72 7.56 8.9 5.73 5.06 3.49 1.7 3.81 8.49 10.55
6.13 4.58 4.71 12.68 21.41 9.1 5.83 9.13 3.11 1.41 2.24 1.6 3.73 4.82 4.16 3.84 2.17 3.88 8.51 15.35 7.14 4.44 5.79 8.72 4.61 8.18 7.06 8.62 5.66 4.54 3.73 4.61 4.33 2.81 2.86 6.21 5.73 4.09 4.46 3.69 3.33 7.17 9.99 11.52 4.13 4.49 3.46 3.97 3.19 2.62 4.9 4.91 6.98 10.91 7.23 16.13 24.71 11.85 5.72 8.05 2.86 4.55 8.88 7.17
6.85 9.39 4.97 6.36 9.39 8.21 8.54 10.09 3.83 2.69 3.73 5.32 7.77 12.98 7.15 6.11 3.04 4.95 9.09 17.21 8.96 4.51 14.36 7.72 6.89 8.29 6.46 8.38 5.31 3.61 3.41 3.67 3.89 1.84 4.87 3.59 6.02 5.53 4.28 3.59 5.28 5.84 3.28 7.3 3.85 5.12 2.89 4.01 3.53 3.79 6.36 4.76 7.32 7.6 5.32 11.75 21.23 17.99 12.32 10.7 3.98 7.3 17.35 12.54
11.95 13.12 9.1 8.67 14.65 8.52 7.92 11.89 9.54 4.97 8.0 7.4 24.96 20.54 7.03 5.89 5.95 6.06 9.67 10.1 10.57 6.49 15.58 13.35 7.47 7.89 12.05 9.17 6.72 2.47 4.33 5.84 2.58 3.64 3.57 6.09 5.42 4.26 3.41 5.33 5.03 7.39 2.12 5.02 4.39 5.31 4.6 4.23 4.83 4.23 7.8 4.86 6.32 5.33 6.99 12.03 11.88 20.07 17.21 8.76 7.8 12.09 11.75 10.51
8.98 8.66 11.85 15.88 10.19 7.94 5.32 5.41 6.47 6.73 6.65 7.63 7.26 10.85 6.55 3.5 6.95 7.09 9.42 9.2 7.71 8.47 7.7 15.09 10.79 6.97 9.01 7.9 5.29 5.53 6.44 4.08 4.98 4.53 3.31 4.4 3.74 3.67 3.95 3.77 3.17 3.11 1.96 2.87 3.3 5.75 6.94 6.39 5.38 3.7 5.71 10.08 4.52 10.93 10.42 13.93 15.99 14.24 13.18 8.38 9.66 10.74 5.27 8.27
