16.42 15.42 8.66 6.89 12.04 6.72 11.21 15.2 22.72 18.02 36.17 11.49 7.74 12.08 12.51 9.06 8.6 5.59 6.1 6.93 5.94 11.09 11.65 7.46 5.6 5.55 5.11 3.35 3.47 2.43 2.3 2.72 1.78 2.66 3.01 3.05 4.81 12.05 12.21 8.55 7.13 7.03 6.29 5.3 3.95 3.73 5.18 3.12 3.14 5.24 3.78 8.39 11.95 2.85 3.46 2.07 2.96 3.47 9.97 7.49 10.17 13.5 5.43 10.57
10.36 11.56 9.27 5.24 9.06 5.13 9.82 21.05 20.51 30.49 46.53 16.43 13.39 11.75 11.58 5.39 5.51 6.26 5.07 6.18 5.2 8.38 8.64 9.19 5.41 4.12 6.31 3.66 3.48 1.87 3.51 4.3 2.5 1.73 3.29 2.43 6.4 11.35 10.45 9.75 8.75 9.07 5.39 8.85 3.49 3.84 2.78 3.05 6.9 6.94 11.18 9.05 9.32 4.13 6.23 3.4 2.63 3.57 4.52 9.66 9.13 14.89 4.59 8.81
6.07 6.51 6.61 7.57 6.0 7.08 8.11 15.59 12.37 37.0 41.59 18.79 7.04 12.44 15.22 7.62 5.16 5.39 6.69 8.36 6.5 7.32 12.72 12.43 6.77 7.33 12.82 5.47 1.96 4.14 7.82 6.02 6.78 2.33 3.0 6.0 8.49 7.42 9.07 7.65 8.94 8.63 10.0 5.33 2.96 2.22 4.12 4.3 7.81 7.48 16.47 20.15 18.82 6.31 7.36 5.13 3.72 2.89 6.22 16.98 7.04 8.89 7.15 9.26
7.16 9.56 7.13 4.96 6.86 9.91 7.22 14.83 13.91 12.91 17.08 16.71 6.36 9.72 9.71 4.34 5.47 7.07 10.41 9.24 5.37 8.78 24.3 6.15 9.62 12.04 14.77 6.62 3.74 4.35 10.92 11.98 7.53 7.38 6.84 11.08 5.58 7.11 7.28 13.21 9.13 10.25 12.57 8.59 8.4 1.9 4.47 3.12 6.87 4.19 15.47 12.18 12.31 11.03 5.79 7.08 5.2 4.09 6.43 11.52 9.18 7.19 6.1 9.11
6.91 8.64 7.15 6.44 9.41 8.93 7.76 10.19 9.05 9.26 8.36 14.15 9.3 5.49 4.99 7.56 7.42 12.4 7.35 14.08 7.6 12.54 11.05 13.25 8.29 6.59 13.87 7.43 6.15 6.88 16.54 24.43 7.69 3.45 4.18 16.58 9.23 6.45 4.05 7.25 15.42 8.81 5.69 9.5 6.79 1.22 5.0 6.26 16.28 15.96 6.98 7.12 9.25 6.31 9.02 5.94 3.59 5.01 5.74 9.84 6.69 6.99 6.58 6.31
8.65 9.1 10.46 11.59 4.61 10.23 10.65 12.51 4.63 5.48 7.27 10.56 5.68 8.96 5.35 9.26 7.65 8.68 5.17 6.62 7.36 11.29 14.13 9.41 9.36 8.82 9.42 5.76 4.72 4.97 13.56 22.18 6.71 7.2 9.23 7.41 9.3 9.6 5.46 10.88 11.63 10.79 12.08 12.25 10.61 3.0 2.67 5.26 10.67 26.64 4.96 5.88 6.43 8.41 4.93 4.2 1.76 2.66 9.27 5.12 3.85 9.79 5.6 4.75
13.97 9.65 8.59 6.88 7.46 7.93 14.12 13.08 6.53 4.16 6.05 6.13 6.27 6.92 7.58 12.74 8.99 7.28 8.57 7.47 6.34 7.69 10.67 7.79 10.77 10.41 9.09 5.02 3.41 3.61 8.35 16.97 5.84 10.81 8.98 7.5 10.43 10.47 8.8 8.05 9.0 6.47 6.69 14.05 5.89 5.95 5.35 8.09 13.49 26.49 5.34 7.85 10.61 6.35 5.87 1.96 2.18 4.21 8.56 8.0 5.7 4.19 4.9 6.19
7.64 12.93 6.5 5.13 11.82 15.81 7.65 7.19 8.79 5.18 4.33 4.71 6.32 6.54 6.3 7.3 7.85 9.01 8.08 10.52 5.45 12.42 7.5 13.3 8.55 7.3 4.68 11.05 5.0 3.69 7.52 13.97 14.47 7.25 8.17 5.58 19.3 10.95 18.25 7.43 6.47 3.06 8.08 18.92 19.7 10.03 3.94 12.32 13.23 19.26 4.08 3.42 4.4 6.55 4.79 2.35 4.38 4.56 7.98 8.22 9.6 7.68 2.91 6.22
9.78 7.69 11.21 24.17 19.23 10.53 6.64 7.7 5.01 7.49 4.25 2.93 3.02 2.11 4.85 5.46 7.25 6.96 6.59 11.28 18.65 11.31 16.43 9.86 6.37 6.65 5.08 5.05 3.36 5.17 9.53 13.51 15.06 5.64 6.93 6.57 26.83 12.33 16.93 7.37 4.17 6.42 14.21 31.2 16.3 16.44 6.75 13.71 17.61 23.24 6.42 3.81 2.09 5.58 6.73 3.88 2.74 10.28 8.23 11.45 12.74 11.12 5.23 5.18
8.82 4.87 9.18 12.73 10.74 9.33 11.04 9.89 7.6 5.21 3.14 4.32 3.3 2.43 5.21 7.86 7.1 9.41 13.67 14.66 15.52 16.2 14.98 8.56 5.54 7.31 9.64 5.0 3.15 3.35 5.43 9.17 14.38 8.4 5.76 7.09 11.32 13.18 18.68 6.63 6.2 10.77 7.56 16.3 41.29 19.39 10.42 9.68 13.5 13.45 11.86 2.94 5.06 4.8 7.42 5.24 6.1 5.25 8.47 11.45 7.41 5.32 5.12 7.68
6.78 6.58 7.08 6.67 9.59 7.09 8.68 6.39 5.71 3.52 4.53 3.05 4.95 2.91 2.91 5.38 5.45 6.48 10.4 10.54 15.33 25.46 13.26 11.1 9.15 7.26 8.24 4.05 2.87 2.74 4.19 8.33 7.74 6.68 7.87 6.94 10.27 14.84 14.34 17.2 9.76 15.94 8.71 11.85 23.44 20.67 7.1 5.68 15.58 11.04 5.39 4.02 2.37 5.6 5.02 5.26 3.73 5.06 4.61 6.93 5.26 5.88 5.96 3.74
6.13 6.34 5.47 9.14 3.27 7.38 7.09 12.53 5.13 4.49 3.74 4.11 2.33 3.47 2.96 11.0 12.7 9.49 4.17 8.13 11.17 12.8 14.5 12.24 7.78 2.74 5.13 5.38 3.77 0.86 2.18 3.84 5.17 5.99 5.44 11.53 11.36 14.9 12.45 17.34 9.8 12.73 6.88 10.44 13.35 5.2 3.87 3.0 8.54 12.82 6.65 2.68 4.16 5.38 14.95 10.33 3.08 3.18 4.26 4.28 3.32 8.08 6.06 3.75
7.3 7.67 9.02 7.55 5.18 6.56 9.73 11.5 7.89 4.45 6.92 3.82 2.33 2.92 5.57 5.96 9.43 5.29 6.89 4.38 11.7 10.7 13.47 6.76 5.22 2.41 6.44 5.47 4.32 1.81 1.57 3.46 4.61 6.4 6.63 11.51 7.45 16.98 7.54 9.79 11.96 13.48 10.65 11.19 6.39 5.0 4.84 3.5 5.35 4.71 3.91 2.55 3.99 4.57 13.64 7.85 6.08 3.24 4.03 2.68 5.23 7.05 8.77 7.8
6.46 12.43 16.4 9.44 5.64 11.95 19.33 14.47 13.64 9.57 4.16 8.31 5.71 3.05 7.58 6.56 4.63 5.34 6.49 5.95 12.77 7.96 19.79 5.38 4.24 3.49 9.2 6.39 4.73 2.94 1.65 3.16 3.09 7.47 4.67 6.13 6.36 4.51 17.52 13.19 19.81 13.41 19.94 7.71 7.62 4.21 3.13 4.36 6.28 4.92 4.92 6.29 7.81 11.4 11.84 14.82 9.88 6.32 6.35 4.03 5.64 4.94 7.51 5.07
3.77 9.56 9.73 7.92 8.4 12.97 11.53 12.51 10.78 12.05 5.28 7.33 5.51 8.98 11.72 18.28 6.34 6.06 6.22 5.57 9.92 7.3 8.65 8.18 8.88 3.36 8.4 7.27 5.07 3.21 3.31 4.86 4.96 3.12 5.32 7.11 5.35 3.8 5.98 10.59 11.5 15.45 26.04 20.57 10.3 5.72 3.51 6.35 5.37 6.02 5.36 9.61 11.91 26.37 11.79 16.03 12.1 6.11 4.8 5.16 5.31 5.65 7.87 5.77
2.7 3.49 5.52 5.42 6.51 7.19 6.24 10.26 16.38 7.63 6.22 9.56 7.04 5.98 10.76 16.63 5.4 4.57 6.53 5.53 6.12 10.2 5.37 10.42 8.54 5.23 4.55 9.51 5.21 4.34 3.0 3.67 3.99 4.22 4.03 3.92 5.26 5.19 9.1 10.03 7.97 22.25 14.04 24.91 6.31 7.25 6.08 8.39 4.94 5.7 12.83 13.47 23.93 19.69 13.7 8.98 12.06 9.82 6.65 5.15 5.26 4.25 10.02 10.51
3.42 3.71 5.06 9.68 7.42 10.03 6.44 5.73 8.49 6.42 3.33 7.44 9.6 8.98 9.37 12.63 8.47 9.07 11.59 7.16 5.65 5.93 4.41 14.43 5.85 3.57 3.51 2.59 2.38 4.01 2.34 3.51 5.41 3.92 4.91 7.13 12.69 9.75 8.72 6.17 9.76 13.85 14.3 14.15 7.8 7.52 9.61 6.48 7.58 7.59 7.91 17.96 34.23 14.58 11.44 13.62 13.37 7.57 3.64 3.84 3.92 10.33 10.57 10.63
4.86 6.82 9.28 5.45 9.14 16.48 8.4 5.47 12.95 4.73 5.54 3.94 5.63 6.35 5.92 6.17 10.16 10.69 7.78 6.97 4.06 5.18 6.29 8.81 6.95 4.52 2.93 5.34 2.95 3.94 3.85 4.47 7.28 8.99 8.42 8.0 12.82 24.99 16.49 11.88 6.25 26.51 11.13 12.13 9.85 5.91 7.93 7.83 6.48 8.4 15.54 18.32 18.05 15.62 10.34 9.09 8.22 6.68 3.91 2.16 5.45 10.79 7.81 4.61
10.85 12.3 9.07 12.85 19.94 19.1 13.49 10.39 11.41 7.52 6.1 5.44 6.71 3.53 7.79 8.14 12.3 10.42 7.28 7.41 6.74 4.87 3.02 7.3 3.38 2.84 4.07 3.86 4.59 5.06 4.89 7.5 18.25 6.18 6.04 7.71 14.33 29.96 40.21 12.8 14.5 24.23 15.45 12.33 8.2 9.99 8.79 10.57 12.91 8.91 15.52 19.57 14.19 16.42 16.45 10.57 10.37 5.44 4.13 4.6 2.94 4.33 6.04 4.36
21.76 9.62 10.96 14.0 41.73 17.5 15.97 9.38 8.85 5.26 7.0 6.93 7.04 11.85 7.47 5.07 12.0 7.1 8.06 5.39 5.23 6.46 10.47 5.07 3.48 3.4 4.4 4.89 8.01 14.5 11.99 14.89 27.62 10.87 5.46 9.13 12.79 22.49 21.82 20.89 12.6 29.04 24.41 13.26 7.44 5.26 6.99 11.78 12.65 8.48 12.86 14.96 16.1 16.19 9.45 9.34 9.04 3.46 4.29 6.25 7.46 3.97 3.39 9.69
21.27 10.95 13.09 13.8 28.68 24.43 22.12 9.59 11.89 8.78 3.45 7.93 8.76 11.93 7.28 10.25 11.06 14.92 6.5 6.91 6.07 4.54 5.64 2.63 3.54 2.38 5.3 3.13 12.34 16.02 13.47 21.57 25.4 10.23 11.17 22.15 19.92 27.73 18.76 8.69 15.2 30.29 22.48 19.07 9.8 5.23 12.78 11.62 22.0 17.33 13.62 10.02 10.12 13.88 15.76 5.98 4.19 3.79 2.73 7.79 7.83 6.56 8.79 7.02
14.14 13.53 24.34 34.69 20.33 19.55 23.67 24.19 12.39 5.57 6.45 13.57 10.24 17.06 5.79 7.93 8.9 5.18 5.94 6.63 5.99 9.16 3.94 3.86 3.98 2.29 3.21 7.9 9.77 7.25 13.4 29.71 22.65 11.67 8.09 21.36 23.97 21.94 16.32 15.78 21.02 25.28 13.86 7.74 13.87 8.2 14.44 15.4 16.23 16.51 10.56 4.66 8.04 9.17 9.73 4.82 2.2 4.44 6.41 7.66 10.66 12.1 11.58 6.63
13.3 21.89 21.07 47.77 18.58 12.07 32.07 21.91 6.97 5.25 10.0 14.52 12.44 9.26 7.72 5.66 6.75 4.1 5.61 5.1 6.87 4.25 6.4 3.84 3.89 4.48 3.73 3.71 4.93 10.2 15.52 27.43 19.93 16.05 14.85 11.54 41.45 18.96 14.82 17.54 12.86 16.09 12.36 8.17 5.17 6.73 12.96 11.66 12.67 14.94 8.89 7.22 5.96 6.92 7.62 4.32 2.64 3.48 7.79 8.56 9.81 9.3 14.31 10.08
9.45 23.71 47.2 12.25 24.24 15.15 14.4 12.8 14.53 11.48 10.49 14.24 10.6 9.4 3.83 6.85 8.68 2.98 2.34 3.04 3.99 7.11 4.14 7.74 10.26 9.22 3.98 5.06 6.01 11.98 9.36 10.85 21.11 11.94 14.66 22.83 34.55 13.44 13.53 8.72 15.26 9.56 9.17 11.27 10.03 5.21 9.34 11.65 10.95 18.04 4.62 3.58 5.16 6.27 5.44 4.12 6.12 5.52 9.64 5.5 13.53 15.55 21.29 13.71
8.38 24.3 25.9 19.33 16.69 11.22 11.49 7.82 9.98 18.0 10.94 20.19 8.32 5.34 4.71 6.8 4.8 3.59 4.53 4.27 10.23 7.39 7.42 13.09 12.54 13.4 9.61 8.41 6.08 6.28 9.81 14.84 15.38 15.78 18.51 24.22 22.43 24.33 15.5 15.74 8.68 7.2 14.87 9.37 5.57 5.42 4.88 7.07 10.5 8.66 6.41 8.29 4.8 9.27 4.67 4.47 8.99 10.64 8.86 11.9 14.97 16.82 27.53 9.53
14.41 26.6 23.82 29.48 10.37 9.52 10.7 13.55 9.55 17.73 15.4 19.52 8.56 6.96 9.3 6.4 7.57 5.32 9.3 5.19 7.28 10.04 10.09 12.4 22.81 15.36 13.86 9.46 3.38 2.61 5.12 6.54 10.09 30.63 23.9 42.24 12.21 22.75 27.33 12.95 7.35 20.62 17.67 14.25 11.52 7.25 16.34 7.24 5.58 5.1 7.18 7.1 11.18 6.64 5.07 4.34 6.89 14.42 15.76 15.53 6.45 6.85 13.08 17.96
18.34 21.67 20.76 17.57 10.12 5.44 7.78 9.84 12.76 21.62 16.13 15.25 10.42 11.53 9.36 10.0 11.32 8.15 9.76 5.44 9.79 16.71 8.49 13.27 26.94 26.4 12.23 7.07 5.03 2.91 3.36 4.14 8.04 17.21 16.1 19.68 33.38 25.86 8.57 11.03 9.19 15.69 26.56 18.32 19.13 7.65 8.66 7.1 5.37 4.45 4.92 4.55 7.65 5.43 4.68 4.52 12.43 14.54 9.9 17.53 9.23 7.47 9.68 19.55
9.25 15.37 19.9 19.78 6.79 6.92 5.03 6.56 10.31 15.73 9.41 13.96 11.71 10.57 9.72 13.15 8.86 5.71 6.93 10.84 11.22 9.98 9.12 11.07 14.06 11.74 9.47 4.86 7.2 2.97 2.38 3.92 5.99 10.7 13.08 23.5 19.91 22.28 15.85 14.64 10.2 13.63 18.62 26.0 14.76 12.19 11.44 7.98 3.52 4.1 2.94 5.82 4.41 2.28 5.38 9.88 7.97 20.33 16.42 12.59 4.03 5.04 7.19 12.47
10.97 8.99 8.12 14.54 8.82 6.51 5.11 10.86 8.23 8.26 6.92 12.07 10.82 19.55 13.24 11.13 12.25 3.27 3.86 7.65 9.32 7.79 5.38 7.39 8.99 16.25 11.85 3.73 4.35 3.59 3.76 7.53 9.28 18.7 12.62 9.88 7.84 15.13 6.51 8.62 6.55 11.15 12.65 18.47 14.36 12.23 10.71 5.95 3.8 3.63 6.41 4.93 5.53 4.2 4.04 3.54 7.13 16.06 22.82 13.14 6.19 8.07 11.14 27.26
7.0 5.08 7.21 3.83 6.44 4.59 8.31 8.99 9.27 8.22 5.71 4.27 8.05 10.27 10.76 10.98 9.24 3.74 4.52 5.86 7.22 6.08 4.7 4.41 11.22 16.06 11.59 5.58 4.59 6.31 6.5 3.99 8.64 15.74 14.06 9.43 8.82 9.02 8.69 6.06 9.53 14.42 10.35 15.6 10.39 9.73 8.27 9.23 3.95 2.26 3.83 6.08 4.13 6.28 5.12 3.36 9.47 23.17 12.75 11.23 6.97 3.87 6.29 17.33
13.33 8.04 3.44 6.09 8.09 4.47 6.77 3.69 2.53 10.22 3.54 2.48 5.62 10.07 7.12 14.24 9.31 2.61 2.47 4.14 8.34 4.87 2.07 2.45 6.63 12.41 10.51 3.65 5.77 4.59 10.53 9.32 13.11 8.75 10.38 10.49 9.62 4.24 7.1 8.0 9.65 7.12 17.23 9.85 9.9 10.27 13.78 15.86 7.96 3.44 5.15 8.4 6.89 5.22 5.12 5.21 6.29 12.72 18.96 6.43 3.85 2.6 6.37 11.38
9.61 4.53 2.49 3.29 5.72 2.37 5.28 3.87 3.32 2.59 3.83 3.66 9.73 6.8 5.43 7.97 9.19 2.95 5.24 3.6 6.47 5.98 2.13 2.64 8.66 10.25 7.54 5.53 7.26 6.09 9.22 6.44 8.12 7.09 7.72 7.69 6.39 4.9 4.92 8.02 8.02 16.04 10.5 6.08 8.51 13.45 15.96 11.89 5.26 4.77 4.05 7.89 7.99 7.11 4.39 6.56 7.33 14.67 24.94 13.56 7.02 2.69 6.6 13.17
18.09 7.01 4.35 3.97 5.52 6.66 7.42 3.48 1.77 2.59 2.97 5.24 7.07 4.3 8.47 5.86 4.36 4.42 4.46 5.68 5.0 9.07 1.44 6.07 5.06 7.0 7.33 4.26 5.21 5.89 9.12 6.32 6.56 6.97 15.55 6.05 9.69 5.2 5.53 3.56 10.53 9.16 15.82 5.26 5.41 9.98 16.25 14.04 8.32 6.29 3.72 6.39 6.4 5.62 4.08 4.49 9.88 16.72 19.24 19.22 8.36 4.87 5.41 12.18
6.62 7.01 4.91 4.98 6.17 7.95 5.52 4.31 2.4 3.18 5.72 4.97 8.02 8.72 4.65 4.87 9.84 2.73 3.57 4.56 6.74 10.0 4.47 7.1 4.58 3.62 4.31 5.38 5.1 8.04 5.77 3.68 5.69 11.77 6.42 6.33 6.15 3.22 2.77 3.91 8.57 7.77 10.54 5.64 4.29 7.33 8.24 14.02 5.78 7.64 3.43 4.59 5.22 5.0 4.82 5.07 9.7 20.35 31.23 17.19 19.21 10.98 7.85 8.23
5.52 5.49 3.98 6.77 6.99 11.56 4.78 5.15 3.86 2.52 2.62 5.18 3.23 3.63 9.35 6.82 5.56 4.23 2.7 5.52 6.09 5.37 5.94 5.28 4.26 2.93 3.37 5.39 4.33 4.07 2.6 6.12 3.33 7.41 4.34 8.64 4.32 4.3 2.44 1.7 5.31 7.2 8.93 8.75 5.22 6.74 11.89 9.21 9.48 5.67 4.59 4.32 3.48 3.19 5.11 4.83 14.12 12.11 15.3 12.32 12.01 5.47 8.82 10.16
7.13 9.16 3.64 2.75 7.54 7.64 4.02 5.82 2.79 3.62 2.43 2.81 3.14 3.86 6.0 5.43 4.59 4.55 9.75 3.07 4.17 11.66 10.64 4.43 3.35 2.19 2.79 3.3 4.35 4.91 2.91 2.64 2.21 3.63 4.3 5.76 4.37 4.2 1.9 1.55 3.9 5.59 10.6 8.38 4.8 5.59 5.3 9.5 12.83 7.12 3.52 3.85 4.63 4.21 9.96 14.67 17.09 12.85 8.32 10.84 6.18 3.36 4.3 12.13
8.84 5.29 4.72 6.46 6.62 4.77 3.62 2.62 2.91 3.73 1.96 1.42 1.76 3.52 6.21 5.29 5.87 4.67 8.69 7.42 13.39 10.28 16.08 4.54 4.1 2.24 2.93 4.41 2.74 2.94 3.51 2.87 1.98 4.55 3.61 7.0 11.33 8.77 1.89 2.45 2.83 5.95 5.48 5.72 3.83 4.29 5.07 11.01 9.81 8.08 10.6 4.1 4.2 3.84 8.37 12.97 22.6 11.52 9.87 8.43 2.56 2.67 3.14 5.02
5.18 5.06 7.84 8.75 5.51 4.81 5.25 5.01 2.7 4.04 2.06 1.3 1.64 2.58 2.81 6.09 4.97 2.98 9.88 7.14 4.5 12.78 7.47 7.71 6.08 1.45 5.39 6.05 3.5 2.15 3.8 4.1 3.81 4.75 6.53 14.85 11.57 11.64 3.09 5.13 4.42 7.41 4.63 7.27 3.44 2.66 4.82 8.24 6.54 4.2 11.7 8.04 6.44 4.1 10.75 12.17 13.34 17.66 11.38 10.4 3.04 2.87 3.78 7.23
7.37 6.02 5.82 10.76 6.01 5.03 4.91 4.29 4.87 3.01 1.55 2.02 2.84 2.78 3.74 3.62 6.0 8.48 11.09 10.76 5.82 12.37 5.38 4.88 3.38 2.77 2.92 3.35 5.14 4.56 5.93 4.98 4.66 6.21 6.74 11.56 13.41 17.33 5.15 6.91 4.12 7.74 2.78 2.49 2.87 4.65 3.93 7.62 7.0 9.82 7.39 7.94 6.34 4.39 8.73 18.55 14.71 16.14 10.09 6.75 3.96 4.37 4.98 6.04
9.83 4.98 6.84 6.96 7.4 8.44 3.05 3.31 2.48 2.04 2.6 4.5 4.26 3.94 5.05 4.13 9.68 13.89 5.96 5.63 3.49 2.9 3.99 4.03 4.5 3.53 4.23 3.78 12.09 6.82 6.56 11.16 14.86 7.81 7.74 11.09 8.37 12.69 8.8 4.79 6.14 3.96 3.29 4.09 5.52 4.03 4.9 5.99 9.47 10.84 7.59 6.1 6.97 5.35 10.08 8.32 8.08 8.42 5.44 4.08 6.7 6.32 5.54 4.79
10.27 5.92 7.67 3.36 8.95 4.98 5.13 3.46 4.84 3.33 4.25 4.34 5.43 4.96 6.27 10.77 18.26 16.71 7.61 7.72 5.03 3.54 2.69 3.0 5.14 5.46 8.38 4.19 6.84 6.91 5.89 9.12 8.95 10.93 4.54 5.62 3.86 7.46 13.07 9.85 5.11 2.04 3.28 4.18 6.18 7.84 9.6 8.61 9.03 11.86 15.77 7.55 6.43 6.05 13.96 6.63 8.13 7.26 6.2 4.06 6.89 6.33 7.98 6.5
12.9 9.31 3.73 5.9 7.92 4.03 4.06 5.59 6.03 3.7 6.46 3.97 9.54 5.45 9.58 13.11 20.38 9.72 5.77 8.2 4.52 3.79 5.46 3.54 9.34 8.21 9.14 6.05 9.06 12.5 7.05 8.34 7.7 14.4 5.34 3.42 3.64 7.22 14.39 6.5 6.16 3.96 7.23 3.3 4.67 11.28 14.61 11.4 21.26 13.99 9.09 5.68 2.9 4.43 9.87 7.88 5.07 6.86 3.76 4.94 4.87 9.9 7.79 8.93
14.99 10.4 4.61 3.74 7.01 5.31 3.98 4.08 8.72 7.03 9.84 4.66 5.79 10.84 14.31 12.5 17.62 7.43 5.83 6.56 5.28 5.9 5.9 6.7 13.09 12.89 7.5 9.88 9.18 16.65 8.01 10.51 10.05 22.24 8.11 1.84 3.12 5.2 9.2 8.14 10.08 8.46 10.2 8.84 14.05 17.14 15.75 16.8 26.36 10.31 8.4 4.94 3.2 0.81 4.76 9.79 7.55 8.47 2.58 5.37 16.64 12.87 11.89 11.94
7.25 12.47 4.43 5.29 5.13 7.47 6.82 6.06 9.83 10.69 7.07 5.17 4.4 9.13 16.93 13.95 24.8 13.12 7.34 4.88 9.02 6.99 5.88 11.4 17.06 14.1 12.11 22.09 12.58 13.33 9.2 11.01 15.88 20.06 12.79 2.71 4.96 5.4 11.97 5.82 10.68 17.61 13.43 11.5 15.26 36.88 22.49 16.63 7.46 6.75 7.35 4.72 2.15 0.77 2.73 5.89 9.19 9.66 7.27 4.61 8.02 11.36 13.24 6.6
14.75 11.7 5.23 8.96 3.97 5.12 3.87 13.53 6.25 8.99 5.27 9.19 6.99 11.55 19.99 16.08 24.63 15.12 10.89 11.08 9.66 8.11 9.82 15.49 7.06 8.84 8.09 14.32 17.69 18.05 7.88 16.79 20.62 22.03 11.42 6.46 6.83 3.6 6.61 9.7 11.22 12.7 16.27 9.35 13.53 20.16 22.64 12.84 5.41 6.21 8.79 4.23 2.9 1.14 1.38 6.77 9.42 10.66 4.9 4.1 4.76 10.0 12.46 5.3
9.93 15.55 8.81 5.8 6.96 8.36 6.81 12.68 9.49 8.73 8.43 7.87 10.74 10.0 17.4 18.3 14.65 28.11 15.97 7.98 6.05 18.11 21.0 19.7 7.38 9.03 6.69 5.96 7.45 14.11 5.96 5.56 9.81 11.3 9.83 9.24 4.17 4.59 5.65 7.6 15.45 20.92 12.35 10.44 10.94 7.28 16.69 10.58 6.21 5.41 8.55 4.41 5.68 2.86 1.83 7.74 13.27 12.29 3.86 5.94 4.3 7.65 5.81 5.49
9.33 15.8 7.28 5.18 8.18 16.33 6.12 7.28 5.9 5.72 8.11 5.9 7.31 7.68 12.71 11.73 18.74 37.05 14.11 9.1 6.78 23.02 15.8 12.88 8.31 5.63 4.74 6.47 6.58 3.2 4.2 11.47 12.05 19.21 17.56 7.05 6.31 7.05 7.42 8.8 16.77 6.97 6.4 14.55 9.6 12.75 15.34 9.04 7.02 5.65 9.77 11.38 7.13 5.46 4.18 7.87 9.62 7.8 4.48 3.3 5.53 5.93 8.77 6.15
5.77 8.78 6.65 8.82 10.0 11.77 14.76 5.93 6.72 6.91 10.82 8.91 12.96 12.89 6.81 11.54 13.15 27.91 11.04 11.14 7.43 11.6 12.87 10.76 12.48 6.69 4.91 4.86 7.0 4.84 5.56 21.31 9.82 14.52 11.69 7.04 5.03 6.24 10.52 17.09 11.62 8.44 12.34 9.92 8.74 14.92 24.7 25.42 14.23 9.94 9.54 17.14 20.19 6.36 4.51 8.52 6.99 8.17 8.25 4.85 6.44 7.45 9.07 8.27
3.14 6.17 12.56 10.93 14.68 12.69 12.36 4.4 10.51 5.86 12.61 6.27 8.42 16.06 12.44 25.89 13.48 34.01 13.03 8.98 3.71 12.96 17.8 8.65 15.97 10.01 12.07 9.82 8.68 9.23 14.84 17.69 21.69 36.84 35.53 11.51 6.16 5.5 8.88 11.25 5.34 8.31 9.33 8.5 5.21 10.7 22.18 15.72 8.34 9.12 16.2 16.08 17.78 13.88 7.39 6.66 5.25 5.61 4.42 5.6 8.91 8.57 8.13 15.1
3.69 9.78 7.74 6.6 7.32 10.28 4.93 4.32 7.54 15.2 8.18 9.45 15.97 17.21 12.9 22.11 16.15 12.07 16.27 6.13 6.98 6.01 12.83 11.59 12.21 14.0 22.92 17.0 18.3 16.92 11.83 26.55 23.74 26.64 35.07 11.46 11.18 5.35 8.97 11.29 8.21 5.22 6.31 4.52 5.93 9.98 9.17 18.43 17.25 6.75 16.13 17.36 16.87 9.01 7.91 8.45 6.3 8.92 4.66 4.03 7.17 7.85 6.2 9.48
4.8 6.56 6.38 7.1 8.21 10.72 6.82 4.99 4.22 7.65 13.4 14.15 15.56 27.56 21.38 8.9 18.89 9.28 7.76 7.07 21.69 4.4 11.02 6.84 10.24 12.78 28.19 31.23 9.77 22.37 10.12 27.71 23.11 23.56 18.19 18.63 6.03 7.59 10.8 5.88 5.14 4.8 2.22 3.36 7.09 6.21 10.74 9.65 15.92 14.37 11.28 13.27 12.43 16.44 7.19 8.62 6.62 8.08 7.61 6.8 4.24 6.0 6.5 19.72
5.74 6.32 6.26 5.17 5.49 7.69 3.81 5.64 5.59 9.74 11.39 13.57 15.37 32.26 14.09 7.69 4.89 10.94 8.98 11.84 10.99 12.98 13.87 11.91 11.12 19.49 17.06 12.58 8.82 14.61 15.81 16.09 16.73 10.54 20.83 13.62 7.15 4.71 9.35 3.59 3.44 5.13 5.31 3.92 7.8 6.49 7.31 6.24 16.88 11.42 12.74 9.03 7.43 12.73 5.64 8.81 6.29 8.02 8.61 9.53 5.73 6.11 10.32 15.68
8.26 18.64 6.3 6.83 5.47 6.57 7.94 7.23 8.98 13.37 12.79 9.31 16.39 15.29 19.25 8.74 8.68 4.98 8.17 8.03 15.22 18.77 18.34 8.68 7.79 11.62 13.1 6.26 7.98 8.48 10.47 8.05 12.83 8.73 12.35 13.05 5.57 5.36 6.71 4.48 2.53 4.08 3.69 5.77 6.66 10.06 6.08 7.48 13.48 15.11 10.41 8.63 11.09 6.68 7.52 12.75 6.89 5.25 10.6 5.97 5.75 6.77 10.41 11.49
7.86 14.86 8.21 7.94 3.67 5.79 5.25 9.57 5.83 5.28 11.79 13.57 19.33 20.25 10.18 5.32 5.79 3.61 4.06 11.9 15.26 24.26 31.51 13.28 10.5 8.84 9.34 6.62 6.62 6.8 9.64 8.7 8.91 5.55 9.57 5.49 8.37 3.35 3.7 6.81 4.69 4.4 7.01 8.84 8.73 6.36 6.54 6.36 11.3 6.17 13.39 4.95 9.23 6.77 10.87 11.32 8.13 5.2 12.15 8.01 9.41 15.5 16.07 24.13
5.74 16.85 13.26 9.59 4.77 5.48 5.28 4.93 8.24 4.38 10.46 7.81 11.67 12.27 10.98 6.89 4.88 6.74 5.01 9.98 16.64 26.97 16.8 18.91 13.36 11.86 8.62 3.93 3.0 7.49 6.37 6.33 7.16 5.25 11.34 4.6 8.32 5.68 3.77 7.31 10.82 6.84 9.73 16.71 8.68 10.17 5.85 9.18 9.14 13.35 10.0 13.38 14.81 15.04 10.32 11.53 8.36 7.7 4.76 8.79 16.24 15.76 21.53 23.44
3.68 18.06 9.75 7.8 2.82 3.61 3.71 3.61 5.65 4.27 6.42 7.83 8.32 18.48 11.68 8.4 8.16 11.24 8.01 15.27 17.86 25.63 41.15 23.86 16.46 16.47 8.31 5.04 3.94 7.54 7.96 7.24 11.05 8.02 8.08 8.12 5.46 3.49 3.95 9.96 9.53 9.46 7.54 16.98 20.81 15.91 7.88 6.0 7.3 14.77 13.36 12.31 12.71 24.02 6.85 12.49 7.15 4.85 8.13 6.09 6.73 21.58 29.88 14.54
3.93 7.69 11.8 5.85 6.7 3.51 3.27 3.55 6.83 4.92 4.55 9.99 6.84 10.91 10.75 20.84 9.34 12.05 8.18 13.59 26.29 35.34 34.12 27.03 19.01 10.6 9.81 11.3 4.61 3.28 5.12 9.68 12.12 7.31 10.37 10.28 4.0 1.97 4.31 10.93 13.77 14.31 7.48 21.53 25.81 10.06 7.85 5.29 10.08 12.08 15.93 15.17 19.8 12.55 5.4 6.67 5.03 4.35 3.83 6.9 5.29 10.23 16.76 9.53
3.21 5.26 10.87 7.22 5.21 3.81 9.29 5.56 6.63 7.43 6.32 11.22 8.5 12.06 14.76 22.01 14.48 18.18 9.83 10.11 18.3 25.89 18.58 10.31 12.07 16.75 7.88 10.12 3.08 3.06 5.26 6.41 7.83 7.99 9.79 8.67 4.61 3.81 4.23 5.95 8.77 8.64 15.57 18.91 13.56 6.96 6.8 4.1 6.48 14.62 6.77 7.8 14.57 20.48 6.16 7.37 5.25 3.72 3.91 3.89 5.12 9.65 9.76 10.44
4.43 6.6 8.43 7.44 5.39 5.68 4.9 5.06 8.64 14.08 12.05 11.6 13.04 20.54 17.22 11.66 16.08 8.71 9.11 8.11 21.82 22.61 21.81 5.26 6.99 15.46 15.74 5.82 3.35 4.34 6.02 7.39 5.61 8.01 6.61 4.29 3.96 5.31 4.64 12.56 12.61 7.03 13.16 12.89 13.23 9.27 8.29 4.25 9.06 9.31 10.1 9.75 12.38 9.38 3.74 5.5 4.01 6.98 4.16 4.09 7.52 8.39 10.68 10.54
5.44 6.87 9.93 8.23 5.32 11.63 16.02 6.97 10.48 9.67 12.12 15.54 13.87 11.46 22.49 10.01 13.81 5.97 8.75 9.25 15.16 15.09 18.26 7.73 9.38 9.77 11.94 7.92 1.99 2.91 3.5 5.49 6.34 5.6 4.87 5.6 3.87 9.7 14.88 20.14 10.07 10.57 11.8 24.98 27.89 6.95 7.04 14.01 11.97 8.79 9.0 11.72 15.0 8.0 5.17 6.22 6.84 8.73 10.35 4.52 8.28 9.27 10.28 9.9
4.0 7.51 4.35 7.0 6.07 8.1 7.51 12.48 7.93 12.92 10.65 12.77 8.32 10.45 23.41 15.92 9.61 5.4 11.79 8.98 16.16 23.35 51.02 21.31 11.43 8.71 9.7 8.57 3.02 4.03 3.24 4.17 4.03 3.29 5.54 3.6 4.93 6.24 14.14 11.07 8.98 7.29 15.83 16.16 14.55 7.08 9.04 23.89 22.68 15.84 9.78 17.84 8.78 18.23 6.46 5.99 4.42 7.5 8.04 7.4 10.41 9.7 16.52 8.89
4.42 3.96 3.44 5.34 6.33 11.13 12.87 9.07 13.38 15.59 8.57 8.06 5.86 11.74 12.16 5.68 4.45 4.98 4.95 8.05 14.4 18.82 75.59 28.01 6.65 12.25 11.79 7.28 6.93 5.48 2.62 3.76 4.46 3.93 1.49 4.17 5.82 9.83 16.43 14.33 8.72 13.83 11.13 14.0 18.19 9.86 9.66 24.24 16.79 15.12 7.19 5.41 13.11 12.08 5.58 8.84 7.73 6.06 7.18 5.58 13.29 5.47 4.86 5.85
3.65 4.09 3.81 4.78 6.82 13.18 18.85 7.95 6.21 8.44 13.37 7.98 9.08 10.8 8.54 5.19 3.34 4.24 4.82 6.21 9.42 21.41 58.1 26.06 7.99 7.07 11.93 8.64 6.36 3.02 4.45 3.51 9.99 4.38 5.78 4.35 6.38 7.14 9.57 21.74 10.85 6.39 4.59 12.95 16.25 13.56 14.43 8.94 14.6 10.14 12.14 10.38 8.22 9.27 6.94 5.75 6.29 3.05 6.57 6.16 8.95 7.7 4.86 4.84
7.35 3.82 5.3 7.53 11.38 10.77 21.44 12.54 12.33 11.01 16.4 11.61 10.85 8.71 6.28 5.14 6.08 6.44 3.71 2.65 5.07 12.99 13.44 11.02 6.15 6.94 7.72 14.1 9.48 4.13 6.51 7.22 8.35 7.31 9.26 7.07 10.81 12.38 10.55 15.22 9.17 9.11 8.57 10.54 17.06 11.08 9.97 12.51 18.4 10.16 9.83 6.25 8.83 3.92 9.1 6.83 2.38 2.17 7.14 3.65 5.16 7.96 4.35 4.04
