9.13 10.67 5.33 5.82 5.37 9.4 9.91 11.31 8.66 7.65 12.13 14.35 11.22 8.28 9.75 16.91 8.48 6.1 7.35 5.29 8.7 10.86 9.46 10.99 10.37 9.48 8.1 10.96 11.73 9.63 18.61 15.75 15.9 11.27 5.18 15.79 9.36 8.69 13.84 17.37 13.94 8.04 5.82 8.53 9.04 7.5 13.55 11.25 8.75 9.68 10.91 9.7 7.04 6.64 5.69 9.17 7.53 9.6 9.95 7.77 8.54 4.11 4.65 5.62
13.75 8.8 13.37 6.96 7.99 20.12 16.4 23.29 8.77 4.93 9.61 8.44 7.48 5.47 10.99 10.61 11.09 6.03 8.35 7.56 12.04 14.44 8.04 7.37 6.55 9.81 13.81 20.8 13.6 11.82 7.38 4.82 8.83 6.27 5.23 12.95 14.23 6.78 11.88 12.17 7.9 5.07 5.35 7.45 11.2 7.86 12.49 23.63 22.8 9.69 8.25 7.15 8.48 7.44 9.74 17.95 11.21 13.95 6.79 7.34 2.95 2.65 2.18 4.33
7.97 17.39 16.82 7.35 6.86 10.88 18.38 21.87 10.94 5.45 8.13 7.28 3.3 4.12 4.62 12.31 6.67 8.78 9.11 10.4 12.21 8.77 10.52 5.09 7.01 10.81 13.38 16.4 11.28 6.83 5.34 4.84 4.84 5.88 4.48 8.5 8.41 13.72 17.51 11.1 8.34 5.41 4.66 9.22 12.2 8.25 13.97 15.33 23.93 11.6 5.59 6.55 9.65 9.21 9.72 18.75 13.91 10.12 9.7 5.27 7.18 2.55 2.51 2.96
6.62 8.96 9.92 5.93 7.71 7.79 9.27 11.4 8.91 6.24 15.49 7.91 4.04 3.67 7.64 12.85 8.27 13.3 6.38 13.31 11.44 9.02 11.9 7.27 5.26 7.18 6.26 7.47 5.41 9.38 3.88 5.98 10.56 7.69 5.47 8.52 9.03 9.42 8.88 8.23 5.52 5.88 5.64 6.5 6.26 9.18 10.51 15.98 14.38 21.23 7.07 7.95 6.01 7.49 9.15 10.36 9.39 11.54 5.2 8.52 3.71 2.66 2.65 2.45
5.66 4.17 5.58 5.58 12.38 8.42 14.2 10.88 12.56 9.87 9.03 6.96 11.65 5.25 9.48 7.03 7.41 10.7 10.88 21.03 8.8 5.06 10.27 5.57 5.92 5.63 9.22 14.42 7.28 10.42 4.29 5.42 7.2 7.86 7.84 4.4 6.1 4.06 8.14 6.33 9.72 10.8 7.73 6.34 7.37 12.72 22.5 24.75 16.27 15.96 9.06 7.65 3.3 4.57 18.01 16.18 8.42 5.84 5.51 4.96 2.77 2.52 3.24 3.48
4.85 5.62 6.91 7.97 6.92 11.62 11.8 10.28 10.81 7.06 8.22 10.55 9.04 6.85 12.77 11.28 11.93 12.84 20.04 19.9 9.35 7.31 8.33 6.23 4.35 7.12 10.48 10.11 5.88 9.55 11.91 7.69 7.67 5.79 5.31 5.53 1.66 3.44 4.69 6.62 4.4 5.31 9.45 6.62 14.58 16.91 17.7 8.21 12.59 13.08 10.82 11.58 6.81 8.89 16.02 16.5 8.57 6.48 5.15 4.21 1.95 2.65 3.89 3.28
4.13 5.3 16.68 8.26 10.61 11.95 21.26 14.44 7.5 6.49 9.95 18.04 13.92 19.14 13.58 18.85 16.93 12.11 11.84 21.93 14.71 14.68 11.9 6.72 5.96 6.43 8.82 7.9 3.03 6.85 4.1 6.45 6.65 8.51 8.31 7.02 2.81 1.48 3.32 5.76 5.15 5.44 10.02 13.83 19.07 12.55 11.17 9.92 10.14 11.0 8.29 11.4 6.57 17.52 19.13 13.85 6.92 7.33 3.83 3.96 4.32 10.81 5.4 5.47
1.71 3.48 5.81 6.98 4.13 5.19 11.42 10.61 6.49 3.24 16.07 20.93 21.99 29.43 13.43 27.44 19.61 10.07 6.31 8.46 10.95 16.36 9.33 8.0 5.43 5.43 6.87 7.03 6.1 7.61 7.9 12.35 11.92 6.07 6.66 4.22 1.33 2.99 5.43 4.25 3.15 3.58 6.12 15.24 10.52 18.98 8.68 8.39 10.38 8.89 10.46 10.86 20.43 15.92 20.13 7.79 5.48 4.09 3.2 5.04 7.75 12.08 6.53 5.12
2.29 2.16 3.71 3.88 5.48 7.05 6.36 11.0 11.81 7.46 10.42 12.96 20.37 16.04 7.33 15.78 8.31 5.43 3.22 4.69 8.65 10.72 10.97 10.47 3.29 4.19 7.42 6.97 11.4 14.82 11.76 11.95 15.99 6.21 6.64 4.41 1.74 3.31 9.05 6.61 3.09 2.38 6.76 9.2 8.89 10.24 6.46 5.87 5.23 7.3 9.47 14.42 12.23 15.92 14.61 9.75 7.14 5.96 2.4 4.06 8.27 10.25 5.42 4.06
2.45 2.52 2.09 4.43 6.45 10.32 12.81 7.21 9.98 12.12 16.0 11.74 24.59 18.36 6.18 8.6 10.7 9.79 4.39 4.86 7.95 11.12 7.06 9.1 6.09 5.07 12.38 8.49 8.95 9.21 13.6 19.73 12.93 9.19 8.97 6.87 3.27 5.17 8.13 6.52 8.86 4.42 3.62 5.83 8.43 9.66 11.42 6.32 10.72 5.53 9.35 12.41 8.83 11.73 13.06 11.96 5.66 6.54 5.15 5.75 9.14 10.65 7.34 2.86
4.21 3.26 3.56 9.04 8.06 14.35 7.84 5.05 6.78 8.94 14.06 8.25 19.06 10.66 8.73 10.33 13.04 11.71 7.46 4.25 5.08 8.38 11.31 12.56 12.71 18.93 12.66 6.36 9.86 11.89 10.93 14.61 14.11 5.29 4.81 5.58 6.05 4.47 7.4 5.06 6.34 4.13 3.63 4.59 6.15 14.73 5.03 7.01 7.48 5.99 7.23 11.48 14.46 9.92 7.65 9.34 10.02 9.64 7.59 9.04 7.28 13.3 5.25 5.38
7.4 4.64 9.04 6.84 10.7 7.82 6.66 2.7 4.48 7.1 11.55 16.45 15.09 21.89 11.3 15.13 10.89 4.79 4.37 3.1 3.91 6.15 10.97 9.61 26.19 17.08 25.09 11.62 13.41 12.35 15.46 15.9 15.13 7.92 5.95 4.3 6.35 5.39 5.82 4.47 8.8 5.23 4.73 4.92 4.18 4.78 7.33 9.53 7.32 5.38 6.15 12.45 7.64 10.05 8.15 6.17 8.71 13.39 11.94 4.78 8.27 11.64 6.01 6.37
8.49 15.85 7.84 7.2 5.56 7.5 4.95 5.02 5.64 7.03 20.58 8.98 7.83 11.52 15.23 17.81 13.94 7.6 6.57 4.1 3.49 5.1 5.17 15.46 16.62 25.42 9.94 4.22 9.21 14.97 12.51 12.29 14.25 6.12 5.65 5.39 6.12 16.8 10.16 6.99 3.81 4.59 4.26 6.25 5.27 8.08 4.23 6.44 5.21 3.14 12.75 9.75 11.73 7.37 4.94 5.71 8.39 16.38 11.11 12.61 9.2 6.01 5.08 3.79
13.82 10.28 6.92 2.91 2.69 5.0 4.46 4.96 7.84 13.07 14.84 7.68 9.13 6.85 13.58 16.58 13.1 10.89 9.42 5.03 3.55 4.95 6.07 7.03 9.7 9.37 6.22 4.2 7.31 10.04 4.92 5.33 8.71 5.83 6.76 4.46 8.41 11.3 7.56 5.65 2.55 3.04 4.15 7.79 7.2 6.46 7.18 9.2 4.99 9.41 10.59 14.67 4.45 4.86 5.54 11.58 9.25 17.82 8.89 19.23 8.66 4.39 3.69 4.1
21.0 20.37 6.22 4.07 4.68 4.95 10.75 4.06 3.92 7.67 11.48 5.13 5.66 8.46 17.67 11.87 12.25 10.39 11.0 3.91 4.7 4.16 6.14 16.14 13.78 9.21 6.87 5.81 12.26 7.89 5.0 6.51 7.81 9.4 14.98 7.25 6.5 9.69 9.64 5.77 4.65 2.09 4.13 4.92 7.97 6.43 7.54 10.22 4.67 10.28 10.49 8.37 10.19 6.07 15.28 15.57 19.67 20.98 11.55 16.53 7.76 4.13 4.42 5.8
23.96 16.93 7.13 6.58 4.67 9.22 12.55 7.53 4.6 7.67 9.76 6.65 7.44 6.01 12.18 15.33 7.48 10.94 8.85 8.32 5.26 6.23 12.65 10.67 12.42 8.15 5.43 7.69 10.56 9.07 9.66 7.8 6.69 7.04 8.3 11.14 11.46 12.83 11.71 8.7 3.61 4.51 5.52 7.22 8.48 13.25 9.98 5.46 2.99 9.99 6.86 6.57 9.78 5.51 17.46 14.73 26.44 33.36 15.21 13.2 4.58 4.02 5.63 10.45
32.08 21.64 12.9 6.0 4.98 7.49 12.47 8.79 6.76 8.82 7.23 8.09 11.62 9.48 9.0 8.03 9.09 7.46 16.1 19.5 12.03 16.36 10.38 12.75 6.79 6.49 8.56 5.28 6.79 6.14 11.04 7.32 5.32 9.93 15.56 12.68 10.17 15.97 8.28 6.7 4.94 5.18 4.09 4.4 6.82 7.49 14.89 4.88 3.36 4.86 6.29 9.09 7.45 12.73 22.51 19.9 21.61 29.31 15.96 14.04 5.36 4.8 9.29 12.51
29.89 24.38 14.63 5.57 4.98 9.41 9.25 14.07 11.62 8.31 5.25 6.26 9.16 8.5 13.54 6.61 8.35 12.04 11.41 7.85 10.41 12.47 17.34 28.05 7.58 10.31 6.62 8.54 5.42 7.57 9.97 9.78 6.88 5.75 8.18 9.83 11.56 11.32 14.58 4.35 4.64 3.09 5.85 6.03 8.06 13.89 7.85 9.09 3.33 4.21 6.62 13.78 12.05 12.89 19.69 19.05 24.08 23.64 26.2 29.23 8.95 2.48 8.61 12.39
8.29 16.76 11.91 9.48 5.65 10.35 15.22 12.04 9.06 5.68 4.18 3.26 5.06 7.8 8.77 15.05 5.87 6.68 7.62 13.71 15.39 17.88 24.23 22.34 12.23 11.73 16.02 9.48 11.16 7.65 8.33 13.3 6.91 9.27 14.65 7.86 10.14 7.87 8.09 6.38 5.86 3.0 3.75 6.3 5.07 6.17 7.3 4.66 4.59 7.85 10.53 9.49 6.03 10.83 14.15 16.72 22.33 15.35 11.7 12.08 5.26 3.4 6.43 8.23
10.17 15.03 11.0 16.34 8.46 10.7 10.84 7.14 4.94 6.26 3.3 4.1 5.44 4.61 7.28 4.52 6.03 7.68 9.13 14.71 42.04 34.76 26.14 21.86 10.01 16.17 7.99 9.79 8.09 4.61 7.11 9.39 6.73 9.33 6.82 5.89 8.04 6.19 8.8 7.53 11.73 4.3 6.31 5.15 6.19 7.1 3.65 2.12 3.02 4.37 8.08 6.33 11.02 8.82 12.44 23.8 18.72 19.42 13.25 12.16 10.99 9.68 9.28 10.11
19.32 10.14 7.15 8.82 10.16 8.06 3.76 4.17 4.27 4.38 1.99 3.98 10.18 5.51 4.72 2.78 4.17 3.86 6.03 8.36 16.52 18.42 21.09 8.06 7.38 4.5 4.32 5.33 6.47 5.27 11.69 10.72 12.33 13.87 10.62 9.5 6.97 3.63 5.01 5.99 9.93 8.48 9.35 9.07 7.83 4.01 3.39 1.26 2.2 6.87 7.38 9.36 9.18 10.41 10.98 16.78 22.79 21.36 11.5 11.32 12.79 18.32 16.09 7.93
10.67 9.38 3.57 3.25 5.01 3.47 5.83 3.15 9.77 7.54 3.8 6.43 14.26 12.84 4.77 2.38 5.5 5.75 3.14 8.1 11.87 19.93 13.48 10.99 6.51 4.74 5.97 6.01 7.17 5.38 11.37 7.46 16.61 13.18 14.49 7.9 3.23 2.56 5.08 6.68 13.16 8.18 9.55 5.88 5.3 2.76 3.14 1.75 3.32 4.36 4.25 6.99 8.04 6.56 7.5 10.1 9.38 10.74 9.5 7.72 8.22 12.56 20.92 7.96
6.93 11.23 11.23 3.86 4.22 3.63 4.77 4.97 9.39 8.78 5.69 10.44 14.44 10.87 4.43 3.68 6.09 5.8 2.91 3.53 7.84 16.23 13.24 8.44 8.66 6.47 4.3 6.13 6.69 21.19 20.02 17.51 12.05 6.0 8.34 6.26 2.64 2.6 5.18 6.91 10.0 7.01 9.76 9.45 5.15 7.54 2.37 2.01 2.33 5.25 3.31 11.37 6.28 7.37 6.9 4.79 8.29 8.24 8.31 9.88 9.23 6.76 10.58 8.35
5.55 12.13 14.41 10.63 8.25 3.0 9.43 5.4 5.32 5.85 5.84 12.32 15.16 7.85 6.6 4.27 6.47 3.61 5.5 5.8 9.34 12.01 8.96 7.19 5.42 4.2 6.97 3.48 8.16 15.64 15.05 18.75 14.48 18.1 15.44 5.08 5.49 7.02 5.2 5.82 12.94 11.2 14.91 11.24 8.97 8.77 4.62 4.1 6.43 5.53 3.21 5.22 5.19 8.81 6.72 8.13 7.72 11.52 7.95 15.19 10.6 14.16 10.75 4.64
10.56 8.94 14.44 17.45 10.06 5.42 9.8 7.52 10.94 13.24 14.19 25.78 21.69 10.97 10.87 12.95 9.3 5.84 6.7 7.74 7.22 6.95 7.39 8.9 6.7 7.81 3.46 3.44 9.1 17.09 16.93 21.54 31.65 30.68 14.07 9.31 8.41 9.12 6.89 5.43 9.44 5.85 13.6 5.3 7.33 10.11 9.86 7.22 8.19 7.28 8.56 7.46 6.48 6.62 4.01 8.12 4.45 8.47 17.5 17.09 9.56 8.93 12.93 1.99
12.53 5.94 9.31 11.8 9.23 7.58 9.1 8.4 9.2 15.15 19.01 20.7 13.16 10.1 10.28 11.25 10.95 9.32 10.97 7.64 6.63 8.73 9.11 8.27 9.07 12.68 6.26 4.77 9.51 13.92 19.03 13.26 13.07 21.29 9.54 4.66 5.16 5.92 4.73 4.91 5.61 8.83 7.97 9.82 4.72 6.0 5.6 7.7 5.22 9.24 7.78 5.15 6.19 4.76 6.25 7.51 7.38 12.04 17.72 6.28 4.88 10.26 5.0 2.56
15.89 5.93 9.7 6.6 8.97 7.05 10.79 6.32 12.98 10.28 12.94 8.87 6.21 10.42 4.56 4.24 6.59 13.03 9.71 8.85 6.03 8.96 9.31 5.26 9.52 13.47 11.09 7.0 8.71 11.37 16.12 13.17 17.02 10.4 3.67 5.77 4.14 3.48 7.97 5.87 7.66 5.76 10.22 7.44 5.96 10.25 4.42 6.76 6.9 6.15 5.88 3.7 6.45 4.54 3.67 5.96 5.98 9.22 8.66 6.17 5.6 5.86 5.16 2.73
22.1 9.25 13.4 7.77 5.09 9.45 9.41 10.8 15.28 15.88 12.33 4.44 4.7 5.0 3.62 8.72 11.35 18.69 25.28 14.39 9.38 9.39 9.19 8.35 10.23 11.19 5.33 7.82 8.88 13.67 16.4 9.32 8.4 6.27 4.71 6.38 6.72 13.35 8.34 9.6 3.27 4.04 10.0 8.17 7.83 5.75 5.81 3.3 5.16 4.21 4.31 4.54 4.87 8.57 3.01 2.76 5.15 9.81 7.73 3.39 4.72 2.76 1.94 2.21
20.8 12.18 8.14 7.16 5.79 5.23 4.87 9.84 19.43 19.68 9.32 5.84 4.29 6.58 8.63 9.04 12.75 11.16 16.13 17.56 7.41 5.93 3.55 8.07 7.77 13.12 10.84 7.99 12.18 15.76 11.95 9.68 6.68 4.95 10.33 4.4 5.89 7.24 8.07 6.53 4.09 5.02 5.56 4.13 3.85 8.75 5.0 3.92 4.17 2.29 4.55 3.04 3.16 6.63 5.14 9.96 10.48 12.49 11.14 7.7 5.79 4.29 3.59 4.04
13.18 9.02 9.57 4.53 4.85 4.3 5.48 4.22 10.87 15.37 7.67 3.35 5.45 7.0 5.82 19.34 10.09 11.09 8.79 10.66 7.0 3.3 6.24 7.46 10.72 8.56 10.99 8.97 14.42 10.86 11.59 15.4 3.93 5.35 6.9 4.95 6.88 9.01 9.17 11.5 6.65 4.62 7.2 4.67 7.39 13.74 8.98 3.47 2.59 5.09 10.22 3.85 4.83 8.15 4.09 7.64 7.99 6.35 12.44 7.3 4.42 3.63 4.96 7.12
8.57 7.38 6.39 5.18 6.31 3.73 8.79 5.72 8.33 11.98 7.24 7.14 6.51 6.53 9.07 7.57 13.88 7.88 13.8 11.85 9.69 5.77 6.76 8.52 8.04 5.51 11.12 10.72 19.21 8.98 11.21 10.89 3.89 3.59 5.44 3.47 7.25 4.99 3.96 6.5 8.11 7.98 5.75 5.13 10.59 11.23 7.95 4.69 5.65 9.57 12.14 6.34 7.04 5.53 6.35 6.88 8.32 4.28 7.32 5.17 4.34 7.11 6.95 10.99
11.77 7.67 6.95 4.22 4.11 4.14 7.4 6.49 8.4 5.69 3.93 5.39 5.95 3.47 9.31 14.14 12.46 9.5 10.6 12.26 7.38 4.96 3.58 7.2 6.54 7.5 8.4 9.03 10.84 6.22 9.28 5.37 4.37 4.15 5.06 4.12 6.85 3.21 4.24 6.87 4.28 2.84 3.97 5.1 9.01 14.07 7.48 8.4 12.88 13.09 17.26 12.12 12.57 7.54 4.13 4.26 4.36 9.18 9.6 7.98 5.55 6.92 8.71 5.02
6.14 2.48 4.63 5.79 4.43 3.4 10.1 9.16 8.12 8.04 4.5 3.05 5.04 5.07 16.46 8.1 16.5 8.24 9.84 6.83 6.11 5.6 4.9 7.22 11.4 14.02 11.07 10.63 13.49 17.37 8.68 5.34 3.35 5.42 5.35 4.53 8.65 7.59 3.63 6.86 4.16 3.28 2.76 5.38 8.43 8.24 9.7 9.04 11.27 17.4 18.04 25.11 9.06 8.61 3.19 2.19 5.23 19.96 12.21 11.67 6.07 8.45 6.3 4.99
5.4 3.41 3.04 3.75 7.48 6.45 9.84 5.89 11.53 7.49 3.76 5.02 9.51 12.93 15.37 7.9 8.37 8.56 7.74 6.84 10.53 7.81 5.52 5.98 11.48 13.34 14.22 7.48 17.24 10.65 8.47 6.35 6.1 8.13 8.65 3.73 6.16 5.18 5.01 4.6 4.24 3.82 4.74 5.41 6.2 11.57 9.98 14.48 15.15 13.03 20.57 15.61 10.86 10.63 7.82 5.78 3.91 6.05 7.08 6.93 3.48 7.6 6.3 5.92
6.25 3.89 3.06 4.83 6.91 9.71 6.44 3.55 6.14 7.89 7.43 1.97 5.49 8.25 10.31 7.25 5.81 9.5 4.59 5.95 8.18 11.13 8.93 5.64 9.64 13.4 8.08 8.63 12.66 14.65 13.09 11.39 5.31 6.93 5.69 3.81 4.77 6.27 4.18 5.13 3.9 4.64 3.57 8.46 6.1 5.37 9.56 8.12 6.9 12.51 19.97 10.07 14.6 8.12 4.63 4.96 6.25 8.8 9.35 10.73 5.94 6.77 5.86 7.88
9.04 3.46 4.25 3.6 9.44 9.05 13.38 7.96 6.18 8.85 9.49 4.21 3.53 3.64 9.6 7.51 9.65 8.64 9.69 5.01 7.76 11.92 6.49 5.09 4.87 6.96 8.93 8.72 12.55 17.42 16.73 8.43 5.35 9.46 3.69 2.59 5.69 3.99 5.33 6.76 13.48 9.7 4.61 7.57 4.09 3.98 4.26 9.98 15.53 22.4 12.8 10.44 8.14 7.6 2.55 4.49 3.84 8.39 20.91 9.5 10.98 9.23 11.27 5.37
7.45 5.41 4.01 4.18 6.49 7.16 12.65 11.8 15.01 6.61 8.88 5.82 7.28 3.11 7.78 14.09 7.39 9.66 9.52 8.72 7.27 12.23 7.72 7.72 7.21 7.32 4.06 8.14 11.96 13.66 24.73 3.4 5.96 5.87 2.36 1.9 5.6 10.34 11.98 6.65 7.19 6.24 4.01 3.15 3.41 4.56 5.11 6.69 14.71 20.3 10.1 7.66 9.69 4.32 2.67 3.51 5.18 15.83 16.22 11.96 11.9 8.52 9.8 5.47
7.77 8.64 4.97 7.73 9.07 9.3 10.57 12.98 9.95 6.37 7.0 8.5 9.66 7.48 9.28 9.03 12.05 8.81 4.76 4.51 8.24 6.87 7.06 10.92 10.21 5.76 2.76 6.09 11.36 35.99 13.23 6.03 5.71 9.81 3.73 4.03 12.43 12.29 9.36 3.67 5.21 2.61 3.49 5.22 3.32 4.73 5.09 7.02 9.93 14.81 11.76 13.06 5.51 5.04 5.19 5.73 9.47 7.98 10.76 13.69 11.17 7.58 5.0 7.81
14.4 8.8 4.48 7.4 7.16 7.59 6.14 7.49 8.87 7.66 6.86 15.75 8.05 7.36 6.55 7.03 4.86 5.01 4.99 8.03 9.31 5.3 7.89 6.51 9.38 8.92 3.31 5.35 8.9 11.09 13.1 6.62 7.61 10.07 7.11 6.5 10.35 13.07 9.63 4.67 6.6 6.75 7.24 5.45 5.6 8.29 6.14 7.35 10.02 12.03 8.79 8.31 7.23 7.58 6.44 11.19 8.9 5.92 7.6 13.07 16.84 7.47 6.5 4.45
12.76 7.55 9.09 5.54 5.23 4.93 3.51 5.1 8.15 11.74 12.65 11.12 10.84 7.48 10.09 4.06 6.37 6.21 5.08 9.36 6.85 10.48 5.91 4.84 6.8 7.42 5.01 6.56 7.05 6.28 6.63 5.04 7.97 4.16 3.13 3.08 9.19 9.32 4.88 4.21 5.04 5.13 5.8 6.05 6.2 6.29 10.17 8.63 14.79 18.89 15.27 5.19 5.47 4.98 4.76 5.27 10.08 7.83 5.99 14.04 6.93 6.94 3.05 6.72
18.33 8.18 6.73 7.32 12.89 11.73 4.67 4.29 8.06 10.99 8.44 9.71 8.98 8.7 11.14 6.9 8.27 10.26 8.17 14.79 10.71 6.26 4.22 2.46 6.87 3.78 9.64 10.1 8.01 4.89 6.69 4.3 5.75 5.77 5.55 5.03 10.47 4.77 7.9 4.37 5.13 4.44 4.17 3.23 3.15 3.93 9.09 19.8 14.64 17.45 5.89 2.39 2.88 4.66 6.47 10.56 16.33 9.91 10.62 4.71 5.89 4.69 5.42 3.7
9.54 8.31 10.92 5.95 13.11 15.92 7.64 5.46 9.82 13.51 12.79 10.4 18.12 13.77 11.12 9.26 11.39 8.09 5.86 6.56 3.22 5.14 3.05 2.97 6.47 3.4 6.07 12.06 4.77 5.82 9.16 6.07 6.09 6.1 10.66 8.83 10.71 7.38 9.01 4.91 3.69 2.25 4.12 5.02 5.24 8.18 8.79 6.9 6.31 13.79 3.0 2.83 3.05 2.95 6.77 8.81 9.01 5.7 7.29 7.3 5.07 5.03 3.68 4.7
10.76 11.63 12.45 7.48 18.69 10.72 9.86 7.99 12.52 15.48 13.62 14.17 13.43 14.34 16.99 9.35 18.92 9.99 7.23 6.55 6.33 5.87 6.25 4.45 5.77 1.95 5.48 3.71 3.86 4.57 5.01 5.45 3.97 8.16 7.62 10.29 8.42 4.11 8.34 6.35 4.64 2.63 6.03 8.97 8.12 8.64 8.04 4.63 5.75 6.45 4.88 8.25 3.59 6.9 10.39 10.3 4.99 5.48 5.02 7.28 6.08 6.16 4.37 5.89
11.84 6.36 6.16 10.05 7.51 20.82 16.08 21.08 20.93 15.01 10.28 9.44 8.58 13.26 12.05 9.02 10.86 9.49 19.41 16.61 13.37 12.5 11.77 7.76 4.94 2.63 2.42 3.18 2.57 4.31 7.17 6.05 13.08 7.01 8.54 4.66 4.29 4.43 5.01 8.4 9.92 5.87 4.13 7.26 9.03 5.93 4.32 3.8 6.35 5.89 5.34 7.36 5.28 6.92 9.86 8.37 6.98 5.26 6.25 14.94 20.93 10.76 8.3 5.05
9.08 2.98 6.44 5.62 8.72 13.2 18.44 17.47 19.48 11.98 10.56 7.18 4.8 8.71 11.81 14.12 9.69 13.19 14.21 23.2 20.45 10.18 6.63 6.51 4.46 2.94 1.56 1.72 2.38 5.4 3.36 7.68 9.25 7.6 6.7 13.15 10.5 5.14 6.96 10.62 13.87 5.81 3.42 6.89 7.25 6.16 2.68 3.69 4.32 6.76 6.24 6.21 3.33 6.34 7.79 8.36 8.61 6.72 9.22 8.21 7.07 13.25 9.21 6.72
6.29 2.36 6.1 12.18 13.84 24.02 20.7 12.99 21.26 6.13 9.13 8.17 9.88 14.94 9.58 18.7 15.79 21.08 29.06 17.61 14.2 11.48 9.16 4.05 6.15 3.12 6.5 3.53 3.94 2.4 4.12 4.34 5.74 14.29 11.19 13.45 7.97 6.37 5.98 11.73 26.14 12.2 5.29 5.88 7.9 7.97 6.02 4.35 3.71 4.29 3.38 2.3 3.79 8.01 16.28 16.96 12.42 9.52 8.37 4.46 5.35 7.15 7.68 4.96
11.03 5.59 9.75 12.07 21.79 24.22 13.06 17.2 7.36 9.92 7.37 4.16 10.97 18.25 20.22 14.42 28.39 37.14 33.8 13.53 17.4 28.46 12.12 15.2 8.11 9.25 3.77 4.6 1.87 1.97 4.25 6.96 8.36 7.09 10.95 7.39 6.13 3.22 5.28 11.77 15.14 8.63 9.52 8.22 9.72 5.94 4.69 2.91 2.96 2.78 2.61 5.27 8.65 8.99 14.27 18.85 16.82 8.34 12.31 4.09 3.1 6.4 5.26 6.35
8.48 7.19 18.34 12.95 12.79 13.49 10.92 8.94 8.21 7.54 6.21 6.76 5.89 14.06 19.53 20.66 12.96 18.41 27.35 20.72 16.94 27.88 22.54 24.28 14.35 8.21 5.3 2.08 2.18 2.87 6.59 9.66 8.47 16.62 7.03 10.5 5.08 2.91 5.5 19.59 13.5 11.0 10.13 7.51 5.89 3.01 4.23 2.64 3.98 2.29 3.18 6.56 7.65 8.99 9.03 13.83 8.12 7.47 5.36 2.77 3.46 3.96 4.77 3.77
5.98 7.26 12.08 8.0 8.43 8.08 9.84 9.64 3.64 3.29 5.97 4.97 2.98 7.02 12.61 24.71 19.03 26.33 20.42 41.6 28.59 13.39 11.32 25.05 16.66 10.37 6.95 3.15 3.01 5.22 14.73 10.58 7.4 8.74 12.12 8.65 3.93 5.9 8.09 6.31 8.87 9.12 7.21 4.5 7.43 7.61 6.47 8.12 4.28 3.06 4.74 6.7 7.83 5.76 9.68 7.07 5.71 6.35 5.83 4.42 4.82 2.73 2.0 2.58
6.78 8.32 9.62 7.1 10.42 8.45 10.44 7.35 5.17 2.81 2.51 2.87 2.16 3.16 9.04 21.27 18.25 16.81 20.47 26.16 13.2 10.28 12.66 19.11 13.79 8.92 8.08 5.09 5.05 8.12 7.83 8.42 7.03 7.19 7.96 7.22 6.6 6.43 12.52 4.4 2.95 6.21 9.04 6.75 7.11 7.26 10.87 4.32 3.57 5.64 6.81 6.19 4.59 4.19 7.72 6.69 7.76 5.98 8.59 5.72 4.2 2.29 1.6 1.16
8.71 8.06 6.64 5.7 8.12 11.55 9.74 6.91 2.74 3.53 3.26 1.58 3.33 4.57 9.9 18.7 17.4 15.88 22.94 17.45 15.18 21.33 19.37 19.79 17.43 11.16 9.8 7.18 4.1 4.89 4.92 4.01 6.88 9.08 13.29 5.88 7.32 12.76 7.14 4.79 4.99 4.66 7.27 6.49 11.85 4.87 6.76 5.58 3.77 4.88 7.15 4.82 6.32 4.72 13.67 11.18 6.21 6.64 4.37 4.31 3.05 1.48 1.37 1.05
12.33 7.21 6.62 4.47 9.56 5.84 6.35 9.46 3.2 3.15 4.13 2.75 3.87 2.42 9.97 9.69 9.42 21.2 14.57 10.07 10.02 22.94 21.49 22.91 15.35 10.49 6.96 6.04 5.62 7.38 5.96 3.72 3.08 3.48 11.63 8.61 14.48 14.4 17.54 8.69 2.5 2.23 7.41 9.04 10.71 5.23 6.17 4.66 5.17 11.68 5.86 6.08 4.75 6.48 6.8 7.1 6.0 8.26 6.14 4.99 2.21 2.6 1.17 1.17
5.53 8.51 7.29 5.16 5.44 6.41 12.93 5.75 4.88 2.92 4.09 2.76 2.79 2.69 5.14 7.58 11.24 15.92 19.44 8.7 11.49 10.98 13.12 10.68 8.14 10.56 14.72 7.55 15.5 10.26 8.97 2.5 2.4 3.8 6.34 7.58 12.88 13.05 7.44 11.97 2.89 3.54 5.22 5.43 7.79 4.4 7.58 6.66 8.04 7.85 7.22 3.49 4.38 4.07 4.01 2.45 4.49 4.6 4.39 3.54 3.41 5.51 2.02 3.04
12.19 8.55 10.08 5.86 11.25 13.15 19.86 17.46 6.63 5.89 5.33 4.66 1.87 3.2 6.23 5.91 8.47 30.51 11.29 19.86 13.86 3.56 3.98 6.56 7.14 6.16 5.09 11.18 10.95 8.49 4.34 2.79 2.52 3.9 5.41 6.58 10.02 13.97 18.12 11.29 5.15 7.11 7.66 4.25 6.72 6.89 5.59 7.24 4.44 5.43 3.18 4.86 2.67 3.41 4.93 4.2 7.23 6.94 5.81 3.15 3.65 2.58 1.63 2.69
11.28 7.31 7.77 8.11 9.34 9.59 12.63 6.87 9.25 4.07 8.34 3.63 3.2 4.37 10.82 8.34 9.43 12.06 17.1 21.05 6.95 4.15 2.36 4.33 2.68 6.32 4.6 7.37 8.64 3.88 3.96 3.23 4.77 3.31 3.52 7.75 9.29 10.66 10.7 10.73 4.98 11.06 6.34 6.95 4.49 4.96 6.76 5.88 5.07 4.77 5.54 4.44 2.34 5.46 4.72 9.77 7.47 5.99 2.97 3.52 3.36 1.63 2.16 3.68
10.36 9.24 11.88 11.32 11.25 9.42 13.15 4.53 4.62 7.25 9.66 3.69 5.12 10.32 10.48 6.86 9.28 11.45 20.08 20.01 10.1 4.16 2.6 3.19 2.46 3.71 5.17 14.45 7.29 2.95 6.19 4.44 9.61 4.46 6.44 7.7 6.21 6.66 7.49 10.18 16.84 5.5 4.49 6.33 4.64 3.9 3.67 7.14 3.48 3.66 3.57 4.07 6.76 6.44 10.4 5.42 3.89 2.17 1.95 2.25 3.64 2.77 4.61 4.38
12.68 10.13 10.53 10.06 10.49 7.16 7.2 10.72 8.66 10.87 9.61 6.8 3.57 5.33 7.51 9.71 5.67 12.73 14.68 11.32 6.43 4.97 4.23 4.85 5.22 4.12 7.16 7.84 6.98 7.45 4.45 8.32 3.57 4.32 4.16 6.03 5.29 5.24 7.93 6.82 13.38 6.28 5.97 7.22 9.58 7.75 3.57 2.96 3.25 3.75 3.14 6.61 5.6 7.32 3.37 2.43 3.98 1.5 1.93 2.11 4.57 4.45 5.03 4.01
13.2 13.65 6.13 6.68 5.81 5.7 8.16 10.47 12.67 12.38 6.72 5.56 5.19 3.27 5.19 5.19 9.49 9.44 9.45 9.7 8.86 3.38 2.1 4.83 4.35 6.38 4.03 3.7 4.23 6.38 5.71 3.84 5.69 7.51 9.96 5.37 3.85 7.27 5.03 14.14 10.89 4.97 5.15 8.34 8.91 6.82 5.06 4.58 3.76 3.41 5.04 4.52 6.47 3.16 3.97 3.52 3.97 3.34 2.35 5.05 8.52 7.81 7.3 5.26
18.15 6.87 5.71 5.76 8.27 5.42 7.1 11.47 7.33 10.4 8.36 14.39 6.35 6.29 7.46 5.88 8.19 18.08 5.78 6.18 6.7 3.67 2.63 5.92 5.29 7.03 5.77 3.34 3.31 5.95 9.43 9.89 12.9 8.45 16.93 7.49 6.75 6.24 7.06 7.21 4.44 5.7 6.95 6.78 7.37 15.94 8.18 6.11 5.0 3.66 3.99 7.69 4.31 4.22 4.85 2.43 3.67 3.94 3.57 4.31 8.49 4.41 4.68 3.83
11.6 21.09 6.63 9.4 5.24 5.54 6.94 4.62 8.35 8.55 11.38 18.56 10.91 13.36 13.03 9.72 8.67 7.74 7.45 5.42 3.69 3.41 2.26 2.64 4.51 10.13 7.71 4.8 5.64 7.86 6.84 8.77 11.52 9.04 13.07 10.23 11.19 7.13 5.81 4.59 4.87 5.65 4.41 5.59 8.64 8.43 7.27 5.74 6.25 3.93 3.63 3.38 4.47 6.69 8.01 3.92 4.34 3.35 2.13 3.43 8.95 3.15 6.02 8.8
11.24 16.52 9.78 11.73 6.99 5.06 6.19 8.2 7.88 7.24 10.41 7.81 5.94 9.63 5.76 6.82 5.89 4.46 3.94 7.34 6.01 2.54 2.74 2.46 5.1 4.49 9.0 4.47 2.54 4.62 5.34 7.62 12.21 9.8 17.94 9.39 4.94 6.97 5.4 4.03 11.44 9.35 6.61 8.35 17.04 13.91 8.56 7.1 6.13 6.78 3.69 4.2 6.23 8.94 7.48 4.07 7.47 4.06 3.03 6.33 9.65 9.84 13.49 5.82
14.23 19.22 12.96 9.96 6.34 5.24 4.9 10.71 16.7 7.1 9.54 7.07 5.08 4.21 5.13 8.29 7.57 3.04 8.58 3.82 5.34 7.16 6.65 5.58 6.03 5.41 2.85 2.19 2.7 4.39 7.47 8.8 11.57 14.66 28.57 15.56 7.93 6.07 4.79 2.27 5.18 4.6 6.17 7.58 18.49 15.34 6.81 5.06 5.96 9.56 5.44 3.33 4.51 4.5 3.31 4.69 7.25 5.43 5.85 9.17 10.15 19.47 12.75 6.65
16.58 18.15 14.63 6.14 7.15 7.3 3.3 6.89 10.92 8.22 10.0 5.05 4.59 8.25 4.46 5.85 6.57 4.66 7.55 3.76 8.91 6.72 5.78 5.29 4.4 4.91 4.05 3.82 3.72 6.01 8.76 3.83 9.19 8.26 14.44 9.17 5.61 5.25 3.02 2.3 3.66 2.87 5.32 4.35 5.97 9.36 10.49 12.17 9.04 8.32 10.39 5.64 3.24 2.96 5.63 5.09 6.23 6.39 5.89 5.57 8.16 9.63 8.89 3.98
19.5 23.58 12.74 3.47 4.75 4.74 3.0 3.33 5.4 7.93 7.23 3.6 1.84 4.21 4.25 5.5 3.1 11.3 9.29 4.7 6.9 7.49 5.59 3.66 4.51 5.8 5.32 4.14 7.99 16.3 13.99 7.51 5.63 7.92 10.94 13.88 7.52 6.27 4.29 5.03 2.66 5.38 7.93 7.84 7.64 11.65 8.95 9.69 7.12 9.85 11.71 15.38 5.44 5.41 3.98 8.24 8.8 8.52 6.5 5.71 5.22 4.55 3.44 5.35
