12.65 11.05 16.37 12.58 17.22 6.66 10.19 7.26 7.73 7.77 9.42 6.07 8.43 8.44 6.85 8.6 4.42 5.62 5.89 4.84 9.48 7.56 6.7 3.5 8.12 13.32 9.51 12.95 7.85 5.13 9.71 8.11 6.35 4.25 3.05 2.81 7.16 7.15 10.64 7.62 3.55 4.27 7.04 13.91 10.93 8.63 2.81 3.83 5.71 2.79 4.24 6.06 2.58 4.16 5.26 4.15 9.32 6.96 5.9 7.09 10.69 5.66 9.53 7.88
17.05 20.55 12.85 15.05 21.68 11.35 18.91 5.54 9.3 8.84 8.08 12.01 11.5 8.41 6.99 5.21 4.93 4.98 7.43 4.3 10.35 6.57 6.36 6.67 13.17 6.02 9.02 5.14 7.94 7.05 7.06 3.84 5.25 3.18 3.0 4.93 9.13 5.09 15.02 13.77 9.63 6.18 9.89 20.71 10.98 7.1 4.06 6.3 7.51 3.32 4.26 5.42 3.52 3.47 3.14 4.71 6.99 4.86 6.6 6.4 11.61 5.08 10.14 8.2
10.2 16.51 13.61 12.23 14.07 12.73 19.05 6.35 9.63 11.09 8.91 10.45 9.06 9.03 5.31 4.98 4.27 4.67 5.25 8.25 8.96 6.53 9.44 5.11 7.76 5.34 4.71 3.87 6.22 11.09 7.56 5.35 4.75 2.22 5.68 5.64 6.9 5.76 11.75 13.78 15.16 17.93 25.95 17.9 16.98 6.0 7.21 11.91 9.59 4.79 6.72 4.79 6.5 5.78 4.29 4.13 3.52 2.88 7.02 4.63 9.86 8.34 13.02 6.94
10.46 20.98 12.3 11.41 11.3 10.36 7.74 3.98 5.49 8.72 5.71 6.53 6.38 5.56 4.75 2.85 3.97 5.42 4.21 15.18 7.88 6.4 7.79 5.3 6.45 4.69 6.6 7.02 5.02 8.75 5.77 5.62 5.76 4.5 7.6 9.71 10.52 9.02 9.43 10.14 11.72 10.49 27.16 14.27 8.78 9.53 8.05 8.44 9.34 6.25 8.24 5.08 4.17 7.73 12.69 6.23 4.02 4.78 5.28 3.92 17.42 9.93 7.84 6.39
28.34 23.86 7.52 10.63 7.29 4.9 4.28 2.53 4.01 4.01 2.88 3.42 2.75 4.14 3.36 3.33 4.9 5.87 5.28 8.16 6.89 3.58 6.97 7.05 2.91 3.57 8.12 11.82 7.52 7.72 4.15 6.35 4.47 6.58 11.32 10.28 8.6 10.51 8.5 9.01 14.29 12.48 15.69 15.69 11.04 10.75 9.31 6.94 5.23 15.01 11.99 8.51 6.43 13.23 7.6 8.07 5.99 4.35 9.02 3.24 9.63 16.31 8.93 6.44
35.79 27.02 26.76 9.32 3.95 5.15 3.06 3.01 3.06 2.19 1.66 2.37 1.43 3.62 3.89 3.16 4.48 3.94 5.08 3.55 4.1 3.85 2.79 4.77 7.62 3.55 5.03 6.57 5.72 3.01 5.57 6.17 6.6 14.59 6.21 8.59 9.23 6.17 12.73 6.94 7.87 11.69 15.92 12.57 15.36 15.81 6.72 6.98 8.57 7.83 16.35 11.12 7.4 15.87 11.58 11.32 8.21 6.34 3.02 3.94 5.85 6.18 16.7 9.91
29.7 36.07 20.84 11.45 7.18 6.64 5.15 3.9 3.53 2.7 2.85 3.15 2.49 3.7 3.51 3.86 5.8 2.12 4.88 2.11 3.44 4.52 5.14 3.52 5.0 4.58 3.39 3.11 4.57 4.55 3.88 4.28 9.13 12.2 7.96 3.82 4.08 9.13 6.09 7.75 12.44 8.17 12.66 9.83 15.48 7.03 7.09 6.68 6.27 12.71 13.19 10.11 13.54 7.77 9.0 7.42 5.31 4.14 3.46 4.25 5.96 9.51 12.09 11.63
15.89 21.09 18.77 5.28 6.12 8.21 5.54 3.92 1.85 2.14 3.23 4.04 3.45 5.48 4.79 3.37 7.02 3.6 4.0 3.77 2.95 4.04 3.37 5.87 8.27 2.99 5.96 2.98 5.1 5.12 2.48 4.74 7.95 6.84 4.39 3.86 4.12 8.74 4.76 6.26 10.1 7.57 13.34 10.51 12.45 7.15 9.08 5.56 7.35 15.0 15.1 8.58 10.26 5.58 6.32 8.3 3.56 2.53 4.75 5.06 14.79 11.02 12.76 6.25
14.1 15.24 6.9 7.59 9.67 5.36 8.1 6.76 2.79 3.21 3.79 3.67 2.76 6.39 5.34 9.54 9.09 4.89 6.44 4.35 4.63 2.96 4.87 7.18 5.71 3.39 3.79 8.97 8.54 3.21 3.48 3.15 4.01 4.05 3.05 4.85 4.98 8.54 3.21 12.26 12.39 6.76 14.34 7.94 10.29 8.62 8.49 8.73 9.43 13.51 18.32 9.78 6.08 3.16 3.8 8.78 4.46 4.63 7.85 6.06 10.7 16.3 5.71 7.6
13.06 6.28 7.49 5.98 5.76 9.36 11.12 9.27 6.28 4.93 5.48 3.41 5.41 4.66 11.61 11.84 11.41 12.95 4.8 4.94 3.85 4.09 3.96 8.61 7.47 5.71 5.04 9.06 7.19 5.27 3.87 5.5 3.8 2.41 3.78 8.23 5.91 10.18 6.85 8.98 14.35 10.5 9.79 9.3 7.77 6.34 10.02 9.75 10.94 11.94 8.66 9.52 5.57 2.83 3.64 11.23 6.07 8.55 10.61 8.88 8.71 8.81 7.5 7.25
8.29 3.83 6.79 5.05 7.78 8.98 8.31 7.43 6.71 3.26 3.87 4.74 4.64 3.88 8.98 16.83 14.77 10.17 16.64 5.25 4.59 5.07 4.06 5.43 4.63 5.05 5.14 8.85 5.91 4.02 5.19 2.89 2.85 2.13 7.46 10.51 10.21 10.41 8.36 14.29 8.84 16.19 15.84 5.61 4.4 5.5 9.85 10.06 10.58 11.08 4.93 8.68 7.25 4.45 5.17 3.34 7.39 16.08 13.86 17.48 7.17 14.0 8.51 6.68
9.45 6.82 5.66 4.73 7.46 8.64 6.96 10.05 6.78 2.62 5.76 5.95 5.42 3.74 4.31 12.97 26.07 12.01 23.87 21.87 8.93 3.17 3.53 3.38 3.72 2.41 4.94 3.0 4.48 4.52 2.3 3.05 2.27 3.89 6.43 6.83 12.25 6.19 7.92 9.45 6.94 8.96 15.53 13.11 6.43 4.03 9.23 9.28 6.55 6.73 7.22 9.83 7.37 7.47 5.85 4.72 6.88 11.5 19.42 35.12 18.49 16.14 11.11 6.92
8.96 8.77 3.87 4.63 5.15 4.17 10.53 7.97 7.56 6.1 5.78 5.36 6.86 5.86 5.59 13.98 27.41 19.42 29.22 18.69 8.11 4.31 1.46 2.86 2.82 2.91 5.06 4.48 4.68 4.2 5.35 2.39 3.0 3.59 8.31 5.72 9.02 7.15 5.48 11.97 9.74 5.29 10.21 8.75 4.22 5.41 10.43 6.03 9.5 8.87 5.26 7.93 10.89 3.73 5.02 7.48 9.24 18.43 28.88 43.17 21.12 14.48 11.54 7.99
6.88 8.34 6.87 5.09 5.66 3.17 8.78 12.35 6.31 4.48 4.92 2.67 6.25 4.3 15.07 10.11 13.88 24.04 12.29 10.82 3.5 3.53 2.76 1.59 3.03 2.84 4.19 3.86 3.94 8.15 8.1 5.64 5.21 3.99 5.99 3.99 5.62 7.57 7.46 12.59 10.65 13.74 6.98 6.69 4.52 5.81 5.57 7.96 9.06 6.1 11.24 9.57 11.12 5.87 5.24 7.19 10.46 12.18 21.37 19.31 5.87 10.77 11.91 9.06
5.75 4.28 8.37 9.61 4.79 9.56 11.63 6.96 8.37 5.08 4.71 4.28 11.2 4.75 20.04 11.25 9.58 10.25 4.89 4.14 3.31 4.33 3.41 4.39 2.94 3.41 3.55 3.53 5.22 5.07 5.89 3.64 5.81 4.4 6.31 6.66 3.76 8.56 12.04 6.51 7.59 10.82 13.37 10.32 6.59 8.64 7.92 9.76 14.88 8.92 6.64 7.12 7.4 9.75 9.23 9.92 11.43 10.78 8.13 14.36 5.51 7.46 7.93 3.87
6.35 5.5 9.3 8.54 6.84 10.2 8.32 10.18 7.99 5.62 8.24 7.65 15.98 7.77 16.03 20.9 8.93 7.75 3.67 3.65 4.54 5.36 7.48 6.31 4.6 4.4 2.68 2.53 6.88 6.04 4.93 3.71 4.26 5.8 10.95 5.44 6.21 3.86 11.93 7.08 5.76 6.28 15.41 21.02 10.13 11.93 13.24 14.63 11.01 11.91 16.41 14.96 9.97 16.02 11.3 8.7 16.97 6.89 6.45 15.65 11.98 14.16 7.07 5.61
9.34 10.78 11.35 8.09 10.54 15.59 9.0 7.11 8.98 7.46 9.21 9.58 8.22 7.3 7.98 12.13 17.66 9.97 4.69 6.29 3.46 8.78 9.51 9.44 7.89 2.81 2.79 3.96 4.56 4.33 6.31 5.57 3.06 8.16 8.56 7.64 6.67 2.55 7.11 9.69 12.17 16.22 20.45 16.48 19.35 11.82 17.3 17.73 9.24 12.96 20.58 13.09 13.21 32.63 24.52 9.28 14.59 6.87 5.58 15.11 17.76 9.18 7.85 3.67
13.94 11.65 12.85 17.39 12.54 7.56 7.45 5.63 5.84 8.88 4.2 9.08 8.33 5.02 11.87 11.38 15.62 9.14 5.21 6.28 4.1 12.2 10.53 8.1 9.23 3.27 5.29 5.13 2.82 2.72 3.86 7.22 5.7 4.93 6.46 4.95 5.12 4.79 7.09 8.93 10.27 23.17 17.81 15.53 17.77 12.14 12.57 10.63 13.14 29.95 24.91 18.36 19.43 28.37 24.08 16.96 12.56 5.87 5.72 15.52 14.78 8.99 5.98 3.32
9.36 11.93 9.59 10.72 14.23 4.77 3.69 3.62 3.0 2.05 2.35 7.87 7.94 6.01 8.59 6.02 11.34 9.5 6.69 8.61 3.98 7.61 11.66 5.98 7.74 3.76 5.89 5.15 3.14 3.46 3.38 4.73 7.11 4.91 9.68 12.13 4.14 7.35 9.18 8.57 9.8 13.41 12.08 17.68 10.58 7.65 5.51 10.23 9.93 17.79 28.54 18.81 22.72 31.53 28.15 21.03 8.63 5.4 5.91 13.66 10.33 11.96 8.86 3.65
14.11 9.23 17.66 10.86 8.53 4.34 3.85 5.73 2.47 2.29 1.51 3.99 5.89 3.85 3.6 3.3 5.35 4.63 5.83 9.25 7.89 6.08 10.76 7.25 5.73 10.94 5.33 3.22 4.62 4.85 5.28 3.75 4.71 5.51 9.65 8.85 4.93 7.71 10.44 8.38 7.77 7.22 11.66 26.07 14.0 9.91 8.0 6.62 10.14 18.78 23.03 17.02 24.06 17.69 19.17 20.72 14.0 4.66 8.03 10.35 8.34 14.63 5.54 8.45
18.58 8.25 11.57 10.5 4.56 3.85 5.07 3.0 4.92 3.81 1.94 4.76 2.85 1.83 2.0 2.74 3.16 5.23 7.24 5.21 6.43 3.62 7.2 5.52 6.3 13.3 4.25 1.71 4.53 10.62 7.5 4.25 6.32 7.16 3.57 7.86 6.39 4.5 8.02 5.94 7.96 11.71 7.96 12.21 8.74 14.34 11.51 7.04 14.81 10.02 16.57 20.62 14.81 26.58 24.69 16.97 12.31 7.81 7.41 6.49 11.25 9.71 10.14 10.76
18.41 11.23 9.64 6.45 3.28 3.31 2.44 3.65 5.53 2.57 3.55 3.71 1.35 1.93 1.56 3.06 4.74 5.5 6.54 8.44 3.77 4.72 5.07 6.14 7.84 7.76 4.55 4.64 4.27 5.06 9.05 5.04 3.84 4.05 3.54 4.14 5.03 12.24 9.1 6.66 7.16 9.29 5.76 4.4 5.98 5.85 6.26 7.99 6.3 6.54 11.61 15.43 13.08 13.47 21.52 20.53 11.5 9.5 5.69 7.14 9.56 8.93 15.47 11.16
14.46 10.31 6.02 5.65 4.44 3.68 3.28 2.93 4.04 2.97 5.7 4.29 1.08 2.18 1.48 2.64 6.52 8.29 7.27 9.2 5.56 4.5 9.61 9.4 11.15 6.78 6.69 9.69 5.8 6.44 3.64 5.34 5.56 3.32 5.36 4.16 6.23 10.88 6.8 8.7 6.46 5.14 3.35 5.31 4.25 4.85 11.35 9.81 4.23 7.72 10.21 14.71 19.35 13.08 14.34 19.33 5.23 5.25 4.09 3.69 5.22 8.98 16.48 9.57
18.15 13.31 7.26 6.24 3.26 2.17 4.21 2.76 2.89 4.12 3.7 2.87 2.47 2.83 2.59 2.93 10.08 6.77 13.38 13.24 8.43 7.05 15.15 12.73 19.23 10.98 7.45 6.95 3.61 8.33 2.27 3.29 6.96 6.33 7.96 7.35 6.01 8.99 5.41 5.19 4.2 3.59 4.27 3.63 3.05 11.64 14.06 13.62 9.58 7.88 6.69 16.99 24.2 12.8 12.13 13.56 7.31 7.23 3.41 2.76 4.7 7.56 5.41 7.7
14.42 12.77 8.25 8.43 8.17 3.32 3.11 3.07 2.96 4.49 6.82 2.75 2.38 3.43 3.99 6.44 7.14 9.81 15.58 10.8 13.52 5.15 13.36 9.56 22.95 11.66 5.82 6.06 3.12 3.87 4.25 5.87 12.06 7.4 6.66 4.07 4.85 5.21 3.67 4.77 5.77 5.1 6.51 6.03 4.05 8.28 9.38 13.52 11.36 6.71 5.48 9.69 19.57 12.87 8.33 9.81 4.66 4.45 2.6 3.0 11.88 6.34 3.29 9.34
12.52 5.68 8.25 7.19 4.44 6.71 2.21 1.79 3.24 6.08 8.6 6.4 3.42 2.73 6.78 7.32 5.96 11.16 11.82 9.89 13.8 6.05 11.16 12.95 8.99 6.04 10.44 9.13 4.43 6.48 5.76 7.93 17.13 8.83 5.7 5.49 2.5 2.63 2.63 3.4 6.06 5.43 7.12 10.66 12.82 10.49 10.36 8.69 6.08 5.15 8.12 12.26 15.9 12.93 10.44 6.17 10.18 5.85 1.95 6.79 7.21 5.78 5.2 6.32
6.8 8.63 6.53 6.86 3.32 5.91 3.22 1.57 3.21 4.73 7.85 5.44 6.25 6.37 2.54 5.9 7.56 7.55 26.16 12.05 8.34 8.23 5.81 11.07 7.08 8.06 8.49 10.8 7.16 8.83 6.63 15.6 4.6 5.44 7.83 4.59 7.88 3.87 3.6 3.98 4.69 5.27 9.35 7.94 18.65 15.53 6.31 6.25 6.39 5.62 7.42 16.96 14.38 11.78 10.84 6.86 8.25 6.4 8.72 10.9 10.94 11.59 9.24 4.9
5.88 4.5 4.42 5.56 3.86 2.62 1.8 3.46 4.48 2.7 5.37 3.63 4.33 6.46 3.18 4.83 10.41 8.43 26.0 14.87 11.07 10.95 3.56 3.38 4.64 6.91 8.67 7.69 7.02 6.16 12.58 15.12 5.08 8.11 9.36 9.22 9.87 5.25 4.33 6.46 4.83 6.78 11.77 15.11 21.39 10.69 6.14 6.51 3.65 4.78 3.97 9.94 10.72 8.8 5.38 4.37 5.37 8.07 5.14 4.71 9.72 9.46 5.46 8.81
7.45 7.48 3.8 4.38 3.73 2.42 2.18 2.26 2.27 2.35 2.38 3.86 5.38 3.54 4.31 5.5 8.89 10.33 12.13 7.93 6.85 3.84 2.51 2.49 3.44 3.5 5.82 6.96 3.47 7.95 11.91 13.31 14.79 11.87 17.84 12.67 10.34 7.43 5.61 7.3 5.97 7.36 21.73 15.97 17.99 8.85 5.4 5.95 3.7 4.63 3.64 4.35 7.61 5.87 3.54 3.98 3.18 3.36 2.86 5.16 4.51 6.18 4.96 6.19
7.8 7.69 6.88 4.21 4.35 2.7 2.25 3.62 1.5 1.97 3.39 3.81 7.77 6.44 12.21 12.57 10.03 10.07 7.42 4.68 3.19 3.43 1.92 1.58 2.73 3.18 4.84 7.08 5.34 7.75 6.69 6.24 15.71 16.71 26.6 16.25 8.71 7.36 6.81 7.21 7.83 8.4 25.28 16.36 18.81 8.5 5.78 3.83 2.28 4.91 2.54 4.58 5.9 5.56 4.36 3.02 2.82 2.35 3.89 3.95 4.46 5.44 6.36 5.39
9.25 7.54 8.64 2.84 2.57 2.79 2.88 3.36 3.54 7.24 5.02 10.22 13.19 15.99 13.8 15.15 14.25 12.76 8.6 3.82 6.63 2.81 2.1 4.82 2.41 4.2 5.06 5.72 10.46 12.36 6.54 8.39 9.85 15.23 13.54 22.57 14.24 7.1 3.95 6.52 12.01 10.31 7.3 18.46 17.42 9.44 5.28 3.06 3.08 2.92 3.67 4.99 5.84 6.24 6.3 4.96 4.06 3.93 7.47 6.51 4.99 4.87 5.52 4.86
7.06 3.57 6.25 6.85 2.54 2.8 6.03 5.55 7.4 10.17 13.49 12.47 7.62 12.34 9.13 10.02 8.2 8.82 5.33 4.3 3.99 3.55 3.47 4.63 2.55 5.57 6.48 5.9 15.42 7.95 8.34 18.17 13.93 23.03 22.02 24.97 18.69 8.22 3.29 8.52 7.98 6.21 4.98 6.41 10.36 6.29 7.37 4.24 4.59 5.36 3.82 9.69 7.0 9.45 8.84 11.25 12.17 7.28 8.32 7.29 2.42 3.94 5.8 4.43
5.34 6.37 7.89 5.71 9.11 3.79 9.77 11.57 11.08 9.48 23.51 21.7 7.73 8.2 8.02 4.74 5.5 5.24 4.01 4.17 1.8 4.43 1.83 4.08 5.6 5.01 3.98 5.25 11.3 7.48 16.67 18.74 23.2 30.1 24.61 27.45 33.78 12.15 7.15 12.56 4.78 8.19 6.83 8.28 4.86 4.2 8.28 7.22 6.78 5.81 5.18 8.1 6.9 9.81 14.57 13.3 9.48 13.78 8.55 6.35 3.07 3.61 6.82 6.68
3.78 7.22 4.26 6.48 9.55 4.4 11.1 6.77 12.43 7.81 16.0 23.6 10.98 13.59 6.87 5.02 6.38 5.2 3.27 4.02 2.53 3.69 3.18 3.73 4.66 5.88 3.55 4.81 8.68 8.47 9.85 13.75 26.79 36.65 49.56 33.45 30.74 25.22 13.86 16.53 21.28 10.61 10.97 22.1 12.05 6.14 8.31 7.79 6.75 13.35 5.64 8.72 18.94 9.82 6.98 11.44 12.26 3.95 6.63 4.99 4.55 7.28 8.47 9.6
6.23 5.55 3.82 2.86 3.51 4.62 4.93 6.25 12.93 13.22 12.97 17.5 10.16 9.46 6.6 4.13 4.88 3.29 2.46 3.08 2.22 3.31 4.01 5.08 3.93 3.88 4.47 5.29 9.08 6.09 5.85 10.05 21.57 26.21 28.39 54.48 35.9 19.54 19.55 19.45 29.81 16.48 16.33 39.7 16.19 16.02 7.68 6.43 6.9 10.09 10.37 17.12 12.97 10.09 7.08 11.75 7.32 6.76 6.16 6.82 6.21 4.33 12.54 7.97
8.24 4.22 1.58 2.08 3.52 2.7 5.38 8.63 13.21 14.87 10.01 11.47 10.28 11.75 4.64 7.82 3.74 3.67 2.83 2.71 2.08 2.08 4.4 4.4 2.56 4.45 4.67 7.69 5.35 4.22 6.91 6.45 6.48 18.37 22.98 26.42 13.21 19.38 14.75 13.66 29.24 27.46 16.31 26.5 12.02 9.96 9.89 11.68 8.65 9.73 11.75 22.04 11.21 7.52 7.55 7.98 5.44 6.11 6.12 5.67 5.86 5.42 4.28 9.05
13.86 3.2 1.76 1.88 2.2 3.54 5.65 7.78 12.73 5.7 4.94 4.68 7.83 9.84 8.31 5.93 6.67 7.8 3.18 5.07 2.86 5.4 4.28 2.7 4.98 4.85 5.83 5.17 7.93 5.15 7.17 9.19 7.21 18.5 14.34 20.27 9.65 17.24 19.41 10.96 11.97 17.76 15.0 26.22 7.88 10.17 8.28 7.98 11.12 6.98 11.01 11.62 6.62 7.11 6.47 8.54 9.35 9.46 2.33 7.48 6.4 3.55 6.53 5.62
8.16 5.09 3.33 5.02 5.94 5.6 5.15 6.61 10.7 4.97 3.86 4.64 10.81 10.1 11.9 11.95 8.45 3.57 5.83 3.08 2.55 4.79 4.32 3.44 6.44 8.39 6.47 8.49 8.71 6.77 10.42 10.51 12.82 14.58 17.4 20.17 14.07 16.16 12.33 16.39 9.26 10.68 16.18 13.43 8.53 15.58 10.71 14.33 12.52 6.66 7.05 9.36 8.54 5.45 7.25 5.94 9.49 6.54 3.82 13.13 5.41 5.11 3.91 3.73
7.15 7.57 3.46 5.48 5.81 10.12 7.9 8.57 8.55 9.6 5.08 3.84 7.9 12.56 20.78 13.55 16.54 6.41 4.75 6.24 1.97 3.4 3.04 2.68 7.36 5.61 9.18 10.44 14.27 9.14 8.91 19.38 18.6 12.36 14.1 17.25 24.44 12.28 16.24 8.69 14.41 9.79 9.58 14.12 8.65 7.96 15.01 11.42 6.9 9.24 16.57 9.42 6.59 6.4 8.02 8.85 6.59 4.72 7.86 12.92 4.75 3.36 4.69 4.38
10.4 6.03 3.14 4.3 6.16 14.68 13.38 5.01 6.5 17.83 5.72 6.09 5.49 10.28 9.16 13.11 13.74 8.16 7.72 5.15 3.51 5.67 5.86 5.1 6.75 6.88 8.51 14.25 13.78 6.59 9.21 11.67 16.01 20.94 10.62 29.23 17.79 10.22 7.05 15.05 24.88 11.78 15.02 8.4 9.89 10.24 10.75 7.02 6.52 7.17 8.94 9.04 4.95 8.26 10.84 4.38 6.07 10.1 9.34 7.78 4.79 3.79 3.14 4.9
6.82 4.74 4.2 5.26 4.64 15.8 23.62 17.5 8.96 6.51 4.56 4.85 7.11 8.9 11.28 16.87 9.43 12.42 7.27 9.45 7.01 4.14 4.62 6.29 9.04 6.49 15.2 16.47 9.7 12.33 7.13 13.44 18.38 13.98 10.86 89.57 21.18 14.1 11.25 8.95 18.59 16.04 8.08 8.8 10.18 5.97 4.82 5.67 7.55 7.79 13.53 9.82 5.89 10.93 9.46 8.12 4.96 7.66 6.39 6.97 4.43 3.85 7.22 5.65
4.38 3.83 6.5 8.9 3.74 9.16 12.85 11.18 8.33 4.52 3.44 6.96 5.95 7.26 20.61 22.95 16.08 17.74 28.33 12.5 12.55 8.25 4.51 8.85 6.27 5.38 10.14 7.64 5.84 5.52 6.02 7.79 12.94 8.28 12.33 40.79 18.18 11.94 9.38 11.94 8.82 11.05 9.2 8.11 5.19 7.48 3.9 4.38 5.78 8.48 9.86 13.71 12.86 18.7 14.37 8.23 11.59 8.53 4.76 8.77 4.14 5.84 4.75 6.69
6.08 11.29 7.85 5.26 4.32 8.78 4.66 8.05 4.83 5.88 4.33 6.57 4.76 9.37 19.46 13.45 13.09 10.82 30.57 25.9 11.1 6.09 9.89 5.98 5.81 7.53 5.14 3.15 3.42 4.96 2.86 7.91 5.45 7.97 9.59 5.89 11.33 8.16 4.79 5.59 8.5 11.24 7.69 6.99 4.84 3.47 2.89 2.68 6.89 4.51 14.85 14.24 10.07 17.98 8.34 5.06 8.92 5.79 6.76 4.58 3.19 4.72 4.86 6.6
8.92 10.78 8.09 6.77 5.61 5.88 4.78 3.63 4.4 12.33 11.42 11.41 8.1 12.45 13.93 11.5 11.32 12.37 19.15 18.8 13.9 5.14 4.3 5.35 5.02 3.05 2.79 3.91 2.35 4.1 3.9 4.89 9.39 9.42 5.82 6.03 7.83 5.13 3.66 6.6 12.56 7.08 5.85 4.43 5.09 1.9 2.03 3.58 5.63 5.99 16.92 11.63 14.06 12.47 7.74 4.64 4.62 6.94 5.3 3.42 4.11 2.57 3.43 4.11
7.31 8.54 8.23 7.7 6.66 4.48 4.18 4.34 5.22 8.18 12.48 12.59 12.38 12.14 8.6 10.49 7.99 17.85 11.12 26.6 14.94 6.69 4.89 4.04 4.0 3.04 3.18 3.3 2.52 5.79 4.14 4.27 8.81 8.67 7.3 5.93 8.46 4.67 3.69 13.59 8.22 12.28 6.95 5.08 3.34 1.94 2.66 4.93 5.54 6.13 14.9 14.63 9.44 6.09 6.44 5.52 5.51 4.8 9.88 7.31 3.85 4.85 10.47 5.4
2.98 10.21 9.12 7.16 4.04 4.67 1.91 3.33 10.05 6.27 7.77 8.58 4.96 9.75 10.5 5.54 16.77 28.06 15.13 18.39 13.16 12.28 4.15 7.81 3.67 6.05 3.74 2.41 3.37 5.53 2.93 5.78 6.68 3.57 7.57 5.64 4.97 4.2 8.05 7.12 6.39 18.27 7.29 6.18 3.4 3.48 5.59 11.69 10.89 7.29 9.12 8.19 4.92 3.95 3.44 4.48 3.2 5.64 9.75 8.98 4.52 9.14 10.91 4.84
5.24 9.11 6.33 9.22 4.8 3.07 1.92 2.46 6.64 4.98 4.53 2.59 4.29 7.24 8.35 14.28 22.11 14.68 10.85 8.82 12.29 12.83 5.56 8.66 4.97 6.32 3.42 3.61 4.25 3.8 1.69 6.86 6.88 7.34 5.83 2.36 7.66 7.48 11.07 11.38 9.38 17.12 10.03 9.55 3.61 3.7 5.46 11.38 9.61 23.35 9.11 7.16 4.35 5.26 4.03 6.3 4.86 5.86 10.47 7.34 11.69 7.55 4.09 6.77
5.25 5.2 3.64 4.43 5.13 4.65 2.87 3.84 4.99 3.35 2.37 2.14 3.03 5.6 6.21 14.72 29.62 10.46 8.55 15.17 6.54 7.21 15.35 9.63 6.22 4.06 2.91 5.1 4.55 3.49 2.85 4.32 4.33 7.97 4.94 4.46 11.5 11.06 17.73 28.11 13.5 13.92 10.7 6.81 5.75 6.37 4.84 6.47 11.08 16.08 17.05 12.5 5.0 9.95 11.35 4.98 5.05 10.06 7.2 10.84 16.98 7.51 8.09 5.4
7.93 7.38 4.25 4.57 5.48 3.89 3.96 5.93 4.71 2.47 2.87 2.97 5.08 6.78 5.94 12.15 9.81 5.31 8.01 11.31 8.08 8.89 12.49 9.61 6.33 5.41 4.99 7.19 3.29 2.29 3.19 6.47 3.55 5.31 14.69 6.88 11.9 15.86 22.79 18.21 13.09 7.58 5.37 5.33 6.78 13.29 10.04 6.05 6.5 22.39 21.72 13.97 9.16 8.43 9.44 5.34 4.85 7.09 8.21 6.05 9.66 17.56 5.05 8.0
9.81 6.81 3.71 4.74 5.3 5.21 5.23 9.35 6.88 2.86 4.55 4.03 6.13 4.77 5.41 8.8 10.96 9.7 7.59 9.65 7.03 4.61 3.15 8.49 4.4 8.01 7.99 5.93 2.52 2.02 4.29 5.89 5.25 7.29 6.03 10.27 23.96 15.89 17.38 8.71 8.37 6.41 2.75 4.87 5.22 5.51 10.75 9.67 10.8 18.42 13.31 12.27 17.28 13.8 6.02 6.63 7.65 5.52 10.12 7.99 11.1 9.64 7.1 4.18
12.77 8.0 11.76 4.91 3.07 4.71 11.46 12.22 4.74 4.23 6.56 6.64 9.27 7.21 6.68 8.08 14.27 10.55 11.68 10.29 6.31 3.34 3.35 4.28 5.79 10.85 6.39 5.81 3.08 2.11 5.02 6.78 9.2 13.93 9.07 5.26 9.1 9.28 10.17 8.04 4.59 4.01 5.6 5.76 4.31 5.18 7.91 8.7 12.56 17.58 6.52 11.9 15.07 6.74 5.89 15.31 19.0 11.15 10.66 12.64 8.12 8.8 5.98 6.71
11.79 9.23 8.97 3.89 3.12 7.6 12.0 6.77 3.58 4.41 5.72 10.27 12.08 14.8 16.2 15.94 15.0 20.18 17.02 7.89 4.33 4.97 7.54 10.6 12.49 9.32 11.65 5.64 5.28 5.66 5.96 6.28 11.21 16.05 13.98 12.7 7.48 6.53 7.0 6.35 6.35 4.44 4.05 8.39 7.99 4.03 10.36 10.57 7.96 18.47 8.72 14.56 9.82 7.61 10.62 16.06 12.08 16.39 12.0 6.49 8.11 5.95 6.22 8.48
4.53 6.8 6.11 3.05 2.65 6.84 7.66 4.44 4.8 12.53 5.05 7.76 9.79 24.0 13.17 10.99 14.39 15.69 17.51 8.89 5.85 8.42 5.22 8.69 11.74 10.34 7.74 8.14 6.7 8.08 9.71 4.76 14.83 19.87 14.83 15.85 10.83 6.8 5.89 9.52 11.15 7.23 4.83 4.95 6.44 7.08 11.9 9.05 9.92 9.85 12.9 18.79 8.54 7.29 13.86 11.22 22.3 12.8 8.02 11.63 6.42 7.37 9.03 11.3
3.92 8.25 4.37 3.37 6.18 4.41 4.53 5.53 7.78 15.18 13.29 12.21 10.74 18.94 8.32 11.57 11.96 11.59 10.05 5.64 5.26 7.75 6.8 4.8 10.64 8.86 4.31 6.56 6.98 4.79 6.67 8.69 9.27 20.13 23.32 16.78 7.05 8.12 4.28 11.4 11.6 6.43 6.68 6.25 4.61 8.18 16.24 14.01 16.65 11.51 11.63 21.41 8.82 5.26 8.18 10.61 15.2 5.58 10.02 6.86 5.55 7.74 4.82 6.34
4.8 4.84 6.08 6.36 6.95 5.0 5.78 9.62 8.02 17.59 13.89 16.66 12.61 12.94 13.53 10.34 6.8 11.29 7.01 2.99 9.14 7.97 6.46 5.3 6.39 6.95 9.44 7.86 4.77 5.45 11.06 5.76 11.01 27.64 15.47 13.14 3.56 7.96 9.73 10.53 10.21 8.09 5.49 6.82 5.53 4.52 23.65 17.58 21.49 16.39 23.05 24.97 11.03 8.63 9.54 10.11 10.77 4.86 5.33 6.16 5.6 6.59 3.7 3.16
5.38 3.21 4.16 3.67 8.51 7.42 11.93 8.49 15.11 15.6 11.46 18.34 23.2 39.62 13.8 11.92 4.52 4.2 3.35 2.65 5.53 5.34 10.09 7.02 7.21 5.25 5.39 6.2 7.91 5.7 9.87 4.82 10.34 14.4 10.62 10.98 5.66 5.96 8.33 6.46 8.41 9.56 8.48 6.09 6.38 11.77 17.2 10.57 14.31 11.32 26.63 13.43 13.92 22.73 13.04 9.44 11.62 5.09 4.67 6.5 4.23 6.93 7.41 3.23
7.98 3.01 3.19 4.11 7.24 14.25 7.67 12.35 37.22 18.88 15.99 26.59 22.98 23.9 14.43 15.22 3.88 4.01 4.43 8.79 7.82 10.26 9.47 8.68 6.75 4.6 4.57 3.25 6.28 5.12 4.2 3.39 7.83 5.01 4.55 6.62 3.78 5.13 3.97 4.27 5.88 10.66 5.94 4.84 5.56 7.34 12.18 10.75 13.52 6.29 14.32 12.75 18.68 16.22 26.83 8.02 7.23 6.28 6.21 6.56 6.72 6.51 6.93 5.05
5.41 8.19 5.13 8.38 8.89 10.6 11.22 16.12 19.42 36.84 19.17 17.92 14.32 13.16 10.83 11.29 7.63 4.56 4.8 18.06 17.98 13.65 12.03 16.92 8.87 7.48 7.67 5.56 3.47 4.32 3.41 4.14 3.77 3.05 3.69 3.16 2.71 3.04 2.97 2.87 5.57 10.67 8.03 7.41 6.37 7.37 6.15 10.18 14.09 14.45 8.82 6.22 8.74 15.1 11.97 7.25 11.18 5.8 7.72 7.89 6.47 6.93 9.23 6.84
4.53 7.99 10.45 14.55 7.69 8.16 13.92 26.07 18.27 21.97 19.76 14.02 9.65 9.75 8.55 16.27 12.84 9.37 6.39 22.68 9.39 13.45 20.15 5.31 10.32 12.75 6.42 8.56 4.51 7.0 6.2 3.81 2.36 5.7 4.48 3.5 2.26 3.71 3.59 4.43 9.49 13.04 12.06 5.12 5.06 12.31 5.02 7.0 7.25 11.39 4.71 5.28 5.74 13.12 8.44 7.31 12.41 9.0 8.59 9.07 7.84 5.81 12.33 7.4
8.16 10.23 13.06 10.99 10.99 6.82 10.18 24.27 19.03 17.4 6.96 8.78 17.61 12.41 15.81 20.63 10.88 7.62 9.25 14.52 21.06 12.93 11.72 9.73 14.63 11.18 5.85 6.14 4.77 4.58 4.2 3.89 1.98 2.33 3.14 7.79 3.12 6.7 4.56 2.48 12.0 18.74 15.5 5.87 6.44 7.03 4.31 5.36 4.7 3.35 3.39 2.47 4.12 7.07 12.37 12.08 12.59 17.2 9.15 13.48 8.51 9.81 7.66 7.95
5.57 6.52 5.32 13.27 8.07 6.64 9.29 8.09 17.68 10.18 13.96 5.92 11.82 12.11 30.25 13.31 10.29 6.81 6.16 8.21 13.69 14.61 15.86 13.47 11.45 15.93 13.19 5.76 4.86 3.7 1.84 1.78 2.73 2.29 2.97 3.8 3.33 2.72 3.4 2.29 6.91 13.93 7.6 6.21 6.12 3.99 4.31 3.11 2.3 3.14 2.89 2.43 6.09 9.07 7.65 12.02 29.5 11.06 9.08 17.27 7.66 10.94 7.52 13.19
6.1 4.18 3.67 4.86 2.88 12.66 10.7 11.31 12.01 13.04 11.57 14.09 13.9 12.97 19.12 6.1 12.06 8.99 10.06 8.04 9.43 14.94 10.32 13.1 4.97 8.58 8.61 2.88 4.0 3.19 1.85 1.95 2.55 3.17 3.02 3.08 4.01 1.27 2.74 2.17 7.4 10.78 10.32 7.05 5.08 3.74 2.63 2.96 3.37 5.95 5.58 3.07 5.93 9.29 11.88 9.8 20.26 15.02 21.42 11.98 10.1 12.98 11.61 17.04
8.32 2.78 3.18 10.06 4.02 8.32 9.75 14.59 10.24 9.84 8.0 12.6 20.49 17.8 8.06 5.79 9.3 10.0 5.08 4.42 9.32 11.54 16.75 10.3 8.47 9.56 3.59 4.61 2.7 2.9 1.99 2.69 1.54 2.23 3.89 3.39 2.22 2.26 2.76 2.37 7.13 3.81 7.87 9.71 13.97 4.89 5.63 6.6 4.93 7.13 4.26 7.09 5.86 5.93 6.99 16.36 13.7 31.55 29.26 17.39 37.17 21.21 19.12 23.73
11.03 2.76 3.67 4.59 7.65 11.61 13.64 13.57 7.0 6.5 7.59 11.97 13.89 9.62 5.47 2.93 6.0 5.63 3.74 6.09 3.98 15.48 11.89 7.67 11.01 4.46 2.54 4.84 3.67 3.25 2.74 2.63 1.73 1.97 1.85 5.3 4.14 3.31 3.03 4.88 3.41 2.56 6.81 13.3 13.77 7.61 6.23 13.06 9.21 5.73 5.88 6.49 3.69 4.82 8.56 12.83 9.69 41.14 16.31 17.3 28.81 25.08 34.35 11.78
