7.76 10.93 7.31 5.95 9.06 7.95 4.43 10.5 18.96 13.92 8.07 8.6 10.24 8.76 6.25 11.59 8.32 4.98 5.28 4.04 4.44 7.16 14.54 15.06 12.51 6.84 6.25 8.17 8.62 7.84 7.76 8.52 18.87 17.42 6.62 10.26 4.82 13.95 11.23 14.56 6.7 4.55 4.89 3.28 3.38 1.5 2.56 4.6 5.94 9.74 10.45 6.69 7.09 17.22 12.27 19.4 14.85 7.95 9.97 7.03 20.01 28.98 16.27 14.86
8.76 10.18 13.09 9.72 9.64 6.31 4.7 14.6 23.86 38.81 11.56 8.54 8.18 6.26 5.91 9.16 11.18 4.99 4.55 3.14 3.35 9.72 35.84 13.73 9.78 7.45 7.02 9.56 15.53 11.19 7.92 11.15 14.84 12.04 5.57 12.39 5.86 4.54 9.56 5.75 4.29 6.45 6.84 2.55 2.8 2.0 3.06 2.91 18.78 17.67 14.25 10.11 10.26 15.02 9.3 10.45 13.47 6.73 18.49 18.29 12.04 24.56 10.41 13.9
25.64 11.48 7.34 7.4 3.72 5.82 10.63 35.35 22.64 27.64 14.94 9.14 16.42 7.49 8.25 5.7 6.42 5.09 4.65 3.8 6.46 8.89 11.18 7.48 8.61 10.12 10.44 11.26 14.09 11.27 16.18 23.36 14.69 10.53 7.26 4.4 3.33 4.84 12.75 5.16 4.06 7.21 3.56 1.41 1.26 2.1 2.48 4.26 10.45 16.54 11.54 13.59 15.97 13.55 9.01 5.15 8.1 9.79 12.74 12.42 7.15 17.1 8.71 11.92
30.54 17.34 13.51 10.28 3.17 5.27 13.34 18.31 20.95 20.22 11.02 11.29 14.15 16.8 21.94 9.49 5.28 5.15 7.62 3.58 4.02 5.68 6.39 8.71 6.97 8.18 16.12 12.2 18.26 14.38 20.65 18.0 14.97 7.78 7.59 3.62 2.4 9.83 5.87 4.58 4.9 7.78 3.85 2.23 1.93 5.42 3.19 4.09 5.91 7.96 10.14 11.39 12.46 7.15 5.5 11.14 13.71 9.78 6.58 4.22 4.29 12.43 8.14 10.95
29.35 22.95 21.16 15.42 6.41 6.97 21.24 17.7 13.2 19.16 12.75 17.77 16.96 16.17 26.64 12.95 8.63 12.7 8.32 5.02 3.1 4.48 6.78 10.55 4.46 4.14 7.4 12.81 16.72 20.18 29.37 20.36 26.41 4.99 5.31 2.57 1.88 7.95 8.06 4.88 8.13 12.42 4.45 1.92 1.55 5.38 4.85 5.51 4.85 5.27 5.96 8.9 5.6 4.27 8.25 10.16 14.06 12.41 10.22 7.89 5.23 9.94 11.98 5.98
38.91 28.96 49.99 7.96 6.72 5.73 18.51 11.33 8.26 12.1 9.71 14.42 22.27 16.49 24.56 21.77 14.04 9.72 6.11 4.45 6.72 4.63 4.43 4.77 2.95 4.02 11.12 6.59 12.85 17.55 24.65 27.88 18.34 8.63 6.23 4.32 3.11 6.74 5.17 4.38 8.93 12.72 5.2 3.19 3.11 3.3 3.83 5.19 3.79 7.31 10.03 8.04 4.01 7.77 13.24 6.95 9.14 14.28 5.04 6.94 3.87 5.4 6.11 4.71
23.99 34.8 34.45 11.19 13.26 9.26 7.76 5.33 10.37 8.38 6.16 16.79 24.73 21.27 26.47 12.64 8.38 3.26 5.57 5.07 6.71 5.45 2.32 1.84 2.67 4.68 7.25 10.87 14.46 13.91 10.06 32.97 20.45 8.08 4.29 5.23 4.16 5.91 5.57 7.89 9.33 6.44 5.33 2.8 2.52 3.73 6.95 9.22 3.81 3.14 16.67 12.03 9.37 17.12 18.08 11.76 11.24 5.35 4.63 5.81 9.73 3.35 3.07 3.88
23.45 32.4 27.7 16.68 12.7 7.85 5.52 5.04 9.87 10.77 8.75 23.54 14.98 10.98 8.66 11.12 6.98 7.7 13.14 10.21 5.05 2.87 3.75 2.01 2.11 3.52 3.3 8.43 11.08 19.24 12.48 42.1 17.34 4.21 2.24 3.82 3.89 7.45 8.23 6.89 6.93 4.08 6.7 2.3 3.03 5.54 7.28 6.97 3.89 4.07 6.71 9.34 4.75 7.54 12.74 10.2 13.4 7.26 3.44 4.92 3.77 3.35 3.81 2.38
13.66 42.19 34.01 13.76 18.85 9.59 9.28 11.35 9.17 9.52 9.11 12.22 15.48 9.34 8.78 8.44 6.69 9.41 6.44 4.38 5.63 5.78 3.9 2.64 2.62 5.51 4.35 4.61 9.54 13.52 18.05 23.22 15.25 5.45 3.65 3.1 3.12 2.58 3.08 3.33 4.79 3.14 4.65 3.04 3.28 8.73 5.42 5.76 6.83 16.62 6.64 7.67 5.74 4.63 8.84 6.23 15.48 8.25 2.44 4.71 2.32 1.71 2.0 3.7
32.52 25.68 17.2 6.66 17.67 12.18 11.87 18.45 16.99 23.61 10.7 6.75 14.67 14.02 11.59 4.66 4.13 4.01 6.68 2.98 5.14 7.86 3.01 3.0 6.38 10.02 13.81 14.08 7.03 5.51 3.96 14.82 21.15 8.86 4.44 2.41 1.24 1.79 2.48 3.32 4.28 3.71 2.32 1.84 2.62 5.02 5.6 4.85 9.37 17.06 7.82 12.5 9.96 5.9 10.11 9.11 6.38 6.87 3.56 5.94 6.15 2.12 1.91 5.7
21.86 22.27 14.07 9.42 15.2 18.83 11.1 11.43 16.17 17.37 23.13 10.38 15.19 10.38 7.29 8.27 4.03 3.95 7.18 3.61 3.72 10.62 5.29 6.78 12.03 12.38 15.75 13.49 5.92 4.76 7.26 6.7 12.79 6.35 4.23 3.37 1.78 4.84 3.47 4.23 3.81 2.58 2.31 5.36 7.14 6.52 4.11 5.25 16.26 20.15 14.72 9.68 10.83 4.82 10.36 8.7 10.71 9.5 6.04 4.94 5.03 2.01 3.03 6.2
27.6 21.84 19.46 8.47 8.24 15.35 11.04 15.12 13.02 12.09 16.82 12.04 13.85 16.55 10.99 13.07 10.19 4.11 5.22 5.33 6.34 8.52 5.7 9.13 16.41 9.94 18.27 12.72 3.71 3.91 11.28 6.48 7.92 10.29 2.93 4.48 1.31 3.35 5.67 5.33 4.71 2.38 3.18 4.48 6.35 7.28 6.51 6.53 19.94 32.96 15.8 11.64 6.51 6.93 13.32 9.44 7.51 10.22 5.39 4.74 5.89 4.09 9.23 5.73
16.9 10.38 18.44 9.23 13.77 8.84 8.95 11.6 16.17 16.06 11.36 8.58 11.38 9.63 12.29 14.37 9.62 9.76 5.33 5.78 3.19 6.55 8.87 8.09 11.71 13.9 23.26 20.67 5.77 5.56 6.45 7.02 8.28 12.82 5.57 5.45 3.52 4.31 4.94 4.69 6.14 5.04 4.81 4.35 4.32 5.24 8.82 10.26 22.75 17.79 16.34 10.85 5.31 6.97 16.65 7.12 5.65 10.73 6.41 6.09 13.61 5.14 5.32 8.57
10.24 13.29 13.67 11.13 8.62 9.52 8.69 16.85 14.08 12.52 7.81 13.31 11.3 7.85 8.48 21.48 10.46 10.5 10.4 5.57 2.65 5.57 5.22 6.25 10.82 22.44 23.76 18.68 6.25 7.33 4.66 13.64 11.62 8.78 5.92 4.62 6.0 4.33 5.61 3.66 9.54 6.63 6.83 11.02 6.14 7.18 4.46 11.14 19.19 14.26 13.11 16.05 8.27 5.51 12.76 12.22 7.27 5.19 7.98 6.76 11.65 5.88 10.11 11.94
8.6 9.76 15.85 9.7 9.88 9.89 8.92 15.24 10.02 7.19 8.15 8.61 10.75 7.85 12.11 25.82 17.8 10.85 11.64 6.92 5.79 7.09 5.92 8.96 14.99 16.71 27.61 14.97 13.58 10.67 20.24 14.88 25.35 10.79 7.35 3.89 3.05 3.74 6.58 3.61 10.54 7.51 7.14 21.65 6.61 4.87 4.56 5.51 11.08 8.62 9.24 12.61 14.04 5.8 7.26 6.76 6.4 6.91 8.11 8.51 7.13 7.87 7.15 13.37
8.8 11.46 14.92 12.44 14.21 19.87 10.35 11.21 11.39 12.04 10.91 9.41 11.57 10.32 33.13 26.8 19.75 15.26 11.33 7.6 3.89 10.78 6.46 10.49 19.22 23.33 5.3 9.49 12.39 17.49 15.0 18.51 42.18 16.41 10.0 7.78 5.73 5.05 8.24 5.45 8.17 8.35 7.1 8.86 5.89 4.22 6.36 11.81 8.25 5.74 3.84 7.47 12.72 6.33 8.03 14.32 4.8 6.48 8.04 13.81 10.6 7.11 4.9 7.41
8.54 11.34 20.01 19.54 13.02 8.82 8.24 11.24 28.09 22.98 14.88 11.13 11.37 12.47 31.04 29.49 17.69 15.62 10.03 14.21 8.7 20.24 14.39 16.39 15.56 9.68 5.1 7.39 15.05 15.05 19.94 26.38 17.61 9.75 8.07 10.85 5.66 4.78 7.53 5.44 6.63 7.38 5.4 6.34 8.3 5.25 5.74 9.68 13.82 5.33 5.73 6.49 9.54 5.72 11.61 32.88 13.24 10.39 10.86 7.94 9.33 10.15 7.01 9.03
6.06 8.14 16.99 23.09 15.55 16.86 25.0 15.04 13.99 15.82 14.45 15.32 19.63 10.98 19.05 10.86 8.34 3.35 4.4 10.12 14.89 15.51 15.7 13.41 9.78 9.02 9.87 12.79 19.62 14.19 14.83 12.77 11.07 11.02 9.28 7.79 5.33 4.39 10.77 6.28 3.84 4.31 6.61 5.9 9.81 9.77 8.93 11.18 10.24 7.29 4.95 8.24 13.18 12.67 11.11 23.72 24.16 20.0 16.58 6.82 11.51 8.17 5.53 14.73
6.44 6.71 10.29 7.99 14.65 17.92 17.81 9.7 10.77 9.78 16.24 29.02 14.38 18.5 20.39 19.46 9.58 6.13 3.21 4.14 10.5 15.28 13.06 13.62 10.63 6.34 6.89 15.0 10.42 8.59 12.01 7.58 3.87 4.04 4.33 9.31 7.53 6.75 6.76 3.3 3.65 3.93 8.13 5.19 7.41 7.52 7.87 12.64 14.41 12.02 13.72 7.33 10.67 16.56 19.97 35.29 11.55 9.37 6.76 5.85 10.97 24.72 12.28 21.32
5.49 5.78 6.22 8.54 11.15 16.05 8.01 5.92 3.67 8.39 8.26 12.3 10.08 9.87 13.12 15.23 10.33 9.49 5.35 10.57 8.68 9.91 13.02 14.38 10.48 9.99 11.71 12.32 5.46 10.55 12.79 8.15 3.41 3.56 3.46 5.46 6.34 4.7 5.44 2.91 3.41 3.72 6.09 4.94 6.81 7.48 6.59 12.15 15.9 9.29 22.82 13.87 19.71 9.52 12.03 12.45 9.95 7.17 12.33 8.45 13.25 22.33 13.86 23.75
9.35 10.5 13.3 9.85 13.53 18.16 7.93 5.28 3.0 6.3 6.82 6.83 14.93 9.63 10.82 14.09 10.27 5.41 9.18 6.6 7.94 5.74 11.28 11.79 11.55 7.23 13.45 8.68 6.41 5.93 4.82 3.68 3.08 2.81 2.98 3.23 3.24 3.55 4.82 3.02 2.89 5.19 3.73 5.35 7.15 3.64 7.96 11.22 10.21 10.33 17.62 15.87 11.43 14.9 10.41 8.1 7.23 9.85 12.47 12.28 8.59 18.39 19.94 39.0
6.25 16.18 9.74 8.42 7.41 8.24 4.89 3.03 2.69 2.47 7.75 14.09 15.97 13.76 8.85 10.5 6.74 5.56 9.18 8.62 6.72 18.89 12.45 10.87 7.15 8.92 18.37 19.58 9.88 5.09 5.72 2.23 4.43 2.51 2.83 2.11 1.58 2.21 4.05 2.83 3.82 5.77 2.46 3.91 3.77 4.97 4.46 10.99 6.69 10.93 19.91 12.44 9.35 17.16 12.53 15.2 6.62 11.02 13.23 10.5 10.04 14.26 10.66 14.88
8.64 13.74 10.45 9.23 7.88 8.04 5.68 2.16 2.43 3.18 7.94 12.6 9.11 9.28 11.16 7.41 5.89 11.5 7.5 9.23 5.45 13.1 11.12 5.27 7.8 10.64 14.49 8.3 10.01 6.29 9.49 4.94 5.34 3.84 2.65 2.13 2.48 2.83 6.26 5.63 3.8 4.28 2.91 3.32 9.15 6.25 5.2 10.76 8.65 4.79 10.52 9.42 8.3 12.47 15.75 16.45 7.31 9.8 12.77 12.04 10.4 12.78 10.41 8.28
9.02 14.18 15.12 15.49 8.21 4.0 5.2 3.58 4.34 3.9 6.3 5.8 5.02 5.31 18.68 20.55 12.59 20.43 12.4 14.64 17.26 10.05 10.18 6.84 8.0 9.21 8.31 4.1 7.42 8.06 6.23 9.31 5.7 4.28 5.64 2.92 3.35 3.05 2.93 5.83 3.37 4.34 5.42 3.82 5.46 5.19 4.29 4.72 9.61 6.1 12.57 17.29 7.96 15.22 15.97 7.96 8.09 9.02 8.53 11.43 9.77 9.37 15.24 5.83
10.36 15.54 12.51 12.88 6.66 2.82 4.9 4.8 4.73 5.11 5.21 6.87 2.33 9.94 18.69 12.37 5.35 12.99 18.96 17.63 21.02 10.15 3.98 4.45 10.81 8.07 8.07 10.24 5.29 8.53 3.87 13.0 6.56 8.72 15.77 7.97 5.47 5.27 3.21 2.83 3.33 2.8 1.72 1.7 2.29 5.13 4.29 5.14 8.17 6.47 8.25 15.05 5.08 15.69 20.45 9.28 4.66 6.37 3.67 9.78 19.3 6.79 9.72 5.03
6.17 9.89 11.93 8.71 7.72 7.86 4.68 3.4 3.61 6.8 7.87 9.65 7.69 15.12 17.56 10.61 11.61 13.55 12.41 16.39 17.85 13.2 6.16 6.06 21.99 13.38 5.84 5.79 4.16 8.82 7.34 7.69 5.98 6.84 13.8 6.91 5.28 5.18 8.21 4.04 3.2 1.59 2.3 3.73 5.3 3.53 3.92 7.82 10.41 8.27 8.66 7.0 5.78 10.06 12.94 4.9 3.84 9.49 6.46 8.25 7.88 4.63 5.29 7.09
7.56 8.37 8.33 4.37 4.51 7.63 4.07 4.1 3.35 2.65 11.41 15.15 19.11 11.24 11.22 7.62 11.23 6.59 8.65 18.83 31.34 17.86 15.83 14.71 23.76 18.7 6.9 5.09 5.55 7.71 10.87 9.46 10.16 9.64 8.43 3.86 6.13 5.24 6.11 3.88 2.32 2.66 3.27 3.4 7.21 4.05 3.01 8.63 9.06 9.73 6.97 7.49 7.42 14.18 9.15 6.57 5.2 10.35 3.86 10.05 6.63 7.2 8.53 6.17
4.24 7.56 5.51 3.83 3.94 5.34 4.26 6.97 10.1 13.54 17.5 11.7 12.93 12.5 10.51 15.14 13.1 6.27 3.84 11.28 15.32 15.15 17.09 17.68 15.67 8.89 12.15 5.01 5.15 6.03 5.21 7.91 11.54 9.86 11.53 7.43 7.86 7.7 6.35 5.45 2.44 2.91 2.05 2.0 4.05 4.7 5.53 18.92 12.37 6.79 5.77 6.56 5.56 8.66 10.7 5.59 5.24 6.42 3.96 4.95 8.81 5.77 6.73 9.14
2.82 5.42 3.04 4.27 5.07 7.61 4.47 5.1 9.32 13.38 11.57 19.98 10.56 6.58 5.58 11.71 11.79 8.1 11.57 10.88 12.1 24.38 14.33 10.71 16.04 11.48 10.48 3.52 5.56 11.51 6.78 7.79 6.16 9.67 9.09 9.24 5.43 9.64 8.45 7.33 3.01 2.29 4.86 3.94 5.45 4.59 6.03 15.07 13.73 12.92 10.08 8.8 10.62 13.98 14.16 4.76 4.41 6.15 7.13 4.87 6.73 4.47 5.22 11.38
7.75 5.1 3.29 6.09 7.93 8.11 9.56 8.38 8.41 3.84 3.39 6.29 8.12 6.83 10.11 8.84 7.73 5.92 13.28 5.82 8.39 9.43 10.34 9.92 11.08 7.98 6.32 4.77 5.66 8.28 7.41 7.55 7.72 12.08 5.26 8.58 9.59 11.93 12.21 9.55 5.51 2.95 3.84 6.05 7.23 6.21 6.59 7.91 13.12 15.82 6.97 8.7 16.74 13.32 15.94 15.06 7.36 10.6 8.87 7.35 6.41 5.85 12.82 7.55
4.02 2.33 2.06 8.59 13.38 11.25 10.08 7.12 3.45 3.63 3.44 6.48 6.68 5.84 10.07 11.26 5.93 10.56 14.74 6.73 5.35 5.03 6.28 7.38 9.08 3.53 3.83 6.76 6.01 5.19 4.07 9.71 6.46 9.85 13.14 7.7 9.18 16.26 15.05 12.95 3.43 4.68 4.69 7.71 8.31 7.41 9.4 9.21 6.23 10.61 7.3 9.76 12.42 9.33 10.86 8.1 6.17 14.69 10.12 5.9 8.26 4.99 8.33 11.53
10.41 3.48 3.54 5.97 3.33 8.72 10.87 4.98 2.51 4.09 4.82 6.11 3.66 5.64 7.84 8.12 7.08 9.81 8.93 5.46 8.17 16.21 8.25 3.71 4.38 2.34 1.47 3.43 6.09 5.86 10.75 9.66 12.42 11.51 19.0 7.82 10.8 15.11 13.83 6.76 4.88 7.74 8.22 7.26 9.46 4.17 5.79 9.82 6.68 10.44 10.85 9.87 9.87 8.97 10.47 8.77 9.28 11.12 15.12 3.72 5.21 5.9 6.94 9.71
18.44 5.29 4.86 3.97 4.42 16.03 18.51 4.31 4.2 3.68 2.97 4.56 4.58 8.06 10.27 8.92 8.26 7.29 9.07 17.1 19.39 11.81 4.0 2.82 2.67 4.88 3.43 6.21 7.8 3.1 7.37 10.48 21.21 26.76 23.48 9.32 12.89 8.12 6.72 6.34 7.0 8.01 4.1 6.55 8.94 5.36 4.28 7.55 5.11 9.31 18.23 21.87 10.7 8.32 6.55 9.36 19.62 24.45 19.17 8.08 3.95 4.24 6.17 6.59
10.09 3.95 3.95 7.14 4.95 12.39 10.17 4.41 8.21 5.34 4.2 2.45 3.91 3.36 6.48 6.12 7.5 10.51 9.0 11.4 17.82 7.07 5.2 7.1 3.85 4.42 3.77 8.09 9.06 4.13 6.65 9.01 11.23 19.14 32.77 15.36 11.39 6.74 3.62 5.81 5.36 7.22 3.59 4.96 4.63 5.1 3.79 6.86 7.11 11.89 17.52 9.96 5.84 7.58 14.19 11.47 22.09 14.03 9.54 10.62 6.65 7.49 9.46 8.95
4.02 10.09 10.78 16.49 10.48 9.7 8.48 5.11 8.34 5.93 2.48 3.04 4.81 3.08 4.28 6.28 11.01 9.78 8.91 7.01 11.26 8.74 9.0 10.87 11.82 10.93 5.13 6.28 5.77 4.82 3.55 4.02 9.57 13.79 23.92 14.41 8.04 10.0 5.65 7.07 4.76 3.63 4.87 5.38 3.63 2.5 5.59 7.29 8.98 12.26 13.47 8.83 5.96 7.85 16.99 19.1 25.64 36.16 16.16 8.54 7.75 8.9 8.83 7.55
5.02 10.67 9.48 12.65 37.4 9.02 9.76 4.88 6.72 4.43 1.82 1.91 3.86 4.09 6.38 8.05 4.64 3.18 8.41 7.05 9.19 13.56 20.95 19.98 15.42 19.86 10.29 10.03 9.12 3.21 2.92 6.19 8.6 11.51 20.68 9.18 10.89 8.3 8.9 7.89 5.92 5.96 4.17 3.25 1.95 2.82 5.81 5.85 10.37 10.5 6.15 7.05 13.94 22.71 12.48 17.31 27.73 20.69 17.9 12.01 7.12 9.33 9.55 11.28
11.89 12.38 9.66 13.72 20.5 7.18 5.58 7.87 5.82 5.14 2.28 2.53 3.15 4.15 3.15 3.94 2.94 5.46 5.24 4.07 10.04 18.38 23.23 27.01 20.93 19.24 8.82 10.31 4.22 2.76 3.26 13.5 5.28 7.9 11.94 8.14 7.09 12.71 5.31 6.41 10.79 4.99 3.99 3.41 1.94 3.71 4.3 5.46 9.77 7.48 9.83 7.63 13.73 17.8 11.95 11.4 21.83 13.11 11.85 11.51 7.21 6.25 11.42 13.68
10.97 15.18 8.62 19.09 19.23 5.69 4.7 6.75 3.38 2.89 3.35 3.07 4.74 2.34 2.17 2.95 4.37 9.71 8.8 6.28 10.1 12.79 13.47 18.99 22.53 17.8 9.61 6.81 5.08 4.84 4.77 6.95 7.69 5.21 9.35 6.8 5.36 8.85 6.52 8.6 7.53 3.32 3.71 3.43 2.3 6.49 5.65 3.36 5.85 4.35 8.15 10.67 13.94 10.5 16.37 8.09 13.14 11.81 11.97 6.99 7.63 8.38 12.67 9.01
13.24 11.54 11.41 11.28 9.78 4.04 4.45 6.69 5.87 5.37 4.41 1.21 2.03 2.5 3.13 4.64 4.43 9.85 10.02 4.49 10.25 13.86 15.36 12.83 15.66 6.17 8.17 6.18 6.91 6.17 6.63 4.92 6.26 6.37 10.18 6.69 5.85 8.21 10.01 13.25 19.13 9.79 5.21 7.19 7.56 7.33 3.68 4.48 6.43 4.19 4.19 12.64 11.69 15.71 14.42 5.9 6.39 11.44 12.07 8.26 6.71 9.73 8.3 11.99
7.7 9.67 10.09 10.94 8.91 5.14 5.94 4.13 7.21 3.64 2.57 1.51 3.29 4.77 2.66 4.0 3.25 8.29 6.94 5.62 9.18 16.73 9.13 15.46 11.08 5.78 15.04 9.51 7.05 3.2 4.53 4.26 4.48 9.21 5.64 8.61 11.77 12.57 5.85 8.97 18.88 10.95 10.37 15.23 7.19 8.94 8.23 10.74 7.33 4.01 5.2 5.11 4.9 14.11 22.55 6.88 7.87 11.78 7.65 11.58 9.78 10.32 7.33 10.57
5.59 12.28 9.64 7.27 7.01 3.94 5.32 4.72 4.07 3.0 1.79 3.34 4.35 4.24 4.09 7.3 3.72 4.57 5.37 3.13 5.91 15.42 5.83 10.53 12.4 9.19 10.18 4.55 3.71 5.92 7.91 9.14 7.92 6.6 5.0 7.3 9.79 15.35 8.94 5.97 13.95 10.21 13.44 13.63 9.13 10.77 11.2 6.35 7.51 4.75 6.77 6.26 3.98 6.84 8.59 4.12 6.68 10.76 6.5 3.46 14.8 7.28 13.21 6.22
7.42 11.76 13.64 3.93 9.43 4.67 3.49 2.81 2.77 3.47 5.87 3.86 4.66 6.05 3.01 8.64 6.05 7.91 9.82 5.37 7.5 14.83 6.69 7.83 9.04 7.32 8.72 3.92 4.4 7.0 7.45 5.95 8.0 5.17 7.07 13.91 11.25 10.87 3.76 7.69 12.66 20.14 10.75 17.33 9.58 9.77 12.11 5.62 7.46 8.14 4.91 8.08 5.34 7.05 8.51 5.16 5.91 7.26 3.92 8.56 15.61 9.77 10.6 10.08
6.24 6.9 5.62 2.15 4.32 4.12 2.98 5.84 4.39 2.83 3.15 3.86 3.74 5.89 5.55 6.93 11.61 8.77 11.02 10.17 7.67 13.12 6.05 7.08 5.35 6.73 6.35 5.93 4.35 4.02 3.67 5.48 6.82 10.2 11.02 22.48 15.2 10.19 8.85 7.6 11.28 11.51 7.78 5.76 9.98 6.31 10.06 5.96 6.39 6.69 2.94 5.27 4.96 9.23 6.95 4.67 4.31 4.22 4.02 14.36 29.3 10.49 9.75 10.61
2.35 3.59 5.43 2.85 3.56 3.09 3.36 3.55 4.38 3.06 5.77 13.28 7.84 6.32 6.91 8.64 16.71 15.94 13.35 17.04 12.5 10.82 3.9 6.34 7.26 5.01 4.36 4.83 5.64 3.33 3.51 5.56 9.73 10.24 8.3 6.49 6.72 9.69 14.12 7.53 6.05 4.93 8.0 6.6 14.52 6.5 5.46 2.85 7.49 6.98 8.37 14.9 8.81 8.9 5.33 3.88 3.42 3.9 4.68 8.75 13.42 6.66 9.5 14.59
3.31 3.77 4.02 4.21 4.57 4.91 2.96 5.48 4.81 3.29 3.9 5.36 11.69 14.25 15.7 18.6 18.76 30.01 17.94 8.09 13.99 9.47 10.6 12.94 6.25 4.73 5.36 14.69 6.59 2.69 5.68 5.11 12.02 13.7 7.78 5.5 7.58 4.92 7.26 4.65 3.74 3.89 5.06 5.6 7.7 6.82 4.08 6.04 7.24 9.5 5.17 9.01 6.44 10.69 17.25 7.51 4.32 3.9 4.17 7.43 13.8 16.48 9.81 12.98
5.31 3.56 5.91 4.85 7.7 5.13 2.34 4.24 3.37 5.06 5.93 7.82 11.72 23.02 11.44 26.01 24.12 24.03 22.4 15.15 12.8 9.89 6.29 11.7 4.97 4.47 5.05 5.35 2.81 2.47 4.84 4.21 7.62 18.42 6.2 5.28 7.67 6.91 6.63 7.87 6.19 7.67 4.53 5.91 12.87 7.23 7.38 12.92 13.73 11.93 7.73 9.41 7.82 9.71 13.85 5.78 4.97 5.26 2.69 6.54 14.04 26.6 7.46 23.94
5.86 4.49 5.26 3.31 4.33 3.8 1.99 2.48 3.53 4.68 6.46 13.48 10.8 9.79 11.75 21.81 29.68 9.59 22.83 22.25 19.53 14.44 6.59 9.59 9.67 5.07 3.03 4.66 3.36 3.35 4.36 3.76 4.85 5.67 5.76 4.76 4.38 4.16 6.29 4.97 6.91 7.09 4.3 5.71 11.32 8.44 8.62 11.41 18.16 10.52 23.25 16.78 9.29 15.17 18.93 5.87 8.16 6.84 6.18 4.62 12.8 11.71 5.29 16.53
9.6 4.14 3.2 4.71 4.73 5.95 5.84 5.4 2.86 2.87 3.08 8.57 6.04 12.58 14.38 10.56 14.17 17.25 30.49 12.94 12.55 7.4 12.38 6.37 6.54 6.19 9.35 8.8 3.9 4.23 4.13 5.06 6.23 13.16 4.85 11.04 7.97 9.55 13.24 7.51 5.83 7.25 3.41 7.27 9.64 9.11 12.37 7.73 8.86 10.36 14.49 18.01 10.32 13.13 14.45 10.73 5.77 6.17 3.96 4.47 9.6 9.7 6.42 12.59
7.51 5.92 4.41 5.47 6.27 11.21 4.87 5.06 2.67 4.7 6.55 8.56 7.87 9.23 12.61 11.51 13.77 50.1 39.34 11.87 12.62 11.35 11.5 8.12 3.49 6.63 7.85 7.43 5.7 4.74 4.18 5.78 8.57 9.19 8.23 5.95 7.77 5.48 10.74 6.54 9.5 7.89 3.62 3.38 6.85 10.11 16.02 22.18 21.4 17.43 9.26 18.58 14.4 16.92 15.42 7.5 6.0 2.52 3.94 3.13 6.13 7.57 12.51 19.55
6.45 6.12 7.68 6.63 5.0 5.61 5.61 3.95 3.17 4.73 4.49 12.88 8.2 8.85 10.35 14.66 12.74 38.89 11.68 7.05 8.18 9.95 8.24 12.89 14.26 7.99 8.79 8.21 5.94 6.59 6.96 12.59 13.09 4.68 10.64 4.48 4.89 7.57 8.66 4.59 7.25 3.56 2.8 1.67 3.39 8.82 10.93 17.41 16.2 10.24 8.06 15.56 13.66 11.63 7.63 3.93 6.07 4.44 5.25 4.06 4.18 7.55 11.57 14.68
7.05 8.99 9.53 12.47 9.87 5.81 8.18 4.94 7.78 9.09 8.77 8.71 17.85 13.18 20.2 16.24 9.66 17.87 10.41 4.81 4.78 7.6 7.18 7.88 11.89 7.59 12.83 9.25 9.02 3.64 5.4 10.27 11.26 6.1 8.17 4.82 4.96 7.78 10.75 7.97 16.16 6.09 2.3 4.2 2.26 9.35 8.13 8.61 7.06 6.16 12.01 29.17 14.45 8.68 9.96 4.58 5.55 3.59 4.63 6.73 5.37 9.91 7.79 11.27
10.35 5.54 6.06 10.63 14.55 9.31 4.31 7.31 10.39 18.48 17.34 12.1 11.98 8.24 13.12 21.82 17.17 14.31 8.78 4.51 5.11 6.57 13.07 16.67 13.01 8.44 8.36 10.54 9.11 6.23 15.05 8.94 3.47 4.11 5.45 4.77 6.07 13.69 11.23 7.48 8.35 2.47 1.96 4.52 4.98 5.67 6.52 6.85 5.48 10.22 13.25 16.53 10.11 14.17 12.98 8.05 8.13 5.13 4.6 8.53 8.81 9.67 10.56 6.44
8.52 8.99 8.23 15.82 25.4 15.26 6.95 7.82 6.59 10.47 17.53 16.47 8.89 5.23 7.3 8.77 12.21 7.49 5.85 5.08 3.38 3.72 7.0 19.39 14.36 11.87 5.92 6.88 8.75 5.25 8.19 6.82 4.83 2.77 4.24 3.22 6.39 24.93 14.99 9.77 5.38 2.51 3.24 3.05 4.05 4.56 6.18 11.89 9.33 9.88 13.7 9.21 10.76 14.5 14.86 6.37 6.23 6.27 3.1 5.86 8.63 9.05 5.78 6.58
8.75 11.01 6.67 14.12 15.56 6.1 8.24 19.22 7.1 10.31 7.96 6.91 12.43 6.75 11.89 7.72 18.48 6.93 4.04 4.29 4.08 6.14 6.78 11.2 9.19 6.15 5.39 4.02 3.78 4.42 4.24 7.14 3.49 2.14 2.15 4.51 5.02 15.2 12.52 8.35 5.63 2.54 3.9 3.85 3.6 3.41 5.38 9.0 7.26 9.39 23.1 21.56 13.26 15.74 9.17 7.66 6.64 8.94 4.43 4.48 4.37 5.84 5.54 7.54
6.53 10.34 8.01 7.47 17.8 6.7 5.01 11.06 4.72 4.53 8.45 5.3 11.33 5.89 7.34 10.02 12.29 6.75 4.0 4.39 4.25 8.28 8.39 9.05 7.56 3.55 4.78 4.54 4.2 3.97 7.87 3.14 2.9 2.86 3.36 5.99 5.74 14.04 11.79 6.37 5.94 4.69 4.97 8.41 5.58 3.66 9.89 11.53 9.11 15.72 15.45 12.67 13.31 8.2 6.0 10.13 18.23 8.96 3.67 4.96 6.01 4.44 5.79 7.76
13.97 18.43 4.47 4.41 12.43 8.95 6.67 12.8 3.28 3.88 8.32 7.68 7.76 9.27 4.69 5.78 5.61 5.34 4.95 5.13 7.06 7.29 8.31 8.0 8.25 2.0 1.66 4.0 4.2 3.27 7.7 4.08 3.69 2.3 2.41 2.5 3.5 10.06 10.28 5.22 4.28 4.04 8.61 10.18 11.01 9.01 9.49 23.58 13.51 16.45 19.79 9.53 19.58 6.6 7.04 14.05 12.23 6.2 4.01 4.43 6.34 5.12 6.49 6.37
12.54 7.27 7.71 9.01 8.94 4.55 5.4 7.06 3.09 3.72 9.09 7.05 8.57 5.75 6.34 7.37 10.4 6.25 8.1 7.68 5.89 7.54 11.94 5.65 5.12 2.11 2.56 3.73 3.51 5.04 11.13 6.44 3.88 2.96 3.66 3.79 4.2 13.19 6.4 4.41 5.55 4.59 4.97 8.43 7.66 14.59 14.94 30.82 19.53 17.99 20.81 7.6 6.99 4.8 15.64 15.8 9.08 7.11 3.41 5.55 4.64 8.35 5.23 10.53
12.21 14.61 11.98 12.28 11.92 4.5 5.71 8.24 2.73 5.83 10.15 8.86 7.35 7.25 13.21 10.29 11.08 15.86 20.01 8.18 4.1 6.77 8.69 3.53 3.06 3.81 3.41 4.07 3.78 5.61 12.79 5.94 4.04 6.25 5.58 5.72 6.84 13.79 5.09 5.53 8.85 8.88 6.58 16.0 6.35 11.5 24.56 32.39 27.02 16.63 8.73 5.61 5.62 6.1 12.9 13.86 10.0 7.79 5.59 9.11 11.48 6.02 7.5 7.44
12.2 15.88 8.54 6.15 7.43 5.52 6.32 4.61 2.75 4.78 10.69 16.12 6.28 12.48 14.73 13.02 9.79 18.3 27.47 11.72 5.44 5.0 6.19 5.98 9.14 4.52 3.31 3.81 6.8 6.92 16.92 12.69 6.44 7.11 4.2 4.31 9.62 28.61 7.86 5.35 4.7 7.26 7.09 15.0 8.88 8.97 16.1 16.36 7.94 5.52 9.13 6.61 5.43 6.85 10.55 16.32 8.94 24.19 14.3 6.36 15.28 8.58 6.91 5.85
17.3 10.88 13.58 7.97 8.87 6.97 8.92 7.21 7.51 3.98 5.55 7.44 4.95 8.47 23.7 14.04 14.58 16.11 14.38 8.49 3.81 3.5 7.13 5.6 10.08 5.19 4.84 7.69 8.55 9.8 14.04 14.12 12.17 9.51 6.5 9.18 11.66 8.86 3.32 7.4 10.91 6.08 10.77 5.37 3.94 6.99 12.17 8.5 3.24 5.55 8.34 6.72 5.79 11.39 21.2 22.01 10.72 11.77 11.45 9.58 15.94 8.05 7.36 6.02
13.01 7.55 10.27 13.31 12.67 9.07 14.44 10.4 10.5 8.45 6.22 8.98 4.85 7.9 19.78 13.42 18.47 34.2 15.97 15.04 7.05 7.1 8.83 8.51 12.2 5.96 3.34 7.58 8.46 14.17 21.16 25.18 9.88 11.3 9.8 9.51 5.15 3.56 5.13 9.58 6.06 5.65 8.11 4.83 2.25 2.98 5.76 6.25 3.03 4.74 7.24 7.05 8.76 15.52 33.6 21.77 7.95 5.05 9.19 12.9 23.49 12.92 10.27 3.4
12.55 19.69 11.64 14.52 10.23 11.52 10.47 5.87 8.49 16.02 9.45 6.18 3.72 4.7 12.22 14.27 18.39 28.0 11.87 14.2 8.73 6.66 9.04 7.33 14.52 7.78 6.86 13.02 10.86 10.98 13.45 16.66 9.45 16.15 16.85 6.88 5.77 4.49 5.14 5.36 8.88 6.07 4.52 3.36 2.05 2.27 2.87 3.89 4.7 8.2 14.71 6.3 13.5 23.92 18.18 11.01 7.62 9.62 9.63 10.8 18.11 6.45 6.32 5.36
18.59 16.91 12.49 14.27 21.33 27.12 21.59 6.75 13.11 14.12 10.72 6.54 10.53 9.23 12.3 12.49 19.67 16.07 5.69 5.33 6.85 6.72 6.46 7.35 7.9 5.93 7.84 14.99 18.44 11.8 10.39 10.29 7.76 8.0 8.0 9.06 8.24 4.6 2.76 3.44 5.22 3.78 4.81 3.3 2.52 2.74 2.07 5.14 5.5 12.4 8.18 7.3 21.7 24.95 16.0 26.09 8.33 10.7 5.89 12.12 12.95 8.48 5.74 6.6
27.84 13.17 17.48 18.45 30.62 29.27 18.95 13.49 7.26 11.49 13.97 10.42 10.21 8.24 5.5 8.27 18.4 16.57 9.66 4.95 6.02 7.62 8.25 13.69 9.71 12.28 23.74 14.82 10.91 12.07 9.15 7.86 7.98 15.47 7.79 6.49 4.6 6.37 4.65 5.07 6.02 3.25 4.63 6.31 3.04 3.7 5.94 10.38 15.29 13.91 10.47 4.92 11.27 9.93 15.35 30.19 17.06 11.82 6.53 5.86 13.91 10.91 5.15 3.68
