6.72 16.03 12.54 9.1 8.13 5.25 8.84 11.25 13.02 9.13 10.76 8.88 6.14 11.03 9.52 8.21 4.97 2.84 5.08 2.88 5.18 8.2 12.32 16.71 18.46 12.85 10.93 6.07 3.0 3.56 3.43 4.14 5.63 5.06 11.88 13.03 16.15 8.59 11.74 8.74 9.85 9.87 9.23 3.47 3.34 8.05 9.11 6.26 3.35 4.96 5.99 6.79 6.86 5.93 11.64 7.76 6.95 14.04 9.81 6.07 8.82 4.65 3.86 6.52
15.28 31.49 11.78 9.29 5.4 3.49 4.05 11.03 12.68 7.61 7.92 3.62 7.42 11.99 8.22 4.3 3.5 2.41 6.6 10.4 5.74 8.0 13.7 13.96 17.36 12.89 6.88 4.55 3.28 2.54 4.37 6.09 7.26 8.56 12.4 12.31 7.82 7.86 8.19 5.77 5.8 5.53 4.83 3.09 5.7 10.32 8.95 8.41 4.18 3.78 9.16 8.49 8.53 4.31 9.79 7.82 6.57 5.74 8.21 5.48 8.41 6.62 10.54 8.49
10.52 10.01 7.89 7.11 3.3 4.2 4.61 10.92 5.18 4.78 4.07 5.09 8.81 15.9 7.59 4.47 1.85 3.54 7.1 5.79 9.92 13.57 9.39 13.64 32.33 11.06 6.49 10.78 3.34 3.45 3.8 5.91 5.2 5.0 6.15 4.71 5.22 4.92 4.83 6.62 3.21 2.95 6.01 5.71 6.13 7.04 6.49 4.7 5.68 4.86 12.04 6.18 6.11 3.11 10.69 8.54 6.57 8.54 7.6 4.24 6.44 8.37 6.65 7.76
9.95 6.91 3.47 8.04 5.94 6.16 5.39 8.35 13.64 6.96 5.33 7.66 7.39 7.47 9.59 4.74 2.18 9.91 8.64 4.8 7.0 8.33 12.82 13.56 7.95 9.47 7.49 9.81 5.27 5.83 4.07 4.59 6.33 9.05 5.57 2.78 3.18 3.8 3.67 5.68 3.89 3.23 3.83 4.48 6.68 7.67 4.93 3.8 4.1 2.13 5.93 5.01 5.03 3.22 7.39 10.34 6.61 6.32 6.15 4.54 7.05 6.19 4.73 7.64
8.65 4.69 3.82 7.46 7.16 8.99 13.23 9.21 7.91 5.2 6.66 7.08 7.22 9.89 5.17 4.49 6.35 9.4 14.12 10.71 4.42 12.81 14.68 10.81 5.14 8.67 11.46 5.5 5.24 10.44 6.88 7.42 9.34 21.6 8.41 3.65 1.84 3.11 5.11 1.89 5.05 4.23 7.01 4.38 7.85 4.15 3.21 3.62 5.86 6.29 4.58 5.37 3.73 3.28 5.18 4.89 4.6 5.48 3.66 7.39 7.0 3.18 4.02 5.02
13.84 7.22 7.68 6.07 3.27 4.95 7.04 7.09 4.8 3.55 2.87 3.97 8.75 10.84 9.57 4.29 6.95 12.62 10.08 8.37 4.65 13.31 6.92 7.35 2.92 6.2 4.15 3.35 3.68 12.83 9.0 7.85 11.39 16.54 6.4 2.82 1.96 2.47 6.7 2.57 3.25 8.51 12.9 6.83 8.98 6.7 7.27 11.49 10.28 5.96 10.03 5.85 3.83 5.06 4.91 4.08 5.62 6.63 2.95 5.44 11.59 7.12 4.9 3.9
11.56 6.97 5.56 4.9 3.86 6.06 7.65 3.99 8.13 4.74 3.36 6.27 4.08 10.19 4.41 8.23 7.7 10.02 9.03 7.27 4.49 7.7 4.26 4.03 2.37 4.42 4.02 4.46 4.34 9.16 12.04 14.04 10.49 8.66 7.74 3.65 3.89 4.44 7.94 4.54 6.22 11.95 8.45 7.61 13.38 11.05 10.52 10.43 7.66 8.56 8.3 3.13 2.8 5.14 5.92 6.43 4.14 5.51 4.41 5.5 5.48 10.39 7.82 3.6
7.54 5.01 5.81 4.4 7.26 6.7 8.5 8.14 16.31 5.24 2.9 5.93 3.56 6.23 5.49 7.65 6.71 9.39 6.43 7.87 14.3 10.03 4.77 4.14 2.35 3.07 3.28 6.84 7.11 11.28 14.29 17.33 15.69 10.06 11.36 4.32 7.5 5.41 7.02 6.47 7.4 8.56 10.2 5.96 7.97 9.83 4.58 9.04 8.65 9.2 7.81 4.58 3.96 5.71 14.59 9.48 8.42 9.43 7.32 3.71 2.41 5.08 2.73 5.64
13.26 13.82 12.31 6.99 4.11 7.06 7.05 7.36 9.57 5.41 6.61 5.97 3.73 4.68 5.87 4.99 7.89 4.31 4.0 7.41 8.68 6.33 4.3 2.78 5.88 5.85 4.84 4.71 11.26 11.11 18.77 22.99 17.5 9.51 9.65 6.9 11.11 9.21 12.26 10.37 8.47 8.53 6.14 7.06 16.55 8.2 8.97 10.49 9.76 12.12 9.13 5.83 7.87 11.98 11.0 13.42 8.97 13.92 7.22 5.45 3.51 4.81 4.49 4.34
15.69 9.7 8.87 10.43 6.91 7.33 7.47 5.6 4.84 7.57 7.2 4.21 6.92 5.54 3.29 8.45 10.03 2.81 5.58 9.9 13.83 8.48 5.58 3.45 7.96 10.53 5.7 7.37 6.95 7.55 10.24 12.85 12.78 9.67 10.55 10.18 15.37 17.13 9.89 7.29 12.8 10.77 6.63 8.95 9.38 4.02 4.37 6.19 7.04 12.32 8.11 3.88 9.31 12.21 13.61 35.69 15.35 9.52 13.98 5.68 4.98 4.62 5.99 7.43
15.21 10.56 9.07 8.51 5.21 7.63 9.83 4.23 4.77 6.9 7.76 7.0 6.43 5.11 3.29 5.53 9.62 6.89 5.81 7.6 13.36 10.53 3.95 7.7 10.79 9.16 7.96 4.84 3.82 4.11 7.18 12.94 8.49 8.04 7.44 12.51 18.19 18.19 17.23 8.75 4.33 3.67 4.23 11.4 9.45 7.54 4.27 4.43 5.59 11.57 10.14 9.13 12.37 18.17 26.12 24.69 25.91 17.56 8.0 2.24 4.21 4.73 6.01 8.08
15.36 8.43 5.43 8.44 6.93 7.53 8.33 6.13 4.49 4.89 13.4 10.92 5.52 2.76 1.99 4.32 6.69 12.32 11.0 17.59 7.81 7.34 4.16 11.63 13.71 11.33 6.83 4.18 5.28 4.58 7.67 12.49 4.85 6.39 5.98 11.55 18.98 12.54 9.63 3.52 5.82 4.61 7.35 8.82 10.68 10.21 4.48 7.33 7.38 6.57 11.6 12.93 12.27 14.02 20.05 19.06 22.91 11.19 10.13 1.73 4.13 5.48 13.72 10.05
10.58 5.55 4.19 8.48 3.76 3.11 3.59 3.41 3.24 5.73 11.35 9.42 5.44 5.42 3.22 6.26 5.68 13.07 12.22 8.57 6.03 4.66 4.91 13.46 20.31 12.51 4.6 3.3 3.8 5.5 11.79 11.51 3.4 3.32 4.58 6.77 17.84 7.9 6.66 5.82 5.25 7.31 5.74 6.42 13.01 7.59 4.59 6.12 15.95 9.85 16.07 18.18 17.52 13.69 19.02 11.78 24.77 22.86 24.46 6.35 6.66 5.91 14.57 16.44
4.22 5.06 9.05 6.94 2.44 3.39 3.41 4.82 5.49 7.27 8.63 12.57 4.34 7.45 5.65 11.35 7.74 12.06 12.77 7.34 5.55 5.1 3.99 11.94 19.21 10.84 3.26 2.65 1.97 3.97 12.39 13.13 10.52 5.17 3.76 8.66 16.99 7.4 6.74 5.89 4.74 5.49 5.66 6.14 11.09 8.6 5.58 5.08 7.77 8.11 12.68 14.52 27.81 14.33 16.61 13.29 16.12 13.63 12.17 7.69 8.76 11.47 10.02 7.99
4.48 3.42 6.78 5.03 4.67 7.61 4.86 2.65 5.57 7.44 8.68 11.29 7.77 9.1 8.08 16.18 13.25 10.72 9.23 8.71 4.2 3.65 5.14 13.02 12.72 12.38 5.7 3.23 2.56 3.33 8.17 9.73 5.09 8.33 4.94 6.9 7.73 5.53 4.77 2.58 3.53 5.44 5.43 5.87 6.22 9.54 5.69 5.51 6.17 10.76 7.78 10.58 20.68 8.12 8.85 10.35 9.31 10.65 7.72 9.47 11.3 9.21 8.63 7.69
5.23 3.17 4.73 4.74 8.13 8.61 6.51 7.37 5.81 6.22 5.79 6.1 7.46 7.55 9.09 5.12 15.31 24.34 14.06 10.25 4.82 5.53 6.86 10.69 4.99 5.18 6.34 5.3 3.4 4.04 7.59 11.26 5.61 5.7 3.83 3.59 8.16 4.82 6.13 3.96 3.65 7.53 6.89 8.53 12.26 14.24 6.69 6.31 6.36 6.37 9.56 7.11 5.25 15.21 12.94 7.65 5.89 7.71 6.05 7.94 14.99 12.39 8.89 4.42
8.49 5.66 3.02 5.32 13.63 7.04 13.41 9.27 7.34 7.89 8.22 5.64 9.59 10.97 6.37 6.27 11.05 25.38 15.16 11.21 7.66 4.84 6.73 5.8 4.51 7.94 8.6 6.71 6.51 4.93 8.29 9.4 5.26 9.87 8.53 6.45 6.08 4.37 3.83 3.35 3.31 6.11 3.34 7.01 10.41 5.37 6.39 10.51 6.76 8.93 10.28 5.61 6.12 10.96 12.3 6.37 5.38 3.48 5.87 2.77 5.16 12.16 7.77 3.49
12.03 8.06 3.16 4.26 8.78 10.4 15.78 11.29 5.04 3.8 3.16 4.06 4.78 7.82 5.96 6.87 7.88 10.81 7.31 10.22 6.59 2.99 6.66 5.93 6.11 5.44 9.17 11.59 10.55 8.64 13.07 11.44 9.88 16.02 6.74 4.91 4.07 2.05 2.39 1.87 2.21 5.11 3.24 8.5 11.68 9.85 11.51 21.59 10.61 18.87 9.37 9.37 6.14 2.83 12.11 7.71 4.9 2.59 5.07 2.71 4.64 7.48 6.31 7.47
10.91 16.48 10.93 9.1 10.68 11.82 12.36 12.4 5.86 2.17 2.87 3.28 4.66 6.48 6.75 5.38 10.18 12.49 4.68 6.3 3.79 1.91 4.4 4.74 5.31 6.86 7.04 8.52 17.9 8.34 9.47 10.79 9.69 10.7 5.05 8.6 5.29 3.07 3.72 2.74 1.31 4.71 3.98 5.96 8.52 6.19 13.62 15.7 12.09 14.47 10.14 8.43 5.28 3.67 7.11 4.93 4.73 3.47 6.47 3.2 5.06 4.8 5.82 11.64
8.18 9.5 11.74 10.29 7.24 8.73 11.62 16.6 7.45 4.82 3.28 3.59 5.32 5.99 6.1 6.94 9.03 3.94 7.97 6.02 3.77 2.61 6.97 3.98 7.59 8.24 6.36 13.27 16.03 9.04 8.54 12.68 12.02 8.07 6.21 6.42 6.52 4.05 2.76 2.14 3.1 4.54 3.96 6.34 7.62 4.18 15.85 11.57 15.37 19.36 10.43 10.44 6.86 4.38 12.72 7.77 8.37 7.3 11.12 5.64 2.95 2.0 4.89 7.56
6.86 9.94 12.6 11.24 8.02 6.4 6.05 6.95 4.07 6.35 4.28 3.63 6.91 6.1 11.12 10.72 10.71 7.26 3.85 4.57 5.88 5.42 6.57 14.38 14.26 6.06 4.61 7.48 11.77 9.01 9.01 12.63 15.48 8.57 5.49 5.27 12.1 11.63 9.92 3.12 2.25 2.56 6.7 14.27 10.71 5.71 15.08 20.67 56.03 24.05 21.86 10.26 7.16 4.63 13.86 6.27 11.22 8.0 8.41 5.37 4.24 2.84 2.44 5.56
8.45 9.17 10.46 17.61 7.07 4.67 5.2 4.05 3.28 4.54 7.18 5.26 5.69 6.2 10.17 11.27 14.02 18.72 3.72 5.46 6.21 11.98 10.5 7.6 6.2 3.57 5.07 6.05 6.78 4.05 5.96 12.62 11.94 8.43 6.53 5.78 8.73 5.94 9.89 6.62 5.44 2.8 5.82 13.0 8.69 3.9 11.64 18.97 37.61 32.43 12.7 14.13 6.02 4.51 13.45 13.04 13.4 12.74 15.04 6.29 10.64 5.64 3.85 4.74
11.33 9.43 10.91 7.95 7.62 4.5 4.47 3.15 1.86 3.31 11.72 7.87 6.26 7.77 8.03 16.64 19.25 11.91 4.71 11.87 6.95 10.33 13.9 10.84 5.53 5.24 3.95 7.24 9.43 7.94 13.82 9.97 10.4 10.21 8.17 3.25 6.88 12.48 13.3 6.61 5.11 5.14 6.73 9.39 5.59 3.96 6.04 14.11 35.7 12.92 12.62 19.98 6.31 5.15 7.74 16.07 25.16 10.61 14.28 19.44 10.04 4.71 2.62 2.62
13.37 9.68 16.69 12.16 9.5 7.43 14.04 4.82 3.01 4.64 10.89 11.39 5.04 7.61 3.62 5.81 9.01 11.15 14.53 21.54 9.95 11.13 18.48 9.71 9.75 7.1 5.14 7.01 9.63 7.61 12.56 14.67 9.79 16.01 11.64 7.29 6.09 7.88 9.04 5.55 5.21 12.04 10.67 13.8 9.04 5.7 10.73 14.99 11.75 11.33 9.22 9.28 6.22 5.28 5.6 6.69 13.17 6.17 6.63 16.93 10.59 7.33 4.74 3.42
14.39 6.69 12.31 11.06 8.0 7.94 6.22 3.91 2.68 4.64 5.74 6.86 5.34 5.95 3.1 9.49 5.26 11.8 17.32 26.81 11.86 9.68 14.69 12.94 14.06 9.1 6.18 6.25 6.24 5.5 7.73 13.43 9.17 18.45 16.49 12.23 7.76 9.36 8.74 6.32 15.68 17.44 21.7 24.92 9.75 12.2 6.28 7.55 7.24 10.04 8.71 6.55 6.88 4.68 6.42 4.9 13.98 7.08 7.42 9.5 11.53 15.23 12.45 8.18
8.63 8.3 4.89 8.74 6.95 7.49 6.61 7.72 5.15 6.67 6.81 9.77 8.41 8.71 7.83 9.99 9.38 12.66 11.34 18.48 14.96 7.26 5.79 12.05 6.83 6.95 7.79 4.67 6.08 9.71 17.21 13.72 7.54 19.19 17.98 14.68 10.05 9.08 9.74 10.06 8.95 17.6 25.07 19.94 18.82 10.15 3.9 7.88 7.58 6.19 5.54 5.33 4.81 6.36 8.21 4.95 4.89 4.13 5.06 6.54 12.87 5.08 9.06 11.43
7.53 14.43 9.53 9.65 8.69 10.78 9.41 9.25 6.14 8.08 6.64 5.42 6.76 8.74 7.45 6.08 13.25 13.74 12.57 15.68 12.37 8.12 6.92 9.55 17.99 10.95 9.87 13.43 12.09 5.79 14.34 7.23 11.08 17.52 13.5 9.91 13.71 12.04 19.86 12.87 8.16 16.23 22.74 17.3 17.08 10.37 6.6 7.36 6.3 6.86 9.64 6.37 5.54 4.96 4.64 8.47 8.16 3.38 5.06 6.04 9.95 5.51 7.87 13.8
11.34 11.92 12.19 10.88 7.81 6.64 9.48 4.45 4.02 6.77 3.76 3.32 8.29 6.45 7.97 13.27 16.93 14.72 15.25 9.77 19.07 19.43 15.15 7.09 19.17 9.97 12.58 14.63 18.85 10.31 34.42 12.03 12.33 19.6 15.67 6.42 12.66 12.07 13.57 15.29 6.73 10.95 19.88 21.35 28.4 14.23 7.81 7.27 5.84 10.29 8.81 3.23 6.45 3.47 4.47 8.81 8.99 3.29 9.51 9.65 5.74 6.37 9.44 10.91
9.73 11.81 14.31 9.54 6.99 6.28 4.9 3.33 4.68 7.17 8.38 6.32 8.57 8.51 10.19 13.23 15.52 22.29 9.47 6.96 8.48 8.88 12.27 8.94 13.55 5.98 12.4 17.11 29.42 12.99 24.04 10.76 27.87 20.47 12.78 7.03 5.22 8.05 7.9 6.15 4.13 8.31 13.55 14.97 27.24 22.06 13.47 6.37 4.7 6.4 3.97 2.85 3.35 4.84 5.07 6.53 12.38 6.33 6.89 4.49 7.1 6.85 10.87 21.63
11.13 5.15 5.59 4.79 7.11 4.61 6.83 5.43 2.35 5.9 9.39 8.2 5.45 9.57 8.97 20.04 20.28 19.45 10.23 7.02 9.91 9.37 9.89 9.34 11.34 15.91 20.04 17.33 36.18 32.76 18.35 14.1 16.76 22.52 18.59 10.59 5.47 6.36 4.18 3.82 4.28 4.74 6.49 8.22 18.18 16.8 19.04 12.43 7.85 5.09 3.35 2.13 2.47 6.54 6.24 4.65 8.59 8.65 5.05 3.0 4.46 5.45 8.19 12.22
10.94 7.32 4.59 10.91 9.5 6.2 4.67 7.78 2.68 5.65 5.65 7.95 5.49 8.91 14.15 22.39 29.14 26.98 8.69 14.0 15.19 7.94 11.04 10.3 9.34 12.21 15.34 13.13 20.77 36.75 19.1 6.91 10.17 15.81 14.77 15.85 20.23 7.21 4.7 3.32 6.1 8.92 4.13 4.56 12.9 8.27 16.55 38.01 15.86 4.59 4.49 2.33 4.1 6.59 6.26 4.32 4.32 4.02 4.51 5.51 5.22 4.83 5.31 9.37
7.83 6.77 5.64 8.42 5.2 10.09 7.14 7.5 3.27 4.47 4.98 8.94 4.39 8.52 13.83 23.42 18.16 34.63 10.87 16.65 14.33 10.19 6.55 5.8 14.05 13.41 16.8 10.15 19.11 19.67 8.63 9.36 18.33 27.77 19.49 9.92 11.84 4.56 5.56 4.35 6.1 6.66 7.34 6.26 6.25 4.63 22.46 35.41 15.77 6.72 5.82 3.42 5.17 4.77 5.57 4.34 6.28 3.11 7.38 5.72 7.37 8.84 6.08 3.07
4.75 4.84 3.79 8.48 5.79 18.23 7.75 8.2 6.98 6.53 3.47 5.28 2.84 5.38 14.77 13.15 9.87 12.68 8.08 11.82 7.67 14.69 25.66 10.43 12.11 17.65 18.36 16.67 12.16 7.16 9.3 6.8 14.68 12.19 15.19 8.84 9.73 5.11 3.2 3.91 4.2 6.57 7.08 5.96 6.69 8.0 17.06 22.93 13.85 14.03 5.19 2.48 2.68 1.53 3.18 2.77 5.67 5.11 8.23 7.78 10.03 6.89 5.95 3.19
4.48 5.63 5.03 8.2 7.2 10.65 9.15 8.76 5.1 4.67 6.08 4.83 2.48 5.78 7.23 7.44 11.04 8.29 5.66 8.18 3.58 9.2 21.33 6.05 11.43 20.52 23.77 7.05 7.32 5.5 6.91 6.66 8.74 12.22 12.51 9.35 4.52 8.14 6.45 7.31 4.81 5.96 6.53 7.84 9.03 6.12 14.55 18.94 19.68 13.54 6.3 1.65 1.73 3.91 3.61 1.59 4.54 6.53 5.3 7.44 17.48 17.73 11.54 6.13
6.77 5.34 4.87 8.91 7.24 6.48 10.21 10.55 4.81 7.36 6.63 4.99 6.26 7.1 8.72 7.71 13.11 5.57 4.32 3.29 3.81 10.91 26.83 5.41 11.1 11.35 23.26 11.61 9.05 6.76 10.24 13.3 8.82 9.66 6.46 8.83 5.88 6.83 4.05 7.74 8.07 6.3 8.25 11.73 6.4 5.27 12.03 13.67 6.79 8.71 6.7 1.54 1.79 2.16 3.44 2.93 5.3 7.72 7.68 4.38 16.89 23.29 5.56 6.39
11.78 6.85 7.78 11.53 8.92 13.0 9.58 11.52 8.6 9.38 9.6 6.69 6.53 6.42 8.05 8.32 15.94 6.05 2.96 5.84 7.63 7.27 17.54 10.0 8.34 6.18 10.9 11.15 8.86 5.57 7.25 7.1 9.07 9.53 4.86 5.69 6.12 12.97 8.02 11.78 13.32 9.69 8.58 8.87 7.46 5.83 16.05 11.75 5.41 2.94 6.12 3.56 1.89 2.53 4.4 5.46 5.18 8.61 9.67 5.14 9.47 10.83 5.57 7.12
7.24 6.85 7.39 7.13 6.62 6.79 6.47 6.3 8.63 7.39 5.43 7.1 7.83 9.86 7.06 8.37 28.21 9.77 5.47 4.38 8.18 9.23 13.17 13.8 10.08 12.39 9.41 14.15 7.09 4.11 5.86 12.78 8.28 11.54 9.49 10.65 9.73 11.1 11.43 9.21 9.56 8.68 10.61 12.4 9.97 7.68 10.33 19.32 9.58 4.44 4.79 2.56 2.1 3.72 4.98 5.89 3.85 7.15 9.29 6.22 11.06 8.92 7.43 8.9
9.07 7.68 8.32 5.54 4.73 8.0 5.21 3.19 4.27 5.42 3.88 3.32 7.1 19.01 19.04 28.65 18.06 8.99 9.94 6.75 8.63 16.1 11.19 9.0 8.79 11.97 6.51 12.17 11.99 7.19 8.34 11.7 13.84 15.29 12.99 11.33 11.22 10.29 5.58 4.51 8.7 8.41 8.9 10.14 10.83 11.28 16.81 19.23 11.65 3.65 3.8 1.85 2.9 4.29 4.77 3.46 3.69 6.75 10.11 19.52 13.47 16.88 7.09 8.47
9.41 11.27 9.74 5.44 5.13 6.7 3.82 3.48 4.26 3.97 3.85 5.02 8.52 10.42 10.98 23.92 16.6 9.36 6.25 6.9 9.23 20.84 11.32 11.74 9.01 11.82 19.33 10.36 8.95 9.23 10.37 10.68 17.66 17.07 13.41 8.36 8.11 8.07 4.49 4.77 8.92 8.26 7.77 7.07 21.34 8.9 15.07 10.93 7.82 3.23 2.81 1.43 2.68 3.57 7.88 5.21 3.78 3.39 7.36 12.08 25.7 16.64 8.48 7.23
7.13 6.25 6.53 4.45 3.17 7.09 5.92 4.19 2.12 1.59 1.29 2.99 3.04 7.61 11.01 24.43 17.98 11.75 4.12 7.76 14.96 10.44 8.51 12.41 7.72 11.22 18.59 22.17 25.29 10.07 9.46 7.94 21.36 17.15 13.86 6.22 7.07 6.73 5.21 5.82 11.35 7.91 13.13 6.38 9.65 4.4 9.72 3.82 3.61 2.22 3.53 1.94 3.19 4.18 7.23 4.34 4.29 6.73 5.64 4.71 14.72 25.13 9.5 7.9
6.36 4.86 2.92 5.13 3.81 8.06 8.14 10.25 4.61 3.5 2.82 4.02 3.23 4.44 9.65 25.6 17.46 4.07 1.99 9.12 6.88 2.73 6.21 11.93 8.53 8.09 16.6 20.77 19.67 15.12 9.84 13.0 13.32 24.71 19.57 5.63 8.97 11.56 6.64 5.21 12.12 8.19 9.5 5.08 15.52 6.52 9.63 7.08 4.22 2.08 3.61 2.37 2.89 5.54 7.7 7.18 4.82 5.56 5.66 8.79 7.44 10.45 16.31 11.01
6.21 3.06 1.98 5.22 5.86 15.09 14.48 14.74 10.06 8.03 6.46 4.34 4.63 5.78 10.87 16.12 9.02 2.89 2.32 7.71 4.4 2.51 8.15 13.22 25.97 13.95 22.11 33.99 32.54 15.58 14.76 17.12 12.15 18.91 10.01 7.04 6.55 10.64 7.8 2.67 9.48 10.17 6.75 7.88 10.66 5.21 5.53 7.25 6.21 3.6 2.19 2.01 2.28 5.05 4.52 7.79 4.83 3.86 5.99 9.52 9.03 10.46 13.79 11.48
6.71 2.99 4.45 4.91 3.78 9.05 12.92 18.58 8.82 7.14 7.09 6.45 5.64 4.96 13.36 14.01 8.74 2.94 2.43 4.46 6.71 9.55 11.59 16.62 18.73 17.76 11.79 22.34 20.38 18.89 16.85 10.54 6.91 9.54 14.65 8.13 6.28 9.34 6.21 7.13 6.69 8.46 8.25 10.75 10.46 6.53 6.92 7.8 8.65 5.93 2.6 4.18 4.26 3.6 4.59 7.07 6.18 3.79 3.65 3.49 6.77 10.19 13.16 11.99
4.79 5.55 6.41 6.27 14.84 12.46 8.45 15.32 6.98 7.66 8.85 4.29 2.93 5.89 11.58 14.02 12.79 6.25 4.6 10.08 5.31 5.0 14.6 19.99 7.16 11.57 8.11 20.08 20.28 15.31 12.77 5.66 6.05 11.92 8.33 6.14 5.0 10.28 8.24 10.3 11.74 25.64 12.59 10.28 11.25 8.54 7.12 9.34 5.37 2.56 3.01 4.13 6.19 6.0 8.87 7.42 7.48 5.19 3.02 5.74 8.59 9.5 11.77 12.01
5.67 6.01 7.14 7.16 5.98 9.15 9.62 19.05 9.94 13.95 8.85 6.02 5.64 14.51 15.36 27.3 11.13 5.53 7.34 14.24 8.48 7.42 10.95 14.33 8.18 9.32 10.16 32.64 28.28 22.72 11.23 8.01 3.92 12.1 9.39 5.36 5.16 7.76 8.13 9.04 8.94 11.7 13.08 8.61 7.73 7.52 10.05 6.89 6.49 4.76 4.82 3.17 5.0 3.83 7.07 6.45 11.6 12.5 8.15 10.43 4.82 6.56 6.53 7.05
8.24 8.13 8.72 9.59 4.74 8.22 9.12 13.77 11.82 30.08 19.13 8.37 12.49 10.36 13.91 13.02 7.44 9.3 7.94 12.99 8.75 6.43 7.11 7.85 11.27 11.92 15.55 31.76 30.84 16.52 20.56 9.11 3.62 3.56 3.51 5.27 7.27 8.28 14.66 24.59 11.53 11.53 8.93 6.54 14.71 7.98 17.53 8.13 8.64 7.35 6.01 4.32 6.09 5.39 4.58 6.15 5.07 5.83 7.31 6.97 5.78 7.59 4.32 3.94
9.29 8.6 8.44 7.11 5.82 5.16 5.69 4.96 5.37 15.52 16.98 11.97 9.12 10.76 8.46 7.54 7.27 8.58 8.78 5.5 10.07 10.35 8.16 11.44 13.57 14.23 15.87 19.58 20.98 14.1 9.36 6.54 5.04 3.92 8.18 9.99 8.81 6.49 17.07 12.88 12.08 7.83 9.37 5.04 11.62 6.63 9.75 5.25 5.66 6.17 6.84 10.97 5.33 4.95 5.54 5.13 3.77 5.75 7.14 11.16 10.22 7.95 6.91 6.8
6.85 11.04 10.71 11.4 10.45 5.92 5.76 4.74 3.76 9.1 12.15 6.52 13.02 19.78 9.39 4.27 9.69 18.77 9.6 4.02 8.44 15.88 11.21 10.07 12.32 25.17 10.53 12.45 13.04 7.73 7.26 10.17 9.92 7.03 6.38 10.81 10.69 6.06 21.08 15.67 6.52 5.11 6.82 6.47 9.24 9.88 5.5 5.24 3.1 4.23 14.45 12.29 8.15 7.8 4.41 3.88 5.09 6.46 3.37 8.77 17.13 9.96 5.57 8.03
10.57 13.82 7.44 14.01 11.11 5.66 5.1 4.06 3.31 9.33 11.6 8.38 8.99 14.67 6.05 6.77 7.5 7.42 6.4 5.81 5.41 10.7 13.94 15.49 20.29 33.73 11.24 6.77 12.34 12.92 9.79 7.92 9.21 12.86 6.12 11.59 8.17 9.95 14.14 9.37 8.35 7.74 5.64 7.27 8.99 4.19 5.27 7.57 3.55 4.89 8.6 9.38 7.29 12.02 6.5 3.24 4.87 4.14 4.0 15.4 19.46 8.04 9.02 7.55
5.33 4.94 5.19 8.9 11.26 13.1 7.24 5.59 3.68 6.0 3.68 6.04 10.1 11.4 8.9 5.71 6.08 8.14 5.96 3.04 5.07 7.65 10.7 22.52 12.85 25.16 11.74 12.08 21.62 13.55 12.36 9.93 11.7 9.58 6.36 8.94 4.71 6.74 7.49 15.82 11.17 9.64 7.4 9.35 5.69 4.64 5.32 5.0 5.04 5.61 11.06 9.5 8.21 6.33 6.27 3.12 5.64 5.78 8.29 12.78 22.83 14.47 10.61 9.83
7.4 7.4 9.12 14.59 6.26 13.48 5.49 6.7 4.1 4.39 5.56 10.02 10.67 13.31 15.45 9.97 10.4 6.41 3.42 2.66 3.23 4.96 11.85 13.05 10.88 15.29 9.01 11.99 18.06 13.11 12.4 11.17 7.69 8.37 9.34 16.64 7.16 7.01 10.41 17.1 15.1 10.92 6.09 6.73 4.84 3.6 8.55 3.98 6.68 6.12 8.9 9.37 9.73 7.46 5.72 2.5 3.29 6.12 5.74 9.65 10.79 11.11 17.18 3.82
5.74 12.7 8.64 17.86 8.01 9.4 4.74 7.17 4.25 2.37 4.61 9.42 18.59 14.08 15.02 22.3 19.9 7.23 4.76 4.13 4.99 5.87 9.38 7.71 9.95 20.71 11.5 17.99 17.57 23.29 11.46 15.88 5.97 10.61 14.4 19.44 7.55 6.72 9.45 14.03 18.4 20.11 10.21 7.15 3.82 2.03 4.72 4.87 6.36 4.16 6.59 6.06 8.93 8.37 3.7 2.94 5.74 3.94 8.89 12.54 11.21 7.02 8.09 3.31
9.77 13.29 10.67 13.29 7.13 7.19 8.28 8.81 5.86 4.04 3.42 6.51 9.16 10.21 22.43 25.35 20.44 7.33 8.11 7.14 6.83 8.7 6.72 4.77 4.53 10.88 5.24 7.78 9.67 7.83 12.02 20.07 9.79 14.75 10.07 26.17 22.77 12.81 14.83 19.1 16.09 18.42 13.19 11.68 5.36 2.91 6.77 6.19 6.25 5.43 5.62 3.39 8.05 14.9 5.57 6.98 8.21 6.1 13.14 13.24 11.99 7.45 4.62 3.89
10.33 11.42 12.66 7.55 12.95 7.16 10.03 10.56 8.21 5.62 3.73 4.55 7.42 7.98 12.8 21.89 28.0 7.95 5.69 11.19 5.29 4.82 2.93 2.67 2.02 6.93 9.15 7.01 4.78 10.76 16.72 31.86 20.27 16.21 15.12 22.15 19.48 9.5 12.95 11.01 16.05 10.15 8.3 13.5 10.71 7.04 10.16 9.68 6.47 5.33 7.84 7.09 11.23 9.68 8.45 5.52 10.48 11.57 11.56 17.41 17.99 7.06 4.41 6.46
11.25 15.12 16.9 9.97 17.92 24.69 15.46 13.03 10.66 7.83 5.75 7.08 10.41 11.98 10.73 16.11 20.41 12.74 6.26 11.24 6.61 3.63 6.6 4.85 3.23 10.78 10.41 8.14 4.5 8.2 16.43 19.54 10.91 15.98 12.94 12.21 12.64 7.11 14.14 8.57 10.96 10.72 12.3 22.33 21.63 12.17 9.65 10.9 10.91 6.8 9.77 9.82 10.65 7.07 6.01 5.75 10.51 20.75 9.42 12.95 15.64 12.9 4.25 7.17
6.8 15.34 24.96 22.73 18.12 22.78 11.03 17.76 13.84 13.05 7.24 5.86 9.1 9.72 6.55 8.81 12.5 16.75 12.44 8.16 5.73 9.16 5.33 5.77 5.25 8.93 6.82 7.32 3.41 7.03 13.06 10.66 8.49 6.55 6.9 13.66 12.37 13.21 10.5 15.15 19.25 18.12 18.12 19.78 32.88 21.39 27.37 8.67 4.65 6.3 7.97 16.69 19.62 14.84 11.25 11.37 11.23 16.31 14.09 17.84 8.9 9.19 2.67 4.08
6.68 11.81 24.69 14.07 20.6 15.51 8.55 17.07 10.56 11.07 5.77 5.63 7.21 5.32 8.78 7.14 4.08 9.4 23.45 16.61 12.91 13.4 9.83 8.57 6.52 12.0 7.61 4.36 3.5 9.18 9.67 8.1 8.44 9.72 6.63 5.66 7.43 9.09 4.76 9.83 21.97 25.24 12.69 20.11 25.24 13.99 16.03 8.51 6.55 8.83 10.02 23.18 20.17 26.62 15.21 19.5 12.51 12.33 22.17 15.68 5.25 10.23 7.29 5.03
4.6 10.78 17.3 12.75 11.57 14.92 9.87 12.5 9.0 5.99 5.56 5.58 8.07 6.05 7.18 3.85 3.84 6.19 13.72 19.77 12.52 15.82 15.15 16.35 10.04 12.83 5.32 3.58 3.82 14.42 9.01 6.84 8.35 4.65 3.34 2.33 5.29 5.38 6.39 9.71 15.02 21.98 24.93 28.8 25.08 18.93 19.49 8.24 7.46 14.05 15.05 18.9 22.87 25.83 16.45 9.6 5.58 6.56 9.03 9.37 10.16 6.29 10.02 6.77
5.03 10.56 7.75 10.0 14.6 7.71 6.77 6.97 5.68 8.15 5.81 2.44 6.9 7.27 4.11 4.11 4.49 6.27 13.53 25.46 12.01 14.69 30.15 14.83 6.16 13.77 9.71 4.16 5.76 10.54 5.35 5.38 7.97 7.91 4.99 4.48 4.99 8.47 7.29 12.24 19.83 17.99 16.98 18.3 24.23 11.52 9.18 5.24 5.24 12.67 17.19 18.97 19.55 31.93 13.6 6.96 10.2 4.46 7.33 6.12 9.77 6.1 13.55 9.13
4.53 7.32 7.53 8.4 11.42 8.46 6.18 8.7 7.31 10.47 3.18 5.77 7.75 7.41 5.6 6.43 12.19 8.05 10.57 14.55 12.43 11.66 8.82 10.28 5.12 6.83 6.38 3.89 3.99 8.39 7.7 5.66 11.16 10.01 6.2 5.5 6.87 15.49 13.21 9.48 10.25 9.74 8.19 12.85 9.58 5.92 2.43 3.99 9.54 22.83 29.56 26.88 31.11 18.37 22.68 14.32 7.28 5.34 6.28 6.23 5.64 3.08 4.44 4.47
6.33 11.26 15.99 7.21 4.78 4.46 6.65 8.35 9.43 9.89 7.71 6.26 8.43 10.4 8.05 5.77 6.67 14.43 5.63 5.31 13.67 7.82 9.85 12.48 9.0 5.2 3.12 5.66 7.5 10.46 6.81 6.04 9.46 6.16 3.72 3.71 4.78 12.28 16.58 14.82 10.06 13.0 11.0 13.2 5.08 5.23 3.37 4.31 7.22 10.21 25.69 29.83 28.38 13.59 8.61 7.73 6.33 9.42 6.1 4.3 5.36 6.01 3.33 2.68
6.24 10.81 8.23 10.66 4.61 3.98 4.92 4.08 5.13 6.83 8.57 12.46 12.05 12.39 11.21 10.25 10.14 12.64 6.73 7.7 9.49 4.95 18.06 17.82 10.73 5.93 2.33 6.27 6.19 7.83 4.82 6.76 6.71 4.97 3.93 2.31 4.31 6.32 13.64 15.78 22.09 18.04 7.35 3.45 4.03 3.56 2.86 3.51 3.37 10.53 21.87 20.5 10.63 11.61 7.1 3.64 9.22 15.66 14.41 9.43 4.96 4.84 5.4 5.08
2.9 4.05 3.4 4.93 3.32 5.01 4.9 7.62 7.19 6.71 5.95 8.06 12.89 12.25 9.68 10.78 8.98 7.38 6.28 9.83 3.93 4.81 10.74 18.84 7.55 5.45 1.54 3.43 6.1 7.97 10.95 4.49 5.28 5.5 2.85 4.09 3.6 7.58 15.64 12.12 12.51 11.35 7.14 3.08 3.64 3.37 5.24 5.79 6.32 11.39 18.25 15.6 18.74 12.8 4.14 4.2 11.37 13.57 9.94 7.83 6.82 4.61 4.55 3.66
2.53 2.89 3.84 5.6 3.52 5.48 7.82 6.53 4.23 6.82 4.13 10.77 11.04 10.96 8.3 10.36 14.86 12.02 9.01 21.13 4.03 3.51 4.25 10.52 14.47 7.73 4.47 4.6 5.91 9.34 15.64 9.7 6.05 4.26 3.91 4.03 4.45 3.33 12.66 9.5 7.97 5.98 3.82 4.64 2.12 2.68 7.42 6.41 9.54 23.12 11.71 10.37 10.7 6.32 2.96 5.19 8.36 12.14 7.7 6.05 13.76 6.62 8.79 4.44
