5.05 3.53 4.59 7.05 6.06 9.0 5.53 10.39 5.0 8.83 4.97 4.81 2.64 6.67 7.88 9.96 11.84 5.22 7.66 4.95 6.05 17.27 6.9 9.69 7.8 8.87 9.1 10.02 6.37 5.92 4.73 14.81 14.66 16.36 26.5 25.18 10.24 8.38 22.0 14.84 9.9 9.84 6.01 14.49 11.82 11.48 6.08 6.32 8.11 10.65 10.51 8.61 6.31 6.07 9.66 9.99 12.71 14.31 6.05 8.46 17.49 18.27 17.59 11.25
3.39 6.01 8.35 8.29 8.12 5.5 5.81 8.16 6.46 5.1 6.12 3.07 5.83 2.26 8.22 7.18 17.41 10.32 6.34 9.61 3.6 5.43 7.83 6.93 12.23 11.27 9.93 8.87 3.25 4.72 8.57 13.96 12.95 27.48 27.18 12.97 9.17 6.48 11.96 9.72 8.02 5.26 6.98 9.58 7.44 12.95 6.42 8.46 12.32 8.03 10.2 9.27 7.39 9.76 12.29 7.09 12.32 9.58 4.66 5.82 11.71 18.97 24.61 15.26
2.16 6.21 9.62 14.28 11.11 14.91 5.47 4.94 4.94 3.99 7.47 7.59 7.46 3.55 2.35 4.54 7.62 11.71 8.85 10.61 6.0 5.42 5.76 7.04 10.08 13.32 5.42 6.22 6.59 4.39 4.66 6.52 11.38 35.95 19.82 10.39 12.61 7.99 5.37 7.49 5.97 7.79 10.93 7.02 9.38 9.17 11.6 8.09 11.02 9.34 5.83 4.58 8.27 8.4 16.18 9.15 8.43 5.25 2.6 2.3 10.99 28.42 23.38 14.87
5.64 4.28 9.11 15.84 15.58 10.26 7.07 3.03 4.6 4.71 10.72 13.82 5.91 5.43 4.75 3.91 4.65 6.06 6.75 7.01 2.91 1.63 8.5 4.59 9.75 6.47 7.44 10.34 8.94 3.07 8.48 13.62 9.06 10.11 21.02 14.6 8.99 7.42 7.18 7.15 5.88 11.19 7.54 14.88 12.45 8.66 8.97 7.97 8.88 5.25 7.87 7.09 7.53 5.83 12.06 8.4 7.3 8.83 4.59 3.42 6.78 11.79 15.61 12.91
9.72 6.4 13.66 17.38 11.0 14.04 4.62 5.44 9.55 12.24 18.95 12.3 6.28 5.57 4.06 3.38 8.31 7.08 13.65 4.16 2.59 1.61 4.35 5.57 10.52 23.66 12.54 10.47 6.33 5.83 9.67 9.77 4.25 6.98 9.17 13.82 6.25 11.4 7.45 6.84 7.03 10.6 10.29 12.34 11.23 10.73 10.19 6.93 4.1 5.51 10.1 7.65 5.29 6.09 8.78 7.41 9.67 8.99 4.92 4.14 6.36 16.48 18.51 9.65
7.7 9.68 21.35 25.78 13.8 15.51 7.84 8.97 17.47 11.64 9.13 18.69 7.54 7.77 5.51 3.34 9.49 4.74 13.88 8.98 4.67 2.9 3.96 5.62 9.0 9.42 13.06 8.95 7.11 15.25 14.7 4.85 3.11 4.42 6.71 10.2 5.81 9.67 11.11 8.71 10.36 6.94 8.54 6.23 7.17 12.46 10.69 6.74 7.33 4.33 4.46 12.38 7.48 7.01 9.64 19.76 14.08 5.6 3.66 4.46 8.98 10.41 15.09 15.21
7.4 13.6 26.09 11.79 10.75 11.46 9.69 8.78 9.43 12.22 15.32 11.68 9.34 19.91 7.97 5.35 5.17 10.45 8.68 5.5 4.78 10.41 8.0 8.06 17.41 9.39 20.44 10.73 14.32 14.05 8.79 3.97 3.64 4.89 5.22 4.96 9.77 6.45 11.06 15.65 8.13 6.43 5.45 7.67 7.3 14.01 7.71 5.75 2.73 5.81 5.76 19.62 10.16 9.85 9.69 8.14 12.18 6.31 2.44 4.32 3.98 5.53 11.61 16.74
6.61 12.64 17.03 17.54 23.6 8.46 21.15 16.01 7.02 14.62 13.36 10.64 9.59 6.78 4.52 12.86 13.66 14.94 12.54 5.38 4.16 5.42 6.32 6.02 10.01 11.29 26.78 12.74 7.57 7.78 4.62 4.3 2.8 3.67 2.76 8.43 6.53 10.51 12.16 19.65 10.55 3.89 2.38 8.87 15.6 12.33 12.78 9.4 2.08 1.75 6.84 16.57 9.6 7.94 15.23 15.61 11.28 5.46 8.84 4.08 5.09 3.9 12.12 33.59
13.32 14.24 27.02 10.44 19.94 20.35 24.41 24.19 5.81 21.74 12.61 9.47 9.39 7.32 5.0 8.4 12.67 11.53 8.61 8.06 6.19 10.0 10.73 3.9 7.43 6.59 8.15 8.67 10.29 4.64 3.19 2.81 1.02 1.88 5.61 7.45 8.39 12.62 22.6 19.29 13.5 4.09 2.91 5.84 8.18 8.81 15.14 10.93 6.87 6.53 7.39 8.75 8.13 12.26 15.73 9.65 8.14 16.9 9.35 8.14 6.09 7.28 23.81 16.41
9.47 11.3 11.04 15.6 14.88 16.55 8.98 23.19 8.87 6.84 12.36 15.57 11.52 16.29 12.08 14.48 14.07 9.85 8.39 9.49 6.2 8.2 8.24 5.86 10.0 6.36 3.48 8.74 8.86 6.43 3.34 1.69 1.81 2.48 3.5 4.84 12.4 4.47 9.43 8.65 10.87 7.34 7.4 8.37 7.76 6.18 9.92 13.06 7.81 9.83 5.77 9.69 11.04 13.68 7.43 9.03 6.07 23.28 14.89 13.9 13.76 8.2 13.64 9.61
4.88 5.41 7.13 6.23 10.33 13.7 7.41 7.98 12.72 6.65 6.47 9.1 21.24 22.12 27.06 9.66 19.51 14.69 13.6 7.52 7.0 6.67 9.14 8.92 18.63 10.76 6.42 3.75 7.49 8.89 4.73 2.18 2.56 2.77 4.67 5.02 6.1 4.96 6.3 3.3 7.29 9.78 7.05 6.27 7.94 11.07 15.33 5.21 8.86 10.14 6.07 8.57 7.28 17.46 8.25 11.2 9.38 5.41 15.14 10.16 12.65 6.71 17.28 17.26
9.49 4.57 8.05 4.38 7.5 10.44 5.27 9.36 19.81 9.26 6.31 5.98 13.92 32.63 23.89 19.26 17.62 16.96 10.69 9.74 4.48 6.02 5.14 6.41 7.88 5.47 3.28 3.01 3.34 6.21 2.92 3.61 2.43 2.45 5.42 5.56 7.53 9.78 8.03 3.9 7.25 5.45 6.63 5.58 16.59 15.43 13.71 14.57 15.16 12.37 7.23 7.33 7.75 12.83 8.57 6.16 6.31 6.0 17.33 16.45 6.78 7.14 11.65 16.78
7.44 9.25 7.48 4.96 3.51 10.63 10.92 9.42 16.39 12.59 7.9 5.75 14.37 22.33 22.83 18.0 17.0 7.17 10.76 7.65 6.41 6.51 7.56 2.74 4.56 4.49 6.34 2.74 2.59 5.14 4.85 2.41 1.77 2.13 4.25 4.55 6.65 13.77 20.42 7.64 9.9 11.11 18.83 13.67 9.52 16.59 35.11 20.35 11.02 8.78 9.45 10.18 10.29 12.57 6.9 5.06 8.98 7.93 7.55 14.09 12.81 12.59 11.63 9.18
5.67 5.29 5.16 2.92 5.52 8.4 5.85 8.93 8.41 10.95 8.55 13.43 11.12 9.66 30.46 21.01 15.43 16.77 14.82 15.36 11.77 11.86 6.52 6.71 4.66 8.22 7.14 3.68 2.47 3.78 3.66 1.5 3.59 2.46 4.34 5.46 7.26 9.01 8.69 16.09 12.1 16.79 16.15 10.41 7.94 12.12 31.68 35.76 14.01 9.83 4.03 9.68 6.63 9.27 11.25 17.91 12.01 7.5 2.11 5.27 16.27 12.03 7.0 6.65
6.37 9.49 4.73 3.37 3.89 6.08 8.87 7.31 7.6 5.31 12.06 5.81 8.14 11.41 37.47 20.4 9.62 18.82 11.8 13.01 9.43 13.78 7.52 12.31 4.63 5.24 7.45 10.98 3.63 4.03 3.09 2.39 3.73 3.62 6.34 9.99 5.75 11.91 19.63 6.93 18.62 18.05 11.79 6.96 10.28 7.22 11.78 15.73 13.72 5.97 5.67 8.69 10.76 7.43 9.23 13.4 8.97 6.09 2.53 5.31 5.25 4.05 10.69 17.5
3.28 3.71 4.85 12.48 5.58 10.86 9.5 17.53 5.37 5.93 7.18 6.3 7.12 11.67 13.53 22.45 10.36 9.82 8.16 3.47 8.07 9.23 7.2 10.09 15.07 5.27 6.29 3.73 3.24 2.68 1.92 4.25 2.7 2.49 2.97 13.9 9.54 19.7 28.3 12.46 9.85 8.52 5.78 19.55 13.95 5.75 9.77 7.41 4.08 2.85 6.22 10.05 18.23 8.67 8.67 5.87 6.47 3.29 2.52 4.39 5.48 8.25 9.71 18.01
3.35 4.26 6.58 7.58 6.13 5.52 9.36 12.94 6.59 5.86 4.82 9.72 4.55 13.49 15.24 44.88 10.61 4.06 9.19 4.59 2.84 3.15 6.13 9.15 14.42 7.88 8.54 9.78 2.67 2.44 1.42 1.09 1.72 1.45 4.78 10.73 6.47 10.18 18.24 24.34 11.9 10.97 15.6 15.73 8.69 6.03 8.38 10.81 5.81 3.02 5.05 5.23 6.98 8.01 14.95 12.11 4.56 2.27 4.34 3.56 4.06 5.6 13.1 13.41
7.41 9.61 11.12 6.41 4.44 4.09 5.78 9.87 7.17 6.66 6.43 4.16 6.38 7.95 14.38 24.95 9.5 3.61 5.54 4.74 5.87 7.99 4.52 21.29 10.61 3.36 10.67 13.26 4.41 2.24 1.38 1.3 2.26 1.67 3.25 5.57 9.64 5.72 18.12 11.01 9.08 10.74 17.96 16.53 11.56 6.69 9.97 7.16 8.73 6.44 6.87 7.06 9.29 10.82 6.76 5.52 5.22 3.71 3.34 4.95 5.4 7.41 6.41 14.08
12.88 5.7 8.86 15.72 7.8 5.22 3.28 4.78 3.8 6.77 6.43 11.1 7.16 5.37 7.9 8.4 4.03 3.4 2.81 4.4 3.93 7.91 8.5 16.63 13.05 8.6 14.2 8.01 3.39 2.65 3.49 3.19 2.86 1.91 2.91 5.25 9.94 13.92 11.64 24.56 13.33 19.32 16.73 22.2 17.48 6.13 8.05 9.86 7.35 5.4 8.68 12.98 11.39 9.81 10.99 8.58 8.85 3.64 4.2 4.38 7.14 7.02 8.05 9.87
12.3 5.2 10.09 7.62 6.32 3.31 4.48 3.22 3.71 5.32 5.79 6.22 13.47 7.89 8.62 13.96 6.29 5.2 3.57 4.69 4.29 4.81 7.61 7.28 20.01 8.89 4.6 8.92 6.3 2.59 4.36 5.44 4.23 4.02 2.65 3.28 11.26 12.76 13.83 17.79 25.23 17.83 12.93 23.5 19.96 8.89 9.32 9.53 9.95 5.12 15.66 7.78 9.62 8.95 11.75 7.92 9.93 9.14 5.73 4.33 5.24 6.05 5.96 4.15
8.89 4.18 6.72 3.59 2.04 3.54 8.92 5.24 3.29 6.02 4.93 6.81 5.74 9.97 12.77 14.18 10.34 10.85 7.1 7.04 3.15 2.41 5.58 7.29 10.95 6.11 5.51 10.02 2.6 2.75 2.79 9.25 3.73 2.98 2.42 3.48 9.8 21.09 26.15 46.98 22.46 14.7 20.55 22.36 14.36 16.12 15.85 11.51 8.09 4.69 5.22 8.59 6.01 5.24 6.55 7.7 6.72 8.66 4.87 6.67 3.58 7.17 5.14 4.54
7.08 3.64 4.72 1.86 2.96 6.55 3.42 4.38 5.51 8.62 9.49 7.87 5.25 10.16 5.05 8.0 14.24 17.56 8.07 4.56 5.19 1.75 5.91 6.88 8.18 10.83 10.0 7.88 2.54 1.49 2.01 4.24 6.72 3.65 5.91 7.64 8.05 17.2 29.31 31.4 23.18 21.5 10.47 9.34 10.64 17.92 12.73 3.62 8.28 5.04 1.52 3.8 3.63 9.28 4.48 8.8 11.09 4.35 2.95 3.68 5.4 3.15 6.5 2.6
5.92 3.74 3.86 5.57 4.65 4.83 4.26 7.3 6.66 3.1 9.07 16.8 9.72 6.71 7.47 17.07 19.3 17.0 10.18 8.57 4.36 3.72 2.21 4.75 4.19 11.04 13.76 8.84 3.5 4.58 1.06 5.06 5.24 7.68 4.97 5.68 8.79 14.12 7.86 10.69 14.74 6.78 4.71 7.9 21.57 13.62 8.21 7.62 7.42 3.63 2.41 3.43 2.8 5.55 6.01 9.92 5.75 5.03 6.13 7.17 4.55 2.71 6.49 9.8
5.51 7.56 4.94 3.09 6.62 8.06 8.15 6.53 8.15 11.2 12.65 12.64 18.89 7.83 6.32 30.08 27.22 16.34 8.86 6.5 7.44 5.66 4.73 5.3 10.24 14.76 6.49 4.3 2.91 8.32 3.54 3.74 6.72 5.83 5.74 6.57 8.2 14.58 5.23 7.25 8.58 3.16 4.02 4.7 10.69 7.02 5.57 5.51 9.56 7.65 6.67 4.82 4.15 7.4 6.1 3.04 12.49 6.89 7.88 9.17 8.04 3.62 8.17 9.18
5.08 4.73 4.54 5.45 14.76 9.2 10.73 9.39 12.34 12.78 9.26 4.45 4.52 8.56 11.12 25.53 20.06 11.92 23.1 4.9 8.89 8.13 4.25 6.1 11.56 16.58 7.16 5.34 4.61 8.67 3.91 4.24 9.02 8.9 16.44 12.62 9.89 6.75 4.25 9.91 5.97 4.51 8.86 7.98 4.35 8.54 9.57 7.35 5.41 13.25 8.26 8.9 4.5 6.78 7.0 3.71 3.76 8.2 5.85 7.3 7.17 4.33 5.65 4.97
8.11 9.17 6.79 6.64 13.75 5.46 7.91 14.99 21.82 16.58 7.42 4.56 7.64 10.35 14.97 10.76 19.21 11.28 13.27 5.74 12.72 9.67 8.89 4.88 6.85 14.36 11.21 10.79 5.37 7.96 5.5 3.81 6.77 19.63 12.94 10.39 6.41 19.0 5.93 3.02 6.74 6.89 7.28 4.63 5.07 13.07 12.0 4.79 6.17 10.24 8.86 7.82 5.77 3.53 9.08 2.77 4.66 5.04 6.33 5.75 4.21 9.32 4.65 3.89
8.01 5.8 11.74 13.71 12.14 10.45 9.52 12.67 13.44 12.59 10.95 6.93 6.97 16.09 17.13 22.52 15.43 9.99 9.27 4.27 10.45 15.22 11.4 6.46 8.32 9.03 7.82 5.44 6.18 3.57 8.33 7.84 9.53 7.23 5.99 4.09 4.49 6.42 3.48 3.11 4.78 4.55 7.6 9.0 8.72 10.56 6.55 6.85 6.29 5.6 6.48 4.73 9.81 6.63 8.55 14.86 5.98 9.54 10.18 9.96 7.01 7.86 7.31 4.88
3.05 8.13 8.43 7.34 15.4 15.52 12.75 8.06 15.0 13.36 9.88 6.35 10.6 13.92 17.96 12.54 16.12 8.22 11.5 4.02 5.19 9.21 11.27 8.53 10.12 11.09 6.63 5.53 8.02 6.75 5.26 6.07 7.59 8.3 5.03 6.12 4.95 11.25 8.42 3.06 2.51 4.97 6.46 7.58 5.64 7.35 7.29 4.94 4.76 4.43 5.95 8.42 9.2 18.78 14.19 9.16 4.44 7.02 11.05 11.17 9.48 16.44 14.05 10.2
4.01 4.75 5.21 4.76 7.24 20.64 13.46 13.67 20.5 12.26 15.22 10.28 19.39 11.04 6.84 4.38 6.52 4.96 8.77 5.98 9.01 5.42 7.74 7.57 6.91 6.11 14.41 12.28 21.9 7.92 5.7 8.7 4.8 4.68 4.62 4.68 5.72 11.4 7.92 8.74 3.23 10.13 7.97 6.88 4.14 9.45 14.79 14.29 5.56 7.51 5.72 4.97 7.63 9.39 20.09 9.65 8.82 5.41 7.09 5.93 10.03 21.96 18.34 13.65
8.02 11.71 10.04 7.42 23.51 19.14 11.62 9.98 17.05 20.0 17.65 23.17 12.44 17.34 11.81 9.31 3.92 5.29 6.14 12.11 6.53 4.79 6.21 7.09 4.4 5.8 9.29 8.54 8.69 11.63 15.1 5.28 3.93 2.24 8.13 3.67 4.35 5.58 7.05 7.5 7.47 16.34 7.3 9.79 4.55 15.21 11.31 11.36 11.13 22.65 12.81 10.1 6.65 6.93 5.69 11.7 6.16 8.16 9.36 8.47 16.42 34.24 11.84 15.01
6.19 7.72 11.66 32.42 31.05 13.28 6.42 13.2 13.92 14.61 23.1 20.04 9.09 9.58 13.22 11.02 5.91 5.68 7.23 6.02 6.66 2.81 2.64 7.29 15.44 10.06 6.2 6.04 7.59 5.07 6.37 5.75 5.74 3.76 13.44 5.88 2.99 3.29 4.35 7.23 5.32 4.42 6.82 11.75 9.95 8.48 14.52 12.25 13.25 15.06 15.06 18.63 13.56 7.57 8.26 6.38 6.08 2.98 2.08 25.52 36.58 25.52 12.39 20.98
14.65 14.79 9.0 12.68 13.61 7.03 4.52 10.73 11.54 8.87 10.74 10.45 6.85 7.79 15.7 15.57 11.59 8.81 5.64 6.4 3.09 2.34 4.58 4.72 7.86 9.29 16.8 12.72 17.38 7.9 5.31 3.38 5.32 3.84 4.92 10.84 4.98 11.51 8.3 7.45 7.42 4.37 7.8 16.58 9.43 7.58 7.94 12.89 7.29 6.46 7.13 5.9 6.37 6.94 8.41 6.32 7.69 2.2 2.88 7.64 7.78 12.44 16.73 31.38
15.49 16.02 12.14 8.1 9.57 4.55 4.91 4.45 12.14 13.41 10.93 12.61 7.12 10.46 6.72 24.38 14.71 11.03 3.35 4.97 5.36 3.7 5.58 5.56 3.62 3.27 12.82 13.96 19.95 4.47 4.35 8.9 7.64 2.78 8.62 6.18 9.98 11.79 9.43 6.56 10.33 5.37 6.07 10.04 12.61 9.94 7.45 11.58 19.65 9.68 5.42 7.34 7.59 6.26 4.02 5.09 5.62 2.29 3.81 8.45 9.81 17.1 20.99 18.06
11.94 7.45 9.78 6.71 5.55 3.9 3.51 9.53 11.8 11.33 15.78 21.98 10.85 17.07 21.59 23.52 9.52 10.38 5.1 2.76 6.62 7.89 5.6 3.15 3.09 5.16 17.16 12.88 8.37 4.7 5.85 5.38 6.77 7.81 11.24 5.24 8.4 5.53 7.53 9.42 16.58 7.07 9.75 13.17 13.95 11.29 7.4 14.81 11.88 8.9 20.53 13.01 10.26 10.69 8.64 8.84 4.02 4.19 3.46 5.59 6.0 22.92 13.61 18.16
6.08 4.17 6.27 4.28 5.98 5.35 5.31 9.38 16.29 21.92 17.26 23.7 21.96 15.47 20.88 11.35 7.83 5.76 5.24 3.15 8.44 8.75 5.52 9.15 4.48 5.51 7.17 9.64 8.36 8.77 9.87 9.6 17.37 14.26 9.75 7.6 11.72 5.27 5.21 6.51 12.8 5.99 8.34 13.28 34.29 8.57 5.89 6.8 7.29 8.19 17.88 19.73 11.02 10.17 5.68 5.02 4.38 5.06 5.14 11.96 11.78 11.96 15.84 17.58
2.69 4.99 5.34 9.37 7.13 5.35 8.52 7.75 10.73 14.73 11.8 13.75 11.98 18.76 28.94 14.86 13.01 14.85 7.01 4.65 5.29 7.57 6.41 8.08 5.19 5.06 4.22 8.49 10.52 12.08 10.96 31.85 29.47 18.87 14.33 7.4 7.63 3.94 4.09 6.82 10.42 8.67 19.23 5.87 13.39 9.19 8.71 7.31 4.52 7.88 15.61 17.03 11.81 10.08 6.25 3.59 1.7 4.51 4.69 16.07 8.48 10.36 16.94 12.36
5.8 3.22 4.17 6.8 7.71 8.05 19.73 13.23 12.12 13.15 12.02 8.08 15.42 21.6 10.6 17.47 23.07 34.74 11.76 7.07 9.95 7.01 3.07 4.68 5.73 5.93 9.11 9.31 9.32 5.92 11.46 25.68 23.09 27.02 8.54 8.36 3.05 3.16 2.49 3.75 13.44 10.62 14.49 6.54 7.21 19.97 8.4 7.24 9.05 13.02 14.76 15.61 11.5 8.61 11.46 3.69 5.3 3.84 4.6 5.63 7.22 8.81 8.48 10.62
3.85 3.9 3.66 3.91 7.65 13.73 22.47 10.87 8.2 18.28 18.33 17.99 9.27 16.99 12.15 24.83 15.7 43.92 33.32 15.41 14.21 13.61 6.4 10.78 8.4 11.42 13.63 8.27 4.46 10.12 14.77 16.61 9.92 8.49 7.37 6.62 4.47 5.28 3.4 4.29 8.86 7.92 18.08 10.32 6.31 14.28 13.72 4.61 10.87 11.39 17.94 10.7 8.44 10.52 11.73 8.54 4.98 10.4 5.24 4.0 3.3 3.9 4.39 3.75
3.44 5.45 3.21 4.15 15.78 18.79 10.79 8.27 7.64 19.59 16.06 28.22 34.01 28.23 25.41 21.54 26.18 20.89 23.44 19.89 16.24 13.3 12.74 17.33 11.23 13.57 9.22 3.62 3.93 15.35 20.15 20.16 8.83 13.08 6.39 5.14 3.93 8.82 6.92 7.12 12.81 5.44 9.52 7.45 13.52 11.98 9.7 5.22 10.41 5.35 14.71 10.23 10.99 7.62 3.68 6.15 11.12 9.92 3.52 7.17 3.76 4.11 5.88 4.73
2.05 4.74 2.82 11.49 16.78 22.21 26.61 24.86 6.69 7.26 8.62 7.13 18.69 16.39 23.16 25.94 16.18 12.89 26.49 23.96 17.11 19.59 18.49 29.05 6.62 8.35 5.86 2.2 4.72 7.41 11.77 26.41 11.01 20.94 8.8 5.86 4.31 6.45 8.59 12.32 8.4 5.44 9.59 27.54 23.61 9.68 10.92 7.07 4.94 11.74 13.97 9.42 8.7 9.43 5.64 7.64 31.07 10.0 14.16 5.13 4.95 3.91 9.72 11.12
2.44 4.08 4.36 6.81 11.94 8.88 22.82 18.11 21.47 7.42 8.22 4.87 9.91 6.82 15.44 20.65 14.15 12.22 8.21 11.75 13.3 17.56 35.91 17.76 10.17 6.12 5.16 5.0 4.0 8.79 5.69 7.57 9.54 18.46 7.68 2.89 8.52 6.76 11.03 12.99 9.79 6.99 6.63 13.04 17.44 12.46 7.91 7.81 13.5 6.8 9.79 11.21 21.73 17.45 19.31 11.49 17.29 13.89 12.99 4.5 7.34 7.49 10.33 8.95
2.04 2.87 5.99 9.44 12.55 10.43 12.3 16.05 9.3 6.06 6.21 5.6 4.97 11.16 7.9 12.26 9.92 9.71 6.25 5.46 12.37 18.73 15.91 9.32 12.99 6.59 8.95 9.59 6.58 8.18 18.28 7.74 8.61 16.94 11.98 6.27 3.04 2.72 4.75 8.49 2.19 6.5 9.55 11.36 15.07 14.76 9.25 10.31 6.61 5.48 6.54 9.24 21.77 21.41 27.19 16.55 24.21 11.55 13.89 9.84 9.66 8.06 7.02 9.67
4.22 3.31 3.93 6.66 12.96 10.98 12.11 14.0 12.13 5.8 6.96 6.8 6.26 7.07 7.66 5.32 12.61 7.72 5.21 4.83 4.41 11.3 17.92 13.74 24.54 16.53 6.83 5.76 10.71 12.96 13.59 4.26 8.22 7.22 9.31 8.39 6.47 5.15 2.53 4.52 1.91 3.46 6.89 5.57 5.56 12.73 10.91 9.02 7.86 8.86 8.44 11.07 16.12 24.91 17.87 11.81 19.18 12.84 19.91 19.86 7.13 6.2 6.34 9.33
8.09 9.14 9.33 7.36 7.07 6.19 8.33 16.62 20.0 4.61 9.83 4.76 5.8 5.49 5.96 10.72 11.16 4.38 6.03 7.78 4.33 13.45 22.57 23.67 14.93 20.99 6.16 9.73 9.67 7.2 11.06 9.25 3.11 3.8 4.41 9.73 5.91 4.93 2.94 5.77 3.48 5.19 5.43 4.38 2.98 8.78 12.24 15.86 8.01 3.76 10.55 13.41 19.21 16.92 18.43 18.53 22.33 14.34 30.27 31.91 8.02 9.22 8.6 5.38
8.06 15.79 9.33 10.72 9.77 10.99 13.2 11.9 16.69 10.06 4.21 7.26 7.08 12.0 10.57 6.43 9.93 9.59 8.48 8.96 12.7 18.95 10.1 19.13 17.4 18.5 20.87 5.73 6.42 5.53 10.51 3.85 2.71 2.99 4.87 6.58 6.01 3.42 2.26 5.1 4.52 5.95 6.17 6.8 5.43 8.5 4.23 14.72 7.09 6.63 11.04 13.14 13.3 11.48 10.07 10.75 13.11 18.16 32.98 15.53 23.76 19.23 6.28 4.28
8.64 9.5 12.37 6.75 14.32 9.04 11.43 20.02 8.02 12.69 5.06 7.52 10.09 6.18 9.52 7.12 9.15 14.08 8.22 11.35 17.68 10.77 15.24 27.83 26.22 16.93 15.19 6.68 9.35 3.66 3.13 4.31 3.84 4.94 5.45 8.23 9.77 4.23 3.59 3.43 1.86 3.78 12.05 14.85 5.92 7.48 3.89 11.23 10.06 10.98 7.0 6.81 7.38 10.83 9.88 11.53 15.19 27.01 20.09 27.37 11.61 9.8 5.33 3.16
6.69 14.28 5.94 9.67 8.63 4.1 5.24 4.66 5.4 15.87 9.36 10.95 13.48 9.92 9.38 11.07 14.33 18.82 17.14 9.9 6.68 11.23 10.57 20.4 22.24 20.97 11.9 10.66 9.35 4.56 3.42 10.32 6.85 5.93 3.09 3.28 8.34 5.72 4.24 2.6 2.32 3.56 10.65 11.45 10.24 8.81 6.71 5.55 9.81 9.76 6.86 4.76 11.73 7.87 8.31 14.8 19.11 36.66 16.07 9.56 5.12 6.76 3.97 2.57
5.5 3.06 3.39 10.17 8.46 6.22 9.2 6.99 4.51 13.34 11.11 10.39 40.63 15.08 13.0 8.09 8.36 5.87 7.66 12.2 12.99 10.3 8.91 15.7 12.37 12.25 15.1 15.54 8.71 2.23 4.99 11.08 8.58 5.2 7.44 5.21 4.88 5.81 5.24 3.27 5.69 4.48 6.69 12.41 15.2 7.63 4.72 2.94 7.51 10.37 5.57 7.36 8.75 5.55 9.75 27.55 23.88 13.93 13.31 9.51 9.37 5.56 9.46 6.2
5.93 7.63 7.48 9.76 7.15 9.28 12.86 17.59 9.84 9.61 7.17 7.65 13.2 15.75 11.67 12.82 9.42 8.81 6.84 10.89 24.4 15.92 6.76 6.31 9.73 10.79 18.16 8.55 11.93 5.21 4.86 5.84 10.24 8.41 9.02 5.83 6.48 10.42 3.82 4.08 5.02 6.19 6.96 7.85 7.67 10.6 3.8 4.3 4.0 6.58 10.38 5.32 10.93 16.05 15.16 27.04 13.7 10.83 7.62 3.97 4.6 4.87 6.12 4.67
10.02 10.58 8.24 4.46 24.29 6.42 11.51 17.61 13.36 10.02 9.8 9.38 8.54 7.35 9.08 9.6 8.43 7.73 13.14 23.28 38.43 20.08 14.88 10.55 10.92 7.09 11.05 5.06 6.82 6.03 5.67 7.95 11.79 11.08 5.26 6.39 9.15 5.16 5.67 3.85 10.06 5.32 3.02 4.5 4.78 5.89 6.78 8.25 9.74 6.02 13.54 9.08 10.05 13.97 10.45 13.97 10.49 5.42 9.23 7.47 4.2 14.33 2.8 2.63
9.45 9.27 8.47 7.1 9.65 20.48 10.52 12.72 8.48 12.68 6.51 11.75 9.38 19.1 18.36 8.58 8.52 7.55 14.3 12.71 15.67 21.74 30.42 21.73 10.64 13.43 7.15 4.82 4.0 8.32 6.02 7.41 4.34 7.75 3.96 2.81 5.34 3.56 3.46 3.74 3.75 6.0 7.35 4.1 6.6 5.04 7.48 6.29 3.93 8.18 11.22 8.69 11.52 21.46 12.24 24.99 7.03 8.16 11.29 19.22 9.19 8.28 2.67 3.62
8.56 7.11 8.5 13.75 7.91 10.91 19.71 23.62 10.74 7.25 7.12 9.97 7.03 5.5 12.11 8.08 11.38 12.9 10.72 10.95 10.98 9.22 14.57 7.72 7.63 8.92 5.94 6.32 3.99 5.21 5.58 4.38 4.61 6.28 3.81 3.93 4.29 1.84 4.78 3.76 4.05 12.74 7.48 8.84 8.91 4.7 11.38 13.97 10.19 4.02 9.83 9.57 7.39 9.49 14.84 27.19 8.71 4.18 10.97 18.56 19.94 9.25 7.0 7.53
5.28 3.73 8.87 7.43 4.26 9.84 20.22 15.81 7.86 9.26 15.55 7.67 4.94 4.67 12.56 6.04 3.57 7.95 5.51 15.71 8.74 9.97 8.87 12.64 7.12 5.54 6.86 5.73 6.9 9.56 8.92 6.78 6.08 4.98 3.96 3.59 2.64 3.75 5.39 12.74 7.69 20.26 7.93 8.04 8.9 5.92 8.37 21.66 8.59 6.75 5.96 7.68 4.6 7.12 16.24 15.56 14.09 5.35 7.04 9.93 10.47 3.96 7.21 4.15
2.88 2.15 4.32 5.68 4.5 7.53 12.99 8.5 5.88 8.44 15.54 15.67 9.85 10.02 5.81 6.03 4.19 3.94 2.88 9.45 7.7 8.08 13.25 23.4 21.23 4.6 3.07 8.55 11.63 9.82 11.35 6.53 10.48 2.89 2.6 2.67 3.28 3.35 7.91 19.93 12.95 13.74 13.86 12.5 6.74 7.05 4.84 5.71 8.03 5.94 6.82 8.46 9.24 6.5 10.1 18.99 19.08 6.88 7.31 17.33 11.2 6.2 5.08 3.61
4.89 3.67 5.61 8.81 7.36 7.54 8.91 5.28 6.83 9.54 16.14 15.63 12.49 5.89 5.15 11.88 5.31 3.01 3.54 3.14 6.9 12.61 9.89 17.41 11.05 4.62 4.74 5.12 7.43 14.14 10.48 18.25 7.91 4.49 7.4 2.54 3.21 3.19 5.92 11.74 7.09 8.02 9.2 10.64 5.49 7.73 5.62 3.48 6.85 8.0 13.54 8.28 11.16 7.91 10.3 12.99 14.13 11.61 7.71 11.96 12.73 10.3 9.32 6.03
9.92 5.51 3.63 6.87 7.5 5.69 7.35 9.49 10.33 10.97 7.95 10.03 8.24 2.21 4.64 6.35 4.11 2.26 2.67 4.83 10.06 6.67 7.68 23.14 8.45 10.28 4.82 4.97 6.55 9.41 12.84 8.96 14.44 6.64 7.75 2.8 2.34 5.62 7.11 17.58 18.47 4.74 7.23 11.3 8.68 4.22 4.26 5.39 8.44 7.3 11.77 9.08 6.67 10.64 6.25 8.78 10.07 8.44 8.36 4.42 11.79 16.1 8.64 8.42
6.69 8.29 5.18 8.16 9.56 5.12 12.49 8.55 7.32 6.63 6.44 6.13 5.82 1.39 2.88 3.66 4.95 4.86 4.88 8.87 6.68 7.52 11.06 12.98 7.64 8.81 17.6 5.75 13.49 11.86 11.6 15.22 14.72 13.87 10.92 3.82 3.65 3.57 12.18 11.71 7.27 14.18 15.33 11.61 5.14 2.88 3.06 6.09 4.55 5.63 6.45 6.2 10.18 6.66 5.4 6.21 7.48 8.28 10.25 8.63 11.75 8.22 5.37 4.22
15.25 14.92 5.59 9.39 10.34 6.24 8.25 4.27 6.6 8.34 4.92 7.76 7.87 2.08 3.5 2.33 4.07 6.97 3.24 7.64 8.68 10.44 8.32 5.8 8.65 10.41 13.0 17.74 16.11 9.87 9.73 13.79 10.19 8.76 4.68 7.09 8.53 3.59 9.49 14.15 6.93 13.62 6.55 5.01 4.61 7.48 4.32 5.53 4.05 8.32 5.28 6.63 18.05 7.86 4.17 5.16 8.78 19.87 11.85 8.07 7.61 7.3 2.26 4.3
24.04 11.56 17.07 10.15 9.48 6.39 2.81 4.78 10.99 8.76 5.17 6.03 7.06 4.46 5.69 4.86 5.49 5.27 5.14 4.88 5.48 5.43 11.18 11.42 6.51 13.86 6.69 9.61 4.94 10.25 22.38 10.13 12.17 10.5 7.1 3.78 7.86 6.07 17.46 16.02 11.89 8.49 3.34 3.98 5.83 4.62 4.74 3.71 7.23 6.11 7.41 6.18 10.07 8.27 4.64 7.89 7.85 18.65 11.37 7.6 7.76 5.75 3.49 4.47
8.49 6.67 12.1 11.18 4.89 5.16 2.12 5.54 10.96 6.49 4.57 4.69 12.58 11.38 9.88 5.47 9.39 6.5 2.66 5.88 3.94 7.87 8.87 9.64 11.37 10.59 5.78 12.16 6.44 10.95 8.86 6.18 8.09 11.19 10.09 3.37 5.51 7.79 9.91 13.22 11.89 12.15 2.76 3.86 3.81 3.97 3.41 7.29 6.87 7.16 5.0 5.98 12.89 10.36 5.85 9.38 4.96 7.11 6.05 9.28 7.75 6.95 2.43 4.34
5.03 6.25 4.91 10.5 4.14 4.51 4.31 7.74 6.64 5.03 20.66 9.18 7.38 16.37 16.33 6.62 5.8 4.76 6.53 5.15 6.56 4.78 8.75 5.65 5.12 6.11 3.59 8.34 15.36 12.09 7.57 8.08 9.36 7.19 4.04 6.04 7.92 8.37 7.19 10.54 8.76 11.35 6.4 5.11 8.87 7.16 7.33 7.38 5.93 5.47 10.62 6.51 6.2 6.86 9.24 6.61 6.32 5.65 16.71 6.51 3.5 3.01 2.25 2.99
5.45 8.38 6.8 14.39 25.04 14.58 7.45 5.71 7.69 14.39 12.23 20.86 13.17 17.06 4.49 4.61 4.83 6.85 5.35 3.89 7.6 5.1 4.79 5.59 8.53 5.44 2.03 2.8 8.72 7.45 3.8 7.7 8.51 4.37 2.72 6.82 12.8 12.71 9.61 14.37 11.96 15.51 10.73 5.8 10.27 10.24 9.65 6.72 9.11 8.0 10.34 8.78 7.16 8.78 5.69 11.08 13.06 13.12 12.41 3.34 2.29 4.6 1.78 2.81
10.96 8.63 6.94 13.27 15.13 14.43 13.99 12.25 15.14 9.78 6.29 20.9 21.58 14.08 14.24 8.9 6.31 6.36 3.38 4.32 14.97 11.04 5.77 4.23 5.67 4.78 2.38 3.58 5.91 5.32 3.55 5.64 5.87 2.66 4.86 7.76 13.8 12.51 15.4 11.41 14.85 11.59 21.18 7.87 11.98 9.61 11.04 4.38 5.73 6.34 9.92 14.42 8.46 5.58 9.3 8.29 24.1 17.39 6.42 5.04 2.45 4.86 2.96 2.53
17.24 23.09 14.31 17.96 7.3 11.7 15.36 9.75 12.35 11.77 5.96 8.77 23.57 13.83 22.8 10.26 11.97 4.24 5.54 5.89 16.96 6.18 4.59 4.49 9.32 6.12 3.45 4.97 5.22 5.66 5.9 5.33 4.49 4.94 2.93 2.93 5.4 8.7 6.11 9.04 13.22 31.15 17.09 8.78 8.25 10.23 10.08 4.2 4.95 11.37 9.39 5.45 5.82 5.65 8.83 8.6 15.62 13.01 9.38 5.51 7.73 4.82 4.53 4.01
