17.32 33.13 36.68 11.57 9.09 6.78 7.09 5.99 3.96 2.58 3.04 5.51 4.55 4.62 5.54 8.56 4.32 4.23 4.85 7.92 8.35 7.47 7.26 5.33 8.47 11.79 4.66 7.25 6.9 8.99 8.97 15.41 17.09 20.6 15.93 7.62 8.54 8.43 9.42 6.52 3.3 7.7 16.67 10.73 14.07 26.53 17.37 16.76 6.67 10.52 15.21 14.95 7.82 5.2 4.9 6.44 5.78 4.81 5.53 7.01 4.8 9.02 4.42 4.34
14.09 30.06 31.37 12.99 18.4 6.63 5.27 8.25 6.15 4.31 5.14 9.29 6.94 5.64 4.75 4.27 4.99 3.97 3.29 4.39 11.52 7.89 8.56 6.32 6.12 9.65 6.79 4.59 4.21 4.33 7.63 9.36 15.36 9.49 11.02 11.44 4.83 7.2 14.31 10.82 4.18 4.08 7.44 21.07 17.52 17.36 26.68 17.56 15.98 11.29 6.21 15.52 12.81 8.09 3.63 10.76 13.49 7.66 7.41 7.54 10.89 22.16 4.77 3.42
23.6 23.0 16.72 15.04 8.75 5.81 5.71 5.77 4.93 5.68 5.23 5.5 4.93 5.39 4.89 4.62 5.92 9.87 5.38 4.96 6.33 5.05 7.88 12.64 5.26 8.06 11.85 8.35 4.74 3.77 9.1 11.94 6.7 9.29 6.41 6.87 3.88 3.72 7.46 12.26 6.76 3.77 6.61 19.27 17.37 7.49 7.29 9.75 10.56 8.29 7.71 10.82 8.0 6.39 15.08 7.66 6.59 5.71 6.11 9.7 19.13 14.92 9.12 6.17
20.48 12.5 13.33 13.32 4.4 11.22 13.05 10.43 5.84 4.19 6.04 9.04 6.78 4.49 3.46 4.94 6.32 7.02 6.76 6.47 5.79 4.62 7.27 7.83 5.75 4.74 5.37 9.44 3.69 9.26 13.96 5.16 11.63 7.05 3.62 6.86 2.89 5.09 5.75 6.49 5.68 7.5 8.1 10.63 4.57 2.61 3.42 5.15 6.27 7.88 15.71 17.9 8.01 7.91 5.74 9.93 10.91 7.52 7.02 12.02 11.64 17.76 14.82 8.37
11.47 12.73 12.17 12.94 15.32 13.36 9.77 16.24 7.2 5.34 5.24 4.12 6.54 4.04 2.93 4.86 3.09 8.41 7.58 4.93 6.15 6.18 9.29 7.64 4.53 6.19 5.42 4.57 4.52 3.53 8.72 6.23 7.09 4.28 3.87 3.89 3.27 2.23 3.03 5.97 6.43 6.88 7.24 5.8 3.55 1.43 2.6 2.58 7.11 8.61 5.88 14.65 15.12 11.37 8.91 10.63 10.1 7.47 6.17 8.48 10.49 16.19 9.49 7.16
13.39 5.7 15.72 16.32 30.33 24.79 12.0 9.75 10.9 8.57 4.37 5.52 7.38 4.22 3.63 6.01 8.48 3.21 4.26 5.72 6.08 4.83 3.74 7.57 5.64 5.69 3.34 5.09 3.1 2.07 5.3 6.51 9.06 10.22 5.86 4.65 6.68 5.24 2.67 9.24 8.48 7.81 3.12 2.94 2.96 3.52 2.87 3.42 5.69 7.76 7.44 7.58 7.92 6.91 8.77 8.82 6.71 6.58 6.18 14.06 17.39 7.21 4.74 4.32
7.07 7.93 16.25 31.43 25.85 21.4 7.59 5.84 7.05 9.43 6.36 8.93 10.78 9.92 7.19 7.85 6.35 3.28 2.99 6.5 6.52 5.63 6.74 6.03 4.28 6.81 5.71 4.4 3.49 3.21 3.59 5.44 14.52 9.29 7.56 6.55 2.4 3.66 6.26 7.21 6.37 4.98 2.34 2.82 2.9 4.73 3.3 5.49 6.88 10.06 10.34 7.68 6.29 6.56 7.01 10.18 5.71 8.95 10.04 6.59 5.64 6.02 3.42 3.08
7.0 4.93 8.66 14.7 18.33 11.97 6.51 4.5 4.67 8.54 10.12 14.66 22.47 18.22 17.32 10.21 5.64 5.5 8.39 5.93 7.06 6.07 6.49 7.34 6.51 7.18 4.22 6.64 4.98 5.92 7.63 13.58 25.84 10.48 14.14 6.98 4.36 6.23 5.3 3.72 4.64 4.45 2.34 3.21 4.16 7.4 4.3 4.15 8.14 10.31 7.74 7.67 8.87 8.09 7.34 4.82 3.26 11.56 9.41 7.32 8.69 9.38 7.15 3.25
9.56 6.76 7.74 14.52 13.54 8.99 8.15 4.8 3.22 9.72 9.49 17.34 19.91 22.49 15.07 8.79 7.66 3.86 5.95 4.32 5.38 3.5 3.78 4.81 6.04 11.05 9.85 7.34 9.28 19.57 19.72 12.78 16.31 14.21 10.07 6.87 4.91 6.03 5.57 6.37 6.06 9.2 7.27 4.16 6.98 6.23 7.25 13.3 10.18 12.65 10.54 8.67 8.57 8.93 4.49 6.15 6.17 5.11 8.14 7.3 8.23 10.69 5.08 5.14
8.73 12.92 9.15 10.58 11.0 5.37 7.15 6.89 5.96 8.86 14.45 22.98 13.22 28.2 12.71 11.1 6.63 5.82 7.96 7.57 6.53 5.0 2.61 2.99 4.0 7.74 10.6 13.72 12.95 23.75 9.79 4.82 8.63 9.34 9.28 16.45 11.16 10.04 12.29 11.2 15.1 9.14 4.81 3.64 5.94 11.79 15.55 21.52 22.3 11.44 9.86 10.58 8.52 6.57 11.02 7.83 4.05 7.6 11.47 9.13 6.25 4.91 3.02 6.41
14.11 13.71 11.74 9.99 4.38 3.94 6.05 7.11 8.68 12.02 17.95 8.09 12.54 28.37 15.43 7.43 7.17 5.85 5.98 5.51 9.1 5.7 4.66 5.66 4.57 8.91 21.01 15.66 19.25 9.29 10.57 7.57 8.14 11.38 14.08 9.13 6.88 14.58 11.5 13.75 7.73 2.45 5.24 4.69 5.56 10.24 12.53 23.56 26.55 21.13 14.55 9.87 10.44 15.0 5.23 5.45 6.32 8.02 8.33 6.48 4.54 4.54 4.46 5.92
4.98 4.98 7.66 8.82 6.95 6.7 7.55 16.51 13.39 10.12 10.22 15.86 12.2 12.54 5.59 4.86 6.94 5.38 2.62 4.71 9.94 8.04 9.92 7.32 8.3 14.01 21.41 11.69 9.81 10.52 8.48 3.11 5.04 5.83 7.78 7.83 5.14 4.34 7.99 14.01 7.58 5.54 3.75 5.01 4.83 8.66 14.9 19.36 17.7 23.92 7.23 9.4 13.59 9.62 4.67 4.0 5.71 9.31 7.46 6.45 6.11 5.91 6.89 5.86
5.73 6.5 8.16 9.35 7.37 9.67 8.76 8.77 10.46 14.98 10.72 8.83 7.21 3.92 5.96 6.25 3.65 7.06 5.53 7.21 5.31 7.27 5.45 8.15 7.43 13.69 21.0 16.58 11.91 6.89 4.19 5.0 4.93 3.24 4.03 5.74 5.47 5.22 5.32 10.61 13.41 8.24 5.67 4.16 5.98 8.35 13.49 9.91 15.46 22.49 14.27 12.62 11.17 13.67 9.3 5.52 5.81 18.52 7.26 3.47 10.88 6.87 11.04 8.41
4.82 7.29 11.69 14.18 4.79 3.64 5.79 9.86 12.34 8.68 7.47 8.84 7.51 4.92 3.58 4.71 5.66 2.92 4.01 7.39 5.78 5.88 4.39 3.07 4.94 17.36 9.27 7.58 11.39 14.26 6.97 3.66 5.55 4.94 6.42 7.05 5.0 7.62 8.66 12.56 9.13 6.48 8.62 6.5 11.99 11.38 12.27 15.76 23.96 16.1 22.64 8.33 7.61 11.95 5.94 7.35 8.34 14.53 10.67 9.93 9.89 5.46 7.82 9.31
6.53 15.14 29.52 10.53 9.87 6.92 4.47 7.54 8.85 12.22 5.69 12.84 25.42 9.62 4.83 5.22 4.38 4.78 7.34 3.26 6.17 10.27 5.5 5.29 8.21 23.03 7.94 5.41 9.89 7.89 11.8 4.98 6.17 6.35 10.89 5.71 6.02 13.86 8.49 16.8 15.71 14.45 10.34 8.07 18.58 11.02 8.53 21.1 28.02 16.84 12.8 7.41 6.98 7.03 11.1 17.07 9.05 15.21 10.23 7.17 8.29 8.15 7.65 5.93
13.84 18.27 19.7 13.68 7.69 9.12 9.93 7.59 5.8 6.09 7.36 21.99 18.21 21.19 12.22 7.38 14.04 5.68 4.5 7.73 6.42 8.44 7.09 11.34 10.89 10.72 8.02 12.99 24.26 12.89 7.02 6.32 4.41 9.31 18.45 7.7 5.49 8.6 6.38 10.78 16.55 7.84 8.76 6.37 8.24 12.77 9.24 13.71 10.16 9.27 9.91 8.39 7.55 4.4 8.11 7.01 9.67 15.18 8.3 7.77 7.8 7.72 13.22 12.98
15.17 17.6 14.27 13.51 14.93 9.76 10.8 8.27 6.38 5.89 5.69 15.02 12.28 20.49 13.12 6.17 8.22 6.26 7.0 10.99 8.04 8.08 8.48 10.55 7.41 11.02 19.11 20.67 24.65 23.49 15.35 5.27 5.29 4.59 6.79 8.91 4.84 6.09 12.85 15.37 8.24 6.62 5.27 4.75 4.39 12.12 8.78 7.63 13.44 6.69 5.93 5.43 3.82 3.23 1.79 7.4 9.29 7.48 5.75 10.7 7.69 7.57 10.35 14.18
14.64 13.89 13.08 18.74 10.22 10.34 20.4 10.19 7.53 7.9 8.27 6.52 9.08 8.87 3.53 4.63 4.8 8.59 8.88 8.2 12.38 6.58 4.01 7.02 4.96 8.01 9.78 14.9 32.72 26.22 11.73 5.91 4.14 4.56 5.54 5.46 8.96 13.75 31.56 12.96 6.1 4.23 2.89 5.72 4.7 5.47 10.87 9.17 6.74 8.02 5.23 3.17 2.89 2.17 5.23 7.19 7.44 5.05 4.76 6.55 12.75 6.56 7.66 11.38
11.67 13.33 8.53 17.04 13.45 7.03 13.65 11.76 10.51 9.86 6.67 5.01 5.89 4.03 2.67 2.87 11.5 10.22 7.21 6.73 6.5 6.44 6.75 5.27 4.38 8.83 11.95 25.98 20.67 17.68 7.89 3.81 4.33 5.14 3.29 4.99 9.9 13.21 10.79 14.89 6.07 4.54 6.56 4.41 5.42 6.25 6.05 8.27 6.75 8.13 6.62 4.87 4.31 5.42 5.91 5.82 8.5 4.13 3.39 5.45 11.0 5.56 10.12 9.71
10.38 10.26 8.2 11.56 11.93 7.82 7.15 14.55 17.06 15.86 8.93 8.4 6.22 3.44 4.97 6.08 4.76 8.08 10.55 8.09 5.4 13.07 8.61 3.78 5.41 6.37 8.81 25.85 29.1 14.31 6.73 4.19 5.83 6.76 5.33 11.61 15.46 14.0 19.6 9.03 5.71 4.06 5.74 4.75 5.71 4.31 6.54 7.38 5.19 4.98 5.68 7.62 5.66 6.37 4.3 14.47 10.78 3.68 4.64 9.47 7.37 6.19 7.92 13.12
10.68 10.32 9.41 10.6 11.59 5.71 5.23 10.51 16.46 18.18 11.3 13.57 7.09 4.5 5.29 4.37 7.49 7.18 6.41 6.28 7.31 11.98 10.82 7.72 6.28 8.82 11.24 13.41 31.79 12.33 7.03 8.63 8.06 6.97 7.5 6.58 12.24 13.67 5.92 8.91 11.19 3.5 2.86 2.89 4.21 6.17 9.15 6.16 4.95 6.55 10.4 9.38 10.18 14.16 8.74 9.83 5.72 8.15 5.1 5.16 6.52 3.25 5.76 9.07
7.64 6.34 6.73 7.27 10.86 15.49 5.66 8.04 26.26 16.34 5.91 11.6 13.42 6.72 7.23 5.22 7.81 10.14 9.45 7.5 5.17 12.64 15.7 7.25 7.04 7.84 10.44 16.26 30.03 13.47 16.06 8.97 10.3 8.67 4.51 8.16 10.13 11.24 4.83 5.32 8.88 8.32 6.44 3.61 6.05 4.53 4.4 5.71 4.89 8.97 12.06 10.45 14.18 18.54 10.26 9.05 9.53 8.96 7.11 6.85 5.99 3.78 7.51 9.34
11.31 7.01 5.27 8.97 17.8 12.57 7.04 8.0 15.74 12.14 6.85 6.29 6.66 7.05 10.78 9.11 8.57 10.9 11.3 6.3 5.45 13.64 5.47 7.61 5.86 6.84 11.91 24.77 25.72 19.11 8.12 12.37 10.77 4.17 5.76 9.3 5.25 6.15 5.56 6.98 7.59 9.67 4.68 8.67 12.82 6.94 5.12 4.88 7.87 11.49 15.44 12.43 16.16 16.0 14.3 13.19 9.15 9.83 7.02 4.26 3.01 4.95 10.75 5.49
8.59 6.84 6.71 9.86 9.47 8.19 8.39 11.39 13.8 11.0 6.74 11.13 10.05 13.32 15.23 13.58 20.55 11.04 12.13 8.82 9.58 10.95 8.36 8.16 5.07 4.58 11.98 14.41 15.48 10.04 14.75 7.21 4.34 4.61 5.87 4.84 6.05 6.42 9.27 8.35 4.55 6.49 17.21 12.35 13.13 14.26 9.77 6.11 9.66 10.79 15.53 13.48 7.36 17.74 16.23 18.08 19.64 13.59 13.42 6.07 5.08 6.9 6.36 7.55
5.82 5.96 6.18 7.99 7.6 6.33 8.38 5.04 8.9 13.27 8.46 6.43 8.36 24.95 12.71 10.89 9.51 8.7 15.35 11.96 8.69 23.44 16.62 9.1 6.54 15.93 16.09 16.68 13.42 8.72 12.0 6.16 6.47 6.79 4.12 3.53 4.82 4.23 10.47 8.13 8.31 10.59 8.07 8.77 12.29 5.63 6.27 6.46 11.96 11.51 13.3 6.71 6.31 15.15 22.84 17.67 34.48 40.01 9.94 6.01 5.39 6.12 7.47 5.44
3.82 2.89 2.63 4.35 6.93 13.95 12.12 4.74 6.05 9.68 11.96 6.14 7.01 11.05 14.58 4.49 9.58 17.67 17.25 14.4 7.59 13.97 13.54 16.39 16.67 16.2 15.47 24.07 14.08 13.07 9.94 8.66 6.27 5.83 3.96 5.57 6.87 6.69 4.1 6.74 11.28 7.03 11.65 12.75 6.45 7.23 8.66 8.15 10.63 8.07 6.38 5.4 9.01 17.13 19.07 14.77 7.81 19.54 19.61 13.62 6.79 4.42 5.27 5.9
1.6 2.51 3.84 3.42 6.09 10.08 8.37 8.15 8.09 7.66 6.61 12.17 8.61 5.64 7.39 12.37 15.47 14.87 13.01 15.7 15.64 10.67 19.56 20.92 29.57 16.33 16.73 21.19 15.99 10.82 11.15 8.54 6.21 6.97 7.13 4.49 6.03 4.38 5.54 5.8 4.86 4.25 5.86 9.95 5.44 5.03 8.9 6.92 9.57 9.35 8.38 8.7 13.66 15.21 12.08 11.82 11.07 8.9 23.88 22.91 12.71 7.18 6.08 7.16
2.43 4.91 3.47 2.27 5.32 4.61 3.89 6.81 6.93 5.15 12.46 14.98 13.16 6.44 4.85 6.04 7.25 13.51 31.07 26.15 14.98 16.09 12.96 21.58 10.79 7.09 16.64 11.61 17.23 14.32 12.61 16.17 7.5 6.5 6.6 6.77 4.33 4.16 4.39 4.93 3.0 4.37 3.46 2.52 4.5 3.16 5.96 10.05 5.76 10.61 8.41 6.65 10.76 13.04 9.08 7.26 6.87 11.08 20.74 7.28 11.7 5.18 10.82 9.87
4.99 5.74 5.78 5.98 4.44 5.65 3.01 3.21 12.28 13.11 14.05 16.11 13.64 6.39 6.19 3.79 4.82 10.65 27.16 25.38 13.7 23.82 9.31 16.88 13.9 5.5 6.23 11.34 14.32 11.1 14.55 18.83 5.85 4.52 4.21 4.49 2.84 5.37 4.43 3.59 6.32 6.22 5.89 3.25 2.93 6.14 7.34 6.29 5.5 9.38 7.83 3.55 8.76 13.13 6.8 4.81 6.31 7.47 10.85 11.63 10.4 10.85 8.48 8.46
5.24 4.68 12.71 6.94 6.93 6.65 3.31 4.69 5.62 6.43 14.9 9.35 5.62 4.76 8.03 6.42 7.65 10.26 15.47 21.09 20.69 27.79 11.32 12.99 9.8 6.03 6.44 6.49 12.1 11.59 8.5 6.08 4.97 4.37 4.94 3.68 5.56 4.9 5.75 5.47 8.99 9.45 4.05 2.26 5.36 5.48 10.28 5.17 2.87 2.46 4.1 5.65 5.37 9.42 7.15 5.18 7.35 8.18 16.83 20.11 16.45 10.72 7.19 8.36
9.49 12.71 14.32 17.67 9.03 6.1 4.02 4.57 5.9 4.69 5.32 3.69 4.49 4.18 9.11 6.08 7.36 14.0 25.92 16.09 15.7 13.48 8.29 12.1 9.33 6.21 8.63 5.12 5.83 7.39 3.95 4.62 4.82 6.53 6.25 7.84 10.28 5.59 6.8 9.91 9.92 5.4 2.71 4.94 8.21 5.98 12.87 7.66 5.05 5.36 3.52 5.91 4.23 10.57 18.52 7.05 4.1 8.86 13.47 8.36 13.2 9.92 10.37 7.16
21.13 12.6 8.86 14.78 14.01 13.38 9.1 5.35 6.2 7.42 3.99 4.19 4.83 5.79 8.13 5.27 7.85 8.75 27.89 16.71 7.62 5.52 7.59 6.44 4.0 5.22 4.87 2.94 4.38 4.45 3.7 2.78 3.77 5.93 6.15 9.17 6.83 8.89 4.47 5.16 5.51 7.42 4.21 5.64 8.06 10.25 18.0 8.82 7.3 6.94 7.21 7.85 5.15 16.42 12.13 10.37 6.12 11.22 12.68 9.8 8.74 8.1 6.96 7.51
19.36 20.5 15.17 6.85 15.4 14.42 6.6 6.04 5.23 4.85 8.57 5.71 7.86 6.19 5.07 8.51 5.71 7.58 15.1 12.35 9.87 4.67 6.3 8.76 4.36 2.71 5.12 3.67 2.82 4.32 3.73 1.73 4.73 8.23 6.22 6.68 9.43 4.4 3.8 3.95 6.76 8.16 4.65 3.94 8.25 13.63 21.51 14.43 12.09 8.14 11.52 14.4 14.17 7.88 11.22 10.61 7.16 8.15 9.29 7.37 7.59 3.88 4.79 12.14
31.5 20.2 21.66 7.97 5.8 6.86 8.29 8.23 6.49 8.11 7.21 7.3 11.89 7.38 6.16 6.24 5.39 4.29 7.26 8.79 6.54 3.13 2.35 3.43 3.23 4.33 5.35 4.12 4.17 2.7 3.39 6.24 5.01 13.2 15.46 5.55 5.73 8.5 6.01 8.63 7.15 6.69 6.59 6.89 9.83 12.42 20.84 11.85 5.69 7.72 14.56 15.88 11.44 8.21 8.4 6.48 5.28 4.3 5.48 5.25 6.71 4.72 4.94 8.44
29.32 17.9 10.09 5.8 7.85 6.86 7.01 11.36 7.78 4.35 7.3 6.41 6.14 5.78 4.51 2.17 3.24 3.74 2.94 4.24 2.99 3.67 4.78 3.4 3.1 4.02 6.74 5.16 5.67 3.66 5.61 6.17 3.4 9.91 7.47 4.61 4.48 4.07 11.74 7.84 6.18 8.73 13.59 15.57 11.27 7.48 7.52 5.73 6.3 7.35 8.91 18.2 19.9 7.25 5.21 2.91 3.52 4.48 3.18 4.68 6.3 2.6 2.87 7.83
14.17 9.54 9.08 3.87 5.11 13.69 11.77 6.11 6.37 2.82 4.21 2.97 3.67 2.86 4.13 3.03 1.52 3.04 4.83 3.17 3.76 3.68 2.16 2.58 3.04 2.32 6.85 6.66 11.05 5.79 2.78 6.95 6.25 4.29 3.19 2.6 7.92 7.98 7.0 4.73 10.45 12.99 12.66 13.29 8.56 8.84 8.65 3.89 5.99 7.37 9.43 7.4 7.4 9.56 4.66 2.88 3.2 3.45 4.14 5.11 7.37 7.35 7.18 4.36
8.52 9.66 7.07 9.1 7.44 8.0 5.76 7.88 4.17 2.55 2.79 1.78 3.06 2.08 2.16 2.47 2.62 4.33 2.92 3.24 4.85 3.96 3.7 2.27 2.86 4.71 6.56 4.18 8.34 4.49 4.56 6.34 5.57 4.47 3.63 2.5 4.33 7.95 8.28 7.89 7.88 7.97 7.68 9.41 12.7 6.01 13.5 13.75 7.3 8.88 6.42 15.88 7.0 6.62 3.31 2.2 6.13 4.85 3.02 4.38 13.43 18.45 4.74 5.25
10.79 6.19 5.43 6.81 9.8 7.33 5.62 7.39 6.1 3.34 2.29 1.45 3.2 4.44 3.39 1.74 2.12 4.67 9.33 6.03 7.89 12.66 4.06 3.75 3.83 4.55 5.43 4.18 2.94 6.06 8.48 7.8 6.86 7.27 4.61 7.07 8.0 7.82 11.5 18.77 7.72 10.24 10.87 8.14 13.47 7.3 7.94 7.95 16.77 9.08 6.05 9.42 7.5 7.81 10.18 5.09 8.21 4.44 5.22 5.96 10.56 11.99 7.44 6.91
14.62 7.77 4.49 7.05 9.11 8.76 8.76 4.34 2.94 3.49 2.85 1.3 2.56 2.49 3.21 1.25 2.57 3.45 6.75 10.57 6.61 11.1 16.05 5.86 4.82 3.64 4.61 4.65 6.18 4.36 7.88 15.23 12.92 11.71 7.98 10.75 4.87 9.16 17.07 12.41 9.17 5.15 5.24 8.08 7.94 5.78 5.78 5.42 7.35 4.61 6.28 11.19 8.32 15.11 16.14 5.26 6.59 4.0 4.79 4.89 9.98 10.94 9.68 7.88
11.06 9.8 7.16 5.82 7.73 11.97 5.81 6.44 3.46 2.44 2.46 1.6 3.79 4.32 2.37 3.1 3.04 4.9 3.6 7.26 6.41 4.27 11.3 9.18 3.14 4.48 4.42 4.28 6.38 5.89 15.84 7.53 5.84 9.9 10.08 5.92 10.98 10.04 10.32 12.87 7.29 4.59 4.95 5.94 3.41 3.28 8.25 5.65 7.36 6.15 5.78 7.66 10.93 16.52 10.89 6.29 8.44 5.59 3.56 5.02 14.54 10.37 6.03 5.2
10.12 7.45 9.74 8.66 5.58 15.63 8.34 3.8 3.64 4.5 4.69 1.88 2.58 2.57 7.76 3.84 2.09 2.48 4.75 5.41 4.53 4.51 6.62 4.86 2.4 3.79 5.62 4.63 5.43 7.71 6.95 6.27 4.97 4.62 7.6 7.87 9.39 6.68 5.78 5.49 3.59 3.32 3.67 5.02 4.82 4.16 8.05 7.89 8.09 21.82 13.62 14.2 13.79 9.49 12.75 14.59 7.14 6.51 7.49 6.66 8.17 5.53 9.29 6.69
6.42 6.53 6.2 3.96 5.46 7.03 8.23 5.48 3.73 4.23 4.17 2.07 1.49 2.92 7.44 3.93 2.93 3.23 3.1 3.47 5.85 2.59 3.61 4.15 3.9 3.21 5.17 4.4 8.24 11.83 4.79 5.67 6.12 5.04 6.17 7.84 10.23 7.6 4.83 1.69 2.78 4.74 6.98 9.48 8.04 9.73 6.94 7.26 13.59 13.81 18.69 12.32 6.97 15.67 15.76 11.28 6.07 2.37 8.18 13.96 4.69 6.53 5.89 8.32
8.9 5.62 5.81 2.86 2.79 6.97 5.18 3.89 6.66 3.86 3.16 2.39 3.58 3.28 4.96 8.47 2.94 1.49 2.95 2.86 5.54 6.81 4.51 4.44 4.65 2.83 4.08 5.54 9.39 10.17 7.35 8.87 7.29 7.76 4.13 7.3 13.89 9.13 5.62 4.37 3.91 8.43 11.54 14.65 14.14 6.05 10.44 16.01 12.2 12.7 12.01 12.91 14.11 11.62 5.34 5.95 6.44 2.44 6.56 9.22 6.77 3.91 6.77 8.64
11.44 7.99 3.07 5.97 5.01 4.13 4.33 6.78 6.31 4.1 4.24 5.83 6.19 4.03 6.99 11.27 6.48 2.47 3.22 5.49 9.63 8.08 6.27 3.34 7.43 3.49 3.66 7.49 14.0 12.13 8.06 8.15 8.11 8.06 6.83 8.26 7.58 9.31 6.36 5.48 7.56 11.8 16.57 7.07 7.34 12.07 8.71 14.49 11.67 5.16 10.61 20.53 9.14 5.65 9.67 5.62 7.82 7.61 10.44 15.27 6.47 5.33 6.78 14.29
14.87 5.91 5.76 5.1 7.57 11.46 12.29 8.86 5.71 7.42 11.0 8.12 6.75 9.29 9.9 7.03 5.14 4.71 4.28 14.8 9.68 7.97 10.02 7.5 9.89 4.68 6.93 11.06 8.14 7.33 19.94 12.03 6.68 10.11 8.6 9.35 12.54 9.89 6.88 5.44 6.17 9.03 13.94 9.53 12.69 15.99 15.3 6.86 6.42 7.91 9.44 22.47 12.25 10.08 9.76 7.07 11.55 8.21 20.97 17.86 8.76 9.57 6.1 10.3
7.01 6.62 6.06 8.64 8.4 14.12 15.35 9.5 8.09 9.49 21.3 9.31 17.59 12.46 6.0 8.46 5.4 4.93 5.09 8.64 4.31 4.84 8.66 6.41 10.54 9.52 11.04 7.29 16.44 15.48 7.31 7.47 8.05 5.41 10.21 9.38 13.18 13.74 6.71 3.18 4.55 4.8 9.0 10.3 18.47 24.13 18.83 8.76 8.98 7.25 6.42 9.77 8.55 11.12 12.69 15.31 14.13 9.54 27.0 12.34 9.2 5.62 6.52 21.38
6.66 8.97 7.52 12.51 7.2 8.37 6.47 8.15 6.71 6.64 13.21 14.05 15.73 13.14 8.67 4.72 6.29 7.58 4.3 4.72 12.75 11.83 8.99 8.98 15.85 21.25 10.87 8.68 17.53 10.5 10.25 4.72 6.21 10.26 13.2 16.49 7.9 6.67 6.34 6.4 2.5 2.97 9.64 12.71 16.09 15.26 19.45 14.39 7.15 5.66 4.46 6.79 7.91 8.18 6.77 12.7 16.83 12.82 19.55 11.83 10.57 10.91 9.2 12.98
6.69 9.2 12.0 15.65 6.64 8.08 5.26 4.56 6.87 6.71 10.78 8.59 18.65 18.28 13.58 6.7 4.26 3.45 3.64 6.66 7.23 12.46 11.01 6.62 10.08 9.47 10.38 6.63 4.94 7.61 8.18 9.94 14.96 13.79 16.46 23.84 10.37 6.59 8.69 9.6 4.35 3.38 6.91 16.31 17.77 10.85 6.64 5.65 2.81 7.1 7.34 3.34 6.84 10.48 7.87 13.37 20.58 10.85 14.64 9.14 4.05 9.31 14.78 8.59
5.41 9.17 10.5 12.19 9.63 16.22 6.78 8.71 5.17 5.8 10.48 15.85 16.73 13.18 15.66 5.76 2.27 3.06 3.89 4.0 3.29 4.77 7.05 7.92 9.44 6.64 5.84 4.23 4.84 11.1 9.17 6.61 7.2 7.95 11.6 11.73 9.12 3.9 4.86 6.59 4.33 4.29 7.77 12.14 18.25 12.88 9.0 5.29 6.89 4.66 7.34 5.9 7.31 17.18 16.88 13.14 11.93 9.85 9.24 4.49 5.43 7.77 11.66 6.15
3.15 4.04 7.64 15.14 13.36 10.81 7.48 10.82 7.66 4.56 6.3 14.86 13.94 7.77 4.06 7.93 4.35 3.11 1.86 1.19 1.9 1.92 1.82 5.34 12.99 11.34 4.7 4.15 6.76 8.32 8.86 5.74 3.24 5.15 8.72 5.53 7.37 6.23 5.73 8.09 4.19 2.79 7.06 12.25 14.73 7.22 7.65 8.69 7.49 7.0 5.48 3.52 9.03 10.45 10.87 12.68 22.8 11.48 8.8 7.62 3.59 5.42 7.94 7.9
5.81 8.9 9.46 9.29 14.48 15.69 10.74 6.47 5.32 4.56 10.6 17.34 8.25 4.04 2.56 4.25 2.41 1.11 1.48 2.08 1.49 1.32 2.95 6.94 7.04 4.19 4.16 6.76 5.91 11.77 8.86 5.93 5.64 2.97 4.61 9.56 4.96 6.27 5.98 6.03 4.94 3.74 4.87 5.78 9.0 16.29 7.03 11.71 16.32 22.77 12.97 8.66 9.77 4.36 6.96 14.19 16.61 17.0 17.59 4.37 3.14 3.94 3.92 3.72
4.87 9.85 12.74 9.63 7.27 10.68 9.35 9.81 6.76 8.46 13.15 18.18 16.92 6.08 4.83 3.01 2.07 3.11 2.1 2.19 1.97 1.22 1.96 3.98 9.86 4.8 6.27 4.7 4.91 8.21 12.22 6.38 5.38 4.13 5.46 5.19 4.02 6.24 8.45 6.98 8.6 4.05 8.68 11.85 7.42 13.36 13.9 22.31 18.23 21.95 9.48 12.29 6.36 5.92 14.17 13.88 24.3 16.0 14.28 5.02 4.38 12.37 4.13 2.21
6.37 9.89 15.18 23.37 13.1 10.53 12.22 7.98 7.21 13.93 13.45 7.24 5.65 7.71 2.98 3.27 3.89 2.53 1.44 2.56 1.73 1.38 2.83 2.83 4.17 6.75 3.56 3.95 5.25 8.21 6.12 6.35 5.27 6.79 6.11 5.06 3.59 4.08 10.06 7.78 7.77 11.19 7.16 5.07 10.01 12.42 16.83 20.96 10.67 11.73 9.13 8.55 9.91 7.77 8.57 10.13 9.62 9.41 11.57 6.57 12.82 9.25 3.4 3.45
9.56 32.82 23.66 43.09 17.54 13.95 12.22 6.17 9.74 9.75 11.08 11.03 7.99 4.92 7.18 5.54 3.5 3.88 2.48 3.41 2.55 1.67 1.48 1.97 4.72 3.54 3.82 3.22 2.63 4.94 4.41 7.08 6.5 7.43 2.93 6.09 4.12 6.82 9.2 8.47 10.88 8.19 9.01 8.26 7.97 16.29 13.89 12.44 9.75 6.98 3.36 8.63 9.43 6.3 6.03 8.36 5.73 5.46 10.03 14.24 20.8 11.9 5.32 4.34
8.73 22.07 30.31 29.85 17.82 20.25 10.28 7.51 8.69 8.87 8.54 10.45 13.94 9.91 6.27 7.37 3.5 4.79 2.79 4.59 3.39 2.22 5.06 4.59 4.75 4.39 3.67 2.71 3.44 4.53 6.7 6.78 6.52 5.79 5.78 3.33 4.33 6.51 6.29 8.71 6.39 3.18 7.71 10.08 8.51 7.19 14.31 5.9 4.0 5.85 7.13 5.48 9.53 9.82 5.16 4.48 4.91 3.32 10.15 34.09 36.05 24.51 12.42 4.05
7.02 27.05 19.88 21.24 20.78 16.59 8.35 11.9 4.82 3.76 8.36 10.47 14.09 12.53 8.34 10.16 4.1 3.29 3.8 4.09 3.49 3.13 4.8 11.69 8.06 5.82 8.6 4.37 3.46 7.81 5.59 4.06 6.57 5.71 5.29 6.1 5.68 8.7 10.0 10.28 2.8 4.8 8.65 3.83 4.38 8.26 9.89 6.38 4.39 8.55 4.49 5.67 7.85 8.19 7.88 5.9 3.21 2.77 7.08 13.05 28.83 23.24 12.61 9.33
8.31 16.48 20.5 30.53 14.1 6.24 7.54 5.4 2.68 4.2 4.04 11.81 7.92 9.87 12.63 7.18 3.0 4.02 4.13 3.82 3.47 5.72 5.36 3.56 5.78 6.21 7.82 7.15 7.71 4.95 6.06 3.86 6.51 6.49 5.63 9.35 8.95 14.12 11.12 6.95 6.13 2.89 2.86 3.76 4.56 10.51 8.11 8.61 6.03 7.93 5.05 5.25 5.53 5.49 5.36 3.73 1.95 2.55 3.69 13.9 7.77 13.82 13.55 8.17
7.28 9.03 13.98 13.61 14.78 7.43 4.32 5.45 3.02 2.42 4.98 4.47 8.87 11.89 9.15 7.1 3.93 2.33 2.37 4.82 2.22 4.36 7.02 6.18 5.13 9.41 8.89 10.9 7.18 4.82 7.51 7.09 14.19 10.08 5.97 11.69 10.9 9.86 12.54 11.9 7.65 2.71 3.14 4.87 5.58 7.65 5.57 6.96 4.08 2.76 4.94 6.23 6.8 5.63 5.64 2.65 2.3 2.07 2.69 7.44 9.42 7.75 9.03 8.1
3.34 8.88 8.29 15.03 10.13 10.36 9.05 7.32 4.23 2.06 2.21 5.56 7.55 6.64 7.28 5.77 1.95 2.45 3.35 5.74 5.82 4.89 7.19 6.82 11.93 17.41 11.16 16.39 7.87 16.01 8.91 9.87 12.01 9.9 7.21 7.88 12.38 17.71 14.0 10.31 7.13 4.16 5.88 11.28 8.15 8.57 3.5 3.5 3.57 4.07 5.1 5.35 6.88 6.21 9.75 3.69 2.38 4.03 3.63 5.27 7.57 10.25 8.29 14.22
3.66 5.5 4.55 8.91 5.52 3.43 5.89 5.2 3.3 3.82 2.41 4.73 4.92 9.75 3.69 3.07 3.95 5.08 4.62 8.34 4.71 3.07 4.99 5.89 7.14 25.32 23.01 19.61 19.5 14.16 10.21 16.08 8.22 4.95 6.28 8.32 10.69 19.0 11.78 5.66 6.37 5.44 7.31 9.79 10.42 6.6 4.29 4.14 3.34 3.89 4.61 7.23 5.51 8.4 12.36 5.57 8.0 8.0 4.97 6.32 10.67 10.9 6.7 14.87
3.49 5.69 2.56 3.7 2.85 2.58 3.02 1.65 4.68 2.73 1.79 4.32 4.49 8.21 4.49 2.71 2.64 5.3 8.57 13.17 8.54 7.5 7.91 9.41 11.28 7.94 21.46 20.08 14.14 29.13 23.72 13.23 10.29 4.82 3.79 7.96 13.96 10.43 9.91 5.45 6.47 5.05 8.45 10.93 7.15 7.32 4.28 3.85 3.78 7.62 8.87 8.53 11.56 9.45 4.59 5.6 11.85 12.55 9.99 10.76 11.34 15.01 5.93 9.43
3.33 3.02 3.13 4.49 2.13 1.74 1.71 2.51 2.47 3.95 2.48 3.64 5.66 8.18 7.38 8.38 3.23 7.37 8.08 10.34 10.61 8.77 6.53 6.42 6.08 15.92 17.55 9.78 12.22 28.86 19.7 15.81 12.33 12.94 10.1 13.66 9.64 8.93 9.38 10.38 10.23 7.96 9.56 13.62 8.34 5.17 2.24 2.07 2.1 5.43 6.39 8.64 9.35 7.11 10.7 9.61 11.1 8.34 4.43 8.4 12.85 9.95 11.82 11.71
4.36 5.3 2.97 3.09 4.39 5.97 6.08 2.43 2.57 2.93 4.41 2.99 5.94 12.45 5.6 5.58 13.77 22.55 10.75 11.66 6.35 6.4 7.15 7.2 7.52 11.37 14.49 11.4 13.0 21.0 14.91 13.49 8.94 20.92 13.94 13.75 10.26 4.9 6.01 11.97 4.94 7.24 19.65 13.31 11.46 7.58 2.29 4.15 3.79 5.82 4.27 8.24 10.4 8.67 10.24 4.43 7.25 9.34 7.31 7.98 11.64 12.4 12.8 5.82
3.29 4.32 6.22 4.85 3.66 5.85 5.21 3.26 2.56 3.67 2.77 3.02 6.63 5.47 6.62 8.45 8.94 8.13 12.26 12.34 5.6 9.35 7.98 6.16 6.73 7.16 11.67 13.49 7.8 7.9 6.99 7.93 8.56 10.72 12.88 14.99 9.15 8.81 6.88 9.58 12.61 4.78 6.84 9.76 6.43 7.49 3.7 2.84 3.62 5.59 4.13 4.46 5.4 8.89 5.94 8.55 7.84 11.05 11.5 9.79 8.26 8.88 19.85 11.38
