7.54 7.17 5.26 5.15 6.03 5.28 5.51 7.25 4.43 3.17 2.21 5.17 1.76 4.88 3.5 3.84 7.23 6.74 4.43 3.96 4.9 7.6 7.92 6.47 7.74 4.87 8.12 6.15 9.87 11.8 11.28 5.91 7.32 16.56 14.97 8.21 18.86 18.54 10.68 6.1 6.55 10.76 7.6 10.03 12.4 16.65 7.87 6.33 7.61 10.65 16.48 9.9 8.64 6.22 8.26 4.54 3.49 3.95 3.67 4.93 8.0 14.69 7.51 6.32
9.88 11.55 4.61 5.96 5.43 4.49 8.99 10.53 9.0 2.53 3.26 3.52 3.06 4.34 3.46 4.56 6.63 6.26 8.64 6.25 5.95 3.32 13.52 9.97 9.39 6.43 9.78 9.2 8.59 10.68 7.56 9.83 7.16 14.05 13.5 10.9 10.27 6.98 8.83 10.27 8.14 6.11 5.9 12.86 13.33 18.45 5.38 11.09 5.65 11.06 9.39 8.2 8.23 6.84 7.4 4.94 4.57 2.87 6.52 8.58 4.8 8.99 8.27 7.9
14.67 14.33 9.98 8.89 8.94 5.1 12.53 10.17 12.07 4.96 3.9 5.91 2.8 5.64 5.11 9.27 7.37 8.52 8.85 4.57 4.43 3.64 12.94 19.27 5.58 8.42 5.73 5.14 10.08 6.44 7.22 12.69 7.55 9.33 14.5 7.1 10.03 5.97 7.69 9.56 8.09 8.73 4.85 4.54 20.16 9.43 4.82 5.35 14.57 3.91 9.26 4.12 14.63 17.08 9.32 7.97 5.21 5.92 9.11 13.85 4.75 8.36 15.52 10.63
14.6 11.24 9.04 12.73 9.5 11.39 11.09 7.73 7.71 3.98 2.74 2.83 3.97 7.5 7.45 4.33 6.06 19.69 14.42 7.66 5.33 7.41 16.47 10.98 3.6 8.73 11.32 5.28 4.35 9.48 15.56 10.15 3.82 6.5 9.12 13.74 9.1 3.39 8.86 9.63 4.06 9.83 21.48 11.89 13.35 6.14 7.29 8.93 10.55 4.75 2.81 10.53 8.58 20.11 9.83 5.94 6.01 5.2 10.24 16.25 10.44 7.98 7.45 10.74
11.85 9.67 6.9 7.83 9.15 15.33 11.05 4.2 8.2 3.94 5.55 3.03 4.31 4.92 6.59 13.73 19.4 8.6 8.41 5.36 4.09 9.34 10.93 12.76 5.16 6.45 8.19 7.56 6.29 8.1 8.17 10.93 7.74 9.78 4.46 5.65 4.17 2.83 5.4 7.0 5.02 11.61 17.8 10.64 8.13 8.01 9.11 10.55 23.82 8.45 5.18 5.32 7.82 11.22 10.11 8.28 4.52 3.26 5.61 4.44 11.29 7.4 6.2 12.69
7.88 4.78 5.66 6.66 15.42 14.78 5.58 4.81 5.95 5.37 4.84 5.81 4.13 7.0 2.93 12.11 11.37 8.57 6.25 3.3 3.83 5.98 4.78 7.01 7.6 7.23 5.9 5.87 11.38 9.52 12.5 13.19 7.93 16.88 14.2 4.18 5.97 4.75 7.01 6.37 7.02 11.89 10.7 8.4 10.42 12.09 10.92 13.25 13.04 14.38 5.81 4.7 6.97 9.38 8.4 7.67 6.11 3.86 8.64 4.92 9.71 18.16 5.55 8.53
9.45 8.99 7.64 8.64 12.43 17.82 10.94 10.64 5.36 6.37 6.05 6.83 7.11 6.69 4.9 10.71 18.95 8.15 3.08 2.0 6.07 4.18 9.22 8.29 7.3 11.0 13.57 8.76 12.51 4.88 10.77 8.76 12.52 16.71 10.37 6.31 4.66 4.21 6.69 5.54 5.72 13.41 7.88 6.13 7.5 10.36 7.59 21.95 13.21 11.7 6.64 6.12 7.92 5.31 4.97 13.2 8.66 4.88 6.39 6.65 8.64 13.22 6.83 6.73
21.03 13.13 11.34 9.42 13.17 8.89 16.48 12.09 8.3 7.27 4.14 5.72 6.6 8.8 6.32 10.31 17.79 7.9 3.72 3.42 6.51 5.55 11.48 9.36 10.97 12.68 8.19 9.84 12.67 10.83 11.27 11.26 11.35 17.15 5.07 10.18 6.78 4.87 5.04 5.44 2.92 13.99 9.17 3.99 11.51 11.82 22.26 9.08 6.83 5.29 7.12 3.79 5.33 3.48 7.28 9.44 12.38 8.26 6.68 4.99 11.81 10.98 9.67 11.15
18.04 12.24 10.99 16.53 8.79 10.8 10.95 16.55 14.59 9.44 6.56 5.55 11.8 12.12 8.28 12.46 10.33 4.56 5.49 4.11 9.16 12.54 6.39 8.02 18.84 23.41 16.92 10.75 10.84 11.57 8.97 8.65 7.69 10.91 5.05 6.11 3.77 3.73 3.31 2.76 3.56 5.33 9.64 6.25 13.68 11.7 18.3 11.62 8.02 8.59 5.71 4.54 5.4 4.58 8.22 9.63 5.8 7.06 9.0 5.48 8.92 12.66 7.74 8.31
18.0 20.92 11.01 15.23 12.88 9.46 12.36 16.42 15.88 22.72 25.45 10.05 12.12 12.84 5.37 11.07 12.27 5.27 10.36 4.7 13.01 6.32 5.56 6.4 20.63 20.42 11.33 15.01 14.99 14.47 6.84 5.85 4.91 10.09 5.69 5.76 2.46 2.2 1.34 3.84 4.31 7.12 5.42 9.75 12.3 9.84 15.69 18.44 13.42 6.07 10.58 3.42 5.66 5.11 6.36 8.06 8.63 11.27 6.71 2.57 4.42 8.67 6.93 7.99
18.72 17.7 29.45 25.38 14.75 14.97 16.74 30.04 15.31 28.06 30.89 19.36 17.74 15.53 9.39 12.56 13.54 5.81 9.59 6.79 6.99 3.82 5.25 9.25 11.04 22.69 10.51 14.55 12.29 7.45 7.68 7.39 6.48 6.54 4.21 5.95 1.85 2.07 2.72 4.02 5.28 4.43 4.28 4.57 19.32 8.22 13.09 21.26 15.62 12.95 9.95 2.14 6.99 7.14 9.17 5.08 5.98 8.69 5.84 3.63 3.58 4.68 5.32 8.92
12.67 18.23 21.17 8.01 17.87 16.07 9.66 30.01 20.51 22.6 27.36 8.83 13.85 11.09 10.46 17.14 10.17 12.39 16.15 8.92 9.88 5.32 4.96 3.81 7.95 8.94 7.35 19.61 13.98 7.45 5.1 3.36 4.33 5.71 5.28 9.45 2.79 2.11 3.09 7.19 6.0 4.03 9.13 5.49 13.11 8.6 12.22 19.51 10.02 7.48 6.18 4.01 7.17 5.75 7.08 8.42 8.73 14.59 4.89 8.38 4.64 6.75 4.11 6.2
11.17 10.39 17.52 7.53 7.57 12.48 10.85 17.07 13.25 11.84 19.36 12.68 7.8 7.96 13.9 10.86 11.04 6.5 8.69 10.06 6.46 5.44 6.43 5.24 5.95 4.86 10.48 15.65 7.17 6.83 3.96 3.36 3.75 7.29 4.78 7.67 1.76 4.37 2.92 5.52 9.19 4.57 15.23 6.54 7.69 5.32 13.96 11.38 7.26 11.43 5.22 5.53 5.82 3.7 9.11 5.36 8.4 14.21 10.07 7.37 3.97 4.82 4.15 8.48
10.82 10.77 6.88 11.54 8.84 12.63 18.28 10.95 18.48 9.41 16.98 11.75 10.94 3.9 9.67 13.78 8.99 8.92 9.77 12.46 6.89 5.28 6.29 4.44 5.47 4.08 11.49 22.44 11.9 10.88 5.5 7.82 5.15 7.48 6.2 4.23 2.93 3.72 3.38 4.23 10.87 5.16 5.45 5.8 9.4 3.39 9.92 17.83 6.08 7.59 5.51 5.93 9.35 11.45 10.09 6.32 9.2 11.01 6.61 7.24 3.75 5.35 3.3 5.5
3.22 8.12 5.41 10.69 6.67 8.65 14.85 22.03 9.6 10.56 9.48 27.1 16.06 4.51 6.88 9.38 9.64 15.35 15.74 8.16 9.57 6.47 4.31 5.51 7.68 7.64 15.11 14.81 19.04 13.09 13.84 8.59 8.13 8.92 10.05 6.99 2.89 5.35 4.99 8.4 11.15 22.03 16.08 16.47 16.06 4.94 6.71 9.11 11.22 6.52 7.67 8.38 7.83 7.43 4.78 5.76 4.72 6.39 12.69 9.29 4.07 3.44 3.35 4.94
4.74 11.77 2.99 12.91 14.22 8.53 10.84 23.74 12.62 8.05 10.07 8.7 15.3 6.48 6.07 8.05 10.4 12.41 11.84 5.59 9.74 24.01 5.05 4.98 5.88 4.72 19.75 24.98 18.45 20.47 18.95 25.13 13.72 6.53 3.76 4.44 3.84 5.93 9.67 14.84 10.59 17.7 22.38 28.61 18.99 10.45 13.34 11.68 10.4 2.29 4.77 13.16 9.45 4.74 7.3 9.2 13.53 7.52 10.42 10.03 16.16 8.85 5.14 6.58
7.3 13.7 11.24 10.43 13.03 9.18 18.43 14.01 7.6 5.65 6.71 5.57 13.63 6.51 6.59 6.0 11.45 7.4 6.13 4.68 10.9 20.74 9.06 7.39 8.88 17.36 16.19 20.28 27.51 19.42 24.55 15.28 11.37 14.54 5.39 5.04 5.15 7.46 6.5 9.44 17.46 28.21 29.43 37.88 20.21 10.51 19.94 4.66 8.41 3.77 3.0 5.69 10.79 8.16 7.16 9.03 7.01 9.21 4.31 8.98 16.88 16.76 13.65 8.61
6.78 11.74 8.12 10.73 12.97 16.77 12.66 4.37 5.04 7.46 6.79 8.93 8.32 7.68 10.67 7.98 6.94 3.46 3.43 7.78 9.27 13.71 5.78 4.86 5.13 13.0 17.62 30.48 27.77 18.7 14.48 18.48 7.32 9.08 6.54 6.56 3.67 5.47 7.33 6.23 12.21 18.02 23.44 47.74 14.63 9.69 8.69 6.25 5.66 4.32 3.25 3.94 3.5 4.44 8.49 10.04 7.37 4.75 6.67 6.57 8.39 17.61 11.9 12.48
10.8 10.09 5.99 6.16 6.25 13.35 9.48 4.99 4.5 7.46 13.48 5.89 9.95 8.35 10.86 6.22 7.0 4.38 3.99 4.5 10.42 7.55 5.88 6.81 6.3 9.02 15.98 14.38 21.29 16.07 19.36 10.03 6.76 4.68 11.31 8.08 4.2 7.25 10.45 8.19 15.03 18.12 22.59 30.41 31.54 10.43 4.03 5.9 6.87 3.71 4.01 3.48 5.26 5.16 5.77 6.33 4.47 4.92 3.58 5.35 11.18 20.65 14.57 18.27
13.38 8.3 5.8 6.18 8.63 25.21 12.85 8.25 5.75 21.94 12.13 14.39 14.36 16.43 17.21 13.81 5.68 9.61 7.41 9.56 9.89 8.74 8.39 6.07 5.74 6.34 7.72 12.69 13.27 10.9 12.42 8.2 7.49 4.68 4.58 7.32 10.28 16.81 13.14 9.71 9.96 16.26 14.96 22.46 13.05 11.64 6.3 2.88 2.11 3.02 3.28 2.76 3.91 4.04 7.48 3.87 3.29 5.01 6.59 9.53 8.43 9.76 11.39 20.75
10.16 15.38 6.77 11.71 7.8 16.54 8.6 7.49 9.75 21.66 12.42 15.82 20.5 11.78 19.78 18.05 9.1 16.21 10.31 17.17 11.45 4.88 9.56 5.08 10.22 8.04 9.29 12.61 16.69 19.38 12.53 3.91 4.59 7.67 11.03 9.92 22.22 22.65 27.21 28.19 9.55 10.75 14.25 18.26 10.0 9.05 13.82 3.53 1.22 3.2 2.5 2.85 7.25 3.03 4.08 4.77 6.24 5.49 7.59 14.46 16.42 12.89 20.97 12.54
11.98 9.09 10.04 8.29 5.86 6.99 11.08 10.64 11.69 30.43 14.32 18.86 16.37 21.08 24.41 15.58 16.18 16.87 24.89 21.6 11.09 2.44 8.01 3.65 7.74 11.41 7.74 14.24 9.19 13.65 12.12 11.52 7.08 5.89 4.32 4.99 16.04 21.0 13.54 14.23 7.68 11.86 7.63 13.53 6.4 5.59 14.41 5.66 2.88 1.77 2.9 2.38 2.93 5.12 5.05 4.07 6.12 6.21 5.76 10.99 12.22 15.36 17.6 9.68
6.08 5.45 7.74 8.38 3.23 4.84 9.58 9.69 11.93 24.43 28.33 32.84 33.35 28.81 26.34 10.26 9.66 11.05 13.69 18.39 11.52 5.07 3.86 2.67 5.99 5.7 8.65 14.0 10.07 11.58 7.17 12.2 8.96 7.81 8.97 6.16 6.19 14.61 10.08 9.07 7.89 6.53 8.49 14.38 5.69 5.64 6.22 5.99 3.53 2.59 4.16 7.17 2.16 5.17 5.07 7.41 14.94 7.89 10.8 10.45 11.09 11.25 13.85 13.43
4.22 4.74 4.21 5.19 2.23 5.06 6.26 18.57 17.83 26.84 14.58 30.17 23.24 27.81 27.89 15.69 11.94 16.39 21.0 9.64 10.14 5.58 5.94 2.4 5.36 7.55 6.3 8.68 11.35 8.74 10.19 13.28 10.93 7.61 7.14 4.82 3.92 6.85 8.34 7.31 4.63 6.21 12.64 17.74 8.32 8.21 10.76 4.85 9.21 4.58 5.93 10.97 6.7 2.97 9.96 15.65 13.77 12.67 6.93 9.39 20.51 4.91 6.62 7.75
11.09 4.15 3.59 2.91 3.68 6.05 5.73 8.66 12.82 7.46 6.02 11.91 23.71 11.84 25.21 12.87 8.88 15.0 9.34 7.29 8.45 6.61 4.71 2.58 6.5 5.87 4.05 5.62 12.47 6.7 7.26 8.02 4.91 7.45 4.78 4.2 2.09 8.33 8.73 6.78 11.73 9.87 6.12 10.56 8.53 7.02 15.59 10.02 7.17 8.16 4.14 8.33 9.63 7.17 14.24 18.69 22.77 24.58 10.94 11.53 19.32 13.13 12.1 10.27
8.54 15.82 6.01 3.9 4.17 4.86 7.41 7.16 9.51 9.93 4.3 8.65 10.14 11.14 6.56 8.56 8.74 12.21 8.46 5.11 4.52 7.06 5.15 2.77 6.18 7.25 6.05 12.9 10.15 9.99 10.35 5.3 4.24 4.14 6.64 3.71 5.93 7.97 4.63 5.22 21.14 18.36 7.05 11.26 11.35 4.78 8.81 9.84 8.71 4.22 5.12 3.42 4.42 11.89 16.72 23.73 23.3 30.5 14.51 16.68 18.89 10.35 17.21 9.56
12.88 10.87 7.43 9.05 5.03 5.4 4.71 6.74 5.39 6.36 10.19 11.29 5.41 8.68 8.21 7.21 6.93 4.52 5.56 4.99 4.64 6.53 5.53 5.84 14.2 14.14 11.35 7.76 6.34 8.07 11.2 4.18 3.98 5.34 8.69 5.69 4.05 9.67 4.19 3.9 8.15 9.67 5.9 9.38 8.34 5.06 6.0 8.79 9.02 3.83 3.35 6.55 2.64 7.31 9.29 21.22 23.54 17.54 8.53 11.54 16.38 8.84 7.01 11.23
9.45 12.6 2.99 4.44 9.7 7.54 6.94 5.8 7.42 5.37 11.25 10.1 3.55 7.66 3.4 4.17 3.86 5.41 6.03 3.29 4.12 6.79 8.3 7.49 16.63 17.71 8.66 10.0 13.56 10.09 11.28 8.29 6.05 5.33 12.24 5.26 12.34 7.59 3.32 4.27 8.53 11.16 4.48 5.03 5.33 8.91 6.94 9.52 12.14 5.35 6.38 4.73 2.45 6.12 14.3 15.67 16.21 12.94 15.17 7.7 6.97 4.53 9.74 16.37
7.21 5.63 6.75 4.2 3.83 13.41 4.38 8.24 5.78 8.65 12.59 21.51 3.45 4.58 3.66 5.59 4.76 5.39 7.59 7.12 6.83 4.5 6.68 10.07 20.31 18.43 8.71 5.28 9.86 6.26 7.91 7.9 6.08 8.75 10.59 4.44 5.35 10.52 2.49 4.86 5.18 10.16 5.53 9.33 2.63 3.59 5.64 3.93 5.0 6.94 9.21 4.27 3.2 5.59 7.54 10.49 19.32 11.68 9.16 7.92 7.37 7.18 11.35 12.77
6.57 8.42 9.53 3.19 3.18 4.76 6.38 5.71 9.01 11.0 7.32 10.41 7.13 4.94 2.54 3.78 9.23 6.29 11.38 9.6 8.49 3.29 7.4 9.48 16.84 9.98 9.12 5.42 10.94 9.38 5.48 5.06 8.43 9.85 6.18 6.24 9.5 7.13 4.15 9.31 22.66 23.44 5.38 10.4 4.4 7.21 7.2 3.76 7.23 8.13 8.71 2.27 2.61 7.13 10.87 10.56 32.63 10.11 9.07 11.06 8.69 6.75 14.12 14.39
11.88 11.05 10.49 6.54 5.22 5.06 4.91 6.22 9.7 27.75 10.54 10.89 7.19 5.96 6.56 3.39 8.28 5.58 7.34 7.17 4.95 6.58 7.45 11.1 12.33 12.0 19.47 12.66 8.1 5.22 5.87 5.48 4.84 5.49 7.33 9.08 5.0 8.38 4.89 4.53 10.35 18.93 14.57 10.61 6.21 6.52 6.05 4.7 12.3 10.01 11.44 5.95 3.86 8.92 5.83 8.61 26.46 22.06 9.85 6.84 6.96 9.42 8.95 8.09
12.43 12.56 12.29 12.01 4.53 4.52 3.87 9.76 12.48 13.59 17.42 17.81 7.78 4.75 3.31 7.62 9.01 5.03 8.06 4.0 3.36 3.69 4.23 8.27 8.81 7.19 15.46 14.16 7.75 3.02 4.18 6.34 4.12 4.62 4.44 6.55 3.84 3.72 4.35 5.41 9.7 6.78 19.53 14.04 11.65 18.35 5.94 8.52 13.37 10.8 11.89 7.69 6.21 5.91 5.76 9.44 20.98 14.51 19.26 15.01 5.46 8.05 4.63 6.33
13.28 13.59 7.78 9.26 11.57 16.38 6.34 6.53 14.48 22.2 21.71 15.87 13.87 9.71 12.24 15.77 8.95 11.96 15.27 11.54 3.94 3.75 6.44 5.13 7.69 15.13 5.55 6.74 4.09 3.06 6.18 9.13 5.4 5.31 5.07 5.69 4.08 2.98 4.6 6.06 4.64 4.28 13.61 13.21 17.4 12.0 7.04 10.01 11.42 6.82 5.44 3.95 12.76 6.47 8.41 7.21 16.71 9.69 8.78 13.34 7.13 6.55 5.76 4.85
21.09 16.37 14.92 13.42 13.95 14.32 6.42 9.31 9.77 13.86 8.93 10.62 11.02 8.84 9.34 10.69 10.47 14.57 25.3 12.84 6.54 3.76 8.81 3.39 5.06 12.04 5.77 6.87 3.12 2.06 5.56 11.14 8.78 5.94 7.41 5.18 2.71 3.52 3.38 11.35 7.83 4.16 8.85 17.16 27.86 9.33 5.6 10.69 8.74 6.23 5.52 3.58 4.93 4.02 6.51 9.58 13.3 24.77 7.88 17.13 5.31 4.61 5.37 5.95
17.61 18.62 15.59 13.11 17.48 12.1 8.91 14.94 8.41 9.41 8.14 5.21 12.85 15.26 15.0 5.84 9.6 17.44 11.28 8.04 6.72 6.7 5.88 4.87 5.99 5.79 5.47 4.78 2.61 3.3 3.8 10.82 8.52 6.36 7.83 4.58 6.04 8.8 3.83 5.18 6.86 6.53 9.9 9.77 7.17 4.8 6.88 13.69 7.67 4.43 3.14 5.74 3.39 2.9 2.68 3.71 8.8 8.97 5.32 9.38 12.58 8.3 4.81 5.47
27.26 9.47 9.04 10.77 14.5 17.11 8.52 18.98 7.63 8.65 4.97 4.55 6.01 12.19 11.19 2.37 10.03 9.78 6.14 5.14 6.79 8.75 5.16 4.19 5.52 5.43 5.47 5.04 3.06 5.1 7.45 8.37 11.47 7.83 9.35 6.19 6.04 5.34 4.19 4.39 7.34 3.44 8.1 4.9 3.32 2.55 7.9 8.17 5.41 5.2 5.75 5.22 2.34 2.56 2.22 5.59 5.05 5.62 5.58 10.37 7.16 9.48 3.47 7.41
9.74 3.51 4.17 4.97 6.36 9.17 10.14 12.12 7.59 6.25 8.08 7.64 8.26 5.2 9.35 6.61 6.05 4.34 3.75 4.63 5.48 6.42 4.3 3.14 6.58 6.62 4.79 4.11 4.94 7.44 7.93 15.33 10.61 19.09 11.25 8.69 7.87 3.75 7.01 2.59 4.11 5.99 7.22 4.27 3.01 3.2 6.4 17.4 4.25 10.64 8.36 4.66 8.04 4.6 2.86 7.17 7.8 6.02 12.79 15.52 14.31 14.32 3.7 7.53
6.99 3.27 7.2 6.88 8.31 7.72 8.14 10.76 3.43 5.55 6.51 12.04 11.97 6.51 5.84 5.99 10.4 4.81 5.62 7.32 6.01 7.64 4.26 2.84 2.92 8.79 4.11 6.18 4.42 15.56 15.3 10.01 8.26 14.28 10.81 5.39 3.77 4.61 6.6 7.58 5.61 5.49 3.96 3.6 5.32 3.0 6.29 8.05 7.04 6.45 11.89 3.9 6.44 6.03 7.91 10.8 12.85 18.63 21.45 26.64 15.38 11.11 9.87 6.12
11.86 4.06 9.6 10.08 12.91 12.98 9.67 5.74 3.9 2.82 4.42 8.01 15.5 12.44 6.56 5.53 9.79 5.23 5.68 8.07 6.58 8.39 5.18 3.39 5.63 4.26 9.44 6.71 9.35 22.27 6.91 4.79 3.73 9.83 12.58 6.12 3.19 4.3 8.18 5.78 11.41 6.6 8.9 3.72 4.38 2.54 4.1 7.58 5.66 6.44 16.25 11.71 6.18 7.64 4.8 7.23 12.97 20.1 21.88 19.06 10.66 10.37 5.96 6.46
7.84 11.65 23.05 20.4 19.48 6.75 10.91 5.52 9.19 2.98 5.66 16.26 13.71 11.36 9.09 8.37 9.38 7.02 8.72 6.51 5.32 8.28 3.14 3.11 6.83 8.98 4.57 6.85 13.19 27.9 16.82 8.7 3.85 7.96 7.88 3.73 5.47 5.74 10.6 5.97 7.85 11.42 6.02 3.59 2.58 1.81 2.95 6.04 7.43 10.73 9.48 8.68 3.38 6.06 4.4 9.54 10.85 28.4 16.26 9.83 4.16 7.46 11.5 5.38
8.82 12.81 11.15 13.54 11.07 7.4 10.65 6.68 6.89 3.75 7.2 27.43 10.51 8.97 6.64 16.26 3.99 4.06 5.0 5.35 2.94 5.5 3.88 6.96 11.13 6.21 4.72 7.32 12.75 13.61 9.45 19.58 6.26 10.73 8.34 6.73 5.64 3.46 11.58 3.02 6.55 4.44 5.56 3.58 3.02 2.21 4.02 8.21 6.69 7.2 8.95 5.87 5.95 4.51 4.3 10.05 7.07 12.16 10.87 6.76 6.87 12.94 8.4 8.94
4.76 9.46 10.2 7.46 10.23 5.44 5.49 3.97 7.25 5.05 13.92 8.61 6.24 7.75 5.66 23.8 6.98 2.37 9.67 7.3 8.5 7.09 9.47 10.88 9.86 6.49 6.51 6.35 13.01 11.22 12.07 11.85 6.27 5.29 12.05 4.71 6.02 3.77 7.11 5.39 4.23 4.09 4.0 5.2 3.34 2.78 2.45 5.4 5.45 6.72 11.35 3.15 2.86 3.78 6.25 12.41 4.85 10.46 6.28 10.24 9.44 5.1 5.76 7.64
6.34 5.48 7.71 4.07 5.64 8.32 2.98 5.07 4.79 7.08 12.64 6.16 4.73 4.18 5.48 8.48 5.79 4.75 5.7 8.46 4.47 8.43 15.25 18.26 7.99 3.96 7.72 8.99 13.58 11.02 5.48 15.62 9.05 12.39 10.55 8.74 2.16 6.58 6.53 9.95 4.9 4.62 4.94 3.94 3.45 2.55 4.2 2.99 4.34 5.37 6.02 7.4 5.96 4.85 8.0 19.26 8.75 5.25 4.63 8.75 10.15 5.99 7.03 7.56
3.94 6.78 5.06 5.16 5.95 5.63 2.61 4.45 6.67 7.06 8.35 5.46 7.46 7.57 6.37 5.22 6.87 10.01 4.56 6.79 12.05 10.22 8.85 6.74 8.72 4.3 9.98 12.3 18.6 11.4 5.44 5.74 8.35 13.94 11.79 4.11 4.03 6.05 6.12 4.12 6.7 7.41 7.55 2.78 3.78 1.99 4.61 2.72 3.34 4.81 4.52 6.75 9.83 5.96 6.83 16.78 13.19 6.69 6.02 4.79 6.55 6.17 3.57 6.89
3.32 6.03 4.4 5.96 6.23 4.68 5.35 4.87 8.54 10.6 11.56 5.34 7.82 6.53 9.14 5.25 5.97 5.84 3.83 4.87 5.17 6.49 5.18 11.28 7.98 7.41 26.62 15.44 11.63 11.43 4.87 9.58 9.65 11.32 7.53 2.96 2.82 6.96 9.38 5.71 5.25 5.27 4.45 4.14 4.7 5.09 9.51 3.06 2.65 6.47 4.83 4.26 4.91 6.65 5.43 18.46 16.36 10.02 6.45 5.04 4.49 7.3 3.38 7.32
3.41 6.16 7.45 5.71 4.03 3.17 6.12 5.22 7.46 7.86 8.21 4.31 9.45 9.1 6.95 15.89 13.3 5.23 5.36 4.68 7.2 5.11 2.79 9.03 7.35 16.98 20.9 17.57 7.95 23.44 7.01 13.92 14.34 6.34 4.4 3.8 2.79 3.85 5.76 7.37 7.11 4.15 3.68 4.27 4.99 6.15 7.6 6.06 4.63 2.46 3.7 3.57 8.99 5.16 4.42 11.48 13.97 14.22 13.43 11.97 4.15 4.75 2.35 4.04
4.13 7.21 5.11 6.34 3.03 4.25 7.98 4.01 4.18 4.37 5.67 2.86 6.2 16.75 16.79 12.92 12.32 4.67 3.72 5.04 7.47 9.08 5.74 9.65 4.89 7.77 12.14 14.88 12.28 17.75 15.05 10.03 16.46 6.05 2.89 2.83 4.27 4.41 10.25 6.6 4.28 8.11 8.91 7.12 8.57 10.13 13.78 4.51 3.67 3.8 7.26 4.16 6.48 5.89 10.21 13.28 5.33 14.07 14.39 14.22 8.07 4.62 5.22 4.81
9.42 10.12 11.9 7.19 5.59 4.94 4.81 4.69 5.84 9.36 8.75 2.77 8.96 18.65 26.54 11.57 13.65 8.56 6.25 4.69 10.33 8.01 6.86 4.94 8.97 10.83 10.5 14.39 11.2 14.57 16.4 11.63 9.66 8.7 3.55 3.57 2.91 2.92 4.05 7.54 9.47 11.96 12.49 6.45 6.99 6.01 7.87 7.41 4.62 6.42 4.84 6.23 3.81 8.72 8.0 6.7 5.82 13.48 11.24 10.17 4.66 4.11 3.55 6.03
3.63 12.84 8.82 11.64 8.09 4.67 4.94 3.04 4.87 11.37 9.31 7.74 6.55 17.37 15.3 16.67 8.64 8.26 4.8 8.26 11.54 12.78 8.4 8.6 11.27 11.59 6.13 11.64 20.28 11.17 6.31 10.23 13.09 9.16 4.79 2.73 5.82 3.71 5.91 5.65 17.77 11.36 11.62 4.38 2.82 7.98 7.08 4.95 8.46 11.02 11.63 5.77 3.64 8.19 6.1 3.3 6.14 5.57 6.87 3.45 4.96 7.25 7.74 8.05
4.67 6.11 6.4 9.1 8.59 6.13 2.74 2.53 3.44 9.07 12.53 18.87 12.14 15.66 14.41 7.13 7.83 6.7 6.71 5.99 12.23 11.61 9.81 7.62 3.66 9.11 6.52 7.17 15.65 8.49 9.44 13.01 10.31 6.38 8.62 5.17 4.93 6.44 4.85 8.18 10.22 8.12 9.86 5.15 3.04 3.74 4.75 5.6 5.52 5.08 6.37 18.06 6.27 5.53 4.19 4.01 4.33 6.57 7.7 4.18 4.29 4.47 8.28 17.61
4.91 7.7 7.95 13.1 9.02 5.45 4.08 2.02 2.13 6.12 19.64 17.68 8.34 10.19 15.56 7.13 5.21 5.9 8.06 5.08 10.49 5.03 12.84 20.11 6.86 6.88 4.82 3.76 6.14 7.02 9.19 11.87 10.24 8.81 5.03 6.86 3.09 4.09 3.68 5.06 5.33 4.61 5.16 6.31 2.51 2.42 3.1 5.41 4.63 3.21 5.79 8.38 8.71 2.56 5.07 5.66 6.75 4.4 8.07 5.64 8.68 4.02 4.76 11.04
6.04 5.62 7.08 13.68 6.29 9.05 5.44 3.3 2.85 5.34 18.59 23.97 11.92 6.47 11.38 13.03 11.98 4.97 8.55 11.75 11.59 7.63 6.82 11.75 8.32 4.51 2.46 2.79 5.5 10.73 7.22 5.8 10.82 11.15 4.28 8.16 2.33 9.34 4.47 6.56 4.59 4.78 7.57 6.38 3.19 2.39 6.38 4.3 3.91 2.69 4.18 13.82 5.4 2.69 4.46 6.16 6.42 4.25 8.03 5.6 3.41 3.45 6.12 9.23
6.41 10.89 5.04 12.83 13.29 6.66 4.4 2.98 5.72 13.44 11.36 14.5 11.84 12.25 15.57 11.22 8.77 9.71 15.86 6.2 11.4 6.94 14.04 7.0 10.67 3.02 3.04 2.25 4.16 5.5 4.09 6.54 6.33 13.38 5.25 6.64 5.44 4.13 5.73 2.8 8.62 6.54 8.36 5.38 4.52 2.66 4.76 8.0 7.31 4.68 7.0 9.33 6.89 2.73 3.84 3.43 4.46 2.11 3.42 4.58 3.49 4.72 3.44 5.63
4.38 7.01 4.53 8.1 8.52 6.02 5.78 4.77 9.94 15.84 16.4 18.45 11.43 13.22 12.38 9.95 17.6 13.68 11.48 5.67 3.72 4.11 6.42 8.2 4.82 5.61 3.28 4.33 6.43 4.29 5.59 7.37 8.11 19.3 6.64 6.43 6.23 5.5 3.52 4.89 8.94 11.6 4.34 4.81 8.22 6.82 8.66 11.11 20.44 6.88 10.78 14.25 5.81 5.49 4.06 5.61 2.81 1.97 1.98 2.28 3.72 3.92 3.66 5.58
8.24 2.57 2.53 4.19 4.92 7.65 4.19 9.29 18.72 16.38 9.63 13.17 18.79 27.38 17.79 9.96 14.09 9.14 11.27 6.56 5.62 5.0 6.77 13.97 6.3 6.7 7.51 6.02 5.73 3.75 4.15 6.04 9.29 20.86 7.32 16.24 12.37 9.18 5.73 4.29 10.77 11.38 9.86 4.51 6.78 8.88 12.53 6.27 7.66 7.88 11.33 5.69 5.2 3.66 4.64 7.24 1.87 1.3 1.55 4.33 3.78 2.95 3.85 4.21
7.31 5.44 2.55 3.34 2.44 6.5 3.79 4.42 4.03 9.92 10.02 9.52 20.4 11.78 9.59 4.82 6.28 13.2 11.5 5.29 6.28 7.23 13.89 9.62 5.6 12.37 12.46 10.24 4.72 2.14 7.47 3.33 6.5 9.18 6.16 16.51 6.23 12.02 7.67 14.87 11.29 13.56 13.71 10.13 13.96 7.96 7.16 3.62 9.38 10.1 10.27 7.38 7.33 4.15 5.97 6.39 3.23 1.96 2.32 6.22 4.0 3.47 7.68 4.52
17.18 9.97 2.74 2.84 3.03 3.62 5.62 6.89 3.38 8.95 7.58 6.9 25.19 9.25 13.99 6.97 8.49 10.6 15.68 8.76 13.74 6.77 17.12 23.11 25.52 18.59 12.1 9.18 5.28 3.13 3.01 4.34 6.03 10.07 6.02 12.42 5.66 8.19 4.1 14.34 25.82 21.71 14.04 4.01 11.57 7.84 3.51 2.61 2.92 12.55 14.05 6.08 5.79 6.36 7.4 3.96 2.52 2.45 2.92 7.88 1.81 4.33 6.22 12.22
6.97 8.97 4.85 2.83 7.18 11.43 7.61 11.47 2.74 6.95 4.41 3.33 19.28 24.5 10.2 6.24 4.84 5.67 5.9 6.54 9.37 12.62 24.8 10.64 11.66 24.74 12.81 14.29 8.77 16.1 8.39 4.22 3.24 4.92 5.16 5.1 10.5 10.22 7.73 10.88 7.24 17.22 17.76 4.57 8.87 3.98 2.17 1.91 4.08 12.74 11.1 7.68 10.85 6.57 8.98 2.61 4.39 4.12 5.12 14.21 4.53 4.91 6.23 6.76
4.81 4.89 3.15 2.15 4.57 6.8 5.06 11.33 8.78 3.8 3.98 3.55 10.54 17.46 23.04 5.17 8.69 6.96 8.4 7.06 5.99 8.63 15.86 11.77 15.71 15.12 16.9 14.44 9.45 6.57 8.82 7.83 6.79 4.33 4.03 7.19 10.59 9.01 10.3 10.96 9.57 16.53 16.29 6.66 2.74 2.89 3.62 2.86 4.91 8.1 6.78 8.44 7.85 6.13 5.74 2.9 2.69 5.49 7.89 13.23 5.55 8.23 12.1 14.64
5.19 4.65 4.17 5.77 5.1 5.11 6.02 6.82 4.91 2.16 3.22 2.53 9.74 8.72 23.87 7.98 8.22 5.16 2.46 6.12 10.15 8.89 8.06 6.36 7.54 11.21 10.73 13.58 7.29 7.95 4.46 9.02 5.06 6.96 4.76 7.58 10.31 9.67 9.56 14.39 8.37 11.91 13.5 8.28 2.88 1.73 2.54 2.85 7.07 10.16 6.09 3.65 5.85 4.9 7.61 5.01 2.68 7.67 7.62 9.18 7.65 10.81 15.26 14.67
5.39 2.82 2.57 10.0 5.91 3.72 5.71 5.17 3.31 2.25 2.74 4.69 8.01 10.24 18.12 13.03 6.1 8.42 4.47 9.85 12.22 11.07 9.39 10.7 4.99 10.59 16.83 10.64 6.56 5.6 7.6 6.89 5.17 6.3 13.07 17.85 15.85 8.79 9.78 12.12 13.94 10.67 14.09 14.0 4.16 2.23 5.52 4.25 8.04 9.1 16.14 6.0 7.69 6.77 6.36 6.2 4.26 9.21 6.99 5.74 6.53 8.5 13.91 17.33
9.04 6.88 4.11 7.43 5.8 3.81 3.13 5.98 3.07 2.53 2.8 4.23 9.19 7.59 11.43 6.18 8.7 7.67 9.15 6.04 14.84 12.55 9.8 10.86 6.87 6.93 16.13 11.96 6.17 8.59 8.21 8.01 9.48 7.81 13.63 12.88 12.96 6.92 9.79 11.66 19.66 16.1 13.56 12.65 7.19 3.08 4.43 11.88 22.77 18.94 12.81 9.85 9.4 7.12 4.58 6.86 6.57 6.64 4.64 2.52 3.33 9.9 7.44 13.08
12.0 4.16 2.72 5.38 6.73 1.97 2.78 4.9 5.64 4.19 3.52 5.08 5.27 8.79 7.22 4.97 3.51 5.53 5.71 3.68 6.98 11.48 5.36 10.58 5.67 6.22 4.87 9.07 4.2 9.38 15.55 7.4 10.73 10.98 9.08 13.5 16.72 16.62 15.07 6.92 8.58 18.89 8.36 9.02 5.02 7.07 6.6 11.35 10.2 20.56 22.92 16.15 8.59 4.87 5.72 7.45 8.65 9.17 3.39 1.89 4.11 10.88 19.2 13.12
15.88 10.57 3.92 11.74 3.54 4.52 4.13 4.64 2.82 8.44 10.05 6.53 5.11 5.88 6.9 5.83 4.57 5.76 7.78 6.8 6.99 6.33 4.83 8.68 12.45 6.62 6.44 5.56 4.91 7.6 19.15 6.59 10.29 11.82 8.06 7.89 22.03 19.67 14.7 11.91 14.68 9.72 11.44 8.32 4.93 7.53 6.7 10.71 9.13 11.96 9.67 8.81 4.71 4.04 3.44 7.16 13.34 5.22 4.08 3.14 5.3 6.59 11.02 15.44
