14.18 6.12 5.33 4.82 7.42 6.36 5.89 7.03 5.87 8.0 6.69 6.1 3.8 5.54 8.79 19.7 34.87 15.82 12.37 9.32 9.84 28.52 23.96 26.74 20.29 12.66 13.69 11.57 3.39 5.49 14.05 14.2 10.52 6.56 2.95 4.61 5.31 8.3 17.7 13.12 7.29 11.04 7.03 13.3 9.11 5.78 5.19 5.61 5.0 12.66 7.91 8.15 10.43 6.1 5.67 3.77 3.98 4.21 6.88 7.99 15.06 18.97 6.18 9.59
17.91 5.92 7.49 5.32 3.87 3.74 5.91 6.98 8.83 5.75 8.0 5.8 4.84 11.53 4.95 9.45 20.47 10.13 15.68 8.18 4.75 21.93 15.9 16.84 25.49 14.7 15.27 7.07 3.98 10.16 13.23 15.83 14.46 14.64 4.77 4.33 5.44 9.48 8.67 9.25 10.67 6.75 10.32 13.39 14.02 11.04 3.66 5.66 5.91 5.05 10.6 9.89 9.04 7.3 3.02 4.37 3.03 3.15 5.99 8.82 10.95 8.41 6.36 8.01
17.9 9.37 6.05 4.55 2.56 6.24 2.67 3.47 5.7 5.61 7.04 3.86 2.23 11.01 4.56 8.38 10.31 7.24 5.65 4.54 7.62 34.24 30.71 17.32 14.62 18.59 19.17 21.38 6.95 10.48 11.85 10.46 13.8 13.81 6.08 5.06 6.24 6.68 10.86 11.01 11.6 7.6 6.83 7.49 9.92 7.45 9.15 11.08 3.79 8.7 7.54 8.11 5.14 3.36 1.74 4.39 3.29 3.54 5.9 4.34 8.87 7.82 10.89 17.21
12.93 9.43 4.52 4.61 7.02 9.17 3.77 6.3 13.2 16.5 8.22 5.27 4.68 9.09 15.24 7.79 5.87 4.64 3.71 5.11 6.08 17.95 21.31 11.0 9.39 16.22 15.04 13.24 7.25 8.72 10.64 8.44 8.66 9.46 10.03 5.2 7.53 9.48 9.67 12.85 12.62 19.6 8.72 9.89 17.57 10.76 10.42 15.42 11.03 10.29 7.1 7.35 4.44 2.27 1.95 2.39 3.29 4.01 5.31 5.68 5.81 8.48 9.64 6.36
6.33 4.76 3.25 3.93 5.39 7.85 7.5 8.45 13.62 14.77 10.68 11.8 6.59 10.42 10.66 11.66 4.66 5.27 3.28 10.34 9.42 27.6 32.01 15.88 22.01 11.65 6.62 7.71 4.5 7.7 6.88 13.92 8.24 10.11 5.52 4.71 3.56 5.96 6.11 7.6 7.7 10.83 11.05 12.52 19.49 22.48 22.66 15.69 9.35 13.59 14.4 13.42 7.38 3.16 2.59 3.53 3.42 12.14 6.16 5.96 5.37 5.94 6.42 5.77
3.41 4.7 4.91 4.53 3.76 4.81 12.44 16.66 12.71 13.8 10.45 14.89 5.15 14.76 14.14 10.19 7.84 5.8 5.78 10.19 9.81 16.2 19.03 13.29 12.67 9.61 6.0 4.66 4.42 5.25 7.33 11.47 15.18 15.27 4.62 3.85 3.77 10.79 7.84 5.45 11.81 8.69 19.69 16.45 15.82 22.27 9.02 5.16 5.03 8.56 13.13 12.64 6.04 5.95 2.25 3.87 4.74 6.75 6.15 8.32 6.92 9.28 6.78 4.17
5.51 4.14 3.28 3.57 2.59 7.22 12.87 15.82 5.51 14.63 8.17 11.55 8.49 9.95 17.13 11.35 14.95 12.4 5.45 10.72 8.29 19.01 16.22 10.56 10.98 7.73 5.32 3.45 3.15 3.22 5.35 8.23 8.08 9.24 4.58 5.72 6.74 6.95 4.93 5.9 13.97 10.74 8.73 15.1 11.16 12.85 9.25 6.7 4.05 5.33 15.72 21.71 8.95 10.48 3.3 3.76 3.85 4.65 8.58 10.81 9.56 7.55 5.1 3.8
7.22 3.08 2.94 5.28 5.1 7.67 7.71 9.89 6.13 5.41 5.96 5.16 5.06 3.53 5.35 12.61 8.55 7.53 9.99 14.29 12.15 25.35 17.25 8.27 9.54 9.43 5.53 4.73 1.91 6.61 8.43 4.47 12.29 9.13 9.63 8.92 3.88 6.56 6.54 13.39 9.93 10.51 10.46 21.32 13.41 6.42 5.22 3.91 3.35 7.06 14.9 17.81 13.73 15.18 7.68 3.72 3.68 3.25 12.96 16.13 5.59 7.83 2.7 2.37
3.59 5.54 4.95 6.18 5.54 7.14 20.47 12.87 10.24 9.85 6.62 3.26 2.87 4.71 3.07 8.31 4.32 13.25 18.97 16.24 15.2 27.34 15.53 11.29 6.85 8.92 3.28 2.96 5.51 7.91 9.5 7.24 8.69 8.7 6.51 11.63 5.07 5.11 4.12 9.76 7.23 8.74 14.81 19.2 15.08 10.6 7.57 7.44 5.59 11.61 11.06 15.93 14.18 15.8 10.83 5.61 4.13 7.84 11.88 24.24 4.82 4.43 2.68 3.11
3.25 8.01 8.39 3.86 11.66 20.51 13.03 9.5 11.95 11.37 4.1 3.48 5.62 4.2 6.95 5.22 6.17 9.94 10.93 8.46 8.38 16.54 23.95 8.03 5.84 4.1 7.56 8.48 12.77 9.45 15.03 12.82 10.68 12.86 8.91 10.2 6.38 2.09 4.3 3.71 4.22 8.77 6.31 17.86 12.95 7.0 12.2 11.5 7.58 11.65 7.12 21.96 17.62 16.21 10.26 6.44 7.5 17.42 21.53 15.72 5.31 4.18 7.52 8.19
2.85 5.34 3.84 4.94 12.77 18.59 8.39 9.49 10.51 10.65 6.13 3.74 6.49 6.49 19.62 6.14 5.98 15.12 13.79 13.34 10.61 11.05 13.73 4.93 4.9 6.47 5.71 5.55 6.97 11.31 18.36 21.4 11.63 7.93 14.24 12.38 7.3 2.44 2.28 3.85 2.92 8.46 8.72 15.12 11.84 11.25 21.18 18.14 16.48 6.45 5.81 17.71 12.36 13.51 10.02 7.45 15.13 22.86 15.1 10.07 5.98 7.73 5.02 5.88
3.33 2.9 4.59 3.98 11.31 30.32 13.31 12.4 7.06 5.62 11.1 4.21 6.41 12.23 8.73 8.46 12.42 9.2 7.23 8.66 9.26 9.08 7.86 8.21 16.61 11.53 9.67 9.48 12.41 17.25 25.39 26.22 11.98 11.22 14.85 16.43 7.45 2.93 3.46 2.4 4.45 4.04 5.41 4.8 4.2 10.71 18.85 12.58 8.39 4.76 7.87 11.99 16.48 17.02 10.51 8.34 19.05 32.65 26.17 15.68 10.38 7.03 6.6 11.47
4.26 3.26 6.64 12.52 11.82 26.23 13.17 19.96 12.62 10.31 17.88 6.25 6.58 17.05 6.82 5.47 7.45 6.4 5.35 6.01 8.82 7.6 6.64 12.51 10.69 12.78 12.24 8.75 13.63 9.45 10.95 19.28 10.96 26.92 23.21 12.67 9.04 3.26 2.34 3.26 5.44 3.59 3.98 4.18 6.77 24.88 18.72 13.76 5.73 7.63 8.62 5.8 8.91 11.77 10.84 10.95 20.47 22.95 18.16 16.17 11.15 5.82 9.13 7.2
6.14 3.38 5.43 8.8 13.73 20.25 15.86 17.16 13.64 19.72 26.2 8.94 15.16 9.35 4.72 3.22 10.35 7.78 5.26 3.75 5.67 9.12 13.47 13.23 11.94 10.61 14.42 10.62 12.69 9.77 14.54 15.5 16.59 25.41 17.6 9.62 3.97 2.35 1.49 3.75 5.79 4.05 3.09 3.07 6.06 9.47 12.47 11.55 3.62 5.86 4.42 6.8 9.37 7.24 21.3 9.62 16.26 23.56 20.12 11.55 7.12 6.7 9.97 7.92
5.04 1.69 5.96 12.58 16.26 9.54 12.24 17.14 21.94 27.32 16.08 10.54 13.46 5.49 3.79 4.44 8.22 9.29 10.54 7.19 6.3 7.18 4.91 7.98 7.15 7.95 14.13 14.22 14.26 14.55 17.39 16.99 12.7 15.07 14.29 5.05 1.63 1.53 2.08 4.24 2.03 2.32 3.62 4.35 4.56 5.23 6.72 3.63 3.51 5.38 6.88 4.99 5.06 5.08 9.54 8.89 18.44 13.91 9.77 11.67 6.62 13.17 14.17 10.16
4.99 4.72 6.63 7.45 7.81 5.66 11.78 7.63 16.83 11.76 7.82 10.29 8.16 6.51 3.4 4.03 5.89 7.24 13.2 10.16 6.62 3.79 3.32 4.08 4.71 6.77 14.83 6.41 9.58 7.94 21.93 30.08 11.1 9.05 5.96 3.05 3.1 2.44 3.25 2.65 3.69 4.42 4.56 1.75 2.48 2.78 3.46 2.96 5.66 6.78 7.07 6.11 3.92 3.26 4.43 6.9 9.12 6.26 6.82 8.33 10.15 7.63 18.58 10.4
8.28 4.93 8.07 7.48 5.87 11.16 6.76 6.79 12.43 9.31 8.18 10.42 6.0 3.08 2.52 3.37 6.19 8.28 13.89 12.41 5.42 3.95 3.19 2.17 2.13 3.04 4.44 8.83 9.35 15.71 9.24 13.97 13.2 5.14 3.41 3.1 2.4 3.65 2.9 4.04 5.01 3.62 2.67 2.11 2.78 1.86 1.46 4.32 3.39 3.86 3.77 4.88 3.65 4.29 4.2 5.0 8.75 6.79 8.35 4.53 11.19 6.7 13.78 11.51
13.38 8.46 10.42 10.75 10.11 18.42 9.18 9.23 10.92 6.41 14.07 6.44 6.34 2.14 2.86 3.9 4.84 6.02 5.69 5.77 5.19 3.74 3.2 2.82 2.3 3.29 3.82 6.96 8.74 13.91 7.53 7.25 7.69 1.65 3.09 2.96 1.73 4.45 1.97 4.54 3.75 1.82 2.83 1.67 1.05 1.01 1.13 4.69 7.9 3.68 3.74 3.19 3.39 4.43 4.63 6.77 8.31 5.68 5.62 6.44 9.59 13.15 9.28 8.39
16.88 13.26 15.9 10.59 14.3 14.3 12.11 6.15 7.13 6.9 14.34 14.34 5.06 3.6 2.04 3.35 6.86 3.98 7.36 6.08 5.01 4.76 2.16 2.99 2.66 1.97 2.93 4.14 12.06 15.27 9.13 6.97 5.5 2.58 3.2 4.01 3.25 4.64 3.69 3.17 4.12 2.1 1.84 1.46 1.0 0.92 1.45 2.58 2.99 2.38 3.01 2.72 3.48 4.36 5.09 8.27 7.37 11.1 4.14 7.23 15.53 17.45 14.22 13.17
10.72 17.54 15.24 21.87 19.84 8.28 6.09 4.2 4.91 12.06 8.37 11.7 6.24 2.73 4.95 3.07 4.59 5.61 7.27 8.72 8.15 5.68 4.48 2.5 3.55 4.13 5.55 3.59 11.52 14.8 13.02 13.28 8.15 4.92 4.26 2.81 6.65 4.68 4.37 4.09 5.63 2.29 1.64 2.11 2.16 1.29 1.79 1.61 1.91 1.75 3.93 6.14 5.1 5.55 6.39 7.51 9.74 7.75 3.39 4.32 14.92 19.41 26.49 12.49
14.55 20.66 22.51 48.31 18.59 8.02 3.33 2.23 1.79 5.43 6.03 6.76 6.72 4.88 5.65 3.42 4.74 11.07 5.01 6.9 4.4 5.68 4.29 2.57 3.78 5.11 3.04 9.07 9.18 22.09 11.39 6.24 9.6 7.7 8.71 15.6 6.49 6.63 3.79 4.35 5.15 2.99 3.04 5.04 4.13 3.06 3.23 1.94 2.0 2.51 2.89 6.2 6.77 10.04 14.8 5.61 7.69 6.92 6.33 4.81 11.97 21.62 16.26 15.02
11.48 26.53 24.25 48.28 21.72 7.3 4.23 1.33 1.72 5.5 5.29 6.77 7.72 5.48 4.24 5.54 3.91 5.03 2.77 3.94 5.14 5.57 5.08 5.14 2.77 3.61 3.57 12.19 12.61 12.08 12.52 8.26 12.94 13.92 25.35 21.1 9.31 8.6 4.17 3.94 2.51 3.0 3.22 3.36 3.68 4.82 4.49 3.38 2.69 1.79 3.47 3.23 5.24 8.07 8.02 11.31 16.64 6.14 4.96 12.38 8.01 21.56 11.77 6.62
9.12 23.7 28.05 18.41 13.71 11.56 11.05 4.43 3.47 5.5 6.65 10.97 7.15 8.48 3.74 4.27 4.36 3.71 3.29 5.94 6.47 5.74 3.62 1.89 2.29 2.42 4.87 11.06 14.84 14.08 12.47 18.35 11.24 12.42 10.41 19.99 12.88 7.63 5.43 3.67 2.27 3.47 4.32 5.6 4.2 6.89 5.78 4.08 1.99 2.79 2.76 3.56 4.05 7.19 5.65 10.12 5.76 7.25 5.95 5.3 6.54 14.25 12.61 8.11
7.01 12.18 18.07 20.49 16.59 15.17 8.05 5.36 2.81 8.32 6.91 4.66 9.04 5.24 4.2 6.2 6.83 4.8 3.84 6.62 14.66 4.7 3.45 3.38 3.18 2.79 3.65 7.7 16.41 23.57 15.7 24.67 13.99 14.61 11.29 8.32 6.53 4.17 9.69 5.37 3.89 2.31 3.23 4.78 6.11 18.31 7.18 5.15 3.92 3.97 4.02 3.7 3.53 4.59 3.88 7.06 10.86 7.28 6.97 4.34 8.3 14.65 11.53 8.45
13.1 16.24 14.71 31.2 21.36 21.34 8.04 8.51 7.37 5.96 5.73 3.9 6.75 4.29 4.98 8.03 6.41 6.31 2.31 7.5 11.74 5.44 2.33 4.58 2.84 4.23 3.87 9.66 20.09 20.99 18.31 21.78 11.78 13.35 13.22 7.61 5.87 9.53 13.64 9.86 5.3 3.23 6.62 11.07 7.98 15.71 12.6 8.36 7.84 5.48 2.35 2.6 2.72 4.47 6.85 5.49 8.99 6.67 7.85 9.19 6.69 11.95 8.37 4.99
9.7 16.44 11.35 16.33 39.67 21.16 18.48 10.7 5.1 5.96 3.15 5.16 5.4 4.56 5.93 8.84 8.81 10.19 4.7 9.36 8.54 4.46 4.11 8.29 4.98 5.02 7.73 10.53 16.68 9.92 11.22 10.83 4.5 8.43 6.85 3.85 3.67 5.57 12.37 9.44 7.1 11.39 8.03 8.54 10.56 12.95 12.31 12.25 9.47 6.71 1.91 1.86 2.77 5.38 9.5 5.58 8.21 11.33 5.79 13.67 12.27 11.48 8.65 4.78
8.07 15.85 13.49 16.51 35.36 22.67 17.64 10.52 6.73 7.07 3.35 5.29 8.01 7.29 8.19 8.71 8.15 9.39 3.62 4.51 6.11 4.39 6.15 5.08 4.29 7.77 13.54 9.69 8.25 6.18 4.91 10.69 4.72 8.44 3.84 5.59 5.44 10.91 7.96 10.16 10.86 9.99 9.03 11.42 9.51 9.47 5.36 8.86 5.01 3.23 2.29 5.22 4.42 8.23 5.28 6.57 13.33 14.95 6.41 15.78 19.6 18.99 9.37 5.04
10.41 17.55 9.94 16.11 20.75 13.11 8.54 7.45 8.91 5.09 3.08 3.44 8.71 10.0 5.81 9.87 5.81 4.11 7.15 5.48 12.16 5.37 6.3 15.94 8.35 6.19 10.99 11.09 10.28 9.43 8.53 5.17 6.03 9.03 10.4 9.68 4.61 8.03 9.01 8.14 14.35 6.92 14.64 7.83 12.45 6.39 4.54 5.38 3.85 3.48 1.89 3.4 7.42 9.31 6.44 9.78 21.98 15.61 17.52 11.75 12.71 12.74 5.66 6.11
12.22 16.96 11.88 18.16 16.52 14.05 8.51 7.63 6.74 6.26 3.69 4.63 7.96 5.8 6.02 15.19 5.32 2.9 5.11 5.81 5.94 6.38 3.29 10.36 4.46 5.89 16.89 9.84 16.08 10.31 7.09 5.9 6.97 10.88 18.93 19.25 19.17 16.36 14.75 13.2 14.96 13.38 10.65 6.28 9.25 7.08 4.23 5.3 4.32 2.67 5.17 4.23 8.96 11.51 4.07 7.73 9.47 10.95 14.31 11.28 12.85 15.06 12.58 7.58
7.97 15.27 22.21 12.71 9.53 9.67 5.52 6.49 4.04 3.31 2.84 4.51 11.95 9.5 5.91 18.71 5.81 6.38 7.39 7.35 4.8 3.67 4.28 8.11 6.34 6.97 16.12 13.23 12.23 9.45 5.26 7.66 8.75 10.41 15.74 27.8 24.12 18.8 20.42 18.72 8.86 13.01 7.51 6.44 8.46 4.88 7.31 5.87 9.3 8.99 5.85 7.77 11.15 9.5 4.54 4.94 4.86 9.21 12.94 4.55 11.07 7.25 8.25 5.8
13.99 10.02 6.45 10.21 7.43 5.14 5.07 5.15 3.51 2.66 5.12 5.39 8.21 6.3 6.05 11.01 6.1 8.06 6.53 6.01 5.82 5.26 7.8 10.17 7.47 17.52 18.33 16.75 12.88 16.46 5.0 4.55 8.71 18.17 24.54 26.42 17.26 27.89 11.18 17.35 8.38 5.85 5.72 4.14 6.11 7.68 4.21 9.02 7.81 5.7 7.3 16.13 7.98 5.56 4.05 3.17 7.56 7.59 7.44 6.78 3.39 11.26 7.42 5.52
7.09 6.76 4.11 6.96 4.83 2.98 3.88 4.9 6.94 3.91 6.95 11.91 12.75 7.92 9.99 7.47 21.83 13.62 5.17 7.77 4.79 7.16 4.78 5.23 12.56 18.72 25.62 16.35 21.48 7.56 6.15 4.43 8.31 12.18 25.82 16.57 12.08 17.04 15.32 13.97 13.45 7.35 7.69 7.23 8.14 6.81 8.97 10.97 7.53 6.09 12.73 13.04 6.46 4.94 5.93 6.18 3.83 7.4 5.76 6.33 3.79 3.69 6.28 6.14
4.32 5.79 2.87 3.44 5.03 1.71 2.53 5.26 3.64 5.08 7.24 9.24 9.38 7.55 8.62 7.34 12.1 6.32 6.74 7.22 4.55 7.83 10.12 15.45 23.12 25.43 47.38 32.87 29.46 12.16 13.92 8.7 7.69 11.11 22.79 15.51 20.45 20.16 17.34 14.01 9.11 12.16 9.51 6.61 6.2 9.7 9.62 9.05 8.91 6.84 20.06 14.86 4.59 7.52 5.37 6.17 5.15 8.04 9.01 7.27 3.99 3.61 3.94 4.47
5.4 4.73 7.67 7.46 4.84 4.13 4.04 6.59 5.32 10.59 16.07 8.57 12.08 10.56 7.65 6.44 7.16 6.21 7.91 7.28 6.43 6.79 9.8 15.37 14.47 19.98 38.56 25.63 25.21 13.21 9.28 8.89 7.2 8.73 9.81 9.03 19.72 25.62 19.73 19.01 18.88 9.5 18.04 15.37 14.31 11.07 6.45 5.0 7.43 4.69 8.76 7.61 7.82 6.62 5.51 6.29 9.5 7.53 7.84 5.26 4.61 2.73 3.7 9.15
10.07 6.38 5.51 9.58 7.0 7.03 8.07 11.13 9.87 11.29 13.84 8.26 12.82 9.24 6.09 5.91 3.22 3.7 6.61 4.34 5.43 5.5 10.09 21.76 14.9 10.41 12.9 22.54 13.85 14.09 8.45 7.33 9.42 6.5 8.45 10.05 16.02 25.16 18.6 19.63 16.87 8.87 16.11 14.87 9.17 11.41 6.14 5.9 3.84 3.93 4.54 7.05 10.32 8.96 4.48 5.68 9.99 7.35 9.87 9.11 5.15 6.26 5.5 10.53
8.11 10.2 12.54 12.73 6.19 6.4 8.17 6.53 7.1 15.4 13.31 16.25 18.16 7.74 7.95 3.42 4.24 3.17 3.62 3.95 5.92 6.57 11.94 17.11 7.74 5.36 7.98 7.89 11.37 5.56 5.28 3.12 5.86 3.74 5.36 9.68 17.57 20.54 20.79 16.37 13.47 27.45 21.7 12.8 13.71 15.95 9.58 4.95 3.7 4.01 2.9 5.89 8.49 7.74 6.62 5.02 11.29 9.78 6.15 8.34 3.72 6.49 6.49 8.6
4.58 9.68 10.95 5.71 6.92 3.77 6.5 10.52 11.56 17.55 9.63 12.61 13.94 8.53 8.47 3.01 2.86 2.47 6.21 7.42 6.95 8.0 14.38 11.42 10.27 4.53 7.87 4.19 4.69 6.57 4.18 4.3 4.2 3.57 3.68 7.55 14.94 7.46 12.62 11.4 13.54 20.5 10.81 16.42 11.14 9.84 9.1 4.31 7.25 6.16 4.45 6.77 5.68 7.9 9.08 8.22 12.0 8.53 6.8 5.95 5.77 9.75 9.09 5.28
7.16 10.75 6.81 8.13 5.06 3.85 7.69 6.56 8.69 6.36 8.95 15.48 6.66 10.45 7.19 2.26 2.45 4.21 8.71 7.49 6.79 7.02 8.3 6.08 4.97 5.13 7.14 7.3 5.18 5.46 5.44 4.67 4.16 3.44 4.1 4.36 12.2 10.97 10.98 8.69 17.51 10.57 13.38 8.03 7.4 8.83 5.88 7.26 10.16 6.52 12.37 8.8 11.34 8.83 6.74 3.73 7.5 3.8 6.02 3.97 6.35 7.88 7.82 7.37
9.77 14.09 8.71 3.79 5.98 6.26 4.41 5.59 5.06 4.59 7.59 11.55 8.54 7.37 4.08 3.73 3.52 5.46 10.46 14.15 9.21 9.64 7.24 7.23 5.57 5.25 4.82 4.37 3.16 2.96 4.87 4.06 3.32 4.84 4.35 7.46 5.02 10.24 9.1 6.19 12.98 12.04 6.12 8.64 6.58 7.12 6.97 18.96 13.2 17.94 14.27 13.04 9.35 5.81 4.63 3.91 2.89 4.66 6.25 5.89 9.5 4.21 3.72 7.28
13.24 8.73 7.82 3.15 6.95 6.36 3.03 5.45 2.89 2.61 6.91 5.91 9.24 4.36 4.99 7.31 3.86 5.84 11.51 10.03 9.42 5.11 8.89 8.26 6.4 4.83 5.04 3.58 2.55 3.65 4.42 4.67 1.93 5.04 6.97 7.35 11.6 7.43 4.05 6.59 6.56 19.64 8.12 4.45 4.55 7.68 12.13 16.08 13.86 11.2 11.23 14.78 6.48 7.33 5.66 5.34 5.92 4.86 6.05 8.71 12.3 9.45 9.2 7.8
5.82 5.76 6.89 7.35 8.78 5.61 8.17 3.64 3.62 1.71 2.31 2.17 2.31 6.48 8.13 5.12 4.27 4.36 12.35 7.36 7.33 3.17 7.29 11.98 8.61 6.01 2.98 2.47 3.66 5.64 4.17 2.92 4.35 10.64 8.84 11.63 12.16 9.73 5.96 9.33 16.11 9.47 10.26 6.89 7.35 6.6 11.04 21.34 15.47 14.62 7.13 10.32 4.55 2.93 3.11 4.48 5.73 6.41 5.36 6.84 10.42 9.58 5.09 5.22
6.73 6.96 4.61 7.49 5.48 7.15 8.23 4.01 5.35 3.11 2.15 3.4 3.37 6.49 6.9 4.63 9.14 6.75 8.72 12.91 6.01 4.8 5.98 10.76 13.19 5.04 2.59 2.49 3.64 4.46 5.64 5.81 6.61 9.64 9.31 14.15 19.15 9.97 17.82 8.87 16.7 7.22 8.15 6.64 4.55 7.64 8.16 13.66 9.28 4.13 4.4 4.62 5.56 2.71 1.83 2.7 5.23 4.28 5.0 4.2 7.27 6.29 6.44 4.98
9.08 13.37 9.99 13.2 5.4 7.84 7.75 8.69 5.83 2.58 2.71 3.3 3.63 2.0 3.36 4.83 8.32 9.77 3.85 9.01 4.22 6.82 11.39 9.74 6.14 3.15 2.82 2.19 4.04 9.83 11.79 11.49 13.29 15.51 9.04 14.9 16.9 11.98 10.26 14.13 6.32 12.83 5.15 5.47 5.37 4.15 9.26 6.63 8.5 5.74 3.87 6.84 4.61 3.31 3.29 2.64 1.82 2.53 4.44 2.82 3.63 3.96 2.96 3.0
18.81 14.4 18.6 12.12 9.73 5.88 7.1 7.18 5.97 4.46 4.89 2.94 2.32 2.83 3.42 4.62 4.74 6.04 4.78 5.37 4.39 6.76 8.11 3.93 3.96 3.04 2.38 2.18 3.81 10.26 8.82 10.38 10.9 14.85 12.75 27.65 22.51 23.46 11.67 20.53 8.42 6.05 7.75 2.95 4.28 4.18 7.63 6.82 6.86 7.67 6.51 4.47 5.62 4.36 4.64 2.62 1.88 2.37 2.26 2.89 6.1 6.97 2.3 2.25
17.15 12.91 13.81 9.54 4.56 6.91 8.17 11.75 7.3 4.81 6.07 4.8 2.18 2.03 3.74 3.21 2.92 6.27 5.95 7.24 6.31 6.88 8.87 4.93 3.24 3.3 2.21 2.96 5.55 6.33 8.31 10.1 10.52 20.04 15.94 16.45 15.69 17.34 11.9 9.48 9.72 4.14 4.64 3.64 4.77 6.1 2.69 5.06 6.41 6.14 4.26 3.26 3.73 4.63 3.84 4.7 2.11 3.62 4.0 5.27 6.97 4.03 1.93 4.08
13.54 19.32 12.71 6.47 4.16 6.6 9.12 20.84 14.27 11.33 10.32 4.94 2.26 2.22 3.89 3.36 2.7 3.34 4.48 7.24 5.25 5.34 4.35 4.98 2.85 2.8 2.33 2.27 5.99 5.3 8.72 9.4 11.75 12.99 11.47 15.14 11.47 7.51 8.78 4.61 6.3 6.07 5.62 8.4 10.35 5.36 3.24 2.86 4.45 5.95 3.83 4.69 3.94 4.06 5.69 2.53 2.97 3.26 5.37 4.28 7.91 4.41 3.09 4.23
15.89 17.17 11.91 7.05 4.97 4.17 8.3 17.89 8.74 12.07 8.43 6.91 4.97 2.73 9.89 5.01 3.42 4.54 3.59 7.81 4.77 7.29 5.04 6.2 4.19 5.05 3.69 3.39 6.69 5.32 9.37 15.2 10.15 11.98 7.88 9.01 14.26 5.47 2.46 4.22 3.13 6.95 8.81 7.01 5.91 2.84 3.08 3.01 4.57 5.3 4.69 3.18 2.9 4.09 5.98 2.88 6.25 4.78 5.63 9.35 6.41 8.09 5.64 3.99
22.93 13.01 19.65 13.55 4.76 5.17 17.04 14.38 20.37 23.19 19.29 11.64 3.45 6.42 7.06 3.48 3.79 3.7 2.6 4.02 2.88 4.17 3.04 3.41 7.02 6.01 3.68 4.81 3.13 8.13 9.4 10.45 14.31 11.68 10.63 14.92 13.81 9.98 4.15 3.52 3.72 5.28 9.0 12.53 7.73 3.7 8.32 5.07 5.26 8.12 5.23 3.86 4.31 8.1 6.42 6.08 5.57 5.0 7.6 9.56 14.29 15.78 7.71 6.27
16.46 13.08 9.78 11.28 6.18 6.13 12.21 8.46 9.33 14.51 9.36 12.4 7.27 6.84 6.89 4.11 5.54 3.8 4.95 3.77 4.59 5.11 4.11 4.97 6.27 9.89 6.38 3.24 3.44 6.66 9.11 8.88 11.27 13.15 8.01 10.14 16.28 9.04 5.49 4.5 6.93 8.69 8.03 13.84 11.39 6.99 6.01 12.22 6.5 15.09 7.12 8.98 9.16 11.59 10.46 10.84 6.62 5.41 8.31 17.17 12.27 18.13 9.16 11.44
19.57 16.97 20.16 11.65 9.97 13.06 10.83 8.27 7.18 10.01 16.32 7.68 8.5 5.25 10.52 4.25 2.76 4.72 4.09 2.65 5.24 4.83 3.8 5.4 9.14 7.88 7.16 2.92 4.16 6.53 8.56 8.14 17.29 15.32 16.44 26.38 35.23 11.43 8.54 11.18 7.39 8.54 8.41 11.92 15.55 5.54 13.97 8.24 5.53 6.89 3.72 3.1 6.78 10.24 23.5 15.24 4.91 5.57 11.52 13.91 22.59 19.97 12.56 9.58
14.23 18.32 21.58 11.01 21.97 20.41 10.98 6.05 7.26 13.48 11.54 8.32 8.88 18.17 13.56 7.86 3.22 6.28 4.38 2.07 4.85 4.9 6.23 4.79 3.96 6.44 4.85 3.3 4.22 3.95 6.04 6.86 7.6 9.62 11.62 16.32 30.26 15.63 8.4 8.84 9.65 11.6 20.36 14.44 20.75 12.36 13.95 11.56 10.63 4.64 4.21 3.34 7.87 13.07 13.03 17.03 9.55 10.77 10.71 7.19 14.35 13.0 6.67 11.97
11.7 9.52 18.89 9.47 13.2 21.19 9.92 5.8 6.76 7.44 6.33 8.77 4.5 20.06 17.79 7.95 8.68 6.45 5.33 3.33 3.41 6.02 4.75 3.43 3.95 3.96 3.35 5.29 11.45 7.63 6.97 8.97 7.19 8.37 8.65 15.16 22.84 15.57 14.92 9.13 15.03 9.85 8.13 15.3 13.61 11.86 9.14 10.96 14.68 7.27 9.1 9.55 8.2 7.86 13.29 23.54 15.96 17.25 15.08 10.71 21.29 10.83 10.18 11.46
8.82 14.16 12.94 12.28 9.53 13.49 10.41 7.43 5.94 4.73 9.42 6.64 9.85 14.12 22.76 18.77 11.82 5.88 3.31 5.26 6.52 5.11 5.38 3.68 6.23 3.38 4.91 12.23 18.02 17.55 7.52 9.65 6.18 5.15 9.55 10.58 23.79 15.1 14.0 16.83 7.39 8.57 4.18 4.6 7.68 8.6 11.28 11.09 8.45 18.18 15.11 20.08 8.8 5.08 7.9 9.85 28.5 35.72 20.16 9.85 12.88 13.0 6.55 6.17
9.93 10.96 12.81 10.79 5.59 7.31 17.13 9.81 10.65 5.5 7.97 4.44 7.23 11.99 22.01 15.45 13.12 5.86 4.77 6.15 5.02 8.4 5.17 4.38 7.99 6.34 7.34 23.3 34.98 15.68 13.21 9.94 13.44 7.18 7.98 7.09 9.52 9.13 7.21 12.99 4.34 2.41 3.74 3.61 8.65 8.06 8.65 7.38 8.67 15.15 11.54 5.06 6.33 5.22 6.56 7.94 26.83 32.39 14.61 14.14 14.14 9.75 5.34 8.47
11.09 7.16 7.44 9.75 6.73 10.2 14.77 7.66 10.47 10.24 9.06 8.76 6.93 23.64 23.81 22.64 14.17 5.76 5.03 6.05 6.24 10.19 3.29 3.95 6.7 6.61 17.11 19.19 23.29 16.87 12.97 9.7 12.24 9.94 5.43 5.85 5.75 7.7 12.95 7.46 7.97 3.42 5.26 7.92 4.83 5.39 6.5 7.95 9.39 11.66 8.14 2.85 4.65 3.22 2.58 9.93 6.05 11.38 6.51 5.03 7.88 4.96 6.26 8.07
20.04 9.62 7.2 7.71 9.24 15.64 15.99 13.68 7.54 9.64 11.38 7.76 9.08 9.87 21.5 16.12 11.94 8.92 5.01 5.17 9.41 7.13 4.87 3.9 6.87 12.15 20.89 19.85 17.24 15.93 9.43 10.94 16.12 10.53 4.19 3.03 3.11 3.82 8.63 10.58 7.92 4.22 6.23 7.74 6.05 6.49 5.44 8.15 10.25 12.98 8.18 3.3 5.73 4.64 6.07 12.44 10.14 5.26 7.27 5.7 7.87 4.07 4.27 7.72
22.29 8.33 6.75 5.67 15.13 27.43 11.01 10.81 11.45 15.18 21.74 11.62 20.09 7.61 20.08 11.11 5.08 7.52 4.71 9.94 12.45 4.61 3.56 4.0 7.6 6.5 9.11 19.49 10.38 7.51 8.33 9.28 15.65 8.66 4.56 5.81 3.14 5.6 8.79 16.23 14.11 11.52 10.65 6.26 7.89 5.43 6.68 6.02 4.78 11.65 7.38 6.59 11.01 7.07 8.76 13.55 6.72 3.83 5.93 8.53 5.1 5.0 3.71 9.26
13.9 10.81 15.56 17.22 15.91 12.63 8.75 11.27 17.72 19.38 26.3 16.49 9.19 8.03 8.31 4.76 8.42 7.01 9.18 11.53 5.93 6.38 8.17 5.71 7.53 5.62 8.35 14.43 9.41 6.51 8.9 8.95 17.73 10.73 6.45 4.57 3.95 6.1 9.5 12.83 15.87 10.43 10.61 5.18 5.51 4.8 3.86 4.27 4.73 5.13 5.37 12.78 14.99 14.7 7.73 8.18 13.75 7.59 8.01 6.85 3.48 6.73 2.09 4.14
10.35 18.4 24.19 31.13 11.83 13.84 10.87 7.27 17.62 32.31 23.03 23.79 6.24 9.98 6.0 2.24 6.74 2.75 5.01 10.98 9.5 13.62 7.68 6.32 12.98 7.44 7.68 6.16 5.87 5.58 5.37 4.11 9.22 7.86 7.91 6.7 6.12 4.4 8.76 6.98 9.91 7.89 4.31 7.9 8.53 4.66 3.49 3.16 3.1 2.72 3.36 10.82 10.7 6.51 7.1 8.36 10.89 6.45 6.22 7.22 7.77 5.66 4.16 6.42
9.52 18.95 19.19 13.29 12.93 12.44 14.17 12.01 7.82 13.87 13.45 9.42 7.02 2.31 2.79 3.0 3.81 4.58 3.64 7.45 10.75 5.8 4.64 6.09 10.57 7.32 5.93 6.63 5.01 3.74 5.21 5.69 10.3 13.02 8.36 7.85 6.62 3.67 6.63 8.33 11.05 9.96 9.35 9.87 9.28 6.42 5.23 4.2 1.87 1.98 4.95 6.22 9.3 6.43 8.59 3.67 6.25 2.6 4.24 4.22 4.5 3.95 2.65 3.36
9.4 7.02 16.85 10.6 7.44 15.86 11.32 8.79 6.63 8.75 8.32 4.47 3.96 2.83 2.52 3.88 3.71 8.28 5.93 8.92 6.39 6.39 7.93 6.92 8.04 8.37 3.85 8.02 7.06 3.5 4.47 3.16 8.14 11.13 6.83 8.55 5.8 6.74 8.43 11.46 8.46 6.11 6.37 9.58 10.93 4.67 5.02 4.64 3.7 4.96 4.92 6.21 9.18 11.89 7.69 2.94 2.14 2.97 2.72 4.06 3.43 2.8 2.93 4.22
10.52 9.52 18.15 10.22 13.74 8.75 9.74 6.79 3.11 6.69 4.68 3.6 3.38 2.66 3.52 4.13 6.92 9.48 6.87 4.27 5.65 6.28 10.22 7.96 11.29 6.11 6.74 9.15 7.7 3.33 1.99 3.1 4.96 8.39 10.15 9.62 7.37 5.36 7.64 7.33 9.87 6.4 6.45 9.86 5.82 3.23 6.02 7.64 5.41 6.83 3.86 5.14 5.89 15.52 6.48 4.45 3.3 3.39 5.22 2.95 2.6 2.33 3.75 2.29
6.42 7.17 8.51 8.19 11.29 16.72 10.48 7.07 3.7 5.13 5.93 5.46 3.52 2.63 4.28 3.76 6.45 6.17 5.17 3.58 5.43 4.49 9.51 7.01 6.08 7.52 6.94 13.37 5.47 1.84 2.09 3.04 3.83 10.34 14.35 10.99 11.09 5.97 8.35 8.13 7.64 5.79 3.47 4.4 5.39 4.89 6.33 7.18 4.82 7.09 3.36 5.23 7.37 8.12 8.7 6.9 6.82 3.75 5.58 4.17 3.79 4.01 4.31 5.1
7.35 8.7 6.26 8.9 11.41 18.31 13.51 5.91 5.34 3.14 4.82 3.41 3.47 2.89 2.34 5.56 3.97 4.93 7.66 4.68 5.46 5.26 3.43 5.99 9.94 8.95 8.4 13.27 7.1 1.18 1.81 4.19 4.56 4.66 3.88 11.23 9.88 6.81 7.88 6.53 6.53 5.73 4.54 5.04 6.6 5.98 12.21 9.82 6.21 7.11 4.38 5.45 7.27 6.78 9.07 5.13 4.96 5.27 5.48 5.01 3.26 4.22 4.06 3.8
