4.24 2.99 5.83 7.5 6.74 10.04 5.8 10.33 7.34 6.9 6.75 6.49 4.15 3.67 5.29 4.29 3.42 1.77 1.53 3.38 4.89 9.72 11.23 3.65 4.76 12.24 10.73 4.02 1.68 4.28 5.53 5.88 5.11 8.14 3.82 3.67 7.52 4.91 6.38 8.9 12.98 12.52 14.02 9.37 11.43 14.84 10.4 8.52 10.73 4.53 5.61 7.56 6.17 8.15 8.73 6.1 5.88 10.59 7.95 4.62 5.12 4.79 4.58 12.01
1.35 3.78 4.4 4.34 5.56 6.03 8.12 7.95 6.08 4.57 5.29 5.83 5.54 5.36 5.3 5.69 6.8 2.06 2.52 3.28 4.83 4.28 3.75 5.27 1.7 11.33 11.91 4.35 2.73 4.68 8.4 8.56 7.39 4.59 5.64 6.97 7.22 5.75 6.46 5.74 9.78 11.0 10.57 13.69 9.99 6.74 4.59 7.25 7.29 7.49 4.74 7.53 6.9 7.64 4.94 5.56 12.2 9.87 6.62 4.21 4.3 4.1 6.0 6.43
2.72 3.63 3.35 2.54 5.03 5.5 6.46 10.69 6.03 8.06 6.9 4.91 6.12 6.24 4.34 7.91 7.78 2.11 3.56 2.14 3.98 5.51 4.19 4.28 5.39 7.29 5.08 5.42 3.43 5.61 9.13 7.29 3.97 3.27 4.8 8.7 4.16 8.43 4.61 7.77 11.25 5.67 21.86 11.97 8.22 8.86 8.1 8.77 4.5 5.5 5.79 4.0 6.34 5.82 8.65 6.33 5.93 4.96 8.75 9.33 6.73 3.88 8.99 10.37
6.2 3.54 4.8 2.22 3.28 6.07 6.91 9.12 12.82 10.48 10.19 8.55 8.96 7.19 5.97 5.45 3.2 3.98 1.71 3.01 4.16 4.48 5.64 3.6 6.04 4.25 6.36 5.62 2.66 8.75 8.3 18.18 7.97 3.63 5.46 5.8 7.17 6.29 9.85 10.84 9.78 9.77 10.0 17.64 14.35 9.91 14.21 11.94 8.05 3.17 5.96 4.38 4.02 5.85 5.67 7.18 4.32 5.39 7.93 11.39 12.77 9.9 10.14 15.84
6.79 6.94 3.92 3.2 3.45 6.01 17.21 18.67 18.44 21.0 12.53 12.85 6.73 7.03 5.61 4.85 10.72 4.91 3.39 1.96 5.65 4.95 7.78 5.03 5.28 7.1 4.1 6.38 4.07 9.6 17.59 13.67 8.74 5.32 6.0 4.85 5.55 8.82 7.42 6.5 10.87 16.32 9.53 12.04 11.88 18.6 16.49 19.06 8.42 7.72 5.09 5.57 9.88 6.99 6.18 4.73 4.8 8.57 10.85 19.57 20.12 13.94 14.41 12.6
11.46 3.89 6.79 4.11 5.35 11.13 21.51 23.7 23.32 15.3 9.53 6.76 4.92 7.78 7.59 8.23 10.5 4.95 3.89 2.52 6.8 14.51 6.52 3.76 5.55 5.53 3.37 3.2 2.22 8.59 5.8 8.14 5.31 5.72 8.71 5.12 4.0 5.3 10.53 10.51 16.34 18.32 9.39 10.9 14.45 17.11 16.15 11.3 7.69 8.22 3.41 4.65 9.68 9.06 4.96 2.18 6.7 11.23 17.1 11.85 20.09 8.28 23.35 13.84
9.35 14.65 19.14 7.79 11.17 12.47 29.62 18.22 17.12 10.2 9.03 7.65 4.84 11.17 9.65 9.9 6.05 4.4 5.46 8.66 8.81 14.33 7.87 5.56 10.9 6.86 7.81 6.06 3.37 11.09 8.04 7.12 6.23 4.88 5.07 5.09 6.45 5.32 10.41 14.04 10.15 11.73 9.21 16.86 11.65 14.71 15.33 6.73 8.73 3.66 4.46 5.48 6.02 5.48 5.05 3.41 4.76 12.74 21.84 8.28 13.66 12.13 19.15 12.44
12.4 26.01 21.47 8.34 8.28 11.16 13.38 13.09 17.41 7.99 5.81 5.14 4.79 8.9 7.76 4.8 5.33 4.34 4.36 5.5 12.4 10.33 7.38 10.56 6.25 7.58 6.38 4.74 6.04 6.74 13.37 6.66 7.82 3.88 3.49 3.71 6.81 9.21 11.1 12.83 8.3 8.62 6.74 14.55 11.31 15.07 9.56 8.81 3.69 3.02 6.18 10.21 5.84 3.78 2.67 5.02 6.04 7.48 19.34 10.67 9.41 10.38 14.45 12.51
25.8 20.8 14.79 8.25 10.03 11.44 16.56 14.5 7.36 7.29 4.0 7.21 6.07 7.74 8.8 5.09 4.42 4.29 6.47 8.96 6.91 7.51 7.4 9.74 7.26 7.91 4.64 4.24 10.51 6.94 17.4 8.9 15.6 7.44 4.68 6.67 7.1 14.11 11.35 15.72 7.08 3.49 7.2 13.74 12.54 14.78 7.55 6.69 4.71 6.52 2.8 5.68 6.21 1.94 2.59 3.78 7.59 12.47 12.15 13.2 6.13 11.09 10.49 11.6
16.51 19.57 9.76 7.77 9.99 13.61 8.02 15.24 14.17 6.07 4.04 7.48 8.29 4.83 7.59 3.87 4.7 7.02 4.7 5.1 2.88 4.25 7.57 9.91 9.43 6.54 4.65 2.6 3.61 10.1 21.8 11.07 25.3 14.1 4.73 4.73 6.47 9.25 19.26 13.49 5.95 5.99 3.54 17.58 11.64 12.71 7.43 5.2 6.08 3.41 3.21 3.48 2.76 4.84 4.48 3.65 5.02 8.85 21.95 15.25 29.03 9.69 14.69 14.75
9.12 22.12 13.25 16.29 8.28 16.82 11.67 10.85 6.03 4.68 3.97 10.15 9.85 5.7 3.17 2.44 5.53 3.17 4.75 4.92 4.53 6.57 12.36 8.62 4.63 4.76 3.01 3.25 4.16 8.6 29.62 24.95 21.93 8.34 7.05 6.01 4.13 12.29 7.28 12.05 5.69 3.31 7.36 7.89 20.21 6.34 4.97 8.69 7.88 6.59 5.53 4.28 4.77 3.35 5.07 4.73 5.78 8.86 23.16 44.05 28.01 12.14 15.24 16.2
9.22 8.45 17.77 22.18 15.41 22.14 12.14 8.81 7.03 10.35 11.2 10.81 13.62 3.15 3.61 3.06 3.24 6.23 2.74 5.43 6.25 15.42 7.28 8.5 7.51 4.14 3.71 4.34 8.92 10.83 11.95 19.29 17.73 7.96 10.78 3.36 7.11 10.29 11.92 7.04 3.65 6.03 4.96 5.99 7.5 5.24 5.63 7.66 6.03 4.07 4.52 4.5 4.17 3.62 5.04 3.66 5.36 12.14 27.45 40.87 27.33 16.14 9.61 19.93
5.89 10.71 8.5 20.39 15.1 15.68 14.37 8.4 11.38 13.97 9.59 9.52 6.7 4.23 3.48 2.22 4.01 2.43 3.89 6.14 7.96 11.24 17.36 18.93 17.33 12.15 6.08 6.0 5.7 14.15 17.96 20.35 16.84 12.59 6.86 4.1 7.22 7.38 12.98 4.82 4.32 4.3 5.87 8.98 6.24 4.64 4.51 6.49 4.15 3.87 3.2 8.55 9.47 11.18 9.69 5.32 5.66 18.91 18.64 23.86 18.47 11.89 12.04 15.27
10.26 5.26 11.91 13.36 9.24 18.18 9.92 9.47 5.06 9.2 8.04 9.44 3.59 4.7 2.78 4.08 3.03 2.47 4.32 6.65 7.79 6.78 11.11 17.83 18.54 7.63 9.39 7.41 7.31 10.89 26.55 20.67 8.66 6.63 5.17 3.14 4.76 5.5 7.02 2.17 3.81 6.92 6.45 5.8 6.95 4.31 4.57 8.5 3.57 3.78 4.68 11.07 13.88 13.3 11.73 6.93 6.06 11.45 16.94 18.48 15.24 14.23 11.0 15.61
9.69 9.69 8.66 22.25 19.7 13.31 10.33 11.62 5.82 12.95 7.73 4.54 3.92 5.13 3.35 3.02 6.14 4.18 10.39 10.0 10.76 9.67 8.61 16.0 10.24 13.16 13.65 12.91 8.32 5.75 16.61 31.22 6.09 4.32 2.86 2.22 5.64 3.28 5.24 2.95 3.47 4.63 4.85 2.93 3.5 3.89 6.29 8.5 4.84 5.13 8.14 15.71 18.83 4.57 6.92 8.39 9.0 7.05 10.17 22.89 10.69 7.85 4.29 5.58
12.98 12.85 9.89 15.39 17.96 25.88 10.3 7.59 8.19 7.88 7.51 6.89 8.13 6.18 5.93 4.64 6.33 12.05 21.55 11.71 21.26 8.43 10.22 14.49 11.96 13.39 12.87 16.1 6.74 10.19 11.22 11.62 9.24 8.46 4.39 3.73 5.46 4.05 2.79 1.88 2.62 4.05 8.0 6.72 3.52 5.21 8.83 15.24 15.07 10.42 16.22 19.38 12.3 9.93 5.3 8.48 10.1 14.91 25.81 9.3 10.7 5.25 4.95 3.94
15.81 9.7 10.86 11.09 17.3 20.59 7.52 4.31 5.44 5.53 5.32 3.86 5.27 8.63 4.78 4.84 13.73 15.17 19.47 16.39 9.03 9.62 10.09 14.47 9.88 14.93 12.23 9.79 5.48 6.94 8.6 8.03 13.73 14.22 4.91 2.57 2.05 3.84 1.9 1.44 2.31 3.25 13.16 4.48 5.21 3.85 11.12 21.89 11.83 39.45 25.42 26.72 37.28 19.22 10.51 9.53 8.12 9.02 16.84 13.03 7.46 9.33 7.63 4.57
13.57 9.29 19.13 20.55 15.36 25.18 9.38 10.94 4.37 6.65 8.79 9.42 10.66 6.56 11.05 6.79 8.27 17.22 14.33 12.12 8.27 14.99 13.97 10.89 6.44 5.6 6.29 6.35 4.76 4.74 9.67 14.82 7.32 8.29 3.51 3.11 5.14 3.72 4.3 2.54 1.38 2.61 5.54 3.22 2.99 2.45 4.28 5.72 16.5 35.69 43.01 39.12 35.95 20.39 10.08 7.98 4.48 4.67 14.83 8.96 11.89 6.84 5.58 3.24
6.88 17.94 10.67 31.96 11.69 13.16 6.89 6.96 11.24 9.04 17.58 16.67 11.75 7.67 7.2 7.75 7.52 10.7 11.5 6.77 7.54 7.83 14.08 11.55 5.15 5.58 8.43 9.93 14.58 9.77 5.32 5.79 15.18 8.21 5.04 3.04 8.03 8.87 5.16 4.26 1.85 3.09 7.42 4.71 3.76 3.69 5.17 6.69 9.63 30.3 20.25 37.62 17.72 17.59 9.7 6.52 11.9 8.44 13.81 12.51 13.71 4.9 5.12 3.3
6.22 8.36 16.48 14.41 9.07 8.08 7.65 9.33 16.17 12.29 19.01 11.84 16.57 8.43 7.09 7.08 9.07 19.03 23.51 8.94 3.44 8.42 11.62 10.61 6.06 5.05 12.29 13.69 15.37 8.54 3.27 6.43 11.47 9.51 9.16 4.99 6.24 7.47 5.8 3.54 2.79 5.57 7.8 12.93 6.97 4.37 3.29 7.54 9.41 11.79 10.46 14.72 14.4 8.5 11.75 3.71 10.18 6.54 10.3 14.72 10.05 8.88 3.84 6.27
4.14 4.8 18.32 9.94 7.76 5.73 15.86 14.36 11.33 9.88 10.32 10.62 8.73 6.95 5.56 6.47 12.3 11.39 9.55 5.7 4.49 8.54 8.1 11.18 5.52 6.61 10.22 13.94 29.95 8.9 3.17 4.06 3.84 14.42 10.16 7.72 5.94 3.68 5.35 3.11 2.78 5.43 5.59 15.02 5.29 8.02 3.44 4.74 5.76 4.77 6.83 7.08 12.19 7.54 12.14 3.59 5.02 7.52 14.02 17.8 8.33 4.57 3.58 3.33
4.43 7.69 11.21 12.73 9.05 10.35 9.44 9.32 9.56 8.26 7.73 8.8 12.29 12.13 7.22 7.65 3.87 10.17 6.92 4.44 6.75 7.92 16.4 9.96 8.54 8.5 15.6 33.19 33.94 8.71 6.06 4.75 8.06 9.45 9.06 7.2 4.84 6.13 6.11 9.24 4.16 5.39 3.57 9.25 4.34 7.77 3.15 3.28 3.57 1.77 5.75 5.37 6.61 4.55 8.66 6.0 7.67 8.13 14.44 13.15 11.13 6.34 2.36 3.23
5.61 13.59 12.55 13.03 9.7 5.6 5.81 4.13 4.41 5.36 8.59 6.43 12.83 14.35 4.72 2.97 5.4 8.81 6.05 4.44 7.12 7.09 13.89 8.79 5.24 7.76 6.49 12.47 22.26 11.25 6.7 3.62 4.98 7.26 4.73 3.06 4.8 7.55 6.64 3.49 4.35 5.36 2.08 3.73 3.18 4.66 5.1 3.33 2.86 2.21 2.45 3.81 4.91 3.33 4.92 1.94 6.21 8.22 7.41 10.54 5.35 7.52 3.53 2.99
12.15 12.89 20.68 17.82 14.84 12.43 11.38 8.29 7.62 11.17 9.46 6.14 8.9 11.56 10.91 5.61 9.0 9.41 9.57 4.36 6.69 5.55 12.85 9.79 14.8 9.65 7.58 11.29 8.38 8.16 8.61 4.5 4.83 9.9 4.08 4.05 4.1 11.9 10.28 5.2 8.14 6.26 2.52 3.63 2.27 5.06 7.62 3.95 2.39 1.5 1.64 2.3 4.04 1.87 1.68 3.93 4.28 7.89 4.7 4.21 4.16 5.0 3.79 2.63
7.43 9.81 22.6 27.23 17.55 19.03 11.44 8.45 9.73 3.41 6.72 5.35 9.05 15.46 19.66 11.59 5.71 7.08 5.38 7.47 7.03 7.88 12.72 13.75 11.43 9.83 4.81 7.85 2.55 6.23 12.73 7.96 6.36 2.08 3.59 2.68 4.36 5.57 5.13 8.28 5.7 4.99 4.11 4.21 4.94 5.54 7.2 6.44 2.97 2.84 2.68 2.72 2.16 2.43 1.92 3.98 10.77 3.45 4.88 4.25 4.16 3.68 2.49 2.95
3.3 6.92 12.86 17.84 18.49 11.58 8.18 13.22 4.55 11.56 4.5 10.25 17.19 16.05 25.96 9.29 6.66 6.1 6.62 9.39 9.85 9.15 8.53 8.37 9.05 6.72 2.6 3.0 3.51 4.94 5.94 9.21 4.16 2.45 2.47 2.79 4.95 4.86 6.92 4.69 8.58 5.91 7.82 10.63 7.87 7.54 16.47 15.63 5.92 4.36 3.45 4.04 2.25 1.61 1.53 5.09 7.61 2.85 2.95 6.14 4.26 2.96 4.1 3.78
3.48 6.36 7.61 10.18 14.38 22.61 13.89 9.21 8.29 15.55 6.54 5.64 13.11 17.6 25.4 6.07 6.15 8.04 12.07 4.61 6.49 6.42 8.85 7.55 8.19 6.82 3.85 3.72 5.52 3.99 6.37 3.77 3.4 2.65 1.2 2.62 5.41 5.93 6.76 6.2 6.32 10.2 7.1 12.64 6.32 9.6 13.18 15.81 10.13 8.28 4.06 5.18 2.75 1.86 2.22 4.42 3.88 2.64 2.93 4.89 6.82 3.98 4.47 4.52
3.89 4.96 5.23 10.79 6.67 9.55 8.14 7.88 14.03 9.36 5.26 5.63 15.81 10.96 34.43 8.56 13.25 5.28 5.37 3.56 3.83 4.84 5.16 7.5 9.33 12.61 3.5 4.9 3.86 7.14 3.39 3.74 4.96 2.81 1.68 1.8 3.89 7.26 15.49 7.92 5.84 8.63 10.94 11.18 14.12 15.08 14.3 12.91 13.54 8.95 5.22 2.21 2.1 2.75 2.49 4.37 3.39 2.54 4.42 11.05 11.39 8.08 4.21 7.27
6.56 6.49 6.23 10.08 12.73 5.67 7.02 12.42 8.53 9.94 5.16 6.63 10.26 12.77 17.03 11.26 7.83 5.46 5.98 4.28 2.97 3.83 5.24 11.3 5.19 7.74 2.85 4.0 3.41 2.52 2.04 6.77 6.88 3.14 2.05 2.27 4.5 7.33 36.71 10.67 9.39 6.86 12.12 13.66 12.97 12.41 8.43 9.74 12.58 5.22 2.67 1.46 0.99 1.73 3.28 3.9 3.28 2.92 6.7 9.86 19.17 9.23 5.56 5.81
5.16 8.55 8.29 10.58 9.64 4.52 5.97 13.04 11.58 12.45 6.38 5.98 10.45 8.02 6.26 7.4 7.98 7.0 4.43 4.45 5.49 9.87 5.66 6.03 3.54 4.35 3.34 7.73 5.55 4.36 3.53 4.96 12.03 5.51 3.98 4.05 8.07 16.63 31.71 15.2 17.0 4.21 13.34 13.36 13.9 15.64 6.58 7.62 5.99 3.79 2.22 1.4 1.66 1.65 3.08 2.64 1.79 4.76 9.73 11.9 10.25 6.86 6.13 7.79
3.38 12.51 7.71 5.99 4.23 5.96 10.01 9.8 13.04 11.46 7.2 4.52 4.02 7.74 8.02 8.63 5.63 7.37 4.59 5.2 8.78 5.7 6.24 4.34 5.77 7.62 6.44 9.76 4.87 4.76 5.88 4.64 17.36 5.75 10.18 5.18 5.47 15.53 18.68 13.71 5.77 5.81 11.05 14.06 21.61 11.48 6.44 7.82 5.8 4.0 2.86 3.94 1.46 2.39 4.48 3.89 3.31 2.55 8.16 7.72 6.57 6.53 4.13 27.48
5.65 7.34 4.91 7.07 10.2 4.0 12.71 10.87 7.78 10.34 6.02 4.39 5.55 7.25 16.88 7.81 9.58 3.25 2.8 5.0 4.13 5.37 4.92 6.71 5.4 4.22 5.65 5.67 7.45 6.47 9.48 15.2 11.13 10.85 8.72 9.9 8.43 17.85 17.27 12.58 7.84 7.34 6.99 10.29 8.65 7.57 3.68 5.63 2.77 4.3 6.08 2.61 5.7 4.22 5.7 7.25 3.42 2.43 4.68 6.98 11.95 9.74 12.42 9.52
13.15 9.11 9.63 12.06 7.6 6.08 3.52 4.97 11.59 6.68 8.78 5.77 10.68 5.85 7.25 12.32 5.24 3.31 1.72 5.79 4.2 7.69 4.62 6.91 7.66 4.23 5.83 10.32 8.35 11.35 10.66 14.22 8.47 5.56 7.8 5.29 8.81 15.02 12.47 14.69 5.18 5.17 6.49 4.24 4.09 3.8 4.07 3.47 2.26 2.34 7.78 7.91 8.08 3.69 10.61 7.65 7.4 3.79 4.56 5.1 20.19 14.43 9.02 13.56
10.01 16.08 10.81 11.4 8.57 8.73 4.71 3.32 7.03 14.69 8.71 9.09 4.9 11.71 5.02 3.82 5.63 4.52 3.13 9.0 3.83 6.37 4.04 4.31 5.57 2.19 5.97 6.35 8.11 10.76 9.52 9.09 6.57 3.44 5.83 7.09 8.83 12.16 8.83 6.54 7.39 5.64 3.5 2.16 3.61 2.47 6.24 2.75 3.31 5.51 12.68 5.63 4.44 6.6 5.87 5.5 5.12 4.84 4.69 8.55 10.39 10.04 9.93 8.89
9.13 7.63 16.94 22.66 7.35 4.78 6.18 5.73 12.91 16.1 19.09 11.93 7.59 10.15 4.83 4.25 6.34 7.52 9.52 8.51 6.43 8.67 4.25 3.55 4.69 6.6 6.57 5.2 13.13 7.88 17.38 11.4 7.8 6.75 6.59 9.65 7.75 9.64 5.55 9.29 5.71 4.58 2.76 2.42 3.2 4.66 3.38 3.11 4.27 5.44 14.75 4.2 4.2 4.38 7.71 4.78 2.82 3.15 6.05 8.15 8.48 6.87 4.03 7.62
5.84 5.2 11.88 14.58 4.58 3.89 4.38 8.08 9.45 8.38 10.12 7.24 5.9 4.21 6.82 4.14 3.93 4.42 8.3 6.04 6.2 6.7 5.59 7.72 4.3 5.07 6.6 5.49 5.64 8.4 7.35 10.3 5.34 5.33 5.72 8.37 16.26 7.12 6.62 12.06 9.03 6.19 4.54 4.73 3.54 4.29 3.12 4.14 3.6 9.96 13.49 5.19 7.11 6.24 9.77 8.35 5.17 5.47 7.16 13.97 13.08 7.94 6.13 5.52
5.54 9.93 11.73 13.56 6.77 3.57 3.59 9.17 10.18 6.53 3.65 6.97 5.12 7.86 3.85 4.68 3.82 2.33 4.23 4.67 8.91 5.47 9.65 6.8 4.84 6.67 4.24 9.52 6.31 7.27 5.34 4.16 3.26 2.58 4.97 7.51 7.21 9.28 15.45 22.6 11.3 9.44 5.88 3.97 5.34 5.48 5.53 3.71 7.86 8.65 8.65 12.39 8.19 8.98 11.61 6.47 6.1 10.17 9.65 7.31 10.03 11.55 4.69 6.78
7.39 17.18 15.17 15.91 5.71 4.96 6.81 12.84 12.74 11.59 14.0 8.56 8.45 12.69 10.29 1.63 2.89 2.29 2.79 3.59 2.94 3.78 3.24 11.77 8.33 14.16 8.87 5.11 4.22 5.17 4.83 2.48 3.24 3.39 7.06 3.89 4.98 7.3 19.91 17.34 10.25 4.26 7.26 6.77 4.01 5.67 3.17 5.3 3.51 9.63 9.04 5.13 9.86 10.13 21.1 13.93 10.1 14.55 8.31 10.18 6.42 9.8 7.87 4.65
5.42 13.37 10.72 9.22 3.48 7.0 5.68 18.55 16.34 13.47 14.17 11.2 28.68 15.72 18.58 5.82 3.04 4.07 4.7 2.69 3.65 3.88 6.39 7.3 14.85 12.63 8.79 6.67 7.84 10.52 4.23 4.92 7.26 5.62 8.2 3.25 9.2 6.93 9.26 17.61 11.13 8.29 7.08 8.4 10.32 12.87 3.92 5.64 5.53 17.14 10.74 14.38 13.21 17.01 29.32 18.87 13.35 13.19 23.09 12.53 9.91 8.9 4.46 4.72
4.07 10.99 5.9 4.83 6.56 4.38 10.68 13.07 16.61 9.5 15.46 26.13 33.48 19.4 12.99 4.74 6.07 5.95 4.04 4.52 5.41 4.2 2.46 4.67 3.88 7.4 10.68 7.2 5.0 6.28 3.4 4.42 4.99 8.88 4.84 3.48 6.03 4.58 12.92 12.27 11.23 11.46 4.81 9.89 14.19 11.06 5.56 4.89 3.76 10.72 10.91 14.53 10.09 7.16 10.8 14.36 26.08 9.6 13.6 17.87 19.92 5.09 6.89 5.9
5.86 10.74 7.01 7.42 5.25 14.6 10.69 11.34 13.42 6.22 20.13 17.54 28.04 9.54 6.74 9.07 6.68 6.06 7.14 10.29 8.84 7.86 4.93 5.61 5.67 7.41 6.49 7.2 5.46 4.44 3.03 5.44 3.79 7.82 6.74 5.96 8.33 7.91 14.98 9.33 10.58 9.6 7.42 8.77 15.87 12.35 8.61 6.02 6.38 19.95 10.11 7.8 11.06 8.23 13.73 8.42 9.43 21.26 14.11 10.92 10.59 5.81 3.38 3.91
9.91 11.77 10.09 7.27 6.88 11.29 10.48 13.8 15.4 10.25 17.2 18.79 13.74 5.3 4.05 8.57 6.12 6.3 7.77 12.65 14.78 12.07 5.76 5.5 5.26 4.83 10.65 4.23 5.81 4.23 5.44 5.18 4.31 7.83 11.65 6.11 10.94 3.92 16.66 9.5 8.52 9.51 9.47 16.17 10.37 9.33 10.84 12.78 7.45 14.39 8.95 7.97 6.05 13.0 8.5 4.94 6.2 14.11 6.55 8.08 3.37 4.89 4.59 4.56
7.09 16.67 9.22 6.35 9.97 11.84 19.07 14.42 17.96 19.17 14.35 10.74 7.97 2.69 3.11 11.28 9.04 2.71 6.81 7.8 14.62 8.41 6.3 7.57 4.62 11.98 5.35 4.78 6.55 3.9 7.51 6.96 12.81 6.3 10.32 8.43 8.06 6.43 9.17 7.68 13.12 10.98 7.23 7.96 8.12 14.24 5.83 12.27 10.88 10.56 9.41 11.59 6.31 7.96 5.31 4.2 5.93 6.29 3.83 4.56 3.75 4.52 3.51 8.29
9.4 5.9 6.88 7.51 12.89 16.74 20.57 37.14 21.42 18.05 15.98 8.91 9.53 6.44 6.79 13.2 7.76 3.66 3.52 4.84 10.74 5.2 5.21 6.22 6.33 8.15 5.21 4.71 7.31 10.09 16.81 11.27 12.22 12.38 8.42 11.67 13.22 11.18 7.54 9.98 7.74 9.71 2.88 5.5 6.5 8.87 6.31 8.08 6.75 9.11 9.45 6.05 11.48 4.41 2.86 3.73 7.06 6.73 4.98 5.95 4.69 3.02 4.12 7.19
4.57 4.06 5.97 3.78 6.99 10.03 10.49 11.13 10.09 11.22 9.31 11.89 13.55 11.56 10.37 9.4 3.85 6.45 4.79 6.35 6.31 4.76 7.53 4.36 6.34 9.85 4.16 7.34 9.53 14.43 18.62 12.43 6.87 11.85 17.56 10.12 12.43 9.37 8.13 11.19 5.74 9.39 5.25 5.92 6.85 6.89 10.18 3.51 8.51 4.93 8.39 6.02 7.63 5.96 4.5 5.46 5.2 13.46 10.19 5.38 4.72 4.84 2.76 6.41
6.17 6.31 6.77 4.47 5.07 3.48 7.19 8.02 9.59 5.83 4.19 7.56 6.64 13.18 15.12 10.56 10.36 7.2 6.03 7.3 13.89 5.18 2.85 7.89 3.2 4.1 4.6 7.7 11.92 18.04 22.4 8.71 10.24 6.63 10.64 8.56 6.98 7.34 7.44 8.08 4.1 2.68 2.97 3.91 8.97 14.19 7.65 3.96 4.53 5.43 9.34 4.14 4.34 4.28 4.85 2.73 4.95 9.43 16.99 10.34 2.9 5.4 3.54 5.52
13.08 6.95 8.47 3.76 5.44 8.91 7.66 16.31 6.91 6.65 5.06 4.8 6.79 8.88 11.3 12.99 12.08 8.44 9.97 11.54 9.13 4.76 3.36 3.53 13.45 6.87 9.08 13.42 22.98 30.48 17.05 13.11 7.65 7.26 11.39 4.37 3.75 3.82 3.7 5.04 2.75 1.64 2.43 8.01 13.03 12.61 10.49 5.77 9.06 9.35 8.11 6.07 4.79 4.84 3.82 8.85 8.51 10.07 5.94 5.82 2.4 4.48 4.13 3.42
12.44 5.9 6.22 5.87 4.22 6.35 9.5 12.83 6.35 8.0 8.98 13.14 4.77 5.17 11.94 16.72 9.41 9.13 8.07 8.13 6.94 4.33 3.41 12.03 19.48 10.56 7.8 13.58 28.44 24.82 21.85 9.59 13.63 12.23 5.46 3.91 3.62 2.35 3.91 3.66 2.33 2.73 1.96 7.89 11.67 14.96 9.75 5.7 14.24 8.83 7.13 8.56 6.19 7.91 5.83 7.12 13.09 7.16 7.17 4.28 3.77 4.18 3.75 3.79
10.72 16.71 6.95 7.02 3.62 5.45 7.13 11.88 8.89 9.07 13.53 9.53 4.42 3.81 10.71 9.74 10.69 6.73 13.17 10.91 6.65 5.06 5.67 15.2 7.39 13.65 8.2 13.19 17.07 23.57 25.49 14.41 8.86 5.76 4.89 5.33 2.37 5.62 5.01 3.92 2.89 1.9 5.01 6.78 11.56 14.76 9.69 11.77 12.26 12.31 16.63 8.13 5.76 3.86 4.95 5.21 14.08 6.16 11.75 5.01 6.17 6.04 3.78 4.53
22.2 13.98 10.72 9.59 10.74 12.36 12.33 13.66 9.21 12.85 12.34 6.7 6.76 3.84 8.58 15.07 7.93 6.84 8.85 9.86 5.33 6.23 8.3 21.48 15.55 12.81 14.01 11.99 24.62 19.52 23.8 15.75 13.79 9.32 5.43 9.01 6.98 4.67 4.47 5.73 5.71 5.11 5.73 6.58 8.02 15.75 10.15 6.89 10.2 11.27 13.65 6.56 4.98 3.51 6.25 7.77 9.54 6.34 5.28 5.65 3.38 4.73 3.24 3.06
12.21 14.16 5.92 8.36 7.5 10.6 5.3 4.26 4.97 6.75 9.71 4.95 9.41 6.2 18.82 12.84 13.92 6.98 4.82 5.65 2.3 6.5 7.69 9.68 12.84 14.91 4.96 10.54 15.32 33.01 29.68 14.47 22.63 10.87 7.9 6.24 4.9 3.18 5.52 5.88 7.19 7.79 4.06 8.5 9.61 19.36 12.41 9.19 11.38 7.62 8.06 7.9 6.42 8.59 8.53 8.64 5.91 6.65 5.22 2.67 4.45 3.32 6.11 4.28
10.97 13.74 9.64 8.94 5.99 7.11 5.47 2.73 3.68 3.76 6.61 7.77 5.98 11.41 13.54 14.73 17.68 9.49 9.25 8.24 4.64 5.28 7.22 4.86 4.07 7.92 3.03 7.33 9.62 39.78 44.87 11.58 28.82 13.86 13.4 11.34 4.52 7.78 5.75 11.83 9.28 10.06 7.5 5.03 9.61 14.43 6.89 12.31 11.44 7.03 6.63 6.13 10.8 8.84 10.4 5.62 10.04 6.18 8.47 3.59 4.98 12.71 8.4 6.68
10.99 14.02 29.74 20.22 13.35 4.56 4.17 4.6 2.07 2.26 2.61 5.14 5.54 3.58 7.1 13.4 13.67 13.06 12.9 22.59 9.77 9.06 8.75 5.6 5.77 7.06 4.83 4.62 4.58 14.47 17.26 16.16 10.18 7.51 24.85 3.97 9.35 7.7 8.77 8.92 8.51 5.46 2.0 4.62 4.89 8.14 9.13 6.13 9.52 9.71 11.28 6.18 4.78 6.1 7.31 10.24 5.8 7.19 10.3 6.81 5.7 6.62 13.91 10.14
9.56 11.13 19.27 26.24 21.27 8.09 5.55 4.0 2.78 4.41 3.45 5.21 5.68 5.02 8.1 9.47 16.42 20.32 35.67 20.25 20.46 9.73 6.87 14.36 11.68 13.01 6.83 6.07 5.25 7.66 16.22 12.79 12.21 16.13 13.2 10.23 10.12 7.11 7.04 6.61 5.74 6.55 5.35 5.8 7.59 6.81 5.75 7.44 15.85 11.43 10.45 6.84 4.95 3.01 5.07 9.79 7.88 9.77 9.12 6.36 6.73 8.76 12.8 9.26
14.5 12.77 21.32 16.88 19.01 12.29 7.37 4.98 4.71 3.44 4.01 5.5 4.47 9.96 16.7 6.9 18.64 23.8 16.29 27.95 19.5 18.84 11.84 18.61 20.06 7.56 4.55 3.9 5.61 7.75 15.94 20.65 17.35 19.05 12.71 6.72 9.27 13.08 4.95 6.16 9.01 8.66 5.55 4.48 5.07 4.41 5.04 11.32 8.39 18.88 13.5 12.27 6.43 6.72 3.97 5.88 8.11 7.34 6.69 6.9 5.68 6.35 9.86 8.95
10.5 15.95 12.19 14.69 7.45 11.91 8.9 3.24 2.55 4.73 3.77 4.86 10.54 9.72 15.36 6.46 8.18 11.31 17.3 17.44 29.88 34.21 13.57 13.07 13.43 11.03 6.22 3.77 6.2 12.4 34.39 19.75 7.29 10.99 7.47 5.62 8.3 16.03 15.49 10.52 14.95 8.01 5.39 5.39 3.02 4.72 4.0 11.12 16.77 38.12 15.95 12.5 7.11 8.4 8.74 11.4 12.29 10.93 17.88 7.0 7.17 8.26 12.55 5.88
10.28 11.52 9.45 16.23 8.11 7.83 4.73 3.47 4.24 3.1 8.13 5.42 14.1 12.0 12.48 10.35 7.46 16.25 9.98 15.76 32.66 23.78 10.88 14.88 14.98 6.87 6.04 4.48 8.35 10.68 13.48 13.46 6.85 7.32 6.12 6.32 7.3 16.31 11.44 11.04 21.94 9.94 7.41 4.02 4.71 3.89 5.42 8.07 17.27 22.62 14.2 6.54 6.33 8.78 14.38 12.83 14.28 14.55 11.07 6.45 13.05 5.73 8.73 5.85
14.02 9.51 8.63 15.39 12.04 4.8 4.51 3.97 5.41 5.56 5.5 5.69 16.79 14.69 8.89 15.65 12.68 16.06 7.12 8.12 12.27 15.43 12.43 10.25 9.39 5.86 5.58 3.3 9.62 6.62 8.2 8.76 22.11 14.67 9.79 15.15 13.48 21.63 12.23 13.35 14.53 7.16 8.62 3.16 6.16 6.72 7.41 7.47 8.58 17.68 11.27 8.12 12.96 11.27 14.41 15.7 16.36 14.61 7.75 13.28 12.44 27.62 10.28 14.73
9.54 8.94 5.16 8.59 5.35 4.93 3.27 6.51 4.1 4.39 5.21 6.48 11.73 9.05 13.85 12.49 11.19 7.52 6.29 11.61 9.43 10.16 10.62 9.93 7.53 4.63 3.78 4.21 5.82 4.01 2.94 7.38 13.21 10.41 11.68 8.16 26.05 14.4 10.38 11.09 9.58 11.26 5.72 10.57 9.31 7.93 5.13 6.64 10.9 13.5 13.65 15.74 16.84 17.41 11.93 15.69 14.91 11.1 8.31 10.96 23.03 26.34 10.84 8.12
9.98 10.52 8.16 13.57 6.12 6.26 5.77 8.77 6.7 7.96 7.67 11.5 15.33 15.6 8.7 13.84 11.0 6.9 8.22 8.49 11.86 6.05 5.96 7.02 4.38 3.42 3.44 2.85 3.61 4.91 4.43 6.51 15.12 7.13 11.69 17.92 11.42 14.94 10.16 20.51 7.12 7.78 14.58 9.91 14.24 11.11 5.71 6.49 10.86 11.24 12.99 12.29 12.9 9.72 19.19 20.06 5.76 7.74 10.56 21.36 9.21 11.06 6.08 7.24
6.81 11.53 7.14 7.28 11.13 10.54 6.17 14.94 13.12 11.91 9.48 11.67 9.86 5.71 8.51 8.26 21.78 9.37 8.16 10.28 9.19 7.45 4.26 4.61 7.17 3.37 5.56 3.11 6.11 5.27 4.15 6.18 10.49 7.65 18.7 20.84 13.33 8.53 9.43 14.53 9.4 12.62 8.32 25.24 13.74 8.37 6.38 6.97 9.42 11.03 14.96 8.86 14.0 12.98 13.6 12.48 13.93 13.08 9.95 13.31 7.27 6.8 5.37 6.48
9.77 11.92 6.68 11.15 6.87 12.47 13.35 15.42 17.09 13.81 7.29 6.01 10.31 4.11 7.99 13.81 22.45 8.28 10.55 7.9 5.89 7.97 6.77 7.7 8.14 9.42 3.57 2.91 4.49 5.01 6.94 8.58 7.64 12.98 12.19 9.11 13.78 8.58 10.95 10.14 18.21 26.21 16.84 15.04 9.19 11.08 6.1 7.53 10.5 7.28 22.64 8.13 12.7 10.04 14.86 19.79 12.97 8.07 8.12 9.11 5.92 10.3 8.58 5.77
11.05 8.72 11.84 12.28 7.31 13.73 11.88 8.15 10.58 6.81 18.2 13.75 6.6 8.25 5.12 9.88 4.22 8.25 5.3 4.78 5.82 6.86 6.44 12.96 12.82 7.32 5.15 4.84 6.28 10.76 14.4 12.06 6.0 7.08 14.8 6.76 9.36 12.54 9.49 9.92 11.08 22.95 13.8 8.95 10.7 9.32 7.0 11.65 11.8 7.57 13.3 6.65 6.0 7.84 14.05 7.55 7.94 4.63 5.05 7.76 5.9 12.54 6.57 7.17
6.21 8.46 8.94 13.48 9.23 7.91 13.3 8.95 7.53 17.12 18.85 15.89 5.75 4.88 3.65 4.28 3.7 1.77 5.33 5.83 5.47 7.23 8.44 13.43 10.54 5.63 5.16 13.97 18.86 17.55 18.0 20.35 16.42 9.77 9.64 15.07 9.59 14.24 11.2 6.58 9.12 7.41 14.97 11.21 8.62 6.84 7.45 7.07 4.05 8.3 13.83 12.41 10.7 12.03 13.13 9.39 9.36 5.22 6.8 11.26 8.77 12.6 11.37 7.45
