12.68 9.27 14.91 12.73 11.67 12.2 12.62 10.4 9.94 13.71 6.44 1.75 3.26 4.28 8.91 8.9 13.49 12.92 11.51 11.66 7.88 4.46 5.83 6.61 9.08 5.17 8.36 9.84 3.04 10.97 10.43 13.31 12.22 10.14 12.28 5.12 7.37 4.18 5.15 5.29 11.84 12.23 14.8 14.31 16.59 6.52 3.89 6.64 10.68 17.64 10.67 9.31 11.21 6.96 15.62 5.49 5.08 6.01 10.34 10.49 12.26 15.95 15.52 9.06
9.39 13.36 10.4 9.89 15.2 13.77 15.38 21.7 18.37 13.2 4.62 3.75 5.41 6.83 13.37 10.92 14.19 22.46 14.06 6.86 6.33 5.57 4.96 4.22 7.72 5.4 8.35 10.96 9.59 8.13 11.31 25.3 16.07 22.61 8.96 9.87 6.11 5.12 9.77 5.0 13.02 10.72 22.06 9.33 12.34 6.14 3.39 3.47 7.08 23.96 9.16 11.72 13.49 12.71 5.95 8.09 7.15 5.26 6.29 10.32 14.28 9.39 11.35 8.86
10.73 7.54 7.38 8.88 12.48 13.76 11.37 22.92 16.42 15.75 4.74 7.16 3.62 10.49 7.76 12.26 7.99 7.74 7.94 4.92 4.86 6.09 5.48 3.88 6.41 7.7 14.45 17.02 10.91 10.37 17.02 28.64 19.82 17.75 7.19 12.5 3.46 10.99 6.57 8.24 8.32 7.66 12.74 8.86 15.56 5.07 2.68 5.38 17.37 12.82 16.23 16.03 8.04 6.53 7.06 8.41 5.55 4.02 8.19 17.0 10.94 15.61 15.26 9.2
10.53 6.18 9.19 12.74 12.09 8.95 25.16 19.4 21.92 8.18 7.49 6.32 5.13 7.97 7.51 10.44 7.57 8.91 6.8 8.98 6.23 5.81 4.49 8.67 6.81 9.64 10.57 16.32 10.29 15.67 26.62 26.21 20.72 11.14 11.04 8.25 4.59 4.79 3.74 7.2 10.81 6.39 8.7 9.28 12.19 6.97 5.27 7.15 16.36 6.79 11.01 9.71 7.44 6.0 11.46 10.48 4.6 5.97 8.49 12.54 7.85 14.52 13.0 11.76
7.3 3.96 9.05 11.74 15.18 6.64 18.14 16.73 9.68 10.13 9.51 9.26 8.71 8.56 4.9 6.53 4.27 10.1 5.12 6.44 7.3 2.65 8.3 19.75 16.71 6.29 15.84 14.82 13.49 12.11 27.4 20.8 8.5 13.78 19.92 7.86 4.02 7.55 6.76 7.93 4.83 5.4 3.19 9.25 14.95 9.14 8.18 9.51 15.23 9.41 12.53 6.45 6.2 5.16 11.67 8.21 6.04 6.89 8.02 6.66 12.2 14.9 10.49 10.17
4.81 7.22 7.29 12.62 27.0 16.68 19.3 10.77 12.92 8.01 12.38 3.97 5.89 4.24 5.74 4.51 6.11 14.77 8.17 8.61 4.48 4.57 6.34 11.17 10.99 10.99 17.3 9.58 10.16 14.71 22.03 14.47 10.63 12.92 15.78 4.42 3.27 5.98 5.14 6.23 2.23 3.48 5.11 11.99 11.06 9.51 7.16 6.2 5.61 8.95 13.55 9.21 8.62 5.63 8.96 6.85 9.23 9.53 8.04 6.35 11.39 10.32 6.21 13.1
11.02 15.0 17.06 14.45 7.77 17.77 12.62 8.41 8.68 3.91 9.72 4.96 7.83 10.99 7.61 5.63 9.06 13.39 8.11 8.22 5.25 5.98 6.58 10.71 13.3 22.52 12.14 9.44 9.34 11.82 37.88 10.88 15.88 22.42 17.92 6.29 6.75 7.33 5.36 3.34 2.89 2.91 3.23 5.66 5.13 6.79 4.38 10.42 8.68 9.0 18.68 9.47 8.06 4.63 7.58 4.77 9.37 9.14 11.96 6.49 7.76 6.27 5.89 5.66
9.14 14.95 9.19 16.38 6.64 16.93 9.81 6.76 9.06 7.25 6.18 10.07 14.0 10.07 9.35 7.39 15.12 10.79 8.96 5.21 6.46 3.46 3.05 8.52 12.32 20.86 13.52 8.68 15.72 23.64 40.42 18.22 12.52 13.33 8.77 7.84 7.12 4.16 3.17 2.13 3.15 1.6 2.43 3.93 5.97 5.85 3.16 9.22 9.74 15.78 17.14 10.77 4.4 8.36 8.46 5.37 5.64 6.09 9.95 12.2 10.58 8.19 7.34 4.52
7.59 18.82 14.09 11.69 13.28 18.43 7.16 10.6 12.32 12.49 5.86 8.01 27.62 18.53 19.33 12.61 18.96 19.8 21.16 6.97 5.67 4.61 3.13 6.33 10.01 28.01 10.39 23.01 14.43 33.5 25.65 17.78 13.49 9.08 9.18 8.06 4.18 5.76 3.53 2.09 1.61 1.73 2.75 2.76 6.13 4.13 2.07 7.74 7.88 22.44 14.34 10.06 11.33 4.94 8.59 3.37 3.25 3.72 13.54 21.52 9.98 8.78 10.34 7.68
9.08 9.66 26.1 10.17 8.67 12.24 7.28 15.0 11.58 12.73 9.47 12.9 14.58 19.06 17.66 24.85 15.4 14.08 17.32 7.75 4.54 3.34 5.37 4.49 6.68 22.89 13.56 27.14 23.28 24.95 11.1 14.82 10.72 11.27 9.02 9.27 7.17 2.68 4.56 3.31 1.23 1.15 3.04 2.7 6.84 3.48 5.96 9.96 8.55 24.97 8.67 18.35 6.01 8.07 4.09 4.57 2.62 5.6 11.41 13.83 15.77 15.79 15.14 9.99
9.2 8.79 8.76 11.48 11.88 11.19 15.45 12.47 14.38 11.18 11.51 20.4 11.52 11.16 15.84 16.2 38.74 12.34 13.81 9.41 8.11 5.91 5.03 5.59 10.34 14.31 17.9 26.22 12.65 8.8 9.41 16.3 7.87 11.8 6.02 5.32 5.83 2.52 4.69 2.94 1.64 2.03 3.19 2.64 4.17 4.49 6.14 5.42 13.05 5.29 7.11 7.36 5.1 8.42 3.53 4.8 3.45 5.03 9.94 11.16 16.61 16.95 16.74 6.62
13.14 8.29 11.57 10.07 13.72 11.16 12.85 8.03 18.61 17.26 8.61 12.0 13.41 9.02 14.51 16.59 38.46 18.87 13.62 16.53 12.2 5.32 7.14 6.01 7.24 8.22 17.08 11.63 5.03 6.21 6.98 5.51 6.78 12.15 11.16 7.73 4.85 8.73 6.57 2.99 4.83 3.49 2.88 2.63 2.77 5.4 5.73 7.87 10.29 5.2 7.61 5.49 4.58 8.53 10.71 6.73 4.87 11.11 10.37 12.89 16.79 11.08 10.0 4.91
12.49 4.07 11.3 8.73 15.19 18.72 19.45 17.47 9.2 9.18 8.73 12.08 12.79 14.02 7.14 26.88 12.48 21.36 13.89 11.73 9.28 3.11 3.7 5.25 5.24 6.69 16.0 9.6 8.59 4.36 5.05 4.26 8.17 11.79 7.92 8.24 3.93 5.97 8.42 5.73 6.61 4.28 4.23 2.28 4.59 4.02 5.27 5.93 7.66 9.53 3.54 6.61 8.38 8.43 5.44 13.22 6.73 8.42 6.02 9.7 11.58 11.25 7.72 5.36
7.67 6.48 8.2 12.27 10.02 9.47 18.88 12.28 7.35 4.65 11.41 13.75 17.87 15.54 10.78 11.4 8.83 10.11 8.14 14.78 10.12 9.33 3.81 5.93 7.84 7.33 19.12 7.56 6.76 2.69 3.99 3.81 10.95 17.99 12.31 5.3 2.8 15.25 5.09 15.92 6.68 4.87 3.88 3.4 4.21 3.2 6.6 9.96 10.64 4.85 4.01 3.46 10.1 5.64 9.04 8.11 11.5 10.1 10.59 9.07 9.86 8.97 3.7 4.26
8.94 9.53 7.77 6.54 8.53 8.45 25.27 7.25 12.77 9.49 10.57 35.96 15.02 13.08 10.15 14.53 13.47 7.84 4.74 11.9 8.55 11.53 3.6 7.78 7.34 15.5 13.13 6.58 3.25 2.58 6.26 3.99 7.84 10.57 10.86 5.86 4.68 7.89 8.91 8.2 7.61 7.94 5.8 5.47 3.59 5.32 7.99 12.44 10.82 5.42 9.23 9.42 6.5 4.9 8.79 10.08 9.65 7.14 6.79 11.69 10.37 10.24 4.78 9.45
5.71 13.53 5.85 7.35 3.58 10.55 23.97 13.03 16.1 9.84 14.35 25.99 24.61 9.79 10.8 8.46 5.83 3.67 3.81 4.75 13.78 5.36 8.49 7.96 8.1 11.25 8.71 7.8 3.77 2.2 3.3 6.98 5.54 9.99 4.71 8.65 3.8 7.32 6.54 9.7 8.37 7.57 9.58 12.19 8.54 15.59 11.54 12.01 9.34 8.63 8.6 9.92 4.18 3.14 9.45 6.32 10.28 7.64 10.67 12.79 11.82 8.96 7.52 8.59
7.6 9.33 6.62 3.65 6.05 8.91 12.11 18.26 12.01 12.45 20.22 16.39 23.47 10.34 8.27 8.53 5.74 4.31 4.63 6.09 8.07 8.58 12.47 11.0 12.38 7.6 8.95 5.34 3.64 1.27 1.74 2.83 5.96 2.47 6.99 8.99 6.19 8.75 9.78 16.13 6.7 12.46 17.89 10.29 6.86 19.48 15.74 10.97 6.95 15.81 13.88 6.11 5.51 8.43 10.38 7.08 9.59 10.22 19.4 14.52 11.07 8.4 15.47 12.35
9.76 6.44 3.77 2.48 3.92 9.32 9.75 17.89 10.8 11.63 25.24 25.46 20.1 10.48 11.28 8.46 13.65 3.99 6.95 4.28 4.25 4.52 11.47 13.04 9.8 8.77 7.99 4.35 1.5 1.6 1.76 2.86 2.15 4.6 5.95 4.17 7.63 5.39 14.33 10.15 9.87 17.19 20.77 7.8 10.8 15.0 17.33 9.69 9.96 10.07 15.98 8.05 6.25 7.37 4.94 5.68 7.63 12.62 14.97 11.71 5.75 12.68 19.96 18.21
9.06 8.36 4.13 4.06 3.19 6.95 18.27 16.0 7.53 23.18 27.32 34.55 13.09 8.0 11.33 10.07 12.95 5.38 4.38 5.54 2.81 3.73 8.55 11.35 5.5 6.69 9.06 2.73 2.64 1.9 2.3 1.5 1.29 5.24 7.25 3.59 7.66 4.7 8.11 15.43 11.01 20.56 13.74 10.96 9.94 13.75 7.83 5.86 4.31 10.98 9.13 5.99 7.34 8.9 5.82 5.55 17.06 9.2 8.04 10.71 11.8 25.37 20.05 12.06
6.4 5.8 3.85 4.57 3.43 6.86 15.92 15.37 8.58 11.43 25.54 24.85 12.51 13.32 16.88 9.18 19.05 14.43 8.76 4.38 5.55 3.97 5.88 9.97 4.94 8.94 6.91 6.3 3.57 3.83 3.03 1.73 1.81 4.32 3.73 3.12 4.03 9.06 4.77 7.67 11.6 13.09 17.37 7.74 6.18 5.61 4.55 2.78 3.75 11.75 14.13 9.11 5.7 6.13 7.46 6.66 10.58 9.27 6.72 7.52 15.39 18.82 24.88 10.62
3.22 4.05 4.34 3.49 2.63 5.69 11.5 12.6 13.78 13.95 16.24 19.85 10.0 19.02 9.08 12.03 14.39 15.35 11.32 3.98 3.79 3.02 4.11 5.6 4.58 3.99 5.95 10.67 5.69 4.84 3.07 1.53 2.04 4.37 2.77 1.86 3.1 3.85 3.21 3.21 6.82 10.9 13.72 8.05 7.55 5.54 5.79 6.18 6.15 12.66 8.51 6.46 3.28 5.79 4.4 8.03 10.16 11.35 5.48 7.2 12.45 10.14 8.54 8.45
2.83 6.39 3.7 5.27 7.7 8.12 19.33 10.83 13.21 15.68 17.95 20.11 7.4 9.03 9.17 15.02 21.2 26.22 6.95 5.65 3.24 3.77 4.48 4.74 5.56 4.06 17.18 13.76 10.7 4.49 3.81 1.97 2.03 3.3 2.73 3.46 3.46 4.06 2.55 3.44 7.64 12.48 10.24 7.73 9.2 4.81 2.28 6.45 8.01 6.72 5.11 6.01 5.05 5.03 2.96 12.01 15.48 6.64 3.2 7.2 9.12 17.62 9.04 6.76
1.93 2.32 4.27 3.48 8.47 8.85 7.95 7.49 10.16 18.8 13.73 11.71 8.61 5.89 12.1 9.04 16.08 15.75 8.88 6.18 8.54 4.53 3.78 4.37 5.15 8.53 11.91 14.94 8.65 7.05 5.13 2.99 3.57 3.89 4.62 3.16 4.02 3.66 3.89 3.63 8.62 6.6 6.15 6.29 14.7 6.25 7.7 7.75 7.86 7.43 6.43 6.71 5.51 6.23 4.82 10.41 11.09 9.2 4.55 9.92 11.41 9.07 6.25 5.64
3.94 4.44 6.13 5.45 11.99 8.85 9.86 7.01 19.08 21.13 9.0 18.87 10.46 9.46 14.66 21.82 11.32 13.9 12.41 7.58 5.63 3.1 3.97 4.41 5.85 9.46 11.2 7.92 15.34 4.84 3.28 2.93 2.82 3.88 6.26 3.8 6.24 4.74 10.0 4.11 5.99 8.47 5.33 7.14 8.34 8.9 12.02 7.42 10.6 9.16 6.07 9.35 6.01 3.27 6.58 11.56 5.54 7.55 8.45 11.24 13.04 6.89 5.2 4.91
7.72 8.65 6.09 5.15 6.97 9.75 10.08 7.57 10.17 22.81 20.31 12.95 9.88 11.93 13.55 11.4 9.33 12.35 11.82 10.05 3.69 5.33 3.68 9.04 5.54 6.08 10.88 15.5 8.45 4.28 4.66 2.82 9.22 10.68 12.42 9.98 9.43 19.75 10.96 8.5 6.6 8.61 8.83 7.68 5.86 6.76 6.36 10.52 11.26 5.9 9.97 7.46 7.6 4.67 7.53 9.34 5.23 15.74 18.05 13.78 7.95 6.88 6.09 2.95
15.39 7.77 7.05 3.4 4.41 17.06 6.05 6.06 10.36 14.72 13.79 8.55 7.12 11.25 20.82 11.9 15.64 9.87 12.64 16.72 6.96 4.56 3.27 5.68 5.25 7.1 7.73 20.72 6.01 9.08 8.86 5.18 11.33 12.07 23.03 8.61 10.02 11.25 4.39 8.48 5.34 8.07 4.89 4.06 4.62 4.41 5.35 6.02 5.9 6.7 10.66 7.51 5.62 9.48 19.25 4.46 8.35 16.67 19.48 12.65 4.86 8.39 5.32 3.83
17.88 11.34 9.33 4.86 10.38 11.17 9.54 7.74 12.06 15.6 11.73 9.96 16.07 19.84 22.2 15.77 14.25 17.15 6.24 20.63 13.37 8.48 5.49 6.67 9.34 7.95 11.59 9.96 9.4 9.98 12.73 6.64 7.0 10.63 21.86 9.45 12.1 10.01 6.79 14.42 6.38 8.05 3.11 4.05 5.14 4.12 4.23 2.98 4.46 9.05 13.83 8.66 4.18 9.75 10.93 4.58 11.06 12.39 16.76 8.09 5.31 7.05 2.38 4.88
8.9 20.44 8.76 10.24 11.71 12.26 7.38 7.93 10.0 19.34 10.81 11.41 11.93 9.91 14.88 8.05 11.06 9.46 10.68 13.64 11.26 8.55 4.85 5.98 4.73 6.43 12.95 7.23 12.79 10.25 13.39 7.2 4.37 17.56 18.6 14.26 10.35 14.98 9.08 13.23 9.17 5.4 3.9 7.17 5.9 6.14 3.34 2.84 5.3 7.31 9.69 7.38 4.82 9.13 10.35 7.62 8.67 8.02 14.4 9.34 9.95 1.51 2.99 5.11
13.75 8.7 16.11 17.1 8.52 8.36 7.75 6.31 9.42 7.59 10.07 9.88 7.75 7.47 6.86 9.33 14.44 8.91 10.91 10.5 10.21 9.82 5.69 16.28 7.83 9.14 8.1 19.24 16.23 10.62 10.83 5.97 7.35 11.43 11.96 9.29 16.14 14.27 14.09 4.79 12.7 5.32 5.18 4.17 7.93 3.28 3.92 3.03 3.07 3.88 7.65 7.79 5.9 5.3 6.74 4.41 2.71 10.94 8.32 7.45 2.56 1.96 4.02 4.6
7.26 9.85 16.73 7.78 9.61 15.1 4.96 6.84 6.45 8.78 3.88 7.46 9.58 5.16 8.42 6.68 9.56 7.45 11.38 10.17 13.93 7.11 18.63 7.51 13.54 5.77 7.0 13.06 14.29 14.15 8.15 10.56 6.66 8.23 10.16 9.01 13.76 18.63 12.57 8.94 6.91 7.71 8.86 5.66 12.78 8.24 4.11 3.08 2.27 4.0 5.37 5.23 5.3 6.19 8.24 3.79 9.36 7.83 12.0 4.49 2.23 1.77 3.37 3.59
9.14 12.76 13.42 10.77 9.16 8.14 3.76 4.48 4.16 6.08 2.83 3.58 6.52 9.96 16.94 7.88 5.24 4.38 15.03 5.66 4.56 9.23 6.88 6.63 4.73 10.67 8.1 12.91 10.89 15.96 7.3 19.08 5.63 5.72 12.22 17.71 16.26 8.63 12.07 7.51 6.46 6.11 7.64 3.7 6.12 4.82 3.01 2.98 4.17 4.31 3.41 5.11 2.69 7.44 4.57 5.55 2.86 6.34 7.54 3.06 2.07 1.88 3.7 2.05
7.61 7.66 7.6 12.48 5.24 4.27 2.24 2.12 3.2 3.6 1.42 2.52 4.53 10.14 4.75 8.11 5.56 7.2 12.38 6.53 4.74 3.68 9.38 12.2 8.99 7.26 11.66 13.02 22.88 31.9 14.76 15.83 10.1 11.86 11.43 17.24 18.01 9.77 4.56 10.18 7.56 9.58 5.1 3.49 4.76 3.78 4.35 5.52 4.73 4.55 3.44 2.81 5.44 7.02 7.36 4.73 2.95 10.8 4.88 2.96 1.47 2.92 3.67 2.74
8.67 4.98 4.09 6.19 4.23 4.2 2.29 1.99 2.59 3.36 1.88 1.92 7.45 4.94 8.96 12.59 9.44 13.78 4.89 11.18 4.17 4.04 9.59 12.2 11.97 7.02 12.65 20.92 20.17 24.44 22.78 10.77 17.48 11.03 17.13 12.65 8.97 8.68 6.31 5.61 5.55 5.44 5.24 3.76 5.94 5.06 6.85 5.22 4.51 5.38 5.34 6.16 7.68 17.96 6.62 7.5 7.12 10.7 6.78 2.46 3.41 7.01 3.43 4.9
7.38 3.62 7.14 5.25 5.27 3.92 2.63 2.31 2.64 3.22 2.48 1.56 4.82 4.76 10.21 8.45 9.96 6.71 4.47 12.29 5.94 4.19 15.76 16.68 7.04 6.64 12.77 19.23 12.52 18.06 21.99 13.83 13.31 17.94 12.54 18.27 7.85 9.26 5.07 6.1 4.62 4.44 6.14 8.21 6.86 5.6 8.82 3.99 10.58 7.48 6.71 6.26 12.28 18.62 9.72 5.88 13.75 16.74 6.39 4.15 4.51 6.33 4.55 4.33
9.51 7.1 7.81 5.0 10.06 3.41 3.65 2.53 2.27 1.88 1.67 3.8 1.97 4.68 5.91 8.31 4.33 9.44 7.35 7.67 4.64 6.97 15.62 13.34 10.47 8.13 17.33 8.88 22.37 12.54 12.06 6.68 8.66 18.85 15.99 15.44 12.57 6.99 4.58 9.17 6.42 5.71 4.99 8.48 16.81 8.06 9.33 4.23 7.41 13.63 9.02 7.37 13.31 15.87 17.51 8.15 13.26 22.47 6.74 10.39 7.99 10.1 8.53 4.9
5.32 5.33 7.93 5.21 6.93 4.86 4.25 1.28 2.3 2.69 2.75 1.89 3.11 3.25 4.09 4.96 8.97 14.23 5.47 3.83 5.0 14.28 15.33 10.33 5.01 5.44 11.9 8.84 14.09 15.73 8.31 4.93 6.59 13.54 31.73 10.22 6.78 6.08 5.6 5.98 5.47 7.39 9.2 13.42 15.38 8.48 5.3 8.51 8.97 5.2 9.09 10.07 20.44 19.57 20.87 16.57 13.98 9.68 12.41 7.09 16.44 8.18 5.94 6.55
9.71 8.56 8.91 7.72 6.12 5.73 3.64 2.35 2.74 3.69 2.9 2.23 2.56 4.05 3.72 3.01 7.49 11.42 6.2 4.96 7.86 17.64 7.89 5.45 5.68 8.54 6.05 7.37 8.15 16.69 8.74 4.25 5.66 9.75 13.97 10.24 7.69 6.04 10.22 5.83 4.34 9.63 9.45 30.03 16.43 11.64 6.85 6.26 8.8 5.04 10.11 14.62 53.67 27.61 15.9 21.66 18.21 12.15 6.49 5.4 6.61 12.38 9.87 9.67
13.7 11.96 16.72 9.16 3.8 2.97 3.15 3.05 3.56 2.49 3.75 3.75 4.11 5.48 5.2 5.44 6.02 10.95 3.88 4.67 10.4 10.9 5.08 5.03 7.36 12.36 2.78 12.92 12.27 11.81 8.07 5.92 7.21 10.44 14.52 8.27 7.78 5.37 9.26 4.48 4.23 7.57 9.17 22.67 14.56 23.55 5.27 7.82 6.36 13.55 14.07 27.01 35.75 21.11 21.44 8.05 11.44 10.83 6.22 6.15 8.42 14.04 10.97 4.7
8.6 11.99 14.28 14.18 4.14 3.31 1.25 3.36 4.93 5.0 8.27 4.01 11.16 3.73 5.67 3.48 7.12 7.64 6.58 6.51 5.98 6.22 5.19 5.57 7.12 4.08 3.89 8.4 8.89 18.85 8.75 8.26 6.65 4.99 9.57 6.01 5.97 5.64 4.72 5.66 2.86 8.35 23.82 20.64 15.72 9.02 4.22 6.14 12.97 17.75 19.62 40.2 35.5 26.53 24.81 10.64 9.99 6.51 8.1 5.8 6.49 3.81 8.09 6.42
17.28 6.87 22.68 11.15 5.59 3.94 2.22 3.48 4.74 6.91 8.83 8.88 10.96 12.04 6.22 3.17 10.41 6.69 6.87 11.47 7.66 4.49 4.34 8.51 4.79 2.11 6.9 7.8 7.51 13.71 17.27 10.33 5.32 6.06 8.37 4.95 7.06 5.88 3.62 5.2 8.83 16.61 17.35 17.75 13.98 12.35 9.08 7.53 18.22 13.16 26.13 42.89 37.8 26.76 11.7 10.42 11.01 10.54 5.07 4.13 4.48 3.0 8.41 9.55
8.22 11.17 8.53 12.05 6.4 4.24 4.2 3.38 2.68 5.02 9.91 13.6 19.48 10.77 6.91 5.23 7.08 4.6 5.76 4.93 9.0 2.52 3.68 4.74 2.37 2.87 4.37 9.66 13.48 16.86 18.26 8.3 8.7 10.18 4.89 5.3 7.61 9.13 6.16 6.99 16.4 13.45 19.92 25.27 21.69 13.64 12.47 10.22 7.65 20.18 26.32 24.62 22.13 20.11 13.82 13.14 11.83 7.84 3.94 2.81 3.31 3.74 9.67 12.48
11.8 11.53 9.54 12.01 7.45 6.57 7.17 6.27 3.54 5.45 8.92 16.02 13.64 19.41 9.05 8.97 5.18 3.8 4.09 2.75 10.65 3.15 3.47 2.71 6.23 3.68 6.98 11.33 11.12 10.04 7.71 8.12 4.76 7.99 8.47 10.21 7.06 13.14 8.58 13.34 11.3 16.6 23.03 21.9 17.7 9.94 13.99 6.96 4.26 11.31 19.58 26.77 20.01 13.89 12.58 7.93 7.05 7.38 5.79 6.12 7.03 3.64 19.2 8.42
8.28 5.33 6.38 4.58 6.81 11.5 8.13 7.21 6.95 6.56 4.15 9.58 18.81 9.41 7.64 10.13 4.61 4.33 3.75 5.87 4.27 3.1 5.11 5.92 4.02 1.3 4.94 13.96 11.19 21.53 8.54 8.23 6.86 10.2 12.32 10.07 11.45 10.3 8.32 12.69 22.08 21.76 28.62 33.79 28.03 9.73 17.12 8.88 7.1 10.21 21.94 18.16 16.64 22.62 11.06 10.16 3.73 11.1 4.1 5.9 6.6 10.27 7.66 10.63
5.33 4.03 2.89 2.86 9.23 21.45 9.92 8.71 9.35 11.97 8.52 9.55 8.91 5.15 7.15 7.02 3.84 4.96 4.71 6.27 3.91 4.31 5.58 6.98 4.83 1.82 5.25 11.12 13.55 10.37 8.14 11.76 8.57 8.51 8.52 6.35 10.05 14.68 11.44 10.03 8.42 18.74 16.9 67.48 23.07 22.6 9.01 7.33 7.8 6.51 12.54 12.29 9.65 20.3 8.6 6.25 6.56 4.15 7.2 4.72 7.53 10.53 4.44 9.82
4.22 4.12 2.54 3.34 8.08 16.41 8.04 7.49 18.16 15.66 11.53 4.44 6.42 3.97 5.86 7.33 6.79 6.46 8.45 5.08 5.69 9.71 6.28 6.55 6.35 6.39 7.93 5.36 9.06 8.57 10.97 12.42 8.05 7.66 7.05 8.52 6.3 9.09 10.81 8.11 6.89 17.02 19.52 30.15 22.88 13.81 15.05 11.59 12.79 5.11 13.57 17.56 16.48 13.06 6.08 6.3 4.53 11.77 7.01 9.21 8.37 8.95 5.87 4.75
3.63 5.32 3.95 4.79 13.31 10.36 7.89 6.88 13.53 17.24 9.57 4.63 4.95 3.67 6.08 8.64 7.9 15.63 7.87 6.2 3.65 6.94 4.69 2.75 3.09 7.29 4.42 3.9 12.96 8.72 16.58 3.96 9.23 4.25 5.41 2.89 3.08 2.26 7.22 12.62 10.26 17.02 12.87 26.36 29.04 32.0 12.67 16.5 17.89 15.48 15.49 12.52 30.14 11.75 10.61 5.33 4.76 7.07 5.66 6.3 6.24 6.17 7.88 3.4
1.97 5.49 6.86 12.9 11.56 20.02 7.27 5.29 8.63 14.9 15.61 8.13 6.88 4.49 5.06 8.58 7.71 8.94 5.79 7.9 6.93 4.78 5.34 3.2 2.19 4.96 5.89 4.78 7.86 8.1 10.96 3.68 7.08 4.57 4.04 1.52 2.86 5.48 7.64 13.02 28.19 17.62 14.26 33.24 31.34 20.3 12.28 18.98 14.2 11.08 7.53 8.93 8.77 14.23 10.41 4.94 4.58 3.85 6.73 6.11 6.35 8.31 5.05 5.37
7.99 6.72 15.58 18.57 12.2 18.58 7.35 3.62 12.31 10.41 7.63 6.86 7.05 10.89 7.69 5.68 11.31 9.98 10.32 11.04 8.06 4.62 1.98 2.46 1.99 3.9 3.02 7.09 8.75 16.1 5.83 5.62 4.34 4.16 5.43 2.13 3.06 4.36 11.84 17.25 20.43 12.56 18.93 25.02 22.05 14.22 16.59 10.72 11.96 12.24 9.15 12.68 7.8 9.36 17.49 9.21 11.1 9.11 5.75 6.72 8.92 11.69 9.33 12.3
19.34 21.32 10.84 15.53 14.03 17.36 14.67 6.35 7.42 8.41 6.35 8.68 10.88 14.5 12.57 12.46 11.79 9.29 9.08 5.15 8.09 3.71 4.11 3.31 2.19 2.85 5.12 12.52 6.98 6.53 3.43 3.2 2.3 5.42 6.8 3.83 3.62 4.03 14.39 14.91 20.43 13.22 13.65 20.26 12.42 16.25 8.1 12.02 8.21 15.38 14.56 10.41 4.9 5.63 10.56 12.84 8.92 8.1 8.41 5.7 17.47 10.71 11.15 7.8
9.04 9.06 13.68 20.15 20.89 29.82 12.82 23.33 7.21 4.23 4.98 6.64 12.54 6.89 14.06 18.86 8.99 6.05 6.17 5.83 10.12 4.8 7.06 2.46 1.55 1.75 4.79 10.49 5.38 9.0 3.04 6.72 3.4 8.41 5.42 6.21 5.69 7.68 19.77 20.5 34.22 27.21 26.69 12.43 11.08 7.87 7.99 10.95 7.12 8.89 12.4 8.97 3.54 8.98 12.14 20.6 8.51 8.94 7.41 9.17 12.99 6.47 8.91 8.25
11.68 4.75 12.79 17.36 14.54 30.09 12.43 18.24 8.82 5.92 4.43 7.38 15.39 10.84 9.85 9.96 15.46 5.38 5.33 7.0 7.29 10.18 6.66 4.43 3.15 1.58 4.19 4.51 6.55 10.92 6.39 4.67 4.82 9.86 7.94 4.15 5.78 8.62 14.17 10.23 16.1 26.34 9.67 7.63 10.09 6.49 10.03 7.11 8.96 10.07 12.57 9.69 3.1 5.81 15.64 23.41 11.74 10.62 4.55 6.08 8.18 13.23 7.24 5.25
8.98 6.41 7.54 7.47 14.45 14.8 32.61 8.68 6.36 5.35 3.26 9.19 7.61 14.19 9.68 7.91 8.17 3.87 7.36 8.14 7.56 8.48 9.49 4.62 4.18 4.06 4.84 6.61 6.38 6.23 2.6 3.29 7.67 6.52 5.26 3.0 6.25 8.04 15.31 12.87 18.38 12.19 17.35 13.67 16.42 9.99 12.65 11.49 18.11 12.0 12.7 6.33 4.13 5.82 11.96 13.32 11.51 12.67 4.32 5.08 7.36 11.78 4.06 2.87
3.98 10.92 5.79 9.96 12.9 10.02 22.98 8.75 6.78 6.31 3.88 4.7 4.22 13.94 8.74 12.97 5.34 6.18 7.85 6.8 11.72 5.52 3.36 2.85 8.49 2.96 6.16 4.4 5.47 5.16 2.02 3.28 5.92 9.09 5.81 11.8 5.8 8.04 5.74 12.41 20.51 18.66 16.87 23.32 25.73 12.8 13.65 13.76 20.95 5.35 6.12 7.61 6.07 7.1 15.55 17.64 7.54 4.78 6.62 3.53 4.6 5.77 3.99 5.13
4.91 4.89 9.0 3.17 8.06 12.36 15.63 5.66 6.34 2.73 2.06 1.84 6.85 12.56 2.58 11.32 7.99 15.4 5.94 7.25 6.55 7.15 3.62 7.05 4.5 7.34 5.35 3.39 6.93 3.54 5.56 3.63 11.31 10.42 8.22 14.32 11.5 3.86 3.88 12.45 12.25 14.78 16.91 62.39 20.69 11.3 19.36 11.86 7.61 3.67 8.68 4.12 4.16 8.0 18.35 17.99 6.88 8.42 4.14 3.13 2.87 6.2 5.41 10.89
6.21 6.61 4.08 3.99 5.25 11.8 9.38 4.51 3.39 2.9 1.38 1.55 4.42 9.96 5.69 12.62 18.84 10.71 7.88 5.72 8.27 2.46 5.41 7.11 5.29 5.38 8.01 5.57 3.56 2.77 3.84 4.35 7.06 5.05 10.19 21.92 17.36 4.75 3.73 13.49 6.73 11.96 23.91 55.33 11.62 11.3 13.63 12.33 4.79 7.34 7.29 3.15 7.41 10.37 25.54 11.02 12.45 10.24 4.98 5.73 3.78 7.28 8.7 9.6
6.21 3.65 3.74 4.11 5.16 6.38 7.87 5.44 2.59 2.09 1.87 3.25 6.18 9.28 17.66 18.91 13.69 14.96 10.03 11.0 4.17 3.18 3.13 8.24 9.46 6.64 5.9 4.05 2.22 4.18 5.58 4.7 7.15 7.93 25.88 20.19 27.4 11.44 6.22 7.41 5.11 7.21 13.54 23.95 5.68 12.31 14.77 8.16 3.74 7.22 10.94 6.56 7.21 11.85 11.94 5.03 12.41 15.32 6.1 5.47 3.56 7.15 7.56 8.13
4.3 3.62 4.2 4.9 5.88 7.22 6.05 6.62 2.06 3.65 2.0 4.84 7.67 6.57 22.51 18.07 15.2 12.4 11.97 6.35 5.0 7.4 4.55 8.69 6.72 8.07 8.15 5.39 8.52 7.5 4.91 5.1 5.78 9.57 19.33 16.22 14.86 12.74 25.68 6.48 3.78 6.66 5.77 12.09 4.85 9.56 15.49 5.06 6.43 6.5 11.42 8.35 9.27 12.14 10.01 6.88 8.89 7.44 8.32 5.71 8.12 12.04 8.42 13.53
3.83 4.32 3.31 4.2 7.01 11.51 7.55 4.8 4.02 5.88 7.57 9.88 5.75 11.89 14.77 22.23 23.79 11.57 16.39 6.9 10.43 10.63 8.58 15.33 6.87 10.1 8.73 5.77 7.68 6.78 8.93 9.57 10.76 8.74 19.06 15.52 35.8 11.91 8.52 3.62 4.3 4.27 13.37 8.52 7.33 10.0 10.9 10.88 6.56 9.03 10.61 6.81 6.94 10.22 9.97 10.3 13.35 9.25 7.6 7.49 16.12 11.39 6.49 5.03
6.59 7.38 5.65 5.51 6.97 6.87 8.58 5.3 7.63 3.64 7.61 8.79 13.39 15.09 21.73 17.9 17.71 19.4 9.44 8.19 9.29 9.1 11.94 11.0 14.34 14.18 5.54 18.4 8.91 9.14 7.71 12.59 10.85 10.01 19.58 18.3 14.04 26.17 8.44 6.94 5.51 7.68 13.46 4.35 8.28 9.38 19.38 12.1 8.03 10.53 12.94 10.7 7.0 4.81 9.77 4.87 11.53 8.87 8.55 9.24 9.1 8.99 7.23 8.63
8.12 5.43 5.89 7.33 9.85 4.84 10.47 8.61 4.44 7.99 4.6 6.58 6.12 9.28 21.16 19.19 21.07 20.39 5.96 7.24 14.31 13.43 16.14 13.23 9.37 10.28 8.32 25.61 13.5 14.94 12.29 16.24 6.4 13.97 14.43 11.97 11.64 8.48 14.81 5.57 5.75 9.12 6.43 10.34 12.04 11.09 15.73 11.14 8.09 5.98 5.48 12.64 1.82 5.83 8.2 10.51 11.16 8.7 13.0 6.4 7.9 10.94 9.48 5.18
4.64 8.13 8.94 6.87 5.11 3.24 8.23 5.3 6.28 5.36 4.04 4.14 4.98 12.2 12.47 19.57 17.53 10.75 13.36 9.02 14.96 12.09 10.23 16.96 9.31 4.8 19.97 16.39 13.46 14.3 20.15 26.07 8.07 16.25 15.84 16.02 10.53 10.77 12.89 7.41 8.19 7.84 9.06 11.3 15.57 12.07 14.46 9.49 6.08 7.62 5.21 5.44 6.17 9.5 10.46 18.67 17.52 14.37 7.86 4.71 5.12 4.58 5.93 4.85
7.9 8.68 14.14 4.49 2.53 2.85 4.81 4.54 8.37 4.1 5.58 4.26 6.35 11.69 5.84 7.31 28.27 16.65 18.33 10.12 6.03 8.09 6.45 20.84 13.79 9.35 11.36 13.28 8.2 16.67 19.61 13.86 12.47 18.55 20.75 13.22 10.8 17.38 6.59 5.91 7.37 9.22 9.33 6.73 17.03 11.77 14.9 7.51 6.15 5.4 11.29 3.7 6.14 9.07 14.13 18.99 8.32 13.22 4.65 6.19 5.79 8.28 3.8 5.11
6.17 9.01 11.07 3.43 2.5 2.86 3.3 3.75 4.17 7.12 3.39 6.41 8.03 8.78 7.3 6.99 18.41 34.71 17.35 7.36 5.36 5.99 8.74 11.34 13.14 11.02 6.58 9.59 9.18 14.04 18.52 20.2 27.55 22.45 10.96 10.02 15.63 12.65 11.16 5.4 6.66 7.33 8.84 10.44 9.1 16.73 11.49 12.11 6.09 6.67 12.7 5.34 7.1 12.74 11.61 12.52 12.62 18.26 8.03 5.82 6.18 4.75 2.82 3.58
4.33 16.16 9.95 4.73 3.2 2.37 4.38 3.29 7.62 6.41 5.79 5.76 14.35 10.56 11.88 7.58 14.33 18.41 15.78 8.29 4.89 5.22 5.52 8.88 8.55 4.03 6.27 7.96 18.64 11.66 10.69 15.76 16.5 21.82 12.45 14.46 6.93 15.29 9.95 8.42 7.29 8.25 5.78 6.59 13.36 8.5 14.43 12.83 14.33 6.51 8.83 7.85 15.3 11.29 24.25 6.04 16.83 14.89 8.32 4.19 2.36 3.85 4.1 4.79
