8.47 13.36 12.03 11.36 11.46 11.24 11.88 7.12 12.5 8.79 10.25 5.0 6.11 7.02 4.47 4.73 7.79 5.01 3.67 9.56 5.42 9.03 9.91 5.29 5.76 5.28 4.14 5.32 5.62 8.14 9.44 4.71 5.35 6.11 8.74 4.63 4.33 3.13 2.52 3.07 5.52 7.1 6.27 6.66 15.77 31.96 17.42 11.47 13.81 8.89 5.76 6.17 5.05 7.8 5.27 6.1 6.86 5.51 9.37 5.43 10.12 8.98 5.65 7.89
11.56 11.3 16.07 9.73 11.45 12.31 13.44 17.33 15.03 9.03 5.87 5.99 7.55 4.02 2.75 5.0 5.8 5.73 4.95 6.6 6.87 14.81 10.39 7.3 6.67 7.67 6.77 7.88 6.96 4.84 4.33 10.29 7.54 7.2 6.1 3.93 3.95 3.04 6.04 3.07 2.86 6.51 8.14 12.0 20.64 26.14 19.53 13.21 11.1 10.58 5.69 6.06 5.77 5.7 8.97 4.75 2.55 3.47 7.19 9.13 15.61 7.07 10.95 7.45
9.9 14.59 8.89 7.26 14.75 18.58 18.41 27.24 16.0 11.99 5.45 4.29 4.64 2.73 3.79 7.3 7.39 4.5 8.05 7.38 9.75 16.78 6.92 8.89 7.86 7.36 11.24 7.22 4.9 5.97 6.29 15.43 22.47 12.39 12.62 3.79 5.41 7.3 3.0 3.78 2.08 4.26 8.68 7.46 14.88 15.51 14.62 19.02 9.13 10.39 20.53 9.5 7.76 5.94 3.65 3.87 3.09 3.64 7.09 9.28 11.58 9.65 6.29 4.02
5.73 9.0 8.67 9.97 10.21 13.16 11.01 13.27 11.54 13.96 8.22 3.63 5.67 9.61 7.63 7.54 8.2 5.89 5.36 7.41 14.74 16.05 13.21 7.63 10.77 7.17 6.98 7.12 5.77 8.47 6.72 6.57 12.1 7.76 7.6 6.33 5.2 12.62 5.97 9.96 11.51 10.09 5.2 5.83 11.9 10.86 14.27 7.58 8.25 8.03 29.67 22.21 7.57 5.44 3.04 4.89 7.0 3.89 3.9 9.22 7.97 6.01 5.6 3.24
8.9 7.75 9.08 13.66 19.14 14.75 22.27 21.09 10.28 18.4 10.42 8.1 5.82 6.24 5.72 9.54 5.62 3.95 3.3 4.9 13.32 13.38 16.11 9.7 13.94 9.74 8.13 8.43 7.15 9.37 9.65 6.94 6.68 8.17 7.07 6.74 4.26 5.74 11.08 15.03 11.81 13.69 8.1 7.91 14.98 10.21 16.31 5.22 9.8 18.95 19.25 9.52 8.22 3.44 3.94 3.45 3.03 3.38 5.11 4.95 8.09 9.49 6.66 6.27
7.09 5.13 11.46 11.6 27.03 30.76 19.11 17.92 12.83 20.91 8.98 5.44 6.41 7.12 6.55 13.36 4.58 3.07 6.97 6.01 7.09 11.17 18.56 15.08 18.9 8.83 4.52 7.71 16.46 13.29 10.51 6.5 8.52 10.25 10.57 8.32 4.56 6.59 11.1 15.79 15.8 10.67 7.95 7.41 5.11 5.98 12.78 5.8 16.92 13.54 10.77 6.95 8.75 7.54 5.54 4.85 4.38 3.82 3.6 4.14 5.58 13.35 10.3 9.02
7.82 9.37 6.72 8.42 10.8 17.5 11.6 15.55 25.89 15.29 9.95 7.73 7.33 7.8 7.55 4.32 3.88 3.63 4.38 8.12 7.59 14.15 11.11 19.95 14.05 9.01 7.27 9.87 16.93 5.27 9.59 8.83 10.1 16.44 10.47 8.03 6.05 7.88 13.03 17.3 20.54 12.63 6.89 9.27 7.68 5.49 6.8 4.78 13.86 13.59 8.36 7.6 5.23 4.82 8.3 5.79 2.82 6.33 3.0 3.81 9.79 17.72 19.76 13.84
5.88 12.89 9.27 11.05 9.4 15.14 10.87 8.34 7.45 7.94 10.74 9.32 3.99 8.16 12.59 4.71 3.84 4.33 3.12 8.13 13.3 18.59 11.57 17.87 13.64 15.71 8.38 5.8 5.12 6.55 15.62 13.88 11.46 13.6 12.61 7.77 6.41 7.79 8.67 10.9 21.71 12.09 12.67 7.03 7.35 4.47 2.87 2.92 6.4 14.34 8.92 4.01 5.48 8.62 4.76 7.61 7.33 4.57 2.78 2.63 8.23 13.51 18.34 21.37
7.27 6.88 4.74 10.63 8.55 13.49 8.53 7.68 8.67 14.95 15.45 11.96 6.58 9.21 12.47 8.76 4.74 1.94 2.31 4.19 5.41 7.64 13.01 12.49 17.18 30.3 10.83 18.11 6.64 12.29 10.01 12.6 12.01 7.95 10.66 7.65 7.18 5.15 10.85 9.42 14.86 8.76 9.59 12.47 5.48 6.77 3.6 1.5 3.01 6.36 9.62 5.51 2.99 7.72 5.72 7.8 6.94 2.58 2.22 2.1 4.97 9.53 16.92 19.22
7.34 3.11 2.69 3.54 9.28 9.26 10.08 9.93 5.67 23.61 10.8 6.72 7.82 5.09 11.81 18.26 10.66 3.68 2.67 3.01 3.77 4.65 8.51 7.82 7.59 14.24 8.77 17.31 9.8 12.11 10.36 24.09 12.49 11.99 15.43 9.92 7.35 8.81 10.3 8.13 7.74 5.99 4.41 10.49 6.56 5.4 3.22 1.68 3.71 4.88 8.17 4.75 3.01 8.32 6.28 7.59 4.8 2.87 2.46 3.38 3.83 11.02 19.17 9.66
11.13 5.39 5.62 4.07 8.2 8.9 9.36 11.61 8.99 16.22 8.69 4.43 6.66 6.9 6.66 9.53 5.3 2.97 2.6 2.45 3.57 4.12 3.83 6.62 11.61 15.32 8.51 11.65 29.11 19.19 12.68 15.4 9.53 7.23 9.5 11.51 4.86 5.83 6.37 10.09 8.16 6.74 6.03 7.79 8.41 4.07 3.72 2.51 3.91 3.15 4.09 8.08 4.67 8.51 7.7 5.36 5.43 3.54 1.26 3.35 4.79 6.46 11.58 9.67
6.75 5.57 5.2 4.94 4.38 6.35 11.93 13.16 19.19 8.44 4.48 7.72 3.7 4.36 9.36 6.95 4.71 3.97 2.47 3.6 4.84 4.54 4.51 6.98 8.4 9.69 17.44 15.46 20.56 19.15 20.24 11.57 15.35 14.95 12.06 11.96 6.47 4.05 4.05 5.87 3.49 6.62 7.21 4.35 7.94 4.97 6.06 5.66 3.73 9.46 6.47 4.15 5.66 9.02 11.67 4.97 2.72 4.94 1.83 3.61 9.52 7.71 5.35 12.08
4.74 4.71 3.63 4.69 4.2 6.93 21.44 15.51 9.87 12.74 7.15 5.53 4.11 3.66 6.62 7.01 4.71 3.31 2.49 4.43 7.16 6.88 3.52 4.16 3.18 10.6 16.06 21.81 10.73 10.32 18.28 12.11 17.34 13.03 14.19 13.49 12.15 6.03 4.02 7.34 4.35 3.86 7.08 7.22 7.44 9.84 6.65 7.62 7.74 11.16 6.89 4.64 7.9 9.75 10.23 7.06 4.87 4.7 3.42 3.67 7.1 8.79 6.34 16.45
7.93 6.44 1.86 2.75 4.5 6.86 12.68 14.0 12.65 11.02 9.92 6.97 3.62 4.72 4.38 3.62 3.41 3.52 2.88 5.53 8.42 6.13 4.86 8.65 6.48 12.42 9.16 15.92 16.33 16.26 10.59 11.34 13.33 10.75 19.53 16.93 8.93 5.42 7.26 6.01 4.28 3.71 6.7 9.94 4.66 8.09 11.6 6.0 13.13 9.97 6.51 9.96 6.8 8.05 10.82 13.18 4.73 3.8 4.64 5.33 6.99 7.49 11.1 7.59
5.8 6.0 5.72 4.14 5.1 9.98 18.75 15.19 12.55 13.08 7.24 5.07 4.58 5.11 4.37 3.74 3.7 3.75 4.58 5.04 6.43 7.82 7.61 7.34 6.06 9.08 7.5 12.48 17.81 13.09 10.18 21.2 18.67 19.37 10.91 10.53 11.01 5.34 6.71 4.16 6.43 4.72 5.19 7.21 4.05 6.42 8.87 6.08 9.58 11.4 5.94 9.74 9.11 13.3 10.74 9.92 4.64 8.67 7.09 10.84 12.6 4.67 5.55 4.4
5.82 6.31 11.33 3.92 3.44 10.23 9.81 12.38 24.76 9.31 4.98 7.13 5.29 9.65 4.33 3.89 4.88 3.63 5.34 5.42 4.64 7.25 6.88 9.37 8.72 13.36 9.6 8.62 9.19 8.18 18.11 19.98 8.29 7.84 6.37 7.34 6.69 4.24 6.4 6.63 6.11 9.69 9.03 6.85 4.8 4.06 7.24 7.92 5.98 6.68 4.57 11.21 13.5 11.05 15.81 7.5 4.56 18.04 12.57 12.76 8.66 5.19 4.78 5.32
7.17 5.83 9.9 9.78 5.84 9.64 14.06 12.65 17.23 9.21 6.26 10.0 6.92 7.21 6.47 5.54 4.66 6.72 6.32 6.61 5.16 7.34 5.82 6.92 7.82 6.01 4.3 5.15 6.65 5.06 11.37 12.37 6.83 3.46 5.45 2.6 4.2 6.67 4.81 5.43 3.44 11.51 13.97 8.75 8.67 8.99 12.96 13.23 6.54 5.84 4.82 6.91 12.71 8.49 7.35 7.63 5.95 10.13 12.84 12.87 6.82 5.31 2.92 4.75
8.02 8.17 9.11 6.22 18.0 8.73 12.42 11.88 9.19 10.87 9.59 6.43 8.66 12.08 8.53 8.47 7.31 6.96 4.88 5.66 7.32 5.27 5.7 4.62 4.31 6.98 8.49 4.41 9.1 7.55 7.3 10.5 10.54 1.62 2.47 2.98 3.93 5.43 4.71 9.83 4.82 9.46 10.41 13.41 16.51 13.01 8.81 11.96 3.56 3.33 7.46 10.08 6.97 8.35 6.15 9.64 24.0 12.3 11.17 14.06 3.78 2.15 2.02 2.72
6.56 5.38 7.2 7.49 18.83 10.44 14.39 11.37 8.27 9.68 6.38 8.32 11.41 17.03 15.22 10.36 9.97 10.36 7.55 6.1 7.98 3.73 5.68 4.83 2.93 4.85 4.06 3.52 5.7 11.75 14.6 6.3 7.19 4.5 7.74 4.23 3.29 3.95 4.95 6.87 2.59 5.75 7.89 12.34 21.29 20.73 10.91 11.42 4.49 5.91 11.94 13.06 6.99 9.24 6.52 7.92 21.39 16.24 17.26 8.66 5.23 3.12 3.86 4.13
7.29 9.9 9.68 12.42 14.39 16.49 12.17 13.39 6.12 6.52 6.82 6.83 10.11 13.6 20.0 22.48 13.94 19.72 11.71 6.44 9.68 8.56 10.19 7.75 3.85 5.18 3.58 4.5 7.49 5.66 9.78 5.61 5.83 7.54 9.26 6.6 5.01 3.28 3.3 2.75 2.46 6.07 8.74 12.34 13.33 12.99 18.36 10.31 7.16 7.39 8.64 9.01 10.47 12.98 8.6 6.22 7.81 12.42 12.84 12.37 4.97 2.45 3.84 6.04
8.31 14.87 9.58 9.31 11.86 32.97 12.01 15.63 21.63 7.86 7.63 16.24 15.18 19.08 28.84 31.19 9.35 12.84 15.92 5.75 9.33 9.73 6.16 8.33 5.88 5.8 5.52 5.18 6.79 7.69 9.0 8.16 3.47 6.35 9.62 8.85 7.97 4.61 3.53 2.89 2.43 4.0 8.41 8.04 9.7 8.5 26.34 17.25 8.95 11.67 9.11 11.43 16.34 10.04 9.57 7.41 3.72 12.8 8.81 7.96 5.0 2.74 3.95 6.0
17.0 24.25 17.32 13.99 14.86 31.61 29.26 20.37 12.09 10.58 5.89 10.83 9.07 19.24 11.81 13.43 13.08 12.75 11.97 8.83 11.67 7.97 6.24 5.55 7.51 6.34 4.62 5.21 5.78 13.23 4.52 7.96 7.06 6.71 9.83 7.55 7.55 9.72 4.27 2.81 5.56 5.09 5.73 9.04 13.05 9.47 11.16 12.43 9.09 3.52 8.6 6.75 9.61 9.65 3.48 5.42 6.7 10.52 9.91 10.16 14.67 10.4 4.9 4.95
16.05 18.45 19.24 13.63 22.58 27.46 19.44 17.58 7.2 11.83 5.79 15.49 7.43 12.18 12.82 9.0 18.63 8.78 5.97 8.55 8.95 5.92 9.93 6.15 6.48 10.01 10.48 9.38 5.31 6.31 7.37 8.64 11.47 4.32 3.21 6.65 5.27 4.81 5.55 3.34 4.0 5.62 4.58 5.62 9.12 17.27 20.1 9.88 8.68 2.82 7.18 9.15 7.79 7.43 3.63 5.03 7.04 9.1 7.88 10.66 13.3 10.35 7.81 5.94
11.09 18.11 21.69 18.87 35.43 17.92 24.26 22.8 8.98 10.69 7.46 6.04 4.77 5.39 5.5 9.37 8.86 7.77 11.52 14.92 9.23 4.52 7.89 6.85 7.38 16.1 14.23 7.62 9.1 4.68 9.07 7.54 10.52 5.22 4.16 4.46 3.88 7.38 3.88 4.15 2.4 3.37 2.71 3.59 10.76 21.92 38.31 15.75 9.29 8.94 7.59 5.87 6.27 8.03 2.62 5.3 6.52 9.82 18.27 8.99 9.82 13.25 7.47 4.95
11.36 18.41 15.3 16.48 28.4 26.48 16.81 13.16 10.22 9.39 18.45 5.38 5.63 8.89 4.1 15.93 10.62 7.25 11.01 12.47 5.98 2.74 2.62 3.92 6.33 6.86 13.68 11.14 5.65 7.63 8.35 10.17 14.46 4.38 3.28 2.53 5.32 9.64 6.58 5.78 2.86 3.21 4.83 8.53 11.31 12.2 14.96 27.78 22.46 10.28 6.25 7.49 4.39 7.44 5.8 6.24 10.84 12.43 22.06 12.34 7.68 10.52 7.02 3.02
10.6 21.88 30.48 44.03 28.76 25.6 15.43 18.6 14.69 10.59 12.42 5.61 3.96 6.03 4.84 5.52 7.76 6.37 7.04 8.56 5.64 4.16 3.22 1.8 3.98 11.0 13.16 15.91 6.23 7.77 6.72 11.37 10.45 4.06 5.73 1.74 6.25 9.66 7.34 3.59 3.47 7.88 7.55 9.01 13.45 21.84 12.01 17.54 8.8 7.92 6.21 4.03 8.03 4.3 3.79 5.49 7.73 15.59 17.48 16.25 13.04 14.52 10.38 10.16
8.74 17.99 17.66 16.25 11.9 31.14 12.01 17.45 12.21 8.16 7.03 7.11 5.47 6.22 10.25 6.46 9.36 7.57 6.24 5.71 6.3 4.04 2.49 2.19 3.58 12.87 14.1 11.91 6.16 13.57 6.71 10.28 12.73 4.02 2.11 1.49 3.93 4.54 5.2 4.56 4.57 8.55 8.54 13.97 21.48 24.59 10.94 15.39 11.1 9.68 13.69 4.79 7.82 9.17 3.51 6.39 6.29 11.23 10.86 8.41 8.01 8.12 8.22 11.56
8.03 10.88 8.11 16.13 17.44 17.89 6.2 6.63 10.3 13.45 6.07 9.95 6.41 6.32 7.31 7.21 8.03 4.8 2.72 4.57 5.28 5.58 3.21 2.1 2.43 5.71 9.1 8.47 5.69 7.63 8.64 8.92 5.48 4.93 1.5 2.14 2.66 5.87 8.73 8.03 9.65 8.75 10.14 14.9 12.96 11.02 19.83 14.94 8.97 8.14 5.6 4.34 10.62 8.78 5.39 12.73 6.09 6.35 8.54 9.25 6.65 7.58 10.99 4.1
12.31 13.75 8.77 16.0 17.16 4.82 5.44 5.61 4.4 9.19 5.83 5.38 7.32 9.77 3.62 8.31 8.77 9.47 7.64 4.27 10.8 6.03 2.7 3.19 2.34 4.02 3.46 2.72 5.85 5.66 4.97 8.9 8.18 7.22 3.17 2.9 2.35 5.65 7.83 9.28 9.82 5.69 6.46 9.94 13.47 9.78 14.19 17.06 16.92 9.96 4.95 3.97 5.1 7.15 6.33 12.14 8.45 4.21 7.2 11.48 4.92 5.96 7.72 6.45
20.77 16.66 12.25 11.47 9.86 6.08 4.87 4.11 7.5 5.55 10.67 9.64 9.25 7.19 2.46 6.12 5.42 4.42 11.29 6.81 4.76 5.18 3.49 3.33 2.7 4.99 5.98 5.27 4.21 4.68 4.44 8.52 9.4 4.18 4.1 3.82 5.31 8.69 10.77 9.86 5.04 6.76 5.61 13.67 5.91 7.54 16.34 13.87 36.23 15.05 5.18 3.99 4.17 8.62 10.99 8.21 7.86 4.49 3.12 6.23 3.31 4.96 4.65 4.06
9.49 6.92 12.74 11.16 5.18 3.65 4.17 6.11 14.21 11.95 11.35 13.57 10.74 5.27 5.42 4.98 4.12 5.31 8.97 7.24 3.93 5.86 3.48 2.23 3.29 8.18 8.28 3.93 1.59 2.08 3.97 7.11 6.69 5.59 6.03 6.69 13.03 10.45 9.56 4.5 4.49 13.52 7.27 6.88 6.38 10.72 13.55 15.63 15.57 10.97 10.63 8.74 4.8 4.85 7.42 9.58 7.58 8.95 3.99 4.74 11.19 6.53 4.46 4.85
8.06 8.44 8.57 8.44 10.56 4.95 4.8 9.35 8.03 7.88 10.25 10.15 9.18 8.48 7.15 6.45 3.96 1.89 3.6 5.27 4.06 3.77 2.41 3.28 9.54 5.48 5.59 4.79 2.3 3.09 4.63 4.79 5.22 4.29 4.65 4.66 5.85 4.55 6.46 6.6 10.61 8.65 10.7 12.72 12.76 25.7 13.99 17.66 11.74 12.26 8.0 11.2 3.25 3.94 4.29 6.16 6.72 7.47 8.35 6.01 4.64 6.13 5.05 6.96
9.78 6.3 3.4 6.12 14.42 6.67 5.61 7.02 3.79 7.64 5.85 5.08 6.0 5.23 5.43 4.19 3.52 3.07 4.2 9.61 5.95 3.37 6.82 3.72 6.5 7.39 3.22 3.41 3.27 3.67 5.53 5.04 4.96 3.89 2.62 3.37 3.82 4.55 6.0 4.75 11.9 10.62 11.97 18.96 17.15 24.0 17.64 20.83 12.99 23.75 7.76 6.07 3.69 3.66 2.88 5.08 10.55 11.09 5.18 10.41 4.44 5.73 4.38 3.62
4.64 3.41 3.48 5.53 7.56 5.66 6.26 9.81 6.64 7.53 4.53 4.29 11.01 6.25 2.19 4.48 2.55 2.79 4.94 5.16 5.39 3.15 3.93 5.66 3.16 3.89 3.09 3.02 6.37 6.69 9.4 8.69 7.18 5.49 3.05 2.27 2.58 3.58 3.52 7.1 11.69 16.59 13.03 14.53 25.27 20.68 20.42 23.52 12.54 10.79 8.15 3.18 2.8 1.93 3.13 9.14 15.43 11.62 5.6 6.91 3.8 6.87 2.83 3.26
7.79 4.26 5.48 5.63 3.83 6.41 7.76 5.31 10.9 5.59 5.73 10.91 4.42 3.88 2.75 5.15 4.29 2.65 9.94 9.77 6.49 7.84 6.04 4.07 8.05 6.02 6.08 8.21 3.84 3.72 6.32 6.53 4.77 3.27 4.03 3.3 2.29 4.89 5.85 7.67 8.08 22.17 16.49 17.99 19.92 14.04 10.43 6.93 5.83 4.42 3.18 1.6 2.43 2.61 5.11 12.05 19.41 18.64 9.52 7.43 6.42 5.54 5.82 5.06
6.69 3.56 2.15 4.32 12.3 7.87 12.51 5.97 9.98 11.3 6.64 9.43 3.38 2.76 5.61 5.13 7.31 8.69 11.71 8.07 7.14 6.26 5.16 4.82 5.89 7.44 7.32 8.4 5.76 4.07 7.4 9.02 7.16 4.29 4.41 6.38 3.52 2.51 2.96 4.42 7.21 17.69 13.76 28.44 15.01 13.66 11.39 16.84 8.55 4.75 4.03 3.16 3.04 2.36 4.1 5.1 6.87 9.44 7.18 5.62 14.15 5.5 6.13 11.3
5.07 6.0 4.58 9.95 25.95 12.73 15.57 6.18 5.39 6.19 6.68 6.47 3.13 3.18 3.25 4.36 9.94 9.46 10.92 9.88 8.24 5.08 6.21 15.6 4.74 3.43 8.36 5.9 5.58 6.51 6.07 4.03 6.73 5.3 8.77 6.76 3.26 3.15 5.05 7.6 8.57 11.85 16.68 13.89 7.94 6.08 5.7 6.78 4.64 5.24 5.0 5.92 5.28 10.53 7.09 4.45 8.68 6.91 7.13 5.89 5.71 5.0 6.62 6.79
3.81 3.82 3.19 10.55 16.22 14.19 26.52 7.01 4.49 6.72 11.59 6.03 3.58 3.08 4.91 4.3 5.46 9.51 6.42 7.15 7.41 4.26 8.61 10.08 5.36 3.84 4.25 3.63 4.42 6.06 6.72 4.86 8.15 7.76 10.07 7.67 6.18 3.94 9.08 10.26 7.87 12.25 19.44 7.53 6.38 8.73 4.26 3.32 6.44 5.65 2.69 5.95 5.41 7.83 5.55 5.52 9.19 7.61 5.91 6.17 7.2 7.33 10.2 7.65
5.3 3.85 5.81 9.44 19.75 14.96 8.95 11.39 8.76 8.64 6.05 4.61 3.82 2.24 2.3 3.03 4.25 6.2 9.02 4.15 6.55 5.56 7.02 9.88 6.87 3.28 4.17 6.79 7.68 10.63 6.5 6.47 4.54 6.49 9.2 8.59 12.29 5.98 10.62 19.23 11.26 10.19 15.01 7.08 5.03 9.11 5.62 3.2 3.79 5.57 3.22 5.27 7.83 7.95 13.63 15.15 12.55 10.16 7.2 8.0 9.15 8.55 7.19 5.19
11.69 7.01 4.69 3.26 3.0 9.69 10.51 12.35 9.67 18.28 11.75 10.19 4.4 2.78 2.79 4.95 7.2 3.89 5.33 3.93 5.77 5.21 3.59 2.52 4.86 3.74 3.48 7.44 7.85 10.08 7.94 6.57 8.32 12.39 23.34 12.31 15.65 18.58 14.44 27.05 15.04 5.68 7.91 9.89 10.4 9.04 4.22 4.13 6.1 8.51 7.69 6.02 14.24 14.55 18.25 13.33 7.81 8.14 6.39 10.37 12.61 6.27 6.06 12.58
9.82 10.33 3.04 2.39 3.41 6.63 10.17 9.42 11.49 17.62 12.89 11.37 5.71 5.93 5.31 9.58 7.37 7.24 4.4 3.77 8.79 3.59 3.08 3.48 4.94 3.27 5.66 6.41 9.26 8.55 10.07 9.54 13.43 17.8 25.86 24.52 15.09 22.18 19.13 22.17 13.87 7.09 8.69 8.89 10.93 5.93 3.9 3.6 4.14 5.33 12.57 10.27 11.01 13.8 11.79 12.02 10.54 6.12 5.76 13.15 10.34 10.1 13.54 19.86
5.41 5.72 3.55 1.85 2.04 2.45 8.41 8.78 18.53 8.81 9.21 14.35 8.67 16.02 7.75 14.28 8.76 8.06 7.17 4.51 2.67 3.0 8.02 4.7 4.87 5.38 6.15 9.75 8.59 8.86 10.29 7.49 10.41 13.63 24.23 27.3 11.21 13.85 19.75 28.36 12.89 12.04 8.78 5.47 7.74 6.66 5.76 2.8 2.88 10.06 18.55 11.33 14.19 11.93 13.66 7.69 14.47 8.64 8.66 10.92 11.04 9.45 15.93 20.69
4.84 5.01 3.97 1.78 1.87 4.74 6.34 6.03 12.03 7.64 9.23 8.64 6.46 8.38 7.84 11.23 7.44 5.28 3.98 4.05 5.59 3.52 8.31 5.9 4.0 8.76 6.82 9.23 9.11 10.7 11.68 11.33 9.93 7.68 14.24 16.19 12.4 7.43 10.66 9.41 4.25 8.44 3.13 7.46 8.21 6.49 7.76 7.57 7.84 8.96 18.32 9.42 10.78 5.63 8.36 7.9 7.41 8.34 17.17 13.38 18.44 11.83 22.66 36.2
7.63 5.26 3.99 2.8 1.93 3.41 3.61 4.05 3.79 5.6 10.18 6.07 13.1 9.76 8.8 8.56 12.21 4.23 5.83 4.02 3.99 6.29 7.09 8.61 5.33 4.79 8.87 8.69 10.61 9.12 8.29 11.05 6.0 5.27 8.8 8.13 14.76 14.7 12.92 7.08 3.84 7.09 3.71 5.94 4.39 9.25 6.33 5.62 5.45 8.62 17.38 10.21 9.35 6.97 6.22 10.79 12.75 10.96 10.24 15.56 17.09 10.52 15.82 16.03
5.23 6.34 3.27 1.56 2.93 4.82 2.92 2.89 3.69 4.36 9.46 12.87 9.58 9.25 7.87 5.59 10.56 8.14 4.0 3.22 4.46 6.44 13.38 10.82 6.44 6.28 8.45 6.86 14.63 18.37 7.76 9.63 6.19 4.99 4.2 9.3 11.59 11.26 9.19 7.0 6.39 3.21 5.75 4.91 8.34 19.73 5.87 6.55 13.69 8.85 9.53 12.07 7.11 9.4 3.76 3.5 7.85 7.34 7.1 16.14 28.5 18.63 14.67 21.91
10.09 13.43 6.25 2.65 5.1 6.8 2.34 2.61 6.75 4.88 4.38 9.82 9.62 11.28 8.73 8.9 9.74 14.84 6.34 5.64 7.77 4.84 8.1 11.7 9.86 6.04 6.5 7.02 5.1 9.1 8.19 10.0 4.77 5.0 4.32 7.0 10.01 10.94 12.86 6.08 6.23 3.65 7.42 6.53 8.15 12.13 11.08 5.85 10.41 6.5 11.08 23.44 8.48 7.57 9.33 4.75 7.66 7.41 7.76 12.47 15.57 21.05 8.69 12.36
11.1 11.23 7.54 4.19 5.4 4.84 3.45 4.87 7.18 7.38 9.36 10.51 12.01 10.26 6.96 5.01 7.64 16.65 7.39 6.91 5.16 3.04 9.09 11.43 13.25 9.88 4.45 9.39 8.41 6.59 6.37 7.19 4.84 3.42 3.47 5.9 7.03 12.59 8.44 4.38 3.32 5.82 5.82 5.88 10.33 7.89 9.85 11.91 20.96 14.4 14.69 7.7 7.01 6.99 7.73 5.12 4.55 5.23 5.07 14.59 15.27 18.29 15.68 16.98
16.58 16.93 6.09 6.21 4.5 4.17 3.98 4.7 6.03 8.06 13.0 7.19 10.51 4.89 3.3 8.19 8.18 11.86 9.48 7.13 7.64 4.7 5.91 6.68 7.55 13.04 11.78 8.21 5.7 4.55 3.8 5.14 2.59 1.84 3.96 4.29 4.0 5.73 5.22 6.7 4.65 6.59 10.87 13.57 8.21 7.34 6.96 15.96 35.32 28.64 25.65 7.62 6.59 11.12 5.88 4.39 4.29 3.52 6.48 11.09 9.24 6.85 8.64 7.71
9.95 8.2 6.73 6.04 2.7 2.22 3.74 5.48 5.57 6.59 8.57 8.81 11.27 11.21 4.3 5.09 8.8 4.42 5.93 6.82 2.69 2.54 5.6 4.16 7.82 12.31 17.88 9.59 6.25 8.68 3.1 2.72 3.11 2.65 3.09 3.2 3.77 4.27 5.59 3.39 8.04 11.33 19.16 10.44 6.87 11.86 5.14 10.93 12.26 24.47 23.53 7.19 4.91 5.58 7.23 6.04 7.75 5.78 3.91 6.27 9.97 10.48 9.64 5.85
14.64 10.98 8.67 4.56 3.74 4.68 4.46 3.69 8.14 4.18 4.12 7.29 5.69 6.39 7.72 4.14 10.54 8.75 9.4 6.6 7.22 5.87 5.86 6.7 7.2 7.17 8.18 17.31 7.95 4.69 2.41 2.11 4.04 5.06 3.34 5.61 4.63 2.72 3.82 2.77 5.95 6.28 9.2 6.9 8.37 17.08 5.91 14.26 13.39 13.57 11.51 11.7 6.34 4.33 7.16 7.03 5.65 6.46 8.58 5.37 8.02 11.03 6.37 12.29
14.77 10.73 3.7 2.98 4.95 2.94 2.94 3.86 7.19 3.2 7.96 8.06 5.97 7.26 11.01 8.32 18.12 6.38 4.96 6.24 7.79 14.8 5.43 3.76 7.72 7.83 9.29 12.09 7.54 7.44 5.18 3.76 2.79 4.26 3.29 4.04 2.78 3.49 3.73 4.71 8.55 8.87 6.3 10.39 7.03 6.27 14.7 11.04 9.92 11.2 7.09 8.03 7.44 11.7 6.6 5.23 9.98 10.4 7.84 8.61 5.54 3.94 4.19 9.37
12.51 13.23 6.84 2.31 4.93 3.54 2.59 4.64 6.44 4.45 8.62 8.74 9.02 9.07 12.23 5.91 12.28 9.9 5.43 7.05 7.7 7.15 7.25 6.6 6.11 7.29 9.14 4.33 8.01 6.73 4.83 4.13 3.8 5.41 2.28 2.48 5.03 3.68 2.31 3.09 6.02 7.21 6.99 10.04 6.35 4.29 8.62 8.52 6.97 8.95 5.23 7.49 12.17 11.87 6.84 6.88 10.74 10.37 5.19 8.99 5.95 3.35 5.24 4.97
12.45 8.47 6.97 3.42 3.77 3.87 4.45 4.62 6.66 6.03 8.94 6.16 5.25 13.6 9.45 9.9 14.16 8.86 8.81 6.1 5.67 7.18 6.35 7.11 5.88 7.93 15.1 3.37 3.59 4.81 5.4 8.67 3.85 1.89 4.03 3.79 6.52 4.98 2.98 3.81 6.34 9.46 10.87 8.35 3.43 2.69 3.16 3.95 3.26 4.49 3.88 3.94 9.66 7.26 6.91 9.81 12.15 8.31 12.45 11.51 3.85 4.94 3.53 3.12
7.63 7.5 8.96 5.87 2.93 4.17 6.28 4.38 11.63 8.03 7.41 7.98 5.31 8.73 8.79 7.03 9.04 11.83 7.58 12.91 7.32 12.3 8.83 2.78 5.15 10.31 7.48 6.92 3.68 4.67 5.56 3.43 4.22 2.02 2.0 5.22 9.36 6.32 6.92 6.27 6.51 7.29 7.69 4.63 3.0 2.87 2.39 3.74 3.4 3.17 6.73 8.22 11.98 4.29 6.07 3.97 9.37 10.31 11.87 7.63 4.93 4.66 5.32 4.91
6.16 9.11 6.37 4.63 5.79 5.62 12.65 6.52 9.55 7.12 7.9 7.91 11.38 5.59 5.47 9.26 7.28 15.21 10.62 9.5 10.86 7.96 9.59 5.07 2.9 5.83 6.4 8.91 8.11 2.7 6.29 6.44 3.75 3.43 3.46 5.76 9.15 11.59 9.24 8.4 11.77 8.18 7.48 6.96 3.76 1.4 1.9 2.66 2.12 3.39 5.99 8.67 8.49 6.27 8.6 3.73 11.67 11.39 19.17 7.53 3.7 2.43 2.42 3.29
7.11 6.16 6.61 6.9 8.6 5.59 10.9 8.64 5.28 4.99 11.21 10.6 15.85 11.36 11.88 10.68 16.42 14.21 12.53 8.62 12.25 8.59 6.83 4.16 3.46 5.57 11.17 8.55 6.02 7.49 6.53 4.77 6.09 3.53 4.0 6.51 9.92 14.93 12.54 7.04 10.68 14.69 9.72 6.82 5.75 2.72 1.29 1.53 1.34 2.71 2.47 3.63 3.86 9.16 11.62 4.68 19.21 15.63 12.52 9.72 3.77 1.39 2.36 3.61
7.25 5.58 6.8 7.27 6.52 5.15 11.7 18.76 10.22 7.58 4.13 9.24 16.72 9.87 10.43 9.02 16.24 16.32 17.8 13.73 10.66 6.54 7.05 5.41 3.95 6.94 6.46 5.53 7.64 3.41 3.62 5.28 12.87 8.53 3.96 8.46 15.94 13.98 15.1 4.8 5.49 10.68 16.71 13.0 6.28 3.49 2.09 1.88 1.84 2.51 2.23 3.15 4.16 2.19 4.14 7.62 14.4 18.29 8.11 5.87 3.8 3.24 3.48 3.19
6.26 5.61 6.87 9.4 7.39 4.65 14.18 9.65 8.08 8.87 6.67 13.21 17.14 17.67 7.99 14.66 18.66 6.38 9.16 5.82 4.76 6.41 4.91 3.22 5.51 6.92 9.9 5.57 5.45 6.5 6.08 6.98 9.4 5.47 3.07 4.23 7.34 10.72 6.69 2.63 4.55 9.79 19.17 12.4 7.1 2.82 3.26 2.67 2.53 3.41 2.95 3.13 3.1 2.2 5.44 10.07 10.22 20.5 13.31 5.23 4.83 5.34 2.53 4.63
5.14 6.97 10.79 10.6 7.32 3.45 7.03 3.92 8.78 10.17 10.21 12.07 9.11 10.99 12.74 22.87 19.14 10.78 5.06 5.48 5.65 4.28 5.44 1.77 5.87 4.68 5.36 8.25 6.47 8.3 7.3 7.11 7.4 8.15 5.02 5.49 3.96 5.95 3.86 3.88 9.07 10.43 10.39 12.97 5.93 4.51 4.76 2.41 4.31 4.88 4.96 4.54 5.21 2.78 4.16 7.87 6.66 8.51 16.75 7.46 6.06 8.14 6.08 5.26
4.15 7.28 4.77 9.08 13.82 5.75 5.46 7.78 5.85 8.0 10.59 10.42 7.71 5.42 14.26 19.68 11.2 17.64 10.96 5.32 4.79 3.88 5.51 5.55 3.51 2.25 3.92 5.57 12.29 11.94 7.86 9.0 7.62 9.26 7.33 3.74 2.09 3.53 7.42 8.87 9.28 14.93 12.27 11.08 5.19 4.72 6.13 3.11 4.56 4.56 8.13 5.49 7.35 6.29 7.92 6.27 20.13 14.05 13.95 8.36 9.64 13.4 9.09 6.75
3.6 7.14 7.29 7.66 9.76 8.84 5.01 9.85 7.32 6.85 12.55 10.95 6.61 5.51 9.8 10.61 12.7 15.89 8.73 10.92 6.11 5.38 7.77 7.02 4.52 3.43 3.55 4.55 7.55 8.95 9.92 5.42 8.64 8.05 6.0 6.23 5.95 4.68 4.9 8.15 10.47 14.13 9.96 5.01 5.51 5.22 8.12 7.54 8.01 5.91 10.19 8.84 10.46 8.16 13.63 5.58 9.06 8.72 8.44 6.5 7.27 7.69 6.39 8.29
4.21 3.63 6.56 8.28 7.68 9.4 18.3 19.5 13.32 10.29 11.96 12.02 8.38 7.31 7.72 9.42 7.71 8.72 7.55 9.08 10.27 5.72 8.58 11.78 4.86 5.7 4.34 5.93 5.91 4.27 6.81 14.11 7.24 6.95 5.12 7.35 9.01 7.39 8.11 6.37 8.95 9.78 7.25 3.13 5.8 3.78 4.63 7.14 5.99 9.96 7.12 6.68 11.37 6.23 12.18 9.54 11.08 18.07 18.51 8.84 11.74 6.21 5.25 3.71
10.86 8.78 11.11 11.29 9.37 4.86 11.92 10.64 8.13 9.9 13.17 10.97 7.17 9.59 7.37 9.13 7.01 5.49 8.36 6.01 8.25 8.43 6.74 5.13 4.84 5.6 7.38 8.95 3.83 9.57 7.25 8.77 10.05 5.29 3.36 5.48 8.68 11.02 6.07 5.7 5.54 5.76 11.41 3.41 6.44 5.66 4.21 7.95 8.25 12.02 8.15 6.31 13.28 7.7 8.07 9.73 8.73 9.89 13.19 7.93 12.62 5.88 3.04 5.35
7.89 14.15 12.72 16.45 7.0 9.18 9.43 8.3 16.36 10.33 7.33 6.47 6.76 2.4 4.69 5.83 5.02 8.29 5.78 7.58 12.85 8.36 13.51 7.7 8.36 5.98 5.8 7.15 3.52 4.63 8.46 6.38 7.63 6.98 3.37 7.88 10.92 8.44 5.24 3.76 3.87 3.83 7.55 5.9 4.5 8.06 6.96 6.15 13.6 7.76 8.51 9.6 7.67 13.7 9.58 13.06 7.84 10.29 13.63 10.56 7.7 6.29 5.93 6.47
