4.55 8.51 8.56 11.16 12.42 10.55 10.74 22.8 16.65 12.04 7.68 5.98 5.1 5.23 10.34 8.97 11.38 10.88 7.41 6.25 8.4 8.31 4.27 11.55 9.51 8.07 5.08 5.06 5.74 9.15 4.62 4.56 6.04 6.31 6.46 6.66 11.22 15.6 14.58 7.87 5.0 6.68 11.04 10.63 5.56 7.85 7.77 7.36 6.68 2.69 5.25 3.24 7.01 5.0 9.29 10.61 7.8 8.49 12.12 8.82 8.03 6.57 12.84 45.77
3.78 7.41 7.79 12.06 6.3 8.45 13.68 14.0 16.36 6.81 6.2 5.51 12.17 7.03 8.62 13.99 13.14 6.24 8.09 12.33 10.87 18.83 8.17 8.67 9.33 13.13 3.52 4.26 5.85 4.02 8.23 5.24 8.56 4.44 4.96 6.79 8.46 8.61 7.35 8.88 6.29 9.4 13.28 11.04 8.21 7.21 12.03 11.73 5.95 2.47 5.91 2.82 7.47 6.69 5.67 7.6 4.53 5.94 6.19 10.88 8.06 6.47 10.48 12.75
4.47 5.83 11.77 19.83 9.2 10.89 11.96 12.52 8.53 7.3 6.24 6.73 4.63 8.62 15.38 8.32 8.4 7.12 21.2 22.5 10.11 20.42 9.39 9.15 7.51 13.44 4.25 2.87 2.31 6.79 10.63 7.35 5.94 4.34 7.25 8.51 16.88 8.14 10.31 3.59 5.13 9.85 10.27 15.27 11.32 11.9 15.12 11.39 8.83 6.67 7.89 8.07 10.98 6.83 8.86 5.86 5.17 5.87 7.01 5.7 4.2 7.2 9.97 10.71
5.43 7.23 8.5 10.44 12.59 15.32 9.45 8.53 8.39 8.45 7.15 5.55 9.87 8.57 11.66 7.67 8.52 8.87 16.31 30.44 23.54 15.56 11.51 14.24 4.82 6.36 5.56 5.8 8.01 5.95 8.65 6.28 5.59 6.03 9.6 14.02 18.51 6.81 5.97 3.59 4.76 5.97 6.98 6.08 6.86 8.47 13.9 25.98 6.17 6.24 10.19 24.39 29.08 12.62 9.55 9.54 6.11 7.76 3.81 2.87 3.13 5.92 5.85 5.21
7.27 12.04 12.16 11.06 9.29 14.66 12.31 6.66 6.33 17.55 18.89 11.76 9.02 7.51 22.34 12.22 12.3 18.43 23.13 32.58 24.98 15.58 12.72 18.91 4.7 7.33 5.58 9.14 8.77 14.96 13.31 6.83 9.96 7.86 9.74 12.57 7.83 5.17 7.72 4.96 3.86 4.03 4.07 7.0 8.26 10.41 12.92 13.65 12.46 9.05 15.64 34.69 26.72 12.22 7.17 9.99 7.92 12.77 3.96 3.0 4.31 8.38 7.7 5.66
6.03 8.4 8.88 8.22 6.57 9.83 13.57 11.32 18.56 16.97 16.81 16.95 12.56 11.21 10.9 8.07 24.29 13.76 36.93 34.29 21.41 16.48 21.35 15.17 5.23 6.6 8.03 11.13 12.18 12.29 11.57 15.47 16.77 19.43 14.84 8.47 7.96 7.17 6.74 4.82 4.5 5.5 4.69 11.28 7.1 14.25 9.73 7.64 10.43 18.61 20.48 27.13 13.65 11.15 7.39 27.44 14.89 11.51 7.13 6.32 6.73 11.01 8.79 5.21
7.99 14.73 16.03 10.64 8.51 6.92 13.62 9.35 10.63 18.81 17.52 12.89 10.08 13.73 12.53 12.95 29.77 24.54 19.94 18.24 15.14 10.95 21.77 10.58 10.45 12.82 11.97 9.7 15.53 6.68 7.53 15.27 21.33 23.67 6.98 6.67 13.69 12.36 6.8 9.87 5.31 4.2 11.67 9.1 17.31 7.97 7.73 4.94 8.33 19.18 14.68 17.77 8.95 13.16 11.34 18.78 15.42 14.99 6.13 10.52 10.23 8.39 9.16 8.23
9.13 10.28 12.69 12.93 10.41 9.84 10.86 13.0 13.77 14.6 9.17 10.61 9.15 14.03 15.49 23.55 35.45 18.17 17.54 9.83 8.0 9.71 19.61 11.98 12.34 14.73 14.37 12.21 6.11 4.17 6.71 5.01 8.17 12.44 9.02 9.48 9.03 13.04 10.56 8.73 7.86 12.54 13.63 6.78 4.62 6.47 7.45 3.27 6.75 6.98 14.45 12.11 14.66 18.17 15.26 14.76 11.48 6.02 5.89 9.28 8.82 7.28 12.37 11.91
15.98 9.84 12.75 8.09 9.36 10.77 10.17 24.97 27.61 24.92 11.98 14.78 10.76 14.52 20.77 38.51 16.63 12.21 10.99 5.44 7.13 5.86 11.92 17.03 21.73 15.8 14.86 14.37 5.03 4.68 3.17 5.1 5.45 8.46 9.69 11.73 6.35 6.75 6.07 7.18 9.69 8.83 6.42 4.94 5.69 6.59 5.44 3.29 4.29 5.13 13.68 11.66 17.97 13.17 10.46 11.65 12.39 7.17 6.82 8.08 15.79 11.78 11.85 34.95
11.0 7.6 18.67 20.28 10.73 9.95 18.1 21.05 17.54 28.09 14.79 9.81 7.95 9.43 21.74 17.19 9.36 13.09 16.64 5.91 4.16 8.63 17.4 13.45 10.82 8.76 13.57 12.18 6.09 3.61 2.27 3.35 5.74 8.82 9.68 12.98 6.5 8.17 6.86 7.65 6.68 9.39 5.12 3.99 6.55 5.2 7.58 3.69 2.34 4.15 11.58 17.02 18.64 9.76 7.06 11.75 11.74 7.14 8.84 9.25 8.54 10.45 9.48 16.94
12.96 18.13 20.08 17.64 9.97 10.02 7.75 11.12 9.4 8.46 16.51 15.92 13.36 21.91 13.64 16.94 16.25 6.7 5.51 5.37 4.44 4.14 7.48 10.56 4.68 7.66 11.63 10.72 6.73 5.16 2.72 4.47 6.32 3.14 3.34 6.06 4.85 6.21 6.06 5.67 8.43 7.28 8.03 6.89 6.18 5.05 5.0 3.22 4.6 2.82 11.0 7.06 9.26 6.98 9.62 8.01 8.61 9.29 6.27 6.79 8.84 8.61 5.83 10.65
8.03 14.67 27.15 12.6 10.71 10.11 5.35 6.49 4.02 6.35 13.84 18.1 13.21 15.2 16.56 10.06 4.09 4.7 3.84 2.56 3.03 4.21 5.84 4.64 6.88 8.18 8.58 6.82 3.79 3.64 2.36 4.38 3.12 3.54 2.45 1.82 5.92 7.07 5.01 4.4 9.9 11.84 8.74 5.54 3.63 3.19 3.74 5.28 4.94 7.35 8.95 7.4 9.95 12.38 6.16 4.8 6.71 7.15 7.14 6.07 10.5 8.18 9.54 17.86
6.32 8.29 12.11 4.23 5.39 4.2 3.57 6.35 6.17 7.04 7.96 10.65 7.54 12.69 14.22 5.14 2.02 3.24 2.35 4.82 5.7 4.81 3.26 3.59 4.92 10.11 13.68 5.91 1.44 2.26 4.54 4.68 5.54 4.56 3.47 3.46 6.2 6.16 2.98 4.07 10.15 7.08 8.09 4.22 5.62 5.98 5.65 5.67 11.95 11.34 8.7 11.28 15.64 12.62 8.63 7.13 4.6 7.38 15.74 10.71 8.2 6.35 8.39 19.94
4.61 5.25 11.88 8.35 10.41 7.41 5.79 8.11 6.49 7.68 6.36 2.6 6.22 7.28 4.33 2.6 2.38 2.55 6.66 8.64 8.39 6.13 2.87 2.76 5.47 10.73 7.17 4.73 2.98 3.5 4.42 7.29 9.28 3.36 5.63 6.36 10.53 5.65 1.96 2.4 4.38 6.48 4.98 5.65 5.63 10.87 9.04 15.01 7.67 9.57 6.15 7.11 9.99 7.51 8.52 5.07 6.05 10.36 13.4 14.39 11.73 16.54 15.58 20.67
7.27 9.5 12.04 10.8 8.9 5.42 11.4 7.83 5.81 4.07 5.05 4.84 9.02 8.27 9.86 4.27 2.2 2.24 5.36 13.28 8.18 5.1 2.6 3.66 6.21 9.48 12.95 6.47 5.76 4.44 8.62 7.45 3.61 6.09 5.09 4.0 11.49 4.21 4.14 3.96 3.06 6.57 3.01 4.1 7.12 8.04 8.44 10.28 3.42 4.45 3.17 5.69 5.2 10.81 11.94 8.21 9.2 8.43 4.72 14.33 14.73 14.5 13.47 11.68
6.17 5.89 7.77 10.51 8.9 6.14 5.26 3.28 5.72 3.87 3.72 6.61 24.61 6.47 5.02 4.43 4.89 3.24 3.7 7.14 6.11 5.67 4.41 4.85 8.7 10.41 5.45 4.56 5.21 3.82 6.56 3.49 6.07 2.73 3.82 5.35 9.94 9.06 4.94 3.16 2.85 2.68 2.92 5.34 12.38 8.79 8.72 12.22 5.91 5.29 4.42 8.94 8.74 10.45 10.18 5.46 8.22 9.56 9.11 15.03 15.77 12.09 16.89 17.08
4.52 5.15 9.3 7.46 5.67 9.18 8.98 6.19 6.79 4.57 3.46 5.8 9.58 4.48 5.79 3.68 3.9 4.79 2.59 5.26 7.95 15.29 8.87 4.85 2.78 6.97 5.26 5.53 2.25 2.75 3.68 4.08 5.66 2.31 4.0 10.58 10.15 4.97 3.38 2.18 2.88 2.92 4.26 5.07 9.18 15.17 11.43 11.69 9.55 5.21 3.71 6.48 7.14 9.14 20.71 8.37 4.9 4.6 13.94 18.53 21.62 16.75 18.19 15.25
10.86 10.41 5.32 6.93 14.63 26.89 15.15 8.08 6.59 6.51 4.98 5.96 7.19 7.51 7.98 4.85 4.16 3.49 3.38 9.52 8.55 6.57 6.87 7.3 5.57 5.62 4.59 5.71 3.63 3.94 3.27 6.86 6.35 3.56 3.19 6.0 3.18 2.87 3.53 1.03 1.88 2.87 3.91 8.16 10.01 10.29 13.96 11.99 6.46 8.86 3.49 9.39 11.26 15.09 12.17 10.85 7.05 7.82 9.79 6.59 15.44 9.67 13.16 8.83
7.03 13.13 11.11 6.65 6.81 18.45 13.78 11.08 3.71 3.81 8.13 3.19 3.85 7.68 8.52 4.63 3.52 2.93 3.91 6.18 6.38 8.36 5.52 9.47 8.97 7.57 3.79 3.07 2.88 3.85 3.09 4.71 5.76 2.59 4.53 2.9 3.05 2.57 1.52 2.26 3.42 6.0 10.81 5.91 9.58 6.78 12.89 7.76 14.7 9.0 5.92 9.55 12.58 26.44 27.3 15.02 12.98 6.39 3.16 3.65 7.28 13.71 9.79 6.69
4.78 6.54 7.12 7.25 5.91 10.92 6.58 8.84 5.7 4.36 5.41 5.04 4.86 4.46 3.08 5.51 3.91 3.67 5.67 4.22 8.68 7.57 5.13 10.77 10.49 3.76 2.29 2.06 1.76 1.99 3.23 3.87 3.83 7.14 5.49 4.21 2.93 3.32 2.39 3.15 5.48 8.06 8.02 6.46 11.41 9.52 13.8 13.68 15.15 8.83 6.3 11.29 12.26 29.5 20.74 11.97 7.38 9.83 7.36 4.17 3.74 6.35 8.51 6.91
2.48 4.52 6.72 7.33 9.34 12.26 5.84 8.22 7.94 6.3 5.07 4.17 3.81 3.7 3.64 5.47 6.15 8.43 2.75 7.38 9.83 8.28 7.23 6.42 12.4 4.2 2.64 2.56 2.8 3.16 4.96 5.12 4.29 5.81 3.95 4.52 3.33 6.06 3.5 4.47 6.79 5.63 13.94 10.19 12.15 10.16 23.79 10.06 9.87 6.81 10.43 15.57 11.0 15.18 15.05 21.06 14.37 13.49 4.83 4.41 4.35 5.93 4.41 3.7
4.17 7.19 6.52 8.72 12.15 6.76 10.97 7.65 5.99 9.2 9.43 4.09 6.48 7.49 9.81 15.51 5.81 5.71 4.84 9.57 11.48 8.63 6.61 5.84 17.65 6.43 4.94 2.88 3.17 4.53 4.7 4.04 3.96 5.27 7.59 6.6 3.2 8.84 4.59 7.13 7.01 8.24 11.64 9.83 11.1 6.7 13.17 9.07 7.98 6.21 13.63 13.98 15.88 29.68 16.32 18.4 11.48 9.96 8.53 7.03 2.9 3.33 3.63 4.12
6.46 11.1 9.3 8.49 11.82 12.25 7.77 6.21 10.62 8.86 9.53 9.48 12.5 13.55 7.92 9.64 7.22 8.61 6.59 6.29 10.35 6.39 6.3 8.59 16.58 10.97 6.58 4.5 2.36 2.69 3.53 5.84 5.4 4.42 3.85 11.95 11.2 7.29 4.9 7.3 6.32 7.24 10.33 10.37 10.61 7.86 7.2 10.75 8.7 9.92 12.27 18.18 13.58 16.26 9.41 4.76 5.12 6.64 5.8 11.31 7.7 7.6 4.26 7.37
7.95 8.22 9.11 7.5 11.63 10.98 9.61 5.31 7.67 8.39 12.02 8.9 7.43 6.9 12.93 10.9 9.43 8.77 12.01 12.32 8.12 10.64 9.18 7.81 22.73 5.62 9.67 4.82 8.16 5.99 4.86 4.58 4.16 4.57 8.84 11.77 10.51 7.96 5.01 5.58 6.65 10.64 11.62 8.34 10.27 5.74 6.96 9.67 11.07 12.07 14.99 10.6 6.92 16.5 8.49 4.71 3.95 6.07 6.8 11.11 6.76 7.57 7.54 7.3
8.98 9.86 8.74 6.96 11.61 13.03 5.76 5.43 9.85 6.24 6.06 6.04 7.09 9.42 18.05 16.97 11.63 14.35 12.44 16.99 8.23 6.91 10.53 12.02 9.49 7.21 10.82 9.21 8.97 6.35 5.0 4.68 5.23 4.02 5.77 5.41 7.9 11.99 7.95 8.23 8.76 9.08 13.34 5.3 7.46 8.13 10.2 10.57 11.38 10.08 12.17 8.71 12.53 7.11 7.07 7.91 6.1 7.2 8.01 8.08 7.18 6.77 6.01 4.98
10.35 11.29 7.15 5.17 10.91 8.93 5.43 5.44 6.6 8.07 11.94 6.61 5.31 12.14 18.16 21.82 13.21 17.77 9.39 10.11 7.59 10.3 14.14 9.98 15.05 14.28 11.32 10.45 7.61 4.14 3.33 3.6 2.78 3.5 5.21 8.56 5.4 12.84 12.74 11.33 13.5 9.24 6.41 6.81 4.8 4.55 7.15 6.27 7.31 22.72 7.66 8.17 6.17 6.33 13.94 10.4 7.45 7.56 7.5 5.01 5.64 3.17 4.99 7.9
8.82 5.81 7.66 5.63 13.8 6.45 5.52 5.11 10.9 10.74 13.5 10.93 5.11 5.84 9.92 18.9 9.0 11.81 10.49 9.71 6.3 8.82 7.24 15.91 12.82 7.52 14.88 8.02 6.15 4.34 4.08 3.75 2.01 3.8 3.1 4.04 4.84 5.47 8.96 5.34 5.33 5.58 8.54 5.53 5.9 6.81 7.64 7.93 12.19 10.78 4.96 6.45 3.15 4.03 8.38 6.96 5.24 4.12 6.28 5.42 7.16 4.98 4.59 4.38
7.1 4.18 5.18 5.21 7.3 7.84 8.98 6.62 7.41 12.25 15.23 6.45 4.41 3.71 5.32 15.83 7.63 9.77 12.11 18.64 11.51 8.78 7.37 11.35 9.56 10.24 6.67 7.25 8.79 5.99 3.21 2.45 2.46 1.92 2.59 2.57 3.58 3.79 5.97 7.55 10.57 15.37 6.78 6.02 8.83 11.05 6.99 11.25 8.52 8.73 4.28 6.39 5.38 4.55 9.41 3.49 4.62 2.38 3.47 4.47 4.45 3.14 2.82 4.91
5.39 4.63 4.27 4.34 3.83 3.93 5.66 4.09 5.55 10.98 8.99 5.26 2.28 6.0 7.47 8.35 8.27 12.91 13.98 14.88 6.53 8.63 7.46 9.27 6.89 7.46 4.89 9.98 8.58 5.05 4.67 2.65 2.98 4.04 3.14 1.09 3.79 5.27 7.01 6.31 14.09 16.22 16.48 13.82 10.42 13.87 11.11 11.38 5.85 6.44 4.86 9.68 7.62 5.5 7.18 6.98 7.16 3.06 9.38 3.6 1.58 1.57 6.36 6.78
9.5 13.82 3.43 3.29 3.37 4.35 7.04 4.19 5.06 11.27 7.87 4.58 4.66 5.09 7.34 8.36 9.76 9.54 7.85 13.58 13.25 10.66 5.69 10.46 6.22 7.33 8.77 6.98 8.4 3.39 3.35 2.29 5.1 6.92 7.18 3.25 4.28 2.84 3.63 6.88 12.63 17.37 14.21 8.48 14.54 23.87 13.97 18.58 4.9 6.12 5.46 4.2 5.44 4.61 3.32 5.66 7.42 5.56 4.92 1.54 2.49 2.32 5.52 8.08
7.85 8.39 7.0 6.24 3.79 6.65 6.18 5.16 4.58 10.54 7.64 3.7 5.7 8.54 17.71 10.14 6.29 16.25 35.56 29.33 14.41 8.97 8.29 7.4 4.71 6.75 4.03 3.4 3.65 4.57 3.16 3.46 8.05 10.05 6.99 4.73 3.35 2.47 7.24 5.65 5.55 8.9 7.88 7.4 13.49 22.46 12.1 8.5 2.64 3.27 2.49 4.41 2.32 2.27 2.65 4.53 11.38 6.83 5.57 1.77 1.83 2.8 3.3 6.86
7.25 9.1 7.68 14.67 6.14 6.27 5.41 4.37 5.49 5.28 6.28 4.64 5.61 6.46 13.58 12.11 10.85 10.94 37.72 22.21 22.07 5.51 7.64 4.41 4.34 3.45 3.04 3.05 5.18 5.7 4.16 5.51 13.12 14.14 6.32 5.45 3.28 2.28 4.68 5.58 13.8 8.03 4.47 7.5 9.24 16.99 10.65 8.36 3.73 5.6 3.24 3.72 1.72 3.74 2.67 7.27 8.89 3.7 4.05 3.62 2.7 2.91 7.27 10.01
6.62 9.19 7.4 9.32 7.63 6.44 6.05 6.15 5.15 7.46 6.84 6.17 4.87 6.48 13.04 6.33 9.63 12.01 24.29 31.63 20.37 5.82 6.28 3.84 8.46 5.58 2.63 3.35 6.09 5.98 4.42 11.05 12.5 14.75 9.27 4.53 3.84 2.97 5.3 8.78 8.19 3.4 9.78 10.29 12.54 11.03 13.7 7.43 7.6 6.96 3.93 4.12 5.28 4.27 3.04 5.4 4.6 6.01 8.0 6.31 3.79 5.41 7.58 9.22
6.47 8.52 4.6 7.08 4.06 4.95 4.99 9.12 8.04 7.9 10.49 12.13 6.02 6.13 7.65 5.56 11.66 11.44 22.11 21.68 11.52 6.12 5.31 3.67 6.14 4.98 3.61 4.76 4.21 8.62 10.21 17.33 14.48 18.16 17.51 12.33 6.38 6.99 3.76 3.34 4.63 3.53 7.92 10.23 9.66 19.34 13.84 8.95 15.38 5.51 5.44 7.0 4.74 3.21 3.69 3.27 5.46 6.57 6.87 8.73 9.93 9.01 14.0 16.29
9.5 9.51 5.98 4.22 4.77 11.0 11.32 9.15 18.1 7.21 10.18 7.42 3.58 9.4 8.05 8.7 5.76 10.99 15.38 12.16 10.93 6.13 2.12 2.6 5.03 3.38 4.83 5.22 6.3 15.49 12.3 13.55 15.56 23.93 10.79 16.25 8.79 6.98 3.47 3.69 4.36 3.73 9.17 9.97 15.36 12.23 9.36 7.09 10.64 3.61 3.46 4.21 6.48 8.71 3.99 7.28 7.46 9.68 7.62 12.4 12.93 10.82 11.24 11.26
5.8 6.23 5.82 3.64 3.51 5.66 23.14 9.09 4.56 5.93 13.58 14.99 10.49 8.75 5.99 9.21 11.51 12.72 12.12 7.47 3.2 3.88 2.63 3.69 5.28 5.93 9.69 3.83 7.53 11.94 15.86 17.89 7.78 13.41 10.14 11.59 9.11 6.37 3.66 4.26 5.87 5.99 8.13 18.93 18.12 8.83 11.02 7.98 5.97 4.15 4.9 5.1 6.52 7.93 6.77 10.47 11.69 11.35 13.36 13.92 8.99 8.37 14.84 13.6
6.76 6.44 4.86 2.04 3.64 4.17 10.08 10.32 7.89 5.63 7.54 15.87 17.49 9.51 4.81 13.54 7.62 7.29 6.06 8.08 5.74 6.2 5.0 7.95 13.25 9.4 9.05 4.52 5.62 7.73 8.25 6.43 5.58 17.32 17.27 16.33 11.91 9.14 5.4 6.05 10.41 8.75 12.43 11.42 16.68 8.91 6.32 7.1 7.05 10.34 5.96 2.44 3.86 7.96 8.54 7.91 9.98 9.03 13.23 15.49 11.54 12.51 12.74 13.52
7.33 5.98 8.04 6.48 5.32 5.2 15.61 9.46 5.74 5.31 6.28 14.48 9.29 10.09 6.03 8.3 5.46 10.48 7.82 11.75 8.87 5.5 8.51 9.69 10.36 8.35 9.33 2.88 4.9 3.04 2.94 11.03 12.62 22.83 13.92 8.51 9.63 6.07 5.44 5.76 8.53 13.37 8.74 7.51 15.11 14.82 10.86 14.84 8.63 10.16 4.16 2.43 3.24 5.66 6.28 6.94 6.28 13.2 25.68 32.36 36.68 9.34 10.17 17.23
9.0 10.89 7.6 6.52 9.04 10.08 17.95 7.67 8.12 4.41 2.63 6.49 6.48 8.4 5.8 12.13 7.81 9.6 6.21 14.44 9.74 6.73 5.73 11.54 12.07 11.97 8.95 3.72 7.36 3.6 4.98 6.85 12.74 14.72 5.14 8.65 10.39 5.01 4.92 4.42 8.51 18.22 15.46 10.94 9.21 10.74 11.97 13.83 20.7 12.09 6.55 3.72 6.74 8.37 11.25 14.63 5.73 7.58 31.04 22.56 17.47 11.81 11.57 21.22
15.6 9.12 10.15 9.25 8.25 5.55 11.61 7.93 5.81 4.51 3.43 5.72 9.87 15.21 6.39 9.11 8.0 9.57 7.27 9.6 7.63 2.11 5.53 8.31 14.58 13.35 13.42 6.4 10.06 4.55 4.95 7.74 11.86 4.45 2.59 9.68 9.66 7.64 4.86 5.65 9.1 17.73 19.61 10.97 5.84 11.3 10.64 11.77 7.62 10.27 5.06 9.58 11.78 22.02 16.29 21.39 17.24 11.95 22.96 11.29 17.63 14.56 7.26 13.78
11.95 16.08 11.82 10.7 12.77 6.12 12.53 9.01 10.85 6.61 6.34 7.89 8.37 13.42 5.68 8.01 4.88 5.52 8.8 15.38 12.74 8.3 12.23 8.85 17.59 13.13 14.61 6.74 10.52 4.8 15.3 7.19 3.56 6.22 5.86 8.62 17.68 10.67 7.54 5.24 5.54 9.71 14.33 9.0 5.89 7.37 11.37 16.93 12.3 12.83 10.14 11.95 17.67 16.48 11.24 20.21 11.75 11.23 12.81 15.6 23.57 12.64 18.09 25.65
10.41 12.52 10.59 10.52 14.89 11.07 12.49 9.88 10.97 6.41 3.6 6.84 11.19 8.11 4.12 4.31 6.78 9.24 11.59 13.08 17.86 12.18 17.17 12.17 13.11 8.38 12.04 7.48 11.31 8.97 12.49 9.03 6.31 3.53 3.62 4.65 6.76 8.94 11.8 10.46 10.14 18.43 32.83 15.35 9.48 13.9 10.11 15.56 14.94 9.0 7.62 12.68 21.96 20.37 12.75 7.0 28.12 19.14 17.85 17.91 26.43 11.14 21.72 18.34
9.95 7.69 13.09 16.07 15.78 18.35 17.16 16.18 8.48 3.53 2.79 4.6 5.61 6.4 7.03 6.76 8.79 10.6 15.71 11.72 10.77 8.83 6.91 7.67 5.09 6.61 8.12 10.33 4.47 5.71 7.7 9.67 4.95 3.71 3.14 3.22 4.23 7.51 12.88 10.79 13.93 28.18 35.02 30.24 10.25 12.69 10.99 12.37 11.67 15.2 11.86 17.75 13.63 16.14 15.0 10.16 18.55 8.84 24.07 13.12 12.85 17.51 20.81 23.98
10.0 9.7 7.94 34.73 24.7 18.56 18.95 13.49 11.96 4.9 4.9 3.06 4.11 4.29 6.88 9.34 11.4 8.99 12.4 12.36 8.8 4.5 6.64 8.81 5.65 8.73 11.19 12.03 6.35 4.83 2.91 4.01 4.41 5.0 1.87 2.07 3.08 9.36 12.38 5.61 15.01 22.85 20.53 22.6 6.64 9.1 10.9 9.41 6.32 7.61 10.13 12.82 14.01 13.19 9.91 8.81 11.71 12.36 9.14 8.94 13.81 8.82 17.58 14.95
6.21 12.43 13.38 26.61 20.45 17.57 28.43 15.0 5.8 5.53 7.4 4.16 3.99 2.44 5.21 6.88 11.39 6.23 7.95 11.48 7.07 8.29 5.08 5.43 5.64 6.52 6.65 11.6 5.82 7.74 2.31 6.13 8.53 5.16 3.99 2.84 5.98 12.02 9.57 4.63 11.47 13.55 14.67 11.43 9.5 9.44 11.29 16.56 13.72 10.07 17.77 9.62 7.09 12.72 11.58 7.58 7.98 7.56 9.5 6.44 8.27 10.48 16.51 15.99
7.42 10.19 9.57 19.89 18.63 18.45 15.16 12.67 10.4 8.6 7.73 5.71 2.47 3.24 4.59 7.59 8.81 4.1 4.86 5.63 6.64 5.02 5.83 4.49 3.5 4.87 6.95 11.73 4.86 5.52 2.67 6.26 7.64 5.64 2.37 2.14 7.38 14.29 13.64 14.19 18.35 14.46 12.13 6.44 6.54 7.46 7.72 8.04 7.16 10.43 10.56 14.35 7.14 7.66 8.92 9.38 7.15 9.73 6.95 5.56 8.58 6.14 14.5 17.85
9.15 6.74 10.73 15.59 12.47 18.09 11.7 10.1 8.27 6.34 7.88 6.65 1.99 2.46 5.34 7.78 7.58 5.9 3.25 5.2 11.31 8.04 3.94 4.13 5.28 4.87 4.47 6.61 3.99 3.61 3.1 3.99 8.04 8.02 2.66 3.43 12.57 13.12 28.87 16.34 15.39 11.38 11.09 5.23 4.67 5.47 8.99 3.49 4.58 12.0 12.88 8.06 7.42 3.28 4.55 6.36 7.54 11.72 7.37 7.83 6.94 11.74 12.4 12.13
8.48 5.28 7.34 10.89 12.26 21.64 19.36 12.29 6.8 8.4 7.23 5.86 2.24 2.26 5.77 7.19 7.91 3.68 3.41 3.77 5.45 7.98 9.03 8.88 5.97 4.52 4.41 5.22 9.11 4.96 3.46 3.89 4.88 7.28 5.68 5.23 5.47 12.91 27.23 14.74 9.33 12.52 9.32 12.39 4.92 6.01 9.94 12.18 8.52 7.28 14.02 8.15 5.0 3.32 4.17 8.31 7.66 11.49 10.48 6.86 7.78 17.02 11.61 18.05
11.79 6.74 6.37 9.74 19.46 37.03 15.33 16.04 10.95 4.54 3.09 3.65 3.82 3.26 3.13 5.79 6.9 4.42 3.43 2.48 3.86 6.51 8.19 6.81 8.4 4.51 4.63 9.02 7.51 5.64 12.32 6.4 7.22 6.9 5.92 3.98 3.67 9.47 16.61 10.35 6.02 8.89 7.46 9.12 7.92 8.91 13.03 10.09 5.93 13.18 18.33 7.13 4.27 4.92 8.8 16.55 16.09 21.74 9.72 13.27 8.67 13.1 7.54 10.65
9.8 7.87 9.08 12.76 9.41 18.42 16.97 12.62 9.98 5.59 4.14 2.9 2.64 2.92 4.97 5.29 5.38 3.18 2.22 2.14 1.96 3.83 10.96 9.72 8.4 3.0 10.06 7.97 16.76 9.55 11.35 5.61 5.68 6.26 10.05 7.86 5.73 10.21 13.85 8.41 4.44 5.37 5.44 3.7 3.88 5.39 7.32 11.82 14.99 8.88 21.44 11.24 5.64 4.07 9.96 13.74 16.35 14.03 6.67 7.98 4.51 7.9 9.41 7.99
6.97 7.04 7.75 4.65 6.2 21.44 13.27 14.69 6.82 6.48 5.61 6.29 5.06 4.53 3.41 5.47 3.85 4.17 4.45 3.6 3.38 4.15 5.74 7.56 7.16 5.94 5.5 7.54 13.32 9.85 9.19 8.57 6.62 10.05 12.24 9.51 13.27 17.53 8.68 6.48 4.49 4.26 4.88 4.58 4.28 9.39 13.17 23.05 23.96 13.34 17.79 9.78 7.84 4.95 7.0 8.14 11.13 10.52 10.66 9.53 11.85 9.92 6.75 8.54
4.09 4.02 4.57 2.87 5.99 8.83 8.76 9.07 3.51 4.62 8.61 4.01 3.02 4.34 2.92 4.44 4.15 7.08 6.3 5.69 8.99 4.22 7.1 7.29 7.89 4.69 2.65 3.06 6.82 8.89 8.36 12.34 18.64 14.37 21.31 26.6 17.16 18.55 8.03 6.0 2.44 7.38 5.61 6.34 4.98 9.23 23.33 26.53 25.72 20.91 18.79 15.33 7.26 7.39 9.3 5.81 11.67 15.42 13.89 7.43 8.35 15.09 13.87 10.48
5.14 4.91 6.04 7.27 8.31 3.77 7.59 4.04 2.42 4.13 5.2 3.73 3.88 3.83 3.85 7.25 7.07 6.93 10.77 7.16 6.09 6.18 5.09 8.52 8.57 6.51 4.53 2.99 4.14 5.06 5.67 6.52 11.87 15.04 17.7 15.0 8.96 11.45 4.33 4.91 6.3 12.64 8.8 3.71 3.6 7.82 11.19 13.23 9.84 9.35 18.92 12.95 15.7 9.81 11.21 8.75 8.0 9.8 7.72 4.6 5.71 7.89 6.39 6.77
9.45 7.78 7.84 6.01 7.59 6.94 7.16 3.03 2.43 5.52 4.52 2.5 3.17 4.22 8.88 6.92 8.22 12.31 9.99 8.09 6.3 5.65 4.59 10.1 13.81 6.86 4.84 5.88 5.26 3.97 2.46 2.89 11.45 17.15 16.68 16.41 7.67 10.7 5.72 7.72 3.01 10.57 8.32 3.72 2.84 5.91 8.41 13.48 10.48 8.42 10.57 12.98 15.22 6.61 9.5 4.57 4.05 5.45 3.85 4.93 6.86 6.16 6.18 6.95
6.92 5.08 5.58 2.32 3.27 5.88 8.58 3.13 3.22 2.26 3.05 2.89 2.55 3.03 4.11 4.31 3.51 9.72 5.17 6.82 5.07 2.3 3.01 6.24 10.89 6.58 5.4 9.81 4.28 2.04 2.46 4.98 10.73 11.88 12.29 16.36 19.53 21.61 13.09 6.35 6.05 7.02 7.16 8.09 3.81 3.66 19.25 10.86 9.66 10.18 12.21 17.24 12.33 7.55 10.84 7.45 4.8 3.61 4.73 6.73 7.56 8.32 13.27 9.91
7.29 6.28 2.5 2.58 4.61 8.68 3.67 2.12 2.23 1.31 2.44 2.36 2.15 1.32 2.23 4.58 9.06 11.98 7.56 8.7 4.0 2.1 2.44 2.75 3.06 4.85 1.75 3.09 2.88 2.69 4.27 5.69 6.06 8.57 17.57 21.74 17.47 11.75 11.45 8.48 6.51 6.81 8.23 7.49 5.75 8.58 10.88 11.87 9.18 8.89 7.58 7.66 19.65 14.02 14.79 6.77 7.45 8.67 6.97 4.82 7.47 6.56 7.58 11.7
6.21 2.58 2.92 4.78 6.85 5.95 2.71 1.78 1.84 2.99 4.73 6.11 3.97 2.61 3.35 5.76 17.24 18.31 20.85 8.65 3.09 3.22 2.42 2.17 3.54 4.1 2.16 3.39 2.45 7.66 5.87 5.55 5.13 4.12 8.62 15.91 24.53 11.42 13.94 5.17 8.08 10.66 6.38 8.36 8.08 5.6 6.68 6.97 5.43 6.61 6.21 12.22 9.38 7.87 8.31 6.61 5.05 4.45 3.74 4.68 4.69 4.71 7.13 9.91
6.85 6.47 2.8 7.31 10.64 10.26 1.65 1.13 2.28 2.68 6.45 5.26 3.26 3.11 4.77 4.82 11.67 10.09 19.24 5.58 4.05 2.51 2.54 1.39 3.0 2.42 1.78 3.56 2.59 6.63 7.55 3.77 4.78 3.97 9.01 9.56 27.06 13.53 13.79 7.96 10.23 7.6 6.27 8.21 10.92 7.93 6.03 6.99 7.13 8.87 10.14 11.69 5.62 6.4 8.45 9.87 7.35 4.26 3.11 9.78 6.39 7.21 12.62 9.48
3.83 5.47 5.38 9.33 6.12 5.53 2.25 3.09 1.79 2.63 3.22 3.83 3.38 2.54 4.52 4.51 6.44 6.96 8.5 4.26 4.07 3.56 2.0 1.77 2.3 2.71 2.07 4.1 2.47 2.35 4.59 5.61 4.2 3.52 8.35 8.46 12.9 10.34 7.98 7.04 9.68 5.64 6.54 4.85 9.17 7.48 10.62 8.5 8.65 15.23 16.6 9.06 7.63 8.0 10.43 11.1 5.66 4.2 3.84 7.54 6.16 9.14 10.71 7.03
4.57 4.37 8.94 7.16 8.44 7.99 4.13 7.45 1.8 2.78 4.0 5.79 2.93 2.23 4.83 7.43 12.68 8.92 11.21 4.65 4.4 2.41 2.99 2.58 3.18 6.17 3.86 3.23 2.79 5.24 6.91 10.73 6.43 6.12 7.01 11.9 10.16 11.16 6.06 5.08 13.79 11.98 11.68 11.47 14.19 22.99 9.73 10.38 12.71 9.74 9.61 8.74 3.66 10.63 24.13 15.41 6.62 3.99 7.98 11.83 6.96 4.12 4.73 10.08
9.25 6.76 10.0 6.14 3.58 4.14 4.52 6.29 4.9 6.03 5.25 5.24 6.44 4.89 7.37 12.69 10.69 11.75 5.73 3.28 3.67 2.39 2.46 3.63 5.7 4.65 5.49 7.33 5.65 11.64 6.54 11.12 11.75 8.24 9.24 16.77 27.68 18.68 5.48 7.99 11.85 16.42 18.87 8.34 9.06 15.97 17.65 22.29 16.62 11.98 8.77 8.22 10.03 12.73 19.9 23.28 14.54 9.26 9.1 15.05 7.77 7.09 5.28 12.66
7.08 6.76 7.72 4.48 4.12 6.43 4.64 5.23 4.59 5.16 4.48 9.2 7.75 6.5 9.37 8.08 14.77 7.01 5.23 3.46 5.28 3.81 2.26 4.01 4.7 7.31 7.06 4.51 5.96 16.77 16.08 16.56 7.47 6.22 11.83 13.55 10.67 6.53 5.91 17.71 10.99 9.73 4.16 4.6 10.37 17.81 15.83 29.22 11.38 7.88 11.25 8.45 11.01 5.39 12.91 16.93 13.47 13.71 22.51 17.97 5.44 3.67 10.05 18.08
3.4 4.34 6.84 4.56 8.87 6.0 4.16 8.79 6.1 7.0 4.32 4.97 8.57 8.28 8.59 10.72 8.28 6.4 8.34 5.26 6.63 7.05 6.03 6.57 5.41 7.64 4.01 5.06 8.83 14.83 27.83 21.62 10.98 6.28 12.92 9.05 7.16 6.57 3.09 8.34 13.11 9.12 5.83 7.9 7.19 13.05 12.73 13.51 23.43 20.72 8.78 3.04 4.35 2.9 5.75 14.9 21.34 13.12 9.93 10.06 4.21 4.73 6.15 9.68
4.37 4.58 5.97 6.12 7.34 10.19 8.39 11.8 4.98 5.66 7.05 5.32 9.13 11.84 14.05 8.93 5.91 6.88 5.53 7.93 8.64 6.23 8.18 5.67 7.24 14.92 11.12 10.48 13.03 11.75 18.93 22.64 21.14 8.83 4.54 4.2 4.67 3.68 3.55 13.7 9.37 13.64 9.21 8.54 11.68 14.5 15.02 9.56 17.39 13.25 16.93 9.34 4.42 3.24 13.07 27.47 18.82 10.85 14.4 13.79 7.58 4.46 3.32 7.04
