6.94 3.97 4.57 8.32 10.9 7.42 7.32 28.63 39.61 24.24 13.87 14.17 14.66 9.91 5.57 4.95 8.92 10.2 5.7 7.0 2.86 5.26 5.84 4.85 7.96 6.86 3.11 2.01 3.93 6.71 7.36 7.51 10.03 21.15 31.96 24.96 24.81 23.62 40.04 28.42 44.2 9.97 11.71 7.0 10.65 11.12 8.13 5.83 8.41 14.93 4.86 7.2 4.9 4.94 10.15 7.1 7.63 7.45 9.43 4.33 1.68 1.65 2.54 3.21
5.08 3.33 5.57 9.41 6.97 9.16 13.35 30.29 50.87 37.56 23.81 17.82 11.15 3.24 3.23 6.35 7.66 6.7 4.73 9.2 3.05 6.36 6.76 3.63 5.71 6.02 4.27 4.01 2.61 2.72 6.7 11.7 10.67 26.5 32.55 17.48 13.72 23.45 35.16 32.31 25.66 14.11 14.69 13.9 16.17 16.49 7.51 12.11 13.34 5.82 6.25 4.67 5.68 6.4 8.34 3.23 5.75 11.62 6.5 5.69 2.15 1.83 2.18 3.7
2.81 2.9 4.91 6.83 8.15 13.17 19.8 23.05 60.84 22.46 14.15 16.79 9.03 4.95 3.41 4.04 5.2 8.24 3.72 4.12 4.33 5.46 10.01 7.54 8.39 4.08 5.28 5.69 4.69 3.37 5.25 14.09 9.8 31.82 31.34 16.16 22.62 14.75 17.83 20.23 14.21 10.12 21.38 26.23 7.74 18.54 12.99 8.4 7.65 4.68 4.67 5.71 8.49 3.29 4.17 4.62 5.53 5.19 8.91 5.13 2.4 4.38 5.13 2.04
4.72 3.25 3.29 11.6 4.25 6.82 15.14 15.39 13.8 14.35 12.75 9.4 8.74 8.2 6.1 7.12 5.17 5.22 5.28 12.79 9.68 5.44 14.57 6.87 7.63 6.53 6.03 4.33 5.1 7.43 6.55 21.18 17.3 12.91 24.37 15.55 14.72 11.65 16.11 8.46 5.44 17.99 15.34 16.86 10.4 13.04 3.82 9.77 14.54 4.77 4.64 5.66 5.63 3.67 3.76 2.3 3.67 6.51 3.41 5.63 6.6 4.92 3.31 5.46
3.1 2.13 5.33 2.97 4.9 9.98 10.96 8.18 22.53 8.48 2.21 9.71 9.05 4.95 5.71 7.75 6.43 7.31 11.09 7.82 7.24 7.47 8.04 5.27 7.96 4.3 4.74 5.6 7.87 5.51 8.25 19.49 12.0 12.61 28.25 8.46 7.2 10.39 12.07 10.01 10.39 14.97 15.92 19.48 5.21 6.16 7.54 6.97 7.02 9.14 8.93 8.46 9.03 5.11 2.54 3.56 2.98 3.95 3.04 5.09 5.07 5.0 7.41 7.52
2.46 3.11 4.72 5.8 6.2 12.1 6.0 6.23 6.66 2.97 2.42 8.04 3.67 3.12 4.51 9.56 6.21 7.11 11.64 4.67 8.79 4.86 6.15 7.69 4.47 4.16 4.78 9.02 6.76 16.7 7.54 7.99 13.96 12.1 15.68 7.85 6.0 7.72 7.46 13.37 18.11 12.65 15.23 15.48 8.11 5.81 5.22 4.16 10.62 9.24 6.29 8.51 9.08 6.02 3.55 5.55 3.34 7.61 4.98 7.58 5.06 13.14 11.55 12.73
3.61 3.93 6.39 9.22 12.1 7.18 6.86 6.47 3.62 1.29 2.12 4.44 3.83 2.45 3.75 12.27 10.92 3.62 11.12 5.58 7.86 5.63 5.25 6.01 4.48 6.35 8.89 5.03 4.03 15.04 10.07 9.68 9.9 6.07 13.24 9.02 6.02 4.19 5.15 5.47 7.6 24.78 20.02 15.65 8.35 7.44 6.48 5.05 6.09 4.89 5.95 6.07 5.72 8.47 6.44 3.69 3.06 5.88 8.96 6.31 11.97 6.7 7.31 13.6
2.95 4.86 4.75 9.09 7.41 11.89 10.58 11.26 2.15 0.92 2.19 4.81 7.15 2.99 7.82 12.83 11.98 6.2 9.86 4.36 5.11 15.88 5.72 6.58 7.91 12.83 4.82 8.6 7.49 10.36 13.91 18.01 20.39 9.64 12.64 5.21 4.54 3.53 3.94 5.99 9.43 26.74 13.56 15.81 9.9 6.19 3.64 8.61 3.45 6.14 7.55 6.3 6.41 9.48 5.58 2.67 4.23 7.21 10.15 8.46 10.24 5.43 5.6 6.04
6.58 4.15 7.1 10.03 10.71 6.94 8.96 13.48 6.21 2.24 2.87 6.55 9.21 8.03 8.92 6.51 3.37 6.36 15.55 4.69 7.05 15.47 13.08 7.14 10.56 7.89 8.89 12.53 8.72 7.58 25.91 27.67 18.58 15.68 5.8 2.94 2.65 2.9 4.79 7.13 6.72 18.53 24.9 15.27 4.6 3.82 6.75 6.59 7.81 12.62 6.75 5.19 6.88 6.85 2.78 3.51 3.56 6.41 9.26 9.25 5.07 2.79 2.8 4.25
9.52 10.04 8.94 7.85 15.08 10.51 9.49 23.77 8.88 6.78 5.32 7.33 7.6 9.99 7.34 2.67 4.35 6.77 3.03 6.51 8.66 9.79 5.52 13.07 8.97 5.11 8.26 13.6 11.47 9.88 12.21 17.72 23.65 9.88 4.02 7.9 2.35 2.09 4.76 7.12 6.11 18.88 16.23 8.19 3.74 3.06 5.71 8.04 7.2 17.73 10.32 6.68 6.44 6.57 4.11 4.67 5.98 6.53 6.61 4.3 2.16 3.14 2.14 3.93
14.14 8.27 10.83 7.58 16.93 11.84 21.53 7.85 9.96 12.13 9.39 5.24 5.27 7.56 5.23 3.88 4.06 2.99 2.98 4.14 6.8 12.21 8.87 8.8 4.69 5.29 11.7 8.13 14.65 6.84 16.74 12.36 15.53 11.02 9.85 14.5 2.19 4.22 5.02 5.18 6.31 11.15 5.36 2.97 3.87 2.85 7.23 13.47 12.11 19.52 23.03 7.8 6.7 4.67 6.55 5.61 10.0 5.14 4.66 4.99 2.58 2.69 1.79 7.14
4.68 5.88 7.31 9.98 16.9 10.48 12.76 10.99 17.1 13.83 6.75 5.57 10.76 6.02 4.43 4.84 3.65 3.15 2.97 5.12 8.15 9.17 4.4 10.57 5.44 4.74 8.3 12.19 7.53 6.49 15.45 13.97 10.27 11.63 10.48 7.07 2.42 3.96 1.92 3.69 7.62 14.39 4.5 5.59 4.75 7.44 16.31 13.54 13.39 32.89 12.62 6.87 11.54 13.11 6.46 5.09 8.74 4.63 8.48 5.86 2.64 3.58 3.03 4.33
4.92 7.16 5.21 6.26 11.77 9.63 11.02 14.98 7.09 12.57 6.19 6.6 7.84 7.54 4.52 3.18 4.58 3.14 5.59 4.34 12.26 8.86 7.35 5.33 4.97 5.48 16.04 6.07 5.2 13.41 14.71 11.14 11.13 14.94 5.57 8.78 2.65 2.09 3.2 3.92 12.16 7.82 6.55 3.94 12.01 12.89 17.61 15.59 15.26 24.88 12.36 5.91 7.02 10.21 7.27 7.23 5.17 7.96 8.94 14.15 10.76 5.2 6.96 4.02
5.32 7.92 4.67 9.88 14.0 7.64 5.5 10.44 6.82 4.42 5.17 5.67 8.31 8.4 4.92 4.24 2.57 3.3 5.1 15.08 8.84 8.95 7.1 6.78 4.14 7.08 9.24 7.7 8.9 21.68 15.87 10.55 13.06 7.65 6.18 7.58 3.85 2.54 3.26 3.74 7.26 8.46 4.78 6.57 9.24 23.09 22.2 29.76 13.59 13.63 10.05 5.8 11.45 12.9 9.06 7.43 6.75 9.65 18.9 15.41 8.25 8.23 3.91 2.78
4.83 4.58 6.88 13.35 11.37 13.12 13.6 5.53 7.97 4.37 6.48 4.68 11.09 8.68 5.47 7.1 2.67 4.18 9.37 15.4 5.54 7.33 6.45 5.85 6.73 9.79 8.89 7.19 18.07 28.17 15.41 9.68 9.57 5.01 9.64 13.2 7.9 3.21 6.12 5.47 6.51 4.47 4.19 9.37 12.68 12.21 14.81 18.1 13.39 8.69 20.73 8.65 19.09 23.34 13.2 9.2 12.63 15.19 15.12 14.16 8.22 3.36 3.84 2.96
4.82 5.0 5.15 10.91 19.93 15.85 9.13 6.83 10.71 4.48 6.96 4.38 5.51 4.06 5.66 4.92 3.02 4.02 6.88 15.77 5.5 7.03 3.54 6.29 6.95 8.88 6.37 10.42 10.43 21.16 14.03 8.79 7.96 8.43 12.69 10.22 12.92 11.0 8.52 5.92 3.7 4.8 6.5 16.28 9.34 11.51 9.27 10.74 8.43 15.47 17.3 8.56 16.31 20.05 12.75 14.33 34.3 15.86 12.51 13.86 6.12 4.71 6.67 2.01
9.3 17.65 5.52 10.84 14.85 18.54 11.12 13.54 11.34 5.41 7.67 3.64 6.47 7.29 4.41 4.09 5.93 4.68 5.71 6.49 8.04 3.15 5.12 5.54 5.47 5.96 4.64 10.47 5.59 9.76 8.5 8.17 7.07 4.42 12.55 15.57 21.53 6.96 5.81 9.25 5.43 6.37 12.62 7.82 7.76 12.13 7.4 5.4 15.83 10.01 10.65 19.09 18.0 18.02 14.98 14.85 22.59 18.25 10.03 7.82 15.58 6.79 7.05 1.84
8.07 11.71 9.04 16.87 19.86 9.2 11.08 11.01 10.62 11.03 5.46 4.66 10.48 11.55 5.41 6.26 4.18 4.38 3.46 3.42 3.75 4.6 6.68 5.21 6.54 3.74 3.53 6.39 11.67 5.64 5.34 8.6 6.34 3.02 7.22 6.24 12.52 14.34 7.15 8.57 6.66 8.11 3.33 4.75 4.24 6.77 5.69 7.3 18.64 6.05 10.64 7.57 5.09 14.74 9.56 8.99 14.16 17.24 4.75 9.78 12.34 6.61 7.56 3.61
5.7 9.75 7.61 12.84 16.79 10.67 10.15 11.78 12.12 8.29 4.93 6.2 9.6 9.68 7.48 8.86 3.01 2.62 3.22 2.89 3.61 3.68 7.22 7.82 8.85 4.3 4.37 6.28 10.6 11.8 9.17 7.67 3.13 1.96 3.02 4.07 7.89 6.86 5.96 11.0 16.08 3.62 3.99 4.16 10.97 4.59 9.56 9.21 15.74 9.13 4.88 4.47 8.16 14.11 6.26 14.35 9.49 10.04 5.08 8.5 5.57 3.2 6.85 2.5
3.89 4.35 2.78 8.84 13.16 12.01 8.72 24.01 13.45 11.92 6.38 7.34 12.32 11.64 9.94 4.96 5.07 3.4 3.24 2.16 3.55 4.18 8.06 13.37 7.08 4.62 6.54 8.26 6.16 14.23 8.97 3.51 2.39 3.89 3.48 5.64 10.31 4.07 5.97 12.45 13.05 9.01 6.51 3.85 10.27 7.73 9.74 5.48 11.97 5.93 3.95 6.34 7.08 17.17 8.7 12.99 7.83 10.51 6.15 2.96 3.73 2.67 1.95 1.99
3.11 2.6 3.86 8.92 10.38 10.83 11.74 13.79 10.77 11.5 9.2 8.2 13.48 8.7 7.76 6.28 6.09 2.98 3.97 3.5 3.26 4.39 5.68 7.28 4.7 3.43 5.3 8.06 7.61 9.9 10.52 6.57 3.84 5.53 7.11 7.31 5.69 4.63 6.73 12.3 15.17 6.56 7.65 6.97 13.11 5.89 9.73 10.09 11.0 10.33 4.64 3.36 6.02 14.27 15.35 11.37 7.62 5.68 4.56 2.63 3.53 1.7 1.91 1.75
2.21 2.24 5.93 15.83 12.4 10.15 7.83 10.33 13.64 16.83 9.37 6.96 16.17 26.24 8.86 4.47 7.45 5.66 5.86 3.32 3.48 2.97 6.32 7.79 5.68 2.43 5.83 5.62 6.21 8.43 9.06 5.99 7.17 10.41 5.07 5.11 4.26 7.27 13.24 13.84 9.41 10.42 16.5 7.82 14.13 10.28 11.69 23.93 14.96 11.07 7.84 6.81 6.79 17.13 13.54 13.23 11.36 6.37 4.29 4.32 4.29 3.15 4.36 5.69
2.56 2.35 18.66 14.87 11.32 7.75 6.3 10.32 14.88 15.0 13.71 12.17 12.07 11.56 5.25 4.69 6.76 6.7 5.06 4.46 4.16 4.35 9.03 8.46 4.16 1.76 4.07 4.3 5.61 4.67 10.19 9.08 5.74 8.98 3.78 2.9 6.37 8.92 16.04 25.7 14.86 7.21 22.92 9.74 8.12 11.32 15.18 25.93 17.64 17.52 4.79 6.53 8.42 12.07 7.2 13.66 11.94 8.36 11.69 5.11 4.17 6.94 6.88 6.62
4.11 5.4 7.68 7.05 6.2 4.03 4.47 8.31 27.52 23.19 10.15 14.07 17.42 8.65 4.26 3.82 5.62 4.65 3.57 4.3 3.69 5.73 8.44 9.57 4.19 3.4 7.85 3.49 9.58 7.46 10.88 4.86 3.32 5.17 2.57 4.15 5.45 9.26 18.29 15.16 11.04 9.58 12.38 5.78 10.37 13.95 8.05 23.14 18.12 7.6 6.48 5.12 8.74 11.59 19.94 7.02 17.48 18.82 9.56 10.98 3.52 7.0 3.95 14.29
4.77 3.27 5.4 1.74 5.46 2.74 4.85 8.87 33.46 29.78 9.99 9.69 16.73 13.93 4.38 5.25 4.32 3.55 3.36 7.2 3.87 5.04 14.65 6.71 5.45 4.71 14.09 7.03 16.16 9.09 9.24 4.57 3.79 4.38 3.54 4.92 4.48 8.75 9.32 17.31 6.22 5.38 7.35 7.4 11.86 10.74 6.82 4.57 5.57 9.04 4.58 3.31 8.63 7.46 20.27 7.4 16.9 20.61 12.12 6.99 3.45 11.74 4.45 11.14
2.65 2.74 4.58 3.03 3.59 4.53 4.89 9.84 19.91 25.35 9.07 10.71 11.75 10.43 8.32 4.08 5.24 4.14 4.45 3.07 11.52 12.82 15.88 8.63 4.71 13.5 20.87 11.93 10.66 16.2 10.11 6.08 7.7 6.1 2.71 5.84 5.48 3.7 12.03 9.97 9.48 5.77 4.36 6.52 11.24 7.44 2.72 5.46 5.35 6.23 7.11 4.87 4.2 8.57 15.21 8.64 14.69 17.34 14.17 10.45 6.0 4.46 9.18 11.84
1.84 2.21 2.44 2.39 3.92 4.89 6.15 6.72 10.75 10.54 9.1 13.11 8.4 7.04 6.8 5.66 3.19 4.35 6.91 3.67 9.74 13.41 21.33 7.87 8.56 8.59 9.02 8.87 9.53 12.05 7.21 6.83 7.41 10.14 8.41 3.29 3.33 4.66 7.33 6.07 9.21 8.35 4.34 9.77 7.43 7.14 5.53 5.21 4.74 9.55 5.13 5.34 12.48 9.69 9.19 14.45 23.1 19.37 11.48 7.38 5.12 8.49 8.12 6.27
4.26 4.06 3.02 3.62 4.03 3.99 5.94 8.66 10.26 7.6 7.97 5.99 6.74 7.48 4.04 2.78 2.49 6.87 5.4 8.21 12.54 6.12 4.13 6.17 5.15 7.42 7.89 6.14 6.71 14.71 8.53 5.74 9.87 5.7 7.2 7.66 4.4 2.92 13.55 6.84 3.36 10.43 5.84 7.3 9.58 9.34 5.52 10.77 12.14 5.09 10.19 8.19 7.15 11.79 10.3 6.08 9.42 17.1 7.18 4.51 6.61 6.8 6.36 10.58
6.8 3.96 6.43 3.46 4.86 4.82 9.64 7.95 13.27 11.91 4.94 3.9 5.89 3.87 4.01 4.53 5.27 5.87 9.25 10.64 8.37 4.61 3.15 4.31 7.67 9.73 4.79 6.77 10.13 8.12 10.88 11.33 6.08 7.47 8.59 3.25 4.35 5.41 4.99 3.98 4.06 6.68 6.37 10.09 9.24 9.53 8.58 11.07 10.04 7.9 8.11 4.83 7.03 13.35 6.15 4.08 11.65 11.68 8.48 6.26 5.98 5.02 6.81 8.79
3.35 5.72 3.91 3.76 3.49 8.26 8.97 7.99 16.73 8.28 7.96 7.06 6.46 1.98 5.22 5.39 13.38 15.88 7.47 6.42 9.6 4.45 3.12 13.74 4.55 6.97 3.33 10.77 6.1 9.24 13.54 8.95 8.42 4.87 9.13 3.3 4.79 4.49 5.81 7.46 8.3 10.3 9.17 10.91 7.18 12.77 6.87 12.59 4.6 9.39 9.58 7.47 5.12 6.95 9.59 4.9 15.9 7.99 8.17 3.86 6.5 4.94 7.32 6.73
7.57 4.12 4.98 6.2 6.16 4.06 7.14 10.08 12.9 21.77 17.28 14.53 7.58 4.46 4.58 8.42 20.55 12.55 9.3 8.78 8.25 5.53 9.24 6.57 4.76 6.58 6.87 4.99 7.06 10.12 16.56 13.98 11.75 8.04 6.65 6.56 6.01 6.97 3.25 6.91 11.38 13.14 8.67 8.77 11.65 10.94 11.3 8.98 13.38 9.55 12.82 10.01 3.79 5.3 7.18 6.52 8.88 9.07 6.72 6.37 11.77 3.64 2.81 8.84
8.52 5.29 6.93 4.85 3.86 5.39 5.94 8.58 17.3 21.57 17.88 28.73 6.58 4.81 4.89 12.49 10.61 15.26 10.62 8.5 9.89 8.09 9.42 7.02 3.83 3.7 6.76 5.66 4.74 9.92 29.52 12.43 6.77 6.81 8.55 10.12 8.57 9.69 4.27 8.39 13.9 9.23 7.98 7.83 6.62 10.05 11.76 7.47 12.89 15.46 15.93 6.5 3.67 6.23 5.47 5.39 8.12 6.54 4.65 6.4 5.94 2.06 2.21 3.6
10.4 14.12 6.08 8.0 6.14 3.34 3.43 12.08 16.95 35.18 24.25 11.45 9.14 8.02 4.27 5.39 9.97 14.57 11.25 8.04 6.07 11.47 10.07 3.61 3.68 3.62 4.61 8.36 8.64 14.72 10.11 12.43 5.06 4.81 9.1 10.98 34.36 17.81 6.94 9.46 13.84 6.57 7.7 5.19 5.7 7.56 23.15 9.77 13.59 13.98 14.49 10.42 3.75 4.79 6.51 6.05 4.85 6.35 3.81 3.02 4.53 2.06 2.87 4.84
7.35 6.8 7.29 4.77 2.86 4.17 4.23 11.33 15.29 25.56 20.1 7.13 8.88 5.81 10.54 7.58 7.77 16.57 12.12 6.6 3.07 8.01 6.67 5.07 3.71 6.88 6.16 12.35 7.11 7.88 11.01 7.02 4.87 9.47 9.96 10.94 15.96 10.25 4.71 6.05 9.8 9.84 6.91 6.33 5.91 8.16 13.83 8.39 6.19 10.52 11.9 9.71 13.66 5.84 5.68 4.67 5.95 5.29 6.41 4.2 3.84 2.39 3.14 4.77
9.0 5.72 3.4 4.67 3.51 4.71 5.47 7.02 7.99 13.36 10.8 11.48 6.86 10.99 11.64 7.96 11.32 11.8 9.59 7.93 4.6 2.31 6.16 7.09 4.5 4.34 6.51 10.69 7.24 8.65 7.08 5.16 6.05 16.34 7.35 12.22 7.78 5.29 9.08 10.18 6.55 5.93 10.48 5.2 9.04 8.98 13.97 7.12 9.41 12.49 9.37 10.3 12.36 7.65 4.28 3.26 2.59 4.61 6.17 3.54 3.38 2.78 2.48 4.38
7.92 3.76 5.13 8.78 2.67 3.7 5.37 5.3 8.61 12.85 8.51 10.63 13.5 8.71 8.43 5.2 6.82 11.19 18.15 14.69 5.86 5.32 7.04 5.14 3.74 4.12 6.28 13.39 13.55 11.04 15.0 9.96 7.12 8.47 15.41 10.6 10.13 11.69 7.85 4.78 6.58 6.29 3.45 6.18 8.09 9.91 18.1 13.03 5.27 14.93 10.65 7.96 11.68 8.97 4.74 3.18 4.75 2.85 4.65 3.44 4.16 5.1 3.44 3.94
4.64 4.83 3.37 5.98 3.24 3.08 2.32 3.4 11.39 10.46 6.86 9.01 8.08 5.42 9.78 9.55 8.09 12.91 15.14 19.69 9.87 14.12 4.73 8.81 5.0 5.51 14.98 16.95 15.26 14.84 33.83 12.51 10.26 10.45 13.82 15.21 18.14 10.04 13.66 10.61 6.22 3.71 5.13 6.53 6.37 10.15 10.87 12.43 12.22 12.6 9.91 7.18 8.39 8.16 8.78 5.41 4.03 5.41 4.34 2.93 3.63 4.55 3.92 7.03
8.77 3.77 3.01 5.47 4.81 2.62 2.18 3.74 8.31 9.99 10.47 6.25 5.64 5.37 5.22 6.8 7.63 21.3 12.45 13.36 9.56 8.45 11.35 11.77 6.63 4.83 9.91 9.79 14.19 19.58 18.68 13.02 19.17 15.89 16.85 14.14 21.39 18.11 11.63 15.88 7.13 3.42 3.4 6.33 7.64 10.2 19.12 12.42 22.29 10.51 10.1 5.76 10.9 5.42 10.56 8.31 3.86 3.93 2.82 5.51 2.59 7.78 5.41 9.07
10.59 3.9 2.14 7.2 4.08 2.49 2.94 4.34 4.69 6.07 4.29 5.68 6.39 3.91 4.23 8.54 8.18 18.03 23.86 11.07 3.97 5.93 10.76 16.8 12.34 6.17 6.6 4.45 5.77 19.65 20.46 19.6 10.38 14.91 23.23 21.03 15.71 16.0 13.58 7.83 7.24 4.36 4.96 11.51 9.82 9.69 12.71 10.15 11.06 4.9 5.43 5.24 13.25 11.62 8.25 4.99 3.22 4.53 3.51 6.01 7.94 6.34 13.56 12.37
10.09 5.9 2.32 4.4 3.45 7.03 4.86 4.47 4.88 4.03 4.22 4.33 6.86 3.4 4.64 6.8 9.5 11.91 16.27 7.61 8.53 8.55 11.74 24.17 18.25 4.3 3.05 3.78 4.46 13.08 24.52 17.74 18.29 13.39 18.32 16.14 14.65 19.85 24.9 9.72 6.3 4.52 4.67 17.97 20.44 12.26 7.68 7.16 8.86 7.37 5.24 2.74 6.08 8.36 3.73 2.67 3.16 4.47 3.6 3.07 4.95 11.68 11.13 7.05
5.62 5.04 2.43 5.61 4.28 6.85 10.35 5.84 4.59 3.82 3.98 3.29 2.35 5.84 5.05 5.24 4.35 7.12 9.44 11.63 17.44 10.8 10.74 25.95 18.07 3.83 3.55 3.63 4.94 34.4 29.04 15.2 18.0 19.51 11.69 16.18 17.46 12.98 16.53 13.1 3.03 3.03 4.22 11.35 24.31 16.05 9.28 4.46 9.55 9.06 4.04 2.42 2.91 6.91 1.91 5.49 2.81 7.22 5.88 3.66 5.06 12.95 17.31 5.28
6.15 2.87 2.61 6.7 6.73 6.57 9.16 10.38 3.97 5.77 3.01 3.42 5.59 3.63 3.53 4.71 9.03 7.02 12.23 13.74 19.01 12.31 15.45 21.16 23.22 8.62 7.54 5.36 7.67 23.02 19.58 18.18 14.39 18.26 23.31 29.71 19.42 11.34 13.69 3.98 4.29 4.68 4.05 7.05 30.03 11.1 9.99 7.13 7.66 9.16 5.86 3.43 3.47 7.92 2.72 3.95 3.65 7.39 4.55 4.98 4.39 7.49 16.41 13.44
3.83 3.48 4.82 5.66 7.56 9.05 12.08 8.64 11.0 5.24 3.76 5.56 8.51 3.26 3.84 6.98 6.47 12.62 14.24 10.16 9.29 12.67 10.48 23.61 12.55 9.34 9.97 11.78 10.01 11.0 21.48 15.23 19.28 28.84 25.67 31.75 11.4 9.6 10.85 4.83 3.74 5.32 6.52 10.28 10.79 10.15 7.44 14.79 8.69 10.54 4.65 2.93 6.69 9.35 3.76 3.39 6.06 6.36 5.66 4.73 5.13 9.34 17.63 17.38
3.7 3.79 3.77 10.0 17.12 5.14 7.2 13.7 9.47 3.69 2.59 4.21 8.23 3.77 5.53 4.27 10.01 11.67 9.21 10.55 13.43 10.42 12.21 23.31 10.48 7.59 17.57 9.4 11.98 16.26 26.7 15.25 13.88 26.04 25.44 29.71 12.25 4.91 8.82 9.62 6.65 7.13 7.64 6.34 8.8 13.75 10.16 9.76 10.17 10.23 4.74 4.03 5.4 9.78 12.14 6.95 6.72 4.99 10.99 11.8 8.9 14.1 24.32 22.91
8.42 3.29 3.9 8.57 13.2 5.27 8.65 5.84 3.56 9.84 3.07 3.7 3.58 3.82 2.13 7.5 10.33 11.59 13.47 11.9 11.15 12.5 16.16 9.51 12.02 9.2 13.51 8.65 15.02 11.35 23.62 18.82 5.2 13.58 11.29 34.9 6.86 7.99 6.95 9.95 11.32 5.72 5.59 4.99 9.54 10.99 8.11 13.58 11.23 15.36 8.5 7.49 6.21 10.22 10.21 8.48 5.04 5.94 4.89 16.49 13.07 8.96 11.62 15.91
8.25 3.19 4.27 8.11 10.11 5.27 6.02 5.87 2.58 4.44 5.13 3.1 1.82 2.9 2.52 7.01 15.22 14.29 10.23 9.55 8.35 7.78 12.59 7.36 9.16 9.63 10.85 10.82 8.69 9.97 17.93 13.27 9.43 7.06 7.78 14.65 8.08 5.65 6.94 4.27 4.23 5.14 3.48 4.84 11.52 6.4 4.63 10.42 13.33 9.88 13.68 15.58 7.22 7.76 13.0 7.41 5.19 4.54 8.77 11.36 12.84 11.82 12.5 18.71
9.12 3.19 9.14 6.42 6.4 3.89 7.01 3.88 4.47 2.9 3.44 3.95 3.7 4.86 2.39 12.32 12.24 12.72 8.19 10.65 3.65 6.02 8.82 5.06 10.74 7.87 12.01 22.87 8.61 5.44 19.18 14.73 4.85 4.83 5.83 9.98 7.51 7.04 2.07 4.16 4.35 4.55 3.22 7.52 7.56 10.31 7.83 7.52 9.06 10.12 11.29 12.46 18.92 8.17 8.95 12.86 7.68 5.27 4.85 10.57 7.04 14.17 12.25 18.48
5.7 3.78 5.25 4.4 5.22 5.69 6.88 7.49 6.29 2.67 6.14 3.34 3.16 6.6 5.95 7.36 15.9 6.62 3.58 5.78 4.39 3.21 5.53 5.74 5.42 10.1 14.14 18.5 5.05 7.39 12.78 14.46 7.24 5.71 6.56 12.28 4.81 3.04 4.47 3.71 3.88 3.65 6.7 8.77 8.63 9.0 5.95 9.25 8.73 13.13 13.91 12.83 10.29 13.07 16.24 7.05 9.04 7.68 13.37 9.44 8.43 19.03 20.8 13.22
5.84 3.45 6.12 8.85 4.78 4.3 6.04 13.4 6.13 2.72 2.0 2.31 5.6 12.62 5.86 6.61 11.54 2.81 5.07 4.58 1.58 2.86 12.66 3.52 3.67 7.2 4.41 15.1 9.23 6.28 9.69 16.57 9.01 6.63 6.87 5.72 3.1 3.77 2.42 5.02 6.49 6.23 6.21 6.0 8.39 10.5 5.71 7.22 5.5 13.14 15.65 22.94 7.15 10.86 8.75 6.64 15.75 16.86 15.9 7.08 9.31 17.27 15.63 18.38
3.89 4.49 10.81 7.51 6.27 4.49 5.55 5.58 15.87 5.89 3.09 4.76 5.09 6.4 7.17 4.79 5.55 3.38 3.77 6.3 4.13 11.91 4.91 2.12 1.71 5.31 5.13 7.91 7.33 5.12 14.74 7.59 6.48 6.13 17.22 3.86 3.57 3.3 2.95 4.13 4.07 4.94 4.17 6.38 5.85 15.05 8.71 7.49 4.84 15.16 19.21 8.36 5.48 11.1 12.8 4.74 11.47 4.7 11.85 9.09 6.42 7.56 14.23 13.89
6.5 4.71 4.87 6.74 8.62 5.74 10.9 11.95 17.39 6.77 4.98 5.87 5.1 6.38 3.93 7.49 3.79 5.29 4.88 7.99 9.98 10.17 4.91 2.29 2.92 5.94 6.92 10.34 5.05 6.09 10.72 10.38 12.78 9.77 17.06 9.57 6.0 3.91 1.58 3.91 4.4 5.99 8.43 5.6 4.91 7.54 8.52 5.33 6.26 8.56 6.61 5.9 5.61 7.06 9.4 12.3 5.3 3.89 8.8 12.9 10.17 15.0 11.14 6.69
5.69 5.24 3.42 4.0 8.16 9.18 10.09 10.49 9.64 4.83 5.36 4.94 6.98 11.34 7.15 5.06 5.83 8.41 6.8 7.45 9.86 6.49 3.76 5.54 3.29 8.11 8.06 8.08 5.27 12.96 8.16 12.75 14.12 7.31 18.44 10.53 4.76 2.97 6.13 2.5 3.29 16.06 7.29 5.04 5.99 5.43 5.44 7.94 10.88 8.05 9.28 5.92 3.82 5.63 9.48 13.55 10.93 6.9 14.5 5.4 9.12 6.46 14.42 8.84
3.75 3.47 3.42 10.46 6.93 7.45 6.65 4.13 6.5 9.48 4.92 4.73 10.28 7.64 7.58 12.95 7.57 8.44 17.03 7.8 5.87 6.53 2.88 3.35 8.03 6.27 4.11 13.0 10.51 14.18 12.81 25.17 12.03 12.59 18.25 8.72 5.22 4.81 4.23 4.38 6.21 11.97 13.14 14.01 9.14 5.42 4.4 4.5 10.03 15.03 11.1 6.49 5.53 4.82 10.74 13.43 12.35 14.65 12.48 8.36 7.84 9.05 18.55 11.61
8.99 10.69 7.81 6.86 24.2 19.38 3.54 2.85 4.34 4.9 6.36 6.56 4.95 8.24 9.53 7.05 7.22 14.72 16.75 5.74 7.18 3.5 3.33 6.56 8.71 4.76 6.41 7.21 9.31 24.24 19.38 10.48 9.19 12.49 20.57 10.59 4.52 4.53 4.31 5.29 10.76 14.4 11.7 17.39 13.25 7.66 5.08 4.02 6.46 11.78 8.41 6.42 6.59 5.43 7.37 21.8 19.92 9.87 10.17 8.49 8.68 8.12 11.3 7.6
17.63 11.48 5.67 11.96 33.03 15.55 3.53 9.01 4.28 8.33 6.34 10.1 6.72 7.13 4.92 3.72 7.65 6.41 11.41 8.45 7.45 4.85 5.7 7.04 4.42 3.37 6.34 12.93 8.86 15.36 7.5 9.33 6.2 8.76 10.82 11.52 7.69 4.53 6.0 4.99 8.84 8.09 12.63 5.08 15.21 11.42 6.62 5.12 7.4 8.92 5.63 8.06 3.46 11.12 18.2 38.84 12.51 22.44 8.03 4.53 11.4 11.53 5.62 7.24
20.58 10.0 9.02 16.58 17.44 24.16 9.83 11.48 18.34 10.03 3.36 4.55 6.07 5.5 8.17 4.44 5.4 5.48 9.97 6.23 7.34 5.22 4.23 5.2 3.4 4.16 7.5 11.6 12.15 8.41 6.1 6.29 5.5 7.52 18.34 15.7 10.29 5.62 5.75 2.78 6.59 7.08 6.05 7.22 10.17 4.34 3.76 8.21 7.16 5.44 8.3 4.5 4.89 8.76 20.05 15.4 12.21 10.16 10.11 17.89 10.55 11.49 8.99 10.79
22.7 9.4 6.38 16.11 16.04 14.55 16.59 31.82 17.59 8.11 4.31 5.47 10.0 5.47 9.64 7.13 4.01 5.75 5.05 9.09 5.82 6.57 4.04 6.91 4.6 2.51 7.38 10.7 8.27 9.49 5.22 3.02 5.63 9.28 13.61 16.85 10.98 4.5 3.88 3.49 5.27 8.04 4.24 3.81 5.62 5.76 4.11 3.07 6.37 7.4 12.12 7.41 5.61 7.12 11.25 11.8 14.88 8.82 6.97 12.68 10.55 11.21 8.45 7.34
14.58 5.73 7.71 16.82 16.72 18.41 15.67 25.69 12.54 9.43 5.86 8.3 14.38 9.15 16.46 6.94 5.7 3.06 8.83 11.62 12.25 6.02 3.12 5.48 6.84 3.36 9.06 8.75 12.41 11.65 8.0 6.08 6.81 10.41 17.09 22.22 9.61 5.08 7.72 6.1 9.26 6.05 3.89 5.95 5.38 4.22 4.21 5.34 5.37 4.24 7.51 6.47 8.5 8.15 8.94 6.88 10.55 9.82 8.13 17.21 10.52 7.54 11.42 11.54
12.42 5.87 5.33 14.57 16.44 19.6 13.59 17.35 8.51 9.14 7.5 12.62 10.82 7.11 10.4 9.65 4.74 8.11 9.21 11.53 11.28 5.51 2.82 6.37 7.27 4.23 13.17 12.82 16.45 24.27 7.26 4.4 11.48 18.36 15.47 12.83 7.73 5.03 9.77 18.76 7.18 4.32 4.59 7.41 8.32 10.04 5.51 6.45 10.58 6.01 4.28 6.26 8.29 10.95 11.18 9.02 9.15 14.63 6.95 10.77 8.41 9.27 9.31 15.87
13.45 4.75 4.58 6.29 13.3 18.67 24.32 23.27 12.91 13.52 13.94 5.83 7.65 5.84 6.1 12.63 11.09 9.11 11.77 16.09 10.14 4.24 5.71 4.41 3.96 5.57 14.0 8.0 22.93 7.55 8.1 10.49 9.82 5.18 10.14 11.38 4.1 6.06 10.67 12.75 9.24 5.55 3.6 10.43 13.07 6.14 11.22 10.31 12.78 5.92 13.27 4.47 9.84 14.56 9.23 11.07 15.16 13.84 4.36 15.98 14.27 12.82 11.04 28.31
5.27 8.53 7.43 5.87 13.12 17.85 26.62 21.02 24.75 7.69 6.09 7.79 7.15 6.52 7.24 10.33 9.66 10.58 6.47 7.7 9.09 12.34 4.61 4.1 6.61 6.7 6.95 5.17 6.82 3.89 7.63 8.77 7.32 8.2 5.13 6.23 7.53 6.63 6.72 16.55 6.16 5.92 6.09 9.5 10.01 15.51 10.87 4.94 8.68 9.08 7.52 4.74 10.14 13.99 5.84 7.66 7.77 10.17 13.63 21.08 8.47 12.37 15.28 20.95
5.96 11.99 5.21 11.28 12.82 14.12 7.77 19.69 15.98 3.5 8.5 6.41 12.37 9.69 13.39 5.08 13.09 7.84 9.04 6.39 8.72 5.83 13.41 9.48 4.26 6.07 4.27 5.94 4.95 4.26 5.25 7.62 8.43 6.58 8.09 3.31 4.07 3.44 11.21 11.0 3.32 2.74 8.19 5.04 11.52 31.71 9.13 6.07 10.59 8.66 6.13 10.57 8.8 6.96 4.81 5.97 10.55 12.48 12.33 12.41 13.6 9.17 14.37 16.16
5.9 9.03 6.84 6.84 7.45 7.04 8.41 10.37 8.67 4.81 3.61 6.26 16.54 12.53 6.8 6.24 10.76 6.77 5.6 7.77 6.67 8.49 10.83 7.24 7.09 10.39 4.57 2.09 5.08 3.17 5.9 12.69 6.67 4.24 5.87 5.6 2.39 4.75 4.52 4.42 3.03 4.03 4.62 4.41 6.2 14.19 7.88 8.93 10.11 12.14 9.15 4.23 3.48 6.27 2.13 4.14 10.46 9.04 11.36 21.9 10.03 7.55 30.2 23.87
6.65 10.4 6.56 3.38 4.03 4.64 10.1 8.4 7.46 2.8 5.73 9.62 5.29 5.81 5.17 5.19 6.21 8.73 8.81 6.67 8.38 5.56 9.23 9.27 6.57 8.38 8.44 5.13 5.62 3.73 9.58 6.3 7.71 6.04 5.46 2.38 2.58 3.98 3.78 4.58 3.19 2.23 7.28 5.16 7.44 9.27 7.78 9.77 16.67 9.84 4.2 6.39 5.64 3.69 3.54 8.09 15.8 15.88 19.45 11.94 5.04 10.06 26.09 10.76
