10.11 25.79 15.03 16.15 13.88 19.0 27.38 28.55 22.53 4.05 7.83 5.62 6.66 4.99 7.45 10.4 7.98 14.1 11.44 8.35 8.65 7.81 8.27 5.37 4.74 4.2 4.72 5.87 10.22 10.35 18.69 13.99 5.32 4.76 6.49 7.74 8.4 11.54 18.37 17.04 8.59 7.3 4.81 4.96 7.17 8.96 11.03 6.73 8.07 8.5 7.62 9.85 10.08 15.82 13.14 10.5 5.79 7.13 5.44 8.78 8.12 5.11 5.16 2.67
7.26 17.17 11.99 12.16 5.7 15.82 42.16 34.83 23.51 9.59 7.21 12.44 28.65 14.92 15.06 18.24 13.87 6.32 9.15 14.55 8.13 8.9 11.76 4.99 5.75 5.2 4.5 8.41 5.57 14.74 10.2 5.81 4.15 3.33 5.51 8.41 7.24 6.8 6.96 8.78 7.44 7.09 4.56 5.87 6.78 10.06 9.69 8.25 12.31 4.88 13.2 13.33 9.76 17.21 26.49 8.21 5.09 5.18 5.68 5.2 6.21 5.65 9.68 4.64
6.86 11.02 7.26 15.12 13.35 17.02 20.44 22.53 16.91 7.54 11.78 12.94 14.2 15.6 16.73 19.69 14.48 8.58 8.36 9.23 8.35 11.45 12.09 8.58 6.7 7.31 7.33 8.19 2.61 4.37 5.06 4.29 5.25 1.86 5.66 4.76 7.17 7.01 6.88 10.0 13.67 11.54 6.8 4.59 5.3 5.44 8.74 6.82 6.95 12.59 10.0 16.85 17.2 14.85 7.97 7.5 3.73 5.16 8.28 5.15 4.2 5.85 7.29 5.7
7.8 9.85 7.63 9.1 11.86 13.53 23.2 16.71 17.59 4.31 8.75 23.11 13.56 19.72 15.76 36.59 21.5 13.78 12.01 7.04 7.46 11.76 11.75 12.93 5.3 4.69 5.32 5.61 2.78 4.34 4.37 4.71 5.15 3.55 6.21 3.79 4.45 3.86 5.77 8.19 4.76 5.22 4.23 4.1 4.56 4.25 4.61 4.26 4.12 7.14 13.88 21.99 9.0 11.14 5.5 7.56 5.71 5.0 8.53 5.12 5.62 4.57 6.53 7.92
11.38 9.21 5.42 5.99 5.41 5.41 10.23 7.96 8.46 8.85 17.03 11.29 9.69 15.75 11.61 16.19 13.05 8.39 7.95 6.14 8.59 7.58 12.7 12.25 5.64 8.6 8.42 7.45 4.6 4.79 6.99 5.56 4.68 5.07 7.78 8.06 5.27 5.13 2.63 4.83 3.58 2.32 5.72 2.78 4.92 5.7 8.03 8.88 6.71 7.86 4.6 16.11 15.89 6.9 3.63 6.45 7.15 4.63 4.17 5.98 12.28 6.22 6.34 5.02
14.02 11.0 6.34 3.27 5.42 5.5 8.92 10.74 12.21 5.54 10.2 10.96 4.32 4.94 14.18 23.18 12.79 4.51 5.14 5.04 5.33 6.63 8.69 11.15 14.57 15.18 16.29 18.19 8.62 8.42 8.2 4.63 4.29 4.29 4.95 4.86 3.59 2.78 2.07 6.74 3.12 2.66 2.95 2.71 4.68 3.87 7.0 13.42 7.8 12.18 8.48 12.85 27.15 18.48 10.4 5.48 7.91 2.52 5.05 7.14 7.98 7.42 3.97 3.67
6.56 5.52 4.34 3.22 4.78 7.46 7.36 8.79 8.11 6.79 5.61 5.66 2.91 3.97 4.86 9.27 9.85 3.83 4.46 6.4 5.08 4.01 6.28 14.12 16.83 15.44 12.17 7.06 21.33 8.72 9.0 6.74 5.28 2.57 4.03 4.13 3.7 5.2 4.75 11.92 4.27 2.47 3.43 4.63 11.09 6.95 8.55 10.01 8.28 10.35 8.19 10.13 23.62 11.43 10.44 6.06 7.44 7.45 4.85 5.67 4.43 3.62 3.1 4.42
7.64 8.13 6.87 5.1 8.9 6.24 9.62 11.6 7.26 5.74 4.29 4.06 5.41 3.39 4.07 7.88 9.5 6.9 6.06 13.79 13.76 9.64 4.42 11.15 24.61 16.76 15.26 8.85 7.33 3.47 5.02 6.13 5.24 4.05 2.96 3.84 6.49 8.61 11.09 12.52 5.34 6.38 7.75 5.87 7.24 5.87 10.19 10.01 8.91 9.52 7.96 8.16 10.85 13.98 6.8 4.62 7.92 5.86 5.12 10.67 7.6 3.25 2.3 7.93
9.72 10.32 6.38 5.97 9.2 7.37 11.85 12.4 10.04 7.04 2.58 4.62 3.94 2.31 1.91 5.85 8.38 9.55 9.91 10.87 5.33 6.11 4.31 7.19 12.2 14.94 13.59 9.49 13.09 4.43 10.67 14.86 7.08 5.88 4.71 5.17 6.26 13.05 14.56 11.21 10.15 11.82 17.41 18.61 13.98 6.97 8.14 9.44 16.94 11.28 11.04 9.58 12.03 11.69 8.67 5.47 6.54 9.48 4.59 6.11 10.46 4.61 3.47 3.89
6.6 8.47 10.25 13.55 12.7 10.3 8.24 16.59 18.53 7.03 3.88 4.6 6.34 3.52 4.03 3.36 4.83 6.91 7.19 6.45 7.2 4.75 9.29 5.28 8.71 15.46 10.34 10.75 16.08 14.34 7.26 11.75 16.04 6.98 7.17 15.76 5.65 9.65 3.43 9.58 10.49 11.8 25.26 15.54 7.88 11.39 11.89 12.48 17.47 14.49 10.51 5.21 12.3 11.57 8.62 7.89 12.85 10.67 5.55 12.74 20.3 16.2 7.37 5.4
11.54 19.62 17.88 12.56 9.81 11.19 10.57 7.87 4.52 6.11 5.12 4.16 4.46 4.69 6.36 2.66 4.4 6.18 3.26 6.05 3.41 11.22 5.6 5.67 11.61 16.74 32.6 16.02 10.68 11.5 12.24 13.7 17.27 12.46 7.43 11.54 9.21 8.85 6.87 6.91 7.66 17.4 14.18 11.32 14.64 13.01 9.93 7.3 24.96 10.16 7.96 10.23 9.22 16.79 4.53 3.81 6.25 10.41 11.02 11.4 16.77 15.51 11.8 14.56
10.07 14.39 21.26 13.84 6.56 11.02 16.93 6.3 3.07 2.76 2.57 3.98 4.91 5.36 4.23 3.36 5.36 9.54 7.1 11.4 7.63 8.68 7.16 5.82 15.44 14.58 15.77 6.79 9.19 13.22 12.76 12.38 24.44 14.91 8.69 5.02 3.73 3.97 4.55 13.3 15.04 11.29 12.41 10.25 13.62 15.2 7.75 7.11 8.99 8.04 6.06 5.41 2.7 5.51 5.92 12.18 6.79 14.24 15.93 8.9 16.94 16.96 16.56 15.08
9.22 16.31 31.21 16.97 6.01 5.17 6.06 4.36 2.76 3.01 2.94 1.64 4.09 4.43 7.07 5.63 6.98 16.53 6.17 8.84 9.7 9.08 10.43 6.93 15.58 22.14 6.09 5.42 3.63 10.05 10.75 11.17 21.31 11.95 14.26 10.03 4.17 3.62 6.7 15.42 17.14 8.83 9.36 8.52 15.0 10.18 13.45 4.39 6.58 11.62 3.98 3.02 2.29 2.69 4.4 6.3 5.15 10.2 12.0 7.85 9.42 13.43 13.59 16.45
6.78 8.77 19.72 14.51 5.47 4.24 4.2 2.74 5.13 2.73 4.87 3.35 4.99 10.14 7.44 5.54 11.53 8.25 4.97 5.74 6.38 6.94 9.15 7.93 19.41 25.14 14.31 8.2 6.84 7.87 7.48 9.96 11.81 8.55 16.1 10.43 3.77 6.06 14.11 20.4 14.31 13.51 29.45 11.88 11.18 13.49 7.26 5.81 4.87 11.34 8.14 3.73 2.15 2.73 2.4 4.19 6.05 7.44 13.39 8.95 9.95 7.54 13.56 22.05
5.68 12.12 16.08 12.99 8.53 5.11 3.65 4.16 3.29 5.26 3.55 1.92 3.93 3.97 4.21 8.86 6.82 6.21 3.69 4.12 8.32 5.78 9.32 21.31 17.76 14.71 18.71 14.16 4.93 9.14 15.45 8.24 7.07 9.19 18.72 15.07 6.05 9.2 10.46 43.01 25.01 35.44 45.01 16.02 18.94 8.48 9.93 6.5 3.28 8.35 9.5 6.27 4.66 2.86 3.62 3.81 5.91 6.18 10.67 7.76 11.58 6.95 10.7 15.25
8.18 22.83 16.1 8.4 10.91 6.08 5.16 4.29 3.27 2.67 2.59 2.6 2.03 4.23 5.8 7.41 4.58 3.42 2.99 4.6 8.49 9.09 5.43 6.23 9.0 10.88 17.36 15.43 17.15 8.09 11.87 11.18 7.19 9.87 18.29 7.26 4.7 8.58 19.32 24.63 30.29 20.13 25.84 24.07 16.06 10.27 17.78 8.79 7.74 9.22 4.55 6.82 5.52 7.72 3.42 5.71 5.51 4.7 7.81 13.83 17.24 8.51 7.49 19.1
14.26 18.51 23.47 8.23 4.86 6.13 7.67 4.65 2.81 2.79 3.28 4.43 2.44 5.3 6.71 7.13 9.32 6.79 3.04 4.13 6.73 7.88 6.72 11.46 7.52 9.32 12.33 18.81 21.4 10.99 20.46 10.2 7.64 9.4 9.25 13.73 5.28 9.32 24.53 28.61 18.89 10.61 29.98 31.99 19.54 19.93 7.39 5.66 8.21 7.85 3.38 4.26 3.15 3.55 3.85 5.88 10.7 8.48 9.91 11.95 10.97 8.59 7.3 11.72
12.04 12.71 14.39 8.08 7.18 8.73 4.71 4.94 2.91 3.14 3.24 2.37 2.86 3.23 12.15 9.05 8.88 5.72 3.31 6.4 14.11 9.24 5.89 9.16 17.36 9.01 6.11 9.74 13.18 16.27 17.03 15.64 9.27 11.42 12.91 28.19 12.15 12.84 15.44 23.38 17.59 11.14 11.11 21.13 29.75 15.24 12.14 6.93 8.34 7.86 5.99 5.21 5.52 5.0 2.69 3.51 13.62 8.19 12.84 14.92 6.36 7.72 7.85 24.77
6.1 4.56 9.6 11.39 10.38 10.44 4.77 4.21 3.71 4.72 3.11 3.01 4.58 5.7 13.5 9.99 6.7 4.99 3.96 7.04 10.96 15.43 9.52 4.84 6.63 5.88 3.66 9.83 13.14 11.89 24.06 24.2 21.77 18.51 11.03 26.99 18.09 17.28 11.41 12.6 11.85 11.27 14.25 21.18 23.5 8.74 5.89 4.55 8.26 5.59 3.62 4.07 3.75 3.89 5.27 2.67 5.89 15.54 21.05 22.07 14.24 11.94 9.97 13.05
4.92 6.59 10.55 24.6 8.53 6.23 3.39 4.42 3.51 6.25 4.6 3.0 5.72 5.66 9.3 8.12 6.04 8.72 3.93 6.43 13.3 11.22 16.52 4.61 6.74 2.84 2.71 2.65 10.52 8.06 8.54 10.91 16.82 21.25 30.52 46.54 26.05 23.64 12.86 10.2 13.46 9.04 18.26 14.82 9.06 5.34 4.89 2.79 2.56 6.25 2.98 2.82 5.03 4.05 5.37 5.36 8.28 11.4 20.92 38.96 31.73 22.08 8.6 17.62
7.24 7.97 15.28 17.05 11.81 7.89 8.88 3.6 5.19 7.57 3.31 2.47 4.15 7.55 14.03 9.7 7.04 5.79 7.66 6.38 8.29 14.0 11.05 9.08 4.76 3.18 2.09 2.62 4.82 7.87 10.56 12.71 14.53 18.27 19.65 39.47 24.06 16.65 14.66 6.64 15.7 12.88 10.0 9.81 9.18 4.73 2.64 3.86 3.46 2.12 4.42 4.6 3.76 4.24 2.53 4.06 10.91 15.04 10.43 34.17 13.74 14.3 17.62 15.54
6.04 2.55 4.59 10.28 7.07 13.2 15.36 12.76 4.87 5.17 6.51 3.92 6.08 8.75 8.89 5.65 4.5 10.01 9.87 7.95 6.61 10.69 11.32 11.51 4.87 4.03 2.0 1.28 3.56 10.57 9.1 13.35 16.83 9.11 14.03 20.28 17.35 16.38 9.79 9.56 10.87 6.4 11.39 8.26 8.47 10.34 3.13 3.39 2.88 2.81 3.05 2.67 5.93 4.58 4.76 6.76 4.91 8.04 9.28 12.32 18.66 13.65 16.45 12.83
4.62 4.54 7.17 4.67 7.74 8.54 7.6 12.16 6.71 10.99 8.29 8.66 15.62 10.41 13.32 7.65 6.55 7.25 6.2 8.49 7.77 13.73 17.41 14.19 7.33 2.13 2.76 3.71 3.91 8.3 4.45 6.0 3.87 10.5 8.37 19.45 56.13 14.25 7.46 7.88 10.12 8.26 7.88 9.81 4.32 7.37 9.3 4.85 3.46 3.27 4.68 3.01 5.2 3.3 3.14 2.74 3.23 4.83 11.72 9.24 13.47 13.88 15.71 9.97
4.96 5.26 8.81 7.64 6.58 6.78 7.24 7.15 3.36 8.2 13.28 8.54 15.33 15.05 9.14 13.03 20.96 11.51 5.31 9.37 9.36 7.51 8.7 7.35 6.57 3.39 7.36 4.37 4.06 4.37 2.73 5.98 4.75 5.37 9.87 12.94 31.06 14.18 16.21 5.65 10.3 17.66 6.44 5.54 7.64 9.27 6.9 5.45 3.44 7.37 5.67 7.6 2.05 3.36 2.83 5.9 6.97 7.85 19.09 12.54 12.79 9.04 13.46 12.88
14.94 7.31 11.35 5.44 5.34 4.81 7.81 11.69 9.06 4.6 6.96 8.23 12.16 7.39 6.62 18.14 17.94 22.56 5.9 10.17 9.19 3.03 7.75 6.48 4.53 2.48 3.82 4.68 2.72 8.74 5.0 3.54 4.39 5.29 9.73 13.17 17.0 8.09 8.1 5.72 5.59 7.61 4.28 9.11 9.47 14.97 9.79 5.13 4.35 11.43 6.34 6.06 1.97 3.35 6.16 11.58 16.33 12.82 19.37 9.29 12.74 12.46 12.35 12.51
9.64 9.2 6.24 7.97 5.87 8.91 9.94 18.71 17.18 3.49 8.84 5.79 9.15 8.69 4.93 25.07 12.48 15.38 8.9 6.0 8.94 4.73 3.76 5.76 10.38 10.32 6.14 10.3 7.34 6.97 9.74 5.45 3.17 5.66 8.66 6.18 8.05 4.23 2.74 2.69 4.63 6.34 5.85 4.19 9.12 15.15 11.67 4.0 4.16 5.66 5.42 4.63 5.44 5.56 6.93 14.96 14.51 18.79 26.55 16.58 8.59 6.73 9.84 14.86
7.88 10.97 6.52 7.77 9.61 13.13 16.42 7.48 10.4 9.48 10.94 3.07 3.99 4.35 5.51 16.8 15.19 21.43 9.66 8.17 9.97 4.42 6.86 5.83 8.51 15.15 9.13 10.11 9.13 9.56 13.2 5.77 5.66 5.76 7.36 7.5 5.88 6.63 3.75 2.14 2.98 3.89 3.88 7.97 17.65 10.12 7.24 6.2 7.23 6.33 5.97 4.45 8.3 10.74 14.35 9.59 18.51 17.66 21.87 18.28 7.07 3.95 12.12 13.95
4.4 14.12 7.02 6.51 10.02 7.89 6.73 3.83 4.29 9.78 8.06 8.24 4.63 6.37 9.65 9.96 13.04 16.89 20.92 9.61 10.77 5.23 7.3 7.43 9.79 9.5 11.89 14.54 17.7 16.04 14.76 4.44 4.98 5.17 6.96 8.17 6.94 6.49 5.5 4.37 3.91 6.52 4.71 11.44 15.87 8.01 6.38 4.63 5.07 5.17 7.66 9.8 7.1 9.38 12.2 11.22 11.76 11.73 22.24 18.45 8.7 11.42 14.78 24.05
7.73 11.57 10.66 5.19 4.24 8.5 6.91 3.11 5.56 7.46 7.97 12.74 7.57 11.83 12.66 9.52 15.62 23.87 25.54 7.35 6.1 4.6 2.62 4.33 6.49 11.64 8.19 19.64 17.8 7.97 5.72 8.51 4.95 4.25 4.34 6.92 8.94 7.05 8.45 17.66 13.33 10.96 14.02 16.74 7.72 10.15 3.69 3.22 6.53 5.46 6.34 11.7 18.18 20.39 13.96 12.91 11.68 13.51 27.51 12.81 6.03 13.26 17.08 25.94
5.77 5.88 9.05 5.37 6.66 6.24 6.22 8.87 5.07 12.84 8.78 6.65 9.19 18.52 20.35 22.4 22.42 33.93 14.83 6.82 5.2 4.78 4.63 10.75 9.48 7.51 7.56 12.21 10.96 7.76 10.22 13.2 6.61 5.81 4.47 4.58 6.53 5.29 14.21 12.73 10.81 12.37 13.09 7.69 7.91 8.58 7.15 6.64 10.62 10.92 12.12 6.11 12.22 15.22 9.75 11.87 9.22 11.53 13.39 11.85 13.91 21.51 22.62 27.18
6.58 6.34 8.56 6.23 12.23 10.5 6.61 11.74 14.87 15.21 9.61 10.53 9.94 11.87 19.34 17.96 16.24 8.89 9.9 5.06 3.53 3.39 8.9 8.58 8.78 7.77 10.49 11.5 9.56 13.99 6.32 10.6 6.0 3.14 3.74 5.24 4.03 4.65 7.27 9.64 7.95 12.79 11.43 10.87 19.5 7.44 9.98 11.58 11.81 18.54 18.5 13.39 12.58 18.78 13.66 5.74 10.54 9.84 12.95 16.14 12.96 28.28 18.83 24.51
7.47 5.02 12.79 12.23 8.26 7.59 7.1 6.8 9.35 15.6 24.86 11.93 9.22 7.1 7.94 21.5 19.1 22.25 27.55 9.16 7.66 4.56 7.43 8.92 14.52 6.48 10.71 12.33 13.49 16.29 7.8 12.01 6.46 5.53 4.1 2.95 8.3 7.28 6.33 5.24 3.85 6.55 22.8 21.71 14.33 9.36 5.45 4.39 11.92 20.04 7.6 14.34 12.59 10.16 7.5 8.04 9.44 12.52 18.87 15.3 12.14 9.21 7.68 11.07
9.87 8.46 13.68 9.61 5.63 4.0 8.78 6.87 11.13 10.22 9.79 11.23 5.99 16.21 7.95 14.92 13.85 13.35 31.96 12.1 8.96 6.65 6.28 8.65 9.89 7.83 10.43 12.81 13.28 14.76 8.04 6.78 5.35 8.68 6.3 6.22 8.4 10.67 9.42 4.35 11.42 15.13 12.78 35.25 13.99 11.42 7.18 12.53 15.22 16.26 9.62 6.6 9.68 16.01 7.52 7.7 12.35 8.04 12.53 21.76 19.38 5.07 8.17 4.51
5.17 4.44 8.06 8.0 5.12 3.55 4.73 6.67 8.03 10.41 12.22 9.68 8.98 22.02 10.23 9.77 9.02 11.02 15.7 20.1 11.47 6.02 4.03 7.47 7.47 8.75 9.41 9.36 14.14 11.3 14.04 12.63 9.5 9.77 7.42 4.26 8.63 13.14 11.62 5.89 8.7 11.6 11.19 8.01 21.43 7.01 11.36 14.7 14.61 5.02 4.73 8.39 9.99 14.91 11.9 10.09 7.12 6.65 12.1 16.99 12.57 3.42 10.2 7.07
5.23 4.77 7.63 4.96 10.94 4.27 5.43 5.02 9.91 11.36 14.6 14.08 11.47 14.51 11.49 7.84 6.73 11.19 6.98 6.8 4.55 4.6 8.87 5.28 6.03 5.43 6.96 7.47 5.63 8.09 11.72 13.86 17.54 14.52 4.0 4.01 12.0 13.56 9.42 5.35 9.32 9.47 7.6 14.59 11.69 7.01 8.75 8.24 10.15 13.4 4.63 7.16 10.27 11.7 7.31 8.5 8.17 8.23 8.41 10.87 11.8 3.17 3.82 5.21
7.02 4.92 7.17 5.78 6.66 7.55 5.32 5.87 3.84 9.15 12.1 19.96 13.38 11.03 10.37 9.67 11.03 6.5 6.58 6.93 4.01 4.5 6.03 6.44 9.33 6.09 9.32 10.67 5.98 8.15 14.84 8.67 9.0 14.51 8.91 5.37 12.34 14.0 8.67 11.27 7.77 18.83 4.19 4.41 6.42 6.78 7.35 6.62 10.86 6.43 5.3 11.34 9.45 11.24 6.26 3.66 5.83 5.06 7.13 5.74 9.2 6.88 3.61 3.75
11.42 6.12 5.72 7.47 6.42 4.45 3.88 6.22 3.56 5.25 10.7 11.48 12.26 13.86 10.72 5.14 7.79 9.18 7.14 7.21 4.61 3.34 4.15 5.93 4.31 4.45 7.57 6.55 6.1 11.75 6.23 6.26 5.93 9.81 20.91 13.01 10.66 15.23 9.1 9.22 13.08 23.64 6.55 6.35 13.09 15.24 5.61 7.57 6.58 5.29 5.01 8.49 15.42 15.31 4.93 3.7 5.08 5.13 8.68 6.06 8.61 7.45 3.31 3.18
8.16 4.49 9.91 9.37 6.01 3.92 2.56 5.8 5.3 6.29 7.94 11.07 8.89 8.83 6.33 11.48 5.44 8.35 13.75 7.19 4.69 3.8 3.25 3.5 4.37 6.91 3.23 4.51 3.93 6.32 6.89 2.63 4.19 9.36 28.48 8.1 12.31 9.19 7.33 8.47 12.21 12.69 9.54 10.26 23.69 22.58 10.43 4.92 5.79 4.39 5.64 6.24 7.34 10.24 7.75 3.06 5.13 8.01 7.41 7.97 9.55 11.78 5.8 3.22
9.88 3.24 3.85 8.25 10.74 7.6 7.21 3.99 4.65 4.86 8.8 10.05 7.03 12.95 14.68 8.93 11.47 7.99 18.85 6.72 3.98 2.78 3.32 1.49 3.43 3.08 2.59 2.87 3.5 6.88 4.57 6.44 6.69 7.68 9.79 7.16 5.52 7.65 11.91 12.42 7.69 7.06 17.86 11.97 23.19 43.56 21.88 6.13 5.91 6.32 6.14 8.69 4.47 9.19 4.3 3.28 5.27 8.72 18.28 9.57 10.46 12.9 5.12 4.77
7.87 3.24 3.6 5.27 11.16 9.08 11.08 5.82 6.28 8.0 6.86 10.37 6.2 9.59 11.04 11.12 14.68 8.92 10.13 4.97 10.04 5.95 4.54 3.57 2.39 2.74 3.11 4.18 2.74 4.89 1.87 2.78 4.67 9.1 12.38 6.46 4.48 9.82 14.69 11.42 8.43 6.82 15.04 18.34 21.99 13.85 15.62 7.19 4.23 7.7 10.16 8.18 3.41 6.86 7.36 6.98 8.63 6.42 22.99 20.61 14.07 10.39 10.45 5.41
10.8 7.97 5.73 7.6 8.48 7.41 8.02 11.4 8.36 7.59 6.23 7.81 3.03 9.98 19.19 13.46 11.84 8.63 19.98 12.07 9.76 12.08 7.98 3.97 3.74 3.64 4.3 3.28 6.66 2.85 1.46 2.65 5.47 17.04 17.16 9.56 4.19 7.8 16.34 20.93 6.86 8.18 18.21 11.12 9.62 6.14 10.94 7.0 4.99 7.98 8.53 14.98 5.2 8.92 8.21 6.12 12.21 7.29 10.67 8.04 15.05 10.52 7.14 5.01
8.55 4.08 3.41 7.27 7.7 5.87 13.28 10.51 7.27 8.25 5.72 5.47 3.24 6.81 13.09 8.73 9.36 14.56 14.76 15.42 17.58 12.13 6.91 12.94 7.09 9.04 4.83 4.23 4.33 2.35 3.79 4.36 8.42 24.72 9.51 12.0 7.97 6.0 13.81 15.76 11.72 6.74 28.94 8.09 5.22 4.62 8.3 6.59 7.1 5.94 6.64 20.28 22.47 9.24 7.86 11.13 7.23 11.32 7.43 5.7 8.25 6.69 9.92 9.48
6.75 3.04 4.83 5.11 10.01 7.54 6.61 10.52 6.57 6.75 7.21 2.94 2.33 3.85 9.19 4.47 4.3 7.83 11.98 16.28 12.56 24.04 13.71 14.44 15.45 11.75 7.88 4.46 4.14 3.23 3.33 5.38 17.96 19.72 14.31 10.26 8.78 10.83 14.35 14.98 15.26 9.53 11.41 8.14 5.46 2.47 5.67 12.26 6.56 10.8 5.3 16.33 22.47 18.71 8.34 11.3 10.58 6.76 3.1 4.52 3.65 6.68 7.12 5.05
9.77 4.18 6.46 5.39 4.76 4.83 7.24 11.94 5.34 7.56 4.12 3.25 3.76 2.7 7.82 4.63 7.05 6.36 8.24 11.84 9.32 17.85 16.89 13.95 12.93 10.4 6.17 3.35 4.33 3.93 2.17 16.09 24.46 33.5 13.94 8.58 8.03 9.08 8.88 9.63 11.09 14.17 7.75 10.93 5.2 4.23 4.56 6.46 4.23 5.58 7.63 10.5 11.58 9.03 16.84 10.18 14.84 6.21 3.84 3.99 4.59 3.92 5.9 3.94
8.18 6.95 5.36 7.66 4.8 6.24 5.95 8.74 7.01 6.95 4.79 4.9 5.72 4.77 5.39 4.17 8.57 11.79 9.28 6.96 11.0 18.37 16.52 32.3 32.83 9.51 4.08 4.57 3.53 2.55 5.16 6.04 11.29 30.7 35.31 13.09 12.89 10.44 10.92 11.39 11.37 8.66 11.68 14.8 8.21 8.04 3.69 3.88 4.65 4.95 5.24 4.98 5.84 4.44 9.84 11.06 10.01 7.21 3.85 2.4 5.03 4.87 8.3 6.16
5.9 5.82 13.48 12.86 14.52 9.68 4.28 5.5 7.96 6.08 1.72 3.92 8.67 8.63 8.46 6.7 12.68 12.67 6.65 5.92 3.91 8.8 13.18 15.52 26.1 12.05 7.51 4.01 6.35 5.56 6.55 5.21 4.96 11.34 35.24 10.39 12.45 13.57 18.55 10.28 8.89 22.65 10.4 13.86 11.66 6.73 7.96 4.52 2.77 3.47 6.34 11.06 7.12 13.8 9.87 6.43 8.07 2.9 4.09 3.56 8.35 8.08 8.49 7.47
6.39 4.49 5.67 12.08 17.81 14.1 9.96 9.7 9.87 4.25 2.25 3.12 5.3 9.03 10.08 7.02 11.42 12.94 8.68 8.61 3.74 5.35 15.75 11.26 9.55 7.39 6.54 6.57 4.57 5.67 8.49 8.99 5.25 6.47 20.1 13.07 7.32 9.98 16.68 6.99 7.03 13.39 26.27 20.0 12.57 9.96 7.34 6.13 3.12 3.26 3.14 6.87 19.42 18.98 13.86 5.4 5.04 4.89 5.36 4.86 3.92 4.36 2.97 6.64
7.09 5.17 8.61 7.15 14.71 13.2 6.99 9.66 11.75 7.27 3.72 4.22 6.08 6.0 9.34 9.67 8.63 7.85 7.11 5.34 4.25 10.08 15.89 20.39 10.81 5.73 5.22 9.05 3.4 5.69 7.02 7.09 8.8 8.02 8.75 8.11 9.81 16.53 14.09 11.53 4.95 9.29 16.28 11.3 8.49 7.1 6.61 13.44 7.71 4.97 4.87 9.37 12.77 11.6 15.31 5.93 9.91 5.69 4.98 3.81 4.97 4.41 1.5 4.92
4.05 6.38 6.29 11.38 6.36 11.24 11.94 11.52 5.67 8.36 6.65 8.19 5.96 5.93 7.59 6.74 13.01 9.07 7.14 7.23 4.72 8.68 8.56 13.31 11.12 6.05 9.99 5.32 6.56 3.11 4.6 8.01 3.88 5.99 7.8 14.77 15.31 19.27 17.06 11.6 7.05 7.91 9.08 6.14 4.83 5.48 3.97 5.58 10.13 13.12 16.07 23.64 22.06 8.02 13.02 8.13 8.22 11.67 8.33 2.63 4.65 3.85 4.83 5.95
4.69 9.5 11.53 15.16 8.88 7.19 11.97 6.67 5.61 4.27 7.66 7.25 7.33 4.07 4.53 4.8 8.57 11.97 7.09 14.41 11.65 4.62 11.38 10.06 10.6 8.02 5.16 4.4 4.18 3.22 2.89 6.12 9.07 6.81 11.33 24.72 13.15 11.08 11.16 5.14 11.48 9.05 4.72 5.37 3.14 3.66 6.77 10.89 9.0 11.24 24.32 21.47 12.48 7.24 5.42 8.82 7.91 23.65 13.62 11.74 2.67 3.46 7.02 4.18
6.04 5.68 16.79 15.92 7.11 6.15 7.16 8.89 8.08 5.04 5.39 4.81 9.79 10.09 15.18 9.63 4.1 3.63 2.63 7.09 8.27 16.51 6.75 7.23 13.68 8.67 7.5 8.47 7.54 3.46 3.0 7.2 9.12 5.56 6.04 10.45 11.91 4.87 6.31 10.51 7.17 3.83 6.07 4.1 4.1 9.19 10.95 14.66 17.16 15.23 16.0 13.87 8.64 10.74 6.04 9.64 5.8 18.59 17.25 13.81 6.37 2.69 5.07 3.57
3.05 5.45 6.63 12.31 14.15 9.21 11.12 7.1 4.73 3.59 4.03 3.53 7.4 5.65 11.6 7.22 3.79 3.07 1.73 5.08 21.1 11.91 5.98 7.56 8.71 10.65 9.82 14.23 7.25 6.12 3.66 5.55 10.22 6.6 4.81 4.14 8.29 17.94 16.86 9.85 3.5 2.8 5.18 7.59 8.6 7.68 13.27 12.12 12.16 14.5 16.53 9.14 15.3 8.48 11.6 8.52 6.37 10.36 12.46 12.2 6.08 2.8 2.82 2.79
3.53 6.9 6.72 12.98 19.11 11.59 6.84 7.77 4.76 5.34 3.5 3.04 6.83 7.19 8.63 5.5 6.8 4.7 3.51 4.84 5.68 5.11 4.51 6.22 6.22 6.8 7.03 8.06 5.21 2.89 2.99 6.77 9.3 6.41 11.52 3.57 6.55 11.6 12.19 8.37 2.72 2.48 2.88 11.86 20.09 7.64 14.01 11.68 18.45 14.85 15.78 16.38 10.4 6.01 5.51 6.72 7.62 7.38 14.16 13.4 7.45 5.07 3.54 4.66
2.89 5.38 5.64 7.66 13.82 10.73 9.04 7.72 8.39 5.02 4.32 3.96 3.94 10.36 10.9 6.01 5.13 3.32 5.12 4.93 6.64 4.36 3.02 3.61 4.75 6.45 10.91 5.87 6.25 3.88 3.41 4.98 10.32 13.02 10.18 10.31 8.49 9.75 15.19 10.15 4.73 2.51 5.91 12.68 7.87 18.45 7.1 14.21 11.84 6.75 4.98 7.29 14.27 4.45 2.45 4.41 9.58 7.38 8.91 7.83 7.33 6.29 6.36 8.13
3.62 3.1 15.21 12.91 22.09 19.31 8.4 11.79 7.68 9.9 5.74 4.59 5.61 10.28 8.62 7.9 3.25 3.33 5.38 6.05 6.82 5.73 2.33 5.84 4.47 2.59 5.91 14.56 4.48 3.32 4.24 4.47 5.94 6.7 8.73 13.44 12.98 16.83 12.31 7.14 9.65 6.14 6.28 7.29 9.76 10.37 4.88 9.83 10.29 7.76 4.9 6.66 14.84 5.64 5.25 6.01 7.33 10.96 8.94 10.77 4.82 6.53 8.03 9.56
1.3 3.81 10.97 10.59 24.41 12.85 8.31 10.91 11.39 10.6 5.48 6.58 6.43 6.75 8.57 9.01 4.82 2.24 2.4 6.81 4.75 6.3 4.63 4.74 5.33 5.59 9.4 10.69 15.89 9.01 2.63 5.52 4.64 5.34 11.13 11.02 15.77 13.19 15.41 8.58 8.91 9.93 3.7 5.74 6.5 8.87 6.24 7.57 10.67 6.37 7.43 6.06 6.6 4.99 5.01 4.47 4.75 7.49 9.16 7.1 5.52 5.33 4.09 5.7
2.25 2.08 6.61 18.3 16.77 29.4 16.54 8.58 10.64 12.5 5.14 6.32 14.28 10.21 8.33 7.62 3.37 3.2 3.65 7.17 9.93 7.07 9.21 6.51 6.6 4.79 9.58 14.59 13.15 3.33 1.94 2.2 3.57 11.24 10.16 6.87 8.91 10.92 11.62 11.08 11.34 13.57 4.17 6.66 4.45 8.85 7.18 5.24 12.98 7.29 11.88 5.6 10.29 3.98 4.71 7.65 4.02 8.03 9.07 11.01 5.66 2.47 4.07 2.93
3.22 2.72 8.99 13.28 8.72 9.17 7.99 6.78 9.86 7.75 3.97 6.44 17.67 8.64 8.2 6.04 6.7 7.4 7.47 5.98 6.94 6.0 9.79 6.79 11.18 7.15 9.76 16.35 12.93 4.54 2.68 2.74 4.73 16.57 14.72 10.21 6.91 6.06 7.54 8.67 8.94 22.69 8.94 9.91 7.92 6.73 4.71 6.66 10.47 8.87 17.67 10.55 5.98 5.13 2.04 2.76 2.38 3.67 12.0 7.08 4.72 3.73 4.18 4.54
5.63 3.37 6.15 11.85 21.53 12.89 8.83 5.07 8.26 17.11 8.36 7.05 9.95 19.92 11.17 11.54 9.78 15.89 9.33 6.88 5.98 3.61 6.84 7.46 5.75 7.41 3.84 7.26 10.1 6.81 3.46 5.38 11.79 6.17 8.46 5.14 5.61 3.29 3.98 7.44 9.12 21.33 17.57 9.87 9.86 6.93 5.73 6.75 10.12 7.78 9.95 6.35 5.62 3.1 2.43 4.69 3.85 5.89 10.14 6.42 7.34 7.6 7.23 8.63
3.81 4.44 7.21 8.17 14.83 16.2 9.68 7.25 5.65 14.11 16.76 14.22 21.14 18.52 13.79 13.86 11.72 14.79 8.27 4.59 6.58 6.39 15.48 10.79 8.64 4.82 3.12 7.39 6.47 9.39 8.01 8.51 13.07 5.31 5.88 3.98 5.35 7.51 5.56 7.85 7.23 7.59 12.14 10.15 9.63 6.98 8.98 5.84 5.56 5.55 4.81 2.8 3.61 4.28 3.55 4.48 2.32 3.92 6.97 7.11 5.32 10.3 7.17 8.34
4.19 8.29 9.97 10.29 9.23 10.45 22.91 9.22 12.08 22.27 12.47 15.01 31.36 34.01 28.0 12.91 14.84 6.95 6.04 8.66 7.7 7.88 6.67 11.7 6.46 4.03 4.69 7.99 12.78 11.57 6.93 6.51 6.08 4.93 4.13 8.37 5.23 4.1 7.1 7.88 8.35 8.26 9.12 5.54 6.14 5.3 5.63 6.2 7.35 5.36 7.43 5.55 3.81 4.86 4.31 3.16 3.91 6.79 4.98 6.58 6.24 10.57 11.57 8.36
4.59 5.13 4.95 10.22 13.47 9.2 15.42 14.84 21.97 15.88 11.37 14.58 10.92 24.8 18.38 11.82 20.64 12.61 7.88 8.79 12.98 8.65 8.06 8.49 8.8 6.64 8.36 6.9 4.12 6.33 5.9 7.72 7.98 4.41 5.8 7.93 4.27 6.13 6.31 8.03 11.47 9.85 6.08 4.22 1.8 5.17 3.48 3.05 5.64 7.59 10.51 8.75 3.92 3.4 1.46 2.76 4.08 8.23 12.7 6.31 7.23 9.35 11.27 12.06
6.62 5.17 10.51 10.14 12.87 14.86 8.58 15.64 18.93 29.2 26.24 25.39 21.63 17.4 8.79 11.11 16.47 13.63 14.88 6.63 7.1 15.96 13.14 17.63 14.89 14.82 7.34 11.5 4.74 4.98 6.63 5.32 2.69 2.35 5.61 4.19 4.88 5.65 8.83 5.17 5.83 5.99 3.92 3.82 3.69 4.49 3.89 4.37 7.5 10.78 20.19 6.71 3.93 2.01 1.1 2.61 4.52 12.65 10.13 8.96 9.06 7.83 18.3 13.22
6.18 6.75 9.16 15.59 18.53 12.28 13.87 12.89 23.3 22.15 22.59 23.13 24.8 12.39 6.74 8.83 16.55 20.69 16.39 9.05 11.86 19.84 20.33 14.83 12.39 15.39 10.97 14.97 9.69 7.19 9.33 5.23 3.65 2.48 4.74 3.81 5.18 4.05 7.24 4.5 4.67 4.17 4.5 4.11 3.33 5.78 5.65 5.73 4.71 9.72 10.39 10.77 7.23 4.08 2.79 7.65 6.04 9.59 7.96 10.44 8.4 4.96 8.2 15.29
