4.78 11.1 6.7 8.43 7.5 3.93 4.92 4.48 4.37 5.57 8.08 18.53 14.19 7.36 8.2 5.52 5.6 6.53 10.59 5.65 6.69 5.09 8.79 12.52 9.01 3.28 4.46 5.19 4.3 4.56 8.71 2.99 4.53 6.52 11.96 5.59 6.5 3.57 5.22 13.53 4.44 3.9 5.33 5.27 5.7 7.28 6.29 7.09 7.22 9.39 11.56 7.46 4.45 3.19 3.86 5.93 5.13 4.65 10.58 19.48 12.57 22.17 7.04 5.86
7.18 6.25 7.83 3.95 4.63 5.74 4.41 1.97 3.5 15.02 8.31 8.13 10.01 9.4 13.14 6.22 6.47 7.27 8.04 4.78 3.44 4.84 11.92 6.19 4.06 7.66 5.87 3.54 7.14 3.35 7.32 3.32 4.83 3.41 3.53 4.17 4.02 8.48 7.09 6.11 3.86 5.8 4.33 3.47 6.41 5.11 6.68 11.69 4.39 8.6 9.4 3.68 3.72 5.62 6.3 7.1 4.08 7.09 17.12 15.48 9.28 14.98 11.59 7.88
5.08 10.16 6.74 7.11 4.72 3.68 2.6 2.06 5.38 6.9 9.81 8.25 9.97 7.57 11.07 5.94 5.34 11.99 5.21 4.15 3.83 6.32 7.17 7.11 3.77 5.28 5.16 4.7 5.38 6.98 5.01 3.45 1.77 3.61 1.95 4.48 4.97 3.81 5.24 5.72 5.81 3.57 4.75 3.01 8.51 5.18 5.29 4.3 4.17 4.81 7.4 2.86 5.53 5.38 8.25 5.33 5.02 16.04 10.48 6.52 5.45 10.7 19.01 17.73
3.66 6.93 4.86 4.36 4.78 3.38 2.11 3.41 4.11 7.56 6.87 9.53 8.8 8.1 5.1 5.16 6.61 19.07 12.69 5.82 4.56 7.09 5.75 6.58 4.64 10.32 3.73 4.7 2.62 5.26 5.42 5.66 2.5 3.38 4.13 4.94 2.8 2.47 6.76 8.59 3.34 4.18 5.26 8.62 9.06 6.75 5.2 4.42 3.29 7.0 6.74 2.83 4.89 4.48 7.39 7.37 5.06 8.66 7.22 3.95 10.78 8.28 20.39 15.02
5.13 3.87 3.14 5.01 4.21 2.33 3.57 6.0 4.95 6.02 9.77 6.54 6.41 6.2 6.39 5.76 6.5 6.28 7.97 5.14 9.19 7.12 8.17 6.29 5.9 6.69 5.21 4.88 2.89 5.66 2.98 4.8 7.05 7.87 4.65 6.95 4.85 4.01 7.86 10.11 4.35 5.55 5.79 5.68 9.29 7.29 6.0 7.12 3.91 5.24 3.02 3.68 4.04 4.91 6.43 6.13 3.85 2.35 3.83 5.44 13.06 22.04 23.22 23.27
6.22 6.66 3.88 3.35 4.76 3.41 4.72 5.14 7.3 7.34 12.3 6.21 5.87 4.24 17.33 7.6 9.88 6.08 7.11 5.88 8.61 11.41 7.84 5.61 3.27 5.46 5.34 4.57 4.82 5.59 2.8 4.0 4.87 4.47 5.3 11.18 6.94 5.72 5.27 5.48 3.94 6.28 3.62 7.74 12.74 12.58 8.32 7.48 3.79 2.39 4.89 7.33 4.77 5.3 5.06 4.25 2.98 3.51 3.18 3.78 13.62 17.72 19.54 20.3
6.22 4.54 5.28 6.79 3.01 5.14 6.63 5.59 7.23 7.13 10.3 8.1 10.45 17.75 14.8 7.44 5.66 12.88 7.88 9.9 9.2 8.03 6.78 6.52 5.1 3.5 4.67 4.9 4.3 4.42 3.75 2.47 4.29 4.58 5.16 8.5 11.53 3.76 6.17 7.63 5.72 6.11 7.07 12.22 13.05 14.76 6.28 4.24 7.05 8.49 10.07 13.91 4.97 7.33 8.02 4.35 5.07 2.44 4.41 4.67 7.11 7.15 9.72 11.09
3.97 8.66 6.67 8.35 6.59 7.07 5.91 3.65 6.49 5.64 5.73 12.96 13.16 16.18 6.53 5.1 10.93 14.96 10.41 6.38 11.05 10.24 5.64 4.49 4.94 3.23 6.04 7.76 4.48 3.73 6.91 2.9 4.19 7.66 6.65 5.36 6.81 6.81 6.21 7.65 5.33 8.8 7.37 10.43 10.8 7.6 7.66 8.85 10.5 6.21 11.74 17.84 12.43 9.55 9.42 6.41 5.66 4.72 6.19 5.18 4.79 3.46 12.77 11.89
10.03 5.05 10.66 10.43 5.82 8.71 8.14 5.45 7.47 7.09 13.46 14.91 17.8 8.96 10.87 11.53 14.16 11.57 7.27 14.13 9.63 6.6 2.57 3.43 5.58 5.84 8.99 8.34 3.36 5.45 8.99 3.2 7.13 6.83 4.68 4.31 5.51 3.87 6.98 4.99 4.36 7.6 11.29 6.74 12.84 8.08 9.0 8.28 10.7 4.11 5.82 16.53 18.41 9.54 10.23 6.32 6.15 4.82 7.96 4.38 4.74 6.69 5.32 5.99
11.74 6.88 10.48 10.02 4.77 10.57 6.89 6.51 9.28 15.37 15.43 23.99 14.84 12.69 16.26 13.59 9.64 7.98 4.94 7.56 8.82 12.08 5.77 3.52 5.78 7.96 10.39 15.53 5.73 12.44 8.6 8.82 4.67 8.73 8.11 3.97 4.3 7.08 7.15 6.93 6.55 7.58 6.71 6.92 7.45 6.22 4.27 5.62 7.64 9.27 10.28 13.12 18.46 9.15 11.52 7.47 12.51 6.56 4.18 3.72 6.29 4.61 4.1 3.95
21.41 18.9 12.65 8.63 6.79 7.62 6.22 5.03 10.09 16.33 22.26 22.75 16.18 7.79 9.24 17.0 7.07 9.69 8.09 9.98 5.7 13.47 8.71 4.32 3.2 5.42 12.06 22.72 10.42 11.11 12.86 16.53 8.21 7.57 6.83 6.52 7.33 9.81 8.61 8.56 11.52 7.07 5.73 8.21 6.2 7.26 5.25 8.69 13.9 9.58 13.51 24.89 15.46 12.03 14.16 11.92 7.24 13.1 4.95 5.53 2.2 2.37 2.8 5.32
30.7 31.52 9.1 5.93 13.94 5.48 9.18 7.64 9.06 13.46 25.93 28.04 11.7 13.62 9.66 8.07 10.71 12.14 11.42 7.84 7.79 12.2 8.32 5.31 3.23 8.54 13.09 8.81 5.25 10.94 10.97 19.67 14.05 10.45 8.61 5.16 8.65 9.26 9.1 11.61 9.16 12.66 10.39 18.63 5.3 6.16 12.89 10.88 8.47 11.16 17.5 16.17 16.01 16.24 9.53 8.34 8.01 13.7 3.84 3.75 1.29 2.54 2.88 2.95
15.96 18.46 22.42 12.2 8.07 3.9 7.64 8.66 10.99 11.81 8.96 24.45 15.52 11.19 10.08 11.05 10.13 17.26 9.18 13.05 29.78 12.28 6.84 7.64 4.32 7.44 7.24 3.62 8.01 7.14 13.11 14.08 24.13 11.96 7.58 8.32 4.92 10.09 7.93 10.34 9.2 12.21 16.22 10.53 13.25 9.88 15.24 18.59 14.07 11.51 11.26 10.8 15.45 18.15 19.08 5.32 8.8 7.0 6.82 3.56 3.44 1.93 2.62 1.98
14.48 27.19 20.92 12.5 7.65 6.12 6.5 7.51 9.74 9.96 9.8 25.97 19.2 5.13 6.45 8.02 22.02 17.47 6.17 11.37 27.32 15.78 8.45 6.99 2.47 4.25 7.21 4.67 10.54 5.59 5.26 11.36 12.94 19.52 13.96 6.71 6.8 9.24 13.3 9.01 15.14 10.26 15.15 9.6 16.15 17.48 23.51 14.44 14.72 10.54 11.98 9.03 18.32 18.11 16.68 5.54 10.33 9.72 7.56 3.7 2.67 5.16 3.64 4.7
25.12 15.82 14.33 10.96 8.79 8.68 6.04 6.82 7.65 9.0 13.91 12.27 7.73 4.22 8.65 7.19 13.0 17.07 5.97 7.03 26.82 15.49 15.49 11.97 7.41 6.97 8.28 6.12 4.91 3.59 7.42 10.68 10.87 9.27 7.8 9.15 19.44 13.86 16.46 6.86 11.42 8.98 16.91 5.58 6.12 7.76 8.81 10.02 7.41 10.33 13.44 11.48 18.77 17.05 9.93 6.73 9.84 10.59 6.18 3.48 3.49 6.15 5.5 6.03
8.95 15.42 13.05 10.95 5.59 7.6 8.11 6.46 6.91 7.87 7.23 8.67 4.22 10.62 6.01 6.96 11.88 16.15 12.17 9.06 12.94 18.74 19.98 11.08 9.32 7.33 7.44 7.51 5.53 5.35 5.18 11.27 5.36 7.89 4.92 10.12 9.93 19.91 16.19 11.03 9.02 9.78 5.36 6.76 6.56 9.51 6.67 4.21 6.05 5.48 13.28 8.47 18.04 13.05 8.57 12.2 6.17 5.33 9.29 5.92 4.11 3.65 7.38 6.37
14.27 9.56 12.29 8.0 5.67 6.84 5.29 8.17 7.54 6.62 5.36 10.58 4.67 11.23 5.74 5.36 13.15 13.18 6.14 11.48 10.71 11.86 6.97 13.02 5.53 7.76 8.62 12.3 4.41 5.46 5.7 4.04 5.49 3.48 5.04 12.82 7.15 7.7 8.42 12.14 8.7 9.2 9.48 7.73 11.87 9.78 7.79 3.95 4.13 3.19 9.21 15.45 13.33 18.33 16.18 14.16 6.02 15.82 12.48 7.39 3.8 2.9 7.54 9.81
9.71 12.84 17.09 7.74 4.69 7.05 3.79 5.05 6.85 7.15 6.51 8.53 5.5 9.13 3.88 4.38 11.3 11.79 9.02 7.66 7.65 9.02 6.95 6.67 17.19 6.01 6.28 6.51 7.01 3.16 5.03 3.23 5.62 4.35 6.39 4.04 5.8 5.18 4.43 4.04 7.82 5.07 9.87 9.96 6.83 12.52 11.01 7.46 4.87 6.03 5.9 19.27 8.13 27.14 29.61 20.44 10.61 18.06 9.81 8.31 4.38 4.03 5.56 5.98
14.63 16.24 11.61 7.9 6.01 5.05 5.09 5.12 6.23 5.92 10.8 4.23 8.41 5.45 2.65 4.12 18.83 3.61 4.04 3.46 6.53 7.23 6.4 5.96 9.39 7.29 7.14 4.19 5.1 3.88 4.52 4.32 8.59 7.07 7.04 3.83 4.55 5.46 4.01 1.67 3.64 6.22 6.67 5.62 8.04 12.05 12.95 10.42 8.39 4.35 3.86 11.7 11.4 32.54 15.47 11.16 10.53 17.37 6.96 8.56 4.62 4.14 8.32 4.44
9.59 17.34 11.32 3.95 5.93 5.55 7.29 10.38 5.61 3.33 6.56 5.42 4.1 7.64 3.91 5.02 6.35 4.77 3.5 3.23 3.45 3.55 3.77 7.14 10.56 6.63 7.0 4.95 4.39 5.93 4.7 4.46 5.25 10.17 10.98 4.43 6.97 3.83 2.75 1.64 1.96 2.32 3.19 5.96 9.23 15.28 7.48 8.25 9.8 10.17 7.27 17.47 11.24 15.06 13.43 9.5 17.73 10.6 11.75 8.79 7.61 7.07 4.42 2.99
6.98 6.19 8.3 6.62 7.1 6.72 9.02 9.28 6.37 3.83 3.59 4.9 5.31 9.6 4.62 5.12 4.83 7.06 6.62 2.17 2.74 2.44 2.35 2.89 4.56 11.09 8.35 8.03 11.17 5.21 2.96 5.56 6.49 10.01 11.24 10.33 6.78 4.23 1.93 2.29 2.85 2.03 5.27 3.61 6.88 9.87 8.41 10.69 15.76 7.61 14.99 9.77 8.76 8.02 16.01 15.08 13.0 11.08 11.77 13.16 6.11 4.13 3.94 4.53
3.78 7.76 5.74 10.22 6.84 5.33 7.36 18.37 5.08 5.39 9.25 3.59 5.53 5.91 6.11 4.99 4.59 4.76 5.16 4.62 2.64 1.8 3.42 2.96 5.6 6.45 7.61 11.69 12.75 4.63 3.68 7.5 4.17 10.27 18.94 17.9 7.44 4.4 2.65 6.07 6.52 4.46 4.05 3.95 4.47 6.37 7.29 9.42 15.42 7.48 12.94 7.6 8.34 8.34 9.75 6.38 16.51 7.66 10.62 6.5 4.52 3.82 3.99 9.4
3.78 5.0 6.56 6.09 12.17 5.27 7.61 15.36 10.29 8.09 11.81 5.15 6.68 9.23 5.36 4.7 5.21 9.88 9.15 8.99 5.69 2.76 4.01 4.28 3.52 10.28 3.99 4.28 4.12 9.19 4.86 5.06 4.44 9.77 13.27 14.69 5.84 6.16 9.6 7.56 4.46 4.6 6.86 5.0 9.53 7.39 7.83 25.76 21.76 20.41 19.45 7.95 7.34 8.43 4.9 5.17 7.83 8.23 7.14 3.84 3.62 5.32 5.61 6.26
3.63 6.52 8.58 7.47 9.15 4.71 7.54 15.03 9.76 6.75 7.59 8.11 9.98 12.2 10.41 5.64 8.29 15.14 9.83 11.79 9.08 3.69 3.3 4.96 4.75 4.09 5.32 4.42 5.66 4.73 5.65 5.96 6.2 10.6 8.59 8.34 7.73 4.74 8.35 9.12 7.97 5.89 7.53 13.56 26.19 13.48 11.42 24.01 24.54 33.34 12.97 8.41 7.53 10.45 4.56 5.7 8.23 4.69 4.7 3.15 5.29 5.58 6.84 13.25
6.19 5.51 8.06 6.6 7.42 4.57 4.88 5.98 6.8 7.0 7.17 12.77 11.95 9.52 10.53 7.96 19.61 13.13 13.42 10.95 13.11 5.02 4.72 5.93 3.53 3.96 6.23 7.8 5.8 3.65 6.35 5.24 6.44 6.95 12.17 3.86 5.36 6.73 12.6 11.65 11.95 9.48 10.22 10.08 32.01 20.18 9.81 28.19 15.34 23.75 14.11 13.04 7.65 5.47 8.19 10.27 4.46 4.75 2.49 3.28 4.4 8.31 6.59 22.25
11.34 6.37 5.48 8.95 6.18 3.14 5.11 8.32 4.13 5.58 10.99 7.3 8.73 12.05 12.27 9.45 10.08 8.72 17.27 23.0 11.5 2.72 2.69 5.04 5.29 4.11 6.29 6.37 8.74 6.09 12.2 4.68 3.92 5.18 5.77 7.42 12.69 7.95 6.13 15.59 23.31 11.28 12.06 11.41 18.97 25.89 10.39 18.57 12.64 26.35 5.51 6.04 7.28 6.72 10.77 18.01 7.44 3.98 6.29 4.16 5.47 10.55 6.63 7.65
8.13 8.21 12.02 10.29 5.25 4.65 9.13 8.98 7.11 4.74 6.97 8.28 10.46 16.46 10.46 8.88 6.48 8.17 11.88 13.75 6.01 4.0 2.39 3.63 5.43 5.17 5.7 8.44 10.64 8.12 6.81 5.22 3.58 4.47 14.3 8.69 4.78 5.24 8.7 9.67 11.73 15.14 10.46 21.46 31.2 16.37 12.39 11.5 7.89 7.28 14.1 3.33 7.07 10.96 25.63 33.06 12.64 9.08 13.11 17.77 7.86 10.42 7.52 16.94
15.12 13.1 11.34 11.02 5.72 13.08 10.57 8.02 4.27 10.6 15.94 19.73 14.56 13.28 9.52 10.01 7.86 9.86 9.78 13.38 7.56 2.79 2.67 1.93 3.65 8.71 8.5 9.48 7.96 5.46 6.81 5.97 7.25 4.66 9.9 5.38 5.19 5.55 8.32 8.25 9.72 16.48 17.86 20.59 21.88 11.48 11.77 8.0 12.13 7.68 8.57 5.68 8.53 14.67 18.96 26.11 18.23 15.65 21.86 11.44 12.2 17.58 8.71 13.38
12.79 17.18 10.19 9.08 8.35 5.56 7.53 8.5 6.65 8.63 11.33 26.76 9.52 14.91 9.13 7.22 9.82 20.07 12.52 11.25 4.58 1.94 1.99 4.16 6.25 15.2 11.86 9.69 14.58 14.06 7.81 6.41 5.76 8.29 8.9 7.15 3.15 6.33 10.11 16.01 11.58 15.03 11.94 27.99 9.94 9.45 7.03 7.65 5.28 6.35 8.51 7.36 6.02 14.71 19.78 30.53 19.09 13.62 13.67 16.59 33.04 16.62 7.07 5.16
9.55 9.11 9.25 10.86 11.52 5.31 6.14 10.5 6.03 8.51 13.42 11.16 20.83 7.09 8.59 10.26 17.04 22.51 8.23 9.81 6.03 4.78 4.44 5.86 5.76 18.08 12.07 17.88 10.63 11.61 6.16 7.9 6.31 6.04 6.16 8.65 3.59 4.46 10.74 15.33 14.17 18.48 12.12 12.56 15.66 10.06 5.25 4.84 6.87 9.02 6.43 8.68 10.43 13.56 13.5 17.22 15.62 16.46 13.88 12.02 26.78 21.96 4.41 3.97
10.46 7.55 5.54 14.17 13.53 8.47 11.06 4.49 6.27 6.99 10.4 10.08 9.81 8.13 5.48 8.44 13.88 27.65 13.36 10.26 16.86 7.07 7.32 5.05 5.55 14.97 21.39 9.6 11.33 15.37 10.08 10.97 7.36 3.96 6.57 6.62 4.21 2.59 9.11 6.88 15.0 27.99 16.44 13.91 20.27 12.06 5.94 4.65 4.38 7.32 13.8 8.12 6.09 4.95 8.22 17.24 21.86 15.85 9.36 9.68 7.37 8.33 3.74 4.82
10.33 6.9 5.35 7.81 9.22 7.52 7.69 5.21 6.17 8.36 4.82 4.38 3.48 2.66 7.87 4.12 5.78 23.19 19.67 10.14 21.84 11.22 6.75 4.41 11.51 10.66 26.24 7.28 15.14 9.16 13.6 8.98 16.06 5.24 5.54 3.06 4.05 3.52 3.85 11.46 10.11 34.96 21.6 13.08 16.5 15.45 9.34 5.76 9.99 6.43 5.71 6.21 4.17 5.86 9.95 15.37 6.96 15.68 9.25 5.34 4.11 3.48 2.26 4.01
16.08 17.72 9.23 6.46 4.09 8.4 13.44 7.75 9.14 8.71 6.55 3.96 2.9 2.17 5.88 2.54 3.89 10.01 12.21 9.3 11.22 10.8 10.7 9.3 7.54 5.24 10.25 8.07 10.25 6.48 7.43 9.26 5.28 6.51 5.07 3.73 1.75 5.11 9.24 23.89 12.26 22.79 12.89 14.5 9.22 17.34 13.9 9.21 9.38 10.28 7.06 3.67 3.89 5.0 5.79 9.88 8.28 6.65 5.35 3.15 3.15 5.27 3.91 2.98
29.22 25.22 6.75 8.8 6.89 13.92 10.48 8.38 6.56 13.72 4.65 4.48 4.4 4.12 3.61 3.12 4.41 10.33 7.6 9.01 10.97 11.37 13.25 12.14 10.37 7.02 10.02 5.27 5.09 6.92 10.14 8.45 4.56 4.77 2.96 5.27 3.61 7.13 9.46 12.21 12.11 17.69 12.15 6.62 11.05 10.07 9.79 9.58 5.44 5.21 6.88 5.79 4.08 5.06 6.44 9.68 7.28 6.46 5.02 3.13 7.79 4.94 4.98 1.54
23.22 17.39 5.6 12.45 7.6 16.6 7.13 5.81 5.44 5.06 3.51 5.77 3.75 3.0 4.25 5.37 4.67 8.32 8.32 10.21 7.99 11.29 20.83 13.91 7.03 8.68 9.44 7.46 4.71 6.7 6.66 10.27 5.07 8.7 5.87 8.26 6.4 6.97 12.8 10.16 20.41 19.93 5.2 4.25 7.21 7.37 7.45 6.5 3.42 3.26 6.59 7.19 3.79 4.4 8.94 8.89 5.25 5.58 3.42 2.52 5.48 4.95 3.73 2.85
36.27 11.92 13.59 6.96 9.17 7.37 9.83 4.1 2.88 2.88 2.77 3.95 2.19 3.2 5.88 6.63 9.84 9.49 8.26 8.1 11.91 11.83 12.0 12.33 8.98 10.49 9.67 10.54 4.21 6.92 13.51 8.63 5.42 8.0 9.64 5.29 12.36 15.14 10.18 13.4 11.12 11.38 6.35 4.32 4.77 5.32 5.01 4.34 1.91 2.7 2.52 4.76 3.74 4.56 6.29 7.92 5.55 9.6 2.47 1.81 2.24 2.54 6.43 4.97
14.77 18.3 9.88 2.93 8.28 7.5 14.63 3.9 2.51 2.35 6.21 4.6 4.41 4.18 10.26 6.41 13.9 9.87 12.5 14.11 10.03 19.61 13.64 17.99 16.49 13.48 8.22 6.6 6.28 7.03 9.58 8.18 3.4 6.87 7.97 12.4 9.8 12.71 7.41 10.89 15.12 8.36 5.34 6.28 5.46 3.56 5.54 3.91 2.22 1.51 2.73 3.83 4.37 4.74 6.47 8.21 5.16 5.04 4.3 2.18 1.95 2.69 4.7 3.15
13.11 11.66 10.16 10.51 9.68 4.28 4.56 5.77 4.31 4.92 7.88 7.19 5.88 7.2 7.71 5.13 12.09 8.86 7.28 10.9 11.48 21.93 16.82 16.05 11.39 8.1 6.51 5.09 7.54 9.06 8.0 4.67 7.63 6.0 10.05 14.76 7.99 8.43 15.36 14.72 8.39 9.34 13.31 6.29 4.0 3.74 4.32 4.97 3.05 3.04 5.83 5.17 5.02 4.23 6.77 5.31 4.76 3.5 3.34 2.11 2.35 4.48 2.94 2.7
8.67 15.47 9.08 10.07 8.46 6.97 4.94 3.76 5.01 3.27 7.17 10.82 6.11 6.8 7.84 6.24 10.91 16.85 7.96 7.72 8.58 12.05 13.81 9.28 8.57 8.4 5.78 5.73 6.53 7.0 9.12 14.11 4.59 7.9 7.78 8.64 4.51 9.64 16.38 6.04 7.45 5.36 9.08 6.97 5.01 7.84 7.48 4.62 2.45 4.08 9.31 9.18 8.71 11.27 5.28 4.32 7.93 3.33 2.43 2.55 4.37 4.1 2.81 2.31
11.39 15.77 8.85 9.8 9.39 9.09 9.4 9.48 7.91 3.21 4.77 15.77 13.0 13.62 8.43 7.61 9.72 9.22 6.09 8.79 13.9 10.37 13.9 5.41 6.89 8.14 5.84 5.05 7.01 10.02 7.99 6.99 6.29 7.0 9.31 9.27 8.29 5.92 7.86 9.5 6.42 6.14 4.67 4.33 6.47 10.65 9.37 4.57 4.68 3.47 11.05 11.18 13.18 13.19 10.63 3.53 4.77 2.49 4.55 4.12 5.49 2.26 4.04 1.91
6.34 16.75 15.04 9.73 10.39 13.89 10.64 15.72 6.96 5.17 10.21 18.38 7.3 11.09 13.95 7.25 7.18 10.24 6.92 11.39 18.02 11.79 9.63 5.87 2.94 3.8 6.73 12.52 6.28 4.6 6.76 8.57 8.23 8.0 6.47 11.39 13.49 4.23 7.19 8.38 5.67 3.85 4.53 5.57 11.87 6.98 7.87 7.65 8.25 6.11 10.81 9.7 14.64 10.54 7.92 5.23 7.96 4.08 7.13 4.36 6.59 2.63 3.67 3.5
5.48 3.92 10.68 8.89 8.35 14.4 18.69 7.83 10.6 8.67 9.76 14.23 12.9 10.64 6.8 6.6 10.38 13.51 13.45 13.93 11.09 5.72 3.92 6.22 4.43 3.87 4.32 5.68 4.86 4.02 4.03 4.79 8.43 9.7 6.76 10.88 10.55 4.49 7.8 7.15 4.11 7.18 6.3 4.33 7.65 11.48 7.46 16.6 10.77 6.29 8.29 13.41 12.93 8.99 8.02 13.5 3.86 7.24 5.58 8.21 6.46 3.37 2.8 3.72
4.57 6.15 15.18 9.12 5.84 11.22 10.34 9.08 17.44 9.77 14.86 9.66 11.29 7.84 10.85 7.24 11.97 9.84 11.62 10.88 6.04 4.24 3.52 6.11 4.77 4.37 3.28 3.54 4.21 4.06 5.08 4.58 3.86 9.24 10.52 8.32 8.31 9.42 8.0 12.63 5.8 7.76 5.43 5.85 4.21 6.14 9.75 12.93 6.61 6.12 6.23 12.69 15.65 12.56 9.43 11.22 3.94 6.24 5.88 7.52 5.9 4.16 3.96 5.98
6.09 10.22 9.9 4.47 3.32 10.94 13.75 9.94 17.11 11.19 7.43 13.04 11.13 12.79 6.11 9.57 16.7 18.01 12.31 5.0 5.89 7.19 5.04 3.14 4.3 5.54 4.12 3.68 4.82 4.67 3.64 2.54 5.74 8.79 9.79 2.85 4.76 10.73 16.44 7.57 6.14 6.85 8.54 4.61 7.76 15.29 9.0 7.94 3.83 7.12 9.91 13.76 11.36 12.04 27.5 11.79 8.03 8.1 6.18 6.87 5.58 4.22 5.08 5.36
5.7 10.94 5.8 2.81 3.14 9.62 11.16 15.76 6.02 8.05 5.29 8.6 9.56 8.4 6.36 7.99 10.82 9.42 7.22 6.82 6.46 7.56 8.02 4.58 4.73 4.63 9.23 3.8 4.26 3.79 4.44 3.84 7.06 8.81 6.43 4.43 6.61 6.44 6.51 6.19 9.28 9.57 8.98 8.18 6.57 7.65 9.7 7.28 9.03 8.31 6.43 6.92 13.05 15.36 25.06 14.54 13.2 5.91 14.25 8.2 4.69 3.75 4.19 4.02
6.92 8.71 6.7 5.19 3.92 8.0 8.98 6.1 7.29 3.83 3.21 5.1 6.38 3.16 6.13 10.44 8.67 9.36 13.33 9.08 7.15 5.33 10.16 10.15 7.01 8.05 4.56 5.15 5.45 7.44 3.93 5.03 10.84 19.66 11.78 4.46 4.7 3.99 6.75 3.93 6.83 5.78 4.83 6.98 10.57 7.93 6.11 9.22 12.19 5.42 8.05 4.76 6.02 11.27 34.54 9.94 12.22 11.88 7.06 8.18 3.73 6.49 2.81 6.34
5.73 4.87 4.04 4.24 4.86 6.22 12.74 8.78 4.96 5.08 3.35 3.52 5.03 7.7 6.51 10.13 10.7 10.78 13.63 17.41 11.07 7.19 7.83 9.46 8.57 19.44 7.01 3.97 6.51 4.27 4.55 11.36 16.04 16.15 7.86 5.64 6.74 7.18 4.14 3.73 3.41 3.48 5.02 7.26 8.15 9.67 10.88 9.59 17.71 6.25 7.5 4.87 8.54 11.38 14.26 6.5 8.66 7.03 6.69 4.46 6.12 5.47 3.46 3.19
5.37 5.36 2.71 2.4 4.31 5.23 7.07 5.11 4.53 2.81 3.86 3.18 5.26 7.66 5.31 5.84 9.45 11.68 9.1 15.23 14.0 14.0 6.05 9.66 7.62 11.64 5.61 7.15 7.89 10.66 6.04 6.69 14.02 15.75 7.7 5.23 4.75 5.56 3.97 3.46 2.99 3.83 3.77 3.32 9.62 14.07 15.86 10.06 12.0 13.7 18.44 7.45 6.31 9.03 9.41 6.25 5.07 4.24 5.68 13.87 4.11 4.3 3.33 4.39
4.8 5.78 4.87 1.8 2.97 2.22 2.61 5.17 4.46 2.96 3.45 3.05 4.38 3.35 8.69 5.72 9.21 6.7 16.35 11.71 9.02 10.27 6.23 4.42 5.04 5.24 6.06 11.42 7.45 9.56 9.28 6.42 12.38 12.25 6.34 3.31 2.25 4.43 3.16 3.28 1.77 3.17 8.36 5.69 10.62 15.51 13.15 12.15 13.75 23.03 8.96 5.59 7.3 10.02 6.39 5.9 5.25 4.12 6.73 3.49 3.27 5.13 3.25 4.6
7.89 7.27 2.86 1.88 2.08 3.02 3.58 3.55 2.42 3.3 4.82 3.73 4.0 3.62 3.84 5.53 9.18 8.16 6.84 6.17 6.56 8.5 8.64 5.08 9.51 5.06 7.61 5.43 11.58 13.17 15.35 9.55 11.0 9.13 5.68 6.04 3.95 2.82 3.6 2.06 2.27 3.29 9.0 7.33 8.41 15.34 9.91 7.89 7.01 14.01 9.28 11.76 6.44 8.67 5.67 7.1 8.09 4.36 2.39 3.23 2.89 4.54 4.08 6.41
4.63 6.82 2.2 2.84 4.98 3.33 1.87 3.01 2.21 3.85 5.09 4.35 4.66 2.28 2.24 4.77 5.49 4.12 5.82 6.01 4.82 4.67 5.48 4.3 11.55 7.68 6.93 8.93 13.08 15.98 15.94 8.85 9.77 9.35 9.19 4.4 8.68 4.87 1.74 1.5 1.66 3.79 4.55 8.5 11.61 17.92 12.49 8.35 10.97 10.08 7.63 8.88 8.99 10.47 11.28 9.97 6.59 5.34 4.01 7.15 3.37 3.25 4.35 6.96
4.83 5.99 2.86 2.76 4.93 3.55 3.44 2.84 4.21 8.65 7.64 4.84 4.06 3.25 1.57 5.74 1.74 2.34 3.49 2.92 2.88 1.92 2.67 4.08 6.09 11.31 13.2 16.19 14.07 8.87 9.45 8.46 12.27 11.09 5.85 3.98 7.17 4.84 2.8 1.37 1.36 4.02 4.03 8.26 11.28 11.77 13.07 13.8 7.71 6.17 8.24 7.14 4.79 11.72 10.68 12.93 10.54 9.13 3.8 5.63 4.12 4.65 8.56 10.66
4.33 8.43 4.93 2.98 3.7 5.93 6.11 5.5 2.7 10.9 7.02 4.04 5.69 3.89 2.84 3.31 3.1 2.78 1.98 1.85 2.29 1.86 2.44 6.36 11.12 13.06 12.42 15.61 12.9 17.55 20.87 11.88 7.94 7.18 6.35 3.9 6.69 4.46 1.92 3.06 1.6 3.51 3.49 3.09 6.68 6.54 15.57 6.66 8.59 4.51 6.29 6.03 7.51 9.65 11.87 12.12 8.21 7.36 9.66 3.53 9.12 9.47 9.57 7.56
8.32 6.7 6.2 4.63 2.57 8.84 6.86 5.63 4.81 8.99 6.87 4.28 9.07 4.79 4.07 7.9 4.29 2.5 1.56 2.63 1.47 1.36 3.37 4.91 4.56 19.1 9.65 13.03 14.16 19.13 19.67 17.24 3.02 4.23 5.98 7.59 5.79 3.57 3.17 2.12 3.7 2.17 3.5 4.22 12.59 6.96 5.41 7.09 7.64 4.38 4.49 6.32 8.03 7.76 7.44 15.89 13.83 9.06 12.57 4.79 10.38 15.21 5.88 5.9
8.1 5.09 3.6 3.2 6.08 2.83 6.16 5.18 9.74 7.18 8.62 6.77 10.74 8.86 5.59 3.28 5.62 2.17 1.46 2.27 1.64 1.65 4.13 4.3 7.86 16.92 11.06 9.29 8.38 18.04 6.83 10.7 4.93 5.37 3.53 4.36 6.38 4.41 3.7 1.79 2.53 2.78 3.48 5.34 8.13 7.68 3.0 3.63 3.55 5.18 4.79 6.94 4.55 7.63 6.31 18.27 20.47 20.16 11.47 6.93 13.75 15.5 3.85 4.37
5.83 2.99 2.72 1.86 3.43 5.57 3.62 3.0 8.65 6.7 10.34 14.78 9.89 4.41 5.89 5.64 3.99 2.38 2.01 3.23 3.19 3.59 4.67 5.05 10.65 16.13 13.87 11.28 8.32 12.16 10.61 8.51 10.32 3.99 3.11 9.53 5.38 3.62 2.98 2.85 4.88 7.19 2.43 3.37 4.25 7.86 4.91 6.91 2.18 2.29 3.01 4.85 7.11 6.33 7.25 10.77 16.87 20.04 12.84 6.82 10.18 12.43 4.78 7.03
4.44 3.19 2.99 2.14 1.8 3.56 4.2 4.09 8.91 14.59 10.3 10.83 4.4 5.15 7.34 6.89 3.71 1.9 2.14 3.8 2.84 5.1 6.23 5.85 8.91 15.83 17.93 9.78 8.86 17.09 12.13 4.53 8.07 4.41 6.3 6.34 8.58 5.15 7.14 7.52 12.64 7.99 5.54 5.12 4.56 6.89 6.6 3.0 2.58 2.7 3.0 4.56 5.28 4.73 12.62 10.93 9.63 10.57 9.84 5.91 6.31 10.73 6.82 7.11
2.48 2.62 3.42 2.39 1.74 4.43 5.41 11.52 11.67 8.83 11.05 9.73 6.1 4.03 5.78 6.48 4.47 4.44 3.42 3.97 2.91 6.01 7.56 7.44 7.7 8.02 16.6 5.62 8.83 6.42 6.72 6.25 5.77 2.27 3.99 8.11 9.53 10.15 7.72 9.76 10.94 5.81 7.17 10.82 6.5 4.91 6.75 4.86 5.13 2.8 3.28 7.27 4.51 5.56 9.58 8.88 9.57 7.59 4.95 4.46 8.27 5.53 4.95 8.93
4.57 2.15 2.41 3.81 3.31 4.3 9.75 13.32 13.37 14.53 14.36 9.06 6.41 3.04 3.63 7.05 8.71 2.87 6.37 5.34 5.51 4.76 5.57 5.06 5.28 4.95 8.57 5.41 8.64 11.28 6.31 6.75 3.64 3.27 7.6 11.4 10.64 7.33 6.33 10.63 7.65 6.34 8.06 10.59 8.47 20.65 14.57 4.64 4.33 2.56 3.43 6.77 4.1 2.76 4.66 4.84 8.85 5.55 4.47 3.73 3.9 6.18 6.05 4.39
6.02 2.83 2.56 2.73 6.1 4.27 8.51 14.41 22.81 21.61 5.92 8.1 4.94 4.84 4.57 6.06 4.3 5.15 6.3 8.65 7.61 10.21 3.69 6.86 3.56 7.98 6.73 5.44 7.34 12.6 7.29 10.2 4.77 7.71 10.01 10.0 9.32 11.18 4.83 5.25 8.24 4.73 7.09 8.1 15.84 25.07 13.69 8.95 4.91 3.17 4.68 6.88 4.76 4.49 1.5 3.06 6.46 5.51 3.47 4.69 9.39 6.2 4.84 2.66
6.47 2.24 1.42 2.99 5.93 8.45 13.88 17.02 11.27 12.47 3.67 9.02 8.76 7.61 6.35 5.62 5.01 9.75 5.26 6.9 9.11 10.93 9.83 4.0 3.52 10.3 9.51 6.39 9.15 7.69 5.53 5.84 6.43 9.15 7.81 9.44 17.44 12.4 2.59 5.65 3.91 4.89 7.73 6.62 6.95 37.43 15.75 7.96 6.9 5.15 4.95 7.31 5.21 4.46 4.43 4.19 2.24 3.4 6.36 7.55 7.46 9.21 3.2 3.7
2.53 2.08 2.78 3.06 5.03 5.64 10.97 11.8 9.47 7.5 5.22 8.01 9.77 6.59 10.51 4.87 4.54 5.02 3.55 7.57 8.02 6.24 11.18 9.29 5.29 20.48 12.92 11.05 11.38 4.51 5.17 5.96 4.52 9.22 16.0 11.11 16.81 13.1 4.13 4.68 4.95 4.19 8.6 9.59 8.97 8.09 7.54 8.1 4.52 3.95 7.11 6.68 10.91 10.53 4.27 5.29 3.16 2.37 4.49 14.22 9.15 6.52 3.32 7.58
2.42 2.53 2.96 1.94 2.88 3.71 10.84 7.84 5.96 8.77 6.49 8.0 8.24 7.31 5.21 8.6 3.66 4.97 3.02 13.38 8.86 5.25 12.39 11.89 15.62 15.99 16.32 7.2 12.43 5.77 6.72 5.62 7.42 10.12 18.37 8.79 17.45 7.64 12.53 7.1 5.8 6.83 7.61 7.16 12.63 6.62 7.02 9.86 5.68 3.49 15.4 19.42 12.1 6.78 6.93 5.69 4.16 5.83 4.4 5.48 13.55 9.95 4.94 5.31
3.79 3.2 2.22 2.21 2.53 5.83 7.5 8.65 6.5 6.09 5.63 7.19 6.57 9.18 4.67 4.84 6.22 4.06 2.03 5.43 10.21 6.99 11.34 16.58 11.74 9.17 9.88 8.8 15.34 13.25 8.16 4.57 6.87 9.45 15.95 10.42 15.71 7.99 9.82 12.76 10.35 8.19 10.41 8.48 17.21 8.87 15.82 7.21 3.91 3.63 11.65 14.51 24.94 10.9 4.62 11.53 5.42 8.55 8.64 8.08 13.2 7.53 3.33 3.65
