15.03 17.1 10.31 6.94 5.99 5.32 6.36 7.9 14.89 8.28 6.04 12.75 8.0 4.81 2.74 6.01 4.3 4.44 5.59 12.41 7.88 3.89 4.57 4.3 3.59 2.67 4.77 6.43 3.51 6.31 12.07 9.69 6.38 6.97 8.93 10.24 7.55 6.17 7.31 17.35 26.05 13.01 8.37 5.82 3.84 6.63 9.47 2.31 5.24 4.5 5.33 8.76 15.56 11.2 8.29 12.76 9.95 7.74 12.67 7.11 8.89 11.11 8.0 13.84
8.09 7.65 10.77 6.68 4.82 8.97 6.77 7.53 11.71 10.0 10.55 9.22 6.37 7.63 3.66 6.17 4.92 5.61 11.44 9.03 6.2 5.98 3.75 3.61 3.35 3.78 2.37 2.84 3.96 7.02 9.91 10.4 4.72 6.87 8.76 8.32 7.01 5.05 4.03 13.64 23.68 14.21 10.12 5.82 7.63 5.98 5.29 4.78 4.82 5.47 6.1 11.92 12.49 9.61 7.14 13.37 6.25 9.81 13.59 25.68 11.73 9.4 7.55 4.8
8.98 5.09 5.92 3.64 4.85 8.27 8.71 3.84 4.02 10.23 12.83 6.42 5.36 8.4 9.24 8.11 7.09 5.43 12.27 5.42 4.0 8.06 3.65 3.11 3.34 5.19 2.45 4.53 4.07 9.43 12.69 11.17 4.69 8.52 9.45 11.17 7.46 8.66 12.69 11.41 17.34 17.26 6.85 14.78 11.47 10.17 7.53 7.57 8.95 8.07 7.86 9.25 12.17 16.2 15.26 15.05 8.3 13.21 10.13 21.42 13.92 5.72 8.54 11.39
9.89 8.11 3.02 3.32 6.12 6.43 7.54 3.56 3.19 6.33 10.79 5.38 5.67 6.27 8.65 9.47 9.84 5.84 5.31 8.86 3.5 5.06 3.33 2.95 4.78 7.09 4.86 2.29 2.16 6.72 13.96 9.69 5.41 6.75 6.7 9.95 8.98 7.46 5.65 8.99 9.45 17.19 11.08 14.67 12.47 17.88 8.13 4.41 17.63 18.91 14.04 8.85 10.73 12.27 13.37 9.02 6.73 10.31 13.0 9.32 11.82 7.81 6.3 9.25
5.03 4.56 4.72 4.18 6.41 6.44 10.34 3.7 6.21 9.62 10.32 8.95 5.4 7.8 11.17 7.86 6.75 5.44 4.7 5.13 4.39 7.51 4.16 2.57 4.04 8.95 6.71 3.14 4.43 8.25 8.7 6.78 6.3 3.6 5.82 11.92 10.35 6.16 6.11 13.27 15.88 29.09 14.73 10.81 15.71 17.28 10.73 12.72 10.23 7.33 12.55 9.57 7.54 7.54 13.25 7.61 7.85 7.26 9.73 20.4 15.32 5.41 3.86 8.09
4.5 10.75 7.4 5.03 3.69 3.59 5.19 6.46 7.5 6.38 10.74 7.73 5.6 6.61 8.8 4.0 3.99 8.27 4.99 3.2 5.94 10.58 6.32 4.84 7.98 3.86 10.91 7.39 6.57 10.23 17.4 15.08 9.59 12.03 6.07 13.79 9.64 5.0 10.66 16.03 15.8 21.67 28.95 27.49 7.98 12.21 15.26 5.63 18.89 9.1 9.4 9.18 10.04 8.54 15.11 15.54 10.95 6.99 11.44 15.77 8.93 7.16 5.0 6.13
11.84 14.33 23.93 12.25 4.28 2.47 4.17 4.52 6.57 5.05 7.76 12.91 6.8 6.32 4.02 4.32 3.97 9.04 6.01 4.84 4.08 6.33 12.03 12.89 13.77 8.79 9.91 18.44 15.08 18.81 15.07 14.94 12.76 10.59 15.27 7.87 9.9 4.58 6.76 14.7 6.45 15.53 28.53 22.1 12.03 20.53 17.3 13.85 11.52 14.67 6.72 7.71 8.69 14.58 13.17 16.96 5.52 7.9 12.08 9.9 6.58 4.32 6.19 3.93
6.74 16.08 29.23 14.15 3.51 3.59 6.15 7.6 9.54 11.56 6.82 6.78 6.3 5.02 4.48 6.12 2.53 11.35 17.26 3.24 2.36 5.36 4.75 4.68 5.42 9.85 10.51 12.85 23.57 22.31 11.36 23.85 12.42 20.73 17.13 11.21 4.84 8.74 9.3 8.55 5.46 11.91 14.94 22.73 17.99 18.56 26.37 14.12 11.26 21.91 9.46 7.61 6.49 10.17 9.74 7.55 7.88 8.67 4.87 8.7 7.02 6.4 4.59 4.07
11.61 12.92 10.63 12.23 10.91 9.56 6.85 15.24 10.5 11.65 10.81 6.3 4.21 4.01 8.31 2.72 6.66 10.18 8.06 6.45 3.04 2.51 2.57 3.88 5.86 6.49 9.55 23.16 17.26 14.18 7.87 7.79 8.59 7.03 12.13 10.86 7.79 8.17 15.27 7.68 5.11 6.39 32.37 30.57 16.83 17.31 12.13 13.32 9.64 9.26 9.06 8.21 9.5 9.71 14.23 10.53 8.43 8.06 6.71 13.36 9.2 12.77 7.45 5.69
11.29 17.81 9.09 23.39 17.64 21.79 20.88 9.57 19.19 9.82 13.01 3.49 4.15 6.63 7.83 5.04 10.65 7.6 6.33 6.6 3.61 4.52 3.13 2.63 8.56 8.09 6.04 11.19 9.08 9.99 5.22 4.94 6.02 7.49 8.78 4.75 6.31 10.35 16.95 7.55 7.47 5.21 11.22 20.9 14.36 15.86 8.27 10.55 12.82 15.11 16.44 13.17 14.47 8.98 10.65 9.16 8.62 12.07 7.22 8.57 8.16 12.03 25.5 15.61
7.01 23.8 12.24 15.36 16.5 14.92 12.96 17.06 9.54 6.59 8.94 5.95 3.27 5.68 14.09 8.01 10.36 5.96 9.5 8.6 5.14 2.57 2.76 8.57 7.23 18.75 27.05 12.96 8.33 7.38 8.2 4.28 5.48 5.97 8.03 9.72 5.35 6.69 21.59 11.26 2.83 3.99 6.69 14.19 12.81 8.52 8.24 9.13 10.4 11.34 11.25 11.65 13.59 7.3 14.84 8.98 7.07 8.13 4.73 6.64 5.64 11.77 16.41 24.3
6.98 13.41 16.86 14.25 17.48 8.83 6.94 7.85 7.44 3.76 4.34 3.92 3.06 3.51 14.86 12.15 7.04 5.0 6.33 9.41 5.08 4.15 4.43 4.21 7.02 10.59 26.05 15.38 10.97 7.6 16.2 5.01 5.24 10.63 12.6 8.07 4.32 7.54 14.1 10.42 4.88 5.71 6.19 9.33 11.25 15.37 9.88 12.03 8.26 7.7 13.66 8.15 16.08 14.44 16.73 9.38 10.44 13.08 8.9 10.4 9.24 11.59 21.32 18.0
12.52 15.74 16.31 14.01 9.39 9.05 5.55 6.64 5.77 4.88 4.36 3.99 3.97 4.57 5.6 4.21 3.18 4.8 6.39 6.85 6.31 3.04 1.97 3.27 7.71 11.98 25.04 9.73 13.87 15.95 14.2 6.78 5.38 18.02 17.68 16.77 9.61 12.6 13.51 10.49 5.11 4.71 6.2 8.28 20.21 10.83 11.83 9.21 7.07 8.62 11.62 12.34 11.09 7.92 20.65 12.6 8.19 13.17 11.29 7.13 6.73 8.56 23.74 7.85
10.46 16.17 22.19 12.77 6.54 10.14 14.53 10.39 5.85 3.74 4.09 4.83 4.07 4.63 4.9 2.53 3.62 8.58 12.1 20.66 13.36 7.51 5.5 4.89 7.5 11.5 15.58 11.61 11.5 19.45 20.18 7.25 8.28 11.29 25.59 24.58 14.29 13.9 18.04 11.04 9.57 8.83 5.79 7.9 22.16 19.57 9.12 11.89 6.07 6.4 10.72 10.1 10.53 14.34 22.41 8.18 9.52 7.72 8.41 10.23 5.49 9.05 11.23 8.36
15.98 27.45 22.76 12.94 6.64 5.6 8.27 8.88 8.31 5.73 3.95 8.7 5.66 4.85 5.56 4.06 6.13 9.45 11.65 18.93 13.94 8.64 2.55 3.91 4.82 6.17 20.42 10.93 6.74 10.58 14.57 12.88 10.54 13.69 19.79 15.17 13.49 18.02 14.18 8.04 9.38 5.84 9.7 15.58 17.94 39.05 21.43 16.27 6.66 7.71 10.8 8.91 9.92 8.06 17.83 15.97 6.64 6.71 13.69 8.14 5.96 10.45 11.7 9.73
9.15 8.94 8.1 13.33 9.8 11.07 6.82 4.6 5.14 12.53 5.66 4.81 7.88 5.08 3.59 2.65 7.05 6.57 13.9 16.19 10.89 5.68 2.08 2.56 4.48 8.82 14.55 14.92 11.64 17.93 8.35 12.03 12.91 11.48 16.09 10.11 15.24 16.27 8.9 6.3 5.69 5.35 4.77 8.94 16.48 10.86 16.4 18.86 7.81 3.59 9.45 13.75 5.69 8.32 8.15 9.44 4.55 5.08 5.07 14.14 10.14 10.74 18.07 9.95
5.36 4.83 9.45 8.13 9.06 5.32 5.15 5.51 6.32 7.69 6.16 4.29 5.3 2.8 6.06 2.9 5.07 3.48 6.42 20.14 11.87 4.77 5.89 6.04 5.5 14.3 13.39 19.78 22.27 6.82 14.23 14.09 15.95 10.98 7.22 5.2 3.04 4.54 10.0 3.71 5.95 3.76 5.04 13.62 9.44 6.03 14.21 9.59 3.71 5.36 7.44 12.2 5.59 5.17 13.38 5.73 8.5 7.39 12.42 6.15 5.52 6.03 17.98 13.28
3.71 6.71 9.43 9.18 17.29 7.56 5.9 4.48 4.36 5.63 4.12 2.98 6.16 4.84 8.74 4.09 8.41 6.39 4.57 14.23 16.73 12.99 8.66 6.68 7.15 8.92 12.0 7.15 13.67 15.89 16.31 25.35 25.71 13.71 5.43 2.94 2.66 3.58 6.26 3.31 4.04 5.1 7.03 5.27 10.85 9.89 11.86 7.35 7.78 5.94 7.69 5.63 8.91 6.05 12.41 12.26 7.47 10.76 10.58 6.66 9.57 4.94 7.62 9.24
6.08 4.12 8.43 7.83 13.7 7.58 3.86 5.68 2.66 3.03 3.0 2.32 2.68 6.81 6.57 12.1 8.84 5.41 6.48 11.38 11.36 14.93 19.17 7.12 8.04 8.32 6.99 5.68 7.64 17.53 18.33 20.99 10.66 22.01 8.72 2.68 2.95 2.66 5.01 7.55 6.16 7.82 4.07 5.37 14.41 20.17 10.62 5.61 5.23 6.33 5.27 6.28 5.03 4.86 14.74 14.14 26.15 12.26 7.13 5.5 10.84 9.57 8.67 16.76
6.76 8.57 8.97 9.25 15.39 15.51 6.54 5.92 3.36 2.9 1.96 4.67 3.42 7.62 7.09 4.22 7.62 5.42 7.99 12.87 18.73 11.46 9.17 16.85 13.17 9.67 3.73 4.58 7.62 14.84 11.29 8.56 15.16 8.2 7.47 4.17 2.74 1.99 1.73 7.31 5.28 3.3 6.43 12.85 15.62 13.11 7.48 5.16 8.9 11.97 9.18 5.17 4.69 2.92 6.74 11.29 12.11 7.69 8.76 5.03 13.24 20.07 10.45 10.67
11.57 9.7 9.91 6.87 7.15 19.08 12.26 4.44 2.58 4.21 2.83 5.18 9.92 9.26 7.99 5.16 12.63 5.4 8.78 7.34 12.18 18.07 12.06 10.52 18.23 6.38 2.64 6.16 6.79 5.6 10.67 13.04 7.71 8.61 8.19 7.26 5.83 2.69 3.34 7.66 6.22 5.8 13.62 15.6 15.77 12.75 7.13 12.55 8.26 11.7 7.12 6.69 7.03 6.03 8.83 13.21 14.39 7.4 7.34 8.52 8.99 10.2 10.36 12.77
11.82 8.82 9.04 11.41 6.61 10.59 17.43 8.41 3.08 2.91 3.78 4.49 9.92 7.65 5.34 8.12 4.12 3.51 7.63 7.49 8.55 11.04 23.09 19.93 11.21 10.02 3.86 4.0 3.3 1.72 7.61 6.93 6.85 6.01 7.41 5.88 3.89 6.95 5.31 3.32 5.44 11.55 8.94 20.9 12.43 11.7 7.71 7.7 6.24 10.45 9.14 7.93 4.18 5.59 6.49 7.7 19.2 9.74 5.29 8.43 13.84 11.55 19.19 8.03
8.08 16.14 7.88 12.98 6.8 3.28 10.82 5.24 2.92 4.79 4.92 7.13 13.92 10.29 6.91 2.89 3.75 2.89 4.93 6.41 6.89 5.39 16.96 21.11 9.28 4.29 1.71 2.7 2.91 3.55 4.95 3.73 8.01 5.96 5.57 8.81 8.62 7.07 7.84 4.03 3.8 2.94 6.96 11.96 5.13 6.48 6.45 9.27 7.36 8.83 11.88 6.62 4.29 8.33 7.17 5.77 7.99 7.97 6.15 9.36 5.55 13.19 14.04 7.41
7.86 12.91 19.3 12.76 10.31 4.58 6.19 3.51 3.14 3.82 4.5 4.06 6.03 9.26 2.59 2.49 2.64 2.21 3.44 4.95 6.62 7.02 10.85 19.4 10.83 7.23 4.99 2.68 5.8 3.29 3.49 4.9 8.29 6.72 3.76 4.43 4.92 7.59 10.64 5.59 2.75 4.17 7.33 9.72 8.09 4.18 3.98 7.13 13.25 14.93 6.93 6.44 6.65 4.73 3.58 4.92 4.82 13.03 5.79 8.64 10.32 9.8 28.18 13.86
8.49 4.28 7.75 16.35 17.94 7.47 6.56 7.28 8.15 8.22 6.83 12.97 11.06 6.01 4.97 3.62 1.71 2.24 3.84 3.41 9.98 8.45 11.22 17.04 7.75 6.46 5.99 3.9 4.54 4.6 5.89 3.65 3.69 4.22 3.6 2.86 4.22 4.66 11.72 4.11 5.5 6.34 5.98 4.73 5.33 2.88 2.84 5.38 9.15 12.64 11.91 4.56 4.16 5.55 4.49 8.44 5.65 6.6 7.02 5.99 8.4 9.01 25.53 21.42
4.55 2.28 4.94 9.96 19.64 8.9 3.89 6.51 14.35 12.17 14.61 13.18 6.52 14.02 7.66 3.02 2.89 1.82 3.65 2.49 7.92 14.65 14.36 20.74 14.28 8.56 4.24 2.19 3.79 5.05 5.9 3.14 3.55 6.81 5.29 5.97 6.68 7.14 8.36 17.17 22.12 4.79 4.07 4.36 5.04 3.25 2.78 5.57 8.27 19.5 11.79 4.17 3.2 2.12 3.74 11.28 11.51 4.38 8.44 5.5 7.03 8.32 8.59 28.71
6.56 1.64 3.6 9.37 7.62 15.97 7.87 3.21 5.8 11.71 7.06 21.24 6.76 9.81 6.36 7.05 1.65 2.2 4.28 6.18 6.98 9.23 19.16 19.97 17.34 17.92 12.69 4.93 3.64 5.07 5.97 6.04 1.83 3.13 4.48 11.54 3.44 4.83 9.24 10.59 16.87 6.28 6.29 9.15 5.04 5.48 7.06 13.18 14.67 26.19 21.29 3.46 1.88 2.98 7.29 11.95 5.87 7.24 6.03 13.07 8.77 13.19 13.5 17.88
6.23 4.23 1.82 4.96 8.82 14.81 8.78 5.35 5.96 12.83 10.04 18.2 6.77 4.34 5.37 4.64 4.0 2.62 2.56 4.59 11.61 10.6 12.66 7.58 6.69 13.76 5.19 9.39 2.65 3.21 4.83 3.3 2.22 2.82 2.94 6.46 6.49 2.55 6.15 9.35 17.36 9.65 6.51 6.86 4.2 6.84 13.97 17.68 14.81 17.83 22.97 10.29 2.98 4.4 4.79 10.14 9.07 5.75 8.11 7.88 6.91 10.75 5.59 8.04
10.64 5.23 4.26 4.48 7.12 8.9 15.55 12.15 22.81 20.11 13.37 10.07 5.18 6.15 2.84 1.91 1.56 3.42 5.7 7.45 6.76 9.38 15.63 8.55 7.19 14.17 11.51 5.89 5.29 2.44 3.6 3.09 3.74 1.75 3.03 3.5 7.0 7.27 4.46 5.53 10.27 9.79 14.14 7.19 7.49 10.2 16.61 12.56 6.31 9.04 11.36 5.94 5.6 3.62 2.87 6.28 10.47 7.92 6.79 9.6 21.51 9.9 7.92 6.02
7.25 4.73 6.67 4.91 11.69 17.67 17.63 34.99 42.21 23.58 8.26 4.79 9.85 7.01 4.98 3.79 2.3 4.91 11.75 7.19 5.78 8.38 10.94 16.4 11.16 8.56 10.08 4.47 8.64 3.04 4.18 5.86 5.82 7.02 3.02 5.62 12.44 5.88 8.11 5.53 7.44 9.56 10.82 6.98 6.74 9.1 16.9 11.5 14.44 9.97 5.05 11.29 13.16 7.49 3.96 4.07 9.19 16.68 12.58 18.66 18.86 14.5 7.62 13.02
6.93 13.57 7.5 6.1 14.84 13.83 10.77 20.71 43.28 17.2 6.38 3.03 6.01 3.94 3.59 5.08 4.27 7.77 10.87 12.66 8.54 4.86 6.03 4.27 8.2 7.55 5.66 7.94 5.47 3.74 2.06 6.03 5.28 4.41 4.99 4.67 9.54 6.53 8.77 5.16 10.75 7.24 6.63 9.23 11.3 8.45 9.76 13.46 6.46 7.19 6.54 11.44 11.27 8.74 4.27 5.0 10.09 10.88 12.07 8.47 14.31 7.11 13.26 22.35
4.76 5.81 4.3 6.48 11.43 9.89 13.87 17.8 18.31 9.66 7.41 5.63 3.41 2.76 2.75 3.58 3.74 7.79 11.36 8.43 4.9 3.96 4.47 7.75 8.22 6.76 5.74 5.23 5.09 6.17 4.89 4.12 5.0 4.6 5.67 6.34 8.52 5.25 2.79 7.36 9.03 7.11 10.72 11.99 16.11 22.88 17.89 18.32 17.48 8.74 5.66 9.39 14.64 5.52 7.17 6.66 7.89 6.13 6.35 9.32 8.39 9.33 11.87 22.91
7.93 3.61 6.89 4.24 6.66 5.86 13.64 23.8 15.28 11.81 12.09 4.65 1.91 2.58 2.42 3.61 3.18 7.09 12.6 9.2 3.06 3.81 6.7 5.54 6.0 5.87 4.52 4.79 3.24 5.07 4.1 4.57 6.62 7.63 5.37 6.71 4.47 5.14 6.87 8.45 9.03 15.1 22.67 14.99 24.34 26.22 21.81 18.63 27.73 19.3 12.86 15.09 15.1 7.34 9.1 11.36 7.97 8.83 10.92 6.01 8.41 13.8 10.91 19.1
15.16 9.95 7.99 8.05 7.55 23.16 19.22 16.59 15.96 13.52 4.66 4.44 2.68 1.14 2.58 2.52 2.73 6.77 6.05 3.69 3.82 5.69 4.91 3.72 5.9 4.32 3.21 4.15 2.56 3.71 5.18 3.85 4.54 4.68 4.9 4.39 2.59 5.83 4.08 9.55 14.84 11.56 28.36 30.01 31.43 15.46 17.76 12.71 18.54 13.23 12.93 9.16 14.69 10.58 15.19 14.19 9.18 4.29 6.95 8.14 4.37 11.03 13.43 15.05
10.65 12.46 6.19 6.61 7.66 8.32 25.87 14.59 14.26 8.93 9.86 4.12 2.74 2.4 1.95 4.29 5.94 10.09 7.06 3.31 3.0 4.47 2.87 2.73 2.4 5.33 4.33 3.33 3.79 2.85 4.54 5.37 3.6 11.4 6.0 4.32 2.83 2.55 3.87 11.7 9.28 13.65 18.11 12.0 18.87 11.51 17.76 8.92 6.14 16.12 9.87 11.93 7.95 6.33 11.59 10.29 6.23 9.39 8.26 8.93 7.9 14.71 14.17 18.73
16.7 8.6 13.79 11.69 11.26 7.72 26.41 24.77 19.66 9.63 3.93 3.75 9.11 4.68 4.57 5.59 7.47 21.95 11.32 9.68 6.05 4.25 3.3 2.66 3.88 6.28 4.19 6.65 6.25 1.69 2.03 5.66 4.07 5.47 5.8 9.78 4.88 5.52 7.01 7.95 9.13 8.72 17.67 13.44 13.37 7.4 4.41 5.46 5.88 6.65 7.48 7.1 7.66 4.05 5.12 6.4 9.04 6.02 6.56 16.83 19.51 15.29 21.75 13.73
15.31 5.54 7.02 13.36 19.1 10.49 21.47 20.85 21.48 9.91 4.94 3.84 3.61 13.08 12.05 6.1 12.73 11.93 13.17 3.93 5.49 3.28 5.74 5.67 5.67 4.72 9.83 11.4 9.35 5.21 3.29 4.02 4.63 4.75 7.78 4.64 3.9 5.67 8.41 7.41 4.23 5.7 12.41 6.62 8.95 8.43 5.12 3.3 4.61 3.29 5.02 6.63 7.37 5.31 7.41 10.42 6.83 4.78 13.93 9.93 19.22 10.03 21.49 14.71
10.58 8.4 12.87 20.83 27.18 10.18 13.25 17.45 15.33 7.91 7.99 5.23 11.46 25.01 17.65 8.39 15.23 9.65 8.9 8.04 4.99 6.35 4.99 7.73 6.3 6.52 9.72 6.32 3.43 2.81 2.52 2.02 2.93 3.91 8.16 8.24 3.75 6.22 8.08 5.66 2.7 3.76 7.34 3.68 10.12 8.65 6.37 4.91 3.48 5.39 6.92 8.47 5.6 10.55 29.12 16.0 11.05 14.3 16.87 12.26 20.42 9.41 9.29 8.78
15.77 24.99 15.1 14.79 24.28 18.17 8.89 15.19 16.33 21.15 7.11 17.94 14.75 9.77 14.93 8.57 13.88 19.65 9.73 6.99 9.86 4.42 3.86 7.31 6.42 4.65 9.71 5.68 4.17 3.37 4.79 2.33 1.34 3.67 6.06 9.37 8.36 9.11 6.72 6.93 2.78 3.53 7.41 6.79 7.49 20.36 16.29 16.2 12.14 12.05 7.62 12.37 10.61 11.29 18.77 20.59 13.73 12.07 13.37 12.77 11.21 10.89 8.82 8.25
14.24 23.67 11.57 9.99 13.31 11.92 9.32 9.3 17.59 17.13 21.28 14.85 13.49 14.95 19.42 10.32 10.36 13.81 13.96 8.47 7.03 12.09 5.96 3.4 3.61 4.1 7.98 4.38 2.04 3.98 3.18 2.43 3.07 4.73 5.84 3.44 4.68 9.98 8.15 4.46 3.23 5.25 3.66 10.52 16.51 22.93 14.18 13.64 7.51 11.05 12.27 12.22 17.51 13.18 14.34 30.52 23.42 16.97 13.42 14.27 6.99 9.48 12.89 13.36
18.99 20.71 8.85 8.57 12.62 12.97 26.8 26.27 23.46 17.86 15.14 23.82 25.52 13.49 9.87 9.91 7.91 6.12 9.16 9.35 13.21 10.53 9.38 6.5 3.44 4.74 5.19 6.37 7.74 4.07 5.84 2.25 3.23 5.46 3.85 6.88 5.88 13.12 10.02 10.52 3.7 7.02 5.18 7.84 21.63 30.57 35.66 13.79 10.98 9.59 11.69 13.2 10.2 20.56 19.07 13.82 18.28 25.99 9.66 9.99 5.62 8.0 9.41 5.94
8.97 12.71 8.38 7.05 8.68 4.94 11.61 21.69 19.71 11.27 7.06 21.98 20.1 6.34 4.18 4.87 9.93 3.5 4.15 7.08 12.59 9.86 7.84 8.84 5.53 4.6 8.98 9.48 6.72 5.12 3.52 5.89 8.66 7.18 7.62 19.17 19.14 13.54 10.45 10.34 11.13 5.73 5.14 8.34 31.99 41.0 25.44 19.51 8.18 8.23 20.91 24.92 23.41 22.24 12.44 19.58 17.06 19.89 18.33 10.35 7.03 5.3 10.29 12.6
5.06 7.0 8.15 9.19 4.7 3.03 5.73 9.46 6.8 3.7 7.06 13.39 15.59 10.47 7.94 5.85 4.03 6.47 5.1 5.82 4.19 6.09 3.76 4.15 4.44 6.8 9.02 3.97 4.0 5.14 3.37 3.13 4.51 4.52 8.48 5.88 13.3 23.13 12.49 10.9 5.48 7.4 7.15 5.71 20.81 17.45 20.58 15.06 5.64 10.98 22.17 24.58 14.81 15.61 12.95 11.12 13.16 12.27 14.11 4.94 5.18 7.99 13.6 7.72
5.55 7.86 9.34 18.26 9.49 4.41 4.99 8.53 7.57 5.28 5.69 14.02 14.28 21.62 7.71 5.58 4.17 7.36 3.18 3.25 5.72 2.8 4.05 5.52 6.54 5.93 5.44 7.18 11.1 5.91 2.45 2.62 3.89 3.42 4.15 4.37 5.49 6.53 8.34 15.26 7.44 9.69 9.68 11.16 14.82 12.38 9.76 8.41 4.98 4.71 14.4 17.64 10.74 9.99 11.81 5.7 6.56 10.59 7.01 5.39 3.23 6.68 5.33 8.71
3.87 14.15 25.44 14.96 12.43 6.25 7.12 6.48 5.64 7.03 7.07 17.87 23.66 19.08 12.52 5.51 4.88 8.54 3.84 4.75 7.52 6.87 5.3 4.86 9.5 7.31 7.25 11.22 7.44 8.42 6.34 3.68 4.73 3.49 3.96 3.79 8.39 12.7 8.11 4.8 5.33 5.89 9.79 14.58 13.07 8.15 7.52 4.39 5.95 7.78 9.35 8.21 11.57 11.78 7.1 5.37 7.2 6.92 5.76 6.26 8.13 9.06 7.2 6.71
7.1 10.0 13.48 25.65 11.37 12.24 5.14 5.6 6.65 7.98 12.38 14.29 22.04 21.86 7.35 10.98 13.24 7.84 3.28 4.32 8.54 6.65 9.58 9.87 6.41 18.57 12.59 9.01 7.12 4.41 4.84 9.29 7.26 2.75 4.96 4.06 8.35 12.87 8.58 12.54 6.35 12.19 9.26 15.26 6.86 4.22 3.68 3.41 5.27 4.68 6.86 6.55 5.34 4.14 5.63 7.64 4.17 7.04 7.78 9.12 5.25 5.43 3.91 4.29
4.56 22.64 22.75 16.77 12.32 7.99 5.96 8.57 6.94 8.85 6.85 9.05 14.98 19.06 10.31 19.96 13.59 11.39 3.79 5.62 11.8 12.52 5.15 5.72 6.68 8.97 11.35 16.0 11.11 5.28 3.59 6.31 11.57 8.69 4.46 10.83 5.62 19.27 14.05 19.59 10.29 6.81 9.72 9.9 8.63 2.63 1.33 2.8 3.74 4.07 3.65 5.67 3.22 3.55 2.89 4.95 3.77 8.13 7.98 8.03 5.55 6.68 3.94 4.99
4.69 9.46 16.32 11.22 7.22 11.3 6.53 7.54 5.23 5.2 10.64 15.23 10.48 17.74 9.63 12.06 11.45 5.18 5.45 6.8 10.72 21.69 20.43 9.77 8.76 5.32 6.29 11.19 10.91 7.14 7.81 12.55 9.38 12.9 15.56 6.05 7.17 14.83 19.06 15.2 15.89 11.01 12.46 9.93 5.37 4.74 2.13 2.5 2.29 5.17 3.7 3.65 8.36 7.76 8.45 7.35 6.09 9.57 6.89 12.84 7.08 4.15 5.25 5.49
6.05 12.96 7.72 10.65 9.35 6.36 4.65 4.47 6.28 6.38 11.9 8.14 8.92 6.6 4.93 10.92 11.99 3.79 3.29 6.72 17.72 12.46 16.05 7.62 5.62 8.71 10.03 9.63 6.71 5.61 7.83 9.08 6.14 11.45 13.9 8.2 5.67 5.92 15.32 18.65 22.78 14.07 8.37 12.02 12.26 8.39 3.26 1.79 1.44 3.02 4.63 4.9 6.86 5.82 8.46 23.11 11.14 12.49 10.7 10.19 7.71 4.51 4.2 3.51
5.11 8.73 4.63 4.62 8.14 3.8 9.86 6.4 5.02 9.58 6.73 3.7 6.26 7.94 6.7 15.32 15.49 6.42 5.89 7.06 6.36 11.11 8.89 9.32 6.24 7.76 3.4 4.83 7.79 9.79 12.99 8.52 13.62 8.8 12.52 9.21 9.43 5.37 10.21 23.96 29.08 12.84 4.08 8.63 12.26 7.36 1.84 1.21 1.18 1.16 5.2 10.31 3.45 7.94 19.3 15.99 14.14 7.86 8.7 7.49 7.41 5.88 4.14 4.32
4.06 4.1 4.62 5.04 3.37 7.92 10.34 9.24 8.19 8.72 7.61 4.65 4.44 5.68 9.58 10.74 16.56 9.03 5.51 8.76 6.78 11.6 7.7 8.13 4.71 4.56 2.97 4.29 11.33 15.06 12.06 10.93 10.35 15.4 11.64 7.67 7.44 11.24 19.27 35.26 26.71 6.99 3.98 5.3 4.87 8.55 2.99 2.68 1.43 2.18 6.91 4.97 10.77 14.47 12.44 9.1 21.86 16.71 15.54 8.21 6.6 8.68 7.74 9.4
2.31 3.11 2.14 5.27 5.22 7.74 7.73 15.86 8.44 8.59 8.84 3.15 6.9 6.13 6.14 13.24 4.95 4.57 3.84 11.73 8.79 7.7 4.82 9.38 4.29 4.62 5.75 8.95 21.13 30.66 15.77 14.75 13.45 11.29 5.17 8.64 13.94 14.8 20.43 22.15 7.13 6.04 4.32 7.13 6.3 6.17 4.71 2.63 3.19 2.04 5.14 7.97 9.38 8.54 13.03 16.72 17.69 19.64 10.72 10.35 8.46 12.7 10.03 15.66
1.62 1.54 3.43 4.05 2.95 4.0 5.81 7.55 21.25 12.66 7.26 5.74 5.77 5.03 6.42 11.44 6.63 7.37 6.36 6.12 8.42 8.84 6.83 8.64 9.99 7.64 7.91 7.31 25.97 32.53 14.87 9.12 9.1 12.73 8.76 7.75 9.7 15.31 15.22 17.51 10.4 3.69 3.38 4.84 6.46 5.64 3.98 3.73 3.44 5.12 11.21 6.14 7.92 13.04 11.8 11.72 18.06 23.66 18.55 19.62 9.64 19.84 12.97 12.86
2.68 2.66 5.42 4.09 3.66 4.18 7.35 15.06 30.11 20.95 8.03 8.19 8.6 5.72 6.37 7.1 5.96 3.01 4.68 3.48 8.36 7.7 4.55 11.72 14.77 6.28 10.13 9.29 12.49 16.94 10.92 9.9 9.64 14.86 7.32 6.56 5.53 6.15 11.31 13.2 10.98 4.54 4.64 8.93 5.29 4.44 4.49 3.88 5.71 10.19 8.2 6.01 8.04 14.64 9.42 11.68 18.11 20.26 20.31 20.05 13.85 11.18 13.11 15.35
4.34 2.36 3.4 6.31 4.79 6.6 11.48 10.67 10.19 11.09 8.85 6.43 5.35 3.7 4.17 8.27 7.73 3.62 3.08 6.96 3.98 6.74 9.48 6.34 7.71 9.71 7.63 4.34 14.78 17.49 16.22 10.55 9.29 9.84 11.0 8.87 3.8 4.18 4.61 5.94 7.95 8.78 2.67 4.16 3.5 3.38 3.02 5.19 14.61 12.72 4.68 5.05 6.74 14.95 5.84 7.88 21.02 25.27 18.11 19.99 11.91 15.78 7.06 10.98
3.93 3.12 5.73 6.09 6.09 10.1 8.84 7.7 11.7 10.65 11.54 13.04 5.5 3.62 9.44 5.8 5.59 5.28 10.51 7.19 9.75 7.51 10.11 9.14 7.33 6.55 6.1 8.69 12.27 31.81 24.28 7.85 8.24 8.27 5.26 5.53 2.31 2.16 4.62 4.64 12.01 6.21 5.58 3.57 4.93 4.02 3.59 5.92 4.87 10.76 9.11 8.0 6.65 6.76 5.67 10.17 25.88 8.62 15.96 14.22 21.05 15.84 8.07 9.68
6.4 5.01 4.3 5.41 8.89 12.25 12.6 38.26 19.87 8.12 16.45 8.15 10.38 4.55 3.07 5.25 6.58 6.1 12.75 10.65 7.15 7.99 10.81 24.43 11.32 8.8 11.91 12.52 34.13 22.67 22.37 16.18 11.99 8.19 12.16 5.31 8.3 2.8 7.09 10.02 16.44 7.25 5.02 5.67 5.43 5.64 6.22 14.43 10.14 12.14 8.26 7.18 7.44 5.67 9.55 9.73 17.2 12.85 21.46 28.34 28.91 19.29 12.44 14.58
3.02 3.45 5.66 3.9 6.26 12.5 12.98 25.78 16.13 7.14 10.73 7.6 3.23 2.4 3.28 5.93 5.25 8.94 8.4 7.24 8.79 6.61 10.23 10.08 7.56 11.42 8.91 20.63 27.76 14.74 12.77 9.23 24.77 16.88 11.72 6.45 8.32 7.62 5.88 14.27 8.71 6.05 6.62 7.34 3.12 3.07 5.99 9.42 15.67 12.2 10.57 17.48 20.19 10.97 12.54 14.66 26.49 22.58 49.34 75.72 17.44 27.32 16.81 10.89
4.44 4.24 3.37 9.01 6.94 13.48 18.39 21.81 15.21 8.59 6.91 9.85 4.97 5.12 3.49 3.96 4.99 9.8 30.0 8.6 8.05 11.34 7.11 7.97 8.92 13.57 9.2 12.38 21.91 20.05 12.65 10.57 14.01 12.3 6.47 4.42 3.82 12.05 13.85 12.0 4.89 3.11 7.73 6.08 7.59 3.93 7.18 12.64 32.16 24.98 6.66 13.47 14.01 16.21 8.94 11.29 21.05 24.81 18.44 21.23 19.06 17.15 10.91 18.06
7.96 2.76 3.27 4.7 5.36 10.29 8.91 17.54 17.51 10.02 6.26 7.41 8.2 8.95 7.31 6.16 6.96 8.95 23.53 17.63 10.53 11.19 7.61 11.24 10.91 10.51 4.75 15.31 28.88 13.35 10.73 12.18 16.17 18.86 14.4 6.47 3.74 11.18 18.84 18.75 10.36 2.93 10.03 14.09 10.28 6.8 5.25 16.11 21.36 19.88 9.69 15.79 39.85 33.08 13.56 11.28 16.1 11.77 20.18 20.62 8.83 15.73 13.42 22.9
6.04 7.15 2.85 5.56 5.91 7.62 12.5 10.73 12.7 7.99 5.69 2.61 6.43 11.81 6.94 6.38 6.1 7.37 9.88 7.97 13.8 13.01 6.65 9.34 11.99 9.81 6.81 9.29 12.96 18.6 15.98 12.22 13.34 9.71 7.82 7.34 6.21 10.47 16.18 12.81 10.0 3.31 6.17 15.01 18.0 13.79 6.87 7.35 31.68 11.55 10.36 13.58 31.52 22.3 16.51 6.9 7.65 10.33 17.91 15.81 14.82 8.75 9.33 20.14
8.39 4.97 3.85 2.33 5.93 12.01 16.65 8.26 6.1 6.44 4.51 8.5 3.8 3.43 4.99 6.99 9.85 4.75 8.85 4.82 7.16 4.44 4.17 6.82 8.99 11.36 7.23 9.7 12.22 20.13 38.25 17.46 10.47 9.93 25.31 8.78 4.03 5.45 15.58 11.96 13.12 5.58 7.71 9.92 12.24 9.08 11.03 9.91 11.77 19.48 17.45 15.92 25.83 14.99 8.78 4.53 6.05 5.17 12.23 10.04 8.65 4.99 4.63 5.71
8.19 7.96 4.02 1.79 4.24 5.26 5.73 7.36 3.09 3.87 3.92 5.97 8.43 4.59 7.01 8.67 9.47 6.94 5.36 6.02 10.75 7.28 4.57 8.2 6.22 12.74 7.32 8.06 10.01 12.29 19.41 8.63 9.07 18.34 18.57 16.84 11.32 8.59 14.08 21.67 11.18 12.7 7.09 6.27 11.53 18.11 9.9 6.08 13.59 25.47 23.54 20.59 30.34 9.59 7.76 4.61 5.34 8.14 8.91 8.13 6.5 7.21 9.06 5.61
6.91 6.92 3.57 2.4 3.64 6.28 7.52 4.83 4.2 3.58 4.9 5.95 8.15 7.64 6.31 11.51 13.97 6.42 5.51 6.55 4.5 11.03 6.56 8.04 8.66 9.82 8.57 8.86 11.72 13.73 18.2 10.52 9.57 7.77 13.32 7.45 5.09 9.5 9.87 11.02 15.84 18.92 13.17 10.83 14.09 23.0 25.05 14.25 13.99 13.77 17.29 26.86 13.78 9.74 5.47 4.45 5.75 5.69 8.74 4.68 8.24 9.85 10.52 8.12
