9.84 9.83 3.32 5.75 6.67 4.83 6.34 4.92 9.13 6.36 4.58 3.58 4.29 5.86 8.09 8.38 7.96 9.19 4.63 8.58 12.06 23.21 55.74 54.29 43.22 18.66 26.07 15.58 6.38 2.93 3.52 8.9 10.68 7.45 5.37 3.86 3.4 4.82 6.12 8.86 8.65 14.28 7.39 4.14 4.44 3.8 3.29 4.29 12.75 17.69 19.22 16.21 17.94 11.81 22.79 9.56 3.24 3.78 4.12 5.18 7.35 8.89 15.99 9.4
8.84 7.27 1.71 3.71 8.96 5.43 4.45 8.34 5.77 3.43 3.57 3.97 7.85 6.28 5.53 5.73 8.4 6.32 4.61 8.25 16.92 41.03 35.27 28.66 23.52 21.08 11.18 11.47 5.61 2.57 2.81 5.59 10.14 3.58 3.25 4.71 7.13 6.22 4.45 3.87 6.53 13.39 7.41 8.6 6.36 8.1 4.23 3.44 5.31 19.01 25.56 16.32 15.11 17.78 17.08 21.91 6.12 4.38 3.59 3.87 3.8 6.53 11.06 7.04
4.66 4.27 3.39 3.39 7.09 4.23 3.91 5.2 3.51 1.96 3.85 2.73 5.87 10.19 6.66 5.41 4.88 3.07 7.45 8.73 19.57 19.05 17.26 14.07 12.14 13.5 14.68 9.03 3.65 4.69 3.15 6.51 7.31 5.36 9.39 12.0 10.08 6.5 5.88 4.69 6.13 5.57 5.08 7.26 5.37 3.24 3.49 5.14 6.18 20.89 15.95 12.11 12.32 8.35 9.21 11.65 8.76 4.58 4.82 4.89 8.14 7.22 6.64 4.47
2.99 2.95 4.14 1.67 4.19 9.4 5.78 9.86 3.95 4.36 5.8 2.95 2.83 4.1 9.69 9.63 3.44 3.64 9.06 7.15 13.02 7.92 11.14 9.34 8.83 14.16 10.59 8.33 6.73 4.96 9.63 10.67 7.38 10.44 8.01 10.37 6.89 4.26 6.14 4.98 7.13 6.25 3.86 6.96 2.98 1.59 3.0 4.73 8.71 13.56 9.71 7.98 8.54 6.85 4.74 7.9 11.97 7.96 4.08 3.44 6.55 9.15 10.16 4.98
2.07 3.76 5.96 2.24 2.41 5.23 8.35 10.63 5.58 6.97 3.78 1.73 2.52 3.4 8.43 10.34 6.3 13.85 10.52 7.98 6.27 8.8 8.32 4.87 7.09 12.22 7.62 8.38 6.84 13.87 26.38 13.02 5.44 8.19 5.69 11.11 5.06 5.48 6.53 8.84 7.79 9.57 5.69 4.48 1.93 2.1 2.81 5.03 12.26 8.14 12.95 10.41 6.42 11.51 6.84 3.75 4.62 4.23 5.95 5.13 9.41 15.61 6.98 6.41
1.07 1.39 3.74 3.13 3.68 4.85 6.42 4.52 5.86 4.59 2.51 2.25 2.86 3.1 7.21 8.84 11.83 15.73 7.17 9.82 9.76 12.73 12.49 6.37 11.17 10.23 8.64 6.69 4.83 10.31 23.12 15.57 9.07 6.51 7.32 5.74 6.84 6.16 7.41 17.72 11.7 8.12 5.73 4.63 1.98 3.8 4.24 7.79 13.88 7.79 16.44 10.5 8.37 8.29 9.05 4.37 3.17 6.2 3.68 2.89 8.48 8.17 5.8 6.34
2.45 1.82 2.19 2.7 4.96 4.92 6.12 5.74 5.51 5.24 1.92 1.28 2.48 6.35 10.33 8.03 11.89 19.18 8.51 5.51 7.66 8.58 5.58 7.86 8.77 6.53 5.43 10.62 5.84 10.74 17.96 17.51 11.82 7.77 7.48 3.62 4.82 4.61 7.23 10.55 10.59 11.2 10.01 7.68 5.84 4.47 3.87 7.1 7.78 4.05 5.43 8.6 8.28 12.0 16.36 6.03 3.87 4.8 7.68 4.11 6.53 3.24 3.6 4.02
2.68 2.63 2.18 2.63 2.84 3.75 5.05 4.61 4.25 8.06 4.27 1.75 1.05 4.1 5.23 4.74 7.96 12.97 5.75 6.77 9.58 8.87 7.2 5.54 9.14 5.79 8.32 7.41 3.77 5.81 7.41 14.1 12.07 11.17 11.48 6.6 4.46 5.63 5.55 6.37 10.19 6.4 4.99 4.17 6.85 10.32 7.99 9.14 4.35 2.88 5.46 8.97 7.37 7.62 13.18 7.37 3.12 5.74 9.81 4.42 4.96 3.78 5.25 5.78
8.9 5.73 3.76 2.94 2.26 3.59 4.81 5.17 4.8 2.67 3.37 1.87 1.69 5.76 5.15 3.72 4.91 8.34 3.98 3.64 9.44 10.18 5.64 6.19 5.39 6.26 5.87 5.92 13.67 7.32 5.65 6.85 9.33 14.48 10.2 5.68 5.95 6.58 4.52 3.99 3.57 5.02 4.55 4.73 4.2 7.86 14.99 14.15 4.5 2.7 5.76 5.7 6.98 4.55 7.58 11.29 4.71 5.51 8.51 7.49 3.45 4.25 4.27 5.79
9.37 8.72 4.73 4.16 4.55 5.12 2.55 2.06 1.95 4.43 6.51 2.19 4.24 4.76 6.15 3.07 3.45 3.85 2.72 3.0 3.52 4.54 4.38 7.57 8.99 7.47 5.81 7.08 16.75 9.68 5.73 3.92 7.51 8.3 8.23 7.28 9.8 7.49 6.06 3.01 4.72 4.48 2.57 5.17 6.44 7.74 12.31 14.38 5.25 3.53 3.72 5.31 6.67 3.81 3.62 5.38 6.18 3.97 7.96 7.07 4.32 5.24 7.75 5.78
11.24 17.94 11.62 6.38 6.75 3.64 3.47 2.56 2.32 3.88 6.56 6.68 4.78 3.81 3.54 3.83 4.03 4.46 4.33 3.72 2.65 5.08 4.44 3.52 8.58 7.62 3.99 6.96 8.61 8.3 8.43 6.37 5.88 7.18 7.52 15.01 12.05 3.41 3.29 4.39 6.5 3.75 4.36 7.23 5.29 4.79 5.72 13.24 7.22 4.02 1.99 4.04 3.78 3.17 2.07 3.9 6.08 2.63 4.68 5.94 5.63 4.85 17.22 12.03
9.1 12.13 19.0 9.18 7.57 4.98 4.12 3.33 1.93 2.57 4.56 3.98 5.42 4.72 4.6 4.85 4.78 3.62 3.97 3.54 1.91 4.5 3.23 2.67 7.08 3.67 2.45 3.65 7.7 12.58 10.01 9.92 3.61 2.71 4.41 10.95 9.84 4.71 3.59 11.78 9.64 7.28 5.98 8.69 10.1 3.99 3.23 3.13 4.07 3.72 2.86 8.75 5.98 3.94 2.7 4.08 3.71 3.31 2.51 4.51 5.12 5.55 9.91 7.96
9.26 9.42 8.25 6.69 13.44 6.54 3.42 3.27 2.39 2.88 3.47 4.21 7.9 2.97 2.2 3.26 3.91 3.31 4.43 4.99 5.58 6.92 6.36 3.36 2.53 3.67 2.99 3.75 5.14 9.21 7.84 4.6 3.96 5.37 8.0 11.26 14.89 6.62 3.91 5.74 7.4 9.25 8.02 8.3 3.5 4.63 4.71 2.98 3.54 3.26 5.19 6.84 5.47 3.65 6.13 2.88 2.48 4.83 4.61 5.06 5.0 5.37 8.31 7.17
11.94 10.75 9.22 7.62 16.17 4.34 3.73 5.22 7.65 4.03 2.58 5.32 3.05 1.91 1.61 2.38 3.62 3.34 2.93 7.96 13.39 8.28 7.66 8.29 3.86 5.2 5.51 5.35 3.46 4.68 3.98 4.16 2.92 2.94 10.08 8.35 13.49 6.43 7.21 11.14 9.06 7.04 3.97 5.26 3.3 4.39 3.42 2.75 5.12 4.42 8.3 7.97 5.44 2.86 3.93 2.83 3.64 4.8 4.43 4.75 5.64 5.32 6.12 6.3
17.7 16.1 9.3 8.37 8.95 3.98 2.82 4.04 14.03 6.73 4.5 5.8 4.46 2.47 1.8 3.13 3.62 4.0 3.03 11.26 9.7 7.96 7.13 11.75 5.43 5.45 7.12 5.86 3.35 4.02 3.1 3.58 2.47 1.87 3.59 9.82 7.59 8.85 10.17 10.98 16.63 7.63 4.2 4.79 3.19 4.47 3.57 6.29 5.48 5.86 8.31 11.33 7.56 7.35 5.34 2.47 2.0 2.96 5.83 4.52 8.58 6.62 7.09 4.23
10.23 16.06 5.22 8.34 6.23 6.29 9.5 8.07 15.26 9.18 7.0 4.13 3.45 3.37 4.95 4.16 4.58 6.13 11.01 28.89 16.72 10.94 7.81 8.26 5.14 2.38 5.61 4.96 2.24 2.56 1.9 3.43 2.76 1.69 3.69 6.66 7.31 6.18 30.02 37.67 19.36 6.51 10.4 6.92 9.89 4.86 4.34 9.32 7.51 9.57 11.62 8.08 9.04 7.27 3.57 2.71 1.81 1.87 3.76 4.48 4.59 6.58 11.9 7.69
9.27 16.88 13.99 6.78 5.45 10.66 11.64 10.63 4.85 6.07 6.1 3.8 5.2 4.73 4.64 7.68 13.3 4.72 7.36 18.31 16.15 12.56 6.34 6.66 13.66 8.92 4.98 4.15 1.77 2.63 3.64 3.99 1.93 1.94 4.21 5.39 9.69 14.42 25.26 29.8 22.17 16.38 14.19 8.39 12.21 8.94 7.42 12.7 8.01 6.45 9.36 4.78 6.72 5.16 5.3 3.32 2.26 2.0 1.52 3.09 4.46 8.18 9.89 4.81
5.05 11.83 10.71 8.98 11.06 14.21 14.6 9.86 5.33 8.01 4.88 4.44 6.19 10.01 7.79 6.5 6.4 8.74 13.46 15.47 11.38 12.97 11.24 6.65 11.62 13.54 7.87 8.34 2.73 2.27 3.2 6.56 4.99 4.67 10.09 8.74 10.2 8.48 12.19 11.4 7.28 8.7 15.26 14.93 13.58 13.71 10.69 10.28 7.05 8.45 6.58 5.06 5.92 8.22 8.47 6.5 3.8 3.6 2.27 2.28 3.88 5.73 3.49 4.34
6.14 8.25 12.3 7.69 10.28 8.08 12.06 8.59 8.76 8.22 6.36 5.3 7.48 9.59 11.03 6.7 13.39 10.52 14.95 13.98 6.4 7.55 9.09 9.07 11.34 6.86 4.2 8.95 6.3 2.2 4.94 13.23 6.65 3.52 5.87 7.48 9.45 9.01 7.72 9.58 4.12 5.5 8.76 8.51 8.58 10.48 13.71 13.71 17.27 10.01 7.82 6.25 7.59 12.65 8.46 12.08 6.36 6.04 2.62 1.35 3.46 4.78 7.16 3.22
9.73 11.89 13.06 10.73 7.76 13.84 10.53 8.88 9.54 6.03 5.87 7.08 8.17 6.6 7.57 7.27 13.68 8.68 7.67 7.84 6.47 8.26 10.69 10.93 9.0 6.77 4.84 6.84 8.26 4.57 10.49 15.03 9.72 6.36 3.25 3.09 5.55 8.61 15.77 12.25 5.63 6.3 7.64 8.76 5.49 8.56 22.41 11.1 12.77 7.69 7.73 7.16 5.74 11.18 11.83 13.09 8.62 5.58 3.24 2.63 3.6 4.69 4.31 3.71
9.86 11.74 18.63 21.36 23.52 17.4 17.1 14.77 10.85 12.3 7.99 7.63 4.88 5.24 7.83 6.02 8.54 8.0 7.22 7.5 10.33 8.02 9.88 11.59 5.49 3.98 4.46 9.78 8.7 15.51 9.06 17.27 6.23 7.97 5.77 4.04 4.41 4.8 7.55 4.74 4.39 4.14 4.55 7.74 5.93 14.62 8.62 5.42 7.06 7.14 10.64 7.98 8.16 7.74 8.7 9.28 8.02 3.37 3.92 5.3 4.97 4.13 2.81 4.02
5.55 8.14 21.16 14.58 18.16 14.25 12.87 15.81 14.71 18.02 14.28 9.58 8.52 8.13 5.4 7.15 4.52 6.19 12.65 9.52 11.86 13.74 11.81 8.86 4.68 3.02 5.98 8.7 7.22 7.27 5.68 8.82 14.33 16.01 7.34 4.31 3.98 4.52 3.7 2.82 3.48 3.13 3.14 6.96 8.19 7.69 6.75 7.78 9.6 7.76 6.46 5.06 6.61 9.67 4.41 4.44 8.73 7.6 4.58 3.64 7.59 7.52 5.35 4.39
4.83 11.62 14.95 12.22 15.53 8.63 11.24 17.49 11.1 14.38 21.51 8.16 8.49 6.31 10.25 12.92 6.61 8.88 10.54 12.28 7.23 10.86 10.24 9.82 3.01 3.58 7.55 6.44 6.86 4.77 5.13 9.23 14.45 11.3 10.08 6.69 3.53 2.56 1.81 3.67 5.35 7.44 5.86 5.53 4.92 4.22 6.14 6.33 9.38 7.25 6.9 4.37 8.27 4.75 6.32 6.71 9.06 11.13 3.89 4.03 10.84 6.4 5.42 4.31
9.0 27.2 17.51 24.41 12.21 7.79 6.49 28.2 26.8 25.4 11.02 5.36 5.01 5.99 9.33 12.88 12.47 7.04 12.95 10.04 5.98 5.67 6.76 9.85 4.25 6.81 8.21 10.83 3.63 2.52 7.81 12.98 12.42 12.52 14.91 7.3 5.35 3.65 3.84 4.78 7.5 6.6 4.13 4.88 6.18 2.88 3.88 9.04 10.09 6.66 5.59 4.26 5.06 5.72 9.18 6.45 6.48 9.49 9.7 10.59 11.57 10.03 13.22 5.35
19.98 22.99 15.04 14.53 14.52 9.57 5.94 12.92 25.46 20.36 10.96 8.66 6.27 20.61 14.86 11.36 13.47 7.05 9.74 7.5 4.35 6.14 8.62 10.47 9.01 8.47 7.08 8.23 9.35 12.24 16.66 20.24 4.68 9.15 8.92 4.73 3.91 3.62 8.04 6.52 3.91 5.95 8.15 8.02 10.46 3.11 4.84 14.05 13.58 6.58 2.83 4.0 3.51 9.66 18.05 9.23 5.45 11.89 15.27 14.84 8.56 8.33 11.36 6.14
22.22 24.13 24.08 10.35 18.1 23.88 15.16 14.0 15.62 15.52 14.54 11.44 8.35 25.99 16.46 18.89 18.95 10.89 9.38 5.0 5.43 3.9 6.56 6.67 6.77 9.29 12.6 8.43 12.77 8.69 23.52 27.69 7.46 8.01 8.15 4.85 6.44 4.81 7.02 6.89 6.52 10.54 7.52 6.11 7.01 5.29 6.76 13.78 27.71 7.75 6.49 7.03 4.85 5.73 11.5 6.72 8.57 10.66 13.92 16.98 8.99 14.8 13.58 9.22
16.97 10.85 9.73 11.65 18.98 19.75 12.01 10.67 11.53 13.68 9.59 13.44 15.99 12.17 16.16 13.3 21.47 25.46 9.87 6.26 3.31 3.28 4.01 7.35 8.3 9.05 9.16 5.18 7.81 12.62 28.11 16.52 11.12 14.55 14.77 12.89 11.21 5.44 5.68 6.94 11.15 17.07 4.15 6.16 8.13 8.71 13.46 12.84 24.75 17.06 5.96 3.47 2.76 5.25 10.54 8.29 10.53 8.99 12.8 14.91 12.77 16.53 20.56 24.05
13.58 8.68 6.02 20.06 14.27 8.17 11.1 9.96 5.23 6.5 10.18 14.12 22.79 12.74 18.93 13.83 13.97 18.83 7.58 6.31 3.72 5.38 7.34 9.44 9.18 7.16 6.17 9.24 11.97 14.67 11.84 5.11 4.91 8.18 8.67 9.66 5.96 9.03 9.97 7.17 13.6 12.07 7.02 8.34 8.48 18.69 12.55 17.81 17.86 7.88 4.32 3.97 4.14 6.86 6.36 6.21 5.94 5.16 6.25 7.2 10.73 14.93 21.19 35.85
8.71 6.27 7.84 16.41 17.04 9.2 11.55 6.82 5.71 5.41 9.55 15.39 12.39 8.01 8.6 5.88 9.35 12.03 10.33 4.57 2.62 5.38 8.06 7.51 9.88 5.7 5.34 9.11 8.69 9.33 4.02 2.33 2.8 5.57 7.52 5.05 5.15 6.68 6.53 5.0 10.2 10.23 9.77 12.28 8.87 12.51 22.07 24.89 15.94 10.02 7.14 4.75 3.5 3.59 3.33 5.32 5.88 8.22 8.68 5.36 9.37 9.06 20.77 21.51
11.58 13.91 8.24 10.51 18.22 13.84 11.04 4.96 4.29 10.0 14.82 10.85 6.16 7.19 6.77 8.06 7.88 5.82 8.15 5.01 2.21 4.52 5.87 4.47 6.4 9.47 6.3 5.74 5.7 6.51 7.43 4.05 3.16 5.37 7.35 9.83 4.37 4.05 6.19 7.07 10.62 6.1 7.84 11.8 12.84 8.08 9.83 9.83 11.5 7.38 4.92 3.8 3.42 4.05 3.84 6.7 15.0 17.43 11.71 7.01 18.46 14.69 13.23 7.83
9.23 8.26 8.57 9.79 17.24 20.37 6.05 3.46 3.9 7.17 12.74 13.54 6.59 7.93 4.82 5.43 6.09 4.03 6.73 8.54 3.3 6.3 5.76 8.57 8.54 8.36 4.21 4.63 4.54 6.84 9.4 5.55 5.66 9.69 9.97 4.71 3.0 6.46 7.25 10.31 6.17 5.38 6.46 17.6 10.19 8.31 6.14 6.71 12.5 8.3 11.24 5.43 3.81 5.07 3.8 6.01 13.21 11.17 13.65 15.47 16.33 19.97 11.86 11.17
7.0 6.87 9.02 7.98 12.98 19.14 7.44 5.31 4.11 7.79 9.05 10.12 8.68 4.57 4.97 4.45 7.33 5.69 9.02 10.75 9.19 9.66 7.41 6.81 4.17 10.79 8.96 5.81 2.68 3.33 10.19 19.71 15.12 8.03 9.16 3.4 3.74 3.65 6.55 6.88 5.93 6.94 22.39 22.48 14.88 9.29 7.05 8.89 8.84 11.18 17.98 7.11 5.44 2.7 4.58 11.06 20.17 15.39 8.41 16.0 35.13 23.47 10.96 16.82
6.02 4.28 6.91 12.16 10.03 9.36 9.13 4.76 4.96 9.53 9.97 12.89 16.96 6.38 3.44 7.46 8.85 10.48 4.11 3.52 6.38 3.63 4.72 3.1 4.11 10.83 15.56 5.75 2.17 3.88 8.02 22.11 11.29 11.21 10.47 7.19 5.45 5.93 13.59 11.04 11.45 6.86 19.47 15.59 15.6 13.92 10.16 11.15 12.32 12.51 14.81 10.41 5.8 6.63 5.32 9.16 19.56 17.67 12.94 13.57 18.66 16.19 27.6 14.78
6.67 6.08 5.76 8.26 15.08 16.32 6.89 3.64 7.0 16.37 6.76 4.76 5.15 12.55 6.71 4.35 5.2 5.81 3.2 6.38 4.44 2.85 3.02 2.7 3.2 6.12 14.85 7.15 4.45 7.05 12.65 12.95 13.28 20.96 26.66 11.57 9.2 11.84 9.53 15.11 10.12 5.62 9.97 15.8 17.7 16.71 14.05 12.45 22.01 10.61 17.38 10.71 12.05 9.22 8.41 18.72 19.09 26.98 9.53 22.16 12.27 6.84 10.74 10.36
11.8 4.21 5.3 8.09 11.94 16.94 8.29 6.33 7.07 10.02 6.5 3.99 5.41 6.89 4.53 3.86 10.16 9.79 9.35 5.05 6.02 4.81 4.99 6.67 4.6 5.99 8.7 10.73 20.03 15.11 10.66 14.98 15.91 14.08 12.52 7.62 10.28 15.01 9.87 6.58 9.47 11.11 4.91 10.54 13.9 26.55 20.23 20.44 18.21 9.8 12.4 13.85 27.09 19.28 14.52 14.73 23.33 19.17 21.69 22.13 11.63 6.97 6.22 20.46
8.61 5.66 9.21 10.18 19.36 14.98 9.33 6.62 7.5 8.1 5.59 4.0 3.31 6.45 4.25 2.77 6.43 6.73 7.71 7.33 9.0 10.14 5.46 4.76 8.15 9.19 11.21 11.47 17.82 19.88 16.42 11.21 6.42 9.26 16.66 16.25 11.67 6.14 12.3 6.6 10.22 5.98 3.95 5.74 7.0 13.21 20.24 28.02 18.75 14.2 15.06 24.53 29.01 16.28 11.27 20.35 18.53 8.75 24.13 23.04 18.89 11.43 8.66 18.53
6.02 8.3 10.09 10.2 13.19 18.38 16.58 11.43 8.21 6.79 6.92 2.25 2.72 3.06 4.67 4.9 3.31 3.65 7.08 7.08 3.11 4.14 4.7 9.54 10.53 11.6 9.73 13.47 18.57 13.01 21.44 17.6 11.68 11.8 15.02 30.83 9.05 6.74 7.13 8.51 5.15 4.06 4.06 4.71 6.53 6.01 9.62 17.28 20.95 17.75 29.37 39.38 45.83 26.98 8.07 17.73 11.94 10.01 17.04 11.14 15.31 5.73 6.85 18.73
5.61 5.99 11.53 10.89 5.54 11.21 13.08 25.88 15.02 8.0 2.43 1.57 2.62 4.09 4.79 3.01 2.88 3.4 5.03 4.31 3.45 4.27 5.57 11.91 12.61 12.52 10.52 13.87 14.0 11.43 14.55 12.05 11.19 14.37 14.9 14.21 7.3 8.23 8.26 7.59 3.86 2.82 4.31 4.93 3.4 4.33 7.03 11.23 12.23 10.16 13.32 22.24 28.81 15.36 14.25 18.0 10.01 12.05 9.35 10.67 13.85 9.95 11.37 16.32
8.91 4.52 14.51 5.78 5.28 7.94 12.38 29.34 13.5 5.54 2.44 2.19 2.27 2.5 2.16 3.37 3.07 2.72 4.57 6.17 15.5 11.63 12.08 8.43 12.2 21.87 10.2 12.62 10.83 12.5 13.02 7.64 11.43 14.67 8.66 10.51 9.65 9.11 7.65 9.5 5.45 3.46 7.78 6.55 4.86 3.71 3.89 5.83 5.87 4.42 11.11 17.18 18.22 5.8 5.77 5.8 12.03 22.5 13.71 10.17 20.74 10.65 17.1 21.27
12.15 6.28 10.68 10.66 8.87 7.11 7.76 22.54 15.91 7.61 3.21 2.51 2.47 2.65 2.59 3.87 2.72 4.25 4.99 8.87 11.44 10.59 9.56 15.69 21.35 33.03 17.39 8.2 22.38 17.76 12.96 9.2 11.51 14.66 13.08 7.68 9.7 8.59 5.68 6.53 4.66 3.64 4.7 7.09 7.53 5.48 5.58 4.59 7.81 7.96 10.68 11.52 9.61 6.01 10.04 5.5 7.51 13.95 15.65 30.92 32.03 10.76 10.11 5.95
9.01 5.72 4.92 6.86 8.73 5.11 6.72 9.55 5.82 5.53 3.71 4.55 4.01 3.7 3.47 2.68 3.28 5.5 4.93 7.99 7.92 9.14 15.48 23.73 12.48 31.54 30.46 22.26 14.73 19.37 18.95 9.4 9.93 15.89 24.28 19.66 21.77 13.26 6.55 4.04 3.38 3.57 2.87 8.33 8.81 8.67 11.43 13.97 11.96 8.0 12.87 22.98 14.27 8.83 8.51 6.14 6.97 10.73 13.72 18.41 9.7 10.62 8.01 4.79
6.44 6.45 5.13 5.95 7.2 5.01 5.35 5.26 2.27 3.31 3.59 5.7 3.93 3.09 3.68 3.34 6.47 8.86 12.23 8.54 5.77 8.54 9.09 14.31 21.87 22.21 31.39 12.31 17.25 11.36 13.14 11.82 7.56 9.33 32.65 22.77 23.73 21.93 12.37 6.06 6.04 7.94 5.76 8.42 10.42 3.84 9.45 15.53 13.92 11.16 17.51 17.76 14.28 14.97 11.96 7.35 5.84 5.6 7.37 5.42 5.13 7.67 11.72 6.97
7.66 4.84 3.48 4.58 10.46 12.59 8.36 3.7 2.7 5.16 4.61 3.78 2.67 2.88 4.29 5.77 13.22 17.97 10.08 9.88 5.27 2.69 2.73 5.2 14.25 20.7 14.87 9.42 19.11 9.68 12.23 10.98 6.0 11.39 22.0 19.55 12.58 10.68 10.94 7.82 14.03 14.71 9.08 7.92 7.3 7.12 10.88 11.23 6.88 9.18 10.86 16.64 9.73 8.16 26.59 12.28 6.19 4.28 5.84 5.26 4.14 6.21 10.14 8.94
7.01 4.89 3.69 4.53 3.68 4.66 6.65 6.14 7.53 7.07 3.07 3.34 2.94 3.04 4.43 5.9 12.08 17.6 9.9 11.65 6.51 5.38 4.77 3.88 8.04 12.9 9.43 15.74 20.7 13.87 11.73 7.95 5.67 5.65 8.46 11.08 9.3 11.27 12.6 6.34 8.69 7.14 7.78 12.33 6.4 7.44 6.16 10.6 7.3 7.95 9.47 10.73 10.77 13.52 12.74 22.3 9.83 3.11 4.19 3.2 3.37 2.61 3.45 7.0
6.78 6.32 6.08 4.45 3.26 3.96 7.44 4.97 5.63 3.92 5.76 3.03 3.39 3.97 4.73 5.77 16.92 20.21 17.74 19.31 13.85 16.36 5.09 4.87 10.15 12.77 16.41 17.48 11.7 7.83 11.58 5.81 4.39 3.74 9.21 5.6 4.64 8.94 7.18 8.07 8.32 6.63 8.43 5.01 6.55 15.83 6.72 11.22 10.29 10.07 9.14 5.15 5.27 4.36 5.29 21.39 10.78 6.8 4.3 2.59 1.91 0.97 3.04 3.52
5.52 8.5 6.99 3.1 1.72 2.79 4.21 5.98 4.38 3.81 3.42 3.81 4.91 6.06 8.61 6.85 16.43 17.88 13.75 15.66 22.81 20.29 10.11 6.54 7.88 15.63 13.26 14.01 7.93 8.57 8.67 4.78 3.91 3.78 5.46 3.83 5.07 6.85 8.52 7.21 5.84 8.24 9.23 6.01 9.47 16.53 9.13 6.13 8.85 12.4 10.45 3.14 3.39 3.98 8.96 13.51 8.62 9.28 5.41 2.96 2.46 1.93 3.71 4.03
4.31 5.08 6.64 3.4 2.53 2.05 3.57 7.01 6.56 4.65 2.29 8.66 8.42 9.46 6.63 5.24 13.53 15.8 10.6 14.4 18.4 18.49 6.49 6.39 15.7 11.08 10.72 11.75 7.68 11.33 4.39 4.68 5.44 5.7 4.01 2.91 3.27 15.11 14.41 7.65 5.96 4.8 8.67 4.59 9.81 20.73 12.3 5.7 4.49 18.4 9.82 5.59 4.2 5.46 10.41 6.81 4.9 5.99 4.74 5.06 6.19 4.74 8.34 5.14
7.49 8.16 7.43 2.35 2.31 3.47 5.27 4.73 5.88 2.07 2.52 4.68 10.71 12.96 8.19 10.57 11.02 17.27 5.1 9.87 7.17 4.46 3.95 8.81 11.25 7.33 15.86 10.12 13.62 9.7 5.86 6.94 6.99 5.1 2.7 2.84 4.81 9.4 9.21 6.64 8.11 7.01 11.51 9.02 11.26 8.52 8.62 6.84 5.6 6.32 3.56 4.48 5.04 7.25 17.77 6.6 9.22 16.71 9.26 7.35 6.54 4.44 3.93 4.74
5.19 7.31 6.12 2.55 3.11 6.43 7.91 8.47 3.8 4.14 4.12 5.39 10.85 8.7 17.56 9.64 10.55 13.05 7.38 9.22 8.21 4.96 2.49 8.0 9.1 11.53 8.77 12.03 18.9 7.53 8.49 9.13 11.59 4.63 5.74 5.45 8.08 8.11 8.67 7.22 9.14 5.45 3.98 10.68 7.79 8.8 6.95 3.1 2.67 3.56 3.92 4.27 7.96 13.62 22.64 5.01 7.14 16.02 14.64 14.52 10.78 8.35 5.4 5.99
4.97 8.32 7.98 5.35 4.47 12.16 14.75 8.09 2.03 5.11 4.0 5.59 12.32 11.28 7.21 5.66 12.32 13.47 12.33 10.41 7.88 5.18 2.94 5.38 7.23 11.91 11.58 16.92 11.53 10.25 10.01 7.93 9.09 4.71 4.41 5.65 7.1 9.63 13.01 4.9 9.35 6.05 10.7 10.44 5.35 5.12 8.39 7.73 5.25 3.02 5.04 8.31 6.13 14.79 13.72 10.37 7.64 10.58 18.83 9.51 13.83 11.75 4.43 5.78
7.96 16.48 11.0 8.39 10.54 6.73 8.85 3.41 2.58 3.86 3.45 4.3 7.54 10.02 4.93 6.06 15.85 8.61 8.85 12.36 10.21 7.77 4.66 4.34 8.08 12.36 14.47 12.05 19.44 10.59 7.49 9.23 8.05 11.33 3.66 2.52 5.76 9.19 9.73 10.36 6.79 7.22 11.7 11.69 10.07 8.71 15.64 13.76 7.73 6.53 6.76 8.18 11.43 22.42 8.1 8.92 6.05 14.37 12.8 6.57 5.5 6.51 4.58 6.81
9.8 13.23 8.89 9.3 8.95 6.95 4.54 2.17 3.64 6.31 5.96 5.83 8.95 12.48 6.49 4.4 10.67 9.68 8.88 11.77 19.48 16.3 7.13 5.28 7.01 12.62 12.65 9.03 7.41 4.99 9.03 7.47 9.35 8.02 7.88 4.43 7.94 9.49 11.35 9.41 5.4 4.08 5.7 8.49 8.6 8.0 15.87 13.85 12.18 7.35 7.33 9.63 14.18 10.21 7.7 13.75 10.91 10.09 7.19 5.74 3.32 4.16 6.45 12.01
8.26 7.26 12.29 14.45 7.34 5.11 4.05 3.34 9.82 9.07 7.58 10.07 10.29 23.4 21.42 10.68 11.23 5.43 7.69 8.76 13.76 12.63 11.89 8.54 4.34 5.59 6.56 9.64 12.13 7.25 3.77 9.75 10.8 7.63 5.86 4.37 9.83 6.7 9.89 11.91 6.1 3.22 2.3 4.36 6.09 13.59 11.25 11.89 6.93 7.09 5.5 5.79 8.89 7.09 11.3 10.79 19.3 11.53 7.1 9.65 5.33 4.99 6.0 13.63
4.73 4.06 10.03 12.49 8.88 7.84 3.33 7.08 18.02 15.71 16.59 16.75 16.98 30.42 26.49 19.62 11.88 9.23 6.59 7.0 16.18 16.73 13.96 8.23 4.26 5.24 4.05 6.04 7.08 8.44 6.93 6.76 7.37 9.41 7.32 6.54 7.74 11.04 8.8 6.42 4.39 3.02 4.82 3.72 4.65 16.03 14.39 8.55 5.99 9.46 7.7 6.3 5.16 7.5 9.28 10.15 11.5 8.64 8.94 19.49 8.06 6.69 11.48 18.63
3.62 5.04 12.1 22.25 7.4 5.72 3.14 4.03 11.9 10.01 20.08 22.35 31.04 21.58 26.13 13.83 13.27 8.54 9.39 20.14 14.91 12.18 12.06 10.3 4.21 2.77 5.25 3.45 6.24 8.49 7.24 7.63 7.68 13.47 11.68 13.61 7.51 11.22 6.02 4.23 6.27 4.57 8.05 6.63 7.67 6.48 9.62 7.66 8.74 9.95 8.01 5.75 4.81 5.37 6.07 6.0 6.73 11.14 8.86 9.61 17.55 8.43 8.92 17.42
3.6 6.06 6.14 9.24 10.66 4.33 2.52 3.77 5.56 9.06 11.75 16.99 25.18 30.44 20.57 20.53 13.88 14.23 12.02 12.01 8.46 9.04 9.6 19.93 12.48 4.2 3.6 2.57 5.56 8.32 12.51 15.16 11.73 7.99 7.3 5.93 7.85 8.04 6.66 5.63 6.67 16.45 24.54 12.05 6.87 4.97 8.72 7.45 6.27 10.36 8.93 5.45 8.63 6.02 8.43 8.49 12.01 10.84 7.42 11.19 22.93 14.92 7.47 12.75
3.57 6.85 5.67 5.6 11.22 9.2 10.03 5.55 3.63 7.91 6.06 11.97 20.46 35.0 33.05 15.32 13.15 10.41 11.57 14.53 7.13 9.07 10.4 24.69 8.94 4.76 4.06 3.17 3.02 4.74 7.98 9.97 7.66 5.32 8.03 8.79 5.67 5.66 9.63 5.91 4.45 11.61 17.1 41.58 11.82 5.02 6.19 6.6 10.06 10.18 6.77 12.8 13.4 9.15 11.02 9.9 13.32 13.46 20.68 21.21 28.65 18.58 10.08 17.22
5.02 7.49 4.15 5.36 5.3 5.78 6.09 3.1 2.82 6.94 7.57 17.29 18.34 18.88 19.53 10.91 16.06 6.18 10.95 12.63 10.74 9.42 6.94 11.77 10.53 6.96 5.4 1.92 1.95 4.83 7.24 6.1 4.62 4.68 11.8 10.1 9.47 6.7 10.81 8.46 10.41 14.05 33.01 22.3 15.71 6.76 4.61 4.79 7.98 10.89 7.65 13.4 12.16 13.56 11.73 12.82 18.79 15.85 32.47 36.79 19.17 8.94 9.87 14.42
5.9 14.4 13.93 7.55 4.22 6.03 4.36 4.27 3.91 4.83 9.36 7.6 10.32 13.47 14.63 11.33 13.68 9.89 9.12 6.08 9.76 14.77 9.09 8.94 4.22 4.22 6.0 3.16 2.66 3.09 10.86 9.83 7.11 11.43 8.7 5.65 5.34 6.89 12.69 12.21 14.62 19.22 23.17 10.69 10.47 10.9 8.5 6.19 8.27 4.52 7.6 12.95 8.9 11.24 8.31 20.87 20.79 21.53 22.8 27.35 12.28 10.72 11.84 9.43
5.86 15.3 10.25 12.38 3.95 7.15 4.98 5.11 8.45 9.39 10.83 11.86 7.1 6.7 8.99 9.66 9.65 8.52 7.88 7.96 6.54 8.02 10.25 8.63 5.52 4.84 3.57 2.69 4.94 3.23 8.65 10.84 5.7 7.05 6.84 8.58 9.26 10.85 11.3 19.08 21.13 10.88 12.08 11.41 12.62 19.86 9.91 11.62 7.68 4.19 6.76 13.19 13.44 9.3 11.1 12.98 25.04 43.88 21.01 17.4 19.88 17.41 9.38 9.72
8.72 8.92 16.51 9.63 6.29 6.66 2.93 2.32 5.29 6.25 15.53 13.18 7.54 9.2 10.45 14.93 10.14 8.82 10.85 6.0 9.9 5.79 7.24 7.66 5.4 3.37 4.28 5.24 8.16 6.26 5.05 7.66 6.66 7.2 5.83 5.34 7.8 9.71 11.96 17.03 27.74 14.9 13.14 16.37 17.52 32.72 20.83 20.71 7.66 6.37 5.21 8.77 11.65 6.2 8.49 24.92 28.29 54.96 51.38 17.01 14.77 16.29 14.49 13.73
3.56 5.87 13.93 11.72 8.0 5.48 4.05 2.61 2.94 6.16 10.94 9.79 15.11 19.02 17.99 10.12 7.47 9.41 11.67 6.86 5.66 5.02 7.03 11.54 7.25 4.8 3.63 4.67 9.28 7.12 9.18 8.08 8.23 9.19 6.59 6.06 6.6 8.75 9.39 10.57 17.82 16.96 13.58 23.01 28.97 11.78 21.61 16.07 5.61 8.35 8.62 16.87 12.02 3.3 11.67 28.3 28.76 55.79 42.18 23.8 22.09 9.88 9.05 8.63
4.14 9.36 10.95 8.23 5.68 7.33 4.77 2.89 2.83 8.71 13.28 7.81 10.37 11.78 22.07 9.52 9.32 15.32 6.63 4.98 4.48 6.66 6.65 6.29 7.36 9.5 5.45 6.26 7.47 10.6 13.44 11.28 15.5 11.67 8.04 9.26 5.58 5.57 6.33 8.65 13.68 13.32 11.06 14.86 12.66 8.43 9.92 11.84 8.69 9.87 7.44 12.71 12.58 6.57 10.23 25.86 42.75 53.55 42.74 31.85 31.58 29.43 9.11 7.91
7.87 19.06 20.09 9.67 8.56 8.99 5.61 2.83 1.97 5.65 8.43 7.46 6.95 21.59 24.98 11.94 9.77 6.44 5.69 3.03 2.34 4.26 5.88 9.41 10.52 12.11 10.44 10.58 11.57 19.02 15.55 11.71 12.28 10.52 8.25 11.42 7.93 5.28 7.7 9.88 11.17 11.35 11.39 11.54 13.43 11.24 7.5 7.98 8.3 9.93 10.99 10.08 11.66 10.4 17.72 31.94 45.33 47.06 37.72 30.52 19.98 16.22 4.61 7.11
