6.92 5.73 5.18 10.14 11.51 12.78 17.8 13.43 11.33 8.58 8.47 4.83 4.72 6.01 3.1 6.71 4.34 7.62 9.22 12.35 3.81 4.44 1.7 5.29 4.59 6.88 2.25 7.37 7.2 7.23 5.31 4.98 10.34 12.67 6.11 12.63 11.45 9.51 13.94 8.18 6.68 5.97 5.93 5.71 10.62 4.93 10.05 7.96 6.57 10.9 11.75 5.99 8.23 6.6 7.71 5.83 8.66 9.88 5.89 7.17 8.33 14.83 14.08 8.74
8.82 6.07 5.91 9.43 17.19 16.69 13.77 13.67 8.42 14.76 10.75 3.07 4.85 5.19 6.32 8.48 6.73 12.47 10.52 11.56 5.33 9.75 3.49 5.95 3.2 8.51 5.67 6.1 4.18 7.57 6.95 7.91 10.45 20.85 11.75 11.06 9.49 11.29 11.83 17.78 4.42 12.73 5.01 7.21 8.05 5.12 4.7 3.58 6.92 4.82 7.08 8.52 6.56 4.52 5.41 7.79 7.6 6.12 7.15 6.92 8.7 6.69 9.65 9.8
3.32 4.01 7.19 10.38 11.26 6.3 19.03 10.46 18.55 19.35 10.9 8.88 4.48 3.67 3.54 4.43 7.23 15.37 7.65 8.18 7.58 5.31 3.89 4.57 5.36 11.72 6.43 10.17 6.14 5.71 8.08 16.09 22.82 24.16 15.57 15.71 6.15 9.25 13.77 9.13 13.11 13.23 12.6 4.27 2.73 3.53 2.75 4.47 9.94 7.74 6.13 4.61 7.77 5.74 6.24 4.67 5.67 5.03 4.28 11.57 5.08 2.93 9.25 10.59
4.09 4.2 5.79 10.26 11.83 5.37 8.19 5.34 11.08 22.86 12.65 8.27 10.61 6.85 4.14 4.72 4.5 6.5 4.42 5.55 5.34 4.08 3.01 3.21 3.55 7.49 8.93 9.86 8.15 8.52 10.25 15.85 15.36 20.53 9.94 10.76 4.6 5.74 6.23 8.82 6.9 7.46 9.47 4.28 4.66 2.47 2.71 7.91 7.19 14.01 7.8 9.6 6.07 8.25 3.79 3.25 4.95 6.16 8.26 7.43 3.86 3.41 6.38 6.2
7.15 4.21 17.39 7.9 9.53 7.39 8.68 8.63 16.82 11.2 17.64 12.58 12.02 8.2 12.35 7.43 8.65 4.02 4.06 8.43 7.85 7.59 4.64 4.59 5.47 9.41 4.63 6.65 5.69 9.54 5.76 16.07 25.64 25.08 6.95 7.08 2.43 4.71 5.85 8.32 4.84 6.64 2.98 6.59 5.13 4.25 7.69 5.13 12.23 8.09 7.77 6.51 4.76 6.54 3.99 2.43 6.42 9.79 8.63 9.15 4.63 3.56 6.1 9.08
9.05 7.16 10.73 6.21 9.8 6.15 19.96 14.43 14.68 14.25 16.01 15.33 5.18 7.82 9.45 11.36 4.98 7.23 8.65 10.39 10.87 9.97 7.28 9.77 11.2 18.13 9.1 4.5 5.98 9.02 12.39 14.06 6.13 8.29 4.4 8.68 3.46 3.78 6.84 9.39 6.96 7.0 4.1 2.9 3.65 3.74 4.53 5.62 7.56 8.52 7.57 2.62 4.76 4.92 3.44 2.61 4.29 4.0 7.23 7.29 7.3 2.59 4.97 6.5
9.12 9.12 10.75 6.2 3.91 2.76 4.92 6.48 12.28 7.51 12.18 6.06 4.63 6.71 7.82 5.29 7.11 4.62 8.01 9.71 6.22 5.12 6.7 9.76 12.8 9.85 9.18 9.52 6.3 10.09 8.02 9.35 5.69 6.13 5.09 6.2 6.82 17.1 8.95 10.2 10.44 6.83 6.72 3.43 2.35 3.04 4.8 7.31 8.77 7.0 6.36 8.5 4.91 3.22 3.77 3.81 6.85 6.94 4.91 4.64 5.15 2.88 5.46 4.67
24.47 9.14 12.18 4.67 4.1 3.77 2.38 5.16 10.75 10.2 17.17 5.12 6.08 3.07 8.71 5.38 9.96 5.3 7.64 8.25 8.31 2.71 4.13 3.04 5.74 7.45 6.53 3.96 5.01 13.6 12.99 11.7 8.4 5.16 5.72 7.52 10.41 29.77 17.05 20.6 11.23 6.14 4.12 4.21 1.96 2.19 5.23 10.17 7.79 7.61 8.05 14.71 10.3 9.39 7.43 4.78 10.07 5.31 4.88 3.58 5.64 4.58 3.85 4.41
12.0 8.14 14.29 4.66 5.7 5.75 7.32 7.85 10.7 9.93 11.48 15.59 4.92 4.77 7.15 15.09 14.68 5.17 8.77 10.32 6.0 4.33 2.35 2.83 5.63 5.82 5.96 3.93 2.12 6.53 6.23 7.37 6.14 7.84 2.32 6.22 14.21 17.3 10.94 13.27 21.46 6.91 4.24 1.57 1.54 5.62 7.15 15.89 17.03 12.65 8.28 4.94 8.23 9.31 7.96 7.34 6.33 4.62 6.29 3.52 3.62 2.57 5.88 5.57
8.11 9.53 5.88 5.71 10.82 15.91 7.0 8.02 16.04 11.56 23.17 10.63 8.01 12.57 10.06 12.86 16.97 18.21 11.4 9.21 11.84 6.27 3.74 3.03 3.72 9.65 7.76 4.23 3.63 3.21 3.05 5.9 3.54 5.28 4.31 7.43 7.07 4.19 15.1 14.56 16.27 7.44 6.32 2.63 4.71 6.61 20.8 28.06 10.01 21.38 10.48 10.21 6.86 4.48 4.34 6.12 11.68 5.28 7.74 4.65 3.96 3.38 5.23 12.94
11.09 7.05 5.45 8.45 4.42 10.98 9.85 11.32 10.58 6.99 16.85 10.39 9.96 8.03 12.72 10.99 9.97 20.83 33.13 10.02 10.16 9.89 4.14 5.52 5.32 4.58 5.32 6.38 3.4 2.7 5.39 5.33 4.18 3.94 3.4 8.9 7.33 3.22 8.01 15.03 9.66 9.95 6.47 13.01 9.61 8.58 23.0 29.07 25.71 11.83 9.26 8.9 10.14 10.83 8.39 7.94 13.98 6.24 10.17 4.09 5.11 5.13 5.85 5.96
6.97 5.03 5.06 8.74 23.76 4.9 11.86 9.99 9.2 6.09 10.78 7.73 6.69 7.52 4.99 6.69 16.03 33.58 37.33 15.12 18.45 6.33 3.55 6.32 4.53 5.13 4.25 3.32 3.46 4.08 3.64 3.66 3.91 10.32 4.93 8.43 5.89 7.12 7.63 8.89 12.58 8.61 8.28 18.93 8.07 20.34 9.39 27.52 28.75 15.53 18.23 7.15 6.72 5.88 13.15 9.14 6.43 6.94 10.94 5.29 5.11 3.17 5.9 9.41
7.59 4.7 5.15 8.62 7.73 7.54 8.51 6.03 7.9 3.76 7.59 3.64 6.86 5.35 4.76 10.84 11.09 21.23 10.84 6.34 10.05 7.55 5.12 7.11 3.71 3.81 4.21 4.33 3.17 2.76 2.43 1.78 5.38 7.9 9.64 7.77 5.06 10.14 9.07 7.15 6.75 5.22 5.17 15.93 13.79 22.73 16.58 20.32 14.95 32.42 36.12 14.48 6.37 5.38 10.4 8.52 8.07 4.7 9.12 5.61 3.24 6.43 10.2 10.08
3.36 9.39 5.48 7.91 6.67 11.74 5.97 6.72 4.51 8.5 4.29 7.06 10.25 3.03 9.29 22.63 19.25 20.08 14.03 5.35 7.67 6.36 4.86 5.34 4.72 5.9 5.57 4.73 4.19 3.37 3.74 2.06 6.67 6.61 3.69 3.14 5.21 5.04 4.46 5.31 3.34 7.06 9.41 20.66 12.85 36.33 11.92 11.28 13.56 27.89 43.53 14.84 10.41 8.91 8.29 10.54 4.95 6.02 5.74 7.41 4.1 12.17 7.72 10.01
6.1 7.9 17.2 10.15 10.61 10.11 21.28 5.35 5.41 3.24 3.49 8.96 6.4 7.23 11.85 17.57 22.28 18.59 16.94 10.4 9.12 9.3 8.82 5.2 4.25 3.95 6.55 2.5 3.67 2.35 2.51 6.78 8.09 6.33 4.0 4.64 4.65 2.64 2.99 2.43 2.86 8.25 6.9 6.61 11.74 21.34 14.55 9.88 6.78 14.83 13.01 7.83 6.55 6.78 4.71 10.48 4.95 5.95 5.61 10.56 9.73 12.13 10.23 8.11
10.53 12.96 9.95 13.98 8.77 7.52 12.69 4.66 4.57 4.83 4.28 2.65 5.79 7.88 11.34 17.93 13.1 10.31 15.85 11.37 16.8 18.69 5.89 7.0 4.51 3.97 4.86 3.3 1.51 2.5 5.68 9.64 8.3 10.66 10.93 8.48 6.53 4.69 4.78 3.31 2.99 7.79 8.67 6.83 20.65 7.91 7.29 7.76 14.04 10.26 7.53 5.43 6.6 3.58 3.23 6.93 8.94 6.66 5.37 10.27 8.56 17.6 11.25 7.76
5.24 9.12 13.77 8.25 7.29 7.19 6.77 3.67 5.92 6.93 10.12 5.08 5.34 7.72 9.69 7.25 12.91 6.35 7.64 9.95 10.34 6.95 3.87 3.33 3.63 3.03 4.31 4.42 2.08 3.42 5.18 7.2 11.79 9.27 6.1 12.42 7.78 7.73 7.23 6.33 7.48 8.46 9.93 23.03 11.83 4.98 5.44 3.7 10.43 11.08 4.66 6.76 3.62 4.41 4.72 4.4 3.49 5.68 3.62 8.17 11.95 13.99 7.26 9.17
5.96 7.97 11.64 9.61 11.07 4.58 10.75 10.12 9.77 5.77 8.0 17.17 17.1 6.35 6.74 4.12 11.12 5.38 7.25 7.47 8.47 4.95 4.36 2.47 3.25 4.01 6.28 2.34 3.42 4.36 2.94 6.03 6.61 6.1 2.95 8.26 8.11 10.53 9.38 11.31 12.5 14.3 8.45 12.42 7.0 5.03 5.24 3.86 3.85 6.83 13.58 5.04 3.74 4.39 1.98 7.53 4.79 4.04 3.87 8.1 12.25 6.14 6.91 4.74
8.91 11.25 10.88 7.86 5.1 5.1 5.89 4.41 8.37 5.7 9.04 15.85 24.97 11.94 7.92 4.05 4.13 3.9 13.63 7.37 8.6 5.0 7.99 4.05 2.61 3.66 3.05 4.37 3.58 3.17 3.87 3.91 3.82 2.85 2.54 3.95 8.31 13.98 14.0 11.87 10.53 10.14 7.38 15.96 9.15 6.97 4.2 4.99 5.35 14.77 6.25 5.68 4.41 2.72 4.34 4.75 13.91 5.61 4.71 8.03 8.42 9.33 10.06 3.97
10.12 10.74 6.9 11.04 6.35 4.49 3.73 4.73 6.33 6.57 9.78 23.79 15.49 4.88 9.55 3.37 8.83 9.8 11.45 8.7 7.26 3.64 6.9 5.59 7.47 4.22 5.51 3.87 7.77 4.99 5.1 7.94 2.83 1.89 3.48 4.38 11.26 13.74 16.88 15.4 5.54 13.6 9.63 11.88 8.74 10.64 9.29 9.45 6.44 10.66 6.93 5.79 3.0 5.17 6.74 15.62 7.94 5.36 8.93 8.0 8.01 8.66 7.35 4.89
12.0 10.75 11.02 5.95 6.56 4.91 4.13 4.31 3.2 10.04 10.58 18.6 6.03 7.24 4.25 4.61 7.3 4.43 15.78 11.6 3.91 7.02 6.22 4.13 5.97 5.52 7.45 6.29 6.57 5.73 5.73 4.48 2.36 1.94 6.53 8.74 10.16 11.32 16.18 6.84 6.87 7.95 7.51 10.49 8.12 6.6 9.77 7.7 7.98 8.26 9.08 6.24 2.97 5.8 9.04 8.41 6.77 3.56 3.26 11.1 3.96 3.04 4.08 4.05
7.77 8.67 9.58 4.53 4.06 6.52 7.26 5.18 4.69 7.38 15.86 12.05 5.03 2.61 3.8 8.35 8.46 5.4 5.78 3.74 8.89 6.78 7.2 4.27 3.22 3.86 7.0 7.19 6.87 6.62 5.72 4.59 4.38 3.6 5.88 8.42 12.72 20.75 9.11 12.73 7.37 5.84 5.23 10.08 6.14 15.6 10.97 9.36 5.31 15.7 10.53 9.37 3.51 4.78 9.26 8.57 5.35 3.08 2.63 3.18 6.02 5.67 3.56 6.86
12.35 10.14 8.77 5.36 8.79 6.48 7.16 9.64 9.53 21.03 15.7 6.16 10.21 4.14 5.2 3.66 9.82 8.54 3.49 4.08 3.73 7.67 10.24 6.0 3.53 4.57 7.02 6.46 9.62 9.46 3.63 2.98 3.69 3.72 4.86 6.37 5.86 17.57 10.86 10.47 8.92 9.17 11.15 11.68 6.06 7.26 10.04 6.65 8.47 9.13 23.7 10.1 7.59 17.19 10.62 6.74 5.3 4.53 3.39 3.33 3.83 10.22 20.22 10.22
8.95 8.65 9.88 4.81 8.65 17.92 12.45 8.7 8.5 17.03 13.21 11.74 8.47 7.42 11.3 8.16 5.97 11.84 6.22 3.66 6.29 5.99 6.62 6.31 6.28 4.72 7.48 3.22 7.33 5.66 2.94 2.4 2.74 2.67 4.56 3.85 11.3 10.25 8.25 16.05 5.2 3.65 10.17 9.42 6.78 3.6 5.51 5.17 4.3 7.91 13.16 9.9 12.42 13.13 10.04 14.98 9.88 6.91 3.61 2.78 5.16 10.05 17.56 12.93
8.97 10.01 7.14 8.6 11.49 14.35 14.03 10.07 8.38 9.31 15.03 11.34 13.22 8.12 9.88 8.53 13.2 8.53 10.84 6.0 7.08 8.2 11.94 7.23 6.04 3.03 5.93 4.67 6.17 5.84 5.42 4.68 5.98 4.4 8.47 9.41 10.37 11.82 5.06 11.14 7.68 2.38 2.51 9.0 8.77 5.58 2.23 6.64 3.58 7.79 5.77 9.99 14.66 20.26 12.0 12.11 12.29 5.28 1.71 3.5 3.1 9.94 12.15 6.46
3.44 6.65 7.83 8.67 9.27 15.28 5.18 8.04 10.47 10.89 9.68 10.84 10.61 8.02 5.76 8.6 9.06 8.05 5.38 13.98 8.41 7.01 6.9 6.99 10.15 3.82 7.33 8.56 9.92 8.73 14.22 9.45 9.57 9.02 8.42 6.15 21.42 8.88 7.1 8.37 10.2 8.68 6.91 9.18 28.79 7.76 7.4 6.19 4.65 8.23 5.74 13.69 19.8 18.12 17.6 16.56 6.48 3.3 3.43 2.86 5.28 4.62 3.99 8.05
9.44 5.25 6.27 8.23 9.27 6.51 2.89 6.3 11.57 14.67 6.07 6.62 8.88 9.0 5.43 4.71 5.45 6.54 7.14 7.44 6.84 4.56 4.22 6.37 6.62 5.06 5.01 5.58 10.19 5.98 5.64 9.05 11.26 13.01 4.98 6.13 5.38 4.97 8.33 4.26 7.41 7.12 14.08 29.84 23.05 9.22 15.12 8.68 6.23 4.98 7.83 8.79 17.28 15.8 10.3 8.88 8.88 4.7 4.15 2.99 8.1 5.24 4.24 4.79
8.45 6.59 5.69 6.43 7.42 6.43 3.62 6.43 5.46 7.47 7.91 9.3 5.3 7.21 5.55 10.22 6.32 13.48 11.19 8.19 21.43 5.79 8.27 12.21 5.98 5.48 3.02 3.69 5.48 3.23 10.73 3.4 4.44 7.79 7.19 5.56 8.02 3.28 5.84 2.26 5.76 4.97 11.16 17.98 23.29 25.8 15.89 11.28 7.88 10.23 6.0 8.35 16.16 13.67 11.0 8.67 4.51 3.7 7.82 6.73 5.92 6.84 6.15 10.74
11.57 6.14 5.77 13.61 3.8 6.27 2.65 4.39 7.68 6.55 7.4 7.25 12.68 5.47 10.64 9.62 15.96 43.15 15.31 14.56 17.69 8.67 12.34 13.84 11.26 5.03 4.16 2.03 3.84 6.71 7.14 4.81 3.71 3.8 5.01 6.71 7.91 8.07 8.43 3.32 4.64 9.64 10.26 13.27 13.98 9.68 19.14 13.96 10.93 6.6 7.81 8.05 8.72 11.32 7.07 12.41 6.25 4.32 5.44 6.09 11.36 6.7 7.77 20.63
11.26 7.81 7.97 4.27 2.36 3.81 4.03 3.62 2.72 5.71 7.48 17.11 13.18 6.89 7.17 9.28 10.3 13.57 13.95 7.33 6.1 6.21 7.07 16.19 6.75 5.41 1.62 2.14 2.18 5.55 8.02 4.77 5.06 7.33 5.17 10.72 12.14 12.55 8.33 3.55 4.47 5.33 6.27 9.3 7.38 13.97 20.93 14.62 6.53 5.92 6.39 8.24 8.68 5.6 6.57 10.52 8.35 8.03 4.55 5.61 6.96 8.38 7.47 5.42
8.69 17.95 8.15 11.0 1.76 3.39 3.47 5.4 4.01 6.79 11.91 26.64 13.56 14.6 9.99 10.88 10.12 16.75 8.15 5.67 2.96 4.78 9.4 5.51 5.04 4.0 2.53 2.04 3.64 5.56 6.65 5.16 11.92 9.39 19.48 11.75 12.27 12.3 10.65 3.63 11.4 5.79 6.86 6.28 10.78 18.29 22.25 17.34 14.18 7.14 6.86 6.76 9.3 5.68 8.33 12.38 9.87 5.69 3.81 4.22 5.57 7.11 5.4 9.69
14.82 35.87 14.5 13.15 5.84 6.99 4.78 3.89 5.94 7.46 13.22 10.35 15.05 5.92 16.97 12.05 8.69 23.51 14.25 8.34 3.12 4.18 3.83 4.28 2.48 3.89 4.54 3.33 4.34 5.93 6.34 5.75 6.96 9.19 14.03 11.87 7.76 10.58 7.44 5.3 6.29 7.11 4.75 7.88 12.72 14.95 17.79 14.28 15.64 7.68 6.77 8.42 4.08 5.95 7.09 13.05 7.96 7.73 4.25 4.73 5.66 10.19 5.71 7.29
15.26 21.07 22.41 11.25 5.93 9.07 11.57 8.69 7.08 11.05 14.15 7.96 6.07 7.13 3.8 10.28 13.87 11.57 16.29 12.57 6.87 4.04 5.3 4.86 3.85 3.78 2.88 3.77 5.95 5.84 3.96 4.74 1.96 5.17 8.96 9.4 3.52 6.05 3.83 3.3 5.53 5.02 2.92 5.15 3.7 9.4 9.15 13.89 19.16 7.86 5.76 6.03 4.45 6.56 8.03 6.56 8.43 6.71 5.04 3.39 6.18 8.02 7.07 5.34
6.49 5.97 20.29 15.92 5.44 5.91 8.56 5.24 10.21 14.78 15.29 14.0 6.51 4.98 5.01 9.97 11.42 11.98 7.8 7.13 6.82 7.41 6.53 4.94 4.99 3.0 4.46 3.57 4.38 4.11 2.79 2.71 5.44 3.78 5.31 11.48 5.07 5.03 2.59 2.97 4.06 4.92 5.05 3.06 1.59 6.55 8.94 11.55 9.38 7.49 7.16 6.88 5.79 8.52 7.12 5.8 4.11 6.21 5.43 4.56 5.03 5.62 5.58 9.24
9.07 6.24 16.53 17.17 7.45 5.37 7.25 6.9 9.4 7.6 9.74 4.48 5.03 12.46 10.4 26.48 14.27 4.97 7.29 12.39 5.0 5.34 11.07 4.38 5.3 3.59 4.46 5.98 4.59 4.84 3.54 3.93 4.33 3.73 5.54 5.95 9.84 9.2 5.49 7.46 2.12 5.0 4.57 3.82 3.47 4.31 6.99 12.76 8.38 7.38 7.2 9.84 8.41 7.76 4.82 4.4 4.33 4.11 2.7 5.36 6.73 5.62 5.07 10.86
8.42 10.25 17.76 9.31 6.02 3.83 5.83 8.37 6.29 10.29 5.15 6.08 3.19 6.52 11.7 12.15 10.01 2.85 6.16 6.5 6.75 3.55 10.35 4.12 10.17 4.6 4.4 2.86 9.1 1.99 2.57 3.92 4.31 4.39 3.56 3.19 9.81 7.25 8.98 4.07 3.77 2.42 5.67 7.37 4.19 8.31 7.56 7.61 5.16 7.87 5.88 7.3 8.44 11.29 3.63 5.75 3.38 9.12 4.08 2.56 3.08 7.61 5.15 7.78
18.19 7.35 13.24 7.85 9.88 2.74 5.34 12.72 18.97 7.7 7.06 4.57 3.78 6.78 4.39 6.49 8.27 5.33 4.56 2.97 5.59 8.03 7.65 4.31 4.05 9.58 4.81 4.77 5.89 4.64 4.24 4.73 4.08 4.0 4.3 2.76 4.03 4.4 7.87 4.78 2.34 4.55 4.94 5.08 4.83 4.73 5.55 4.8 3.73 4.2 8.59 10.57 7.15 12.24 13.85 6.6 5.0 5.9 4.25 6.98 5.4 5.59 5.94 11.15
13.46 17.13 14.91 10.31 6.07 6.54 5.14 12.08 9.8 5.98 7.02 3.3 5.23 11.03 4.46 6.6 10.53 8.87 5.36 4.56 3.24 6.16 8.11 3.59 3.96 11.02 8.6 5.0 3.91 3.57 6.01 5.95 3.09 5.28 7.67 2.66 9.13 4.98 3.4 1.4 2.69 4.77 6.06 4.2 3.17 1.74 4.36 2.89 4.87 3.85 4.93 8.04 11.33 11.08 9.23 9.61 6.65 3.74 3.95 5.42 7.64 8.97 4.7 9.73
5.27 7.55 15.9 10.09 11.47 7.25 5.87 9.83 8.64 9.56 4.6 3.88 5.41 3.82 5.18 6.3 14.79 6.51 8.04 4.86 10.51 5.59 6.75 6.73 4.82 7.73 8.36 4.28 5.27 6.43 6.16 3.17 6.24 9.02 7.79 6.17 8.89 5.52 5.01 1.75 3.14 3.35 7.08 6.31 2.68 1.59 3.14 5.0 5.29 3.96 4.22 6.34 10.99 13.54 7.79 5.71 3.41 3.53 3.28 3.69 12.26 10.6 10.96 12.6
6.07 5.65 6.36 5.26 6.37 9.22 6.56 4.79 6.38 10.94 6.4 3.58 2.94 2.21 2.67 4.01 7.01 4.62 3.93 7.77 9.11 12.14 12.03 5.32 8.08 8.66 8.02 10.3 4.24 4.26 6.49 5.27 6.91 5.31 10.68 6.12 8.32 5.97 2.61 4.82 4.97 4.39 4.51 3.07 3.24 2.82 2.4 5.65 9.02 7.91 5.45 5.08 13.68 8.36 5.32 2.76 3.21 2.96 3.29 2.3 6.9 8.61 16.15 11.6
5.17 12.22 6.36 5.16 5.38 4.53 4.56 4.77 3.4 6.77 6.16 3.89 4.91 4.28 6.66 5.26 3.36 4.45 4.95 7.14 8.69 7.2 9.28 12.79 7.82 8.92 9.28 6.15 8.55 9.56 8.36 6.49 8.12 4.46 8.73 6.04 9.1 5.57 4.03 4.79 7.52 5.64 6.18 5.24 4.42 2.54 3.92 3.81 8.36 8.16 2.6 5.83 7.43 4.69 7.07 6.37 2.85 3.11 3.83 3.92 4.64 10.15 7.37 6.74
12.87 11.31 7.28 9.64 5.06 4.56 2.59 6.37 2.59 5.11 2.06 5.51 2.96 5.82 3.28 8.56 7.5 7.95 4.84 8.19 4.43 6.0 9.16 16.69 7.05 4.05 6.63 3.38 3.42 8.69 8.23 10.63 9.25 7.87 7.83 4.72 5.94 3.19 4.23 2.74 7.65 5.65 6.26 11.91 8.43 5.43 7.68 4.26 4.66 3.33 2.06 3.92 3.3 4.76 7.04 5.32 6.93 6.52 6.14 8.69 12.84 9.02 9.87 4.63
4.62 6.58 4.97 15.83 7.28 4.55 3.02 6.79 6.19 4.47 2.97 2.85 1.56 4.94 5.3 6.08 9.71 15.86 8.41 10.93 7.22 7.73 7.35 23.19 5.75 3.68 4.23 4.17 3.86 4.77 6.3 4.54 8.26 10.56 9.37 3.45 3.87 4.54 5.18 4.23 6.2 4.83 10.84 15.08 11.11 4.0 12.76 5.2 7.32 4.81 2.85 3.58 2.7 3.2 6.2 3.3 4.15 5.4 5.83 14.72 9.36 18.1 6.91 9.61
7.91 5.2 6.28 10.63 5.38 3.65 5.45 9.17 9.95 3.73 6.54 5.59 2.59 4.9 7.01 10.47 8.3 12.23 6.96 7.24 8.6 13.24 11.78 18.74 5.38 5.61 6.39 7.0 3.74 6.63 8.03 11.07 8.21 8.22 7.02 5.5 4.78 6.4 8.69 9.87 7.42 7.96 5.34 10.68 12.45 7.42 9.53 6.4 8.56 5.69 3.63 2.85 2.69 2.73 3.36 3.89 5.47 2.97 5.62 7.22 8.11 14.6 8.63 6.64
2.85 5.23 8.27 8.16 3.82 3.61 4.12 7.81 3.47 4.55 2.88 4.02 2.56 2.01 5.39 5.73 6.95 8.54 3.49 9.68 7.1 16.31 15.91 13.03 3.18 5.97 5.19 5.9 3.85 5.72 9.95 11.2 5.26 19.97 11.07 9.1 6.24 5.98 10.81 12.2 10.91 6.54 13.16 8.51 11.52 10.64 8.01 5.09 10.87 3.99 6.08 2.29 1.52 2.37 3.44 5.95 7.46 5.98 8.57 9.6 12.24 9.88 6.57 11.1
4.68 5.46 7.01 7.46 3.73 7.32 4.47 4.9 2.92 2.45 3.45 1.99 1.43 2.88 3.31 4.08 5.73 4.74 5.87 5.25 6.54 10.96 10.9 10.87 6.84 5.04 3.58 3.69 2.18 1.78 8.79 6.7 10.51 7.02 14.4 13.38 8.41 8.05 8.54 17.93 8.73 8.86 10.21 19.64 6.6 2.94 5.32 6.01 6.0 6.75 3.32 3.73 2.64 1.98 3.56 6.93 9.69 12.69 6.08 19.24 21.08 44.16 8.65 6.84
5.27 11.37 12.47 7.99 7.14 6.18 9.67 11.13 6.31 2.34 4.5 2.97 2.78 3.68 4.43 4.6 6.44 9.35 4.4 8.97 9.56 8.68 7.65 8.82 11.68 8.81 6.0 4.13 4.42 3.32 3.17 6.4 5.95 11.76 11.32 12.0 6.77 7.51 10.19 9.94 6.21 10.62 8.72 5.96 5.72 4.04 3.27 2.57 6.81 5.57 6.39 6.31 3.11 4.55 9.48 5.59 8.67 7.95 14.94 15.47 23.77 15.04 9.98 7.32
7.13 8.03 10.33 7.12 5.36 9.03 7.48 10.62 9.68 7.16 5.79 4.77 4.22 3.61 3.01 4.98 6.81 9.85 8.98 9.93 9.99 17.6 7.78 4.37 7.7 7.67 8.66 5.05 7.47 3.42 3.32 3.56 7.54 10.02 14.97 5.42 4.12 6.28 10.55 9.93 10.19 4.46 6.76 4.29 6.25 3.32 3.1 2.37 4.58 3.87 6.89 6.95 4.15 9.43 11.17 8.72 6.13 5.33 8.44 13.69 7.43 5.07 4.71 5.74
7.53 10.57 7.5 4.53 6.82 6.97 10.95 7.89 8.23 4.58 5.37 4.03 3.56 4.46 3.7 4.36 6.21 13.83 9.08 12.65 10.12 5.22 7.08 7.48 6.98 5.69 7.07 12.98 9.65 4.89 4.21 4.37 8.3 8.44 7.24 8.88 6.26 9.26 10.89 18.31 9.69 6.27 11.88 4.07 10.33 8.2 3.36 5.19 7.3 5.66 8.96 3.49 4.06 5.56 12.84 5.61 5.06 5.55 11.63 9.68 7.29 8.63 4.23 4.17
7.1 7.1 12.33 6.18 7.02 7.89 20.11 17.93 7.36 4.22 5.95 3.36 8.57 4.94 2.02 5.17 6.27 10.67 7.8 14.26 10.29 7.44 10.34 8.48 13.68 6.95 8.07 11.5 11.48 5.98 6.44 4.42 4.75 4.89 7.65 8.73 7.32 14.29 11.37 13.92 19.5 7.21 11.29 8.83 16.82 15.7 10.54 12.37 14.94 5.95 5.89 4.3 2.49 5.86 4.76 3.14 2.9 3.16 6.12 7.16 13.65 11.03 14.92 7.96
8.96 4.6 5.46 6.08 12.16 8.35 8.61 21.29 22.6 15.02 7.99 4.78 9.64 2.3 1.98 4.78 8.5 6.9 11.73 8.63 9.13 11.84 10.93 5.71 13.82 8.39 5.58 8.99 5.27 10.96 4.79 2.41 2.9 5.94 8.3 7.87 9.84 7.91 9.83 12.38 14.89 10.1 10.79 8.57 12.07 12.6 11.07 14.0 9.11 6.85 4.23 2.18 3.25 2.3 6.01 4.8 2.48 3.35 3.95 3.21 8.67 6.33 10.15 16.88
13.33 8.25 4.83 3.84 12.11 8.96 8.01 12.49 22.83 24.11 16.48 13.65 12.31 11.56 4.08 9.05 7.99 8.56 15.2 9.98 8.58 13.98 11.6 8.71 5.94 12.5 6.03 5.86 7.5 11.61 5.52 3.41 2.76 3.84 11.51 13.55 7.86 6.02 11.26 8.68 12.92 9.59 18.84 7.65 8.63 7.37 15.63 13.28 9.37 5.83 3.57 4.51 9.32 2.91 5.9 1.87 4.94 5.47 5.48 6.57 6.11 3.14 7.31 9.93
10.62 5.94 4.06 6.75 5.17 3.91 10.46 10.9 14.87 28.35 17.06 14.34 23.02 17.34 12.18 17.06 7.3 9.88 7.91 4.22 8.98 11.4 11.11 6.26 8.07 10.68 8.15 6.24 7.04 6.64 3.29 2.88 2.94 3.89 7.85 5.99 7.61 3.01 6.42 15.24 14.52 13.73 8.59 5.04 8.15 11.52 12.38 19.06 11.12 5.63 4.43 5.75 4.96 4.02 3.24 4.14 3.52 5.97 7.62 4.58 2.87 2.93 4.89 8.21
7.07 3.91 4.13 5.95 6.89 5.88 10.65 16.55 11.35 11.77 8.64 10.36 15.66 23.68 16.37 11.21 7.84 11.44 5.3 3.99 6.96 12.92 10.07 7.81 2.78 10.31 10.39 22.73 4.44 5.05 3.72 4.74 2.32 7.79 3.34 3.81 4.46 3.1 4.03 9.84 17.53 6.91 6.34 5.63 7.3 13.35 8.54 17.22 13.46 3.34 7.48 10.62 10.44 3.11 3.7 5.45 12.23 4.32 4.1 2.68 2.36 2.07 5.35 4.58
8.56 4.64 5.63 4.68 6.69 9.82 15.08 13.12 8.64 5.34 6.07 6.2 7.61 18.92 17.01 22.07 8.61 8.19 5.23 8.11 10.14 6.02 8.51 10.85 4.32 10.91 5.02 11.65 10.49 7.58 8.49 4.72 5.61 10.78 2.65 7.12 5.9 3.83 3.07 10.2 15.49 6.81 2.54 4.48 9.33 10.93 13.61 22.78 19.15 9.46 9.3 5.71 15.39 5.68 6.97 4.76 9.35 9.08 5.01 2.47 4.21 2.36 6.28 5.22
5.68 5.02 9.79 6.8 11.39 13.75 10.61 10.38 10.85 8.22 5.92 7.81 19.19 16.43 10.33 16.47 11.26 9.85 3.77 5.97 6.75 10.28 10.56 5.15 9.54 9.18 5.24 10.7 5.03 6.4 8.24 5.94 7.72 11.08 4.51 5.77 4.42 5.03 5.02 17.58 12.59 5.39 3.22 4.54 4.5 12.52 19.89 12.18 10.39 6.41 8.88 10.33 7.76 5.56 4.15 8.91 8.86 6.43 7.35 6.56 5.31 4.91 8.23 11.21
4.45 4.24 5.03 6.46 10.26 12.73 8.57 9.49 9.21 10.1 7.72 7.12 6.39 24.16 24.0 9.15 7.12 6.0 4.67 7.77 9.97 8.19 7.14 10.48 4.82 8.6 4.79 6.96 4.54 4.71 3.56 7.54 6.47 7.32 7.37 4.45 3.76 4.02 4.06 11.2 14.72 7.77 4.23 4.97 8.79 15.16 8.92 6.94 7.25 11.96 8.69 6.66 12.58 4.44 6.86 10.16 7.73 6.35 7.07 8.98 6.55 5.73 15.39 10.05
8.36 3.97 3.82 4.93 6.7 4.74 7.9 6.3 11.22 11.53 5.34 6.29 6.06 17.38 26.69 10.69 8.75 8.19 9.39 6.0 8.82 6.42 4.19 7.91 11.36 8.77 6.62 9.96 5.75 8.42 5.9 5.76 5.72 10.17 6.19 6.89 4.35 10.26 6.87 7.12 8.23 9.4 9.14 10.46 6.65 13.83 9.09 10.72 8.4 9.36 13.45 17.55 11.47 9.5 9.65 7.27 7.13 7.46 13.19 15.78 6.7 16.54 20.53 13.37
11.69 6.82 7.19 6.32 5.61 3.48 5.04 3.34 6.26 8.43 4.99 3.36 3.57 12.7 10.53 5.91 4.16 7.7 3.01 5.36 3.87 3.99 4.33 12.64 6.32 6.96 5.03 15.79 7.63 9.37 10.92 12.1 4.77 7.73 8.9 6.34 4.12 5.36 7.38 9.1 8.86 6.25 8.4 9.69 12.0 12.14 14.76 5.26 11.43 4.01 7.16 10.33 9.01 10.99 14.26 8.63 18.86 13.73 16.62 7.55 15.65 14.14 23.95 12.4
9.77 7.19 23.02 15.44 6.3 7.2 5.8 5.01 8.08 3.83 4.53 3.59 3.25 6.57 4.71 1.76 4.32 2.23 5.41 3.67 4.11 4.52 4.45 6.8 3.06 3.06 5.99 9.6 5.36 15.11 13.01 11.33 11.76 9.5 4.06 5.94 7.83 4.46 4.93 5.37 16.68 17.02 11.67 12.28 5.21 10.19 17.73 15.21 14.8 7.94 9.15 5.9 11.06 10.5 11.83 10.77 20.25 12.24 18.19 14.16 18.21 21.83 16.67 14.78
14.74 18.61 17.67 18.32 17.62 5.93 7.95 6.62 10.52 5.04 6.45 2.48 5.92 6.28 6.9 2.18 2.33 1.96 5.05 2.93 3.42 4.33 5.56 6.45 2.99 2.8 5.41 5.81 9.45 8.58 17.17 12.36 6.12 10.99 3.33 7.96 6.82 6.36 3.28 8.46 5.95 18.88 9.48 12.1 9.1 19.64 23.62 29.11 29.17 32.23 9.68 7.85 12.91 17.29 7.85 7.34 11.98 10.88 20.02 20.9 34.15 15.04 23.88 18.02
29.78 40.21 21.87 11.61 10.61 8.69 4.5 6.64 10.31 7.61 9.4 3.72 3.14 6.65 6.51 1.88 2.93 6.3 7.98 4.04 3.47 9.16 3.42 4.61 4.29 5.84 12.27 10.82 9.75 9.54 7.23 7.29 7.12 4.75 9.52 4.2 2.0 5.26 3.7 10.81 5.52 16.54 10.82 9.48 10.45 18.23 40.51 22.04 22.82 22.74 19.51 7.28 10.24 12.68 7.96 7.05 12.31 6.82 18.71 21.35 14.16 8.14 19.44 16.57
13.1 32.98 15.3 13.92 7.93 4.97 6.97 4.67 5.16 12.87 9.62 3.35 4.48 3.83 4.81 1.54 2.03 2.98 13.48 4.88 5.71 8.32 4.54 6.5 4.64 4.62 12.33 12.68 13.88 7.95 10.79 6.66 3.7 5.56 7.79 8.83 7.49 3.37 6.51 7.21 8.26 22.55 9.65 16.64 13.87 8.59 8.26 30.96 12.17 9.0 8.77 7.13 5.85 13.55 13.92 14.65 12.29 7.45 9.54 14.63 11.53 9.24 8.8 6.0
19.25 19.51 16.16 17.26 4.88 5.21 5.26 7.23 3.56 3.55 7.21 6.48 8.05 5.22 4.57 3.44 2.62 3.22 5.81 4.48 5.29 6.5 4.92 8.34 10.76 6.3 6.75 6.23 21.33 11.68 22.06 7.86 7.14 7.86 7.78 12.31 15.12 13.9 8.4 8.9 16.76 26.59 14.88 11.8 13.91 12.84 10.27 11.77 12.11 6.4 5.25 9.26 4.92 14.89 12.23 8.7 9.24 16.82 13.05 14.41 11.07 7.64 5.75 6.11
