6.2 6.63 3.59 11.61 10.69 5.78 7.72 6.41 4.01 3.88 4.26 5.87 3.37 3.98 5.28 3.53 5.76 14.27 8.92 12.44 9.88 21.83 17.91 8.05 8.97 12.5 10.36 21.23 13.01 6.89 11.38 9.91 8.6 17.59 15.8 23.6 22.91 9.97 7.88 8.95 8.04 3.4 5.05 3.74 4.53 7.71 9.85 16.35 21.47 13.46 13.39 19.96 7.24 18.71 20.45 12.11 7.88 4.33 3.74 5.91 4.85 5.84 5.84 3.98
3.4 4.97 8.19 6.58 10.34 6.62 6.1 8.3 1.77 2.55 4.28 2.91 5.01 5.24 4.2 3.04 5.34 4.36 5.35 7.59 9.77 16.42 13.83 26.43 20.01 18.33 17.78 27.35 8.42 7.62 12.48 11.12 12.09 22.15 20.77 22.89 12.21 9.93 4.77 7.97 7.23 4.46 4.73 7.97 11.73 12.11 10.3 20.63 13.84 16.27 28.05 29.3 10.93 20.33 14.33 6.07 7.65 4.28 4.9 3.78 3.42 3.45 2.67 2.75
4.57 4.63 4.99 5.67 4.51 3.73 5.65 6.27 7.27 4.75 4.07 5.85 3.85 3.17 2.39 2.77 3.4 4.75 7.32 9.02 11.37 6.33 21.42 17.28 15.01 24.26 16.93 11.17 7.68 5.18 14.02 13.01 14.68 15.56 10.91 10.49 12.21 7.03 3.95 5.84 5.93 8.25 11.18 5.47 21.65 16.86 9.77 11.52 10.95 15.47 29.69 23.74 8.87 10.7 12.91 7.42 7.47 3.67 4.39 6.92 4.78 4.33 6.21 2.25
4.65 6.24 4.89 7.81 7.1 5.06 7.95 7.3 11.91 3.91 6.37 5.28 3.84 3.17 4.19 4.18 6.6 5.37 11.27 9.99 13.57 23.12 24.29 22.35 35.43 14.42 14.01 5.43 3.9 11.56 12.42 15.22 13.88 7.77 11.88 12.54 5.17 5.5 5.78 2.75 6.04 10.8 7.44 7.85 15.85 15.37 8.56 9.64 7.52 14.62 13.5 16.13 6.48 9.43 7.94 4.26 6.39 3.07 5.35 5.29 2.9 4.69 4.8 2.84
5.86 4.06 8.54 10.5 5.87 5.42 6.49 13.67 5.22 4.02 5.98 3.0 2.99 3.43 4.45 9.19 6.78 8.68 8.45 14.92 10.19 24.46 22.63 18.52 18.0 15.41 7.94 3.45 4.28 5.09 8.52 13.95 16.84 18.32 8.34 10.5 11.97 6.93 3.94 7.03 8.09 21.68 19.98 13.09 26.1 16.76 5.28 9.04 10.66 10.54 17.04 10.58 8.34 15.35 6.66 3.71 6.51 3.88 5.8 5.01 3.17 5.36 5.26 4.91
9.31 17.7 18.29 6.52 4.61 7.21 7.98 9.12 8.33 6.5 4.37 3.16 3.34 2.81 3.88 10.94 13.76 9.95 13.26 13.26 15.42 16.38 13.99 20.05 16.13 15.95 7.74 5.57 5.29 7.03 7.46 10.85 14.22 12.33 9.72 10.37 7.36 10.01 14.84 11.36 14.49 20.62 33.36 34.52 31.17 16.9 6.97 4.73 11.35 15.05 8.97 5.21 10.99 11.26 5.14 7.52 5.86 5.39 2.97 6.32 3.47 4.63 10.33 10.62
15.77 22.51 20.63 12.48 7.85 6.68 10.19 8.95 9.97 4.36 5.25 7.21 2.29 5.98 5.89 14.04 18.09 14.18 10.53 8.41 7.06 17.51 22.46 17.47 36.7 10.91 4.78 4.94 5.76 9.78 8.13 8.25 9.64 7.28 2.35 4.7 9.47 14.01 12.17 12.6 14.0 15.13 39.76 43.61 42.27 17.45 9.47 14.17 11.5 5.3 8.18 6.28 7.25 11.08 9.39 11.86 7.5 4.33 5.79 5.47 5.45 7.09 10.34 5.99
12.54 22.31 14.41 8.69 11.01 11.52 9.88 13.68 8.46 5.04 7.72 6.11 3.5 6.12 6.75 13.87 21.85 18.07 7.52 7.13 9.72 9.78 13.92 21.55 11.12 8.03 5.7 3.86 7.73 10.14 10.24 7.0 4.92 2.55 3.65 2.36 6.27 7.49 7.14 8.75 11.96 9.11 28.1 53.1 36.89 16.94 11.72 11.36 11.06 18.29 10.69 9.19 10.07 5.97 7.3 7.43 6.26 3.08 4.79 5.46 8.15 8.24 6.78 11.98
17.85 19.93 15.88 6.14 14.5 17.23 7.71 7.87 9.06 8.45 8.14 9.68 8.72 9.66 14.45 20.53 25.78 13.77 10.86 12.97 13.96 6.49 10.4 11.02 5.64 6.51 4.07 4.86 8.25 7.62 10.91 6.56 3.87 4.58 6.12 7.04 6.6 7.75 8.03 5.82 5.53 12.28 18.88 36.5 27.57 19.57 10.73 13.14 10.11 9.51 9.9 8.38 7.33 2.69 1.93 5.65 6.07 4.92 5.91 4.07 10.18 6.53 10.81 10.78
17.17 11.38 4.75 6.39 13.64 7.29 3.45 4.27 4.02 7.25 7.8 11.59 11.36 7.73 17.15 10.99 13.5 13.16 15.69 21.34 11.84 12.09 7.26 7.81 7.55 4.65 3.55 4.23 4.12 9.65 5.56 9.14 10.03 7.25 11.02 9.27 8.19 13.19 8.32 4.84 8.81 10.18 21.87 39.07 19.82 20.58 15.27 13.38 12.36 4.31 7.26 5.13 2.71 2.78 3.25 5.73 6.95 5.41 5.06 3.98 5.08 6.66 6.65 8.99
6.62 4.98 9.6 5.25 9.75 8.3 4.75 6.22 6.67 6.2 8.77 7.52 9.52 4.67 8.07 7.08 12.51 15.51 18.75 12.09 6.83 6.2 5.56 6.46 6.94 3.56 4.14 4.68 4.6 3.88 5.71 10.52 10.3 7.78 5.54 9.52 8.06 9.95 9.61 7.87 5.72 11.21 15.21 15.64 14.41 10.06 11.22 15.91 6.99 8.02 5.97 3.62 2.91 1.59 3.17 2.89 7.83 5.54 4.6 3.96 9.01 4.44 7.52 8.7
9.99 5.7 7.14 8.62 4.83 5.82 7.42 4.83 4.38 8.41 5.39 12.19 5.57 5.0 8.58 4.6 9.05 12.47 9.71 6.89 5.75 5.27 4.79 7.69 5.93 7.28 3.45 4.47 5.61 3.73 6.36 7.5 8.75 12.95 7.41 8.15 9.38 6.68 11.69 7.25 8.12 12.57 13.73 11.28 15.03 8.05 8.46 11.38 5.95 7.1 5.16 3.31 2.65 1.42 3.89 4.99 4.17 5.56 3.95 4.59 4.15 5.38 8.18 7.58
3.48 3.92 3.02 4.72 5.48 4.19 4.16 7.13 6.57 8.22 5.85 5.72 5.53 6.87 5.14 6.36 8.84 7.72 5.7 6.52 4.83 4.03 6.15 3.44 5.87 3.08 5.52 6.44 4.17 5.63 7.6 8.48 6.24 12.8 8.15 4.52 7.72 9.05 4.83 6.04 14.38 8.91 11.25 6.98 8.36 9.8 6.02 6.28 7.79 3.75 5.66 6.44 2.42 6.56 4.46 7.4 6.6 6.77 3.08 3.83 3.98 4.57 9.37 11.64
3.47 2.6 3.27 4.63 3.38 4.77 4.93 5.47 7.52 6.5 8.13 3.82 3.79 3.87 6.68 8.43 8.57 13.12 3.16 6.39 4.32 4.28 6.66 3.9 5.95 5.61 5.16 4.13 6.29 6.61 13.57 14.3 9.78 8.58 5.23 3.54 10.76 5.74 5.78 16.55 13.98 8.81 8.88 8.08 14.25 9.1 9.45 6.0 7.81 9.45 7.65 5.69 9.29 6.89 6.27 3.85 3.25 4.36 3.48 2.52 4.65 7.13 5.61 7.56
4.56 4.83 2.97 4.87 8.55 9.43 4.43 6.78 10.04 6.39 4.06 4.89 4.35 6.64 8.44 6.64 12.63 7.33 5.45 5.1 4.78 5.35 5.1 7.79 6.72 4.97 5.62 2.78 3.12 4.66 15.92 19.99 11.98 14.43 11.43 6.72 11.42 10.72 7.81 5.67 7.61 14.74 12.73 11.58 14.38 23.19 5.81 3.81 7.49 8.56 8.28 9.55 8.09 8.0 6.53 5.24 5.72 3.68 2.21 4.7 3.8 4.82 17.27 6.43
5.75 3.45 3.63 4.31 9.03 13.4 5.93 9.68 6.33 5.34 4.45 6.69 3.56 7.23 8.03 8.14 20.99 9.09 6.15 6.92 5.53 6.58 3.5 4.72 3.6 4.62 4.17 3.34 2.22 7.25 6.69 11.61 14.53 13.0 13.75 11.76 12.0 11.24 8.11 6.69 8.38 11.01 6.24 14.62 11.81 10.72 4.39 3.15 7.86 9.1 12.98 5.69 8.12 5.93 5.45 3.34 4.89 8.33 6.5 4.59 6.01 5.94 5.78 15.03
6.14 7.29 7.02 10.39 8.44 13.81 8.48 7.5 8.76 5.85 5.31 5.64 6.8 14.57 10.21 11.98 6.93 10.75 5.05 5.79 6.52 5.85 7.92 7.59 4.36 8.43 4.41 6.3 7.26 6.82 4.96 6.4 16.65 13.01 11.22 9.55 10.26 9.12 9.68 13.25 6.48 6.67 8.94 6.87 7.81 6.96 5.11 3.76 4.19 9.93 10.28 6.62 6.75 7.85 2.44 1.94 5.79 4.91 5.09 6.81 3.46 4.69 3.27 9.29
6.84 10.72 10.46 11.59 12.09 18.99 12.41 7.79 9.39 3.77 3.47 5.21 11.03 18.19 9.0 10.44 7.33 3.45 5.63 5.36 5.3 10.6 5.76 7.37 5.11 7.46 9.23 8.88 4.39 7.47 8.25 4.87 10.11 6.46 10.74 12.73 6.04 10.76 11.31 14.01 8.66 9.63 12.28 9.51 7.73 7.17 4.53 2.34 3.68 6.6 6.4 10.22 6.07 4.45 4.21 2.71 4.95 2.87 3.03 3.44 5.74 2.13 8.54 9.59
8.91 5.81 13.27 16.22 17.4 28.31 11.16 6.9 4.68 4.4 5.0 9.06 9.53 18.02 9.51 6.55 11.9 4.64 6.67 8.66 7.81 4.38 4.17 3.06 7.07 9.92 9.26 8.09 5.92 7.1 5.89 5.1 4.36 6.84 6.66 5.6 7.46 4.97 7.56 9.51 8.72 6.37 18.37 5.48 3.49 3.46 5.83 2.77 4.77 4.21 5.22 4.97 2.45 6.02 2.94 3.97 5.25 8.39 4.85 2.7 3.55 4.25 7.52 5.41
7.89 9.74 14.06 18.78 13.73 16.51 6.57 4.63 5.95 8.94 13.09 7.98 13.05 10.39 15.3 9.99 4.66 7.21 7.01 5.98 11.3 7.16 8.93 3.88 4.12 7.49 8.23 3.13 5.55 4.18 6.06 7.26 4.71 6.85 7.79 6.69 3.86 5.7 3.63 8.77 6.21 10.39 13.03 10.58 3.23 5.31 5.57 4.25 2.76 4.35 4.32 8.74 4.02 3.08 3.98 3.14 2.84 5.71 4.55 6.28 3.15 3.91 7.16 5.39
5.31 10.83 19.94 16.11 21.74 11.15 7.99 9.55 9.4 7.14 14.35 7.6 5.53 15.37 16.23 8.04 6.29 4.67 4.27 8.11 7.87 14.11 7.82 6.71 4.9 5.75 3.52 3.38 5.24 2.46 6.49 6.15 3.8 8.33 11.81 8.15 6.23 11.75 4.01 6.25 7.5 4.93 12.44 5.67 4.75 8.0 5.78 4.13 3.14 3.19 4.21 9.26 5.04 2.7 3.49 1.62 2.25 3.15 3.64 2.25 2.73 6.33 8.76 5.41
7.59 12.4 20.39 13.76 18.46 15.01 10.81 11.27 8.78 6.77 11.01 12.83 7.74 6.37 15.76 5.71 5.35 2.93 5.05 5.72 6.62 5.23 5.22 5.11 3.29 4.63 6.14 2.07 2.46 3.03 3.84 3.82 4.8 6.03 16.49 7.52 9.89 18.38 4.36 4.71 8.23 6.28 10.33 4.79 3.17 4.25 4.81 3.85 4.42 4.42 3.27 5.24 2.8 2.43 3.55 3.13 3.71 4.01 2.69 2.59 2.89 6.1 7.18 6.26
7.98 11.09 29.61 13.76 8.51 11.35 7.41 9.23 9.28 7.73 29.45 11.88 5.61 4.47 5.26 8.04 2.96 3.18 6.28 5.19 3.88 3.3 6.66 4.5 3.37 6.64 3.47 4.7 4.14 4.1 4.71 7.98 5.93 8.6 7.63 8.31 8.62 3.9 8.7 7.9 5.26 15.7 16.13 6.96 11.61 4.38 4.21 2.12 4.79 4.67 5.01 5.64 12.54 4.07 7.09 3.33 5.26 3.31 1.75 2.78 3.76 6.71 6.01 5.36
6.05 16.9 16.12 14.98 5.36 10.86 9.32 10.39 15.33 12.51 15.8 12.02 5.87 3.82 5.75 9.54 4.89 4.64 2.48 4.54 3.83 2.93 2.71 2.87 3.8 3.79 4.88 4.13 10.93 4.48 8.03 5.49 4.86 4.04 12.71 6.29 8.32 7.4 11.32 5.69 4.99 10.57 8.09 6.52 16.07 16.04 6.62 4.64 5.52 3.53 7.91 10.25 16.48 10.34 6.61 5.04 6.92 6.27 3.69 3.02 4.71 6.39 9.07 7.15
10.72 10.76 16.84 7.96 6.32 3.74 7.29 8.69 10.05 24.09 15.9 8.65 7.75 7.45 10.78 11.27 10.45 4.18 5.74 9.12 5.36 7.45 6.21 3.93 3.49 2.6 4.78 5.09 5.21 5.43 8.96 9.79 4.55 8.1 7.66 8.38 11.83 7.54 7.41 6.02 5.15 3.87 5.23 5.63 13.66 11.33 8.86 9.57 4.59 3.08 8.38 10.97 10.14 6.33 3.1 6.35 8.34 6.13 6.2 3.21 8.21 5.22 6.97 8.17
8.86 10.49 11.43 7.76 3.32 4.52 7.78 5.76 8.93 24.45 15.68 11.19 8.22 8.22 8.89 12.32 12.85 14.6 11.36 12.51 13.13 8.08 6.76 5.67 3.74 4.05 4.38 4.74 7.59 3.49 9.73 11.3 4.22 6.99 7.91 11.83 18.45 5.57 9.69 12.65 9.28 4.07 6.35 5.33 10.9 8.37 9.85 6.23 4.53 8.55 11.2 12.45 11.69 7.81 3.94 4.61 5.84 9.85 4.13 9.79 5.97 8.18 9.87 10.07
13.69 13.77 13.47 16.0 15.41 7.06 6.79 8.58 18.82 16.8 21.22 8.12 7.79 11.76 11.05 8.42 9.91 8.88 19.78 8.92 11.26 11.89 9.07 6.87 7.65 6.05 4.79 4.3 7.3 5.7 7.45 4.95 4.11 6.85 7.04 12.04 16.58 17.38 8.91 13.34 8.97 5.42 4.85 10.98 6.54 10.13 13.62 8.75 5.98 7.73 13.85 26.26 7.48 5.58 7.78 3.5 4.56 4.6 8.91 4.01 5.2 3.59 8.0 17.55
19.57 14.49 17.04 29.55 26.02 12.35 7.94 14.17 23.6 28.37 21.79 21.11 9.4 4.88 10.69 7.49 10.46 16.58 7.43 10.5 10.19 10.71 14.19 12.12 6.5 6.54 5.34 8.88 7.63 6.46 11.12 12.51 12.18 8.67 8.68 11.09 10.75 11.33 9.46 12.89 8.62 5.62 5.35 8.71 8.29 6.4 13.95 7.8 5.37 8.05 8.74 8.94 7.98 10.8 2.72 4.78 4.19 5.96 11.15 4.19 4.5 4.21 3.68 16.32
18.42 11.63 10.42 16.4 11.73 6.89 5.29 17.49 12.62 15.33 17.74 15.34 11.32 4.68 7.09 8.03 9.83 14.52 15.74 5.54 7.77 9.41 14.21 7.05 13.61 9.59 10.91 9.93 15.32 12.09 11.07 17.0 16.36 21.36 8.73 6.82 8.48 9.65 13.04 7.92 8.52 6.82 9.3 12.52 7.02 10.65 9.09 8.46 5.11 6.16 8.07 9.78 4.68 6.07 6.03 4.84 4.35 12.07 11.35 9.19 3.4 2.76 8.74 4.29
18.44 7.82 13.54 14.07 9.7 7.97 8.03 10.32 21.32 14.11 23.26 15.94 12.06 7.02 8.91 6.88 7.85 14.89 10.64 10.44 5.05 15.05 11.68 8.94 10.37 8.75 16.36 9.26 7.9 12.73 17.69 13.89 11.73 12.22 3.82 5.41 4.37 7.72 11.03 4.28 7.59 6.39 5.41 9.44 8.02 7.7 7.65 4.96 6.03 5.27 8.2 6.52 9.15 3.59 5.94 7.89 7.7 12.14 10.8 7.24 4.11 3.71 3.86 6.49
13.2 5.63 4.93 6.88 4.23 7.69 8.51 8.43 11.07 21.35 12.41 22.79 15.38 4.58 5.85 9.11 12.25 24.29 16.62 20.95 8.7 12.31 11.28 9.7 7.05 7.95 6.82 7.34 6.69 9.42 22.74 10.43 13.21 10.92 2.97 5.1 5.82 6.83 7.28 9.32 9.19 15.42 6.96 4.99 8.41 9.85 3.21 6.03 7.15 6.95 4.71 9.52 9.01 15.21 3.65 5.03 13.4 7.12 9.51 10.69 4.28 8.24 5.75 5.37
4.95 6.48 6.49 5.46 5.0 3.05 4.69 4.76 8.92 28.25 34.07 14.84 13.77 6.92 5.48 9.62 11.9 34.1 29.68 19.72 15.24 11.9 9.36 9.28 5.62 9.78 5.61 6.55 4.47 9.04 7.73 13.1 11.29 10.49 4.77 6.85 3.8 8.84 8.52 10.25 10.13 11.03 6.88 5.08 8.54 7.61 5.26 4.74 7.05 5.06 4.6 8.32 14.4 7.1 8.57 9.48 13.59 11.61 10.69 20.55 9.15 3.61 5.46 3.73
4.61 6.13 11.94 10.06 3.52 4.02 5.47 5.2 13.76 29.21 32.65 34.96 11.82 9.46 2.67 5.95 12.44 26.79 23.11 43.16 25.92 16.26 12.1 10.03 19.1 7.4 6.43 8.25 4.54 6.42 5.72 13.06 14.75 6.89 8.08 3.69 7.42 6.34 13.0 13.32 27.67 11.5 5.8 6.75 7.83 7.67 3.26 3.83 4.2 6.7 7.03 6.47 8.09 10.13 5.26 8.36 15.17 9.11 8.53 7.95 5.53 4.16 3.4 6.63
9.37 9.13 14.53 6.93 4.97 5.45 7.32 9.74 13.44 15.7 19.26 8.99 8.92 4.72 4.0 5.83 8.05 18.83 22.39 18.99 24.37 14.32 9.66 10.01 26.73 16.6 8.95 5.44 5.75 8.91 4.79 9.74 15.03 5.5 7.55 7.45 9.42 15.2 11.37 16.79 14.78 5.06 4.57 8.63 4.05 3.49 5.68 4.92 8.46 7.27 5.66 8.23 8.47 10.63 9.41 4.96 12.82 6.29 14.92 6.23 7.11 5.01 8.8 7.3
9.67 14.76 17.1 4.68 5.94 5.91 2.25 7.02 9.88 8.61 15.21 13.57 4.14 4.75 5.71 5.48 13.31 12.19 16.7 11.32 12.75 9.28 9.88 11.75 8.93 9.3 7.34 11.86 9.09 5.22 8.78 8.08 10.94 7.23 8.74 8.89 9.25 7.77 16.37 5.9 9.61 3.79 3.51 3.58 6.52 3.77 10.78 11.19 10.08 6.57 2.89 6.62 11.75 8.03 8.95 13.93 9.71 15.26 9.44 13.65 12.18 7.9 5.46 6.62
8.21 13.54 9.34 13.87 6.35 4.31 8.12 7.26 7.99 6.09 9.42 13.14 5.2 6.07 12.17 8.11 14.61 8.37 14.04 14.9 25.1 9.74 9.16 8.58 12.16 8.78 16.23 5.48 11.0 13.1 5.65 7.13 9.27 6.26 8.12 10.51 3.8 9.22 3.63 5.66 10.06 6.18 3.4 5.61 4.77 6.12 6.45 17.2 9.49 6.85 7.93 8.07 8.83 11.76 9.19 11.34 8.21 16.84 22.29 8.02 9.09 13.22 6.06 5.39
9.34 12.85 9.0 5.47 7.97 8.51 10.27 6.96 7.43 4.82 7.37 4.77 4.11 8.14 10.98 15.51 10.24 5.88 11.12 21.45 13.19 10.13 10.21 7.06 5.97 10.74 10.23 5.37 4.68 5.48 5.65 4.88 9.68 8.22 15.38 8.91 7.86 13.77 8.07 5.33 3.77 4.49 5.39 5.64 12.08 6.07 11.39 13.71 13.75 12.89 9.35 12.37 11.9 10.42 10.54 11.19 19.99 9.59 24.85 16.29 14.94 22.03 5.76 9.81
11.9 9.16 6.4 5.19 5.07 7.8 9.01 7.59 8.04 4.86 6.35 6.87 11.69 7.93 10.8 9.22 5.55 5.75 11.16 9.84 17.74 8.34 10.65 9.95 6.51 7.91 5.36 3.37 11.14 6.1 7.92 5.16 9.77 12.72 26.56 10.84 7.95 17.21 7.93 4.77 4.47 3.8 4.52 8.44 12.3 12.59 11.72 8.62 16.08 17.29 7.59 12.47 8.19 11.04 11.85 9.0 10.2 17.58 17.63 16.57 12.18 11.28 7.11 7.18
5.69 5.4 4.69 7.58 10.2 4.94 9.72 12.75 9.04 10.2 7.79 5.7 13.02 14.26 12.8 3.74 3.77 4.06 4.57 5.58 6.17 9.64 5.44 7.24 8.49 9.09 5.91 7.19 7.1 10.91 4.67 5.79 9.28 23.16 14.67 7.57 9.63 11.11 10.42 5.01 8.94 5.98 10.97 10.23 5.66 8.5 9.99 11.19 14.96 12.4 21.63 7.17 10.08 6.88 7.18 7.42 11.14 15.52 18.71 12.02 13.3 9.66 6.68 11.84
5.63 4.68 5.16 9.42 12.43 10.86 9.78 8.55 8.18 13.85 6.63 10.07 11.22 10.34 10.19 5.56 2.46 5.4 4.52 4.73 5.57 4.42 10.98 5.88 6.22 9.48 17.07 7.85 8.89 3.6 5.04 9.18 11.59 14.75 19.87 7.24 10.7 7.61 4.3 4.61 9.09 4.02 9.25 6.79 6.88 10.0 6.8 8.98 9.41 10.63 7.11 5.7 7.91 6.41 6.68 5.57 12.43 9.76 6.86 8.39 9.91 6.78 10.54 23.93
6.48 8.95 6.15 5.17 10.11 8.26 7.89 9.32 9.31 7.85 7.59 7.4 11.99 12.41 8.77 5.84 6.96 6.96 11.71 6.83 15.76 8.4 5.62 6.02 3.85 8.77 7.24 9.44 10.93 8.35 11.38 23.72 15.63 13.31 9.83 6.59 8.57 18.46 7.09 4.07 4.26 4.04 5.28 8.22 5.91 9.55 10.88 6.95 5.55 15.41 4.52 4.41 8.41 4.66 7.93 3.62 5.42 9.0 6.57 7.76 11.99 8.73 14.78 17.71
6.43 7.55 7.67 10.06 6.33 6.45 4.52 3.63 7.21 6.34 3.64 7.46 6.26 10.36 16.01 11.21 8.59 12.06 7.44 19.61 12.02 12.3 10.07 8.72 5.12 8.2 7.14 10.86 5.83 7.25 12.77 16.4 10.54 12.6 6.77 5.09 9.62 11.59 8.98 6.47 5.93 3.91 4.27 6.6 7.88 14.63 11.62 11.13 10.27 9.85 7.01 5.23 4.11 4.76 2.69 11.5 5.42 6.53 3.95 7.09 6.65 7.02 5.97 13.65
8.2 9.2 11.04 14.16 7.56 4.9 5.24 4.07 4.67 6.28 5.36 4.7 11.28 5.78 10.25 5.91 5.7 9.81 4.9 11.1 13.39 9.9 14.47 9.52 6.5 7.5 7.84 7.06 5.46 4.39 4.12 9.79 5.03 6.19 4.8 7.6 8.11 8.45 4.92 12.82 3.12 6.63 4.26 4.72 4.27 11.1 7.84 13.37 12.62 12.88 7.17 5.93 4.15 5.74 5.87 7.58 3.55 4.52 4.72 3.49 3.66 3.31 5.04 7.58
14.07 8.8 21.48 14.84 8.34 4.59 4.65 3.7 6.98 6.99 4.4 6.51 7.59 8.36 8.1 5.77 4.33 6.69 4.92 9.66 13.19 16.52 8.92 12.05 4.85 8.08 13.66 9.27 5.06 7.95 7.47 5.22 4.02 5.45 4.57 7.02 5.93 10.5 17.56 10.7 2.9 4.33 2.97 3.05 9.16 4.85 7.66 9.97 11.7 14.54 11.25 4.98 4.18 4.52 5.19 5.33 1.67 3.5 3.54 6.57 4.41 2.39 5.12 4.94
14.98 10.51 10.69 24.12 8.44 5.16 5.64 6.18 3.87 9.07 5.57 8.65 9.46 10.14 9.87 3.79 6.2 1.72 4.08 5.63 6.22 7.45 10.4 9.98 7.1 5.09 12.41 7.36 7.61 7.53 7.69 7.44 8.85 5.12 5.17 4.44 9.5 8.91 9.79 8.72 2.72 3.22 4.54 5.29 4.81 11.06 4.95 9.72 10.41 9.91 15.11 5.09 4.7 9.68 4.67 3.64 7.9 7.86 8.53 6.88 4.08 4.01 6.32 3.84
13.36 11.18 16.83 7.48 5.8 5.87 5.78 6.45 4.67 6.05 8.7 8.05 7.11 4.45 3.49 4.04 2.73 2.43 2.47 4.54 4.63 7.14 6.84 7.27 7.73 7.86 7.45 5.48 4.57 7.25 7.09 11.24 12.01 7.75 5.47 11.71 8.09 7.95 10.86 3.89 3.93 3.84 10.34 9.09 6.47 6.39 9.97 5.09 9.84 16.63 8.7 6.17 5.23 5.91 9.74 4.07 4.78 10.59 9.33 9.28 7.12 4.73 7.77 9.38
8.69 12.84 7.78 14.22 5.32 7.82 3.31 6.3 4.46 4.54 5.59 8.08 2.29 2.71 3.58 6.13 4.51 2.48 3.52 6.19 3.09 7.4 7.45 5.08 7.5 4.69 4.49 6.72 8.08 5.08 7.16 4.93 8.62 16.72 14.04 15.79 9.87 10.55 8.45 4.31 2.64 6.39 6.76 7.75 11.05 9.21 8.69 9.86 7.32 10.63 5.48 6.06 3.69 4.96 6.57 6.47 5.03 12.39 16.73 11.57 11.69 12.58 10.33 10.36
4.74 8.06 9.34 6.13 3.71 4.1 5.1 6.96 8.27 2.97 3.97 4.37 4.0 4.45 9.16 6.02 7.37 3.73 4.44 8.69 7.75 8.56 3.76 6.64 5.22 3.17 2.64 3.05 4.32 10.96 4.68 6.81 3.89 6.65 17.42 10.76 6.44 7.8 6.06 5.43 5.75 5.98 8.89 11.22 10.81 10.8 6.87 3.86 8.4 4.85 6.12 4.65 4.29 7.16 7.04 5.53 6.93 10.0 12.93 9.96 15.63 16.19 15.79 11.19
4.6 4.49 7.87 8.99 9.07 13.86 6.09 12.0 14.26 6.12 6.62 4.5 4.32 6.53 10.93 8.8 5.39 6.63 10.3 17.03 5.52 5.97 6.09 4.79 6.8 7.27 5.53 3.17 4.28 4.37 4.67 2.82 4.22 5.49 7.11 5.17 5.72 5.04 9.96 4.28 5.42 7.7 7.18 16.59 8.57 4.21 4.52 7.42 7.79 5.88 4.26 6.39 9.55 4.14 7.19 6.28 4.22 4.53 4.22 5.69 11.19 26.11 17.4 9.42
5.16 6.02 9.48 9.86 10.35 8.93 7.25 5.63 15.31 7.44 10.4 11.02 11.61 5.37 2.85 4.82 5.96 8.06 7.86 8.33 5.66 4.66 9.32 11.65 11.01 6.94 7.29 4.08 4.68 3.38 4.65 4.69 4.67 6.6 7.59 16.08 6.77 8.56 8.39 5.57 6.39 6.67 13.36 7.09 8.11 8.76 7.59 7.4 11.37 7.33 5.42 4.4 6.16 9.41 6.76 4.09 4.46 1.9 2.42 7.03 13.79 8.63 14.86 6.46
8.94 14.99 9.44 10.2 10.25 6.42 6.99 7.15 14.91 15.59 18.02 13.94 12.58 6.35 3.45 5.94 4.34 3.04 5.81 5.17 4.15 6.81 7.36 7.11 11.31 6.81 4.44 4.66 3.36 4.42 5.94 5.09 6.67 3.91 6.63 5.74 7.07 5.93 6.78 5.67 2.32 2.58 9.13 4.25 6.89 4.37 6.27 6.46 9.26 5.1 6.66 7.16 8.51 8.61 4.63 4.03 4.37 2.73 4.09 8.94 16.8 9.46 10.34 11.57
18.28 17.52 10.73 17.02 11.25 12.51 10.04 9.5 9.51 14.95 26.05 14.36 15.28 12.26 7.45 8.63 5.43 5.05 7.08 2.31 6.45 4.43 6.68 6.84 10.63 6.84 6.04 7.67 4.88 2.98 3.41 6.23 5.66 5.15 6.13 6.74 7.67 5.86 5.83 4.15 1.44 2.39 3.74 4.37 5.11 3.85 4.02 4.82 2.99 4.63 6.79 13.07 5.85 5.38 4.49 3.34 5.02 4.44 4.53 10.81 15.49 11.13 11.29 5.34
17.31 14.67 14.65 16.12 16.13 9.58 8.07 11.74 8.47 15.99 29.19 12.96 19.75 16.76 4.84 6.41 7.95 8.8 11.07 6.47 5.3 8.38 4.28 9.59 14.51 5.06 4.14 5.66 4.01 3.86 8.46 7.06 5.62 9.23 6.52 8.81 9.79 10.7 4.44 2.88 1.99 1.68 2.67 5.01 6.1 3.92 5.7 4.71 3.34 3.05 8.14 7.21 4.3 5.57 8.73 5.84 4.58 5.82 4.29 10.34 13.05 10.36 7.17 7.16
8.68 8.8 13.41 14.21 9.21 9.19 9.79 10.84 14.27 25.86 20.77 24.41 12.25 11.88 10.0 6.49 7.85 9.55 9.43 9.5 6.05 6.53 9.1 6.74 4.78 2.64 2.59 2.97 5.7 5.84 12.83 9.08 6.22 6.15 9.98 8.75 9.3 9.14 2.99 5.55 3.41 2.23 3.02 6.77 6.95 5.16 3.17 4.38 2.79 7.27 7.83 11.78 4.06 5.68 3.73 9.11 5.15 8.09 9.25 8.69 14.63 18.8 4.69 8.07
7.83 10.78 7.51 6.84 13.51 6.83 7.73 7.46 17.93 21.69 30.34 17.38 16.83 10.06 12.34 8.56 4.73 8.56 10.03 4.7 6.69 8.84 5.55 11.17 4.14 4.18 2.43 4.65 4.92 7.15 7.71 5.41 4.57 6.23 12.47 14.22 13.83 10.37 4.79 3.49 3.45 7.04 7.4 6.94 11.27 5.36 4.66 3.71 3.31 15.0 10.6 9.9 9.31 3.53 9.02 4.79 6.34 8.37 10.84 6.42 4.96 11.99 7.39 9.91
16.38 9.24 10.67 13.03 6.26 5.15 7.15 8.63 11.77 16.08 22.79 23.49 10.23 8.62 5.91 4.04 3.24 7.44 10.41 4.58 6.85 5.74 4.57 3.49 2.89 2.79 4.75 2.18 6.68 5.29 6.32 5.58 7.22 9.2 7.1 9.5 15.69 11.11 7.27 4.83 6.68 6.35 7.5 5.38 7.74 5.75 3.21 5.55 7.89 17.75 14.48 10.73 5.36 6.53 7.46 5.54 8.95 4.99 5.34 2.93 4.06 16.2 20.92 15.6
10.55 11.59 10.44 14.85 15.69 8.28 6.53 4.62 7.56 12.09 10.99 8.86 17.16 4.76 7.84 9.83 5.16 10.96 10.15 7.75 8.29 7.27 5.38 6.56 3.43 2.77 4.78 2.64 3.51 14.58 6.29 10.22 8.41 8.4 4.43 10.83 7.4 10.56 3.89 4.57 5.69 9.23 6.18 3.4 3.98 5.97 3.76 2.79 11.45 13.31 9.19 6.96 6.32 5.53 1.96 3.64 7.94 3.93 3.74 3.24 5.66 10.8 17.59 21.24
9.88 8.35 6.02 11.07 10.75 11.74 9.41 6.1 3.85 5.83 4.3 7.24 5.08 5.38 4.2 11.49 6.43 20.13 13.07 8.99 7.62 12.86 8.81 5.4 6.41 6.89 3.72 3.82 3.04 12.17 11.75 8.92 8.7 10.1 3.61 14.01 13.7 6.6 8.88 3.79 5.08 9.96 7.16 9.5 7.16 5.57 3.19 4.95 6.82 16.77 6.38 10.85 8.86 7.78 6.64 5.82 7.15 5.02 2.79 4.29 7.1 7.63 16.68 11.49
4.8 7.45 7.63 14.12 16.35 8.21 12.99 5.44 4.62 6.94 4.83 2.96 3.98 4.09 5.27 7.27 10.22 12.2 10.27 16.55 14.28 12.53 6.21 14.87 7.85 7.12 5.41 4.71 7.38 9.59 5.13 6.75 4.06 10.67 3.59 7.66 11.68 12.9 11.38 8.81 8.25 5.6 6.17 6.82 6.1 9.03 3.38 5.8 9.04 12.57 16.07 13.52 10.5 8.15 5.35 6.36 10.34 6.31 1.84 3.49 3.8 7.04 6.77 5.96
6.34 8.59 15.04 12.4 7.57 11.58 9.74 6.7 6.67 12.28 3.14 4.02 8.72 6.21 5.12 7.69 6.55 8.16 6.35 7.68 7.56 9.83 10.99 19.09 12.02 12.05 8.79 6.52 5.93 4.82 4.29 4.06 4.24 4.92 5.9 8.82 8.16 10.26 13.22 8.66 9.0 6.28 3.99 7.46 6.35 4.71 9.45 5.46 8.79 12.88 22.11 18.09 10.68 5.7 6.79 10.05 9.82 5.96 4.18 4.01 5.16 3.03 2.25 3.78
5.4 7.83 8.07 6.01 2.97 9.01 8.35 6.82 6.62 5.27 5.91 5.82 5.9 8.15 11.07 7.61 4.4 5.86 4.77 4.8 9.5 6.7 12.94 9.48 20.76 25.18 8.59 11.17 7.26 3.39 5.0 2.42 4.77 2.91 9.81 9.22 7.98 7.39 13.99 11.67 10.09 9.94 6.79 14.03 8.01 3.74 9.82 8.34 7.13 9.12 18.5 11.61 10.21 6.26 8.13 10.76 8.65 5.57 5.84 3.32 3.06 4.89 2.77 1.56
8.76 5.15 7.49 9.66 6.77 8.1 8.3 5.63 4.11 6.69 5.5 12.47 4.33 3.93 9.85 8.36 5.0 11.18 5.47 3.29 6.46 6.97 14.25 15.86 16.86 17.06 20.56 9.69 10.03 7.12 2.96 3.08 2.86 4.69 10.98 6.2 9.77 13.94 16.74 9.41 22.47 11.33 9.44 9.89 4.06 6.94 10.1 15.8 10.78 8.04 8.78 6.88 7.48 4.47 5.92 5.84 5.52 5.71 12.43 4.75 4.69 2.7 2.58 1.34
13.35 7.56 12.5 10.68 4.87 6.58 3.73 5.84 2.48 5.43 5.54 5.83 3.69 4.19 10.23 6.18 6.56 11.71 9.11 8.81 5.22 12.64 18.32 13.3 19.41 14.0 21.3 4.48 3.8 3.97 4.12 4.51 6.07 8.0 9.0 12.8 6.72 6.81 18.21 10.43 21.51 24.48 16.47 13.15 12.71 6.83 12.35 12.68 8.97 7.57 5.19 5.16 7.75 4.11 2.95 8.38 5.37 11.48 14.24 6.53 6.6 7.55 2.84 2.7
20.73 7.72 8.84 7.11 7.22 5.44 5.55 6.16 3.39 2.34 4.02 4.01 4.36 3.89 9.55 11.5 10.6 8.96 14.69 9.16 10.93 11.78 11.9 10.97 7.49 12.88 10.92 6.98 3.72 3.94 3.8 3.86 3.89 6.82 4.65 4.5 4.86 11.74 8.69 9.55 23.99 31.33 22.05 13.19 23.7 15.87 7.56 7.02 12.29 6.68 6.2 8.2 6.74 5.86 5.57 4.63 15.41 13.2 15.72 14.63 8.43 7.0 9.12 3.93
