5.2 4.56 5.63 8.11 15.15 10.18 8.66 8.46 4.52 5.48 8.7 13.78 5.25 10.22 9.12 8.04 4.61 2.95 6.09 6.7 5.5 13.02 9.63 18.65 16.01 14.54 12.45 16.46 18.28 11.75 7.76 10.02 7.19 6.35 14.38 13.97 7.66 11.36 8.33 8.04 9.72 7.04 8.65 10.79 12.33 6.9 6.28 5.19 6.06 6.42 4.98 7.53 10.37 7.54 9.08 14.85 8.1 6.97 6.42 14.46 13.72 13.79 11.13 8.21
6.97 4.11 4.08 9.83 11.34 17.19 10.14 9.59 4.86 7.89 5.56 6.52 5.48 13.81 15.87 6.49 8.58 5.49 9.03 6.37 6.83 10.84 10.29 17.99 7.75 10.77 12.89 10.48 17.71 13.13 9.47 5.23 7.46 3.81 8.06 9.83 5.9 8.74 8.04 5.68 5.18 12.58 12.64 7.48 7.74 10.82 6.25 3.93 5.37 3.77 4.26 7.57 10.99 4.71 13.24 16.65 12.18 8.87 14.17 14.71 12.03 12.11 9.69 12.72
4.86 4.19 3.85 6.36 12.31 8.92 7.75 13.55 7.56 2.97 5.18 7.13 7.9 13.89 11.49 7.25 7.19 15.17 5.45 5.73 5.42 9.41 10.41 15.66 7.76 6.31 8.05 7.94 8.5 17.81 7.36 3.89 4.18 5.16 6.86 5.32 5.41 7.02 5.15 6.69 5.02 5.21 11.58 11.88 10.57 17.52 10.41 4.53 3.96 4.58 6.06 7.87 11.62 11.03 16.46 18.87 11.53 14.44 18.24 9.24 6.57 14.94 13.43 6.71
1.91 3.4 2.82 4.27 9.55 16.08 10.8 13.04 9.02 5.48 2.21 4.98 9.86 6.83 3.26 5.95 9.57 20.91 12.99 7.97 7.64 12.66 16.15 14.53 5.85 7.3 5.49 8.24 6.59 11.42 10.66 6.92 6.34 5.71 13.58 6.48 9.15 6.26 7.89 5.04 5.02 6.89 7.23 13.79 11.94 17.94 10.6 4.21 5.09 7.46 5.52 5.25 8.19 10.34 18.53 9.72 8.78 6.2 10.18 5.81 5.01 9.86 9.14 8.13
2.36 1.94 4.26 4.39 7.19 11.53 15.37 17.22 14.6 8.08 5.58 7.44 8.31 13.42 3.22 7.02 7.95 15.74 9.91 8.65 7.51 5.25 8.48 8.19 10.98 6.15 2.75 8.52 10.09 8.14 8.56 8.88 7.16 6.13 9.78 10.46 19.66 11.31 13.66 8.37 6.09 7.55 7.62 11.8 10.66 7.18 9.94 6.69 4.04 7.67 5.18 6.66 6.59 9.66 15.45 18.02 10.47 8.79 8.61 2.44 4.91 7.7 8.05 6.78
5.98 6.8 6.86 6.55 5.04 7.47 12.86 25.43 10.08 10.95 6.73 11.58 8.6 8.95 6.06 5.49 7.69 11.04 8.23 10.33 5.26 4.24 5.43 6.27 7.77 11.16 5.24 6.0 7.14 4.75 8.27 9.02 5.56 6.21 9.69 11.45 19.72 8.48 13.27 18.26 4.5 7.52 8.48 9.63 5.46 4.86 5.54 5.07 6.69 7.16 5.89 6.43 7.9 7.36 17.74 25.59 13.36 6.75 6.35 4.09 5.05 9.44 8.47 3.62
7.68 9.28 7.98 8.99 9.8 5.95 9.06 10.93 8.56 5.0 5.43 8.43 7.42 15.95 9.49 10.35 10.0 13.05 6.24 8.14 4.53 5.02 6.4 5.58 6.8 12.08 12.32 9.47 11.32 4.28 7.18 11.02 7.12 7.44 4.32 8.91 12.03 7.38 7.23 12.02 5.84 6.11 9.73 5.53 5.51 6.21 5.49 4.16 4.09 5.02 4.86 4.66 4.99 4.95 6.44 9.58 6.33 3.98 8.7 8.02 14.73 7.52 8.03 4.0
7.25 9.56 10.68 6.54 6.56 8.2 9.71 8.03 4.47 4.93 5.71 7.56 7.72 11.32 14.86 13.81 9.75 9.53 6.16 8.52 3.68 6.46 5.68 6.28 4.87 11.02 9.56 12.29 7.85 2.45 4.7 6.06 10.41 6.34 7.4 14.54 21.74 12.96 14.03 12.79 5.06 5.77 11.45 7.42 5.85 6.0 6.07 2.79 2.63 2.64 4.88 7.12 4.83 5.36 6.84 6.91 4.27 4.34 4.0 7.78 11.85 5.91 4.94 3.29
10.25 9.5 8.36 4.08 6.74 6.7 5.97 8.89 6.97 4.27 4.9 9.31 4.61 8.96 10.52 12.2 13.08 11.5 10.55 4.17 2.86 5.5 5.68 5.77 4.97 6.82 5.74 8.71 9.79 6.9 8.83 8.17 4.32 5.91 8.2 13.2 24.41 25.05 24.24 16.81 7.79 7.21 12.24 7.53 6.66 6.51 6.65 3.34 2.78 3.11 5.11 5.21 9.42 13.63 6.72 5.05 3.78 3.56 4.91 8.51 7.76 9.03 7.47 6.52
10.06 8.28 7.6 8.58 4.51 6.18 4.21 9.23 3.67 3.11 3.72 11.11 8.13 10.82 6.55 10.46 12.58 12.89 14.48 8.06 2.17 3.11 6.42 7.19 4.1 6.38 7.47 14.08 15.96 11.95 10.88 5.97 4.77 2.47 8.82 17.91 30.36 26.12 30.87 17.92 6.28 9.75 5.48 5.53 10.16 12.04 4.64 3.54 3.9 3.38 3.97 4.91 14.8 9.35 6.86 8.76 6.23 3.29 3.96 13.39 12.82 14.27 13.87 9.72
15.43 14.39 5.05 5.53 5.08 4.72 4.57 6.41 4.37 3.93 8.69 6.72 4.54 8.71 6.22 4.7 10.29 10.63 9.37 8.83 5.52 5.8 9.71 8.25 5.65 2.52 4.33 5.58 7.72 8.45 4.26 5.63 5.46 3.26 13.06 26.43 21.21 15.48 31.21 20.17 5.15 6.77 9.2 4.26 4.12 6.97 6.36 5.44 5.02 4.26 4.93 6.76 9.63 10.01 11.14 7.2 7.54 4.02 6.49 8.89 15.26 12.63 8.27 10.02
12.15 19.53 5.03 3.59 4.56 3.86 4.19 7.18 6.46 6.5 8.54 10.5 4.11 6.86 6.86 6.52 6.53 8.22 5.8 5.03 6.28 7.92 3.89 3.5 3.27 3.02 2.17 3.82 5.53 7.97 6.66 3.08 4.69 3.7 9.18 20.54 17.66 10.88 14.43 17.26 6.19 4.76 4.13 3.2 3.35 6.12 7.59 5.7 7.07 4.66 2.73 7.76 8.24 13.82 10.26 13.31 9.92 5.41 9.88 6.59 10.59 6.97 8.04 12.56
11.44 20.02 11.37 3.0 5.44 5.81 7.09 3.36 5.44 8.15 6.87 6.93 4.52 7.21 6.97 6.6 7.4 10.73 6.14 4.01 5.27 7.45 5.69 3.7 4.92 5.18 2.36 4.24 4.49 4.01 4.0 3.7 4.68 5.02 11.1 13.46 15.41 8.03 11.89 10.7 10.12 5.44 3.57 3.14 3.08 2.46 8.01 4.68 5.51 3.87 3.11 4.8 8.0 12.86 7.89 9.04 8.53 4.72 8.72 8.58 7.58 2.9 5.0 15.26
11.13 9.36 5.72 4.14 6.44 5.75 11.45 6.1 3.77 11.62 6.96 7.4 4.26 6.17 4.82 7.07 8.21 7.28 8.06 9.43 6.89 7.72 6.46 5.31 4.45 5.86 4.43 2.47 9.09 6.2 4.99 4.23 6.18 4.16 6.34 10.7 12.6 10.2 13.21 4.02 4.74 6.84 3.98 3.22 1.9 4.18 5.18 7.51 10.63 6.73 3.91 5.33 5.44 4.67 4.98 3.92 6.34 8.21 4.75 5.46 3.32 3.54 5.19 8.98
7.68 9.39 2.71 2.79 6.44 4.64 8.6 15.1 10.08 7.79 11.98 9.1 5.07 6.56 7.3 5.73 9.75 10.64 5.96 7.65 4.94 5.74 6.58 8.96 4.61 4.19 4.98 3.78 9.31 5.31 9.63 3.28 4.27 3.43 3.19 7.23 9.18 10.9 10.31 5.15 2.92 2.76 4.45 2.93 2.89 3.06 4.1 9.37 11.05 10.09 3.93 5.21 7.43 3.76 6.04 5.1 10.42 9.15 6.54 6.71 4.36 7.13 7.32 7.03
4.73 5.88 2.66 5.5 6.62 6.66 12.66 20.25 21.99 19.06 12.34 17.26 8.76 5.22 7.09 5.32 6.05 6.89 8.17 8.41 5.22 6.88 7.19 7.46 3.75 4.09 7.18 8.59 8.75 5.81 8.19 3.64 6.79 2.59 2.68 3.94 6.21 7.17 3.99 3.58 2.4 2.89 5.02 3.66 2.28 2.25 5.08 5.34 6.87 9.19 3.65 6.88 6.25 8.15 6.75 6.78 11.39 5.71 10.56 13.35 10.54 8.07 15.61 9.58
5.15 5.97 4.64 5.13 4.97 9.54 17.87 18.73 26.52 17.86 14.07 10.97 16.03 8.02 8.26 8.5 4.74 5.57 11.14 8.19 6.04 3.16 3.86 5.76 4.64 6.76 8.2 11.7 18.52 11.41 9.81 7.88 4.91 1.68 3.62 3.49 2.8 3.34 2.79 2.24 2.43 2.86 4.86 3.66 2.22 1.5 12.21 9.32 7.59 4.3 7.55 5.77 4.48 8.65 5.37 5.03 9.81 10.77 9.66 13.94 13.93 10.2 13.17 15.44
11.25 8.42 3.46 3.84 7.67 8.79 6.49 11.27 14.35 28.29 11.48 21.58 34.51 20.09 7.37 8.01 7.09 4.63 6.91 6.84 5.65 2.78 4.18 4.17 4.73 6.71 13.42 8.99 12.41 20.61 8.92 6.72 4.13 2.06 7.73 7.76 6.97 4.86 3.25 1.72 1.89 2.72 3.54 4.68 1.73 3.8 8.46 8.44 5.39 4.51 6.93 4.65 4.98 7.16 11.39 8.06 6.48 9.01 8.83 11.49 6.64 7.57 8.05 8.74
5.08 9.72 7.87 3.49 9.12 12.87 5.18 11.37 23.37 38.06 29.42 21.04 29.6 41.3 9.81 10.92 13.94 5.83 5.64 5.04 3.79 5.06 2.33 5.55 5.03 3.11 8.85 7.12 20.76 12.96 18.93 16.11 14.19 6.12 7.07 7.5 7.84 4.22 2.82 1.58 2.67 2.34 4.63 3.89 2.13 3.86 10.3 9.19 5.1 4.04 3.09 2.49 4.74 3.94 6.5 8.17 4.84 6.92 8.27 12.8 5.14 5.27 8.44 10.2
4.85 8.13 9.62 8.81 18.39 14.1 10.26 6.78 10.18 30.81 17.32 21.73 23.43 30.9 11.55 8.99 20.11 5.75 8.41 4.18 6.42 10.18 6.21 3.25 3.15 4.73 4.8 9.52 15.41 7.77 17.59 8.2 15.07 6.86 8.6 7.3 8.4 8.38 3.24 3.55 2.82 2.48 5.22 2.39 2.32 5.11 7.34 13.04 4.02 2.64 3.08 4.42 3.53 5.07 6.49 6.53 8.81 7.26 15.46 9.01 4.44 6.35 8.3 11.56
3.28 6.09 6.86 11.98 13.87 7.92 7.1 7.87 17.2 12.91 14.26 13.25 21.39 22.19 8.18 11.56 8.14 3.97 4.37 3.47 4.74 11.49 8.77 4.82 3.99 5.2 4.1 5.37 9.37 6.1 12.1 12.17 12.55 9.2 11.45 8.26 10.88 8.63 3.53 4.85 4.85 4.59 2.87 1.55 5.55 4.56 7.91 10.49 6.7 3.57 3.81 9.76 6.31 8.97 4.11 5.54 13.52 8.01 9.77 6.58 4.42 3.34 5.41 9.9
3.86 3.97 7.57 5.65 6.41 10.63 7.97 6.22 4.59 8.65 9.42 10.52 26.99 20.53 17.28 13.57 7.76 3.98 3.58 2.05 2.19 4.3 7.98 4.67 3.45 3.29 3.53 5.14 7.46 10.15 13.16 20.27 18.96 7.42 11.46 9.68 7.66 3.54 6.27 5.69 10.73 5.84 4.93 5.95 4.56 9.1 8.35 7.95 4.5 2.07 3.5 4.66 3.7 3.15 3.97 4.82 10.85 6.2 9.03 11.01 6.32 6.08 5.63 7.16
7.41 5.38 5.69 3.66 7.1 11.3 5.81 6.57 4.73 5.66 8.96 8.57 14.0 17.57 16.85 16.76 5.3 2.95 2.25 4.12 2.25 3.31 3.17 2.97 3.76 2.93 5.04 2.15 5.62 6.47 11.01 18.45 18.03 16.03 19.71 8.84 9.66 5.38 5.67 4.05 6.83 7.55 6.48 6.87 5.37 4.74 5.86 8.22 5.83 4.94 3.4 3.55 3.97 5.68 6.66 9.24 8.22 9.18 7.28 8.2 9.02 6.96 8.44 5.82
9.8 6.34 5.36 4.46 5.93 4.8 5.4 8.66 5.78 7.07 7.57 7.19 7.43 11.67 17.81 11.84 5.19 1.65 2.72 3.74 1.59 1.73 2.44 2.69 2.4 4.28 4.6 3.38 6.17 10.34 19.14 13.39 16.67 11.79 17.44 13.79 7.98 3.09 3.3 2.66 8.93 9.61 5.76 8.82 6.58 8.42 6.99 9.09 12.92 7.0 5.64 8.87 6.11 5.91 5.84 11.07 8.28 8.22 9.65 11.09 9.3 8.62 11.0 7.2
6.08 9.06 5.72 5.2 5.85 6.24 2.9 3.5 7.77 7.48 6.72 5.37 6.41 10.65 10.1 14.49 3.97 1.98 3.22 2.64 1.66 1.5 2.5 4.18 3.72 3.63 7.82 4.03 9.04 8.02 12.66 14.09 12.19 8.81 10.54 10.16 4.65 11.86 5.77 6.27 10.93 11.14 8.64 5.95 14.59 9.82 11.0 8.31 5.86 6.84 5.48 5.78 4.49 7.15 6.79 6.06 6.78 9.03 9.01 12.29 15.0 6.98 7.23 3.14
7.76 4.52 6.49 7.04 7.29 7.59 4.75 4.32 5.44 7.66 8.27 7.83 7.22 3.96 3.88 8.13 4.37 2.41 4.65 3.39 2.47 2.69 3.87 4.72 4.89 5.24 6.78 3.18 6.48 11.15 13.34 11.48 19.58 7.3 9.32 11.29 8.45 9.74 6.47 7.47 11.01 10.89 8.18 17.79 16.18 9.38 13.72 10.91 6.54 3.97 4.5 5.24 4.89 6.06 7.13 3.01 4.59 9.17 10.97 13.65 10.72 8.83 2.97 2.97
12.46 5.35 5.94 4.04 7.25 10.85 3.82 6.07 6.14 6.58 10.95 8.86 6.12 4.89 2.35 6.29 6.93 6.52 6.45 3.76 2.15 5.28 5.1 7.31 8.42 8.92 11.51 4.97 7.54 24.6 20.91 9.13 10.68 4.81 5.56 6.61 6.13 9.37 9.4 17.8 18.37 18.92 10.7 26.65 34.48 8.09 6.06 7.47 3.92 3.85 4.41 4.4 6.31 4.92 4.29 6.35 3.92 9.43 17.22 13.79 11.27 5.73 3.03 3.38
7.64 4.7 5.3 4.57 8.27 9.45 7.9 7.1 3.81 7.41 7.65 9.47 9.19 7.9 7.71 9.62 8.74 7.55 6.42 3.84 3.16 6.17 9.02 15.36 13.17 17.31 10.23 7.69 14.38 41.54 25.45 5.6 10.44 3.45 6.37 4.97 10.32 5.92 9.51 16.61 15.15 18.58 12.57 24.3 23.3 9.5 6.83 5.59 3.29 2.87 4.62 6.2 6.08 6.11 2.89 4.29 5.78 5.13 11.34 15.85 7.32 6.06 3.03 4.2
11.39 8.99 7.94 6.55 4.93 12.26 4.66 5.0 7.12 8.11 9.14 8.07 7.96 7.33 13.38 13.62 8.53 8.38 7.97 4.59 4.12 8.6 8.45 8.15 13.7 11.4 6.36 4.34 17.94 30.48 14.95 5.18 4.44 9.76 7.56 4.38 3.67 3.64 6.77 9.58 15.7 28.16 13.84 18.61 26.71 10.08 6.35 10.06 2.9 3.57 5.77 7.81 5.54 5.49 1.73 3.56 9.43 11.85 14.47 11.98 13.69 9.42 8.01 9.93
13.01 6.84 6.79 7.66 6.7 10.99 7.09 8.7 7.99 12.03 6.51 6.66 6.75 5.67 13.83 11.49 6.98 6.46 3.86 4.75 4.89 6.53 7.42 6.4 6.95 7.42 4.99 4.55 15.4 12.52 6.09 3.61 3.18 6.56 5.28 5.12 6.12 4.84 6.37 7.83 20.36 17.28 8.58 8.19 10.93 9.67 5.08 7.05 4.58 7.31 7.24 11.17 14.77 11.0 5.43 6.39 15.82 13.09 8.13 8.66 6.61 6.38 5.43 4.6
5.56 6.5 6.98 8.7 7.4 6.2 6.01 4.66 7.81 9.58 8.78 9.53 5.15 7.62 17.18 9.43 5.77 10.21 9.72 7.2 4.28 4.19 9.11 8.17 5.22 10.82 8.47 7.75 17.55 10.3 5.87 6.07 4.67 6.35 4.81 2.99 4.34 4.62 3.56 5.72 7.78 9.0 7.73 9.82 10.41 9.37 6.92 4.19 3.41 7.57 9.72 10.37 19.43 14.23 4.5 6.02 8.88 6.43 5.13 3.99 6.61 6.22 5.98 3.62
4.55 5.46 6.76 7.9 12.0 3.66 4.74 4.83 7.3 8.52 5.47 9.83 6.83 7.75 10.65 10.17 7.54 16.49 14.55 15.67 11.23 6.0 10.46 9.34 6.36 17.14 8.77 15.17 19.27 6.45 10.51 6.39 5.07 3.33 3.2 1.7 4.28 8.76 9.08 7.33 6.22 4.68 6.05 10.97 8.17 9.98 7.45 5.1 4.59 8.42 8.41 9.18 13.53 22.32 7.08 7.07 9.77 7.21 2.34 2.68 4.88 7.65 6.69 2.32
3.18 8.55 11.17 12.27 6.38 2.57 3.23 7.67 7.12 7.04 8.77 9.67 8.77 7.36 9.52 7.04 6.71 12.32 14.62 10.71 7.38 9.97 10.29 13.4 9.26 16.38 16.67 18.23 21.07 5.44 10.24 7.74 2.96 3.69 6.71 5.42 3.77 11.02 8.43 7.83 4.71 3.89 4.42 9.81 11.96 5.98 7.57 9.59 7.49 10.29 7.16 14.97 18.47 20.04 13.26 10.09 9.1 4.77 2.44 3.17 3.41 8.21 7.21 5.13
7.47 7.18 16.0 12.22 2.68 3.0 3.53 6.38 4.61 6.63 5.74 6.46 8.18 16.04 8.72 6.69 12.44 20.18 6.76 5.96 10.35 21.58 22.71 14.9 15.21 13.67 16.38 18.55 52.16 8.77 10.31 8.68 5.0 4.88 5.02 4.14 2.92 3.78 7.61 8.09 4.05 5.32 7.32 9.95 8.48 7.81 6.35 5.8 2.91 7.79 7.03 8.89 9.61 9.11 9.68 9.94 8.78 3.64 6.68 5.56 6.7 10.63 10.49 4.92
12.25 7.27 11.67 10.35 7.16 4.99 6.08 9.95 6.25 2.73 4.85 7.66 4.81 4.39 10.58 10.07 20.35 17.36 9.03 9.01 11.31 21.49 18.44 20.9 18.43 13.67 12.17 14.52 29.69 12.01 9.21 5.92 4.1 5.99 8.65 4.9 5.05 7.39 4.93 7.94 6.44 9.79 6.45 6.72 8.78 4.54 3.66 8.61 5.77 8.34 7.49 6.69 11.04 7.99 4.09 6.68 7.66 3.12 3.63 6.81 7.7 7.73 6.2 5.9
9.38 10.35 10.69 5.9 6.48 5.73 8.83 10.52 7.76 8.3 7.86 13.29 4.79 8.6 13.36 14.93 21.27 22.82 10.45 5.72 11.38 13.47 12.55 15.02 10.63 10.07 8.42 12.51 18.16 17.38 12.39 9.09 5.16 5.33 12.18 12.75 12.42 6.29 4.67 7.8 13.33 12.15 9.34 10.03 7.99 8.17 4.8 7.19 8.09 11.82 9.34 7.97 7.2 7.4 2.62 5.01 9.43 3.33 4.97 6.13 6.36 7.51 7.27 8.72
7.97 7.55 9.96 6.4 8.53 13.04 8.87 15.63 19.56 20.55 29.14 17.54 10.31 7.04 20.27 22.11 33.34 41.2 20.1 14.21 7.54 9.44 11.26 13.94 9.05 7.84 9.04 12.05 30.06 11.66 15.22 14.12 9.68 7.22 7.4 8.77 6.49 3.24 3.99 5.99 13.4 12.79 8.67 5.46 6.26 5.26 4.19 6.31 10.66 14.53 14.93 10.63 10.75 10.16 4.02 7.44 5.99 9.74 7.57 9.82 7.36 8.86 6.22 5.74
6.02 5.77 8.14 12.68 14.58 15.22 16.24 16.47 13.47 27.29 34.45 23.82 9.11 12.54 12.66 11.37 21.92 23.38 21.17 15.63 8.7 11.15 17.08 8.95 7.24 6.06 12.24 13.58 22.71 12.18 13.77 12.24 7.17 9.71 5.72 5.69 3.74 2.57 4.69 6.89 8.45 4.42 4.03 5.47 6.53 8.43 7.44 15.7 13.21 12.25 8.83 18.29 14.45 9.45 6.51 5.89 6.73 6.6 7.34 14.34 10.22 10.68 9.52 8.78
5.87 12.94 7.58 12.53 10.59 8.69 12.68 10.97 20.52 22.65 35.12 20.5 12.48 8.69 6.96 5.45 11.19 24.65 15.98 10.2 10.12 11.21 11.0 10.69 11.05 8.7 11.0 13.3 20.47 7.49 14.69 8.5 5.94 5.81 7.15 6.12 2.37 2.59 4.88 13.04 5.68 4.22 4.98 6.28 8.57 9.49 9.63 11.56 11.07 12.29 10.61 11.92 9.41 11.03 8.17 5.14 3.54 3.51 5.46 6.27 7.08 5.93 6.07 4.24
6.16 17.84 11.83 11.32 13.28 6.41 20.16 19.0 17.65 27.91 16.48 18.99 18.46 11.83 12.54 8.72 16.23 20.79 13.83 8.83 13.96 11.72 10.5 13.33 14.6 9.74 6.49 10.03 9.52 12.88 13.34 5.14 5.19 2.57 3.77 4.39 2.98 2.94 6.9 9.06 4.33 1.82 3.75 5.78 4.22 12.5 15.92 9.85 9.02 13.54 6.39 10.04 6.0 6.6 8.86 4.71 6.16 2.58 4.0 6.61 7.06 5.02 4.43 3.06
6.77 15.4 17.51 12.32 9.64 8.89 13.34 21.91 12.94 16.27 31.92 13.83 17.72 6.92 8.99 8.06 8.64 9.72 13.81 13.47 17.83 21.51 8.34 11.06 17.4 9.93 5.14 3.52 12.84 16.53 11.41 2.91 4.24 2.33 3.18 7.36 4.55 5.43 8.84 5.05 3.21 1.96 1.63 6.8 8.11 7.17 19.38 14.29 14.97 9.51 5.38 7.58 5.08 5.95 7.33 8.46 4.71 4.6 4.27 7.74 10.36 8.55 7.0 3.65
9.68 9.79 16.7 7.75 5.07 8.62 14.3 29.2 10.29 18.5 28.08 10.02 6.44 6.58 10.0 8.13 4.96 7.92 9.68 19.98 23.96 21.02 12.24 9.32 11.84 8.48 9.3 6.18 13.2 15.42 8.53 4.04 2.4 1.69 2.94 6.65 7.26 8.96 20.55 5.97 4.85 2.7 1.41 3.46 4.37 8.71 7.93 18.48 19.16 13.52 8.2 11.86 15.98 9.31 11.25 8.83 4.9 4.23 2.41 4.98 6.87 5.37 4.65 3.59
7.82 7.75 10.41 8.6 8.68 8.62 11.41 17.71 16.81 11.91 31.25 12.79 7.91 17.98 25.29 11.68 5.04 5.97 12.46 15.87 15.54 21.53 9.34 7.16 11.71 6.66 19.28 8.52 25.05 10.05 7.19 2.47 2.7 1.65 1.57 3.69 5.36 10.95 14.05 7.55 4.85 4.11 3.2 2.23 3.8 8.42 11.75 25.31 16.24 13.41 5.66 9.38 18.0 13.4 17.46 9.05 5.34 7.37 8.34 8.09 7.36 8.17 6.96 2.74
7.94 6.28 9.43 10.25 14.58 9.62 11.19 11.68 11.52 7.6 13.97 9.51 7.33 11.12 9.85 7.85 4.59 4.9 15.43 17.57 29.39 15.99 7.66 8.2 8.44 7.52 13.48 21.37 13.95 6.84 7.39 4.26 4.87 2.93 4.34 4.31 5.23 11.13 9.16 7.16 4.49 3.5 4.51 2.67 3.06 10.8 13.86 22.9 16.33 11.83 3.42 6.84 18.11 23.82 9.44 5.73 10.07 6.92 10.94 12.92 7.75 10.76 6.17 4.83
5.57 4.14 5.04 8.14 10.48 9.36 5.25 7.7 9.32 5.39 7.4 4.73 8.1 6.81 7.06 5.43 4.68 7.16 16.49 15.19 18.21 18.51 10.66 6.44 8.43 9.78 13.78 17.95 17.21 6.75 3.6 3.99 4.77 3.55 12.66 7.61 4.38 9.48 9.68 7.61 4.0 5.66 2.61 2.47 4.56 5.91 14.82 11.89 15.89 8.65 5.95 4.82 9.23 24.23 11.66 6.41 4.49 7.61 9.84 6.5 7.18 6.04 6.58 4.55
6.96 3.06 4.78 7.85 7.03 8.19 4.47 6.63 10.9 5.38 6.24 4.84 7.15 5.88 5.6 11.61 12.26 7.05 8.36 10.51 8.55 8.24 11.98 9.32 9.46 7.96 8.17 11.02 17.13 7.55 1.94 3.1 5.34 4.53 7.75 3.56 4.08 3.45 7.48 3.49 2.6 4.11 3.34 5.06 5.59 13.85 13.43 9.87 16.82 6.24 5.41 5.48 8.64 16.9 10.91 8.05 4.63 9.43 7.91 6.14 7.49 8.71 4.21 3.99
3.25 6.43 8.94 7.91 6.14 7.21 4.06 5.98 7.41 7.5 6.23 4.02 4.94 3.16 6.77 9.87 8.23 7.47 10.19 11.26 6.51 5.23 5.37 4.37 8.31 4.59 8.68 5.45 9.24 6.02 4.71 4.16 3.52 5.7 6.75 4.19 2.42 3.66 5.03 3.31 2.38 1.98 3.23 5.63 3.35 7.92 10.21 22.19 15.16 5.54 4.57 8.95 12.96 10.74 9.37 7.19 4.37 6.66 13.48 9.14 11.48 9.9 9.29 5.61
3.56 5.24 9.63 4.15 3.28 4.7 6.89 5.96 7.71 8.04 3.58 4.13 4.07 7.6 8.28 3.95 5.73 6.9 10.15 7.31 3.55 6.03 4.82 5.57 8.44 7.11 6.02 4.77 6.43 3.35 5.72 3.42 2.68 3.24 3.4 4.38 3.75 4.32 4.79 2.45 4.49 2.05 3.06 3.59 2.55 7.63 15.9 27.78 5.72 7.38 4.26 10.78 8.37 10.45 9.07 4.8 5.73 4.78 9.32 13.13 9.57 8.04 10.71 10.75
3.94 6.85 11.94 5.13 2.92 6.17 6.1 5.2 6.81 4.42 3.45 4.47 7.24 7.32 10.97 5.67 4.02 4.09 15.29 9.65 4.78 4.78 13.7 7.11 5.92 10.43 4.46 4.31 5.34 3.66 5.63 6.01 5.7 2.16 1.75 3.11 1.35 3.0 4.07 2.51 2.74 5.28 6.43 6.37 7.14 7.18 12.17 13.05 6.75 5.08 6.89 12.7 9.82 8.82 7.6 3.82 4.51 2.52 3.53 7.6 8.36 3.88 4.91 7.44
10.43 9.15 7.32 5.04 5.87 7.63 9.81 9.17 8.27 2.52 3.47 5.15 6.29 7.96 9.25 10.75 5.17 7.15 8.01 9.72 3.89 5.25 19.12 8.01 6.68 9.47 9.75 3.48 3.49 8.06 10.92 10.08 6.13 2.29 2.09 1.71 2.66 3.24 4.05 4.44 4.5 10.81 8.17 8.1 6.61 7.85 7.0 9.96 12.11 9.33 3.53 4.53 6.83 9.0 6.9 5.71 3.97 3.88 2.94 7.21 6.5 4.09 6.41 12.66
8.08 12.96 11.2 9.46 12.64 12.86 6.37 8.27 9.53 3.12 5.14 6.43 11.16 9.73 11.38 11.02 4.0 4.29 3.99 7.34 4.21 7.47 10.83 9.38 9.22 8.4 6.93 7.44 8.9 6.71 9.58 9.62 5.6 2.93 3.06 7.18 6.92 3.05 3.61 6.62 7.47 13.8 9.74 11.52 8.03 8.75 7.81 6.17 8.56 12.18 4.65 2.95 6.38 14.14 10.07 5.63 5.18 5.88 4.97 3.93 7.54 8.17 7.55 13.52
17.94 14.16 10.2 6.35 12.55 8.09 6.32 10.67 9.24 3.31 4.14 8.33 13.09 11.64 11.87 18.54 4.51 2.82 4.3 7.12 2.53 5.09 11.31 11.07 15.47 6.82 7.48 8.17 18.0 15.16 16.4 8.47 6.49 4.23 3.3 3.34 6.07 3.76 4.33 8.99 12.87 18.34 16.02 9.67 9.12 9.26 5.57 8.77 6.6 10.84 3.52 4.17 4.61 10.35 4.55 5.48 8.61 5.85 5.34 3.97 10.02 6.48 5.02 8.13
10.75 10.18 11.79 8.55 11.36 11.72 6.04 6.16 4.36 3.57 4.98 8.84 13.2 7.39 13.4 14.14 8.55 3.16 4.08 5.66 5.89 6.03 7.47 14.27 9.25 10.34 6.22 8.7 19.31 14.06 12.1 10.21 4.67 5.26 2.46 4.52 5.84 4.38 9.58 20.36 8.37 16.01 9.4 10.42 9.57 9.29 9.61 10.33 5.54 5.54 3.83 2.6 4.04 5.21 2.87 3.13 4.93 5.43 4.94 4.38 8.19 8.57 4.68 10.22
11.26 9.22 6.75 9.45 13.87 10.33 4.3 5.04 7.09 5.42 5.36 13.38 13.12 12.79 12.93 15.4 10.72 8.29 5.53 5.94 8.48 5.01 6.91 9.54 6.53 5.11 7.39 5.79 7.76 7.62 7.62 11.19 5.72 5.48 4.59 8.13 9.31 10.85 12.41 21.84 11.64 11.26 13.07 3.8 2.64 8.07 8.51 7.42 2.44 4.1 5.94 3.91 5.31 7.69 6.13 4.69 3.61 3.84 3.43 3.57 5.82 4.2 4.28 6.69
10.33 11.29 8.04 6.51 12.99 9.87 4.45 6.25 6.49 8.32 7.31 8.2 16.49 12.08 22.8 27.72 14.64 9.54 5.42 6.93 6.65 7.37 5.25 10.68 7.95 7.62 8.48 7.49 13.05 6.84 4.35 6.0 8.47 6.45 3.38 7.48 6.19 8.37 12.2 21.65 9.66 11.31 7.83 3.87 2.52 3.93 7.03 7.74 2.79 2.77 6.53 7.58 6.51 5.88 9.16 7.72 4.19 5.61 6.33 5.44 2.93 3.25 3.8 5.26
11.44 19.18 12.1 6.78 10.18 8.63 8.5 5.44 7.37 8.75 5.69 5.92 5.07 12.76 16.73 19.03 13.78 12.29 3.41 5.3 6.85 6.74 6.05 7.7 8.12 6.82 9.85 6.93 4.96 4.57 11.4 9.02 9.57 10.49 3.86 6.59 5.72 8.43 15.35 18.17 10.29 4.34 7.13 4.96 3.31 5.85 7.26 18.04 4.64 5.72 4.33 5.86 5.62 12.61 8.99 14.29 9.99 6.44 10.39 4.23 1.89 2.02 4.74 6.19
11.38 21.97 8.35 6.26 8.31 12.43 6.19 7.71 9.32 7.43 6.63 3.94 5.74 5.99 10.34 9.84 9.02 15.15 5.32 5.75 6.24 4.03 2.72 5.58 4.85 6.57 8.0 9.99 4.75 3.69 8.36 11.31 10.87 12.06 5.04 6.53 8.63 10.88 13.2 19.31 12.63 12.76 4.95 6.07 4.08 4.54 4.55 7.27 8.74 11.89 7.52 4.99 6.4 8.56 6.53 7.92 9.59 6.68 4.44 5.31 1.41 2.35 4.61 3.13
14.15 13.36 4.87 5.51 3.88 6.48 8.83 6.8 5.26 5.16 4.36 5.17 5.02 7.08 14.99 18.36 14.62 12.12 8.88 10.12 4.62 2.62 5.68 8.41 7.29 7.29 15.18 8.22 5.99 4.97 4.4 7.92 7.76 8.18 5.33 5.46 9.1 11.32 13.34 11.64 9.19 7.72 5.1 5.7 2.18 3.59 2.15 7.34 10.07 8.53 6.51 5.21 4.91 3.77 2.42 4.61 11.43 4.86 4.34 4.42 3.39 3.91 5.1 3.27
11.95 11.9 5.55 3.4 3.7 5.25 5.95 4.75 2.78 3.4 4.88 4.97 10.43 7.1 8.86 9.28 12.03 15.12 13.23 17.73 9.1 6.61 5.48 15.06 5.64 13.2 12.29 7.37 7.35 9.01 5.64 3.85 7.07 6.72 8.73 13.62 10.35 15.06 9.44 9.23 5.23 8.44 3.89 4.01 2.65 4.24 3.28 3.58 7.05 8.91 4.24 5.24 8.95 7.83 3.58 3.76 5.78 6.28 3.58 4.11 4.15 4.28 4.48 2.35
13.49 11.56 6.26 3.65 4.84 2.49 3.8 6.47 4.04 2.65 4.11 9.98 5.59 7.7 9.86 9.34 10.56 19.57 15.76 20.99 11.34 5.71 5.05 9.82 7.0 7.07 13.86 22.33 10.51 10.06 4.4 3.17 5.24 7.55 7.02 9.88 20.44 14.75 6.3 6.63 13.83 7.15 6.26 5.01 2.72 5.19 5.73 4.37 3.56 6.94 3.75 4.51 6.72 16.95 5.83 4.31 7.73 2.69 3.65 3.16 5.82 6.61 4.82 2.4
8.21 8.17 8.03 3.9 4.41 6.11 4.46 5.16 6.07 4.28 5.1 8.18 19.23 14.56 11.41 18.13 11.41 12.88 14.08 21.07 11.74 4.65 5.67 7.23 2.96 3.58 10.06 11.52 17.47 8.27 4.8 4.01 3.39 9.85 7.72 9.38 10.93 11.7 8.74 3.94 3.87 6.21 4.95 4.32 2.61 3.87 2.75 3.38 2.66 4.92 3.97 4.09 11.01 16.85 8.5 7.67 8.78 4.43 4.09 9.17 7.02 8.53 5.95 2.9
10.9 7.01 6.84 8.06 5.31 5.52 4.77 6.63 6.22 8.34 9.38 9.57 8.76 11.03 5.21 9.85 21.13 16.05 7.35 16.14 10.61 5.97 12.63 7.2 3.15 2.95 12.53 11.14 12.94 11.47 4.06 5.45 4.74 5.96 4.55 7.64 7.44 9.54 8.56 5.35 5.05 4.4 4.25 5.87 4.52 4.47 2.15 4.44 3.8 4.5 3.33 4.48 7.16 8.58 8.39 4.32 5.33 4.02 5.96 13.32 9.66 8.16 8.56 6.26
8.88 5.86 4.54 6.41 4.71 4.16 3.0 4.76 7.45 10.4 21.32 13.92 7.73 9.95 9.07 10.13 21.41 21.57 9.55 10.65 9.21 9.66 14.52 13.35 3.31 3.48 13.09 7.58 9.22 10.09 8.07 5.81 5.47 3.43 3.0 9.89 8.8 8.89 8.52 16.5 6.36 7.59 3.27 5.47 5.08 4.19 4.14 5.01 6.78 4.87 6.67 6.08 6.47 4.86 5.89 7.81 6.99 4.89 8.2 12.37 10.87 4.19 7.94 6.49
7.41 8.52 5.34 6.68 6.66 4.35 5.86 5.25 9.82 13.44 27.0 25.1 7.94 6.3 11.52 18.34 20.06 37.72 13.67 11.69 7.53 10.74 17.69 7.35 2.79 3.58 6.24 8.45 5.49 9.35 10.5 4.78 6.54 4.43 4.77 5.86 5.83 5.19 6.76 11.95 15.16 6.88 4.82 6.71 5.42 5.74 4.61 5.81 7.88 7.91 11.66 18.97 10.31 6.47 6.7 17.05 12.75 7.77 14.09 16.09 18.98 6.83 9.93 10.07
