8.2 8.95 5.44 2.54 4.32 8.68 5.58 3.4 4.16 6.12 11.71 10.4 10.92 9.87 14.28 21.57 14.77 12.62 10.3 14.33 11.94 10.68 11.56 17.16 12.96 7.94 4.09 2.72 4.08 2.34 3.83 7.13 11.82 12.09 20.42 22.99 16.5 15.66 13.1 9.39 5.88 6.05 8.95 13.97 10.71 8.94 5.2 5.03 13.75 15.58 6.25 4.12 4.96 2.55 9.47 11.59 9.07 5.76 8.27 16.15 7.36 8.29 4.59 7.1
8.44 8.22 3.13 3.89 6.13 6.34 3.4 3.15 5.46 5.56 4.76 16.53 6.01 8.42 13.61 14.1 22.4 11.27 15.04 18.39 8.57 16.46 25.1 8.33 12.45 7.76 6.08 2.01 3.01 4.51 3.76 8.26 8.91 8.78 10.46 16.4 21.25 26.96 13.0 8.22 6.37 7.08 6.87 9.45 7.96 9.44 10.16 10.01 23.92 16.2 7.17 2.95 2.78 1.9 4.77 6.95 3.15 6.95 4.66 4.43 5.94 5.46 8.78 6.43
11.07 4.47 2.93 3.59 3.24 2.54 1.46 1.94 4.2 4.3 5.65 5.49 5.59 8.77 22.78 20.01 25.17 17.15 21.64 10.89 12.08 21.49 26.87 9.34 9.82 8.27 6.98 3.48 4.96 6.75 5.13 3.51 4.25 4.4 5.07 15.87 37.07 17.98 18.69 15.65 9.31 4.83 4.78 7.92 9.32 11.11 15.46 15.64 11.61 12.75 12.33 4.87 2.19 3.47 3.7 3.56 2.85 3.39 4.25 7.64 7.54 8.6 6.5 3.33
6.84 2.0 3.46 2.71 2.95 1.99 2.46 2.83 4.94 5.78 4.95 5.75 5.5 11.62 14.01 12.04 5.94 12.78 19.55 11.07 14.92 18.99 12.56 12.67 11.66 10.57 5.78 4.89 5.36 3.71 3.42 6.36 4.95 3.48 6.67 13.51 20.85 11.02 15.21 13.42 4.0 5.02 6.79 11.61 22.43 6.46 11.92 13.1 12.29 13.51 10.87 6.32 3.86 3.95 3.91 3.37 5.24 4.64 6.35 5.17 4.8 7.08 5.56 5.38
4.99 5.01 5.23 4.98 2.77 2.83 3.53 6.11 4.56 5.33 3.84 3.86 4.41 7.31 6.3 4.78 5.94 5.78 8.53 10.95 15.7 18.66 9.1 7.93 6.56 6.91 4.93 5.26 4.54 5.22 5.83 10.01 6.12 3.79 6.54 18.34 14.83 7.48 15.15 9.14 6.11 7.25 9.83 9.97 22.84 11.03 10.63 9.27 15.77 10.44 9.66 8.99 6.99 4.63 3.03 2.67 5.42 4.84 3.45 3.5 6.33 5.41 6.36 5.59
6.4 7.95 16.12 11.16 5.23 2.55 3.11 3.05 9.52 5.79 3.29 2.35 6.58 7.18 7.03 6.03 5.26 5.08 7.16 7.03 7.97 11.14 10.14 9.64 10.01 7.54 9.51 8.23 4.23 10.11 8.73 6.07 10.88 6.06 8.2 11.74 6.93 10.31 11.84 11.71 8.36 6.62 6.94 9.79 24.7 24.85 19.25 15.03 21.89 28.24 7.92 6.96 8.03 3.22 4.03 4.34 6.76 5.77 4.15 8.49 5.79 11.27 10.88 6.86
9.01 9.61 21.42 17.14 11.86 7.51 5.37 6.78 12.54 10.46 4.66 2.69 5.09 13.97 8.46 12.68 6.06 3.87 5.27 4.54 7.61 6.5 13.42 10.95 9.4 11.07 10.76 9.47 8.98 11.94 17.44 17.81 8.3 9.76 10.77 6.74 6.64 10.57 11.6 8.67 18.99 20.24 6.45 18.63 19.92 27.93 29.8 15.62 22.1 11.86 7.49 8.28 3.7 3.92 4.18 8.53 6.0 7.43 5.28 7.04 15.28 29.04 21.31 7.94
11.06 11.69 9.68 15.81 14.16 15.47 10.9 7.31 7.07 4.16 5.64 6.94 6.91 6.73 11.5 9.95 7.61 4.06 3.27 8.52 7.36 5.54 8.39 7.65 4.64 10.02 11.99 14.57 11.4 19.57 20.23 22.31 17.43 10.31 8.8 4.26 7.2 15.58 10.94 17.77 16.75 21.97 11.82 16.65 17.42 15.11 11.23 23.79 11.26 7.81 4.44 6.83 4.81 6.47 8.28 8.96 4.41 6.94 5.06 4.83 11.28 15.35 40.32 14.85
6.86 13.17 29.6 10.69 13.57 8.48 10.27 15.76 9.22 3.51 6.58 6.89 5.61 3.08 4.86 8.18 3.86 7.29 7.0 8.17 7.04 4.85 4.11 3.98 6.85 10.06 9.3 13.09 12.61 9.25 13.65 15.5 23.7 15.5 7.33 5.57 9.97 10.28 8.5 10.15 14.73 9.51 10.54 14.78 17.97 12.78 21.51 12.33 12.74 6.34 4.64 4.27 5.19 5.32 7.3 6.09 8.99 6.05 7.47 5.4 6.84 26.21 18.28 8.9
9.34 11.03 11.69 9.74 8.99 10.5 9.49 19.25 6.87 4.06 7.61 5.14 7.76 6.07 5.76 5.45 6.16 9.47 15.82 11.13 10.14 3.51 1.89 3.25 6.28 11.01 8.0 6.56 7.0 6.73 4.51 10.19 18.35 13.45 10.54 8.73 12.56 13.54 8.9 6.81 19.85 7.49 10.69 14.98 10.12 11.63 15.41 16.21 12.4 9.91 7.43 3.8 3.92 3.35 2.74 3.36 6.55 13.6 4.92 8.29 10.34 12.86 15.8 10.21
10.18 12.96 3.89 4.49 5.76 11.25 10.55 11.33 5.53 4.77 5.5 5.87 5.71 4.4 6.7 9.41 12.31 21.95 13.17 19.02 11.25 6.12 2.07 2.7 3.2 3.48 5.08 7.31 5.13 9.06 5.66 3.7 16.3 10.63 7.87 11.39 8.35 9.59 8.29 9.63 6.36 11.52 14.79 10.79 4.94 18.15 15.57 33.04 20.45 13.08 11.44 4.71 4.43 3.82 1.85 3.12 12.19 14.84 7.1 11.01 7.56 4.33 8.58 7.99
10.56 6.35 5.44 3.1 5.71 9.5 9.64 7.06 6.91 5.31 5.17 8.14 3.74 3.93 6.77 18.28 14.91 17.96 15.54 13.77 8.63 4.45 2.34 2.84 4.12 2.29 4.78 4.32 2.77 3.07 3.05 1.78 5.53 14.97 11.14 9.21 9.66 9.89 10.4 9.57 4.61 9.37 9.52 12.01 9.06 23.59 30.2 21.18 28.41 11.5 6.23 3.08 3.29 4.34 3.83 7.48 14.2 12.69 12.28 10.61 6.79 5.43 7.14 9.03
15.25 4.21 8.19 4.12 4.73 3.76 6.14 5.15 2.89 6.44 5.81 4.56 6.28 5.3 8.04 33.12 15.98 15.68 8.83 5.88 6.47 3.36 3.43 9.0 4.62 5.76 3.95 3.39 2.29 2.0 2.72 2.17 6.38 10.74 7.8 4.95 8.94 8.21 5.57 6.29 5.75 7.12 15.47 7.52 10.73 12.56 24.31 16.05 11.33 6.62 5.86 5.27 8.84 10.29 12.28 9.92 12.05 10.21 6.33 3.27 4.11 7.61 15.05 8.23
15.27 10.28 4.42 3.48 5.37 1.95 5.18 3.24 2.85 4.92 3.32 4.11 3.43 6.08 11.74 9.72 8.13 10.89 12.23 18.21 11.58 7.41 6.08 9.11 7.41 5.53 2.28 3.05 3.08 2.35 2.17 3.0 5.9 9.28 11.44 2.83 3.73 5.03 5.19 7.38 5.91 3.82 14.03 9.63 15.34 14.23 8.59 7.28 7.35 7.24 15.63 13.47 12.69 10.28 10.25 14.17 6.55 8.39 9.21 4.51 6.02 9.12 9.24 7.21
7.45 9.76 4.61 5.08 5.69 4.09 2.8 4.14 5.89 6.01 6.47 4.11 2.17 4.62 6.46 7.43 5.64 10.14 16.28 11.41 9.24 4.45 6.64 9.1 4.97 4.31 2.26 2.8 2.85 2.55 1.69 2.45 4.78 6.04 9.48 5.08 2.91 6.33 9.31 6.26 4.44 4.17 6.7 19.2 10.99 11.11 9.96 10.72 11.25 6.51 11.44 9.39 7.36 7.81 5.84 8.69 8.4 8.6 11.21 7.57 6.75 8.18 6.67 3.73
5.81 13.06 6.33 6.5 7.27 5.75 2.63 2.46 4.03 4.06 3.15 3.16 1.32 2.17 7.32 10.36 10.17 9.71 20.1 10.36 10.11 3.0 8.34 6.3 4.87 3.91 6.0 2.56 2.64 3.78 2.97 2.97 6.65 5.19 4.9 4.03 3.77 2.68 3.71 5.76 2.54 9.07 11.71 15.76 11.8 10.57 8.09 7.06 6.95 3.95 5.54 5.35 4.87 10.56 6.69 8.7 11.48 8.75 8.22 8.64 9.24 4.24 5.29 3.06
7.07 9.79 6.76 6.7 5.04 4.0 3.77 2.11 8.44 6.24 4.06 5.66 3.53 4.92 6.71 3.72 5.86 11.81 24.1 19.0 10.92 5.0 11.02 9.56 7.77 3.16 2.85 4.37 4.54 5.12 5.31 3.92 4.83 6.68 4.49 2.92 7.73 4.97 4.56 3.72 2.25 13.15 16.14 16.17 10.98 6.92 5.24 7.6 5.28 8.11 4.71 4.24 7.93 11.08 6.61 10.48 12.86 13.29 13.47 9.24 9.38 4.26 3.47 5.06
14.83 15.34 8.86 4.96 7.02 5.4 6.75 7.67 12.01 11.66 7.67 6.47 5.78 6.68 3.37 4.78 6.85 13.01 24.16 35.51 19.3 11.2 9.94 5.12 5.98 6.76 4.51 7.97 6.57 5.19 5.68 3.21 5.57 4.04 3.79 3.12 8.01 12.52 15.37 6.6 7.99 18.94 23.97 12.91 12.26 8.43 9.25 9.63 4.63 5.93 7.69 5.74 9.35 5.27 4.17 10.57 12.35 15.32 7.77 11.79 5.25 3.98 3.87 7.53
10.55 22.57 4.89 7.56 6.99 3.75 6.13 10.79 7.84 9.07 8.14 7.79 7.85 3.93 3.16 3.61 6.69 11.06 27.66 26.74 19.73 20.55 8.43 7.68 6.4 9.91 7.09 6.42 7.99 5.29 2.37 6.93 7.47 10.22 7.57 8.72 15.4 13.38 34.1 6.29 3.94 6.34 11.53 10.66 8.56 12.82 11.79 5.98 8.09 4.64 7.12 6.62 3.95 4.57 4.85 6.62 7.14 9.73 9.27 10.7 9.04 5.89 9.75 12.88
12.35 15.27 7.27 13.36 4.83 3.67 7.96 7.0 8.22 5.36 8.98 9.38 9.36 5.94 4.45 3.11 4.91 5.64 7.69 16.52 11.71 22.43 13.38 7.77 6.1 4.4 4.64 9.21 4.64 3.22 2.17 6.54 7.64 10.01 9.89 12.22 21.49 15.78 12.08 9.13 7.03 7.68 9.41 7.28 10.02 15.57 13.23 5.66 4.55 3.65 8.38 6.73 6.42 2.83 3.82 2.28 6.02 8.64 6.7 6.57 12.05 10.06 11.08 8.02
13.07 6.6 28.17 15.65 12.32 11.27 10.72 3.99 5.16 5.55 6.63 7.91 7.04 7.64 4.9 3.07 7.36 3.93 8.34 12.68 9.18 8.88 6.09 5.61 4.9 2.53 4.24 7.6 6.19 4.23 3.66 6.16 4.6 5.16 6.91 11.72 18.48 14.66 11.12 9.89 12.01 16.03 6.42 10.01 10.59 9.16 7.08 4.25 3.09 5.15 4.84 12.4 8.04 6.45 3.85 3.0 5.29 8.68 3.8 5.22 6.53 9.51 5.63 6.37
5.68 24.12 35.84 14.55 10.68 7.07 7.02 6.24 3.58 5.91 6.07 5.05 7.18 6.75 3.23 3.27 7.63 7.94 4.81 7.61 6.33 7.57 5.52 7.95 4.36 4.65 5.92 8.23 8.59 2.35 4.89 3.99 5.8 7.1 11.72 13.02 11.8 13.46 11.14 8.11 7.98 8.2 3.33 7.62 5.3 6.56 2.88 9.91 5.66 6.02 4.63 11.43 7.52 8.8 6.88 5.08 4.04 4.13 6.39 5.06 8.18 5.62 3.49 7.01
8.12 11.52 31.41 7.02 5.38 7.23 9.43 7.49 6.34 4.15 3.09 3.44 4.2 10.51 3.59 5.14 10.79 12.33 5.45 6.41 5.68 3.9 4.57 6.08 5.72 6.63 10.1 5.9 4.15 2.06 3.52 4.56 4.0 6.91 9.19 11.36 8.11 8.86 8.77 14.5 6.1 6.75 6.44 12.22 9.62 3.67 4.39 5.82 6.11 8.3 9.89 9.02 6.77 6.02 6.52 4.83 3.49 5.1 5.31 8.42 4.08 2.84 2.43 4.86
7.31 9.92 14.01 7.08 6.29 7.63 12.62 12.07 6.56 4.74 1.91 3.37 3.02 4.27 3.81 4.99 10.07 6.43 8.83 4.95 6.1 12.25 7.39 6.76 6.35 4.73 8.14 8.9 4.14 5.35 2.35 4.16 6.86 5.33 8.06 8.69 9.09 5.84 15.28 7.1 8.28 4.32 7.05 8.61 10.8 4.56 8.64 4.72 9.03 5.5 11.25 7.82 6.45 9.13 4.19 3.22 2.65 5.34 6.63 4.47 5.66 2.78 3.17 3.4
10.11 14.24 9.13 7.65 6.66 8.41 5.56 11.29 5.18 2.27 2.27 2.43 4.31 5.84 3.51 8.9 5.68 8.42 10.74 7.28 15.92 10.2 8.62 6.25 10.44 14.12 6.77 7.48 8.84 4.77 3.13 2.16 8.27 5.08 8.4 8.89 12.06 8.05 9.1 11.1 5.36 4.14 4.99 8.63 12.7 11.28 8.01 4.31 10.92 7.44 7.35 6.48 3.02 5.27 4.12 1.59 3.32 6.13 5.15 3.38 4.99 3.61 2.97 4.8
10.86 15.83 8.31 6.12 5.52 8.15 5.76 5.6 4.89 2.59 1.22 6.13 4.75 3.96 3.71 11.55 13.26 12.42 11.75 6.47 9.11 9.14 9.37 4.37 12.32 15.33 6.75 7.02 4.31 4.91 2.25 2.34 4.12 5.46 4.6 10.7 14.73 8.84 3.91 10.53 4.23 9.77 8.08 10.99 9.43 10.59 9.75 9.13 9.23 8.29 4.38 4.56 3.59 3.01 2.4 2.53 2.3 6.77 4.2 2.12 2.72 2.3 4.85 4.41
10.06 13.21 5.48 4.51 5.61 7.48 11.16 6.34 5.31 1.93 3.66 3.45 4.66 5.0 5.25 9.23 7.0 4.95 6.76 4.69 9.09 9.77 8.93 6.33 8.26 14.77 8.36 7.22 3.32 1.94 2.85 3.86 5.01 4.87 7.76 6.36 7.55 7.22 4.64 3.66 5.52 5.66 6.45 9.45 6.04 8.14 7.13 6.34 6.73 5.98 7.64 9.28 4.79 2.44 2.46 1.78 1.6 4.1 3.74 1.52 2.05 1.72 6.85 10.28
5.75 11.37 12.79 5.16 6.44 2.5 5.12 5.06 2.89 2.69 7.91 6.04 9.04 11.57 8.44 5.54 2.3 9.32 6.66 9.58 14.13 5.5 11.54 9.2 7.18 9.08 8.73 6.15 2.54 2.51 2.73 6.03 7.28 9.11 21.61 7.06 5.13 5.64 3.47 1.99 3.39 4.55 6.19 6.56 6.12 7.99 8.48 8.35 12.51 5.22 9.09 6.65 4.24 2.79 2.14 1.95 2.66 3.06 3.16 2.58 2.43 4.84 10.81 6.69
9.96 14.47 11.06 6.86 4.08 5.29 4.02 3.5 4.42 2.81 6.24 12.31 5.83 10.19 11.07 5.26 4.96 5.39 7.26 7.47 21.88 16.88 8.96 6.49 8.1 8.5 10.88 6.05 3.21 5.4 5.76 12.64 12.57 10.96 16.66 9.91 6.08 3.26 2.99 1.89 3.56 7.58 5.59 4.69 8.17 12.79 17.91 15.51 9.63 7.98 10.48 6.29 7.75 3.62 2.31 3.54 4.2 4.83 2.45 3.13 2.07 5.23 9.35 5.73
7.24 7.07 5.37 5.13 2.72 4.08 3.34 5.31 6.52 2.41 5.4 8.15 10.1 13.92 9.0 6.39 10.5 11.17 7.52 5.46 10.74 10.0 12.71 8.28 6.08 6.41 7.35 9.15 6.17 7.07 8.62 8.19 25.32 10.82 9.11 13.0 6.76 10.24 3.82 3.09 3.93 3.38 6.3 8.12 7.17 11.78 16.91 18.04 9.07 10.86 10.01 7.97 5.47 4.31 4.31 4.09 4.48 4.58 3.34 3.54 2.87 6.03 8.56 16.13
3.68 3.44 2.96 2.35 4.02 3.44 6.45 6.7 3.58 4.26 4.33 6.93 14.32 12.37 9.07 9.55 12.03 13.34 8.49 5.28 5.79 9.94 12.29 7.68 4.37 4.89 8.85 8.01 8.84 6.04 12.32 11.02 12.5 16.65 8.65 11.29 16.5 6.05 3.86 3.3 3.1 3.49 7.25 10.31 5.76 16.35 24.0 26.96 6.03 8.64 11.09 12.31 6.0 3.29 4.06 5.45 6.16 2.96 3.57 3.74 3.03 5.83 6.3 5.88
8.69 4.67 3.91 4.99 5.7 2.74 8.51 4.77 6.49 6.17 5.25 7.33 11.23 8.3 8.09 6.25 7.67 10.82 13.89 5.79 4.71 10.04 12.46 10.7 6.24 9.41 6.81 4.72 9.76 8.94 15.19 11.91 11.98 16.11 17.74 11.99 6.42 6.82 3.34 4.61 5.92 5.03 6.06 9.35 6.55 11.27 9.5 18.43 4.54 8.58 11.79 8.71 8.97 3.39 6.98 16.05 7.48 4.94 2.45 3.08 3.62 4.79 6.55 8.19
9.25 8.75 5.61 4.33 4.88 2.03 4.06 9.37 10.4 8.47 7.67 10.12 16.39 12.86 5.57 4.51 6.54 9.22 6.4 7.44 7.78 19.92 20.62 11.35 4.47 9.16 14.11 6.09 10.73 19.07 12.84 16.83 15.67 9.58 10.21 7.3 6.83 6.08 2.95 4.36 3.36 3.11 5.87 5.25 8.63 14.09 13.41 7.21 11.29 7.27 15.0 16.47 9.69 5.9 8.33 8.27 9.76 4.02 2.69 5.09 6.71 4.81 5.43 7.56
4.67 3.8 6.3 9.38 15.9 2.91 1.99 4.81 7.9 9.55 4.55 8.03 5.74 6.57 5.85 5.55 4.41 7.61 9.57 11.01 14.75 13.96 10.79 6.87 5.68 15.33 23.07 16.4 15.01 14.12 15.42 10.44 7.27 8.37 4.6 9.1 8.18 7.09 3.93 7.26 5.39 3.75 6.04 5.14 6.27 15.11 12.93 5.49 9.23 7.12 19.67 16.09 10.19 5.88 6.13 9.24 6.44 2.02 3.66 4.34 5.02 6.7 5.2 11.66
7.02 3.36 9.51 19.68 6.79 4.03 4.17 6.85 6.52 7.33 7.01 6.53 2.67 4.15 4.19 3.98 4.19 3.43 7.19 8.86 10.74 9.03 11.92 8.15 6.62 12.97 15.65 32.63 15.52 9.27 9.87 13.45 10.16 9.65 10.86 13.92 10.52 9.31 6.4 6.68 4.68 4.99 4.88 4.97 9.95 6.37 13.57 6.73 3.94 12.39 13.92 11.66 12.98 6.02 6.88 7.78 5.72 4.2 4.31 6.28 7.52 5.75 12.57 11.22
4.01 3.68 13.77 10.04 7.96 3.77 7.49 8.12 4.51 4.44 8.44 5.35 3.81 3.08 6.52 4.48 7.46 5.41 5.55 19.24 8.01 8.15 11.97 10.2 7.16 8.02 10.5 9.47 11.15 14.11 12.75 17.3 10.25 7.74 10.48 10.68 10.65 3.07 6.26 5.51 5.77 10.21 3.79 5.71 9.56 22.25 10.04 8.84 10.95 14.49 15.68 11.44 8.04 7.92 5.09 13.17 11.39 7.51 5.83 6.5 11.27 7.06 16.49 15.58
6.03 5.97 9.83 13.22 5.7 5.05 10.59 7.53 7.66 5.14 3.72 4.29 4.63 3.15 4.37 9.03 4.46 6.58 4.16 6.97 13.78 9.9 8.3 7.6 3.6 4.41 7.21 11.63 8.89 13.92 11.95 12.49 10.86 7.9 6.38 8.84 8.85 5.73 6.31 5.75 6.93 17.49 4.55 4.29 11.12 12.92 8.8 12.74 12.69 9.93 9.66 7.68 10.28 13.28 6.46 20.03 10.22 9.47 7.79 7.0 4.85 4.69 4.11 6.05
8.79 6.6 7.41 11.48 7.88 10.64 6.28 5.15 5.12 3.63 3.17 3.26 5.64 3.8 6.55 6.71 4.25 3.21 3.53 10.68 14.99 9.68 10.95 5.33 5.31 5.0 8.0 9.71 4.92 7.32 5.54 5.38 5.71 4.55 11.88 8.71 13.15 4.91 5.33 3.87 6.58 12.79 5.07 4.43 9.39 8.98 13.07 14.45 21.52 8.98 5.01 8.44 4.94 7.73 10.53 11.4 9.05 6.82 6.65 4.12 4.79 2.39 3.88 7.49
9.98 14.6 9.29 7.26 6.39 7.07 3.48 4.53 6.41 3.16 3.6 3.5 2.45 6.87 12.13 27.07 14.38 5.03 6.5 8.68 11.15 19.15 13.97 6.07 6.2 4.39 8.51 5.18 5.76 4.37 6.63 4.59 4.07 4.04 10.66 9.79 6.2 2.46 3.72 4.81 7.92 10.13 5.39 4.74 6.46 12.88 15.76 18.17 38.37 10.76 9.05 16.01 10.1 3.15 8.94 4.09 10.06 6.83 7.3 4.43 4.81 3.65 3.77 5.71
13.05 13.74 6.05 5.95 6.74 10.26 4.79 8.25 4.37 6.21 6.04 4.68 3.2 5.44 10.91 23.35 11.27 7.55 4.95 6.38 17.61 18.5 18.83 3.3 5.89 8.68 5.76 6.32 4.69 6.47 12.53 9.85 11.38 6.04 6.66 9.2 5.38 3.94 4.28 9.61 22.37 14.17 9.6 8.85 9.48 8.11 11.09 24.19 22.2 15.65 12.37 8.93 8.61 5.75 5.1 5.07 8.83 10.38 5.3 3.18 2.44 2.73 2.84 5.83
8.31 7.18 6.77 6.33 6.22 6.9 5.61 4.36 5.78 5.99 7.05 4.66 5.3 9.46 10.7 7.17 13.76 9.78 3.26 7.07 11.63 27.56 12.39 10.24 6.3 6.06 3.3 4.93 13.37 17.93 8.39 18.93 13.87 11.75 6.95 6.82 6.5 3.43 5.57 9.02 11.75 13.11 6.98 16.01 9.35 9.52 12.03 24.49 33.02 38.63 8.08 5.29 5.75 15.62 9.95 4.48 6.82 10.62 5.74 3.0 4.54 2.2 2.1 3.86
7.36 5.82 4.69 4.31 9.33 6.72 7.2 3.0 8.02 5.41 14.16 6.43 6.11 12.32 8.9 11.47 10.05 5.1 4.33 6.28 24.49 13.25 5.86 8.99 9.57 8.3 3.85 6.6 11.98 19.7 23.54 20.15 16.45 6.93 8.86 8.06 3.61 3.5 2.13 4.39 7.1 5.9 5.44 6.03 15.35 13.33 13.18 19.12 26.74 37.38 17.57 10.01 13.21 20.73 15.61 5.17 13.42 6.55 6.56 3.98 2.51 5.67 2.55 1.65
4.55 9.69 11.15 3.99 5.92 5.83 7.15 7.15 11.87 12.65 11.27 6.23 8.44 6.81 11.56 9.52 8.76 3.27 5.67 6.18 7.64 5.42 11.64 14.55 10.99 6.4 5.44 9.34 10.42 27.42 32.87 19.05 12.91 5.65 8.01 8.99 3.66 5.5 4.72 8.39 6.45 3.08 2.29 4.29 14.4 12.77 12.37 16.34 20.17 26.18 18.64 10.18 26.43 30.31 11.22 4.98 7.17 2.64 7.0 6.91 3.84 7.24 3.95 2.68
2.76 11.7 4.44 2.41 4.16 7.15 10.48 8.41 11.12 9.96 7.15 7.89 7.16 7.04 4.78 7.48 6.04 3.71 13.4 11.59 6.92 12.43 14.15 16.63 7.81 6.35 11.74 8.87 12.23 12.52 32.84 15.25 13.86 15.18 6.84 12.25 5.86 4.93 4.48 4.42 3.44 1.35 1.3 3.42 10.16 15.79 16.3 17.89 22.72 18.7 14.57 16.98 20.53 10.99 9.97 4.77 3.94 6.93 9.49 17.39 7.25 5.79 4.55 4.38
5.26 4.72 2.2 3.04 7.28 7.1 7.9 4.33 7.65 11.89 4.84 7.09 3.73 5.24 4.41 11.56 7.53 9.45 13.37 9.97 7.73 7.68 11.02 14.64 19.55 7.04 7.58 5.7 8.68 17.13 20.54 15.76 11.52 14.61 12.68 6.33 6.62 7.32 4.53 6.29 3.18 1.1 2.02 4.12 9.64 12.89 12.33 13.02 7.37 14.68 9.17 8.79 6.84 12.47 17.21 12.08 4.32 9.78 6.98 13.3 7.62 5.38 5.2 4.06
4.93 7.04 3.4 3.25 6.6 4.93 6.95 6.76 2.96 6.54 2.13 5.72 6.52 4.36 9.36 11.32 9.1 11.12 7.69 6.64 5.28 9.92 8.94 11.36 11.64 14.94 6.83 4.62 4.86 6.05 7.9 22.1 16.78 21.54 14.07 8.66 10.95 10.24 15.97 8.46 4.95 2.17 3.97 8.07 6.33 10.87 12.21 7.25 7.48 9.06 9.22 4.07 4.37 15.77 12.67 14.44 9.19 6.9 11.03 6.59 12.55 7.75 7.09 6.96
3.41 6.23 6.5 7.31 9.26 4.0 4.18 3.25 4.95 2.98 5.92 3.94 3.75 5.83 7.81 6.16 8.0 8.18 8.86 9.6 9.81 12.57 8.38 12.88 9.73 18.31 8.34 6.37 7.24 6.51 7.65 17.73 11.87 11.92 18.61 18.05 11.81 11.43 11.09 14.23 7.58 3.02 6.96 6.44 8.59 11.68 15.06 8.02 7.27 14.18 9.81 5.02 5.19 8.01 19.27 8.6 9.5 12.82 4.88 12.87 19.5 18.55 12.69 7.0
3.85 4.84 12.09 5.93 4.4 3.26 1.56 3.0 3.24 5.54 6.26 4.34 2.84 4.52 7.73 7.03 13.19 10.37 8.37 18.09 17.62 22.34 11.49 8.91 7.34 5.76 16.69 15.28 9.87 5.93 4.83 13.76 14.52 21.87 15.06 13.13 12.42 9.64 15.32 11.7 10.48 5.61 8.33 8.73 6.18 8.32 10.86 6.65 7.42 7.57 6.87 2.44 4.65 10.42 7.41 6.59 13.53 13.71 12.93 12.77 8.89 8.74 9.91 11.26
2.31 6.87 6.76 5.09 3.23 2.87 1.72 2.23 2.45 6.53 3.58 3.43 1.8 1.73 4.58 8.66 21.58 13.02 15.49 28.85 17.52 23.91 13.38 11.14 14.77 8.59 13.08 9.0 8.08 5.1 14.39 18.31 13.39 17.25 11.15 9.93 6.76 8.19 11.32 5.54 7.67 7.34 5.04 7.6 8.87 18.53 9.37 11.24 7.4 6.31 4.02 1.72 5.28 5.95 4.41 8.14 8.26 7.12 9.11 5.66 9.24 4.84 15.75 14.42
3.43 3.01 8.11 6.52 3.56 2.19 2.59 3.25 3.0 3.37 2.6 2.45 2.97 2.8 6.44 13.88 11.42 24.55 15.61 24.57 19.02 12.08 16.42 9.6 8.11 10.28 17.07 8.8 10.91 16.74 18.1 15.27 9.82 9.88 11.0 7.67 6.12 6.14 7.44 7.74 8.24 16.34 6.15 9.18 12.78 8.5 9.42 8.67 6.65 4.32 2.72 3.59 4.31 4.6 7.36 4.23 6.12 6.38 7.64 7.03 5.86 5.09 10.32 17.06
3.85 2.81 7.25 6.09 3.19 2.63 3.11 4.15 4.99 5.38 4.52 3.91 2.73 2.45 4.36 4.81 9.14 18.31 24.91 21.17 18.62 18.55 13.95 15.55 11.93 11.91 15.29 8.56 11.77 22.16 17.62 14.32 9.68 8.88 12.48 11.76 15.0 4.78 5.58 7.43 4.7 5.0 9.37 7.86 12.65 7.6 7.39 6.86 7.94 5.2 5.36 4.7 2.44 6.46 5.13 4.58 5.29 8.51 7.46 7.26 5.62 5.88 5.44 13.06
6.13 5.91 5.64 8.87 4.72 2.14 2.02 3.65 3.63 3.3 5.77 2.71 1.82 1.74 2.73 7.39 6.58 15.08 15.08 14.15 27.76 31.11 22.19 27.43 13.81 11.31 4.35 12.25 16.15 13.19 11.14 5.47 6.4 5.73 9.74 15.95 7.27 7.0 4.32 5.42 5.56 2.03 3.35 4.72 6.52 7.48 5.15 10.61 11.04 13.6 13.78 10.03 3.96 6.01 5.96 4.18 4.09 6.6 10.22 7.26 12.81 13.3 5.16 12.36
7.49 6.43 4.97 6.83 5.38 3.2 3.38 5.44 2.99 2.82 6.35 4.07 1.46 1.71 4.39 8.46 14.48 9.56 6.75 11.82 19.0 17.22 18.27 8.77 11.87 4.46 5.74 4.96 14.82 13.75 6.93 6.41 6.71 3.19 4.59 3.76 4.61 2.67 3.98 6.02 6.46 5.23 2.77 4.05 6.61 5.88 9.19 6.76 10.23 13.22 17.66 14.62 8.0 4.93 6.93 3.75 6.75 7.22 10.44 6.11 4.64 7.31 6.8 18.02
5.07 3.69 4.51 4.13 2.29 4.51 4.8 5.62 5.43 2.08 4.71 3.01 1.83 3.15 3.74 7.21 9.46 9.45 7.38 7.86 20.52 18.69 44.11 17.33 7.39 4.88 3.02 5.11 22.01 7.96 5.05 2.56 5.04 3.74 4.28 4.32 4.36 4.75 5.5 5.96 5.04 4.02 2.65 3.82 4.16 3.88 5.58 5.81 10.01 12.09 10.14 7.73 8.26 5.65 6.11 6.24 4.55 5.37 10.88 8.9 4.7 4.61 9.94 19.52
5.49 3.26 3.62 4.74 3.16 5.33 7.05 3.82 5.2 4.46 5.84 2.38 2.11 3.74 3.27 10.88 7.2 8.56 2.7 12.31 18.89 10.28 23.84 19.98 12.19 9.86 4.68 7.18 9.88 7.58 4.98 4.97 5.19 3.54 4.56 4.72 3.85 7.99 3.89 4.71 3.28 4.45 2.17 2.19 3.7 3.1 4.41 6.62 5.22 10.91 7.07 9.28 12.8 9.35 7.26 9.34 5.49 4.54 9.67 8.85 8.89 9.3 6.03 21.73
10.41 3.68 4.64 3.78 5.04 5.04 5.48 4.15 6.39 7.48 6.95 4.16 2.39 2.92 3.26 9.84 6.45 3.07 2.54 10.13 15.98 9.29 11.2 14.98 9.19 9.36 4.89 6.44 8.77 7.23 4.57 5.5 4.72 5.78 1.88 5.25 4.75 5.61 3.59 2.86 4.12 7.57 6.64 3.63 3.24 4.43 3.86 6.45 9.58 8.95 5.48 10.53 14.8 11.37 7.24 6.4 4.75 4.57 8.96 9.08 5.47 9.95 5.85 6.87
7.75 4.56 3.93 6.64 3.53 7.88 3.46 2.87 2.98 4.03 4.48 2.99 3.66 2.43 2.05 5.73 4.61 1.79 4.59 4.2 12.24 21.7 13.64 13.27 14.56 10.82 7.13 10.32 8.77 5.68 5.01 3.96 6.94 6.57 2.36 7.36 6.16 6.74 4.25 2.2 6.02 5.51 7.67 2.11 2.03 3.57 4.16 8.42 7.22 7.74 11.39 11.66 24.38 11.72 10.75 4.45 6.64 9.39 10.38 6.47 3.29 6.54 10.34 3.24
3.66 3.65 6.34 9.8 8.36 8.96 2.86 1.25 2.44 6.07 4.12 1.67 4.35 2.05 6.03 4.1 4.76 4.19 7.6 11.04 8.68 11.17 9.33 8.02 13.97 8.32 13.23 7.16 10.61 12.89 5.12 2.95 5.84 7.09 3.61 5.19 4.81 4.49 4.0 3.11 5.75 6.52 5.55 4.91 3.24 4.98 4.93 5.62 4.89 8.84 13.76 17.8 14.78 13.56 15.96 9.01 10.62 16.73 10.36 5.01 5.19 7.33 6.18 10.4
11.5 7.8 5.07 4.5 4.42 5.69 3.03 1.41 2.73 5.77 5.36 9.55 6.38 4.47 5.01 4.9 3.38 7.32 11.25 8.23 4.76 4.6 4.67 6.13 8.93 14.75 11.91 10.84 11.16 4.49 4.68 2.47 5.73 7.3 3.24 4.13 5.88 9.9 6.93 4.55 6.73 3.48 5.66 3.53 2.38 3.19 3.97 8.72 8.95 10.73 8.39 16.95 17.33 7.57 10.44 10.65 8.15 18.57 7.81 7.46 5.73 5.7 9.81 12.99
18.08 6.23 3.17 3.51 3.94 6.27 2.76 5.11 3.38 5.1 5.89 5.62 3.09 2.39 2.55 2.88 3.45 5.1 11.07 10.1 2.94 4.3 3.72 7.23 8.2 17.71 10.33 13.34 29.29 8.29 5.1 4.0 4.38 6.95 8.83 7.23 9.06 9.3 5.74 3.59 5.35 2.16 2.34 3.4 2.82 1.65 2.44 5.5 3.67 8.11 7.94 12.58 6.58 5.75 6.13 8.03 19.53 11.37 12.08 9.7 3.59 6.54 7.28 7.01
6.14 7.68 4.88 3.91 13.44 5.92 5.64 6.67 5.04 7.26 3.64 4.08 3.52 3.87 3.62 1.54 4.07 8.34 11.3 16.64 3.19 5.46 3.51 9.58 8.27 8.94 14.16 12.3 20.19 13.73 3.63 4.95 10.09 7.5 6.55 9.81 5.18 8.85 5.17 2.72 2.83 2.33 5.95 6.67 5.23 3.39 2.48 3.71 3.49 6.1 16.53 4.19 5.6 6.05 4.67 5.62 9.29 9.35 14.76 5.99 5.6 5.32 6.47 10.84
20.55 14.11 7.94 5.09 16.58 13.08 7.05 7.23 6.77 10.79 7.7 4.16 4.31 5.47 5.35 3.79 7.02 14.15 15.89 5.64 4.77 5.77 4.55 8.94 13.55 7.31 11.44 17.92 11.78 9.75 7.19 4.99 7.36 9.56 5.52 4.26 5.88 9.54 8.39 3.05 3.49 3.81 6.79 5.06 5.85 3.53 4.16 4.85 8.6 12.26 15.64 6.58 3.82 5.17 5.88 4.56 6.08 6.96 8.36 11.07 7.19 5.14 8.95 7.67
24.89 11.78 8.29 8.48 7.78 14.07 13.66 10.38 12.56 14.35 4.96 2.52 2.94 3.71 7.14 7.89 10.6 18.7 16.12 10.8 5.88 6.97 3.94 5.96 9.39 5.44 17.6 19.92 20.75 13.81 6.62 6.39 8.09 7.39 8.43 1.84 5.12 10.27 10.85 6.09 4.23 7.88 2.82 6.92 6.08 4.04 5.97 7.51 7.2 10.02 5.6 6.09 3.14 4.4 3.83 4.1 7.69 5.35 15.51 13.99 14.97 4.47 9.46 9.87
11.03 9.62 3.9 5.47 6.48 4.59 12.65 11.24 14.17 17.34 8.93 7.48 4.55 3.94 5.81 11.09 13.23 17.01 19.69 11.09 7.57 3.39 8.29 8.88 10.97 6.66 12.85 12.02 17.44 9.78 8.31 7.76 9.87 8.09 8.84 4.38 5.08 6.4 4.39 6.88 4.81 7.95 5.43 5.55 6.34 7.47 6.11 10.55 8.23 5.61 4.91 3.97 4.93 5.71 4.7 5.45 7.98 11.71 11.59 12.79 10.19 6.11 7.92 7.74
