6.38 2.83 2.95 8.54 8.52 10.83 11.05 13.38 15.34 30.61 14.61 8.71 10.8 9.2 2.34 3.07 4.87 7.96 10.94 7.58 4.1 5.89 5.8 7.99 9.33 9.83 10.6 27.77 22.69 8.73 3.58 3.68 4.38 3.3 3.29 8.64 6.71 3.98 4.52 6.32 6.95 3.9 4.88 2.9 6.29 11.63 16.35 5.64 11.53 5.68 7.68 7.98 3.5 1.82 2.66 3.75 10.68 9.47 11.26 9.83 10.01 13.24 5.06 4.6
4.23 2.64 3.74 3.47 5.93 9.05 8.52 11.17 8.02 22.23 14.63 6.28 6.2 3.31 4.65 2.33 2.46 8.74 8.66 4.6 6.77 9.09 12.34 21.65 14.2 8.51 9.31 19.98 14.35 6.19 4.29 3.85 2.98 5.99 4.61 5.26 4.57 4.62 5.39 6.22 3.95 2.8 4.26 6.0 11.79 18.18 15.87 6.66 12.26 8.75 7.53 4.81 4.61 4.71 6.06 4.72 8.4 5.33 4.96 10.3 16.84 12.44 6.04 5.55
6.21 4.15 5.15 8.98 8.07 4.47 5.41 9.42 11.79 12.38 8.73 4.9 4.46 2.97 3.74 2.92 2.54 5.9 12.28 9.8 6.77 6.71 16.45 19.18 19.8 10.56 11.74 13.63 7.55 4.92 3.79 2.65 1.99 7.89 8.59 8.24 10.27 4.8 3.84 3.68 3.55 3.81 10.78 12.73 13.3 12.17 10.76 8.45 7.67 6.55 7.95 4.34 7.2 6.35 11.77 9.98 4.69 9.94 5.97 6.47 7.56 10.28 11.09 4.71
5.63 5.69 5.7 5.19 2.98 2.59 5.06 6.74 10.0 8.8 9.71 5.9 7.0 3.38 1.74 3.74 7.07 9.46 12.62 6.69 4.04 11.6 26.45 15.95 19.47 11.69 12.33 13.87 6.17 8.06 4.11 6.76 3.45 6.69 13.74 8.54 9.06 6.51 6.08 4.33 7.02 11.36 17.75 11.79 12.56 7.39 9.88 10.73 7.6 9.73 11.32 4.88 4.72 6.45 7.07 10.21 12.49 11.26 3.58 4.62 10.8 10.35 11.9 8.06
4.12 5.33 3.88 3.69 3.8 2.26 7.13 6.97 9.08 4.73 10.54 14.31 6.3 2.7 2.81 4.49 8.52 4.81 7.42 12.41 5.12 6.99 16.5 17.29 11.16 8.37 6.82 9.97 7.92 6.55 5.13 3.18 2.3 8.05 10.52 11.32 7.06 4.45 6.79 11.25 17.98 12.26 13.85 13.59 9.94 5.58 4.33 6.98 7.21 12.19 11.86 7.69 3.93 6.71 9.17 39.44 18.85 7.05 4.45 6.33 11.45 15.62 12.55 4.67
3.3 4.84 10.2 3.95 2.76 3.81 5.38 8.02 10.35 10.21 14.67 12.29 8.24 2.8 5.15 12.92 10.1 4.93 4.72 8.21 7.77 12.48 10.37 4.31 6.76 4.93 4.05 11.36 9.49 8.88 8.29 2.61 4.85 8.61 13.54 11.18 9.87 6.62 7.46 7.22 12.47 18.24 18.63 29.12 8.43 6.83 3.86 6.26 10.51 5.72 3.98 9.45 11.82 18.6 17.85 18.09 18.41 11.49 3.38 4.77 5.37 8.45 7.26 9.34
3.63 5.14 7.06 7.28 7.69 6.23 8.85 12.67 6.77 7.87 9.12 14.83 10.62 8.42 8.9 10.53 7.27 10.6 5.14 6.7 14.46 10.74 10.35 4.94 4.13 5.36 6.32 6.2 6.38 8.83 3.97 2.97 3.75 12.01 26.52 8.67 6.59 3.48 5.23 7.09 10.63 9.14 17.08 25.61 13.93 6.87 3.79 3.98 3.88 4.23 3.54 3.52 4.26 13.77 19.19 10.67 20.04 7.66 4.41 3.56 2.66 5.67 8.48 5.98
7.24 6.72 4.02 10.15 8.46 13.49 11.17 8.89 5.52 3.7 8.49 10.94 7.12 9.19 6.21 9.25 21.53 15.98 5.98 9.77 10.03 7.52 14.55 16.54 7.73 3.68 2.24 2.32 5.97 7.22 4.3 5.48 8.91 16.75 15.25 15.05 12.25 4.86 5.11 7.85 3.64 5.48 8.48 10.58 22.25 8.34 2.83 2.62 3.61 4.27 2.84 4.7 5.64 12.39 26.35 6.33 10.57 6.99 5.45 2.08 3.87 5.09 8.78 12.66
4.73 5.5 13.87 12.1 6.72 18.15 9.36 10.76 6.12 3.91 6.14 9.72 4.37 8.87 9.06 11.79 24.75 17.75 12.39 11.77 13.29 15.28 7.5 10.31 10.53 2.64 3.02 4.16 5.43 3.58 3.62 4.83 8.92 11.89 12.45 11.23 11.31 5.52 3.25 3.87 3.76 3.88 4.19 11.03 9.62 7.24 5.67 5.3 8.74 3.98 4.11 2.66 9.53 15.47 12.12 6.12 6.83 6.99 6.07 6.34 3.44 4.1 7.98 13.49
7.94 10.97 8.81 7.02 6.05 7.46 6.69 13.88 7.39 6.23 8.16 8.23 7.6 10.17 8.31 15.01 22.25 21.07 22.77 12.53 6.76 6.34 13.55 15.57 13.09 5.42 2.85 3.47 1.77 5.26 7.26 8.17 3.88 4.79 11.16 5.32 5.1 2.06 1.98 4.39 5.16 1.96 3.29 9.29 8.47 10.35 7.38 6.82 12.26 3.36 5.64 3.34 8.8 8.42 13.31 11.92 9.81 4.22 9.01 13.05 6.02 5.4 8.24 11.52
4.5 7.41 5.04 3.66 3.69 8.68 13.29 5.18 4.6 10.74 11.71 9.92 9.27 9.56 11.8 8.06 8.05 29.43 15.76 5.54 4.22 6.92 19.56 15.59 12.0 6.48 4.79 3.78 3.99 4.17 3.31 5.18 4.34 5.62 8.59 5.76 2.59 2.39 3.08 4.28 2.23 3.09 6.37 8.03 7.52 6.29 4.92 7.2 7.65 4.35 5.37 5.17 9.41 13.18 19.7 7.77 8.71 8.63 11.17 5.95 7.73 5.17 8.44 10.35
8.37 5.94 7.25 6.94 5.44 5.43 3.44 3.86 3.49 7.71 11.87 10.65 9.97 10.36 11.26 11.91 13.37 14.72 13.16 11.95 6.04 7.61 9.3 12.22 7.1 6.23 5.72 2.89 3.28 3.02 5.37 5.46 5.92 7.47 11.02 6.77 3.64 3.48 3.72 4.74 2.49 5.92 6.96 6.88 4.87 5.53 6.58 4.86 8.17 12.35 9.94 15.83 26.81 16.86 33.04 16.12 8.74 7.02 5.97 5.09 4.69 10.5 10.23 5.5
10.37 6.62 7.51 7.44 6.9 5.3 4.15 3.78 2.86 6.73 10.57 8.21 21.32 19.97 11.68 11.95 17.51 13.89 11.42 9.26 14.71 8.5 4.97 5.41 7.94 9.26 7.21 4.17 6.48 6.32 5.64 14.88 10.52 13.01 10.18 5.95 4.56 3.7 4.14 6.16 6.94 8.73 5.58 15.46 5.88 6.6 4.31 4.3 17.72 12.65 16.69 12.95 27.91 22.19 17.67 12.65 15.68 11.72 6.89 4.98 4.97 6.69 13.38 12.7
16.77 10.21 7.05 12.45 8.84 7.99 4.45 3.1 4.46 5.69 11.05 19.43 15.85 18.07 9.67 11.0 15.73 14.76 11.4 10.94 9.34 5.39 15.3 6.72 6.7 4.99 4.01 4.88 7.38 9.31 10.96 10.06 10.74 13.9 6.91 4.19 3.4 4.07 5.67 6.85 10.16 15.47 9.01 23.48 7.63 5.17 3.62 9.53 12.43 7.49 11.74 8.47 21.64 26.08 18.8 14.24 12.98 5.9 4.58 3.68 5.33 12.76 18.01 12.14
12.78 10.63 11.08 12.64 7.41 5.47 4.21 2.68 4.79 6.61 9.59 13.78 15.2 12.11 7.1 11.9 17.26 9.28 5.77 5.14 3.11 9.59 15.78 7.66 3.82 2.07 3.0 5.73 9.18 9.38 10.09 10.52 9.56 6.54 3.66 6.4 3.82 3.79 4.43 13.18 19.04 16.89 14.21 20.92 7.21 6.04 6.64 4.78 12.27 5.96 12.62 17.46 18.58 9.55 9.86 7.51 10.38 9.25 2.68 3.78 7.82 17.75 12.39 11.43
17.08 15.9 12.7 10.42 6.16 10.16 5.62 6.82 8.88 7.86 10.03 9.31 12.0 10.17 11.84 9.82 15.23 8.75 6.95 3.04 5.96 11.15 15.82 14.2 5.1 2.59 3.88 6.32 6.34 7.54 10.71 16.86 12.11 8.41 4.75 7.12 5.31 5.06 5.45 14.5 16.03 20.65 18.16 12.48 5.56 4.55 5.21 5.05 12.67 12.02 11.19 8.32 24.32 27.1 13.29 6.51 6.59 6.82 4.58 5.77 6.29 8.59 11.97 8.52
11.03 8.29 8.71 8.29 6.32 12.05 2.54 6.13 12.37 8.41 7.4 5.93 8.09 4.55 4.67 15.15 15.15 12.58 8.64 6.55 6.61 12.18 15.23 15.2 7.99 3.5 5.15 7.83 6.68 5.33 7.73 9.09 10.25 5.92 10.17 5.03 4.97 9.49 6.77 8.98 9.21 13.56 8.05 6.43 5.99 5.4 8.43 5.35 10.36 7.15 13.02 21.44 27.2 22.12 11.8 8.41 6.03 6.73 4.63 5.41 9.36 6.91 7.82 8.24
10.94 11.04 15.22 7.58 2.7 3.0 4.06 5.26 7.31 10.57 6.31 3.64 5.4 8.47 6.91 14.45 15.01 25.79 16.7 7.14 6.72 13.0 15.1 10.65 5.88 5.33 7.49 7.95 4.26 5.47 4.33 5.21 11.52 8.05 8.27 9.29 5.76 8.51 5.36 12.77 14.48 11.51 10.65 5.24 6.02 5.1 5.69 8.06 14.37 8.84 17.32 11.96 17.69 28.9 18.31 10.24 7.31 4.77 6.84 4.24 10.5 11.96 5.97 4.05
11.29 11.55 6.84 5.24 2.69 2.21 3.31 4.35 6.67 11.11 6.77 3.55 4.88 8.62 14.28 13.28 9.28 11.68 12.3 12.33 4.45 3.57 12.2 4.3 3.6 6.12 11.87 5.14 2.8 3.5 5.79 6.26 4.83 5.39 5.2 4.58 4.1 6.1 3.81 12.76 14.33 12.68 12.0 8.93 7.31 7.25 6.22 6.16 12.64 13.93 12.08 7.79 12.05 34.51 18.2 10.18 4.12 3.79 8.86 5.26 10.0 11.44 9.89 3.51
18.18 23.48 10.78 7.44 3.37 3.47 4.19 5.62 14.86 11.76 6.68 6.76 8.22 9.67 9.0 8.3 5.17 17.18 13.28 9.01 10.87 11.37 8.72 4.14 7.85 6.65 6.88 5.68 7.04 3.85 7.82 6.79 6.26 9.05 4.83 5.99 7.21 5.32 4.23 9.58 17.51 21.4 11.86 12.62 6.71 3.79 12.66 6.1 8.33 8.19 10.73 8.11 12.66 28.56 11.25 11.91 6.22 4.26 3.11 4.03 8.84 6.97 11.04 4.02
19.64 20.15 11.94 6.06 5.85 4.93 4.79 11.55 9.35 7.5 11.62 7.26 8.25 9.9 7.54 15.46 9.56 8.17 9.55 7.39 10.44 5.3 9.16 8.49 3.36 3.99 4.91 5.77 6.31 10.06 7.2 3.89 4.71 5.63 5.97 8.48 4.19 3.24 2.4 5.9 11.23 18.27 5.57 4.47 8.39 6.0 4.59 3.75 15.67 8.61 9.48 12.4 11.39 7.11 6.26 5.93 4.42 2.43 2.72 4.24 5.8 5.78 8.2 3.25
18.99 22.41 14.47 5.93 8.75 4.93 11.51 10.55 8.03 11.01 11.6 8.65 6.29 8.9 17.9 24.37 11.82 8.01 7.35 6.14 10.43 5.15 8.72 8.21 7.69 5.3 6.62 11.52 12.02 9.32 3.13 7.66 5.88 5.27 5.67 8.92 4.97 2.5 1.64 5.66 16.39 10.13 8.52 6.06 12.22 4.25 2.33 7.47 5.87 6.31 7.07 10.73 8.78 6.79 4.93 9.06 6.06 4.45 5.09 2.79 3.65 4.23 6.05 6.02
24.38 30.1 27.26 14.94 6.91 3.69 10.28 10.42 14.88 8.98 13.89 8.2 5.41 12.25 19.96 18.59 19.31 13.44 4.57 7.07 3.15 5.71 9.08 4.53 6.96 2.99 5.15 9.23 8.25 11.02 4.53 5.16 5.63 5.4 5.3 8.08 4.79 2.5 2.53 1.97 3.88 7.37 9.55 4.69 4.65 1.58 1.95 3.35 1.37 3.54 4.88 5.43 6.94 6.07 4.82 11.61 10.0 4.47 6.16 5.92 3.37 2.82 4.34 6.53
30.23 27.72 23.64 9.91 7.09 5.37 10.84 7.12 8.38 15.86 15.14 12.58 9.22 10.26 11.03 21.55 32.88 13.82 3.71 4.77 2.93 6.02 6.62 6.73 6.84 4.19 3.84 5.13 5.49 8.03 4.98 10.71 7.98 4.72 8.52 11.05 3.1 1.84 2.36 2.17 2.34 3.65 6.7 4.45 2.06 1.93 2.18 1.08 1.57 3.51 5.25 7.23 2.72 3.73 6.85 7.93 10.58 5.79 6.47 7.43 4.44 2.94 5.46 7.61
16.04 14.83 16.99 6.68 16.09 8.24 7.77 6.65 8.13 17.93 11.29 12.64 5.97 7.75 9.2 13.61 19.1 11.36 5.04 1.8 3.31 4.62 4.89 8.63 5.63 3.7 2.51 7.29 7.25 12.08 10.38 7.56 6.17 6.49 5.14 9.76 8.15 2.05 1.83 2.23 1.68 2.52 3.96 4.81 3.04 2.97 1.5 1.89 2.49 5.56 3.18 3.29 3.27 6.3 3.52 3.08 4.87 3.17 9.48 13.36 6.83 4.88 8.06 5.66
10.9 10.23 26.02 12.26 23.1 9.43 4.71 4.62 6.42 13.75 9.46 7.3 5.28 8.64 5.91 12.16 11.69 6.6 8.19 7.06 3.66 2.6 5.32 7.07 6.35 7.29 7.29 5.95 8.19 8.72 6.9 9.43 10.46 6.34 8.75 12.87 9.59 5.95 3.91 2.96 2.94 4.86 3.92 4.85 6.45 7.33 2.73 4.7 5.29 5.99 4.01 2.56 3.71 8.1 6.63 4.43 3.88 8.57 10.25 20.62 15.22 8.66 10.31 5.83
13.43 17.98 12.83 8.58 12.06 11.01 4.33 4.74 3.58 6.54 10.51 5.99 3.81 5.68 7.95 18.47 21.17 9.9 13.31 4.09 2.99 4.42 5.0 7.96 15.43 8.67 6.42 8.07 8.33 11.52 5.21 6.97 13.89 9.57 9.68 13.99 25.49 13.08 5.02 4.37 2.18 3.44 3.55 3.53 5.69 4.98 4.9 12.14 6.35 5.98 7.36 3.05 5.09 14.71 7.03 2.54 3.51 7.99 13.64 16.59 9.99 11.73 8.54 6.15
8.35 16.94 16.94 12.7 7.5 7.07 3.86 5.47 8.45 7.32 4.8 4.82 4.36 5.39 7.9 12.32 15.05 5.57 7.87 4.04 5.95 4.9 7.33 6.8 14.16 15.52 12.92 9.37 6.19 5.98 6.14 5.2 5.89 12.46 16.31 8.1 13.91 17.08 10.85 6.52 2.93 4.54 4.12 3.53 4.18 8.36 8.6 10.6 7.78 7.93 5.32 5.74 5.14 13.27 6.27 5.89 7.0 6.16 6.9 8.02 6.76 12.98 10.3 8.93
15.89 13.08 20.51 16.58 5.81 4.73 6.1 5.69 7.32 5.41 3.08 5.35 10.83 5.82 6.32 16.24 17.47 6.61 7.02 7.85 9.98 8.51 5.81 2.89 11.61 18.24 12.3 7.24 7.96 6.53 11.3 10.1 12.57 7.21 8.67 12.59 24.98 18.87 18.0 7.34 6.7 7.31 5.26 6.35 4.97 6.29 8.79 14.89 10.9 5.02 5.32 11.1 4.83 9.54 10.33 6.08 4.08 7.03 5.58 11.63 7.05 7.41 3.73 5.67
10.39 14.84 21.12 12.47 7.51 7.82 9.21 11.55 8.26 6.46 8.8 9.86 11.25 8.42 17.11 18.23 15.79 8.63 9.1 9.17 7.9 3.35 3.44 4.74 9.09 11.32 22.0 7.89 12.6 22.66 15.46 8.33 13.19 15.19 11.89 8.71 29.6 24.04 16.26 9.88 4.87 7.55 8.73 5.83 6.89 11.03 6.92 9.23 21.89 5.48 4.5 6.24 3.17 6.12 6.59 6.31 8.24 10.04 8.23 16.48 10.0 6.79 6.45 4.91
4.32 7.47 12.46 12.15 6.28 9.49 9.19 17.9 11.95 8.46 6.33 12.73 6.25 9.55 12.11 8.44 9.67 12.72 21.44 9.08 8.39 6.62 4.75 4.3 5.03 6.51 12.27 17.1 28.55 19.36 15.8 4.89 4.61 9.84 22.87 12.0 29.22 18.66 18.51 17.53 4.98 5.38 6.93 5.12 4.2 5.52 15.31 15.28 6.18 4.9 4.88 7.28 5.3 5.19 3.72 7.46 5.93 7.71 7.79 9.53 19.62 8.24 3.87 2.36
6.22 6.3 10.74 9.02 6.98 7.62 7.28 13.07 13.87 13.44 11.88 7.99 4.52 9.37 5.15 6.24 10.64 15.75 20.36 10.59 6.46 14.64 6.88 4.42 4.26 5.03 6.83 11.32 13.27 13.14 15.28 6.47 6.97 8.8 12.17 13.92 16.51 18.41 18.4 7.59 4.53 7.96 6.63 3.6 4.22 6.04 10.76 8.74 10.75 5.23 5.87 8.42 7.09 5.89 5.31 4.78 8.95 7.66 5.49 13.57 11.84 6.95 3.43 3.93
8.01 5.11 4.71 7.1 6.63 15.1 7.69 9.15 7.67 17.88 10.14 5.56 6.03 8.08 10.51 7.31 9.34 13.96 11.97 14.43 19.16 7.5 6.71 11.08 8.26 3.47 2.52 5.82 14.66 16.44 13.59 12.66 6.56 7.99 6.85 9.84 9.85 16.35 12.27 4.58 8.23 7.84 7.21 3.29 5.74 28.28 20.49 8.84 13.02 7.74 7.27 7.76 6.81 7.04 4.87 3.69 6.38 4.83 7.49 10.37 18.15 15.36 5.44 4.24
4.06 7.94 8.03 10.72 7.03 10.94 5.18 9.58 7.04 10.98 10.7 9.32 8.1 6.79 9.89 9.98 8.19 11.93 6.2 10.82 14.73 27.35 15.77 15.0 12.3 5.9 3.68 13.17 16.54 14.96 19.88 12.43 12.45 7.87 2.71 6.1 23.39 22.78 11.5 7.8 12.37 8.21 8.73 6.57 20.06 27.63 35.42 14.62 15.85 8.24 4.4 6.93 6.71 5.08 2.37 3.67 4.19 5.93 6.17 11.62 25.09 13.23 7.65 5.52
3.05 5.82 14.87 7.17 5.65 10.07 9.32 5.43 5.96 6.45 7.74 5.9 4.49 5.6 7.59 6.12 4.77 3.01 5.06 9.59 12.06 24.02 9.32 12.2 6.66 12.75 10.31 9.04 9.86 13.92 13.36 22.91 12.79 3.93 6.16 14.42 17.39 25.03 14.44 9.42 13.73 15.93 11.43 7.32 10.48 14.73 19.35 8.6 20.16 12.0 8.64 9.58 9.07 6.88 6.11 4.13 4.98 6.51 4.02 16.19 27.16 12.76 6.23 8.58
5.26 4.51 5.16 10.79 8.91 3.1 3.28 8.34 5.01 5.94 12.82 6.2 4.02 4.8 7.1 9.48 9.81 3.57 7.27 4.7 7.2 11.93 9.17 16.22 15.84 21.47 18.94 9.12 13.86 15.38 12.05 13.68 16.86 6.62 5.26 11.63 19.7 11.5 8.91 7.64 8.62 11.47 24.0 10.46 4.61 11.37 14.61 27.29 14.71 8.08 12.06 11.76 8.08 7.0 10.25 8.16 3.94 3.26 8.66 15.12 7.81 13.58 8.61 11.12
9.32 4.91 5.56 7.48 7.25 4.92 4.75 4.6 5.15 6.98 6.63 6.1 7.23 7.87 6.61 8.48 12.88 10.18 3.25 5.09 9.46 13.54 16.62 7.02 6.66 14.9 20.98 13.47 18.11 8.15 6.3 6.77 7.79 8.03 6.63 5.77 7.13 10.16 10.1 4.38 6.89 9.93 24.7 5.39 4.67 6.72 7.25 14.64 14.86 10.15 10.43 10.29 6.77 9.51 12.02 12.0 6.18 3.75 9.91 8.58 9.1 9.24 8.04 12.15
8.09 8.67 6.6 6.56 9.07 5.35 2.85 2.92 4.63 5.59 7.03 7.11 10.92 8.32 12.2 13.85 10.85 10.01 6.49 5.66 6.15 9.45 8.48 5.04 6.5 9.95 14.73 13.05 10.54 6.44 9.35 4.85 5.07 10.44 12.46 8.59 3.89 6.49 3.96 8.88 10.84 7.75 6.36 8.1 4.91 3.75 12.45 16.9 12.28 10.15 16.85 10.11 13.6 7.59 12.61 9.54 3.91 3.29 5.89 3.24 3.61 7.18 6.62 7.17
6.62 8.7 8.95 5.95 4.68 5.08 3.57 4.56 3.55 6.44 4.2 5.59 12.6 8.95 9.82 10.33 6.72 6.48 7.25 4.53 4.99 4.94 10.64 6.34 3.44 4.44 13.31 11.37 10.04 6.84 6.35 6.31 4.09 9.23 7.97 5.0 4.98 4.53 4.99 7.71 3.85 4.18 7.67 8.55 7.26 4.23 5.01 14.16 19.83 10.3 6.58 7.74 26.54 11.01 10.38 4.68 3.03 4.92 3.48 4.28 5.76 11.37 6.2 12.8
5.23 6.43 7.46 4.45 3.18 8.12 6.33 4.67 3.42 6.05 7.1 10.21 9.93 5.68 6.57 11.32 7.19 6.26 5.69 4.47 3.27 6.19 11.17 8.29 3.64 3.76 8.7 12.69 7.98 6.7 6.71 16.7 5.18 4.45 7.7 11.98 3.86 1.81 4.3 3.0 5.04 4.46 4.31 7.41 8.6 3.69 5.65 6.36 8.83 11.01 11.14 6.04 17.47 8.87 11.4 2.72 1.73 6.33 6.73 4.74 13.05 17.94 6.72 11.63
5.67 5.25 3.65 3.31 4.62 7.53 6.51 7.63 7.04 6.48 7.29 7.53 8.03 5.38 4.92 8.42 6.97 9.18 5.36 7.04 3.56 3.75 4.74 10.91 9.16 4.63 3.33 5.37 3.33 6.86 10.26 18.63 9.16 4.29 3.86 6.76 3.02 3.02 1.67 3.0 5.15 3.53 6.1 6.05 6.18 3.74 3.06 2.28 9.7 9.23 15.11 7.43 10.16 10.71 7.28 3.38 2.44 3.02 9.24 9.5 5.21 7.98 10.67 6.15
7.07 3.74 7.04 6.44 3.97 5.7 6.16 4.05 6.25 11.22 3.6 7.1 9.89 5.05 7.18 5.37 9.86 9.9 4.08 4.77 2.63 2.93 4.25 11.03 8.32 5.03 1.59 3.88 3.64 4.86 5.88 12.22 8.64 5.42 5.84 3.59 2.48 5.08 3.73 2.42 4.48 5.23 5.18 4.11 5.89 3.58 5.88 5.92 5.96 6.15 6.13 3.58 9.38 17.24 9.56 5.85 4.63 4.72 9.19 11.11 6.09 6.82 4.3 5.33
13.1 5.16 6.13 7.4 10.42 4.48 4.63 5.81 3.51 3.15 6.27 9.99 7.63 5.06 7.46 9.78 8.67 7.81 7.94 7.91 3.2 7.48 7.38 12.97 9.97 5.99 4.12 3.45 1.71 3.05 5.09 5.62 7.04 6.26 3.06 3.89 7.95 6.25 5.73 3.76 5.59 5.97 4.75 7.22 8.76 3.76 7.59 4.78 5.56 3.14 3.87 6.35 10.21 11.76 19.25 9.39 7.48 11.68 10.24 11.27 7.35 8.64 9.52 4.3
13.77 6.07 10.42 8.09 10.7 7.73 4.2 2.49 2.29 2.49 7.77 5.64 5.82 6.68 12.06 13.97 8.31 17.64 12.25 5.88 6.74 7.37 4.55 13.4 9.15 4.89 7.26 2.78 1.47 3.01 1.68 2.82 5.31 6.81 5.35 5.04 5.06 4.3 5.93 3.34 2.12 5.33 6.32 7.22 5.63 4.81 5.63 3.84 8.9 4.45 6.68 5.92 12.75 13.32 16.22 10.04 9.87 11.12 11.75 9.58 10.68 9.47 10.74 9.11
10.3 10.68 6.28 4.73 6.59 4.0 3.14 2.9 2.23 1.49 6.05 6.44 6.97 6.37 12.89 15.14 7.42 10.12 15.85 6.2 6.75 8.18 4.77 6.39 9.54 5.02 6.14 3.26 1.78 2.82 2.19 2.43 2.75 3.43 2.44 2.78 3.06 5.57 4.85 3.91 2.96 5.27 6.32 7.22 7.18 3.8 5.98 9.8 4.34 3.38 9.2 5.09 9.86 10.25 8.2 14.67 12.4 9.78 12.09 7.75 10.17 12.23 16.88 11.27
11.33 12.99 7.46 3.14 4.67 5.93 4.23 1.5 2.14 3.21 5.42 5.36 7.86 7.09 11.82 9.78 14.17 9.6 6.89 8.25 6.76 7.39 4.41 5.56 8.57 4.53 5.35 4.11 3.24 2.78 1.77 1.7 1.92 1.67 1.33 4.28 4.43 7.11 4.63 3.73 4.07 6.08 7.01 3.95 7.48 5.9 2.73 5.34 11.14 7.92 5.67 5.23 20.21 18.01 10.41 11.22 21.8 30.85 16.14 7.9 9.43 5.76 7.6 8.96
9.26 9.07 4.39 3.05 4.97 3.69 5.85 4.02 3.6 5.8 7.2 4.79 6.74 4.97 9.39 13.7 11.02 9.3 7.19 3.6 3.44 6.22 7.64 7.05 6.0 4.13 7.02 7.0 5.77 4.59 1.95 1.51 1.68 2.55 1.77 7.37 8.34 10.3 5.13 6.11 4.5 7.79 6.14 5.93 6.63 7.37 5.36 5.68 13.37 14.02 11.16 8.76 23.04 19.95 29.85 20.05 25.77 16.53 13.17 6.78 6.65 17.89 11.9 4.98
5.5 7.16 5.68 5.05 4.2 4.95 8.11 5.3 3.3 4.8 4.7 6.19 7.93 6.8 8.02 14.52 8.07 9.67 5.08 3.0 4.06 3.75 8.23 5.22 5.68 5.42 7.34 13.69 8.68 3.1 2.48 3.0 1.5 4.67 2.42 11.38 20.37 7.6 5.65 6.58 5.29 11.63 8.04 6.14 7.04 11.99 13.06 14.05 9.18 15.02 12.62 19.91 15.08 15.8 14.11 13.68 22.67 7.7 10.51 10.81 13.95 9.61 9.34 9.9
2.36 3.55 6.17 4.34 5.43 6.91 7.88 3.48 2.63 4.12 8.43 3.31 2.53 3.89 5.51 8.12 4.8 4.08 2.51 3.43 3.15 3.93 3.37 4.33 8.45 4.68 9.01 13.66 9.93 5.27 3.96 3.62 3.16 4.53 2.55 17.67 9.6 7.51 7.79 8.28 10.12 15.57 9.26 14.25 16.31 8.95 10.73 11.15 7.0 20.69 16.73 11.46 11.24 12.38 14.61 8.52 11.21 11.42 18.97 27.03 31.81 14.23 13.12 13.61
3.7 2.88 3.21 6.58 11.64 9.76 4.49 6.31 3.57 4.68 4.87 5.75 6.01 3.64 1.96 3.26 9.06 3.72 7.4 9.7 4.0 3.88 4.7 2.82 7.8 8.9 26.99 21.88 13.16 6.46 2.89 4.17 4.6 6.72 5.02 8.2 14.32 16.21 10.62 20.15 14.42 18.56 9.2 14.37 10.82 8.06 4.85 10.95 15.2 9.17 12.12 10.2 9.74 9.82 12.87 12.74 16.36 14.21 18.88 24.24 20.46 18.07 18.72 11.0
2.45 2.53 2.77 5.31 4.9 4.72 3.36 3.82 6.36 9.03 3.75 4.93 3.55 3.5 1.64 2.41 3.35 3.57 8.77 5.15 5.99 4.7 4.42 2.41 9.48 17.75 21.61 20.27 10.35 8.15 3.31 4.81 4.37 3.22 3.21 5.89 22.47 23.37 24.19 13.97 21.09 19.49 7.23 7.88 6.31 7.5 6.59 12.22 9.01 6.54 8.92 8.01 11.75 21.01 23.55 16.74 16.57 18.99 13.74 22.48 23.81 22.87 17.51 16.02
3.64 3.97 2.99 3.74 8.97 4.86 5.73 4.58 3.27 2.26 4.77 4.02 3.52 2.12 2.81 3.63 2.02 4.07 14.65 10.24 7.39 3.55 7.46 4.48 11.4 18.59 23.0 19.48 8.15 6.75 5.17 4.88 2.59 4.2 3.93 7.83 26.37 32.74 21.21 17.12 20.84 10.9 11.01 7.49 4.85 5.56 5.84 11.75 13.68 9.09 11.24 16.72 12.69 18.98 32.74 19.04 16.2 15.58 18.3 19.06 9.92 13.3 10.85 5.88
3.3 3.06 5.35 5.5 3.51 5.05 2.65 2.22 2.69 5.03 3.5 2.39 5.39 2.72 5.41 4.44 6.21 7.96 6.34 4.7 7.53 7.6 8.18 5.75 8.61 5.08 8.37 13.35 15.94 4.43 6.52 5.57 2.7 1.81 2.7 5.02 10.88 12.37 18.89 20.24 14.05 7.96 7.03 7.48 6.23 8.46 8.01 20.04 17.11 10.1 16.35 18.39 25.9 21.03 17.46 19.71 15.82 38.42 14.77 13.62 14.57 9.48 5.71 8.19
4.13 2.37 2.97 3.76 6.52 5.46 2.67 5.53 4.09 9.03 13.53 7.87 6.36 7.61 9.04 9.1 8.59 5.53 5.38 9.46 8.1 7.03 8.3 8.47 10.71 5.51 9.56 20.95 12.31 15.18 7.34 3.68 2.58 2.36 3.24 2.97 12.21 6.93 12.6 17.63 15.64 10.94 6.99 8.4 8.01 9.03 7.78 8.1 14.18 18.99 20.13 11.07 12.23 15.06 26.87 40.99 17.09 25.44 20.62 12.85 8.39 5.17 5.21 4.27
5.21 3.7 2.3 2.05 2.77 3.03 5.3 8.56 15.09 20.42 20.32 11.81 5.46 5.56 6.51 10.43 11.1 5.34 6.41 5.79 4.04 4.48 7.54 16.97 21.87 5.09 4.71 14.13 26.55 12.58 4.06 3.61 2.74 4.03 2.93 1.89 3.75 4.84 7.98 15.85 8.24 11.22 8.26 16.92 5.74 15.51 11.49 7.09 12.0 11.51 14.89 14.09 16.12 23.97 26.27 17.3 21.6 15.63 16.73 7.71 5.11 2.89 5.4 6.37
6.61 4.45 2.84 4.92 5.25 5.73 7.66 17.1 13.84 23.97 20.09 15.74 5.12 6.45 12.2 14.44 7.28 12.43 11.37 3.22 5.84 8.47 13.42 13.8 16.93 7.64 7.59 11.12 23.78 7.59 8.13 5.14 2.4 4.36 5.0 4.35 3.36 7.69 7.64 9.59 8.69 14.26 12.04 18.98 5.68 10.9 21.2 20.49 15.85 24.12 28.36 8.76 8.71 16.46 15.66 28.38 46.65 16.09 10.04 6.88 5.52 6.41 6.78 4.86
9.28 6.77 4.57 9.95 12.12 16.61 9.82 15.94 9.34 24.96 24.78 20.6 9.48 8.41 8.83 8.84 17.21 13.46 7.24 4.64 5.96 7.89 28.98 22.46 10.93 7.74 7.66 13.45 13.12 8.77 7.52 6.27 2.29 4.69 5.65 6.0 3.84 6.79 12.9 15.57 7.25 12.41 10.77 9.48 7.45 19.34 25.98 19.16 31.01 27.27 13.35 4.52 6.52 4.04 17.75 31.75 10.73 6.66 6.33 6.3 13.9 6.75 6.69 4.08
5.29 11.01 9.18 18.12 14.77 22.16 11.73 9.78 14.9 20.59 18.12 7.62 5.71 7.68 5.81 4.54 7.93 12.19 14.32 4.93 7.21 7.06 15.32 19.79 19.61 7.95 7.98 8.49 10.93 12.68 4.22 2.82 1.94 2.44 4.14 9.19 6.55 16.04 7.88 12.09 6.62 14.32 11.64 9.47 7.84 7.72 15.66 21.24 26.65 18.23 5.46 3.48 5.95 5.76 9.71 8.78 8.95 9.39 4.75 5.41 7.87 4.21 5.67 3.88
9.45 10.59 7.14 11.22 12.13 17.57 8.88 17.05 13.47 8.5 11.42 12.25 6.14 6.66 11.24 4.68 11.47 4.7 6.6 6.76 5.75 4.86 17.53 12.06 5.05 7.21 11.82 8.94 9.24 8.11 5.01 3.99 3.5 3.23 3.3 3.61 5.07 6.14 4.78 7.62 6.8 6.33 5.0 4.6 10.17 7.85 8.18 13.21 19.56 11.02 4.56 3.8 5.66 8.62 4.77 8.16 10.67 5.98 3.0 5.33 6.69 7.98 3.56 2.98
6.67 6.86 8.96 14.41 10.11 14.23 16.43 17.37 10.49 8.37 11.48 11.74 10.31 8.05 14.95 5.97 9.23 5.5 4.44 4.41 6.45 6.04 10.78 10.82 9.62 9.18 5.86 8.99 11.75 7.37 2.96 2.92 6.09 2.18 1.5 3.22 3.33 2.44 6.26 5.61 6.41 3.98 4.6 8.73 12.79 5.59 6.38 7.72 24.59 18.39 8.93 4.3 3.65 11.74 7.32 9.99 9.96 11.03 6.14 8.23 12.57 8.5 3.5 2.06
9.83 9.0 7.06 10.12 8.94 7.13 7.31 11.04 16.2 10.43 8.5 5.24 6.86 8.34 17.13 7.96 4.06 4.26 4.02 8.0 9.66 5.28 9.71 7.9 7.24 9.75 6.46 5.35 5.19 7.42 6.29 2.79 3.1 2.42 2.97 2.11 4.72 5.62 7.92 4.81 7.91 5.52 2.82 5.43 4.41 5.01 8.79 8.85 18.84 13.06 7.14 7.01 7.19 11.48 7.84 16.69 10.08 9.22 8.73 8.74 5.47 4.66 5.21 2.21
8.89 12.32 7.71 6.72 3.03 5.65 8.07 6.01 11.24 7.21 4.26 4.69 10.67 11.08 5.25 3.42 2.62 5.22 6.97 4.96 7.96 6.11 4.91 7.36 6.03 5.55 4.95 3.92 6.16 5.74 4.74 2.39 2.68 1.51 2.47 3.44 5.9 6.73 8.56 6.22 6.84 3.31 1.99 3.13 5.3 4.97 8.58 12.09 12.42 14.91 10.21 13.35 5.99 5.04 13.52 15.36 8.73 14.18 7.57 9.41 6.77 6.28 4.35 4.8
6.28 5.82 8.02 7.2 3.5 9.75 6.05 4.08 6.84 5.38 6.29 8.14 6.73 5.47 4.73 4.32 2.9 6.27 7.62 6.62 8.24 8.07 5.12 10.17 9.48 7.21 6.71 2.59 3.93 5.95 3.82 2.28 2.22 3.54 3.53 3.66 7.33 6.85 5.25 2.67 7.64 6.82 3.78 3.31 8.21 8.02 9.54 17.16 20.14 17.96 12.97 12.23 6.66 7.32 7.39 10.5 9.43 8.7 8.05 7.3 9.86 8.97 10.19 6.17
6.51 6.43 13.43 19.06 5.27 12.46 9.29 5.32 10.77 11.76 10.0 6.44 6.17 4.18 3.5 5.84 6.54 8.18 4.26 10.28 8.57 11.19 9.02 10.42 12.61 8.05 5.29 4.45 4.48 3.07 2.94 3.31 3.15 3.21 5.23 6.69 4.57 8.4 6.64 7.21 13.99 14.1 6.16 6.56 6.61 11.96 22.6 26.24 27.26 13.25 17.78 8.35 10.23 7.67 3.42 7.25 9.29 12.22 5.55 4.85 8.92 10.87 10.6 4.52
