22.86 7.38 11.32 4.64 3.97 4.85 15.71 17.9 11.25 6.07 7.18 12.95 5.93 6.63 11.06 7.69 8.72 8.36 12.02 4.86 2.7 6.42 14.8 38.43 19.05 23.74 9.91 11.34 12.09 13.41 10.52 5.39 5.89 5.32 5.74 6.78 13.78 4.92 4.67 6.57 5.38 6.06 6.47 3.47 7.38 5.6 5.91 6.41 2.6 3.79 2.62 4.13 6.35 3.1 4.02 4.78 3.67 2.97 2.93 5.16 4.21 6.64 6.11 6.51
16.61 8.86 6.28 5.31 4.23 4.96 10.44 14.35 10.3 8.3 7.14 10.2 8.06 18.6 7.6 17.81 12.97 10.61 9.11 5.55 7.15 7.66 21.85 12.2 15.06 15.98 22.91 12.02 9.4 9.44 4.91 5.22 5.13 4.43 7.42 5.88 13.18 14.16 8.5 7.98 4.5 3.37 6.06 4.79 7.04 8.99 5.68 7.39 6.64 7.63 3.01 2.87 3.37 4.47 3.67 4.46 2.65 2.28 2.7 2.61 2.67 4.0 7.0 7.87
7.83 7.73 3.97 2.21 2.0 6.39 9.3 20.26 16.0 7.01 4.81 7.55 9.49 10.09 8.94 12.31 11.63 12.09 7.15 8.21 6.9 4.81 18.74 24.59 17.42 7.93 17.34 18.52 14.34 18.06 4.38 4.25 4.02 3.82 2.98 10.18 11.08 24.19 11.77 10.16 7.52 4.65 5.19 7.32 7.74 17.13 5.23 2.13 4.81 4.15 4.17 5.12 4.74 4.2 4.43 3.37 5.12 4.85 3.18 3.09 2.5 3.0 4.55 12.23
7.72 6.75 7.06 2.19 3.05 5.3 15.92 6.85 6.31 3.97 4.76 5.72 17.0 14.23 8.88 9.83 4.87 8.39 6.13 5.39 4.95 5.66 12.3 10.88 12.64 7.98 13.04 18.46 16.45 10.53 11.96 6.84 4.07 3.29 4.95 10.42 15.66 24.21 19.51 8.47 5.38 5.48 6.11 7.58 9.62 14.08 8.33 3.18 5.48 5.22 5.69 3.07 2.56 3.03 2.19 1.76 4.04 6.36 4.58 6.31 5.97 4.0 9.9 7.9
4.34 2.62 2.74 3.48 4.27 11.06 7.47 3.13 2.95 3.36 3.17 5.99 9.02 11.85 7.97 10.09 7.92 8.96 5.41 7.86 6.03 6.23 6.78 6.09 6.65 11.13 13.54 16.23 20.94 10.01 17.96 7.98 4.91 3.37 5.02 5.46 8.64 19.31 15.08 7.68 4.53 5.37 9.39 8.93 11.98 12.3 8.47 5.35 5.58 5.58 9.02 3.52 3.45 3.41 2.54 1.58 4.16 5.86 3.62 8.17 5.13 4.52 8.38 6.33
5.38 7.78 4.55 6.13 3.01 5.31 4.66 2.75 2.98 2.94 2.43 5.0 4.37 6.36 8.16 7.18 3.4 7.87 6.72 5.98 8.38 6.05 7.22 6.14 13.59 18.97 15.96 21.59 21.63 13.59 17.24 6.56 4.62 6.81 5.63 6.0 7.61 9.89 4.58 7.66 4.55 9.66 9.48 16.14 14.71 20.26 10.89 6.52 3.12 3.22 4.48 3.32 3.61 2.99 2.83 5.08 5.3 4.25 4.93 7.18 6.11 11.61 8.9 8.04
5.52 13.74 9.62 5.78 8.55 10.04 11.11 6.55 2.68 1.13 3.22 2.16 3.9 3.23 11.05 9.76 5.94 4.9 3.88 5.29 9.06 8.31 6.34 6.37 11.6 21.58 25.03 15.75 25.4 13.07 14.94 9.61 7.63 9.09 6.03 5.7 10.01 13.49 5.67 4.41 4.38 4.36 11.64 22.13 25.06 34.04 10.24 7.39 8.84 4.2 3.24 2.23 3.46 3.34 3.21 3.57 4.56 4.03 6.32 6.24 6.71 9.72 5.32 4.4
12.14 14.92 14.61 12.88 7.79 6.7 3.38 6.89 4.24 2.15 2.26 4.42 2.15 6.0 7.98 9.54 4.73 4.81 6.13 6.55 6.9 9.09 5.6 8.88 9.2 26.08 36.59 22.67 17.94 14.22 13.87 12.03 12.38 6.9 8.62 9.2 9.89 10.08 6.43 3.39 2.15 3.74 10.54 26.48 25.63 51.23 7.22 3.71 8.44 4.13 3.16 3.55 2.82 2.35 9.95 8.4 10.24 5.92 6.68 4.8 8.65 5.6 5.16 4.3
16.93 12.63 10.4 11.53 15.5 9.18 6.25 2.08 1.9 3.3 2.62 4.48 3.01 7.6 5.34 5.08 4.5 6.52 10.54 9.39 6.69 7.8 6.45 5.54 11.8 9.11 16.97 25.52 29.08 15.25 8.57 16.09 15.15 14.05 11.41 8.77 8.47 10.55 5.38 2.43 3.26 4.06 10.34 17.73 26.36 38.87 6.24 4.91 3.23 4.04 3.45 2.31 1.77 2.47 11.38 10.79 13.39 10.42 15.93 14.95 8.89 5.4 5.08 6.22
6.01 8.98 9.5 7.83 11.56 7.82 5.42 2.14 2.58 2.53 6.9 8.06 9.44 5.17 5.01 3.41 7.89 9.58 6.19 4.43 5.07 8.23 7.1 5.59 11.56 9.66 9.07 11.37 33.25 11.06 10.22 13.41 16.6 9.13 10.42 7.62 7.69 6.39 4.81 4.36 5.12 6.45 13.7 16.51 20.24 11.15 7.02 10.03 8.13 4.35 2.74 2.01 3.17 8.34 5.37 8.04 15.08 10.4 11.18 10.94 12.45 9.39 5.24 3.43
4.2 4.04 9.79 14.89 9.17 8.12 4.49 3.55 2.2 4.58 5.07 6.71 7.31 5.97 9.74 5.9 8.99 15.67 6.75 2.29 2.91 10.14 3.67 4.96 4.94 7.02 8.94 18.76 18.14 11.37 13.11 24.33 11.4 10.94 10.05 11.66 13.43 5.11 3.54 6.84 5.81 9.98 11.5 6.66 9.59 16.86 14.0 10.93 5.44 5.39 3.38 2.21 4.95 8.05 7.1 15.69 9.13 7.87 13.15 10.89 8.19 16.57 6.57 2.88
7.78 8.5 9.01 11.65 15.14 9.48 5.77 5.95 2.64 7.75 8.41 7.63 3.86 5.76 7.08 8.13 15.91 10.75 5.32 2.19 3.33 4.57 5.29 5.05 4.88 6.91 6.03 10.52 9.52 11.68 21.08 20.84 20.02 17.32 17.17 15.89 13.35 10.29 4.77 15.59 5.67 6.92 10.49 6.85 5.67 11.98 14.9 11.09 7.67 3.22 2.8 2.67 4.6 8.17 8.52 6.65 6.74 6.04 15.0 11.38 8.05 9.28 6.32 5.57
11.5 10.62 16.96 19.24 13.54 9.98 7.48 10.8 8.86 6.58 8.77 7.48 3.85 5.28 7.88 6.38 11.5 10.28 5.8 4.34 6.05 2.44 3.69 2.25 7.46 15.44 12.22 12.12 7.64 12.6 27.11 19.17 16.52 12.4 10.76 14.14 12.65 8.24 12.55 14.89 15.42 8.22 9.15 6.29 6.25 4.14 8.68 7.75 17.84 5.47 2.49 2.7 3.47 3.08 7.64 5.1 5.88 10.22 11.85 11.94 9.61 4.96 7.71 10.84
17.62 10.37 23.26 32.33 19.87 13.29 12.56 6.82 6.7 10.86 9.28 9.92 4.21 4.82 3.6 6.88 9.5 11.94 7.48 13.19 9.51 3.68 5.25 2.1 3.51 7.64 8.15 13.85 12.92 9.93 27.22 19.75 16.42 19.06 9.36 14.7 13.65 14.57 11.05 11.09 11.05 9.44 3.72 5.55 9.64 8.36 6.32 7.26 7.7 8.75 3.58 3.36 3.64 4.49 6.42 8.34 4.82 6.14 10.17 11.02 9.4 5.07 11.36 9.58
23.96 14.43 14.88 10.81 16.04 20.48 18.49 5.54 8.16 8.86 15.04 9.55 4.61 6.66 6.51 9.72 7.39 7.49 7.41 13.13 5.98 2.32 7.14 6.97 4.7 4.03 5.39 8.48 13.29 7.05 15.27 8.67 7.01 16.05 13.21 24.32 21.04 18.89 20.69 10.24 10.92 21.8 9.77 6.87 4.76 6.45 6.31 12.88 12.42 7.0 4.7 3.63 4.21 3.37 3.8 6.88 8.32 9.94 10.49 14.83 9.57 4.94 6.72 4.3
7.78 14.11 13.97 14.67 12.56 11.49 12.91 4.96 8.14 7.29 6.77 9.55 9.47 14.47 8.77 12.16 7.35 7.01 7.41 5.19 7.72 3.94 3.51 4.3 2.85 3.0 3.29 8.83 12.97 10.73 17.33 7.93 2.83 7.12 9.4 10.65 15.24 26.64 19.22 11.69 14.37 26.43 25.04 21.91 14.88 9.09 10.26 9.75 6.57 3.77 3.89 3.2 6.87 4.89 6.9 6.27 7.57 6.11 13.73 10.03 7.63 8.31 5.76 4.55
5.05 9.92 13.21 10.14 8.35 9.84 8.05 4.58 8.05 7.0 16.62 7.37 10.68 12.67 6.24 11.77 6.46 6.7 4.15 4.32 3.72 5.06 3.22 4.29 4.47 3.25 4.34 10.36 13.13 5.51 4.36 7.6 6.57 8.36 10.07 6.78 11.6 21.09 11.88 8.64 13.6 13.08 17.38 24.97 15.16 11.1 7.33 5.63 7.55 6.11 7.68 2.87 2.76 9.03 5.37 9.71 6.71 8.34 14.98 9.42 3.8 5.67 3.97 4.35
7.09 6.18 16.08 17.06 8.35 11.58 6.09 6.12 7.36 7.77 10.09 9.82 14.15 14.25 15.08 5.25 7.8 5.92 5.01 3.75 2.79 4.6 2.8 4.62 5.41 3.95 10.25 10.12 8.96 3.1 4.94 3.28 11.85 10.47 8.34 4.39 9.07 12.56 17.09 13.27 9.89 10.74 16.85 31.42 7.69 8.06 4.19 2.37 4.07 2.63 6.78 6.03 4.45 4.81 9.93 12.05 7.78 5.28 9.81 4.32 4.52 5.77 4.59 3.22
6.57 9.65 12.97 19.23 9.4 5.91 5.82 8.23 7.91 10.45 11.57 14.3 12.31 11.88 14.24 7.96 15.26 9.32 8.42 8.18 4.63 7.47 6.37 4.87 3.33 6.42 6.91 9.04 6.14 4.74 3.72 6.42 6.84 12.34 5.13 4.58 12.5 7.35 10.8 14.32 8.68 10.39 13.76 20.96 10.86 13.12 4.57 4.5 3.32 4.42 8.31 7.61 4.37 3.39 5.91 8.83 5.02 5.59 5.89 2.91 2.08 5.25 8.01 4.72
8.97 11.77 10.89 9.41 12.58 10.02 12.84 6.89 7.79 5.13 10.48 17.89 9.31 6.93 12.35 13.8 21.77 13.87 8.24 7.81 6.25 9.18 12.03 7.12 3.53 7.48 8.89 11.67 18.33 11.86 4.58 6.52 4.91 6.95 7.64 8.22 9.52 10.1 7.97 8.31 13.88 20.45 18.35 9.28 21.37 14.38 4.95 4.9 3.93 5.76 6.48 12.61 7.6 4.45 4.34 7.56 6.6 3.39 3.95 2.87 3.38 6.24 3.93 5.42
8.24 11.13 8.73 19.45 12.08 15.64 13.59 5.28 5.71 5.45 6.47 11.0 13.81 4.63 8.98 25.75 16.29 20.19 11.16 7.41 3.96 4.9 6.87 8.98 5.69 5.72 7.56 14.43 21.01 16.58 9.46 6.06 5.3 5.92 13.91 9.9 21.19 10.35 8.21 6.49 22.61 30.8 16.29 8.56 14.77 11.36 12.81 4.86 5.05 5.55 4.75 7.57 9.22 6.43 3.9 6.96 9.09 5.22 8.28 4.72 5.25 5.39 2.9 2.19
4.43 9.6 10.34 11.33 14.43 10.28 5.06 6.62 2.17 4.35 5.6 7.77 11.35 7.51 7.1 11.68 14.97 9.32 16.9 11.26 6.2 4.16 6.01 8.82 8.82 3.83 7.25 16.44 21.89 16.21 8.9 9.14 4.09 7.07 9.4 13.35 7.14 6.15 8.49 8.41 8.13 12.61 14.54 12.77 9.71 9.03 8.72 4.86 4.97 7.35 3.4 4.5 10.51 13.77 11.5 8.48 12.66 10.06 4.39 6.92 7.36 9.26 5.5 5.51
15.75 10.22 11.73 6.65 10.8 6.96 4.15 2.14 2.61 2.72 5.4 5.68 7.53 8.98 7.69 7.0 22.65 14.76 7.7 3.83 3.88 4.5 6.53 9.66 9.2 5.0 8.82 18.41 19.04 11.42 9.93 11.12 10.1 7.83 5.78 6.22 4.42 3.52 6.44 6.66 4.95 5.27 4.76 7.42 8.97 7.81 5.02 2.68 2.9 6.73 5.38 7.65 11.83 8.99 18.42 12.15 7.53 13.53 5.22 8.13 10.95 13.69 10.9 8.11
9.63 6.0 14.21 17.04 14.97 9.0 9.37 2.87 1.68 4.04 3.57 5.95 8.49 14.32 8.25 15.03 22.52 17.07 5.66 4.1 4.43 7.09 3.61 4.25 6.01 6.44 4.82 9.83 17.48 11.76 12.78 11.43 9.06 6.26 4.69 9.09 8.3 3.91 2.34 3.01 2.77 3.49 5.08 4.75 7.9 4.45 5.12 5.08 2.08 7.68 11.18 11.17 14.21 8.35 9.4 8.14 9.8 5.29 8.33 4.95 8.22 8.51 9.32 5.69
8.83 4.75 6.65 6.92 14.98 13.79 9.06 4.6 3.28 5.96 7.14 3.54 5.22 12.34 13.36 22.1 13.23 17.63 6.5 4.49 5.66 5.62 2.99 5.22 4.42 6.67 8.82 12.71 12.38 6.62 13.67 9.61 9.73 5.45 7.26 8.76 10.68 5.43 2.33 2.88 2.11 3.32 3.57 7.42 8.44 4.09 4.31 4.39 4.39 4.92 6.21 7.39 5.76 10.15 9.06 14.29 10.95 7.92 8.77 4.08 6.04 5.44 5.15 2.8
14.63 7.15 9.05 9.04 18.81 17.55 8.29 4.34 3.05 4.66 7.03 3.57 5.8 7.79 9.7 14.32 22.32 11.33 9.93 4.77 5.53 3.63 1.55 2.97 3.13 5.44 15.48 17.71 15.0 8.38 8.92 7.63 6.91 8.36 19.38 18.6 20.67 5.36 2.85 1.76 2.34 2.71 3.73 10.09 9.56 4.51 4.65 6.47 4.73 5.08 5.28 4.31 3.97 3.78 6.37 9.92 5.74 9.14 13.13 6.76 5.32 5.81 3.15 3.04
6.71 8.33 6.56 6.08 13.01 10.45 19.1 6.41 7.92 4.07 3.57 1.89 4.22 15.19 9.9 12.97 12.03 5.3 6.42 14.38 5.93 2.92 1.6 2.64 5.48 7.01 9.91 14.06 10.7 19.1 11.96 7.94 6.28 4.78 11.93 13.44 9.93 8.65 6.23 1.8 3.76 3.88 3.06 5.14 5.65 4.43 3.15 6.86 5.61 5.32 4.49 5.35 4.15 7.36 7.87 16.35 10.26 10.49 12.44 4.95 6.84 3.06 3.31 2.59
7.28 6.36 7.29 11.23 6.55 6.06 6.3 3.35 9.65 5.19 3.06 2.86 5.36 11.93 15.32 11.67 7.7 3.95 3.5 8.07 4.39 4.63 3.53 3.98 7.69 5.79 10.97 25.88 11.93 10.41 14.22 7.52 8.66 10.53 5.32 8.92 10.11 9.88 5.27 2.28 2.81 2.98 1.52 4.97 5.4 3.25 3.18 2.45 3.23 4.62 6.81 8.14 6.32 4.69 6.14 14.43 21.81 26.89 18.32 6.34 9.19 7.5 4.36 2.45
3.85 8.57 5.72 6.57 5.68 7.1 8.85 5.56 8.43 6.94 3.34 3.3 2.9 6.71 11.28 17.35 9.18 3.53 4.43 7.69 3.95 4.76 3.35 5.8 8.74 5.6 6.17 23.3 11.63 12.51 21.06 12.22 8.75 7.52 10.54 5.8 10.75 3.96 3.83 3.44 4.22 5.82 2.02 2.17 2.18 2.06 4.09 3.51 2.25 5.86 17.27 12.98 8.28 3.19 1.91 5.81 11.19 11.24 15.27 7.17 7.84 10.7 6.5 4.15
2.33 6.25 5.75 4.95 6.3 5.08 4.3 7.37 11.85 6.03 5.36 4.37 3.89 3.47 6.61 8.07 9.51 3.77 3.23 7.51 5.06 5.86 5.67 9.3 14.19 11.35 12.98 9.25 10.58 23.77 12.73 7.1 8.49 11.75 9.77 5.11 6.48 4.86 4.61 3.94 6.42 4.58 2.66 1.39 1.3 1.93 2.47 3.95 3.99 8.67 16.85 19.65 4.4 3.35 3.37 5.42 4.33 5.19 6.78 8.34 6.81 10.69 5.63 3.48
5.85 4.47 5.57 5.63 7.04 2.31 3.69 7.67 8.96 6.82 4.27 2.4 5.11 3.32 4.86 6.35 7.1 5.37 7.33 6.3 5.14 7.4 9.46 9.27 11.35 11.42 17.81 13.46 19.54 20.64 9.04 4.8 12.41 7.9 10.44 11.52 11.94 4.33 2.41 4.48 5.25 4.72 2.68 1.87 1.67 2.16 2.89 2.33 4.03 14.51 13.74 12.25 5.31 3.45 4.91 3.46 2.82 3.73 8.95 7.13 9.34 10.24 6.53 4.28
6.81 10.03 6.67 4.17 3.61 4.17 2.89 10.81 3.99 4.33 5.91 3.85 7.05 5.86 7.52 8.49 5.2 4.21 5.99 14.07 9.61 12.71 9.96 17.19 19.34 14.64 6.74 6.18 9.13 22.83 7.6 6.64 5.44 6.96 9.04 11.35 9.05 7.15 4.38 6.07 5.45 6.28 3.6 1.94 2.17 2.81 4.38 4.75 4.53 7.57 14.93 14.17 8.56 4.38 6.45 4.13 3.07 4.53 3.77 4.52 6.03 7.14 10.37 11.43
12.02 7.69 11.26 4.44 2.85 3.67 3.67 5.41 4.25 4.81 3.75 10.4 9.9 12.15 12.57 11.18 9.62 8.71 8.45 11.99 16.01 20.04 12.82 8.38 9.75 9.37 4.96 4.27 6.43 15.0 12.92 8.13 6.19 4.46 5.5 7.46 9.23 3.01 3.53 8.1 9.12 6.6 4.91 4.06 5.19 4.14 3.78 6.84 4.55 13.44 14.1 11.08 8.9 5.77 4.91 3.73 2.9 9.22 6.08 4.78 3.83 5.02 6.3 10.26
10.72 8.04 8.93 6.47 5.39 2.34 3.73 2.55 4.04 12.74 9.59 9.12 15.78 18.93 15.54 14.79 8.51 9.62 9.96 7.87 8.76 8.59 13.86 6.64 12.27 7.89 6.7 2.46 5.58 6.33 9.8 7.16 6.1 5.92 8.29 6.25 5.66 2.51 4.38 6.39 11.89 7.66 5.69 2.89 5.14 7.81 6.54 14.0 4.76 8.65 7.01 3.34 10.03 5.98 4.22 2.3 5.0 3.21 4.74 4.9 6.37 5.63 10.44 10.09
8.48 8.13 7.03 4.45 6.7 4.25 3.78 3.73 5.07 8.0 13.49 8.67 10.01 19.1 13.98 22.83 9.06 11.47 8.56 7.17 3.08 3.45 6.45 14.36 11.43 5.47 2.67 3.48 7.17 10.84 5.34 2.79 5.25 9.73 7.07 5.98 2.55 4.81 3.62 9.54 13.48 11.46 6.51 5.08 4.55 6.67 5.13 8.17 5.88 5.66 3.5 4.43 4.02 7.17 2.84 1.61 5.54 4.27 3.42 3.34 8.19 7.69 7.75 5.79
8.67 11.3 11.85 3.88 2.82 3.8 4.58 5.74 8.8 4.19 6.85 5.19 20.67 10.44 10.17 12.36 12.07 12.88 13.91 9.17 3.53 4.75 6.14 12.95 8.93 3.34 1.73 4.27 4.67 7.94 8.14 4.01 4.75 4.99 11.27 8.75 4.0 2.89 4.47 5.44 9.62 5.34 4.29 10.31 6.15 7.26 9.73 4.71 12.51 6.72 3.35 2.75 3.29 7.34 5.34 3.66 3.86 4.29 2.47 5.83 6.49 11.1 7.89 8.57
7.07 8.8 5.31 3.3 6.29 5.87 3.17 5.5 8.07 7.66 3.47 5.31 8.99 16.46 11.82 8.85 13.38 13.25 13.52 10.75 4.76 5.48 7.04 9.61 6.89 4.18 3.68 4.12 4.77 6.26 8.96 2.96 4.8 4.53 8.67 6.46 8.69 9.29 7.97 3.85 9.44 5.6 5.27 6.7 5.11 6.76 6.26 4.66 9.75 14.07 7.33 8.7 3.6 3.87 6.1 4.3 7.88 5.49 6.89 12.01 14.78 6.16 13.65 9.31
4.69 7.08 3.5 5.46 3.39 6.17 5.94 5.79 5.82 6.2 4.41 10.09 16.84 13.06 15.77 10.54 14.81 17.2 12.39 8.58 5.99 4.53 4.4 8.83 5.47 3.46 2.82 5.14 6.18 6.61 4.81 3.36 6.27 9.73 4.49 7.91 6.56 12.39 5.18 6.08 10.14 16.02 8.37 6.74 5.12 8.46 7.29 6.23 7.75 13.51 7.24 8.07 4.3 4.36 7.59 12.28 12.66 10.99 11.59 10.98 14.59 7.03 7.07 9.14
3.24 5.12 4.57 4.86 7.46 3.73 4.89 4.73 8.49 14.71 9.6 8.05 14.9 9.19 8.33 7.99 9.99 7.82 15.29 7.11 8.29 4.6 5.13 5.74 4.4 6.72 6.76 5.65 5.06 4.08 4.32 3.96 4.06 4.08 8.83 8.83 6.61 8.54 7.07 8.85 9.98 9.64 5.29 2.97 7.48 5.21 6.23 8.53 12.52 9.55 8.06 4.74 3.87 10.92 14.4 11.25 15.52 9.75 24.75 15.29 10.68 9.51 9.03 7.54
2.07 3.56 4.93 6.57 15.47 6.27 3.69 5.12 10.21 13.24 11.73 5.62 7.84 10.91 7.55 11.31 5.78 6.9 4.19 3.39 4.48 5.83 6.48 4.5 4.04 4.34 5.37 8.36 9.14 9.94 3.08 3.54 4.49 3.24 6.13 4.16 6.95 5.46 10.69 8.54 9.34 5.64 5.16 3.89 2.86 4.22 6.77 5.44 5.89 3.97 5.3 6.68 4.97 12.27 19.15 18.47 12.85 12.78 15.94 13.8 10.11 6.3 10.26 5.86
1.96 7.76 11.88 9.02 6.32 6.71 5.91 7.73 7.35 12.91 7.44 7.83 11.81 14.64 9.31 7.85 4.12 5.87 6.17 3.53 3.2 5.54 6.12 6.82 7.39 3.05 3.74 3.99 5.1 5.82 4.45 5.15 3.56 4.68 4.1 3.83 2.8 3.12 3.64 6.13 6.21 4.92 3.73 4.48 2.73 6.45 10.58 8.67 4.45 8.75 4.12 7.21 6.38 5.38 9.63 19.85 8.77 20.59 14.11 10.41 7.43 6.82 8.23 3.6
2.04 8.38 13.83 17.79 12.48 8.64 5.36 5.85 8.07 7.36 9.58 9.06 10.55 12.42 17.09 8.57 5.75 2.25 2.85 4.58 6.53 8.33 8.43 4.19 7.3 7.01 4.59 3.18 3.01 6.7 4.45 3.85 4.66 4.72 2.55 2.81 3.14 3.57 3.5 5.52 3.57 2.99 4.68 4.9 6.24 4.95 5.3 5.24 5.31 4.03 7.82 6.71 10.33 8.04 18.1 12.07 8.0 18.85 6.66 4.87 5.0 5.55 6.96 4.96
5.47 5.98 18.49 17.37 7.05 12.35 8.59 8.39 13.33 7.82 7.93 10.94 12.0 7.36 12.57 9.45 8.56 6.67 4.07 4.81 3.8 3.68 4.89 4.43 3.14 6.14 4.01 3.98 4.73 3.57 3.16 4.13 10.45 7.65 7.23 5.34 4.1 2.22 3.83 8.83 6.6 6.9 8.38 5.96 5.99 4.99 5.15 2.9 4.78 5.87 7.28 6.73 5.74 3.71 12.22 9.1 5.75 6.44 4.39 7.59 8.06 4.52 4.0 4.4
8.66 8.63 11.19 11.74 7.91 15.15 9.42 11.61 8.31 5.7 5.65 6.49 7.17 8.88 10.1 11.69 6.35 6.12 8.2 7.28 6.88 4.05 5.97 3.87 2.29 2.9 3.62 4.03 6.05 10.74 3.06 3.28 4.82 6.45 14.49 6.18 10.64 10.59 8.38 6.13 5.79 10.52 11.53 10.21 7.68 9.66 5.62 3.85 2.44 4.34 5.18 4.07 4.78 6.46 8.88 8.98 6.15 4.92 3.76 10.11 7.48 6.5 5.55 4.87
15.91 10.88 9.96 10.94 8.98 7.93 4.24 9.76 8.43 5.28 4.96 4.81 5.55 6.12 7.03 7.75 4.8 5.33 5.84 6.41 6.42 6.04 4.42 2.94 3.65 3.31 6.2 5.89 8.7 11.1 4.0 2.53 5.94 8.86 8.03 18.24 9.94 23.44 13.93 7.3 10.53 8.25 16.79 12.31 6.34 8.62 4.8 3.9 3.83 4.65 3.05 2.77 2.76 6.04 9.26 4.72 12.09 15.37 8.73 8.96 13.25 10.69 8.15 6.33
8.11 11.23 10.9 12.42 8.96 8.13 14.7 10.18 10.04 5.02 5.18 3.67 7.95 4.03 5.19 5.61 4.55 5.93 11.94 8.42 4.81 3.87 3.07 3.13 2.59 5.91 2.48 5.45 6.6 6.01 5.97 4.17 5.44 6.86 7.01 12.5 8.2 12.99 17.94 11.24 18.41 11.6 13.49 14.1 9.78 6.69 6.76 2.95 2.94 5.28 7.13 4.69 2.04 4.43 9.05 5.97 7.9 15.18 8.43 19.04 13.77 11.09 13.07 12.34
10.65 9.65 6.66 9.3 7.3 6.57 7.52 6.19 8.28 10.96 7.26 4.43 4.88 6.45 8.09 4.69 3.28 6.8 13.02 7.4 7.13 4.45 3.79 2.54 3.22 8.14 4.15 2.8 4.35 3.08 4.17 4.99 4.48 6.09 4.97 5.27 8.74 7.52 11.29 11.24 17.38 9.3 13.44 13.8 6.6 3.3 4.49 7.7 4.34 4.67 7.13 5.17 4.83 4.49 5.03 2.9 12.67 16.72 8.5 17.38 17.7 13.12 24.07 14.68
6.31 10.78 7.08 14.47 6.09 7.53 7.16 5.2 9.46 6.73 3.3 6.65 4.29 4.58 11.59 6.43 3.49 12.89 12.24 4.56 6.16 3.9 2.61 2.59 2.9 6.12 7.42 6.74 6.14 4.89 4.88 5.91 2.88 8.55 6.58 4.48 5.86 5.15 3.8 7.23 10.49 7.77 12.75 12.47 7.44 6.59 6.15 4.86 4.34 4.38 5.83 6.33 5.32 2.64 1.76 3.52 5.74 6.85 10.72 18.28 34.11 25.52 25.61 13.3
7.41 7.68 3.42 3.72 5.62 4.8 6.75 11.88 9.58 9.11 9.61 5.63 4.28 3.17 12.58 5.34 5.04 6.14 9.41 5.41 7.81 7.55 4.92 6.47 3.12 4.38 9.3 10.02 15.35 8.98 5.19 3.92 3.26 6.85 7.52 6.99 6.34 5.82 3.86 5.7 9.91 8.27 8.97 7.11 8.72 12.63 4.67 2.95 3.44 4.75 7.35 8.76 6.04 4.51 2.0 4.22 6.14 6.32 15.1 23.52 15.37 24.15 17.73 10.54
4.28 4.18 6.22 3.92 4.11 4.16 4.65 5.81 5.62 7.05 9.73 8.21 6.32 10.02 9.01 6.07 6.73 5.36 7.08 8.15 12.12 9.52 6.42 11.44 6.06 6.43 14.99 22.0 13.56 6.98 3.63 5.1 7.26 3.51 8.19 10.18 8.53 8.03 7.74 6.74 9.72 6.47 7.29 3.74 5.22 9.01 8.63 4.17 6.63 3.51 2.68 12.16 6.64 5.06 3.32 7.47 14.25 16.42 27.95 23.23 25.41 8.86 14.33 12.54
7.47 9.36 6.28 9.34 3.53 5.75 6.15 7.04 6.69 13.32 5.99 5.02 5.49 6.96 9.08 8.47 6.57 7.96 10.61 13.13 9.25 14.02 9.49 12.5 11.65 8.7 11.09 14.41 5.45 5.12 3.1 6.69 6.74 6.62 10.17 9.34 5.72 10.22 8.52 8.43 9.31 7.34 3.63 3.8 6.09 14.2 9.51 3.27 2.45 4.53 6.01 9.49 6.79 5.92 6.18 11.77 10.09 10.87 22.85 24.02 25.67 11.66 18.18 23.35
11.59 9.51 4.59 6.04 10.23 7.71 14.78 4.85 6.08 10.49 16.48 10.0 8.2 5.24 13.57 6.67 4.95 4.32 9.43 9.66 18.5 12.4 14.43 13.51 15.01 8.46 6.39 7.04 4.84 4.29 1.95 4.52 10.55 9.08 8.42 6.52 8.09 8.75 7.5 4.9 5.66 4.37 7.53 1.91 6.53 7.75 9.81 4.24 4.19 2.88 3.49 5.42 6.17 14.55 7.7 13.57 8.48 14.24 19.87 26.07 10.26 6.99 17.68 23.93
11.42 8.85 5.22 6.13 4.65 6.4 13.66 15.62 13.36 9.1 6.42 10.93 11.99 6.71 7.08 7.01 4.76 9.83 8.91 7.81 16.55 15.23 19.97 14.24 6.13 7.79 7.33 5.04 5.04 5.69 9.44 8.68 5.33 3.89 4.75 6.21 9.48 7.52 4.87 7.78 4.59 3.14 5.4 3.29 4.26 4.57 5.39 5.77 5.08 1.61 2.49 4.32 9.0 8.56 6.82 12.58 7.1 12.78 18.85 36.35 10.33 14.85 16.64 9.14
9.87 7.76 4.02 5.63 6.42 7.84 12.71 14.95 12.57 11.35 9.13 7.53 5.7 6.42 4.31 9.79 4.85 5.47 11.33 12.09 20.09 22.32 23.34 18.2 6.06 13.73 7.99 7.11 6.11 9.14 6.69 6.48 4.68 4.14 5.11 6.61 12.43 11.27 5.53 9.55 5.61 6.22 3.63 3.74 2.09 4.55 6.37 9.84 3.33 2.32 3.49 5.02 6.6 7.0 6.02 10.13 8.56 9.43 11.84 24.77 9.3 11.77 11.99 9.86
9.19 7.22 5.15 3.67 5.48 11.81 11.9 12.76 20.01 7.63 8.27 7.54 7.93 4.21 6.97 8.91 10.07 7.43 9.32 11.46 14.4 13.95 27.43 11.13 11.54 9.76 9.8 8.04 6.68 10.53 11.83 10.73 6.71 6.12 4.08 6.02 6.04 5.22 13.82 8.49 9.66 6.88 8.18 5.74 3.18 5.71 12.01 11.81 9.81 2.77 3.6 4.88 12.35 4.58 9.87 8.38 7.23 13.72 10.73 12.06 13.33 5.51 4.0 5.47
6.91 7.17 7.19 8.37 4.67 4.9 13.42 25.97 28.41 11.02 5.92 6.11 9.26 4.83 5.99 9.11 9.45 7.94 4.76 10.79 11.21 15.9 9.4 11.13 7.16 15.13 8.8 7.33 8.02 6.13 14.3 7.36 6.47 6.9 6.37 15.22 11.21 5.97 17.91 8.66 7.96 7.81 7.25 6.55 7.65 5.91 13.85 11.72 8.36 7.68 6.88 6.07 8.75 7.66 7.88 12.2 7.15 16.91 10.64 9.59 12.77 8.23 6.28 9.64
10.92 9.56 6.82 8.78 4.93 11.2 17.53 21.2 17.53 17.56 11.1 6.57 5.84 5.51 6.12 5.86 7.7 4.5 5.28 6.31 8.96 7.0 6.01 8.73 6.05 5.34 4.02 9.62 15.93 6.02 5.99 9.67 8.06 5.61 6.88 16.21 26.01 14.07 16.16 8.38 5.84 13.1 12.9 13.77 7.39 7.21 5.39 12.53 5.79 6.51 11.09 11.38 8.63 12.79 7.62 6.6 12.25 17.59 9.15 13.94 14.41 9.53 5.23 10.22
15.07 15.3 16.39 9.34 5.22 16.88 24.15 14.89 12.74 9.38 9.39 7.71 6.47 4.48 5.92 6.73 5.04 3.59 5.07 2.8 6.25 9.54 9.85 8.66 10.08 4.45 2.26 5.34 9.9 6.03 9.03 15.6 4.63 7.14 11.75 15.88 18.84 17.86 12.57 4.67 3.88 4.46 8.5 11.66 9.23 8.32 12.42 13.9 9.08 13.53 19.45 10.29 4.6 11.96 11.16 10.41 31.42 14.2 18.83 10.62 13.61 10.49 5.14 7.38
12.05 7.02 18.48 19.48 12.79 14.49 9.08 13.2 10.6 7.43 10.0 5.99 4.05 3.74 3.31 6.19 4.89 4.25 4.71 4.33 5.16 11.03 4.55 5.22 11.0 7.27 5.97 6.89 7.12 10.68 8.68 18.27 4.75 9.06 15.54 17.83 15.21 8.8 7.12 4.02 4.67 3.27 4.25 5.66 7.27 8.87 7.0 7.5 7.92 11.55 25.14 12.05 11.04 24.58 10.74 13.18 31.06 19.07 42.87 25.11 8.98 10.02 11.65 6.64
11.11 5.81 10.02 8.06 20.91 13.92 8.73 10.09 10.1 6.7 10.72 12.09 2.42 4.24 6.68 7.56 9.17 5.56 3.29 2.74 2.29 6.97 5.81 8.14 10.02 4.58 6.34 9.65 6.29 4.5 12.22 13.07 17.71 9.81 7.49 8.66 12.51 5.9 4.72 4.32 7.9 3.21 6.13 5.96 10.85 18.57 7.5 6.17 6.69 6.85 7.74 13.92 5.42 9.27 11.34 29.44 28.39 23.32 65.78 39.85 11.5 8.97 7.08 8.37
10.49 8.31 3.74 16.27 19.44 11.82 15.04 8.61 6.08 6.38 8.34 11.83 4.45 5.27 8.78 5.75 7.2 5.63 4.55 2.65 4.91 5.81 8.84 6.92 10.09 9.57 7.71 6.72 5.76 5.2 8.56 6.8 5.32 7.87 11.31 11.51 9.24 5.64 4.7 6.29 6.14 6.29 5.87 7.71 18.0 11.47 5.77 3.72 6.63 9.51 11.03 19.87 11.38 4.68 4.54 21.48 28.98 24.35 59.62 36.03 11.75 11.46 7.52 12.09
10.76 7.56 6.32 13.07 16.64 10.55 17.77 10.15 8.64 9.45 10.21 11.62 7.3 4.64 10.06 5.21 5.8 4.73 4.08 4.56 4.22 4.41 5.53 9.88 7.04 11.0 7.31 6.11 5.81 9.41 10.51 15.98 5.64 5.49 6.67 8.37 11.32 14.29 9.18 9.72 5.33 13.51 12.39 6.44 18.56 10.47 3.22 4.67 5.35 6.66 8.34 17.22 10.23 12.41 8.53 20.5 28.87 19.23 24.8 20.51 5.87 7.41 9.64 21.69
15.13 7.34 6.51 12.24 11.52 14.91 18.45 17.23 10.34 15.77 12.48 11.55 8.47 4.49 8.87 9.54 8.21 7.57 5.56 8.03 6.44 5.13 4.49 5.59 6.92 6.38 6.13 4.64 4.64 5.19 11.46 23.65 9.13 6.87 5.79 7.29 11.65 10.78 10.14 17.67 18.63 17.18 17.4 8.27 18.4 9.75 8.57 4.28 11.96 17.15 25.9 8.6 5.91 10.02 7.23 18.62 20.32 13.33 10.64 13.35 13.53 8.73 11.01 6.25
10.43 8.74 11.22 8.18 11.2 18.35 13.02 20.95 6.43 21.84 15.7 9.01 4.19 8.87 8.58 10.12 9.37 5.23 7.62 15.91 10.6 4.36 2.54 6.41 14.4 9.61 3.52 2.48 7.31 5.36 12.84 11.9 10.43 5.54 5.39 7.4 8.1 8.19 12.99 40.05 26.62 20.33 11.36 9.34 10.35 10.93 15.97 13.8 14.94 14.39 19.62 9.86 11.9 10.07 11.51 10.98 13.52 7.71 4.97 8.16 6.72 9.5 8.82 5.39
