5.87 11.29 6.93 11.16 21.84 35.93 17.27 13.23 22.58 19.31 13.84 4.92 7.93 12.11 14.92 19.3 15.04 16.66 22.37 15.2 10.89 8.85 8.23 9.22 5.92 7.2 12.75 9.83 8.88 5.05 3.85 7.79 10.86 8.23 8.0 7.51 9.75 8.78 6.68 6.73 15.31 14.02 37.32 43.2 39.11 26.59 26.2 17.11 13.01 10.5 10.81 8.03 9.76 14.56 14.43 5.24 5.14 5.32 4.82 7.28 8.89 5.25 4.04 3.21
9.52 9.28 10.24 7.61 20.24 24.98 17.21 14.84 11.78 19.32 10.02 4.13 6.51 8.18 6.92 33.05 19.85 15.95 14.56 16.71 11.49 17.12 17.95 13.45 13.46 10.72 8.49 5.22 3.94 3.33 3.01 8.84 20.04 10.5 13.36 8.75 15.51 13.37 7.63 5.49 13.76 15.31 23.4 24.64 17.81 17.22 23.94 13.86 12.02 13.46 9.4 6.18 10.95 11.62 14.18 9.98 7.1 11.67 7.11 5.1 6.14 5.43 5.9 6.32
4.68 8.76 7.84 6.71 17.21 14.87 11.37 20.4 10.61 13.26 9.17 5.79 3.98 9.55 8.12 7.72 14.67 11.58 11.25 24.68 15.6 15.39 13.08 7.36 6.76 16.08 6.82 6.51 6.44 3.71 7.51 23.12 11.18 14.61 13.41 16.45 14.74 15.07 5.06 7.01 12.82 15.3 26.58 24.42 6.96 15.12 23.77 11.29 12.9 24.87 12.62 5.33 8.43 18.73 19.6 7.86 5.96 16.15 10.39 5.08 4.05 3.43 8.39 6.36
6.82 6.72 4.55 6.83 12.0 10.89 6.6 10.62 13.56 10.86 19.38 10.68 9.99 4.92 11.12 11.47 5.6 9.67 19.77 24.49 21.15 10.86 7.83 4.81 8.77 24.81 12.91 10.22 6.83 11.91 15.39 18.12 17.51 8.07 16.52 13.38 11.13 7.88 3.98 9.82 11.07 13.94 11.64 22.43 23.73 18.97 30.12 11.77 11.72 8.97 16.81 7.4 5.52 18.04 32.29 9.15 9.61 8.4 7.45 6.77 6.04 5.58 6.33 8.54
8.32 3.81 4.88 4.27 4.28 5.79 10.51 16.01 12.14 15.24 14.89 7.71 8.2 10.91 5.49 8.16 8.83 11.92 20.96 18.38 12.22 11.09 10.3 7.38 8.68 14.72 33.87 35.39 13.28 16.77 11.4 25.28 20.37 8.26 7.11 18.25 8.79 4.86 6.24 14.46 10.19 24.71 24.19 18.47 27.26 19.76 10.57 15.03 5.75 4.74 9.07 7.54 5.63 25.16 26.65 6.58 7.24 11.51 7.63 9.53 8.57 12.29 6.1 10.16
9.16 3.28 2.9 3.73 7.84 6.14 13.11 8.94 9.18 8.17 7.08 3.81 5.58 8.01 6.31 4.25 9.67 10.25 10.41 8.51 10.03 5.36 9.56 29.56 16.83 17.53 47.73 19.23 15.95 28.72 13.07 18.59 12.68 5.79 5.39 7.08 7.95 4.72 7.0 8.82 27.42 15.62 10.96 10.92 24.04 16.72 11.1 10.81 3.49 3.84 6.65 7.77 15.65 20.82 14.18 15.04 9.59 12.13 12.14 15.12 30.99 23.0 8.65 9.22
3.08 4.72 3.95 4.89 4.1 13.4 8.45 6.64 6.81 5.97 2.48 3.26 11.04 5.32 6.0 6.27 5.87 10.8 3.91 6.94 17.33 5.54 8.46 15.35 15.6 13.45 41.46 19.01 15.51 23.62 14.91 19.36 7.03 3.68 7.43 7.49 8.58 5.59 2.76 4.96 11.37 16.89 5.95 10.38 25.85 12.03 5.81 7.35 3.05 3.45 8.72 7.09 9.61 21.69 11.51 12.43 16.6 13.69 14.94 20.61 25.46 12.98 8.08 10.16
1.5 2.17 3.16 4.32 4.25 6.56 6.7 5.79 5.94 4.28 6.35 8.62 18.33 6.9 5.01 4.78 6.12 4.27 4.5 8.02 8.65 6.69 10.41 9.45 7.61 10.8 17.25 17.07 21.66 10.38 12.1 7.53 4.96 6.36 8.8 10.29 13.5 8.69 4.99 2.78 3.24 6.42 7.36 5.79 16.74 9.95 6.19 5.93 6.01 3.12 8.71 8.02 13.4 14.14 18.62 16.48 9.81 12.49 10.72 15.98 20.87 16.29 11.76 5.61
2.54 2.38 3.68 3.29 5.67 7.26 8.71 6.43 6.05 6.28 7.85 8.89 10.64 7.43 5.36 9.21 8.98 8.8 6.97 6.69 9.35 4.49 4.26 10.04 9.77 18.58 17.94 19.88 10.56 9.82 12.3 10.24 3.41 7.04 13.58 7.8 13.61 9.39 4.4 1.92 3.54 5.06 8.55 5.22 12.69 17.64 8.85 3.09 4.8 8.4 7.92 12.31 20.77 18.13 21.87 37.55 13.64 15.0 18.29 18.91 12.31 12.07 10.23 4.45
4.96 2.92 2.5 3.86 5.31 6.0 5.29 9.64 5.69 6.24 5.94 9.08 8.59 5.43 6.47 12.9 6.86 15.55 16.73 6.21 6.1 5.36 5.54 16.38 16.03 22.82 23.66 26.03 11.59 7.63 12.84 8.47 3.23 7.01 12.56 9.11 9.18 8.6 2.45 1.89 2.96 10.96 8.1 4.59 15.94 16.81 12.81 9.38 4.4 4.08 9.89 15.22 22.42 10.92 19.31 18.18 10.85 11.05 14.25 15.87 17.63 12.26 12.01 6.74
7.28 3.06 3.64 5.2 9.07 9.48 10.37 7.2 5.36 3.95 4.2 7.75 12.14 9.24 13.27 8.66 5.77 10.54 7.13 4.55 2.28 2.8 5.39 11.04 11.2 29.06 19.16 28.92 21.45 8.08 10.51 9.39 4.31 6.43 5.99 5.79 7.31 6.91 6.13 4.74 3.92 12.5 14.16 7.01 10.04 14.81 9.3 12.56 9.92 3.48 4.23 12.08 21.04 8.18 17.24 7.51 4.16 14.64 8.8 9.77 14.02 16.65 11.35 8.31
10.47 6.74 2.96 6.05 9.96 8.1 7.37 7.68 5.62 7.56 9.44 6.44 9.5 5.54 10.67 15.92 6.64 6.18 3.81 3.22 3.48 3.73 7.27 8.0 25.05 26.73 19.44 30.51 11.41 14.66 10.41 5.9 3.67 8.51 9.62 22.13 12.15 3.69 2.88 4.59 6.64 12.33 15.46 10.0 10.94 11.3 18.18 5.26 10.73 6.04 4.03 10.44 12.59 3.21 3.99 6.42 13.18 12.37 13.74 10.89 8.64 10.47 5.85 3.94
7.49 6.11 5.9 7.36 12.6 8.91 9.29 5.8 15.84 6.14 9.3 8.56 10.33 4.58 5.51 5.96 5.87 5.95 4.46 3.59 4.34 3.81 8.0 12.31 20.87 23.04 10.01 30.2 13.49 13.85 8.7 5.55 5.39 13.81 12.82 17.93 16.28 7.03 6.83 5.14 8.12 9.97 17.44 14.86 10.17 8.59 11.76 10.37 7.67 8.95 6.09 10.76 11.27 6.38 4.43 8.1 20.24 15.41 6.66 7.93 6.02 11.54 16.22 5.34
8.77 5.31 4.71 6.79 11.45 9.22 12.65 8.92 12.84 11.94 10.5 13.07 9.46 5.72 8.25 7.61 6.68 12.72 8.82 5.08 3.56 7.73 8.94 12.94 23.18 21.93 18.71 15.22 19.4 15.85 16.2 5.92 7.19 14.58 20.17 19.86 19.02 8.53 11.06 6.85 5.74 9.64 10.11 11.84 10.53 14.79 15.04 7.57 4.98 11.48 8.1 9.3 13.05 7.1 6.15 16.77 15.96 17.79 16.19 7.07 5.16 6.77 9.07 7.22
5.91 5.62 10.53 6.43 9.32 13.17 7.48 11.92 12.35 8.78 14.97 15.05 8.34 8.25 10.44 5.13 8.44 11.25 10.81 8.03 6.59 7.39 7.11 5.59 20.4 27.42 16.41 24.55 27.16 21.65 25.13 19.68 18.15 19.55 27.72 22.87 22.43 11.72 6.78 13.27 10.13 16.06 16.52 13.67 3.77 10.52 18.83 5.08 6.56 9.63 6.11 5.78 11.12 7.6 4.97 25.37 28.27 14.89 6.35 4.45 3.96 4.73 10.2 11.71
5.51 4.33 6.39 11.49 6.82 7.32 8.21 18.54 15.33 9.77 18.27 24.89 8.16 9.59 19.25 6.57 6.79 8.61 9.85 10.3 8.8 7.16 9.02 8.66 15.16 18.12 16.32 13.11 22.73 23.68 19.06 15.1 15.48 19.36 30.22 30.72 11.45 13.7 13.95 9.53 23.3 8.38 9.39 12.79 6.66 8.37 12.66 10.28 4.79 9.7 6.91 5.7 13.39 10.33 6.82 16.38 23.8 15.04 8.1 6.01 3.97 3.87 12.75 10.13
4.58 6.95 6.61 14.23 7.3 6.15 8.76 12.83 7.89 7.73 26.83 21.96 5.99 9.88 13.79 10.97 9.07 7.42 5.95 8.09 12.16 15.93 21.63 16.58 20.62 15.12 9.11 14.53 37.06 28.89 19.66 12.76 15.18 20.94 19.59 16.06 10.58 13.1 15.4 16.69 9.24 5.72 7.22 9.07 6.85 7.47 7.11 8.76 5.71 5.97 10.17 8.13 10.01 16.94 10.19 11.31 21.79 11.52 8.14 6.24 7.99 10.64 10.08 12.26
4.62 4.15 5.85 5.59 5.41 9.03 8.75 18.35 11.0 6.88 22.67 15.6 8.83 10.71 6.83 13.86 6.79 7.62 6.4 7.12 11.43 25.65 32.03 17.99 12.76 14.39 11.03 9.59 17.34 27.27 19.55 19.11 16.56 15.93 16.62 15.51 14.09 15.78 11.55 16.05 14.31 6.23 7.44 7.42 5.17 8.11 11.44 9.14 5.05 6.69 11.14 14.95 17.27 7.58 7.82 8.43 9.6 22.87 9.98 7.77 8.09 11.57 11.72 13.64
3.6 5.25 8.97 6.92 5.89 6.57 5.73 10.42 6.99 13.03 11.69 7.93 8.28 7.25 7.38 9.06 11.3 5.12 11.8 5.16 8.88 10.65 13.18 13.17 9.14 13.11 20.88 16.42 20.97 23.99 16.51 13.7 10.38 9.3 8.77 12.09 11.92 15.68 24.55 17.44 9.85 9.22 7.17 4.2 5.59 4.47 4.78 5.55 5.55 7.74 19.74 11.13 31.71 15.47 16.7 13.56 20.12 17.63 17.99 24.77 12.41 5.66 18.92 11.2
3.81 4.32 3.65 4.95 6.17 11.29 11.46 9.87 5.95 4.74 9.02 7.03 11.56 4.7 4.93 9.46 6.38 9.43 11.08 5.26 9.45 15.22 9.38 4.48 6.36 14.96 18.13 18.98 5.36 15.0 11.68 10.23 9.24 7.39 4.6 10.58 18.11 12.89 12.06 12.26 8.07 12.37 7.19 3.92 6.04 4.72 4.12 4.04 6.69 6.38 12.07 16.69 13.96 17.1 23.77 22.96 37.93 32.08 15.18 11.94 9.62 6.06 10.27 7.85
2.52 3.52 5.45 2.38 4.98 9.56 7.93 4.99 11.22 6.52 7.42 5.49 9.04 3.4 6.88 11.58 7.17 7.42 7.19 7.8 5.72 5.35 3.33 6.51 9.74 12.17 13.0 9.34 4.66 4.29 7.25 6.54 8.17 5.59 6.03 7.01 7.85 10.45 14.05 9.0 8.44 5.98 3.25 2.92 4.47 3.06 3.19 3.47 5.73 5.23 6.67 19.83 21.66 17.63 18.56 18.29 11.34 12.0 13.85 9.17 7.45 6.84 10.04 6.93
1.76 2.7 5.11 2.49 4.72 4.29 5.83 5.95 4.62 5.43 7.02 13.55 12.3 7.8 6.89 8.38 4.96 4.0 5.52 5.78 3.73 1.84 2.79 5.61 5.35 10.61 10.01 4.1 5.75 6.36 4.41 11.39 5.94 9.16 9.53 15.11 7.86 8.63 11.24 6.29 6.82 6.35 2.59 4.91 3.33 3.74 2.49 4.61 3.36 4.18 6.7 13.55 15.67 14.19 13.14 10.74 6.73 5.97 5.74 6.84 4.95 5.82 5.51 3.85
2.79 2.79 3.84 3.01 2.46 3.21 3.05 9.25 5.04 3.8 6.98 9.14 15.87 12.53 8.44 6.18 5.12 4.3 3.2 3.92 3.1 1.65 6.54 5.56 4.38 5.64 5.85 3.42 5.43 3.88 4.67 7.43 11.64 10.1 6.12 4.33 7.75 8.56 10.54 9.59 6.43 6.03 3.98 4.48 3.36 3.18 2.65 5.76 5.24 5.64 7.37 17.36 7.48 10.56 23.45 9.07 7.53 6.41 4.68 4.83 6.89 3.19 3.84 4.75
1.68 2.13 2.1 5.56 5.65 3.25 7.66 7.95 5.22 5.39 8.59 8.12 16.55 12.26 6.21 4.03 6.44 4.8 4.87 5.9 3.83 3.97 4.62 3.22 5.44 5.96 4.13 3.23 5.03 3.58 4.18 5.75 7.12 9.87 3.86 5.68 7.15 8.28 15.62 10.07 7.55 8.27 6.44 5.77 2.79 2.18 2.31 5.1 3.88 3.5 8.57 6.36 5.02 6.76 9.94 16.39 7.34 14.8 6.36 6.96 7.64 4.78 3.77 4.13
1.77 4.69 4.3 8.82 5.52 6.01 8.81 9.11 5.26 7.56 6.02 5.75 9.88 11.14 3.8 4.14 6.83 6.05 6.45 6.86 3.51 4.7 7.27 4.61 5.22 10.83 8.08 4.97 8.42 5.0 4.21 4.45 13.49 10.21 5.4 5.93 5.1 12.11 17.25 8.72 7.39 6.19 7.9 5.56 4.08 2.49 2.51 1.94 1.7 2.25 9.24 8.12 5.39 6.68 5.8 13.51 8.29 7.56 5.77 10.04 9.03 7.2 3.26 3.12
3.38 5.88 6.82 9.46 6.78 8.17 12.7 11.98 7.64 14.77 10.07 6.07 7.89 4.44 3.17 4.42 4.12 6.66 9.61 3.58 6.28 2.93 4.05 9.93 9.61 7.15 7.31 9.39 7.34 7.88 3.35 3.62 26.85 12.65 10.53 5.61 6.02 7.71 11.96 6.95 5.99 6.03 6.99 6.3 2.65 2.49 3.37 4.87 3.56 3.15 3.36 9.69 10.85 6.51 6.95 8.89 6.53 4.57 5.84 6.43 10.84 6.9 4.07 2.89
2.52 4.12 7.77 5.81 4.21 5.32 7.31 13.78 6.32 10.35 10.56 9.95 6.69 7.62 8.66 7.05 5.39 6.91 5.13 4.96 5.12 6.4 6.52 19.86 26.14 10.9 5.45 9.31 10.95 3.04 6.17 11.97 8.75 15.77 7.67 4.53 6.59 4.43 5.9 5.05 3.89 3.87 7.09 2.88 2.76 4.36 3.8 4.34 6.19 5.49 7.92 6.4 15.06 8.64 13.85 8.98 6.25 5.12 5.25 6.67 5.41 3.73 4.03 4.52
3.76 4.53 9.6 7.38 3.3 3.36 7.65 10.08 11.86 6.82 11.7 6.4 9.13 5.5 5.45 4.92 3.52 5.26 4.81 6.81 12.19 10.44 13.1 17.96 15.84 8.74 5.2 8.43 9.03 7.27 7.05 19.3 15.34 12.08 12.14 6.88 6.29 7.59 4.93 2.57 2.28 4.09 4.59 3.8 3.61 4.75 8.74 5.02 7.44 7.65 4.27 7.16 11.06 8.96 10.64 7.05 5.08 9.54 6.03 5.12 6.88 5.83 4.94 5.62
8.04 6.02 5.43 5.15 3.46 3.89 5.1 9.72 8.96 5.82 7.81 6.44 9.08 10.8 5.36 5.65 2.98 5.58 3.5 5.98 10.51 20.32 13.07 19.97 16.56 7.31 6.27 6.9 6.3 12.76 6.41 9.51 12.91 14.97 8.51 11.19 8.68 6.31 10.43 4.21 2.18 2.43 3.54 2.99 4.63 8.57 5.52 6.14 9.56 12.84 8.6 6.94 6.54 9.18 5.15 3.31 6.53 7.35 5.73 7.48 10.62 8.93 9.56 9.49
11.85 8.34 9.8 3.71 4.58 3.38 5.8 10.84 10.56 5.97 3.07 4.37 5.14 6.05 9.31 6.77 5.01 5.29 3.69 3.47 5.54 8.22 9.3 13.14 12.73 11.78 6.02 4.18 10.43 9.53 8.26 15.59 12.68 12.42 12.12 10.6 12.09 7.3 9.5 7.52 4.42 4.25 5.15 8.44 3.55 10.18 9.85 7.8 6.47 9.44 8.26 10.4 6.35 8.56 3.9 3.98 8.68 15.08 6.63 8.08 13.94 10.7 8.22 8.32
3.59 4.28 8.62 6.47 11.0 8.35 5.82 7.24 10.12 7.35 3.6 2.34 11.39 12.5 7.94 6.94 4.7 4.55 4.65 5.2 5.25 5.73 9.41 9.91 8.57 7.77 4.33 4.95 12.13 6.65 5.81 6.19 6.92 9.49 9.64 10.8 7.54 8.72 13.08 5.76 5.36 10.02 7.23 9.01 7.73 4.95 9.98 5.57 11.09 22.17 10.98 9.42 10.16 7.02 4.39 7.51 9.78 11.43 6.68 8.06 11.08 14.29 14.47 10.22
3.04 6.04 6.78 8.2 13.07 10.69 5.23 9.5 6.19 6.02 2.63 2.72 4.68 4.14 6.56 5.56 4.92 3.7 4.67 4.41 5.88 5.08 6.75 12.73 8.81 8.01 7.27 5.18 7.31 4.73 12.15 9.15 11.34 9.49 6.73 10.64 11.89 8.1 13.23 10.62 7.7 4.83 6.07 7.87 4.96 5.46 6.56 5.06 8.49 14.59 12.38 10.54 7.29 7.7 7.77 14.21 5.75 10.21 8.13 17.4 7.05 10.89 23.21 9.5
3.94 11.26 14.48 10.6 8.01 5.48 5.4 6.39 9.8 6.44 3.01 3.57 3.64 2.52 4.83 6.43 3.45 4.99 3.92 4.7 4.93 6.88 8.21 11.18 9.06 5.4 5.22 6.52 4.18 4.08 13.41 9.63 7.19 11.02 16.88 7.82 18.97 10.06 11.01 9.73 16.97 5.81 7.17 10.73 4.19 6.85 5.79 6.81 11.63 32.3 18.68 17.6 9.22 8.88 5.48 7.54 5.74 5.02 10.91 11.35 5.43 9.52 15.28 11.5
5.7 10.31 8.81 8.45 4.14 4.62 4.9 4.73 6.92 5.75 3.21 3.83 2.98 4.77 3.44 6.66 3.71 6.03 4.87 7.01 6.39 5.33 10.78 8.19 11.15 6.03 4.21 4.5 3.22 2.6 12.84 7.83 7.83 6.56 10.01 9.54 17.48 16.03 10.77 10.33 17.31 6.83 5.48 7.35 5.84 7.03 8.49 12.38 15.06 21.97 19.1 14.83 12.43 9.93 8.68 4.48 4.52 5.53 14.9 10.59 12.66 15.05 7.37 11.2
4.31 5.91 6.07 6.54 7.35 4.37 2.34 3.55 3.62 3.96 2.45 5.66 6.06 6.63 5.68 4.68 4.01 6.7 4.33 6.23 7.48 3.74 12.12 9.81 5.71 3.89 6.19 3.95 3.34 4.79 5.95 5.73 5.89 14.81 9.93 13.93 20.6 20.76 8.74 10.45 15.08 10.26 5.47 7.87 6.97 8.65 7.44 15.44 17.79 11.44 16.46 10.59 8.9 9.1 9.7 4.91 5.86 7.32 11.97 19.38 10.23 8.5 6.19 5.17
4.22 2.6 3.51 10.07 7.4 6.51 4.11 4.49 3.39 2.98 1.56 2.49 7.34 5.64 7.76 4.23 3.04 12.14 8.93 4.54 4.47 8.18 9.06 7.77 2.62 4.33 6.74 7.33 4.18 4.05 5.45 10.75 15.19 14.3 17.35 11.08 15.99 11.04 4.9 4.5 7.64 8.69 6.84 6.34 3.82 3.09 12.03 13.93 15.3 14.1 21.82 7.31 4.83 17.65 12.7 4.37 10.56 8.67 14.66 14.53 8.57 6.07 5.31 4.57
4.47 1.84 3.97 8.1 5.09 6.05 1.92 1.74 3.68 2.58 4.09 5.87 5.54 6.94 8.61 6.42 9.22 9.06 5.8 4.1 2.31 5.41 8.97 4.82 4.71 10.52 8.79 7.23 3.75 3.33 3.0 9.63 11.48 27.84 26.48 25.66 11.42 12.25 7.9 6.31 6.18 8.48 3.86 3.07 3.68 4.45 8.31 18.29 18.0 16.66 24.71 8.12 5.85 12.06 6.94 4.46 3.58 4.57 6.45 7.47 7.42 5.97 4.54 7.2
5.95 2.92 4.92 5.06 4.79 2.73 2.69 2.28 3.46 2.26 3.47 6.33 9.66 11.55 15.62 7.63 10.04 10.75 4.17 2.44 2.66 5.73 6.52 10.33 5.33 4.41 14.36 5.54 3.76 4.44 4.4 9.71 9.16 12.15 15.49 19.72 12.55 12.64 12.61 6.06 6.56 7.87 6.99 3.66 4.49 5.55 10.42 12.33 18.39 13.69 19.99 12.72 10.58 9.44 9.9 7.84 4.85 3.7 8.93 4.78 6.31 10.13 14.18 9.85
9.57 7.64 6.04 4.76 4.47 2.77 2.3 2.81 2.99 2.76 5.87 5.13 12.7 13.17 11.3 7.97 7.15 6.24 9.06 3.87 5.0 4.35 4.79 8.15 14.0 14.47 10.74 12.15 2.71 2.15 4.29 4.4 5.33 21.63 20.22 11.76 13.19 7.35 9.85 10.06 7.53 9.88 6.49 3.03 5.55 7.3 8.4 16.45 15.21 11.44 16.84 15.02 7.0 5.43 4.56 7.34 8.85 6.96 8.05 12.52 9.79 11.48 8.28 11.21
22.75 8.9 7.35 4.84 3.58 3.01 3.77 2.15 3.81 3.14 3.01 2.68 10.98 14.85 14.96 8.22 8.66 5.4 3.62 6.5 6.99 9.24 8.17 12.75 6.09 8.87 8.5 13.82 5.62 1.9 3.4 7.42 5.56 8.82 8.8 14.3 13.42 6.5 14.2 4.97 7.91 11.36 6.86 5.0 9.13 11.67 11.73 18.84 18.87 9.7 10.12 13.19 12.7 3.82 8.07 13.52 9.32 18.54 6.34 9.25 9.99 7.01 3.87 8.36
36.18 8.81 6.73 6.38 5.61 3.11 7.01 5.26 5.25 4.89 6.27 5.17 9.65 19.6 11.53 16.21 6.04 3.28 3.56 7.09 7.81 7.82 9.57 10.54 4.87 3.27 5.61 7.44 6.16 2.57 3.37 4.05 9.5 8.51 12.22 13.46 8.04 5.16 15.59 6.41 5.97 10.18 6.1 6.07 12.59 20.86 24.68 20.17 15.94 17.4 6.62 14.54 11.64 7.29 6.53 20.63 15.07 15.65 6.34 7.02 7.43 5.27 5.88 7.16
20.53 7.17 7.14 9.49 2.75 4.54 4.76 5.04 6.09 12.12 14.43 10.78 8.7 13.81 9.38 18.91 6.74 5.28 3.6 6.98 7.0 7.29 11.4 4.07 4.23 7.59 4.49 6.94 8.33 3.2 3.22 4.86 5.69 7.06 8.82 5.26 6.23 9.97 6.87 8.31 5.49 5.43 10.32 8.25 9.7 16.11 21.68 10.79 13.16 18.01 12.25 19.53 12.86 15.47 13.48 6.09 9.23 17.88 7.53 5.62 7.26 5.59 5.99 6.56
17.33 7.73 7.53 5.14 4.69 3.33 4.47 4.67 4.07 19.27 28.0 14.51 10.43 7.39 10.24 9.69 9.27 3.37 3.55 6.78 4.32 6.16 6.69 4.33 5.09 11.08 5.16 4.39 5.59 3.18 5.75 6.95 9.15 9.06 7.14 3.35 5.92 8.65 23.73 8.37 5.86 9.58 16.68 12.19 10.29 17.94 15.61 12.65 12.87 14.27 18.12 18.15 17.55 11.99 10.97 7.17 7.19 7.37 5.85 5.9 5.53 7.94 6.21 10.0
5.0 6.39 4.41 6.88 8.02 6.75 5.36 9.57 7.29 16.45 22.44 11.59 8.13 10.44 8.07 9.29 5.34 7.65 5.91 8.48 6.07 5.87 6.84 3.91 4.02 5.64 4.52 5.04 2.7 4.36 6.63 7.48 11.91 10.8 2.51 3.16 3.41 7.29 23.0 15.98 6.95 8.34 13.41 19.42 18.28 13.88 20.46 14.19 20.63 20.27 14.41 16.15 14.74 9.83 12.17 5.49 5.19 3.68 6.58 8.85 4.25 8.31 8.63 4.95
9.55 5.96 5.63 5.99 7.91 5.89 9.25 11.02 14.16 14.44 18.09 9.45 7.66 6.21 6.54 9.03 8.33 9.85 4.17 4.67 3.62 6.39 10.22 10.74 6.56 3.53 6.31 3.32 1.53 4.06 10.47 10.1 12.84 8.83 2.63 2.86 6.06 8.09 16.62 8.59 11.51 6.63 5.41 15.52 25.25 16.6 18.45 15.24 14.08 10.44 8.22 20.07 14.59 10.61 8.88 10.88 6.11 3.22 7.11 8.82 11.41 12.25 10.32 4.22
8.55 11.14 6.87 8.6 17.54 9.56 11.0 16.01 12.83 11.45 15.05 9.03 5.25 8.03 6.91 7.49 15.88 9.72 5.47 9.29 9.66 8.43 7.78 10.2 4.73 4.37 12.33 5.83 5.65 6.52 5.6 12.29 11.61 7.31 4.08 2.9 3.98 5.31 5.76 6.34 7.36 4.11 3.94 19.24 11.95 8.99 6.38 10.74 10.18 5.05 8.7 15.17 29.25 27.32 16.64 8.96 9.61 7.79 14.63 6.64 13.29 11.93 9.67 3.12
6.09 11.39 9.88 11.29 22.33 15.5 7.74 11.15 11.24 4.55 8.2 6.25 4.77 6.7 8.95 8.65 10.75 4.3 8.36 10.0 11.84 9.78 16.05 10.83 4.31 7.79 9.24 6.52 7.56 15.4 11.77 7.28 9.41 11.75 8.91 4.79 3.0 8.64 3.34 4.4 5.09 3.37 1.68 4.75 6.0 5.14 9.11 10.0 7.34 7.9 8.24 12.28 29.03 20.5 22.24 12.87 14.81 9.24 8.26 5.09 8.15 23.41 8.81 4.41
11.39 10.9 18.93 21.67 19.85 10.36 12.85 6.57 4.91 6.73 6.44 10.74 9.94 8.85 10.39 12.24 9.3 6.37 6.68 6.92 11.2 14.67 6.78 3.67 4.2 7.75 7.81 5.7 10.32 7.49 6.45 6.89 11.95 16.18 6.35 4.33 2.87 4.77 4.54 3.85 4.94 4.23 2.85 5.47 3.57 5.4 6.35 10.11 12.76 20.17 17.03 16.61 17.02 26.04 18.7 19.08 14.71 13.84 3.48 3.41 5.69 9.21 15.95 4.14
10.65 8.1 8.12 19.79 16.44 10.7 6.39 10.74 6.25 7.11 17.76 17.55 14.44 8.63 10.62 7.57 8.83 7.95 7.45 7.05 13.02 20.23 10.4 3.93 3.77 7.41 8.98 6.69 9.84 8.56 8.54 8.89 9.02 11.88 5.24 3.68 3.12 3.18 2.74 2.33 2.07 2.42 3.51 5.37 5.69 9.42 8.87 7.41 10.79 18.93 18.24 15.54 13.21 17.42 21.2 11.1 11.56 13.48 10.3 12.48 8.0 11.35 10.79 5.15
7.09 8.94 10.52 9.35 3.95 7.57 5.49 6.31 12.53 8.14 13.22 16.08 9.41 5.64 5.16 7.25 7.3 14.8 10.74 4.32 16.11 9.64 7.92 7.08 9.7 10.66 15.51 10.3 5.81 6.54 11.5 14.41 18.17 8.51 4.92 2.79 1.9 1.82 2.79 3.85 3.26 4.84 5.09 8.21 11.08 11.67 10.87 9.22 7.34 13.94 10.51 10.3 9.12 7.11 18.98 14.84 17.71 13.53 13.4 7.93 3.66 6.5 5.92 6.33
9.97 12.14 9.79 7.13 5.31 6.54 9.18 9.18 7.63 11.23 9.11 8.2 8.19 4.13 4.85 7.94 5.87 9.16 10.59 7.09 12.83 11.19 7.31 4.83 7.14 4.79 14.17 12.13 6.24 11.21 16.11 14.82 13.13 11.06 3.87 5.92 5.02 1.39 3.26 3.66 3.82 7.02 10.29 10.85 27.15 16.99 6.84 7.86 6.45 3.69 7.7 8.78 11.71 7.89 17.32 11.99 21.94 15.88 15.55 13.84 5.47 4.63 5.96 3.95
9.66 12.52 14.17 11.7 9.24 7.56 11.14 5.46 4.45 11.38 7.76 6.62 6.9 4.93 6.58 4.69 7.5 10.43 5.63 10.01 14.5 6.48 5.4 9.74 5.39 6.06 7.86 15.27 8.2 9.93 16.83 23.12 17.91 16.27 6.57 6.38 6.79 4.38 4.66 4.54 5.08 4.35 8.88 11.95 15.66 7.34 7.27 4.03 6.93 5.22 3.72 8.65 5.13 6.74 9.03 11.67 14.44 13.53 7.05 7.14 5.59 6.84 7.53 6.09
10.5 14.18 10.93 13.11 6.59 5.36 5.29 3.1 5.43 8.67 4.96 5.48 14.29 9.68 9.78 4.04 4.03 9.15 4.65 5.95 7.35 11.14 6.04 9.15 10.14 8.89 8.29 10.11 10.53 9.08 35.91 16.75 12.64 17.2 11.97 9.13 8.54 9.32 6.25 3.49 6.44 6.62 2.95 8.65 11.97 11.23 6.32 2.89 4.66 6.14 7.99 6.2 8.82 5.96 4.92 6.93 23.26 12.13 11.14 5.34 6.52 6.07 6.56 3.19
20.16 10.5 16.4 6.89 3.76 2.86 3.15 4.09 6.48 10.89 4.6 7.87 12.1 9.52 10.15 5.34 9.01 9.48 5.71 3.64 3.59 9.31 6.78 4.79 9.27 11.79 10.25 12.58 17.9 15.09 23.59 44.28 15.78 16.4 11.12 9.8 8.68 12.76 8.19 8.48 8.15 7.4 5.5 7.85 5.62 7.64 4.27 2.02 4.51 3.53 4.97 7.88 4.62 7.58 8.73 6.48 14.51 9.86 5.83 6.33 6.4 5.36 6.3 5.15
15.29 11.04 7.44 14.03 8.26 2.21 4.57 5.57 8.57 9.53 12.34 7.48 4.81 9.35 6.31 5.19 5.08 6.44 9.22 4.78 5.48 6.03 2.94 2.04 4.33 9.54 12.69 20.79 13.86 15.23 20.26 28.05 12.71 16.03 18.65 19.87 9.65 11.22 7.55 5.89 7.05 7.11 11.06 10.36 4.67 5.91 4.44 2.13 2.34 3.45 2.32 4.6 8.35 8.19 10.75 8.94 9.81 11.78 10.1 6.58 4.22 6.35 4.03 5.55
9.82 9.55 8.37 12.82 11.17 4.21 6.29 7.48 15.38 13.74 13.55 7.22 3.07 6.1 20.56 6.59 7.84 7.85 9.83 8.63 8.79 6.93 3.3 3.25 3.62 4.43 4.8 18.22 29.47 20.03 28.45 26.76 8.76 7.84 10.29 8.64 7.29 12.28 10.68 6.41 10.21 8.99 16.42 12.77 4.37 5.69 2.69 2.46 1.39 1.38 3.03 5.44 9.18 12.19 15.38 15.72 10.01 10.42 5.33 5.44 3.89 11.33 8.08 5.35
9.17 8.61 5.15 6.94 10.23 10.14 11.38 14.61 16.68 11.12 8.74 9.54 4.33 5.79 9.77 12.37 8.55 10.88 13.52 20.0 9.53 8.56 5.59 3.85 6.06 5.74 11.41 12.74 19.82 24.57 21.27 17.38 15.65 4.86 8.26 8.5 6.61 9.17 13.34 6.83 10.58 14.36 10.03 13.04 4.93 4.08 2.57 3.34 2.88 1.81 2.83 7.53 4.5 7.16 12.7 17.38 11.61 14.56 7.62 6.35 4.56 6.82 5.62 7.13
11.86 9.62 7.57 7.08 10.59 9.62 6.17 8.73 14.94 12.56 16.73 7.44 6.41 11.58 8.28 9.4 8.27 7.65 15.41 12.01 7.26 7.25 11.0 4.99 8.64 6.96 10.88 12.32 28.9 19.83 18.01 8.39 11.07 4.26 5.03 7.88 15.4 14.37 21.86 19.41 8.82 5.09 14.63 9.65 6.51 4.6 3.76 4.93 3.68 4.07 3.7 9.41 7.45 16.62 13.12 5.95 8.64 7.25 10.61 6.91 7.07 6.39 10.14 9.72
8.77 18.72 9.38 5.99 8.51 15.95 5.23 9.99 10.62 11.57 7.41 15.01 10.3 7.42 7.16 10.08 7.58 10.95 14.59 14.55 7.59 8.68 5.36 3.92 6.95 13.03 17.99 11.3 19.04 21.94 17.65 15.24 6.0 4.5 6.24 9.96 19.05 10.55 8.14 13.3 11.15 9.31 8.5 6.75 5.7 4.08 5.67 11.57 6.91 7.5 6.53 4.75 7.29 12.19 6.27 11.65 17.67 11.76 6.52 5.88 5.45 8.01 15.42 10.44
6.4 9.45 11.58 6.87 5.77 10.21 4.8 5.53 9.18 13.51 6.82 10.1 10.46 4.88 7.6 8.71 5.28 9.74 21.11 15.27 6.36 7.8 4.8 4.26 5.74 11.69 24.99 12.05 30.04 13.42 11.41 9.5 15.34 4.41 7.87 11.3 8.12 6.77 9.77 8.44 6.62 13.15 7.99 8.41 6.54 5.23 10.77 20.8 7.03 14.28 11.43 4.45 6.57 9.48 7.96 5.54 10.85 10.38 12.74 7.52 5.98 9.02 7.33 5.25
5.19 5.43 6.99 5.41 5.58 8.24 7.79 9.4 6.77 15.55 6.34 8.98 3.66 7.19 14.72 18.12 6.01 7.9 13.41 22.33 8.71 7.74 9.95 5.3 6.27 14.21 12.86 5.52 12.78 17.24 12.76 16.92 10.5 6.17 4.99 6.11 4.27 3.77 6.41 8.56 8.36 14.7 17.08 14.2 3.96 11.33 22.97 15.73 12.74 10.53 8.26 4.71 6.01 10.73 16.07 11.03 8.74 13.04 12.04 5.42 6.35 10.36 11.29 3.18
2.68 4.42 6.72 5.13 3.84 9.77 13.16 14.72 7.51 8.59 4.04 4.52 4.78 9.6 31.25 12.08 12.95 9.88 10.68 18.5 21.82 6.92 9.26 5.65 8.36 12.43 13.9 5.3 12.16 11.26 9.23 26.76 7.83 9.64 7.58 6.8 3.68 2.85 4.12 9.24 16.35 20.08 20.89 15.83 4.12 12.97 17.07 7.79 9.72 10.49 9.47 6.02 8.42 13.35 15.13 6.58 10.34 7.52 10.46 9.72 12.08 9.5 8.69 5.87
2.87 5.61 3.79 5.39 6.42 4.5 10.38 12.85 8.61 5.5 4.8 3.34 6.44 10.78 10.67 21.69 13.0 5.85 12.7 16.84 16.57 6.66 7.33 8.79 9.36 19.45 7.74 5.79 4.76 7.26 10.95 9.08 8.56 11.88 6.96 6.98 3.4 2.51 2.71 7.76 6.74 20.57 19.56 14.6 14.2 5.04 7.76 18.54 12.18 8.54 12.08 8.99 12.28 21.21 20.29 5.29 6.59 5.39 9.14 15.03 15.34 13.63 6.29 6.76
4.29 4.29 2.11 2.34 4.06 6.13 9.09 5.32 6.86 10.44 3.84 3.57 14.61 12.72 14.81 10.97 13.63 4.75 5.91 16.92 14.81 6.91 4.21 5.45 6.45 11.66 10.93 6.82 6.24 6.87 7.08 4.23 4.73 14.8 7.18 5.28 4.39 2.05 3.2 6.18 10.04 13.52 20.42 14.18 11.92 7.88 3.97 7.7 15.69 9.23 9.85 10.79 12.54 14.12 11.8 7.12 5.78 8.98 7.19 22.28 14.12 8.22 5.61 7.36
