18.94 12.59 13.77 6.49 10.69 12.03 22.03 9.77 4.39 11.08 7.24 3.35 4.07 6.67 5.08 11.28 18.85 10.05 5.9 4.38 3.98 6.42 6.14 9.36 9.88 8.08 3.51 2.57 2.62 3.76 2.18 2.91 9.36 5.94 12.07 16.92 8.13 6.64 5.1 5.08 2.9 3.98 3.85 4.47 4.6 6.91 3.67 8.22 9.7 21.67 22.9 12.88 18.85 8.47 10.54 4.94 4.88 4.26 4.3 6.05 3.14 3.96 8.35 10.71
16.91 8.14 5.83 6.32 11.17 13.08 8.14 12.32 7.8 9.81 6.85 3.29 5.82 3.4 5.59 9.02 8.79 11.35 6.74 6.66 5.54 7.86 5.93 9.99 15.32 18.56 4.06 1.5 2.28 2.37 2.17 3.07 7.56 6.6 9.53 12.48 8.56 11.39 6.89 4.1 3.77 6.12 5.51 6.0 4.56 4.71 5.72 10.56 11.89 21.89 20.04 23.03 10.88 18.25 8.64 5.08 4.06 2.65 4.29 4.04 6.36 4.82 4.89 9.34
11.72 7.57 4.55 10.42 11.21 10.78 6.47 10.31 8.33 6.3 5.25 3.16 4.44 4.41 9.51 8.11 6.21 7.72 10.81 7.62 7.47 6.62 9.25 9.0 10.15 15.13 6.89 2.67 3.55 2.78 2.55 6.47 4.49 10.29 8.49 12.54 10.02 6.33 7.71 6.24 7.02 3.35 4.97 3.79 4.32 5.64 6.13 7.95 12.13 28.63 16.8 9.14 7.23 9.97 8.74 6.15 5.56 1.78 2.28 4.29 8.91 16.31 5.7 5.75
9.69 8.37 4.73 9.08 19.68 11.8 14.22 14.71 14.96 8.36 6.07 4.8 4.26 5.25 6.07 10.26 10.92 21.34 20.24 9.93 7.63 5.39 9.42 6.53 9.35 9.85 4.85 4.63 3.59 1.95 5.19 5.79 5.05 9.48 22.66 18.59 7.9 10.72 9.86 8.58 7.91 5.39 5.35 3.52 4.68 4.93 9.41 17.08 13.12 13.3 25.79 12.19 6.61 4.85 6.96 7.0 3.41 2.14 3.05 3.27 11.47 20.66 13.28 17.07
10.05 5.09 4.27 4.59 16.28 14.13 14.87 13.57 12.75 5.58 2.8 2.84 4.3 3.79 8.27 9.49 7.74 18.26 16.03 9.75 5.07 5.8 6.65 3.77 7.7 6.21 4.62 6.78 3.66 1.51 5.07 12.25 11.66 5.88 18.02 36.74 20.59 6.1 6.56 9.74 3.75 4.29 4.31 6.59 4.06 4.72 8.48 12.11 20.49 17.39 11.19 10.51 10.79 7.36 5.87 6.35 2.89 1.89 3.66 3.67 17.56 23.9 9.6 10.33
14.05 5.73 5.86 7.74 13.92 16.93 9.77 8.5 9.95 4.21 3.1 3.99 4.81 2.87 3.59 7.67 10.76 6.82 11.08 10.43 5.68 11.2 4.98 3.55 7.91 6.56 3.66 3.77 4.39 1.89 3.78 4.03 8.23 15.0 19.83 36.81 43.17 12.93 12.92 9.47 2.92 3.78 5.56 8.08 7.96 4.83 4.99 8.33 12.44 21.32 17.05 12.11 9.31 8.23 6.27 6.09 5.22 2.35 2.33 3.83 16.72 22.66 9.7 8.34
16.69 16.66 5.49 6.7 12.65 15.55 6.5 3.46 6.42 3.04 4.13 4.11 2.55 2.7 2.53 4.02 8.14 11.35 7.44 7.31 5.96 11.49 7.02 2.96 4.47 6.01 6.17 4.43 1.99 2.39 2.58 2.73 6.48 14.74 15.4 21.35 44.86 18.44 9.19 6.79 4.38 6.03 9.49 6.39 9.53 5.09 4.12 6.88 12.93 27.39 20.79 13.12 9.14 16.81 9.34 7.66 5.89 7.05 3.1 5.15 9.4 14.33 8.04 7.41
11.38 10.09 15.97 6.36 4.88 8.11 5.98 3.72 3.1 2.76 4.64 3.23 1.56 2.56 6.71 4.31 6.27 11.55 8.47 10.18 9.12 6.2 12.63 5.14 3.76 6.42 8.3 3.88 1.89 2.81 2.13 3.35 5.42 14.89 17.69 29.44 52.43 22.01 10.16 10.48 6.11 8.41 12.42 13.73 8.27 4.07 4.44 7.16 23.26 19.07 23.45 13.18 16.21 25.67 11.47 10.1 7.74 11.1 3.61 5.27 4.51 7.54 7.77 7.47
13.46 8.1 11.85 9.37 7.15 7.25 2.82 3.08 2.46 1.69 3.51 2.8 2.02 6.32 7.86 4.16 4.78 6.2 4.46 4.41 5.57 3.57 3.9 5.1 3.44 5.58 4.37 3.06 3.92 2.34 3.8 2.84 5.81 18.49 21.08 23.3 20.14 11.75 8.76 7.92 8.0 9.67 12.27 10.42 5.88 6.36 7.12 10.39 7.74 11.81 14.99 9.64 12.43 9.16 6.25 9.62 14.3 4.22 3.08 3.25 3.6 4.77 6.21 7.15
11.37 7.87 7.09 7.74 2.95 4.03 3.51 4.31 3.03 2.15 4.76 2.97 3.28 8.67 6.19 6.49 8.11 5.99 2.14 3.52 3.43 1.85 4.02 3.5 2.91 4.65 2.92 2.73 2.74 2.16 2.88 5.86 12.84 15.35 6.29 13.0 30.46 7.41 4.44 6.88 14.72 11.19 11.03 6.63 3.73 11.32 9.23 11.64 12.46 22.21 18.99 11.62 9.15 7.73 7.59 5.56 7.8 5.29 5.57 3.36 5.91 8.76 5.65 10.86
8.75 10.24 8.08 3.65 3.96 3.94 2.8 3.98 3.64 2.39 2.16 4.49 6.6 10.06 7.27 6.54 10.32 4.07 2.06 3.65 3.25 2.28 2.41 1.64 2.95 2.92 2.14 3.16 5.53 5.79 4.77 6.86 5.76 17.8 6.26 3.42 16.96 12.83 9.71 9.49 8.8 9.04 8.77 7.49 3.91 8.81 14.0 11.33 19.45 23.11 23.27 8.65 6.7 9.02 10.66 3.86 6.28 5.09 2.85 5.75 9.83 8.22 5.62 7.37
7.65 9.38 5.48 4.53 4.18 4.93 5.04 4.17 3.32 2.37 1.68 3.02 5.54 10.16 11.49 12.48 11.57 7.56 7.78 7.97 3.98 4.65 4.7 5.9 2.94 2.98 2.07 2.57 5.8 7.1 4.56 3.85 5.67 6.7 8.5 6.96 12.68 15.2 11.43 15.59 17.95 8.31 9.18 5.8 8.5 13.05 10.68 12.58 17.52 23.98 12.49 8.79 6.34 10.51 9.47 3.97 7.16 6.89 3.37 4.13 7.05 6.69 15.41 11.42
4.52 7.31 4.09 5.9 2.79 5.41 5.18 3.73 2.86 1.49 1.59 2.05 5.63 5.99 8.73 7.96 5.72 9.06 6.41 8.84 10.51 6.49 5.34 8.01 4.85 2.06 2.36 3.28 4.94 5.15 3.45 5.24 6.64 6.02 12.6 5.7 6.98 20.4 11.27 6.27 16.24 13.04 15.34 9.74 7.03 12.17 11.51 26.45 19.78 8.16 8.99 10.09 6.98 12.77 20.63 5.83 11.15 7.83 6.63 5.56 5.62 6.02 16.24 13.84
3.34 5.87 5.83 3.97 3.86 5.51 7.06 6.07 3.3 1.82 1.75 2.81 4.56 4.13 4.04 6.09 4.07 3.97 9.19 10.85 11.74 11.2 10.15 6.69 4.34 2.76 4.36 4.2 7.9 5.61 3.6 12.58 12.54 7.98 15.62 18.21 16.56 21.21 17.53 10.37 20.41 19.53 19.4 11.78 5.63 8.66 12.47 15.83 19.48 8.49 7.69 7.2 8.46 6.48 17.54 14.83 18.4 9.45 6.38 7.68 3.17 8.35 27.64 13.07
4.14 6.99 6.72 3.64 2.59 7.06 14.73 5.18 3.68 2.39 3.29 3.78 2.62 2.95 2.6 8.92 7.09 3.2 8.75 10.25 8.17 5.46 6.24 4.59 5.18 7.73 7.09 10.27 14.76 6.59 4.37 14.72 16.97 6.25 12.29 24.41 21.04 18.39 8.36 15.22 28.19 11.53 8.58 6.78 5.16 4.18 8.56 10.45 11.17 8.58 3.5 3.51 5.13 6.85 12.08 19.86 14.74 29.42 8.61 6.72 5.36 8.2 21.13 14.11
5.34 3.44 5.39 3.33 5.52 6.63 7.15 5.31 7.61 4.03 2.51 1.99 3.04 5.28 7.9 10.15 6.96 4.47 4.86 10.32 9.18 7.59 7.45 5.19 7.03 6.84 5.27 15.14 10.63 7.65 11.71 8.8 7.35 6.65 14.61 12.1 19.14 29.21 16.9 13.1 12.88 17.4 14.27 10.61 4.42 6.64 7.21 16.09 24.62 12.64 2.48 2.99 10.04 7.23 9.52 31.0 16.25 15.69 9.8 6.55 12.69 7.65 10.43 12.14
2.99 2.97 5.94 6.15 3.37 2.31 4.14 3.77 5.45 3.25 2.65 2.06 5.18 7.74 7.38 7.21 4.84 4.84 8.46 11.28 6.73 16.34 5.9 4.85 2.4 4.44 5.31 10.36 12.45 11.1 12.19 7.34 3.99 7.15 6.77 10.88 16.7 14.44 9.65 8.17 15.66 28.3 16.57 16.03 13.97 15.0 11.12 8.39 9.96 13.61 5.69 6.62 8.51 7.81 9.76 12.31 9.8 12.26 8.05 4.77 5.47 7.18 6.37 5.13
2.78 5.8 2.71 3.29 3.37 2.71 3.55 3.5 3.07 2.45 2.76 3.94 2.92 6.09 4.84 7.44 10.39 11.14 15.35 8.23 28.38 18.73 8.77 4.57 2.24 2.43 4.41 9.35 5.87 15.03 8.94 8.28 1.95 5.06 7.51 7.19 6.53 11.68 7.77 7.4 10.98 17.22 18.9 11.6 9.7 12.19 16.19 9.94 8.86 10.88 10.45 15.15 8.49 5.51 7.4 10.68 13.22 23.0 10.96 9.15 6.99 6.57 10.06 7.79
2.66 3.67 2.41 1.46 2.99 3.17 3.99 4.56 1.44 4.12 2.61 2.44 3.66 4.36 4.92 7.19 12.9 17.06 18.62 6.73 10.69 11.03 8.15 4.52 2.8 2.52 4.23 6.47 5.49 10.41 8.18 7.37 4.62 2.43 4.13 5.36 5.95 6.91 6.7 11.71 9.17 9.11 12.48 19.26 10.53 9.7 10.73 13.89 26.71 14.62 12.44 12.5 10.69 6.6 10.11 17.04 19.22 30.83 22.4 10.64 8.56 5.92 7.1 3.59
1.81 3.66 2.15 1.38 3.75 3.18 4.66 4.99 3.23 7.57 3.15 1.53 5.89 10.09 4.57 4.9 12.8 24.79 19.29 9.24 12.51 11.95 6.99 6.84 3.53 2.77 3.88 5.56 7.94 9.49 18.33 6.65 6.11 5.25 7.12 6.26 9.49 12.47 11.73 12.89 11.95 8.23 18.49 21.56 9.2 8.43 10.17 17.13 13.57 11.36 10.65 9.34 8.41 9.73 22.41 15.5 27.11 20.54 11.47 5.74 7.24 8.81 6.74 7.95
1.8 1.77 1.64 1.72 2.25 7.83 9.98 7.98 7.63 7.15 5.71 2.03 4.99 8.4 7.46 5.08 13.59 14.3 10.92 6.75 8.9 6.48 12.02 4.75 2.41 3.33 4.55 7.21 7.07 6.48 26.67 8.32 5.92 3.79 6.09 4.33 5.07 6.38 14.06 14.95 9.05 12.81 16.77 7.13 4.56 7.31 4.67 11.62 17.49 3.95 4.74 7.56 9.38 10.66 15.71 31.03 24.23 13.48 9.78 6.65 14.18 8.46 6.54 10.27
1.81 1.25 2.22 2.56 3.5 7.23 14.38 12.73 10.17 7.35 5.83 4.23 3.85 4.63 13.31 5.22 9.36 10.16 8.77 11.91 9.54 6.24 7.85 3.79 3.61 3.16 7.04 17.71 8.35 5.54 10.62 6.09 3.4 4.1 5.35 6.3 7.5 6.14 16.73 13.24 17.47 18.13 13.04 7.03 8.19 5.04 5.66 14.9 14.8 6.31 7.0 7.39 5.94 14.09 11.21 29.91 10.43 8.0 8.34 7.13 8.56 7.24 9.93 13.17
2.68 2.46 1.63 2.71 8.21 8.82 5.53 9.36 17.69 8.65 3.29 4.81 3.98 8.23 10.99 6.87 11.33 5.79 7.62 16.45 7.87 5.01 7.93 6.82 5.12 6.46 9.46 16.22 12.41 8.73 7.2 5.54 6.1 5.55 5.34 7.85 4.79 3.91 13.14 15.64 10.57 17.61 10.75 6.35 8.67 4.68 5.11 11.17 9.6 5.31 5.97 8.46 9.38 7.58 8.54 29.81 26.35 12.25 4.2 4.55 3.53 7.17 4.57 12.29
3.36 4.26 3.72 2.69 5.1 11.6 7.85 19.51 18.59 6.0 3.68 2.81 3.14 6.25 4.78 8.84 16.86 7.56 4.31 13.48 7.62 14.35 20.81 4.91 4.06 5.35 6.34 8.39 5.93 7.22 6.24 5.83 8.81 6.56 5.45 10.49 7.92 4.39 7.34 15.21 10.05 15.82 12.87 10.38 5.62 4.2 4.48 7.29 5.47 6.9 10.25 5.65 9.06 10.16 13.11 35.43 24.28 13.17 5.88 2.94 5.62 7.36 15.8 17.81
3.1 5.01 4.75 4.1 3.61 10.08 7.09 17.37 7.2 4.48 2.62 1.52 2.61 5.26 2.86 3.78 7.27 4.64 4.0 15.45 8.81 13.21 13.68 8.46 4.19 3.79 4.85 8.63 7.33 10.09 10.44 6.54 2.78 6.64 10.24 12.34 9.38 5.98 7.2 6.8 8.28 11.98 11.94 10.27 3.37 3.05 3.87 2.45 2.34 5.09 7.59 8.33 10.81 7.74 11.34 35.25 18.36 9.31 6.52 5.1 5.81 8.35 14.23 12.1
4.27 4.03 7.12 5.53 3.55 13.38 20.42 13.79 8.41 4.32 2.98 3.48 2.09 5.6 4.37 8.73 5.32 3.58 8.94 23.47 13.07 8.32 15.51 18.1 8.96 4.93 7.55 9.87 10.42 6.64 8.28 7.28 2.65 8.86 22.39 19.25 17.3 7.43 4.82 7.49 12.34 10.56 8.2 6.36 5.42 1.74 3.19 3.27 3.26 3.62 4.77 16.43 13.74 10.86 11.71 14.76 17.35 12.36 9.89 9.0 6.76 8.52 10.08 9.26
16.19 4.54 4.08 6.65 13.03 19.51 15.28 13.81 8.96 3.12 4.25 6.12 7.1 4.01 7.23 8.13 4.73 8.35 7.36 10.34 12.53 12.59 10.82 12.7 12.14 8.28 10.7 17.72 11.88 8.85 9.64 7.55 4.39 6.7 7.72 8.46 23.51 25.07 12.57 7.01 12.14 8.47 9.66 6.66 4.93 2.64 4.1 5.0 5.17 2.47 4.76 13.11 20.97 23.31 21.06 26.81 15.52 13.37 22.92 15.89 7.11 4.83 11.53 8.96
6.39 5.32 4.94 6.95 13.61 20.94 16.74 10.83 8.73 4.48 3.14 4.71 10.12 5.93 10.93 10.51 8.58 16.21 24.35 14.8 17.28 15.62 11.09 7.79 10.37 20.16 17.2 15.98 18.29 9.3 7.67 11.01 5.31 4.63 3.29 5.82 13.88 28.62 26.37 7.52 10.67 8.22 10.95 9.78 4.95 4.42 4.71 4.96 8.17 4.04 5.12 15.45 19.79 26.28 26.7 20.81 36.86 13.76 15.73 18.34 12.93 8.89 9.01 8.26
5.05 7.39 9.63 9.21 9.88 12.97 11.87 11.93 7.9 5.84 7.34 9.57 7.24 10.48 14.44 15.12 31.14 23.68 30.37 11.9 25.78 13.87 8.2 9.14 8.05 22.39 22.65 13.28 11.71 11.16 13.41 4.54 3.45 4.09 3.66 2.61 6.35 14.01 8.25 5.85 4.73 6.13 5.38 11.09 6.77 6.54 10.48 5.16 6.76 4.35 6.65 10.85 10.63 27.22 36.01 21.26 31.34 20.0 23.48 14.54 8.88 9.19 7.95 6.04
10.89 12.42 9.69 5.7 8.58 11.84 12.84 9.13 7.49 8.45 7.72 9.85 11.24 9.72 22.12 29.4 24.51 24.19 20.64 20.0 17.86 19.95 13.93 12.07 11.82 13.92 16.61 8.79 8.19 12.6 11.32 6.78 3.8 4.58 5.3 6.66 3.42 8.48 5.3 5.09 4.18 5.79 5.35 4.01 7.19 10.78 18.25 9.98 11.53 6.31 5.73 6.93 8.7 23.78 29.22 32.76 12.56 21.03 32.23 12.1 9.85 12.08 9.94 5.85
10.63 16.57 20.49 8.3 6.25 4.09 11.13 17.65 16.15 12.0 9.45 15.14 9.52 6.37 13.74 26.51 16.22 8.49 8.59 16.0 15.55 6.75 5.74 10.13 12.28 25.13 22.98 15.46 11.93 14.49 19.31 8.03 5.21 5.82 10.19 7.63 5.4 5.78 3.03 5.18 5.57 5.94 4.75 4.87 5.1 7.12 8.24 14.87 5.62 4.8 6.6 9.11 8.92 16.61 21.2 14.3 12.25 12.81 31.95 12.63 5.83 11.51 10.49 6.75
10.31 12.49 10.02 11.84 7.46 8.04 10.29 12.7 22.94 8.79 10.06 11.11 9.25 7.94 10.94 21.49 14.69 5.41 5.18 6.56 13.87 10.62 7.94 16.11 11.74 23.51 23.13 22.8 19.49 13.65 11.64 7.34 9.4 7.3 8.4 4.27 5.2 7.36 5.74 6.15 4.01 5.29 3.3 3.95 5.04 5.23 7.3 14.59 7.39 4.54 5.66 13.43 6.82 9.53 18.54 37.38 13.27 10.56 28.75 8.63 5.91 10.52 8.96 9.05
8.86 9.02 12.87 7.25 2.77 4.62 7.33 13.39 12.95 9.84 5.67 10.86 9.78 7.2 7.74 15.38 14.21 4.65 3.99 4.09 8.44 9.5 12.91 23.44 28.12 19.38 21.23 24.22 18.31 11.81 4.95 8.17 8.41 6.53 3.6 4.68 4.8 5.41 4.59 4.75 6.72 5.27 4.71 5.72 5.28 4.58 5.65 4.43 6.68 8.37 7.79 5.57 8.61 9.68 13.68 45.29 22.31 22.24 11.79 11.72 6.23 4.06 2.33 7.1
12.42 8.67 7.31 5.37 3.23 2.35 7.64 14.78 9.89 6.24 6.32 6.5 5.31 12.53 4.81 7.21 13.27 5.5 5.05 7.35 12.24 17.41 22.5 19.47 23.09 16.3 22.13 9.18 11.06 13.35 8.47 4.3 4.46 5.92 3.09 3.56 3.48 3.8 4.21 4.93 9.03 12.81 7.47 5.01 7.7 5.59 10.28 6.02 6.47 9.08 5.55 6.91 4.88 6.16 14.1 20.93 13.36 13.52 8.54 7.99 3.92 2.37 3.78 8.94
15.66 6.86 3.18 2.91 3.2 6.62 11.36 7.27 6.4 4.41 8.36 5.26 4.51 7.24 6.01 9.81 7.67 5.76 4.4 7.5 9.39 18.08 34.14 29.83 19.52 10.39 17.84 15.15 16.15 18.1 8.92 5.95 4.62 2.65 2.31 2.7 3.0 2.69 3.32 3.76 8.22 8.2 4.68 6.04 6.08 5.72 10.49 15.03 6.77 8.7 5.59 6.34 7.04 6.65 14.27 9.65 9.63 19.76 13.04 4.86 5.99 2.11 3.49 8.25
11.67 5.74 4.85 6.25 5.44 4.5 8.38 12.67 4.86 3.32 6.72 15.19 12.88 6.37 7.69 7.2 5.2 8.56 6.75 14.35 14.67 14.14 22.78 20.39 12.54 14.59 24.27 11.77 20.67 20.95 8.41 5.38 5.57 5.05 3.61 3.46 5.09 5.0 3.37 2.46 6.62 4.13 5.91 9.63 6.51 5.14 7.73 16.94 6.68 4.47 5.59 6.78 13.56 10.23 10.66 5.81 4.78 11.56 12.93 10.07 5.92 3.72 5.3 6.22
4.34 8.9 7.26 7.0 5.11 4.79 8.87 8.97 10.43 11.37 13.01 12.26 15.74 11.43 12.8 6.35 3.69 5.53 7.2 7.28 9.87 8.16 13.13 14.59 11.87 14.08 11.63 7.02 15.23 11.25 6.27 20.42 10.44 6.17 4.13 3.8 4.51 4.47 3.79 3.72 11.42 12.43 14.58 5.99 9.09 3.99 4.1 4.7 4.62 5.69 5.03 8.38 6.5 8.3 8.57 4.21 5.11 7.88 8.73 6.06 2.36 4.72 3.86 3.51
4.93 7.76 5.1 6.12 3.46 6.11 13.1 7.34 5.46 7.57 14.99 10.25 10.01 9.75 12.12 6.6 4.6 5.06 3.85 7.16 10.57 5.02 8.62 13.48 11.38 7.13 8.27 7.04 11.8 13.44 11.27 24.64 7.92 8.93 7.48 3.92 5.27 7.6 5.2 9.47 13.11 9.53 10.94 6.31 4.78 7.17 4.54 2.09 3.46 5.56 5.95 5.68 9.03 7.11 7.37 3.34 2.85 5.82 6.78 4.76 2.97 8.41 10.23 5.62
6.17 4.76 5.41 5.2 8.7 11.35 9.3 11.12 6.83 6.5 6.8 10.96 12.11 22.31 34.36 8.59 4.32 4.19 4.85 7.18 3.73 4.46 9.04 8.08 7.49 8.74 6.9 11.89 30.05 12.52 18.2 12.77 9.6 4.58 6.92 5.93 4.86 5.09 5.29 11.5 9.88 6.87 8.4 7.73 3.37 6.75 4.67 4.83 4.35 3.25 7.11 7.93 9.53 4.87 8.97 5.98 3.55 5.39 7.16 4.31 2.96 4.53 6.58 5.32
8.42 6.8 4.57 9.56 14.21 25.29 10.73 10.52 10.78 4.49 9.27 20.27 13.59 24.32 17.3 6.49 5.21 5.35 6.27 6.28 5.2 5.77 5.28 5.59 4.94 5.99 7.08 17.5 29.64 12.28 10.44 12.17 17.52 9.12 5.26 9.46 3.67 1.29 2.0 6.85 7.69 9.07 8.75 8.47 7.54 7.43 10.35 3.22 2.86 4.14 5.22 8.16 4.61 3.79 3.66 3.95 4.18 3.4 6.05 2.87 3.38 3.68 2.99 5.13
11.08 7.36 4.63 5.58 11.34 18.6 17.87 9.63 10.22 4.89 8.72 41.69 16.57 13.7 4.71 3.1 2.52 3.23 3.35 4.46 4.29 9.03 6.45 2.01 4.94 8.3 9.91 15.33 28.18 48.95 17.59 17.43 19.67 14.31 8.53 4.48 1.6 0.88 2.28 4.12 4.86 7.27 7.98 7.75 6.1 4.19 4.76 5.64 4.12 3.47 3.35 4.01 4.45 2.65 4.05 4.78 3.96 5.17 7.77 4.49 2.98 3.18 4.66 5.91
4.07 8.09 13.19 3.79 11.14 11.39 17.61 12.78 12.86 13.89 6.73 9.12 6.93 9.67 5.67 3.04 2.2 2.84 6.41 8.73 2.88 3.17 5.34 4.9 6.93 10.1 9.53 21.35 13.92 18.26 24.95 22.76 34.9 8.4 8.99 3.94 1.62 1.4 2.44 6.39 7.03 8.45 10.61 8.02 3.35 2.31 5.57 7.22 7.46 12.75 5.85 1.94 3.78 3.8 2.99 3.86 5.25 12.59 8.36 8.54 5.72 4.56 5.36 6.8
7.89 5.55 7.92 15.32 14.42 7.21 12.21 26.54 14.07 7.0 7.56 8.08 6.09 5.56 5.53 6.91 4.79 3.13 4.28 5.05 4.83 3.39 6.48 12.79 7.24 7.01 9.76 19.3 10.72 17.44 19.3 17.5 12.79 6.48 6.88 3.5 1.8 3.3 4.15 7.32 5.64 7.61 8.44 8.82 3.49 2.21 9.35 6.32 7.83 8.96 3.57 5.47 6.38 4.01 4.65 11.17 15.73 15.61 8.52 2.97 7.16 6.75 5.71 17.54
13.76 5.94 7.26 9.82 16.78 11.38 12.99 25.14 11.49 3.97 4.96 7.16 5.52 4.9 7.16 13.47 8.23 4.7 5.83 4.62 5.74 6.07 7.01 8.86 9.38 4.47 4.62 9.28 10.98 11.56 13.36 16.24 7.38 5.86 4.1 4.49 3.3 2.8 3.98 5.55 9.54 7.3 7.01 11.2 5.59 4.56 7.17 7.47 6.33 7.31 7.53 7.73 10.01 8.18 5.64 8.59 10.9 10.7 6.05 2.42 6.21 4.34 3.42 17.72
7.03 8.0 7.62 8.32 21.47 7.78 15.49 25.09 14.64 5.94 5.49 4.23 3.67 8.9 12.14 17.17 8.88 5.16 6.34 8.26 10.53 6.45 4.44 4.62 10.41 7.71 5.84 6.2 12.62 22.17 15.82 7.99 7.15 7.47 2.97 3.6 3.1 2.94 4.08 6.7 8.11 8.13 6.7 8.66 6.68 5.0 4.68 4.99 5.72 9.5 11.53 7.62 5.9 12.24 12.26 10.51 11.32 9.74 5.84 3.9 4.62 4.12 2.22 10.68
3.2 3.99 11.11 8.47 27.82 19.03 17.14 16.78 15.03 6.85 4.35 4.34 4.49 13.68 20.42 12.5 4.37 7.6 12.6 7.79 9.41 13.49 7.23 5.97 9.12 9.22 4.61 6.11 12.54 15.98 9.76 6.89 6.67 4.99 3.71 1.77 2.17 3.27 7.92 7.5 4.15 4.24 3.54 7.89 8.43 10.27 6.84 7.0 8.83 5.21 7.04 8.05 6.84 9.42 7.1 10.99 27.95 16.11 9.9 5.37 7.24 6.98 6.15 10.82
2.49 3.55 11.95 13.57 17.42 21.94 25.32 28.25 8.66 10.2 7.37 3.5 12.29 11.17 14.46 4.13 4.79 4.25 6.31 7.52 5.21 12.99 7.55 10.46 9.15 10.65 12.73 14.52 12.25 12.32 10.73 5.3 5.83 3.91 3.29 2.98 3.59 3.42 5.58 5.28 7.26 3.95 6.25 6.08 7.82 16.81 8.47 5.19 3.43 6.48 13.55 5.88 9.08 15.42 9.82 10.15 19.64 10.44 8.75 10.56 8.67 6.36 6.75 8.01
2.3 5.26 7.33 12.98 15.99 15.26 19.11 21.58 8.39 6.58 5.68 5.39 9.72 4.51 5.72 6.66 6.8 5.04 5.41 5.24 9.07 11.83 8.35 4.6 11.83 14.49 15.71 9.18 10.44 25.11 15.97 7.34 4.44 5.86 3.92 2.66 1.94 4.62 5.3 5.55 8.52 7.76 6.85 4.72 4.72 5.48 5.33 4.2 2.68 5.01 15.57 10.48 8.34 8.05 11.89 7.04 13.57 8.87 5.1 11.97 8.52 10.41 6.4 15.39
6.94 4.37 5.86 5.3 6.55 10.01 15.2 10.27 6.52 5.54 7.03 9.36 5.14 4.63 6.93 7.1 6.47 6.0 5.45 4.69 5.35 7.73 7.45 5.49 6.72 6.19 16.31 15.24 22.95 14.09 7.04 7.48 8.38 5.27 3.19 2.16 3.2 3.13 4.3 9.01 5.73 11.45 7.45 5.12 3.63 3.52 4.47 2.47 3.89 6.64 11.76 8.84 14.91 12.95 7.82 9.07 9.32 10.23 7.81 19.57 9.93 10.1 10.39 11.01
9.44 3.71 4.92 4.78 5.15 4.81 4.28 3.79 4.32 6.15 4.29 3.95 6.77 8.36 10.34 7.59 11.91 10.39 5.52 6.09 5.48 6.7 5.6 5.41 5.66 10.86 15.97 12.08 21.15 9.83 6.5 6.46 10.79 5.33 2.94 3.53 2.66 4.25 6.71 4.8 4.02 7.98 9.22 6.3 6.32 5.01 2.72 8.0 4.12 6.03 6.77 7.13 10.71 9.08 5.42 6.86 6.25 5.86 10.4 13.3 10.73 9.32 7.78 7.33
7.76 5.72 5.13 6.54 5.6 9.19 3.75 2.98 7.34 8.12 5.84 3.2 6.73 14.82 10.98 12.21 17.45 14.77 5.71 5.34 6.73 3.94 6.79 12.39 8.76 22.58 20.97 16.82 19.68 9.66 10.45 15.83 12.32 5.62 3.99 4.36 3.65 3.2 6.58 6.82 4.8 7.51 4.46 5.52 3.99 6.13 2.94 4.58 3.56 4.77 4.68 8.33 8.5 6.68 4.23 6.17 19.54 8.88 8.87 7.25 5.7 12.28 8.36 6.99
14.09 7.1 4.59 8.04 8.74 11.36 5.46 3.11 4.1 5.76 6.7 3.05 2.93 9.45 4.55 7.78 17.57 15.23 7.44 4.67 5.18 6.89 11.26 16.63 14.5 19.45 14.64 15.19 24.2 11.09 9.22 17.19 6.9 4.6 4.66 4.92 6.99 3.81 6.61 4.98 3.69 4.85 4.28 3.84 3.83 6.01 9.35 2.33 3.51 3.87 6.3 9.25 7.94 9.72 3.65 8.02 9.6 16.43 12.92 12.41 6.36 10.09 17.03 13.79
8.49 6.61 3.46 6.4 12.77 9.59 5.84 7.72 4.97 6.85 3.89 4.25 3.0 5.03 6.63 6.32 8.61 7.74 5.62 4.32 4.45 8.61 13.19 22.63 20.58 14.6 9.68 15.83 15.32 10.04 11.4 8.84 5.21 3.49 6.24 5.45 4.57 8.29 5.99 5.79 5.43 3.7 3.41 2.78 4.17 2.54 5.03 3.16 6.88 6.78 3.57 6.19 11.76 8.71 6.51 9.03 13.29 16.31 9.17 8.02 10.2 9.04 9.23 9.01
10.84 3.97 5.92 11.79 8.67 6.46 9.32 9.82 7.53 8.68 5.31 4.48 4.99 5.07 8.4 7.67 6.41 12.07 6.15 5.43 7.38 9.37 11.5 10.27 10.43 7.85 5.39 9.11 5.96 6.27 7.57 4.07 4.77 2.84 5.86 5.51 6.98 5.69 4.99 5.83 6.91 4.96 2.29 1.92 5.44 4.35 2.88 2.18 4.62 7.09 4.15 7.16 9.55 5.08 9.55 5.2 8.56 6.04 10.91 5.12 14.91 15.46 14.29 9.93
18.65 9.53 5.9 7.47 5.05 9.33 8.18 6.64 9.52 8.63 4.06 6.64 9.79 6.11 10.09 7.34 5.49 10.4 12.38 5.02 9.76 16.81 7.54 6.21 11.02 9.76 5.75 6.91 7.13 6.69 5.94 2.83 2.47 4.18 9.5 6.11 5.74 6.99 16.85 6.47 5.78 9.26 5.41 3.77 5.21 5.22 4.13 3.87 4.85 3.93 7.09 9.25 16.02 8.85 8.35 7.23 5.19 5.21 7.66 8.64 12.16 15.4 20.15 12.17
9.18 5.79 8.31 5.02 3.09 3.69 11.64 4.29 5.98 7.43 3.34 4.28 4.54 7.49 14.93 11.39 10.54 16.76 14.31 9.85 15.25 7.71 8.59 14.15 9.53 9.83 7.02 5.95 5.26 7.53 5.77 4.68 5.66 3.25 4.94 6.57 4.93 10.24 8.65 6.31 5.14 8.02 11.07 6.02 7.02 7.65 5.45 4.73 6.77 6.63 5.19 7.49 8.19 7.52 6.3 6.19 4.17 5.26 4.19 5.77 5.86 7.1 15.3 13.4
14.16 6.41 4.55 2.75 3.99 9.13 13.1 6.46 9.32 9.09 8.7 4.64 6.33 8.32 20.94 9.34 12.04 22.28 11.8 6.37 13.84 17.51 7.51 13.43 4.63 6.1 6.21 6.81 5.31 8.74 9.31 8.72 7.47 2.74 5.46 5.96 4.93 11.18 7.31 5.04 4.04 5.95 6.23 8.19 7.65 8.47 12.9 6.28 4.12 5.55 5.48 7.01 7.63 12.54 11.46 9.4 9.81 7.12 2.94 2.61 4.03 5.91 11.2 15.04
11.94 11.14 2.41 3.88 5.95 12.41 8.03 6.85 6.56 5.9 6.73 3.84 6.14 8.75 12.72 10.45 11.49 15.53 11.7 8.26 10.04 18.63 9.29 8.97 4.05 2.67 9.57 6.5 7.8 17.36 13.3 13.05 9.7 9.96 9.1 18.33 7.01 16.29 9.0 4.16 4.69 4.88 7.54 12.95 8.05 7.87 6.04 5.8 4.05 9.74 3.64 3.36 11.33 8.63 5.09 6.59 10.14 7.36 4.62 4.61 6.69 8.12 11.38 10.3
5.1 5.64 6.0 6.81 6.41 9.91 9.38 7.88 5.81 7.19 7.81 7.03 8.17 27.87 16.99 9.61 12.65 19.4 18.35 14.62 17.53 13.44 7.95 5.24 6.4 7.32 12.42 13.22 8.51 24.12 23.05 17.21 13.43 11.8 15.99 22.28 11.75 14.42 7.94 6.43 6.04 6.31 7.02 8.4 7.43 6.7 7.23 6.05 3.65 9.0 6.74 5.86 6.65 5.86 11.28 8.81 5.44 4.68 8.31 7.55 3.32 7.17 14.67 10.97
6.48 9.96 11.67 7.86 6.77 9.86 6.89 4.82 6.49 9.18 11.1 9.66 9.9 16.44 14.5 15.61 18.79 17.24 15.94 31.48 13.93 8.39 4.08 4.59 5.86 3.52 8.67 8.9 7.74 13.4 16.64 14.45 15.51 15.79 11.57 12.23 10.51 6.19 4.74 7.07 5.59 8.98 10.0 9.45 13.32 5.73 11.36 5.81 6.07 15.41 7.57 7.49 10.46 5.89 5.13 7.06 5.19 4.01 5.89 4.93 2.15 4.4 15.31 9.22
9.72 5.12 8.91 11.52 6.73 5.39 5.2 4.75 6.15 12.67 17.78 16.13 13.73 11.62 11.78 13.5 19.58 12.19 9.96 20.1 10.56 7.76 4.25 5.36 7.1 4.83 6.08 6.12 17.4 14.94 12.92 12.95 27.7 21.5 10.92 11.34 10.99 6.79 6.72 8.07 10.5 10.32 12.45 17.49 15.58 11.06 5.79 8.31 5.69 26.77 17.44 6.46 11.14 11.63 12.81 5.86 4.86 4.61 3.65 3.55 3.51 3.3 7.7 10.09
9.95 11.47 5.45 4.74 8.01 7.49 2.54 5.11 11.01 9.39 22.58 12.63 19.33 11.29 18.33 15.18 15.85 14.08 6.79 7.65 10.63 7.88 8.1 6.5 6.74 4.68 3.56 8.77 11.53 12.75 19.56 13.61 15.71 13.67 11.0 7.15 7.24 10.06 11.97 6.16 11.64 11.27 16.3 10.91 18.73 17.58 13.1 13.07 12.4 27.16 20.38 10.2 6.46 10.04 9.58 11.85 8.55 4.74 2.45 2.28 4.36 4.42 4.47 4.97
10.2 9.19 7.47 5.54 4.23 5.27 3.35 9.05 10.33 11.17 19.62 16.74 22.92 7.52 6.15 14.09 11.88 5.0 5.72 3.71 5.76 5.56 10.69 7.22 4.73 5.21 7.67 8.97 10.42 12.85 13.41 15.81 10.37 14.28 10.33 11.07 12.91 13.44 16.33 4.45 13.54 16.91 8.4 9.57 18.25 21.4 11.92 8.09 14.47 17.51 22.25 17.89 13.5 15.53 17.72 25.25 10.08 6.54 6.62 4.91 4.25 6.36 3.14 4.0
12.03 9.48 6.43 2.95 6.32 3.64 3.41 4.88 7.24 11.82 9.19 11.15 8.99 4.79 6.14 10.3 9.92 5.13 6.16 3.7 4.01 7.3 7.77 5.27 5.03 4.95 5.36 4.07 8.71 10.19 15.43 14.85 9.73 8.03 10.67 12.53 9.98 14.16 11.58 9.0 15.3 14.49 7.38 10.11 18.16 19.43 6.4 7.33 10.3 13.03 24.72 11.92 8.98 15.16 23.98 22.31 9.74 7.44 9.32 6.61 3.8 5.65 4.37 4.98
