5.27 10.0 4.81 4.68 5.6 5.08 5.89 10.28 3.98 3.97 7.3 5.54 7.87 11.92 10.58 8.1 8.33 5.8 6.84 8.18 4.95 4.69 6.19 11.52 13.23 14.95 23.74 36.46 32.37 14.64 12.48 6.31 3.89 7.66 11.85 7.62 10.26 7.97 5.52 9.32 10.04 7.52 9.62 5.79 15.58 12.03 14.55 9.33 7.95 11.21 10.36 8.17 3.83 6.64 6.66 6.88 3.5 5.47 8.55 7.02 12.0 23.55 10.93 13.27
5.88 8.85 3.82 3.98 5.46 4.12 3.51 10.88 5.53 6.13 8.06 6.72 5.66 17.75 10.5 8.1 6.12 11.78 23.45 19.32 12.77 4.99 4.29 12.15 7.23 8.56 9.73 20.99 15.45 25.16 5.66 2.46 9.0 4.23 3.3 4.56 11.08 12.94 11.99 8.83 7.06 6.01 4.1 7.12 7.17 13.16 13.34 8.38 11.52 7.68 7.78 7.09 7.19 10.8 7.12 7.31 4.66 5.75 8.5 14.56 13.03 17.77 13.54 14.24
3.82 6.29 5.54 4.53 2.77 2.98 4.81 9.16 4.89 8.53 5.33 9.07 9.49 7.91 14.2 9.9 14.24 19.17 21.18 14.51 6.09 3.29 7.74 8.0 6.88 4.75 6.38 9.97 14.02 8.85 7.53 6.74 9.35 4.92 2.55 6.37 7.8 8.21 10.32 6.49 4.38 8.12 9.03 4.29 11.95 24.93 11.63 8.65 7.58 5.52 6.95 12.38 8.79 16.95 10.86 3.85 5.89 6.84 8.2 6.06 10.0 6.92 11.28 10.02
6.25 4.19 6.68 4.69 4.47 4.18 4.19 5.12 15.79 14.19 10.91 8.92 8.49 5.48 15.82 7.79 16.16 12.4 16.05 8.41 6.49 4.75 7.26 3.93 7.16 4.71 7.48 5.72 9.41 10.27 6.0 5.04 5.1 2.89 4.0 6.52 5.11 7.45 8.06 5.34 5.13 4.74 3.04 8.22 10.97 11.63 9.12 11.34 12.99 4.55 5.99 7.04 10.75 9.75 7.58 6.59 4.19 4.46 3.49 6.82 9.96 13.96 10.69 7.25
5.58 3.39 8.38 3.72 5.83 3.4 4.71 10.68 12.8 15.55 5.61 4.45 8.33 10.17 11.27 9.78 10.81 8.02 14.05 9.96 8.54 9.66 7.58 4.56 6.17 6.58 6.15 5.01 11.13 7.76 5.94 5.68 11.3 6.84 7.38 4.31 7.78 8.83 7.45 3.57 5.0 4.09 4.39 6.21 4.85 6.52 7.58 6.89 6.66 4.35 5.33 3.7 5.57 6.99 5.01 9.25 8.21 4.14 2.51 3.73 7.14 6.64 6.29 7.17
4.79 3.12 4.62 4.59 5.31 5.02 8.15 12.09 12.09 6.15 5.6 5.36 3.15 5.85 4.8 8.53 6.52 7.97 6.42 8.36 5.89 7.31 7.51 3.72 12.08 10.12 17.3 10.79 6.13 6.56 4.8 4.14 10.54 7.26 14.7 9.76 15.78 8.9 9.15 5.04 6.62 2.18 3.23 3.63 5.4 11.78 8.8 9.31 5.67 9.11 10.11 7.39 8.46 4.35 3.87 10.9 7.93 5.17 3.92 3.64 3.21 7.91 4.46 6.0
2.12 4.03 3.71 4.99 8.98 6.95 6.84 8.18 6.18 6.81 8.18 4.69 3.72 9.43 5.66 4.56 7.83 7.97 6.39 8.08 6.16 5.46 7.44 4.54 8.18 17.24 7.91 5.95 4.68 5.2 4.09 4.48 12.91 9.14 9.26 22.18 14.63 8.68 6.62 7.0 4.28 3.64 2.46 5.82 9.8 14.84 7.46 10.65 7.44 11.1 11.67 13.85 6.94 4.38 5.78 6.21 7.31 5.22 4.79 11.53 13.68 10.7 10.37 7.61
2.11 3.01 3.62 5.21 10.92 6.88 7.74 7.99 5.2 4.79 5.29 6.68 4.85 8.69 9.06 4.77 7.49 10.85 5.79 6.74 8.41 8.68 8.25 6.72 5.05 11.31 12.3 4.67 2.02 4.75 2.29 7.44 7.08 5.78 6.34 13.54 7.26 7.9 6.28 7.52 7.07 4.86 5.74 4.95 10.41 12.13 6.79 14.81 7.21 12.55 12.23 13.9 8.06 4.31 6.03 5.56 7.64 4.61 2.61 5.71 12.16 16.11 15.58 20.63
7.86 4.35 4.17 3.36 3.68 5.77 12.07 5.93 4.61 6.21 4.65 4.45 5.84 6.38 7.85 15.9 11.97 7.51 10.25 17.11 12.13 12.79 6.19 4.15 5.79 7.17 5.76 2.83 2.2 2.14 2.94 5.38 9.02 5.84 2.86 7.08 8.24 4.17 10.26 11.83 11.85 9.66 7.56 7.02 6.27 6.25 6.11 10.17 8.99 23.18 30.25 20.56 8.41 4.28 3.89 9.44 4.54 8.02 3.58 6.49 8.05 17.47 17.69 21.73
6.32 4.85 7.95 3.94 3.85 7.69 3.99 3.87 7.09 12.86 6.42 9.35 9.45 5.42 9.96 12.66 8.78 14.56 13.79 11.81 7.32 12.76 5.22 3.68 6.62 5.17 6.01 3.21 1.55 1.85 1.89 4.35 9.11 5.05 7.21 11.77 6.27 3.57 5.58 5.54 9.13 4.28 5.12 8.49 6.8 11.88 11.16 13.25 11.8 45.42 13.52 7.71 9.47 9.56 4.58 6.05 8.07 6.68 5.07 4.27 5.42 14.17 17.26 20.64
5.06 9.93 7.75 11.22 8.23 10.45 5.08 5.78 4.44 5.42 5.92 17.38 6.35 4.57 16.77 13.51 8.67 17.13 18.64 18.19 11.17 8.81 6.38 4.01 8.12 7.07 4.3 4.21 2.05 2.07 3.05 4.46 2.87 6.28 7.32 9.97 3.79 3.43 4.01 4.46 5.63 6.61 9.39 4.61 8.09 12.84 22.22 24.08 22.0 27.43 12.35 4.65 5.29 5.63 8.28 6.2 13.5 4.73 4.39 5.2 3.76 6.49 17.87 11.71
4.5 8.49 4.93 6.14 9.36 11.27 6.53 5.3 5.25 5.85 6.71 7.29 3.49 4.48 8.38 5.86 8.78 16.41 23.57 22.69 12.59 7.74 4.99 8.57 9.49 5.0 3.56 5.92 3.46 3.65 3.55 3.66 3.48 13.79 14.45 7.4 2.4 2.9 2.65 8.5 9.13 9.35 8.44 4.85 7.6 10.6 22.34 15.92 14.19 28.61 17.63 8.28 10.89 9.92 14.9 12.86 8.71 5.4 3.86 2.45 4.12 6.13 4.98 17.98
3.46 7.16 9.16 9.54 6.84 5.28 9.75 10.83 3.71 4.39 4.39 9.34 3.61 5.09 5.47 9.9 7.36 13.61 39.13 27.64 9.36 9.13 6.71 6.09 6.52 8.11 6.87 7.0 4.91 6.49 4.13 4.85 5.38 12.23 8.58 5.3 2.78 5.15 9.13 13.98 8.0 6.61 3.45 3.16 8.09 11.88 10.46 19.1 28.32 44.82 14.36 8.83 11.65 11.21 12.13 7.81 6.99 7.06 3.54 2.89 3.12 4.18 6.89 9.34
5.65 6.2 8.05 13.35 6.49 6.87 4.38 2.78 2.61 3.47 5.35 15.49 4.71 6.31 6.4 14.22 8.21 22.96 24.94 14.42 11.15 8.75 6.66 8.66 12.43 10.72 11.89 5.48 8.01 5.53 7.88 7.73 6.11 6.89 9.72 4.73 2.53 3.98 12.69 24.53 12.46 5.69 2.75 2.52 4.86 6.01 7.64 16.38 33.12 20.3 13.27 9.68 8.58 9.12 5.25 5.04 4.14 4.48 3.85 1.94 3.36 3.12 4.01 4.58
3.49 5.26 8.79 14.98 9.68 3.99 5.82 2.29 1.61 5.26 3.2 4.15 3.95 3.34 5.38 6.63 12.53 11.99 18.93 9.99 11.89 10.2 8.43 7.95 16.9 10.11 7.26 7.5 7.67 7.31 10.01 4.69 9.22 21.05 9.06 3.17 3.48 4.89 8.24 9.49 6.59 4.33 3.24 4.15 6.45 6.93 9.43 12.03 23.18 18.98 10.0 5.25 9.06 3.74 5.5 2.83 5.26 6.2 3.53 3.16 3.4 2.17 3.89 3.25
4.15 6.56 15.25 11.04 8.68 4.06 4.06 1.67 1.63 2.11 2.61 3.95 3.8 2.75 3.1 7.41 6.84 16.31 22.21 7.81 10.42 9.06 6.85 8.25 6.93 4.88 9.52 5.72 9.8 8.5 4.49 5.11 4.77 14.8 5.93 3.48 5.79 3.61 5.16 6.06 6.53 3.57 5.46 4.84 5.33 3.87 9.05 7.74 12.9 12.27 7.29 6.93 17.41 3.99 3.71 3.89 9.6 6.1 6.74 3.05 5.63 4.02 7.53 4.96
3.38 8.69 11.39 5.96 5.54 4.28 3.8 1.94 3.73 2.85 2.79 3.65 3.12 4.67 4.54 8.36 5.02 10.2 6.83 5.22 9.32 11.9 8.76 7.99 7.96 4.1 5.68 6.9 9.6 7.04 9.11 5.25 7.27 8.3 8.29 5.71 7.44 3.08 3.89 3.83 2.4 1.61 2.64 3.57 8.83 4.67 7.25 8.44 12.47 11.6 9.1 10.63 7.92 4.89 5.07 7.29 8.44 4.72 5.9 3.44 3.97 3.92 5.1 8.68
6.18 11.13 11.76 7.96 4.22 6.0 4.25 3.21 6.17 4.21 6.62 5.17 3.23 5.71 4.85 9.51 5.37 10.1 9.45 4.15 6.3 6.29 6.54 5.63 4.49 5.9 4.57 5.28 11.48 6.07 5.58 4.13 5.27 9.14 12.26 4.77 4.23 3.85 2.72 4.04 3.22 2.54 3.82 8.7 4.74 3.9 5.41 11.37 11.99 11.51 4.26 10.48 6.51 7.93 10.85 10.5 11.18 13.21 9.98 3.65 6.71 7.36 4.86 8.45
10.51 28.39 12.07 13.93 9.77 4.42 8.83 3.41 6.35 5.23 9.71 9.63 17.5 23.61 10.63 18.35 9.09 7.2 9.27 11.78 8.89 4.24 4.89 4.35 4.15 4.93 3.81 11.55 11.21 6.47 2.74 7.87 7.75 8.59 6.44 8.27 4.42 3.78 4.84 4.02 3.98 4.22 6.15 7.3 4.51 4.27 5.15 6.75 6.85 6.03 6.45 5.97 6.64 13.25 20.11 13.62 14.44 8.64 3.38 5.22 7.38 9.32 9.97 8.67
20.81 15.45 11.29 8.25 8.96 11.73 9.15 5.44 5.86 3.06 7.78 8.65 41.98 28.85 25.7 13.52 8.1 8.66 13.49 10.64 6.43 4.63 3.54 5.2 3.96 6.83 10.54 7.37 12.3 8.3 4.17 8.75 6.47 8.28 8.69 6.55 2.92 2.43 5.69 5.74 6.15 8.27 7.6 5.81 11.94 5.47 5.64 7.87 12.75 9.27 5.56 5.32 9.72 10.8 10.4 12.5 5.52 9.24 5.02 5.57 9.59 5.28 7.62 12.8
14.97 10.94 14.79 12.17 9.82 9.42 8.12 7.25 7.91 4.44 14.2 10.82 19.83 14.02 12.49 18.12 10.75 9.05 9.17 7.23 7.5 4.49 2.38 3.23 5.12 5.49 11.18 7.27 9.86 9.0 8.25 9.57 8.15 11.0 5.54 2.4 2.45 2.59 5.58 4.57 4.31 6.73 10.65 9.59 6.82 5.74 7.89 3.6 4.36 5.89 9.86 18.32 13.5 16.55 9.7 11.95 5.08 5.55 7.18 7.3 7.85 8.01 11.03 7.82
8.21 6.02 7.94 8.93 11.05 14.45 8.02 9.77 5.21 3.35 8.9 13.54 15.89 13.19 16.5 12.78 8.31 8.59 6.01 4.48 12.59 5.06 3.2 6.76 9.4 10.92 12.59 8.85 11.73 11.97 15.2 5.54 6.18 6.54 6.51 3.91 4.94 4.63 1.92 3.62 3.77 6.39 12.05 8.52 7.18 5.49 7.97 2.38 5.28 4.71 6.14 9.59 9.47 8.28 10.5 12.51 6.36 7.77 13.91 7.82 10.04 5.23 9.38 7.31
7.35 4.13 4.49 6.43 3.98 6.8 13.04 7.81 7.5 4.17 12.49 7.47 16.12 12.25 24.02 13.87 9.68 8.24 6.41 5.65 10.01 5.82 5.91 7.52 7.69 7.29 17.41 14.66 10.17 15.46 9.33 5.21 8.83 12.14 4.21 6.37 5.28 5.83 6.26 3.19 3.55 6.42 12.5 9.22 6.06 5.14 7.32 3.06 6.79 8.02 7.14 7.99 7.1 8.69 10.48 8.17 11.09 16.12 12.4 4.84 5.21 10.51 8.25 6.02
4.88 2.5 3.04 1.28 4.67 6.16 8.5 9.28 11.9 4.94 8.57 9.18 20.04 16.56 18.23 13.42 19.17 13.49 5.83 7.73 8.75 3.89 4.27 1.81 1.99 10.62 19.48 20.91 11.93 11.44 6.81 13.53 5.86 4.6 5.74 7.59 3.73 5.59 3.14 2.86 3.09 12.14 14.71 13.19 7.71 4.21 6.78 4.22 5.37 7.49 9.08 8.82 11.09 10.33 11.08 23.35 10.76 17.34 8.01 7.29 12.76 12.06 6.25 6.18
5.18 2.1 1.38 1.63 2.73 7.12 7.24 9.93 6.96 6.17 16.34 17.74 14.14 17.05 9.5 11.33 22.73 12.55 6.91 10.23 6.09 9.11 4.47 2.39 3.25 8.39 20.99 9.16 13.68 11.77 6.45 3.36 2.42 3.75 5.16 5.63 3.57 8.57 6.12 3.51 5.54 9.35 7.16 11.56 12.1 9.55 5.52 7.18 4.98 6.33 8.62 8.3 7.88 18.13 7.16 12.6 13.51 8.52 11.4 28.74 16.72 21.98 15.36 15.23
5.39 3.06 2.44 2.64 3.9 6.44 5.4 3.4 4.62 9.01 3.92 8.3 11.72 17.15 13.83 15.75 16.36 13.44 6.42 4.92 6.63 6.38 8.78 7.56 5.42 6.9 17.99 10.16 6.11 10.58 12.15 7.75 5.78 5.43 3.89 3.74 5.13 7.6 4.87 4.61 2.91 5.17 10.51 28.27 6.94 10.42 5.12 6.57 6.74 7.56 10.36 9.57 12.47 18.56 9.49 10.75 17.74 27.79 8.98 13.75 16.89 24.85 14.07 9.93
9.16 5.35 4.65 5.35 4.31 6.97 4.2 2.9 4.98 6.15 2.2 3.41 5.76 8.87 12.53 11.9 10.52 9.32 7.7 10.17 5.94 15.12 3.73 5.32 7.96 22.33 20.55 9.95 4.69 13.3 15.41 9.06 5.68 4.77 3.1 6.52 5.81 7.5 3.27 4.48 3.36 3.98 9.42 16.35 8.4 6.05 6.42 7.56 11.7 10.75 8.59 13.52 29.8 15.63 6.48 13.5 20.95 10.02 10.41 10.95 14.52 12.34 7.33 8.48
6.19 6.47 4.35 5.01 9.82 8.66 5.49 3.63 4.72 3.48 3.3 2.19 4.09 9.48 8.44 7.22 5.63 9.59 7.85 15.18 10.14 11.36 6.82 5.86 7.55 21.19 11.02 10.18 6.8 15.97 16.99 10.18 2.79 3.76 7.44 4.5 5.47 7.79 6.8 4.33 3.58 4.76 5.38 5.88 6.04 5.88 19.77 17.58 17.83 14.22 10.22 15.8 22.56 12.0 7.05 8.82 12.51 14.93 11.59 11.37 15.33 12.88 4.79 8.74
9.28 6.0 5.1 6.92 10.03 9.51 11.76 6.32 7.56 6.61 3.62 3.26 4.86 4.33 4.22 5.56 5.12 4.31 8.04 9.79 7.78 7.75 6.79 10.46 9.98 17.45 19.23 11.78 8.62 5.85 9.32 4.43 5.1 2.88 5.27 5.38 5.69 10.32 3.66 4.99 4.39 5.43 2.69 3.46 8.2 11.61 18.19 21.76 12.16 16.23 22.12 18.02 5.6 12.22 7.81 15.63 18.6 10.91 12.66 15.0 8.97 5.62 5.02 6.88
8.65 10.99 6.95 11.44 6.03 14.88 12.26 4.82 8.61 8.2 8.34 5.36 5.36 4.74 7.12 4.34 2.8 3.26 6.98 13.59 6.32 5.75 6.32 4.54 5.32 9.3 6.57 3.63 7.36 4.59 4.71 4.03 3.93 4.61 5.78 9.52 5.27 4.88 5.68 5.65 7.0 2.46 1.77 6.09 10.08 6.95 6.16 7.6 9.71 12.01 14.59 18.8 11.26 11.83 10.87 14.35 29.88 7.62 9.69 12.27 7.92 6.99 6.58 7.99
6.81 7.49 9.46 11.11 7.84 9.43 10.68 10.23 6.85 6.25 5.67 5.11 6.84 6.69 9.36 4.84 5.2 3.7 6.24 10.14 6.28 7.26 6.8 6.96 4.48 3.88 3.47 8.91 9.49 6.29 5.84 3.55 5.48 4.91 10.46 6.01 2.38 4.05 6.05 5.51 6.67 2.85 4.45 7.72 9.13 4.87 8.2 4.64 4.85 2.95 15.19 9.55 6.44 10.96 8.39 17.59 12.27 6.92 4.42 5.03 4.95 4.66 8.95 7.92
10.86 6.85 5.6 8.07 5.42 7.35 9.19 6.48 4.79 4.93 4.82 5.06 10.33 6.87 5.07 4.08 8.01 8.6 6.25 12.49 7.37 7.63 6.69 7.54 5.08 4.92 3.49 10.78 16.15 9.85 7.37 5.61 4.45 12.98 9.59 5.69 10.67 4.56 4.29 11.52 10.21 4.01 6.79 7.16 6.03 7.11 10.57 5.25 7.81 6.81 8.51 5.22 2.94 3.97 7.26 9.07 6.71 6.3 5.46 6.07 6.05 5.48 4.79 7.46
9.01 6.74 5.05 8.12 4.72 4.58 4.97 6.72 4.06 9.74 6.86 7.22 11.36 11.72 5.37 7.49 5.19 6.95 14.53 12.18 8.06 4.36 9.07 11.56 9.0 3.76 4.46 13.0 14.07 12.32 6.48 5.94 9.76 11.98 16.63 10.68 14.2 13.52 7.76 5.85 3.13 3.09 5.34 9.15 5.92 9.83 7.18 2.78 5.17 9.04 9.53 3.03 3.9 4.21 3.98 6.65 7.46 7.49 9.08 4.14 4.89 6.74 6.4 4.31
4.08 6.7 5.44 8.8 5.51 5.25 4.27 8.79 5.98 6.37 6.73 6.71 10.36 4.65 5.91 4.76 6.48 6.71 10.39 7.14 7.02 6.83 20.69 12.8 6.4 6.74 9.59 6.9 12.92 7.45 12.79 7.71 9.59 8.18 21.44 26.57 13.87 19.01 13.36 6.53 2.52 2.95 4.24 8.17 9.02 13.02 10.8 4.58 9.99 6.97 6.11 7.61 2.98 2.18 5.12 8.1 10.9 15.06 9.02 3.94 3.8 7.83 9.38 5.29
6.38 6.23 14.47 7.1 5.23 4.81 3.88 5.97 7.12 10.17 10.21 6.38 7.75 5.03 8.31 6.15 5.57 3.64 4.38 2.99 4.92 5.43 10.22 7.68 11.39 11.65 5.62 9.41 9.06 7.38 8.0 4.31 5.38 9.85 23.07 16.52 14.18 10.51 16.21 9.37 6.57 7.72 6.11 7.42 8.01 13.34 5.52 5.94 9.79 10.28 27.18 8.29 6.34 3.5 8.51 7.82 8.59 17.41 7.7 8.01 6.69 11.05 4.88 6.21
6.78 4.24 12.05 6.6 6.11 3.62 4.88 12.33 11.03 14.57 7.21 6.38 6.39 6.19 7.0 4.29 4.29 6.03 7.65 8.94 4.06 6.2 13.04 7.61 6.42 5.91 6.13 12.32 12.45 5.19 8.58 3.66 3.18 5.45 14.54 12.51 12.44 11.74 14.9 8.62 16.25 11.11 10.35 9.21 12.03 10.87 5.44 4.43 9.21 11.84 11.31 8.67 11.42 7.04 6.72 5.08 6.03 13.39 5.37 7.48 6.76 6.38 7.96 3.78
6.07 8.32 11.07 6.4 4.03 3.82 4.29 7.78 7.88 17.77 7.36 6.78 8.44 3.89 4.44 3.94 4.49 6.72 4.7 6.06 10.22 12.82 10.89 6.93 5.37 4.51 12.97 4.72 10.01 5.48 7.53 7.87 4.94 5.4 11.14 8.81 7.56 16.42 17.52 18.13 30.05 13.0 6.97 21.21 16.15 17.07 3.84 6.11 4.53 9.35 10.57 9.35 15.37 6.86 4.84 3.61 9.68 7.35 3.93 7.77 5.02 10.81 4.19 2.69
9.64 11.99 12.7 9.6 10.2 7.51 4.87 8.27 9.02 15.32 9.78 14.4 9.36 6.17 3.87 1.67 3.46 4.33 2.44 3.19 4.33 13.12 13.71 6.44 9.93 13.99 9.31 9.41 6.22 5.38 11.35 5.04 4.76 9.44 10.49 8.01 6.33 14.09 8.3 9.91 10.69 7.5 6.94 14.89 14.06 28.13 6.1 6.56 6.9 10.64 7.32 12.03 13.15 7.53 10.63 6.32 4.58 3.91 5.84 10.72 16.15 11.9 4.09 4.01
11.57 13.36 21.62 22.85 17.34 7.26 13.14 13.17 6.93 5.89 13.67 14.4 11.2 6.81 3.22 3.25 5.42 4.63 3.04 4.56 5.29 13.9 7.92 7.15 7.29 6.5 9.49 11.98 8.53 8.42 7.83 3.82 4.65 4.59 4.26 4.09 6.43 8.79 7.31 6.04 9.37 5.86 5.67 5.23 14.54 13.07 7.43 6.34 3.45 6.21 5.65 7.18 5.06 5.57 16.45 7.67 3.53 5.04 12.3 21.53 13.33 14.31 6.06 8.57
9.8 15.74 27.71 10.61 14.06 11.78 18.08 8.33 7.37 6.02 9.73 11.45 11.39 8.21 5.61 3.92 7.58 5.4 3.19 6.64 8.64 4.28 7.15 9.37 7.02 8.64 7.37 7.97 8.12 11.39 9.96 3.99 4.1 0.98 2.24 3.3 8.68 7.02 8.48 12.78 7.55 4.06 4.25 3.1 7.01 9.84 5.93 10.67 7.84 10.3 6.06 7.62 5.01 6.1 8.79 5.73 5.43 11.46 8.19 9.7 8.95 9.46 8.38 6.44
6.72 11.16 19.59 14.3 9.24 5.49 8.69 9.18 9.53 5.64 6.72 22.14 14.04 8.29 7.18 6.74 8.94 3.6 6.17 4.66 5.46 5.37 6.21 8.59 6.34 5.02 7.33 4.83 8.16 8.18 6.73 5.61 2.77 1.2 2.26 4.59 5.72 8.24 9.73 13.48 8.1 4.58 3.99 3.62 9.69 7.99 10.69 15.97 10.02 18.6 7.28 6.53 4.86 2.35 3.84 6.36 9.44 14.37 32.18 12.26 7.67 4.49 8.4 6.72
8.3 16.93 11.39 14.25 11.7 6.62 4.46 8.66 6.82 5.97 12.52 36.24 25.68 12.88 6.59 4.73 10.55 3.07 2.91 4.73 7.26 6.87 3.92 6.22 7.0 4.48 5.08 6.08 4.44 5.47 12.15 7.2 4.56 2.58 3.27 4.7 5.54 7.27 8.44 11.62 10.27 6.5 4.67 7.58 8.08 9.99 12.07 11.17 9.3 8.1 8.49 4.71 4.4 5.73 9.92 8.69 8.66 7.47 10.51 17.94 6.91 7.11 12.3 4.08
7.63 6.69 8.62 16.71 21.53 20.45 8.55 6.96 6.86 5.03 6.08 18.14 8.03 8.25 11.15 8.11 6.57 2.94 1.97 4.39 7.98 7.14 3.66 6.25 3.03 6.48 6.14 7.66 4.59 15.38 8.4 7.05 5.4 5.14 2.79 2.26 3.08 4.16 10.72 15.86 7.87 8.58 4.55 5.23 15.88 12.07 6.32 9.23 5.95 10.16 8.77 3.35 3.05 11.46 10.66 13.88 9.79 9.6 11.84 11.8 7.57 5.8 7.13 7.31
7.43 7.46 5.1 9.36 11.73 20.58 13.09 15.66 8.75 4.52 4.67 11.43 4.74 10.57 5.85 6.77 4.4 4.16 2.31 5.03 4.92 6.95 5.32 3.64 3.63 8.29 5.17 7.56 3.9 12.53 10.19 11.28 5.87 4.76 4.05 2.81 2.56 5.62 14.92 21.84 3.86 5.34 6.77 9.49 9.86 6.51 6.63 9.71 15.39 11.35 5.75 10.75 5.06 6.73 9.07 10.6 8.06 15.91 16.84 10.19 9.21 7.48 6.23 3.61
6.89 11.34 3.05 9.92 11.47 22.57 21.82 13.29 6.15 7.08 6.57 5.55 5.73 8.39 5.82 10.62 7.51 4.58 3.96 2.75 6.06 7.45 10.69 5.57 4.24 4.8 3.6 4.26 7.42 15.92 9.87 10.83 4.5 3.85 6.91 2.34 2.51 10.81 13.55 10.04 4.28 10.18 5.09 7.98 9.62 16.09 12.9 17.82 12.43 7.34 15.04 12.21 5.64 4.05 9.97 10.8 5.79 11.6 10.13 8.12 10.05 6.33 4.06 3.91
7.23 5.27 5.44 18.91 11.38 14.17 13.89 9.98 11.35 7.31 6.69 5.53 3.67 10.54 5.78 6.0 6.8 3.22 4.91 4.84 6.16 7.2 12.63 4.87 5.02 3.05 4.53 3.82 3.41 10.7 8.47 8.78 5.26 7.2 4.11 4.0 7.8 7.85 15.76 14.95 9.92 15.22 9.54 9.48 7.94 12.2 9.55 22.16 25.21 13.19 19.08 4.12 4.29 9.98 20.29 8.92 9.52 7.06 10.57 7.94 5.57 7.42 6.27 2.52
10.49 10.54 8.72 10.82 8.59 16.42 10.2 9.38 11.92 10.85 11.68 7.21 7.99 9.25 6.1 7.7 3.71 4.88 2.57 3.67 2.98 4.45 5.92 7.54 5.53 3.12 3.48 3.07 4.68 5.38 7.38 8.53 6.85 4.27 4.82 9.08 15.07 8.15 15.3 5.35 10.57 8.0 8.73 6.4 8.32 6.54 12.64 20.86 18.92 8.97 12.75 5.27 16.19 12.11 11.87 9.37 8.44 11.99 9.32 5.96 8.18 5.83 6.88 2.56
11.01 11.17 6.3 4.6 11.91 11.19 6.94 8.34 8.5 15.72 11.17 6.47 4.38 10.54 7.65 5.14 4.33 6.01 5.97 3.41 3.47 5.34 7.46 8.17 6.78 6.28 6.48 3.94 5.19 6.81 10.33 7.47 3.9 3.66 5.59 4.09 16.11 12.87 13.6 7.38 7.88 6.28 7.59 6.94 7.59 6.72 6.38 11.2 10.23 6.43 7.05 5.41 7.21 9.05 10.08 6.43 11.66 5.41 2.87 3.85 6.25 5.39 7.82 3.49
6.74 6.12 6.16 3.94 8.33 7.21 5.44 8.03 10.27 9.79 4.12 2.59 4.15 3.78 5.47 5.71 3.79 6.6 4.35 3.28 5.21 5.13 7.84 13.98 13.75 5.17 3.72 3.93 5.66 5.78 9.07 10.29 4.46 8.18 3.65 5.67 7.99 9.28 10.41 7.08 6.11 8.53 8.94 6.59 4.98 4.0 5.88 12.54 5.37 5.38 6.52 4.28 5.18 9.13 9.22 4.05 6.43 4.61 3.88 2.69 6.75 5.41 6.97 7.3
8.57 9.01 4.58 7.58 5.61 6.99 7.91 6.87 7.75 3.21 4.03 2.26 5.16 5.59 5.7 7.08 6.63 6.19 6.1 5.23 3.63 7.25 11.38 8.55 14.02 10.23 10.0 9.87 5.36 3.94 3.71 4.03 3.25 5.53 4.93 5.89 10.25 8.51 7.91 10.09 18.85 13.36 10.86 6.27 3.4 3.52 4.24 3.52 5.35 4.49 4.68 5.99 6.62 6.27 5.04 5.55 10.44 3.94 5.91 6.83 7.54 11.34 7.37 7.04
14.82 7.94 7.82 9.24 6.61 5.29 7.72 8.96 3.72 3.14 5.24 3.91 7.16 5.33 6.83 10.02 11.08 5.57 5.74 10.67 6.06 5.0 9.45 8.72 6.48 21.2 12.8 9.99 13.18 4.0 3.17 4.15 5.29 4.11 8.43 5.18 5.76 14.63 35.6 22.99 28.59 11.93 13.94 6.06 4.53 3.0 4.43 3.16 2.8 6.08 5.6 10.47 7.03 11.26 8.77 6.02 4.09 4.18 5.61 7.97 9.85 11.05 5.85 6.42
13.63 21.57 9.83 13.86 19.3 6.36 8.62 14.59 5.72 3.69 5.8 5.97 7.51 6.91 4.5 9.29 10.24 4.57 4.35 6.54 6.9 6.96 6.34 9.69 13.04 16.48 14.0 16.78 11.25 4.93 2.79 3.57 5.14 3.68 3.04 3.92 5.96 12.33 29.74 23.51 24.7 16.67 26.26 8.18 7.16 4.45 3.97 4.56 4.03 3.87 9.51 14.99 12.56 8.69 10.23 9.15 6.42 4.17 5.54 12.47 11.48 4.28 5.19 5.29
25.13 17.1 22.53 22.09 14.84 5.44 12.46 14.8 4.3 7.13 7.01 7.99 6.76 3.18 4.9 6.83 12.1 3.75 5.09 3.55 11.08 16.44 15.44 24.43 12.92 11.62 10.03 7.51 7.97 6.56 3.56 3.29 3.38 3.66 3.47 4.39 6.37 7.43 11.74 19.61 23.89 28.49 10.15 6.86 12.27 5.72 6.18 2.9 3.24 3.86 7.84 6.74 6.64 6.2 12.24 9.71 5.94 5.2 8.4 16.24 16.47 6.0 7.07 4.28
55.87 36.83 29.72 11.18 7.85 6.55 5.77 7.28 9.99 3.55 7.07 4.94 8.23 4.28 4.51 6.16 8.55 3.5 4.81 4.51 12.66 23.06 29.01 26.28 23.32 14.15 13.84 15.41 9.05 7.38 4.54 6.9 4.03 5.54 3.63 4.87 4.69 7.0 12.41 25.46 11.1 13.08 18.39 15.58 10.0 5.4 5.54 5.16 7.95 5.05 5.77 3.35 2.41 6.12 7.62 15.26 12.15 9.1 7.74 5.91 6.59 13.63 7.59 3.87
38.44 31.43 25.61 9.18 6.84 6.06 8.99 7.81 8.07 4.0 3.34 4.21 3.31 3.58 4.57 6.08 5.61 7.03 8.03 6.13 17.43 20.84 11.64 8.71 12.92 36.07 21.28 18.55 9.6 7.35 6.15 7.35 6.31 2.99 3.14 2.91 6.63 8.89 16.49 21.97 10.08 20.8 13.21 12.34 7.12 3.71 6.77 5.18 14.93 12.55 5.59 6.55 1.86 2.4 10.13 23.74 13.48 25.22 8.4 8.2 8.04 7.76 5.29 4.37
20.49 16.19 13.25 9.56 9.28 6.6 4.16 8.02 4.67 5.02 6.29 2.84 3.79 5.38 6.39 9.01 7.17 8.17 10.98 10.28 20.59 10.14 6.61 6.14 12.15 21.13 32.32 13.28 5.36 5.02 10.63 7.81 3.91 3.51 4.73 4.72 4.61 7.03 15.04 14.76 9.03 9.97 17.81 15.39 8.31 4.96 6.22 4.95 6.61 17.23 8.5 3.85 2.31 6.11 10.08 13.21 13.92 18.55 17.57 12.85 8.07 10.4 6.11 3.68
7.03 13.56 12.23 11.25 17.19 6.13 3.98 2.87 4.79 4.25 5.4 6.31 5.58 8.62 8.63 7.62 8.86 8.33 12.63 18.29 18.01 7.25 15.5 10.57 12.3 16.75 22.02 6.3 4.18 5.83 3.38 9.3 5.79 3.53 2.15 4.87 3.94 4.36 7.97 8.64 7.13 17.43 13.03 17.81 6.65 6.07 9.56 6.37 6.83 10.56 7.79 3.83 6.57 5.27 10.2 16.0 14.45 5.67 6.98 11.28 8.06 10.93 12.05 7.85
10.46 8.44 8.54 6.81 10.33 13.4 5.79 4.73 4.3 2.23 4.79 7.35 7.42 10.76 13.61 8.0 5.23 10.14 21.32 14.8 14.14 20.06 5.28 7.87 12.75 13.33 10.81 5.94 3.79 5.68 9.57 10.09 6.01 5.97 2.92 3.83 2.27 1.63 3.53 10.8 12.63 11.72 12.84 6.8 4.81 5.69 3.64 2.69 7.33 7.25 6.85 5.73 6.89 7.55 10.6 13.26 12.68 3.63 4.75 7.91 10.42 12.29 9.59 7.55
15.66 6.77 7.73 10.59 14.27 10.54 7.77 4.87 8.56 4.56 3.52 5.72 4.12 6.62 7.91 7.59 3.19 8.05 13.49 12.58 11.46 11.15 4.6 7.11 19.68 10.95 10.41 9.82 7.57 5.61 5.63 3.67 3.47 5.7 4.57 3.39 2.76 1.91 6.99 10.3 17.38 8.42 3.4 3.2 2.57 8.88 3.53 4.58 5.37 8.38 4.99 4.9 4.88 6.13 11.45 7.86 5.19 8.15 7.35 12.84 13.09 16.94 8.67 12.49
13.95 11.39 17.25 9.34 15.8 9.71 4.7 7.72 6.27 4.92 2.83 2.95 4.54 5.56 5.3 3.94 3.64 11.5 13.39 6.66 7.79 10.63 2.67 5.98 8.5 8.73 8.14 9.48 8.6 8.46 5.33 3.03 4.67 5.1 4.44 8.25 6.75 3.92 4.07 12.33 14.55 13.5 3.11 2.18 3.48 5.98 5.58 7.68 4.47 8.91 3.67 3.3 4.21 11.0 6.66 10.31 10.4 8.17 16.42 19.69 18.0 9.9 6.08 9.3
11.95 9.59 10.44 11.63 8.3 17.55 9.82 7.88 7.22 4.77 3.64 4.13 3.91 3.03 7.2 4.6 3.28 6.85 5.17 6.56 5.51 4.39 3.41 5.36 5.06 4.8 2.9 5.17 8.85 8.87 4.3 3.75 4.63 9.56 8.66 13.26 4.19 4.34 5.21 5.74 6.53 10.33 6.89 3.53 4.92 9.29 8.8 5.74 4.96 4.24 3.54 5.9 7.46 12.03 12.81 11.25 8.7 6.38 17.08 11.99 7.93 5.79 4.84 12.67
15.6 8.27 10.75 12.27 10.61 9.46 9.0 9.6 9.48 4.22 2.55 3.33 3.89 7.67 8.47 6.73 6.34 5.4 7.0 5.62 4.4 4.98 2.53 5.01 3.85 4.24 3.11 8.18 4.51 4.18 3.53 3.18 8.77 8.47 7.42 7.38 8.81 8.38 5.16 9.95 8.23 10.86 8.44 6.82 6.03 6.26 8.9 8.11 5.25 2.73 4.49 5.07 4.43 9.31 5.93 9.45 5.87 3.92 7.63 13.2 4.69 6.28 9.48 13.85
7.68 6.59 5.81 11.69 10.41 13.53 8.4 7.58 3.16 3.7 3.18 4.56 4.09 5.44 5.38 5.78 6.75 6.8 2.71 6.11 4.61 3.4 2.34 5.41 3.61 5.56 5.94 8.79 8.24 4.31 3.51 3.42 9.36 6.79 5.62 25.84 11.02 9.31 9.98 10.1 32.22 11.39 10.51 6.26 4.28 10.74 11.4 10.66 6.05 7.55 6.34 5.8 3.89 6.06 5.08 4.04 5.57 4.35 6.9 5.77 5.4 4.2 7.11 16.85
8.05 7.23 6.65 12.68 20.97 14.41 12.49 9.16 4.03 6.3 1.7 2.53 3.66 5.33 9.2 10.35 9.04 8.11 7.54 5.95 3.12 2.03 2.96 4.17 3.92 3.73 6.01 11.32 8.85 4.31 4.62 4.81 9.52 7.34 9.84 13.51 15.47 11.22 12.21 13.12 10.74 7.56 13.63 8.13 7.1 7.53 7.43 8.69 8.34 9.64 11.35 4.59 5.26 3.32 2.59 4.81 5.9 7.62 11.28 6.94 6.73 4.04 7.86 11.1
