7.09 7.9 9.81 7.32 5.17 4.58 7.01 7.13 5.37 4.2 3.53 5.81 13.29 11.68 10.11 10.8 16.47 18.79 19.86 15.92 11.09 14.75 15.81 10.65 23.73 14.29 16.45 24.9 20.17 20.51 6.68 14.57 15.47 26.43 18.33 32.47 13.58 5.08 5.79 11.01 9.02 14.76 9.31 5.55 5.25 2.8 2.27 2.57 2.51 4.27 5.47 3.77 7.99 6.16 7.44 4.33 3.84 3.27 4.51 1.89 2.75 5.09 3.87 6.11
8.74 7.32 8.4 6.15 7.57 4.3 5.75 6.14 3.6 3.51 1.98 4.42 10.4 10.48 10.3 8.64 13.87 17.14 18.54 6.66 6.43 17.32 15.96 22.51 22.03 16.41 15.77 29.94 20.4 13.48 12.09 15.82 16.75 20.34 24.8 19.46 20.36 7.76 7.46 8.54 7.51 7.68 7.07 6.18 5.77 6.65 3.47 2.79 2.43 3.88 5.58 4.27 7.29 3.58 4.12 4.14 3.79 3.28 3.84 3.0 4.29 5.66 5.31 6.39
10.34 8.04 11.07 7.16 6.02 4.14 3.19 3.95 4.25 3.32 2.87 7.77 11.31 6.68 13.12 7.45 11.22 16.59 12.51 6.11 3.67 17.82 11.86 14.54 17.48 26.51 14.33 16.17 19.56 7.14 17.99 10.59 18.66 26.81 32.19 13.48 21.02 8.96 4.82 4.79 2.29 7.27 11.45 8.33 13.1 7.12 3.59 2.97 3.52 2.81 3.72 3.32 3.88 2.53 3.27 7.05 6.69 6.97 4.9 5.29 6.95 8.91 5.22 7.39
9.14 12.97 7.89 10.56 7.57 11.81 6.4 3.33 3.43 3.0 2.22 6.58 8.17 14.15 5.25 3.55 8.89 8.88 8.61 7.95 7.73 12.53 15.22 14.39 20.22 20.29 13.07 20.64 11.3 11.61 12.12 18.82 17.13 20.16 12.84 15.45 14.78 9.29 4.93 3.21 1.85 2.86 13.47 18.95 18.76 12.08 3.87 4.27 3.97 3.32 3.51 2.33 1.63 3.15 3.51 5.63 7.63 8.58 6.12 4.71 7.95 5.46 8.64 9.77
5.14 8.67 7.25 10.14 7.62 8.56 6.23 5.1 4.4 3.8 2.98 4.47 9.0 7.93 7.64 6.5 8.08 5.97 13.66 9.41 4.9 6.46 14.37 8.49 8.23 11.36 21.29 16.14 9.39 8.68 13.26 9.5 14.42 16.99 8.74 4.51 6.21 5.89 2.64 3.28 2.8 11.74 11.67 11.28 18.44 9.73 4.36 3.45 3.89 5.38 2.37 2.09 3.66 4.12 8.31 4.15 7.43 6.8 15.35 6.88 9.38 3.84 8.53 10.58
4.7 5.97 8.16 7.48 6.62 7.76 5.06 3.78 4.35 5.23 5.08 3.83 12.09 16.54 7.6 8.98 5.12 4.98 8.53 4.76 3.9 3.68 7.72 4.38 10.87 9.87 15.15 8.71 10.43 7.84 6.75 6.84 17.48 11.63 7.35 4.63 3.99 10.26 2.28 4.55 4.23 14.32 10.03 12.88 14.37 9.63 8.37 6.34 4.54 2.91 2.01 3.38 4.34 4.75 7.95 4.45 3.1 5.62 9.75 11.47 12.05 5.24 9.06 9.86
6.08 5.49 4.59 10.75 10.01 9.83 6.53 5.56 6.97 10.31 8.38 11.32 16.32 13.8 8.16 6.77 2.96 5.03 4.44 3.67 2.22 3.77 7.49 8.55 11.83 11.42 8.13 6.98 9.26 11.85 7.07 7.97 8.7 11.91 10.09 7.23 7.26 5.88 3.79 2.56 3.13 13.5 9.63 13.59 15.63 11.84 5.89 8.06 4.1 2.88 1.72 5.17 5.7 12.1 11.73 7.27 6.87 3.82 11.16 9.54 6.96 7.39 6.14 7.89
9.65 3.66 3.73 12.7 7.5 6.64 9.5 6.36 11.15 7.51 13.01 13.22 23.19 18.14 5.83 7.34 2.38 4.44 5.79 4.1 3.14 6.68 6.69 6.05 8.78 6.55 5.38 4.55 5.82 15.28 13.48 5.74 4.11 10.81 10.73 5.73 14.67 6.36 4.54 2.22 4.91 3.42 6.11 11.22 19.86 11.01 8.54 4.51 2.57 2.56 2.97 6.07 14.92 15.98 18.99 10.8 8.73 4.53 6.5 4.51 4.34 6.35 4.62 6.07
10.94 4.44 4.67 10.93 5.95 8.33 7.34 7.22 9.9 22.97 12.05 8.94 20.19 24.44 12.03 5.31 4.14 6.65 7.0 4.0 6.09 7.74 4.21 3.34 4.73 3.76 3.77 4.45 9.42 17.3 13.03 8.5 5.34 5.55 5.79 6.51 13.53 4.99 3.67 2.92 5.37 6.94 5.31 10.68 16.94 11.02 6.71 4.88 3.26 4.98 3.64 5.95 17.31 17.82 18.58 22.88 16.63 5.98 5.73 4.63 5.0 4.65 6.1 7.4
11.49 9.81 8.7 13.47 6.78 5.19 5.21 5.61 8.73 14.68 10.98 6.92 14.55 21.05 8.11 5.91 4.02 6.13 5.76 12.13 10.95 6.72 5.75 4.17 4.58 2.08 5.61 5.78 10.05 9.03 7.04 4.02 8.6 7.06 5.32 18.29 11.13 11.22 4.44 4.46 5.47 9.15 4.22 6.96 9.32 13.79 5.97 9.43 7.2 7.95 5.04 6.93 13.6 14.23 30.62 20.59 14.33 11.65 5.76 6.36 4.3 5.15 8.78 5.39
13.19 16.37 11.11 13.22 5.14 4.52 10.61 4.25 5.22 8.46 10.12 10.99 15.15 11.71 5.31 5.32 4.44 8.42 8.21 10.94 9.72 10.38 11.2 6.47 10.89 2.28 3.29 3.75 12.71 7.47 4.83 4.72 6.12 12.67 4.34 14.5 10.63 6.6 10.45 9.0 7.13 5.13 9.93 6.51 11.14 24.92 12.86 10.19 10.01 11.0 4.72 5.39 7.47 9.08 27.57 23.51 24.71 10.42 6.02 3.95 3.1 5.31 7.94 7.84
8.63 10.71 10.74 9.19 2.5 3.73 4.45 4.66 5.69 6.99 11.35 16.02 12.77 7.45 3.25 3.53 5.01 6.92 8.41 10.69 4.11 8.22 6.98 9.44 8.65 4.27 5.13 8.3 9.94 9.88 7.72 4.98 9.26 9.7 9.29 9.98 10.62 6.12 10.71 14.64 12.07 12.62 13.52 9.87 17.51 24.92 11.43 10.62 6.98 9.32 7.42 4.43 5.3 8.59 12.45 11.45 15.72 13.07 5.29 4.78 4.57 9.19 9.39 17.69
7.28 6.47 8.06 6.88 4.84 3.18 6.95 10.31 9.55 6.67 7.66 18.85 12.67 8.52 9.67 5.48 4.75 8.39 8.97 13.43 5.13 5.2 7.16 6.71 5.73 6.55 9.31 7.24 16.87 12.54 10.57 11.38 8.52 9.27 8.11 10.59 8.46 7.99 15.59 14.04 16.71 17.23 14.22 8.86 11.36 14.24 8.92 11.22 6.05 5.38 8.07 7.33 7.26 15.54 10.36 7.81 13.54 9.72 5.09 6.01 9.56 11.9 10.8 20.67
8.03 2.35 6.55 7.57 5.23 8.71 11.53 8.92 8.54 9.6 10.08 9.4 7.83 12.59 12.13 6.34 5.79 8.81 7.17 6.8 7.88 4.24 5.58 6.04 8.22 8.78 14.08 12.4 14.37 9.01 7.27 11.08 8.79 13.67 8.55 10.0 9.67 11.51 19.21 25.02 14.2 12.37 12.64 10.1 8.93 11.2 7.38 10.98 7.85 11.77 8.79 8.19 10.09 9.68 8.57 4.77 10.56 7.5 4.84 5.38 14.12 7.41 11.24 16.32
5.21 2.57 5.05 8.94 10.72 15.2 8.5 6.29 7.06 10.45 7.2 12.16 5.27 5.89 8.39 9.6 8.98 6.68 4.06 5.26 5.14 5.31 3.08 6.75 5.26 7.33 10.18 8.32 12.91 7.37 7.98 10.43 11.49 10.18 4.44 5.35 9.25 5.04 7.93 19.13 14.53 10.1 13.68 19.33 8.88 12.77 10.37 6.89 10.33 8.68 5.52 5.77 4.78 9.17 7.52 11.38 9.88 10.39 6.6 6.85 9.09 7.78 15.4 14.86
3.26 2.4 8.09 6.53 12.91 14.07 7.69 7.93 9.97 8.37 7.63 9.68 7.29 4.7 8.45 8.59 15.45 8.36 5.85 6.5 5.37 5.55 2.95 7.17 5.45 6.78 12.34 12.26 10.99 8.42 12.38 8.03 18.14 4.85 6.63 7.02 8.61 2.24 7.03 8.25 14.25 26.82 22.97 20.07 9.0 8.16 14.78 6.7 4.98 6.23 10.72 8.42 5.74 6.85 6.44 6.44 7.69 14.77 9.12 9.53 6.34 6.83 12.64 10.73
3.34 3.72 4.88 7.24 14.56 14.69 14.23 10.41 14.73 10.12 7.6 7.58 8.9 6.67 8.73 8.33 5.65 9.97 10.67 8.14 3.22 4.79 3.8 5.57 3.96 6.13 14.7 9.39 10.36 8.88 14.55 4.73 9.23 6.05 4.42 8.47 6.76 6.75 5.57 5.82 11.29 37.9 27.64 13.07 10.43 13.35 8.0 5.92 11.68 8.75 9.57 17.56 8.72 6.92 6.42 7.17 7.35 9.18 11.53 6.84 5.61 10.02 12.33 7.77
8.51 4.37 3.7 5.08 6.72 16.5 9.22 14.14 14.17 10.47 5.44 6.59 6.12 16.14 12.34 7.41 4.79 5.7 7.36 9.06 4.25 3.83 3.34 5.93 9.05 9.99 11.04 11.76 4.79 7.97 7.07 3.73 5.68 9.44 5.38 10.5 9.25 7.96 6.78 13.97 8.93 16.06 18.8 9.53 7.39 7.27 6.06 12.06 14.42 10.85 14.09 17.03 4.57 3.21 3.5 7.87 5.26 5.73 14.11 5.85 6.5 4.36 7.43 8.39
7.21 6.35 4.12 3.93 9.16 13.89 8.0 9.13 11.74 8.7 7.45 6.89 8.12 13.37 11.08 3.72 4.27 4.13 8.45 8.04 6.59 3.82 5.23 6.8 10.78 15.2 9.6 6.11 4.37 4.93 9.51 3.96 6.31 10.1 16.95 20.69 8.23 5.36 10.68 11.36 8.88 17.47 27.94 17.16 15.56 11.11 10.42 13.12 13.27 11.06 21.73 12.5 3.78 3.02 2.82 6.11 12.71 8.72 10.4 7.25 7.67 3.89 6.88 9.46
7.89 3.8 8.41 5.33 14.42 14.92 10.36 10.88 14.2 7.56 5.41 4.09 7.97 6.12 5.83 5.65 4.01 3.57 3.83 6.1 4.27 4.96 8.2 7.66 13.44 8.8 6.87 5.55 3.71 4.36 6.27 4.97 9.51 18.92 17.67 18.98 9.33 6.16 9.57 11.74 9.88 16.4 16.83 12.05 19.42 5.1 8.42 9.69 6.1 9.6 8.45 20.25 3.95 4.16 4.12 6.08 6.88 9.39 7.05 4.09 10.47 6.48 4.43 8.41
11.01 5.53 9.87 10.07 13.69 18.75 17.17 9.07 7.29 8.49 4.39 4.41 6.36 6.26 4.53 6.48 5.69 7.25 5.64 7.49 4.08 5.25 3.19 6.48 11.24 7.06 4.52 7.63 4.62 3.26 3.45 5.74 12.47 11.38 9.36 11.54 5.28 8.1 11.63 6.9 6.79 7.37 18.38 22.57 12.39 9.49 4.57 4.07 5.52 7.45 9.57 12.52 4.03 2.63 3.57 4.85 6.53 5.29 7.31 8.14 10.89 10.54 8.8 9.54
12.05 5.9 7.65 6.84 16.29 20.32 13.22 9.14 3.83 6.74 3.55 7.48 3.51 7.41 5.37 8.72 11.37 6.09 7.77 5.72 4.97 5.7 4.13 6.21 5.56 5.17 3.38 6.26 5.38 2.21 4.1 3.12 5.03 4.83 7.46 3.92 6.35 10.55 12.39 5.96 6.47 9.71 16.36 15.49 15.66 12.53 6.6 4.45 6.76 11.4 9.55 5.83 3.14 3.5 2.68 4.13 7.81 6.37 7.66 7.51 14.46 16.62 15.68 10.72
12.03 19.12 14.52 14.13 17.1 32.97 13.91 8.69 7.2 5.26 4.92 8.44 6.57 4.34 6.86 8.75 8.93 9.82 12.74 6.3 10.22 16.75 4.3 4.0 3.62 3.46 2.01 3.64 4.58 1.95 3.74 3.05 4.65 5.06 5.63 6.02 8.1 7.66 7.15 3.72 5.39 7.79 19.08 15.36 15.59 15.11 5.8 9.03 4.48 9.05 4.43 9.75 5.38 5.32 2.53 6.61 10.26 7.36 7.83 8.28 11.31 9.09 12.21 11.2
16.04 18.69 19.76 24.96 35.95 16.78 19.65 5.6 12.21 7.16 5.2 6.6 9.3 5.66 9.67 5.59 10.39 11.86 12.15 7.71 9.52 15.96 9.09 6.15 4.76 3.05 4.09 6.01 4.5 4.44 11.3 4.83 2.9 4.18 4.72 7.32 3.98 7.31 4.23 3.19 2.94 5.08 16.29 12.75 14.26 6.6 9.24 15.55 12.56 10.47 5.59 7.37 10.88 10.62 8.99 7.03 5.92 7.25 3.64 2.88 6.63 10.52 10.12 12.15
32.19 21.69 13.1 18.64 24.64 13.87 19.39 10.25 12.11 5.88 4.38 5.88 6.17 10.1 12.73 9.9 7.39 7.37 12.68 7.44 8.39 7.14 6.05 4.3 3.15 4.1 4.26 6.51 4.84 12.7 7.18 4.07 4.09 2.85 3.73 8.1 3.74 6.71 3.46 2.3 4.08 2.94 9.3 9.81 14.13 5.43 7.6 13.86 27.17 15.24 12.14 8.72 17.33 11.56 17.48 8.57 9.7 7.9 3.2 5.87 5.44 7.88 10.31 10.35
19.33 20.64 13.42 11.8 8.23 14.19 22.7 12.8 4.29 3.95 3.75 4.47 5.73 16.01 16.89 22.06 6.49 4.93 6.84 10.04 8.95 12.2 3.36 5.08 3.99 4.9 4.18 5.67 9.56 8.37 4.07 3.53 3.08 2.27 3.64 6.1 10.87 6.03 4.42 3.85 3.21 3.2 3.67 6.89 8.03 8.1 8.6 11.34 12.82 13.59 13.76 18.83 12.9 7.81 11.62 19.02 11.01 6.23 3.18 5.8 5.67 5.08 9.6 13.0
12.17 18.93 15.97 6.28 7.73 9.41 11.78 11.15 5.68 2.75 3.33 4.19 6.79 8.06 13.65 23.39 5.57 2.57 4.54 9.42 7.09 10.25 4.09 4.41 5.2 4.28 4.17 3.83 7.18 3.73 3.64 2.65 5.99 2.51 3.74 6.92 6.98 3.82 3.94 2.06 2.36 2.54 4.5 8.64 9.58 15.41 10.08 17.86 6.89 11.83 12.38 30.24 10.2 10.75 9.69 16.85 16.92 7.94 4.68 3.21 3.18 3.98 9.15 4.75
8.27 9.2 14.68 12.03 10.67 5.02 6.56 5.87 2.94 2.45 4.15 5.21 7.31 6.01 9.72 9.3 5.31 2.96 5.25 9.41 7.14 5.16 5.71 4.59 3.72 6.03 4.06 5.33 5.9 4.5 3.01 2.44 1.97 2.41 5.07 5.54 5.33 4.12 4.95 1.5 2.11 5.04 3.89 11.25 12.79 9.73 5.75 9.36 4.83 4.97 9.65 10.48 11.47 10.48 5.97 6.88 10.41 6.31 2.91 3.46 2.92 5.02 9.1 7.12
10.14 8.25 9.22 8.06 5.78 9.27 4.89 5.13 4.09 3.63 4.09 2.82 5.45 6.97 6.04 4.64 4.41 4.42 6.29 5.28 4.38 8.19 10.12 5.06 3.78 7.29 5.45 7.71 6.08 5.51 5.83 3.75 1.21 2.31 4.95 6.35 3.69 4.88 5.54 3.27 3.94 4.11 3.63 5.41 11.89 6.42 4.28 4.12 6.11 3.03 5.72 5.05 10.52 5.52 5.45 5.09 5.61 7.81 2.97 4.49 3.29 6.71 12.65 8.26
8.01 10.74 8.09 5.19 3.57 4.14 4.06 3.81 9.08 4.8 5.12 3.86 7.31 6.55 13.11 4.21 4.57 6.95 5.93 7.02 4.82 11.29 12.46 8.32 3.83 6.23 8.85 9.79 8.61 3.31 7.85 2.54 1.73 2.4 4.55 7.47 6.37 6.45 6.75 3.99 4.49 4.73 3.59 3.19 5.24 2.76 4.04 2.48 3.47 1.61 2.8 4.85 5.32 6.06 5.48 4.07 5.21 5.7 5.09 4.52 5.06 8.03 8.4 6.2
6.36 10.44 12.49 4.02 2.27 1.95 3.99 4.6 6.34 4.82 7.42 3.57 4.27 7.9 8.93 4.34 2.87 6.0 4.85 10.67 5.17 13.55 19.59 11.43 9.62 8.67 9.39 10.75 5.41 6.7 4.98 3.0 5.66 3.58 4.87 5.35 4.83 9.89 6.39 4.52 4.52 8.38 5.58 7.99 6.05 5.93 4.71 6.1 3.08 2.29 2.11 5.06 4.26 4.03 3.59 5.97 6.85 3.53 3.21 4.35 2.63 4.81 7.68 11.45
7.07 6.56 5.11 2.83 2.25 1.92 2.61 3.59 2.73 4.92 7.24 6.37 3.25 5.0 6.4 5.81 3.98 3.43 4.09 6.15 9.4 9.85 14.12 20.37 11.04 13.38 16.55 13.91 7.8 11.13 5.13 4.65 5.05 3.48 5.11 5.23 7.83 9.99 9.66 11.34 6.95 7.91 12.67 13.55 9.86 3.5 3.12 6.24 2.98 3.61 5.99 7.22 4.05 5.83 6.27 9.34 5.13 3.62 2.45 1.73 4.07 6.53 10.5 7.17
9.95 6.96 3.34 2.03 1.46 1.84 2.34 4.57 2.39 1.96 5.47 3.63 3.43 4.14 12.77 10.39 5.33 2.23 3.88 4.73 10.16 9.16 17.82 9.38 10.17 13.78 13.28 11.05 5.08 6.78 7.65 8.6 6.53 4.58 6.75 6.93 10.53 16.0 25.73 24.05 14.05 15.15 21.68 4.21 11.04 6.32 9.45 5.15 8.94 5.81 7.06 8.94 4.83 4.71 4.58 5.82 4.56 3.23 1.86 2.0 6.41 5.42 7.62 8.09
6.27 4.71 3.28 1.53 1.92 1.1 3.35 4.64 1.96 2.59 2.61 2.6 2.63 10.33 15.05 6.11 5.37 3.88 2.82 2.54 4.09 4.64 14.13 9.01 5.65 16.8 8.79 7.4 4.4 6.66 7.87 7.57 7.13 5.8 6.03 9.74 13.97 15.14 18.59 13.29 9.14 24.71 9.11 8.06 11.54 8.77 12.35 10.48 12.55 7.5 8.83 13.25 4.27 3.81 1.53 1.72 4.34 3.11 1.99 2.35 6.05 4.51 5.48 5.33
4.77 3.08 3.7 1.69 3.69 2.01 3.64 2.8 2.67 3.11 2.16 1.8 1.92 14.59 9.41 6.87 5.9 3.99 3.05 3.49 4.86 9.73 9.94 10.51 8.56 5.17 3.78 5.47 2.95 5.62 3.22 2.77 8.97 4.03 5.76 8.88 12.9 10.88 11.1 14.4 6.15 13.05 14.13 35.93 15.78 12.43 17.81 16.49 7.85 6.09 5.67 7.03 4.68 2.81 1.82 1.18 2.94 3.33 1.97 2.27 3.58 3.0 3.86 4.96
4.24 4.46 3.51 4.26 3.71 3.58 4.71 3.77 2.71 4.0 2.99 1.83 2.75 7.01 8.09 8.35 8.3 3.55 6.07 3.01 5.9 5.68 5.28 12.54 6.88 7.45 5.1 4.93 2.87 4.67 6.29 2.51 5.72 4.1 4.46 3.32 3.93 6.74 7.11 7.47 7.72 12.64 19.14 35.78 20.91 14.65 24.17 10.43 10.88 8.57 5.07 5.78 3.83 5.19 2.0 1.18 1.21 3.26 1.36 1.02 1.57 1.43 4.51 3.5
2.42 6.6 5.7 5.37 3.76 3.3 3.93 4.2 3.71 3.97 4.47 2.3 4.14 5.5 5.84 5.82 6.4 3.08 5.19 3.39 3.74 3.92 4.38 4.91 3.6 7.47 4.74 5.28 5.08 6.12 5.09 4.86 11.4 5.64 5.55 5.83 3.48 2.13 4.14 6.3 7.4 7.67 9.76 14.64 16.47 15.79 32.95 15.63 11.75 8.11 3.95 4.8 3.81 7.21 2.94 1.41 0.94 2.51 2.56 1.82 0.93 2.03 4.19 2.78
3.97 6.04 10.12 5.6 6.11 2.58 10.01 4.91 6.83 4.98 4.31 2.72 2.72 6.85 6.53 8.41 5.94 4.53 7.67 6.39 5.76 3.23 6.54 6.76 6.75 5.46 6.53 7.58 3.28 4.03 5.34 5.35 10.59 11.47 5.68 3.94 3.42 2.33 5.15 6.51 5.21 6.28 14.55 6.89 13.7 27.28 31.78 12.57 10.21 6.37 5.78 2.73 4.05 4.6 3.86 1.97 1.26 2.32 2.88 2.87 1.5 1.98 2.44 2.98
5.96 5.83 9.13 4.79 6.56 6.96 7.65 8.06 8.77 6.84 4.33 6.1 3.69 6.11 6.52 7.37 4.93 6.19 7.35 12.14 6.23 6.51 5.3 5.21 7.13 3.85 4.62 4.67 2.5 5.06 6.08 5.8 12.69 13.78 10.04 7.51 6.14 4.66 4.22 7.95 3.09 6.24 13.56 14.78 18.99 21.68 22.82 10.33 6.09 6.21 5.85 4.38 4.39 5.0 3.95 2.59 1.8 3.12 1.75 2.36 2.53 2.92 2.65 2.43
10.06 14.0 8.51 5.21 3.94 9.05 11.81 10.73 2.89 4.52 4.9 5.62 9.25 6.21 4.21 6.41 7.16 8.59 8.59 13.31 8.48 6.92 3.86 4.79 4.59 4.52 3.28 2.86 3.19 3.1 5.89 7.42 6.63 10.37 9.57 8.55 5.29 4.58 3.81 4.75 5.53 7.69 9.5 15.95 9.56 11.33 10.58 8.02 6.98 6.95 6.15 8.35 4.67 4.49 2.04 2.13 2.66 4.67 1.2 2.51 2.88 3.31 7.72 5.38
7.21 12.24 9.14 8.05 5.12 8.61 15.42 7.54 4.15 4.79 4.66 5.5 17.06 5.5 2.4 2.3 7.58 4.93 8.23 9.73 10.56 7.01 6.94 4.93 4.75 3.69 7.04 4.36 3.91 5.02 4.36 6.08 4.47 8.62 12.76 10.16 13.21 5.63 4.88 2.16 5.89 6.92 7.86 8.42 5.69 16.07 10.56 9.98 18.28 16.01 12.73 11.11 12.92 4.89 2.42 1.55 2.53 1.63 2.32 3.71 2.5 2.86 7.34 6.07
6.09 7.93 8.86 9.89 6.55 7.4 12.65 7.74 3.82 8.28 4.41 4.34 10.19 6.67 4.07 4.03 6.57 8.73 8.45 9.19 8.18 8.83 5.64 5.37 4.93 4.51 6.93 4.98 3.79 4.03 4.31 3.28 4.78 6.6 4.98 9.25 19.23 12.62 6.85 6.39 8.98 5.65 6.5 6.43 5.16 9.74 7.93 7.43 19.04 14.86 10.33 6.88 10.07 6.4 3.75 3.09 2.63 1.92 2.73 6.68 3.81 3.79 5.0 5.6
10.53 14.14 17.6 7.15 6.05 11.07 8.84 4.54 5.3 11.35 5.35 4.1 7.13 5.0 5.22 9.36 9.2 12.28 11.6 16.68 7.02 9.72 5.37 5.29 5.42 6.75 6.1 4.81 4.75 3.73 3.3 5.23 3.62 4.9 5.21 5.19 9.34 10.76 10.57 6.23 9.0 5.97 5.87 7.03 9.23 9.11 12.1 5.19 8.76 12.5 10.73 8.77 11.62 4.39 2.07 4.73 1.39 1.35 2.11 12.47 2.8 2.68 4.55 5.59
12.56 8.62 10.09 12.8 8.83 7.51 10.63 4.79 12.83 7.29 7.88 6.07 15.55 8.6 8.78 17.01 13.55 14.82 12.37 10.69 5.79 9.3 6.32 3.52 4.17 5.06 5.14 7.17 6.39 5.72 5.43 5.73 2.52 2.95 4.98 4.39 5.28 7.69 11.5 9.46 14.96 4.49 8.32 9.01 10.27 9.84 9.74 6.79 4.34 7.17 13.69 18.1 9.4 5.39 2.97 3.22 1.63 2.32 3.51 6.63 2.59 6.06 3.77 4.93
7.49 7.07 9.04 19.87 6.29 5.43 9.88 8.06 14.29 8.34 8.82 6.27 6.56 8.96 13.04 13.2 11.47 13.82 11.6 7.49 5.13 13.76 10.32 4.79 6.43 3.57 6.89 11.49 5.78 7.1 2.76 4.0 1.61 2.87 4.88 5.62 10.54 5.33 10.88 18.54 17.11 12.94 12.63 9.26 4.68 10.04 8.62 8.98 7.17 5.2 4.23 6.56 8.44 6.24 2.92 2.99 2.76 2.85 4.25 8.07 8.27 7.2 2.61 6.82
6.34 4.88 4.18 7.98 7.02 10.2 8.36 13.68 6.3 8.33 9.31 6.49 11.47 22.52 14.83 9.3 13.26 10.36 19.14 6.92 7.1 7.12 4.89 2.63 3.96 3.07 7.55 9.16 6.59 6.74 2.83 3.26 2.99 2.43 3.43 3.91 9.33 6.04 5.67 10.52 11.81 11.76 6.48 5.94 3.9 4.16 9.89 8.51 5.35 3.13 3.52 2.47 9.83 4.77 3.98 4.07 5.52 3.88 4.51 10.33 8.19 5.62 8.36 6.84
6.51 3.22 2.06 2.44 4.55 6.97 8.24 9.5 5.83 5.2 7.6 9.17 16.29 19.57 7.28 10.12 10.67 9.73 23.25 7.49 8.21 6.3 4.94 2.87 4.01 4.15 3.94 4.49 4.15 4.22 1.55 5.44 4.72 4.02 3.1 5.37 9.0 3.12 7.53 8.55 10.68 8.18 9.17 6.73 4.7 4.14 9.64 7.45 4.31 4.53 4.07 3.12 5.19 4.31 3.99 4.33 7.64 6.79 4.44 5.6 9.22 9.77 16.05 11.46
4.51 3.9 3.31 2.32 3.29 4.69 9.18 7.45 7.8 4.52 5.06 5.04 13.53 14.31 8.98 9.12 6.09 7.2 10.29 13.83 7.79 9.08 9.47 7.77 3.06 6.43 3.38 7.12 3.15 5.16 3.04 3.69 3.4 7.38 4.76 3.86 4.11 3.65 7.38 3.9 7.11 8.59 6.42 4.88 5.47 12.09 8.19 7.54 7.49 5.53 6.37 10.17 8.37 8.06 6.02 5.19 6.85 4.86 3.39 7.32 6.32 11.58 9.38 14.3
6.13 3.35 2.39 1.8 3.48 2.06 2.59 4.08 11.72 6.93 4.62 5.08 8.23 15.64 13.27 14.16 17.46 7.23 13.16 10.39 6.0 14.57 19.79 12.36 4.77 8.34 3.19 4.52 8.92 4.94 5.7 3.63 4.59 13.34 18.36 9.86 5.88 3.35 4.66 5.26 4.93 7.39 5.53 4.32 4.93 6.17 12.53 11.14 12.2 7.78 14.44 7.64 6.14 6.34 8.46 7.47 5.28 5.84 4.43 7.38 4.31 10.23 8.52 6.2
6.21 4.52 3.54 3.6 2.44 3.57 2.13 4.9 6.72 6.45 8.23 4.12 3.58 8.53 16.35 19.55 13.01 5.96 13.55 9.04 9.33 15.34 23.01 9.87 5.01 5.54 5.53 6.96 10.04 8.51 7.28 4.26 6.15 14.3 32.31 12.64 4.35 6.53 4.02 3.64 5.06 6.42 5.18 4.49 9.97 11.18 10.0 7.73 9.57 12.52 9.88 7.53 7.72 7.66 8.97 5.32 7.65 5.98 6.52 9.95 9.38 12.74 5.97 7.04
3.89 7.16 3.37 2.54 2.95 3.1 3.67 6.68 9.14 9.4 8.18 4.91 6.09 8.33 12.28 19.17 6.22 4.25 8.5 5.78 15.96 19.06 27.13 18.38 7.81 8.85 7.91 4.43 6.93 10.03 10.27 8.56 11.06 24.38 15.39 16.28 7.39 8.49 5.14 4.63 7.35 4.62 3.58 4.91 10.34 12.28 6.81 5.77 9.86 8.73 8.03 13.06 10.67 6.31 10.61 9.23 7.07 6.65 12.17 12.83 10.57 5.46 8.69 11.57
7.69 7.31 6.23 2.65 3.19 1.53 4.34 9.75 10.82 13.96 8.0 5.14 9.4 10.75 16.65 13.1 10.55 4.33 5.92 4.06 22.66 36.51 26.81 21.25 9.86 8.9 6.22 6.91 5.38 7.11 6.29 8.15 12.86 11.58 14.63 14.04 5.95 6.56 5.06 11.33 19.27 6.13 6.4 5.86 14.41 13.02 12.07 9.73 11.83 7.18 7.52 16.43 11.73 8.17 7.55 5.06 4.45 6.28 17.1 17.13 14.3 10.36 10.33 8.87
6.4 5.12 2.61 1.63 2.7 2.99 4.58 6.42 12.84 11.93 6.87 9.92 13.69 10.18 10.72 14.79 6.53 1.92 3.22 3.63 9.54 30.36 20.89 15.87 8.3 5.16 6.47 9.41 5.47 6.18 6.02 12.47 9.73 13.36 18.02 17.81 6.16 8.38 8.21 12.12 7.76 16.5 7.62 3.89 11.35 17.88 10.82 12.92 24.99 11.7 10.39 10.48 15.68 7.3 4.49 5.64 3.05 8.35 15.54 22.87 14.37 13.33 7.48 10.65
6.41 4.66 2.35 1.79 3.04 3.45 4.14 10.75 7.02 10.03 7.81 9.41 8.6 7.95 8.27 7.11 5.61 4.38 4.43 2.9 7.48 16.54 10.66 7.01 11.06 5.53 5.96 5.04 5.9 6.87 5.54 9.02 11.8 15.85 12.14 27.06 8.95 7.44 7.91 8.7 11.08 23.51 19.44 7.55 13.44 10.52 8.06 12.49 22.98 10.48 11.21 16.78 8.46 5.81 10.92 5.39 5.47 12.74 26.23 25.06 19.1 12.43 9.91 10.08
5.63 10.86 4.73 5.19 5.13 4.69 6.47 11.69 6.84 5.2 8.58 6.86 7.02 5.63 6.8 5.14 5.13 3.68 5.15 3.7 11.9 10.22 8.31 13.96 11.04 10.01 5.56 6.48 6.18 3.91 8.36 8.23 12.21 12.09 17.23 17.31 16.58 7.56 10.35 6.84 15.43 33.06 26.0 19.61 11.97 16.11 11.62 9.89 14.23 10.16 21.65 9.56 8.22 6.64 14.28 5.83 7.3 10.79 15.41 14.92 17.64 7.37 12.05 8.13
8.98 8.04 8.43 15.66 7.51 3.33 4.9 8.63 8.05 6.87 6.4 5.67 3.9 4.7 8.09 10.66 6.82 4.08 4.38 4.89 5.88 10.31 5.43 5.37 6.81 5.26 6.9 7.17 3.41 3.16 7.81 10.73 11.42 15.24 17.16 12.61 12.94 10.76 4.73 6.92 14.47 24.48 20.63 22.1 9.5 16.46 8.01 8.18 9.75 6.14 16.85 14.71 4.56 7.75 9.34 4.86 6.5 11.6 9.26 13.68 15.94 10.36 9.17 8.79
7.5 5.28 7.49 15.1 6.59 3.98 4.7 7.67 9.82 6.23 7.66 3.0 3.41 5.2 7.61 9.89 3.96 5.09 3.62 2.75 6.92 13.85 13.15 5.47 5.68 4.9 6.82 5.05 4.92 4.37 6.33 11.84 7.81 8.56 6.78 24.01 17.32 6.04 6.32 8.88 7.61 9.02 18.85 15.01 14.84 23.01 10.05 9.63 6.25 5.83 7.77 10.69 6.66 7.2 7.03 3.99 5.18 8.82 5.37 8.32 11.61 19.23 10.51 7.41
12.77 9.15 6.73 10.07 7.63 6.13 6.04 11.36 11.72 6.18 4.73 2.16 4.83 4.89 5.15 8.92 4.87 7.27 4.28 4.13 6.17 6.49 13.01 5.8 5.6 2.14 4.91 5.07 3.7 4.91 5.89 11.51 7.15 8.36 10.87 19.15 14.12 5.14 4.09 8.48 8.28 7.48 10.84 12.01 11.73 20.97 16.0 7.12 6.84 5.87 8.52 7.84 11.42 9.14 6.62 4.15 4.65 5.2 4.74 6.3 5.62 13.22 6.64 8.01
14.57 8.88 8.35 13.27 4.96 5.25 4.48 6.57 6.17 4.37 2.5 5.56 7.36 6.29 6.85 6.37 5.14 10.69 9.63 6.01 7.62 9.05 11.83 6.08 7.02 4.55 3.67 4.76 4.8 5.2 4.31 6.61 6.63 6.15 8.11 10.38 20.72 7.46 5.05 7.72 7.47 5.32 9.51 15.43 7.23 16.68 10.62 10.16 5.11 3.95 9.24 5.86 11.68 8.44 5.75 3.68 2.68 1.99 2.75 3.77 9.15 13.06 7.3 10.54
7.33 7.25 10.3 10.72 4.45 6.84 6.62 4.03 8.8 6.33 5.86 5.85 11.37 5.5 6.55 4.78 6.94 8.48 5.8 6.73 8.13 10.73 8.33 9.23 11.75 2.95 4.3 5.27 7.53 5.82 4.02 5.83 4.63 4.94 3.34 4.86 12.75 9.45 6.67 5.88 5.98 7.95 13.02 8.27 7.21 9.47 8.63 12.93 13.07 5.33 6.95 7.85 10.22 10.76 20.52 4.2 2.53 1.88 2.39 2.74 10.33 18.06 8.82 9.96
13.12 8.23 6.47 8.18 6.78 6.17 3.95 8.82 7.33 13.17 12.59 14.69 17.25 5.45 3.76 7.45 6.86 6.62 7.69 7.86 9.08 5.27 12.47 15.24 9.43 4.81 4.12 6.94 7.58 10.85 5.08 5.89 4.1 6.81 3.11 7.15 9.5 12.22 8.73 6.05 6.07 8.38 11.2 5.9 5.51 7.63 8.12 10.4 10.77 12.03 6.28 5.31 8.7 13.81 23.92 8.71 3.65 2.7 2.26 2.59 4.42 15.38 15.7 6.13
10.01 6.55 5.7 10.2 6.19 10.43 9.98 10.72 4.1 18.58 11.9 9.46 6.36 5.77 4.41 5.54 4.85 7.48 6.02 4.81 4.61 7.53 8.15 8.38 6.34 3.39 4.8 7.1 9.34 18.44 10.13 2.73 5.65 5.02 4.02 5.27 6.42 7.37 4.35 5.04 15.69 9.02 7.13 6.71 4.03 8.07 7.89 13.79 11.82 10.36 7.9 5.33 8.13 17.48 21.16 16.28 8.45 2.59 2.68 4.67 4.31 11.54 7.58 7.49
8.19 8.31 4.09 4.36 6.32 12.76 10.98 6.31 13.56 25.05 10.15 7.72 15.11 7.81 3.77 10.82 5.06 3.8 3.27 3.97 4.65 3.18 3.56 3.19 6.89 2.94 7.19 8.11 11.38 6.14 10.39 2.75 4.6 3.48 3.57 4.03 5.56 6.2 4.51 9.47 12.78 6.53 9.8 3.25 3.14 3.89 6.07 12.5 6.96 5.41 8.71 10.17 8.57 19.71 21.57 16.89 9.38 4.4 7.01 8.11 5.82 6.24 7.61 6.61
6.16 4.55 5.14 7.43 6.31 7.53 8.36 16.72 23.78 20.61 22.27 9.73 13.83 8.83 4.8 7.09 7.75 2.61 1.98 3.61 3.28 4.98 2.81 3.71 6.81 3.6 4.33 6.28 9.66 8.32 9.26 7.28 2.24 3.21 3.42 4.17 3.96 8.05 7.47 12.64 5.91 6.53 7.11 3.77 3.88 3.07 6.82 19.45 8.75 8.85 7.34 9.75 10.89 16.12 22.69 20.42 14.22 5.58 8.68 4.77 5.63 14.28 13.53 12.82
