6.97 2.54 5.32 4.24 5.16 3.92 8.48 3.56 5.7 2.72 3.57 4.02 3.05 4.69 6.62 12.15 8.52 9.04 12.11 15.78 27.43 12.2 9.05 5.07 4.81 5.45 6.0 9.31 38.32 17.32 8.71 10.62 11.0 25.3 10.41 7.85 13.97 11.41 11.42 6.02 7.99 6.81 4.5 5.06 3.15 7.54 6.63 3.9 6.24 4.18 6.64 19.27 10.27 9.13 8.25 9.72 14.74 6.8 10.53 12.29 9.16 6.13 5.6 7.27
7.27 5.37 7.41 5.44 7.07 12.29 7.42 4.6 2.56 3.33 4.57 2.49 3.11 3.7 4.97 18.08 6.07 12.31 10.97 9.64 9.58 9.9 6.65 8.26 7.41 5.98 4.37 10.58 20.37 9.13 5.69 6.36 4.81 11.87 7.59 8.07 15.18 14.43 10.38 7.64 7.15 6.38 6.6 4.94 4.11 10.01 7.69 3.61 4.64 7.16 4.69 7.27 7.64 8.98 10.46 12.75 6.17 9.71 5.96 7.17 6.03 6.85 5.14 6.43
15.69 7.1 4.51 10.74 8.16 17.43 11.72 5.19 2.09 1.88 2.8 3.26 2.55 4.63 8.98 11.39 7.95 6.69 8.83 8.52 4.55 7.2 10.54 14.68 11.6 5.54 7.39 22.1 19.63 8.56 4.43 4.04 4.52 5.15 7.5 8.05 11.55 10.05 9.29 12.01 9.49 8.19 8.69 3.83 2.99 4.69 4.3 2.53 4.86 6.66 10.89 7.33 7.63 6.58 9.04 9.76 9.01 12.48 12.0 5.86 6.77 12.62 7.58 6.08
25.01 15.1 7.73 13.22 15.7 12.55 7.74 5.34 2.91 3.04 1.63 2.9 6.1 2.6 5.56 5.96 8.18 4.53 5.46 1.93 5.95 3.34 11.02 10.9 15.18 9.71 9.34 14.58 17.39 9.18 4.04 5.45 5.53 6.67 8.73 5.54 9.85 9.08 10.49 11.1 15.96 8.2 5.07 2.05 1.6 3.74 5.76 3.25 4.27 6.79 5.64 9.46 7.45 8.46 16.22 6.57 8.88 10.66 8.53 7.17 10.14 12.67 10.56 4.43
14.74 23.41 9.69 11.85 14.4 12.04 6.37 4.48 5.72 4.06 2.64 2.94 3.28 4.78 4.67 9.93 6.28 3.72 4.94 3.27 5.48 7.13 8.98 14.3 18.66 9.1 15.37 8.96 9.15 4.92 2.88 8.87 6.9 7.51 4.26 7.52 5.92 7.96 12.09 9.66 6.65 4.34 1.41 2.0 1.44 1.99 4.76 4.4 3.82 8.57 5.27 10.45 5.73 8.67 8.42 5.48 6.84 9.11 8.06 7.52 9.38 24.56 11.87 7.92
16.38 27.45 13.41 16.32 19.56 20.04 6.75 7.15 13.15 4.97 4.47 3.28 3.51 3.69 3.22 5.18 5.95 5.7 6.68 9.09 5.21 9.73 5.7 6.05 6.29 6.15 9.23 7.64 6.42 3.67 5.81 8.92 7.08 13.53 3.77 6.33 6.81 5.22 8.81 7.97 3.19 2.72 1.63 1.52 2.83 2.5 4.96 6.08 7.78 7.12 4.87 7.58 5.95 3.27 3.95 4.09 4.2 4.19 7.79 8.48 8.92 12.85 20.15 13.99
26.83 20.79 17.47 28.16 12.78 15.65 11.97 11.59 15.55 5.22 5.34 2.85 4.12 3.38 3.12 3.88 6.85 3.97 11.14 12.94 8.54 11.57 5.2 7.79 4.27 10.9 16.26 7.8 14.32 6.09 8.27 9.28 6.9 7.68 6.34 3.46 5.61 4.78 3.59 3.5 3.4 5.44 2.59 3.02 2.77 5.19 4.24 3.17 5.28 6.19 5.01 6.71 6.08 5.94 6.41 4.7 5.57 3.35 14.26 13.27 14.01 6.28 13.88 7.33
18.85 25.64 36.63 32.33 19.4 13.93 12.26 11.67 5.83 7.98 4.55 3.03 5.41 8.32 7.33 4.68 7.33 6.68 9.28 7.5 7.56 8.62 7.7 6.67 6.87 19.51 13.31 9.69 3.92 5.04 5.69 3.82 5.69 8.71 11.48 7.94 5.51 5.64 5.18 5.33 3.37 5.51 3.49 5.34 3.32 5.8 2.72 4.48 5.86 5.87 6.07 5.46 6.47 11.5 8.49 4.64 4.64 6.68 7.87 16.83 9.25 7.54 14.93 10.16
16.64 13.56 35.43 35.9 14.93 8.63 15.58 6.82 11.99 6.28 6.97 7.81 11.44 17.33 12.12 9.81 6.6 7.74 6.5 12.92 6.79 8.38 10.7 13.52 11.62 20.85 13.36 10.04 4.7 2.61 4.14 5.62 2.88 11.77 12.37 7.91 14.41 11.58 6.74 5.29 1.9 1.52 2.29 3.29 6.3 5.5 7.58 4.7 7.31 5.1 5.29 6.87 9.04 7.02 6.95 4.1 7.13 8.48 7.94 21.36 16.45 24.09 17.52 6.98
20.1 16.84 23.17 29.1 17.56 10.1 21.28 8.98 12.31 13.13 12.76 8.97 12.08 11.32 7.83 7.88 7.01 4.97 7.25 11.5 14.85 10.69 7.48 11.35 15.76 12.6 13.53 9.59 8.35 5.78 2.4 6.86 4.45 9.42 20.01 15.42 15.62 9.77 5.62 3.26 1.91 1.28 2.2 3.8 8.17 3.69 13.0 9.45 9.47 15.8 6.34 4.41 8.66 5.28 8.43 5.29 8.67 9.43 8.69 15.36 16.14 18.53 11.87 7.64
6.97 7.75 13.02 12.6 8.62 11.83 10.39 7.54 7.21 9.95 16.97 12.61 6.2 10.96 8.59 3.73 7.86 4.22 14.16 13.84 12.0 12.64 9.5 10.67 21.94 10.47 16.87 15.52 11.96 7.72 4.77 7.24 5.45 6.77 11.4 11.76 14.4 9.1 8.09 5.02 2.4 1.97 2.07 6.9 5.29 4.82 12.74 12.91 13.94 29.97 9.68 6.18 7.97 6.52 7.57 7.64 7.51 5.3 9.09 9.01 10.09 28.44 6.12 6.0
13.87 7.63 10.71 12.34 9.43 15.21 11.86 7.73 6.57 6.32 4.7 10.77 3.79 6.79 5.38 2.76 5.08 8.52 7.57 12.86 9.54 7.81 10.51 9.47 9.77 9.75 15.21 8.2 9.01 7.34 5.31 9.56 4.92 13.07 15.69 12.13 8.8 9.05 6.35 8.97 6.47 3.76 2.29 4.51 7.35 4.04 8.4 8.02 13.53 27.1 8.9 8.65 9.98 4.98 4.91 6.05 5.4 4.74 9.0 9.47 8.16 11.67 6.28 3.29
14.57 11.02 7.94 8.42 11.55 12.63 9.69 7.43 5.44 2.73 2.82 3.61 3.75 8.39 4.92 4.0 6.47 9.32 8.66 10.94 7.35 8.45 5.22 16.97 10.61 7.38 5.96 4.17 8.92 10.27 7.03 9.6 9.31 22.1 15.19 6.51 6.96 6.86 5.36 5.26 5.7 7.48 3.63 3.83 5.33 5.46 5.84 4.01 8.07 9.44 5.12 7.11 12.49 11.65 12.67 5.97 6.83 5.59 7.26 3.25 7.13 10.7 5.78 3.74
7.59 7.38 8.16 7.13 12.38 12.11 5.81 6.33 6.23 2.35 3.74 5.31 7.58 5.67 4.81 3.45 7.73 8.33 11.06 14.94 10.67 7.41 6.03 7.29 7.64 7.41 4.76 3.19 4.87 4.07 4.63 5.35 6.51 12.35 15.32 5.57 6.47 7.94 8.17 5.23 8.09 5.5 5.99 6.03 6.02 4.9 6.3 3.98 3.46 4.89 3.56 8.5 9.98 9.64 10.27 9.54 7.75 8.21 5.01 6.87 7.49 7.23 6.82 4.9
6.35 6.75 3.05 9.66 9.28 5.65 4.44 6.15 7.0 1.99 2.1 9.83 6.35 3.82 3.8 6.4 8.92 7.37 12.78 20.32 10.58 7.11 3.57 12.77 8.11 6.27 8.4 4.37 4.47 4.81 2.12 3.25 3.88 5.55 12.55 7.19 8.0 7.23 8.56 6.38 5.05 4.12 6.63 4.91 3.9 4.9 5.72 7.03 4.31 6.45 3.96 8.16 6.37 12.18 7.58 9.14 9.78 13.94 5.28 11.93 8.38 5.73 10.72 7.67
5.87 10.19 6.06 7.58 6.4 4.08 3.8 5.5 5.4 4.2 3.36 7.55 6.65 3.86 4.89 6.21 8.08 7.62 6.01 6.57 5.53 7.85 8.13 14.85 16.86 8.51 6.68 6.6 6.76 5.32 4.03 3.31 2.75 2.35 3.18 8.15 6.58 4.91 3.26 6.66 4.06 3.64 4.85 5.35 4.14 7.8 13.33 6.74 6.77 7.51 3.96 4.7 6.63 8.86 8.51 5.4 7.67 8.03 7.12 18.73 7.95 5.84 9.85 7.43
17.1 7.54 6.06 5.74 6.9 6.35 5.12 3.22 2.88 2.42 6.18 4.2 8.56 8.42 17.97 5.01 8.33 3.8 6.3 3.11 4.06 7.71 12.11 19.23 17.09 11.36 5.71 6.32 18.77 9.64 4.5 2.24 2.59 2.24 4.76 4.94 7.66 5.86 4.14 5.08 2.71 5.88 4.09 4.97 5.21 4.57 15.13 9.26 4.97 6.09 4.66 2.66 9.14 8.92 6.39 4.86 7.29 6.77 11.08 19.86 8.58 6.35 10.16 5.49
14.45 5.75 8.54 5.66 7.02 4.5 5.91 5.6 4.66 2.7 2.24 6.56 4.93 10.68 15.24 8.74 14.23 11.28 4.43 3.33 3.12 4.98 9.25 9.78 15.22 10.61 6.34 10.05 10.37 14.78 3.87 3.25 2.34 2.17 4.03 3.88 6.16 7.72 3.26 4.64 2.77 2.95 2.93 3.59 6.94 7.96 13.29 20.14 6.83 5.76 4.45 4.06 9.26 7.62 4.54 5.61 6.19 5.58 6.14 15.3 16.12 16.16 9.35 6.84
17.61 7.62 15.39 9.98 6.96 5.1 8.06 4.46 3.4 3.26 2.42 9.58 4.08 9.94 9.12 14.55 13.13 17.52 6.0 4.29 4.71 5.36 7.48 5.84 8.28 10.25 8.08 4.9 8.64 13.76 4.37 6.96 1.84 4.22 5.16 3.98 6.03 4.99 2.06 1.89 4.13 4.56 4.22 7.05 9.73 6.81 8.26 11.69 8.86 11.73 4.77 4.51 6.06 10.04 8.28 3.16 6.93 2.86 8.41 7.6 12.76 18.27 6.71 3.24
18.74 13.18 9.89 7.13 5.75 6.49 8.64 5.99 6.08 3.84 4.58 5.43 3.39 5.17 14.41 14.06 18.19 12.62 6.29 7.19 4.0 8.17 17.54 9.07 7.2 7.74 14.03 5.58 7.92 6.56 14.19 9.11 4.96 5.08 6.37 3.66 3.65 3.06 1.56 2.32 3.82 6.08 3.97 6.68 9.79 4.78 3.54 6.08 11.55 9.08 6.36 3.39 4.94 7.43 9.02 5.09 7.01 2.49 6.21 8.31 8.47 7.25 4.91 3.86
13.1 18.98 7.85 10.46 11.19 12.19 10.11 8.08 6.9 3.06 3.95 4.6 2.87 2.55 5.74 10.0 18.37 9.81 6.53 8.82 8.88 18.99 16.18 17.02 5.54 9.27 11.67 10.6 14.52 10.35 13.71 11.18 5.89 9.5 6.6 4.15 6.19 5.02 5.22 5.51 7.23 8.64 3.26 3.61 3.84 3.06 2.64 3.94 5.97 10.93 6.62 6.97 4.47 6.86 5.1 8.22 5.34 3.66 6.05 6.2 5.6 7.4 5.11 5.1
18.86 19.56 11.15 9.84 23.51 13.08 6.01 5.64 2.52 2.44 4.25 3.55 4.06 4.05 2.82 4.27 11.72 7.54 9.38 8.55 17.69 22.68 9.66 10.4 8.85 10.64 9.03 14.9 10.05 18.4 9.63 12.85 15.01 13.57 7.74 11.92 6.8 5.8 8.03 5.81 5.3 4.39 3.01 2.37 4.89 2.03 1.66 4.86 9.05 9.73 12.9 8.76 5.54 4.34 4.25 10.69 6.28 6.38 5.18 4.77 4.99 6.68 7.82 8.26
16.01 20.24 15.5 10.39 17.48 8.48 4.6 2.83 3.32 3.81 7.01 6.69 6.41 4.48 3.73 3.3 9.12 8.25 6.86 6.33 8.22 8.92 9.98 6.07 11.03 9.14 9.98 18.09 9.05 9.19 12.94 14.0 16.22 15.12 10.49 15.72 9.44 10.23 11.21 7.44 4.8 4.96 7.65 4.19 7.98 5.93 3.19 5.67 9.04 4.74 7.95 5.9 3.43 3.26 3.34 8.26 7.14 6.59 5.88 3.35 3.43 4.94 6.09 4.67
8.73 11.0 12.8 13.55 11.37 6.84 6.01 4.87 2.87 5.04 7.21 10.28 10.66 8.33 8.19 5.45 4.67 6.32 5.0 9.7 8.47 9.64 12.79 10.56 9.86 7.34 13.5 18.55 13.46 6.25 12.12 21.58 24.72 7.01 13.03 18.58 9.2 8.29 4.74 8.82 4.62 6.7 6.62 8.13 6.22 4.03 4.76 5.93 5.34 7.1 6.69 4.74 4.16 2.99 4.23 5.93 9.14 6.71 3.09 5.36 4.08 6.62 7.08 5.1
8.6 13.34 17.28 12.71 11.14 9.86 6.09 7.78 7.09 6.75 9.73 6.77 7.29 21.12 18.18 6.2 6.09 3.62 6.71 5.82 7.92 16.64 11.66 17.81 7.02 10.19 16.79 13.16 9.93 12.43 10.67 17.83 16.52 9.18 9.11 6.29 9.48 4.93 5.56 5.36 3.3 9.01 8.07 7.27 6.8 5.14 11.96 6.67 6.09 9.76 7.07 6.21 6.36 3.93 4.8 3.85 12.12 11.08 6.5 5.61 4.2 6.23 6.51 6.37
17.84 8.75 12.16 9.52 13.1 9.73 8.87 6.12 9.76 6.1 4.51 6.63 7.25 16.43 11.5 8.09 7.31 6.57 10.08 10.39 8.23 13.27 14.78 15.82 7.77 9.86 15.51 10.77 6.5 7.71 7.62 11.91 5.92 4.93 7.1 5.09 6.54 7.99 5.59 6.22 6.75 3.1 2.94 3.68 2.94 6.17 12.12 6.62 9.28 6.21 3.01 5.88 6.71 6.68 9.16 8.63 18.71 12.14 13.57 11.54 9.84 8.61 9.96 9.12
15.48 9.79 6.31 6.76 12.03 6.85 8.25 7.14 7.27 6.74 7.5 8.96 5.28 11.15 4.7 10.89 9.76 7.81 11.17 12.28 10.73 10.42 8.32 12.55 13.4 8.21 7.24 5.18 8.66 4.53 3.12 3.02 2.98 5.08 7.73 8.17 8.52 8.24 10.17 6.48 9.13 6.08 3.38 6.08 3.98 4.25 8.76 5.99 6.92 6.38 4.07 11.88 9.05 7.92 4.83 6.76 7.12 12.44 12.92 5.97 7.48 9.05 11.47 14.64
7.65 5.29 11.08 4.74 6.96 5.97 5.3 9.87 8.64 5.73 11.92 6.05 3.34 5.12 3.7 9.41 10.79 8.41 11.65 14.64 12.93 13.48 17.36 15.29 22.3 13.28 3.91 5.9 4.09 2.85 2.79 2.47 3.62 5.13 5.49 8.02 20.66 11.51 11.2 5.69 7.02 5.03 2.92 4.61 5.02 8.12 3.66 6.67 4.45 3.54 6.19 12.21 9.74 6.29 4.66 4.89 5.11 4.29 8.33 7.71 9.12 11.61 8.94 16.59
3.98 4.41 5.74 6.16 5.99 10.67 7.01 7.32 6.85 6.94 13.99 3.43 4.79 4.78 5.74 7.16 5.93 5.44 9.02 11.14 12.4 15.44 12.54 13.51 14.03 18.15 8.78 7.46 3.78 3.21 1.89 2.85 3.63 7.7 5.48 10.69 11.07 13.36 8.45 3.95 3.44 5.89 3.74 7.19 10.59 10.12 7.09 6.32 6.0 7.67 7.89 10.07 4.43 3.92 4.08 2.55 3.0 4.7 3.74 7.16 11.88 6.85 9.92 10.68
4.06 4.55 5.06 4.66 3.6 5.93 8.72 9.87 9.14 8.93 10.07 5.83 3.43 3.8 4.0 5.95 8.2 6.35 6.34 6.4 10.6 23.94 23.24 26.47 47.3 10.19 11.74 5.61 4.2 4.24 2.39 4.45 7.16 2.68 1.85 7.13 9.19 8.89 3.16 4.43 2.39 3.72 5.15 5.01 24.02 11.45 8.59 5.15 3.79 6.17 9.95 5.76 4.36 3.08 3.37 3.41 3.51 4.33 4.99 9.6 13.44 9.07 10.03 10.42
5.65 7.36 5.24 8.61 7.83 11.93 11.83 9.18 7.15 8.96 7.67 13.8 4.49 4.44 5.61 5.94 10.68 5.61 3.87 4.63 13.88 19.19 13.31 20.46 22.52 21.14 13.9 3.9 10.85 9.01 4.05 4.66 8.0 3.22 2.89 3.81 5.47 5.15 5.58 4.48 2.89 4.51 3.7 6.66 17.0 17.73 14.92 3.51 5.93 7.75 10.72 11.57 5.77 7.27 8.15 3.71 6.21 3.43 4.73 12.89 4.01 8.15 13.59 9.27
6.23 5.81 6.33 6.42 6.94 6.27 6.54 10.1 10.32 6.27 7.5 17.17 8.6 5.74 6.65 14.69 16.62 8.82 5.95 5.15 11.89 12.92 12.15 38.91 17.14 18.28 28.78 11.0 15.18 11.09 2.65 3.51 6.88 2.27 3.98 7.68 4.2 2.79 5.5 3.57 2.2 7.44 3.49 12.15 13.04 12.35 11.53 10.3 7.02 10.74 10.34 19.84 13.86 4.46 7.68 6.69 5.94 5.37 5.12 6.53 7.54 8.73 15.27 11.28
5.84 6.01 5.14 6.28 4.57 6.01 8.93 11.86 18.7 8.76 12.51 21.58 15.31 10.85 8.37 12.69 16.42 8.73 11.4 4.73 8.4 8.48 13.5 20.53 18.54 13.78 15.36 5.15 6.09 5.48 3.12 5.31 4.12 3.82 3.45 5.94 7.02 4.15 7.81 4.76 5.42 7.43 6.57 11.32 13.41 13.88 23.65 15.94 10.12 9.01 11.05 20.79 12.64 6.16 6.91 9.74 5.19 3.28 4.79 4.73 5.85 7.6 8.88 6.84
4.21 5.06 6.47 8.97 7.5 10.63 11.88 15.24 20.29 8.45 12.1 7.68 8.98 7.25 5.7 6.54 6.65 8.72 9.96 12.49 9.82 7.12 10.49 23.97 11.5 16.44 14.37 5.63 5.64 4.78 3.47 6.42 5.45 4.71 4.83 3.67 4.4 6.47 3.98 3.67 6.52 6.46 4.76 4.24 4.29 7.87 21.68 12.69 13.78 13.64 11.11 15.96 14.49 12.47 10.01 10.85 6.27 5.74 4.79 8.67 6.51 5.43 6.6 10.16
4.07 8.59 13.46 11.92 7.37 7.72 15.77 10.64 15.52 8.52 6.07 5.75 4.73 4.94 5.07 3.98 5.31 5.48 7.45 12.42 11.12 6.95 7.77 11.16 7.64 11.23 6.09 6.89 3.41 7.07 5.58 5.33 3.4 5.46 3.8 3.03 3.39 6.05 7.78 9.91 5.77 7.34 5.31 5.21 2.88 6.34 12.49 12.96 14.13 22.17 21.47 18.16 19.43 20.14 18.43 10.92 10.1 7.74 6.28 4.7 4.66 7.5 5.43 6.8
2.69 3.43 11.54 12.96 7.39 3.24 5.19 4.57 6.69 5.9 6.63 9.45 9.16 4.88 3.82 2.74 3.03 4.14 9.67 14.53 13.37 3.52 5.02 7.01 10.63 7.29 4.73 8.44 5.81 5.17 3.47 7.52 3.52 4.49 4.44 2.7 3.17 3.11 4.98 12.39 8.98 6.24 7.44 3.8 3.28 3.85 6.46 10.78 9.23 24.78 15.49 15.01 19.68 12.3 20.19 8.32 8.96 6.44 6.45 3.4 7.61 8.4 11.84 4.17
2.86 4.08 7.95 12.4 5.19 6.44 5.86 4.83 11.22 12.85 6.4 7.27 6.5 9.65 5.42 3.43 2.17 3.65 7.24 8.1 7.6 3.8 2.21 5.21 5.65 3.66 7.28 9.58 9.59 8.47 3.31 4.24 2.08 3.02 5.08 4.65 3.84 3.68 5.7 6.29 5.78 9.49 8.96 4.5 4.78 3.21 4.42 5.11 10.0 18.32 8.66 6.81 9.6 7.96 12.87 7.46 5.35 9.0 8.34 5.0 4.31 8.62 6.76 4.67
2.51 4.46 9.34 13.62 10.23 8.49 7.87 3.98 10.3 12.45 9.91 4.42 5.24 5.95 9.63 4.42 2.46 4.9 4.23 11.01 6.24 6.82 4.12 6.04 5.13 2.49 5.88 10.96 19.93 12.89 8.38 4.5 3.35 1.76 3.59 6.07 3.73 3.4 2.85 5.71 3.69 4.11 3.06 4.47 5.47 2.73 3.85 8.62 11.42 6.45 6.77 3.83 8.1 6.06 9.59 7.66 3.77 5.98 7.9 7.82 8.43 13.5 7.08 7.93
5.49 5.48 8.92 10.24 12.08 13.75 7.99 3.5 9.22 8.83 8.12 8.26 6.59 9.05 8.56 2.13 2.84 4.29 5.85 9.28 10.44 7.55 4.26 3.77 3.71 2.67 6.85 7.16 17.81 19.8 10.71 3.38 2.1 2.38 3.16 5.93 6.61 2.91 4.32 4.88 4.91 7.45 4.82 12.24 15.94 2.97 3.92 15.73 15.0 6.81 3.75 4.22 5.65 7.02 7.58 8.09 9.53 4.63 7.62 8.68 12.14 13.95 12.49 12.14
10.89 8.03 6.72 9.46 13.14 12.83 6.39 8.17 9.2 10.91 6.68 7.44 4.72 5.6 4.08 3.55 3.97 3.81 4.64 5.51 5.87 7.37 4.66 6.2 3.2 3.81 6.68 9.39 12.48 21.56 14.82 5.64 2.61 3.8 6.01 5.92 13.21 4.86 5.92 8.18 6.9 7.29 5.95 6.68 9.42 5.78 3.75 9.15 9.89 8.18 2.72 4.47 5.45 8.88 11.54 12.06 12.15 7.68 4.25 11.03 16.28 11.3 14.6 9.76
11.39 8.8 5.01 9.96 15.55 10.2 11.36 7.79 6.22 6.83 11.12 8.43 4.25 6.21 4.88 6.96 7.43 6.29 7.39 4.97 3.14 5.87 7.83 7.62 3.75 4.96 6.22 6.6 11.79 17.85 10.88 6.98 3.46 5.49 9.03 10.46 5.38 6.78 10.19 12.27 9.82 8.6 12.84 8.49 6.85 5.85 10.66 6.22 12.21 5.05 5.35 5.25 5.83 7.73 8.53 12.31 9.53 9.52 2.27 6.34 12.82 11.11 8.3 9.58
15.11 9.79 4.01 9.97 7.43 4.92 13.73 13.83 8.36 5.28 8.39 11.33 11.38 6.31 9.43 13.76 11.64 7.59 9.38 7.49 6.87 7.9 14.52 9.87 5.14 4.63 3.45 9.76 11.38 15.48 11.25 8.95 4.54 4.52 9.84 9.97 9.73 9.6 8.56 11.71 6.56 7.3 16.09 5.18 6.15 17.07 8.56 9.21 7.12 4.13 10.89 6.17 4.64 3.75 4.17 5.82 10.73 14.97 2.94 7.88 10.34 6.17 7.27 7.9
11.41 22.09 8.08 14.03 7.35 8.05 12.28 11.43 5.12 11.78 10.99 10.61 11.39 7.6 5.41 10.33 7.42 10.57 10.35 6.66 8.06 7.79 12.39 7.28 8.7 4.96 4.31 8.75 10.34 13.11 17.95 15.55 5.58 5.07 9.78 9.57 6.96 8.55 5.18 5.84 9.24 5.71 12.27 8.64 4.58 21.45 11.37 9.2 8.37 9.43 5.79 6.82 4.97 8.92 11.44 6.09 14.55 21.35 5.95 7.3 12.4 7.24 7.29 8.77
8.93 9.1 13.43 13.33 12.81 9.56 12.1 16.51 5.11 10.52 11.09 6.87 11.2 6.24 4.92 6.4 6.27 10.63 11.09 6.86 6.21 6.97 10.02 7.35 8.46 3.08 4.29 14.46 16.31 12.54 10.49 11.77 10.77 6.19 6.17 9.5 9.45 5.84 2.93 4.62 7.81 8.48 9.86 6.68 7.59 5.44 9.27 10.65 3.48 10.69 8.06 8.55 13.1 11.39 20.31 18.23 16.16 15.54 6.59 3.75 10.28 8.65 12.84 7.82
13.81 14.52 15.1 10.42 8.37 7.07 14.95 7.42 10.92 6.02 7.26 13.21 12.17 5.9 6.14 5.82 12.42 9.55 7.77 6.0 4.66 6.97 6.11 6.82 6.89 3.3 4.23 6.41 15.09 15.17 6.31 11.29 9.71 8.22 8.53 5.46 11.46 7.66 2.17 7.86 9.09 9.42 7.06 5.39 6.09 8.13 7.42 9.52 7.07 10.75 11.29 11.28 13.05 14.17 16.63 15.85 18.25 7.68 7.29 7.64 6.91 9.52 14.21 8.16
9.26 10.24 8.82 7.08 7.83 8.91 9.15 6.42 18.68 8.17 7.22 12.11 22.6 10.37 15.74 7.89 5.31 5.5 5.33 6.74 6.46 8.15 7.85 10.28 4.22 2.72 3.64 5.31 11.6 11.35 5.24 6.1 12.44 11.36 9.17 5.21 8.18 7.08 5.48 4.26 6.38 8.22 5.88 11.06 6.47 9.28 9.24 10.31 13.02 18.17 7.2 9.27 10.67 8.73 13.62 14.14 16.19 9.31 9.24 6.46 7.52 20.9 26.04 8.99
9.12 7.6 7.68 9.42 6.57 10.1 5.54 5.87 17.57 8.46 11.22 15.47 13.21 14.1 9.69 5.95 3.2 6.08 7.8 9.82 6.29 12.49 10.68 6.71 2.53 3.03 4.24 5.13 7.9 5.32 8.12 7.24 6.8 14.35 5.7 6.68 5.42 4.32 6.15 6.72 7.42 8.31 9.56 12.04 9.06 5.93 6.55 9.74 23.39 11.45 11.16 8.28 9.62 9.63 9.33 24.28 19.14 13.9 19.35 8.39 10.42 17.01 15.24 10.57
12.5 7.23 8.48 8.81 7.42 4.89 2.94 9.16 15.46 9.44 9.02 15.36 19.02 11.43 9.36 6.72 3.18 6.34 6.49 10.2 15.97 8.41 8.73 10.99 5.29 6.4 4.18 5.25 5.97 4.07 6.03 11.69 7.38 9.43 4.64 4.31 3.03 9.44 6.72 6.0 9.97 7.46 12.59 10.74 7.93 8.09 7.0 8.21 11.13 7.01 7.12 5.31 9.65 19.27 21.97 20.25 14.84 17.11 12.45 13.16 24.93 8.12 18.56 11.93
11.0 5.46 11.05 7.64 6.92 8.62 4.51 10.93 10.45 7.7 14.04 14.03 17.15 12.41 11.23 7.53 5.78 4.48 7.82 5.46 19.23 11.44 4.5 6.43 8.33 11.24 9.35 8.28 6.24 4.81 6.98 4.41 6.74 7.74 8.75 6.53 5.29 8.39 6.38 6.09 7.16 12.75 18.3 21.46 10.91 6.05 3.77 4.31 6.86 5.49 9.92 3.75 11.51 19.99 34.62 25.22 23.65 33.77 11.05 12.92 14.11 6.1 4.75 11.04
11.02 5.53 7.46 7.43 8.28 11.12 14.03 19.68 8.73 11.54 17.35 21.3 9.19 9.02 15.48 9.95 6.26 6.47 5.11 11.62 11.91 6.83 5.85 2.68 7.32 12.82 4.63 11.62 7.81 7.77 6.53 4.94 5.17 8.87 8.14 5.88 5.39 8.88 10.55 12.97 10.08 9.07 26.36 15.02 12.47 5.1 2.58 4.79 4.77 8.52 11.49 7.98 12.24 13.26 11.49 19.57 17.71 22.51 10.22 11.98 7.07 4.13 2.98 4.17
7.79 6.0 9.9 6.1 8.11 13.55 17.39 10.34 5.56 9.71 15.46 19.89 7.44 10.55 10.86 11.5 4.29 5.2 7.63 17.36 14.38 7.52 6.1 3.7 4.69 7.46 6.4 6.86 12.9 6.02 3.65 7.55 5.06 7.68 9.78 7.35 4.85 6.62 7.58 10.6 12.44 17.06 12.57 10.54 13.41 6.93 4.56 5.89 7.16 13.33 7.25 9.43 9.71 8.72 6.05 8.46 15.19 9.86 6.39 6.12 4.91 3.86 5.06 3.7
6.36 7.34 15.45 8.39 9.42 10.6 9.86 5.51 7.59 6.8 21.08 14.47 10.1 11.55 16.49 9.76 5.54 4.85 13.14 11.01 11.26 8.95 12.23 6.6 5.76 8.42 9.71 4.7 7.78 4.15 5.43 8.54 5.75 4.57 9.65 8.03 9.19 7.97 7.66 4.44 8.45 12.6 7.97 12.9 17.8 13.77 12.45 9.15 7.01 13.88 9.62 8.89 7.06 3.96 6.2 5.1 4.77 5.97 6.41 3.29 3.7 5.47 5.75 2.45
3.27 3.25 4.93 7.01 5.65 8.65 6.33 5.05 11.54 4.81 10.11 12.85 12.83 13.15 11.46 7.53 6.11 7.27 7.42 10.53 8.54 12.1 13.4 14.86 4.17 14.28 11.66 10.47 8.84 5.17 7.52 11.51 3.71 5.96 9.65 10.1 10.25 7.14 7.43 3.98 10.99 9.3 6.9 12.11 13.87 19.72 12.82 12.73 6.85 5.56 7.42 9.81 7.88 6.63 3.68 5.39 4.63 3.26 9.3 3.31 4.58 10.0 2.82 3.54
4.3 4.1 3.42 5.8 5.23 10.45 6.46 9.7 9.9 6.91 6.61 11.46 21.9 10.52 5.26 6.68 9.41 8.21 5.48 11.58 10.89 9.61 9.11 16.38 6.38 11.98 7.23 11.27 7.71 4.89 5.43 8.26 4.9 7.1 8.81 12.72 9.47 7.8 5.36 3.97 13.93 10.84 10.96 8.77 8.67 12.38 18.11 9.19 6.92 4.96 5.03 7.45 8.09 7.04 3.66 4.31 3.7 3.92 5.54 2.87 5.4 4.8 3.25 1.92
3.19 5.06 6.6 4.82 7.73 10.89 7.28 9.26 7.32 5.9 10.54 6.94 14.21 17.61 5.93 8.23 14.26 9.13 8.65 4.71 5.89 7.88 10.38 9.99 13.79 7.31 8.44 4.85 6.51 4.72 11.71 6.51 11.33 5.63 2.87 5.73 4.86 3.66 7.14 10.04 9.45 8.79 4.37 7.68 8.05 6.85 17.42 10.63 7.83 5.58 4.18 3.59 11.81 6.79 3.32 6.53 4.42 4.86 5.51 4.08 7.24 4.57 2.75 2.83
4.4 4.89 9.87 11.11 11.02 14.81 12.86 18.08 15.63 15.37 20.39 15.83 17.47 15.05 5.27 5.89 10.9 19.67 10.65 5.71 4.42 8.36 10.08 7.99 10.12 6.0 4.17 3.78 3.66 4.22 8.58 4.46 6.93 4.26 1.46 2.86 3.26 4.19 7.11 23.59 7.49 14.61 9.62 6.46 5.26 9.15 11.12 19.11 6.54 3.84 3.95 6.25 15.29 12.1 5.91 10.25 4.41 3.38 2.12 6.41 7.06 5.32 3.58 3.27
6.77 6.4 11.45 20.15 11.94 9.1 11.36 11.46 15.51 27.08 26.17 20.09 9.97 10.36 3.84 5.71 11.95 17.86 17.7 4.89 6.5 14.85 5.79 9.64 11.41 5.3 3.09 3.07 2.75 4.61 3.25 5.9 5.28 3.35 1.94 3.48 3.92 3.5 4.04 9.3 12.45 16.97 11.06 8.66 6.79 8.46 5.67 10.23 5.81 5.4 4.18 7.6 27.73 21.25 17.23 5.56 4.83 2.05 3.1 3.97 10.11 5.96 5.23 7.4
6.87 4.14 9.5 18.85 27.34 19.06 10.27 16.51 16.67 29.85 45.88 25.64 7.51 6.43 9.69 6.77 13.96 16.47 29.12 7.68 6.54 9.79 5.97 4.78 10.76 6.38 3.25 3.16 2.53 2.47 3.35 2.18 4.91 5.85 2.73 4.66 3.96 4.72 6.98 4.88 9.97 14.6 10.51 9.06 7.76 2.9 6.61 9.2 8.22 6.67 7.9 8.64 14.82 20.41 11.53 4.63 3.06 2.12 3.07 3.96 6.52 10.65 12.26 5.31
9.61 5.53 11.29 16.06 17.71 10.45 13.09 11.37 17.2 15.12 24.28 37.79 5.69 3.56 5.66 19.21 15.54 19.82 21.37 12.77 11.81 7.59 4.53 6.39 4.85 5.79 7.17 3.19 7.19 5.05 5.75 6.66 7.08 7.41 5.96 4.45 5.52 5.46 6.9 8.19 7.81 6.33 3.45 6.52 5.78 3.21 3.67 4.0 5.99 6.39 4.92 8.92 9.03 14.27 8.05 6.67 2.9 3.25 2.63 7.18 9.01 10.39 12.8 6.43
7.06 7.32 4.19 11.64 14.43 14.68 14.51 7.21 12.1 13.57 14.69 20.77 8.85 5.67 6.58 27.24 28.8 15.03 22.95 17.26 12.72 12.77 9.59 9.91 7.87 5.48 5.78 3.87 4.63 13.96 4.31 7.3 7.12 5.7 8.89 6.72 5.86 7.03 8.07 8.46 11.38 5.65 5.65 8.54 8.57 7.4 4.43 3.4 4.89 7.14 4.38 5.48 10.74 8.7 10.89 4.55 2.46 2.01 2.78 4.2 5.1 4.79 10.3 4.85
5.78 6.59 3.96 10.54 6.41 19.26 8.14 5.38 11.96 5.34 9.46 6.3 6.31 5.56 7.31 11.12 35.76 12.49 26.15 19.42 12.95 14.65 14.53 6.19 5.21 13.65 6.17 4.41 7.16 9.02 5.92 9.25 6.06 11.21 10.32 9.38 9.82 7.72 9.96 10.14 9.39 5.54 5.02 6.85 10.51 7.6 4.38 2.33 4.25 5.6 3.55 4.17 6.92 6.03 5.59 3.8 4.3 2.63 5.57 5.06 8.01 9.12 10.69 5.18
7.31 4.58 4.83 6.43 7.01 17.19 15.79 11.83 13.41 8.12 7.96 6.84 6.33 6.23 7.71 8.57 19.35 8.73 10.5 18.07 19.98 8.39 8.36 5.71 7.46 8.81 4.15 4.63 8.81 8.44 5.17 6.01 9.67 15.79 16.31 11.1 4.0 6.97 7.1 9.2 7.9 9.34 13.35 6.5 5.36 6.15 3.97 2.77 3.26 3.89 5.19 5.76 7.32 7.13 3.95 4.67 5.36 7.3 6.46 8.18 8.33 10.9 8.07 4.26
4.8 4.82 9.9 6.63 9.19 11.47 18.31 16.8 10.35 4.9 5.95 5.0 6.68 7.07 3.5 8.22 13.14 8.3 4.94 12.42 13.52 9.9 4.55 12.74 12.07 6.76 3.11 4.06 7.57 4.68 5.38 8.07 17.2 18.16 10.39 12.84 8.39 6.91 4.7 10.47 9.86 18.31 11.2 8.44 4.67 5.24 3.95 2.64 2.45 2.48 3.13 5.85 8.29 7.01 10.64 6.01 6.66 8.67 4.28 4.79 13.32 10.83 12.83 6.58
6.71 4.13 9.71 13.39 12.01 14.77 15.51 10.35 7.24 5.9 8.18 6.25 5.04 7.76 5.81 6.67 12.1 7.84 3.77 8.3 8.66 9.63 5.43 9.84 6.72 4.7 4.51 5.02 5.98 10.27 7.44 8.83 10.68 13.51 15.95 13.43 10.69 10.13 8.66 17.33 6.56 8.87 11.05 10.68 6.93 6.54 7.12 5.7 1.97 4.51 6.68 6.13 8.63 5.77 9.72 6.74 4.03 6.17 7.38 5.76 8.81 6.4 15.95 7.68
