8.49 11.57 7.58 6.97 4.53 4.71 3.98 4.22 7.22 11.26 10.73 12.75 10.36 22.09 14.75 7.6 8.28 6.21 9.01 3.52 3.33 11.68 16.21 15.57 19.95 7.74 4.84 8.59 5.77 13.33 6.57 7.51 11.21 4.35 4.13 4.86 4.41 9.63 6.09 7.73 8.98 7.05 7.24 5.24 7.95 7.79 7.48 4.19 5.09 6.77 10.48 12.51 15.62 8.88 7.07 6.7 4.93 8.56 8.05 11.13 8.26 15.27 13.78 19.13
7.38 3.69 5.46 7.45 4.58 5.32 4.21 4.02 7.31 11.7 14.88 16.98 22.95 25.31 12.35 8.06 6.04 6.62 2.56 3.67 6.41 13.1 12.66 10.48 10.82 5.76 6.15 6.5 8.23 17.83 8.81 4.59 7.56 11.56 6.41 6.16 6.76 2.97 13.19 3.94 7.32 7.1 7.11 4.38 6.77 6.22 9.52 5.26 8.58 4.49 4.92 14.21 16.19 7.03 7.38 12.14 4.39 5.91 10.54 7.83 27.54 11.25 5.46 34.17
4.82 3.53 3.01 7.07 6.49 3.88 4.84 4.52 6.82 14.5 15.2 31.28 30.73 14.44 17.34 8.69 10.86 4.37 4.7 5.11 7.66 22.06 12.52 10.31 17.86 10.24 6.08 8.74 15.79 13.93 10.46 12.28 11.09 9.79 10.56 3.41 3.41 9.09 6.62 6.41 5.96 11.71 10.42 4.37 8.66 8.92 11.56 10.34 5.4 4.35 4.49 9.46 20.33 4.01 5.26 6.61 5.14 11.97 9.62 15.43 16.21 20.03 11.0 29.1
7.12 3.9 5.83 4.49 6.28 8.36 4.53 7.75 5.69 16.55 30.21 15.91 10.64 9.77 6.77 10.3 3.87 5.42 8.34 5.93 10.11 20.06 15.07 13.36 12.99 11.94 13.52 20.61 12.11 7.51 8.08 4.74 11.57 8.59 6.72 7.12 5.73 7.72 5.72 4.17 10.62 15.37 9.16 6.94 4.55 12.59 5.82 6.91 7.62 8.22 3.32 9.42 8.62 6.93 2.88 3.16 6.93 11.47 20.04 10.88 13.38 14.82 9.44 11.55
14.91 6.88 3.66 9.57 4.48 6.43 6.06 9.75 7.65 21.11 18.32 20.58 7.04 12.69 4.39 6.28 7.8 6.73 9.71 6.41 10.73 10.37 9.22 10.24 14.98 22.09 17.86 15.51 13.92 7.97 7.98 10.89 10.99 14.1 17.28 6.76 6.72 6.0 6.25 5.06 7.62 14.87 8.57 4.18 4.71 3.6 5.75 2.95 3.07 4.3 1.62 3.79 9.66 4.73 3.77 5.31 4.98 8.94 17.65 8.75 8.49 9.93 11.11 10.88
9.27 4.56 4.96 6.63 4.9 3.14 8.19 5.49 4.82 17.2 34.6 35.39 27.21 6.02 4.59 6.6 3.63 7.2 4.89 8.93 7.47 9.62 11.81 11.49 12.53 13.25 14.59 9.97 11.69 5.75 8.32 12.8 9.97 15.43 14.45 11.88 10.17 8.29 5.15 5.99 7.97 6.18 11.05 6.27 2.96 4.66 3.71 2.37 6.74 2.18 3.11 4.5 5.52 6.34 2.82 4.74 8.13 17.21 19.91 11.23 10.26 7.53 17.46 9.34
15.29 10.36 4.54 5.25 4.28 4.91 8.26 6.51 6.13 5.14 13.57 34.2 13.58 6.56 7.64 6.97 8.7 7.69 6.82 7.37 6.06 7.76 6.54 12.63 7.34 9.54 10.71 9.51 9.03 8.45 8.14 7.83 9.18 8.24 11.98 8.53 12.61 7.59 8.98 7.02 7.06 9.17 7.87 6.19 4.6 5.99 3.24 4.43 3.81 3.96 2.89 4.84 3.23 4.87 3.68 4.08 11.81 9.28 4.74 15.24 4.43 8.06 13.33 12.32
7.93 8.16 4.2 5.94 5.82 5.31 4.54 7.39 3.32 6.2 6.2 11.34 17.22 6.83 7.44 9.35 6.94 10.35 3.45 6.71 8.49 6.91 5.92 11.54 8.1 9.59 10.22 8.54 9.82 8.87 7.19 6.51 11.31 6.58 15.28 16.01 8.85 11.74 3.34 6.9 10.58 8.06 19.55 8.77 5.97 5.91 6.3 5.16 5.53 5.21 4.64 3.57 3.8 4.55 5.18 5.99 8.17 7.36 11.35 15.12 11.16 6.76 10.74 11.5
11.79 9.9 7.37 6.36 4.65 8.65 2.9 6.45 5.97 5.76 10.18 14.15 7.43 9.16 8.45 9.26 7.09 13.22 14.11 2.97 7.53 3.7 5.24 10.91 6.51 7.76 14.54 10.14 7.63 6.97 9.38 17.49 6.76 8.87 8.39 17.87 14.43 5.38 8.25 6.79 11.69 12.72 10.71 6.23 7.54 4.7 4.45 3.03 7.95 3.01 3.28 5.68 4.52 10.46 9.44 5.72 11.67 13.85 11.66 7.15 8.99 4.9 7.83 6.27
12.62 12.13 6.84 5.69 4.21 2.72 4.57 3.84 7.3 8.52 19.02 14.83 7.58 7.37 11.6 7.52 4.86 6.38 6.19 7.78 5.21 8.5 8.43 7.26 8.88 6.99 18.19 9.68 14.31 10.2 7.6 8.7 12.84 11.6 8.63 12.9 4.9 5.58 3.95 3.48 8.78 22.39 10.99 12.83 6.35 6.59 6.07 5.42 5.16 8.35 5.63 4.81 7.66 11.4 16.65 12.89 9.58 12.97 4.56 11.59 3.97 2.38 3.66 5.64
11.37 8.81 7.92 5.82 5.36 6.13 6.76 9.89 7.98 12.78 18.06 17.12 11.26 6.09 10.2 5.8 2.96 4.84 8.98 3.88 6.84 5.18 4.29 13.12 7.02 8.99 7.27 12.44 10.15 7.31 8.49 7.31 8.12 9.34 4.62 4.59 7.2 4.7 3.94 3.97 7.67 16.46 20.7 9.75 5.29 5.03 7.64 7.89 4.7 7.21 4.14 7.3 3.95 13.83 12.43 18.51 9.14 6.68 10.3 5.9 5.19 3.93 2.32 6.54
11.45 9.19 5.19 5.52 7.79 13.13 9.06 10.0 7.95 14.6 15.86 14.22 12.98 7.38 5.87 8.18 3.39 4.58 4.33 5.66 3.31 9.87 9.86 6.22 7.21 4.3 12.49 12.11 7.08 10.64 9.65 12.96 13.66 7.06 10.6 6.3 4.32 4.65 3.36 2.83 6.38 12.13 12.99 9.97 6.14 4.25 5.1 6.79 5.5 8.85 7.94 8.53 13.87 9.77 6.46 6.7 11.41 11.82 10.77 9.49 12.48 3.66 4.05 5.35
12.13 6.47 9.98 5.33 7.75 7.44 10.35 7.35 10.64 15.51 13.96 15.93 8.13 8.67 8.74 9.93 6.16 8.66 5.19 3.64 6.04 8.11 7.38 3.82 8.97 6.37 4.54 10.51 13.04 8.28 14.41 9.17 7.87 13.03 3.77 4.28 3.5 4.64 4.32 3.48 9.62 8.28 13.94 10.16 4.73 4.84 8.11 8.85 9.45 14.05 9.24 13.53 12.15 5.6 3.53 5.1 6.33 8.63 9.62 5.85 13.96 7.27 8.51 8.48
10.01 14.63 5.72 5.53 8.22 14.75 14.27 10.73 13.67 7.92 17.86 14.72 9.85 11.43 11.73 8.22 9.62 6.96 8.65 4.62 5.42 8.16 5.14 3.69 5.24 6.84 8.1 8.92 10.48 9.93 15.05 22.85 17.06 16.34 5.05 1.85 3.18 3.59 3.17 9.62 4.65 14.91 15.35 10.58 5.42 5.57 4.93 5.88 6.37 8.15 17.65 15.56 12.7 6.43 3.21 6.53 6.8 9.34 4.72 7.15 4.67 8.25 5.03 6.79
13.21 12.01 4.44 6.82 6.67 8.94 12.56 21.49 7.08 13.64 25.42 13.42 16.2 20.11 11.73 9.33 5.46 4.58 4.49 6.08 3.25 6.07 5.77 4.9 5.43 8.82 9.26 5.35 7.42 8.95 28.69 28.06 19.31 11.27 5.49 1.97 1.51 2.89 3.54 3.54 5.56 6.85 8.99 4.87 8.54 6.91 3.84 7.69 5.68 10.9 4.6 9.61 4.52 3.79 6.08 6.73 11.3 9.99 9.33 5.11 7.04 3.92 4.47 2.82
13.65 4.19 8.42 7.91 4.72 15.19 23.4 23.42 13.76 7.92 9.44 18.72 14.85 17.85 15.58 11.16 8.13 5.55 3.47 4.86 6.89 7.48 10.42 4.28 7.16 8.53 8.18 8.37 10.27 4.59 7.0 17.35 10.38 11.68 6.93 2.19 4.15 2.87 4.61 5.22 4.82 11.84 11.91 12.74 9.66 5.19 4.12 4.52 7.87 3.32 5.22 6.98 4.2 5.02 6.45 7.99 10.04 9.4 5.41 5.29 4.87 2.97 4.29 6.43
7.34 4.84 4.23 2.24 8.52 6.47 14.3 16.6 11.75 6.4 10.65 17.7 17.74 7.9 10.07 4.64 8.12 5.28 4.35 7.91 8.22 12.11 11.53 5.08 7.77 5.99 4.65 5.62 3.59 2.33 8.17 10.99 13.34 12.2 7.11 4.38 2.79 6.96 3.07 3.8 4.98 4.54 5.55 7.21 10.98 6.91 3.74 8.97 5.01 3.63 4.45 2.62 4.05 5.35 5.49 10.06 12.41 7.99 3.51 9.68 5.16 3.96 3.66 4.6
9.24 3.37 3.29 5.04 2.73 13.31 9.36 13.48 17.68 10.13 7.61 16.83 10.76 7.39 9.54 5.17 5.48 8.25 9.61 3.27 13.22 9.17 11.47 10.29 10.16 11.77 10.11 11.11 5.31 4.23 4.77 4.62 9.6 12.07 5.32 4.77 6.0 7.47 4.21 6.8 3.96 3.34 3.1 3.93 5.71 8.57 4.23 5.47 11.59 4.9 3.2 3.64 4.06 5.43 3.91 7.32 9.38 4.55 9.15 4.86 2.48 4.16 2.25 5.78
4.43 4.83 2.32 5.08 4.24 6.27 9.8 10.55 14.84 4.18 6.13 10.96 6.27 3.87 8.31 5.65 11.37 15.48 4.56 7.01 11.05 10.38 21.59 14.28 8.73 8.4 12.06 8.47 4.79 6.91 3.93 6.78 10.78 14.61 6.09 3.71 2.57 2.86 6.73 5.2 3.55 5.27 3.62 2.59 7.28 8.67 7.38 11.14 6.57 3.85 2.34 2.17 3.44 2.14 6.21 8.19 11.48 7.62 7.13 3.54 4.47 2.07 4.88 5.04
9.28 3.36 6.2 4.63 5.71 5.2 9.36 14.51 15.38 4.49 6.68 14.12 9.74 4.86 5.93 10.46 5.38 3.45 12.02 8.14 10.96 8.41 15.41 14.16 14.12 7.92 20.88 10.11 7.97 5.4 3.43 5.05 8.0 14.13 7.98 2.56 1.23 2.96 8.09 7.53 3.91 3.15 3.46 6.21 6.49 18.11 5.86 5.27 6.79 3.12 2.97 2.09 1.85 1.97 1.65 2.67 7.25 4.84 5.21 5.4 4.61 2.18 4.28 4.92
5.93 5.56 10.87 12.68 6.33 6.03 10.81 16.11 23.15 9.3 8.78 8.59 4.36 3.24 2.94 2.28 3.15 3.5 4.2 15.39 4.71 7.68 8.74 12.36 13.37 5.29 12.19 12.51 11.55 5.98 9.36 5.56 14.56 9.71 5.46 4.2 2.29 3.1 4.72 7.61 3.16 4.97 3.75 5.82 7.66 4.83 3.74 4.94 1.71 3.2 2.63 3.08 4.13 3.41 3.83 2.79 7.47 6.61 4.17 3.57 3.68 5.55 5.01 5.23
7.87 10.07 6.11 7.46 9.41 4.98 4.12 13.11 12.39 13.93 10.77 9.24 8.78 3.95 2.62 3.54 1.86 2.97 5.23 11.43 8.67 5.77 8.52 7.25 5.45 9.88 5.47 17.13 5.73 3.88 7.45 8.13 6.51 8.93 7.81 4.07 4.89 4.83 4.47 3.82 5.44 2.34 6.58 4.19 5.96 4.83 3.39 1.68 2.38 3.29 3.95 2.83 5.32 4.76 2.66 4.09 5.62 4.63 5.55 2.76 3.94 5.54 5.23 8.03
5.0 5.91 9.46 12.07 8.27 6.84 5.85 7.88 13.59 6.86 10.84 6.56 5.42 4.0 5.96 5.58 2.86 3.6 8.76 9.31 4.78 6.37 5.48 5.34 7.0 5.24 4.66 6.99 5.09 3.25 8.83 7.03 7.42 14.33 8.38 4.57 10.5 7.53 7.57 9.31 9.06 5.17 8.15 7.19 3.4 6.44 4.72 1.92 5.55 2.36 3.62 5.38 4.92 11.04 5.99 2.59 6.46 5.09 2.94 3.74 5.06 8.52 12.13 5.19
5.54 9.44 14.51 9.55 16.43 11.32 6.58 12.14 11.23 5.09 7.26 6.67 3.04 4.11 6.43 5.31 9.48 4.44 7.4 10.08 6.66 7.3 7.87 6.96 9.41 4.94 3.83 3.51 5.75 5.84 8.93 7.51 10.88 13.42 12.16 10.19 10.93 5.58 5.0 3.9 2.89 4.56 15.82 9.36 5.06 6.52 4.65 2.62 2.6 7.18 10.1 7.83 5.8 7.09 8.33 8.58 3.6 3.93 1.54 3.92 5.8 5.85 8.06 5.3
7.43 11.43 6.98 14.67 11.31 9.29 11.62 8.9 15.81 15.18 7.85 9.51 7.56 5.54 7.58 11.95 7.31 5.81 8.03 7.61 5.94 6.79 7.85 17.2 9.45 6.96 5.29 5.03 7.81 6.18 9.49 9.55 6.14 14.58 26.86 14.46 15.97 6.54 3.93 6.83 4.17 6.79 11.21 11.46 6.12 7.45 4.36 2.31 3.19 11.65 11.63 10.29 7.18 7.66 11.71 3.86 3.75 2.53 2.38 7.74 6.83 9.38 5.35 5.83
6.19 8.84 12.18 22.86 11.86 13.59 9.86 8.46 8.17 8.69 10.23 14.72 11.1 5.81 13.49 9.87 8.08 16.09 10.15 5.16 7.61 6.19 8.82 4.98 6.7 6.65 7.3 8.33 6.28 10.32 3.84 10.41 10.73 10.1 17.49 21.91 11.69 6.13 6.08 7.0 6.94 5.12 11.66 14.94 16.36 5.08 2.56 2.84 1.99 4.55 9.47 13.36 9.96 9.82 7.85 4.74 9.7 5.97 5.15 6.75 9.98 2.88 5.93 3.52
6.26 6.26 12.17 15.82 16.3 7.23 10.91 6.93 9.9 7.62 13.11 12.17 17.0 4.12 7.78 11.98 10.23 12.81 11.01 4.43 12.03 7.7 5.27 8.87 9.04 8.49 7.03 4.98 6.31 7.26 6.89 6.97 10.37 17.07 9.09 17.19 8.76 8.01 6.0 2.73 9.64 4.77 7.43 23.36 8.18 6.47 9.54 3.93 6.24 7.09 11.71 10.06 10.19 11.84 5.77 6.22 9.55 6.0 4.09 13.1 10.02 4.18 4.06 7.55
4.09 10.0 4.21 9.19 22.25 19.48 14.58 5.52 6.27 4.84 9.54 7.17 7.0 4.46 8.34 11.88 7.26 13.27 11.4 8.78 9.29 6.31 4.01 9.91 6.5 6.27 8.34 5.34 4.24 8.05 3.94 9.08 8.75 12.17 7.0 11.93 13.51 7.66 6.14 4.86 6.75 14.28 7.13 4.55 10.29 4.52 3.96 6.16 5.71 11.58 12.06 12.25 21.3 15.01 8.14 4.7 13.07 5.35 6.37 5.96 10.96 6.98 5.38 6.93
4.54 2.89 3.3 7.38 10.76 17.25 9.43 12.43 8.45 19.51 9.93 6.66 3.4 4.41 5.15 9.54 16.1 12.91 12.89 10.29 8.43 10.64 4.71 2.74 4.53 5.47 5.1 3.75 4.23 7.34 5.83 7.56 15.79 11.99 7.99 21.37 8.87 17.48 7.61 6.6 9.36 14.3 3.85 6.17 5.07 3.87 7.36 8.31 6.0 7.29 14.52 14.88 39.17 16.0 16.6 5.91 11.39 5.56 6.3 4.42 17.66 7.3 5.76 9.68
4.81 5.25 5.28 7.07 14.04 11.68 9.14 9.43 15.44 8.41 7.11 7.32 4.72 3.97 4.46 5.55 11.31 13.19 9.64 7.18 7.32 6.54 4.22 2.51 6.85 5.0 3.54 3.47 4.31 5.62 4.28 7.68 5.94 11.96 17.63 10.32 22.52 13.52 8.68 9.6 4.95 8.06 13.93 8.78 11.37 5.22 3.34 4.6 3.41 4.15 8.11 11.07 12.97 13.33 8.75 7.97 10.42 7.61 3.97 5.05 13.03 6.98 9.99 8.99
7.07 7.32 9.36 3.46 17.75 8.82 4.91 14.59 8.81 7.65 9.6 6.08 5.44 11.36 6.12 5.19 7.84 9.8 22.03 14.52 7.77 6.98 5.81 4.89 5.96 4.26 3.96 3.99 2.72 4.0 6.36 4.92 13.24 15.17 15.4 14.54 14.13 13.91 10.1 9.46 11.64 8.04 11.12 11.04 9.48 5.79 2.37 6.3 4.34 3.33 8.28 6.73 24.26 14.87 7.26 9.47 7.89 6.33 2.77 6.68 12.51 18.52 7.63 12.44
6.36 2.79 2.36 4.82 8.22 7.0 8.2 10.52 9.45 5.76 9.57 10.71 8.66 11.95 4.36 9.55 8.51 11.9 15.95 11.37 5.21 6.31 3.16 5.73 4.31 10.68 2.34 3.59 2.92 3.46 3.76 4.8 6.67 14.46 10.15 7.0 18.53 14.62 18.35 9.22 9.08 19.49 13.01 16.93 11.73 5.49 5.45 2.64 6.68 6.56 4.68 19.33 10.4 8.27 11.33 8.39 5.7 5.5 4.88 5.49 12.74 14.07 7.94 7.04
6.1 2.61 3.95 4.24 8.49 11.1 10.09 7.63 10.86 6.0 4.36 5.48 4.94 4.23 6.01 7.31 7.5 12.16 9.97 18.03 10.9 7.17 7.32 6.33 10.83 12.5 6.61 5.43 2.05 5.0 4.24 6.5 5.04 7.45 5.66 6.86 12.63 12.32 31.85 24.73 13.97 13.11 27.95 11.74 11.99 9.26 4.83 8.62 6.34 7.13 12.79 8.8 17.85 11.62 8.15 4.47 6.89 7.92 3.91 4.43 10.86 17.87 7.22 8.57
6.01 3.76 4.38 4.25 8.58 5.98 10.15 6.13 5.1 4.37 4.56 3.52 5.21 2.39 3.01 7.13 4.96 6.74 27.15 13.07 12.26 13.66 7.79 7.11 10.56 11.38 17.94 4.56 2.76 4.39 5.23 6.22 5.39 5.6 6.35 9.01 10.23 20.12 21.11 16.37 15.24 13.53 13.8 18.78 11.64 7.9 10.79 12.91 16.17 8.8 9.07 10.87 12.49 11.9 5.75 6.91 7.8 5.92 6.32 7.09 9.81 22.62 7.04 5.59
5.86 7.17 8.46 20.45 11.36 8.14 8.84 4.55 4.6 4.66 2.87 11.61 3.59 1.7 3.64 6.21 7.37 10.37 9.44 14.52 11.98 9.63 6.76 13.85 16.43 17.44 15.36 6.64 2.17 7.67 5.36 4.5 15.57 9.4 7.43 13.39 15.4 17.75 22.35 20.6 17.13 9.37 12.39 4.65 7.78 8.12 7.02 12.37 9.5 12.02 9.43 10.96 9.12 6.59 7.18 6.29 3.1 6.91 4.93 10.73 9.14 7.55 9.29 9.69
10.04 11.37 8.24 18.23 14.96 4.74 2.85 4.29 5.41 2.54 4.3 5.1 3.71 2.04 3.28 9.62 6.53 18.71 7.61 12.66 9.26 10.08 7.89 14.57 5.73 10.98 8.22 8.12 3.97 3.25 6.18 5.37 12.82 10.88 15.18 21.2 9.5 11.52 32.76 17.78 15.66 15.11 8.11 9.88 9.99 4.93 7.45 9.3 13.98 21.44 17.81 10.82 5.49 11.43 2.48 3.22 4.35 4.05 7.27 7.05 10.84 7.79 7.72 10.18
18.11 17.09 12.65 13.16 9.23 3.87 2.98 6.8 6.98 3.1 3.04 6.84 3.41 2.41 3.81 9.84 9.81 7.01 6.38 5.37 9.99 5.34 7.48 6.59 7.28 7.72 25.22 7.57 7.26 8.97 3.41 6.95 5.84 7.51 10.49 7.23 10.55 11.47 20.98 17.19 21.16 9.48 8.67 6.85 5.66 9.77 8.95 7.57 17.86 16.39 14.99 7.95 6.02 3.83 2.67 2.04 2.32 3.71 2.6 14.11 8.33 9.46 14.52 9.54
6.76 12.26 8.21 7.61 12.75 4.38 2.75 5.33 4.98 5.1 5.17 4.99 2.58 2.48 3.05 5.84 14.5 9.81 5.52 9.51 10.5 4.82 5.57 6.71 6.85 11.39 11.37 12.75 20.04 9.26 13.46 5.18 7.85 4.61 5.19 11.08 13.04 14.67 19.25 15.14 7.34 11.39 9.62 14.44 12.53 11.45 10.11 7.74 12.88 19.9 29.74 16.01 8.67 5.48 4.48 4.01 2.95 4.25 3.74 6.92 6.22 16.4 9.54 19.34
5.16 12.17 4.61 9.88 6.18 3.52 2.07 4.21 5.28 7.75 3.71 4.77 5.21 5.97 4.46 7.28 9.07 7.94 11.12 6.65 6.18 7.14 7.13 4.21 5.12 8.48 17.9 10.5 7.47 11.87 6.74 11.27 4.75 3.74 4.42 10.42 12.59 21.77 19.4 12.17 10.38 9.14 14.92 16.96 8.6 9.48 12.24 10.77 16.09 38.4 12.42 16.39 13.64 6.41 3.53 2.89 5.1 4.55 3.46 4.79 7.45 8.61 11.69 10.28
2.34 6.88 9.14 5.44 6.74 4.96 2.82 4.5 6.81 4.54 5.03 6.03 4.7 5.14 7.39 5.2 8.25 12.51 14.31 15.8 11.99 5.32 9.09 3.83 9.23 6.98 7.63 11.26 8.1 10.56 8.56 2.42 6.55 5.5 8.84 11.84 18.25 23.31 12.79 10.44 10.01 11.0 12.54 11.05 6.23 11.66 6.68 14.46 18.19 32.92 16.01 9.1 10.54 9.07 5.19 7.26 5.48 5.5 7.05 7.87 10.19 4.56 4.21 9.35
3.56 8.86 10.59 5.88 11.56 5.0 5.73 7.03 8.13 7.45 10.85 4.99 7.01 9.88 3.92 8.45 6.32 6.99 16.17 14.91 10.37 5.24 4.39 9.94 12.1 5.15 6.73 5.25 8.79 4.83 3.85 2.83 3.71 9.44 7.02 11.35 31.05 12.07 25.94 6.08 3.96 6.7 8.54 9.57 5.7 7.34 18.84 17.95 18.34 31.13 19.02 12.87 12.93 9.13 4.03 8.62 3.28 6.37 5.61 6.56 4.53 3.95 4.76 4.92
6.41 11.93 15.07 11.69 13.13 6.79 8.44 9.82 7.3 11.99 9.53 8.65 6.46 3.0 5.23 5.71 5.3 9.17 10.44 8.75 13.73 18.53 5.01 13.34 4.91 3.2 5.54 7.14 5.59 7.03 3.14 1.55 2.65 6.18 9.37 21.33 23.74 33.76 17.42 9.61 4.29 9.44 9.59 6.86 11.69 7.84 8.84 15.31 16.06 12.69 12.1 8.49 11.39 5.32 5.34 2.7 6.47 4.95 5.88 7.18 8.81 15.49 5.56 12.38
6.95 11.5 15.44 12.54 7.31 7.84 6.23 6.05 9.94 5.93 11.44 4.95 3.36 4.14 2.05 3.51 5.54 6.7 9.91 11.7 18.58 17.82 11.61 9.34 6.38 6.0 3.36 4.27 4.09 6.5 1.97 2.14 2.06 5.53 7.7 17.35 21.19 31.76 40.17 8.24 6.46 7.02 4.8 7.52 9.33 3.6 8.66 8.1 14.26 11.71 7.19 8.62 7.69 9.61 3.91 2.27 6.54 5.59 7.57 12.97 12.78 11.54 21.08 8.32
11.35 9.69 13.93 16.55 15.8 6.19 9.39 7.83 5.11 13.11 6.17 7.3 4.96 1.94 3.37 3.73 3.43 7.33 5.76 7.62 13.58 10.15 13.13 12.09 12.9 6.46 12.57 7.69 5.36 7.61 8.47 1.99 1.85 3.92 15.67 9.71 28.73 30.76 18.2 12.11 5.95 4.93 7.78 4.43 4.64 4.81 7.72 10.94 12.15 13.33 15.16 8.33 12.73 5.32 3.01 3.18 4.84 9.63 9.71 18.85 17.22 13.38 13.39 6.65
4.8 4.59 8.69 14.34 13.4 12.52 10.47 9.4 11.3 15.51 8.85 6.41 2.11 1.98 4.27 6.12 2.73 4.99 5.86 10.06 13.73 6.61 9.79 18.1 5.92 11.12 11.38 5.01 9.1 7.81 14.17 2.75 2.36 3.41 14.0 22.89 14.6 19.52 14.1 9.36 9.55 10.07 6.94 4.88 3.22 8.07 5.11 6.51 19.16 11.41 15.57 8.56 7.83 10.4 3.98 4.95 6.22 5.42 5.3 12.02 14.1 11.38 9.36 8.31
6.17 4.06 4.82 15.66 10.36 14.0 7.43 11.51 18.28 23.22 10.98 12.26 3.38 7.38 3.55 3.91 3.65 3.33 4.27 12.06 12.03 8.97 9.66 8.44 8.56 4.87 6.25 5.41 6.35 9.85 7.52 7.17 3.74 4.29 33.82 32.04 37.73 21.28 14.51 9.62 9.51 7.84 5.76 7.69 3.21 8.94 11.81 12.18 10.78 16.16 7.31 10.14 9.1 5.14 7.56 2.88 3.74 6.17 6.85 13.19 13.42 9.95 5.58 11.34
9.73 5.46 9.03 13.92 19.14 16.15 4.67 9.33 14.24 7.32 5.56 9.26 6.83 3.73 5.85 3.1 3.25 2.73 4.18 10.19 14.93 9.02 10.89 8.01 5.78 6.1 5.14 3.82 5.41 7.23 12.85 7.42 2.96 4.3 16.28 17.04 27.15 15.47 14.33 14.11 8.35 4.62 6.69 3.32 5.33 8.55 8.46 12.35 12.93 10.25 12.15 14.39 11.11 10.52 4.9 3.96 3.19 4.98 7.65 10.08 16.42 8.48 5.94 8.86
10.27 6.63 10.11 11.59 14.64 9.18 5.93 10.02 12.48 9.99 13.16 8.49 5.57 13.14 5.07 4.23 7.19 2.63 6.05 14.81 18.14 9.76 11.66 4.82 3.49 3.01 3.72 4.33 6.95 10.78 10.65 8.34 4.58 7.11 19.8 22.15 20.48 19.2 17.22 10.28 5.57 6.73 3.52 3.41 7.73 4.31 13.11 17.63 15.9 20.09 14.53 9.27 11.76 7.91 4.98 4.91 5.71 6.79 6.01 9.73 11.02 8.02 4.59 4.27
10.26 6.65 5.21 9.05 12.26 11.32 9.02 7.17 8.73 9.53 7.82 8.03 9.37 7.32 8.04 6.34 7.05 7.37 4.28 11.04 5.04 5.33 4.24 4.06 4.15 7.66 4.12 10.26 9.3 6.26 16.91 7.62 8.49 5.14 10.01 16.51 16.9 19.79 11.74 8.99 4.92 5.83 3.76 5.06 2.38 10.1 7.62 21.6 11.4 17.41 16.52 7.64 10.1 11.16 6.57 9.73 8.62 7.53 11.25 10.6 16.33 16.26 20.37 11.34
8.79 8.19 6.89 10.26 14.12 16.43 9.83 12.68 11.58 8.88 8.14 6.94 3.73 9.18 5.95 9.49 12.24 8.49 12.92 8.34 10.29 5.25 8.12 6.95 5.14 6.37 7.5 10.42 8.9 10.08 13.58 8.16 3.97 4.5 7.01 7.86 10.35 7.68 9.57 9.17 5.37 4.61 4.09 4.88 4.28 4.27 8.87 11.1 8.17 12.6 12.84 5.98 8.02 13.74 5.3 7.91 16.44 10.46 15.47 9.28 10.56 18.07 11.72 12.22
4.93 6.36 9.55 14.82 16.66 18.69 11.32 10.6 9.13 8.17 7.28 4.97 5.96 4.42 12.97 9.24 13.09 13.58 7.75 7.1 6.34 8.75 6.97 5.15 12.05 7.23 9.34 6.56 5.92 13.83 13.74 7.23 5.85 4.25 5.97 8.14 14.28 7.89 12.07 7.28 5.94 4.89 10.6 5.7 3.56 6.92 10.16 11.09 11.8 3.97 4.65 5.74 6.78 5.58 6.66 17.15 19.15 24.45 11.59 11.39 12.54 16.42 34.96 20.38
5.33 4.01 4.96 12.49 17.46 20.93 23.83 10.74 12.06 9.04 6.84 8.02 3.7 4.78 9.66 7.27 10.56 14.52 6.47 7.09 9.6 6.62 6.54 8.51 3.55 10.87 8.61 4.69 6.57 7.81 9.54 11.82 11.4 7.32 3.16 13.75 8.4 7.0 7.57 9.25 5.51 8.55 7.29 2.74 5.05 3.4 5.21 6.19 4.96 2.77 3.35 9.12 8.44 7.28 8.55 9.56 17.39 21.62 15.0 18.73 11.54 11.68 23.58 34.11
3.96 6.02 2.98 5.68 6.05 12.48 13.37 8.1 15.51 10.05 6.88 4.12 4.44 2.82 10.38 7.89 9.96 9.53 12.45 6.83 7.87 7.08 6.69 7.75 4.04 7.2 6.48 6.1 6.0 10.69 9.67 32.67 15.4 4.79 10.06 7.84 6.13 8.59 2.96 8.76 6.75 11.47 8.38 7.22 2.6 6.85 5.77 5.35 8.78 3.82 3.71 4.35 8.44 10.22 10.51 7.38 19.24 21.53 11.58 12.0 10.09 7.07 21.89 26.13
4.44 2.34 3.73 4.37 2.0 8.91 9.44 14.34 12.23 8.29 4.1 3.69 4.71 3.0 8.06 6.74 6.84 8.47 8.73 5.87 17.73 4.27 7.04 3.75 4.75 4.59 7.28 5.24 10.36 13.45 14.34 13.21 12.71 12.41 4.48 5.68 5.4 5.59 3.75 7.24 13.68 7.83 11.24 6.25 2.83 7.05 4.9 4.21 7.48 4.67 4.15 6.59 3.12 4.18 12.04 6.23 19.77 21.62 12.92 12.58 15.13 5.39 29.27 36.18
2.9 1.57 2.22 2.49 5.18 5.23 9.63 10.0 10.13 8.67 3.27 6.15 2.66 4.62 7.48 3.77 7.58 8.5 7.94 12.41 17.35 6.31 6.57 4.32 4.09 3.37 4.33 4.21 8.7 12.36 20.26 24.76 16.32 10.68 6.35 7.71 6.77 4.74 7.78 14.59 15.57 11.47 6.75 13.1 5.46 4.52 4.93 5.25 6.64 3.96 3.68 2.32 2.92 4.87 10.36 20.59 25.21 17.58 16.58 14.49 7.91 8.35 13.71 11.64
2.14 1.39 2.21 3.42 4.36 3.15 4.55 5.43 9.65 7.66 4.99 3.79 6.63 2.94 3.7 4.05 4.53 5.85 6.37 11.22 12.19 11.51 7.88 11.67 5.07 5.76 3.14 5.86 6.6 13.19 10.86 11.99 6.88 7.84 7.54 7.75 5.03 10.51 4.72 13.19 17.48 6.3 11.68 11.56 4.74 5.24 4.31 4.44 6.34 7.43 2.76 3.95 3.3 6.31 6.34 13.69 21.69 20.55 18.85 15.73 12.68 7.39 5.83 10.5
2.54 1.48 2.25 3.04 6.44 3.56 4.39 10.17 12.83 4.74 7.35 5.97 3.08 5.07 2.42 4.72 12.08 5.73 7.63 14.31 14.8 17.38 8.78 8.3 7.71 5.79 5.34 4.4 6.96 9.33 4.62 4.66 9.7 6.34 4.19 2.63 8.58 5.64 7.16 13.06 18.6 26.71 10.4 12.54 9.27 4.74 2.4 3.97 5.26 5.58 2.97 5.04 8.06 8.77 11.65 14.34 23.19 11.29 19.39 12.08 5.23 3.96 8.48 7.19
4.25 4.69 3.3 2.44 9.13 4.99 7.36 10.47 8.0 14.14 10.21 3.22 6.28 5.01 2.02 4.17 4.92 3.78 6.49 12.8 15.17 10.03 7.57 4.07 6.78 4.46 4.62 6.38 4.35 6.32 4.78 7.75 14.42 8.22 5.02 4.92 5.14 5.19 9.53 11.53 16.19 10.63 10.67 11.54 14.53 3.92 4.26 3.68 2.91 6.23 4.11 3.18 12.72 7.05 7.96 14.19 14.2 30.53 19.44 7.88 5.68 5.35 10.47 5.46
5.43 5.09 6.66 3.51 8.62 5.54 5.48 11.04 7.74 5.88 10.81 7.71 3.32 4.2 1.94 4.32 6.79 3.63 8.37 13.71 11.39 14.77 7.63 7.72 6.31 4.72 4.36 3.96 6.39 6.18 4.82 5.48 8.95 9.23 4.07 6.24 6.15 13.76 14.41 8.71 10.98 23.5 8.05 11.01 8.6 5.63 4.75 5.27 6.87 5.2 5.51 2.9 4.22 8.62 7.44 12.81 24.4 24.36 19.15 10.42 7.79 13.41 11.3 18.93
6.72 12.29 4.87 6.01 6.29 8.03 4.64 9.97 4.93 3.69 6.09 6.96 10.67 3.72 4.21 5.03 6.07 4.11 7.14 14.82 9.14 8.81 4.53 4.52 4.52 7.66 6.97 5.94 6.48 5.64 6.6 2.8 6.45 10.91 7.54 8.71 11.04 13.21 11.06 16.03 19.98 10.59 5.39 8.63 10.25 4.02 4.96 6.37 3.84 8.3 3.62 5.23 3.95 7.02 6.08 12.61 22.03 19.03 10.87 12.66 8.88 9.23 12.93 10.42
8.28 5.46 7.95 5.98 13.55 9.21 4.0 6.66 7.86 6.28 4.89 7.91 8.67 5.31 7.23 6.45 5.45 5.79 7.09 6.3 14.06 3.76 3.28 5.38 4.5 9.41 19.59 16.74 7.67 11.05 9.01 5.78 5.82 9.52 20.58 9.3 12.86 5.54 14.36 22.42 15.02 11.07 12.74 7.56 7.18 5.53 7.92 5.34 10.1 4.18 5.95 5.01 4.64 8.65 6.62 6.92 15.27 24.46 14.43 9.64 15.57 20.15 6.71 4.78
7.91 5.45 14.09 7.68 6.34 6.61 5.51 3.84 7.45 3.91 5.37 12.54 6.51 3.2 8.78 5.73 9.65 4.25 7.19 12.54 7.47 3.96 3.45 3.91 3.86 8.75 17.19 14.01 8.88 13.4 5.43 4.21 5.41 7.38 10.35 15.59 10.37 14.8 9.74 13.5 12.79 22.78 17.08 6.98 7.82 8.76 7.85 5.38 7.34 6.0 6.62 4.56 5.54 6.03 9.89 6.5 16.57 35.84 5.97 15.35 10.48 4.7 8.14 3.69
9.79 5.08 6.02 9.33 6.78 7.54 5.61 3.68 13.28 7.75 3.76 9.59 5.76 4.18 9.57 8.68 5.78 6.65 9.74 10.57 15.35 5.53 5.2 5.18 5.19 9.5 10.02 10.8 8.03 10.44 6.26 5.81 4.13 15.23 19.66 24.88 7.75 8.5 5.29 26.42 15.84 15.47 18.98 9.04 7.36 9.54 9.65 10.31 6.46 2.8 4.81 3.81 5.7 7.64 8.0 9.73 8.43 10.31 13.87 7.23 13.59 6.64 3.02 6.86
3.53 6.85 4.25 13.3 9.9 7.09 4.36 6.04 16.96 4.63 5.37 6.9 7.63 3.17 5.63 4.55 3.72 6.42 5.78 10.29 14.42 5.37 4.89 8.25 4.83 11.08 12.36 7.35 8.49 8.11 5.31 7.31 4.68 12.33 21.52 12.09 11.28 5.32 18.66 28.5 23.18 13.61 17.48 8.16 7.07 10.32 10.2 6.69 4.0 3.55 10.08 6.74 5.45 6.39 6.61 5.61 18.44 15.38 10.09 12.14 6.16 9.41 4.58 2.31
