9.95 8.49 12.15 6.72 8.47 9.99 6.67 9.6 9.51 3.97 8.8 8.46 4.54 6.49 8.65 5.86 6.09 8.1 20.08 16.79 15.39 12.04 13.11 9.47 10.64 14.25 4.62 6.84 10.1 5.65 9.67 3.84 4.62 6.63 5.41 5.31 5.59 3.01 10.39 8.89 9.27 9.88 6.28 7.3 18.63 10.44 3.45 5.91 8.85 9.85 5.98 5.25 3.38 11.99 7.18 7.79 12.95 7.88 10.83 9.95 12.27 5.6 5.72 6.77
9.24 19.39 7.81 8.63 11.56 7.89 11.02 10.66 5.35 8.97 13.8 12.17 11.15 5.56 14.32 9.69 9.13 10.64 9.29 14.29 22.1 11.26 12.28 10.03 10.47 14.33 8.17 7.25 16.56 10.86 17.4 14.12 9.59 7.13 6.15 6.9 8.33 6.01 6.23 4.68 5.93 6.73 7.77 8.02 13.38 10.06 13.07 5.24 7.83 4.69 8.94 6.12 4.21 3.12 12.57 8.83 8.4 6.14 7.38 5.93 12.26 5.69 4.0 5.89
6.9 6.27 5.53 5.1 10.11 6.91 10.45 8.84 8.54 8.02 13.58 26.29 21.91 5.45 10.13 13.0 9.93 8.69 10.06 20.44 14.17 6.58 7.7 7.59 10.34 10.03 11.6 12.85 29.35 12.23 17.26 21.32 22.21 8.72 12.08 3.63 14.93 12.22 5.42 4.72 2.67 10.43 7.13 3.3 6.48 6.23 13.53 17.96 4.82 4.37 7.58 3.8 5.48 5.16 6.71 6.78 8.41 3.7 2.88 6.67 6.58 5.51 10.65 4.52
4.62 6.08 3.13 8.66 14.22 4.21 5.43 4.37 5.23 8.54 12.77 8.54 9.59 11.32 6.76 7.9 8.48 7.48 15.79 9.02 4.13 6.97 7.33 6.72 16.21 14.94 12.7 12.54 22.33 26.25 23.67 32.09 28.26 8.36 9.06 6.47 14.59 14.24 9.87 7.29 3.45 4.53 4.35 5.57 6.32 11.86 12.46 18.56 11.34 5.84 3.62 4.68 5.95 3.97 7.9 3.43 2.98 4.63 4.67 5.67 5.42 7.98 8.95 6.6
7.36 11.35 8.03 6.31 6.27 6.7 5.0 6.65 11.11 10.39 10.07 12.04 9.38 9.15 7.49 8.35 10.28 8.97 9.74 14.16 6.63 8.96 13.91 8.65 14.04 12.87 13.78 11.9 20.54 19.38 15.38 32.4 16.55 14.98 15.27 10.4 8.58 10.55 3.81 4.47 4.98 3.5 5.89 11.81 8.89 5.08 15.27 9.71 8.09 5.12 3.65 3.68 5.99 3.52 7.46 5.31 6.85 5.61 8.38 11.66 11.98 12.68 15.09 12.06
10.4 9.02 9.78 8.27 7.05 5.63 12.29 17.53 5.92 11.93 14.03 20.62 10.32 9.11 8.03 11.75 20.23 23.4 12.12 13.58 8.83 6.67 14.58 6.78 14.08 11.9 10.17 16.64 15.05 18.48 16.8 13.09 22.77 12.54 11.28 13.26 4.56 7.83 7.66 8.42 4.87 4.91 9.09 8.66 7.79 4.41 8.52 11.6 7.33 4.65 4.69 3.3 5.21 4.31 7.03 4.46 2.92 6.64 11.08 9.04 15.9 13.03 10.51 6.83
2.61 4.94 6.64 3.28 5.8 6.58 7.62 9.17 10.59 6.0 10.1 11.61 7.58 7.34 8.35 10.05 11.23 15.52 9.85 12.31 9.13 8.81 14.21 17.48 6.15 6.89 4.25 20.99 28.02 19.84 16.66 17.18 6.76 8.87 10.9 12.11 11.79 7.69 8.49 5.15 4.36 4.44 13.57 11.29 8.83 10.71 6.23 9.46 8.76 8.78 5.79 3.16 4.31 4.31 3.18 4.49 2.06 2.67 4.24 7.27 9.16 5.53 6.9 8.9
2.18 2.72 2.24 6.64 4.77 6.78 5.84 8.01 7.19 6.53 8.0 6.28 6.09 9.18 8.43 7.81 6.44 6.81 8.14 7.86 15.6 8.9 7.55 11.12 8.01 3.85 3.32 7.04 17.82 15.8 5.69 11.96 10.08 9.1 5.93 14.72 12.28 7.67 6.21 4.83 8.37 12.64 9.91 6.83 7.79 10.73 10.81 10.94 10.14 5.61 15.36 4.49 2.77 6.34 6.82 7.15 3.7 2.11 7.73 6.09 10.0 7.59 11.64 11.38
3.09 3.01 1.91 5.97 3.37 5.1 5.65 10.83 9.46 11.92 5.01 4.6 5.32 7.08 8.06 13.82 6.19 10.31 7.98 5.89 18.09 9.41 6.69 13.18 7.52 5.29 5.67 5.6 8.63 6.98 7.51 11.53 5.46 4.87 5.23 10.96 9.2 4.98 4.47 5.5 13.23 10.85 14.05 8.83 7.6 11.6 13.51 9.51 9.37 5.96 9.18 14.28 6.41 8.49 6.4 6.16 5.7 4.29 4.71 7.04 10.02 15.85 13.99 8.06
2.85 2.81 2.76 4.37 5.98 2.97 4.49 11.79 11.72 11.03 6.87 5.48 4.87 4.97 9.97 9.8 5.7 6.51 7.42 11.18 6.07 22.43 5.79 5.48 6.89 10.15 4.7 5.29 9.94 10.05 5.61 6.1 8.78 8.25 10.23 10.23 5.34 5.53 6.62 5.82 5.35 14.13 8.55 4.89 3.3 5.81 6.15 8.26 4.23 9.47 10.56 15.23 17.95 12.57 6.55 5.84 5.19 8.5 7.37 7.85 7.11 22.26 9.06 4.23
2.42 7.06 7.01 5.45 3.57 1.93 5.82 6.39 3.44 8.16 8.36 3.94 3.22 2.3 8.89 11.09 6.29 6.8 3.7 5.52 9.85 14.18 5.68 5.91 5.73 8.85 4.8 6.17 11.07 12.76 6.12 6.34 9.19 8.99 18.25 10.82 6.57 5.88 5.46 8.04 6.54 9.62 10.7 9.35 5.13 10.15 8.91 6.32 4.76 8.4 6.27 12.89 28.33 8.13 7.36 4.65 6.22 14.11 5.48 7.56 12.2 9.6 4.76 5.0
8.76 7.64 6.69 8.56 5.09 6.98 6.14 8.32 6.14 6.21 8.37 5.86 3.18 3.48 5.07 10.82 10.27 8.5 4.76 4.84 10.26 16.45 14.68 7.29 5.88 9.53 9.93 9.94 24.55 10.25 11.5 11.77 10.48 8.25 8.47 10.05 8.32 4.72 4.7 6.14 10.67 7.23 10.5 4.81 5.24 7.74 5.3 5.39 4.65 5.71 8.74 14.85 16.77 9.1 5.64 9.87 5.36 6.66 17.18 6.6 7.34 8.89 6.34 6.38
11.29 12.77 8.37 4.63 8.2 6.53 4.35 11.13 9.71 16.56 19.13 7.54 4.96 3.21 6.67 13.06 17.93 11.53 18.23 6.19 5.68 9.36 14.13 16.84 12.81 12.11 11.5 24.39 15.25 10.01 13.4 21.85 15.65 7.06 4.85 10.02 8.87 8.2 8.39 9.06 5.18 8.14 5.66 5.83 7.23 11.76 10.96 3.95 7.24 5.91 6.18 10.54 5.61 6.62 4.48 5.51 4.12 9.66 11.55 10.85 5.85 8.76 8.25 15.29
9.6 9.41 5.92 2.96 7.95 4.14 3.77 10.52 13.65 8.19 5.96 7.8 3.22 4.64 3.98 8.63 10.65 10.9 8.82 13.03 6.76 6.68 24.75 11.15 16.43 21.66 16.2 17.32 12.67 16.15 15.19 16.21 22.11 16.6 11.75 5.44 9.53 15.89 5.97 11.92 9.27 14.76 9.46 8.65 10.86 22.7 7.16 9.62 9.46 10.84 4.09 4.46 5.55 5.01 6.3 5.31 7.6 9.61 5.19 5.59 4.56 8.27 7.76 10.03
4.71 9.24 8.14 4.18 5.54 6.37 6.73 5.99 7.91 10.53 7.66 8.63 6.84 6.02 7.82 6.08 3.64 9.6 8.56 14.16 11.29 7.09 6.49 5.3 15.62 14.39 12.44 10.26 21.3 12.15 8.88 11.96 20.7 14.31 7.52 10.59 8.68 15.97 15.13 8.5 14.57 14.68 10.42 6.31 15.39 12.28 6.15 8.1 5.33 9.29 4.72 2.73 4.61 8.33 5.9 6.68 9.34 4.33 5.57 6.37 8.89 5.83 7.69 6.66
4.94 10.6 10.01 5.83 8.41 11.3 10.22 5.37 7.58 9.48 11.17 9.25 15.34 6.74 8.9 5.7 3.43 2.37 7.87 12.95 15.06 12.4 5.58 6.55 8.66 10.81 6.59 8.39 15.31 13.25 5.06 8.08 10.01 7.58 10.58 11.04 21.14 22.5 19.28 11.43 9.41 17.15 13.47 5.76 15.16 12.83 6.83 8.93 9.43 6.13 7.68 6.52 4.52 5.67 3.89 8.45 5.62 3.3 4.92 10.26 9.08 4.7 8.27 5.85
3.07 6.57 9.74 7.22 18.03 23.06 15.28 10.04 8.4 9.86 12.5 10.17 20.76 12.24 3.55 4.4 3.13 3.03 8.49 9.31 12.2 11.79 7.42 5.96 7.19 9.04 8.48 10.47 7.92 12.15 8.91 13.75 9.17 6.67 10.29 18.71 11.37 18.05 13.65 9.68 6.88 8.75 12.25 14.29 8.71 12.95 21.7 15.18 8.55 5.44 8.05 7.2 9.83 8.23 10.62 11.35 11.4 4.21 4.97 7.74 6.85 6.15 4.22 8.47
4.75 2.64 6.96 12.87 11.57 28.89 12.03 10.17 11.12 7.58 6.46 13.09 18.29 16.71 4.13 7.29 6.55 5.74 6.48 8.78 7.06 6.33 7.53 10.78 7.42 6.6 6.87 5.21 10.54 6.37 11.87 15.99 9.09 4.13 6.06 11.4 12.03 13.1 10.16 7.95 8.16 8.15 12.22 16.28 12.24 14.91 10.04 7.67 15.04 9.0 8.24 15.72 12.91 9.81 9.54 9.11 8.85 4.12 7.1 5.54 6.54 4.03 8.87 8.26
3.12 2.95 5.65 8.2 7.99 13.33 4.96 6.16 9.4 5.94 6.85 9.56 11.37 17.46 5.14 4.47 5.6 5.01 6.98 6.92 6.04 5.81 6.7 9.53 10.39 10.18 4.7 10.42 11.04 6.15 10.5 8.12 8.51 6.82 4.25 11.27 10.03 6.99 14.42 13.98 5.56 5.7 8.5 18.21 6.61 5.63 9.16 6.58 9.4 8.25 11.63 11.39 13.47 9.01 7.37 10.75 4.46 3.65 5.45 3.71 4.69 4.05 2.76 5.46
5.32 3.04 2.66 6.15 6.71 8.8 7.89 6.35 11.68 15.25 10.04 9.16 14.55 15.29 6.58 7.31 5.71 6.16 6.49 7.31 8.83 5.96 4.16 12.53 5.62 5.63 4.22 6.36 9.23 8.68 7.71 9.7 5.42 9.58 5.52 5.96 13.21 14.1 8.85 7.29 4.87 4.65 6.34 9.82 6.99 11.51 11.0 6.23 7.05 9.67 8.4 4.44 7.75 9.41 8.59 8.86 4.5 7.31 5.08 7.65 6.49 3.96 4.18 5.12
10.99 7.72 4.98 5.22 5.34 7.93 11.81 10.47 7.19 12.43 7.57 8.72 5.07 11.27 10.9 8.0 4.76 6.35 4.4 8.12 6.38 7.94 9.27 6.52 5.49 5.63 6.16 7.46 10.12 15.23 7.67 8.11 4.6 6.88 7.2 4.38 21.09 17.27 8.63 6.01 6.68 6.34 9.9 6.79 7.49 8.79 8.25 6.79 7.26 7.06 7.22 3.78 4.98 10.46 11.76 14.08 9.74 7.04 5.56 4.71 2.68 5.7 3.36 5.13
7.57 8.75 4.21 6.32 2.76 3.59 6.41 13.01 6.6 8.86 6.64 5.07 5.51 5.75 8.59 12.57 8.41 7.36 4.76 3.75 7.21 7.63 7.34 9.7 15.12 6.67 5.43 5.73 7.59 16.95 16.31 15.48 7.16 5.14 6.8 6.13 5.71 13.92 7.7 5.57 8.49 5.02 4.59 5.33 5.3 4.94 8.92 8.74 7.82 10.25 4.01 2.64 4.33 4.42 4.57 7.69 9.93 3.9 3.72 6.78 1.79 3.36 5.37 8.52
12.65 6.76 5.6 6.7 2.34 3.0 8.81 14.01 7.16 10.5 10.17 7.12 5.78 6.87 6.06 8.71 11.38 6.76 3.07 5.16 5.21 7.27 9.16 14.6 10.55 15.16 8.33 6.02 6.95 9.95 20.55 14.53 5.85 4.44 4.66 11.88 6.05 13.15 5.65 5.76 6.67 4.49 3.31 10.2 4.07 10.08 10.56 16.07 6.77 5.26 8.12 8.34 3.66 5.17 5.46 9.62 7.28 4.82 4.55 3.04 2.16 3.22 7.59 7.89
11.68 8.27 9.34 7.98 4.14 4.45 6.68 11.18 7.38 6.75 12.08 16.54 12.44 9.48 6.57 11.03 8.89 8.37 3.56 4.88 7.14 6.19 5.05 18.27 9.83 17.86 15.53 13.46 8.28 9.38 13.49 28.05 10.43 9.52 8.69 5.32 6.59 10.64 13.45 4.75 9.01 11.25 7.16 10.11 5.87 11.54 10.91 7.92 5.63 7.46 3.17 10.59 12.78 9.95 4.3 10.4 5.93 4.09 3.58 1.99 2.16 4.43 8.77 8.95
10.69 6.82 6.4 9.47 4.0 5.45 4.51 8.62 13.26 9.98 15.86 16.24 16.13 17.95 10.05 7.38 10.04 6.34 4.99 2.96 3.83 8.29 10.49 12.09 11.83 15.54 28.43 10.11 8.92 8.02 8.63 13.83 14.15 18.7 12.48 6.84 13.68 25.5 17.32 11.86 10.75 10.08 5.5 4.21 7.73 6.8 3.86 5.62 8.53 6.26 2.93 7.2 9.26 17.55 9.27 5.49 4.96 4.19 4.6 3.23 2.05 4.51 4.39 8.37
6.38 5.71 5.73 3.11 3.84 2.84 2.93 6.49 10.58 10.18 12.18 6.61 9.62 17.61 6.58 5.56 8.58 6.13 4.69 3.31 3.27 7.66 5.37 6.81 9.08 7.86 23.39 16.24 8.33 8.21 9.04 13.4 23.86 31.47 15.74 22.59 22.04 26.49 13.12 24.8 11.85 16.91 8.29 7.51 6.46 6.5 4.3 2.14 7.42 8.91 2.44 3.04 8.14 10.02 8.67 9.03 9.05 7.9 4.19 5.21 3.13 3.59 2.0 4.93
5.94 2.92 6.17 3.33 2.46 2.2 6.89 6.04 15.08 14.29 8.37 8.05 5.27 7.02 7.92 5.5 8.07 12.63 4.99 5.97 4.61 7.69 6.14 4.82 8.14 15.44 13.47 22.71 12.66 15.2 11.46 13.71 16.5 23.95 28.66 21.54 13.74 22.6 9.86 14.89 8.21 11.47 10.05 6.94 7.11 7.95 3.14 4.65 3.78 4.98 3.44 3.44 4.45 6.17 7.91 11.75 13.64 10.63 7.42 4.8 2.81 4.27 5.02 5.03
4.26 4.86 5.88 5.2 3.04 2.91 7.44 9.78 6.46 13.6 7.68 10.2 11.45 9.15 10.73 4.87 5.38 5.56 9.0 8.11 6.35 5.98 6.19 6.79 12.15 11.55 11.62 19.98 15.88 12.12 9.61 8.79 17.68 25.13 23.06 13.7 11.03 6.31 11.53 13.32 9.25 10.69 12.28 7.43 11.0 5.12 3.01 4.6 3.25 6.43 3.6 4.16 10.57 7.68 5.11 12.17 21.76 11.97 6.78 6.04 3.59 5.75 4.64 8.28
5.31 4.0 2.93 3.36 2.7 2.53 8.92 5.01 5.84 22.06 7.29 4.21 10.0 5.39 4.4 4.41 4.1 4.38 15.21 13.84 9.15 6.35 4.97 5.82 11.6 8.09 13.74 8.66 14.62 18.43 7.01 13.3 17.1 24.67 26.34 8.53 6.83 10.04 6.26 18.24 14.67 11.2 10.02 16.3 13.01 5.98 5.21 4.63 3.91 4.02 6.67 9.02 5.54 4.33 6.31 8.92 14.34 6.62 9.19 10.71 4.55 3.45 5.1 6.67
8.02 3.1 3.74 1.74 4.45 5.34 6.67 7.92 8.82 9.98 7.29 3.01 5.57 9.57 5.0 6.93 4.95 2.92 5.56 7.94 11.84 10.29 8.54 5.76 7.32 16.8 8.09 12.4 10.98 6.34 7.09 12.61 20.6 13.54 13.82 13.28 6.09 4.09 5.72 12.0 20.96 10.33 9.5 13.99 6.84 4.86 7.11 4.25 5.65 4.83 10.12 11.91 6.35 10.63 8.32 9.89 11.36 9.22 11.89 8.11 4.94 7.41 4.99 4.04
7.41 2.91 2.34 3.69 7.69 10.14 6.38 5.19 11.95 7.08 7.11 5.17 7.31 12.98 5.93 7.29 4.39 2.7 6.84 7.95 12.8 11.52 7.13 3.82 2.84 8.01 7.25 4.8 4.01 5.36 8.05 10.49 22.62 11.83 9.13 6.64 5.28 4.27 13.85 4.24 16.3 6.05 4.46 6.86 3.87 5.72 10.88 8.17 9.98 6.76 7.49 7.22 11.56 11.18 9.12 3.99 3.77 8.9 14.34 8.67 7.8 10.31 10.8 7.95
2.37 4.75 3.24 6.51 4.82 8.72 11.86 11.01 14.89 11.27 12.59 8.21 7.16 6.71 7.52 5.41 5.47 2.9 4.42 13.56 16.45 13.57 10.99 3.34 3.78 2.99 6.79 2.54 4.3 6.04 9.89 7.16 12.28 13.97 5.27 6.53 8.6 6.35 5.2 4.22 2.4 2.54 2.82 4.01 4.65 5.42 9.91 7.75 7.63 11.24 8.36 9.31 8.26 6.64 4.35 2.11 4.97 10.0 10.94 10.94 7.14 4.78 9.23 5.36
3.1 5.3 6.73 5.01 7.48 9.83 12.7 11.73 18.29 13.75 14.64 15.65 11.44 8.95 6.48 4.73 5.23 3.85 7.18 10.81 7.27 6.15 4.06 3.81 2.04 2.18 5.07 3.25 3.59 6.14 7.41 8.01 14.12 17.93 15.9 8.16 10.51 15.68 7.17 5.47 2.69 3.96 3.69 3.28 8.99 7.56 9.48 8.16 6.22 5.04 8.33 11.27 8.91 4.64 5.28 5.84 3.28 10.13 7.1 9.06 4.7 4.03 9.22 6.69
2.36 4.13 7.04 4.37 4.57 13.39 13.14 9.01 17.39 15.61 16.73 14.39 8.16 12.56 6.87 3.57 3.45 5.46 6.97 7.4 5.45 2.78 6.79 7.48 5.24 2.66 5.23 4.5 3.0 3.92 5.36 6.58 15.65 28.94 17.48 11.63 19.03 13.21 13.15 8.48 6.1 2.5 5.45 8.75 8.69 12.67 15.08 5.64 4.32 2.79 12.98 5.08 6.78 4.54 3.58 2.88 5.36 4.75 9.28 11.52 4.13 4.77 3.32 4.93
3.41 3.57 4.5 3.55 2.53 5.85 11.5 13.43 23.12 25.87 16.85 10.0 20.41 13.49 8.38 8.2 8.25 8.19 8.81 10.7 8.53 5.27 5.47 3.87 3.77 2.27 7.79 4.09 4.73 5.12 8.46 4.91 20.37 23.68 28.43 10.12 10.43 16.88 9.04 6.62 12.68 5.81 3.87 6.97 11.67 9.43 7.56 5.89 4.72 6.04 5.38 5.73 3.13 5.1 3.61 5.25 10.14 11.29 8.16 6.1 7.03 3.56 6.86 7.87
3.44 2.68 3.93 3.7 2.14 3.21 11.15 15.76 18.65 28.25 10.05 10.12 7.04 6.49 15.96 8.76 18.73 16.35 8.18 8.47 10.18 5.15 3.17 3.62 3.23 4.46 5.03 8.1 4.65 6.29 6.66 8.69 8.12 16.24 19.47 10.16 12.77 15.42 7.96 18.84 26.6 8.97 6.77 10.37 14.5 11.86 8.61 6.38 8.89 6.34 5.87 5.75 3.47 4.69 5.21 5.39 8.69 11.33 4.61 4.36 5.65 8.02 9.75 6.44
4.3 4.39 5.32 5.36 4.21 4.11 3.92 9.6 13.61 21.95 12.3 5.95 8.83 6.28 4.79 5.36 11.62 5.24 7.88 9.78 8.23 5.26 3.09 3.4 7.09 5.97 6.13 11.58 4.35 7.16 3.88 7.59 3.59 15.15 17.47 9.46 12.11 13.35 11.01 8.23 11.4 11.82 6.49 6.5 9.3 7.15 9.85 7.98 5.3 10.1 8.15 4.72 3.69 2.38 5.4 4.33 8.7 10.24 3.98 2.76 6.03 12.27 12.06 12.25
5.21 2.75 4.07 5.22 6.57 4.32 4.73 10.43 9.06 22.84 19.37 8.56 5.41 3.98 4.09 3.86 3.41 4.97 4.97 7.6 8.14 3.52 4.41 3.4 6.32 3.56 4.66 4.37 4.75 6.91 10.25 4.66 8.53 7.07 11.25 7.0 6.5 8.78 5.91 5.29 9.27 5.53 9.22 6.75 4.71 8.51 7.57 6.92 5.92 9.32 8.28 7.73 3.93 2.72 6.66 5.58 12.0 22.03 7.13 3.33 11.39 14.32 12.58 12.46
7.69 3.9 5.34 2.94 7.06 8.51 10.01 8.05 6.38 5.26 11.99 8.06 7.44 7.18 6.89 4.01 3.95 4.46 2.97 7.02 8.5 7.89 4.64 2.81 4.48 4.99 2.91 8.53 8.85 8.71 14.59 6.98 5.32 6.52 5.56 6.43 6.07 6.7 3.56 2.26 6.45 9.04 5.24 5.36 8.75 8.95 3.97 5.94 6.25 10.39 9.59 8.94 11.17 5.93 11.59 15.22 16.28 13.46 10.6 5.4 8.97 5.86 9.28 11.99
5.36 7.97 6.27 7.12 8.37 8.07 10.18 4.02 4.82 4.38 8.47 16.12 13.26 11.05 12.36 3.96 4.82 5.91 2.94 6.33 4.28 5.54 2.81 4.21 4.07 6.55 6.06 7.27 7.11 12.07 7.58 5.22 8.45 5.46 5.06 8.33 7.58 4.3 3.04 3.48 3.46 4.14 2.72 8.34 10.63 2.78 3.8 6.52 6.24 9.67 10.73 19.4 23.87 10.71 14.85 12.52 13.44 8.18 9.65 7.15 10.12 9.24 7.6 10.95
7.58 10.35 6.52 5.47 4.59 4.94 2.94 1.48 3.81 5.94 4.06 5.19 6.22 4.61 4.22 5.83 5.36 3.47 3.36 4.27 9.44 6.26 3.05 4.45 5.04 3.96 4.31 5.9 10.31 8.39 9.12 4.02 2.83 3.54 6.68 11.91 9.38 3.64 4.14 4.27 3.78 4.77 6.24 9.36 13.77 2.88 3.37 3.54 5.17 11.32 13.97 9.47 10.44 9.94 10.19 10.07 9.44 9.88 5.25 7.16 4.74 13.85 8.16 7.54
14.18 6.18 4.15 7.36 10.02 5.4 3.44 2.39 2.15 2.64 5.76 6.81 5.3 4.48 5.54 10.56 4.42 4.62 5.5 4.45 5.84 4.06 3.34 3.73 6.45 7.03 11.83 7.01 10.57 6.26 6.21 4.35 3.56 4.93 8.68 16.79 5.87 4.53 3.13 4.15 9.28 7.3 8.84 12.45 4.5 2.33 2.38 2.42 3.68 5.44 13.0 7.52 4.14 8.61 11.4 11.83 6.07 6.24 5.77 3.87 11.42 16.05 9.29 8.99
8.56 3.29 7.37 7.91 8.03 7.82 3.37 2.93 2.83 3.84 7.54 10.76 10.4 8.8 11.27 11.38 9.37 6.48 7.33 3.47 3.4 2.87 5.0 7.1 11.67 9.68 9.05 12.12 6.93 4.27 7.51 4.95 4.43 4.26 6.33 11.62 6.9 7.68 7.75 12.03 7.2 9.73 8.72 7.26 3.58 2.82 2.74 1.18 3.99 6.26 9.9 4.63 5.62 7.94 7.7 6.11 5.51 5.33 8.6 9.42 12.47 10.19 10.42 12.5
7.11 3.56 2.7 3.65 8.07 4.59 5.17 2.75 3.3 5.97 5.74 9.16 9.91 14.09 11.03 11.69 6.5 4.73 9.64 4.43 2.56 5.1 7.9 7.06 9.18 4.48 9.1 9.07 4.1 7.65 17.15 7.64 9.09 4.72 8.51 6.95 10.76 6.74 10.72 9.71 17.26 7.93 8.89 3.84 2.98 2.87 3.13 2.05 2.73 5.7 5.63 3.37 2.65 4.06 10.12 6.23 1.99 6.46 8.32 9.59 8.8 6.99 8.35 9.41
8.03 4.39 3.19 3.87 5.07 4.65 5.6 4.55 6.34 9.6 12.95 14.41 9.76 6.61 15.83 9.04 7.71 6.73 7.98 4.72 7.53 3.94 5.88 4.53 8.79 4.89 4.19 6.48 6.04 8.83 22.17 16.82 7.12 7.37 3.91 3.68 6.49 6.02 11.42 12.76 20.42 13.14 13.01 2.07 2.25 3.8 3.4 2.54 3.62 5.7 3.4 3.73 3.59 9.4 7.57 5.78 2.77 7.34 4.94 6.12 11.74 10.45 7.26 7.04
6.38 10.17 6.82 5.36 4.43 7.75 6.28 14.25 12.79 12.74 19.22 10.51 9.56 10.12 18.6 18.58 13.55 10.21 19.14 5.73 6.32 7.97 13.79 6.68 5.69 7.57 5.08 6.21 4.98 9.87 23.31 9.41 10.41 11.58 3.39 5.72 9.39 8.28 9.85 18.37 16.27 12.55 7.8 4.26 1.53 1.44 2.3 3.46 3.47 4.28 6.2 3.0 7.98 4.69 4.87 7.64 4.12 4.88 12.75 4.9 15.87 12.75 9.52 11.73
6.45 7.15 7.91 9.89 5.89 4.43 9.03 14.27 29.17 17.1 16.47 11.17 11.66 13.05 21.82 13.27 9.37 20.61 19.55 9.09 13.45 17.66 33.39 24.91 7.72 5.04 3.58 3.56 12.73 10.44 18.23 18.37 15.84 9.49 6.79 6.36 13.94 8.71 14.59 9.43 7.71 6.74 5.81 5.83 1.72 2.34 3.49 2.89 3.65 4.19 9.11 3.19 3.97 5.36 5.36 4.33 5.89 3.55 10.31 9.42 14.05 16.11 19.07 15.83
9.36 7.3 3.31 4.5 5.95 5.38 9.5 7.34 17.74 5.06 6.17 5.45 8.86 11.4 24.52 12.59 12.26 11.72 18.83 15.95 14.2 13.93 23.13 13.22 6.16 2.62 3.58 3.56 4.26 7.92 16.35 16.19 8.2 10.65 13.87 5.96 18.32 10.34 14.37 7.97 6.58 5.48 7.79 3.92 5.93 3.61 3.64 2.78 2.97 6.68 11.51 6.92 3.93 10.02 11.84 7.31 6.68 5.95 13.32 10.23 8.3 14.64 21.74 12.05
9.47 6.06 3.19 4.7 3.32 4.95 5.0 8.37 6.12 5.35 3.93 6.49 11.2 12.25 18.19 17.69 12.14 15.3 13.76 14.77 11.39 14.64 21.38 8.85 4.72 4.62 3.71 2.68 3.63 3.82 7.31 9.77 12.0 9.87 6.09 9.41 11.14 15.38 6.12 6.87 7.64 5.23 4.96 3.66 4.09 6.83 6.23 3.36 4.55 10.32 6.77 4.42 5.05 5.65 6.37 2.57 6.56 9.86 7.07 4.84 7.4 7.71 17.53 11.73
11.33 9.18 7.86 2.62 2.94 3.89 4.01 6.27 6.86 6.7 4.45 4.73 8.67 11.34 15.65 19.01 15.37 17.27 13.24 17.53 10.82 22.01 15.1 11.87 5.3 4.54 3.7 4.27 3.47 5.02 6.36 4.78 9.31 15.28 6.91 6.62 18.61 21.38 7.54 7.06 10.25 14.28 6.91 3.62 6.26 5.19 4.47 5.4 11.21 4.68 10.65 8.64 6.21 2.81 4.16 3.88 4.99 12.3 8.03 9.47 6.55 5.26 8.6 10.35
9.11 12.97 9.5 5.17 7.43 2.83 2.82 2.18 2.91 4.51 4.11 5.62 8.67 8.61 11.83 9.91 8.9 16.54 14.9 12.72 12.24 10.73 10.96 6.19 11.78 4.85 3.79 6.64 5.42 5.2 4.34 7.17 14.8 16.78 10.72 10.74 27.36 18.04 13.66 19.08 30.22 22.78 16.16 8.75 9.79 11.84 10.19 9.51 16.66 6.42 6.85 9.86 4.71 3.7 9.23 6.59 12.75 18.1 13.01 12.37 8.67 11.0 5.2 9.55
9.49 9.18 11.3 8.76 5.73 9.1 1.87 1.7 4.31 5.14 4.49 9.35 9.17 7.1 6.46 9.67 13.67 11.94 8.88 11.03 5.77 8.24 8.51 15.62 11.09 5.38 5.02 6.67 5.47 4.2 4.93 5.53 7.69 11.45 7.98 12.65 19.88 22.56 31.65 20.02 16.02 23.8 12.93 6.66 17.22 15.32 10.11 12.22 14.09 13.98 10.17 12.9 7.51 7.13 9.39 6.86 10.79 7.87 17.49 13.38 13.79 9.1 12.19 10.41
5.83 8.34 7.86 12.0 5.24 6.1 4.99 4.15 2.47 5.55 5.11 19.11 13.06 6.11 5.23 10.9 11.75 12.89 9.1 4.22 4.77 8.06 3.79 6.95 6.01 5.18 4.24 8.25 5.24 4.31 4.34 5.65 10.29 7.67 9.3 20.83 18.28 12.48 18.64 14.62 7.0 9.4 6.26 10.35 12.64 10.84 7.32 7.09 11.95 12.2 11.14 12.62 8.81 7.54 13.32 11.14 8.37 16.97 16.2 9.93 14.31 8.85 6.33 6.01
6.36 5.76 6.26 6.99 3.88 6.33 3.98 3.23 4.55 6.2 6.1 14.26 13.66 12.02 5.22 8.91 12.47 24.2 10.42 5.04 10.32 6.36 6.9 6.13 5.56 13.23 6.78 6.48 8.07 2.44 3.57 12.63 5.55 11.36 18.63 11.59 7.39 8.18 17.48 11.35 8.73 5.73 8.02 6.77 14.29 14.74 5.99 8.42 6.14 9.12 10.73 13.25 17.12 14.19 13.66 16.79 8.59 10.25 11.7 20.6 11.15 11.2 9.36 11.85
6.58 6.65 5.16 5.35 5.89 7.44 4.64 4.0 4.7 5.78 7.76 10.16 11.09 15.81 10.41 15.24 9.33 8.99 10.36 8.95 8.91 9.98 6.01 8.74 5.88 8.01 9.03 6.18 14.95 6.12 4.94 11.26 8.97 8.86 9.22 20.94 7.96 7.46 13.26 15.5 10.45 9.71 8.03 7.41 6.18 15.93 8.69 5.78 5.09 10.67 11.52 15.98 18.13 22.14 16.58 45.52 25.58 19.54 32.56 16.11 32.21 19.33 5.61 8.64
3.26 4.97 3.39 5.22 5.45 5.27 5.0 3.69 4.27 5.48 3.96 5.4 5.66 9.58 8.69 11.81 8.07 12.22 14.26 10.2 13.53 15.44 7.05 7.11 4.46 5.67 7.62 9.05 10.18 8.27 7.08 19.41 10.91 8.31 21.91 12.78 6.21 10.44 6.03 9.67 14.13 24.71 16.24 11.59 6.72 13.25 13.51 4.95 4.52 5.21 5.56 9.48 9.1 10.96 12.07 25.16 35.82 21.64 13.16 19.92 38.53 21.6 13.82 5.31
2.48 4.27 4.4 11.29 7.01 3.43 4.47 4.02 2.25 1.96 3.92 5.14 3.33 5.49 16.43 11.84 10.6 12.17 19.04 10.23 10.28 11.29 10.74 5.11 6.21 7.01 10.08 19.09 12.42 13.24 9.96 10.5 16.95 9.63 6.09 14.34 7.72 7.1 7.89 14.51 15.25 13.03 19.31 10.57 8.43 7.4 6.24 6.09 4.65 3.75 5.48 10.81 13.24 25.27 27.22 24.62 22.16 34.4 14.04 13.09 12.57 16.51 17.0 10.62
3.02 4.86 5.74 7.05 7.17 5.01 3.42 2.8 1.79 2.52 3.98 6.18 4.25 5.02 13.44 10.66 8.3 9.04 13.04 5.14 6.51 9.58 6.78 4.7 7.03 8.38 9.29 11.55 12.35 6.91 9.08 13.04 10.69 17.11 8.35 10.16 7.85 7.67 19.15 24.51 9.25 15.59 12.98 15.76 5.1 6.49 15.48 6.93 8.13 8.88 6.86 14.23 17.81 34.71 36.75 22.28 19.2 31.5 16.92 16.97 11.93 15.44 30.67 35.17
6.93 5.48 4.46 5.46 7.11 4.27 3.48 4.3 4.03 3.51 6.92 10.9 3.3 3.61 6.83 8.49 4.71 6.47 4.33 6.18 4.77 11.0 5.84 7.61 7.92 10.96 11.24 6.09 5.11 8.52 8.51 11.94 15.39 13.34 7.46 5.3 6.24 10.44 38.32 26.11 6.95 14.59 5.72 6.66 5.88 5.52 13.13 20.97 8.95 9.81 8.96 17.5 12.54 20.74 13.38 16.8 22.37 21.56 25.22 17.07 10.84 14.68 12.82 19.19
7.91 9.4 6.53 6.28 4.98 5.91 4.98 4.51 5.15 8.56 9.46 7.26 7.64 2.89 9.13 4.67 4.85 5.46 4.35 2.21 4.18 4.09 3.14 5.24 5.53 8.61 7.28 12.5 6.71 9.34 8.17 13.16 16.13 15.23 8.63 5.83 7.64 11.24 14.91 9.63 6.01 7.81 8.5 4.05 6.16 9.11 10.94 13.09 12.09 7.24 9.35 9.19 10.95 13.05 11.55 14.24 18.6 18.06 17.28 28.05 12.8 7.74 17.98 23.29
4.39 7.48 8.55 3.93 4.6 2.74 1.93 3.09 11.7 11.28 10.62 8.99 9.38 6.04 5.12 2.3 3.62 4.53 8.48 6.03 2.66 2.72 11.12 4.84 5.61 9.12 5.95 7.98 6.75 8.22 3.63 5.58 13.46 12.1 13.56 10.19 18.52 12.95 11.35 9.7 5.22 3.81 7.12 6.79 6.2 5.18 3.71 11.91 8.79 6.03 7.86 7.25 10.69 5.5 6.65 8.53 5.1 8.49 21.32 33.18 17.82 11.8 15.57 14.24
3.2 6.16 4.94 4.04 7.39 2.69 3.68 7.53 13.7 18.12 9.5 7.22 10.6 7.8 2.91 4.59 2.7 8.4 8.19 9.52 6.05 4.93 3.56 6.88 7.55 5.25 6.12 5.4 5.83 5.33 3.54 3.42 5.48 13.25 19.46 26.46 13.61 9.46 6.19 5.66 3.7 3.59 6.79 6.03 6.96 3.15 2.87 3.18 5.6 11.83 7.83 5.54 5.97 4.68 7.23 4.55 5.94 14.79 18.65 16.29 14.78 13.56 10.19 10.33
2.12 3.79 3.63 4.97 8.21 8.33 6.34 11.38 7.46 7.3 6.89 8.42 5.68 7.4 3.07 4.78 4.3 3.77 7.12 15.04 6.13 6.22 4.81 5.61 4.79 5.5 6.36 3.8 5.56 3.42 3.41 4.07 3.79 11.45 25.09 18.78 25.21 8.27 6.16 15.96 6.5 6.49 8.43 5.21 4.74 4.78 2.25 2.88 5.83 5.41 5.79 5.98 6.74 6.8 5.29 10.31 12.28 10.17 11.42 7.05 7.12 13.15 9.71 11.1
2.35 5.01 7.34 3.27 5.4 7.75 5.15 4.75 5.42 4.58 5.4 4.55 7.6 8.41 3.84 3.66 4.35 4.02 3.98 8.76 11.93 11.08 7.27 6.37 13.85 7.46 7.64 10.26 8.68 8.28 3.22 3.12 5.27 5.7 13.92 18.33 19.94 7.53 9.67 9.67 6.62 8.53 6.12 3.94 2.91 3.87 2.71 3.53 4.14 7.73 7.02 8.64 9.28 6.49 6.09 8.45 12.4 6.74 6.56 6.91 4.84 9.45 10.85 17.77
