18.94 25.48 33.22 26.28 15.44 22.04 6.75 13.08 13.64 14.08 11.63 5.47 5.88 8.51 10.14 12.91 18.72 13.99 6.84 4.6 9.74 11.8 13.47 10.19 3.99 7.98 7.51 6.05 8.09 16.14 10.63 10.42 25.33 14.23 12.3 16.07 20.12 14.6 20.93 34.37 39.77 19.33 13.19 14.56 4.48 5.87 3.42 8.96 14.29 6.65 10.67 9.47 9.78 11.69 6.99 8.06 7.41 12.54 11.87 9.69 18.08 8.49 10.08 7.93
20.42 29.38 16.85 11.31 9.25 10.8 8.59 10.39 8.69 8.3 15.89 9.92 8.24 13.35 7.85 6.85 8.65 7.24 5.79 3.93 9.62 12.72 8.2 8.6 4.54 11.19 9.42 14.74 13.24 15.36 10.51 14.1 18.26 16.75 10.65 17.8 15.04 17.56 8.04 9.6 6.3 8.4 8.77 10.16 3.89 4.97 6.4 7.89 7.31 5.82 6.05 6.04 10.28 9.26 8.72 13.28 8.17 7.16 16.32 10.67 8.67 12.66 12.13 5.13
13.96 14.49 19.89 12.01 5.91 4.78 6.53 5.08 4.27 8.7 13.77 12.01 17.86 11.85 7.95 11.18 6.55 12.57 11.88 7.72 8.06 9.88 10.51 7.73 8.23 11.25 7.71 11.72 16.19 16.35 17.03 9.86 10.51 14.46 13.34 9.63 10.58 10.29 8.65 18.73 15.25 10.55 7.1 6.73 5.75 4.59 14.19 7.91 8.88 6.01 3.75 5.07 10.44 11.99 16.72 15.26 9.17 7.98 11.02 11.75 12.77 20.25 11.66 2.9
23.22 19.27 17.45 6.39 4.67 4.05 10.25 5.06 5.13 6.02 6.64 19.83 19.84 24.35 34.32 7.96 4.25 8.12 11.49 8.17 8.12 7.65 5.48 6.8 14.3 15.1 14.19 17.17 11.69 6.88 11.57 9.47 16.53 14.92 16.31 9.64 18.47 13.26 16.11 22.08 18.46 19.63 13.16 5.36 8.81 6.96 12.61 7.1 10.69 5.32 4.18 5.74 9.94 13.66 13.64 9.09 4.74 8.27 16.85 11.49 14.46 11.75 7.55 6.14
20.47 15.04 17.06 10.61 2.79 2.66 3.36 5.51 7.46 11.19 3.84 11.66 6.32 15.91 37.16 12.51 7.08 3.08 3.64 7.45 8.56 8.33 6.45 9.21 7.94 21.65 14.55 11.68 4.65 3.87 7.28 6.72 12.66 15.48 8.86 22.22 12.93 12.0 14.96 23.5 16.06 11.88 7.52 10.24 7.66 19.66 11.38 11.02 15.45 7.29 4.27 6.91 8.57 9.46 8.74 7.46 5.2 5.69 6.39 7.09 14.61 17.41 7.85 6.39
10.02 13.87 10.49 6.99 4.13 3.16 5.5 8.63 7.93 11.73 10.15 13.45 4.39 8.02 20.26 6.2 7.66 3.54 3.54 7.58 10.35 11.57 3.9 6.44 5.57 17.71 33.56 8.9 10.04 7.59 7.73 14.58 13.86 16.28 9.43 11.2 11.1 8.32 17.03 10.94 11.09 16.49 11.03 10.77 11.72 9.91 6.33 7.23 12.45 8.2 14.49 7.15 6.26 6.82 12.51 12.04 6.08 3.84 3.93 4.5 10.37 11.29 6.08 7.64
19.05 12.39 5.23 5.64 4.79 4.45 6.01 11.3 10.56 8.49 17.04 13.77 8.73 5.59 6.3 8.85 6.17 6.38 5.3 6.61 7.65 8.61 6.53 6.46 5.36 5.45 10.96 14.5 15.14 8.81 10.91 13.12 12.59 15.41 6.99 4.81 15.6 11.24 7.77 14.03 15.16 14.6 9.56 5.86 8.82 4.99 5.28 3.61 4.98 7.41 14.48 14.08 9.62 6.52 6.74 12.21 5.67 4.04 5.05 9.42 17.08 15.39 6.97 6.17
9.19 6.78 4.69 5.19 5.44 4.17 6.21 14.38 7.67 14.5 23.97 13.76 5.89 7.32 3.73 4.47 7.43 15.91 10.73 9.23 6.94 5.8 7.01 7.25 5.44 6.94 7.29 6.0 12.38 10.8 10.11 8.26 7.07 8.59 12.67 9.44 15.06 7.82 9.97 19.2 17.62 17.85 13.89 11.53 15.13 4.33 10.25 6.73 2.67 5.59 9.95 13.35 5.13 6.01 10.26 7.09 6.39 4.48 6.47 12.93 10.68 14.91 16.12 10.66
13.38 5.97 3.86 6.81 8.58 5.03 3.3 11.89 17.51 21.26 11.16 5.79 4.51 4.7 3.89 4.34 13.93 15.29 15.76 8.84 7.77 6.28 11.36 10.38 5.91 2.22 2.44 6.46 9.76 9.31 7.11 5.99 4.81 5.89 7.92 15.67 12.04 8.55 17.16 10.77 29.87 26.52 11.14 17.24 8.47 9.34 11.98 6.14 3.9 3.17 5.66 6.23 7.12 8.2 7.49 6.33 7.2 11.19 10.0 7.3 11.35 19.77 12.95 9.85
11.31 10.08 4.38 6.65 4.45 2.96 10.87 11.62 12.16 18.38 7.95 6.2 6.31 3.86 3.3 6.12 15.33 11.98 22.31 16.93 9.63 8.71 9.73 9.83 12.36 6.42 3.83 2.39 2.71 9.54 10.72 6.16 4.38 5.16 8.48 4.94 6.75 7.55 15.46 16.39 15.72 12.64 11.27 25.15 9.85 8.91 21.53 9.66 6.41 4.97 4.62 4.73 8.12 7.49 5.26 7.54 7.84 10.15 12.13 12.87 6.32 6.64 9.48 13.35
14.24 7.86 2.1 2.71 3.45 7.2 14.45 12.06 21.3 26.53 9.44 9.25 11.01 12.91 6.65 9.31 17.15 18.56 18.21 23.02 15.26 14.03 9.28 22.31 6.72 7.01 3.83 2.74 4.42 5.34 7.14 11.31 11.36 5.54 4.42 4.64 10.68 12.74 12.22 22.3 29.39 23.43 11.52 7.35 12.19 12.59 10.98 12.69 8.82 10.32 8.05 4.87 12.07 13.96 9.49 7.78 3.24 13.06 19.93 11.79 12.31 8.36 12.97 18.43
6.59 6.87 3.68 1.16 2.62 8.06 9.31 23.05 28.3 19.87 12.05 10.93 8.45 5.23 11.26 10.64 15.85 18.03 16.97 22.17 20.91 11.85 23.23 18.15 8.19 9.96 10.88 3.09 3.25 2.68 6.56 8.22 11.43 9.21 4.91 2.62 9.67 9.91 17.17 30.41 25.23 17.44 9.57 7.24 13.3 13.96 10.96 14.16 14.2 13.64 8.38 6.05 7.36 7.36 6.55 4.74 5.37 16.33 14.62 22.82 25.61 10.22 14.07 13.86
6.13 3.65 3.23 2.91 9.2 10.43 10.5 12.85 12.46 13.32 18.92 12.11 8.56 6.43 8.42 3.3 7.6 23.94 10.13 8.68 13.9 7.98 22.58 8.84 8.32 8.34 4.32 4.86 3.4 4.18 4.8 6.66 9.16 8.88 4.27 3.78 14.62 9.33 5.56 11.52 22.2 21.29 9.83 11.16 8.3 8.72 8.16 9.64 21.79 14.0 7.27 6.11 3.98 6.43 7.75 7.01 7.15 14.28 15.86 21.65 18.0 15.95 11.96 10.4
6.09 8.6 7.41 5.25 9.9 11.36 11.57 6.19 9.18 10.89 5.6 10.1 5.43 3.97 5.79 4.2 3.54 5.83 5.47 7.01 11.79 16.9 16.85 9.07 9.98 7.83 7.01 7.14 2.14 5.01 5.78 6.16 7.89 6.3 7.38 7.03 7.33 11.08 8.59 13.16 8.85 10.94 19.59 10.55 6.65 7.27 11.59 9.09 11.82 9.74 5.95 9.48 11.05 7.42 6.11 4.64 11.22 10.49 10.35 12.66 7.39 21.4 9.87 14.24
6.21 5.2 8.15 8.58 10.05 8.48 8.22 6.19 7.96 8.99 6.5 9.87 4.61 2.72 4.89 7.42 3.65 4.82 4.68 6.02 10.28 38.08 16.83 22.1 9.67 3.75 4.19 4.03 3.75 4.17 6.64 4.03 4.62 10.0 8.09 4.58 5.0 6.27 7.01 7.01 7.11 11.4 12.43 8.35 7.85 14.69 9.19 15.46 10.05 14.08 15.1 6.72 16.09 10.92 7.76 16.89 7.36 10.47 12.73 19.15 10.21 16.26 14.14 8.78
4.37 7.18 12.41 9.43 9.71 13.07 8.36 11.13 9.84 6.13 10.19 4.64 2.65 2.75 4.08 4.89 8.34 5.38 3.39 3.94 11.74 19.04 31.38 21.28 8.85 6.85 7.86 3.32 2.58 5.28 5.58 5.15 4.48 3.01 6.19 7.6 5.72 3.79 9.76 9.27 3.98 9.33 13.16 19.56 15.3 10.93 10.77 19.22 13.1 21.12 18.77 11.18 13.97 8.95 8.81 11.5 8.85 18.49 19.75 19.91 13.14 10.0 18.89 7.32
4.66 8.86 11.75 8.78 13.32 6.0 7.31 8.99 10.45 11.9 6.47 6.41 2.42 1.98 3.37 3.28 5.65 4.22 2.91 3.81 11.22 7.82 17.45 17.14 12.79 5.1 4.81 6.29 4.79 6.92 3.86 2.79 3.0 3.45 4.86 6.23 4.24 2.41 7.08 5.07 4.42 6.91 5.35 7.27 12.82 12.69 14.82 9.66 13.44 8.59 14.05 27.27 12.15 4.03 6.4 8.51 10.2 19.13 19.37 8.25 9.0 12.87 11.13 5.67
8.13 3.55 7.41 8.21 7.64 4.32 8.24 15.54 9.89 7.13 7.0 5.76 2.42 2.7 2.53 3.07 4.7 5.8 3.93 5.71 7.45 9.97 9.23 6.04 9.07 6.99 6.6 9.9 3.34 4.72 3.37 4.41 2.27 2.0 3.1 6.32 6.3 4.82 6.04 10.66 6.43 3.61 4.56 9.12 9.25 6.23 7.39 8.18 13.58 12.76 16.61 15.82 5.82 3.55 5.85 9.33 5.84 9.53 10.68 7.61 8.52 11.32 8.88 7.41
8.51 6.09 4.37 10.49 6.46 7.7 8.24 10.82 7.08 13.78 10.71 3.74 2.08 3.97 3.22 9.77 6.8 5.87 8.48 11.81 8.13 11.91 4.69 4.59 12.89 8.3 6.04 8.36 5.94 3.69 3.71 4.14 2.68 3.14 3.46 2.52 7.39 9.13 5.18 6.63 3.93 6.87 5.24 5.16 3.24 5.93 7.01 11.94 22.35 14.36 11.17 12.04 7.75 5.39 3.38 11.68 4.24 4.77 7.12 4.42 11.39 12.81 3.85 4.69
3.24 6.43 5.18 7.97 6.6 6.46 8.61 8.91 5.17 2.73 4.73 2.03 4.95 6.11 3.96 10.52 10.16 7.99 25.85 5.29 7.14 4.59 2.07 2.2 4.59 10.37 6.14 5.91 4.66 1.8 3.51 2.71 3.63 2.14 3.2 3.51 8.67 5.19 5.92 7.72 7.02 5.53 3.68 5.37 10.15 6.2 4.11 6.73 7.43 10.31 12.95 6.99 6.49 6.27 11.02 8.51 8.33 3.56 6.16 5.71 9.47 5.05 6.06 5.33
6.56 13.0 5.04 3.27 10.42 8.66 9.98 4.89 2.64 5.56 4.48 3.94 3.9 4.84 10.73 8.02 7.15 9.56 11.39 4.15 7.71 2.56 2.48 4.45 5.75 8.21 4.45 6.82 5.19 5.67 3.48 2.52 3.3 3.38 2.92 3.89 5.62 10.27 6.21 3.03 7.28 4.77 5.91 5.23 2.97 6.14 6.88 6.99 5.6 6.04 6.34 4.95 4.2 6.67 10.2 5.3 4.39 1.86 2.52 8.76 15.0 9.51 5.08 3.75
8.25 3.2 7.8 6.03 4.49 4.99 4.34 4.44 5.06 6.06 3.51 4.92 2.29 3.97 9.55 10.54 4.88 22.28 10.26 7.44 10.96 6.02 6.22 5.66 4.01 6.22 5.55 5.2 3.79 8.03 5.0 4.39 6.72 4.91 3.77 5.2 3.97 5.34 2.82 3.98 13.62 7.75 5.48 6.02 4.34 6.14 6.46 5.01 8.2 6.06 4.31 4.75 4.03 7.48 10.01 6.02 3.85 3.16 4.58 8.48 6.06 7.53 4.13 5.47
9.09 6.13 9.04 6.73 5.06 9.95 4.59 4.37 4.16 5.21 9.14 6.19 2.25 4.18 7.07 8.06 16.08 16.49 10.59 8.09 7.17 10.64 9.26 9.6 14.47 3.93 5.53 5.38 11.27 11.61 9.3 5.3 6.22 5.88 8.97 6.0 6.1 5.0 2.75 6.3 9.15 9.07 9.72 11.17 4.35 6.87 9.6 7.62 8.79 4.78 8.96 10.57 4.4 9.09 7.08 6.65 7.06 5.81 6.59 5.36 5.34 7.16 3.53 5.93
10.39 7.72 5.34 4.21 5.19 4.65 2.97 7.65 6.66 3.4 10.35 5.48 3.11 3.66 5.65 12.13 25.66 10.53 9.19 10.34 7.56 9.64 14.05 12.46 7.85 6.24 9.52 11.95 11.67 7.05 11.54 6.72 7.86 12.09 13.68 10.79 14.12 10.04 6.51 8.02 6.95 8.4 9.02 9.36 6.54 10.52 8.1 8.93 10.42 8.69 9.1 6.53 6.86 10.03 12.84 8.36 12.76 11.33 11.37 5.99 3.66 4.22 5.63 5.03
4.7 10.14 6.83 2.6 2.45 2.18 4.58 10.68 5.57 4.23 7.56 7.14 7.05 6.3 8.91 12.78 13.68 5.56 8.09 13.02 8.39 11.56 16.62 9.74 6.04 8.07 6.33 11.01 12.35 13.67 7.07 9.06 6.36 7.05 8.4 13.95 24.81 14.56 8.03 5.97 5.92 4.68 12.02 10.46 7.55 4.94 4.28 8.13 5.18 9.36 5.67 4.56 9.09 7.88 8.68 9.53 23.18 8.98 10.15 6.75 2.68 3.95 6.79 3.37
11.91 9.65 5.37 4.07 4.36 6.02 4.22 4.23 7.87 4.92 6.8 9.04 6.73 10.48 7.95 9.81 5.35 7.01 9.1 5.63 13.96 12.63 28.0 14.83 10.59 7.7 12.01 14.78 15.09 7.72 10.94 10.56 9.25 11.92 7.51 14.58 25.49 12.85 7.52 4.03 6.64 3.84 8.73 10.65 11.47 6.98 4.57 3.87 3.8 7.64 5.47 5.22 5.99 7.0 10.34 19.71 22.17 20.03 13.29 7.48 1.36 4.86 5.2 7.13
5.69 3.79 4.95 6.79 6.84 11.3 7.29 3.71 5.09 3.22 6.62 11.59 8.09 7.61 4.5 7.09 6.66 8.59 8.73 7.63 13.3 24.84 19.66 14.4 17.38 9.37 29.62 24.06 32.16 31.82 7.2 6.91 9.01 8.32 10.45 15.95 8.99 7.16 7.12 9.87 5.59 7.84 9.58 28.54 11.38 4.87 4.75 4.57 5.43 7.18 3.45 5.87 12.26 8.32 6.23 12.01 15.5 17.35 17.41 11.67 2.51 7.07 5.62 7.3
6.07 7.19 4.07 4.04 7.75 7.8 7.4 5.58 5.06 5.05 14.13 11.46 8.37 11.02 5.81 3.4 5.45 4.8 5.75 9.65 11.78 11.43 7.89 10.71 14.42 12.81 29.66 19.16 15.63 20.15 5.82 10.96 12.47 7.68 13.4 10.0 5.92 8.5 10.8 5.06 5.43 10.21 4.75 8.19 6.83 8.47 8.58 6.0 8.54 6.06 9.49 10.68 6.85 7.81 12.22 11.74 15.56 13.01 26.53 12.98 5.93 4.37 5.35 15.22
4.2 7.84 11.59 3.71 8.06 5.15 4.44 3.16 3.78 3.45 14.36 15.93 8.11 3.55 4.59 3.77 5.49 6.15 8.17 10.13 17.82 20.4 16.57 12.86 16.47 15.24 9.17 10.84 13.99 22.02 6.13 6.69 8.54 19.42 29.7 7.57 6.11 3.33 4.39 4.62 10.51 7.37 5.61 5.66 4.84 8.87 7.45 8.04 14.53 9.95 3.84 10.26 12.02 5.29 8.68 11.46 16.52 16.46 32.02 24.69 9.57 5.0 8.01 10.07
6.18 9.51 5.83 4.17 3.27 7.73 5.76 2.96 6.07 4.89 5.67 7.12 5.28 7.81 6.0 9.64 9.12 8.72 13.43 5.9 20.59 15.06 16.96 17.71 13.82 12.22 11.99 16.92 9.24 6.97 6.04 10.72 18.39 18.07 8.0 6.85 7.15 3.48 4.73 4.59 7.34 6.07 4.58 3.61 3.09 5.11 5.53 5.74 6.3 10.68 10.43 16.22 7.21 12.15 14.46 14.9 11.16 10.45 27.95 38.7 13.84 11.89 18.11 10.29
5.67 12.46 8.38 6.5 4.57 3.42 3.89 4.24 16.32 8.12 4.11 11.55 5.43 5.56 10.27 23.87 9.93 9.04 16.21 11.84 25.67 31.6 9.56 14.11 27.2 21.58 22.99 20.42 6.65 8.11 8.95 6.55 19.14 21.7 7.72 10.79 3.91 4.86 5.59 6.92 3.58 10.61 6.79 3.08 3.34 2.6 3.96 8.0 14.7 14.13 7.76 9.59 8.96 9.43 10.19 4.76 21.48 15.65 7.28 21.37 15.97 33.69 21.71 9.96
5.44 8.31 8.8 7.12 3.5 1.98 5.82 4.96 11.64 11.63 10.4 6.5 7.48 8.03 17.62 16.23 11.19 12.74 10.78 11.38 14.95 26.45 8.13 9.64 8.96 8.63 15.51 24.78 12.59 6.02 3.07 5.18 21.64 26.34 8.56 5.56 2.72 6.75 6.49 7.55 5.27 4.79 5.68 6.4 3.56 4.96 6.27 13.58 15.35 15.38 26.7 10.77 5.29 5.13 7.99 5.69 8.75 5.7 7.48 17.72 21.25 32.9 16.61 12.66
5.23 6.4 5.79 5.73 5.92 3.78 5.54 4.2 6.05 14.14 13.26 6.2 6.41 5.03 7.79 11.9 13.88 15.05 12.15 29.61 18.78 9.15 4.82 3.55 6.48 7.73 5.7 12.42 12.77 4.87 5.22 17.75 17.06 14.25 11.63 3.78 4.43 5.15 6.41 5.97 5.83 4.4 12.85 5.72 4.36 6.32 5.15 7.11 11.64 24.05 23.1 7.51 5.23 4.9 8.73 4.04 3.91 8.35 5.64 4.77 16.77 32.96 19.97 16.56
3.1 6.86 7.98 4.96 9.69 8.96 6.53 6.62 6.37 6.5 6.93 7.38 5.2 7.26 14.48 15.32 13.66 14.38 42.88 40.23 14.91 5.2 4.92 3.81 3.83 7.5 9.62 10.31 13.47 6.85 10.8 21.49 5.28 14.98 15.57 3.8 8.07 6.98 5.82 4.49 5.13 5.79 10.26 6.96 6.37 9.71 8.67 5.83 9.52 21.25 14.26 9.17 4.71 4.58 9.75 6.29 6.63 7.98 9.34 4.84 12.34 9.44 15.34 30.0
7.7 8.8 4.44 5.55 9.18 6.9 6.9 9.02 7.01 9.4 8.18 11.44 10.48 13.19 8.77 8.98 11.55 16.93 22.55 26.23 7.01 5.58 5.84 2.78 4.37 8.8 6.6 8.16 6.4 8.43 7.5 13.37 6.9 10.17 10.62 12.95 13.13 21.03 3.99 6.11 7.98 5.84 6.15 7.63 5.88 6.59 13.38 11.57 9.04 23.35 7.82 2.83 4.15 5.09 7.52 6.73 9.05 12.77 10.38 19.39 7.13 13.69 20.43 15.94
3.84 5.54 2.99 2.84 11.15 12.9 14.99 9.96 8.51 7.3 11.81 12.87 8.48 5.73 5.98 7.91 4.42 8.97 10.53 21.14 5.36 3.8 2.77 2.41 5.11 4.27 6.18 11.28 5.55 10.33 10.1 10.39 22.11 11.28 8.15 9.74 8.98 10.46 5.78 9.82 6.09 5.56 8.97 5.97 5.88 6.89 17.78 15.25 8.78 5.35 10.03 4.4 3.91 3.13 6.73 8.49 10.75 6.78 7.67 15.37 8.01 9.06 14.01 15.89
4.96 4.83 4.56 4.95 8.15 8.11 6.56 6.94 14.95 5.86 5.69 9.13 7.62 6.79 5.99 5.35 7.61 11.3 12.31 5.2 3.15 2.53 2.31 4.22 7.53 2.87 3.92 5.89 6.98 6.9 13.54 8.88 15.75 11.27 7.32 5.45 14.09 7.94 8.84 16.92 17.62 5.42 8.59 4.24 7.0 6.66 17.58 14.01 3.69 5.14 4.64 2.5 5.09 6.43 7.95 7.83 5.07 8.22 19.32 12.19 11.26 10.0 11.77 8.87
5.05 8.21 12.09 7.86 9.0 8.67 10.14 16.26 10.75 12.62 8.31 8.58 3.87 4.02 7.89 5.49 6.11 10.51 11.65 8.43 4.04 1.69 1.73 6.32 5.97 4.65 5.93 3.53 3.52 5.26 5.64 11.11 6.6 6.59 2.07 4.49 6.9 4.59 14.58 16.11 14.0 7.58 3.98 6.69 8.91 7.47 16.37 13.85 3.42 5.41 3.56 6.44 7.69 3.3 3.44 6.86 9.49 11.09 16.72 10.05 17.48 9.03 13.6 17.43
2.72 6.74 5.25 9.77 10.52 7.85 7.23 10.15 16.27 29.16 6.84 4.03 3.52 3.45 5.64 5.36 7.29 12.46 8.75 9.2 8.54 3.63 3.77 3.78 3.25 6.24 4.04 2.15 3.46 8.59 6.75 8.65 5.24 3.1 2.37 5.28 5.38 6.92 9.3 7.27 12.75 10.58 9.9 13.97 15.08 9.41 8.6 10.44 5.86 10.58 8.7 8.68 9.06 5.57 7.05 5.19 7.64 18.25 26.32 18.49 13.49 10.42 18.42 11.55
3.84 6.72 5.6 9.77 14.33 9.18 14.69 13.61 21.38 29.29 8.66 4.16 3.32 2.5 4.98 5.7 4.53 6.25 3.8 10.45 8.24 4.2 5.18 2.78 2.71 3.67 3.18 2.46 2.99 3.96 7.02 7.09 12.88 4.43 4.37 6.49 3.98 4.4 5.21 4.17 6.01 4.55 10.55 11.35 11.82 13.01 10.25 5.56 4.71 3.08 6.63 8.31 8.02 9.39 8.32 12.3 28.67 17.6 12.23 23.06 11.63 13.54 12.09 16.24
6.09 6.59 6.94 9.61 12.07 26.54 13.61 9.87 14.71 16.48 16.08 3.89 3.33 2.84 2.46 5.36 3.9 5.15 3.36 3.13 3.69 4.44 3.3 2.66 2.2 3.01 3.21 1.74 3.88 7.05 10.77 5.28 10.15 11.61 9.22 9.59 8.74 5.34 3.45 4.86 5.4 8.71 13.11 6.11 10.01 13.21 4.56 5.65 4.31 4.47 5.12 4.75 7.24 14.74 16.81 18.32 20.53 14.26 22.76 19.72 8.33 8.4 15.24 15.93
6.89 9.65 16.21 6.47 5.05 9.61 6.72 9.24 14.85 23.25 15.61 6.09 4.56 2.53 3.82 6.27 5.26 5.11 3.61 2.18 3.01 5.42 4.6 3.88 5.22 2.7 2.12 2.44 4.98 5.64 6.14 10.21 10.22 13.63 10.41 8.55 11.32 8.13 7.47 8.93 11.45 9.67 10.01 10.43 20.4 15.39 8.53 7.24 5.16 5.81 4.21 6.86 9.06 6.21 9.93 16.98 15.34 11.81 20.01 15.8 12.12 15.13 34.33 20.17
10.21 13.8 14.07 6.54 4.79 4.31 7.57 6.11 11.35 25.0 12.77 6.63 5.67 3.47 5.36 5.2 4.03 4.0 4.63 3.33 5.8 4.55 3.93 5.03 3.52 3.31 2.34 1.92 5.52 6.35 10.26 12.02 8.91 15.81 8.7 7.63 6.49 8.0 7.28 4.81 22.86 12.93 7.58 13.39 14.21 13.68 10.29 12.86 5.94 8.22 12.02 7.47 9.37 5.22 7.06 14.06 10.46 19.21 15.58 11.43 8.39 9.58 22.01 10.08
17.01 10.12 6.76 4.87 2.93 5.2 7.39 13.78 10.62 13.24 7.98 8.52 6.18 3.77 6.26 7.95 4.89 8.42 4.8 6.27 2.96 5.58 8.31 4.19 3.31 2.74 2.17 4.4 10.29 11.13 12.14 8.84 8.07 6.41 4.55 6.34 5.46 5.66 7.47 6.87 18.93 17.2 11.48 9.0 8.3 8.69 4.82 11.96 11.26 6.93 8.01 6.9 15.5 14.5 6.73 13.75 5.07 11.83 12.55 10.87 8.69 9.01 9.92 5.92
12.42 9.43 5.34 4.14 4.03 9.01 8.36 9.09 17.54 9.93 13.55 6.32 5.47 4.51 4.25 7.96 5.91 9.62 9.56 6.78 3.78 4.32 5.1 3.14 4.67 3.42 3.66 6.08 12.67 10.07 16.01 7.8 6.41 9.35 4.95 4.73 9.08 6.64 4.89 9.93 9.65 16.08 16.21 6.36 3.49 2.68 4.9 9.39 13.03 9.48 9.49 9.85 9.4 8.07 10.56 10.38 6.86 10.1 9.19 9.26 19.71 10.3 5.09 4.2
11.03 6.93 5.31 2.57 4.2 8.04 11.83 19.52 16.04 4.05 8.44 9.3 9.27 4.64 9.41 12.06 8.74 12.79 9.55 8.04 8.95 6.26 9.74 6.39 7.71 3.48 6.5 13.34 10.73 9.87 9.27 5.74 4.31 8.23 8.59 7.08 9.02 5.4 6.82 13.86 4.47 6.45 17.26 8.69 7.93 8.05 7.99 8.31 8.21 7.95 4.56 6.85 6.46 6.32 7.05 5.13 4.88 13.75 16.77 16.04 28.76 12.06 3.69 3.93
12.39 13.41 7.5 3.14 3.97 5.88 12.41 20.36 19.58 13.46 8.64 12.11 9.62 7.32 9.48 14.22 11.24 12.92 8.15 9.21 6.67 4.51 12.42 11.34 5.93 5.48 5.59 10.69 5.88 6.65 8.78 8.94 3.91 6.9 7.16 5.22 6.58 7.55 9.96 5.93 6.07 10.84 23.39 14.23 8.17 11.73 16.74 10.24 11.15 6.89 5.15 4.25 4.29 13.54 9.19 4.36 4.62 9.43 20.16 20.9 35.02 14.01 6.19 10.21
13.8 21.86 8.32 6.15 6.1 4.62 7.97 30.16 27.27 11.63 3.92 8.73 6.16 10.57 18.79 12.1 8.71 8.27 7.14 7.94 7.28 6.56 7.54 8.15 3.43 5.47 9.12 10.53 3.82 2.58 5.13 5.07 4.34 5.52 7.0 5.61 6.67 10.65 9.59 7.34 8.75 9.71 8.22 14.57 16.53 10.04 6.4 7.76 5.26 7.67 7.15 6.12 3.88 5.77 3.44 4.01 4.3 9.01 20.3 15.85 31.38 18.26 8.56 11.61
14.72 13.48 8.7 12.31 9.82 5.9 7.49 16.03 20.53 11.86 6.68 5.74 4.4 5.8 5.16 8.46 20.05 7.4 14.24 5.76 3.53 13.7 10.47 15.03 6.61 7.56 11.6 7.58 6.93 3.17 4.25 4.71 6.05 7.3 3.77 6.43 9.25 18.49 13.47 7.28 6.29 4.39 6.18 24.0 14.11 5.87 5.78 5.52 8.59 16.37 11.7 5.64 3.52 4.85 4.93 5.4 3.73 6.2 15.58 17.26 21.34 24.18 12.14 8.87
21.33 8.39 9.53 10.59 14.09 18.58 10.35 15.65 14.79 9.03 9.54 3.89 6.84 5.03 4.23 5.65 11.29 14.48 18.77 15.41 8.75 9.09 9.43 9.74 9.71 8.24 11.65 10.66 18.25 7.56 3.42 5.87 10.78 8.37 6.8 7.05 8.46 13.94 9.62 7.55 6.53 4.3 5.48 10.29 14.15 7.48 11.55 6.6 7.33 7.47 14.87 9.26 6.38 5.65 7.32 5.45 9.95 11.19 7.62 8.59 22.01 9.4 13.72 16.25
39.33 16.75 11.57 9.7 6.38 13.87 12.71 9.06 9.49 8.22 9.43 5.74 4.9 5.56 3.94 5.86 8.98 14.83 10.99 12.62 8.58 7.65 6.9 7.94 6.16 4.87 3.57 6.53 20.94 13.7 6.72 9.14 10.14 8.18 9.2 8.74 9.6 9.23 6.34 6.95 11.82 6.92 6.09 14.94 18.02 8.89 22.39 11.21 11.58 16.99 9.68 8.98 8.02 19.04 12.68 10.68 9.14 2.91 6.34 7.95 11.78 12.2 8.45 14.13
22.09 17.05 10.18 13.64 5.99 19.85 14.55 7.22 5.23 20.93 10.66 6.42 9.41 8.58 4.59 4.73 9.95 19.24 10.62 14.75 13.27 10.5 4.48 6.76 4.99 3.72 3.03 6.37 9.75 6.99 9.8 11.21 10.01 14.76 8.47 15.87 14.95 9.94 7.26 10.14 8.11 7.58 10.92 17.86 10.61 13.22 19.99 21.58 6.76 15.21 7.92 5.42 9.12 17.2 18.25 11.17 3.64 1.82 3.63 6.97 8.02 11.67 10.31 6.72
16.51 24.75 19.48 13.77 6.93 15.82 9.26 10.48 10.62 8.11 7.52 8.44 14.74 8.1 8.46 5.97 13.92 13.67 11.41 14.07 32.42 21.37 4.96 4.13 5.93 2.79 4.19 2.8 3.23 5.23 14.87 7.98 4.67 6.98 10.3 10.29 14.16 6.69 6.45 4.4 4.55 5.66 9.58 12.05 11.6 13.38 14.83 11.46 13.52 7.86 5.48 3.88 7.88 9.08 9.6 8.55 3.98 2.86 3.75 3.94 5.85 6.56 6.09 2.38
12.13 19.78 22.75 13.83 8.52 8.1 9.57 6.18 9.45 7.46 14.37 11.25 12.6 10.74 9.24 10.16 13.4 13.6 16.71 17.4 22.75 18.36 12.24 5.93 4.64 3.29 4.01 3.27 2.77 4.9 8.13 5.48 8.02 11.99 12.31 11.29 9.39 11.53 4.94 5.17 6.08 3.45 10.67 8.02 6.71 8.13 10.57 5.28 7.53 5.12 9.32 5.32 6.17 6.71 6.41 9.49 5.83 3.25 5.01 6.9 2.64 2.82 4.8 2.58
7.5 5.49 8.76 12.12 14.43 9.14 5.15 5.9 6.69 9.44 12.36 11.11 10.4 15.69 8.26 14.46 14.83 8.23 4.76 17.35 15.08 16.17 13.39 7.17 4.94 3.5 3.31 2.25 4.65 4.3 3.23 5.4 7.47 8.23 14.22 21.64 8.59 7.13 4.5 3.66 4.13 8.68 12.8 8.66 7.33 5.26 3.45 4.18 7.31 8.39 6.17 4.96 3.64 7.22 5.11 5.63 5.36 5.15 5.32 4.73 2.37 3.97 5.7 3.79
8.27 4.14 4.33 5.68 5.49 13.16 6.21 8.4 9.94 10.7 7.17 9.34 9.1 4.33 11.4 12.22 8.85 9.03 5.9 7.36 4.81 5.62 9.2 8.47 6.74 2.74 6.16 4.01 2.79 5.84 5.22 5.14 7.05 5.48 14.71 25.93 13.16 4.07 4.24 3.83 3.09 6.61 6.96 10.43 10.87 6.32 3.61 4.24 5.81 5.16 3.15 5.32 4.81 6.12 6.78 5.64 3.67 8.32 7.67 4.54 4.28 2.47 6.69 8.87
11.25 5.72 6.21 8.71 7.64 16.86 14.2 12.87 12.92 10.28 7.59 7.11 9.89 4.28 7.86 4.33 8.03 10.05 10.15 5.11 8.42 4.1 4.09 6.02 12.35 8.49 7.49 8.8 5.58 9.54 8.7 5.84 11.88 7.97 11.53 15.6 12.14 5.17 5.67 5.15 3.09 6.0 5.01 10.06 16.44 6.11 5.54 5.2 7.86 7.91 4.0 6.47 3.05 5.62 7.3 6.8 11.71 10.83 14.22 8.85 6.84 6.99 13.41 6.27
8.13 14.61 17.59 8.7 5.36 8.79 9.3 11.22 15.88 5.47 5.75 11.76 6.11 8.45 6.05 5.25 8.36 5.34 8.09 9.69 7.45 7.15 5.43 9.31 12.01 20.11 10.31 12.55 10.17 12.22 16.91 12.06 12.38 12.8 12.03 19.01 9.75 12.34 7.04 5.0 6.6 3.99 12.04 10.82 11.31 8.2 4.96 7.18 6.66 3.55 5.34 9.83 5.5 5.94 9.55 12.53 14.94 8.35 7.62 16.93 10.05 6.73 4.29 4.97
9.9 9.34 9.02 10.89 13.09 8.66 7.26 5.89 8.07 6.36 11.43 14.67 10.33 7.67 4.95 4.08 6.12 10.78 17.77 12.96 4.98 7.75 11.26 7.04 31.91 25.95 11.85 6.06 8.99 7.15 18.16 18.93 13.21 16.01 14.37 10.27 20.17 26.58 8.66 6.19 8.7 10.71 12.4 10.0 7.73 7.19 7.88 6.96 6.36 6.6 5.42 5.71 5.15 5.38 9.42 20.24 15.98 11.82 10.54 12.43 8.05 13.45 8.67 8.91
8.14 12.0 7.11 9.89 11.09 10.56 10.31 10.92 7.49 5.39 7.83 6.11 4.69 3.32 2.13 3.56 6.63 8.52 13.76 11.6 6.16 9.65 9.1 9.57 14.67 17.23 17.1 10.48 14.14 13.62 10.14 8.9 15.26 18.86 22.26 12.38 11.52 12.26 12.04 18.64 9.02 21.46 12.15 12.87 9.24 13.0 13.5 13.52 6.17 6.29 5.49 8.87 9.41 6.04 5.42 16.87 28.8 36.07 11.73 9.39 11.13 5.64 4.23 10.11
12.22 6.17 5.2 8.43 17.68 13.62 6.17 8.43 5.81 8.7 8.7 8.39 10.09 1.74 3.3 4.54 6.72 8.67 8.68 3.35 3.61 8.64 9.14 10.46 8.14 21.97 19.65 19.16 10.8 16.96 14.87 12.42 14.34 17.1 15.13 7.8 8.37 14.07 15.49 9.95 11.73 30.23 15.6 11.39 7.76 11.36 12.87 11.42 14.38 6.09 4.11 5.51 8.08 11.78 17.04 17.06 22.37 19.54 22.52 10.95 14.14 7.05 5.37 9.89
12.97 3.54 5.24 10.08 7.6 7.72 11.7 11.56 8.15 5.46 5.84 11.21 11.7 6.77 10.14 10.47 5.54 4.49 9.65 4.96 4.85 9.27 8.0 14.57 16.28 16.69 20.25 16.17 12.03 13.6 13.08 12.9 15.68 32.69 24.7 10.1 8.83 10.39 10.18 5.59 12.57 10.72 11.5 18.17 11.42 14.43 21.42 13.38 10.78 5.39 8.93 9.22 11.03 26.29 12.72 35.34 50.03 40.4 13.21 7.22 9.15 9.73 10.39 9.21
7.77 3.85 3.85 6.34 6.32 6.45 8.86 10.42 13.9 5.48 8.99 6.38 3.96 6.31 7.42 10.89 9.52 17.72 11.2 4.67 4.86 6.21 15.2 10.5 9.56 8.36 8.98 6.95 7.4 8.64 11.99 10.88 18.45 15.33 13.14 7.38 6.48 19.7 6.72 7.55 13.69 11.08 10.52 11.63 14.45 12.71 12.25 4.58 5.3 8.24 11.0 10.53 8.68 18.85 21.38 44.2 51.18 45.68 15.6 8.34 8.09 12.1 15.93 12.29
3.83 7.17 11.23 8.81 9.2 10.61 5.71 6.79 10.19 5.53 7.08 6.96 2.73 2.89 4.82 7.02 5.37 13.77 9.95 5.86 8.35 5.15 4.13 7.59 7.14 9.84 8.84 9.79 9.83 5.82 11.28 10.44 15.5 9.05 7.36 13.87 7.94 13.02 5.53 12.47 11.69 15.13 15.59 17.76 7.86 5.31 8.75 7.68 5.59 8.01 8.13 10.87 13.36 7.16 11.87 14.3 24.72 49.12 20.27 13.48 13.96 11.62 15.54 9.66
