26.58 9.79 2.42 4.44 7.41 5.47 11.06 7.13 4.1 8.51 6.6 7.69 5.79 7.23 6.93 9.64 11.13 7.93 11.72 7.12 8.11 10.09 7.27 11.47 7.0 14.87 9.5 5.11 12.82 16.17 18.36 12.91 7.19 15.27 10.85 9.61 9.12 6.85 7.56 5.19 5.73 11.86 4.53 5.34 4.16 4.55 4.82 3.46 1.65 1.57 0.77 2.32 4.81 10.1 9.86 8.28 5.48 6.13 10.37 12.69 9.12 9.13 8.9 7.65
23.66 14.01 9.14 4.5 3.23 4.07 4.34 9.4 7.3 5.41 6.66 4.99 9.96 11.03 10.52 8.74 5.14 8.07 3.68 5.29 5.1 3.3 5.84 6.58 9.21 10.34 10.57 8.83 5.3 6.5 19.49 19.87 11.38 15.09 8.61 6.6 10.39 5.26 4.36 7.61 5.33 11.42 4.41 9.98 14.67 4.91 3.88 3.6 2.28 1.41 1.62 2.43 4.92 5.75 4.38 4.66 15.83 11.83 11.35 15.32 15.07 8.84 9.68 7.89
22.44 10.27 6.37 3.83 2.03 3.0 4.27 8.23 8.76 7.36 4.62 4.56 5.66 6.0 5.15 3.29 6.79 5.12 3.77 6.03 2.61 3.7 8.1 3.88 11.83 11.83 10.44 7.5 9.45 6.62 21.1 16.99 11.98 8.22 4.19 7.01 8.4 6.52 5.71 7.39 15.29 10.34 21.66 30.25 15.07 4.74 2.84 3.73 3.49 3.27 2.0 3.29 6.07 4.8 4.22 6.63 14.52 10.94 8.56 8.79 8.56 7.74 12.4 4.81
16.79 8.54 4.18 7.33 5.46 4.17 7.63 10.31 6.64 6.48 3.14 8.84 7.48 5.88 3.75 4.24 6.17 4.37 3.81 3.59 3.64 11.31 11.06 12.36 12.01 16.21 11.8 13.68 15.42 9.57 13.56 8.31 9.23 5.4 4.01 6.18 5.94 6.62 7.59 11.51 17.8 15.77 12.74 20.82 27.6 12.04 4.62 5.02 2.74 1.76 2.91 2.95 8.02 9.51 8.01 14.45 15.29 16.83 15.84 7.28 7.12 7.23 7.49 13.59
12.93 3.22 6.57 4.27 4.37 4.96 6.31 5.22 5.38 3.93 2.79 3.03 6.84 4.64 2.75 2.7 5.7 6.83 4.54 3.49 4.33 6.43 22.54 24.31 13.6 20.81 23.18 16.53 6.63 37.66 17.4 12.92 9.76 3.54 3.24 4.35 5.71 7.07 5.54 9.78 11.94 12.12 15.51 10.7 12.43 7.02 6.71 2.34 1.61 3.23 2.13 3.59 4.8 3.44 5.21 13.6 11.06 19.15 8.74 11.59 5.91 7.23 8.02 10.62
18.23 8.1 5.8 3.18 3.84 7.02 6.83 5.37 9.7 5.88 3.09 3.0 3.59 2.48 2.34 2.53 6.44 6.51 2.64 2.2 2.78 4.81 8.38 18.3 16.73 28.76 9.44 13.88 9.28 11.22 19.98 13.97 5.09 5.11 10.18 3.58 6.59 8.26 6.41 5.38 15.78 12.42 10.93 15.84 7.45 5.54 8.15 5.91 4.96 3.01 2.14 2.25 5.39 3.1 5.37 5.49 10.63 13.66 16.43 8.3 6.44 5.03 4.76 3.59
4.73 5.02 5.36 3.88 5.93 7.1 5.36 8.33 6.06 7.54 4.76 3.13 2.77 4.4 1.51 4.47 6.65 3.78 4.64 3.66 5.19 5.29 8.69 20.08 21.96 19.48 21.52 10.52 9.04 10.15 20.86 13.33 3.76 6.16 6.44 3.94 5.17 6.05 7.3 11.75 13.79 9.11 15.74 14.44 13.3 8.94 6.94 4.55 5.58 1.65 4.0 3.74 4.41 4.02 6.08 9.28 6.32 11.22 8.1 6.97 4.93 4.71 6.84 5.58
5.49 5.47 7.77 12.37 5.9 6.28 4.86 7.52 6.68 9.96 3.83 2.23 2.84 3.04 2.03 3.78 4.13 2.75 3.89 3.18 5.24 9.74 9.32 33.19 47.25 26.01 17.75 16.7 10.05 23.13 17.13 15.25 6.14 6.37 6.98 6.22 6.25 2.45 5.35 8.22 9.46 16.24 10.51 8.62 13.62 9.25 9.33 11.03 3.73 3.38 4.55 4.95 2.67 4.87 8.7 3.95 5.5 9.64 12.37 5.02 3.25 5.64 5.55 4.68
11.66 5.16 8.74 15.69 6.03 6.29 20.27 8.62 10.66 7.41 7.67 2.86 1.69 3.04 1.84 4.53 4.46 3.39 2.56 3.37 4.65 7.38 16.65 19.86 23.64 25.11 23.4 14.08 13.65 12.18 22.12 13.05 11.99 24.56 8.82 7.59 4.55 4.75 6.21 8.68 7.5 5.22 4.99 5.03 5.66 8.08 15.44 9.25 5.48 5.89 6.38 3.71 5.38 3.22 1.9 1.65 6.46 8.63 16.91 4.36 2.51 5.85 6.8 8.7
6.69 4.29 14.84 11.46 9.32 11.5 10.89 6.56 11.24 11.48 6.78 3.92 4.38 3.15 3.41 1.75 1.52 3.82 3.16 2.9 4.71 10.1 12.01 18.17 17.98 20.3 9.83 7.74 6.35 8.93 6.93 21.91 12.46 28.51 13.01 6.29 5.45 8.32 13.22 3.52 2.86 3.57 6.16 4.09 5.17 6.22 9.51 4.61 7.35 3.29 4.62 3.3 1.85 2.63 1.94 2.18 6.07 4.0 4.17 2.76 6.23 5.48 6.04 4.63
4.42 3.25 14.19 12.95 10.49 18.84 21.24 11.26 25.2 13.82 8.12 6.27 7.51 9.64 3.34 2.82 2.77 3.6 3.95 8.01 4.4 3.69 3.89 15.79 12.02 8.0 5.8 6.62 6.84 5.92 7.6 6.68 12.95 12.09 5.34 6.64 6.17 6.82 11.93 4.06 3.21 4.1 5.67 5.11 4.15 8.36 9.61 7.26 14.89 10.06 2.56 3.14 4.21 4.96 2.15 1.63 4.66 2.94 1.96 4.44 5.93 7.23 3.47 5.59
4.53 3.43 12.19 8.05 9.76 20.99 14.62 11.3 11.16 8.99 10.55 9.87 8.45 12.44 6.42 8.55 6.1 3.27 4.61 4.6 5.28 4.15 9.32 7.81 8.31 6.35 5.82 7.79 5.92 6.14 7.61 11.11 15.03 9.71 10.49 7.31 4.36 8.58 4.54 2.53 2.38 1.41 3.41 9.84 6.22 8.93 10.09 9.36 11.43 12.13 3.31 2.98 3.6 5.56 2.2 5.25 3.63 3.13 1.82 3.33 4.58 6.3 5.15 11.85
3.75 5.14 8.69 13.2 16.86 16.37 13.25 16.94 15.57 7.55 9.2 7.75 10.73 8.45 8.12 9.54 8.13 3.55 2.25 3.15 2.55 3.61 3.7 5.99 4.99 2.57 7.02 7.2 5.54 5.41 6.98 5.49 6.58 8.84 11.78 4.62 11.1 7.8 4.96 3.19 2.88 1.61 6.41 7.67 8.74 11.86 13.08 8.38 10.93 7.57 6.05 3.33 3.13 3.43 4.19 3.57 2.17 2.59 1.94 5.41 7.51 7.09 7.0 6.69
6.7 5.22 8.37 7.52 6.34 10.36 16.93 12.11 14.34 8.48 8.0 14.0 7.99 6.71 6.51 12.35 6.09 3.99 3.32 2.51 1.61 5.49 6.12 8.91 6.66 5.54 7.43 5.77 5.83 7.14 6.49 3.35 4.69 5.81 5.42 6.62 5.78 12.01 3.84 3.75 4.72 3.83 7.48 5.76 12.43 15.84 11.83 10.4 15.06 3.14 3.21 3.01 1.01 1.87 4.0 1.97 1.96 3.72 3.69 6.28 5.78 5.36 5.06 8.74
8.73 13.37 4.54 12.86 9.24 21.62 25.09 11.14 6.91 6.99 5.25 4.22 5.28 10.07 5.49 8.85 8.9 4.13 2.26 2.02 2.34 5.95 8.3 11.08 6.27 5.25 8.43 8.74 6.42 8.47 6.03 5.47 6.19 5.89 4.95 3.87 5.2 5.01 3.12 5.46 4.99 7.21 13.85 7.06 9.17 10.44 20.24 12.76 9.0 5.2 4.08 1.19 1.31 2.61 2.72 2.71 2.94 1.93 3.59 7.58 5.74 9.13 6.06 7.3
14.25 12.46 17.28 16.77 15.86 24.42 21.13 10.78 12.03 7.14 8.63 4.35 8.9 6.25 8.85 5.14 5.29 4.67 3.46 3.98 6.31 7.2 5.1 9.26 5.46 3.32 10.87 8.85 13.59 10.0 6.4 8.01 6.98 10.03 6.75 5.47 6.58 3.32 4.75 7.87 5.38 9.29 10.42 13.16 11.68 15.94 26.61 12.0 11.43 6.27 4.27 5.4 2.49 3.53 2.98 3.14 4.13 2.9 2.45 4.35 9.64 10.64 4.93 6.27
9.08 10.46 20.84 18.56 10.14 13.71 13.61 9.81 16.03 14.65 6.08 7.11 9.31 7.45 12.45 4.31 3.69 6.23 3.67 4.06 18.7 10.3 7.14 9.8 6.29 8.97 11.44 10.9 16.46 9.74 10.68 4.32 8.77 7.24 8.42 5.5 6.07 2.99 5.81 5.26 5.25 4.41 6.06 9.24 7.85 15.89 23.38 12.5 8.0 7.5 5.16 3.14 1.82 2.62 5.46 5.18 4.13 6.23 5.36 4.68 8.5 12.82 15.48 7.65
6.78 7.24 10.31 14.14 17.68 10.37 11.92 17.05 14.45 8.81 3.54 5.83 7.34 11.28 6.59 3.29 4.78 4.3 3.97 7.96 7.06 10.0 9.98 12.36 6.93 8.63 10.12 6.9 7.54 7.84 5.31 6.2 9.95 5.67 7.03 3.29 3.09 2.46 3.5 3.79 6.69 5.26 4.33 11.14 9.13 15.74 17.62 11.15 12.11 10.1 4.84 3.45 3.14 5.07 10.32 15.78 5.77 14.15 5.12 8.05 7.25 24.53 9.54 9.96
6.62 6.85 9.32 14.88 19.32 7.12 12.81 7.3 4.42 5.03 2.24 3.87 4.05 6.33 4.1 2.69 7.56 12.49 9.21 8.03 9.91 13.87 10.33 13.39 12.12 17.01 14.01 15.46 6.69 15.94 10.63 3.85 6.71 7.95 11.95 9.72 7.67 2.19 4.68 8.17 11.06 4.26 5.13 7.64 9.43 7.05 7.64 10.64 9.1 11.24 6.96 6.3 6.13 4.24 8.86 13.93 10.39 7.55 8.47 16.2 19.38 14.98 8.4 13.9
7.67 8.6 11.16 16.07 12.82 9.21 13.0 9.74 5.35 2.73 2.71 3.99 7.35 4.73 4.41 3.25 5.51 8.85 6.51 6.24 11.43 15.32 11.47 7.74 16.64 9.91 14.8 11.16 4.41 7.51 6.51 3.55 6.59 10.12 25.45 15.3 4.87 3.64 5.31 11.08 7.43 9.17 10.19 9.45 13.29 10.92 9.3 9.66 9.16 5.65 9.37 7.66 10.45 5.11 15.17 8.54 12.01 7.81 14.05 13.7 13.76 8.11 5.26 8.82
4.42 7.42 9.89 15.89 9.89 8.45 16.39 13.9 2.77 2.11 4.15 4.61 5.86 6.82 7.84 6.76 4.96 2.73 6.49 3.59 7.95 7.64 11.33 15.16 9.19 7.36 13.23 8.27 8.47 5.74 3.85 8.77 8.38 11.77 8.35 9.91 3.8 4.88 10.83 12.91 8.04 5.48 7.74 13.61 10.37 6.22 15.94 25.41 14.02 9.41 10.1 9.17 6.82 5.43 10.64 13.49 21.03 8.81 8.88 9.88 8.49 5.45 4.54 3.94
6.54 12.12 13.98 10.37 6.55 5.93 9.01 8.07 3.06 3.16 6.19 4.39 7.1 7.86 8.42 8.19 3.63 1.71 3.02 5.57 9.74 6.23 8.69 8.21 9.41 7.73 9.13 6.04 6.16 9.05 9.63 4.88 8.53 15.77 7.28 8.31 5.4 2.74 7.09 17.5 4.38 6.07 6.0 9.9 6.04 9.27 12.2 19.07 12.79 18.46 6.46 6.29 3.21 4.97 9.45 10.0 12.12 7.38 9.84 8.27 8.27 4.25 2.79 2.85
11.21 11.49 12.11 8.04 6.77 9.54 8.36 5.72 5.21 4.31 4.56 7.41 7.25 5.73 7.23 6.79 4.11 3.93 4.02 4.2 8.17 3.14 3.92 5.49 9.35 7.79 9.92 4.58 5.72 8.69 6.12 5.34 5.37 12.77 7.72 5.57 8.38 3.36 3.62 9.26 6.71 7.7 18.48 15.06 10.88 8.57 10.11 11.92 8.83 14.2 13.87 7.45 5.51 8.87 5.02 6.53 8.08 7.02 6.75 7.56 5.66 3.71 2.29 3.63
9.1 13.1 6.95 3.81 5.63 5.67 3.52 3.65 6.9 7.79 9.91 5.51 5.19 7.44 5.7 4.58 5.75 4.99 3.44 4.26 8.73 9.14 6.02 9.61 5.55 14.6 10.21 8.8 15.52 9.89 9.96 12.17 11.23 8.43 4.74 4.02 10.14 3.98 9.77 9.44 13.57 12.53 27.68 12.06 8.59 6.12 6.97 6.4 4.47 7.95 13.91 5.98 5.49 7.02 5.74 9.2 6.8 6.41 5.15 5.04 7.23 5.8 3.95 2.91
10.63 12.15 6.04 4.02 6.37 3.5 6.64 5.02 8.44 15.57 6.03 4.68 5.9 8.48 5.11 2.71 2.51 3.31 3.07 4.48 5.9 6.74 7.73 6.37 10.17 16.65 10.46 9.19 6.62 9.48 12.51 12.66 13.44 9.78 3.19 5.26 9.47 6.03 9.46 15.08 9.65 15.64 9.02 7.55 8.33 4.77 4.41 2.61 3.19 6.22 7.95 5.7 4.28 6.0 6.34 4.17 6.58 13.59 5.27 4.93 8.11 7.05 1.88 2.17
8.06 5.68 3.92 6.54 6.88 7.68 8.47 9.12 12.59 12.96 10.22 4.52 5.87 3.52 5.12 2.01 3.49 5.03 6.19 3.77 4.51 4.72 7.19 7.96 10.66 5.87 8.23 8.68 5.55 13.22 11.19 13.06 9.94 17.78 5.31 8.64 9.76 6.6 11.65 14.46 8.93 14.79 11.39 6.97 3.72 1.35 1.94 2.5 2.44 4.52 5.69 4.83 6.2 5.71 2.5 3.17 5.76 7.53 6.31 3.85 3.52 6.97 2.86 2.48
4.4 4.25 6.23 10.21 21.9 12.05 6.88 9.69 20.06 6.95 10.67 10.33 9.58 5.72 7.73 3.79 5.76 3.84 2.8 5.08 7.47 5.67 4.84 6.08 3.8 4.11 4.24 4.44 8.03 10.5 8.52 5.9 6.01 6.82 4.57 4.57 4.2 21.91 15.68 14.8 24.75 12.29 5.83 4.07 4.93 1.94 2.21 3.83 6.55 8.4 7.71 8.89 7.98 2.99 3.6 1.9 2.7 4.53 4.15 3.48 5.32 2.63 3.85 1.85
4.33 3.14 5.63 12.03 24.68 14.1 9.11 12.49 22.35 14.1 8.52 18.15 14.22 7.12 5.56 3.77 4.42 3.05 3.36 11.01 4.38 3.23 4.88 5.53 4.65 2.76 3.52 4.11 5.96 11.49 9.39 6.81 2.92 3.74 3.25 3.41 7.59 9.42 7.77 18.25 6.29 4.88 6.32 6.26 7.55 3.53 2.77 3.24 7.7 7.82 7.66 14.74 10.93 4.15 5.7 5.06 3.47 3.74 2.89 6.14 6.5 1.85 3.86 5.05
4.39 3.43 5.74 8.41 12.19 11.22 6.6 9.77 18.85 11.12 15.14 14.51 10.65 10.59 4.79 3.99 4.06 3.07 6.67 8.29 4.82 5.57 4.18 4.75 4.38 3.98 5.1 6.83 6.68 10.07 10.2 6.4 5.63 5.2 4.93 3.87 7.63 9.41 7.74 17.41 4.83 1.78 7.32 5.2 4.36 3.04 2.38 6.59 5.48 5.45 6.1 7.94 5.19 4.7 3.68 3.62 3.25 3.5 4.22 19.88 9.31 4.75 5.76 6.63
6.23 4.36 5.42 5.04 13.07 6.34 14.31 6.02 9.66 5.01 16.02 23.14 14.89 8.85 7.86 3.09 2.68 3.84 5.92 7.55 9.97 6.68 4.18 3.2 3.91 4.3 4.15 3.83 3.57 8.79 9.04 9.2 12.38 5.74 3.41 3.6 8.69 8.19 7.94 12.94 4.07 2.19 2.77 5.12 5.57 4.22 3.34 3.83 3.59 6.52 5.0 2.82 3.09 4.63 2.39 3.5 3.84 2.02 3.18 11.16 8.36 4.27 7.52 4.51
4.84 3.12 4.15 4.07 6.19 17.21 16.31 5.7 5.99 8.34 13.97 16.18 11.9 6.52 11.75 7.39 4.48 8.15 13.12 5.08 4.51 7.35 5.29 4.76 4.42 4.02 4.97 5.59 7.94 10.16 7.8 8.41 8.11 8.01 7.03 4.82 6.36 7.67 9.71 5.96 4.95 5.88 3.66 4.3 5.19 5.74 4.22 3.39 7.35 2.68 2.92 2.56 2.47 2.21 3.33 2.9 4.11 4.45 3.49 4.67 8.61 8.45 5.73 9.7
4.28 2.62 5.43 3.03 5.3 12.56 7.96 6.56 8.72 10.37 11.36 12.65 13.0 5.96 6.06 6.79 4.43 9.25 7.4 4.69 8.03 6.65 4.76 7.21 3.71 5.14 5.48 8.01 8.88 15.0 10.56 11.69 20.54 24.1 7.13 3.66 3.19 5.91 7.07 8.46 7.66 7.07 7.89 9.53 6.78 3.79 3.78 4.87 5.82 4.65 2.97 1.6 2.92 2.54 1.33 2.89 3.75 6.5 4.03 5.35 5.79 7.96 9.01 12.35
2.61 4.66 3.98 5.45 11.3 7.37 4.42 8.22 11.16 6.75 11.75 24.39 6.86 4.87 5.3 2.28 5.78 8.78 7.89 11.68 9.16 6.45 6.75 5.27 5.4 4.59 6.91 7.91 8.98 13.67 21.92 10.65 11.54 19.83 10.97 10.55 5.73 6.0 9.59 5.28 4.52 5.39 6.29 11.14 6.64 3.29 3.58 3.23 4.52 3.33 1.98 0.77 1.22 1.29 3.22 3.84 4.88 3.53 3.93 5.54 9.89 8.65 11.41 11.48
6.35 4.41 3.92 6.54 11.84 8.64 5.61 5.42 8.85 10.01 11.66 8.46 4.75 2.28 4.77 1.48 3.72 6.24 13.75 14.47 11.2 6.62 6.42 3.59 4.5 3.31 6.92 10.0 11.63 15.97 10.0 5.81 8.01 16.42 10.85 10.18 6.88 8.45 5.27 16.6 15.97 7.94 14.09 13.7 6.41 5.59 5.27 3.37 3.2 2.46 2.97 1.92 1.42 1.72 3.57 3.59 5.18 6.45 6.61 3.84 8.55 7.22 8.26 8.06
5.95 4.98 4.98 7.21 9.29 8.11 5.63 5.63 9.3 6.73 10.02 9.59 4.05 4.49 3.39 3.0 3.0 5.04 11.35 8.7 3.86 5.89 6.59 4.42 4.35 6.46 10.09 16.12 7.58 11.49 8.09 6.24 20.43 10.05 11.51 7.71 7.66 7.81 5.41 17.82 27.9 13.46 17.99 10.85 5.37 4.31 1.89 2.45 2.96 4.3 4.22 4.43 1.79 1.24 2.55 2.46 9.67 13.74 6.32 6.22 7.3 4.94 7.09 3.23
4.03 3.18 3.51 3.61 5.15 5.0 6.26 8.22 17.87 17.28 10.17 8.7 3.32 6.05 2.69 2.38 5.8 14.19 11.6 18.6 11.0 6.76 6.08 4.26 3.79 6.5 17.42 12.42 11.25 16.64 10.05 5.41 9.37 16.56 10.1 9.84 14.08 6.89 6.7 8.26 16.83 14.55 6.7 9.41 2.3 3.07 1.73 1.21 2.4 3.9 4.66 7.37 3.29 4.43 3.52 3.54 8.99 5.93 3.84 13.99 9.09 7.01 8.84 4.36
4.75 3.74 4.1 3.61 5.85 7.21 4.58 9.58 13.46 9.64 5.2 5.95 6.57 3.25 1.71 2.79 2.56 6.71 11.6 20.79 21.2 8.81 3.84 7.24 11.54 8.11 5.65 11.77 12.18 15.44 12.71 8.08 10.32 11.64 24.07 16.82 16.2 10.15 10.97 5.09 6.89 6.31 8.97 3.24 4.31 2.36 1.04 1.11 2.77 3.82 5.33 8.04 7.13 5.79 4.81 2.43 6.57 6.62 6.41 8.22 9.21 10.74 4.41 3.27
4.84 4.41 5.68 3.65 4.88 8.9 13.47 15.03 20.76 11.52 8.34 7.11 7.82 3.76 3.36 4.53 4.47 14.04 14.27 12.71 15.91 11.97 5.8 8.82 7.27 6.78 7.14 6.24 6.45 21.22 20.15 15.35 10.54 7.37 22.41 16.87 7.65 12.8 10.94 4.33 6.19 9.18 8.79 5.43 2.94 1.03 0.97 0.96 2.16 2.47 4.05 3.25 4.12 3.41 5.42 3.46 4.93 3.85 6.12 8.65 16.58 9.01 9.25 5.8
3.81 9.62 4.55 4.02 7.73 10.57 8.66 12.79 27.82 18.28 9.31 7.58 4.7 4.53 7.68 6.38 12.28 15.23 12.05 11.18 13.76 7.03 2.65 3.57 3.63 6.39 6.88 3.71 5.48 14.97 10.77 14.6 6.49 10.8 8.42 27.52 8.37 18.78 19.98 11.67 6.58 9.57 8.81 10.17 4.75 3.23 2.79 2.45 2.5 2.62 5.87 2.24 4.7 2.98 5.25 4.74 3.73 3.67 8.84 6.31 23.2 17.41 8.6 8.55
2.07 7.92 4.03 4.76 8.99 7.72 9.69 14.45 12.57 11.03 14.67 6.34 5.43 4.02 8.29 7.43 14.79 12.84 19.01 17.58 17.06 7.2 4.13 3.28 5.37 3.11 3.9 3.29 4.88 10.27 8.09 9.51 7.54 11.96 11.04 12.89 13.93 21.14 7.86 17.33 9.19 12.83 18.44 10.74 6.54 3.31 3.19 2.5 2.45 3.82 2.97 6.41 7.35 6.73 5.38 4.36 5.39 2.66 4.4 9.44 31.31 12.57 13.14 14.04
4.5 13.28 3.53 4.1 6.99 13.06 15.87 14.92 20.94 16.3 10.28 10.62 7.22 3.89 5.56 10.21 12.03 15.75 13.5 15.36 19.44 13.93 7.1 5.32 6.37 4.31 3.88 5.78 9.61 6.07 6.56 8.56 11.9 8.79 6.18 9.55 9.28 7.94 10.53 8.06 10.58 28.32 12.36 5.36 3.73 4.47 10.11 7.81 3.9 3.54 4.63 6.15 7.52 6.56 9.37 7.83 13.79 5.82 7.39 22.86 22.85 5.4 10.67 6.62
6.78 6.38 4.79 5.07 8.09 12.63 18.5 31.62 18.15 19.33 7.82 7.79 4.93 4.37 7.4 9.13 11.92 7.45 5.78 13.33 9.41 6.01 5.69 6.12 5.61 3.74 5.01 5.56 9.55 12.16 15.63 15.31 16.62 7.0 5.94 7.29 6.79 7.22 17.32 8.07 13.7 20.22 11.54 4.55 3.1 4.62 12.93 8.8 5.19 4.74 5.39 5.54 5.31 5.06 3.83 7.01 11.22 11.56 5.94 24.86 15.85 5.71 6.58 13.55
5.21 12.08 9.63 6.95 13.93 12.69 25.03 27.38 20.4 10.29 7.35 6.83 8.3 7.88 8.75 10.7 8.19 7.85 8.8 6.21 4.75 10.48 8.27 9.77 4.75 5.88 5.41 5.45 4.78 12.01 11.61 14.34 10.68 7.58 8.52 4.13 7.17 7.89 8.06 7.67 7.33 15.47 15.21 5.06 5.12 5.04 10.42 9.32 3.34 5.45 5.85 4.89 4.92 4.46 5.16 5.2 5.15 10.33 10.51 15.02 8.22 7.03 5.03 12.11
9.22 10.94 8.29 6.61 16.92 14.66 16.51 28.66 25.4 8.49 10.45 5.2 4.81 3.27 7.3 5.17 5.03 3.65 8.52 5.71 4.43 4.77 5.67 6.11 5.7 6.28 8.3 9.05 6.62 10.83 20.26 22.65 14.37 6.74 4.85 5.9 5.03 10.9 10.35 7.4 9.4 18.95 12.56 4.87 7.5 5.28 7.74 11.32 12.99 11.75 15.23 3.86 4.72 4.48 6.65 4.46 10.66 13.01 12.02 16.56 9.92 3.66 2.99 3.67
5.24 11.67 6.54 4.13 7.8 15.53 11.74 16.48 10.63 14.65 12.7 9.57 10.67 7.98 23.27 9.39 6.55 4.12 7.97 5.46 5.9 4.19 6.31 7.92 7.54 9.93 6.25 6.98 5.65 17.19 19.56 34.93 20.07 9.47 16.56 10.77 4.31 5.35 2.78 3.5 5.35 13.25 9.89 4.83 11.55 5.38 5.38 10.09 13.83 6.01 7.15 2.8 3.01 4.39 6.15 9.32 12.27 11.09 23.19 19.09 10.25 4.16 2.7 2.37
4.95 6.94 6.63 7.76 9.04 11.65 8.03 19.79 6.41 8.71 16.25 10.57 20.54 24.91 10.34 18.56 18.28 10.47 9.52 8.21 8.12 7.31 7.26 4.54 5.61 4.94 7.39 10.07 11.98 11.51 25.24 19.91 16.82 15.4 15.99 7.77 8.56 3.36 4.09 4.11 5.25 10.6 11.75 7.93 5.37 9.98 7.03 7.26 5.83 6.39 8.12 3.67 3.26 7.23 4.67 7.45 10.84 11.88 11.6 10.55 7.33 5.12 3.1 4.19
2.75 4.77 12.9 10.48 8.12 5.02 4.97 12.49 5.59 7.55 9.22 11.95 12.2 19.49 18.02 17.47 7.36 8.15 9.68 7.95 15.88 8.23 11.01 6.26 7.9 7.94 6.28 7.38 13.0 6.25 20.29 16.8 14.3 14.15 8.89 9.22 6.66 4.82 9.78 6.46 5.28 6.06 12.86 8.98 7.78 4.08 4.68 20.31 9.33 5.16 5.66 2.22 3.16 5.14 3.65 8.45 12.52 6.52 3.23 5.33 4.09 2.77 2.85 2.67
4.83 4.05 9.27 9.04 18.74 8.15 8.29 10.26 11.29 10.01 8.11 10.88 17.35 17.28 21.0 13.48 8.08 16.56 11.58 11.7 14.02 13.11 12.43 8.5 12.75 18.36 7.86 5.48 7.51 9.76 10.43 18.0 12.66 9.09 14.31 4.39 4.28 2.43 6.19 3.49 3.88 5.49 10.32 9.93 9.97 3.04 4.83 19.28 7.94 3.49 3.83 2.91 4.43 7.05 5.41 8.51 8.67 4.33 4.34 3.08 5.08 2.87 3.37 4.56
8.56 5.5 14.52 11.9 14.93 5.32 4.47 6.36 11.89 12.99 9.25 23.13 18.92 13.18 6.59 10.12 7.58 22.38 10.78 14.19 13.35 13.18 11.19 6.63 4.77 10.19 6.48 7.45 11.71 6.74 11.05 26.16 15.41 11.84 13.05 6.28 4.35 5.19 4.16 3.99 9.1 6.01 16.12 17.93 6.77 5.43 6.15 11.72 8.31 3.67 3.37 3.44 7.43 3.35 6.38 7.32 4.45 5.83 4.7 5.04 7.28 2.84 3.92 6.86
5.39 9.91 9.1 10.22 6.96 6.64 6.98 6.23 8.25 5.69 7.74 22.99 11.49 18.53 14.05 5.0 11.87 12.43 10.47 16.41 19.34 13.25 9.99 5.22 7.76 8.01 6.34 10.05 9.54 7.16 8.97 17.74 15.6 9.13 5.21 6.11 4.37 5.67 5.44 8.25 7.18 7.01 21.42 12.02 6.06 5.81 7.53 12.48 6.08 3.11 2.69 3.61 4.8 5.89 6.47 3.99 3.96 3.33 3.88 5.92 5.16 3.64 5.59 10.55
3.51 5.88 5.26 5.68 5.21 10.17 7.89 5.93 6.24 4.17 10.33 11.56 11.77 13.53 10.32 3.71 6.01 7.06 8.01 5.8 9.6 10.27 6.92 3.26 12.43 7.75 6.25 7.27 14.59 8.7 12.53 22.92 18.94 7.7 7.88 5.26 4.23 6.8 5.78 6.96 5.99 19.05 25.75 10.14 8.72 7.61 9.33 5.2 6.75 3.9 3.64 5.37 3.68 7.4 5.89 6.1 7.83 2.97 2.14 2.73 3.27 3.31 6.26 5.71
6.64 5.2 4.54 2.52 2.21 5.11 5.35 6.02 2.96 7.95 7.26 4.55 17.26 9.81 7.21 5.01 5.32 9.23 8.75 5.01 6.78 6.88 6.26 2.63 6.38 6.58 6.35 8.81 9.66 12.02 14.67 12.49 10.44 10.75 6.79 6.85 3.48 4.44 4.88 6.71 8.78 19.26 19.43 11.1 4.62 3.72 6.35 7.3 7.22 8.38 6.66 4.77 4.11 2.36 4.03 6.12 5.46 5.05 5.02 5.18 7.16 4.98 5.43 3.83
9.14 7.49 2.22 3.23 2.92 4.81 6.51 3.47 5.32 5.69 5.11 7.34 9.39 7.45 4.8 6.13 7.28 8.29 8.56 8.54 10.91 12.79 7.46 5.65 5.5 6.37 7.08 3.94 6.83 17.58 14.55 8.29 11.09 10.28 7.04 10.88 5.46 5.22 3.17 5.28 8.4 10.47 10.87 11.75 9.48 9.2 6.36 6.3 5.4 4.02 2.96 2.92 3.56 4.57 3.66 6.3 9.66 10.88 5.35 6.09 6.41 6.45 6.97 7.03
9.76 6.18 4.67 6.2 5.04 5.72 3.58 2.93 6.11 3.79 4.66 5.08 3.55 4.26 7.77 10.3 7.22 7.55 8.21 12.42 13.66 9.92 9.47 6.94 4.34 2.34 5.09 4.65 11.79 11.79 12.28 13.29 6.92 3.74 9.34 8.53 7.91 6.85 6.76 10.8 14.13 8.61 6.92 7.54 6.59 6.97 4.22 9.78 3.95 3.1 3.2 3.86 3.91 6.14 3.84 9.59 13.26 13.02 8.41 4.16 11.08 10.01 6.28 5.53
25.04 13.74 7.2 5.3 3.56 4.03 4.86 4.69 4.08 4.16 4.84 5.16 5.37 5.42 10.33 11.37 9.59 9.53 12.27 16.79 10.04 9.6 10.51 5.35 7.7 4.22 2.24 3.32 7.93 3.93 7.23 9.19 9.97 4.58 10.94 5.99 3.83 5.03 5.07 11.19 8.46 5.42 4.93 4.8 3.06 3.03 4.72 5.31 4.14 4.86 3.55 3.91 3.96 3.62 8.43 8.22 15.76 35.09 21.46 9.37 8.48 6.09 6.53 6.07
15.72 8.98 3.97 7.9 3.3 3.28 6.08 4.7 4.21 3.79 3.75 4.57 4.43 3.98 8.0 8.16 12.58 12.93 14.04 9.57 16.1 9.56 6.2 8.76 10.54 6.4 2.75 3.41 8.64 7.55 7.02 11.19 13.22 9.86 8.57 12.01 7.84 3.88 4.95 4.56 6.67 7.76 4.21 5.8 3.03 5.82 5.13 4.36 6.83 4.48 4.21 4.11 2.6 4.04 6.95 15.95 12.05 37.19 18.47 6.4 5.39 5.71 4.3 4.95
12.1 10.09 6.25 6.88 5.43 5.34 5.99 6.14 4.59 4.28 5.17 5.14 5.89 5.14 7.62 3.9 5.48 7.0 11.2 12.65 10.83 16.04 15.43 15.85 9.8 7.18 4.19 10.42 14.54 8.51 15.3 9.68 12.61 14.32 7.78 10.23 3.16 3.88 5.15 3.74 4.24 6.45 3.72 5.27 2.66 4.94 6.01 4.67 4.83 5.09 5.89 11.71 9.12 3.55 7.85 8.86 20.2 26.88 15.35 9.27 4.95 3.42 3.04 3.71
11.14 9.57 5.32 7.34 10.74 11.1 10.2 8.58 6.32 7.29 6.88 9.04 9.05 3.32 5.98 3.11 4.64 4.25 9.59 5.31 6.44 6.63 18.76 12.0 24.55 11.63 7.76 22.24 16.84 8.31 14.96 17.81 13.02 15.5 13.42 6.92 3.79 7.42 4.74 4.53 2.66 4.38 3.23 4.81 6.73 2.78 4.16 2.9 8.58 5.15 6.52 12.21 11.2 3.82 6.08 9.68 14.83 15.8 18.01 6.73 2.06 2.64 2.96 2.64
9.29 5.19 3.36 9.37 8.3 11.23 7.87 8.3 8.21 7.46 8.07 7.03 8.07 5.2 4.78 4.99 2.96 2.29 10.49 7.02 4.17 5.19 8.39 13.0 12.72 8.93 14.58 17.47 5.36 12.72 21.2 15.8 14.58 8.36 6.26 6.44 4.01 3.7 3.36 1.57 2.71 3.85 4.59 3.75 2.84 5.86 3.44 6.75 7.0 6.09 8.02 6.83 9.15 10.41 10.84 10.97 11.08 10.77 16.13 7.42 5.04 2.24 3.39 2.82
10.75 5.18 3.4 4.3 14.96 13.71 9.93 6.15 2.94 4.23 8.22 14.77 7.53 7.25 5.25 3.37 2.07 3.79 5.04 4.04 4.56 6.38 8.82 8.43 17.02 12.87 19.27 9.84 10.97 15.46 21.3 14.47 21.21 7.47 5.77 5.41 5.24 5.22 2.12 1.07 2.29 3.04 2.09 2.97 2.13 4.62 6.21 6.66 4.72 7.21 5.67 8.64 7.91 6.56 10.1 7.63 8.74 16.68 15.28 10.0 4.27 5.74 2.8 4.62
17.5 7.04 2.98 6.05 8.87 9.28 8.54 7.13 7.19 4.72 12.95 11.07 7.1 4.88 3.0 3.77 4.1 4.11 2.95 3.2 6.3 8.68 11.9 7.23 13.85 31.13 13.86 20.38 14.58 18.72 12.86 18.78 22.01 17.91 8.7 8.04 10.61 6.42 2.32 1.72 3.9 2.51 2.71 4.01 3.23 3.32 5.18 3.73 3.64 3.28 2.4 6.15 4.67 6.79 10.01 15.45 26.63 14.12 16.2 8.03 7.53 4.39 2.06 3.3
16.74 7.58 12.77 7.5 18.1 12.26 7.62 10.33 10.75 6.45 6.17 4.69 15.72 6.13 6.16 5.23 3.18 6.78 5.97 2.86 5.13 10.97 5.47 5.69 11.28 35.83 20.49 14.03 16.53 9.79 6.18 9.88 13.39 9.21 6.46 5.06 7.29 7.44 6.26 4.1 6.2 5.44 3.75 2.66 2.83 6.42 2.45 2.28 4.54 1.29 3.72 6.82 6.26 2.74 5.09 13.51 19.58 16.11 18.7 16.76 18.1 5.3 4.92 4.66
9.78 7.52 11.95 12.21 15.3 9.65 9.99 7.77 2.78 6.41 5.16 6.14 11.37 7.18 4.19 4.08 6.12 6.47 6.21 3.95 11.71 10.3 7.27 13.15 12.63 22.08 18.0 19.58 11.74 9.75 5.49 8.88 7.09 14.24 5.04 11.61 8.92 7.75 10.11 8.17 7.14 6.44 3.05 4.62 9.4 5.19 3.28 2.32 2.51 3.13 2.53 2.39 3.43 1.65 2.76 7.34 9.43 8.93 7.26 3.69 6.42 7.24 6.05 4.06
5.19 13.89 9.86 14.81 8.7 15.03 17.72 14.37 5.72 3.25 6.16 3.71 6.94 5.99 7.78 5.19 5.32 7.21 17.06 5.35 7.83 11.33 13.76 9.41 12.54 23.48 15.73 12.06 8.85 4.43 6.15 4.25 5.06 9.59 9.99 6.5 5.27 8.66 9.14 7.01 6.37 5.51 3.02 3.44 3.73 3.94 3.03 4.25 2.77 4.42 2.97 2.05 3.3 4.12 3.89 10.68 11.5 20.42 20.39 7.39 7.24 8.4 3.86 4.4
