6.78 8.67 4.11 3.54 6.14 14.01 10.16 6.95 13.28 14.84 11.62 5.69 3.32 5.43 3.39 3.02 3.89 3.67 4.02 3.85 4.27 7.09 6.5 11.89 9.81 9.39 7.64 7.79 7.04 11.48 12.46 20.79 11.37 11.04 11.21 17.03 16.96 6.19 7.13 4.93 12.02 11.29 9.28 12.39 14.65 9.0 9.07 8.07 11.29 17.48 7.4 5.86 10.13 11.34 17.2 9.18 11.35 17.31 10.59 13.4 9.77 13.98 9.75 27.13
3.52 7.19 10.54 9.19 8.84 9.35 15.23 13.14 10.02 8.48 7.26 8.45 4.06 1.88 2.49 2.75 5.2 3.39 5.29 3.52 5.6 6.34 7.41 7.95 7.18 6.59 5.8 6.26 8.44 4.02 14.11 16.94 13.96 11.28 14.12 12.16 14.59 14.54 13.05 11.81 14.59 12.91 8.74 9.08 8.12 6.38 6.98 5.06 6.62 8.59 4.15 5.78 5.12 12.08 6.14 5.65 5.12 9.96 10.55 18.86 19.98 14.48 21.05 14.33
4.78 5.3 8.7 8.56 8.85 6.49 19.69 11.65 9.25 5.14 4.31 7.02 4.7 2.24 6.03 4.01 4.5 4.12 7.12 6.97 4.68 7.74 5.08 7.27 8.13 7.9 3.79 3.87 6.89 4.32 7.65 5.11 4.9 10.26 4.84 9.2 10.94 12.94 20.47 11.85 8.11 5.46 10.67 6.46 3.73 1.92 5.07 8.53 7.17 6.51 9.69 6.31 8.08 11.43 13.82 7.28 6.49 12.01 14.67 21.38 10.93 10.19 18.57 15.84
8.28 8.32 7.68 12.75 11.5 5.26 9.18 7.6 7.53 6.5 2.34 6.05 3.69 7.21 2.59 2.96 2.2 8.94 8.2 6.55 2.94 8.71 4.42 6.26 4.93 8.04 5.54 5.34 5.6 2.68 4.05 6.63 4.95 5.1 3.43 5.27 15.46 11.91 10.44 7.36 7.22 4.54 4.18 4.8 2.97 3.4 5.01 6.29 9.75 9.15 9.43 7.97 6.9 11.54 19.13 8.76 7.32 19.02 22.81 17.35 6.77 9.81 12.87 18.09
8.89 10.47 9.02 8.37 8.18 10.85 15.17 13.23 9.78 10.17 3.88 5.34 4.35 6.32 5.23 1.66 2.72 4.88 6.45 8.43 3.39 3.6 3.29 7.35 5.84 7.06 10.48 6.17 6.1 1.5 3.12 3.8 5.77 14.07 5.23 5.22 9.69 10.56 8.74 4.28 3.2 2.94 3.28 5.06 3.13 5.35 6.29 9.22 21.12 12.38 7.89 5.98 6.9 10.22 14.41 6.51 9.32 6.29 10.47 10.63 5.16 14.51 6.18 11.44
6.95 9.78 11.06 5.61 5.79 9.93 19.2 16.25 19.72 7.16 2.53 6.64 8.99 7.01 5.66 1.45 2.5 2.47 4.67 5.97 5.25 5.55 3.87 7.55 8.85 12.23 14.87 6.7 6.23 2.85 3.71 3.05 6.45 10.12 11.9 4.96 5.04 5.8 5.27 4.11 2.73 2.72 3.1 5.25 4.38 5.21 8.38 6.71 14.88 11.77 3.11 2.98 5.48 8.13 5.79 5.57 7.14 7.2 11.21 7.84 7.03 10.73 7.57 11.11
8.66 13.58 3.89 3.48 6.35 14.61 12.47 9.19 7.52 6.23 2.77 5.41 4.78 6.12 8.2 2.24 3.24 3.31 6.28 6.17 4.42 4.66 4.93 8.62 11.93 11.74 10.86 11.01 5.07 2.51 1.9 4.44 7.05 11.83 10.58 4.02 3.71 5.12 2.0 4.11 2.81 3.87 4.8 6.88 7.65 20.86 9.46 8.19 8.67 6.97 3.45 5.15 5.87 9.96 7.75 10.4 7.78 9.12 6.29 7.92 12.04 10.64 11.21 15.54
10.35 14.7 4.1 4.25 11.79 16.57 11.06 10.32 10.33 6.65 4.26 2.44 3.0 3.9 9.79 3.78 2.88 4.42 8.01 5.73 4.99 6.24 9.5 10.47 13.4 4.84 2.97 5.51 3.09 2.31 1.38 4.7 7.18 8.4 6.65 4.73 5.23 5.83 4.39 3.18 6.1 4.57 10.15 10.68 9.83 17.65 4.3 5.29 4.99 7.26 5.89 4.54 6.17 11.32 10.56 21.31 6.82 8.27 8.27 11.28 9.41 18.66 6.44 14.26
4.74 3.85 3.21 5.97 8.12 6.28 4.09 10.83 9.06 4.09 3.78 3.7 2.86 3.46 5.2 1.38 2.51 3.92 5.13 3.28 7.73 6.39 5.75 15.85 24.25 5.1 4.12 5.48 6.2 4.23 2.5 6.32 10.67 4.78 6.26 6.57 7.32 6.18 4.46 3.98 6.26 3.97 9.66 7.66 8.61 10.48 7.21 4.16 4.92 3.7 5.87 7.2 10.58 22.41 22.43 18.12 10.53 13.23 16.68 10.42 14.39 11.26 8.32 11.78
3.8 2.59 2.44 4.83 4.17 7.13 7.89 8.62 6.87 5.47 7.27 11.64 5.02 5.0 4.86 1.95 3.56 5.1 8.03 4.38 5.14 8.58 3.33 9.04 14.34 4.58 5.15 7.0 4.89 6.58 4.93 9.78 13.68 6.58 7.76 11.09 6.51 5.26 6.15 6.34 3.94 3.37 6.45 6.09 9.55 8.03 10.42 4.61 7.66 4.01 7.24 10.09 13.36 17.84 10.35 15.23 20.31 18.24 15.09 9.67 9.77 10.39 14.92 8.82
3.24 2.41 1.61 5.61 7.99 10.13 9.83 9.15 10.4 5.45 7.82 12.61 6.3 6.91 5.7 3.8 3.34 7.06 7.45 3.36 4.69 4.9 6.04 5.44 7.97 5.44 8.42 3.71 3.01 6.46 7.36 6.93 8.26 5.12 8.18 10.8 7.56 11.98 9.98 4.73 2.74 3.46 3.76 9.98 13.89 13.51 12.62 7.3 13.99 8.91 8.1 17.58 8.1 6.79 4.33 9.62 17.42 28.24 19.47 4.54 9.82 11.71 7.37 6.16
5.25 2.96 3.02 8.27 8.99 6.83 5.38 5.7 8.38 3.86 11.17 9.08 5.21 5.42 4.57 4.67 4.56 5.95 5.94 4.79 2.79 2.08 4.92 5.18 8.32 6.54 8.18 6.77 3.82 8.46 5.35 8.51 5.67 5.76 8.61 12.89 19.08 19.27 11.91 4.45 4.69 5.86 4.12 11.87 12.93 28.4 21.74 12.15 23.12 7.2 13.71 7.26 6.49 3.49 4.96 7.53 9.78 20.14 14.81 10.36 11.55 10.71 6.89 5.75
8.69 6.87 7.52 9.65 8.25 8.59 4.56 5.72 6.51 7.2 7.59 6.07 2.84 6.23 6.93 8.59 7.76 8.98 5.12 3.18 2.24 5.61 4.94 18.89 10.8 11.45 12.05 12.94 6.88 7.39 6.01 6.03 10.42 8.37 12.5 12.39 9.76 15.03 7.8 5.18 3.6 4.64 5.52 8.18 13.68 19.97 20.47 13.13 15.14 5.66 10.43 8.37 3.99 3.13 2.53 6.54 6.94 7.09 8.04 6.67 18.77 11.61 9.64 8.47
4.36 11.02 10.23 9.23 5.24 11.24 5.33 6.48 6.87 8.01 7.73 5.15 7.72 9.17 12.2 9.37 9.01 7.21 5.49 4.03 2.73 6.14 7.31 9.02 11.89 10.27 10.77 8.4 5.76 4.72 5.51 5.98 6.81 10.61 8.31 7.45 8.65 10.36 4.89 4.5 4.72 3.34 6.19 9.47 7.71 21.02 18.26 20.16 15.64 6.98 11.19 8.63 6.71 5.0 3.14 5.37 9.0 6.69 3.6 3.64 8.79 8.74 5.69 5.87
6.82 11.83 6.22 4.99 7.29 5.16 9.37 5.61 7.1 5.5 6.58 4.34 5.33 10.75 13.13 11.25 10.49 5.38 7.05 4.86 4.2 6.34 7.94 13.38 23.69 11.7 7.91 9.85 6.0 6.27 6.21 6.94 11.13 9.41 19.83 12.48 9.03 5.35 2.67 2.96 6.0 5.41 8.8 6.65 10.98 27.92 12.83 17.05 8.67 9.61 8.34 6.59 5.6 7.44 5.36 5.91 5.27 4.9 3.98 4.53 3.29 8.32 4.72 10.65
7.75 3.31 4.74 6.9 6.73 4.29 7.23 13.93 15.07 7.45 4.76 4.78 6.03 7.15 11.12 9.98 18.94 11.46 5.79 4.21 8.47 10.15 8.79 15.14 13.34 11.44 8.29 5.78 10.2 8.49 7.5 6.45 11.18 13.53 23.0 8.78 4.91 4.47 2.79 4.25 4.84 6.68 6.86 9.0 13.76 37.53 25.91 23.34 9.85 12.62 15.35 9.9 7.88 6.18 4.41 8.83 6.66 4.18 6.87 4.2 3.32 3.05 3.39 5.26
7.67 4.51 5.87 7.51 10.96 8.65 10.84 19.73 18.96 8.48 7.76 4.35 3.22 9.8 11.47 9.34 4.45 5.27 9.08 7.5 6.31 8.85 8.14 15.18 6.73 12.8 14.89 11.36 11.98 7.26 9.09 8.01 11.69 11.87 13.3 12.93 8.06 3.67 2.45 3.22 4.32 4.58 6.87 11.68 14.22 17.13 17.7 18.63 22.92 14.13 14.58 10.17 7.41 6.63 13.37 19.15 11.98 4.59 7.67 5.02 5.06 4.93 4.11 6.54
9.82 7.26 9.1 9.73 6.29 10.54 23.18 30.85 16.74 7.71 7.03 6.49 2.57 5.67 5.2 11.89 6.17 4.14 6.38 4.72 4.51 7.2 5.34 9.75 6.93 10.93 21.1 11.34 18.67 13.29 24.56 20.46 9.01 8.96 20.35 19.19 9.8 5.6 2.21 3.32 4.35 2.91 4.79 10.51 7.8 6.86 5.19 13.8 15.28 16.82 8.98 7.31 13.94 8.41 15.46 14.56 11.54 8.5 6.76 2.75 2.77 6.5 6.75 4.69
6.44 6.28 11.85 8.44 19.97 14.61 22.64 27.77 28.04 5.43 8.9 8.23 4.66 3.42 3.09 6.76 13.64 4.03 5.08 2.77 3.61 5.0 5.51 7.28 7.59 10.95 10.03 6.03 10.41 12.33 25.75 27.71 10.22 11.49 14.15 17.18 7.51 7.87 4.29 3.33 4.88 2.54 3.06 6.95 6.22 5.99 3.75 9.23 9.48 9.63 9.95 10.38 23.97 6.05 13.39 13.4 18.52 15.61 6.88 3.73 3.23 9.65 7.58 6.2
7.29 10.01 14.19 4.84 14.53 20.81 22.68 22.42 15.54 16.99 22.65 8.86 3.68 4.13 6.09 5.7 3.78 2.98 12.03 4.12 2.59 3.99 3.72 12.82 7.59 8.96 10.99 9.25 6.13 8.27 32.4 18.25 15.66 13.69 13.77 17.15 8.51 10.67 4.83 3.63 4.83 2.51 4.49 15.2 12.92 5.02 5.15 9.88 13.97 9.0 11.52 11.48 7.16 5.14 8.03 10.41 17.0 10.18 5.51 4.09 3.96 7.76 6.74 7.1
8.0 22.46 16.18 9.89 14.45 26.88 19.71 18.65 11.17 11.09 12.51 11.64 5.66 6.13 4.37 3.84 2.75 4.33 9.01 3.34 2.28 5.24 4.65 12.74 6.54 5.76 8.17 8.34 4.04 12.0 23.51 22.97 21.6 24.83 21.42 19.55 19.05 13.16 6.44 4.23 4.63 6.1 9.12 12.5 8.03 5.71 7.57 4.36 6.09 5.76 8.51 4.72 2.81 3.04 3.77 6.51 4.81 6.95 6.15 6.85 4.06 7.76 8.43 7.05
8.26 14.9 9.79 7.03 13.76 15.21 10.2 11.5 10.14 6.65 9.17 9.05 9.54 8.93 6.58 8.08 5.76 6.26 6.74 5.94 6.72 16.25 7.52 7.41 10.91 6.15 13.34 9.63 8.3 15.03 17.2 11.28 12.92 16.87 22.65 14.33 16.98 10.07 11.46 3.22 5.37 3.51 7.55 9.13 3.73 4.13 8.12 5.52 5.08 5.23 2.64 2.86 1.89 2.82 4.71 6.46 6.36 5.63 6.37 8.25 3.32 9.49 10.01 12.25
7.49 12.63 13.34 7.14 7.19 9.81 7.4 11.66 9.19 7.23 12.52 11.93 9.93 10.34 13.55 10.18 6.51 7.33 7.91 6.31 10.77 10.88 8.53 4.75 7.66 10.1 13.26 8.69 6.64 11.87 10.57 10.4 16.35 11.03 14.24 15.02 15.91 8.63 13.69 6.45 4.89 5.65 5.15 7.31 3.14 3.73 7.08 5.15 7.77 4.31 3.37 2.11 2.59 2.78 5.07 4.92 5.63 2.66 2.9 3.57 4.37 4.55 6.54 8.31
11.66 8.13 5.13 4.85 9.88 12.18 6.64 9.05 4.97 5.52 7.15 13.94 6.9 7.52 6.79 4.4 4.8 9.6 14.31 13.54 6.05 10.24 5.02 7.15 7.88 20.26 9.27 10.88 7.37 8.22 9.98 7.36 9.77 8.68 8.51 11.92 10.44 10.1 9.47 11.13 7.77 7.7 4.33 3.78 3.81 4.7 6.45 4.67 9.9 7.98 3.14 3.2 2.76 3.94 5.22 5.7 3.31 4.7 2.18 1.45 2.67 3.84 7.7 8.92
8.18 5.77 1.48 5.79 7.07 10.29 3.11 3.78 5.33 4.51 4.84 5.03 5.87 9.24 4.21 4.29 4.36 10.75 19.65 19.04 15.17 18.21 26.26 6.12 10.29 17.95 16.65 14.88 11.08 10.39 13.0 8.47 7.97 13.14 12.6 10.19 14.72 7.68 6.62 11.0 5.82 8.2 3.86 7.07 4.68 6.09 5.26 5.49 8.5 10.11 4.9 8.52 2.56 5.83 11.65 9.97 3.8 2.77 3.34 3.24 2.61 2.77 8.9 12.05
10.44 9.29 3.32 6.91 8.07 12.74 6.92 4.88 6.4 4.42 5.23 3.89 4.68 7.65 8.69 5.97 5.26 9.37 24.44 23.5 26.4 19.19 24.61 5.77 19.81 24.03 11.08 16.63 14.31 15.1 9.19 9.92 6.24 14.29 11.44 6.27 10.2 6.78 10.08 6.05 3.7 4.19 3.98 10.45 5.99 2.88 5.2 7.35 8.22 5.47 4.32 7.29 12.99 8.54 17.85 6.87 6.09 3.51 3.57 4.37 2.72 8.54 7.98 3.7
18.38 10.42 6.34 10.8 10.45 22.91 11.58 13.28 6.11 6.19 4.11 5.01 9.25 10.26 13.69 5.26 6.38 7.33 11.75 15.02 8.28 9.63 14.5 8.08 12.56 14.33 12.68 20.64 10.73 15.96 19.96 12.95 6.03 6.05 10.07 7.23 7.03 5.11 6.04 11.02 5.42 4.38 4.31 11.14 10.35 3.35 5.77 7.05 10.05 4.62 3.31 6.25 6.89 11.45 7.6 3.99 5.66 5.61 3.11 3.29 3.49 5.74 6.59 2.73
16.18 7.89 8.79 10.06 17.45 25.74 10.76 8.09 7.66 6.63 5.62 4.34 13.03 8.09 11.63 6.64 8.12 7.2 11.82 8.03 6.29 4.33 14.18 15.48 17.02 12.65 15.33 35.82 21.75 16.32 24.24 10.09 5.78 9.53 4.48 3.84 5.42 8.04 5.35 2.78 2.57 4.46 6.0 9.87 5.98 5.2 10.05 6.59 4.68 6.08 5.3 8.3 3.62 4.98 5.87 7.36 5.73 5.28 6.7 10.23 3.59 7.69 4.58 5.74
9.42 4.37 8.97 11.06 24.88 19.3 12.27 10.4 11.24 6.66 8.02 8.69 14.07 16.24 6.84 8.12 9.49 11.53 9.07 6.0 10.94 6.78 10.76 13.17 15.65 21.01 13.94 15.48 17.43 14.33 19.09 7.3 4.91 5.52 4.13 3.49 4.71 6.42 3.32 1.85 4.81 3.67 5.83 8.2 5.44 10.22 9.32 3.81 6.5 20.56 8.79 5.27 4.15 6.33 7.89 4.1 4.12 4.89 11.5 11.39 3.91 5.83 4.83 5.53
7.96 6.27 11.91 14.32 16.92 19.88 14.31 11.11 10.64 10.16 7.99 15.42 7.73 13.72 9.01 11.57 7.27 9.15 11.39 5.37 6.38 15.14 15.46 13.28 16.9 19.13 9.15 10.95 10.61 13.76 13.58 5.21 4.15 4.18 5.35 4.36 3.98 7.42 6.02 4.8 4.25 2.49 8.65 10.65 8.03 9.87 11.82 7.2 8.07 6.6 6.81 4.45 11.37 5.7 6.66 4.19 9.55 6.13 12.52 7.77 3.42 4.78 7.76 3.23
11.83 10.63 16.84 21.47 16.97 18.93 15.86 10.34 8.57 14.69 17.3 28.71 9.7 11.72 11.16 9.9 6.71 11.35 14.22 7.74 7.77 19.77 14.21 16.83 18.37 10.8 6.18 8.35 8.31 8.01 11.68 4.4 8.69 5.38 3.68 2.64 2.6 9.1 10.67 5.13 4.94 3.05 8.65 12.06 7.76 7.67 11.15 7.35 5.93 3.06 3.69 5.85 5.14 3.76 8.32 6.51 4.65 6.32 8.09 12.16 4.57 8.05 10.07 5.43
22.71 17.17 15.5 19.25 16.07 11.93 9.28 9.15 13.48 16.92 11.69 18.0 14.99 16.59 15.41 5.88 8.48 11.12 11.02 4.82 5.72 12.79 11.21 10.69 18.78 5.22 4.16 7.94 7.44 6.23 10.52 7.22 7.93 10.03 5.06 6.52 5.14 10.32 9.15 11.65 11.38 7.9 8.22 9.63 4.54 10.11 6.57 5.91 8.23 3.88 2.14 5.08 7.73 5.85 6.84 5.81 6.42 7.42 8.03 10.11 6.03 9.57 10.64 5.32
31.96 21.41 14.79 13.04 11.19 7.75 8.99 7.45 18.94 16.77 13.79 26.31 22.5 14.19 17.22 6.49 11.23 13.87 7.1 4.84 5.21 12.77 10.28 12.35 8.35 2.65 4.79 9.8 5.53 11.97 16.31 12.18 6.51 10.12 4.12 7.81 6.84 7.01 9.18 7.56 17.68 12.92 6.07 5.29 6.63 11.69 8.85 5.65 5.76 6.24 3.66 7.08 12.4 5.85 7.38 5.0 6.94 9.72 11.15 12.8 6.31 12.24 6.65 5.53
33.4 14.17 10.17 9.12 9.62 19.24 8.78 10.33 14.61 17.74 10.24 27.95 8.37 6.75 10.67 8.62 8.56 4.45 6.0 5.41 8.65 6.77 5.23 8.62 4.86 4.29 5.99 11.38 12.96 15.44 21.94 7.94 11.55 16.19 9.35 5.83 6.13 6.48 7.08 7.74 8.16 8.51 5.92 5.79 3.92 6.59 6.75 4.77 6.77 8.03 4.76 12.81 5.3 5.19 9.35 6.57 5.87 5.69 7.82 11.26 9.67 26.54 12.77 5.8
22.59 12.94 13.42 14.3 12.79 18.08 11.63 17.95 16.73 8.85 10.59 10.78 9.2 6.11 6.56 5.42 10.33 4.95 5.03 4.52 8.75 9.97 5.93 4.41 3.79 5.13 5.2 11.36 8.42 15.4 23.52 10.57 7.43 8.17 7.87 6.86 4.69 4.0 8.25 15.57 11.63 13.29 11.33 7.4 4.88 7.15 7.73 7.19 10.49 5.39 6.69 9.79 3.68 5.36 9.42 8.03 3.8 7.41 13.1 14.71 13.33 9.41 7.14 6.5
39.6 16.05 21.08 16.46 16.49 22.61 16.51 6.43 17.45 5.28 10.26 7.34 7.8 7.21 7.19 8.1 10.33 9.69 5.02 6.14 7.16 7.21 8.06 3.79 3.36 3.73 4.39 11.54 9.63 11.05 14.53 14.02 15.17 10.13 8.15 4.71 4.82 4.47 7.89 9.28 14.81 10.05 16.36 7.29 5.58 12.46 12.24 7.02 3.84 3.08 3.03 7.43 3.92 3.39 4.98 3.92 5.29 6.01 12.03 7.52 9.56 7.62 5.93 9.97
22.94 17.1 34.21 24.25 12.4 9.69 6.13 7.1 9.88 2.94 5.8 7.73 5.63 3.75 5.1 11.34 12.64 9.12 5.74 6.35 6.73 8.84 9.34 4.05 5.7 4.39 3.6 8.6 6.52 6.36 7.11 18.77 12.92 11.25 7.06 4.84 6.38 2.88 6.72 9.25 14.62 14.81 8.73 7.11 6.99 12.97 5.87 5.77 6.96 3.99 7.05 5.87 4.6 3.63 4.82 4.68 9.73 7.32 6.93 4.91 6.44 7.89 13.85 11.25
10.92 11.23 19.49 24.36 10.35 7.0 4.46 3.84 5.11 7.74 5.48 15.59 11.53 4.01 6.83 9.2 9.62 8.65 6.71 5.58 4.08 9.48 8.72 14.84 16.56 8.91 3.63 6.16 5.19 7.41 7.33 9.55 10.77 8.05 5.41 2.93 5.06 7.14 4.86 7.79 7.82 21.55 12.0 7.55 7.7 6.57 8.12 6.52 6.35 5.51 7.11 7.97 4.64 5.28 3.23 7.81 9.04 7.32 4.53 2.32 5.18 6.28 16.2 12.98
8.32 16.52 12.38 10.71 5.66 3.66 3.52 2.15 3.21 3.21 9.04 17.32 10.55 3.34 4.95 5.98 11.46 9.72 4.04 5.06 7.3 9.89 12.31 6.99 11.86 6.86 5.87 4.24 5.01 9.32 6.21 7.02 5.59 9.53 8.41 2.72 3.69 5.79 5.28 6.28 7.86 10.75 8.36 7.55 7.75 5.34 4.4 3.99 5.93 8.16 13.36 7.13 5.75 5.07 4.46 5.34 5.57 9.08 7.45 2.6 5.07 8.85 12.15 14.67
8.08 10.95 10.76 8.07 5.96 3.63 3.02 1.84 3.65 4.13 12.11 9.67 5.2 5.42 4.67 6.54 3.6 5.95 5.67 5.63 6.19 4.72 7.98 14.8 5.91 2.5 4.47 3.61 2.28 3.5 4.46 10.21 12.64 9.6 6.69 3.72 10.2 4.79 7.1 6.15 9.41 5.81 7.29 11.84 6.84 2.96 6.36 4.07 7.91 16.26 23.62 10.16 8.31 5.56 3.55 3.55 4.81 6.99 5.25 3.63 5.61 11.97 6.84 13.8
9.89 7.75 8.94 6.78 2.91 4.37 1.47 1.76 4.54 7.18 7.75 12.24 8.17 6.24 3.55 5.77 4.97 5.21 4.67 9.46 11.9 6.76 5.85 13.22 5.34 3.74 5.52 2.79 2.82 6.08 8.36 11.13 9.01 5.03 6.78 5.79 10.04 4.71 3.57 8.71 7.69 8.54 6.24 10.23 5.54 4.85 7.6 9.08 15.59 35.93 18.28 13.6 9.58 8.01 5.16 4.72 4.27 2.89 3.57 4.42 5.58 3.62 3.9 9.9
10.7 7.35 12.5 9.09 6.72 3.23 2.15 2.78 9.34 10.63 8.41 6.57 8.84 6.77 3.33 5.16 7.45 3.24 3.98 5.16 5.29 10.67 6.31 10.55 6.79 3.1 4.21 4.64 6.03 10.44 5.65 4.57 7.28 8.31 9.55 3.1 5.29 4.19 2.41 5.32 7.55 15.22 11.35 8.83 6.02 7.4 10.3 13.83 25.22 41.83 25.45 22.84 10.36 4.25 3.58 4.16 3.02 1.94 2.16 5.65 6.99 3.03 5.07 7.82
12.02 11.83 19.57 12.64 5.5 2.7 2.08 3.74 5.79 10.06 6.84 6.97 6.04 5.81 4.26 7.39 4.07 3.32 3.3 3.69 3.95 8.65 5.28 5.34 8.43 4.97 7.25 3.2 6.63 11.04 6.17 6.01 8.72 5.23 7.83 2.79 3.12 2.59 6.87 8.15 10.04 8.5 7.59 6.53 5.43 5.72 5.24 11.98 24.13 42.37 20.86 13.49 8.37 5.36 6.68 2.29 3.26 1.93 4.59 7.32 5.81 3.17 5.25 3.45
14.31 13.68 14.55 9.63 4.16 2.38 1.79 2.6 4.16 5.2 2.86 7.08 7.09 6.49 6.15 6.92 5.48 4.1 3.36 3.5 5.81 6.94 3.34 3.25 7.54 4.5 3.83 3.81 3.19 7.02 5.36 4.2 3.55 4.17 4.52 3.23 1.67 2.47 5.9 6.89 7.19 10.09 14.56 9.94 5.47 5.0 6.44 16.42 14.77 14.72 14.42 13.94 10.52 5.78 7.86 4.29 3.75 2.01 6.02 10.88 12.69 6.2 3.35 3.02
16.78 11.09 12.34 4.9 4.25 3.02 3.6 2.44 2.37 5.54 2.94 6.51 4.98 5.19 9.75 8.64 6.6 4.36 9.11 4.77 5.38 6.27 3.82 5.75 5.05 2.6 2.85 4.54 3.36 3.57 6.65 6.4 3.37 3.11 3.55 6.58 2.19 2.7 4.91 7.56 6.89 11.51 11.35 10.12 7.21 7.98 5.79 13.98 14.35 21.46 8.8 13.97 7.98 7.33 5.4 4.43 3.37 4.67 7.02 15.27 5.92 5.53 4.6 6.17
15.8 15.76 9.0 6.22 4.42 3.3 3.34 4.57 4.99 5.93 5.48 8.88 5.43 9.34 20.84 9.7 4.42 3.7 8.48 5.94 11.22 5.19 5.27 5.2 5.47 3.4 2.43 3.65 3.61 2.7 5.4 8.91 2.88 3.85 3.28 5.38 3.88 6.14 6.1 9.6 7.18 16.45 11.84 9.67 10.38 7.65 10.22 10.35 16.61 19.79 8.53 7.34 8.87 7.89 6.05 4.19 3.34 4.15 6.41 3.8 4.85 4.0 2.92 3.27
18.41 25.81 10.41 3.44 2.96 1.47 3.76 8.78 6.52 4.21 6.15 17.04 9.53 10.38 9.59 7.65 9.71 5.3 3.9 6.58 7.69 4.42 2.8 3.64 7.65 7.39 4.43 3.25 5.57 8.09 8.95 5.0 3.25 7.09 4.91 5.35 5.07 8.93 8.69 3.78 5.51 4.13 13.84 6.52 8.32 3.43 4.37 11.44 12.38 11.56 9.13 9.37 17.52 6.21 5.76 3.38 4.97 7.12 4.97 4.66 5.02 5.12 2.92 6.18
9.87 11.22 8.79 3.38 5.35 3.9 4.44 5.52 6.56 9.48 10.35 13.34 7.41 11.12 9.5 4.58 5.04 7.74 9.76 5.41 4.5 4.06 5.7 5.78 9.7 5.96 7.59 6.67 5.3 4.12 6.09 4.74 6.06 6.95 5.51 4.64 12.74 10.34 9.64 4.89 5.57 6.96 9.0 7.29 6.47 5.78 4.87 7.08 8.56 10.43 11.75 10.71 9.37 6.6 3.72 3.87 3.5 7.77 6.67 11.32 5.13 5.58 6.46 8.55
5.76 5.91 11.25 4.83 6.52 4.44 8.12 12.87 16.27 18.9 11.14 9.49 8.58 8.7 5.89 3.82 6.52 4.34 5.19 5.29 4.47 6.3 3.45 4.79 7.22 13.66 9.76 8.0 7.38 3.45 4.83 2.7 2.51 2.87 4.31 5.01 9.5 10.27 12.85 6.52 3.85 7.31 13.27 16.19 13.2 10.15 15.06 7.17 7.81 12.68 8.29 6.18 6.48 8.0 3.62 3.14 3.87 8.13 9.38 18.29 10.07 5.46 10.43 14.27
4.19 7.3 4.38 4.58 4.33 4.32 7.38 17.06 19.74 7.16 3.87 5.34 9.38 7.08 4.31 8.26 9.06 10.35 5.81 8.23 5.14 6.2 5.28 6.13 16.52 11.6 11.11 8.83 7.81 6.73 5.88 6.75 3.02 3.02 5.16 6.8 6.25 6.86 16.28 7.34 5.54 6.8 14.03 37.62 24.99 17.28 14.07 16.7 12.64 8.32 7.83 10.83 19.89 6.4 2.15 2.78 11.34 8.11 18.52 15.9 15.87 7.22 11.56 5.63
4.53 10.73 6.06 5.74 5.3 10.59 17.15 28.45 9.67 7.47 6.11 5.47 5.21 4.16 8.2 19.53 11.21 8.07 6.51 9.63 10.26 3.96 4.59 10.77 17.46 17.75 13.88 12.66 13.06 16.08 5.21 7.99 7.41 7.98 7.78 10.89 7.28 6.46 14.04 11.52 13.02 9.48 6.5 25.69 26.22 19.07 18.0 18.95 24.46 10.14 9.08 9.34 18.28 11.69 3.33 5.74 11.41 7.19 15.81 10.02 9.99 9.16 7.8 4.9
7.4 5.41 8.04 12.16 5.55 11.32 7.62 15.8 6.88 10.09 6.76 3.5 4.06 6.76 10.62 14.82 8.24 6.54 9.07 6.99 10.35 4.71 5.51 9.37 17.42 23.31 18.72 16.91 18.55 13.29 7.02 6.1 8.43 10.13 8.92 10.1 7.82 7.5 9.2 9.39 8.56 9.82 10.84 25.34 11.94 22.36 17.75 10.38 22.06 16.08 13.81 23.58 16.63 24.95 7.7 15.59 10.39 5.88 14.42 13.33 12.86 11.67 8.22 5.77
10.54 6.02 7.53 9.4 8.75 11.17 10.43 6.5 3.3 5.08 3.98 1.48 4.0 5.31 7.41 4.52 5.52 5.01 8.99 5.5 6.24 5.51 9.7 4.95 11.49 17.06 32.26 22.47 10.77 14.03 11.23 9.35 4.36 6.38 14.39 28.76 8.95 7.11 11.73 15.03 13.2 7.98 8.93 32.79 20.8 22.21 21.23 10.76 24.43 14.03 22.24 27.04 27.73 29.98 8.9 14.78 12.37 7.01 16.72 12.28 12.28 14.08 14.89 12.49
9.08 6.98 8.93 8.93 8.71 9.65 9.25 2.66 3.14 3.44 2.68 2.43 3.71 4.02 5.74 6.35 3.33 5.39 9.74 14.84 6.46 6.23 12.55 7.92 10.81 7.73 13.19 21.17 12.81 12.8 6.0 10.55 6.27 6.14 8.12 11.65 15.3 11.6 12.72 8.81 12.49 7.91 7.58 16.14 19.23 22.55 19.42 11.73 19.81 17.54 24.23 39.26 31.66 33.34 18.67 18.37 17.06 9.48 7.67 9.02 8.56 18.83 17.35 12.65
10.92 7.58 12.37 9.32 5.44 6.79 7.83 3.02 2.78 2.49 2.3 3.31 3.23 1.8 2.13 5.55 5.83 3.95 7.86 14.1 7.98 6.5 4.63 5.84 17.69 12.78 12.61 21.19 10.05 13.37 10.88 6.5 5.39 11.39 8.47 8.47 6.81 13.1 12.79 12.22 8.78 11.42 8.9 17.96 21.27 15.21 16.42 23.53 18.46 9.92 19.26 44.25 27.01 31.56 19.4 16.09 25.19 7.95 5.34 5.24 13.16 17.86 20.2 8.17
18.87 7.66 12.64 7.65 10.99 9.41 7.49 2.57 7.7 2.99 1.81 2.66 5.05 2.44 2.29 2.33 3.33 6.52 10.41 7.36 4.88 9.18 4.8 2.98 6.34 10.45 16.81 35.18 12.57 11.9 11.29 5.96 7.18 9.36 9.14 6.93 5.34 4.56 5.59 7.66 18.62 11.01 10.11 16.69 11.03 12.44 24.43 12.53 13.87 8.39 24.72 28.24 15.51 11.32 13.99 21.05 17.97 13.24 11.55 9.38 9.52 17.42 19.83 15.24
11.88 10.57 9.31 13.05 9.6 13.35 4.93 3.43 14.4 4.25 4.28 5.81 3.1 4.66 1.91 2.65 4.85 8.83 8.45 4.32 4.71 8.05 3.63 1.47 3.72 7.35 8.98 12.98 13.8 5.06 6.64 3.81 5.96 7.93 5.78 4.49 7.23 5.72 6.77 6.78 11.84 6.4 10.34 26.72 25.26 14.5 15.68 9.24 10.51 12.81 16.71 13.92 7.45 9.16 11.59 8.48 20.48 18.87 18.58 9.46 7.04 31.62 36.78 27.44
6.43 8.87 16.3 17.93 6.83 6.91 5.49 6.73 8.84 3.12 3.93 8.47 3.94 3.05 2.16 2.6 9.42 10.02 6.26 4.61 6.08 10.82 2.68 2.12 3.1 5.46 7.7 8.01 6.58 6.1 8.77 4.57 3.65 10.65 3.55 6.42 4.17 5.23 7.65 4.38 6.33 5.53 9.11 13.54 9.04 13.23 13.25 11.98 9.76 13.85 10.91 13.2 13.09 7.58 12.09 14.43 21.82 13.43 13.5 17.15 14.56 32.62 26.88 32.59
6.78 11.51 10.55 8.87 16.84 8.37 12.57 9.91 6.2 4.15 5.23 9.02 2.8 4.36 6.36 3.72 8.68 8.31 9.67 7.93 5.89 5.47 6.19 6.33 3.75 5.58 5.26 10.45 7.55 4.43 5.17 2.55 3.55 6.84 3.82 4.6 4.1 5.06 3.33 2.94 3.84 4.09 8.99 5.98 4.16 14.67 12.07 12.11 10.08 6.79 6.05 13.23 11.17 7.95 8.9 17.64 25.07 14.48 12.36 7.71 7.47 14.64 23.03 38.6
4.66 6.29 6.88 8.57 17.2 6.39 7.19 12.09 10.06 9.57 6.81 10.08 5.88 6.82 6.58 4.2 10.31 6.56 8.52 4.77 3.39 5.31 5.25 6.23 3.24 5.8 8.05 11.54 10.73 4.25 5.06 2.75 6.95 6.73 2.69 3.86 7.64 2.64 3.07 2.91 4.62 2.85 5.46 6.07 11.95 17.37 18.49 8.01 12.0 10.12 9.64 10.74 15.5 15.5 13.85 25.08 20.03 12.98 11.23 6.42 6.15 13.36 21.63 12.46
3.74 6.35 6.21 10.11 8.28 5.67 10.34 8.22 14.75 8.32 4.98 13.32 13.01 14.2 9.41 9.49 12.37 12.93 5.56 4.47 3.33 4.51 3.87 4.0 4.33 5.11 8.12 6.92 15.02 8.31 4.05 4.94 11.37 10.39 9.58 11.69 15.63 6.57 7.7 1.92 5.66 6.43 7.43 8.27 8.41 17.04 12.08 9.0 5.33 12.57 8.57 17.05 11.65 26.4 33.43 25.74 10.65 6.11 8.45 8.54 4.72 7.38 9.13 5.16
4.48 6.82 8.19 7.98 9.4 7.06 7.92 3.01 7.87 7.94 5.58 10.57 16.99 12.33 10.44 6.69 10.65 11.07 6.84 4.11 3.08 6.08 5.97 3.98 3.29 4.89 7.72 8.82 8.58 9.54 5.09 10.09 13.49 16.9 17.57 28.01 19.63 11.75 9.61 7.48 6.5 11.7 11.5 10.65 5.52 10.17 8.33 10.12 3.79 6.99 10.68 18.26 14.38 28.62 32.19 15.01 7.04 6.24 9.46 7.94 6.74 4.26 6.0 5.15
5.72 4.23 7.09 4.61 5.09 5.82 7.36 3.01 5.68 6.62 5.19 13.79 14.02 13.79 14.2 14.46 11.11 9.2 7.24 8.59 6.39 12.0 4.59 4.84 3.1 9.97 8.29 5.22 4.91 6.54 5.32 8.68 17.3 17.15 27.39 25.42 10.28 7.89 11.9 9.32 10.96 9.46 15.96 13.15 8.75 5.21 11.95 9.55 7.08 8.78 14.0 32.46 36.17 23.5 28.28 11.67 7.01 5.6 5.28 6.41 15.27 7.43 7.78 4.2
6.32 5.52 9.9 8.05 3.71 8.29 4.66 6.98 8.09 3.4 4.19 11.51 14.34 13.69 11.04 13.67 8.13 8.1 6.82 11.3 8.72 5.34 4.03 3.17 6.34 7.53 6.84 2.98 6.22 11.15 9.86 13.53 24.81 27.52 20.11 14.46 12.39 16.09 9.27 8.08 17.4 16.48 18.43 11.48 5.48 7.53 6.05 5.66 11.0 14.0 14.56 18.43 20.42 16.77 12.36 5.78 6.07 5.75 9.72 7.03 8.7 5.33 9.92 4.65
