8.88 13.16 11.93 13.39 7.2 5.49 3.53 7.17 5.46 10.74 8.81 4.19 2.26 2.23 4.62 8.17 4.18 7.15 11.92 7.67 4.69 9.32 8.06 5.08 4.27 10.54 9.19 8.24 13.55 19.57 12.57 5.46 15.25 9.34 8.06 5.85 4.42 3.22 7.34 5.37 3.48 3.97 4.46 2.39 1.72 4.15 1.72 2.59 6.52 5.55 8.82 13.51 31.67 20.76 11.12 6.0 3.44 8.09 6.14 4.45 5.63 6.57 7.76 4.2
6.7 15.04 7.33 15.86 20.0 13.28 5.55 9.92 7.43 9.86 14.09 4.13 2.61 3.38 7.37 24.64 9.91 9.54 6.61 10.89 6.27 7.6 4.16 8.84 10.48 16.54 12.74 14.84 10.67 12.06 12.95 7.07 5.76 11.78 13.1 5.01 3.46 2.01 5.21 8.72 5.73 5.18 3.7 2.99 2.33 3.6 3.97 4.53 6.62 6.95 12.32 9.64 18.68 13.11 22.92 13.13 7.56 7.31 5.81 4.19 6.91 3.87 7.43 5.87
6.02 8.49 4.25 11.59 13.24 10.03 9.6 9.63 5.94 4.21 8.83 7.94 6.67 5.72 8.96 16.64 17.07 15.04 10.59 6.76 6.53 6.29 6.73 8.7 6.49 14.62 14.15 14.87 9.24 9.74 12.73 6.81 13.76 10.67 7.42 3.88 3.04 2.54 3.15 3.85 10.51 10.63 6.54 3.2 3.87 5.9 9.25 4.1 5.61 12.41 10.67 7.14 8.65 11.86 22.88 14.54 17.88 6.88 5.22 4.36 4.92 6.93 8.19 7.2
5.09 6.64 10.74 7.23 10.57 6.99 4.35 4.72 6.31 3.75 4.49 9.79 15.31 7.42 8.92 10.29 11.3 20.04 15.62 6.42 5.17 4.95 3.48 5.87 5.08 8.74 17.55 15.08 13.76 12.25 7.74 4.51 13.5 13.37 12.51 7.71 4.06 6.2 3.98 3.14 5.21 11.98 7.94 10.36 6.85 6.58 9.09 9.97 6.52 11.19 6.68 3.63 8.1 9.46 11.09 8.06 12.19 5.7 9.74 8.33 8.12 4.77 6.05 6.58
18.67 10.08 5.14 6.65 4.36 6.03 5.15 5.23 5.64 5.62 8.78 11.9 13.45 7.1 5.8 9.92 10.2 13.79 12.53 8.03 6.0 8.65 4.87 5.88 8.63 10.68 14.33 12.46 22.67 17.99 10.01 8.81 14.07 12.55 16.42 21.64 15.15 8.23 5.91 1.94 6.67 10.0 20.26 12.4 8.57 13.15 9.18 13.65 10.1 7.9 6.7 5.27 9.26 4.87 5.8 6.36 6.64 5.62 8.11 12.99 12.2 10.42 8.5 6.13
17.05 15.95 4.4 3.44 3.8 7.94 5.11 8.62 5.38 4.19 8.14 6.58 7.99 8.11 3.9 9.74 7.56 9.91 4.75 6.33 7.95 11.04 7.94 6.61 8.83 19.8 21.35 24.03 9.92 7.46 14.37 10.84 8.37 21.18 28.4 14.09 15.9 11.31 5.63 5.15 5.95 11.16 14.45 15.15 7.71 13.08 15.13 13.35 7.75 7.72 5.84 5.23 7.13 5.38 4.19 4.39 4.45 5.62 4.89 11.35 20.53 9.26 9.02 7.51
8.73 8.92 5.48 5.94 2.68 8.12 9.95 8.31 3.5 2.83 7.84 4.16 6.69 6.3 3.89 7.25 6.93 6.43 5.85 3.2 4.93 12.14 19.49 18.04 8.75 9.45 17.51 17.52 8.84 6.86 9.96 8.48 5.55 20.12 17.08 13.83 9.43 8.2 6.62 9.87 9.96 9.36 12.06 9.96 5.08 8.39 25.46 10.66 8.08 4.11 5.45 5.29 11.14 4.02 2.81 2.68 4.45 3.51 7.62 8.26 17.61 10.23 14.71 8.32
5.14 13.03 12.03 5.19 4.45 7.63 4.24 5.81 5.88 5.55 4.3 4.47 5.98 7.05 4.67 6.63 5.1 11.04 10.48 4.4 7.39 12.76 15.95 16.91 12.38 10.18 21.67 17.32 13.11 5.42 23.76 6.58 6.79 7.63 9.15 6.99 5.12 6.59 9.26 8.49 26.9 11.31 9.83 7.66 5.59 3.89 13.49 7.37 5.83 7.74 6.08 4.9 7.06 7.1 4.49 2.53 3.16 2.73 5.02 4.16 16.22 20.67 13.2 9.73
9.0 12.29 10.38 8.26 4.99 5.92 3.89 4.96 5.2 8.77 6.63 4.12 5.22 6.1 11.06 9.62 8.43 15.19 13.83 9.83 8.98 10.57 6.04 8.89 12.93 13.21 18.57 28.72 14.45 10.75 16.38 5.72 4.34 6.71 2.63 4.7 3.86 4.55 6.57 13.49 14.71 11.49 6.08 2.57 4.53 4.01 9.15 7.11 8.42 8.35 10.41 3.26 4.15 8.16 2.89 3.0 2.37 5.31 9.24 4.41 11.49 19.11 15.54 8.92
13.16 21.11 10.14 10.04 3.34 4.8 4.25 5.8 5.76 9.05 6.86 4.57 5.48 9.73 12.56 12.06 17.59 18.61 19.14 12.86 8.91 9.94 7.36 4.21 13.38 8.88 17.98 24.96 19.21 11.25 14.89 7.54 4.46 5.83 2.21 3.13 4.49 4.73 4.09 8.34 9.49 5.02 10.77 3.57 4.65 2.91 2.47 4.56 11.67 12.95 10.35 2.53 3.41 7.07 3.92 2.3 3.36 6.41 4.48 7.13 19.34 9.49 14.12 5.8
18.66 18.35 8.38 6.7 5.33 7.65 3.22 4.52 5.0 7.05 5.71 4.16 5.46 16.46 8.12 11.88 11.45 11.46 16.11 12.9 10.79 9.81 8.32 5.07 7.76 8.67 15.05 15.29 22.3 12.92 11.18 6.73 7.5 6.12 2.27 3.45 6.34 4.39 5.91 14.65 10.35 12.62 16.04 6.76 5.35 3.48 4.13 9.86 12.83 13.84 8.72 9.77 4.75 2.59 1.96 4.3 6.41 8.11 6.05 6.77 10.14 10.58 20.18 2.65
6.03 5.37 9.52 9.08 6.73 12.63 3.72 6.46 6.2 3.94 8.33 7.85 7.6 11.68 15.34 12.99 5.79 8.08 12.46 6.74 7.34 8.98 8.85 6.13 4.81 8.4 10.73 11.14 7.21 7.1 11.11 11.19 3.89 3.81 3.52 4.88 4.03 3.55 8.88 9.51 19.08 11.73 18.01 6.58 9.17 5.3 9.46 9.4 12.98 7.54 13.41 8.08 3.18 2.85 2.11 5.21 5.96 6.36 7.94 9.55 14.21 8.21 4.54 2.14
9.6 4.83 6.24 14.52 6.75 5.99 6.1 9.87 7.43 16.79 12.65 17.42 8.01 13.6 10.84 7.66 6.1 6.23 6.84 3.91 6.62 4.42 5.27 3.11 4.44 5.57 7.74 6.59 7.56 4.8 9.67 5.73 8.41 3.64 2.08 5.44 6.11 6.29 11.82 7.34 11.48 15.71 9.94 7.05 11.36 7.9 7.64 9.25 6.11 9.62 12.88 6.87 7.52 7.06 2.3 5.43 10.15 5.87 10.63 6.29 10.77 10.4 5.09 2.18
6.3 6.05 15.54 19.14 5.84 8.89 11.58 8.28 8.46 13.03 15.03 22.73 10.45 7.13 8.18 9.56 7.59 5.1 8.12 2.72 3.01 2.68 2.59 3.81 3.1 9.41 11.77 7.68 7.77 5.86 3.45 4.48 10.76 5.41 4.33 4.76 5.62 11.35 9.81 5.08 5.82 5.88 6.8 10.07 18.61 10.82 7.04 4.99 4.59 6.3 7.36 4.76 4.76 10.24 8.6 9.43 16.68 21.7 12.13 5.57 7.06 5.18 5.85 2.54
9.77 7.69 12.79 12.62 11.52 10.65 5.29 6.97 7.81 19.6 19.44 17.07 8.79 7.8 3.91 10.29 9.09 5.05 5.83 4.53 2.59 3.53 2.69 3.18 5.75 15.61 16.81 7.33 8.66 7.21 6.64 7.66 10.05 6.03 4.01 4.15 6.62 9.03 9.91 2.76 5.44 5.68 7.24 9.45 6.74 12.04 9.17 2.69 1.67 1.91 3.09 6.03 5.0 5.39 8.55 9.47 13.49 15.69 6.25 3.03 2.26 3.58 4.25 2.9
9.0 8.91 23.39 16.53 16.52 10.79 5.36 9.44 12.09 15.34 23.39 17.68 16.12 13.34 6.65 9.95 9.38 6.22 6.53 4.16 4.16 3.97 5.62 2.89 7.06 33.16 11.61 7.92 12.0 7.94 9.5 7.57 6.57 6.32 5.19 3.92 5.68 10.91 6.71 2.74 4.61 6.18 5.55 10.12 5.87 10.21 5.77 2.62 1.22 0.98 2.59 3.74 3.62 4.61 8.49 14.64 10.34 9.8 6.21 3.05 1.74 1.16 1.51 4.39
14.07 5.99 11.28 16.65 11.54 7.82 6.36 5.88 8.81 19.12 21.8 13.54 13.33 9.55 5.89 8.55 5.81 5.21 4.3 5.25 5.48 4.97 6.04 4.53 9.81 19.06 13.68 9.84 8.22 11.59 10.55 2.96 6.34 4.93 9.3 10.17 9.93 10.14 12.52 5.6 4.66 7.01 15.22 14.52 10.61 6.76 6.19 2.99 2.04 1.67 2.94 2.77 8.23 6.2 3.83 7.36 6.77 5.55 20.31 3.94 2.46 1.0 1.9 3.88
10.7 7.77 7.56 11.26 4.57 6.43 8.88 11.59 12.54 23.42 10.42 22.53 12.54 6.94 4.26 8.96 3.3 3.37 6.14 3.65 3.83 5.36 7.63 14.17 15.45 17.36 8.72 4.78 7.98 6.49 5.42 2.0 6.65 6.28 13.15 21.31 9.34 10.81 13.43 10.14 10.27 8.66 8.26 26.02 20.1 9.89 4.7 5.41 3.46 3.71 3.4 4.17 5.56 3.03 2.83 3.83 5.2 8.06 8.58 5.23 5.17 2.44 1.17 2.15
10.89 7.4 10.03 6.05 7.08 9.6 9.25 11.06 14.94 25.07 22.5 12.03 13.29 10.44 7.32 9.04 3.73 3.32 5.36 3.78 4.96 8.14 7.44 16.61 10.22 21.71 16.06 4.84 2.41 4.5 9.85 2.45 4.45 8.75 21.13 12.64 8.77 10.61 14.57 10.01 14.57 9.92 8.99 9.77 20.76 12.38 7.34 6.48 7.33 3.4 6.11 6.21 6.45 2.81 2.02 2.52 7.54 9.76 4.31 5.76 6.18 5.16 2.33 3.12
7.88 8.58 15.11 11.33 7.5 7.7 7.09 10.31 18.62 12.57 10.91 12.04 16.54 11.98 4.35 3.14 4.56 7.37 4.52 4.12 4.01 6.92 10.01 6.62 7.84 9.52 7.78 4.31 4.75 2.26 5.22 2.9 4.9 10.07 10.91 6.07 12.53 12.45 21.87 16.79 10.8 7.28 6.73 8.87 10.54 16.62 13.62 13.51 10.56 2.69 8.01 5.09 5.55 4.82 5.57 3.19 5.81 7.06 7.1 9.35 13.73 6.24 4.02 6.73
12.15 17.42 14.44 13.46 6.24 5.71 6.03 5.09 13.67 9.05 12.57 7.55 9.69 5.09 4.91 3.76 5.71 5.59 5.1 5.13 8.54 4.07 6.11 6.99 3.34 6.97 8.96 5.39 4.71 4.64 5.8 5.18 5.38 7.28 10.77 7.37 11.37 18.89 27.47 23.37 11.31 17.38 11.13 10.61 10.61 15.28 10.19 6.77 5.46 5.9 4.75 3.22 4.95 4.81 4.46 5.99 4.44 5.9 5.89 12.47 7.15 9.69 8.97 4.96
9.07 16.09 15.7 9.68 5.77 10.55 10.73 11.04 12.31 7.18 7.4 5.68 5.02 4.86 3.82 6.32 4.94 9.93 8.47 6.18 5.02 5.27 4.38 6.64 3.78 6.55 11.49 8.48 7.73 7.52 8.46 7.62 12.95 5.6 13.38 24.03 13.03 12.74 23.37 17.34 21.73 35.02 9.9 6.05 10.3 13.57 16.61 5.38 4.56 4.37 5.7 4.46 1.62 1.78 3.8 5.13 5.83 6.6 8.07 9.49 7.68 12.57 3.6 2.5
5.94 14.06 7.74 7.63 11.32 8.04 10.2 14.57 6.3 7.44 9.74 3.59 3.33 3.46 4.03 4.59 3.5 7.09 6.62 5.45 7.35 5.4 4.65 9.61 3.04 4.18 6.01 7.94 5.26 7.47 14.94 15.23 18.42 8.16 8.75 15.66 10.62 7.29 11.19 10.54 21.54 25.52 11.69 7.8 7.0 6.09 6.3 7.58 5.39 2.97 4.2 6.52 4.17 2.67 2.03 3.87 7.14 8.55 6.91 12.47 7.81 12.01 3.86 3.04
4.52 10.68 15.55 7.35 7.63 6.33 5.73 7.45 6.45 5.24 7.29 3.07 3.96 4.55 2.29 1.94 3.61 4.99 4.1 4.41 4.87 8.23 7.68 7.74 2.37 4.8 2.65 6.79 10.19 9.32 13.1 18.14 16.55 12.77 13.79 11.37 10.56 10.36 13.54 8.97 11.63 12.55 10.78 4.52 5.19 4.31 4.61 8.08 11.27 5.6 6.02 3.76 3.6 3.63 3.11 2.78 4.66 13.47 16.52 13.32 11.37 8.29 4.55 5.58
4.37 5.79 8.56 10.24 5.62 5.98 3.12 5.07 5.77 6.57 14.9 4.64 3.47 3.4 2.95 2.46 2.95 3.02 2.46 5.24 11.39 9.12 11.19 7.02 3.85 4.98 3.38 7.39 15.05 11.29 19.25 29.44 18.34 20.83 22.38 16.66 19.19 14.18 9.43 6.71 14.13 9.15 3.57 4.02 5.69 7.05 4.81 4.71 14.39 11.13 7.09 6.87 5.95 3.43 4.48 4.69 6.82 13.35 12.02 16.29 18.62 14.91 6.95 5.36
7.46 8.43 10.38 5.47 7.33 4.59 3.15 4.69 8.24 7.71 18.64 5.35 6.36 5.62 2.91 2.92 3.13 3.06 3.79 5.57 9.3 12.55 7.66 6.92 7.32 10.6 6.08 9.44 11.55 10.56 14.77 21.83 17.61 15.3 26.49 26.99 30.18 9.79 8.6 2.42 5.59 4.77 2.4 3.05 4.52 5.68 5.41 3.55 6.03 7.59 7.28 8.14 5.09 4.57 4.59 5.42 7.2 16.06 8.73 8.65 12.46 20.9 14.02 5.84
8.49 9.1 6.2 14.92 9.59 7.92 10.82 7.13 7.75 10.07 9.24 3.83 4.21 6.02 5.75 9.11 3.48 3.97 2.84 4.66 7.45 13.39 4.27 7.55 5.16 7.29 8.55 14.84 6.53 12.42 10.59 9.53 16.23 22.07 19.36 26.61 11.77 7.62 5.8 2.51 1.92 2.52 5.49 5.6 6.22 3.45 5.33 3.16 3.82 5.77 6.26 5.11 4.81 8.27 4.29 6.0 12.38 13.0 13.89 9.25 5.43 11.91 13.25 9.73
5.85 6.65 5.06 11.4 11.31 9.93 17.29 7.05 6.79 6.16 5.26 4.04 5.69 4.24 10.69 9.95 6.65 3.9 6.06 3.9 4.53 5.77 6.26 5.41 5.59 8.81 11.13 8.61 9.55 16.52 8.11 12.81 15.39 23.0 16.04 17.52 7.99 5.53 5.73 4.49 1.78 2.96 10.77 9.65 6.51 4.04 5.04 3.84 3.73 6.98 4.49 6.77 4.51 4.61 6.48 9.4 6.0 9.07 11.23 8.11 8.68 6.52 6.3 10.53
5.37 4.23 9.69 7.93 11.79 18.12 12.45 5.95 6.34 4.25 4.43 4.97 4.08 10.5 10.74 12.3 11.29 8.13 3.98 3.51 7.59 10.93 3.05 2.85 4.48 4.66 10.49 7.92 10.7 11.54 13.75 16.1 14.61 11.41 9.94 9.82 8.7 8.26 5.59 4.34 7.18 3.4 6.15 7.88 15.87 8.25 6.09 2.56 2.81 8.43 7.86 5.15 5.62 1.93 4.7 9.92 8.21 6.56 7.5 5.01 9.1 4.5 5.89 4.01
5.65 5.52 8.49 12.78 17.96 28.25 14.4 8.82 7.19 4.17 8.8 6.06 6.45 9.93 14.23 17.04 11.5 13.0 8.29 4.42 5.19 7.24 3.77 2.29 2.41 3.75 8.13 13.02 8.4 10.33 6.27 13.95 7.45 9.63 7.83 11.26 12.44 7.75 6.75 5.26 8.29 4.38 7.19 7.92 8.94 2.91 7.2 3.98 4.57 7.33 6.08 6.92 8.25 3.99 3.44 5.31 8.91 14.95 7.51 5.18 4.43 6.14 8.09 9.17
9.79 12.33 11.45 9.93 15.95 17.89 10.36 7.98 6.23 4.38 6.09 5.96 7.22 9.25 7.25 10.02 8.93 11.24 7.85 1.43 5.41 4.67 2.95 2.11 2.46 3.8 7.82 4.29 3.93 8.62 5.73 9.52 8.64 16.23 6.06 11.55 14.07 9.24 6.73 6.4 8.35 10.82 7.87 12.8 7.25 3.54 4.94 3.94 5.51 11.02 10.75 6.21 17.47 11.7 4.51 5.42 10.63 10.07 12.14 4.57 3.92 6.49 13.47 10.81
6.87 14.09 21.97 31.0 14.95 9.84 6.72 7.55 4.98 4.56 2.72 4.36 5.55 10.25 13.37 13.07 9.03 11.83 9.5 2.51 2.33 2.56 3.67 3.58 2.27 5.71 5.46 3.43 3.37 4.83 4.16 3.98 5.73 9.52 5.56 13.38 8.77 7.11 4.47 7.3 9.5 11.57 13.15 6.29 4.42 3.94 4.05 2.12 6.69 8.32 9.42 14.62 10.85 5.91 5.07 4.87 7.14 4.64 11.88 7.9 5.27 5.66 5.5 11.35
8.29 12.77 18.45 25.77 22.26 6.87 4.18 8.06 5.4 4.07 5.25 6.9 8.48 14.86 15.39 8.88 13.48 7.16 12.33 6.58 5.02 3.27 3.52 6.12 5.42 4.44 3.75 3.64 2.32 5.53 6.15 4.58 2.63 5.61 6.71 10.01 6.39 4.79 2.93 5.89 10.5 9.97 10.75 8.8 4.78 3.81 5.46 2.88 4.97 6.41 8.37 7.55 6.98 3.66 4.58 5.8 4.52 5.68 11.7 10.65 13.58 7.44 6.33 9.74
10.56 14.16 15.84 22.3 8.29 8.58 4.88 12.69 4.14 4.58 6.27 13.27 8.36 18.6 18.18 9.71 11.72 8.34 13.93 8.8 4.95 4.44 4.37 5.8 4.18 5.57 8.24 5.19 4.68 4.66 3.11 6.34 5.27 6.64 5.22 4.18 3.01 4.49 2.23 6.48 6.35 7.01 10.02 7.71 4.06 4.14 6.43 5.65 9.93 5.25 4.86 3.14 9.47 2.57 3.91 4.15 10.65 13.61 12.18 20.28 20.42 6.87 6.62 8.91
4.6 16.2 9.44 11.98 6.33 7.66 4.34 9.93 7.14 9.33 6.01 7.86 11.13 9.14 12.54 12.19 7.74 8.78 16.21 6.74 12.37 10.36 6.24 5.45 6.3 6.56 6.38 6.79 7.56 5.95 8.73 11.02 8.57 9.68 8.41 2.95 2.2 2.67 4.12 5.91 6.08 5.93 5.83 6.37 4.09 3.24 9.4 7.66 5.47 3.05 3.38 3.6 3.58 2.2 4.18 4.19 7.47 10.23 8.8 15.64 14.71 7.38 9.14 5.99
5.34 11.38 12.56 22.35 15.36 7.79 4.03 8.23 5.66 12.91 8.04 9.32 12.5 11.19 8.48 11.87 5.56 5.09 11.37 16.14 19.69 14.35 9.62 5.25 11.04 9.91 5.01 8.24 6.6 8.13 11.34 12.7 14.24 14.29 5.41 2.16 1.67 2.84 4.66 7.85 5.58 5.71 2.83 4.44 5.94 7.91 3.51 4.7 5.24 1.83 4.47 3.87 4.39 2.43 5.33 4.49 5.24 4.85 7.19 7.94 13.26 9.04 9.54 3.36
7.85 19.16 18.82 29.02 9.94 5.1 3.59 3.51 7.83 19.75 14.51 8.79 5.7 7.71 8.67 4.62 5.07 2.41 5.59 15.06 20.01 20.4 5.83 5.37 9.94 11.75 7.19 8.35 2.8 7.53 18.36 8.42 11.25 10.84 5.18 2.65 1.34 2.53 3.68 5.06 5.46 5.11 3.87 3.74 6.76 8.63 6.9 4.43 2.86 2.64 6.56 6.57 7.89 5.25 4.12 2.82 4.39 5.01 5.12 6.26 11.27 13.38 9.8 6.31
15.61 15.76 21.32 18.83 4.94 6.27 6.83 5.01 10.49 13.99 14.49 16.5 7.82 6.1 4.39 4.41 7.18 2.98 5.86 5.31 12.21 7.92 8.16 4.26 4.74 9.23 13.38 5.51 5.6 4.54 6.67 8.19 16.96 8.65 5.47 2.51 3.33 3.26 2.06 4.56 3.36 6.34 5.79 10.54 7.15 8.23 5.46 5.99 5.13 6.97 4.77 5.15 12.85 4.04 4.97 4.49 6.71 3.41 6.36 4.61 9.11 7.0 10.89 7.31
9.89 17.58 16.92 17.9 5.75 7.21 2.68 7.46 24.76 25.23 5.2 16.04 17.2 14.96 8.79 5.22 3.04 4.46 4.59 4.67 5.08 8.34 4.69 8.0 6.09 13.25 10.77 4.77 4.68 3.38 6.69 16.16 13.45 8.25 8.56 4.04 2.77 3.46 3.57 2.84 3.64 6.26 3.99 13.13 7.71 12.78 8.38 6.44 4.29 5.3 6.09 5.79 9.11 6.09 7.69 6.3 9.51 4.55 3.09 5.3 10.63 12.13 10.61 12.08
3.4 6.69 9.71 13.66 11.12 12.78 6.73 6.95 10.71 15.9 10.4 8.42 8.8 7.96 7.19 10.76 4.05 3.3 3.22 4.02 3.84 6.56 5.36 3.62 5.08 7.01 6.27 11.03 9.88 5.17 10.02 6.71 8.1 6.25 5.43 2.97 2.49 2.25 4.67 3.8 2.72 3.64 3.63 7.39 7.77 8.01 5.79 7.68 7.96 6.29 5.9 4.53 6.85 6.75 7.51 5.16 6.62 6.27 6.93 6.98 7.94 11.09 16.02 12.45
4.79 11.79 12.15 6.42 4.86 11.85 7.18 3.83 8.46 11.57 11.09 11.01 9.81 6.86 3.95 7.56 4.74 4.07 3.25 4.69 4.39 5.72 6.91 2.63 4.44 5.41 8.92 11.44 7.94 5.28 8.43 9.05 7.2 3.73 6.47 4.07 4.64 3.07 2.31 4.33 3.25 4.12 2.81 6.19 5.4 6.99 7.09 8.37 8.16 3.74 6.47 5.32 11.4 6.61 7.8 3.56 6.99 4.85 10.34 7.67 16.32 11.19 20.02 11.31
4.03 11.87 10.14 5.86 3.57 9.16 11.66 7.07 6.43 11.29 10.1 8.51 7.07 4.99 2.55 3.83 7.0 14.24 9.83 8.18 5.95 4.22 3.92 3.23 1.93 5.6 13.66 13.43 18.92 4.45 6.32 5.6 15.26 4.97 6.57 6.03 5.79 5.29 8.38 8.12 6.13 3.35 6.06 4.83 5.08 8.28 7.99 5.2 5.87 6.5 3.72 6.4 7.62 7.1 8.05 4.38 3.82 8.12 18.72 13.09 15.59 15.42 19.73 9.17
3.79 6.34 9.69 10.43 6.47 6.54 11.39 13.66 12.49 21.94 5.79 4.18 4.91 6.0 5.67 4.82 3.04 14.78 19.33 7.42 6.43 2.31 2.66 3.64 4.6 6.4 11.85 6.64 7.37 4.55 5.3 5.06 8.55 5.82 8.93 7.44 3.81 6.97 6.16 8.23 9.38 5.66 3.7 7.57 7.3 8.14 6.11 5.61 6.17 6.83 3.8 4.01 6.96 4.94 7.97 4.41 4.2 9.54 20.2 13.83 25.4 14.12 11.14 15.32
8.93 7.34 5.06 6.31 7.21 14.02 17.74 13.36 8.5 18.28 9.58 4.73 5.74 8.79 5.44 6.95 5.31 7.31 6.11 9.57 5.46 5.23 1.94 2.8 5.84 6.5 8.62 6.92 4.3 4.85 3.69 4.65 15.55 9.53 4.75 3.91 4.8 4.98 9.13 5.74 7.91 3.76 3.5 7.17 7.35 8.58 6.84 8.19 8.86 7.9 6.1 3.23 5.67 5.79 4.68 5.2 5.42 13.73 13.96 16.22 13.97 8.49 15.01 12.72
5.3 7.67 6.23 5.65 4.77 15.82 15.52 8.04 6.31 9.09 8.31 9.31 6.11 6.35 7.15 14.72 6.03 4.17 4.56 4.22 3.95 3.9 3.97 2.04 3.85 6.54 8.17 4.87 5.96 4.62 4.62 5.65 8.39 5.09 4.45 4.21 9.0 6.35 7.5 6.97 5.4 4.05 3.5 3.54 9.88 9.64 12.09 17.21 12.8 11.41 14.57 10.22 4.53 5.58 7.52 4.84 6.41 16.84 13.36 18.19 12.78 6.55 10.12 8.04
6.11 6.76 4.07 5.65 4.49 6.89 7.03 7.78 8.04 11.22 12.53 12.57 8.35 6.92 4.6 9.25 7.8 5.36 5.09 4.44 5.06 3.04 5.48 5.79 5.18 3.9 4.36 6.19 7.46 6.32 3.34 4.4 3.47 3.55 5.86 5.99 9.61 8.41 7.13 3.91 2.68 3.83 4.41 4.38 11.62 16.55 9.95 10.32 16.64 14.1 15.18 13.32 5.37 4.23 4.53 3.76 5.21 8.6 10.15 12.28 6.98 5.67 7.9 6.4
9.97 3.95 6.63 10.0 4.99 3.76 5.9 7.06 7.85 29.35 12.99 10.99 4.98 6.06 11.5 8.46 5.18 9.76 5.98 4.28 4.54 2.67 3.26 7.29 10.81 7.59 7.99 3.7 7.29 5.77 4.51 2.45 4.32 2.85 7.72 9.82 9.62 7.88 14.02 3.86 8.32 5.04 6.23 6.06 17.99 6.22 8.8 13.21 13.23 22.88 16.63 18.77 8.97 6.01 4.04 2.31 2.35 8.51 7.65 6.58 7.96 7.0 10.06 9.44
9.12 3.53 4.24 7.5 4.53 3.21 6.58 8.64 13.18 19.95 17.09 10.89 4.63 5.48 4.58 8.54 8.91 7.21 3.1 3.07 6.64 6.06 7.93 12.31 4.93 6.4 8.01 6.99 5.09 10.45 4.92 6.2 3.94 4.96 9.15 18.86 14.42 11.5 11.56 7.95 10.37 5.66 10.13 9.1 8.59 4.54 8.63 11.97 13.37 23.02 15.8 22.37 13.2 5.09 3.36 2.91 3.22 8.54 8.35 12.17 9.89 8.69 19.19 20.82
5.88 4.39 8.17 7.15 4.65 5.65 4.05 10.17 12.5 10.03 8.6 16.25 13.07 7.84 3.83 4.75 3.43 4.5 2.8 2.86 6.6 12.09 21.57 9.73 5.16 7.43 3.88 4.6 9.72 13.96 7.91 10.63 5.21 6.54 10.99 17.11 27.67 16.74 13.33 6.42 14.48 7.64 10.09 10.04 7.56 4.32 5.35 16.81 18.82 19.67 15.56 18.57 5.57 3.93 4.39 5.22 5.78 8.57 6.6 11.74 11.66 13.42 19.21 16.35
6.09 7.83 8.34 4.58 5.74 4.38 5.87 16.51 13.19 11.01 8.35 14.52 16.37 14.39 4.3 3.49 2.83 4.72 5.41 5.15 13.56 12.57 13.35 4.7 4.9 5.74 5.08 5.34 17.01 12.87 15.51 8.28 4.46 9.92 18.37 16.09 21.81 10.24 11.26 5.0 8.76 5.92 8.92 5.31 7.35 6.86 4.85 16.1 28.53 18.7 11.71 8.32 3.7 3.82 4.63 5.62 10.42 10.34 15.45 23.62 16.3 7.65 16.35 16.78
12.57 6.2 3.53 3.21 4.2 4.06 5.23 6.42 13.71 9.92 7.11 6.51 7.97 8.16 4.45 5.39 2.94 4.35 5.48 7.62 9.57 10.55 6.26 3.84 3.78 5.52 3.68 9.33 8.78 21.65 14.14 12.24 9.51 6.51 15.45 20.16 19.93 6.64 6.97 1.74 3.8 4.04 7.69 4.61 6.43 5.09 6.42 15.52 17.62 9.87 6.38 4.94 4.71 4.59 7.18 13.04 11.1 9.66 15.3 14.89 15.12 10.63 7.36 11.08
18.7 10.58 3.5 2.82 3.91 6.68 7.08 8.29 5.94 9.4 4.78 6.37 4.0 6.15 8.79 6.7 4.99 6.92 6.75 5.95 7.22 10.15 8.03 3.73 3.02 5.02 12.83 7.7 7.15 11.09 20.35 9.56 9.33 6.01 10.62 10.36 11.03 6.97 5.35 1.94 1.58 1.55 4.97 2.78 5.09 5.43 6.01 5.5 10.56 8.3 3.68 3.35 4.97 4.77 5.99 9.94 12.58 7.99 7.68 11.18 11.83 11.72 10.11 9.94
6.72 7.91 6.25 3.96 10.46 5.01 6.6 7.06 8.89 6.66 5.95 4.19 3.18 3.77 7.21 9.37 7.46 8.35 9.97 7.25 9.08 13.1 7.16 6.46 3.6 4.46 5.9 9.69 14.72 16.33 15.54 9.49 7.98 5.89 11.96 8.61 5.83 6.82 4.59 4.13 2.27 1.16 3.33 3.19 8.76 9.01 4.07 6.58 5.71 5.39 5.06 4.4 5.21 3.79 7.39 8.0 6.66 7.17 6.48 11.26 10.76 11.68 11.79 12.36
6.67 8.32 9.87 4.05 6.09 4.04 4.36 7.08 6.69 6.62 9.98 5.29 2.56 2.66 5.35 5.2 7.89 8.69 3.86 10.79 14.02 8.68 6.59 10.91 9.52 3.7 4.66 9.43 10.29 8.58 14.51 10.94 8.18 6.1 9.1 7.68 12.05 8.19 5.61 3.94 2.68 1.57 3.19 5.73 11.62 10.5 5.84 6.94 11.61 7.5 5.27 3.35 7.26 4.22 4.2 5.95 11.01 9.1 4.04 8.28 7.04 10.88 23.72 15.25
4.43 5.0 8.45 4.51 4.42 6.95 5.02 5.4 13.44 7.62 7.69 3.77 3.26 2.34 3.65 5.98 7.13 8.37 6.55 11.17 13.08 10.23 9.43 10.32 5.92 6.15 7.87 9.68 8.67 9.42 9.7 14.06 19.08 9.39 5.76 11.35 10.5 10.42 7.2 5.62 4.27 3.49 4.69 7.9 10.75 13.11 10.72 6.77 8.51 5.26 5.74 4.5 5.9 3.56 4.37 7.95 6.46 9.99 3.15 3.23 5.72 14.71 17.27 16.03
5.1 4.85 5.54 5.2 5.23 7.32 9.25 6.73 13.23 10.97 9.92 3.89 2.92 5.72 3.97 4.81 6.19 10.18 8.88 7.18 7.21 7.92 12.43 15.31 6.37 4.76 5.06 8.1 4.81 9.15 9.94 10.94 27.62 10.2 12.47 16.65 10.98 12.04 8.08 6.31 4.36 3.81 8.08 13.66 12.14 8.58 8.24 8.08 13.55 7.13 5.05 3.94 8.73 5.11 6.09 7.8 7.01 4.17 5.68 5.79 9.05 12.35 10.83 15.78
8.75 9.59 5.53 5.2 5.35 7.39 7.08 9.54 5.64 6.06 4.4 4.17 5.63 8.86 4.01 2.38 3.68 9.78 12.14 7.11 6.16 6.98 5.33 12.81 5.52 5.34 4.6 2.55 5.6 9.94 9.73 6.8 15.44 16.31 24.28 15.88 6.26 8.85 7.2 6.61 4.7 4.69 9.19 9.22 11.43 8.65 12.18 7.47 6.23 8.44 10.17 4.77 9.53 8.66 13.09 9.69 5.16 6.92 6.37 5.83 9.59 18.25 14.46 15.36
9.3 7.05 14.19 5.7 4.56 5.23 11.81 10.4 3.99 1.37 6.09 3.95 4.84 6.22 5.65 2.37 6.16 8.87 11.23 13.52 9.18 6.29 4.46 9.36 3.5 6.24 5.31 9.79 7.31 7.93 9.32 13.63 10.43 18.46 11.77 8.36 11.8 13.91 6.88 7.34 9.18 9.32 9.44 6.35 5.24 7.94 20.77 13.27 8.21 9.46 7.26 4.23 17.54 11.44 9.76 5.2 4.82 9.84 6.75 12.13 8.82 15.37 18.26 16.45
10.29 8.68 13.08 5.95 3.01 5.69 5.01 6.93 5.56 2.96 4.69 5.47 8.44 6.61 7.29 4.3 7.32 10.51 7.72 10.67 8.45 2.29 10.0 7.33 7.15 9.24 4.23 7.45 15.49 8.89 8.69 10.11 14.15 12.92 12.85 8.28 9.14 11.8 9.29 8.55 10.71 6.73 6.8 10.72 7.98 12.11 13.56 5.04 16.3 7.31 8.48 6.4 15.25 8.22 14.61 6.07 8.48 9.12 6.78 9.49 11.47 15.84 22.02 17.14
7.43 11.33 7.11 7.07 6.69 3.29 3.44 3.8 4.97 4.68 4.44 3.24 10.4 7.81 12.02 10.25 5.99 8.61 3.96 5.56 5.45 3.2 2.45 3.5 6.2 8.09 6.08 22.59 9.6 8.5 6.95 7.7 14.25 8.35 6.9 6.48 5.35 8.62 9.2 19.32 17.31 4.36 5.19 8.08 6.92 6.61 3.64 5.6 10.34 16.55 18.77 10.91 8.21 9.03 6.68 9.3 4.95 8.54 9.02 8.52 8.08 7.74 11.83 17.36
17.81 9.42 3.33 9.53 7.15 2.54 3.86 1.87 3.32 4.86 3.59 4.0 8.89 7.89 9.75 9.38 4.94 4.31 4.56 3.83 4.85 3.89 3.41 3.36 4.3 7.31 6.41 13.02 7.55 14.69 7.45 9.1 10.18 8.8 9.12 10.15 3.47 6.57 7.16 18.94 13.95 5.09 9.48 7.82 5.75 6.64 5.64 6.96 7.62 13.32 29.53 11.93 13.49 8.4 10.53 12.6 11.63 7.0 6.1 5.63 6.09 6.01 8.24 10.79
13.16 10.58 6.91 7.06 4.64 3.79 1.93 1.29 1.82 2.76 4.24 3.19 8.11 8.4 11.99 7.52 4.86 4.55 3.88 4.11 8.55 5.3 3.01 1.7 3.54 10.81 12.69 16.93 16.96 11.53 13.43 15.45 14.6 10.27 6.0 7.72 11.73 10.9 5.9 8.42 9.92 9.67 13.1 10.25 7.28 3.88 4.9 7.74 12.29 21.9 15.34 8.84 10.58 13.95 18.12 12.15 9.89 5.36 4.05 3.53 3.55 3.63 13.65 9.84
12.78 10.37 11.41 5.63 6.15 6.66 3.41 1.27 2.79 2.59 3.57 3.46 4.12 6.57 23.42 10.62 3.49 4.68 7.88 6.24 4.69 2.72 3.12 1.75 2.4 8.94 11.54 15.0 19.46 13.82 10.37 11.47 9.14 14.71 17.99 10.57 6.13 6.87 7.49 6.13 9.2 5.55 13.25 18.14 9.37 7.84 4.47 5.3 15.15 11.81 7.05 11.28 9.63 10.68 26.38 14.8 5.5 1.75 2.41 2.02 3.16 3.22 10.64 6.01
11.36 15.83 5.79 8.28 10.54 8.51 3.56 2.62 1.85 3.04 4.25 4.29 4.12 6.96 17.0 13.17 4.53 6.68 4.88 2.33 5.3 3.99 3.19 2.06 5.23 7.14 10.21 16.52 10.18 8.01 7.17 11.32 12.5 12.85 13.82 14.19 7.6 10.92 8.31 7.03 10.35 8.92 10.44 14.94 10.2 7.61 7.89 6.51 7.89 8.22 5.57 5.58 11.8 9.72 12.89 7.22 4.4 1.36 1.02 1.26 2.69 5.43 8.18 5.58
