3.94 4.52 9.07 6.46 5.21 12.2 7.3 16.58 5.01 11.23 7.2 8.57 8.89 10.27 8.99 5.13 7.44 2.44 11.55 9.12 8.43 6.32 11.52 12.52 15.81 39.56 17.79 10.91 7.7 5.58 5.31 7.24 4.04 5.49 4.43 3.17 7.8 9.1 9.39 2.89 4.35 4.04 2.74 5.25 5.14 2.97 2.32 3.27 4.35 8.06 6.7 9.56 12.2 12.72 13.51 15.52 6.04 3.37 5.37 5.24 5.3 5.71 7.9 1.88
2.03 4.79 4.54 5.39 7.39 11.01 17.97 19.0 10.68 6.07 9.51 7.79 17.4 16.13 15.71 5.24 8.01 5.65 5.44 6.18 4.24 4.98 7.29 4.58 16.8 17.89 23.77 14.25 10.48 12.23 8.72 7.91 5.87 8.79 2.06 3.88 5.39 9.62 8.32 7.03 6.7 4.07 2.54 5.26 5.09 7.5 5.4 10.72 9.49 7.33 8.54 15.12 11.29 28.29 14.57 13.83 7.49 4.96 7.09 2.88 3.86 6.93 7.27 1.52
2.66 3.12 2.05 4.59 5.19 12.16 23.38 12.09 11.16 15.44 17.57 13.71 15.54 16.92 13.66 6.03 4.3 9.11 4.12 8.04 3.11 5.37 10.04 8.65 10.37 9.84 12.57 21.41 13.55 20.58 9.86 6.23 4.33 4.3 2.92 7.58 3.88 5.64 6.43 7.34 7.05 5.33 5.25 4.94 8.35 11.49 8.06 6.3 6.82 6.89 8.25 8.09 8.57 25.44 29.04 10.93 10.29 5.23 7.89 3.55 5.61 4.56 5.94 1.7
3.19 3.76 1.42 4.94 4.53 8.52 9.95 12.69 16.05 30.79 24.07 25.5 18.7 6.7 6.43 13.38 9.71 9.22 8.32 6.4 5.31 9.29 5.75 10.84 14.08 11.9 16.85 25.76 15.18 12.06 8.95 5.63 5.15 2.69 2.96 6.07 6.02 6.01 8.38 3.71 8.18 6.98 7.31 8.48 15.15 11.12 8.13 6.62 5.93 11.68 8.08 8.09 8.43 15.46 19.92 20.24 10.94 9.21 5.73 6.77 6.72 7.77 3.32 2.96
3.34 4.18 1.82 4.11 4.57 6.32 19.85 16.03 19.53 10.49 48.72 26.66 12.85 8.29 7.7 9.2 15.72 18.04 9.97 7.18 5.73 4.24 12.65 12.13 14.43 10.65 10.06 12.55 12.22 9.13 8.59 4.55 2.93 1.89 2.65 6.8 5.95 8.04 9.11 11.89 10.9 7.15 3.96 8.04 11.76 10.48 12.53 8.6 5.53 9.91 9.93 5.17 11.94 11.05 16.14 22.01 18.53 14.74 8.71 8.54 5.73 4.32 3.75 4.15
2.15 4.72 3.94 4.64 3.52 11.38 18.94 12.85 9.78 24.44 10.66 21.29 13.81 8.35 11.54 9.12 10.39 10.33 10.76 7.01 5.23 6.47 6.75 12.54 14.22 13.92 6.88 8.28 6.93 8.51 3.31 6.37 1.94 1.6 2.5 7.43 4.09 4.53 13.19 5.76 7.9 5.32 5.95 4.2 11.31 16.39 31.09 7.87 5.64 9.39 9.8 8.32 15.75 11.44 21.71 14.47 20.41 22.84 21.34 4.9 4.36 4.15 4.26 7.1
4.19 5.61 2.65 6.14 5.14 9.54 10.62 14.75 13.64 11.16 15.35 15.17 14.01 7.21 7.3 12.63 25.75 18.56 11.99 9.34 6.04 7.49 8.43 9.66 18.04 8.67 9.34 13.39 7.73 3.27 3.61 5.34 4.07 4.2 4.8 3.72 11.07 3.86 6.31 4.05 7.48 6.3 7.66 7.23 7.57 13.47 16.22 10.71 11.44 6.63 5.84 11.04 19.31 27.68 6.79 10.62 17.18 9.15 9.09 7.35 4.75 4.04 4.92 9.71
4.75 3.68 6.86 4.11 4.64 7.34 11.88 19.89 23.58 10.24 8.23 7.66 6.0 5.53 9.87 7.37 9.37 31.56 10.7 8.44 6.3 4.33 5.91 13.7 18.8 9.55 14.79 7.65 10.11 5.43 3.17 5.79 5.25 9.0 6.57 9.62 5.3 6.77 3.03 5.92 8.28 4.46 18.35 9.82 4.77 8.07 16.0 8.12 13.46 8.51 6.8 11.08 5.41 11.93 9.81 7.14 6.93 7.04 7.41 5.5 5.32 3.71 9.05 15.0
2.55 2.75 8.56 12.86 8.13 9.36 9.71 16.77 29.2 15.81 9.82 3.94 4.06 2.97 9.44 11.56 9.1 22.88 14.95 6.91 8.24 5.56 2.79 5.4 9.3 10.37 8.96 12.22 9.72 9.29 6.73 8.68 6.64 9.49 11.41 10.17 6.17 5.82 6.58 3.95 7.52 5.59 22.4 7.72 6.17 5.93 15.97 12.31 7.89 10.02 14.03 6.88 7.03 12.76 13.27 9.25 7.7 6.73 5.27 6.14 4.75 6.93 18.84 25.8
2.25 3.5 12.52 13.51 15.79 12.21 7.82 19.21 21.29 7.75 7.33 4.1 4.0 7.13 6.67 4.23 11.37 10.32 10.03 7.49 9.27 2.5 2.96 3.21 7.23 12.38 5.32 4.57 7.76 3.16 11.2 11.12 7.44 7.14 5.89 9.44 8.54 6.42 5.61 3.93 4.65 6.06 31.15 11.92 7.88 7.3 8.09 8.63 7.99 8.66 10.87 10.38 10.68 22.34 16.63 11.5 8.6 9.37 3.16 6.29 8.44 7.48 15.8 16.16
3.4 3.44 6.89 13.18 15.9 12.08 9.02 13.9 21.9 8.47 4.05 5.24 6.97 10.14 15.32 5.88 7.14 11.91 4.34 6.21 6.27 1.88 2.95 4.07 8.29 15.25 8.98 2.4 5.47 2.62 10.22 18.67 14.88 14.05 13.35 8.55 8.83 8.13 7.48 4.54 7.17 8.99 30.47 13.97 14.32 6.79 7.71 4.65 8.27 11.97 17.87 12.29 12.97 15.4 14.94 18.3 8.62 15.48 8.2 12.72 8.14 8.21 10.5 10.5
5.91 3.85 4.22 7.13 15.28 9.48 15.53 15.14 8.17 7.94 7.67 8.05 10.43 4.36 5.02 5.3 6.02 7.44 5.08 4.42 3.68 3.74 3.55 5.48 7.85 5.17 7.05 4.15 2.68 4.48 4.71 18.42 18.85 7.87 11.56 4.05 9.21 6.68 9.99 10.21 5.98 14.42 17.22 13.08 12.32 13.3 6.15 6.31 5.45 19.06 15.36 15.27 6.84 9.81 18.16 17.92 37.09 13.39 7.97 8.52 8.04 8.6 12.69 9.42
4.23 4.59 8.57 15.32 13.7 9.51 11.53 16.62 10.6 7.0 15.33 11.37 17.39 9.11 6.93 4.51 3.46 4.79 4.21 6.78 5.62 5.91 2.66 4.46 6.46 4.1 8.23 4.31 3.83 6.24 6.98 14.26 8.29 12.87 4.61 5.55 8.69 23.85 5.08 9.44 10.45 14.58 24.78 18.22 21.12 13.09 13.46 6.69 9.59 16.17 10.11 12.5 11.83 11.34 13.02 28.58 40.29 14.82 11.39 10.76 10.58 8.8 14.96 8.03
4.6 7.92 14.46 18.65 20.75 17.81 7.24 10.79 7.51 12.14 10.84 5.95 9.21 16.47 4.66 5.26 3.61 5.16 6.09 3.85 9.49 5.88 4.87 3.37 5.31 4.17 10.84 4.16 4.84 7.61 6.2 7.12 11.82 9.15 6.19 10.33 12.04 10.2 9.52 3.98 9.73 26.54 32.96 18.83 25.31 11.64 6.02 8.81 5.6 11.68 4.03 8.27 12.46 12.1 11.64 26.72 13.89 17.3 19.63 11.89 10.85 10.29 10.51 5.39
8.15 14.5 18.73 36.54 17.63 19.77 7.39 16.31 6.11 13.28 4.68 6.64 6.21 10.07 6.45 4.1 6.93 2.36 7.26 3.31 7.12 6.66 5.81 7.44 4.23 3.82 10.54 8.4 12.47 7.42 8.95 7.81 10.94 14.39 4.15 9.98 10.73 12.71 8.33 13.62 14.85 25.44 10.09 16.64 11.47 15.16 6.03 10.62 4.61 7.94 6.2 9.94 9.56 10.45 6.98 24.24 25.99 41.78 29.63 20.87 8.65 5.85 10.44 4.55
19.01 18.76 29.96 62.32 53.72 19.61 8.92 14.26 6.05 12.73 6.12 3.86 4.0 6.89 5.49 3.81 3.29 2.68 4.55 7.43 9.22 4.9 3.43 5.42 4.07 3.93 6.31 11.78 5.8 12.74 9.98 9.0 9.58 7.36 3.96 8.38 7.15 5.68 22.59 11.1 20.76 13.5 9.67 10.86 9.1 7.4 11.67 4.36 13.11 9.78 7.37 7.13 8.89 7.96 6.33 20.14 18.04 34.36 32.89 14.89 10.77 5.44 4.39 6.7
45.78 36.19 34.67 22.29 34.02 29.38 11.61 13.5 6.03 13.65 6.83 5.41 3.96 5.71 3.27 2.19 1.62 4.22 7.59 8.63 5.38 4.92 3.28 3.29 6.87 9.3 8.3 8.84 6.18 11.2 19.53 7.7 9.9 7.39 8.36 7.29 7.22 8.27 13.92 9.35 7.91 10.94 7.45 6.48 8.7 8.62 8.06 6.41 7.08 15.64 6.22 7.42 7.85 9.99 12.6 15.16 14.61 17.78 31.25 7.17 5.09 6.93 3.68 6.56
28.97 18.72 19.83 32.48 14.71 24.15 11.46 8.88 9.73 7.89 8.45 3.94 12.7 6.6 3.82 2.36 7.07 3.71 6.22 6.56 6.48 6.37 4.18 6.06 9.91 9.28 6.9 10.86 11.91 23.98 15.91 11.32 7.61 5.04 8.42 9.95 4.46 11.58 6.5 12.28 4.53 7.83 4.22 4.59 3.33 6.82 10.81 10.74 6.79 9.09 7.0 3.17 11.1 5.58 9.23 7.34 8.63 10.93 14.76 10.88 6.62 5.75 3.0 6.12
13.14 11.89 10.12 12.05 32.29 20.32 17.42 6.76 19.81 11.22 7.97 6.75 8.15 10.5 4.05 4.3 5.01 4.4 2.7 4.39 3.92 7.3 9.73 6.98 7.06 5.86 7.99 9.03 21.04 25.85 22.58 13.17 4.25 4.44 4.69 10.44 3.07 4.52 9.11 9.38 5.57 3.02 8.04 2.02 5.42 6.4 10.36 7.86 12.38 6.1 5.57 3.41 5.45 7.02 5.43 8.58 4.24 4.18 7.91 6.95 12.13 4.92 2.83 4.13
11.42 13.52 14.99 9.41 13.89 27.32 16.65 15.32 18.69 16.68 8.01 6.77 7.09 7.95 9.37 2.99 13.63 4.79 3.28 4.19 3.14 5.61 9.68 6.64 3.67 10.37 9.7 8.0 24.52 21.11 17.75 10.0 3.85 2.8 5.24 4.96 4.09 4.45 6.58 5.53 5.56 8.93 7.46 3.07 4.41 8.27 13.2 6.71 7.76 1.89 5.75 3.07 8.53 6.28 7.19 3.92 3.32 5.63 7.35 13.64 7.85 5.9 6.04 7.21
7.47 4.86 9.79 11.44 7.43 12.33 12.75 8.37 18.65 10.31 10.35 7.96 6.88 6.29 13.2 3.37 10.44 8.34 4.56 3.96 4.76 5.07 5.04 3.82 5.16 8.86 11.46 9.51 7.66 11.25 7.18 10.9 9.85 6.98 6.22 5.07 4.53 3.09 4.41 5.26 4.95 5.13 8.53 6.39 3.74 2.7 10.4 6.73 8.1 2.52 3.9 4.15 5.62 9.53 5.57 4.05 4.27 5.1 9.37 15.58 8.08 3.73 5.36 4.57
6.34 5.42 10.74 10.03 6.64 11.04 4.59 10.77 16.55 22.65 9.18 15.77 12.03 17.15 8.43 4.98 9.99 6.86 8.04 5.69 5.37 3.13 5.9 2.21 5.76 7.13 4.29 8.41 10.73 6.29 10.66 11.69 16.95 15.72 9.66 14.6 3.71 4.83 5.81 8.15 6.29 5.25 5.46 2.66 2.64 4.95 5.22 6.25 9.44 5.61 3.18 3.4 3.33 9.1 9.99 3.31 5.55 7.45 6.92 10.82 12.65 6.53 4.35 3.31
7.7 4.04 9.65 14.8 7.72 5.06 11.03 13.32 22.98 17.16 13.6 16.09 15.9 13.23 11.2 7.16 4.77 5.11 8.54 5.06 4.56 2.3 4.43 3.04 2.42 4.8 3.55 7.71 13.19 16.95 18.19 30.7 10.02 9.64 9.26 9.85 8.81 6.35 5.12 5.27 5.51 3.17 3.53 2.41 2.6 9.94 8.28 8.83 15.18 8.12 3.4 5.2 5.91 4.38 6.05 3.7 6.26 6.23 3.93 9.79 8.12 9.51 6.57 6.63
7.3 5.76 5.5 8.64 9.03 8.59 25.57 24.82 19.63 24.55 18.77 15.11 8.54 14.96 12.81 25.89 5.73 6.83 8.57 7.36 2.26 6.57 5.51 7.0 3.35 4.01 7.55 9.98 18.11 9.13 19.46 13.89 10.96 11.5 10.75 12.36 7.11 7.37 11.62 7.14 3.87 1.86 3.63 4.29 13.88 15.56 12.26 10.76 11.26 14.89 5.52 8.25 3.0 5.99 3.62 11.32 8.9 12.66 7.9 10.42 6.99 9.4 8.23 8.53
10.65 8.86 6.67 5.87 11.29 11.13 14.73 47.51 11.46 18.07 8.41 15.47 9.52 9.02 15.85 11.72 8.05 10.49 12.71 8.25 6.83 4.58 9.44 5.51 8.4 8.61 7.92 11.86 10.31 17.36 14.53 13.79 11.68 11.56 8.9 6.39 12.33 11.18 11.51 5.28 3.38 3.76 5.59 9.57 22.84 22.16 7.69 8.33 20.19 15.5 6.24 3.31 2.47 4.94 6.81 16.55 15.56 15.96 9.3 9.24 13.18 10.8 5.62 7.44
13.64 11.94 14.54 12.69 12.15 8.98 20.53 19.31 8.82 6.94 10.93 15.0 20.96 6.23 9.76 7.48 4.75 13.51 20.54 29.27 7.16 11.32 6.08 10.51 7.85 13.86 10.32 15.61 10.22 10.25 16.34 16.57 21.86 8.6 13.65 9.4 13.75 15.45 7.66 7.59 5.38 4.33 6.1 14.78 20.24 7.53 8.01 9.97 17.05 15.3 5.76 3.1 7.35 8.9 8.98 46.2 28.85 15.02 14.99 16.94 13.07 11.08 4.23 3.46
18.81 13.95 13.86 7.64 7.32 9.48 16.05 25.58 7.93 10.14 10.85 18.49 9.32 6.45 5.19 6.7 7.63 21.74 35.97 17.41 8.16 7.58 6.3 12.23 12.18 8.67 17.23 14.94 23.66 18.01 19.37 10.42 14.65 8.83 29.25 16.64 9.61 6.06 4.96 5.96 8.87 4.52 6.6 11.38 13.47 12.13 13.77 18.9 13.69 6.76 5.13 6.5 11.98 19.82 27.58 37.19 14.08 8.78 12.02 22.57 10.38 7.61 6.21 3.03
18.54 14.15 7.17 3.32 5.48 7.06 18.4 16.38 18.34 12.48 10.36 7.39 14.46 7.48 6.01 13.72 16.81 16.43 18.93 8.99 9.53 14.71 8.52 9.56 11.74 9.81 19.25 16.59 26.13 28.77 21.03 17.85 19.31 21.97 16.05 26.06 12.49 10.19 5.14 3.28 3.31 5.42 5.81 7.95 12.99 9.53 12.49 9.34 8.07 6.73 4.06 5.39 17.61 20.92 35.56 25.35 8.02 10.66 8.09 7.88 11.76 9.54 6.07 4.03
11.95 13.82 4.74 3.92 6.5 7.27 13.25 17.25 7.03 4.74 9.83 13.74 17.36 12.46 9.82 12.91 14.51 16.9 10.55 6.11 8.19 14.89 11.12 23.09 17.8 10.9 20.02 17.26 49.2 20.39 18.71 18.61 23.72 43.56 16.95 16.44 14.21 8.44 4.42 5.28 3.41 6.11 5.57 7.61 16.71 5.83 7.03 5.83 4.0 6.28 7.61 9.73 13.09 12.55 21.82 10.48 14.91 7.39 8.3 10.26 12.35 8.6 9.99 5.91
8.04 7.44 5.18 5.75 3.31 9.32 7.3 8.01 6.61 5.23 8.98 27.13 26.15 14.18 9.07 6.09 9.51 19.02 14.69 5.04 13.58 4.17 12.8 10.68 12.91 10.3 19.32 12.64 41.69 14.12 13.56 30.16 16.19 25.07 19.21 18.61 9.66 5.41 9.14 6.43 5.96 6.93 7.95 6.24 11.63 6.31 8.99 4.96 4.87 7.54 10.53 34.22 10.53 12.25 11.72 14.44 13.82 11.11 9.39 7.97 13.71 7.67 10.9 5.74
7.65 4.99 4.04 5.78 5.31 7.62 4.3 4.23 3.3 9.2 11.66 20.12 33.26 11.64 5.22 4.98 12.95 28.91 13.07 7.12 8.87 8.41 11.64 12.54 4.63 10.25 16.77 20.58 25.8 12.46 12.92 16.3 26.65 18.6 12.54 15.34 11.51 21.84 11.87 12.53 10.32 11.21 5.67 4.39 7.83 11.13 11.71 12.79 10.22 18.53 15.66 22.6 11.22 14.91 13.78 9.65 10.33 14.13 13.58 12.3 17.33 10.79 11.22 5.53
2.88 2.24 4.11 3.72 2.18 2.86 3.41 5.83 5.05 5.21 8.89 12.79 30.72 16.37 9.55 6.52 18.63 13.01 16.33 16.9 6.28 4.46 14.54 12.06 12.8 8.76 10.29 12.69 27.77 15.08 14.0 20.61 22.9 17.8 13.37 13.04 15.13 22.79 8.87 12.43 9.94 5.73 4.9 5.2 7.04 18.83 18.0 7.84 19.94 11.89 10.62 11.31 15.78 22.58 15.28 11.47 4.5 5.45 12.66 21.51 24.42 21.23 11.64 6.8
3.14 2.66 6.62 3.82 2.8 2.07 4.15 7.22 9.12 5.77 7.65 6.63 11.74 13.17 20.57 15.84 15.99 12.93 17.23 11.93 12.62 9.52 11.4 13.46 9.2 10.52 15.04 18.45 17.31 20.13 8.59 13.04 20.37 15.01 12.98 27.38 12.28 23.03 11.02 9.21 15.79 5.73 5.56 12.41 17.29 22.44 18.92 17.64 11.85 9.63 8.24 22.42 12.46 25.95 17.74 7.77 3.53 6.85 15.42 19.83 22.65 26.76 15.54 14.93
4.54 4.07 5.27 2.58 2.49 3.77 7.05 8.39 8.32 8.34 6.71 9.62 6.75 14.26 5.28 9.79 12.32 19.68 9.79 18.45 8.05 10.09 7.05 8.52 15.11 7.59 19.88 28.53 20.35 16.78 11.79 6.03 9.99 16.99 6.18 14.7 11.84 11.34 7.11 15.02 9.47 12.73 14.96 9.6 14.03 17.78 13.81 14.23 13.57 9.77 14.74 8.08 8.47 13.42 10.86 6.12 6.32 19.95 25.16 19.7 16.39 15.66 18.01 13.08
3.3 7.88 3.04 4.19 3.08 6.27 5.41 5.36 11.82 5.6 6.05 11.04 5.93 6.08 6.97 5.19 9.97 14.27 21.51 43.03 13.28 14.23 9.87 8.81 12.78 20.41 22.11 16.56 17.9 9.97 6.81 6.4 7.01 11.52 12.36 10.52 6.43 15.47 9.27 11.59 12.88 9.43 15.03 9.3 12.91 9.38 14.97 9.86 16.21 9.19 9.43 10.28 6.81 15.75 11.31 12.51 9.9 44.09 30.6 21.98 15.37 13.29 11.35 20.2
5.18 2.83 2.82 4.32 9.19 10.1 7.81 4.45 5.09 5.72 13.15 14.58 5.82 4.42 5.52 7.45 16.18 12.77 16.14 15.31 9.62 17.18 11.89 17.47 8.6 18.54 25.41 29.49 9.51 7.89 2.75 3.46 9.68 15.2 8.44 10.14 6.15 10.1 13.89 7.13 10.71 10.48 6.84 4.92 11.79 7.43 8.07 7.86 7.98 10.83 7.21 11.68 13.4 14.87 9.45 22.39 20.79 18.52 18.88 6.44 14.19 15.47 17.97 7.37
5.24 3.38 3.99 7.51 4.07 8.41 6.94 9.17 5.53 7.3 16.97 5.51 5.12 6.03 5.72 12.8 19.95 8.57 13.3 11.14 4.66 18.11 14.16 12.08 12.32 19.2 15.84 12.7 6.52 3.66 3.24 4.44 16.34 15.11 11.28 7.02 6.55 15.19 8.16 8.78 5.17 9.11 6.56 3.66 8.62 5.59 10.76 12.01 7.65 7.91 17.42 16.12 16.76 14.77 10.02 28.88 21.97 21.08 6.58 7.38 11.07 12.76 24.24 9.65
4.85 4.74 3.6 3.21 3.17 8.12 6.08 9.78 16.39 13.32 9.63 9.99 7.1 7.39 6.88 12.96 12.97 12.21 13.23 6.65 8.02 17.24 15.75 7.17 6.32 9.9 12.89 7.82 5.82 5.21 6.71 6.5 8.91 9.24 9.46 4.05 4.41 12.99 7.66 2.55 4.23 6.05 6.53 2.7 6.11 4.85 10.61 20.88 7.41 16.9 11.51 20.77 8.09 16.88 6.82 16.35 14.39 10.73 13.26 4.07 7.03 7.1 7.34 8.52
6.38 2.52 4.71 3.65 4.27 4.04 6.5 16.07 8.16 9.45 9.92 16.43 22.01 11.26 4.69 9.42 11.54 23.3 16.87 6.48 7.9 10.23 10.18 6.17 4.77 5.18 4.88 5.22 5.42 7.28 4.51 5.29 10.24 11.02 5.09 5.7 6.38 3.92 5.14 1.99 4.6 6.49 5.28 5.06 9.24 5.47 10.13 10.19 9.37 7.5 20.13 11.46 7.91 8.23 4.25 7.23 20.4 11.97 12.69 4.77 3.97 4.17 11.04 7.98
3.6 2.38 6.73 6.94 8.25 6.58 9.85 3.91 10.59 12.47 10.32 15.05 14.78 7.35 8.07 8.34 10.73 29.78 13.84 9.66 3.02 3.73 5.35 6.43 8.86 7.66 4.17 3.92 3.79 3.24 5.48 9.67 7.06 12.04 9.38 6.84 3.56 3.15 3.13 3.19 2.63 3.23 11.69 9.5 14.74 5.36 9.1 8.77 9.24 8.17 11.47 14.62 4.2 7.54 7.63 8.01 7.77 9.03 9.55 6.22 6.16 4.52 7.07 10.69
6.93 4.7 2.85 4.02 6.24 4.97 12.67 4.3 4.77 9.01 8.45 14.78 11.96 4.82 6.65 4.43 10.57 24.55 13.93 6.76 3.21 2.32 3.41 4.82 11.84 8.27 3.56 2.02 2.74 2.62 8.98 9.71 8.68 8.57 9.03 3.51 2.73 4.66 4.79 4.3 4.88 5.51 8.93 19.1 7.15 6.45 10.37 8.95 9.42 9.13 13.06 5.68 4.63 6.64 14.02 11.83 9.59 7.03 13.97 6.02 7.9 6.59 14.27 6.7
7.8 7.08 3.34 6.0 5.32 4.38 6.83 6.69 5.24 7.37 6.6 11.99 10.48 5.96 6.0 5.24 12.19 15.78 11.17 5.92 6.51 2.61 3.91 5.26 8.45 10.77 3.74 2.23 4.92 3.85 11.83 11.08 14.26 8.03 9.86 7.9 5.71 6.26 5.78 9.02 7.59 8.32 8.3 8.66 7.54 6.56 14.41 18.48 14.29 6.64 7.29 5.92 5.6 5.99 9.3 5.96 7.38 13.73 8.57 9.73 7.45 8.42 9.08 10.2
4.57 3.56 3.35 4.0 8.13 5.38 10.24 3.51 6.74 6.91 8.47 10.24 4.72 4.38 5.39 6.51 5.78 10.44 10.87 4.7 8.25 5.14 2.34 3.04 8.85 5.11 6.12 4.97 8.11 2.98 8.61 9.61 6.93 6.37 13.37 10.22 9.56 13.58 7.27 11.59 8.66 10.57 7.76 12.93 7.83 4.46 9.27 11.62 7.64 9.97 6.02 6.68 5.87 5.89 9.6 12.43 6.1 20.68 9.65 13.04 10.99 9.23 8.34 8.9
4.65 6.64 8.49 8.28 10.26 10.79 10.54 10.59 4.9 8.76 5.59 11.53 5.45 7.23 5.18 5.46 6.73 9.32 7.85 5.95 11.56 3.98 6.22 4.22 4.0 8.91 5.82 5.54 3.62 6.41 5.17 10.13 4.34 8.12 8.7 7.82 12.9 10.2 7.13 10.22 10.28 20.86 17.24 9.67 5.85 8.56 13.68 17.1 17.41 9.21 10.88 14.28 10.37 4.8 9.8 7.87 20.25 11.19 15.94 10.1 5.9 12.29 14.1 15.3
2.33 6.8 11.93 9.41 8.28 13.47 10.0 17.51 10.58 13.62 8.91 7.34 4.34 6.06 5.77 6.55 4.19 10.75 5.46 3.8 8.77 6.1 7.91 6.09 5.69 5.65 4.87 3.22 3.44 4.17 4.35 7.82 4.83 6.94 4.08 7.12 10.94 14.25 6.41 8.07 17.75 12.16 15.11 10.57 8.55 5.8 20.41 14.45 15.66 8.89 6.08 16.8 6.14 16.37 8.72 12.73 8.36 12.09 6.16 10.27 4.74 10.42 25.24 15.25
7.7 11.59 16.98 5.44 7.34 8.77 9.18 22.17 23.79 21.48 10.74 6.18 3.49 5.11 6.62 7.05 9.29 6.73 8.15 4.68 11.52 12.09 7.98 6.83 7.3 4.62 6.64 10.22 5.74 5.79 5.03 5.04 6.39 9.24 8.79 9.03 11.9 10.13 11.74 9.22 8.71 11.95 6.68 16.31 13.11 20.55 17.93 20.72 9.71 9.21 8.73 9.51 5.28 16.95 9.29 17.17 8.08 8.53 3.12 7.52 6.49 12.23 18.18 18.18
9.51 23.31 9.39 6.77 9.58 10.78 8.08 21.96 32.58 14.95 7.86 3.4 3.21 8.78 7.68 10.37 9.6 5.23 3.96 6.09 6.82 15.38 5.52 7.59 3.7 5.97 7.03 15.85 4.38 4.26 5.64 5.04 5.45 10.87 8.09 14.69 13.2 12.23 9.01 6.2 9.73 9.39 12.0 16.8 19.29 10.8 18.37 13.51 15.43 9.82 8.45 8.52 6.3 12.28 6.91 14.52 10.03 8.9 4.04 5.36 10.08 11.5 12.16 19.92
19.64 14.66 12.72 7.06 25.07 17.89 11.59 14.08 11.48 6.81 5.08 3.28 4.4 7.65 16.15 16.7 8.21 3.5 4.01 5.79 10.08 10.93 13.22 9.91 3.85 3.21 6.54 13.39 5.96 4.52 4.77 6.52 13.76 15.67 11.32 12.68 10.76 10.91 9.96 7.87 8.66 12.05 20.68 28.52 48.38 17.89 10.61 5.44 8.59 8.09 11.18 5.62 7.76 6.87 6.93 18.59 6.64 11.1 3.45 6.66 8.81 13.72 15.31 25.84
8.34 15.31 15.88 8.22 18.42 14.03 12.62 4.45 5.41 3.54 4.03 3.48 6.71 19.14 17.06 19.43 11.49 6.5 6.24 4.15 7.96 10.23 12.27 6.69 6.89 4.02 3.97 10.78 4.2 8.73 9.56 11.93 9.06 22.38 10.23 12.65 14.23 12.74 6.54 9.25 7.63 11.46 25.33 11.48 16.85 13.5 9.37 6.2 4.53 5.47 5.25 5.44 6.58 5.05 9.85 12.86 9.07 6.02 4.1 6.35 10.61 16.6 11.37 16.14
10.4 14.63 8.23 8.07 9.72 8.0 7.12 5.02 5.46 5.98 3.99 3.01 10.18 26.67 11.4 20.82 20.46 9.52 3.7 5.53 7.99 8.0 10.62 10.34 6.06 6.75 5.98 5.8 4.56 7.95 11.32 18.35 14.02 9.86 9.24 9.5 17.56 16.18 10.64 9.91 16.64 12.04 17.97 6.91 7.27 13.96 8.74 7.16 7.36 5.45 4.66 5.44 11.14 7.01 6.12 10.84 11.54 7.1 3.65 7.13 14.02 7.66 10.68 8.92
6.68 9.79 13.74 5.39 9.02 10.73 6.61 5.49 7.05 5.08 6.03 11.16 11.02 18.99 10.62 14.57 11.4 5.55 4.46 3.45 6.76 7.73 16.54 10.51 10.48 2.75 7.74 8.25 7.55 16.38 10.34 14.52 11.52 11.18 13.31 10.24 6.35 7.1 8.5 15.78 24.92 15.14 6.18 4.76 8.44 10.52 16.55 13.45 3.85 3.46 5.93 14.18 9.99 7.79 4.73 8.71 10.55 6.77 7.97 5.01 11.6 5.09 9.13 14.21
3.67 6.1 8.6 14.36 4.31 16.99 10.59 4.53 5.76 4.8 6.92 7.67 9.43 12.88 10.15 5.51 9.53 6.25 4.94 7.61 11.85 22.97 20.31 18.6 8.59 7.86 14.84 7.25 10.23 14.31 12.99 14.28 17.54 7.96 11.05 5.71 7.85 8.02 8.21 13.31 13.86 18.35 10.89 7.78 6.14 6.86 14.23 4.53 3.37 3.43 4.98 8.92 9.73 11.47 7.12 7.91 11.36 6.79 5.79 5.6 7.59 11.82 14.54 7.81
3.96 4.18 11.57 8.29 4.92 13.79 8.71 7.81 6.02 10.3 7.73 10.6 6.79 11.53 7.04 7.44 13.63 12.87 8.86 8.34 18.36 12.27 13.72 19.36 16.22 11.32 12.91 11.41 16.02 19.76 19.79 21.62 27.65 9.27 8.99 8.29 12.49 9.89 8.71 8.03 6.75 11.95 12.46 21.98 6.7 9.88 5.91 3.76 2.93 8.49 3.35 5.21 5.96 11.89 12.85 13.69 10.24 12.87 6.36 4.75 11.36 9.96 6.65 3.13
4.58 5.31 10.26 9.55 9.96 11.34 9.79 7.02 8.97 10.61 5.69 9.48 5.11 5.1 3.9 9.08 10.53 19.17 9.64 9.79 9.65 5.66 7.27 14.57 15.88 12.96 8.59 9.96 12.32 24.49 43.61 37.28 12.91 8.81 8.44 12.64 8.8 22.56 9.07 7.21 8.89 10.53 16.62 15.11 6.41 7.95 5.44 5.12 7.15 7.75 6.0 4.46 6.11 12.01 20.99 27.53 19.55 14.23 6.18 5.39 4.98 3.3 5.98 4.47
6.59 5.86 11.27 15.02 15.73 13.26 14.3 9.03 7.57 14.43 7.17 13.55 5.67 3.82 6.51 10.31 10.13 12.23 4.28 3.79 5.45 8.95 8.75 11.38 10.34 12.42 14.72 19.76 20.24 23.96 26.99 29.63 22.47 9.8 6.51 8.49 11.39 6.71 9.52 4.27 9.16 10.28 18.48 21.11 13.67 12.7 11.11 8.12 12.53 8.66 12.59 5.47 8.62 18.7 24.86 30.17 22.53 13.39 5.95 3.74 3.1 7.14 5.58 9.21
5.83 12.34 8.0 11.75 11.13 16.24 21.21 12.46 8.35 6.67 8.06 6.16 8.69 7.47 6.93 6.25 5.23 7.55 6.51 6.03 5.65 5.27 10.85 8.59 9.56 13.0 20.45 22.43 23.53 16.49 12.61 16.66 7.9 7.22 10.02 19.75 7.5 10.36 3.97 6.92 6.86 24.99 22.44 19.55 24.81 12.18 9.73 10.17 11.54 8.46 11.02 7.96 6.38 21.86 10.87 21.0 13.84 7.11 6.12 5.3 5.91 8.32 6.62 9.5
8.91 10.0 14.72 8.21 11.96 25.78 24.63 15.33 8.89 5.07 6.12 6.86 7.03 10.96 10.72 6.03 5.02 5.2 3.93 7.64 9.15 9.0 9.84 5.61 8.75 13.46 29.99 22.01 17.16 11.82 7.48 12.15 12.0 5.95 8.74 16.27 9.24 14.08 4.17 10.07 15.95 32.29 27.95 13.53 20.04 5.83 14.46 7.62 13.8 8.28 10.97 5.29 14.85 8.83 12.56 15.33 11.1 8.42 10.6 10.87 8.8 10.5 7.79 8.45
5.65 9.05 6.26 16.75 12.05 18.38 21.47 10.28 4.33 2.93 4.67 7.36 11.51 9.89 4.88 14.34 9.94 5.5 3.65 5.37 5.99 11.71 10.11 8.25 9.15 6.27 13.07 13.41 17.55 5.96 6.97 4.75 8.2 9.16 6.39 14.33 11.48 8.93 5.82 12.41 14.43 23.66 19.09 15.32 15.88 4.09 12.58 4.88 10.32 6.83 7.62 5.66 12.57 11.98 11.39 26.32 14.47 9.03 7.34 15.38 5.7 14.37 8.38 5.26
5.59 7.96 11.87 13.35 16.19 9.29 7.4 9.12 6.81 5.35 6.9 7.21 8.09 8.75 9.79 5.99 9.1 3.84 9.42 8.02 6.79 6.02 9.02 7.53 11.36 8.88 6.54 16.5 12.47 5.98 10.46 13.04 3.0 12.74 7.09 10.46 7.82 6.58 9.08 11.49 7.99 14.11 18.58 13.55 12.1 7.46 5.68 4.94 7.17 5.69 11.82 9.12 9.39 20.29 15.08 16.42 12.21 11.66 3.98 8.4 5.92 4.19 10.59 7.04
8.53 7.2 6.75 9.29 9.68 5.11 5.41 5.0 5.63 9.11 5.44 12.17 7.89 3.92 9.83 8.11 5.25 3.41 4.84 4.81 6.63 4.5 9.46 6.91 9.78 7.27 11.77 17.26 10.96 13.41 8.89 11.92 6.25 14.05 7.42 4.4 5.44 8.26 12.5 6.76 9.42 9.93 10.84 7.0 6.04 7.27 7.4 3.01 5.87 8.02 12.45 14.54 11.29 10.06 6.33 12.14 10.72 7.79 9.84 13.93 7.83 7.31 9.17 6.39
8.23 8.69 3.88 9.77 9.95 7.95 6.07 12.18 7.01 5.66 6.6 4.92 6.88 4.54 5.22 3.99 3.69 3.42 3.5 5.4 11.83 3.69 5.3 6.21 8.87 9.88 9.69 17.14 14.2 11.75 11.86 5.79 8.63 7.49 3.79 4.69 5.41 6.22 14.0 6.35 3.8 6.84 7.02 4.88 7.67 6.22 7.85 4.72 5.64 9.96 13.18 19.9 9.5 13.58 6.33 10.96 11.52 7.49 8.15 13.82 8.63 12.8 10.68 11.47
8.38 6.23 10.56 5.63 11.11 7.96 7.3 12.12 11.05 6.35 8.14 6.93 5.14 4.36 4.06 5.22 3.3 3.14 4.35 9.69 11.06 3.16 4.1 8.24 6.32 13.05 12.87 21.29 16.58 8.7 10.39 8.62 5.16 4.53 3.89 3.54 5.47 10.29 11.69 4.45 4.12 2.89 9.23 5.03 7.55 9.97 10.1 3.47 4.26 7.24 4.23 8.75 7.65 13.32 10.77 25.24 6.56 10.9 5.7 13.2 10.5 7.96 10.47 19.26
11.52 14.54 9.76 6.32 3.87 4.71 7.1 11.35 14.37 6.26 4.52 5.17 6.08 5.37 4.14 5.32 5.4 7.2 3.93 9.87 6.9 6.1 4.87 12.83 9.07 12.89 15.95 16.71 16.17 10.14 13.08 4.96 7.74 4.88 4.75 3.88 4.0 9.52 5.72 5.18 3.04 4.35 4.42 4.7 4.83 9.58 10.49 3.25 2.69 3.9 6.84 7.61 9.74 7.92 4.53 24.96 8.49 8.61 5.39 11.27 4.84 10.17 14.66 14.59
14.81 4.96 7.04 4.09 4.57 1.99 5.05 7.22 18.03 16.63 5.21 3.53 8.87 7.07 10.29 11.69 6.12 3.65 3.28 5.17 6.5 7.78 5.19 8.27 12.22 10.23 16.7 12.52 12.71 12.12 7.44 9.61 7.18 6.51 2.34 4.22 4.19 9.34 4.46 6.77 4.84 6.03 3.71 5.87 5.91 11.61 7.27 4.26 8.0 4.14 8.35 10.13 6.99 14.05 12.68 14.2 13.05 10.89 6.5 9.17 7.06 4.7 14.65 5.45
