6.5 21.7 15.68 7.89 11.57 12.18 4.47 7.64 4.25 4.78 6.77 7.81 9.88 7.21 3.14 4.22 3.21 3.19 5.93 10.58 7.17 5.38 5.09 12.8 11.65 17.7 17.68 7.84 14.01 8.64 8.87 11.58 16.34 20.67 22.19 15.0 16.7 6.84 2.88 4.17 2.49 6.84 3.66 10.82 8.51 8.62 9.33 6.69 10.87 14.72 15.88 14.84 7.45 4.91 2.79 3.29 2.76 5.34 7.36 8.96 8.42 6.54 12.37 9.87
9.74 19.61 10.67 12.43 8.6 10.79 8.61 8.51 6.06 7.48 6.76 6.52 5.04 8.16 3.64 4.6 3.46 5.09 6.06 7.65 4.03 4.75 7.71 14.51 15.38 17.37 9.54 5.55 11.39 8.93 10.59 18.68 16.83 15.6 19.22 8.97 19.81 9.89 6.46 6.1 2.51 3.13 3.25 3.96 9.93 13.44 15.87 14.0 24.15 13.19 11.5 12.8 8.08 4.63 5.18 3.86 5.02 7.85 12.17 7.21 13.03 9.66 7.79 6.16
11.1 24.52 11.99 6.46 5.05 5.83 8.23 8.27 6.0 5.57 7.91 5.63 5.65 6.25 3.06 3.94 3.18 4.0 9.13 8.69 8.85 11.02 8.35 10.52 7.6 7.37 4.4 8.96 11.15 9.38 11.37 18.03 15.98 14.08 14.92 11.51 13.75 6.94 6.34 5.86 2.35 3.37 5.55 3.93 4.22 11.1 12.8 12.06 20.11 30.11 19.79 11.46 5.64 2.8 3.66 3.61 4.23 9.36 16.09 21.58 20.57 8.45 6.11 10.04
8.16 10.13 8.63 10.03 6.5 6.42 9.37 5.66 5.74 7.58 8.2 4.77 4.84 3.41 2.4 2.79 3.31 6.79 10.58 10.2 13.11 12.63 7.06 7.21 13.8 9.25 8.51 6.11 9.18 11.9 7.61 8.74 13.13 16.01 18.82 12.95 9.04 6.53 8.92 4.32 1.81 2.54 9.86 2.79 5.8 8.56 11.48 23.94 13.22 28.13 20.93 11.63 5.21 3.81 2.61 2.47 2.41 8.83 12.06 13.22 23.09 8.22 5.08 9.42
10.59 7.5 9.07 13.31 6.75 4.61 7.46 2.98 8.02 2.37 4.16 6.47 3.09 2.89 2.73 3.3 3.67 5.48 4.46 8.49 7.51 18.66 9.71 7.56 18.29 16.13 8.36 9.2 7.88 9.99 10.67 6.16 9.08 10.26 7.83 7.84 6.58 7.67 7.6 2.87 3.26 3.33 4.07 4.05 6.14 11.73 21.42 24.91 23.77 18.7 12.26 5.21 3.61 3.36 2.26 2.27 3.55 4.35 4.81 10.98 9.37 13.73 8.68 11.6
12.34 8.03 7.98 7.93 8.24 5.56 5.02 5.9 5.7 1.99 2.74 3.09 3.4 2.77 7.83 5.92 7.04 5.19 4.14 7.53 11.67 9.29 6.99 8.7 10.37 15.29 6.97 7.03 9.18 15.13 12.63 6.53 7.11 7.34 3.8 5.27 6.49 3.35 9.01 5.94 4.47 3.44 5.87 4.84 5.03 6.91 11.34 27.61 13.78 14.37 8.97 2.72 2.73 1.84 2.04 2.41 6.21 2.79 2.77 5.16 11.59 10.8 12.58 8.98
9.5 7.67 8.82 8.41 5.71 4.8 5.3 4.62 3.33 2.32 2.77 3.48 3.27 3.88 5.68 10.03 9.03 4.25 5.01 3.78 5.22 4.4 5.2 6.87 22.53 16.28 7.66 3.3 5.75 11.83 9.06 16.29 9.47 6.03 4.04 3.06 3.12 4.19 4.25 6.29 6.23 4.28 5.18 8.77 6.38 5.36 13.26 11.03 7.45 11.74 7.88 4.85 4.08 3.74 2.51 5.18 6.71 4.54 3.77 6.5 16.71 16.22 14.35 7.17
12.67 14.83 9.85 6.4 5.62 7.02 5.71 3.58 6.77 3.25 3.12 3.27 2.37 4.98 4.56 6.98 10.19 5.77 5.62 3.37 3.7 6.62 5.88 7.97 9.99 10.97 7.59 4.44 5.28 8.01 14.81 11.93 7.3 6.88 10.29 7.55 6.73 6.66 7.79 9.08 5.94 4.45 5.68 9.07 8.64 6.1 4.44 6.31 8.8 9.53 4.27 5.15 4.5 3.95 2.46 3.87 9.61 5.19 3.72 4.9 12.01 12.59 7.45 16.54
13.86 8.86 6.79 8.34 5.62 9.21 7.7 4.71 5.56 6.52 3.84 5.22 4.71 7.22 3.87 5.19 10.17 5.4 7.75 4.55 10.96 12.59 7.38 5.88 7.71 10.3 9.36 7.68 7.12 7.4 6.56 5.54 4.77 3.98 7.11 7.62 8.58 11.44 11.83 9.5 9.52 4.21 6.04 5.88 5.62 7.19 5.25 4.13 5.69 6.21 9.49 7.75 8.5 5.28 3.96 3.34 3.7 2.96 5.83 9.46 11.97 15.89 11.28 20.33
22.76 18.84 7.39 11.29 11.92 11.41 10.84 5.09 5.53 6.08 4.59 9.1 4.65 5.69 6.69 3.31 3.74 6.13 3.77 7.6 10.13 13.66 8.83 6.2 3.77 7.99 4.35 4.71 6.36 5.04 5.62 5.04 8.4 6.57 7.09 6.69 9.36 9.16 12.75 11.81 9.83 5.81 6.23 4.83 7.95 6.51 4.08 5.22 6.1 3.65 5.07 6.94 7.56 9.83 3.85 2.26 2.4 3.09 3.55 5.24 4.62 11.62 25.11 23.69
12.05 17.05 15.53 8.36 9.87 7.59 10.8 5.43 4.58 3.58 4.44 5.59 7.2 7.94 3.6 5.33 3.76 3.45 5.0 6.0 9.04 23.7 16.2 7.76 5.57 5.35 5.26 5.09 3.6 8.66 5.53 8.18 7.86 8.77 5.09 4.41 3.71 6.07 5.32 8.98 13.61 6.21 7.2 4.51 4.18 5.49 5.94 5.3 8.52 9.99 5.07 5.48 8.47 5.79 3.13 4.58 5.14 7.16 5.23 7.67 3.68 8.18 18.11 18.47
15.45 26.02 15.39 6.1 8.38 9.51 10.77 4.29 2.64 6.05 5.65 6.97 8.9 5.29 5.1 3.57 3.99 3.61 4.0 7.51 8.95 7.88 6.78 6.96 4.03 8.1 5.01 5.56 3.44 6.71 3.62 6.75 9.99 6.69 2.92 5.46 6.31 7.21 5.32 14.19 6.76 7.84 4.1 3.5 4.62 12.47 7.84 10.35 10.93 7.99 5.07 6.85 6.78 5.61 7.04 4.02 3.91 14.44 8.82 12.79 6.25 6.7 10.72 14.48
20.38 15.82 9.89 4.04 4.07 9.69 5.27 4.04 3.27 5.01 8.11 9.0 14.31 5.6 4.6 3.2 2.76 1.86 4.1 5.9 9.05 9.1 6.69 8.16 11.2 7.96 4.69 3.06 4.25 6.27 6.88 14.14 13.44 5.37 4.49 4.16 7.04 7.97 6.08 12.43 8.02 7.39 5.8 3.52 5.71 9.35 7.45 7.68 4.7 3.25 4.55 3.94 6.77 6.17 5.8 5.05 5.64 7.38 9.26 11.3 6.32 3.9 7.31 8.23
17.95 23.33 11.25 5.28 5.31 11.3 5.29 4.71 5.13 6.55 7.26 8.07 6.87 6.03 8.99 3.67 3.19 1.85 2.26 3.76 5.75 3.93 4.65 10.17 10.55 6.91 3.71 1.62 2.67 7.1 5.95 7.07 8.34 2.86 5.32 4.64 4.94 6.79 5.44 8.09 11.89 7.72 11.17 3.79 7.68 6.68 7.12 5.88 4.49 2.76 4.54 3.06 5.45 6.68 4.86 3.85 7.22 7.75 11.48 4.7 4.74 5.82 7.41 10.39
8.5 8.43 8.28 14.75 14.03 7.47 8.89 4.83 4.22 5.85 3.97 7.45 6.59 3.37 5.07 2.11 2.18 1.94 3.44 3.91 4.41 3.91 5.16 6.91 11.24 7.32 4.59 1.9 4.64 4.32 6.09 9.23 6.42 5.04 4.87 6.4 7.36 8.83 6.17 4.52 15.16 8.69 5.44 4.46 6.0 4.07 5.47 2.83 2.35 2.36 4.32 8.42 4.5 3.59 7.01 3.71 6.5 5.97 16.14 6.59 5.01 7.11 7.49 3.79
8.09 6.95 9.73 16.13 15.6 12.03 8.57 7.04 6.54 4.04 6.2 6.2 3.34 4.04 3.53 1.77 0.95 1.85 2.92 3.77 4.0 5.26 9.39 13.89 12.72 6.88 4.32 1.86 5.71 6.14 11.98 12.94 7.91 6.79 4.9 9.0 6.5 7.11 5.56 4.96 5.63 5.15 4.38 5.22 6.16 3.86 4.48 2.54 2.6 3.12 8.07 9.42 6.56 6.22 5.26 11.27 7.34 8.74 10.59 4.81 5.89 9.67 9.59 8.62
11.28 9.93 10.68 20.44 13.43 9.93 13.3 5.54 5.29 4.15 4.32 7.65 6.93 5.1 6.09 1.65 1.93 2.08 2.28 3.38 2.76 8.95 19.05 15.77 19.58 14.33 4.55 3.17 3.72 6.75 16.93 10.73 9.46 8.29 7.05 7.93 9.49 11.75 12.93 8.56 4.45 1.93 2.59 3.09 2.12 4.71 5.73 3.37 2.19 5.3 3.6 8.46 6.06 5.18 7.12 6.91 9.64 8.61 7.95 5.75 9.01 10.7 9.9 5.53
6.78 9.63 7.3 6.3 16.64 14.42 15.1 10.65 5.92 5.16 5.07 18.27 8.31 11.19 5.03 3.67 2.97 2.4 4.33 6.54 4.44 4.21 10.76 8.29 14.11 9.44 6.28 5.9 4.59 3.72 5.32 6.06 5.78 10.81 5.72 11.83 10.04 11.9 16.19 13.0 5.21 3.54 2.22 2.53 4.71 6.16 7.39 4.59 4.64 7.12 5.38 4.39 5.69 5.52 5.86 6.49 3.51 10.86 7.0 14.01 11.09 8.1 9.22 6.9
10.1 15.93 6.72 7.35 10.23 7.63 7.1 7.56 7.24 7.06 9.49 10.06 15.44 9.33 5.21 4.4 5.67 4.94 7.6 13.49 4.25 7.32 5.28 7.52 6.83 4.92 4.54 7.03 3.58 4.36 5.15 5.74 7.58 6.76 6.41 8.47 5.32 12.03 7.02 18.55 10.56 5.24 5.72 5.8 2.46 5.98 4.94 3.65 5.01 6.94 8.18 5.45 8.05 8.4 4.95 4.43 3.67 4.91 3.28 10.34 10.67 9.57 14.81 9.04
10.36 10.33 4.82 5.73 5.58 4.1 7.61 8.46 5.9 7.72 12.05 16.86 6.26 6.99 7.1 5.3 6.74 7.54 8.6 14.31 8.11 5.48 8.16 7.33 7.09 4.95 4.33 8.62 4.85 6.41 3.05 3.99 5.54 8.23 3.82 6.78 8.21 11.11 8.18 13.2 11.03 6.83 4.54 5.32 4.1 10.16 8.85 11.13 10.92 8.0 6.75 5.18 9.69 12.8 9.84 3.09 3.22 4.33 2.49 4.99 7.09 17.31 18.53 8.58
7.54 7.48 5.0 5.32 6.23 6.39 8.41 5.41 5.83 5.99 5.65 11.03 6.55 6.52 9.42 5.4 6.97 8.72 10.25 10.52 15.66 9.97 10.06 6.5 5.38 3.59 8.69 9.11 6.2 5.4 4.59 6.83 7.73 4.63 7.58 9.1 16.09 9.93 5.54 6.06 12.65 3.98 3.35 3.05 4.37 10.13 7.34 12.58 13.78 6.36 8.21 5.43 6.77 5.23 5.73 2.57 6.74 4.25 4.01 5.02 8.02 8.67 15.93 7.85
10.23 11.3 6.87 8.55 4.96 8.16 6.66 4.54 9.17 12.39 7.32 6.6 5.98 7.71 8.09 6.74 8.44 6.92 3.6 9.15 19.63 10.06 9.45 8.14 7.77 7.07 11.71 6.16 8.14 7.14 8.09 11.76 11.34 7.3 12.3 10.16 17.09 5.38 4.8 3.48 5.26 7.05 4.44 2.57 2.74 4.02 4.37 7.14 6.83 6.8 10.63 6.53 6.39 4.36 3.86 5.18 9.24 6.93 7.79 7.36 6.47 11.43 15.6 18.19
9.25 6.51 9.85 12.69 8.66 8.58 9.78 4.15 14.26 11.43 7.28 6.96 6.76 10.6 9.27 8.21 5.6 4.85 6.32 9.33 15.69 8.25 8.92 5.09 6.5 7.89 12.63 6.17 9.44 5.67 7.42 8.04 10.16 7.84 14.69 12.38 10.33 7.24 4.52 2.87 6.42 11.66 7.43 3.11 3.65 7.07 7.46 6.97 9.21 9.64 9.34 8.58 8.67 4.05 3.0 5.94 11.0 9.63 10.93 6.14 10.29 14.78 12.38 9.74
3.07 4.51 7.21 9.06 9.81 16.35 11.22 11.05 12.3 11.25 6.09 6.01 7.25 14.78 10.49 11.72 7.65 5.73 4.99 14.96 15.73 17.96 8.88 5.62 7.75 17.18 12.37 11.73 13.86 9.71 8.43 6.91 5.79 8.12 12.59 10.56 11.01 8.1 4.31 5.44 6.59 9.95 8.48 4.38 3.47 11.37 4.43 5.59 3.92 7.63 6.01 6.64 9.11 6.79 5.02 9.35 16.37 16.07 11.07 8.17 7.13 9.38 9.84 10.75
7.32 3.27 7.95 5.44 4.95 6.27 9.02 10.6 15.34 21.93 9.03 5.38 11.99 8.72 5.0 4.02 7.29 4.07 5.96 8.67 14.46 23.4 13.87 10.06 15.08 19.51 9.68 9.35 8.54 9.79 11.97 12.24 12.91 10.46 5.97 3.87 5.7 4.27 4.92 14.11 13.27 15.73 6.2 3.97 4.16 4.75 6.89 7.32 9.62 8.09 9.51 9.58 9.24 6.62 8.14 10.1 9.65 14.09 5.89 8.09 7.24 6.58 9.25 7.17
6.74 4.48 5.79 5.86 3.47 7.08 6.85 12.72 14.91 14.58 13.07 7.23 7.45 6.69 3.97 3.74 4.69 4.15 10.43 15.63 14.66 23.82 14.94 18.92 35.1 26.97 18.61 13.43 6.1 11.51 8.13 9.1 15.38 18.09 10.06 4.97 2.44 3.47 3.93 8.8 15.75 10.7 4.53 2.84 2.15 2.32 4.09 6.97 8.44 6.98 5.08 11.29 6.11 8.85 14.01 13.14 13.95 15.42 5.64 6.98 8.12 3.94 5.79 5.79
5.12 11.67 11.3 10.59 11.56 8.37 13.06 12.46 7.9 18.16 11.27 8.67 13.42 8.41 8.33 3.65 3.81 9.27 5.8 10.51 16.42 10.59 15.61 14.82 15.42 20.28 17.89 10.8 8.63 8.44 11.87 8.33 10.11 10.74 10.71 4.4 4.29 4.64 3.14 9.69 9.76 10.24 6.06 6.15 5.89 3.18 5.41 5.06 6.61 6.2 10.71 10.96 11.13 16.22 18.99 13.56 21.66 21.32 5.24 10.82 5.31 2.88 3.74 3.21
6.75 10.32 9.86 14.06 11.97 13.47 10.56 13.68 12.09 18.5 10.96 10.47 16.5 13.63 7.75 5.75 6.31 10.45 8.5 14.04 16.41 16.62 8.03 13.48 9.59 11.91 8.96 8.06 7.9 15.4 17.22 13.38 7.85 6.49 9.89 3.2 6.78 8.09 8.06 10.7 14.76 7.89 4.61 5.1 6.46 4.07 4.73 6.77 8.96 10.85 6.69 15.63 10.13 11.88 29.01 24.29 19.34 10.78 7.15 9.09 5.71 3.03 3.31 3.98
5.31 9.61 7.78 13.48 21.21 11.68 14.94 7.39 16.13 19.03 11.36 13.29 15.05 15.55 12.67 13.23 4.15 10.62 11.5 9.17 16.2 8.75 15.08 10.98 6.87 5.32 8.67 5.76 7.76 11.01 24.3 22.28 8.97 5.92 5.08 6.15 7.21 10.75 10.92 9.54 18.73 10.79 7.5 5.08 7.4 6.75 8.01 7.7 13.82 10.43 5.26 8.91 5.28 11.34 16.39 16.35 24.55 8.78 6.89 7.12 3.48 2.93 5.61 2.17
7.7 8.77 9.22 14.9 14.36 8.69 9.86 10.11 11.29 13.91 17.73 12.45 10.13 11.7 16.5 19.85 10.87 10.14 5.66 6.17 11.12 13.51 11.22 16.82 8.25 12.19 8.29 2.23 4.39 5.7 14.29 8.65 9.64 8.31 5.93 10.36 10.12 4.73 8.81 9.16 5.92 9.74 7.18 10.77 7.2 5.74 6.68 9.0 5.54 9.63 5.93 5.73 14.37 16.86 22.86 20.59 9.98 9.29 6.29 2.75 3.52 8.25 5.8 4.95
8.06 4.13 6.32 12.68 8.13 6.29 5.96 8.95 15.27 13.8 21.92 13.14 7.22 6.39 9.76 18.21 18.21 8.14 7.56 9.64 14.1 14.2 14.8 17.02 15.39 20.06 9.36 4.38 4.36 6.98 8.39 11.21 10.1 6.63 5.47 9.42 7.69 4.72 6.3 5.11 9.82 8.44 6.22 8.55 4.35 6.18 6.18 10.23 8.21 6.7 6.78 5.41 6.67 15.99 18.98 20.23 12.75 6.46 6.45 4.7 5.31 9.78 9.11 3.17
6.55 8.03 7.14 14.7 13.38 9.85 8.01 7.98 20.45 18.26 17.75 13.41 9.14 7.84 17.76 36.5 26.98 13.63 6.49 15.79 13.85 14.37 13.74 15.83 9.43 7.82 5.87 4.87 3.5 4.48 6.61 4.18 3.52 4.75 3.72 6.27 6.21 5.58 4.34 4.8 5.51 6.45 11.69 9.5 9.05 7.28 13.4 11.36 11.49 13.33 9.02 8.74 7.04 16.69 17.14 14.03 11.94 7.44 7.22 6.17 6.94 8.49 7.42 5.75
6.21 4.3 8.71 13.78 13.34 7.77 8.14 9.57 10.59 11.06 18.97 14.74 8.41 8.37 10.58 18.18 25.1 7.86 7.82 18.4 19.86 9.24 16.26 13.17 8.83 8.5 5.44 7.2 4.82 4.07 4.27 4.16 6.21 10.23 6.35 7.03 12.51 7.97 9.43 3.88 6.28 3.84 7.57 7.32 8.1 7.21 11.29 8.34 7.04 12.17 9.21 7.35 5.4 5.65 10.69 7.14 7.88 8.58 7.88 6.1 8.97 6.97 4.91 7.54
4.78 5.14 10.71 9.76 16.51 9.33 5.79 7.79 7.92 10.14 11.53 11.09 8.64 7.3 9.28 15.42 18.29 11.82 11.48 15.18 21.36 11.87 8.78 5.67 8.17 9.66 8.5 12.36 4.22 3.87 4.06 3.99 7.54 9.17 8.79 9.36 6.87 8.99 7.04 5.64 4.76 1.39 3.52 3.79 6.46 7.58 13.37 13.81 24.55 16.82 8.18 6.08 3.5 4.11 10.68 8.58 9.26 11.75 5.43 10.19 8.21 6.26 5.65 11.93
6.77 8.1 11.17 9.96 8.26 4.78 4.42 4.38 9.23 9.1 6.01 6.39 7.6 8.35 18.31 10.53 13.39 17.22 12.48 13.39 24.9 18.46 14.65 7.99 4.74 8.43 8.43 11.45 15.89 5.08 5.05 6.14 4.79 6.2 7.85 6.77 14.05 15.51 11.0 9.05 2.8 1.72 2.43 3.09 7.3 7.32 10.61 14.47 10.03 15.98 12.3 5.58 6.76 7.05 12.29 7.78 8.23 6.72 5.09 5.42 7.16 6.22 7.66 5.45
8.17 4.88 7.42 4.72 6.35 6.04 4.98 7.05 6.15 9.06 4.02 9.56 5.98 16.8 20.7 22.05 14.78 16.26 23.46 14.49 27.17 26.63 12.46 7.21 6.62 11.89 10.62 13.56 11.77 8.71 3.37 3.9 4.77 5.36 8.35 11.46 6.65 10.54 8.66 4.19 2.22 1.73 2.06 5.7 7.81 17.38 12.33 17.93 15.42 11.86 10.93 10.48 9.07 13.74 14.9 19.23 11.01 14.42 4.77 5.78 10.36 18.55 11.06 6.89
5.59 5.66 7.78 6.13 8.5 6.53 7.85 7.56 7.66 9.49 5.77 5.33 12.26 7.91 15.2 25.27 17.48 24.66 18.15 12.46 20.68 22.39 12.68 10.38 11.77 20.41 13.77 8.63 8.19 4.69 3.19 3.76 5.71 8.07 12.87 13.34 11.3 11.37 5.63 3.4 2.98 2.21 2.01 4.98 7.97 10.54 14.34 13.26 17.68 23.82 21.38 7.89 8.57 12.9 8.69 20.49 20.97 18.17 8.73 8.79 9.77 11.91 11.12 8.95
5.53 4.15 4.08 4.56 5.93 7.01 7.28 8.59 11.74 16.33 7.37 7.49 7.34 9.59 12.78 13.64 10.15 18.24 13.57 18.63 23.73 16.31 14.45 19.66 14.53 26.17 23.88 21.87 6.6 7.62 5.25 2.27 4.79 10.16 11.32 25.42 18.06 9.82 3.32 4.5 3.08 3.03 1.86 6.61 13.46 11.56 9.0 7.06 17.74 22.37 24.82 14.06 18.26 16.29 9.86 9.93 11.5 26.17 12.99 13.98 16.44 22.63 18.31 16.86
5.12 2.72 4.39 4.78 10.52 7.85 9.98 7.12 7.68 10.78 10.65 6.96 12.24 8.08 13.5 7.85 7.31 9.33 18.63 37.39 33.9 10.32 16.95 21.82 11.48 30.65 18.55 17.29 11.88 5.65 3.9 4.28 6.25 14.86 26.87 18.83 23.69 13.92 7.16 3.67 5.54 4.18 3.68 4.53 10.04 11.02 7.17 8.45 6.43 12.37 14.33 16.44 20.47 7.94 10.21 6.19 18.28 11.66 10.67 11.64 10.58 18.04 24.61 17.76
2.22 3.52 4.12 3.49 5.4 6.4 5.46 8.37 6.45 11.18 12.53 4.29 5.76 15.09 15.04 15.74 18.25 18.8 20.16 19.6 16.25 8.93 15.72 23.73 29.94 22.79 16.91 7.63 10.25 6.89 4.46 6.87 6.96 12.04 16.57 11.86 13.28 11.81 4.76 8.16 8.37 3.38 7.34 5.33 11.41 7.81 5.06 3.48 7.34 8.34 15.36 14.31 15.52 10.08 9.39 10.58 14.84 25.87 11.03 10.72 10.05 11.51 17.31 18.8
4.39 3.64 2.61 5.91 4.18 3.3 6.55 7.5 11.72 11.65 10.98 3.94 4.5 6.8 10.17 4.83 16.66 19.55 29.51 27.24 8.88 7.78 9.54 8.12 14.69 5.95 5.55 5.31 8.21 5.53 8.11 6.15 9.63 9.2 10.78 10.07 14.53 20.04 8.25 10.26 12.7 6.36 8.05 5.53 8.92 7.07 4.82 3.96 6.09 8.93 16.23 18.55 13.71 3.87 6.32 5.38 5.4 10.27 9.17 13.03 15.49 12.83 15.05 14.2
2.49 3.68 2.78 2.46 6.75 9.41 7.27 5.91 5.5 5.93 5.62 9.65 5.58 6.15 8.99 4.64 7.39 14.74 24.41 25.62 12.81 9.31 10.14 12.98 14.4 4.6 8.06 6.86 5.39 7.37 4.72 8.42 8.46 8.7 11.89 9.45 9.08 17.17 9.18 5.52 7.78 6.93 7.01 3.95 7.38 9.38 2.78 2.87 3.7 5.55 9.6 14.34 11.29 9.27 17.05 9.07 8.26 8.96 9.99 18.8 25.88 10.17 16.51 18.85
7.15 6.1 4.2 8.11 8.22 11.47 11.2 5.19 4.54 5.09 2.92 6.72 6.59 5.07 8.25 5.33 9.53 8.93 8.2 9.74 6.85 9.85 8.58 10.07 8.9 7.68 6.3 6.1 8.39 12.54 8.88 8.33 6.23 9.86 6.94 10.09 10.34 26.35 10.92 12.89 7.07 8.38 4.66 6.87 8.38 7.14 4.49 4.07 7.37 7.4 9.17 7.52 8.33 10.09 7.35 11.1 7.52 5.97 8.57 11.08 13.97 11.32 16.28 15.8
6.8 5.49 3.04 6.03 7.85 16.01 15.85 13.31 9.04 6.71 5.31 5.84 7.5 6.0 7.37 12.53 9.92 16.62 12.71 13.95 12.91 9.52 5.96 5.67 3.6 7.83 11.11 12.65 11.89 12.91 8.01 4.14 5.78 5.66 3.89 9.44 8.07 11.15 20.76 21.33 15.45 10.57 3.55 4.35 2.94 3.47 2.82 7.37 10.81 13.07 3.74 4.64 5.59 6.48 9.85 8.46 5.74 10.12 9.02 8.08 12.99 9.94 19.69 13.67
7.87 5.62 8.01 5.48 8.56 6.46 9.9 14.24 14.68 11.28 9.04 6.12 6.9 6.9 2.71 13.0 14.33 14.07 13.66 5.83 5.82 5.52 3.37 4.72 6.28 5.33 14.62 13.07 14.61 6.33 4.54 6.58 5.39 8.22 6.24 5.3 6.18 11.9 13.93 20.12 11.66 8.69 8.65 3.48 3.27 2.94 5.73 10.38 5.28 9.82 7.6 3.31 7.52 7.34 6.67 11.86 6.71 15.02 9.33 6.91 13.03 12.5 12.3 15.07
7.26 7.63 7.08 11.53 3.52 5.52 7.2 10.35 14.51 8.65 15.38 10.69 4.92 5.88 5.36 12.23 18.9 10.67 6.39 4.51 6.06 7.38 5.59 9.48 13.29 10.35 11.9 12.75 9.62 4.72 3.74 4.13 5.95 6.34 7.98 6.94 12.66 7.99 12.99 10.08 11.06 5.16 4.25 4.82 3.11 5.41 4.18 9.0 7.69 5.64 6.65 5.4 12.88 10.47 14.33 9.28 8.36 10.65 7.51 6.0 7.95 13.87 14.43 7.6
9.55 4.69 7.06 6.84 7.18 5.57 5.58 8.9 11.43 6.06 11.38 16.57 8.2 13.69 6.87 8.2 5.75 5.18 6.1 4.38 6.67 9.37 14.45 7.9 16.02 11.23 15.34 19.29 15.79 7.68 5.28 5.54 4.05 4.21 6.71 6.15 9.26 7.03 9.67 12.88 10.58 5.81 5.71 3.26 4.49 5.1 6.7 14.74 9.2 4.94 5.3 4.88 13.52 10.79 18.32 15.12 9.44 10.49 9.69 8.09 11.61 10.92 12.4 4.83
9.68 15.4 6.99 9.88 12.26 5.02 6.71 11.03 9.06 5.04 12.44 12.17 10.65 12.47 18.88 8.93 6.12 5.93 4.73 4.66 6.03 6.93 11.78 21.02 21.08 9.59 11.49 7.39 7.19 7.02 4.36 5.09 4.94 5.58 10.15 9.33 8.01 6.62 5.11 6.35 8.64 6.05 5.33 4.22 5.64 8.6 10.14 8.01 4.27 4.48 7.58 4.66 8.24 14.52 24.95 13.02 12.97 13.36 11.56 8.2 5.09 7.43 10.61 6.46
9.91 6.39 6.59 10.13 7.73 5.64 4.96 8.61 8.88 7.31 11.09 9.65 15.9 12.98 22.31 7.17 6.78 5.68 6.54 4.63 6.37 6.67 13.54 10.75 17.42 17.45 9.23 6.9 8.4 6.94 7.08 5.53 5.34 9.81 18.46 7.91 6.1 5.36 3.14 6.11 4.37 8.3 3.39 4.81 4.95 6.48 8.95 7.46 4.47 4.19 4.64 4.53 9.4 5.05 15.78 16.13 20.32 28.45 15.37 10.33 7.39 7.8 8.75 4.94
4.24 3.79 4.29 8.09 5.39 11.0 8.19 12.7 7.76 5.44 4.48 7.69 15.78 15.05 13.61 11.61 5.65 7.74 9.42 9.2 12.15 12.27 3.35 4.34 5.67 10.47 7.45 5.18 11.39 11.54 5.8 5.97 6.58 12.58 20.43 9.55 5.76 3.49 3.37 5.66 3.48 4.73 3.92 2.77 5.62 13.52 10.76 9.22 3.45 8.15 5.67 9.73 5.79 10.98 13.38 7.52 9.62 21.46 22.99 19.75 23.21 11.73 9.3 11.54
5.78 1.62 3.45 6.8 3.43 4.44 6.44 6.61 5.21 4.64 3.67 9.14 10.9 13.58 11.07 14.26 7.47 10.13 7.97 13.55 15.04 9.02 5.17 6.9 5.86 12.24 7.85 11.01 12.99 17.39 13.06 10.83 12.22 15.56 13.26 10.27 6.57 3.7 4.82 4.56 3.47 3.14 3.32 2.65 5.26 11.78 10.42 8.86 2.37 4.62 9.13 7.36 7.53 13.65 6.63 7.86 8.42 21.73 22.79 10.85 15.76 9.85 9.71 10.32
9.25 5.16 6.71 8.15 4.36 5.92 4.32 5.77 3.15 3.13 5.67 11.44 9.76 11.84 13.69 17.33 15.02 8.41 6.08 10.11 6.66 6.49 4.37 4.57 6.31 8.93 7.29 8.96 7.18 14.16 22.09 9.94 19.53 16.66 15.63 5.4 1.86 2.36 3.84 3.77 4.16 5.8 3.15 3.63 5.52 8.97 11.9 17.49 13.78 7.53 8.72 9.18 8.88 8.05 6.47 10.01 8.28 7.16 9.36 10.77 8.63 11.83 9.74 12.47
10.07 6.65 6.13 8.97 7.31 5.6 5.23 4.35 4.95 5.67 6.88 7.02 8.12 6.61 8.57 8.48 8.62 8.34 6.73 3.48 4.72 4.39 5.12 4.44 6.43 7.19 5.67 8.22 10.22 16.07 31.99 10.84 14.9 9.39 10.55 5.32 3.43 4.82 9.84 4.93 7.43 4.65 2.93 5.29 6.46 5.91 10.72 15.91 16.27 8.01 5.76 14.27 7.96 10.23 4.36 5.19 5.69 5.34 8.6 9.87 11.22 5.17 5.55 5.06
9.36 4.99 8.01 9.15 9.78 5.65 4.43 4.91 3.33 4.09 5.99 10.65 9.41 7.36 6.09 8.27 6.85 6.6 3.03 2.15 5.14 4.52 8.77 10.81 8.0 6.89 5.7 5.84 11.81 14.7 29.28 13.91 11.46 8.09 6.64 5.47 3.23 5.56 6.89 6.54 5.58 3.55 5.75 6.43 8.72 5.91 12.29 10.14 15.72 6.59 7.09 13.91 13.7 10.28 9.11 6.27 4.93 7.78 11.97 22.28 11.3 5.9 7.6 5.53
8.74 8.01 12.21 8.32 9.01 8.92 3.5 5.07 4.91 4.6 5.71 5.24 8.77 7.5 4.44 5.46 6.31 3.92 3.2 2.53 4.87 12.24 11.37 15.81 9.7 5.1 6.07 8.55 8.67 23.43 14.96 15.41 9.27 5.82 9.87 6.4 3.37 9.61 11.66 10.54 10.35 6.75 6.87 6.03 3.4 3.39 3.94 5.99 7.26 7.18 5.21 7.87 13.89 10.78 6.72 6.92 5.27 5.16 7.07 13.81 16.03 10.15 8.25 8.2
4.39 9.45 7.57 6.71 6.58 4.11 6.28 4.87 7.02 7.19 5.39 5.5 6.06 5.05 6.4 6.36 6.96 6.67 3.86 4.26 13.0 14.81 8.28 11.59 7.96 6.96 9.43 9.3 22.17 25.43 14.25 7.98 2.76 2.9 5.49 5.14 8.33 18.07 8.25 11.61 9.23 4.63 6.49 5.13 6.11 3.94 3.95 3.02 5.99 5.64 4.65 5.98 12.33 8.97 4.72 4.38 2.96 6.42 12.68 19.33 23.19 12.0 6.06 6.48
10.33 15.04 11.77 14.91 10.44 4.72 4.28 3.09 7.43 6.48 10.68 6.26 6.96 5.27 3.84 4.13 5.3 5.35 10.94 16.7 10.68 13.77 8.29 7.31 4.58 4.35 7.16 10.44 15.41 23.09 8.45 7.91 3.61 2.37 4.97 8.63 12.12 19.22 9.41 6.94 8.13 4.7 5.97 5.18 4.83 6.84 1.98 6.7 7.02 4.78 6.27 7.26 8.6 5.73 3.3 4.36 3.79 3.98 17.96 13.46 14.28 17.79 5.79 7.14
8.22 8.6 7.46 14.54 10.74 3.75 4.17 3.04 7.74 17.09 6.55 14.66 8.58 4.55 3.22 3.77 4.96 8.77 10.29 14.28 18.97 9.09 8.82 3.89 6.16 7.28 7.5 10.39 11.52 17.38 19.02 9.03 7.11 5.59 6.27 9.03 12.27 10.92 9.39 5.09 10.33 5.24 7.03 5.71 5.1 9.56 6.82 10.39 11.68 6.8 7.19 14.73 6.89 7.16 6.12 8.25 3.8 3.15 11.15 10.58 16.02 14.01 6.44 5.06
8.23 11.56 12.44 16.12 13.24 5.56 4.3 4.6 7.42 9.59 12.52 7.38 3.91 4.9 3.27 5.55 7.02 16.67 10.65 21.99 15.96 6.64 4.78 4.94 5.35 7.64 7.38 16.98 14.7 11.96 27.9 11.88 15.4 12.42 4.9 11.87 15.55 12.16 10.51 4.13 6.35 5.12 2.65 2.34 8.32 8.16 11.9 27.04 13.79 11.15 6.47 8.55 9.73 8.7 8.13 10.46 4.35 9.19 11.3 11.87 10.4 5.06 4.75 6.29
11.04 12.34 14.5 7.7 8.48 5.53 3.66 5.51 10.87 11.39 10.07 10.22 4.94 5.11 4.81 6.72 12.4 11.72 16.9 18.37 21.65 8.47 5.6 5.56 7.21 8.54 12.32 23.87 15.13 10.02 13.01 11.09 14.4 9.96 9.43 11.98 7.73 7.94 10.93 6.74 9.67 6.12 3.72 1.41 2.6 4.48 6.79 14.58 15.01 10.46 9.98 9.01 18.28 11.3 12.91 15.22 6.31 7.07 9.97 9.97 8.63 5.28 3.77 7.37
15.43 12.91 15.28 5.98 6.21 5.05 3.04 6.8 9.51 10.99 10.63 6.37 4.37 4.65 6.36 7.55 15.59 10.73 14.04 20.82 21.61 11.81 8.56 4.95 2.97 5.88 5.84 17.38 19.83 10.82 6.51 7.77 8.84 7.19 7.06 12.93 7.87 11.03 8.7 6.41 10.99 5.85 4.12 3.92 3.3 6.38 10.9 10.98 11.24 11.1 17.63 11.97 23.65 16.89 13.62 9.32 5.38 5.89 5.08 8.3 9.67 5.49 5.9 9.12
5.87 8.08 6.19 4.33 8.98 9.07 9.66 7.16 6.92 6.6 6.4 6.25 7.11 8.57 10.96 9.79 8.26 10.53 12.36 18.63 19.02 22.06 14.38 6.47 5.15 5.72 7.04 13.08 5.86 8.1 3.94 4.15 7.02 12.91 19.52 22.84 13.11 15.61 5.91 10.19 8.31 3.88 5.96 6.38 9.2 11.61 9.69 5.63 9.33 6.93 7.44 8.35 17.07 14.28 16.91 16.86 4.3 5.1 4.5 7.52 7.82 5.51 6.65 8.26
7.24 10.54 3.79 4.21 8.23 9.01 9.63 7.55 8.15 7.8 4.89 9.65 8.47 7.96 7.7 6.68 7.46 8.46 16.41 18.93 9.35 9.98 8.18 6.31 10.03 8.74 7.32 8.85 6.58 6.36 3.33 6.19 11.09 23.95 34.59 27.66 8.19 15.43 9.26 8.29 6.79 8.7 5.53 7.29 8.25 11.63 13.28 12.6 13.92 12.67 14.02 6.78 4.88 9.06 16.89 10.01 11.91 8.33 6.44 11.88 7.89 12.02 7.97 12.09
9.35 8.72 8.01 8.79 7.11 7.55 11.06 7.91 7.96 9.08 7.22 23.21 11.15 4.03 4.76 4.63 4.45 11.66 17.53 13.56 16.47 7.28 6.78 6.13 11.98 12.01 6.42 10.89 8.16 7.61 10.58 9.61 18.51 35.93 44.58 18.1 20.82 10.81 17.04 12.13 7.1 5.45 4.57 5.53 5.97 6.82 5.71 8.59 6.65 11.36 11.77 4.61 4.73 5.3 8.65 5.5 7.69 11.65 10.92 13.26 17.45 21.28 8.32 5.39
