19.15 11.94 4.85 5.77 9.25 20.04 13.58 9.8 13.21 24.48 19.77 17.71 25.32 6.62 13.95 8.97 8.56 10.08 4.27 5.36 6.38 7.03 10.07 12.74 8.37 14.75 19.81 27.2 10.81 4.86 9.34 6.21 9.82 8.29 6.32 5.54 7.4 8.84 8.82 12.94 13.36 10.65 6.3 4.19 2.37 4.11 6.13 5.92 8.07 9.19 4.38 2.95 4.17 3.06 4.89 8.09 4.58 10.75 5.52 7.69 9.05 18.43 13.96 13.07
21.42 16.39 10.87 7.1 9.45 9.83 12.45 11.52 18.75 17.63 17.13 20.6 16.4 12.14 27.11 19.68 8.93 6.27 3.46 4.57 5.36 6.83 4.43 8.6 7.93 12.48 13.61 15.77 8.9 5.45 5.53 10.32 10.26 5.62 6.2 7.91 15.91 14.54 6.55 10.07 6.45 7.59 5.6 3.84 3.27 5.87 6.1 5.15 5.09 6.41 7.03 4.5 6.39 3.69 4.95 5.06 8.96 10.07 5.98 8.83 11.53 17.96 11.55 10.97
24.61 22.63 15.8 8.25 9.73 19.41 16.06 22.8 27.46 15.72 21.19 8.9 11.6 8.71 10.95 16.09 10.85 7.76 3.73 3.41 4.32 3.69 3.75 3.25 8.31 8.14 6.33 4.63 4.88 4.33 6.31 6.14 14.26 6.15 4.5 11.93 13.21 11.63 5.75 13.47 8.94 4.9 4.1 3.68 4.4 5.09 9.86 8.14 10.32 8.35 5.25 4.96 9.8 10.65 9.59 9.4 7.94 7.11 4.93 5.7 9.12 14.81 16.51 5.54
9.03 15.01 14.68 9.09 11.14 13.03 15.86 25.04 40.69 23.5 20.75 27.49 15.52 9.04 18.21 15.49 9.44 7.79 8.27 4.29 4.21 5.14 3.29 4.19 8.92 6.51 10.89 7.23 4.93 5.14 8.32 6.55 10.35 3.91 4.06 12.01 16.04 6.53 3.97 6.76 6.71 5.79 3.8 3.35 4.25 12.39 8.08 6.02 12.92 8.97 6.55 9.77 11.52 11.85 11.07 10.83 14.57 6.38 4.5 8.31 13.66 19.84 9.42 8.09
5.76 11.56 8.27 6.34 7.88 13.99 22.04 20.56 33.17 28.69 16.43 10.2 13.91 15.49 12.57 14.24 8.06 7.67 7.98 4.52 6.8 4.87 6.82 8.93 9.23 5.1 6.82 9.35 10.95 10.95 12.01 9.35 10.64 3.9 3.55 11.57 10.9 6.36 3.76 9.42 5.98 5.2 6.37 7.0 4.76 13.3 11.65 8.96 10.23 8.9 10.29 19.73 8.57 12.65 8.52 11.91 13.88 11.3 3.74 4.64 8.8 26.78 23.27 10.59
6.75 10.14 6.38 4.6 4.9 10.75 16.72 35.12 19.53 23.52 16.01 11.86 12.87 16.5 11.76 6.68 7.52 6.0 13.64 4.23 4.74 8.65 7.19 9.09 10.71 8.36 10.64 10.02 14.33 20.28 15.84 9.16 6.61 3.76 6.49 9.2 11.87 2.71 3.31 6.37 6.55 5.25 5.42 7.9 9.14 13.28 11.58 10.87 9.75 9.88 10.33 11.06 4.44 8.42 6.75 9.9 10.85 8.09 3.57 4.49 8.98 14.74 15.01 14.45
7.14 6.03 5.72 6.44 6.92 10.18 25.02 18.4 22.64 21.98 16.07 10.73 13.31 12.75 9.94 4.9 6.34 5.6 8.55 5.39 6.53 6.24 7.29 8.64 7.48 5.61 12.77 11.05 22.88 25.32 15.62 8.5 6.26 5.9 7.05 7.52 6.56 3.63 3.17 6.25 8.74 3.46 7.51 10.61 14.99 12.29 11.79 15.92 18.17 10.95 10.23 8.82 5.99 6.01 4.28 7.79 6.5 6.42 6.39 5.58 5.01 7.23 12.04 13.18
3.85 6.78 7.16 6.41 6.61 7.48 13.18 19.91 37.29 26.88 13.14 7.74 16.29 13.78 13.65 7.14 7.19 4.34 3.36 2.64 5.63 8.2 9.46 6.52 7.52 7.05 9.49 5.36 12.34 26.23 21.85 8.78 4.41 6.4 7.75 8.34 4.55 2.93 3.08 4.92 9.15 4.0 4.49 5.95 11.78 14.22 12.5 19.93 13.55 19.74 11.36 8.65 6.04 8.19 5.13 12.81 7.12 5.36 11.47 8.76 5.85 5.52 6.9 20.18
8.13 8.7 6.6 18.69 9.71 8.4 9.14 11.6 26.76 16.45 9.25 8.25 32.62 16.05 11.2 5.74 3.64 5.34 3.23 4.91 3.95 4.66 4.15 8.87 6.02 6.86 12.02 6.0 6.93 9.65 14.46 5.99 5.59 6.18 8.66 6.91 2.35 3.43 3.14 4.94 4.77 5.65 2.87 4.86 5.95 8.95 14.41 9.79 15.09 18.41 15.35 7.77 9.87 4.83 4.35 20.06 11.86 15.43 8.86 11.73 13.71 8.1 8.26 20.8
6.69 8.4 12.16 9.65 13.34 17.93 7.17 10.09 12.73 13.49 8.61 6.82 16.79 14.69 8.29 2.96 3.38 4.7 3.86 2.55 4.36 3.83 4.1 7.26 7.54 9.14 6.13 5.56 9.32 13.1 10.2 3.37 6.04 11.3 14.73 6.84 5.36 3.92 4.79 6.16 4.36 4.83 4.33 6.77 9.92 10.8 9.59 16.78 11.71 18.79 16.39 8.6 13.21 7.79 11.3 17.27 10.46 8.07 9.89 15.28 17.56 9.87 16.62 17.04
9.23 9.74 10.02 22.28 14.13 7.14 9.47 10.16 11.76 10.44 9.77 7.41 16.33 13.25 3.94 6.09 4.79 4.77 3.61 2.77 2.17 3.83 5.28 4.0 5.66 8.53 7.75 4.99 7.53 9.14 14.03 4.25 4.87 11.28 18.73 3.78 2.85 2.98 5.12 11.62 6.64 5.47 8.07 7.23 8.28 13.77 16.61 11.03 16.93 15.3 7.58 8.54 12.07 8.9 10.67 10.9 10.31 17.4 13.33 7.26 7.91 11.74 12.73 15.26
7.33 9.22 11.4 8.07 8.99 6.64 9.8 9.12 6.01 6.4 7.0 7.36 12.51 9.97 3.17 4.4 3.28 7.6 6.63 5.7 2.47 2.42 8.22 4.29 6.18 10.53 5.74 5.59 7.12 18.69 13.34 7.33 7.93 25.02 18.61 5.05 2.41 6.32 8.57 8.96 10.1 6.09 9.82 15.42 28.12 37.49 20.29 15.49 16.64 20.72 11.15 14.81 11.59 11.13 11.23 10.94 12.51 9.85 6.47 6.38 6.44 9.78 11.32 8.16
7.88 13.93 7.45 6.12 5.69 5.66 8.12 6.49 7.88 6.06 5.97 7.51 11.9 8.22 3.89 2.85 2.51 6.85 4.93 7.36 3.77 3.65 5.45 7.6 7.27 7.33 9.38 7.93 15.2 20.1 18.48 7.2 5.22 14.04 13.39 5.37 2.51 6.99 12.21 14.41 5.2 5.92 7.32 8.73 29.25 46.83 42.88 16.88 29.35 21.42 9.19 8.38 9.94 19.12 15.11 14.43 14.66 17.38 11.15 9.94 6.18 9.61 13.3 8.9
9.29 15.64 10.51 4.38 4.4 3.92 8.55 10.9 10.97 5.48 4.48 6.73 12.35 6.41 2.85 1.97 2.94 4.75 3.98 4.44 6.38 6.2 5.97 9.19 7.18 5.97 10.23 16.86 16.45 13.08 20.65 21.91 17.0 16.71 17.73 8.11 3.75 7.24 9.49 20.13 10.27 5.72 7.29 7.08 15.13 19.96 45.49 31.15 38.87 23.67 19.65 8.87 8.38 10.03 17.17 11.73 9.49 14.59 7.47 8.53 11.48 16.47 13.62 7.41
9.31 9.79 8.69 6.28 2.82 4.14 7.37 6.28 8.24 5.28 6.59 7.08 13.53 10.62 7.27 0.95 1.4 2.43 3.81 2.77 2.29 4.78 6.53 10.25 10.94 7.7 8.92 7.81 15.98 19.3 12.07 16.52 15.49 15.09 16.54 10.36 13.69 11.41 6.03 9.25 12.12 10.78 8.48 13.48 11.22 23.68 24.61 21.62 22.03 16.96 12.26 16.29 11.2 10.75 8.57 7.71 13.73 12.71 13.34 12.47 10.52 13.98 10.77 10.28
14.24 22.0 10.98 5.22 7.55 8.16 9.37 12.08 7.53 6.83 7.07 5.64 5.83 7.95 6.21 3.22 4.36 2.66 1.86 2.96 3.2 7.05 6.54 8.96 10.25 5.49 5.95 7.73 12.31 13.52 16.23 20.34 19.1 31.42 16.77 18.77 13.65 16.2 11.9 10.52 11.51 5.79 10.91 16.34 16.51 20.36 21.41 40.21 24.27 16.62 15.29 18.25 7.17 8.1 6.63 8.62 5.1 7.5 6.44 7.69 10.18 17.79 14.37 7.58
5.11 8.76 8.22 5.71 7.84 6.54 7.42 13.44 8.6 11.57 18.82 7.82 7.8 5.13 4.89 1.67 1.65 1.85 2.13 2.08 3.01 9.32 11.41 12.07 5.52 7.04 10.66 9.67 10.06 14.47 11.9 9.65 17.09 25.47 22.44 17.57 17.45 16.13 14.35 13.09 10.34 16.26 15.4 10.76 12.06 21.1 24.26 24.63 31.28 12.89 7.11 14.5 10.88 12.01 7.55 3.98 4.4 6.91 6.64 7.59 8.79 10.57 14.38 5.88
3.18 7.47 11.43 4.15 11.45 11.25 8.18 6.37 4.43 7.74 33.05 12.14 6.72 8.38 3.51 4.39 3.62 1.75 2.0 1.88 4.66 7.4 5.06 4.09 6.64 8.79 12.16 5.23 6.79 10.25 18.67 28.37 18.82 14.69 21.2 12.05 8.1 13.33 17.7 8.45 8.22 9.51 11.73 9.82 16.46 22.01 28.59 22.64 14.93 12.76 20.15 11.88 12.57 13.98 6.8 4.71 2.14 5.18 8.81 9.26 8.78 16.07 23.74 7.97
1.96 3.26 5.04 3.52 5.97 5.36 5.91 5.69 5.83 8.76 24.41 12.64 8.97 4.73 3.68 2.99 2.05 3.84 2.51 1.72 4.19 7.32 7.74 7.53 7.35 9.32 8.35 5.45 4.54 7.6 11.19 23.84 30.67 12.3 9.26 16.36 10.29 10.72 13.49 11.35 9.08 13.58 10.73 7.15 6.24 7.89 22.82 23.05 11.18 13.46 14.93 11.94 9.4 8.84 7.09 5.75 5.74 3.53 5.65 7.75 5.95 9.28 20.39 10.52
3.41 5.25 2.59 5.29 10.28 4.29 3.52 3.43 4.52 7.4 24.21 25.87 8.79 7.72 9.05 4.87 1.33 2.09 2.82 2.29 6.31 5.73 5.71 5.09 4.54 6.65 6.72 4.82 4.35 3.58 6.05 8.98 10.99 13.77 11.46 6.77 4.09 7.77 10.19 16.88 16.74 19.23 12.7 5.25 2.67 7.27 12.49 24.81 16.59 11.53 16.96 21.02 17.0 11.16 6.1 4.02 5.06 7.71 9.96 5.42 4.29 6.11 11.38 7.84
2.96 7.69 3.14 2.52 4.47 4.48 3.85 6.4 9.78 9.62 15.89 17.85 12.86 10.01 8.01 4.27 1.62 2.99 1.81 5.53 9.1 5.31 14.09 4.4 5.24 6.97 5.52 3.6 4.89 3.77 4.68 10.14 9.55 5.75 5.58 5.4 8.06 11.57 9.16 12.11 19.68 15.46 13.29 6.22 6.14 4.9 15.45 14.7 11.75 15.69 8.55 23.38 19.23 10.74 10.05 6.96 6.75 3.21 4.82 5.65 4.2 3.33 15.62 7.77
8.07 15.55 2.81 4.78 6.11 3.19 3.53 4.29 15.92 21.68 16.75 16.26 12.73 7.26 11.54 5.97 3.24 3.29 3.05 6.02 8.77 9.38 7.63 8.78 5.92 4.21 6.39 3.11 6.52 3.2 6.92 6.96 4.39 5.14 9.99 6.62 4.3 10.74 16.83 19.59 14.02 22.17 13.5 7.11 5.25 5.56 11.83 15.54 21.22 26.77 11.49 11.29 25.08 17.88 17.53 19.12 8.84 12.71 4.17 2.89 3.84 3.47 7.62 8.4
5.84 13.43 5.46 2.15 4.21 8.48 6.94 7.56 10.8 24.62 12.86 5.88 2.55 9.48 15.9 4.83 3.43 3.61 2.66 10.62 13.56 9.71 10.07 5.53 5.66 5.95 6.0 6.56 6.64 7.07 6.4 5.09 7.74 5.78 5.58 5.23 6.15 9.62 7.89 10.55 9.14 15.96 17.99 7.22 3.93 4.9 12.73 13.13 8.48 12.95 6.75 11.71 11.42 20.95 20.26 17.78 10.38 6.32 4.84 9.55 4.27 9.19 6.54 8.8
3.84 5.04 3.49 4.04 4.8 4.84 9.76 12.06 20.19 21.57 10.61 6.56 3.75 4.08 10.41 5.21 3.2 5.25 4.41 6.79 8.88 17.97 10.74 10.75 6.42 6.76 9.12 6.11 7.11 9.95 10.9 7.41 5.81 7.46 7.45 9.6 7.49 8.73 8.77 6.36 9.87 14.66 7.48 8.35 3.27 6.34 8.96 8.48 12.48 10.75 9.18 8.52 10.69 13.65 27.16 19.38 11.22 9.35 4.72 7.02 12.84 11.11 12.93 31.66
3.13 3.68 5.36 6.45 4.51 5.79 6.91 8.4 14.35 18.3 9.97 7.3 7.94 6.78 7.85 5.47 3.86 4.2 5.75 8.11 7.16 6.74 11.15 5.62 5.12 4.34 10.26 7.37 8.9 14.4 10.67 8.48 6.35 5.48 4.01 5.58 5.64 7.69 5.91 3.94 6.67 5.81 8.12 8.01 4.83 5.68 13.08 9.51 5.95 9.29 8.27 10.73 4.28 9.44 14.52 12.02 18.97 5.96 3.89 10.33 14.07 22.06 47.19 28.86
2.58 2.5 3.54 7.98 11.31 10.19 6.3 7.23 8.24 7.08 8.57 14.8 10.86 8.79 9.3 9.06 4.8 5.21 14.23 9.55 10.39 11.67 8.08 13.42 6.4 3.93 7.45 6.61 11.95 17.98 11.3 9.38 5.23 5.57 3.83 4.06 6.73 8.01 6.63 4.25 3.6 3.95 5.36 7.42 5.52 9.52 9.19 11.65 16.48 5.5 5.21 10.55 6.21 12.99 9.77 10.52 13.46 10.38 11.38 17.16 22.85 15.51 42.27 39.47
4.32 5.56 7.02 7.05 6.41 7.58 5.2 8.13 11.32 6.91 5.64 9.09 9.15 12.89 7.61 12.82 9.0 7.41 7.98 8.0 8.89 4.15 4.74 9.85 16.38 6.53 8.08 10.59 7.12 14.24 11.43 11.18 6.18 4.1 3.01 3.47 3.38 5.26 3.64 7.29 5.57 3.6 7.89 8.54 4.92 7.57 9.26 8.81 13.31 7.83 8.03 17.98 3.76 9.14 7.28 11.28 15.82 14.58 13.37 22.17 23.07 33.51 50.37 26.44
3.7 6.94 11.16 8.69 10.32 9.13 5.08 6.45 5.64 5.7 9.21 23.86 10.1 10.91 19.24 8.54 5.34 18.8 16.41 12.61 12.5 7.4 6.94 12.94 12.7 12.67 8.84 5.65 10.02 14.95 9.83 9.7 6.93 4.2 5.04 5.2 5.72 3.18 3.1 2.75 8.11 5.93 6.39 7.38 6.48 4.53 3.07 5.87 11.06 6.06 7.76 6.48 4.33 8.39 7.35 7.8 12.96 10.76 24.76 34.53 14.34 16.79 36.16 29.39
5.41 7.82 8.5 10.09 9.56 4.95 7.11 5.19 6.39 3.33 15.14 17.85 12.96 11.13 8.19 17.03 9.41 14.79 9.49 12.81 11.98 6.52 9.12 14.37 12.31 6.71 9.74 6.42 5.83 7.65 6.19 6.38 7.11 4.62 4.72 7.0 6.87 8.49 4.07 5.59 9.04 4.78 8.46 3.01 6.93 4.92 6.96 7.21 5.3 7.04 9.59 8.84 7.13 10.04 10.14 6.28 6.34 5.64 14.88 22.94 17.54 17.64 19.47 14.12
6.55 13.48 10.54 8.41 5.78 5.26 6.32 10.03 16.33 16.4 16.76 15.91 14.5 12.57 22.63 11.78 9.14 18.61 20.4 23.66 13.21 10.37 10.18 18.4 8.7 10.67 14.25 6.5 6.05 6.6 4.61 4.26 5.43 3.43 4.14 5.09 8.43 8.96 6.07 5.03 10.84 24.07 11.76 6.21 5.24 5.14 6.56 6.01 5.49 5.14 6.98 8.6 11.84 11.29 10.15 10.01 9.99 18.42 12.06 12.79 12.73 9.01 11.98 13.11
7.68 5.98 8.21 6.74 3.56 4.6 7.33 6.58 15.27 16.12 18.12 25.94 22.69 14.82 8.24 18.95 18.69 13.76 12.59 17.22 9.28 7.39 6.91 16.05 12.12 7.73 8.05 11.68 8.15 5.32 6.26 4.69 6.38 6.28 5.76 7.2 4.97 6.59 4.6 7.73 10.03 12.67 18.66 12.16 9.7 9.09 9.08 12.34 8.86 10.32 20.05 6.64 14.34 17.35 19.02 8.41 7.66 9.42 10.89 15.33 15.98 21.28 10.49 11.55
5.11 8.05 4.65 3.9 5.16 3.42 5.45 8.09 9.3 22.44 10.82 15.11 21.9 9.4 10.11 8.8 11.82 17.69 18.4 11.68 5.38 4.47 6.46 12.31 14.81 7.88 8.24 8.22 12.52 8.43 8.12 8.75 10.14 9.99 6.19 6.33 6.12 5.38 7.62 7.29 12.5 15.81 12.78 16.68 7.8 7.14 15.42 12.63 9.53 8.62 9.14 10.4 11.93 20.77 31.1 12.1 13.03 6.53 12.87 20.52 22.58 13.81 11.42 12.68
7.73 3.2 4.04 5.97 4.98 3.75 3.37 4.76 7.07 7.2 11.06 14.24 7.58 7.74 4.96 10.76 9.17 12.77 11.93 12.42 10.07 5.57 5.01 8.22 10.38 6.62 11.75 9.53 7.61 8.67 12.52 10.51 12.39 23.36 15.81 9.99 7.33 5.66 6.86 8.37 8.35 8.53 12.34 9.26 5.78 5.02 6.39 11.94 16.95 13.1 9.59 5.85 9.4 11.12 9.0 6.23 7.18 5.84 10.4 27.96 22.29 20.81 10.52 10.56
11.58 6.04 4.9 3.42 4.99 3.74 5.3 4.45 4.4 6.74 3.31 8.5 6.83 6.87 5.82 6.41 6.71 6.58 6.42 11.15 12.47 6.83 4.95 7.65 15.62 9.79 9.31 12.44 14.66 16.4 5.9 14.0 5.3 12.34 12.9 12.92 13.56 8.05 9.8 13.79 14.48 8.8 7.53 10.42 6.45 5.16 5.25 4.19 4.44 6.47 6.51 10.55 4.87 7.03 6.13 6.67 4.71 2.75 13.12 24.63 22.53 14.55 7.35 7.54
12.69 6.68 5.92 13.55 5.86 3.14 5.99 5.24 5.74 4.04 3.47 5.65 7.43 5.99 4.37 10.56 10.25 20.5 12.81 6.23 10.97 9.33 8.43 13.72 10.6 10.38 14.19 8.6 5.85 8.54 8.37 10.23 8.28 8.35 13.71 18.24 8.21 11.83 8.94 7.09 6.78 6.99 11.89 4.46 7.19 6.98 3.62 3.07 6.08 5.93 6.47 5.49 2.92 6.04 3.44 4.15 5.49 5.84 10.6 12.86 15.7 11.5 7.39 4.92
12.17 11.6 9.53 10.11 6.07 4.98 8.3 6.12 5.28 7.26 4.08 2.99 6.14 7.04 7.01 5.78 12.32 12.68 8.57 10.13 14.62 16.84 14.83 12.66 30.37 19.7 9.63 13.58 12.15 6.97 2.96 7.38 9.45 10.63 11.54 13.34 17.57 15.54 16.85 14.82 9.83 6.71 11.58 11.13 13.59 7.54 4.0 2.87 6.09 2.78 5.23 10.27 3.28 5.46 5.19 4.78 7.87 7.62 14.29 8.65 12.22 9.96 5.85 2.97
10.91 10.85 9.71 25.59 9.38 7.19 11.34 7.1 5.18 3.86 4.57 3.77 4.34 3.69 5.16 10.86 8.51 10.95 14.99 6.89 23.48 22.72 17.14 15.28 12.58 10.35 7.99 5.21 7.18 5.37 4.86 9.02 9.77 11.94 12.45 8.03 11.61 14.2 9.36 9.51 9.14 4.21 9.15 12.45 13.49 12.3 2.96 4.64 2.93 4.57 3.8 4.03 3.4 3.06 5.46 8.25 7.42 9.95 11.56 7.98 11.1 11.79 8.88 4.73
9.93 5.83 7.18 17.7 11.37 12.13 7.44 5.3 8.78 9.11 5.93 5.88 3.5 2.62 3.71 8.24 5.97 6.85 10.98 10.62 18.09 23.3 16.28 21.2 17.36 6.63 7.42 5.32 6.68 4.6 4.57 7.25 11.86 13.19 16.84 9.41 13.36 21.35 13.79 17.21 11.31 5.54 13.17 20.13 12.67 5.2 2.69 5.22 6.77 5.07 4.03 3.92 2.66 3.33 2.32 4.1 6.58 6.99 9.06 7.16 5.96 8.38 7.3 4.36
9.86 7.82 8.84 9.21 13.02 13.48 9.11 7.64 4.66 4.12 5.36 3.44 3.52 5.26 6.56 8.1 7.4 5.12 8.09 8.79 28.36 19.09 9.34 7.43 4.17 5.02 6.87 3.16 4.24 2.86 4.11 5.15 14.65 5.36 5.29 9.09 14.95 10.61 9.9 11.69 15.27 8.93 7.86 7.96 8.98 7.4 1.94 2.95 4.2 4.61 3.97 3.18 3.67 1.87 1.8 3.87 7.71 4.33 6.78 7.96 7.28 4.09 5.41 5.3
15.68 9.66 13.72 5.87 10.16 9.42 14.97 12.15 10.13 7.43 3.47 2.46 3.74 4.24 5.33 10.2 7.32 8.03 6.6 7.58 11.65 8.56 9.25 6.43 6.54 3.36 5.43 2.45 4.23 1.92 4.18 5.24 6.36 3.46 3.38 7.05 12.52 12.23 22.08 19.83 10.77 7.29 9.19 4.15 4.92 5.48 4.92 5.47 5.4 1.91 3.25 3.12 2.4 2.4 1.76 1.92 3.78 5.91 4.02 5.04 8.84 17.19 9.19 5.19
20.33 29.18 22.44 9.21 10.26 6.14 9.6 7.29 5.57 4.16 4.79 3.11 3.58 5.4 6.19 10.53 7.75 7.11 8.32 3.49 4.38 5.11 7.15 2.7 2.32 4.99 4.28 2.72 5.44 4.26 3.94 5.46 3.47 2.96 2.23 3.22 11.33 10.88 12.13 16.44 23.26 15.79 6.18 3.84 6.58 8.14 2.91 4.11 4.93 3.3 2.21 2.17 5.49 3.83 2.54 1.75 6.08 5.72 6.42 10.66 9.78 12.75 9.87 7.76
18.65 29.45 22.79 20.68 14.36 8.66 7.89 10.82 9.43 3.14 2.49 3.32 5.29 4.71 4.93 10.75 11.89 10.24 6.66 4.71 3.17 2.61 5.89 1.75 2.57 2.28 4.9 4.9 5.22 2.9 3.99 8.75 4.75 3.63 2.86 3.31 9.7 15.15 12.86 10.49 7.3 9.1 5.75 2.81 8.01 9.76 9.25 6.67 5.43 2.17 2.45 3.23 4.52 6.56 4.08 3.28 2.91 5.16 6.44 5.75 20.03 31.19 23.23 6.24
17.26 22.76 7.45 9.27 9.68 4.21 4.1 7.25 6.28 7.57 2.69 3.68 3.63 2.61 4.92 6.25 11.29 6.8 5.17 6.55 4.24 1.55 4.16 2.41 2.15 4.38 6.0 7.22 10.17 4.64 4.02 5.59 4.23 3.52 3.53 3.6 11.88 15.16 16.99 12.22 15.45 8.01 4.63 2.98 8.26 7.77 8.71 3.29 4.16 3.75 2.79 3.49 7.82 10.18 10.05 10.94 9.51 4.98 6.39 4.81 8.65 11.44 23.96 8.64
17.34 16.77 14.31 10.18 7.26 5.71 5.34 6.83 6.42 4.8 3.08 5.59 5.02 3.44 4.49 8.22 14.23 7.08 2.9 4.35 4.36 2.42 4.51 1.81 2.33 2.6 3.43 9.14 9.88 6.4 7.91 8.59 5.44 3.19 4.29 4.05 8.59 8.87 7.7 4.95 5.48 6.29 6.34 7.91 15.45 7.55 5.61 4.15 6.29 9.07 3.84 2.35 5.65 12.22 13.22 16.97 12.48 7.86 7.82 6.67 10.59 27.11 19.5 7.5
9.31 9.64 6.97 8.27 5.47 4.73 10.24 5.64 4.95 8.48 3.74 3.87 3.97 6.23 5.98 11.45 8.45 4.54 2.18 2.03 3.68 3.53 4.45 3.08 3.14 3.4 3.05 6.77 10.15 9.49 6.06 9.71 6.96 3.72 2.44 4.46 16.78 6.49 8.19 4.95 5.84 3.15 5.48 5.02 7.46 6.76 5.51 3.61 1.89 4.27 5.43 8.55 8.95 10.04 19.18 13.48 8.2 8.88 7.37 7.2 8.83 7.0 10.36 15.23
18.23 11.77 10.64 11.75 6.17 3.99 5.03 7.08 10.01 4.89 8.18 5.75 5.19 4.87 9.71 11.46 11.95 6.61 4.09 2.57 1.42 2.33 2.38 2.48 1.93 4.28 5.53 5.4 6.3 7.13 11.59 9.44 6.99 3.42 3.36 4.19 8.13 6.59 5.41 3.62 3.91 4.18 5.61 4.67 8.39 6.16 2.34 2.57 3.68 2.55 6.66 7.36 11.8 11.03 14.81 9.09 18.08 23.36 11.61 6.18 10.27 13.12 7.7 5.87
11.79 17.65 13.22 7.63 5.88 6.92 15.83 7.1 4.8 9.48 8.84 6.49 7.42 8.1 7.2 9.64 9.62 4.27 9.38 3.02 3.64 2.51 3.28 5.34 5.02 4.5 3.51 4.1 8.19 11.76 13.02 6.95 5.66 4.53 4.08 5.27 7.43 6.35 8.39 4.85 8.01 1.93 3.7 4.4 2.55 2.33 2.25 2.55 1.92 2.05 4.2 6.25 8.26 7.87 8.44 6.15 12.81 11.27 18.7 12.74 12.51 10.96 5.58 6.27
11.29 10.97 10.06 9.98 16.93 11.47 13.02 10.38 7.08 6.95 12.89 8.93 10.29 8.2 8.36 9.86 8.65 9.67 7.1 4.01 3.7 2.75 4.16 5.9 6.83 8.33 7.1 3.37 6.08 5.25 9.98 19.58 9.28 5.43 4.6 4.73 4.22 6.81 11.23 7.97 7.22 4.08 3.79 3.89 2.73 2.71 2.28 2.95 3.84 2.32 2.87 3.86 7.25 7.9 5.01 5.44 17.52 13.11 13.42 9.35 8.86 11.82 5.96 7.81
12.88 7.51 11.24 5.52 13.24 14.27 19.61 9.84 5.77 9.07 13.86 14.94 10.42 11.22 4.6 4.2 6.8 10.27 8.83 4.69 6.76 2.2 3.58 6.39 9.86 8.95 7.24 2.59 6.91 6.88 4.72 8.37 5.15 3.52 5.28 9.25 5.98 4.97 7.25 10.8 7.65 3.33 5.39 4.78 3.31 3.24 2.34 4.96 4.46 3.55 4.55 4.13 4.65 4.64 4.92 6.66 11.32 19.01 11.65 9.76 7.83 6.06 4.46 7.42
11.3 6.36 9.05 5.13 12.61 8.22 11.36 7.25 7.92 6.03 8.72 8.99 9.78 11.74 9.13 5.78 3.46 9.26 6.39 4.8 5.4 4.82 7.07 4.96 7.57 7.91 9.37 5.14 8.67 5.87 4.26 6.39 5.37 3.51 9.08 6.42 6.33 5.27 5.95 9.32 9.22 6.44 7.11 4.13 5.75 4.63 3.67 2.96 6.23 5.78 8.04 9.14 6.34 4.7 8.21 10.36 14.16 12.07 7.72 6.94 10.93 6.31 3.7 9.45
13.42 6.97 5.48 4.44 6.9 6.21 6.45 4.18 8.03 5.4 4.97 4.57 5.46 3.29 4.6 4.25 6.14 9.72 2.42 3.74 4.95 2.59 6.78 6.13 7.5 7.0 5.64 4.92 5.89 5.2 4.71 4.07 5.0 7.18 10.65 5.55 3.67 5.07 4.84 8.57 7.12 3.52 5.81 6.72 9.08 3.63 3.72 3.24 4.1 6.06 9.0 7.76 6.63 7.22 9.54 14.16 21.19 24.49 9.21 7.66 7.19 3.66 4.79 5.95
4.94 6.91 4.25 4.2 5.2 5.65 3.77 6.03 4.24 8.17 4.77 2.25 2.98 3.11 7.62 4.79 8.76 7.85 4.73 5.4 6.34 6.52 11.78 8.14 5.99 8.76 7.33 10.34 7.27 7.26 7.67 6.86 10.63 16.77 20.74 9.17 6.5 3.86 4.85 5.24 6.99 8.02 2.93 3.21 7.05 4.91 2.3 1.3 2.22 6.35 9.17 12.69 6.99 4.74 9.39 15.01 19.34 20.54 11.75 8.6 4.94 2.58 3.18 12.3
8.95 7.33 5.34 3.03 2.5 5.25 5.86 6.62 5.6 7.76 4.56 2.85 1.67 3.76 5.09 5.17 12.31 5.84 4.29 7.31 14.41 3.3 6.72 11.79 8.88 8.27 5.59 8.23 7.4 10.69 8.82 8.61 15.63 27.03 23.87 8.86 5.97 6.16 6.76 6.23 7.1 9.77 6.15 3.14 3.99 2.74 1.99 1.79 1.52 4.26 5.33 4.36 8.79 7.51 19.33 13.12 17.93 20.42 6.52 5.12 6.51 4.23 3.34 3.33
5.12 9.17 8.87 8.77 3.24 5.08 5.26 6.12 5.32 9.36 10.42 7.84 1.83 3.31 5.3 4.45 12.72 8.11 9.93 10.52 10.24 4.74 8.11 5.46 10.26 10.48 8.51 8.52 11.66 11.6 6.7 8.95 21.19 27.98 21.02 11.47 6.58 2.76 5.65 4.05 12.83 16.29 3.17 3.15 3.9 2.5 1.34 1.04 1.37 3.85 4.55 6.54 6.23 9.43 7.49 4.94 9.32 6.97 11.18 5.63 3.45 3.1 3.61 5.46
4.88 10.04 8.9 11.81 4.88 3.15 8.6 13.79 6.28 5.53 5.51 10.49 3.32 2.58 2.7 4.34 5.84 4.67 5.79 12.41 8.44 2.85 3.47 5.91 7.6 9.9 8.47 6.63 9.09 6.78 12.31 10.95 11.74 16.0 16.62 16.23 7.31 4.85 5.79 4.06 10.5 10.58 4.72 3.46 3.76 4.02 1.99 2.42 1.85 3.9 5.61 5.62 6.11 12.71 15.01 6.48 5.16 6.4 5.51 4.75 2.48 3.61 3.37 4.67
4.91 10.02 6.97 5.97 5.29 6.05 10.33 11.6 7.01 5.42 3.81 9.13 5.08 2.86 3.04 2.66 2.6 3.66 7.19 7.15 4.23 2.49 2.59 5.16 7.5 7.36 4.67 6.16 9.21 7.51 6.41 11.54 16.48 17.59 9.56 8.16 7.19 6.54 6.62 5.15 7.91 6.71 3.11 2.58 2.01 3.8 3.23 3.84 4.44 4.22 2.84 5.98 2.67 10.17 10.51 10.61 6.67 3.37 4.49 5.53 4.02 4.65 4.09 3.76
5.78 9.8 7.98 8.84 6.36 3.91 4.59 5.8 4.85 4.04 7.08 7.87 3.24 3.2 2.86 2.22 2.45 3.83 5.74 6.24 4.58 3.0 3.27 4.0 4.58 6.65 5.0 4.75 4.07 4.61 8.27 10.15 14.1 17.35 16.71 10.04 11.06 8.27 7.28 8.06 5.77 3.44 3.85 4.94 3.13 4.57 3.16 4.26 5.28 5.93 5.41 3.08 6.7 6.84 10.41 14.51 3.56 5.26 5.16 9.64 5.32 7.87 6.6 5.1
7.06 10.62 9.08 7.11 6.66 5.51 6.05 3.72 2.68 3.67 5.88 7.08 3.66 4.09 4.34 3.67 3.11 5.73 4.96 4.72 5.65 4.25 6.15 3.81 5.22 4.43 4.7 2.65 3.11 8.12 3.62 12.93 14.82 11.88 12.26 17.81 19.65 17.56 11.21 7.33 3.97 3.16 6.15 4.71 4.11 7.03 5.4 6.37 4.81 4.46 6.39 6.23 4.05 9.31 9.4 8.89 4.28 3.27 9.18 11.03 10.26 12.71 6.04 6.26
7.03 7.59 4.99 9.04 5.05 4.37 4.07 4.41 3.03 4.55 6.73 4.03 2.29 4.87 7.43 5.83 4.66 12.15 11.34 8.09 5.54 4.52 6.53 4.01 3.06 6.59 6.17 2.66 2.19 3.09 5.24 5.31 11.71 14.1 16.56 19.02 10.8 24.4 16.03 10.37 3.39 3.65 3.79 5.43 4.35 7.61 3.71 5.45 8.24 6.78 5.79 4.61 4.73 10.79 12.09 6.62 3.0 6.59 5.42 13.34 8.15 8.32 4.49 7.2
6.41 4.89 7.08 4.04 3.33 5.72 2.33 2.39 1.45 4.43 2.65 2.74 3.49 3.77 4.94 9.29 6.14 12.52 9.57 5.2 4.31 4.84 5.02 4.13 3.45 2.75 6.23 6.21 2.8 8.05 5.54 8.85 16.16 7.39 17.44 27.58 28.53 25.78 13.89 9.92 4.94 8.17 6.85 8.71 5.5 3.5 6.34 8.28 4.46 5.24 6.57 7.75 6.67 7.67 11.27 7.39 4.2 6.46 15.73 18.75 8.18 8.07 2.63 5.73
6.48 4.77 5.99 9.66 6.12 4.7 2.46 2.67 2.41 3.82 1.97 1.82 2.51 4.43 7.01 9.33 8.09 7.68 8.25 5.01 5.24 4.34 3.39 5.72 2.27 2.87 6.38 6.53 4.42 6.97 9.46 8.56 15.06 22.19 31.93 28.06 26.73 16.33 20.48 10.15 6.38 7.68 8.93 6.35 4.55 5.48 3.43 8.87 5.61 4.1 4.16 3.32 7.76 12.02 11.26 3.58 6.95 8.01 9.27 31.54 11.43 6.85 7.74 11.0
3.8 7.28 8.75 4.85 4.69 3.97 2.86 3.34 2.09 3.67 3.47 4.25 4.92 9.22 5.33 5.69 5.65 5.08 5.06 6.35 4.07 3.47 3.02 2.85 3.59 4.63 9.49 10.15 6.67 19.48 10.54 14.77 18.37 20.28 69.95 63.02 30.49 18.24 17.36 18.01 15.84 8.38 13.46 10.55 10.37 4.81 6.35 5.78 6.19 6.01 2.59 4.46 4.15 6.51 9.36 6.75 12.48 13.04 15.48 19.72 7.04 9.19 3.46 11.12
3.7 7.64 4.8 6.99 8.43 6.7 2.6 2.27 4.93 6.87 3.55 5.33 4.66 13.12 19.54 7.93 8.97 5.93 4.31 3.66 5.44 5.31 4.6 4.35 1.48 4.13 5.35 12.25 11.61 10.71 7.63 13.65 26.77 72.36 35.61 40.14 26.22 10.78 13.01 5.4 7.38 9.41 20.02 22.25 7.39 8.3 4.5 5.36 10.33 5.65 2.64 3.01 4.2 5.1 4.93 5.52 12.03 15.69 21.42 25.82 13.63 12.71 9.96 11.06
6.05 10.68 6.51 3.69 4.51 5.54 2.95 4.23 7.2 10.51 6.35 6.58 6.39 10.42 22.29 17.6 12.54 5.84 2.39 5.41 6.2 6.83 9.18 5.31 4.36 5.99 11.51 6.34 5.55 7.96 11.51 26.48 21.59 40.02 51.9 35.45 13.69 12.23 10.06 7.82 4.33 7.36 20.88 9.88 13.1 8.62 5.85 3.3 5.28 4.72 1.94 2.98 3.66 6.84 6.22 6.46 11.71 15.33 9.84 7.04 5.99 10.73 9.8 8.89
