4.57 8.75 6.24 6.97 9.91 11.29 19.29 6.91 9.37 5.51 9.09 7.31 10.52 14.49 5.15 5.49 4.76 5.32 5.34 17.64 22.41 15.02 5.17 7.63 9.72 7.76 10.55 24.08 12.98 15.75 11.56 7.26 9.52 10.3 10.99 14.83 19.38 17.41 5.74 8.75 7.42 6.68 13.47 13.75 7.38 5.08 3.37 5.85 3.31 3.09 5.06 6.14 14.68 10.66 3.13 5.84 7.48 11.63 17.05 9.43 10.25 6.18 2.45 1.36
8.13 6.78 5.17 6.28 11.39 17.14 4.57 6.57 4.18 6.37 4.09 9.4 16.24 9.3 6.56 4.58 7.9 8.98 6.48 8.09 14.34 9.66 11.94 6.27 9.28 9.65 6.17 24.1 20.95 21.95 16.93 10.87 13.31 14.47 16.53 16.07 7.18 9.59 6.49 6.57 5.88 8.62 16.73 13.66 10.91 14.94 4.82 4.02 5.58 4.58 3.8 5.12 9.64 5.56 5.0 6.23 10.72 15.16 17.24 12.86 7.71 5.72 3.36 2.23
7.1 4.2 6.07 3.87 8.55 5.42 3.11 5.03 3.68 4.4 4.95 11.37 22.7 5.49 7.35 9.0 6.57 9.05 8.85 17.13 7.82 7.54 9.67 6.88 4.97 8.96 16.67 9.29 9.83 16.35 15.44 16.67 6.51 19.05 10.71 12.68 8.87 5.14 7.16 5.35 6.35 7.2 10.05 7.38 7.84 11.02 7.37 4.38 5.93 6.38 3.39 4.65 4.47 7.46 5.51 9.72 14.39 14.5 15.48 29.15 4.77 6.02 5.64 4.65
2.98 2.79 7.76 8.84 6.87 6.83 2.47 2.3 4.57 5.77 5.52 6.62 7.67 7.42 7.01 8.76 10.86 12.83 11.27 12.1 8.93 9.4 8.57 11.49 3.96 8.6 8.4 11.01 5.83 6.47 18.51 6.18 7.65 9.79 11.46 5.08 4.42 5.77 3.06 8.46 4.21 9.51 5.17 8.96 4.58 8.53 7.98 8.1 8.2 6.19 5.88 5.4 7.03 7.7 8.0 13.19 12.3 11.48 15.49 18.4 7.81 5.12 7.06 6.22
2.46 3.95 5.48 8.18 7.64 6.47 3.96 2.3 2.93 11.73 8.56 3.24 6.0 9.89 6.35 6.06 7.92 15.85 11.1 12.27 8.29 8.14 7.72 8.85 4.26 10.03 5.25 7.98 5.2 4.37 5.45 7.77 9.13 10.47 11.89 4.36 2.84 3.64 5.56 4.26 5.87 13.56 11.42 6.9 4.64 7.79 8.59 11.11 14.29 8.82 7.14 6.92 3.01 4.54 18.94 20.63 9.14 6.76 10.14 8.2 8.09 5.28 4.38 5.8
2.61 3.71 7.94 5.76 6.46 4.43 2.68 3.53 2.35 6.44 7.74 7.22 4.86 6.63 5.7 3.32 8.57 12.27 5.21 8.71 8.45 7.01 8.48 7.15 12.43 5.43 4.2 4.59 5.96 3.03 3.07 8.63 8.02 13.35 5.22 5.08 7.95 5.76 6.76 7.11 5.44 10.36 7.59 10.8 6.17 11.03 9.26 9.99 9.47 8.65 4.47 7.42 7.41 8.65 9.75 23.36 12.49 4.61 5.47 7.12 3.94 5.61 7.04 6.41
2.77 3.34 8.92 5.98 3.09 5.22 2.17 2.91 4.14 4.43 5.23 4.99 4.62 8.55 4.29 4.87 5.32 6.63 5.77 6.8 5.77 3.95 6.62 7.75 5.55 6.83 6.03 7.24 3.45 2.84 2.69 4.59 8.48 14.87 5.43 4.45 6.97 9.16 6.01 7.37 13.87 14.29 11.09 13.6 5.65 14.06 10.92 12.87 12.52 3.53 6.23 6.13 7.93 4.57 8.55 15.9 12.58 5.92 4.41 6.13 6.06 5.13 3.6 9.0
2.01 2.89 8.31 9.11 4.01 4.4 4.81 6.43 2.67 6.38 3.68 5.41 5.87 7.23 3.5 4.81 6.69 1.23 3.59 3.46 7.41 3.67 8.06 9.56 3.24 6.4 5.19 7.61 3.89 3.61 6.28 6.57 10.47 9.85 6.53 2.87 9.49 23.71 15.09 9.92 5.47 7.21 8.51 12.02 8.17 6.93 8.16 9.43 11.8 4.7 3.93 11.5 6.21 3.84 7.85 11.59 7.76 4.51 6.29 7.6 7.31 7.25 3.88 4.77
1.67 3.78 9.03 11.31 4.21 2.92 4.92 6.07 7.33 2.64 5.73 7.53 8.59 6.71 7.26 8.21 3.51 1.79 1.51 3.1 4.68 6.55 12.78 10.56 5.86 4.74 8.07 4.34 4.15 4.25 4.83 8.58 5.68 10.18 7.5 5.21 5.62 13.15 23.44 16.65 9.16 7.47 5.09 8.32 6.01 5.92 5.57 3.93 8.22 12.26 7.86 11.32 9.1 7.07 6.21 7.88 5.41 10.47 3.68 5.35 5.38 4.7 9.27 4.93
4.88 7.59 9.22 11.65 4.36 3.87 2.72 6.88 7.03 3.83 6.31 8.16 14.26 14.31 6.9 9.91 2.3 2.79 3.58 2.69 2.37 3.6 12.21 7.76 3.6 7.13 12.48 3.65 3.27 4.49 6.83 14.56 8.91 3.77 2.65 4.34 5.79 16.36 37.15 16.3 16.43 13.08 14.32 19.57 8.17 6.7 4.81 4.87 9.77 8.63 10.62 6.58 8.0 11.14 7.8 7.23 9.63 4.84 6.97 9.76 5.09 3.95 4.58 8.41
3.7 4.79 13.06 10.29 7.1 5.24 4.5 4.99 6.19 4.44 4.03 5.6 12.11 9.4 8.71 8.01 2.72 4.84 4.57 2.18 3.25 2.89 6.25 5.25 2.98 7.0 7.01 4.91 4.87 8.08 12.16 7.59 12.91 7.74 2.86 2.25 8.39 15.5 35.04 36.23 24.82 12.3 16.61 12.83 17.06 11.05 9.01 10.0 10.62 15.15 4.12 8.36 6.06 8.61 7.83 7.12 9.1 6.68 9.07 9.66 6.47 6.59 9.01 6.07
3.46 11.6 8.84 4.65 8.73 5.49 5.9 6.05 4.31 4.95 3.39 6.66 9.45 20.2 6.03 8.1 6.32 5.36 5.4 2.58 2.52 1.85 2.07 5.05 4.02 3.02 7.67 4.48 7.52 6.22 15.93 10.33 9.75 5.04 2.87 4.21 9.06 28.85 28.99 32.25 24.23 28.35 11.35 6.07 12.81 6.05 4.97 7.71 9.82 12.14 6.56 4.1 3.3 4.56 6.47 8.38 7.89 6.85 10.47 10.91 16.14 8.09 10.21 10.12
3.03 15.56 5.94 9.58 9.4 18.47 6.5 3.29 6.05 2.67 5.23 5.72 15.92 20.03 7.64 7.61 7.56 3.77 3.86 4.07 1.78 2.69 2.9 2.08 3.23 2.22 3.72 9.3 5.01 8.21 19.07 16.69 7.4 5.07 3.19 1.53 6.88 17.53 29.83 28.28 20.21 13.67 5.58 3.59 4.74 3.92 5.64 3.76 5.88 4.64 6.69 1.99 3.24 5.48 4.32 9.29 9.5 8.13 7.45 16.94 9.64 9.11 11.15 10.55
8.77 12.28 12.32 12.76 9.14 10.92 6.75 11.06 5.01 3.75 3.75 6.53 8.65 11.54 8.72 9.58 9.58 5.67 2.93 4.96 4.11 2.07 4.34 1.97 2.1 1.72 3.41 4.01 5.93 9.77 21.16 11.81 10.12 8.92 7.23 4.01 5.45 7.41 13.14 13.22 5.08 5.98 8.33 2.07 6.53 3.9 3.78 5.04 3.26 6.5 5.81 4.91 1.83 4.71 4.87 3.79 4.54 8.16 9.74 8.75 14.11 7.81 10.45 9.93
6.8 14.67 18.43 15.29 11.78 9.95 10.63 7.68 8.3 3.64 5.75 5.63 7.1 8.96 7.24 5.35 13.25 5.46 6.57 4.93 1.76 3.61 4.07 3.91 2.29 2.79 4.08 3.46 6.92 10.78 16.43 27.0 10.16 13.09 7.52 11.31 6.84 12.88 10.82 9.55 6.22 3.36 3.23 1.94 4.38 4.04 7.24 3.16 4.24 3.75 5.54 3.58 2.34 6.6 10.21 4.02 4.11 8.24 7.54 21.02 10.94 6.9 10.12 13.83
3.7 11.84 14.43 12.72 10.88 11.74 11.84 9.68 12.86 6.98 5.0 4.44 4.38 9.46 6.68 8.37 9.39 12.41 4.88 4.4 2.81 3.99 3.74 6.05 2.45 3.96 9.94 3.89 4.27 6.85 19.85 22.34 15.68 7.79 9.7 8.86 18.35 14.07 13.9 9.67 6.21 2.18 3.08 3.71 2.59 6.05 5.8 2.99 5.19 7.07 6.13 5.41 3.28 3.87 12.08 6.34 8.94 8.77 9.5 13.09 8.41 6.69 6.3 8.19
6.81 10.13 11.14 10.69 9.17 13.67 11.61 9.87 11.33 8.13 6.77 6.56 10.73 11.34 4.9 2.95 9.17 7.16 6.73 4.6 2.85 1.9 4.31 4.68 3.36 5.06 4.76 6.46 5.7 7.73 5.6 19.56 28.13 15.95 17.24 11.86 20.71 13.94 14.25 7.89 6.86 5.52 2.19 2.77 4.24 4.17 5.59 5.72 5.89 10.19 11.07 7.14 3.98 3.42 4.66 7.04 6.01 5.41 4.73 9.49 15.16 6.29 4.55 4.29
12.41 12.09 13.78 9.1 14.14 10.36 8.47 7.76 6.72 6.29 4.07 11.68 8.96 10.09 13.71 2.87 2.7 2.68 3.12 7.07 2.92 3.99 2.57 7.41 4.9 5.54 7.08 4.1 8.49 8.53 11.0 16.7 22.11 18.69 14.08 22.79 23.86 16.45 6.58 7.9 8.51 3.66 4.48 2.91 4.48 3.51 3.47 5.59 8.83 10.3 11.03 10.8 3.8 2.65 4.12 4.53 4.32 3.49 4.86 5.94 8.7 6.42 5.02 3.19
13.41 26.75 7.37 11.22 12.13 10.09 4.87 5.27 5.63 4.37 4.91 15.28 14.91 7.69 5.5 6.19 4.64 2.81 4.9 3.47 4.64 2.74 2.76 3.32 5.52 10.34 8.98 6.55 8.72 8.43 10.2 9.63 14.72 13.82 17.53 24.14 16.99 8.04 5.45 4.04 6.92 4.45 5.99 15.09 6.14 2.94 1.87 6.64 9.77 6.38 14.46 4.35 3.93 3.23 4.27 1.86 2.9 3.84 3.23 8.84 11.14 7.4 3.92 3.5
13.82 6.82 5.62 5.03 10.18 12.11 9.13 3.04 4.67 3.29 3.43 11.44 21.8 12.67 4.03 6.82 5.8 2.67 4.68 6.53 3.66 1.59 3.64 4.16 8.68 7.82 8.16 8.09 6.79 14.67 9.3 6.32 3.58 10.54 23.53 11.3 8.78 5.89 6.49 4.6 9.02 10.65 6.14 7.67 5.88 3.17 2.64 5.41 6.76 9.57 11.27 9.2 3.98 2.62 4.13 2.98 3.33 7.32 11.27 4.9 8.81 5.28 3.63 3.33
5.44 9.12 7.19 4.15 7.18 7.89 6.72 5.92 3.18 3.71 5.97 11.02 7.81 7.95 11.31 6.37 8.76 4.84 5.0 6.01 6.38 2.76 3.56 6.76 7.08 6.45 11.94 8.32 3.92 13.01 11.15 5.69 1.85 4.85 16.14 11.41 8.63 5.24 6.53 7.87 12.45 11.53 9.73 6.1 7.95 4.99 2.49 7.04 10.43 9.99 13.88 8.85 8.69 3.53 7.29 3.86 3.36 9.86 19.81 11.64 6.12 5.75 3.87 4.64
8.98 5.62 9.92 5.95 8.84 20.11 9.43 2.94 3.71 5.59 9.27 9.69 12.5 8.16 13.71 10.1 11.84 9.98 7.06 3.7 2.22 8.06 7.47 7.5 4.26 6.11 7.78 7.49 9.32 9.11 18.93 6.37 3.59 5.01 11.9 10.49 4.85 3.59 5.67 4.95 23.27 12.79 9.31 10.32 11.83 14.16 6.85 8.25 7.81 14.49 18.07 5.86 5.39 3.47 14.31 5.32 8.74 10.63 17.94 31.26 10.57 6.79 7.23 6.17
10.34 15.96 9.42 5.17 18.5 11.03 13.44 4.29 4.29 13.26 7.29 5.76 12.53 9.78 16.39 24.58 16.1 12.51 7.4 2.61 3.21 2.94 15.35 11.8 8.5 7.61 6.32 5.34 4.22 11.72 12.61 11.52 11.53 5.51 6.64 5.37 5.87 4.11 4.98 7.46 8.65 11.11 13.35 15.63 19.26 18.51 19.7 6.86 9.5 17.13 18.93 16.16 3.94 3.32 6.8 12.3 8.74 9.85 15.81 14.59 17.5 6.19 5.11 4.09
14.15 17.71 10.87 6.45 21.84 10.51 12.02 7.1 5.43 6.47 12.03 4.72 8.44 14.11 14.23 25.73 15.09 9.28 4.98 6.51 3.28 5.12 6.45 9.9 14.62 10.13 8.88 8.83 6.04 8.09 11.94 7.79 9.5 7.58 10.15 9.03 7.63 6.22 8.68 7.11 10.82 11.12 12.49 14.64 24.02 10.08 11.0 8.22 11.96 11.38 16.28 11.4 5.73 4.77 3.0 4.28 9.9 7.72 16.96 9.17 9.95 4.41 5.42 5.78
12.63 12.02 6.55 7.76 10.23 11.32 8.54 7.05 8.3 8.04 6.24 4.87 6.9 10.38 25.24 20.3 20.24 8.65 5.4 3.66 5.31 7.36 11.74 7.53 24.26 11.41 10.12 9.27 11.87 9.79 13.41 17.55 11.02 8.26 6.25 4.84 6.41 6.55 17.51 10.7 9.56 14.66 10.6 7.8 10.45 8.26 4.91 11.56 10.28 9.94 16.54 8.97 6.7 2.61 4.5 5.73 13.81 8.5 13.34 12.9 7.77 6.39 5.92 6.48
13.37 8.98 8.55 5.58 9.01 4.11 6.47 9.31 4.81 6.9 10.09 5.36 10.53 7.87 16.66 10.72 21.3 19.62 9.22 11.5 6.16 4.92 7.24 6.91 11.03 8.4 7.62 7.81 10.05 16.5 9.14 7.79 11.52 10.19 5.94 5.66 6.84 6.29 7.35 12.02 7.97 10.43 16.28 12.93 12.14 5.78 3.93 9.45 11.25 7.06 15.04 16.94 8.4 3.66 5.14 6.4 8.68 20.05 14.69 8.18 8.05 10.93 18.9 5.97
16.05 11.65 9.32 5.57 8.17 7.58 3.47 3.87 7.77 5.94 5.11 6.44 3.04 5.72 15.28 12.83 14.94 12.76 9.39 5.9 7.74 6.51 4.56 7.32 9.44 6.59 8.07 8.75 7.27 4.59 11.68 5.94 7.14 14.16 6.4 4.46 6.62 8.04 3.68 13.79 10.01 11.91 9.99 13.89 19.22 4.24 6.86 3.61 9.51 4.03 16.53 18.32 9.25 7.6 6.12 3.68 5.1 21.24 29.15 8.41 11.88 21.54 14.94 6.55
9.92 9.46 6.04 5.88 6.23 14.39 4.33 2.73 6.66 2.9 6.49 3.34 7.32 4.86 6.58 8.46 17.75 11.62 10.27 6.39 4.0 8.7 11.22 12.32 8.41 12.1 14.65 4.92 5.19 3.65 5.19 5.48 6.74 8.19 8.11 6.0 6.02 9.79 7.24 6.44 10.82 15.67 7.67 10.19 13.41 4.2 2.37 4.54 6.55 7.11 9.92 17.73 6.72 4.55 8.65 3.13 4.16 10.93 12.65 13.98 16.16 18.58 8.28 4.2
4.69 5.58 8.42 8.77 6.0 4.55 4.92 2.65 5.87 6.54 4.66 3.9 7.08 7.12 9.9 17.12 13.84 10.87 6.98 11.44 13.07 11.45 10.08 8.37 9.56 13.87 12.51 6.24 4.94 4.78 5.51 5.42 6.1 7.61 7.18 7.12 8.91 10.37 6.62 7.2 9.04 8.33 6.07 5.38 5.85 3.29 2.59 2.82 4.75 5.95 7.58 9.73 7.46 5.18 2.61 6.14 6.51 9.13 9.87 7.23 13.76 7.9 13.56 4.92
6.89 6.19 5.63 4.05 4.85 6.22 6.1 2.34 3.24 8.42 4.67 4.96 7.6 7.87 13.53 14.8 15.29 12.35 12.45 9.64 13.42 11.52 8.24 12.9 14.34 10.64 12.6 6.4 4.03 6.32 7.31 4.98 8.14 5.41 5.7 3.6 3.62 6.61 5.3 5.06 6.92 8.74 5.02 3.56 3.86 3.05 2.28 2.29 4.18 4.37 8.57 9.65 5.53 4.29 3.35 6.4 7.18 11.28 6.02 5.96 8.57 7.92 7.9 13.36
10.17 5.75 4.49 5.07 3.68 5.31 6.42 10.48 6.13 5.16 4.61 5.17 12.2 11.3 11.83 24.9 10.93 5.81 9.45 5.4 12.01 13.13 15.06 8.75 7.28 8.37 9.64 7.01 5.16 6.57 13.58 4.14 4.09 3.26 6.87 6.39 2.76 4.02 2.88 3.19 2.87 2.69 3.02 4.52 5.34 4.85 2.04 2.52 2.41 4.88 6.8 10.46 9.76 2.84 2.66 6.09 5.38 4.99 8.18 11.04 7.71 11.22 10.93 14.92
4.75 6.76 5.48 6.07 7.02 5.75 7.39 12.74 11.22 5.61 4.81 6.7 13.43 10.76 26.72 23.15 10.43 10.59 4.86 3.39 7.08 10.68 18.05 11.92 8.23 12.06 11.34 5.18 3.83 5.01 9.18 5.27 3.04 6.92 4.67 5.17 4.47 2.1 2.41 2.8 1.61 1.92 2.33 4.04 3.92 4.5 2.75 3.65 2.97 5.59 8.85 7.07 6.94 3.65 4.02 9.42 8.25 6.69 10.3 12.3 8.68 11.26 12.5 10.79
5.39 4.99 11.33 7.91 11.13 12.03 10.77 10.28 6.54 8.0 7.04 11.18 9.15 21.19 21.92 14.27 11.99 8.98 8.98 5.53 7.59 16.17 12.19 12.02 12.65 7.3 11.86 6.23 3.61 4.26 8.75 3.35 2.87 3.15 8.12 9.75 4.58 5.12 2.72 3.0 1.59 1.64 3.89 5.87 7.38 2.43 3.99 2.98 3.82 6.78 10.11 7.63 4.14 5.96 6.35 7.67 6.88 8.16 8.47 10.26 5.25 7.3 8.98 9.03
9.98 5.63 9.51 16.4 13.08 6.85 9.57 9.01 11.97 7.42 10.82 11.85 13.75 16.78 11.14 8.67 11.46 10.41 9.22 5.85 19.47 13.15 11.25 8.31 13.87 17.16 10.57 11.24 3.64 4.8 6.73 6.73 3.84 5.87 7.85 7.71 5.77 3.47 3.75 4.34 2.8 1.47 3.18 2.71 5.93 4.5 1.86 6.38 5.27 13.79 7.55 6.21 5.15 6.25 6.86 5.37 5.97 6.88 6.24 3.06 6.24 13.98 8.45 13.91
7.35 6.7 7.31 8.36 14.19 4.99 6.35 15.67 10.24 12.65 12.55 15.37 19.75 18.62 9.39 13.79 6.65 12.68 22.91 13.03 7.58 6.21 16.01 22.98 27.02 15.56 7.22 9.52 4.6 5.97 4.4 3.84 3.33 5.6 7.73 4.35 4.26 3.43 4.46 2.09 3.74 4.99 3.11 2.28 3.18 3.34 3.61 5.09 8.07 15.49 11.68 6.98 5.96 7.94 8.05 8.49 5.76 5.28 5.68 4.67 9.6 11.46 8.94 8.91
5.48 7.16 10.34 11.55 17.2 14.34 6.71 7.16 14.63 19.44 15.33 20.72 15.9 10.65 10.23 12.57 7.71 6.92 21.98 22.0 7.99 6.55 11.1 15.93 28.84 11.21 9.37 8.62 3.71 3.7 3.22 1.58 2.54 4.62 2.61 2.27 6.1 5.35 5.66 2.5 4.74 3.44 3.43 6.6 3.83 4.32 4.31 6.13 12.4 12.85 7.53 5.64 6.1 6.71 7.64 19.96 8.74 9.05 5.8 4.74 6.38 21.58 10.79 4.13
8.54 7.86 8.95 6.33 9.05 9.08 9.25 8.18 6.55 12.5 12.58 13.71 15.56 11.0 9.35 5.8 6.84 9.2 12.28 10.93 5.31 6.75 5.32 17.31 24.58 13.25 14.42 8.97 4.85 2.75 1.32 0.71 1.35 3.56 3.36 4.08 3.03 5.72 4.44 4.32 3.83 3.84 8.79 6.39 4.08 4.89 3.8 7.7 11.5 16.6 8.85 8.15 3.03 7.12 11.05 11.25 12.94 5.94 8.96 4.11 6.65 9.49 4.29 2.54
6.23 7.18 7.25 7.87 6.56 5.91 3.53 4.53 3.57 10.6 9.41 13.47 9.78 8.5 8.02 15.11 5.64 7.08 6.19 5.49 5.35 4.87 6.86 6.17 23.09 10.69 5.36 8.3 6.31 2.68 1.28 1.29 0.96 2.91 4.14 6.03 4.9 5.43 6.77 4.14 3.22 3.32 10.21 5.38 2.94 3.8 5.51 9.3 5.08 8.78 12.16 9.37 4.62 5.95 9.12 16.76 9.96 4.33 5.98 6.11 7.29 6.6 4.26 4.02
5.65 11.9 8.67 6.77 6.42 4.27 4.67 3.53 3.89 5.88 8.22 12.64 3.78 7.37 8.1 6.92 7.68 7.2 6.53 3.35 5.72 5.33 3.45 6.79 10.35 12.09 4.06 3.19 4.55 4.53 3.41 1.81 1.43 3.72 5.57 5.86 4.2 3.98 2.76 3.76 3.99 4.63 6.58 6.92 1.72 3.0 4.77 7.78 20.69 8.61 8.53 4.49 4.31 7.79 8.75 12.34 11.82 15.71 14.71 8.14 6.4 7.44 5.53 5.53
5.55 5.77 7.03 11.28 6.05 6.21 4.78 3.95 4.15 6.74 13.02 9.31 4.95 5.08 2.94 6.17 6.61 8.05 3.96 2.45 2.1 3.82 3.8 6.77 9.56 10.04 4.65 3.82 4.71 4.57 3.34 2.56 1.65 2.75 5.33 4.65 3.58 3.13 5.67 5.71 4.56 4.71 1.95 4.84 4.86 3.46 4.14 7.57 6.03 8.28 10.41 9.0 4.89 8.83 11.0 13.89 13.05 13.21 10.34 7.96 6.62 6.88 4.91 5.72
6.84 6.16 6.89 15.86 6.32 14.4 3.51 6.7 5.65 4.11 6.72 6.62 7.63 3.25 3.54 3.38 3.9 9.61 3.62 1.49 2.3 3.54 2.66 7.53 4.79 8.54 6.98 8.77 5.44 4.86 3.36 2.33 1.74 5.0 4.86 4.02 5.08 3.02 4.77 7.66 6.67 3.81 2.09 1.99 3.27 2.65 3.58 4.21 5.52 5.83 7.12 6.62 8.87 11.31 14.41 23.92 16.47 14.1 5.74 4.88 4.14 8.1 6.19 6.56
5.62 4.49 3.05 17.51 17.05 8.76 6.58 5.85 9.8 7.51 7.91 7.43 2.95 2.21 4.32 5.53 3.81 7.83 6.5 2.57 1.84 5.25 4.18 5.98 6.64 6.05 7.58 9.23 3.91 3.08 4.79 3.11 4.95 6.02 5.72 3.28 3.27 2.88 3.79 5.45 8.41 3.19 2.46 6.26 2.4 3.27 4.61 5.1 4.95 6.42 6.12 4.86 6.19 17.61 9.94 16.81 9.96 15.54 5.16 5.96 3.93 6.69 7.01 8.4
5.25 1.55 3.39 9.68 19.53 21.41 8.44 10.44 10.32 12.6 9.97 9.38 5.17 2.96 4.77 5.55 3.71 6.08 4.62 3.1 2.66 7.91 8.22 8.84 5.71 5.21 4.33 9.21 6.67 5.75 8.36 4.76 7.85 7.9 3.74 4.82 2.83 4.98 4.4 7.26 5.38 4.08 3.8 6.58 4.35 3.74 4.48 7.12 6.19 5.72 4.5 5.42 5.88 5.52 11.75 13.06 10.06 3.56 5.2 3.38 3.47 6.12 7.06 17.59
4.01 4.94 4.55 6.21 11.2 13.72 7.77 16.68 15.54 9.72 10.54 5.49 7.94 7.77 4.89 7.45 3.7 6.48 7.2 4.42 4.13 5.53 6.7 16.92 8.67 9.15 7.84 7.47 12.67 19.5 10.66 9.7 5.36 2.48 3.57 3.46 5.4 4.57 7.38 7.27 3.96 5.53 4.84 5.8 5.67 4.84 6.39 4.05 4.68 3.26 4.49 4.74 4.3 8.13 8.46 6.76 4.79 4.97 6.1 6.6 1.76 3.58 6.83 9.77
6.04 3.69 3.63 5.55 9.57 25.29 17.57 10.09 19.34 19.11 6.52 9.32 5.21 6.04 7.36 6.86 10.29 4.75 7.36 7.49 5.73 6.3 13.74 16.27 11.46 6.6 5.08 26.08 24.12 11.05 10.16 6.01 3.99 2.87 2.78 2.73 6.65 8.78 7.21 8.76 2.86 8.0 3.92 8.33 6.41 8.98 10.18 4.97 2.75 2.21 2.29 2.29 4.99 6.2 8.15 2.64 4.45 6.1 4.19 6.95 3.08 5.44 9.89 6.73
10.01 7.46 2.82 6.01 8.44 15.47 27.0 20.19 13.17 6.9 8.06 5.95 7.67 5.22 4.47 4.67 6.64 12.33 10.38 8.59 7.2 8.44 10.08 24.85 6.63 6.44 5.49 14.34 20.94 24.92 9.76 7.15 4.46 4.0 5.49 5.14 5.66 7.94 5.32 3.92 3.41 5.12 8.64 8.73 9.15 9.3 10.1 3.22 5.67 3.5 3.66 3.81 2.9 3.07 4.29 2.21 2.37 5.31 4.63 4.7 5.97 10.3 6.65 4.31
6.73 6.27 4.51 7.24 10.09 13.44 10.79 14.44 6.47 3.55 8.53 6.0 4.88 4.95 6.76 5.68 5.64 12.08 9.61 7.11 10.47 18.68 8.21 5.1 6.97 4.23 11.58 14.75 22.79 14.7 8.28 16.47 8.33 9.79 5.82 4.3 5.84 6.13 5.52 3.75 6.13 7.92 7.38 6.98 8.33 7.97 11.97 4.45 1.74 4.19 4.65 5.86 3.27 2.18 2.36 2.23 2.06 3.44 8.3 3.08 3.84 9.38 5.71 12.13
5.17 6.36 5.46 4.3 7.94 16.95 19.22 5.95 9.55 4.46 3.71 5.99 4.0 5.11 5.92 5.95 4.49 6.17 7.39 5.49 9.59 16.91 12.21 6.6 6.65 5.35 4.99 15.38 19.02 16.65 11.81 17.54 13.43 12.4 6.03 5.28 7.22 8.52 7.57 4.51 5.55 8.32 6.74 6.8 4.04 3.57 5.67 5.67 2.6 3.77 6.48 4.51 3.15 2.16 2.57 2.71 3.3 5.46 5.27 6.61 6.43 7.82 7.32 11.3
3.49 6.05 9.57 4.67 5.69 7.06 12.27 7.39 5.14 6.25 5.01 5.79 3.75 6.26 3.49 2.69 5.38 5.35 6.86 8.34 9.83 14.82 7.68 7.67 3.89 7.59 14.97 8.64 8.48 12.92 16.95 10.03 10.74 20.85 9.76 8.43 6.6 5.83 7.96 13.85 10.01 6.37 5.87 6.58 4.33 2.98 3.71 8.28 4.14 7.14 6.66 13.27 4.27 1.62 3.53 2.84 5.68 6.34 10.47 4.6 7.05 10.03 12.46 9.88
3.86 7.29 8.49 7.12 5.51 6.15 10.37 8.98 4.65 3.5 3.1 4.86 3.04 4.41 4.32 2.82 2.58 6.52 9.47 8.79 6.77 13.38 9.01 5.27 5.56 5.88 8.5 7.31 11.79 13.99 15.35 21.0 12.75 10.17 9.73 6.6 9.94 19.2 10.23 19.36 12.48 7.56 7.73 6.45 6.43 2.51 3.33 6.59 4.65 4.3 11.58 11.73 4.61 4.37 4.72 5.8 5.49 11.2 7.75 5.69 7.42 8.33 11.38 15.81
4.7 12.69 3.89 5.37 7.89 8.87 10.39 3.7 6.0 3.58 3.59 5.52 2.98 3.67 1.96 3.42 2.46 6.39 12.83 9.15 6.82 12.38 21.71 4.93 6.49 4.8 8.15 8.15 13.25 14.05 7.88 16.76 21.98 14.75 3.84 8.43 4.35 14.6 12.45 19.17 13.84 6.63 5.63 11.4 5.47 3.78 3.3 5.29 5.56 6.69 7.85 7.47 7.61 5.12 4.84 7.19 8.96 10.83 8.38 8.02 19.06 15.43 21.27 5.3
3.83 5.9 3.03 3.42 4.65 5.66 7.6 7.67 12.77 5.74 5.44 9.49 5.95 5.46 3.86 3.15 2.28 4.76 6.54 8.68 5.84 9.97 12.96 17.03 5.57 6.05 7.07 7.26 8.13 11.51 8.3 11.22 9.28 8.39 4.01 4.02 11.74 10.61 15.74 24.66 11.83 6.29 11.94 8.44 7.96 5.31 5.52 5.54 5.61 10.21 4.91 4.63 9.01 7.49 5.08 7.69 13.36 15.24 10.96 13.77 14.71 14.96 17.9 7.68
8.23 4.52 3.39 7.09 6.37 6.92 4.56 7.6 9.75 10.57 4.85 6.66 9.71 4.04 5.5 3.71 3.04 4.37 5.46 6.42 7.28 7.85 7.37 10.46 10.97 4.35 8.2 7.3 16.98 11.15 7.12 12.66 5.04 6.96 4.3 3.95 10.1 27.91 15.35 10.55 19.34 18.03 17.64 7.06 11.01 11.5 3.85 7.15 4.76 10.4 5.67 4.97 7.98 9.64 12.8 12.47 15.49 20.24 12.34 21.16 17.85 10.61 6.37 8.48
10.63 6.91 3.65 6.2 7.98 4.55 9.66 6.66 6.0 5.35 4.78 6.87 8.52 7.99 7.22 3.42 4.9 5.82 7.03 6.05 7.08 8.51 8.21 4.22 2.77 4.47 4.86 20.24 15.5 17.92 7.87 9.23 10.33 7.64 5.25 8.1 5.61 13.3 18.46 10.75 13.13 22.06 17.02 13.9 18.52 12.06 7.1 4.54 9.8 10.47 4.98 5.67 8.26 7.47 9.34 10.91 9.45 34.76 18.58 15.1 10.03 9.51 8.11 4.66
12.5 11.3 5.42 3.66 5.73 3.33 2.95 9.41 7.82 9.17 7.25 7.56 8.8 11.49 7.25 6.3 6.07 10.35 4.48 6.37 5.11 4.53 5.25 5.01 3.03 2.53 4.3 7.54 21.36 17.1 15.64 7.5 17.59 7.45 12.89 12.91 8.0 7.22 10.03 20.69 8.85 12.29 16.42 8.82 8.84 11.32 11.94 11.67 6.65 8.01 7.44 5.49 4.24 8.31 7.42 8.32 8.75 12.9 13.3 6.75 7.17 6.91 8.09 4.28
10.02 8.06 10.97 4.41 4.33 5.91 2.65 3.88 5.47 9.17 11.75 12.73 12.15 6.61 10.88 5.01 18.37 10.25 9.54 5.19 4.23 7.9 5.79 2.79 2.74 2.33 5.63 13.1 11.17 13.05 11.74 15.58 14.88 14.58 13.93 18.22 8.44 7.51 11.27 9.97 7.06 17.45 21.06 10.83 6.45 12.88 14.59 8.17 8.21 6.66 13.05 3.96 3.07 5.64 7.12 7.46 5.61 8.32 6.71 3.53 5.81 5.62 3.47 6.47
8.62 8.82 9.68 6.07 5.09 3.95 6.48 8.0 8.35 16.92 14.56 10.89 5.69 6.95 8.47 7.87 9.28 22.7 8.93 7.2 3.52 3.58 6.68 4.78 5.46 4.58 10.29 6.67 8.05 8.76 12.6 43.92 37.95 9.64 13.11 11.23 10.56 7.74 18.29 20.18 11.56 10.64 16.54 13.71 6.3 15.52 12.31 12.6 8.32 7.48 5.46 3.6 4.15 4.3 9.76 7.28 7.45 5.01 3.14 4.73 8.47 5.65 6.34 4.12
8.95 12.1 14.21 6.01 3.05 8.94 6.75 7.55 9.0 29.34 17.88 8.94 3.89 3.93 6.37 5.31 10.62 9.76 18.89 3.53 9.31 6.13 4.53 3.96 7.86 10.16 5.84 7.44 7.0 10.93 8.45 18.93 33.86 15.55 26.75 11.71 8.17 11.85 13.57 24.66 20.29 9.77 12.5 9.61 4.96 7.16 26.8 10.91 9.73 10.82 8.99 9.4 19.91 6.33 7.01 7.85 8.23 4.03 3.06 3.92 9.83 7.23 10.56 8.46
14.13 13.95 16.54 8.68 4.68 5.72 8.39 17.78 10.32 16.81 10.9 8.6 5.52 1.49 5.93 3.59 9.31 9.74 9.19 8.22 8.93 7.36 4.7 5.9 5.79 9.1 7.6 2.83 6.12 12.25 12.19 15.93 27.54 11.92 18.59 19.68 14.71 6.66 23.52 19.77 26.31 13.8 11.26 11.59 6.32 9.15 10.76 16.87 18.72 8.04 12.76 16.53 13.44 18.87 9.14 8.39 3.38 4.38 5.46 3.43 6.11 12.66 4.64 8.6
22.78 9.77 6.67 7.93 10.88 8.44 15.82 23.64 11.48 13.9 10.41 7.2 4.36 1.93 4.08 4.57 4.75 9.59 8.57 8.61 10.01 7.35 12.21 7.8 8.45 11.83 8.43 7.19 14.78 15.29 10.61 10.13 16.97 12.78 14.53 27.45 11.95 7.84 12.15 12.27 21.02 11.1 6.88 12.74 9.79 9.29 9.94 10.09 10.61 6.82 16.85 14.2 18.45 10.85 7.86 6.71 13.28 8.23 5.51 2.64 4.08 4.86 6.39 5.85
10.04 7.26 4.85 7.19 11.27 16.22 15.01 17.76 24.72 10.51 12.22 6.04 4.61 7.72 8.51 11.63 6.83 8.6 10.13 6.95 10.03 11.84 11.26 10.72 10.18 12.31 15.51 13.21 11.43 14.33 11.9 3.64 10.29 8.96 14.78 11.4 11.72 3.95 7.04 8.63 6.88 5.35 13.52 8.31 8.95 7.36 10.3 8.72 5.66 11.57 13.2 14.88 10.76 11.54 8.61 13.07 7.5 6.68 7.82 2.98 4.75 5.94 3.46 3.42
11.54 4.3 5.86 6.56 20.47 15.22 15.24 20.19 18.75 27.17 12.34 7.06 5.88 10.46 9.02 9.07 13.54 9.48 8.19 6.71 10.67 6.77 9.07 8.03 9.28 11.89 11.38 9.01 7.8 7.22 6.33 5.41 6.41 5.43 6.98 8.71 5.73 2.84 2.69 5.16 10.03 10.17 8.17 4.36 6.33 7.35 8.34 8.13 6.3 15.9 19.04 10.05 5.3 10.32 7.87 10.88 15.78 6.84 8.09 2.84 4.97 4.44 5.12 4.89
11.28 7.82 8.11 10.83 12.06 15.34 10.52 13.72 27.87 21.83 17.78 8.17 6.41 9.14 7.38 8.47 4.85 9.81 6.83 11.79 6.24 5.46 9.16 4.92 4.74 5.48 6.04 7.32 8.97 8.66 8.4 3.12 4.08 5.42 3.76 4.48 5.17 2.23 3.3 2.22 5.06 9.84 9.59 6.84 4.54 11.82 11.7 6.21 8.6 14.49 25.19 7.65 16.69 6.01 7.41 7.42 7.91 6.14 2.93 4.36 9.64 6.74 6.13 4.09
16.34 11.7 7.85 10.8 9.52 16.3 9.23 9.45 23.71 15.12 19.55 14.41 13.89 8.89 6.97 6.34 7.78 5.58 8.37 7.94 3.92 2.31 2.74 2.46 4.76 9.27 8.94 3.03 5.59 18.38 11.18 3.18 6.59 4.51 4.79 3.69 3.59 2.53 1.83 5.97 6.26 6.18 12.57 4.84 5.95 9.39 11.9 5.36 8.27 10.72 8.75 15.31 9.82 8.25 5.07 6.26 13.53 5.73 2.98 6.19 9.26 9.57 8.52 8.79
