42.96 24.48 12.15 18.64 14.72 7.15 6.72 9.48 8.63 6.08 8.05 6.85 9.61 5.38 4.4 2.57 3.25 2.05 3.64 8.17 21.61 10.45 18.13 11.47 7.19 5.93 8.45 8.72 5.03 8.62 7.6 7.48 8.83 7.16 6.4 5.3 9.12 5.92 16.48 17.0 19.23 14.51 26.72 8.76 4.54 10.43 9.95 6.22 14.26 12.03 24.22 22.69 17.84 7.27 12.33 13.87 12.46 19.89 15.08 14.07 18.3 8.77 16.96 11.93
25.28 16.83 9.6 7.92 4.95 4.95 7.0 12.62 9.33 4.37 7.22 14.35 15.9 18.73 8.43 4.23 2.01 1.74 4.26 10.13 18.96 17.38 20.93 18.85 16.01 7.3 6.7 7.37 7.61 7.3 5.88 5.22 8.38 7.03 4.64 3.35 4.83 6.01 29.71 20.85 13.03 16.23 17.8 6.19 8.45 8.32 3.3 5.8 20.19 20.29 36.85 13.1 14.72 8.77 13.67 12.65 25.87 17.49 18.24 29.63 26.54 16.75 32.56 8.54
12.22 9.11 8.85 6.05 4.56 9.5 12.86 10.9 7.09 8.15 12.84 20.56 21.06 18.04 8.03 4.97 3.7 2.99 3.96 7.32 14.6 21.49 15.78 16.36 10.46 7.84 7.05 5.48 8.91 16.23 11.24 5.44 3.7 4.44 3.56 3.48 4.9 11.83 27.19 22.11 18.42 17.69 16.21 7.95 13.46 8.5 3.08 6.14 11.09 32.21 30.06 14.99 9.32 10.0 14.66 7.57 21.3 18.88 29.77 24.63 36.68 22.49 34.01 13.17
7.74 7.19 12.47 7.22 5.5 15.8 11.4 9.27 12.33 19.89 15.1 20.03 17.13 12.75 5.65 2.86 1.96 2.28 2.17 6.04 12.11 11.39 21.94 8.81 6.72 6.96 11.65 3.07 7.77 13.11 10.76 8.13 5.62 4.19 2.9 5.84 7.05 19.75 26.71 24.18 21.63 20.08 17.66 7.78 9.85 8.66 5.75 7.12 7.23 15.81 20.11 13.07 6.12 9.26 13.6 7.74 17.39 12.52 15.12 14.79 24.33 11.5 14.81 15.59
9.2 13.99 6.39 5.52 5.88 14.56 9.28 13.9 13.83 28.38 34.13 22.9 14.42 17.52 5.71 2.51 2.39 3.65 2.87 8.43 14.36 12.5 19.14 4.63 7.03 7.8 7.88 7.62 8.25 8.21 6.07 8.94 6.57 3.13 2.04 3.8 11.26 18.51 26.85 16.82 23.87 22.48 30.49 8.89 6.82 7.14 10.55 19.4 12.64 9.61 20.79 18.2 12.28 12.56 15.95 10.6 13.39 16.72 10.75 6.31 7.65 5.96 6.38 6.79
12.76 14.67 12.88 7.59 5.21 8.75 9.09 11.44 9.82 33.06 27.42 15.49 9.74 15.25 6.6 2.47 3.49 4.32 4.49 10.94 13.62 8.93 13.04 10.69 7.46 7.77 5.73 7.93 15.68 18.35 9.74 8.82 4.32 2.81 2.5 5.22 9.68 15.18 16.37 10.43 16.67 11.72 16.12 7.01 5.41 5.58 9.71 8.62 5.9 4.22 4.31 5.42 5.1 8.34 10.69 9.62 12.77 7.94 5.07 5.08 7.94 6.37 4.95 6.2
11.2 12.43 13.31 5.08 3.99 5.39 10.76 12.77 13.08 15.08 15.64 7.92 10.27 6.36 7.32 4.13 6.81 5.97 5.29 8.44 8.24 9.48 8.62 11.43 10.64 14.04 6.16 8.97 14.74 8.53 7.35 3.53 2.18 2.05 3.05 2.56 8.02 13.74 13.15 12.31 12.26 6.52 7.38 4.71 6.42 8.18 7.84 4.12 6.87 5.42 3.39 5.17 3.34 6.85 8.34 4.94 8.43 11.39 8.57 7.85 14.66 7.9 9.97 7.09
11.04 13.41 13.7 6.83 6.93 13.1 10.42 12.65 13.09 9.51 7.08 5.1 5.25 6.53 7.46 3.74 6.32 7.08 6.75 11.23 5.29 6.32 11.25 12.67 12.4 10.95 11.93 9.54 9.27 5.3 3.7 3.29 2.85 3.55 3.75 4.77 9.25 7.51 7.71 11.63 12.86 5.82 5.74 6.9 8.97 11.03 8.82 3.95 8.44 12.97 4.56 2.42 4.76 3.85 4.89 5.61 6.44 6.09 10.68 10.24 7.23 4.88 5.88 3.77
17.43 13.7 10.11 4.73 6.65 9.0 7.06 5.71 5.7 7.61 6.29 5.16 1.32 3.22 7.62 5.69 7.34 4.99 7.24 4.43 2.98 4.85 9.46 13.23 12.66 13.17 9.76 17.48 5.91 1.89 1.54 2.58 4.18 5.58 3.15 3.26 10.08 8.32 4.34 11.37 11.26 4.69 7.0 11.45 6.33 7.44 6.11 4.56 14.89 9.41 2.2 2.71 4.13 2.18 3.16 6.4 4.4 6.67 12.6 11.88 5.13 6.26 5.25 3.02
18.09 23.32 8.93 7.19 8.03 8.26 5.06 7.34 6.26 7.4 4.55 3.76 2.23 4.26 7.84 6.57 6.71 3.82 5.37 4.11 6.99 5.78 6.4 10.41 15.87 22.77 13.27 12.79 3.23 2.68 2.9 3.68 3.15 5.32 2.48 3.16 12.26 8.59 7.1 16.08 15.4 6.17 14.86 31.66 11.72 12.63 7.41 4.35 9.5 3.81 2.22 4.4 3.36 2.84 4.03 3.74 4.3 6.18 7.97 6.38 4.06 5.18 3.55 3.74
17.63 18.07 9.24 15.08 9.9 13.06 10.65 12.92 11.29 7.98 4.37 3.93 9.15 3.42 4.06 6.08 3.37 3.55 4.12 7.8 7.75 9.98 7.44 11.98 13.94 18.57 15.48 8.63 3.91 5.0 4.25 5.61 4.66 5.21 2.44 10.95 16.59 9.59 9.52 10.08 10.62 5.41 12.07 11.41 5.94 6.61 5.04 9.78 7.77 6.02 2.01 3.32 3.1 2.95 3.42 3.45 8.15 7.44 13.43 5.67 3.31 3.2 6.36 6.73
12.98 10.37 10.94 12.19 8.98 9.45 7.71 13.3 18.24 6.56 7.41 10.29 7.67 3.7 2.71 3.61 4.5 5.36 5.45 7.47 7.78 8.78 7.3 8.8 15.65 9.67 5.74 6.84 7.69 5.09 4.52 5.17 3.62 6.56 6.08 10.24 11.68 16.24 14.25 14.96 16.12 8.56 6.3 5.46 4.29 7.23 4.5 18.14 10.99 8.99 4.3 7.81 6.63 7.8 21.16 8.42 8.22 7.77 14.73 3.86 2.54 4.85 9.68 14.45
10.38 5.43 9.22 5.7 5.38 6.31 7.51 10.68 10.44 8.77 8.99 10.45 3.75 3.7 3.11 3.92 5.87 6.61 9.86 6.83 8.67 7.53 10.32 13.95 11.88 8.67 7.9 7.53 8.31 6.77 7.1 3.71 7.24 7.72 5.77 4.18 8.75 21.23 15.14 14.52 14.72 5.98 3.57 4.57 7.1 7.53 7.16 14.44 11.3 8.4 10.49 8.52 6.26 14.51 23.35 9.74 7.67 4.44 6.11 5.31 3.79 6.74 17.49 14.5
5.98 7.03 8.54 6.93 5.98 8.44 7.3 9.24 7.33 11.04 12.53 16.41 3.66 2.08 5.51 4.46 4.78 7.31 11.61 9.14 9.3 6.69 6.92 8.38 8.78 10.1 8.54 5.91 11.77 11.46 7.94 6.95 6.74 4.08 6.39 5.03 6.46 14.01 8.0 10.09 15.02 9.32 8.16 7.8 9.86 7.36 11.62 5.92 9.6 7.39 8.98 7.14 5.69 7.32 12.83 7.97 4.03 4.0 4.21 5.34 10.54 17.19 20.1 16.3
9.02 6.21 8.03 6.45 4.7 9.04 6.75 11.92 16.68 12.17 15.6 9.71 4.95 3.89 9.39 3.21 10.3 15.44 13.57 14.47 12.92 11.38 12.39 10.57 8.23 15.3 12.94 6.63 8.29 9.67 11.05 10.63 6.0 2.46 5.14 5.42 5.78 7.03 12.64 10.19 11.59 6.83 8.67 4.79 7.89 6.84 11.53 7.14 4.51 5.42 3.31 4.24 3.6 4.31 4.81 6.33 5.61 4.14 4.65 5.04 12.03 13.82 19.79 12.91
10.35 7.4 9.35 5.47 4.66 7.54 7.97 10.04 15.52 18.65 13.51 5.49 5.56 8.33 8.57 6.38 22.92 17.52 18.73 11.98 12.46 12.09 10.64 13.72 8.41 11.0 8.33 6.63 6.38 7.35 10.21 5.31 8.32 3.06 4.13 3.01 6.92 7.8 16.09 11.64 6.58 6.44 5.01 3.53 3.78 4.42 9.42 5.84 6.38 8.01 5.32 4.09 4.61 6.54 5.99 4.77 7.14 4.54 9.09 9.11 8.81 10.38 11.83 10.1
2.84 3.69 8.5 5.2 6.78 6.97 6.67 8.01 16.54 11.35 7.1 6.29 5.35 9.19 9.07 9.84 22.38 21.69 17.11 14.56 16.69 11.88 12.47 19.47 6.32 10.62 8.73 4.46 8.74 13.65 10.66 4.78 9.85 5.39 11.42 3.32 7.02 20.65 19.28 10.55 8.0 8.9 5.95 5.34 2.56 4.13 9.69 6.28 8.26 10.91 7.34 2.96 2.72 4.21 5.05 7.06 11.44 6.01 9.35 8.66 6.97 6.23 6.08 7.63
2.33 3.48 4.89 5.0 6.17 6.09 8.22 6.75 10.35 8.05 6.99 4.1 2.83 8.22 8.63 9.6 13.97 13.51 25.54 34.97 17.96 15.65 36.7 12.86 13.29 9.84 10.33 3.81 4.34 7.6 7.58 6.98 5.46 6.32 4.74 2.1 5.28 9.39 9.54 8.15 5.88 3.47 8.17 6.31 4.77 6.99 9.43 5.63 10.69 10.49 10.61 3.85 4.96 2.31 2.53 5.94 8.09 7.5 13.99 11.23 3.22 6.75 8.44 11.08
2.03 5.48 6.43 8.23 8.45 6.48 9.06 9.49 9.66 4.04 6.2 2.97 1.86 5.32 7.1 5.57 8.03 10.12 21.18 25.11 24.05 19.53 23.96 15.02 20.73 10.44 6.85 4.34 2.68 7.06 7.23 6.61 5.68 6.76 4.43 3.83 8.35 8.58 16.05 5.85 9.11 4.1 7.52 8.73 12.87 17.33 6.86 5.23 6.66 7.35 10.27 6.99 6.14 2.51 7.05 10.38 6.82 4.94 18.92 7.37 4.92 8.4 5.91 6.72
3.36 6.38 6.08 4.93 5.41 3.46 8.33 5.34 5.72 4.11 6.38 3.36 3.85 6.23 5.78 4.02 9.45 11.12 24.93 11.99 25.73 21.52 40.25 32.46 16.56 13.73 7.72 3.46 2.21 7.66 3.97 2.48 4.68 4.85 8.48 8.3 17.71 11.43 14.73 11.47 8.99 5.58 6.01 12.02 9.38 6.63 3.35 3.22 5.43 2.9 5.85 6.8 5.98 7.42 6.77 9.67 10.32 7.54 8.27 9.3 5.71 3.47 6.67 6.81
6.03 9.98 4.73 3.87 6.87 9.27 10.16 5.25 6.37 2.16 5.07 3.29 8.01 5.48 7.91 6.06 6.99 7.93 15.7 8.39 6.54 13.26 18.21 13.91 13.76 8.89 7.43 2.37 6.45 4.48 4.04 2.18 3.62 2.84 17.12 19.93 29.59 16.31 23.34 12.84 5.86 6.45 10.07 16.56 22.79 11.93 2.82 2.8 2.55 2.71 8.8 8.09 9.74 6.32 6.56 9.35 14.2 7.23 4.1 3.45 2.9 3.17 5.63 5.97
7.16 3.31 2.73 6.23 5.96 13.58 9.55 10.49 13.53 5.9 6.67 6.95 10.57 7.08 14.56 12.81 11.28 11.47 11.86 7.27 7.7 15.35 13.43 17.78 30.02 12.18 13.81 4.11 8.75 4.31 6.04 4.25 6.68 6.55 17.39 32.75 14.7 19.39 24.11 8.67 4.51 4.85 11.89 12.91 27.27 3.24 2.56 5.48 2.77 3.93 14.5 9.2 9.22 5.93 7.49 6.26 12.58 7.14 6.73 2.95 3.02 5.43 8.73 10.75
4.41 3.03 5.59 9.04 7.56 9.39 9.41 8.08 12.65 6.91 7.99 5.32 7.66 8.45 11.54 19.0 12.66 11.29 13.22 12.67 14.53 10.09 12.27 26.95 54.0 23.67 12.36 4.45 5.25 4.01 6.94 5.37 7.21 5.86 8.43 22.95 14.95 11.6 9.35 17.71 10.77 4.33 7.72 18.02 12.5 5.16 3.7 5.67 4.94 8.79 22.77 8.74 6.09 12.62 15.97 10.59 7.93 2.62 3.22 4.48 4.7 4.05 6.4 10.46
7.94 7.96 8.0 8.59 10.29 8.68 10.0 11.67 5.15 3.81 4.21 4.65 5.77 3.16 6.96 7.49 7.03 7.56 14.51 8.8 19.12 14.28 15.92 25.9 39.73 15.34 6.05 4.65 6.76 12.09 13.43 9.86 12.81 8.59 11.7 19.52 22.84 15.33 11.96 13.24 9.88 8.1 14.16 17.74 15.06 9.07 5.99 8.66 5.78 8.4 17.85 9.71 4.25 10.07 7.64 11.81 5.69 1.81 3.03 9.22 4.45 3.27 3.15 6.66
10.89 6.26 9.37 9.92 7.34 5.64 7.23 5.39 3.08 4.49 6.78 6.51 6.22 6.08 8.56 10.68 9.15 8.17 5.46 9.19 12.35 9.93 10.62 14.81 17.77 11.35 5.84 5.12 6.02 8.38 15.54 8.38 8.15 8.07 13.85 15.55 26.35 9.65 6.88 8.6 9.26 12.77 19.89 17.39 11.69 11.01 6.77 8.94 6.97 11.46 12.59 9.03 6.82 6.42 6.43 8.35 6.63 3.43 3.86 5.94 4.56 6.09 2.87 6.17
7.33 5.61 8.96 4.64 5.38 5.72 5.52 6.46 4.62 2.88 7.93 8.64 8.05 8.08 7.69 9.01 10.69 7.29 2.97 8.03 7.79 5.41 10.22 12.75 7.37 5.8 4.4 6.47 5.16 4.4 7.16 10.89 14.32 9.46 7.77 6.36 15.86 16.92 10.98 8.2 9.53 13.59 12.88 9.87 12.15 12.12 12.75 13.03 10.63 13.77 9.89 6.56 7.05 6.69 6.16 5.12 5.15 4.92 5.62 3.31 1.93 7.13 7.7 10.0
7.83 5.79 5.22 4.15 11.18 4.62 8.53 6.46 5.3 5.04 6.6 6.56 8.51 9.11 5.14 8.08 5.59 3.39 3.33 5.14 6.37 6.25 8.49 8.12 5.53 3.76 3.82 4.47 4.11 3.45 3.85 3.66 4.23 4.68 7.28 6.53 17.23 19.53 8.5 13.57 6.72 4.96 6.4 9.78 10.61 11.38 19.14 5.15 5.26 7.32 10.92 8.13 9.96 7.36 5.47 10.09 4.52 2.68 5.23 5.14 4.2 4.86 6.87 5.54
4.12 4.74 4.39 3.63 8.28 3.43 2.9 4.97 7.28 3.64 3.9 4.96 4.69 2.41 4.06 3.21 4.31 3.44 5.43 5.89 6.0 7.65 10.64 8.89 5.75 4.53 4.35 7.16 7.28 3.28 2.94 2.72 2.78 4.48 6.67 7.83 25.79 22.9 13.77 23.04 8.15 5.94 9.96 9.54 14.75 16.62 15.57 4.31 5.3 5.42 5.49 8.15 9.96 6.87 7.76 21.39 6.16 3.08 4.82 5.54 4.96 5.17 4.02 3.77
5.95 5.97 4.66 3.84 8.04 3.75 2.27 3.42 6.29 3.62 8.52 5.75 4.53 3.03 5.37 5.97 5.77 4.98 7.97 12.87 9.27 5.89 7.75 8.91 23.48 14.63 8.24 5.9 8.28 4.46 7.01 3.13 4.7 8.66 5.25 9.29 31.42 13.47 17.12 10.44 5.06 5.15 5.99 7.99 21.12 22.15 15.91 9.37 5.79 2.48 6.52 9.03 6.44 5.94 10.57 14.34 8.54 4.38 4.7 5.02 4.13 6.98 6.43 5.73
4.53 5.68 4.96 4.67 5.35 5.41 4.31 2.79 3.99 3.67 8.79 6.95 9.32 4.24 4.02 7.96 4.27 4.65 4.05 6.57 4.79 3.55 4.99 3.76 4.61 6.5 10.69 6.43 11.54 7.68 3.26 2.04 5.48 8.12 4.52 10.35 33.77 19.21 16.57 7.01 3.97 2.75 5.56 14.38 19.9 17.16 13.43 4.5 4.36 2.81 7.11 8.51 10.55 8.61 11.2 5.35 5.4 5.05 7.25 6.39 6.16 4.98 10.18 7.69
6.8 4.51 6.0 4.49 4.76 3.85 2.91 2.25 3.88 4.35 5.24 8.38 5.43 4.12 7.55 9.22 3.35 4.64 6.59 4.0 3.74 4.54 5.56 4.27 7.22 7.73 7.4 6.62 12.29 5.62 1.97 2.55 3.84 6.29 5.82 11.27 19.64 19.98 11.65 6.52 3.91 8.36 6.86 11.63 18.43 18.34 6.18 5.17 5.18 4.95 13.94 12.08 6.21 9.15 13.11 4.35 4.32 5.91 12.66 11.14 8.96 5.38 11.7 5.86
7.38 6.93 13.84 8.15 4.74 3.38 2.87 2.94 2.83 3.4 4.48 4.59 5.27 4.7 7.33 5.6 7.22 6.5 10.95 5.28 3.56 3.01 6.86 9.47 22.48 9.41 7.63 10.88 9.76 3.67 6.94 4.13 2.97 2.98 2.62 5.57 9.86 13.96 12.65 7.56 3.94 5.01 6.01 7.81 11.54 6.79 5.17 12.29 7.83 8.08 10.44 5.64 4.8 6.74 6.99 3.87 4.19 5.56 4.46 7.01 6.58 14.27 6.56 7.01
4.88 6.37 8.24 7.42 4.9 3.15 1.25 1.07 2.75 4.11 3.33 4.1 3.56 5.94 6.78 7.42 7.66 9.45 10.08 7.69 10.54 4.19 8.07 14.98 28.89 15.35 12.08 10.1 12.03 10.43 12.27 6.22 6.06 3.62 6.43 9.23 7.8 5.27 7.94 5.81 3.86 2.98 3.96 5.67 8.64 6.06 7.68 8.52 11.38 5.1 5.85 3.68 5.03 3.63 2.27 2.34 3.06 5.42 4.11 6.15 4.71 8.44 13.23 7.92
8.08 15.42 16.33 10.77 8.42 4.12 1.67 1.76 4.54 5.28 7.2 4.1 4.73 10.47 10.1 10.99 14.61 18.89 7.54 6.42 11.28 6.16 4.16 4.48 8.64 11.3 12.27 7.9 10.88 13.6 7.83 6.95 5.61 8.39 10.85 8.2 8.69 5.7 9.2 8.4 4.22 2.72 7.03 6.55 14.02 14.68 9.93 6.78 11.34 5.1 5.75 6.49 4.04 2.67 1.56 2.62 2.26 2.79 2.48 7.13 4.4 3.06 10.6 4.04
11.71 9.67 25.2 9.39 11.13 5.72 3.63 4.66 5.13 4.86 10.42 5.34 4.6 7.89 10.88 5.1 13.77 8.89 4.19 4.46 8.14 6.66 5.35 6.21 4.02 8.44 15.67 5.18 14.29 19.16 18.59 9.55 13.41 9.45 11.01 10.83 11.66 10.27 14.5 12.51 7.06 7.91 6.13 5.78 22.29 12.09 8.86 6.76 4.43 4.72 3.21 3.86 3.2 3.48 2.07 3.89 4.59 1.44 2.51 3.57 5.26 6.23 9.37 5.49
6.05 7.43 17.83 9.59 10.48 7.19 5.94 5.27 7.9 7.09 17.46 8.19 7.6 9.54 7.35 6.96 14.17 8.62 4.24 6.72 7.99 6.79 10.83 5.07 4.92 12.83 23.01 13.18 26.19 16.73 16.17 11.49 10.59 4.56 7.61 6.69 10.53 10.43 10.67 8.32 7.98 7.09 6.53 6.71 11.84 9.62 10.66 6.97 4.2 4.32 4.45 3.52 3.47 3.85 4.45 4.07 2.46 1.88 1.99 2.88 5.27 7.41 8.32 7.79
3.98 4.86 7.48 5.34 8.38 7.67 7.52 5.15 9.22 8.81 10.34 6.25 4.71 6.0 3.78 8.97 10.25 6.74 2.69 5.66 5.18 4.24 8.05 4.38 7.08 8.71 22.12 11.64 14.93 16.66 17.63 21.96 15.22 7.24 4.31 3.96 7.47 5.46 6.0 8.69 4.84 3.38 7.51 13.87 11.17 12.02 9.4 5.95 5.61 2.86 4.33 3.0 6.33 4.36 3.11 2.59 3.01 2.5 1.99 4.67 4.78 6.48 10.57 16.9
4.14 4.72 4.62 3.71 6.87 6.43 9.26 10.82 14.04 11.26 5.49 6.43 5.25 6.47 6.28 9.03 5.49 4.66 3.13 2.44 3.61 4.12 6.0 6.1 10.7 11.51 13.08 12.86 7.24 11.27 9.23 15.7 8.07 8.12 5.09 7.89 8.09 4.08 5.81 6.27 4.93 4.27 6.42 8.98 16.14 10.01 4.8 5.33 4.5 1.79 2.96 4.41 7.07 6.24 3.71 3.43 3.39 3.35 5.36 10.62 10.71 8.36 9.62 15.64
5.9 4.82 8.25 8.75 12.06 11.77 14.07 15.71 12.16 8.95 5.08 7.52 5.09 7.17 5.96 4.17 3.5 2.2 2.37 2.42 2.1 2.22 4.44 3.96 3.64 5.83 6.27 7.43 4.05 4.56 4.2 6.9 3.3 8.61 5.84 7.16 5.79 5.14 3.94 6.88 7.31 12.32 11.85 11.54 8.32 6.75 5.24 5.64 2.43 1.44 2.3 4.71 4.74 3.74 4.27 4.12 4.59 5.53 4.34 6.24 12.37 8.43 5.15 17.66
8.26 4.71 6.01 20.37 10.21 10.7 16.37 12.9 10.66 5.32 4.1 6.46 8.0 4.71 4.13 5.16 3.63 1.94 4.17 2.68 1.91 2.59 2.66 2.49 5.13 7.88 6.8 5.06 4.0 6.58 4.93 9.97 5.61 4.39 3.66 5.84 5.72 4.09 5.88 5.41 5.11 12.77 19.75 11.78 6.17 8.87 5.97 7.59 2.65 2.86 5.6 5.24 2.96 2.82 3.46 5.71 5.71 11.53 4.33 4.74 7.07 7.19 12.63 10.5
12.18 8.05 6.57 34.54 15.1 17.86 17.01 12.97 8.99 8.38 7.99 14.74 12.64 7.96 6.39 7.39 3.0 3.12 4.51 2.97 2.19 5.43 2.34 1.7 3.33 2.63 6.73 8.32 10.73 5.65 6.21 14.57 4.78 2.63 2.37 3.24 1.94 3.41 4.95 4.3 3.81 6.68 18.61 10.45 7.01 7.27 10.05 8.21 5.76 5.1 10.2 8.99 6.11 3.75 4.02 4.05 3.43 5.07 4.73 2.16 3.09 3.38 5.87 7.08
4.86 4.89 8.57 16.37 9.83 13.5 11.3 7.98 7.58 11.68 18.68 18.3 10.5 6.85 5.73 5.98 3.25 3.49 3.34 4.84 2.78 4.25 2.41 2.99 2.18 2.13 5.25 14.88 11.21 4.99 5.98 5.91 4.88 7.94 3.42 4.09 1.38 1.75 2.21 3.94 3.88 4.16 13.72 10.07 10.32 8.14 9.0 10.29 6.01 9.11 9.18 8.13 6.07 7.72 3.78 5.09 9.23 5.84 7.38 3.05 5.69 4.91 7.52 8.07
4.47 4.29 7.36 8.72 13.55 10.83 5.89 5.54 11.3 20.75 15.05 16.62 13.15 6.06 4.58 5.41 3.3 2.62 2.91 3.22 3.64 3.19 4.11 3.5 3.26 2.17 4.78 10.19 9.17 7.37 6.09 4.41 6.07 9.56 4.05 5.28 3.06 4.1 5.37 5.47 4.78 7.25 22.25 15.2 13.72 13.14 5.63 5.28 5.03 10.08 6.01 8.49 11.14 12.91 8.33 9.91 6.7 7.75 6.62 3.68 7.1 14.45 8.99 5.52
4.74 4.02 4.4 6.8 9.48 13.08 5.55 5.54 7.66 11.91 10.19 8.84 5.88 7.61 7.13 4.56 2.53 2.75 1.74 3.84 7.75 2.48 2.63 3.8 1.8 2.66 5.59 4.15 5.34 16.7 8.38 4.39 9.95 7.46 9.13 8.19 9.34 3.94 6.02 3.92 6.06 8.88 11.77 12.74 8.8 13.24 4.85 5.45 4.56 4.75 4.75 8.07 20.42 11.14 7.41 8.53 6.33 10.92 8.15 5.3 6.98 9.86 5.29 1.87
4.85 5.0 4.5 5.14 7.5 7.63 3.92 9.95 3.89 10.37 9.67 9.58 8.75 13.79 5.46 4.7 5.19 4.46 2.48 5.53 4.9 4.05 2.29 1.87 1.85 4.02 4.66 5.5 7.89 13.27 8.98 5.08 6.38 10.89 10.59 10.4 5.96 3.2 3.31 5.34 5.19 6.67 5.98 3.58 6.0 7.31 5.3 9.32 8.01 7.9 7.8 13.01 19.84 9.0 5.84 4.13 5.73 8.41 12.47 5.05 5.04 13.34 4.8 3.88
4.72 3.07 3.01 2.19 4.68 4.24 5.9 7.9 5.69 8.37 4.1 6.08 5.76 7.02 5.3 5.98 6.77 4.07 2.1 2.61 2.95 3.86 2.93 3.79 4.32 5.0 3.77 8.57 13.05 15.17 12.01 7.05 8.07 10.61 7.19 5.76 2.37 2.62 2.05 5.75 5.09 4.69 4.57 2.55 5.45 5.86 9.43 12.95 9.88 11.64 7.21 12.83 14.19 9.24 6.55 5.32 5.55 9.02 13.48 4.52 7.83 13.62 4.85 8.29
2.66 3.57 3.92 2.38 1.97 2.67 4.69 10.52 11.66 11.43 3.31 7.93 11.6 7.03 6.37 6.14 8.36 4.34 2.53 2.42 5.02 3.69 3.59 3.88 8.71 5.08 3.32 9.55 17.42 22.89 7.55 11.45 10.96 14.25 4.64 3.14 2.51 2.57 5.18 7.53 5.94 3.74 8.11 5.64 6.39 8.89 12.0 11.62 11.91 9.67 6.9 10.63 12.5 10.46 10.33 6.75 5.53 9.62 13.24 16.74 11.91 12.43 8.5 7.64
3.85 7.18 3.48 2.03 5.51 3.7 4.18 13.02 13.55 11.96 7.55 6.74 12.68 7.85 5.45 3.84 6.04 5.04 4.24 2.66 4.92 6.43 2.8 2.14 5.04 5.41 2.56 3.65 5.98 8.75 12.63 12.16 13.85 16.05 4.74 3.14 3.95 4.0 11.34 7.96 6.88 6.04 7.74 6.35 7.46 6.99 10.97 8.3 6.86 4.77 3.04 6.03 5.13 5.53 5.88 10.55 6.06 4.52 10.41 4.99 4.42 10.3 8.94 7.84
3.95 6.64 3.12 2.74 3.17 1.76 5.11 11.45 9.06 8.9 9.29 4.84 9.74 7.52 5.69 3.78 5.03 5.32 5.53 4.33 6.26 6.96 5.13 2.46 2.76 3.15 2.86 3.18 4.46 6.95 11.64 7.03 13.23 16.57 4.82 3.09 4.91 3.59 7.29 7.69 6.5 4.29 3.97 2.88 8.38 6.59 14.2 7.37 6.51 10.67 7.14 6.58 6.09 11.07 10.29 9.54 10.11 4.72 8.45 4.35 13.15 11.72 10.25 10.53
4.79 4.89 6.37 6.26 9.19 4.27 5.66 7.71 8.99 6.35 7.89 9.2 10.27 6.73 6.61 4.75 6.17 4.16 3.96 4.2 2.97 3.57 4.05 1.65 1.59 2.72 2.47 3.58 8.74 6.14 11.82 10.78 9.55 12.27 9.14 6.0 5.27 5.13 8.62 8.67 8.27 9.31 9.92 3.62 7.09 16.68 19.56 10.39 7.92 9.42 6.7 8.19 9.95 11.75 12.06 5.97 7.03 4.34 4.72 2.5 9.5 6.66 12.49 7.58
2.95 3.05 4.75 5.37 8.18 4.52 4.71 4.58 4.69 9.04 9.4 8.45 8.76 4.62 4.33 2.27 6.57 5.07 5.35 2.42 3.16 1.6 2.36 3.13 2.33 2.14 3.18 5.42 4.57 4.11 7.72 4.98 8.65 7.47 8.07 7.14 4.59 4.05 10.17 7.07 5.55 14.79 11.65 14.06 11.92 13.13 13.09 10.59 7.73 7.93 10.96 6.62 9.16 11.18 9.9 8.85 5.72 4.12 4.51 5.93 5.44 5.37 10.01 5.92
1.87 4.0 5.38 8.0 11.34 7.56 5.97 5.49 6.48 10.83 6.17 7.73 9.09 8.58 5.92 5.1 7.99 5.4 4.51 3.09 7.38 3.05 3.02 3.78 2.64 2.7 5.05 5.55 2.81 2.4 6.28 3.78 11.81 8.62 7.15 6.01 7.42 4.68 8.75 5.49 5.51 18.83 17.34 16.77 12.63 13.9 19.65 9.1 7.33 6.6 7.66 10.49 17.31 15.34 8.78 10.19 7.06 6.76 11.05 9.34 6.04 4.78 9.71 4.74
2.41 7.0 8.03 11.07 11.58 8.68 3.75 7.33 13.58 9.61 4.94 7.13 4.36 10.15 7.92 4.31 4.77 10.56 7.95 5.43 6.65 3.94 6.41 6.28 3.54 3.88 6.37 5.83 3.02 4.97 6.49 5.87 11.75 14.47 9.85 10.22 7.26 3.62 10.99 9.83 8.58 25.68 16.56 7.91 13.62 12.6 10.57 11.0 7.81 6.15 5.69 6.65 10.39 9.45 8.63 4.32 5.45 5.76 11.44 14.13 5.63 4.57 6.41 2.51
7.14 7.37 7.46 11.77 15.75 10.29 5.25 6.38 7.13 11.07 13.3 8.06 4.74 6.88 5.32 4.97 8.35 9.82 12.18 8.35 5.65 5.63 13.83 10.76 6.03 6.07 8.18 9.36 8.08 10.5 8.63 7.47 8.32 10.96 10.2 13.41 8.74 3.46 11.95 8.28 12.38 24.9 16.27 9.23 9.27 18.06 18.98 23.41 13.0 16.47 12.04 13.12 19.49 11.82 7.82 2.5 5.44 6.28 6.8 6.37 4.25 5.55 5.63 2.76
8.92 9.93 7.08 7.23 13.27 20.57 12.5 14.21 11.36 8.27 9.28 5.04 3.54 3.3 4.31 6.59 8.1 7.1 14.09 10.73 9.49 11.66 15.96 4.86 4.78 6.9 7.57 18.12 20.07 15.08 15.39 15.69 19.38 16.49 19.92 12.26 7.63 5.02 14.1 9.63 8.47 6.91 9.03 8.76 11.78 9.88 12.17 11.99 23.12 16.54 11.58 8.82 9.31 4.74 3.42 2.24 5.52 9.21 8.99 9.53 7.16 4.8 3.21 3.41
9.12 20.86 8.48 6.63 7.52 11.62 15.26 11.75 10.09 6.31 8.86 5.46 4.71 3.34 3.28 7.81 7.77 7.34 11.32 15.85 12.0 21.51 15.1 5.75 5.56 5.64 7.95 25.4 12.61 5.56 15.94 22.12 21.64 13.98 10.98 7.78 14.05 9.1 11.62 9.56 6.66 2.44 4.52 4.47 8.71 5.78 11.09 19.67 17.13 14.17 9.72 6.45 6.01 7.37 2.86 2.44 18.88 8.83 7.07 9.53 17.85 6.25 7.31 8.0
8.91 18.26 15.66 9.27 9.08 9.31 7.32 8.94 21.34 9.07 6.37 4.97 5.4 3.51 4.33 6.28 6.37 8.5 11.33 13.35 8.68 10.23 8.52 5.19 7.44 7.12 7.0 15.08 16.4 7.99 16.2 23.89 12.85 10.49 13.29 7.49 7.79 7.4 8.48 4.55 4.5 1.28 2.51 3.14 4.26 4.34 16.58 20.34 15.63 13.36 6.96 4.37 7.08 5.95 5.58 5.05 10.5 6.98 9.05 8.0 9.23 6.0 5.04 4.71
6.12 8.71 10.7 5.25 5.52 8.12 5.76 9.59 12.09 14.45 13.82 6.5 6.61 9.04 7.59 4.87 5.65 5.04 6.99 8.81 5.97 8.54 3.76 4.21 6.86 6.86 9.34 15.4 13.64 6.4 16.27 16.33 8.92 8.31 17.02 14.28 11.28 3.84 3.52 2.66 1.84 1.22 1.91 3.62 3.29 3.97 10.58 11.64 12.01 7.92 9.39 5.52 6.93 4.19 6.42 2.76 6.74 9.38 14.38 5.17 6.01 5.2 5.15 3.94
3.5 6.23 6.76 7.22 4.73 9.58 14.01 19.02 8.61 12.8 12.28 6.35 4.86 10.51 9.55 7.42 8.18 3.68 11.67 10.03 7.58 8.0 5.03 7.31 11.04 9.22 7.72 16.27 11.02 11.82 16.35 13.71 9.25 7.04 12.56 11.74 13.26 6.33 3.29 4.84 1.42 1.96 2.51 2.93 4.7 4.21 8.2 6.03 12.05 9.76 7.21 4.04 4.75 6.08 5.03 4.64 4.9 7.12 6.33 1.97 2.71 2.42 4.93 4.7
4.76 8.12 5.01 11.61 3.34 9.46 16.23 14.8 17.23 9.69 6.75 7.51 4.73 4.55 6.67 6.86 7.18 8.22 9.36 7.64 8.19 12.74 9.15 6.38 6.85 5.21 6.87 8.27 8.1 6.02 7.11 9.15 10.4 8.73 12.67 6.31 6.0 4.75 5.54 3.92 1.67 2.8 2.75 2.24 4.36 9.38 6.23 6.32 7.82 6.63 6.56 6.3 7.02 5.95 8.84 5.74 6.74 4.9 3.39 1.96 3.33 4.42 6.95 9.21
3.93 3.74 3.53 8.52 5.27 9.58 9.87 19.05 22.58 13.47 5.06 5.25 6.65 6.81 4.99 7.16 9.41 7.88 8.19 8.1 5.32 6.59 6.8 6.12 4.89 3.34 3.4 5.73 4.9 3.83 6.92 4.88 9.29 17.48 9.0 5.5 5.76 5.01 7.54 5.46 6.33 5.88 9.47 5.42 5.84 13.89 9.64 10.05 15.02 12.63 9.64 8.28 10.43 8.22 13.24 7.51 10.05 6.38 4.69 2.68 4.3 5.84 8.72 15.48
2.79 3.24 2.77 2.08 4.86 7.83 8.6 9.13 18.21 8.9 5.01 7.33 5.94 6.06 2.8 7.23 8.26 10.61 7.77 3.3 4.81 6.03 9.91 10.13 9.43 5.23 6.01 4.55 4.1 9.41 11.29 7.19 19.37 11.75 6.6 6.22 5.22 2.72 5.27 5.54 4.38 10.45 10.35 9.64 5.32 8.2 7.4 9.75 22.52 10.49 9.81 6.28 9.46 8.35 15.9 15.96 6.51 6.21 10.58 5.21 5.01 8.46 11.51 9.77
2.63 3.9 2.08 3.36 3.87 7.84 8.0 10.45 14.67 5.95 6.13 4.39 4.4 6.6 3.77 2.53 5.4 5.93 4.73 3.05 3.88 2.98 11.78 10.74 9.32 7.93 9.48 6.29 5.87 7.76 7.88 8.4 11.01 8.72 10.05 4.44 7.98 5.57 8.02 10.84 11.74 6.24 9.05 6.13 5.11 9.83 11.37 10.85 15.09 8.96 9.02 8.36 11.8 15.45 21.27 14.07 5.67 14.08 13.92 7.91 8.62 12.98 20.28 13.74
4.14 4.94 4.18 6.12 4.78 7.92 5.7 10.23 20.93 9.23 5.91 2.51 2.41 2.9 2.86 1.93 3.25 4.18 4.32 8.55 5.13 7.97 15.88 12.19 15.85 12.26 12.53 6.4 8.17 5.5 5.9 5.45 9.52 9.9 10.96 6.37 7.42 9.4 13.79 11.77 15.22 7.21 9.26 4.22 4.69 8.55 10.32 8.92 8.02 11.09 11.6 9.19 12.37 13.43 24.4 15.61 8.03 12.45 12.25 8.11 10.59 18.82 16.34 17.97
