8.33 7.87 6.65 7.18 6.86 3.11 8.29 16.27 8.97 7.39 6.48 15.15 6.24 4.51 5.35 5.6 6.35 3.38 3.66 7.25 14.87 7.2 11.29 9.22 8.97 4.71 9.12 20.74 18.07 9.99 8.76 11.4 6.26 8.29 11.18 6.91 4.65 2.08 2.12 4.13 4.43 5.67 5.85 4.03 3.2 3.56 6.94 5.75 6.82 7.5 10.47 6.56 6.55 6.44 6.43 6.23 11.1 11.65 2.99 4.32 9.42 4.71 8.93 7.76
12.53 5.65 3.94 5.54 7.34 5.1 7.91 5.84 4.42 6.21 5.57 5.1 6.57 3.06 6.31 3.41 2.86 3.11 6.03 8.02 7.52 6.09 10.11 12.82 6.49 3.82 6.87 14.93 15.38 12.12 11.57 11.14 9.44 7.87 9.25 8.44 5.45 3.7 2.55 3.16 2.8 3.03 5.39 3.9 2.09 2.04 6.21 4.49 13.12 9.17 7.72 12.13 7.08 3.48 5.03 7.48 12.98 5.78 5.91 5.29 4.97 4.22 7.23 7.7
9.08 6.66 12.97 14.69 13.39 9.37 8.63 4.75 6.63 7.32 4.53 4.35 6.17 5.87 4.37 6.45 2.57 3.26 6.49 8.33 15.74 6.94 5.45 4.87 7.83 5.06 8.51 7.57 7.65 7.61 11.12 6.34 3.25 10.4 6.91 4.06 7.4 4.98 3.27 2.42 3.04 2.41 3.88 2.85 1.61 1.85 5.67 4.37 8.39 17.08 13.37 10.47 7.48 8.22 7.6 5.91 5.14 4.87 8.52 8.48 3.23 4.58 3.69 10.15
13.21 6.94 7.62 11.83 19.9 9.46 6.41 5.15 6.35 4.56 4.89 3.57 6.52 7.56 9.69 4.27 3.89 4.86 9.63 7.14 11.34 6.21 4.62 4.06 5.45 5.06 10.5 9.15 6.86 3.92 7.33 6.21 5.23 6.42 4.16 4.63 10.63 6.5 2.19 2.43 1.93 3.32 4.46 2.74 2.74 3.03 5.94 6.11 10.5 14.05 8.23 12.74 8.5 6.74 6.14 9.93 8.55 8.65 6.34 5.15 3.97 10.15 7.89 6.88
15.09 8.34 6.9 4.82 11.03 8.66 10.06 5.64 5.69 6.06 6.16 7.06 11.22 12.26 6.17 4.37 2.13 2.78 3.91 4.71 9.89 9.63 5.22 4.47 4.17 8.37 12.61 7.19 4.4 3.6 3.65 4.15 4.7 3.05 5.45 12.48 12.13 7.62 3.67 3.37 2.04 4.12 7.23 6.6 11.17 3.98 4.14 4.33 6.66 6.41 10.34 16.1 7.63 7.08 9.18 6.54 7.87 10.9 8.03 5.87 7.05 8.34 6.23 11.05
17.66 9.74 5.46 6.65 11.15 7.92 6.5 7.9 11.3 9.0 8.99 5.54 6.05 18.66 11.08 6.89 5.87 9.2 6.77 7.98 13.49 15.65 5.56 4.85 7.03 13.74 6.49 7.52 9.88 8.61 6.07 7.32 6.24 6.84 15.77 17.53 8.22 7.76 5.1 4.7 1.64 4.22 8.56 8.23 17.45 7.93 3.14 4.88 6.01 4.38 6.18 4.51 5.36 6.38 14.52 6.07 6.11 8.07 3.45 5.97 5.83 6.8 4.05 7.9
10.76 8.68 6.26 5.6 7.7 5.61 5.92 5.02 10.43 13.56 4.27 3.07 13.13 12.4 9.07 17.07 21.53 10.96 4.67 9.49 10.95 9.76 2.65 4.22 12.01 18.62 7.39 6.71 6.24 6.28 6.72 11.96 7.46 6.22 14.31 20.72 11.53 9.35 5.51 3.47 3.48 5.13 10.97 6.75 10.26 5.68 2.71 4.05 4.81 5.72 2.94 3.02 5.83 4.26 8.33 8.48 9.72 9.29 3.33 4.87 7.64 5.45 8.83 11.61
8.89 17.47 15.64 9.1 5.91 4.01 14.65 16.01 8.43 6.39 8.11 9.2 17.04 15.38 18.73 48.91 18.37 17.05 10.72 12.1 13.17 7.92 2.48 5.83 10.75 17.7 15.98 14.71 8.05 5.49 4.73 5.39 5.3 5.74 9.51 11.2 7.94 17.32 9.12 3.91 6.46 9.71 6.35 11.36 7.35 5.08 2.62 3.44 3.11 5.77 4.41 2.43 3.51 3.94 5.37 8.51 11.09 8.68 7.05 7.24 4.21 8.41 7.59 5.25
6.97 8.92 14.16 5.76 7.01 9.71 7.07 8.49 10.13 10.87 6.98 4.5 11.62 19.94 21.01 30.33 12.75 5.96 16.0 9.16 8.56 7.86 3.42 5.48 8.75 22.03 15.24 11.07 8.82 4.72 4.37 4.75 3.48 6.61 6.25 9.73 8.35 10.93 9.85 6.98 7.36 7.3 8.41 6.24 5.56 5.06 5.33 4.77 4.66 9.18 5.68 3.0 2.71 4.86 5.26 12.34 13.07 7.63 7.54 11.82 10.74 13.63 6.89 5.65
8.65 14.74 10.51 8.86 8.6 5.44 6.9 12.99 8.77 5.91 9.81 10.72 12.92 23.32 45.37 26.34 9.54 7.78 13.23 20.91 9.14 8.33 3.37 6.01 8.05 13.81 13.08 6.39 7.13 8.52 6.7 2.57 3.7 4.83 4.83 3.89 7.59 8.22 9.28 5.73 12.75 4.97 5.31 5.75 4.13 3.64 3.97 3.92 4.99 8.27 7.38 3.16 4.18 9.1 6.55 5.69 4.61 13.09 9.27 9.76 6.74 8.68 9.64 9.96
5.2 8.36 10.02 5.73 12.76 6.92 7.03 8.54 10.85 10.54 13.37 15.51 14.6 13.46 19.75 17.12 8.04 13.11 20.75 25.59 15.4 15.56 10.95 6.82 9.3 9.87 12.72 9.28 5.54 5.25 3.42 3.94 8.51 2.88 2.59 4.16 5.77 5.03 6.11 9.06 8.29 7.54 12.94 5.98 2.51 7.47 4.91 6.25 6.71 5.81 6.07 5.24 8.64 16.36 8.94 13.46 9.18 12.9 12.35 12.57 5.32 6.5 6.29 6.62
6.57 6.04 20.37 10.55 10.7 8.3 6.06 9.28 12.36 11.49 14.97 20.34 20.1 16.24 13.98 9.02 10.89 15.53 10.26 13.42 10.57 11.05 10.0 10.54 5.9 9.05 10.79 5.45 2.61 4.74 5.59 4.23 3.96 5.25 6.64 3.32 2.84 3.44 3.98 6.3 8.03 5.75 6.69 9.73 5.58 3.39 6.13 4.61 7.47 7.66 5.3 3.72 7.59 16.1 11.21 12.04 6.19 7.58 8.0 6.88 5.19 6.18 3.35 3.51
9.46 9.37 10.55 9.85 6.56 8.4 9.19 8.28 10.47 14.41 18.92 12.02 12.3 15.35 8.25 13.61 12.24 9.19 9.09 11.57 10.88 16.26 8.38 10.06 9.18 3.98 4.9 8.8 2.55 3.42 3.72 8.05 7.79 9.5 9.97 6.07 8.34 5.68 8.88 4.36 9.88 6.72 5.97 13.79 6.34 10.98 7.94 5.62 4.8 5.83 3.92 5.86 9.26 13.03 7.84 11.34 8.03 6.64 12.88 5.8 4.82 5.63 2.67 3.29
14.18 5.94 19.14 13.14 5.21 4.43 7.21 13.49 10.45 5.69 16.1 5.58 7.01 7.29 6.33 10.73 12.11 9.68 8.96 7.12 7.45 15.21 20.34 17.58 8.27 6.4 8.7 6.44 3.64 3.54 5.64 6.92 11.98 19.12 27.07 16.75 8.53 6.67 9.39 13.59 7.49 4.57 6.18 13.53 7.94 5.16 7.17 11.04 8.61 4.16 2.7 6.58 5.77 7.45 3.63 9.69 6.91 4.99 8.44 5.64 5.86 10.82 4.93 6.29
14.48 9.47 20.61 13.64 10.41 14.59 10.54 12.18 9.09 6.26 10.45 7.89 3.56 5.82 8.06 13.29 12.06 8.99 6.9 5.96 6.31 10.2 14.77 13.98 11.58 10.1 9.76 9.16 6.32 7.04 6.58 10.24 15.01 11.4 26.86 42.46 20.71 8.51 14.65 8.32 5.05 7.51 14.75 11.03 7.07 4.49 10.23 8.04 6.58 9.45 3.95 7.04 2.81 4.86 7.21 8.93 9.98 8.71 8.18 5.76 7.68 7.25 6.03 6.27
3.62 9.94 19.11 17.84 18.34 9.06 9.56 15.1 17.16 4.71 7.68 13.64 6.14 10.47 9.0 16.86 9.72 6.65 7.15 9.5 9.39 12.37 12.8 12.01 23.3 11.05 11.83 10.78 6.72 8.94 6.66 9.62 15.37 10.5 41.93 51.75 50.83 28.31 11.23 7.5 6.72 9.34 13.87 13.34 12.68 7.51 11.04 7.79 9.5 12.53 9.02 5.68 5.0 4.19 8.49 15.42 9.52 10.78 8.09 14.0 13.04 3.52 4.08 8.21
8.37 10.71 17.71 14.34 17.64 13.93 13.16 18.88 12.49 8.05 8.11 14.64 8.36 6.73 7.54 12.56 6.64 4.24 4.71 8.31 11.4 10.02 18.99 17.88 19.51 16.3 8.75 11.7 7.0 4.03 7.45 6.57 11.82 8.54 22.95 30.37 46.07 23.58 14.6 13.33 9.4 6.34 28.88 16.65 11.4 4.66 14.42 9.63 10.69 8.88 6.88 5.64 7.83 14.86 15.24 8.25 13.22 12.76 5.79 4.26 4.53 2.57 3.94 6.06
12.27 9.95 7.12 10.14 10.99 19.08 19.67 10.35 19.89 12.05 16.66 13.6 9.3 11.18 8.27 9.79 3.09 2.95 6.68 13.33 13.57 14.51 20.66 24.68 19.91 17.08 10.15 9.11 10.67 6.11 8.43 7.66 13.97 11.22 12.38 18.44 22.05 27.82 19.03 8.47 13.4 11.52 9.4 12.62 11.82 10.21 15.96 8.97 8.09 9.51 5.71 10.57 6.05 8.89 32.24 20.42 10.37 7.6 12.09 4.56 3.15 5.37 4.91 3.02
14.04 8.64 5.04 7.77 17.42 13.1 19.19 10.98 25.78 11.15 18.09 20.25 12.86 14.23 6.21 7.31 5.45 2.59 3.97 9.05 22.58 21.06 13.35 16.79 18.56 17.68 15.46 9.36 8.44 7.98 7.47 6.02 6.89 9.73 10.62 7.78 14.75 18.83 20.9 15.86 13.74 18.69 9.14 12.95 6.8 4.28 8.5 14.88 7.52 5.09 4.92 5.58 10.14 9.28 33.69 6.28 6.17 17.16 11.78 5.0 5.18 13.67 6.86 2.83
11.33 10.2 7.24 10.81 16.06 8.95 16.0 19.73 31.79 19.61 12.84 26.05 12.84 14.68 12.95 4.73 5.29 9.28 8.24 12.75 13.2 13.8 15.61 15.3 20.58 6.11 4.69 8.48 11.53 5.57 11.12 8.19 7.4 7.05 5.24 9.45 11.68 16.43 10.13 11.28 15.41 9.49 10.68 5.8 14.37 8.24 9.0 9.78 10.22 9.31 4.09 6.39 4.61 6.64 12.16 9.65 2.34 4.63 6.08 6.56 10.0 7.77 6.38 3.79
11.02 12.22 17.98 5.16 5.95 8.24 11.93 9.31 17.22 16.66 11.66 16.08 19.28 7.06 4.78 5.24 17.4 8.39 10.35 14.65 14.67 9.03 10.07 7.85 7.68 7.91 3.57 3.29 2.97 4.27 12.6 6.72 8.39 4.83 6.57 10.38 8.54 16.24 19.77 11.48 4.58 5.0 8.98 8.44 5.7 10.03 7.87 14.64 6.62 10.39 7.65 8.96 8.01 9.87 7.06 7.63 3.15 4.1 3.58 6.36 15.37 10.93 7.84 8.7
14.02 10.98 9.43 5.01 10.68 4.21 3.99 4.15 15.06 17.77 10.13 9.07 5.63 5.03 4.36 6.49 8.49 18.48 12.26 14.46 7.6 9.25 5.37 3.72 10.13 9.69 3.13 1.88 3.51 2.71 5.27 7.24 5.49 7.42 6.74 5.89 6.59 16.57 15.87 9.52 8.66 13.54 6.62 6.76 9.72 10.89 6.39 6.0 7.39 5.43 6.09 7.04 8.34 5.63 9.83 8.15 3.39 3.77 2.74 6.76 8.74 11.21 12.01 7.24
6.21 10.99 6.98 4.76 2.35 3.72 4.34 4.12 5.64 10.83 6.13 7.64 3.02 3.69 3.9 4.77 4.27 7.54 5.98 9.78 4.73 5.32 4.3 5.37 5.64 5.91 3.41 2.25 2.47 2.0 2.2 4.4 6.03 7.36 3.02 4.2 10.17 12.39 12.06 13.84 8.27 8.87 8.05 14.32 8.35 12.79 13.67 4.24 7.67 14.34 8.33 5.55 13.71 13.82 8.67 6.17 3.96 3.95 5.16 7.49 8.88 11.81 19.25 22.08
6.28 8.06 7.73 6.54 3.1 2.0 3.17 3.51 3.54 4.16 2.77 2.34 5.09 9.26 7.85 9.15 3.62 5.74 6.28 2.97 2.73 3.46 2.85 3.17 2.91 5.38 5.03 3.59 2.31 4.1 9.01 5.45 5.11 10.16 5.7 4.87 10.27 8.18 6.56 10.58 13.13 16.11 9.04 21.65 20.93 22.67 22.63 9.79 6.29 9.7 8.18 9.2 17.93 9.18 4.26 5.61 4.02 2.5 6.05 6.77 8.54 16.9 19.88 14.93
5.0 6.98 8.7 4.07 2.55 5.12 3.26 3.42 2.61 5.44 3.72 2.74 5.22 3.33 4.25 6.36 4.71 4.47 1.73 2.44 1.15 2.75 4.42 2.98 2.22 5.43 5.23 2.57 4.48 4.8 6.67 10.65 7.87 5.58 3.41 6.17 13.45 9.57 4.41 12.02 21.45 26.78 16.45 20.57 15.92 29.5 23.09 14.26 9.22 16.93 6.8 4.5 12.14 15.24 11.72 5.75 2.68 2.67 7.31 8.33 6.02 9.93 14.26 9.54
3.64 3.61 4.55 5.38 6.24 6.98 4.61 3.76 3.16 7.34 4.35 4.01 4.77 3.07 3.8 7.56 5.08 3.29 1.68 2.88 2.68 1.14 2.55 2.96 7.32 6.64 4.5 7.08 7.55 12.79 12.01 11.65 6.95 7.06 5.58 6.38 9.91 7.02 6.16 12.44 15.86 17.96 15.59 21.26 17.65 10.09 7.31 18.65 11.12 8.57 6.81 7.38 8.86 11.98 8.17 5.14 4.65 3.83 4.43 4.03 9.04 6.89 9.63 11.51
3.98 3.99 3.76 6.73 4.88 6.57 4.4 5.69 3.38 5.49 5.04 3.74 4.37 4.96 4.14 5.52 5.94 6.7 3.41 2.08 2.32 1.26 3.45 5.23 3.74 4.67 5.74 11.34 13.89 8.16 19.76 10.06 17.77 9.87 6.97 5.64 13.35 4.92 4.92 16.85 11.34 11.97 19.36 24.25 16.65 7.35 14.5 10.32 16.41 8.93 8.35 7.48 8.52 8.15 4.69 3.84 4.46 4.72 11.14 11.5 4.68 7.61 8.67 19.62
10.65 5.73 4.53 4.42 2.91 6.36 6.26 4.77 5.45 8.36 6.41 7.48 5.18 4.84 5.7 10.9 8.15 6.02 4.12 1.69 3.02 1.64 4.76 10.39 13.45 8.2 9.59 6.87 15.82 11.11 19.57 17.43 6.74 7.27 5.61 5.3 6.54 5.62 6.56 12.11 13.72 17.76 15.65 14.64 12.41 8.08 14.09 9.54 7.8 9.11 7.72 11.26 7.28 7.95 5.37 5.2 4.79 4.95 8.31 9.39 5.09 11.03 9.24 10.16
4.64 5.53 5.95 8.77 6.28 5.33 6.86 8.94 11.85 4.48 6.89 8.13 5.44 4.58 4.49 8.24 7.29 6.89 5.47 2.25 3.64 6.24 12.52 11.5 18.22 13.52 9.03 11.85 8.25 8.82 20.19 36.93 9.96 6.62 14.03 8.72 6.72 11.83 12.89 12.99 16.61 27.61 16.26 20.17 14.67 9.58 7.92 7.3 6.69 11.73 14.93 8.93 20.46 9.12 8.84 6.69 5.89 2.78 6.0 6.15 4.91 5.55 4.41 10.0
8.54 8.98 11.11 15.33 9.27 8.19 4.8 6.29 6.75 11.55 12.68 10.98 4.86 6.04 5.93 14.89 7.4 4.11 7.09 8.7 6.76 6.3 13.41 16.69 12.36 10.8 11.05 8.9 5.57 7.93 24.39 19.21 8.86 5.82 9.75 10.54 6.0 13.02 16.11 15.27 7.38 17.72 25.85 13.6 13.25 6.7 6.58 14.44 14.67 11.31 17.55 8.45 9.19 6.94 7.58 4.15 6.14 3.6 6.91 5.53 4.73 6.5 12.05 14.8
11.9 10.23 8.12 14.28 12.81 8.76 9.91 8.93 6.28 5.3 10.04 13.59 8.69 7.55 7.89 4.53 8.36 6.91 10.22 5.53 9.5 7.37 12.22 12.22 12.93 9.53 12.43 8.62 15.23 17.51 19.91 16.53 7.44 6.28 5.86 7.09 5.07 19.4 15.82 9.08 5.09 11.14 29.23 25.09 15.0 8.22 6.14 12.17 12.02 12.03 12.28 9.4 7.18 6.58 6.75 7.64 6.08 6.05 7.23 4.74 4.08 6.83 9.35 8.2
8.66 7.18 8.48 3.76 9.82 12.22 8.36 9.1 15.16 12.07 9.22 14.99 11.74 7.0 5.08 6.17 7.98 2.81 7.45 6.73 7.34 6.46 6.66 5.57 7.5 7.33 9.06 9.57 11.49 16.81 13.69 16.93 7.95 4.19 6.4 9.92 10.43 13.64 10.16 13.55 9.24 7.88 10.84 9.34 14.25 14.25 8.11 12.3 9.6 10.07 15.68 12.11 13.69 8.14 5.6 9.16 11.8 8.12 11.15 5.32 4.5 5.5 8.38 5.73
3.79 5.01 7.48 5.15 6.36 8.89 8.21 16.02 20.62 14.24 7.27 8.95 4.74 7.0 7.41 11.5 10.37 11.2 13.16 7.08 7.86 10.2 5.11 4.1 8.61 7.72 9.21 7.15 11.57 4.95 8.14 15.84 6.1 9.59 10.23 8.72 8.88 27.0 8.52 9.94 10.21 7.77 5.22 7.15 8.99 4.14 11.13 13.53 14.44 5.78 8.49 6.35 10.89 11.42 9.73 5.61 10.57 9.15 8.21 6.53 6.52 5.39 5.71 10.07
3.59 2.57 3.52 5.7 4.15 9.08 14.24 18.07 16.15 10.82 3.67 9.7 6.71 7.68 6.15 12.44 18.66 6.17 9.61 6.51 10.14 7.71 5.72 3.87 7.92 11.63 16.92 5.85 8.59 11.06 5.45 8.78 7.22 8.57 9.81 8.52 9.39 12.27 11.07 5.0 5.78 7.64 9.23 6.48 12.4 8.23 12.12 7.83 15.85 6.42 8.72 3.9 8.75 7.84 6.24 5.32 9.7 8.36 11.13 10.6 7.03 9.97 11.19 7.44
4.81 4.62 3.81 3.36 6.34 14.87 20.92 15.66 8.98 15.04 18.44 9.73 9.13 9.23 10.74 11.76 14.5 5.79 3.15 5.88 4.12 3.65 6.12 9.18 17.42 10.24 10.9 8.0 12.51 9.97 3.94 4.19 6.13 6.85 10.43 7.57 7.46 15.46 9.17 8.29 4.77 5.14 3.77 5.46 9.52 6.33 5.04 10.04 9.72 6.09 12.55 3.88 10.31 8.83 8.21 6.99 9.19 14.22 6.88 5.19 10.15 13.05 4.9 4.44
3.88 3.4 5.73 4.24 13.43 14.78 12.65 17.32 10.17 9.38 17.29 10.31 9.7 4.7 6.76 7.09 10.89 6.77 1.92 4.13 3.36 2.55 6.8 7.94 16.9 9.89 10.9 9.54 5.66 6.91 9.98 10.33 6.04 10.12 10.42 18.95 6.33 21.35 9.93 7.34 5.59 4.52 4.01 5.57 6.63 8.25 6.6 7.58 5.7 4.78 9.52 8.32 7.69 5.23 9.06 9.39 9.5 4.37 6.9 4.67 4.4 5.72 6.25 7.45
3.83 3.31 9.85 9.47 6.82 12.87 7.4 11.28 9.94 11.0 6.56 4.62 6.63 10.87 4.82 3.25 6.94 5.27 3.1 2.6 3.06 2.88 2.65 4.21 10.91 11.48 13.35 14.94 11.19 10.63 8.97 9.09 8.56 10.55 11.5 10.79 11.81 20.42 21.76 13.83 5.19 4.5 5.02 7.44 9.57 6.9 11.18 6.32 6.89 6.83 25.0 16.16 9.73 16.09 13.18 8.16 8.36 5.28 5.91 4.81 1.74 3.52 3.94 8.45
3.81 5.22 6.16 12.07 7.76 12.67 6.46 7.95 13.07 9.55 5.91 4.93 8.72 6.56 5.2 7.23 20.14 5.5 3.27 4.3 4.41 2.84 4.57 3.56 11.34 18.48 28.41 21.1 20.69 13.87 9.64 10.63 5.93 9.19 16.01 13.74 15.67 16.0 10.9 8.68 6.66 9.44 3.89 5.07 8.53 17.97 8.68 3.05 6.03 11.82 7.31 17.36 19.57 15.68 12.11 12.68 8.73 7.26 5.1 7.21 1.82 4.8 4.39 7.36
6.35 5.14 4.72 12.2 12.36 15.07 17.62 9.7 8.44 6.42 9.02 4.47 4.08 3.55 4.79 8.44 7.9 6.21 4.37 4.13 5.64 6.52 10.83 6.0 9.74 15.84 16.2 16.15 20.11 23.35 4.76 3.34 8.26 8.23 9.16 31.66 14.82 21.47 9.06 10.5 5.23 3.25 6.95 15.66 12.91 14.31 12.05 4.41 8.6 10.02 9.8 18.03 28.2 17.65 10.95 11.5 5.37 5.95 4.04 5.4 4.59 10.01 5.09 7.0
6.83 9.13 8.02 23.53 27.99 24.54 10.1 26.29 11.36 11.02 10.99 5.75 3.96 11.68 7.59 8.15 6.33 14.3 7.27 4.85 4.52 6.37 9.57 10.56 6.37 15.54 14.23 21.79 14.77 19.2 7.5 4.41 4.82 5.16 6.89 12.58 6.2 3.9 3.58 4.88 2.51 5.21 12.68 14.37 9.79 16.8 11.08 3.95 6.24 6.94 8.22 7.77 38.2 16.81 6.24 4.02 6.2 5.28 4.37 3.61 3.66 9.14 8.6 10.51
3.22 6.93 8.05 28.73 11.85 21.31 16.31 11.94 9.69 5.58 9.71 13.06 9.03 7.28 6.15 9.7 9.02 13.71 6.6 8.72 5.03 3.94 6.0 5.41 7.67 8.47 11.92 9.81 17.29 21.05 8.86 6.41 6.66 8.79 6.11 14.52 4.45 0.93 0.85 2.45 3.51 6.59 13.91 17.61 10.5 13.35 13.65 5.52 5.21 5.33 14.05 9.11 11.06 7.5 6.63 2.45 3.65 4.55 3.17 5.22 3.68 7.94 8.19 14.25
5.18 4.47 6.81 28.99 17.16 24.83 24.84 8.28 4.3 7.14 11.38 9.89 13.41 17.13 10.58 15.03 19.67 6.74 7.27 6.39 6.89 3.1 3.98 4.56 2.72 4.6 7.34 25.14 14.39 8.27 10.01 10.75 4.18 3.87 7.75 4.72 2.1 1.15 0.87 1.5 2.82 5.02 11.89 19.59 8.34 6.95 9.64 7.59 4.46 5.83 8.96 13.83 12.82 9.33 4.77 2.44 6.03 7.01 3.27 3.89 5.62 5.12 4.85 12.82
4.48 7.03 11.55 18.72 15.47 18.16 15.06 5.75 6.9 9.53 9.27 9.89 12.39 8.73 16.86 20.46 17.39 8.12 9.13 8.6 7.14 5.04 4.07 7.33 3.76 4.69 5.5 12.36 15.3 5.97 8.5 8.47 6.43 16.96 12.79 6.61 2.9 1.9 2.09 3.49 2.44 4.83 5.14 8.82 6.75 4.67 8.36 8.07 5.56 7.43 7.91 9.61 6.06 8.93 8.58 4.44 6.23 5.55 6.38 6.51 4.27 1.92 7.17 8.49
9.92 9.89 9.51 21.27 14.28 14.19 11.63 5.11 6.05 10.66 11.98 16.91 8.87 10.51 13.84 10.45 9.89 10.12 8.86 8.48 10.36 4.98 4.81 8.17 8.32 3.84 5.75 7.07 9.07 7.0 7.15 7.23 5.95 10.93 10.08 4.11 6.97 5.21 4.1 2.34 7.04 7.38 6.11 5.87 5.27 5.19 15.28 5.23 4.31 3.6 5.73 3.13 5.65 2.83 6.02 9.7 15.94 11.11 4.41 4.98 6.06 5.26 5.02 7.68
7.15 11.19 5.66 12.34 30.41 15.26 12.38 9.82 7.54 8.29 9.72 20.44 9.26 5.91 7.32 5.35 4.58 14.54 18.27 4.51 14.68 9.58 7.72 4.96 13.58 8.85 9.25 14.96 10.27 5.46 9.25 11.41 5.93 3.2 6.23 7.07 6.14 4.07 5.15 5.14 10.38 7.88 6.73 6.81 11.61 6.97 7.98 3.62 4.87 4.31 4.91 3.48 2.67 3.73 5.12 17.16 9.58 12.01 8.2 7.08 5.4 5.57 8.87 7.59
6.21 5.42 7.48 12.28 24.07 6.26 11.08 11.08 12.13 15.79 30.15 16.8 13.4 6.13 11.02 3.36 5.58 8.84 9.44 8.14 9.14 7.14 4.59 5.15 12.99 19.88 12.89 18.39 16.52 6.01 7.56 9.27 5.34 4.56 6.09 7.37 4.97 5.86 6.99 5.81 3.98 9.08 9.69 9.45 6.13 8.64 7.88 4.85 6.32 7.15 6.76 3.8 2.83 4.35 7.26 5.76 6.38 4.46 6.84 10.15 8.1 3.34 8.18 15.0
9.45 6.33 8.65 9.12 12.97 2.88 5.05 8.13 15.94 17.19 8.73 15.6 20.6 10.46 7.01 7.29 6.21 13.64 8.42 12.69 7.98 8.33 3.5 3.52 9.93 13.74 16.51 10.37 9.0 10.11 6.26 14.4 6.19 3.32 5.54 9.69 4.82 4.16 8.3 6.17 3.96 7.57 9.62 11.33 17.21 6.94 8.26 12.72 9.59 5.25 8.33 9.03 7.35 5.28 11.89 5.29 8.75 8.33 9.88 4.38 5.63 10.29 14.62 6.89
12.98 18.2 13.0 7.86 5.71 3.67 5.25 6.67 10.81 18.98 15.26 18.52 23.97 5.89 6.75 10.05 11.28 8.32 10.02 17.71 13.24 7.09 6.18 7.49 12.47 22.0 21.79 12.67 11.28 6.94 4.24 7.42 9.67 5.67 10.33 6.98 6.37 6.35 6.07 8.5 4.96 7.22 10.1 11.23 7.46 5.27 6.96 10.6 7.46 4.77 7.98 12.56 5.04 4.01 5.52 7.42 8.84 7.9 7.5 4.44 3.82 7.71 10.51 11.68
15.99 13.07 24.93 11.03 8.75 5.15 6.3 4.05 12.02 11.02 9.68 11.61 21.35 6.75 6.4 14.6 13.98 11.63 16.32 18.33 21.55 9.6 9.19 6.48 8.72 14.25 12.34 7.46 8.95 7.5 7.09 7.39 6.59 7.86 8.54 6.22 8.48 12.49 7.69 8.17 9.07 6.17 13.66 17.89 7.75 4.51 7.02 7.17 4.51 7.14 9.47 7.63 2.13 4.5 6.4 12.85 6.24 5.64 11.09 7.84 7.43 6.24 7.18 8.57
20.24 15.33 18.28 7.64 9.22 8.97 7.97 6.97 7.1 9.93 5.19 5.84 9.59 7.94 10.71 22.53 14.71 20.3 21.62 33.74 28.64 16.77 7.03 8.3 9.49 14.26 10.44 6.46 4.8 9.19 6.36 5.82 7.76 3.07 2.65 4.0 8.12 14.46 7.55 9.6 7.86 8.2 12.22 14.87 13.71 8.7 6.63 4.27 3.48 6.26 4.94 1.94 3.32 4.9 3.21 5.02 5.02 8.66 15.05 10.36 6.31 7.1 21.11 17.54
13.91 28.25 29.74 11.72 6.78 6.39 11.46 9.16 4.48 8.61 9.6 5.01 4.06 7.5 7.06 16.93 11.82 30.35 16.1 29.97 17.4 8.26 12.02 12.2 11.58 13.42 17.54 13.08 10.67 5.84 2.62 5.85 10.92 3.61 2.89 3.18 7.67 15.35 18.75 14.96 15.31 12.0 16.3 9.5 20.13 13.81 8.32 9.26 5.8 5.66 12.34 3.54 5.23 4.67 4.19 3.05 5.04 5.37 5.8 4.57 4.54 8.35 14.94 17.36
10.82 13.27 8.01 8.39 8.17 8.77 6.5 7.74 11.43 11.84 12.52 3.69 3.18 7.88 5.13 10.82 9.24 29.67 15.87 17.52 14.66 10.7 8.62 9.87 8.92 12.0 24.8 11.25 10.65 5.08 7.24 5.18 7.71 5.33 6.12 4.36 3.91 7.52 22.43 22.55 14.65 10.47 8.95 13.58 21.15 15.14 8.92 7.95 9.71 6.27 6.01 3.76 6.07 5.79 5.34 5.79 6.48 6.36 5.24 8.11 6.07 14.52 12.2 21.39
20.42 4.89 8.13 6.16 7.27 4.15 7.18 8.93 8.3 7.75 9.72 3.01 4.23 10.92 6.96 12.08 18.15 10.77 19.54 18.88 12.4 13.79 9.47 12.82 8.69 20.65 39.21 15.48 10.86 8.16 5.07 4.77 12.0 15.68 6.82 4.89 11.23 16.05 7.18 16.49 19.88 18.71 7.26 14.16 10.6 11.81 8.73 9.12 4.5 8.74 5.59 5.04 3.7 6.89 5.52 5.88 3.7 3.82 5.87 5.59 5.18 8.38 14.92 14.02
10.36 7.74 6.38 5.29 4.91 5.08 7.96 8.14 14.98 4.96 4.81 6.63 9.89 9.63 8.52 17.01 14.39 29.17 10.47 12.61 11.88 23.77 10.54 10.66 10.04 19.72 17.04 9.89 11.62 5.12 4.83 8.0 8.49 4.98 7.31 7.27 8.35 7.76 4.99 6.99 18.19 11.43 7.43 15.2 10.43 8.12 6.15 19.24 10.64 5.9 4.4 5.2 9.76 8.54 8.87 8.18 10.33 11.21 9.81 5.86 7.91 8.54 9.97 8.28
11.39 5.7 4.05 4.75 6.55 6.56 4.9 7.26 4.79 3.52 2.77 5.09 5.97 13.58 10.54 19.29 15.0 19.62 27.08 12.49 7.28 12.3 15.93 8.81 6.92 11.43 9.04 4.2 7.74 6.15 3.37 2.96 9.44 4.26 6.3 6.52 5.96 5.26 6.48 5.15 7.19 5.02 6.89 22.07 7.95 6.65 6.89 14.95 9.56 5.24 5.21 6.64 5.51 12.67 11.06 18.97 13.74 14.98 8.06 6.6 12.4 11.94 6.33 16.36
11.2 9.77 9.97 8.73 18.23 7.89 5.12 3.53 2.37 2.22 6.5 3.83 3.39 9.74 14.64 13.03 16.08 13.03 12.55 8.76 14.85 15.92 3.81 5.02 9.99 7.95 9.12 5.79 9.04 4.19 1.97 3.53 7.71 3.49 4.54 6.33 6.99 6.68 10.8 9.11 5.04 16.44 15.8 24.35 11.81 9.12 9.78 17.45 14.93 7.96 10.03 11.57 4.55 14.97 11.56 11.72 6.92 16.31 8.55 7.74 9.07 7.58 6.38 10.82
8.72 7.95 9.34 7.87 10.84 8.22 7.39 4.06 3.59 2.57 4.1 6.76 3.64 10.36 6.53 12.15 14.41 13.42 5.48 17.35 5.42 9.0 10.98 7.95 5.41 7.05 9.37 6.58 5.12 4.75 1.71 5.2 9.16 4.53 4.45 5.97 6.69 7.04 12.53 8.37 3.54 7.41 12.36 14.52 8.6 14.25 10.9 23.1 22.67 14.29 7.62 8.64 11.29 7.06 6.33 4.0 8.01 4.13 5.15 7.61 10.58 10.18 15.22 9.51
11.53 9.57 11.58 5.01 8.0 14.04 4.91 3.19 3.75 4.57 5.36 9.62 6.84 14.15 10.21 20.44 14.71 10.39 7.16 13.39 4.49 8.32 6.6 12.13 9.95 5.81 10.21 10.87 5.58 2.76 5.69 13.51 12.02 5.57 8.07 4.2 3.49 9.38 8.7 7.77 8.99 16.6 6.33 11.54 19.36 10.5 9.4 14.14 11.24 9.75 17.01 9.19 4.51 4.44 7.69 4.76 4.99 1.68 3.43 3.22 7.82 10.0 13.97 10.5
16.2 10.27 10.97 9.9 12.54 9.58 2.96 4.03 7.13 8.04 9.84 11.11 11.66 11.99 13.26 16.48 12.99 7.38 10.67 13.42 6.44 9.73 8.91 9.81 8.68 7.39 8.51 4.4 3.66 3.17 8.73 9.63 11.51 12.33 11.4 2.37 4.1 4.04 6.49 9.45 11.71 7.66 6.18 16.05 9.71 7.83 9.47 10.18 17.08 26.6 12.34 9.9 4.99 5.86 6.44 4.87 7.59 3.03 3.42 3.87 11.88 8.32 14.76 6.97
14.48 4.97 9.27 11.18 15.63 6.56 3.84 3.13 8.76 5.32 8.59 9.22 9.67 14.88 14.15 9.35 10.22 7.4 4.77 8.89 12.03 10.5 9.68 9.45 10.91 5.8 6.88 5.91 2.65 4.31 7.68 9.53 19.07 5.71 5.72 4.43 4.96 6.47 6.07 8.04 6.54 7.13 6.22 10.64 4.55 4.75 4.8 11.54 9.09 19.68 9.05 9.49 8.26 5.85 5.3 5.83 4.77 2.92 4.7 3.32 8.11 11.97 11.13 4.13
9.25 9.44 18.91 6.2 13.73 3.98 2.53 7.2 4.02 2.53 6.55 10.98 7.38 12.0 21.26 10.72 7.14 5.62 5.11 10.72 12.54 10.68 9.96 8.42 9.02 7.2 5.83 5.89 4.68 9.9 14.71 5.99 12.14 4.75 4.65 5.58 5.69 4.26 8.13 12.52 6.99 5.53 11.16 8.3 8.4 6.91 13.06 15.61 18.45 24.36 12.21 13.64 10.44 4.03 6.96 5.75 4.78 4.56 12.41 8.28 13.64 8.03 12.47 4.85
8.35 5.6 5.25 5.25 5.68 3.05 3.24 6.81 5.94 8.84 10.91 13.99 7.78 15.1 11.42 8.98 7.5 7.47 2.07 4.63 12.76 12.43 15.05 13.93 27.11 9.7 11.1 6.65 5.98 5.75 13.37 4.87 3.68 2.31 4.82 4.2 3.56 3.58 11.82 5.38 5.53 6.06 7.42 3.52 5.57 9.69 20.95 17.19 20.78 14.47 11.83 14.16 6.2 5.36 13.73 6.25 5.68 5.71 5.78 13.75 11.76 7.31 8.51 4.93
7.95 3.61 2.82 3.29 4.86 3.8 6.34 8.13 11.62 7.4 8.17 6.12 8.82 10.42 8.39 7.56 7.52 5.29 7.9 9.3 12.77 8.73 14.49 12.26 17.86 7.58 6.57 5.21 5.57 6.93 11.25 5.04 5.34 4.88 4.16 3.75 4.49 7.99 11.6 6.75 5.83 7.73 4.07 5.67 8.88 14.34 8.34 26.31 25.78 22.38 10.42 10.9 10.67 8.74 16.2 8.63 5.38 4.16 4.67 6.86 3.13 3.28 5.51 7.69
11.38 4.0 3.97 2.23 5.39 5.97 9.78 5.03 8.86 6.29 4.05 3.22 8.19 9.44 4.96 8.02 8.82 8.73 6.81 23.38 11.65 12.05 12.93 8.9 6.54 14.94 7.27 3.91 5.32 3.97 6.25 3.07 4.28 3.84 2.3 5.6 3.63 10.28 13.06 6.71 4.77 4.99 4.15 5.5 4.74 9.28 14.45 24.29 17.9 11.44 10.79 13.4 11.61 7.45 8.31 7.42 6.89 6.21 10.82 5.94 4.28 3.99 13.77 7.78
