5.98 4.53 4.83 5.92 4.37 6.15 6.85 11.72 5.18 4.33 2.19 2.4 5.16 3.51 3.61 9.7 5.8 6.79 9.97 12.57 8.35 12.03 9.43 18.83 14.26 4.8 4.51 5.61 9.96 5.87 10.27 6.99 2.58 1.91 2.83 3.78 2.54 1.96 3.28 6.2 2.57 4.74 5.37 7.78 13.31 7.85 4.51 7.71 8.73 11.22 7.23 5.18 4.51 12.01 10.4 7.09 4.12 3.91 7.37 5.81 6.64 8.24 5.74 5.44
5.27 5.42 6.88 9.21 5.86 5.08 3.67 8.87 5.62 4.37 3.61 2.11 2.53 2.09 2.76 2.67 4.34 6.49 22.55 9.04 9.09 15.99 12.67 14.87 11.18 7.08 8.82 10.91 7.83 7.34 4.64 2.57 1.9 3.78 4.88 4.08 1.91 2.69 3.7 4.24 3.6 5.97 5.49 5.83 16.16 5.45 6.9 12.19 11.47 6.23 7.1 7.8 9.62 10.02 11.77 7.84 6.43 5.36 5.74 6.35 9.03 8.22 2.88 5.31
4.29 7.59 8.08 21.53 7.04 5.84 6.67 6.42 10.8 4.26 2.68 3.6 5.25 4.25 2.82 1.81 3.48 8.28 16.08 11.07 11.07 29.71 23.44 23.21 20.32 11.64 8.5 8.17 5.31 4.13 2.68 4.17 2.7 2.55 6.43 6.11 1.44 2.04 5.03 3.19 3.0 3.9 4.87 6.55 9.91 7.73 12.77 9.34 7.27 9.07 17.44 6.73 6.08 11.08 6.09 5.4 7.2 9.05 6.17 6.86 11.69 6.96 2.88 2.92
7.16 9.23 8.81 12.42 11.71 8.04 12.47 8.89 6.15 3.77 3.19 2.75 5.97 6.39 7.36 4.79 6.81 8.71 15.1 6.98 13.84 30.57 21.4 20.66 51.83 28.25 10.98 5.85 10.05 4.16 3.49 5.23 4.38 6.73 8.14 4.15 1.85 2.5 1.9 2.55 2.83 3.82 5.33 7.15 14.3 8.27 10.64 10.11 12.34 11.33 11.05 10.24 3.69 6.95 6.33 8.29 10.31 9.64 7.92 9.81 8.93 3.83 6.85 4.1
12.64 7.99 7.64 12.23 9.85 10.21 11.95 10.36 5.28 2.71 2.2 2.52 7.93 10.82 13.74 9.56 14.22 12.61 9.87 9.88 6.38 18.68 27.89 33.61 31.4 30.62 11.4 6.09 7.46 3.62 4.68 4.28 6.52 6.6 5.34 4.45 3.16 3.17 3.92 5.69 2.53 5.87 6.6 7.57 17.71 8.27 14.64 10.01 14.19 20.04 12.74 16.07 4.8 3.37 8.01 4.81 6.94 8.54 5.76 3.37 6.33 6.95 6.57 4.37
10.68 9.55 11.27 10.19 6.45 18.03 13.01 5.84 5.81 3.76 4.86 5.16 5.82 11.58 19.71 14.31 28.2 13.8 13.8 7.88 8.71 13.96 27.54 7.21 18.48 18.68 9.27 8.05 10.19 6.24 3.83 7.61 2.43 3.37 4.35 7.86 6.7 4.41 2.74 9.64 2.12 5.24 4.18 6.87 11.48 12.46 18.99 18.24 13.98 8.06 10.39 9.64 9.09 6.8 4.62 7.8 7.43 4.92 3.86 4.39 7.46 10.47 8.71 6.41
4.88 10.34 10.97 8.74 7.91 12.86 18.37 6.66 3.27 4.8 4.84 5.84 5.54 9.07 18.59 20.09 17.46 9.36 6.78 6.22 5.02 11.58 9.31 7.02 15.63 16.44 8.03 11.99 16.84 8.52 4.98 9.23 2.39 4.77 4.67 3.49 5.61 3.97 3.43 6.3 5.18 6.76 6.76 6.22 9.91 14.64 11.35 10.89 14.25 4.89 9.18 10.58 14.16 9.28 8.51 5.83 5.0 5.44 3.76 4.4 8.64 7.23 10.43 9.14
5.92 9.35 6.15 7.07 9.15 8.5 11.96 12.73 6.25 10.96 8.27 12.25 12.61 8.2 8.23 8.96 11.87 5.92 4.79 8.76 8.11 8.55 8.29 16.13 29.79 18.48 9.2 10.55 18.17 10.68 3.02 4.49 4.13 5.24 1.77 4.09 5.09 10.67 7.35 4.26 4.33 6.2 10.23 11.25 10.69 8.92 13.16 23.96 19.88 8.65 7.01 9.16 6.6 9.39 11.17 5.74 3.08 6.57 5.67 4.25 4.94 5.68 4.67 6.5
5.67 5.15 4.8 6.62 6.31 6.94 14.02 17.29 9.5 14.4 13.65 17.61 13.83 6.21 5.85 7.49 7.38 6.63 5.64 4.41 5.03 6.67 11.02 14.77 12.31 18.23 12.02 14.66 20.62 11.62 3.46 5.34 15.75 5.51 3.18 4.57 8.32 11.11 4.29 3.79 4.97 17.33 18.12 9.55 15.77 15.09 14.38 24.65 20.26 9.51 9.69 10.71 6.64 9.63 10.89 10.25 21.02 6.97 15.22 9.13 6.63 5.67 8.23 6.77
10.27 6.2 6.44 9.53 4.78 9.83 8.65 12.09 5.65 13.34 13.34 18.24 26.82 9.35 5.31 9.76 10.63 4.28 2.84 4.55 5.0 4.56 8.42 18.3 19.21 15.27 26.83 16.31 7.91 7.01 7.08 8.62 8.11 3.73 5.78 6.06 6.59 8.91 3.8 6.03 7.16 9.25 12.93 10.1 10.21 22.26 22.52 20.58 19.99 18.69 8.77 8.65 6.09 10.29 9.49 8.29 14.63 8.98 13.71 12.27 5.13 3.64 4.16 2.75
7.19 4.54 8.43 7.39 4.28 8.57 14.08 6.81 8.31 11.62 8.43 8.68 18.13 9.71 15.08 10.75 10.47 5.26 2.03 4.43 4.59 9.09 13.42 14.97 20.5 20.33 24.24 10.41 4.53 5.31 6.14 6.65 8.56 11.4 7.44 7.23 7.63 6.96 4.09 6.7 12.77 9.31 6.75 12.38 10.6 17.84 35.52 39.76 17.27 11.75 9.16 9.31 18.03 8.94 6.2 8.49 15.68 8.12 12.73 6.67 3.35 3.07 4.21 3.41
9.86 6.37 5.19 10.24 11.59 5.94 9.57 12.7 10.88 16.49 5.96 13.76 23.17 19.82 20.34 9.55 10.14 4.42 2.75 5.58 5.64 6.74 14.85 13.51 13.75 25.49 43.66 18.88 5.92 4.56 8.66 8.35 18.54 8.58 9.5 11.73 6.12 6.94 10.09 16.49 7.41 9.44 5.65 5.59 5.76 18.33 28.74 14.73 12.84 6.31 5.11 6.87 5.77 5.54 4.13 5.49 14.08 13.29 18.3 5.43 4.38 4.44 4.1 2.62
6.47 5.74 6.75 5.34 7.69 9.81 9.44 8.37 4.16 16.87 16.54 9.32 21.86 23.95 16.33 14.21 7.11 3.43 3.09 5.41 6.91 15.43 29.3 29.45 14.29 27.26 28.9 16.83 8.91 9.6 11.45 16.94 27.89 8.24 12.41 24.63 11.16 8.49 10.49 16.4 16.76 25.23 5.5 7.06 13.11 13.23 17.49 15.8 8.99 5.46 4.36 8.85 6.76 4.09 5.68 7.39 7.02 6.55 12.31 5.86 6.79 3.17 3.83 4.89
9.06 4.73 5.88 4.3 4.98 9.31 6.01 4.34 7.01 14.98 12.32 13.86 20.98 13.58 16.68 13.86 5.22 2.95 7.35 9.32 8.14 9.76 37.92 25.64 12.23 12.07 14.55 16.82 14.45 12.14 24.91 23.6 14.24 20.95 24.15 24.19 11.1 8.65 8.64 13.73 13.34 13.54 7.63 11.58 14.57 9.64 10.61 6.85 8.5 9.3 5.89 3.62 6.52 4.01 3.89 5.88 6.21 9.26 11.14 13.45 7.7 7.44 4.29 5.84
14.51 5.45 3.31 7.32 7.68 5.43 4.48 3.64 5.71 10.24 10.56 11.43 15.59 10.95 16.14 8.27 3.67 8.3 8.66 4.28 5.45 15.35 8.88 34.76 19.46 13.39 9.71 11.08 11.37 15.83 20.26 24.54 24.37 21.33 22.26 23.43 21.02 18.17 5.46 7.78 6.44 6.58 17.91 20.24 9.97 12.06 7.94 8.78 6.51 4.38 3.72 4.44 3.59 3.47 2.3 3.01 8.7 5.35 9.74 13.64 11.37 5.86 6.19 3.23
16.14 5.12 5.44 6.92 11.31 3.0 2.36 4.55 4.91 6.15 10.85 7.2 8.32 6.93 4.69 7.02 6.61 12.14 8.38 7.18 9.21 15.83 15.91 23.56 23.47 16.81 11.06 7.39 7.74 19.37 18.09 22.16 20.34 13.43 18.55 15.44 17.13 20.81 11.04 3.92 4.9 10.22 14.52 9.48 15.68 15.96 17.62 12.9 6.37 5.56 5.56 6.99 3.25 3.0 1.93 4.63 5.15 8.2 7.88 9.14 7.96 2.81 2.7 4.66
16.67 6.23 4.81 2.96 7.35 4.35 1.98 3.58 3.76 3.62 5.79 8.95 6.65 6.79 4.75 10.24 13.32 10.38 5.32 11.58 8.68 8.11 7.65 16.91 32.72 49.02 12.1 6.05 5.59 9.33 13.53 13.77 14.27 10.16 12.09 8.26 10.65 15.97 13.18 12.41 5.29 15.09 15.5 12.83 17.1 10.32 13.1 12.87 5.92 2.49 6.97 6.43 3.99 6.67 5.81 4.19 4.19 5.68 7.31 7.37 7.19 3.35 4.22 2.78
9.53 4.16 3.12 2.26 2.69 2.01 1.92 3.79 3.25 9.32 6.62 8.29 4.97 8.8 5.26 5.81 8.89 7.21 13.56 7.22 7.45 13.18 7.15 15.07 33.5 25.29 8.54 7.1 14.37 7.91 7.52 8.34 14.38 12.43 14.25 7.85 7.41 15.32 14.61 17.56 8.96 8.75 11.38 10.82 16.29 15.12 21.62 14.37 5.47 3.25 4.4 7.0 7.35 11.25 6.81 3.84 7.16 10.93 4.4 7.81 5.16 2.43 2.34 3.68
6.79 6.12 3.56 2.14 2.11 2.19 2.46 2.8 4.82 3.29 3.2 5.15 5.02 15.58 7.35 6.69 10.5 5.42 11.28 5.54 10.41 12.15 6.43 10.59 15.49 10.67 8.74 13.59 6.2 5.81 2.9 6.24 11.85 11.49 12.2 4.93 5.91 5.54 7.96 5.43 8.19 5.88 9.29 11.94 12.3 13.37 36.86 13.36 4.74 8.25 4.15 4.33 11.27 11.73 7.28 8.16 6.08 10.54 7.25 6.51 4.85 2.21 3.61 4.65
4.02 8.44 3.29 2.87 2.48 2.08 2.88 2.37 4.43 4.91 7.88 9.65 9.63 19.46 11.3 9.62 6.71 8.16 7.08 7.41 12.91 13.37 16.41 11.75 13.4 8.56 5.63 6.32 9.49 9.66 2.32 4.35 7.87 9.38 7.78 4.53 7.7 6.09 5.69 10.54 14.58 9.56 7.34 15.76 14.79 8.14 18.31 12.12 6.43 5.99 4.25 4.0 4.31 6.96 10.98 12.16 4.35 12.32 10.66 7.89 3.73 0.89 1.06 5.15
4.8 4.66 3.07 5.59 3.57 2.48 3.21 6.12 8.64 8.17 9.47 5.76 6.41 6.35 10.83 13.53 6.61 5.25 7.46 12.91 8.76 9.22 9.9 13.75 12.53 7.4 8.83 11.22 10.47 6.78 3.34 3.75 5.94 5.22 12.7 6.95 7.02 4.57 7.73 7.79 9.51 7.31 8.91 18.28 14.63 14.81 5.73 6.2 8.76 13.48 4.66 4.89 6.75 20.32 20.12 8.58 9.58 13.33 11.17 5.26 3.39 0.83 1.84 7.5
2.67 3.72 8.22 4.39 2.52 4.27 2.46 4.05 6.95 8.59 6.2 8.69 4.77 8.42 6.25 5.21 6.3 7.49 10.5 9.04 11.64 5.01 4.46 8.86 8.45 7.59 7.99 9.8 14.08 6.58 3.53 6.9 7.2 6.12 9.19 9.2 8.98 5.89 5.12 10.04 11.16 9.83 13.83 22.19 25.34 13.79 6.29 5.71 11.63 8.73 7.42 6.51 12.61 15.19 7.77 7.5 4.86 13.18 15.83 7.43 3.01 1.8 2.82 2.72
4.01 3.27 3.08 5.11 4.36 3.68 5.39 6.56 7.07 5.88 4.84 8.58 8.16 5.55 3.92 4.26 7.04 5.6 6.77 7.48 4.64 3.14 3.96 4.03 4.35 9.07 9.34 3.97 5.0 5.63 5.31 5.32 3.82 4.64 6.7 10.03 7.48 8.49 10.42 15.05 15.31 11.77 6.77 12.49 19.97 18.91 9.36 8.33 9.46 11.41 11.44 11.35 15.21 19.16 8.61 3.64 4.94 12.52 7.23 5.76 3.91 3.43 3.64 4.75
4.28 4.48 3.16 4.04 4.49 6.62 5.17 10.89 6.52 5.28 5.96 4.47 8.19 7.47 3.04 2.26 5.53 5.47 5.69 6.41 2.98 3.77 3.53 3.69 15.52 10.21 7.54 5.84 4.95 4.47 4.35 3.42 3.6 5.1 9.73 9.92 10.1 10.31 14.92 13.27 14.33 5.51 4.86 12.03 9.05 5.67 7.96 22.39 20.43 16.53 11.98 11.84 11.19 11.1 9.27 4.0 5.96 7.68 7.26 11.25 4.55 5.92 3.75 7.35
3.74 2.45 3.23 2.89 5.71 6.01 6.32 9.51 12.32 8.08 7.61 7.32 5.97 5.73 4.71 3.25 4.15 7.24 6.16 4.79 2.9 4.31 8.89 13.24 8.58 6.66 5.11 7.44 3.52 2.87 2.67 2.63 3.8 10.09 13.9 12.77 12.19 21.29 22.1 16.84 12.93 10.57 4.1 7.09 11.47 9.48 12.61 16.82 22.37 15.59 5.18 10.09 9.58 16.53 11.57 9.25 6.13 6.76 11.76 12.14 10.14 6.03 4.9 6.21
2.72 5.47 4.42 3.12 5.61 4.37 8.0 9.91 8.81 11.49 6.1 5.93 5.83 6.52 4.23 6.31 5.76 7.62 6.75 3.79 6.33 7.69 10.73 7.53 4.81 3.37 7.04 5.76 6.71 2.95 3.66 3.16 7.26 11.42 8.85 11.27 12.89 18.93 17.51 12.75 8.09 8.45 6.88 14.28 7.45 6.08 12.92 8.77 22.52 10.71 7.73 7.65 7.96 12.24 19.49 12.41 10.17 12.9 21.01 20.12 13.49 8.16 5.95 5.03
5.66 5.89 5.31 5.73 5.54 6.6 10.16 6.86 4.95 7.97 7.48 3.75 6.73 8.93 5.85 6.33 6.6 8.48 7.87 5.0 3.35 7.64 9.73 7.16 4.75 9.57 7.83 4.69 8.16 6.94 3.67 3.59 7.2 12.69 13.18 15.37 13.2 10.85 15.74 5.01 5.02 3.97 3.53 9.03 9.51 7.03 7.47 8.25 12.2 7.58 5.46 10.62 9.23 12.07 18.74 17.47 10.83 11.35 11.97 18.23 17.06 8.43 4.84 3.95
8.85 4.83 12.56 10.8 6.74 5.07 7.34 6.56 4.71 6.21 5.0 5.13 6.53 6.68 4.54 7.13 5.04 4.81 10.6 8.95 5.69 6.2 8.91 5.41 6.45 6.89 5.6 3.18 7.04 4.43 4.72 5.58 10.1 12.96 11.31 11.01 9.94 16.96 14.57 5.19 4.25 4.69 5.03 4.66 10.18 2.88 5.13 15.55 23.51 11.93 8.42 19.27 10.59 12.41 8.13 9.83 11.98 12.16 10.42 8.82 8.88 7.31 5.23 8.58
5.31 8.88 16.39 5.77 6.1 7.93 5.38 4.67 6.76 5.25 9.78 14.24 14.2 5.38 6.29 8.61 3.7 6.35 11.27 7.6 7.8 7.58 6.94 7.71 11.16 5.9 3.69 6.2 9.91 4.3 4.7 3.45 11.23 16.54 13.88 10.41 23.29 21.01 12.71 7.76 5.34 7.35 3.19 3.17 5.78 3.32 4.72 17.6 21.91 13.2 9.6 15.06 6.7 9.8 5.88 10.07 10.7 9.94 10.27 10.81 12.99 7.87 9.72 6.19
7.49 7.68 7.15 4.24 5.71 6.19 2.93 5.27 8.6 3.32 7.97 17.09 7.24 9.77 7.58 8.45 3.44 3.14 3.8 5.32 6.03 6.1 11.59 8.18 8.82 6.26 6.24 7.5 8.51 7.08 4.75 4.75 15.48 20.85 20.23 8.25 9.83 14.79 16.67 12.35 12.74 17.53 5.37 7.48 4.64 9.91 9.41 11.63 37.99 21.56 10.45 18.96 11.09 9.01 6.96 10.12 6.26 22.77 15.27 9.1 14.42 10.5 6.73 5.48
13.25 6.9 5.02 3.0 6.46 6.74 5.14 6.51 8.36 6.86 6.01 4.28 10.77 17.33 9.17 5.64 6.39 2.56 5.29 4.32 4.99 6.36 6.52 6.84 9.94 6.71 6.06 10.97 15.92 10.52 3.14 6.79 8.64 10.02 11.06 9.43 9.0 12.36 15.35 7.11 7.48 10.39 6.09 9.99 11.37 9.58 10.17 17.63 23.51 17.44 14.5 16.92 7.32 6.02 7.91 6.49 5.75 11.57 8.92 6.48 16.2 7.53 6.69 10.47
6.81 4.08 3.07 5.67 7.04 7.15 7.22 10.5 8.98 4.87 4.29 5.33 9.39 10.87 5.33 7.34 8.31 3.43 2.54 8.02 3.45 4.83 6.38 4.29 5.78 6.46 9.16 10.65 19.41 14.26 9.91 10.11 8.74 11.51 9.81 7.31 10.8 15.02 12.13 6.61 7.92 12.1 5.84 7.07 9.11 9.14 8.92 14.24 16.44 14.62 8.64 13.12 9.19 8.37 7.94 5.16 5.23 7.42 6.74 13.58 14.86 5.35 5.62 10.11
8.99 9.02 4.07 5.9 6.43 8.55 7.29 4.06 10.45 3.45 4.38 3.63 5.6 5.38 8.07 6.91 14.52 5.64 2.51 6.46 7.2 3.61 2.58 5.22 8.87 11.69 10.8 11.93 14.05 12.42 7.93 11.0 6.89 5.28 6.84 8.35 11.19 11.24 7.79 7.01 7.28 3.96 7.71 10.44 5.91 7.7 10.23 15.15 13.29 14.93 9.94 11.07 8.62 9.48 6.98 5.24 2.63 5.08 6.01 4.15 7.15 4.21 4.14 6.74
12.28 7.73 3.82 5.41 5.63 5.89 6.45 4.26 2.9 5.52 10.94 5.63 5.82 6.93 8.97 7.77 8.84 6.45 5.93 5.65 4.09 6.26 3.87 6.96 10.65 14.75 18.3 12.39 6.93 4.63 8.38 7.76 7.71 8.32 8.25 11.56 8.19 5.01 4.64 7.0 6.27 6.78 9.88 4.74 5.56 6.8 5.81 7.03 12.72 10.15 9.98 9.54 19.98 7.82 4.49 4.47 3.62 4.37 6.28 3.75 6.84 4.85 3.35 6.02
10.49 7.69 4.23 3.56 5.23 6.52 7.65 5.28 5.75 8.36 14.73 4.26 7.14 5.24 5.85 5.07 6.72 3.26 7.71 9.6 6.0 6.53 5.89 5.59 7.16 12.88 17.13 17.91 5.64 5.61 6.49 9.63 13.76 7.92 8.67 14.94 11.84 4.36 5.95 8.73 3.51 5.73 5.98 5.19 5.63 3.69 4.45 5.4 6.1 5.26 6.18 7.42 6.8 6.02 2.86 5.22 5.34 5.26 6.07 2.78 3.63 4.67 5.39 5.47
32.71 11.35 8.84 5.84 9.73 7.1 8.93 5.25 4.88 4.9 9.86 8.62 9.1 5.74 6.24 5.26 5.16 4.4 7.33 11.09 4.4 8.8 9.74 8.12 5.9 8.35 9.93 10.78 7.01 7.51 3.95 5.63 14.61 6.31 8.92 10.32 10.59 3.88 4.86 4.88 4.87 6.66 6.26 5.99 8.17 3.07 7.54 3.55 4.85 3.79 4.87 2.63 5.14 5.52 3.17 4.85 5.77 3.52 3.06 3.18 3.94 3.67 3.59 8.65
19.57 9.19 7.24 12.88 13.23 6.71 5.2 10.34 8.65 7.18 14.52 5.24 6.94 7.39 10.41 5.29 10.13 6.55 7.64 13.9 8.1 11.35 7.73 12.74 9.25 3.77 11.44 11.57 8.09 6.06 4.52 5.59 9.2 9.3 7.6 14.81 10.55 5.84 5.17 5.86 5.05 4.85 7.66 4.41 3.19 6.3 6.07 3.94 3.68 3.72 2.14 2.28 4.56 6.17 4.6 5.13 3.62 3.86 5.35 5.73 2.7 4.72 8.17 9.18
11.44 10.58 16.44 16.25 20.05 11.77 9.55 8.09 8.01 7.49 9.02 7.65 6.33 9.06 11.11 8.76 12.12 9.16 5.94 4.99 5.02 6.57 7.85 7.01 6.35 10.19 16.0 12.36 10.92 5.87 5.62 5.75 6.64 5.79 5.69 12.81 9.69 6.95 5.07 7.1 8.24 6.01 4.08 2.9 3.16 4.55 7.51 3.18 4.24 3.38 3.52 4.82 3.08 3.03 7.55 6.26 2.48 4.89 6.34 7.88 7.31 9.4 5.23 8.48
6.89 5.2 10.08 20.03 14.73 13.37 7.6 11.8 12.22 7.78 10.06 15.98 12.58 11.55 20.82 10.37 16.37 9.65 6.7 3.91 4.64 7.25 7.89 3.58 5.83 35.17 21.45 18.33 9.45 11.92 7.52 4.55 4.08 5.77 6.97 10.29 5.34 3.91 5.11 11.02 7.88 6.83 2.74 4.13 5.46 3.59 10.95 4.09 5.96 3.98 4.14 5.53 3.81 7.32 4.54 7.25 6.36 5.43 7.06 9.84 6.45 7.1 5.32 6.88
6.64 3.86 5.92 7.69 13.19 17.72 7.14 14.74 11.39 7.18 9.19 6.3 19.95 26.24 21.13 14.06 25.31 12.27 3.1 3.87 4.75 5.34 5.28 6.01 14.94 40.49 18.36 11.88 5.59 5.89 6.59 6.98 3.24 9.69 8.63 6.23 7.76 3.59 3.85 8.25 5.07 9.02 5.58 3.28 3.42 2.96 5.89 4.75 7.22 4.63 8.15 9.33 6.21 3.7 3.21 6.43 6.67 3.66 3.26 4.47 6.09 8.51 13.55 9.2
10.23 4.56 7.66 9.78 10.85 9.52 8.87 19.29 8.06 10.25 5.64 6.46 12.53 14.41 15.64 10.12 15.04 7.73 4.45 3.78 5.28 5.02 5.04 8.14 10.07 34.93 24.9 11.53 6.54 5.32 8.47 4.75 7.21 18.54 17.18 16.41 19.86 5.52 3.05 2.42 3.88 7.79 5.13 2.23 4.03 3.65 9.0 10.58 9.9 10.97 9.06 7.63 5.3 3.84 5.61 9.29 5.27 4.95 2.92 3.11 5.07 2.75 5.72 4.42
8.67 7.86 10.59 6.68 12.86 9.25 11.94 16.46 5.9 9.7 4.68 4.48 6.63 9.0 10.89 15.23 9.7 4.73 5.67 3.04 4.1 4.06 2.12 6.62 16.65 17.93 14.07 11.53 5.32 3.12 6.4 5.65 12.22 17.89 15.55 25.46 15.65 6.24 2.41 3.34 2.25 4.56 4.21 3.93 4.97 4.39 7.55 5.3 5.92 8.0 22.06 5.64 8.42 7.93 12.79 8.82 11.35 4.1 3.27 3.87 3.88 4.05 3.8 4.3
6.07 7.14 15.72 11.75 8.87 13.16 11.3 12.34 5.97 8.39 8.97 6.32 8.56 6.73 7.55 8.31 6.78 4.18 9.6 1.93 3.83 2.05 4.42 5.34 12.55 7.3 6.73 10.07 5.37 6.86 4.86 6.74 12.98 14.56 19.3 13.12 23.93 10.75 5.97 3.55 3.86 8.29 2.73 3.99 5.74 4.24 3.97 4.82 9.84 4.58 5.38 4.37 6.66 5.86 9.81 8.03 10.17 5.57 3.69 3.57 1.92 3.37 4.13 4.01
6.69 9.28 18.57 10.93 15.1 15.47 7.13 11.86 14.44 8.8 9.04 13.06 8.96 6.55 5.46 8.83 8.01 4.06 2.86 2.27 4.36 1.42 1.99 7.07 9.87 9.79 8.67 14.76 8.07 9.23 6.1 9.3 10.85 12.35 10.29 7.42 11.3 10.36 4.96 3.53 3.68 8.1 4.39 3.79 5.41 5.14 10.16 3.35 3.88 2.14 3.68 5.71 7.7 5.77 14.22 13.52 10.8 6.87 4.89 3.14 2.99 7.86 5.87 3.83
8.31 8.69 12.19 12.7 9.23 10.27 10.97 10.16 9.61 4.84 8.25 9.63 6.69 5.06 8.64 10.27 12.28 5.9 2.99 2.46 4.14 2.39 1.99 4.41 6.68 9.93 8.85 10.76 11.62 13.52 9.69 7.36 11.13 10.39 7.64 6.19 5.95 5.94 6.8 4.34 4.7 6.5 4.93 3.56 6.15 7.28 6.42 4.48 4.33 2.57 3.3 3.28 2.72 4.47 9.53 12.07 7.65 6.21 3.79 5.95 5.61 6.43 7.03 8.84
7.33 7.07 11.83 11.16 9.82 24.66 12.39 11.21 8.3 5.57 6.96 6.34 3.15 8.15 11.79 17.0 10.55 4.24 2.43 4.41 4.17 3.24 2.5 3.52 6.09 6.84 6.73 18.59 12.82 9.03 10.13 6.89 9.24 9.74 21.68 6.02 3.34 4.9 6.01 3.89 5.5 6.14 2.86 12.54 6.14 5.44 5.73 7.72 4.3 2.75 3.78 1.63 5.99 6.05 5.95 7.76 7.86 10.09 8.71 3.56 6.08 5.76 8.79 8.6
6.96 7.27 8.37 5.39 12.93 32.21 10.66 12.56 7.99 8.52 4.67 5.94 2.59 5.72 8.88 5.96 4.47 7.19 4.27 5.4 4.81 3.79 6.29 3.82 5.21 7.49 10.73 33.0 15.63 6.05 9.86 5.26 3.94 8.96 7.14 3.25 5.94 7.04 6.05 4.05 5.81 4.76 3.05 9.84 7.71 4.46 5.38 9.3 5.21 4.17 4.56 3.13 12.52 8.24 5.67 20.84 14.69 15.3 7.9 4.83 3.25 7.44 4.33 6.46
6.08 8.64 7.05 14.07 27.31 12.1 10.14 9.54 8.92 7.97 5.43 5.25 3.52 7.03 7.86 7.66 6.21 13.56 6.91 6.23 7.17 5.67 12.28 5.87 5.16 7.69 14.43 15.9 9.53 9.84 10.48 2.96 3.67 5.73 8.05 8.38 8.43 5.45 6.4 7.56 3.55 3.85 5.62 10.11 7.11 16.31 6.62 5.85 9.87 4.46 4.89 3.71 8.3 4.01 10.95 8.69 12.49 9.33 7.11 8.09 4.07 3.37 3.03 8.14
4.46 11.65 11.15 18.78 12.28 8.36 5.13 5.16 4.14 4.74 3.68 5.38 4.96 11.03 7.13 8.83 6.13 10.36 8.77 4.4 6.3 4.06 6.42 4.94 2.82 3.99 10.19 12.13 7.32 11.75 10.02 5.86 6.24 4.37 9.03 6.17 5.41 7.09 16.68 14.89 8.13 5.48 8.36 9.75 11.95 15.85 7.5 6.3 6.04 7.89 5.06 3.56 7.92 10.79 9.52 15.71 12.11 13.95 9.78 4.98 5.31 2.13 3.41 12.46
9.65 6.23 13.5 9.93 7.12 7.17 7.83 4.6 2.63 3.73 3.48 7.19 5.98 5.64 9.0 10.57 7.08 7.84 4.49 3.93 2.61 3.87 8.27 3.81 4.04 4.13 8.6 4.26 4.28 2.84 4.77 5.85 4.95 5.94 7.63 8.91 14.56 14.62 11.29 7.03 10.1 6.09 7.41 6.3 6.98 8.67 4.67 5.87 5.87 7.48 8.34 3.68 7.68 13.91 6.61 6.42 10.26 7.16 8.19 3.72 2.66 4.25 6.13 10.28
10.88 12.64 8.03 6.32 9.43 12.83 6.38 5.55 3.92 3.25 2.97 10.66 9.14 2.27 4.96 6.37 6.07 5.11 4.76 3.22 5.14 10.58 6.0 1.73 2.37 2.53 5.2 4.73 3.66 1.96 3.43 6.83 7.49 5.53 9.5 12.75 17.08 17.84 10.42 4.13 8.26 6.68 6.37 6.76 4.16 10.2 7.46 4.06 4.73 6.64 11.28 4.15 4.36 9.84 4.6 5.13 14.35 4.83 3.42 4.23 4.14 8.58 5.57 6.82
8.92 10.19 8.14 3.07 9.28 15.4 11.07 5.72 10.36 5.98 7.09 14.05 5.08 5.49 4.67 5.23 7.17 6.19 2.84 1.41 6.58 10.89 7.08 3.41 2.92 5.17 4.43 5.86 5.05 4.84 4.99 4.08 7.94 5.26 9.49 22.71 19.47 14.16 14.38 4.67 4.88 7.3 4.08 4.79 3.63 5.66 3.96 2.89 2.25 4.78 2.56 3.49 5.28 7.39 5.05 7.34 4.06 2.67 6.52 5.2 7.6 7.74 5.51 9.68
9.58 14.78 9.67 3.68 7.06 9.52 6.83 3.83 12.09 11.04 9.48 8.79 4.4 5.44 4.67 9.57 7.81 4.9 2.32 2.01 9.92 9.32 14.53 8.56 4.37 4.51 4.91 7.43 9.16 9.63 5.49 7.02 9.91 8.1 8.37 13.0 14.76 10.45 13.21 3.61 4.34 6.77 5.95 3.6 4.02 5.22 7.39 6.22 2.88 2.79 2.34 2.71 4.74 4.14 2.77 3.38 2.4 7.71 10.22 6.0 5.01 5.96 4.58 6.99
6.13 9.18 6.08 3.1 3.68 3.66 3.88 3.28 6.13 10.76 7.77 5.02 4.2 6.0 8.0 15.3 6.82 9.0 4.64 3.11 3.76 14.65 10.84 6.02 12.51 11.09 5.05 10.21 13.06 8.7 4.78 7.06 10.02 7.56 7.02 9.16 16.92 15.1 5.85 3.16 3.24 5.78 2.42 5.62 4.56 8.02 7.14 4.77 2.55 3.01 1.64 1.34 2.02 2.15 2.89 2.39 2.45 4.32 5.77 3.96 7.62 3.43 3.12 7.82
5.1 7.99 8.41 5.55 3.77 4.83 1.6 2.37 4.29 10.84 6.4 9.34 6.15 6.48 7.0 5.99 10.18 7.59 3.75 3.3 6.16 10.39 15.2 9.53 15.77 10.49 5.81 8.58 9.22 8.47 6.42 9.31 5.48 8.11 12.95 8.63 16.74 10.73 9.4 3.81 3.86 3.27 3.22 2.61 4.52 4.44 2.95 3.54 4.18 3.53 2.01 1.43 1.62 2.27 1.42 2.33 5.22 5.59 5.99 4.08 3.72 2.87 1.92 5.44
4.91 14.65 7.62 5.17 5.6 6.44 4.0 1.59 4.2 8.04 6.58 6.6 13.21 7.27 6.04 11.43 7.39 11.92 5.51 6.51 9.43 11.28 15.6 10.86 11.1 14.48 10.57 11.57 24.51 12.78 5.37 11.18 3.76 8.99 11.44 6.02 13.21 7.51 7.45 4.1 3.61 3.58 5.13 6.09 7.92 6.2 2.34 5.23 4.97 1.61 1.97 2.36 2.57 2.84 4.54 4.48 7.85 8.71 2.08 3.63 3.28 3.58 3.82 4.67
4.81 14.04 7.81 6.35 5.74 6.83 3.97 3.78 7.86 5.7 12.1 10.82 10.94 9.97 11.3 24.57 18.12 8.51 6.01 5.46 9.49 14.34 11.34 10.94 21.03 14.58 12.15 11.74 18.32 11.23 8.18 10.47 7.37 7.45 7.45 8.49 12.65 6.35 7.37 5.01 3.86 4.75 10.43 7.3 4.43 4.88 3.86 4.51 2.49 2.25 1.83 4.56 7.15 5.86 5.73 7.31 10.59 10.32 4.63 6.0 5.31 6.71 5.42 5.13
11.36 7.92 14.31 6.1 7.0 9.87 5.37 7.5 14.78 8.48 8.04 5.75 4.69 7.17 11.47 16.4 18.96 6.78 5.34 11.04 13.72 21.77 10.26 9.78 10.04 9.5 11.6 10.17 18.76 12.28 13.42 12.85 13.21 10.68 9.21 6.55 15.6 8.77 5.0 5.27 3.11 3.59 6.48 5.83 11.54 11.97 4.36 3.96 2.2 3.2 3.57 5.81 8.59 9.19 7.07 15.31 17.58 6.77 13.38 8.55 7.88 10.24 9.26 9.64
24.42 23.3 13.17 14.14 12.9 12.38 5.61 5.71 8.59 13.71 5.95 3.95 5.25 4.55 6.84 17.22 15.57 10.52 6.38 9.0 11.76 8.63 11.4 8.32 9.68 7.25 11.68 5.77 8.6 21.69 13.93 11.79 6.27 3.89 3.03 6.05 7.39 8.21 4.86 5.74 5.58 5.95 3.86 6.63 8.01 5.55 3.74 3.18 4.81 3.25 5.15 6.52 7.69 12.52 11.28 10.64 9.06 10.07 11.98 10.59 6.21 10.13 15.49 11.05
18.75 18.06 10.96 15.0 20.86 11.86 6.76 8.84 14.71 13.45 12.07 3.92 4.67 3.63 5.6 12.93 20.57 15.97 9.14 9.69 8.79 8.04 17.6 14.47 12.26 7.77 8.86 9.14 15.01 17.84 10.3 7.43 4.57 4.13 5.76 10.48 5.95 10.51 10.25 5.33 10.05 7.28 4.98 11.42 7.57 5.58 3.45 3.03 3.4 4.81 4.23 6.62 11.28 6.54 13.3 9.26 8.42 7.29 7.76 9.88 8.93 8.82 9.42 17.46
14.67 10.49 19.15 32.17 16.9 28.95 14.86 9.16 10.47 13.63 6.7 6.88 7.45 4.16 5.38 10.01 11.67 13.55 7.05 8.03 8.61 11.36 14.52 11.86 10.32 8.47 7.91 9.62 20.82 21.03 18.59 12.44 3.05 4.54 4.37 7.0 6.07 8.02 9.02 10.95 18.48 7.5 10.61 10.01 9.56 5.99 4.61 5.27 4.6 8.38 5.23 6.58 6.56 5.86 10.03 13.02 10.06 9.51 7.62 7.47 5.13 8.86 15.42 20.97
11.77 10.15 10.55 9.5 19.46 15.86 16.55 8.41 12.36 11.95 18.27 11.9 8.98 4.4 8.36 12.46 11.37 11.83 6.35 7.76 8.82 8.75 12.8 16.0 8.17 7.21 15.31 14.32 12.92 23.98 18.05 6.75 3.11 6.91 5.12 4.9 11.06 16.9 6.25 18.74 9.05 6.17 9.32 14.59 12.57 13.6 10.93 6.65 7.92 8.71 5.59 5.98 5.04 6.02 3.72 6.4 10.47 7.87 10.54 3.98 4.74 5.57 18.38 18.51
14.57 9.07 8.78 9.57 9.51 21.16 14.32 11.46 5.22 14.34 14.26 11.04 6.82 10.66 11.92 6.51 12.24 9.67 2.96 9.23 7.68 6.41 15.09 12.22 4.64 7.08 10.25 6.07 6.74 10.32 11.91 6.93 6.08 5.39 4.72 7.82 10.14 17.46 8.22 8.98 6.48 5.1 8.9 14.46 14.02 9.33 9.62 6.58 15.47 12.42 9.54 7.41 3.92 2.73 1.88 3.23 6.83 6.23 5.91 2.34 4.62 5.8 9.33 22.64
17.17 8.88 14.29 15.76 13.07 14.62 18.69 17.66 10.76 14.83 14.78 8.42 11.35 5.67 5.9 6.44 8.59 8.3 5.96 8.56 4.7 5.14 7.37 9.84 4.58 4.62 6.03 8.01 6.78 8.5 8.85 7.35 4.55 5.03 4.9 9.95 7.48 13.85 8.78 4.96 4.62 3.86 7.99 11.23 8.41 10.04 7.93 8.69 12.63 9.76 7.49 6.21 6.66 5.39 2.14 2.44 6.27 4.24 3.25 3.48 4.21 4.89 3.87 11.65
