2.58 3.32 3.72 3.8 7.45 7.59 5.06 7.61 9.12 8.3 6.86 2.89 3.18 3.16 5.09 4.8 5.34 4.9 14.16 7.52 14.72 9.18 10.87 7.54 7.25 6.31 10.2 7.14 11.9 8.58 6.4 10.08 12.7 11.21 6.18 3.63 6.38 8.91 4.67 5.19 7.0 9.15 5.05 3.54 6.31 4.86 5.54 6.74 8.17 10.12 24.23 9.12 6.78 4.72 7.76 7.1 7.5 11.61 11.1 12.9 5.96 7.67 6.62 3.72
4.45 4.88 3.14 3.69 6.07 4.51 5.49 8.4 8.39 5.19 3.72 3.28 2.33 4.62 3.09 5.26 3.33 6.58 11.55 9.0 8.18 8.55 14.64 12.81 17.55 13.54 11.71 5.66 11.65 9.87 10.89 8.48 14.53 7.55 12.23 7.56 9.36 8.27 7.7 7.89 6.17 6.74 5.44 3.81 2.8 3.97 5.49 5.1 10.1 7.92 9.04 6.81 6.4 6.04 9.53 8.86 11.82 7.09 8.93 8.96 9.2 4.95 3.91 2.86
8.49 7.9 6.52 4.3 5.34 6.56 5.0 5.26 6.63 9.25 3.54 3.58 2.54 4.59 5.05 3.56 3.5 3.97 4.26 8.47 11.43 14.69 9.3 14.51 23.81 9.25 3.2 4.17 5.83 7.23 6.06 8.42 7.62 7.34 6.11 12.07 6.86 9.34 8.81 10.28 8.72 3.97 4.85 7.09 4.21 4.94 3.4 6.51 8.31 8.66 6.73 8.63 6.0 10.57 14.08 11.52 7.38 6.62 12.07 10.61 6.27 3.59 4.16 2.96
4.52 5.14 5.7 6.86 3.66 2.86 4.05 4.84 3.72 3.71 1.91 2.37 4.23 5.86 6.5 3.57 4.32 5.7 9.01 8.52 18.99 15.21 15.97 8.14 8.19 5.69 3.19 6.33 7.21 5.67 11.32 11.01 7.85 5.94 8.41 4.96 6.17 5.63 14.36 17.79 10.82 6.37 3.97 5.4 7.83 7.01 6.3 6.64 6.23 15.62 4.9 10.01 6.72 11.26 9.57 11.51 17.23 8.24 6.89 6.52 5.79 3.68 3.62 4.05
3.21 3.21 5.41 5.65 5.13 2.68 3.26 3.34 2.84 3.48 1.65 1.64 3.34 4.66 8.92 5.88 5.53 5.23 8.76 24.89 19.14 18.95 14.63 17.24 8.8 6.33 6.31 7.53 7.47 8.92 28.04 13.74 10.66 6.0 7.76 2.15 4.78 6.35 20.74 6.93 6.78 3.8 3.65 3.68 12.97 11.68 6.06 6.84 16.23 9.98 7.34 4.2 3.71 7.55 7.06 10.86 15.83 11.55 6.89 6.5 5.51 5.18 4.79 7.84
4.27 5.02 5.96 7.97 4.1 4.71 2.52 5.42 6.34 3.91 1.9 1.8 2.89 3.84 6.91 4.17 5.55 9.68 13.56 17.56 16.22 33.58 28.65 22.24 9.83 9.34 6.88 7.76 5.46 11.57 14.1 18.83 13.35 7.27 4.66 4.09 5.27 4.86 4.52 6.49 7.24 3.88 5.7 4.2 11.35 12.28 15.01 16.06 8.53 4.93 6.05 3.78 4.94 5.14 7.61 9.15 17.37 10.98 8.13 11.7 8.25 11.72 11.33 14.36
10.15 8.38 10.21 8.44 4.08 5.72 6.78 8.99 7.24 3.06 2.32 2.46 2.25 5.16 7.15 6.65 4.4 9.58 13.17 36.4 36.86 22.32 39.86 38.87 22.87 8.6 9.51 12.42 21.98 20.05 24.55 14.53 10.07 11.65 4.36 4.19 4.26 6.99 4.93 5.55 4.8 14.02 10.68 6.4 6.25 14.07 20.21 10.94 11.29 6.76 4.26 4.09 8.06 6.17 4.73 6.33 6.23 12.15 11.43 10.55 6.6 9.51 17.66 10.28
10.43 8.67 11.12 6.63 5.08 7.04 7.05 4.5 8.65 3.77 4.85 4.41 5.88 4.89 6.56 8.67 7.39 6.57 15.87 28.29 40.09 33.48 39.44 45.58 22.37 15.11 13.84 10.02 27.29 11.51 11.02 15.74 5.54 7.99 4.63 4.47 5.77 4.2 7.96 5.2 8.69 4.8 7.24 6.09 9.4 12.12 26.55 13.71 4.26 8.75 8.21 4.72 6.44 8.47 6.87 4.77 6.1 16.81 13.08 11.19 9.38 19.88 27.68 7.95
4.24 10.66 4.19 3.08 3.37 3.83 5.19 5.97 5.77 3.23 4.57 6.11 5.46 5.58 3.76 4.7 4.43 4.57 6.07 23.57 53.09 18.81 35.77 35.01 24.34 13.8 12.36 12.98 15.37 11.15 10.16 17.74 11.68 8.32 8.91 7.32 5.99 4.25 5.8 5.82 4.71 7.92 7.09 9.66 13.44 12.78 11.79 5.12 5.63 6.16 5.48 4.92 6.09 4.02 5.83 5.31 11.08 4.49 6.17 8.49 9.45 11.67 12.19 4.71
4.36 6.58 5.37 4.43 3.76 6.3 4.18 4.17 4.26 9.71 5.36 9.25 5.53 8.43 8.82 7.09 7.15 8.05 9.87 22.21 13.21 21.2 27.95 26.73 23.39 20.46 15.71 10.87 7.73 9.45 12.26 13.99 23.13 9.71 7.11 5.06 5.54 4.48 5.54 4.88 9.26 8.96 7.4 9.35 11.94 11.78 3.43 3.81 3.92 4.66 5.57 6.09 4.53 6.03 7.07 6.54 4.57 4.45 4.04 9.45 16.24 10.68 8.85 2.43
6.65 9.57 7.53 3.76 4.01 6.33 4.93 5.63 6.52 6.39 11.19 11.61 10.37 10.62 16.24 8.58 9.28 11.13 10.82 7.97 19.57 18.35 12.0 19.32 15.81 30.4 7.19 10.24 7.36 10.41 11.29 8.82 14.88 9.39 10.54 5.42 8.98 3.44 3.75 6.88 12.36 12.91 8.36 6.39 9.74 13.35 15.41 6.44 5.57 2.96 4.55 6.28 6.83 6.03 10.05 14.74 6.56 7.24 11.47 15.68 10.12 10.98 9.95 4.24
6.9 11.33 6.23 4.75 3.09 4.94 5.44 7.43 6.56 5.95 5.53 6.87 9.1 12.36 20.49 13.54 14.09 7.17 16.98 12.98 14.41 9.23 8.99 8.33 10.51 12.17 8.88 9.97 11.97 10.41 5.29 11.91 15.57 12.01 9.11 4.76 11.27 11.9 4.06 7.27 20.08 17.05 10.48 10.83 15.48 13.54 15.73 7.66 5.42 2.32 4.66 6.9 10.68 8.57 6.8 11.87 12.36 12.46 14.31 7.13 8.22 15.77 15.22 8.7
7.66 7.12 8.38 5.16 3.3 5.76 6.11 7.94 4.04 3.84 6.49 11.35 7.84 20.38 23.47 24.44 13.01 19.31 20.03 19.44 8.85 8.45 3.66 5.04 8.12 7.71 16.54 7.21 17.46 15.41 8.1 9.3 11.58 8.28 10.52 10.31 7.03 24.21 9.1 12.83 15.93 11.13 14.02 8.8 7.02 7.33 8.28 8.33 4.7 5.81 8.04 8.73 14.06 9.47 4.44 5.67 17.35 10.19 7.99 3.75 6.25 12.12 13.58 12.17
10.59 8.43 11.45 5.72 3.84 2.57 4.51 5.38 6.27 5.25 5.74 5.92 9.97 11.77 11.74 19.74 16.38 16.4 16.3 18.68 8.27 6.29 6.07 6.16 5.1 6.03 9.52 10.23 8.91 12.57 8.6 5.73 8.13 6.99 9.41 9.13 9.38 31.26 17.14 9.7 8.47 7.24 11.8 9.13 7.2 4.63 5.95 7.66 8.86 8.47 10.16 9.82 8.74 4.77 3.68 8.57 11.51 9.16 8.12 8.81 5.4 3.88 6.72 4.63
12.09 6.97 6.96 6.78 4.92 4.23 2.3 4.3 6.93 10.09 5.31 4.38 6.8 4.51 4.49 14.29 15.36 9.31 17.18 10.42 9.61 9.37 5.94 4.68 6.44 4.27 6.46 5.46 16.27 8.76 4.67 3.24 5.37 11.26 5.59 5.18 9.01 13.27 18.74 5.51 3.27 2.4 7.12 6.91 6.75 5.66 4.48 5.72 4.95 6.63 8.93 10.13 9.16 5.29 9.82 5.66 12.55 17.23 14.75 8.44 4.41 5.25 6.99 4.26
11.8 16.23 8.66 8.04 5.56 4.06 2.56 5.54 5.81 6.17 5.31 5.34 4.34 2.56 4.32 18.73 8.93 7.61 8.1 12.26 7.59 10.15 4.26 4.09 4.82 10.58 4.07 5.88 7.74 8.6 5.57 4.98 7.55 7.41 11.14 3.93 10.18 12.1 20.63 7.33 5.69 3.54 4.94 9.07 6.36 6.24 4.84 5.42 4.8 8.64 9.5 10.9 6.97 8.22 8.16 7.63 8.22 7.41 9.28 9.94 7.02 8.55 5.31 3.4
20.36 13.37 6.08 6.83 3.42 2.99 5.63 6.55 8.16 9.51 6.49 8.81 5.37 3.93 9.31 9.24 9.89 8.56 9.96 14.62 11.81 11.34 3.83 1.78 5.38 9.78 5.61 7.89 7.28 14.9 6.32 9.91 11.2 10.32 10.09 10.99 6.36 14.13 17.24 6.73 4.47 3.7 7.59 11.66 8.11 5.33 6.82 9.18 11.57 7.89 13.11 8.8 9.76 7.47 6.46 7.62 11.05 10.41 7.59 7.03 7.97 11.97 5.4 3.84
11.72 11.33 7.22 4.23 2.19 3.8 14.87 11.06 8.09 7.65 5.19 6.4 6.84 4.84 6.95 4.46 4.85 11.39 12.16 11.86 14.16 5.49 2.48 1.48 8.18 12.77 8.8 5.83 7.91 13.73 10.99 8.57 8.63 7.43 13.04 15.78 6.6 7.17 9.04 5.07 6.19 9.56 5.57 7.83 8.22 6.07 12.62 17.47 16.04 14.82 24.67 6.74 9.09 18.83 9.99 10.62 12.83 6.71 7.01 6.18 9.56 6.52 7.61 6.4
8.08 6.39 4.86 4.8 4.29 5.52 18.4 16.96 11.32 8.55 6.07 4.31 7.39 7.96 5.0 8.57 7.16 10.2 6.84 10.72 11.01 5.18 2.53 2.95 5.77 13.87 12.0 7.68 8.02 6.98 6.53 4.6 6.78 8.94 12.28 12.31 5.79 3.28 5.89 7.66 5.78 8.27 4.78 4.09 7.33 6.15 8.06 9.16 23.26 19.26 31.76 17.31 13.39 15.78 10.94 17.36 13.37 8.75 4.93 4.15 5.3 4.7 5.32 4.91
5.62 4.78 4.91 8.47 8.57 12.17 9.49 16.56 17.02 9.05 5.65 4.9 5.83 7.96 9.19 14.26 10.89 6.19 7.44 9.61 6.99 6.46 2.92 5.19 4.23 7.81 9.87 8.8 8.34 4.95 4.86 6.36 7.75 5.81 5.22 5.42 4.38 3.81 6.28 8.93 8.51 7.2 4.38 4.05 9.71 12.32 7.93 7.46 12.79 22.7 34.02 23.27 13.91 11.93 10.08 11.2 26.3 13.62 6.3 3.25 3.2 4.11 2.92 4.08
8.01 4.19 3.48 6.4 7.72 5.82 7.32 14.99 17.4 17.99 10.15 9.18 2.69 7.54 16.24 16.81 8.71 6.15 7.52 12.4 7.73 4.01 2.04 2.72 3.33 5.18 9.73 11.24 7.2 3.78 4.64 5.6 9.39 5.31 7.17 4.65 4.46 4.95 7.99 12.09 7.09 7.22 5.85 13.87 13.69 7.31 6.45 9.02 20.31 26.12 18.46 20.03 19.27 9.59 16.77 30.7 24.18 8.31 5.2 3.39 2.46 2.74 4.04 2.04
5.8 3.87 7.57 3.45 3.88 6.24 10.59 11.64 23.95 35.27 16.74 8.62 7.92 9.58 15.73 13.04 15.01 15.33 12.21 11.23 8.96 4.78 2.72 4.03 3.16 7.41 6.24 13.76 7.21 5.33 3.94 5.39 7.89 5.82 3.42 5.51 4.6 4.19 8.55 5.96 14.87 5.19 6.15 6.69 12.12 3.39 5.74 16.79 11.52 15.56 11.55 21.6 19.35 20.26 14.61 10.45 11.09 6.87 3.44 5.92 2.65 2.1 3.17 2.69
5.23 11.71 7.65 4.08 3.65 7.0 9.42 14.86 17.09 17.06 19.31 9.19 11.99 13.25 23.03 12.22 13.51 15.07 15.53 11.84 11.46 3.58 3.81 3.49 3.87 7.14 5.63 5.88 6.31 10.26 4.49 5.76 5.52 10.83 3.77 5.34 2.04 2.56 7.54 8.69 11.68 6.54 3.39 4.06 6.86 4.69 13.06 15.65 32.52 24.24 12.41 8.28 14.65 24.1 13.44 7.62 11.75 8.17 7.01 7.41 4.07 3.29 5.06 6.52
6.41 9.77 8.4 5.2 2.94 4.5 5.84 13.13 13.54 10.97 6.96 12.58 6.88 8.13 9.81 14.36 17.8 13.39 6.63 14.58 10.23 6.13 6.39 4.7 2.78 3.14 8.8 8.26 10.72 8.49 9.57 6.04 9.37 8.47 3.01 3.49 1.71 2.2 3.53 7.12 8.27 5.34 2.03 2.05 4.5 13.15 19.04 8.53 24.85 20.62 13.2 7.55 9.49 6.42 10.37 13.64 24.52 10.79 8.39 8.42 7.71 4.57 6.28 5.5
7.98 9.33 7.31 4.78 3.47 4.55 9.3 13.58 13.37 6.66 5.22 4.28 3.38 5.47 16.24 13.63 9.61 9.09 5.64 7.9 4.76 5.66 4.41 1.92 2.44 4.41 5.9 5.14 5.12 8.93 6.83 7.59 8.17 5.08 5.15 2.61 3.12 4.01 3.72 5.68 4.74 4.83 2.57 2.45 3.11 8.95 7.2 7.4 11.61 14.16 14.38 7.68 21.88 4.07 6.27 20.03 32.07 12.84 8.17 10.66 10.62 9.44 7.3 6.16
8.72 5.45 4.01 7.32 4.8 4.87 5.07 15.22 7.57 4.93 5.88 4.53 4.16 6.23 10.4 18.05 6.58 6.62 5.33 6.15 4.81 4.27 5.36 3.91 2.64 3.38 4.86 3.96 6.62 8.03 9.34 9.13 5.44 8.6 8.12 3.89 5.48 10.55 4.92 2.8 2.48 6.85 5.32 3.54 1.34 5.99 8.56 7.9 5.02 10.4 22.16 12.06 5.58 4.34 7.79 25.68 17.95 19.2 13.95 8.87 6.06 9.29 12.39 5.4
7.03 2.57 2.38 3.52 5.55 5.12 4.88 8.44 9.43 6.4 11.19 9.26 9.05 7.23 4.59 10.59 7.8 6.18 5.37 6.44 7.27 5.17 4.12 7.78 5.72 5.61 1.78 1.62 9.13 10.89 7.65 8.03 8.94 3.56 7.4 7.9 9.39 7.27 6.28 3.12 3.92 4.49 6.09 2.35 1.87 5.01 8.88 12.06 5.49 6.0 7.78 10.08 6.47 12.74 8.67 7.3 25.99 32.3 17.46 6.47 5.75 7.57 9.81 7.48
3.36 1.63 3.59 2.64 7.39 6.37 9.31 9.87 15.78 11.44 11.51 8.83 5.25 5.56 4.12 4.88 4.62 7.11 4.3 3.79 6.08 3.43 2.83 9.64 10.5 4.6 1.91 2.01 4.46 10.68 4.87 9.78 5.74 4.33 4.92 4.51 8.9 8.88 10.25 5.09 3.73 3.13 3.16 1.93 5.59 5.16 13.65 7.77 11.61 8.7 6.37 9.1 9.96 9.77 7.81 9.15 19.61 20.07 9.86 6.02 5.82 5.94 19.94 10.12
5.15 2.28 3.09 4.76 7.73 12.93 14.37 12.21 7.52 10.63 7.03 9.25 6.8 6.14 5.11 6.85 6.79 6.03 7.76 7.32 6.15 2.79 3.74 9.73 5.59 4.53 2.99 2.68 2.83 6.62 9.67 17.16 9.64 6.94 4.74 11.12 5.38 11.04 6.52 6.69 3.42 2.54 4.3 3.03 8.84 7.08 6.78 7.92 11.65 10.85 6.26 7.24 6.77 6.7 7.53 8.06 10.89 10.0 7.7 7.22 6.78 8.17 17.33 13.84
7.47 3.71 6.7 5.13 7.33 15.39 12.11 12.33 11.89 15.34 9.93 7.58 11.28 13.28 8.42 5.99 8.81 15.62 13.85 10.24 9.3 5.12 1.84 2.33 2.72 4.51 2.32 2.35 3.24 6.43 8.61 12.41 12.75 7.55 4.39 2.93 6.65 8.64 4.4 4.35 4.2 3.48 3.18 9.1 11.61 7.36 4.36 8.2 12.04 7.11 7.93 12.27 8.73 8.4 8.87 14.96 7.64 4.44 6.3 12.34 9.31 8.75 12.83 13.77
12.57 6.62 3.55 3.72 4.93 7.68 9.79 8.71 6.54 8.04 11.43 10.1 9.86 6.43 11.98 5.92 12.64 10.57 11.81 14.36 6.6 4.16 3.12 2.18 1.53 3.29 3.65 2.86 5.5 5.47 4.69 4.02 7.19 8.56 5.53 5.94 6.16 6.72 4.83 3.94 6.87 5.82 3.64 6.66 4.56 4.22 3.31 3.43 11.07 6.81 10.02 7.14 6.23 6.37 7.24 4.35 8.15 9.65 10.88 8.61 6.02 9.32 10.43 15.62
9.45 8.4 7.94 9.02 3.11 7.52 10.33 9.17 15.66 8.65 5.89 17.31 11.79 10.5 9.87 11.65 8.72 10.17 6.93 8.38 7.44 5.4 2.92 2.34 2.53 2.11 4.23 3.02 5.19 4.1 3.54 5.43 5.91 5.23 9.97 11.9 5.81 4.14 4.11 6.46 6.46 8.61 4.61 3.52 3.87 3.91 3.44 5.32 4.7 5.71 8.18 4.68 8.01 7.13 8.49 4.78 11.34 16.18 17.68 8.71 10.07 6.16 8.05 6.49
13.32 20.57 21.09 5.03 3.39 5.38 9.9 6.58 10.91 6.65 9.79 16.7 23.29 12.53 9.56 11.66 5.69 12.81 7.14 9.41 4.32 5.71 2.68 4.86 2.88 2.62 4.26 3.33 4.33 6.87 3.53 9.13 6.73 7.93 7.52 9.46 6.61 4.0 6.31 10.86 14.21 18.79 6.49 3.93 6.85 4.13 3.18 5.34 3.54 4.39 4.69 4.57 4.64 8.49 4.63 8.12 7.04 22.17 15.38 17.47 12.03 7.75 12.84 6.02
19.5 15.68 11.83 6.39 2.96 4.43 6.33 4.51 8.8 7.35 11.02 15.46 20.33 10.98 7.9 6.71 7.87 8.16 15.59 4.73 3.44 2.71 4.32 6.27 4.26 3.42 4.46 5.58 3.43 7.98 8.62 11.46 5.45 3.79 4.6 13.5 10.36 8.79 5.84 5.28 12.7 16.23 28.14 6.08 7.42 3.7 4.71 3.92 3.06 3.43 4.38 3.6 2.32 4.86 6.77 6.33 6.14 7.42 16.73 34.04 23.65 14.58 8.51 6.07
11.24 16.26 10.17 9.35 10.57 9.8 4.02 2.9 4.25 7.51 13.28 16.86 8.71 11.47 11.2 12.76 9.41 8.51 8.02 5.88 4.76 2.4 4.92 5.06 5.44 5.32 3.6 5.96 7.28 8.4 6.19 7.07 9.75 6.53 6.19 7.27 14.42 17.74 9.25 4.88 12.9 43.41 20.61 21.07 5.83 4.2 6.71 5.53 4.06 3.08 3.94 1.82 2.69 4.91 12.91 8.24 9.74 5.53 9.22 18.61 20.78 10.09 11.79 4.29
13.18 15.4 12.37 13.05 12.65 7.86 5.28 4.02 3.21 12.83 15.8 20.98 7.93 15.21 21.85 11.96 12.27 6.8 5.67 5.59 4.52 3.88 5.22 4.73 3.91 6.16 5.54 8.32 6.98 11.27 7.24 10.55 11.59 9.53 8.13 21.0 24.04 25.96 8.26 5.29 14.57 29.02 22.85 28.45 9.94 4.29 4.99 9.2 5.35 6.9 2.67 2.8 3.43 4.62 7.1 7.41 12.1 6.96 5.25 9.6 7.51 6.78 4.96 5.18
5.03 16.81 23.56 9.25 6.23 9.2 9.13 7.16 8.29 10.12 21.14 16.59 14.64 13.48 16.82 12.96 8.97 5.28 6.61 7.5 7.72 4.54 5.72 6.28 5.97 5.6 5.53 5.56 7.07 8.76 5.26 5.95 9.25 4.68 9.11 27.09 12.85 12.07 10.25 6.54 5.42 13.41 13.73 14.72 7.86 4.1 5.74 12.56 8.75 6.2 6.03 2.64 2.14 4.95 5.85 8.0 14.55 14.9 6.21 7.17 10.72 8.28 10.33 7.63
12.1 17.27 17.8 6.62 7.12 6.76 12.91 18.37 9.48 7.43 10.07 14.63 16.51 14.07 8.07 5.55 7.54 14.24 6.1 4.57 2.58 6.44 12.36 12.46 9.95 4.81 6.73 5.74 4.8 6.45 10.98 3.37 5.21 5.71 10.03 32.17 15.32 9.2 10.51 7.5 11.75 12.08 10.0 6.45 5.18 7.35 6.44 4.16 7.67 6.01 7.66 3.01 2.94 5.05 6.37 10.92 10.05 10.18 8.32 6.34 5.97 6.38 11.61 5.26
11.04 17.16 18.81 16.14 8.89 4.67 9.75 7.52 18.1 11.41 13.57 15.86 16.71 13.34 4.06 7.14 10.83 9.11 3.86 5.25 2.66 7.73 12.53 34.2 13.74 5.64 4.03 5.2 4.74 6.46 5.03 4.99 4.3 5.47 6.02 18.32 15.05 12.86 13.32 11.28 10.29 12.14 10.08 5.42 6.41 5.95 4.65 3.58 4.4 7.71 6.25 4.28 2.68 5.67 6.89 9.66 11.02 6.88 7.83 7.25 9.52 11.91 13.03 13.28
6.14 11.3 11.01 7.22 9.25 3.89 2.92 10.35 14.44 18.89 15.94 6.55 6.38 7.47 6.98 4.46 7.29 4.97 3.55 2.81 2.93 3.8 11.89 18.62 8.01 3.59 5.12 6.12 6.37 4.58 2.27 7.39 7.44 9.32 4.56 7.94 17.44 20.95 7.03 12.92 11.25 12.22 5.68 7.28 8.46 4.29 4.92 7.5 6.38 8.73 8.46 4.45 4.33 4.15 6.64 21.19 10.15 8.47 7.66 15.32 10.99 17.81 20.29 10.73
4.23 6.8 17.7 7.44 7.06 5.69 2.94 7.02 7.2 13.75 14.47 4.63 5.31 7.4 9.77 5.18 5.7 3.19 4.41 3.76 5.51 2.63 4.73 8.7 10.01 12.4 10.33 5.1 5.55 7.49 3.75 4.96 14.77 6.53 4.77 7.05 20.38 16.17 14.5 8.13 3.87 3.47 9.34 9.6 6.93 3.66 4.42 15.44 8.84 11.75 4.56 4.28 3.07 5.5 12.9 9.62 18.26 8.33 9.1 7.33 10.4 10.75 13.26 14.09
3.78 10.16 11.26 8.35 8.79 7.5 3.98 6.07 8.35 8.48 8.95 8.29 9.64 10.18 11.43 8.25 4.44 5.07 5.19 4.64 7.89 3.76 5.37 13.5 13.65 8.1 3.64 6.41 7.3 8.36 5.93 8.44 13.67 12.66 6.87 14.2 20.05 10.53 8.86 3.02 2.03 3.7 7.27 7.58 5.71 5.87 6.46 7.63 13.35 7.5 4.38 2.85 3.64 5.56 6.88 11.23 14.56 8.27 8.05 7.09 7.21 10.79 25.9 29.69
10.87 12.8 9.04 10.57 6.79 7.36 10.37 8.41 5.66 11.94 7.53 10.16 8.15 9.24 8.39 10.95 5.92 6.73 4.71 8.74 7.02 6.71 5.42 8.87 10.37 5.1 3.3 3.43 5.62 8.65 8.2 5.04 6.56 20.26 10.41 13.62 11.07 8.87 4.3 6.03 3.55 9.78 7.81 5.73 6.36 9.93 7.35 10.42 12.02 10.54 3.12 2.61 3.98 5.95 5.43 6.02 7.0 6.49 8.1 10.65 9.76 14.19 29.7 31.55
14.85 9.87 12.55 6.67 9.93 6.09 14.39 7.54 16.3 12.73 13.31 8.21 10.26 9.61 13.69 23.42 10.51 5.06 5.43 10.66 7.93 7.13 9.6 16.21 6.51 4.64 5.67 4.95 3.87 3.89 3.65 5.06 6.63 6.71 11.06 8.17 12.75 10.77 9.0 7.47 7.13 11.67 6.97 3.62 7.12 10.57 4.92 4.73 5.59 6.63 5.79 3.99 4.05 6.79 2.65 7.42 7.0 10.1 9.33 19.55 12.61 22.59 18.58 13.09
25.94 21.01 8.87 5.19 11.02 7.26 11.68 12.67 34.7 17.79 17.8 10.89 7.15 5.14 21.31 14.71 8.92 4.35 9.91 14.48 13.9 7.59 10.83 13.39 6.76 6.27 6.61 5.63 5.05 4.92 3.15 4.98 8.25 7.72 7.97 10.53 14.92 9.89 10.34 7.87 16.7 8.86 10.5 9.71 9.08 5.19 5.29 6.22 5.54 3.72 12.43 5.44 5.88 7.24 7.75 9.01 5.78 6.54 7.32 15.49 19.3 24.61 19.85 6.73
7.04 11.62 7.62 8.65 4.71 11.6 10.19 15.88 22.92 29.43 22.56 16.19 6.67 8.04 20.12 14.56 8.47 8.9 14.49 23.98 30.73 12.22 6.68 5.96 5.0 5.65 5.86 6.1 5.32 9.65 4.75 9.19 7.59 7.36 6.52 12.17 5.3 7.59 9.32 9.46 7.06 14.37 13.47 10.0 6.87 5.63 4.89 5.62 5.81 10.1 16.11 9.44 6.52 6.23 8.87 6.97 10.59 4.57 8.68 14.87 34.54 25.77 11.93 9.47
7.42 6.18 11.67 6.96 7.66 7.91 9.3 14.84 25.94 30.88 21.3 23.48 10.44 7.38 9.38 10.97 11.85 10.83 19.64 12.75 17.48 9.78 3.93 4.42 5.26 4.42 3.96 3.04 7.48 11.96 6.57 8.0 4.35 7.13 8.85 6.62 3.6 6.42 5.89 10.82 10.43 15.4 8.28 10.67 11.41 8.54 7.24 16.62 7.05 10.72 16.9 13.15 7.3 7.29 7.69 11.94 10.69 11.95 8.35 8.66 25.1 14.55 14.69 8.94
5.91 4.27 8.62 7.1 5.6 6.16 7.44 17.91 28.55 27.8 23.84 9.48 10.35 10.33 10.76 11.26 22.3 12.54 14.0 15.07 28.48 7.96 5.1 4.15 6.73 3.87 3.86 3.4 6.59 11.6 7.25 6.64 10.33 10.54 11.13 14.23 6.17 5.92 5.31 9.77 12.88 8.79 11.38 12.94 19.32 8.73 10.65 10.75 10.89 12.18 12.44 15.17 6.65 10.1 10.96 16.97 21.01 13.53 8.06 14.51 12.57 13.36 17.02 21.21
2.89 4.43 7.76 5.62 4.53 12.18 10.88 11.36 16.61 24.88 13.04 10.48 7.51 7.69 11.55 19.46 15.73 20.57 12.6 18.61 9.82 6.49 6.78 3.83 6.34 8.47 6.02 4.14 5.33 10.09 12.06 6.14 21.51 13.05 19.01 17.24 8.35 8.1 9.44 6.47 9.56 7.89 5.45 28.78 17.6 16.49 11.95 14.12 9.43 8.0 14.25 17.66 10.93 9.2 9.34 9.11 22.21 9.06 7.43 15.13 21.02 15.55 25.17 23.97
6.64 4.64 5.78 6.21 7.06 5.33 7.3 6.79 11.78 10.85 14.88 11.97 5.18 7.15 16.82 13.07 9.53 13.42 6.38 8.82 7.13 5.22 3.52 4.66 4.4 10.61 4.72 5.26 7.99 9.61 9.66 5.84 13.38 14.86 11.7 19.4 9.28 9.88 13.56 4.28 4.57 5.59 10.17 23.42 11.29 10.41 14.52 13.64 9.76 14.86 10.2 8.1 4.94 10.2 10.09 10.17 11.11 10.78 6.95 12.36 11.29 12.03 18.89 16.21
4.03 5.72 6.94 7.47 3.79 8.79 7.7 4.51 10.69 13.16 27.37 12.05 6.57 3.31 9.0 10.53 14.38 5.28 4.82 5.18 8.06 3.94 2.26 2.77 5.04 7.37 6.69 6.68 10.3 14.42 6.04 7.9 9.96 11.22 20.57 12.2 5.05 6.12 8.48 5.25 3.14 4.75 6.37 14.44 10.04 8.11 8.98 12.68 10.54 8.82 10.4 8.07 9.41 10.5 11.75 11.28 11.15 8.56 6.17 4.81 5.63 10.81 9.7 16.47
3.47 4.95 10.32 5.47 4.85 4.7 11.46 13.58 9.53 10.87 20.97 23.84 6.0 4.29 6.17 3.85 8.76 8.71 5.59 2.63 4.64 4.76 1.62 1.93 4.0 4.82 6.12 4.73 9.43 10.77 6.39 10.12 9.93 11.54 17.65 17.89 7.11 5.07 5.65 6.8 9.88 5.02 6.78 9.1 9.35 6.68 8.09 11.0 12.01 17.94 14.27 14.88 15.26 14.01 10.11 11.27 13.51 11.38 5.96 5.87 7.21 8.55 8.62 6.06
3.68 3.64 3.62 4.81 3.95 4.78 8.67 10.95 11.23 19.11 15.76 9.8 12.12 5.23 3.66 5.19 7.15 7.26 3.51 4.77 5.25 3.4 3.86 3.83 4.9 4.11 5.81 13.67 8.21 10.5 12.35 12.64 8.44 12.36 19.81 28.46 7.93 7.48 7.58 8.66 8.91 4.53 5.28 5.96 5.91 5.12 5.5 6.55 12.98 22.75 15.77 18.61 12.43 14.45 4.38 6.95 10.1 8.01 6.38 8.38 5.49 6.48 8.88 6.35
5.47 3.52 4.46 4.27 9.42 6.41 11.42 22.97 12.34 11.0 10.65 14.08 18.85 11.89 4.32 5.52 4.88 5.58 8.3 6.25 8.4 4.72 5.07 4.67 4.34 4.16 9.86 7.09 10.53 7.51 8.82 13.92 7.93 8.52 12.31 23.35 24.16 12.29 6.79 8.5 6.13 7.54 2.88 3.52 7.45 9.53 8.73 8.86 12.62 13.3 22.79 19.57 18.33 10.29 9.94 11.09 9.62 7.68 5.05 13.82 7.83 5.2 5.89 6.39
5.18 3.0 7.27 9.35 14.78 6.99 10.76 16.61 10.15 10.57 12.45 6.57 9.44 19.75 14.4 9.83 6.8 5.27 9.12 5.78 7.98 4.13 5.13 6.98 4.92 6.12 10.89 6.31 8.02 10.36 12.85 11.45 12.42 9.1 10.67 6.28 21.66 15.44 8.84 4.34 3.48 4.05 3.26 8.19 12.35 10.25 5.79 8.48 12.33 14.64 8.24 19.27 21.59 24.2 17.15 8.85 14.78 9.32 7.32 8.76 7.61 8.38 4.89 3.42
3.83 7.24 11.04 17.5 9.04 6.52 5.25 4.82 6.96 4.37 6.94 4.39 9.85 14.9 33.24 19.79 7.58 4.64 3.13 6.55 5.69 4.54 4.36 9.32 7.41 7.37 5.51 9.5 5.64 14.85 6.01 5.54 8.31 3.44 4.41 5.24 6.54 5.21 9.15 4.96 2.65 2.1 2.62 6.57 7.38 8.0 7.15 7.41 6.87 7.06 10.38 12.17 13.45 19.12 23.32 11.93 8.87 13.99 10.89 9.8 5.69 9.74 5.49 4.83
3.11 8.4 9.7 13.71 5.02 3.21 4.91 4.23 2.43 3.72 3.44 3.44 7.2 10.76 30.29 10.36 9.82 3.42 3.1 4.69 7.95 5.07 4.73 9.73 9.3 8.83 5.44 9.73 8.39 6.06 10.67 4.46 4.2 5.07 3.26 5.99 2.21 4.69 8.21 8.08 3.05 1.51 1.07 5.35 10.92 7.86 7.77 6.77 7.96 10.29 9.98 6.59 14.84 31.54 22.85 9.82 13.01 9.46 8.51 7.38 7.47 5.51 5.26 4.56
2.84 4.33 6.01 7.43 6.95 3.82 4.15 2.52 2.96 2.82 3.61 3.16 6.57 12.37 9.88 12.67 17.08 7.32 6.9 9.69 8.96 5.26 10.93 10.76 8.49 7.04 12.64 9.67 13.93 17.74 12.72 4.63 5.1 9.95 7.69 4.97 4.82 4.3 10.56 9.96 2.24 2.24 2.04 2.45 8.28 12.18 6.78 7.06 7.1 9.65 10.56 9.88 9.53 19.65 11.59 11.39 5.16 4.71 5.12 6.35 7.16 3.6 7.11 8.7
2.41 5.33 5.51 3.6 6.74 7.48 3.81 5.26 3.52 2.88 6.01 10.71 12.21 16.77 13.45 13.35 20.03 10.6 14.13 12.96 13.78 6.43 6.05 6.5 7.38 5.62 7.96 4.3 14.54 12.35 7.31 7.27 5.03 8.59 4.63 5.57 5.95 4.18 4.46 5.31 3.23 1.66 2.2 1.42 6.85 5.13 8.34 14.89 11.87 18.79 16.86 10.76 7.36 10.7 15.59 9.51 2.18 3.52 5.07 16.63 8.0 6.25 8.28 7.32
3.16 2.78 4.46 5.26 3.81 3.67 3.29 5.64 3.71 4.19 4.7 13.83 8.56 8.53 7.33 7.39 13.47 23.32 16.05 19.51 18.32 9.48 7.33 4.76 4.73 4.32 5.67 5.38 8.86 11.52 5.58 4.1 8.52 6.26 2.34 4.01 8.57 7.07 5.16 3.78 2.54 3.0 4.17 3.48 3.82 6.24 8.84 25.62 18.03 12.3 7.03 8.9 9.45 6.83 7.73 8.68 5.09 1.76 3.65 5.41 7.98 4.94 4.5 6.07
2.13 2.94 9.7 3.57 3.22 5.49 7.68 5.38 5.23 3.68 4.65 3.69 5.52 6.03 10.4 16.27 12.95 17.64 16.03 20.76 21.19 8.85 5.73 6.9 7.12 5.54 3.95 5.37 7.98 7.21 5.64 6.16 4.22 1.84 2.06 3.84 6.21 6.2 9.85 4.77 2.71 4.87 3.88 4.48 3.92 4.56 6.12 22.95 9.82 6.65 9.86 6.56 10.73 11.71 8.24 7.26 3.08 2.41 2.89 4.45 2.88 3.26 3.87 5.11
1.51 2.66 5.45 5.35 6.19 6.5 7.91 13.19 5.91 1.69 2.68 2.11 6.73 8.68 14.96 11.56 12.13 5.73 6.91 7.35 14.98 12.27 9.12 9.3 6.06 8.09 7.29 4.72 3.16 2.44 4.7 3.54 2.36 1.98 2.47 2.97 5.44 10.88 10.19 5.18 2.99 4.71 3.88 3.06 3.43 3.66 6.56 9.06 10.01 6.89 12.11 9.37 8.42 5.7 4.66 3.28 5.2 2.36 1.5 2.69 2.24 4.51 3.4 7.05
0.96 1.87 2.6 6.89 6.96 19.09 8.39 12.63 11.19 2.54 5.11 5.8 7.46 11.18 11.52 10.67 9.24 4.7 5.85 8.17 8.52 11.42 16.06 11.84 8.39 6.75 5.62 2.95 2.18 3.55 4.77 3.69 2.44 2.29 4.79 3.27 5.49 8.38 6.85 3.69 3.8 6.05 2.47 3.39 2.83 4.94 4.65 5.39 7.78 5.66 8.02 8.68 6.43 9.29 4.86 2.87 5.5 5.8 2.94 1.84 1.34 2.44 7.26 3.79
2.37 1.75 2.38 6.05 17.77 15.06 12.08 10.78 10.67 5.37 5.37 8.6 6.03 10.96 18.47 11.12 9.45 7.26 7.1 8.83 7.65 13.4 16.96 9.86 11.7 10.93 10.28 8.14 5.36 3.14 4.98 3.04 4.22 3.63 8.12 6.71 3.93 5.68 4.22 5.73 11.09 4.17 3.69 5.68 8.03 4.04 4.25 5.92 5.79 6.14 6.47 8.07 7.58 12.17 8.15 5.3 4.92 5.82 2.26 2.94 2.56 3.13 6.4 5.94
