12.92 21.03 10.46 8.02 6.31 14.44 11.97 2.96 3.29 4.65 3.74 3.13 2.34 2.71 3.36 2.52 5.33 5.55 4.43 4.26 3.9 7.68 10.95 10.28 17.38 9.3 6.98 5.11 7.06 8.07 7.52 7.75 11.4 10.43 8.77 5.91 6.53 5.16 8.17 12.18 7.88 13.15 12.16 7.11 5.88 7.13 8.64 6.35 9.77 6.81 4.0 11.02 7.95 10.72 9.09 9.49 10.75 11.03 5.56 5.08 8.76 8.21 6.83 7.16
13.81 19.67 12.54 7.51 14.23 15.55 10.35 3.34 2.65 5.76 8.94 4.69 2.24 2.21 2.36 1.46 3.38 3.48 4.68 5.66 5.85 6.73 9.26 11.25 8.56 7.45 5.3 6.34 5.37 5.76 5.98 11.51 15.7 8.19 13.81 7.73 6.78 4.27 5.7 7.65 8.17 12.03 15.1 9.4 6.84 11.34 7.35 9.24 9.09 4.81 8.49 12.26 10.52 8.26 11.61 9.56 9.23 8.18 4.32 5.09 10.22 11.86 5.64 8.23
10.38 12.98 6.96 13.27 9.77 12.98 12.95 5.01 4.49 5.47 4.6 2.18 2.16 2.01 2.11 3.13 2.5 2.55 4.58 5.0 4.41 6.35 9.08 7.28 10.54 5.86 9.68 14.21 4.96 3.85 4.83 8.42 14.6 18.58 13.81 16.01 7.77 3.31 5.3 4.91 4.74 12.49 12.23 10.67 10.94 10.96 7.03 8.76 7.05 5.87 6.48 11.64 14.71 11.98 8.53 6.26 6.17 4.54 6.99 7.62 8.9 7.15 3.59 5.84
8.71 15.54 10.35 15.92 15.09 8.44 8.73 8.35 4.84 2.61 2.08 2.78 2.47 3.51 1.76 3.99 5.21 4.21 4.79 5.66 5.17 4.73 6.57 8.24 6.8 7.63 11.23 10.93 6.0 5.52 8.72 15.32 18.9 24.64 18.3 12.34 7.99 5.36 4.69 3.45 5.36 6.23 7.85 8.85 7.38 8.23 10.1 5.72 9.87 9.17 10.1 13.38 17.39 15.74 5.35 4.15 5.6 3.99 7.33 9.87 7.19 5.54 3.37 4.45
7.32 16.07 13.43 12.53 11.99 7.76 2.97 4.54 5.52 3.92 1.7 2.19 4.23 3.05 1.88 2.26 7.18 4.59 1.92 5.28 6.44 5.91 7.42 4.05 4.45 11.23 13.09 8.14 9.04 8.58 11.09 20.01 17.06 12.52 21.63 13.59 7.28 12.92 5.56 10.29 10.46 8.21 12.58 6.59 4.88 10.23 13.74 5.13 8.07 12.02 6.91 8.08 13.11 10.05 5.31 4.77 4.69 2.91 5.7 6.02 9.21 4.04 6.41 6.62
8.79 13.74 10.6 6.37 6.8 2.84 3.11 5.0 3.95 4.23 2.73 3.9 3.33 3.83 2.68 4.32 6.83 4.26 4.49 8.28 5.74 6.48 4.44 2.99 3.66 4.58 8.76 7.65 5.32 5.88 15.79 13.46 11.85 10.06 16.73 22.66 25.35 15.33 11.77 10.34 10.42 10.18 13.96 10.06 9.39 16.93 13.58 14.82 7.32 7.85 15.53 6.44 7.29 11.41 9.35 7.07 4.92 5.43 7.12 8.16 7.22 6.74 4.06 5.92
7.08 6.41 6.21 6.02 5.07 2.47 5.19 6.02 5.04 2.94 3.84 2.81 3.46 2.74 2.52 6.88 5.33 4.14 7.41 9.79 12.8 7.82 7.31 5.81 6.26 9.56 5.55 7.17 8.11 9.26 23.29 17.15 10.51 17.71 15.22 21.76 20.34 18.55 12.79 12.41 13.49 15.58 10.97 16.37 14.94 16.73 16.09 10.07 9.11 10.83 13.47 18.45 12.2 12.78 6.89 3.75 8.78 7.02 13.63 14.76 6.26 7.5 2.64 3.03
4.84 5.95 6.32 4.55 3.93 3.2 3.9 6.06 7.56 3.37 3.8 4.56 4.74 4.26 4.32 7.36 5.35 3.57 5.52 8.83 13.68 12.73 8.81 9.67 10.91 14.56 9.87 6.85 7.68 13.62 12.77 30.32 14.92 14.37 21.19 10.17 15.27 12.55 13.3 15.86 18.81 16.22 13.33 22.43 15.89 13.07 18.6 10.47 9.27 10.95 5.11 16.63 19.72 5.7 6.65 7.32 7.5 19.15 10.21 9.79 9.77 9.14 4.01 6.1
5.37 7.02 5.36 5.64 3.59 3.12 5.5 4.03 4.88 3.56 6.18 5.63 7.11 4.96 3.23 8.51 4.84 6.72 12.08 20.5 14.48 10.34 9.76 10.05 9.87 10.94 7.72 6.53 6.44 9.96 22.38 24.51 12.59 20.27 19.64 9.38 13.86 21.64 21.57 28.37 26.19 12.94 31.92 17.46 6.56 16.48 21.6 17.68 12.18 7.65 5.04 14.54 13.78 6.97 7.62 9.06 11.72 9.08 9.25 4.94 6.42 7.24 6.77 6.75
7.97 7.4 5.16 4.63 3.2 3.71 2.61 2.01 2.83 7.66 9.0 9.39 7.46 4.68 6.38 6.48 5.98 14.49 15.57 11.73 20.57 19.39 18.96 16.62 11.79 10.79 14.55 12.5 11.17 12.54 30.98 15.28 13.48 14.89 12.23 10.78 18.69 9.8 15.87 18.33 13.91 20.8 20.19 14.1 10.04 9.48 16.87 14.53 8.37 4.38 5.2 20.97 14.59 9.03 6.28 6.87 7.86 8.25 3.65 4.69 4.98 6.06 6.97 7.7
4.46 13.11 5.34 5.34 5.81 2.84 2.58 2.17 3.12 5.98 7.47 10.43 6.89 5.88 4.82 5.99 7.21 6.04 17.68 13.18 14.77 16.53 21.16 14.22 15.14 7.73 17.33 18.35 13.06 18.54 13.64 23.75 23.76 12.62 9.61 13.55 13.29 11.21 6.52 9.45 5.4 9.1 11.81 12.87 15.5 8.11 15.05 6.85 6.73 8.17 8.36 13.79 33.89 9.72 5.93 6.5 5.09 3.33 5.64 3.71 2.68 4.5 4.98 7.07
6.44 5.85 6.49 5.56 9.51 3.03 2.26 3.16 3.6 3.77 3.14 7.19 6.84 7.77 3.2 3.71 6.14 8.95 15.1 16.88 20.27 10.22 8.89 8.55 10.97 13.69 18.68 17.46 13.1 8.4 12.27 12.35 14.24 17.28 13.02 6.33 17.76 17.5 9.19 9.29 6.52 9.2 4.94 17.08 15.8 9.82 13.18 7.52 5.0 8.43 8.87 12.22 10.34 9.27 6.63 4.22 5.85 5.22 4.74 5.93 7.23 4.56 3.77 4.63
3.52 5.02 5.12 6.9 11.6 3.65 4.08 2.53 4.33 5.14 3.93 4.21 6.24 8.58 5.77 5.38 8.21 12.13 13.14 12.18 6.18 11.87 5.89 6.12 5.17 9.08 15.36 16.05 13.52 5.72 7.78 11.82 6.36 16.26 14.18 8.29 9.42 23.41 9.03 7.29 10.39 4.93 10.59 16.58 14.65 10.87 18.49 6.59 4.99 8.89 6.95 5.88 7.0 7.8 12.22 8.88 9.0 5.68 4.47 4.12 6.32 5.6 4.32 4.38
2.56 5.69 5.83 7.41 13.9 6.38 4.79 5.38 5.52 5.55 2.78 4.62 3.19 8.39 14.04 9.75 10.59 12.04 7.32 6.28 6.38 8.31 7.84 5.64 5.6 6.48 13.31 22.69 10.87 3.79 6.42 5.25 8.7 13.28 9.35 6.87 6.89 13.65 13.64 11.46 6.08 6.04 6.4 20.97 14.99 10.53 18.92 7.37 5.42 6.1 13.95 8.6 6.42 10.95 8.39 7.02 9.03 4.56 6.93 4.83 3.24 12.36 3.56 3.53
3.95 4.19 11.1 8.52 9.78 6.25 5.05 6.57 6.66 4.36 4.47 6.6 6.4 10.21 14.22 15.34 8.63 6.86 3.46 3.21 4.8 7.77 5.67 8.09 5.82 8.57 11.05 11.29 6.95 2.2 3.9 4.3 6.73 9.32 6.46 6.01 8.57 8.05 28.75 15.49 11.3 10.92 13.04 22.1 19.38 13.41 11.61 10.8 6.81 6.44 7.67 11.49 9.87 9.2 5.99 5.35 6.63 10.08 9.58 4.68 8.42 12.2 7.24 4.46
4.92 4.76 4.72 16.82 10.5 7.01 15.39 9.23 5.44 6.04 8.85 11.08 9.53 7.01 11.34 13.69 17.77 4.56 4.73 1.94 2.34 4.43 3.24 3.81 7.04 6.23 7.65 5.86 3.43 2.91 2.31 3.17 4.12 9.39 7.1 7.0 10.06 10.75 15.07 19.95 17.08 12.48 18.7 18.49 9.76 12.26 11.57 18.48 16.2 11.25 7.7 17.47 9.97 9.83 6.98 4.75 7.18 14.96 7.21 4.63 8.1 10.08 5.49 7.38
4.88 6.58 3.98 5.67 10.03 12.63 17.38 8.82 8.04 6.08 9.5 21.96 10.86 16.87 17.09 11.29 11.53 5.06 4.29 4.54 3.25 3.69 2.93 2.79 6.44 7.01 5.64 3.08 3.54 2.18 3.11 4.42 2.33 7.76 5.44 8.14 5.31 7.55 11.6 12.35 11.5 10.27 11.02 11.42 8.76 7.48 13.58 12.79 21.77 11.03 7.83 14.24 9.59 6.21 7.84 8.07 14.68 7.66 7.11 8.26 4.69 8.05 5.29 6.5
8.13 4.23 7.46 8.89 5.76 18.3 16.69 7.05 4.6 5.62 12.79 15.87 16.11 17.57 17.29 8.2 3.5 3.8 6.24 3.93 4.17 3.6 4.08 8.01 5.21 8.12 4.91 2.13 2.04 2.42 6.64 4.2 2.4 3.54 6.44 6.02 5.32 7.49 5.14 9.6 10.65 12.7 16.09 17.41 9.89 13.86 12.71 9.73 22.87 13.21 8.65 6.93 6.13 9.86 8.57 10.04 7.79 6.63 6.94 4.8 5.32 4.75 6.72 6.72
4.01 10.83 11.37 11.26 6.16 5.4 7.66 4.63 3.8 5.39 8.62 11.62 11.74 19.74 9.47 5.67 6.05 4.8 8.77 9.41 7.41 5.25 4.02 7.62 9.62 9.91 7.17 3.14 2.44 3.25 4.8 4.45 5.45 9.81 6.56 12.19 19.88 7.53 12.52 6.91 12.26 9.33 5.73 9.04 16.42 14.16 12.31 9.33 20.46 10.95 9.2 4.33 6.54 11.66 5.92 8.93 6.35 4.09 4.22 5.67 3.64 4.22 5.62 18.22
6.59 7.51 16.03 8.4 5.96 3.79 4.37 10.46 7.68 7.44 14.92 21.91 12.38 19.11 7.3 3.47 6.86 5.53 8.71 8.38 8.45 5.63 3.23 6.05 8.48 12.69 11.8 2.85 3.99 3.18 9.74 7.83 9.16 11.52 11.48 15.12 13.76 23.47 9.13 6.52 8.11 10.91 5.6 10.43 14.38 15.1 9.47 9.57 9.97 6.66 10.32 5.96 5.72 4.52 10.04 6.01 6.47 4.2 4.08 4.6 5.31 7.71 7.74 11.11
6.51 4.71 5.17 7.86 8.81 8.37 8.69 5.74 6.89 7.87 16.13 25.79 13.4 12.38 8.52 4.71 4.81 10.62 4.7 6.15 5.65 8.33 14.2 10.43 8.34 14.32 17.42 3.45 4.38 7.08 7.53 11.52 8.07 5.68 24.78 22.65 15.16 24.42 12.71 2.95 7.54 6.81 7.23 11.74 16.09 29.64 9.38 10.66 6.48 7.15 7.54 9.6 5.97 3.08 4.09 6.75 4.62 3.58 4.83 5.12 7.58 7.17 6.18 9.33
5.74 5.31 3.74 11.99 11.0 10.29 9.24 7.74 5.16 10.61 18.92 7.33 17.62 12.0 6.08 8.78 8.0 4.83 8.75 5.17 5.99 15.03 16.22 11.53 6.12 10.04 7.31 8.08 8.92 8.16 9.32 9.84 4.66 22.03 11.89 19.52 16.38 13.56 14.69 7.64 7.75 5.26 3.57 6.31 16.29 18.07 11.39 7.99 8.89 5.37 7.09 8.51 5.17 4.1 4.75 4.46 4.19 5.29 5.56 6.96 10.04 5.87 3.67 4.07
7.02 2.66 8.05 20.64 11.46 12.18 6.49 11.49 9.0 10.66 23.64 15.03 12.02 12.31 4.1 8.05 9.67 7.96 6.6 4.71 3.72 7.38 6.13 7.44 6.53 6.52 6.15 6.61 27.09 12.23 11.05 13.66 6.62 11.22 11.4 8.54 6.34 6.46 13.27 8.68 5.49 4.19 2.73 3.23 10.6 9.53 4.54 6.49 8.54 5.71 5.08 4.92 3.72 4.08 4.02 3.18 2.61 2.8 5.32 5.95 5.63 10.75 6.58 5.15
5.06 3.37 5.75 20.77 14.6 9.21 17.52 17.02 7.43 8.42 19.63 22.61 15.31 7.27 6.23 9.36 15.55 13.13 8.23 4.22 3.87 5.19 5.59 8.92 7.0 5.16 3.91 6.85 15.72 20.07 9.13 6.31 11.82 10.06 7.4 6.4 5.23 6.69 9.04 6.52 6.43 3.29 1.99 3.07 3.91 5.28 5.04 5.01 6.94 6.25 5.47 3.71 5.63 4.03 4.65 4.35 2.0 5.14 4.28 2.38 5.36 9.02 6.87 7.75
4.11 5.46 6.84 12.67 12.78 16.12 13.33 12.09 3.71 7.09 23.48 9.1 8.3 6.55 4.35 16.28 19.27 9.28 10.82 3.69 6.81 6.84 13.46 3.69 3.66 5.05 3.89 5.49 16.06 21.57 11.64 10.99 6.56 13.72 12.44 6.14 8.35 6.04 8.32 10.97 8.82 7.18 2.96 2.27 2.51 7.55 8.2 5.5 9.63 5.44 5.76 7.45 3.48 2.05 2.37 4.06 2.54 5.56 2.67 3.33 4.84 6.1 5.07 5.86
5.47 3.75 6.51 16.08 11.97 12.04 13.52 3.85 4.96 10.14 23.17 13.47 8.92 8.25 9.65 11.35 18.57 11.01 6.5 10.14 6.42 6.49 10.07 3.72 2.47 4.01 4.33 4.89 7.89 5.92 8.69 29.02 7.56 8.48 12.68 11.72 11.96 8.52 4.96 10.57 13.1 5.55 2.69 3.76 3.26 6.15 8.6 7.4 8.43 5.82 7.28 4.26 3.6 1.49 2.85 6.63 6.4 5.72 2.58 2.26 3.66 3.12 5.66 7.66
6.79 4.84 9.53 17.37 13.68 12.3 12.5 6.42 9.67 18.28 22.57 13.55 11.39 11.37 13.76 16.64 10.99 18.4 19.08 8.73 7.79 5.05 2.03 3.32 3.56 2.85 5.96 6.76 5.11 5.14 6.71 7.61 9.7 6.33 8.79 12.61 8.85 6.78 6.78 5.6 9.33 13.58 4.16 2.99 5.5 4.9 6.28 10.8 7.07 11.32 7.89 4.53 3.82 5.31 5.64 9.3 6.63 3.53 4.76 2.4 2.28 3.64 4.99 5.91
12.54 10.06 12.87 16.91 16.33 11.79 5.19 7.4 11.55 19.86 20.88 11.11 17.24 35.25 18.7 14.11 19.34 18.75 17.62 11.34 6.14 7.6 4.38 3.46 3.0 6.78 5.1 6.04 7.75 3.37 3.55 5.93 7.26 6.13 3.78 6.31 8.12 5.62 7.84 5.06 8.38 12.04 7.92 5.09 5.64 3.12 4.99 5.26 9.83 5.43 12.86 11.4 7.85 5.35 3.65 6.76 4.87 5.41 5.08 2.97 4.86 5.02 7.0 11.77
10.67 16.63 17.9 11.34 10.95 7.95 4.37 5.93 13.92 23.97 16.04 25.42 45.44 58.96 47.47 31.82 19.63 27.19 9.9 5.05 5.67 4.36 8.68 4.17 4.98 7.16 5.24 4.31 4.91 2.36 3.03 7.26 7.18 3.3 3.59 3.96 6.55 8.8 7.59 3.28 7.0 5.59 6.91 6.93 2.0 3.6 2.35 2.61 5.85 6.19 5.86 16.33 6.68 2.92 4.56 4.47 3.69 7.23 5.04 3.89 7.75 4.08 7.8 13.04
12.49 16.53 25.03 19.98 10.91 6.55 4.94 5.81 11.52 25.86 19.26 21.31 50.7 50.15 43.33 46.23 35.1 23.88 7.32 2.79 3.35 6.08 4.82 6.18 5.18 6.55 5.32 3.55 2.82 2.78 5.81 4.11 3.43 2.84 3.1 4.73 5.61 6.23 7.18 5.02 5.38 5.04 3.55 3.19 2.53 2.97 4.08 4.05 4.11 5.24 6.27 5.75 4.36 4.37 2.21 4.24 3.96 3.9 7.71 6.74 6.04 4.48 4.75 3.78
8.68 11.23 11.91 17.72 9.24 10.46 8.08 8.54 23.2 14.69 23.76 27.13 48.42 46.98 27.38 38.81 27.67 12.05 7.65 3.63 6.75 7.74 6.03 6.96 15.56 9.6 2.63 3.41 3.3 3.44 6.69 6.96 3.99 3.78 2.17 6.69 4.8 3.62 4.72 8.77 4.44 5.09 4.74 3.77 4.85 6.87 2.35 1.82 3.25 5.76 6.47 5.86 10.77 9.0 4.58 4.27 3.75 4.51 13.95 7.36 3.46 3.77 6.42 5.15
5.31 12.72 7.71 10.11 8.22 10.72 10.87 11.56 12.32 6.25 9.84 18.95 30.05 28.02 29.66 31.39 22.18 14.82 6.3 6.13 7.97 9.11 6.14 10.45 12.98 5.22 1.43 2.45 4.8 12.17 8.08 7.16 4.98 4.14 6.06 7.58 10.33 7.17 4.35 5.6 8.23 6.26 5.93 9.21 4.12 3.13 7.28 1.12 2.97 6.03 5.43 3.34 8.01 11.8 5.77 3.56 1.79 5.83 9.53 6.26 2.85 4.96 4.33 4.95
3.55 8.31 10.44 5.49 5.4 7.85 7.26 12.73 10.54 4.25 13.74 20.37 15.23 19.11 25.5 22.15 20.43 16.8 8.68 4.95 13.25 8.25 8.34 20.17 9.11 2.19 1.51 2.89 3.84 7.99 15.42 8.04 4.01 2.65 3.07 9.14 13.01 7.7 7.58 7.74 10.67 11.88 6.45 5.96 4.78 3.52 3.9 4.97 3.36 3.88 4.45 4.17 7.03 5.86 5.19 3.75 3.88 6.51 8.06 7.46 5.4 5.72 8.33 6.14
6.46 9.64 13.58 5.89 4.99 6.01 4.96 10.83 7.9 2.95 11.55 15.42 10.29 20.37 16.24 12.44 12.82 13.99 7.69 6.79 9.12 7.34 11.35 15.44 8.85 5.1 3.55 4.35 4.78 4.97 16.2 15.27 8.25 2.44 4.07 7.88 19.02 17.32 7.06 10.8 15.87 5.68 8.33 4.81 5.49 9.74 6.05 6.28 5.99 5.02 8.71 11.87 7.01 14.98 5.23 6.72 6.91 4.61 6.14 7.03 7.03 5.61 10.15 13.98
6.59 12.38 5.06 5.08 5.41 3.4 3.73 4.86 4.86 3.93 4.58 7.77 11.61 16.57 20.54 11.33 9.96 8.21 10.35 8.85 10.51 9.75 10.3 8.92 10.91 4.59 3.5 6.93 5.6 4.28 11.32 15.05 6.48 6.5 8.47 21.26 20.5 17.21 7.25 6.8 6.26 5.7 4.54 5.4 7.46 7.6 8.47 5.84 3.91 6.46 7.98 11.54 8.61 5.81 7.11 12.74 7.99 5.2 10.76 10.9 9.53 11.53 12.06 9.48
8.2 3.68 2.93 2.74 3.19 6.2 1.84 3.12 3.8 6.03 9.0 6.65 14.55 22.84 15.37 7.45 5.38 6.25 6.02 9.26 6.77 10.85 5.86 5.82 4.72 2.63 5.76 7.18 7.53 9.8 10.16 5.02 11.33 8.15 9.84 14.16 17.62 14.01 5.85 7.8 5.47 5.72 7.01 4.79 7.58 7.14 5.51 4.93 2.61 5.75 10.48 11.24 11.1 6.49 4.11 10.54 11.92 9.33 13.94 13.16 10.47 9.61 11.41 6.95
7.45 5.34 4.93 3.36 6.15 4.09 2.21 1.38 4.48 6.72 7.52 6.45 8.58 14.8 20.54 8.52 6.2 8.19 5.59 6.07 7.71 8.34 6.78 6.25 2.39 6.27 6.41 14.39 12.56 10.73 8.53 7.86 10.83 10.53 12.3 9.07 17.61 14.35 8.31 10.0 8.86 3.58 7.29 6.21 3.19 7.87 4.72 3.79 8.04 5.97 10.55 27.47 18.53 3.61 10.04 12.11 9.48 9.59 11.03 7.2 6.78 4.91 8.55 11.02
6.08 4.91 4.71 6.19 3.82 4.53 1.68 3.23 5.13 4.99 10.54 7.8 7.61 11.19 10.11 16.65 9.21 8.3 8.43 6.45 7.51 5.55 5.69 7.92 4.98 9.47 22.87 12.84 16.23 13.41 12.56 10.33 9.4 5.53 6.2 8.75 19.33 11.97 12.05 16.41 7.46 5.71 8.45 4.52 3.59 3.19 5.05 5.15 8.93 13.62 12.48 27.44 15.85 6.78 11.15 8.49 4.64 9.07 9.69 8.34 5.39 6.91 8.68 23.52
8.36 5.26 3.04 4.65 4.26 3.7 3.53 2.16 3.17 4.18 8.36 9.3 11.19 8.67 8.15 13.13 12.71 10.7 4.73 6.0 5.98 5.93 7.83 6.75 15.71 15.06 20.14 19.71 11.77 18.62 10.5 8.43 7.84 6.37 3.86 7.4 20.55 17.42 15.63 12.94 11.28 9.28 5.99 4.12 2.6 6.28 3.35 5.34 7.45 9.52 16.63 7.03 9.61 11.32 4.5 2.45 5.94 6.94 19.49 13.96 3.49 5.82 9.51 14.88
7.31 8.19 4.76 4.87 5.08 5.57 3.24 3.92 4.34 4.75 10.93 9.51 12.29 4.29 6.5 11.11 12.52 8.86 4.55 5.84 9.84 5.14 4.81 13.1 11.14 12.32 9.65 9.58 14.78 15.24 7.56 8.2 12.86 6.49 3.88 8.45 17.39 23.49 18.25 10.95 7.51 8.96 5.92 5.42 5.53 2.72 4.93 8.91 5.23 21.87 16.86 8.94 5.36 8.72 6.85 6.7 7.32 14.8 12.24 7.55 6.04 3.86 11.91 8.8
12.23 7.25 5.12 6.11 9.5 4.86 5.16 8.03 4.94 5.27 10.99 13.56 5.89 7.72 4.31 5.24 11.8 5.71 6.22 5.01 6.08 7.46 6.43 10.72 11.77 11.65 8.25 10.01 13.96 13.93 6.8 22.04 8.58 3.19 5.78 4.5 4.55 16.34 10.27 7.21 6.54 10.77 9.03 7.66 5.29 2.2 5.59 6.45 12.79 16.69 23.32 11.08 9.27 5.54 10.92 15.24 8.61 12.79 12.45 5.07 10.37 14.15 5.33 8.25
6.64 6.55 5.35 6.94 11.49 6.62 6.56 6.77 6.98 6.62 6.16 9.43 4.65 5.96 6.97 6.9 6.85 8.62 6.32 6.72 4.21 4.16 16.33 9.03 5.84 6.53 5.17 5.67 14.24 7.5 11.91 12.52 8.57 3.06 4.85 3.83 2.46 4.01 4.94 4.1 3.28 4.96 5.84 9.39 3.86 2.07 1.96 3.99 6.17 13.14 23.57 12.82 7.82 10.34 12.97 9.91 16.95 15.27 7.3 9.5 12.32 9.56 11.13 14.27
12.33 5.55 5.38 7.8 13.93 12.86 9.87 5.55 8.04 12.22 9.56 6.59 8.29 5.7 4.99 9.19 6.48 4.8 11.43 5.85 2.94 5.18 5.25 10.15 6.01 3.97 2.86 5.67 9.58 13.36 19.65 15.67 5.67 2.64 5.38 3.8 4.02 3.34 7.45 2.3 2.15 2.6 3.13 4.66 5.45 2.04 1.0 2.56 5.45 9.08 18.51 15.79 9.72 11.58 12.72 19.95 21.9 20.31 10.5 6.9 9.0 15.35 9.67 12.02
9.71 11.98 3.5 6.84 8.01 8.5 10.48 3.49 5.96 18.2 16.59 14.0 12.36 8.31 6.86 10.71 5.51 3.65 9.56 7.38 4.11 3.76 9.12 7.66 9.62 4.43 3.91 8.04 13.64 7.56 28.01 21.91 8.25 6.86 5.27 8.32 4.1 4.53 6.03 2.78 2.21 2.83 2.66 5.8 4.79 4.91 2.99 3.68 2.85 7.32 8.72 8.81 14.96 16.84 11.56 13.12 15.5 12.13 11.99 4.24 8.01 21.3 10.85 9.52
5.24 5.7 8.02 5.48 5.7 8.21 11.13 5.83 5.69 11.15 18.06 14.1 8.61 5.25 7.4 17.99 7.39 5.7 6.78 10.23 6.14 6.65 6.92 7.12 5.84 5.07 3.16 6.48 6.83 7.38 19.38 13.64 7.41 5.19 10.04 5.54 4.55 7.2 3.41 2.67 3.49 3.36 3.97 4.99 3.51 6.52 6.16 3.58 4.39 10.64 13.24 12.08 14.59 11.17 18.79 13.56 11.1 9.32 6.34 3.96 11.75 10.93 10.27 11.41
7.32 5.87 3.3 7.79 4.09 7.29 9.37 6.04 11.04 8.5 10.74 12.46 14.08 5.05 8.22 10.84 10.07 3.87 4.53 5.86 8.59 9.58 5.55 5.9 3.83 5.24 4.11 5.55 5.68 18.98 23.88 12.57 5.71 7.41 4.95 6.53 6.37 5.43 5.61 4.48 6.99 4.37 8.11 5.44 4.4 6.41 3.96 3.75 7.77 9.4 14.82 12.08 8.23 10.39 12.95 11.55 17.22 13.37 7.41 9.57 13.76 5.7 6.24 7.9
12.6 5.89 5.94 6.71 9.45 10.11 7.18 9.25 11.22 8.98 12.24 33.47 14.18 20.07 9.81 12.52 9.43 4.69 3.34 3.66 7.89 4.47 5.53 5.49 3.8 4.76 2.99 4.14 5.32 12.75 28.46 11.82 4.42 6.91 8.74 4.84 6.23 7.08 13.54 5.45 5.47 6.82 5.18 4.98 8.04 5.63 5.26 6.3 11.16 13.76 21.14 9.97 9.43 23.45 24.29 12.41 14.12 10.25 6.67 10.56 5.57 4.89 4.72 8.72
8.88 6.49 10.01 10.31 13.08 8.84 7.2 2.55 8.3 11.49 10.61 19.7 18.23 19.08 11.8 18.15 12.38 7.16 5.12 2.79 3.32 5.6 6.08 7.09 10.54 9.22 6.8 2.89 3.79 6.35 10.51 4.55 4.13 4.14 4.99 4.07 2.46 9.05 10.41 6.6 3.82 6.83 4.8 5.2 6.86 7.42 5.98 8.47 10.37 17.58 11.03 8.01 11.82 22.18 14.28 14.75 18.09 7.46 4.12 5.19 10.43 6.19 8.44 6.32
11.49 9.59 12.33 11.61 6.6 6.61 3.4 4.35 6.81 10.24 13.11 16.7 16.93 23.03 25.12 22.78 9.97 6.46 4.85 3.06 4.52 6.41 6.93 6.44 8.54 10.71 7.19 4.52 2.91 3.84 8.66 8.69 6.84 2.78 3.67 3.92 1.41 4.1 4.99 3.32 5.5 6.7 5.41 4.43 4.38 4.39 3.4 5.24 7.03 12.58 12.57 7.28 11.96 14.82 10.7 29.57 13.84 6.7 5.13 6.11 11.35 20.06 9.53 8.37
9.48 6.83 15.46 9.96 6.64 7.55 5.33 4.82 5.45 7.23 9.77 24.81 14.63 14.0 45.45 21.35 7.5 4.4 4.95 3.8 4.06 4.91 6.7 7.49 7.33 7.31 6.01 4.03 5.56 8.88 15.73 11.25 5.29 4.74 4.17 7.27 3.48 4.75 2.44 4.37 5.41 4.44 5.24 4.85 2.36 5.45 2.29 2.06 9.7 9.27 14.4 12.91 7.6 6.34 14.43 18.26 16.94 7.92 7.16 4.69 11.84 6.5 4.83 6.46
9.69 9.01 7.7 9.28 10.26 4.74 4.63 2.82 2.97 7.59 18.1 19.57 9.5 16.23 26.11 21.97 8.64 3.73 4.21 7.7 5.36 4.02 4.64 8.35 6.18 4.24 4.66 6.32 12.06 15.62 16.96 5.4 4.77 3.77 4.8 3.41 3.67 2.52 3.53 4.06 3.81 4.06 4.52 3.25 10.91 10.37 2.04 4.27 5.09 9.12 7.28 8.9 8.88 3.2 9.51 15.79 16.93 11.58 8.24 7.18 5.13 6.67 9.29 9.09
10.49 14.86 13.85 12.81 11.02 5.58 2.85 1.97 2.26 4.4 20.43 11.2 11.53 11.25 14.44 13.78 6.83 3.63 6.14 6.02 3.24 4.88 4.57 6.14 7.22 2.44 2.62 6.39 8.08 14.07 7.24 3.52 5.88 7.88 2.38 2.91 2.38 2.26 3.44 2.24 3.16 3.06 10.18 4.32 8.09 9.3 3.69 4.91 7.82 7.16 8.67 6.98 6.91 8.38 8.21 15.67 12.98 5.12 9.08 5.92 4.51 7.04 8.29 15.73
14.78 11.54 13.3 15.93 5.69 4.88 2.03 2.72 1.43 3.72 11.47 17.97 14.58 11.02 10.14 5.57 6.51 8.09 5.57 3.44 5.38 3.99 5.29 8.35 3.89 2.51 3.05 3.37 12.43 10.37 10.97 6.75 8.32 10.09 4.86 2.93 2.59 3.5 2.06 1.29 3.41 4.86 8.63 9.44 5.79 5.84 5.97 7.55 5.8 5.65 5.98 10.35 6.72 5.34 6.86 13.66 6.08 11.2 12.04 7.13 6.27 6.06 5.41 8.42
18.9 11.9 8.33 7.01 5.92 3.98 3.73 5.47 4.69 4.94 15.17 11.58 11.19 9.47 5.4 2.6 4.67 9.84 4.75 4.19 4.22 7.7 6.11 3.09 1.83 3.07 3.49 4.0 9.08 20.81 13.48 13.09 7.5 7.42 5.82 3.96 2.57 2.55 1.41 1.84 5.31 6.52 10.0 10.55 5.6 6.2 8.65 9.36 9.37 5.67 8.06 11.32 8.1 3.5 4.33 8.41 5.62 8.99 17.93 10.98 9.42 5.13 5.42 6.74
10.2 13.18 6.22 4.68 9.72 5.86 2.88 5.3 5.0 7.8 12.21 9.09 5.07 7.48 4.73 2.51 4.49 13.37 10.29 4.41 5.32 4.35 4.29 2.21 1.99 3.58 2.28 3.74 6.0 9.29 17.11 8.08 4.88 6.16 6.75 6.04 3.77 2.0 1.58 3.14 4.12 5.88 5.89 8.53 8.76 7.86 4.68 9.94 13.35 3.21 9.54 8.67 6.1 4.12 6.54 8.26 6.61 8.41 8.67 19.77 8.51 5.06 8.1 5.4
8.42 3.59 4.65 8.09 7.38 7.43 5.1 4.56 5.87 8.71 10.86 7.46 5.98 8.42 5.94 5.08 6.9 22.13 19.03 9.47 4.89 3.74 1.6 1.78 2.83 2.92 5.66 3.58 6.29 20.22 11.7 8.29 7.43 6.87 5.56 6.8 4.05 2.26 3.4 5.31 3.38 4.48 7.12 3.25 8.12 6.61 4.73 7.56 5.75 6.18 8.19 3.87 6.05 3.97 6.26 7.99 5.94 9.02 13.82 8.86 12.21 6.96 7.05 7.26
3.48 3.63 5.31 7.47 4.43 4.53 10.13 7.95 6.33 14.78 9.48 8.36 9.97 6.64 5.41 3.14 7.45 18.81 13.23 8.5 8.49 4.91 2.75 2.06 3.77 4.92 8.84 8.26 15.77 18.57 9.84 6.46 12.27 6.5 3.62 6.27 3.68 3.1 4.5 3.3 5.28 5.19 3.82 4.9 3.06 8.5 5.82 6.77 7.44 7.44 5.82 6.13 6.34 5.25 5.32 7.31 4.92 6.36 6.13 7.63 7.54 5.46 5.15 4.13
3.38 3.37 6.66 4.4 2.33 3.83 7.01 15.36 9.09 6.99 11.1 8.06 10.0 3.46 3.3 8.73 9.52 14.39 11.33 20.27 13.58 6.33 4.66 3.25 4.67 13.88 5.57 6.52 23.13 8.7 8.46 11.69 11.33 7.86 3.96 4.48 4.18 3.79 3.72 6.25 4.98 1.87 3.48 3.47 2.78 8.58 9.02 5.99 6.07 6.59 3.98 8.34 8.73 4.42 9.23 14.67 6.53 6.72 4.89 4.11 6.58 4.23 6.31 6.33
3.9 3.07 3.08 3.18 1.62 4.5 7.35 11.62 7.62 12.4 14.26 8.03 4.84 3.16 7.66 8.06 16.65 13.62 12.8 10.15 17.49 8.2 4.19 5.52 7.85 8.13 9.13 8.28 8.42 17.81 15.92 8.45 12.23 9.74 4.39 5.6 3.99 5.54 7.86 10.41 4.82 3.37 3.0 3.11 3.62 12.17 8.79 10.48 9.42 4.04 5.57 5.8 6.11 6.09 6.13 11.55 11.36 6.33 2.72 2.67 5.95 5.7 9.11 4.42
1.95 2.61 1.68 1.63 3.04 3.3 4.64 7.08 6.29 15.0 14.0 6.56 6.55 5.12 12.18 13.99 6.59 11.44 10.83 17.23 21.28 10.7 11.81 7.53 9.19 9.22 4.53 11.36 13.31 24.71 17.28 13.37 19.16 12.04 5.22 5.47 4.83 5.68 16.37 8.08 6.56 3.91 3.13 2.73 6.89 5.41 7.13 5.75 4.74 6.12 9.64 5.04 12.76 10.57 6.83 13.24 13.14 6.17 1.98 3.2 2.26 4.56 7.95 5.74
2.9 3.29 3.53 2.63 4.43 5.69 4.7 9.2 14.41 7.2 8.08 5.89 9.26 8.22 10.85 6.32 4.79 7.62 8.45 13.5 15.39 9.05 7.09 6.98 9.73 6.98 5.1 10.19 9.79 16.21 14.08 11.56 15.14 9.03 11.99 7.69 5.11 11.04 12.22 4.17 6.49 5.16 3.92 5.59 5.73 5.51 6.3 6.31 4.22 4.66 15.38 12.17 19.48 14.83 12.97 16.48 6.73 6.29 3.49 4.38 2.71 2.96 8.43 8.0
3.44 4.4 2.18 3.44 3.12 4.65 4.53 7.11 13.68 9.69 11.63 12.95 11.89 12.11 10.54 13.23 3.96 10.65 10.14 5.13 7.03 5.88 8.35 5.99 7.35 6.61 4.63 6.71 7.04 6.97 9.28 10.5 7.04 7.08 16.4 12.91 8.65 6.46 8.48 4.83 6.49 4.8 4.57 6.5 4.14 2.89 5.88 5.06 3.34 4.76 4.98 10.69 15.66 17.43 12.32 11.26 6.99 3.66 3.84 8.58 3.03 5.67 14.09 15.98
3.84 2.28 2.85 2.69 3.99 9.63 4.23 8.37 8.94 14.61 12.4 15.4 19.21 12.34 15.64 12.02 9.06 7.34 11.15 7.04 6.7 7.6 4.87 3.01 6.5 8.27 4.85 5.71 4.56 6.69 12.97 12.82 7.06 8.08 10.2 8.96 8.33 9.65 5.33 10.99 4.07 7.06 4.04 4.27 4.82 2.45 2.61 2.94 4.68 4.14 6.34 7.82 8.01 10.97 8.55 9.53 6.87 3.68 4.91 8.69 11.62 7.85 23.38 13.35
2.88 3.91 2.31 3.1 11.53 10.53 3.72 5.87 10.03 13.87 9.29 13.86 14.25 13.43 10.18 6.1 4.0 4.63 6.6 11.33 8.97 11.22 5.32 1.57 4.57 6.13 3.36 8.45 5.83 12.28 19.03 11.13 9.25 4.52 7.37 8.65 10.23 8.5 5.55 5.2 6.42 5.96 10.46 7.27 4.8 5.16 1.79 4.44 6.67 6.67 4.75 3.91 6.07 5.79 6.81 6.89 5.85 3.65 5.89 10.99 10.89 9.1 13.6 9.09
