23.55 15.04 8.21 8.42 11.61 9.84 9.32 8.29 6.42 4.95 3.83 7.25 7.24 14.54 18.61 18.05 10.67 25.11 8.02 9.18 10.71 8.75 6.29 7.4 8.03 6.84 8.28 4.73 3.99 5.53 5.74 4.94 18.55 17.39 10.33 10.13 7.95 7.6 13.54 17.22 10.33 13.34 17.83 25.09 12.9 23.37 19.41 14.13 24.66 15.8 9.63 7.01 10.08 16.08 9.78 11.29 7.55 8.6 6.8 5.69 5.6 7.83 8.57 6.25
29.8 14.08 4.81 5.0 7.48 12.32 5.47 4.9 6.77 5.63 4.45 11.38 9.63 22.88 20.8 19.83 9.8 20.43 28.67 16.3 7.07 7.75 9.43 3.14 7.29 5.33 21.53 14.41 3.44 2.51 5.27 4.68 10.68 15.99 8.21 10.22 6.67 7.25 12.45 22.46 17.15 16.88 29.72 17.82 26.54 11.89 7.23 10.74 21.47 13.7 6.78 10.18 21.2 20.78 21.04 13.24 11.05 3.91 6.01 5.81 6.63 3.99 5.81 9.37
7.35 3.89 2.49 2.76 6.76 9.27 5.31 6.05 7.06 6.77 8.37 10.38 14.59 13.77 16.48 12.47 12.28 13.1 19.21 24.07 11.79 6.32 6.85 8.75 3.53 6.73 20.93 11.23 5.29 4.81 2.03 2.91 9.24 9.74 8.16 6.04 5.64 3.73 22.34 20.74 16.4 13.76 18.09 13.68 32.6 22.48 10.56 13.45 10.42 16.02 12.45 9.85 17.15 35.36 19.53 10.4 10.55 5.91 5.54 5.28 4.11 4.52 15.32 10.84
4.86 7.86 3.16 2.12 8.13 6.54 5.21 7.92 6.69 4.56 6.46 15.89 6.78 11.87 6.99 8.4 10.08 14.66 33.39 20.96 15.42 8.07 11.92 7.46 4.86 9.59 10.72 7.57 7.19 4.08 3.17 2.58 6.91 9.55 7.46 6.06 6.45 9.65 11.99 33.61 18.27 25.33 13.6 20.71 20.29 14.69 15.98 11.85 12.76 20.65 17.89 21.21 22.0 32.57 20.32 10.66 15.45 6.26 5.15 5.39 6.76 6.11 5.79 6.56
3.98 3.23 4.89 4.01 3.82 4.88 6.78 5.7 6.91 9.36 8.03 7.0 14.78 8.0 9.67 9.44 7.98 14.89 12.22 17.18 12.42 6.36 9.02 16.38 8.48 4.38 9.14 6.69 9.38 10.2 5.49 2.86 6.82 10.46 4.47 5.97 7.97 9.02 15.28 10.96 13.1 16.57 19.09 10.42 12.12 9.62 20.25 12.57 17.21 21.02 35.58 20.24 12.26 21.49 10.69 9.35 13.89 13.2 5.36 11.98 12.25 5.78 8.1 5.85
10.11 4.01 5.75 5.48 4.43 8.4 3.92 5.74 5.96 10.36 9.72 3.95 4.3 6.54 15.18 9.9 4.96 26.08 4.38 8.7 5.89 4.29 8.82 6.76 6.52 3.3 5.31 8.24 13.72 15.76 12.71 7.29 7.33 15.12 9.4 10.44 10.47 21.66 21.23 15.87 12.53 12.27 7.17 13.22 15.83 18.51 10.66 11.46 17.03 14.0 15.83 10.49 6.34 7.89 5.93 9.31 7.26 11.9 9.53 16.85 15.97 19.41 13.96 5.97
3.42 3.87 6.81 2.87 4.69 6.43 3.53 5.14 5.09 16.0 5.91 2.87 4.82 9.47 11.51 17.82 18.47 8.57 3.7 4.63 5.58 5.93 4.66 8.96 4.68 9.14 6.03 14.3 10.39 17.77 33.84 15.8 16.78 16.07 12.43 10.69 12.39 23.55 20.48 7.24 7.76 9.3 12.78 9.36 21.65 16.16 9.86 8.78 10.04 14.17 12.4 3.61 4.07 3.87 4.43 8.34 21.64 14.83 11.8 31.05 13.29 7.1 6.94 4.02
5.03 6.31 6.6 2.56 5.75 2.63 4.06 6.33 6.54 12.28 7.37 3.19 3.74 3.64 9.27 20.2 19.53 20.95 3.24 4.23 6.69 4.85 5.67 7.28 4.16 7.51 5.98 6.5 9.99 15.39 25.26 16.05 28.02 19.25 29.17 19.29 6.29 26.04 11.69 7.93 5.39 6.67 9.21 25.27 31.89 11.34 10.61 8.16 5.7 6.95 7.39 4.13 4.24 2.02 2.84 5.54 17.7 16.73 10.33 20.6 9.52 6.72 5.98 5.8
3.59 7.64 5.67 3.43 3.95 3.54 5.77 4.77 9.45 10.12 7.96 3.56 4.07 5.42 13.21 28.76 19.76 21.73 3.5 4.04 6.27 4.14 4.55 5.4 6.14 3.52 4.73 12.65 8.6 14.39 17.1 13.41 17.76 33.55 20.0 23.39 16.76 23.77 19.31 11.07 6.06 4.2 17.76 15.23 13.39 14.17 21.02 6.84 11.82 6.13 8.25 5.54 6.64 3.73 4.68 10.68 10.77 23.55 12.84 13.53 9.21 2.95 4.55 3.69
8.35 8.75 5.78 5.27 4.43 4.59 12.36 6.33 16.53 19.65 4.95 5.01 3.65 6.92 17.74 14.86 18.03 16.67 13.6 5.15 8.02 7.57 4.54 3.93 5.66 4.56 3.42 10.36 11.78 11.67 12.66 11.29 13.56 14.25 20.67 24.54 16.08 13.15 22.41 6.76 4.34 4.31 7.41 26.04 16.11 13.62 26.11 14.33 9.4 14.5 21.46 9.92 11.15 4.72 3.13 6.53 11.43 7.29 13.54 7.73 8.96 3.46 3.88 4.07
13.59 12.58 8.37 4.07 5.46 7.33 14.43 13.74 13.67 9.21 5.51 6.31 3.25 7.67 16.42 10.17 21.67 7.13 8.69 9.53 7.49 8.32 3.73 5.09 3.39 3.08 3.1 7.45 12.1 14.48 13.37 14.38 15.33 14.63 11.7 19.91 26.43 13.98 13.95 9.19 6.55 3.24 6.86 10.8 11.89 12.97 11.65 13.84 8.09 16.81 24.98 11.36 10.1 7.77 7.84 5.64 9.37 5.91 7.17 5.39 6.69 4.8 3.98 7.09
6.55 5.79 11.52 4.05 4.51 10.95 13.8 19.56 18.79 9.69 9.49 10.25 10.15 8.65 16.48 12.67 6.97 14.01 5.55 8.37 7.04 10.52 5.04 5.38 9.56 3.73 4.28 7.06 13.47 15.59 9.15 10.51 8.48 14.4 13.69 13.73 20.79 7.7 4.95 4.32 3.2 3.81 6.53 15.83 12.81 13.35 20.11 16.39 8.25 11.71 27.86 20.77 15.64 12.57 6.52 13.66 7.88 4.74 9.09 4.94 5.14 5.32 13.42 8.82
12.07 14.04 10.71 8.99 12.06 10.14 18.37 13.56 14.28 6.43 9.39 10.96 5.27 5.65 10.35 13.83 10.22 12.74 3.86 8.9 9.44 7.87 7.79 10.74 9.12 8.41 6.06 5.24 5.75 6.58 3.99 3.24 7.43 11.63 14.3 11.72 12.74 6.29 2.77 5.65 7.68 4.65 9.41 12.11 22.16 14.57 15.42 8.04 10.41 12.49 16.16 18.34 8.08 7.64 6.7 8.18 4.09 7.02 9.13 6.03 5.52 5.77 8.45 8.17
13.44 12.9 13.66 9.96 4.16 9.61 16.32 14.96 15.79 14.54 6.31 12.09 5.47 3.35 11.53 12.4 10.36 15.83 4.55 6.96 12.39 7.69 5.15 7.66 12.07 11.95 5.62 6.52 3.33 3.47 3.14 5.06 6.39 8.13 6.18 8.31 8.53 3.56 2.49 7.67 9.98 8.53 22.37 13.11 23.28 15.8 13.95 22.92 17.16 12.59 21.2 18.54 8.41 7.1 8.86 5.34 3.6 2.76 2.76 6.36 4.32 11.24 12.08 6.92
8.91 13.5 7.5 14.83 14.99 12.67 10.16 20.35 21.17 3.92 7.37 14.41 8.03 5.11 7.89 10.16 22.54 15.83 4.82 16.19 12.03 9.41 6.07 10.22 8.66 10.99 10.26 9.01 2.86 5.36 2.68 3.81 5.37 5.62 5.81 5.81 4.3 8.12 6.26 6.63 15.08 10.67 13.51 12.1 21.22 10.98 21.79 17.36 11.16 12.83 17.69 12.35 6.32 9.41 9.24 6.3 4.35 3.49 3.15 7.51 4.51 9.83 14.16 7.31
6.66 11.6 8.23 6.99 15.21 7.44 6.16 8.73 9.72 12.04 15.05 18.46 9.38 6.14 6.92 9.91 19.88 10.46 10.89 13.87 9.03 12.35 6.69 7.71 9.95 10.99 19.09 8.95 5.44 4.55 3.52 4.43 3.34 6.07 7.92 12.28 3.51 8.46 5.44 6.12 6.04 7.0 11.98 9.64 12.18 8.43 13.77 8.03 10.02 6.61 12.13 22.48 9.23 14.31 11.62 4.77 2.59 3.1 2.13 5.11 6.48 6.07 12.2 12.02
10.23 7.73 4.92 11.75 16.5 11.25 5.61 9.61 10.01 9.0 13.15 20.23 12.03 13.57 15.98 7.34 17.43 17.82 12.78 15.45 11.19 6.64 9.92 11.28 8.05 19.5 13.95 7.75 3.03 7.65 4.38 2.78 3.62 3.68 7.14 9.0 6.8 9.37 8.81 6.97 8.46 7.95 6.44 11.76 8.06 6.64 6.86 10.15 9.5 10.92 8.98 14.58 10.29 13.27 7.04 3.67 3.43 3.64 3.79 7.71 19.38 19.93 10.34 13.15
8.14 10.01 5.87 8.05 8.26 23.15 7.52 10.75 10.17 12.07 13.38 29.52 20.48 10.3 19.27 13.44 6.77 7.49 12.63 6.78 4.0 5.12 12.22 5.44 13.48 17.18 12.52 7.48 3.77 5.49 8.5 10.64 7.21 5.2 14.02 12.68 11.7 7.28 5.74 5.05 4.63 7.22 2.9 10.0 5.71 5.55 4.65 6.06 7.97 6.84 14.47 6.6 11.39 6.54 4.39 4.29 3.58 2.66 4.01 10.35 25.16 19.96 8.43 9.63
4.17 10.39 8.88 12.59 8.0 16.56 16.58 13.63 17.1 18.52 23.45 25.56 12.74 8.62 7.73 5.03 6.96 9.78 7.01 12.81 3.84 6.21 11.32 10.77 8.69 12.22 6.56 2.8 3.15 5.73 6.41 6.06 9.89 6.06 7.03 10.5 9.8 11.39 7.3 4.92 8.15 6.68 4.25 4.48 10.12 6.55 7.28 11.14 6.26 11.71 13.06 6.14 6.23 12.82 3.26 5.04 6.93 4.66 2.55 11.09 14.58 9.52 16.98 11.54
3.48 9.83 9.99 3.55 9.92 16.39 15.41 16.16 20.15 18.35 18.97 17.47 8.19 13.38 7.63 11.47 10.73 7.59 9.31 11.38 7.22 7.51 8.12 10.6 9.5 3.5 4.16 2.79 5.8 3.81 10.15 11.25 11.3 8.94 8.52 9.3 10.59 23.49 6.23 5.0 8.15 3.1 4.29 3.76 10.48 18.04 11.05 15.13 16.17 24.34 8.29 5.43 9.67 8.61 8.48 6.87 4.41 3.11 2.37 6.4 8.7 7.86 11.67 8.89
4.26 9.86 7.95 12.19 9.92 18.09 50.29 20.0 23.17 23.23 12.14 9.12 5.95 8.25 5.33 10.43 7.28 6.2 7.3 6.95 15.98 13.86 13.56 12.45 10.17 9.34 5.49 6.47 3.86 5.76 3.93 8.48 8.45 8.17 13.31 6.88 16.84 11.94 10.01 5.1 7.2 3.55 3.4 5.61 9.03 8.19 19.29 17.33 11.92 21.44 11.78 9.65 3.78 8.36 7.65 10.53 6.91 3.7 3.65 6.58 9.25 5.96 9.9 5.93
5.61 17.21 10.61 9.21 20.56 30.27 24.38 10.8 13.17 9.88 6.42 14.07 6.38 8.63 13.19 8.26 11.99 8.29 10.1 13.29 19.89 9.6 7.54 7.55 4.81 5.55 8.74 6.22 9.65 4.96 3.34 7.66 8.9 12.51 18.62 10.25 9.86 7.64 9.85 8.33 7.85 6.07 5.93 5.57 7.4 9.95 15.73 16.63 11.35 15.9 17.13 12.99 6.98 10.32 14.27 10.94 10.89 10.92 7.83 4.41 7.26 9.48 7.19 4.58
3.42 4.38 10.97 21.04 12.25 41.07 31.36 19.35 6.45 7.13 7.16 7.84 10.16 6.62 13.05 10.35 6.88 5.74 3.15 13.18 15.99 22.13 4.44 6.32 8.7 6.44 7.63 8.95 6.29 8.14 8.59 7.81 7.18 23.06 8.26 10.13 10.25 11.78 19.19 12.55 12.82 10.07 7.18 3.88 5.34 7.39 24.28 18.18 8.71 14.41 12.73 9.98 4.16 8.75 5.44 9.98 8.52 20.2 7.32 9.1 5.61 5.56 7.64 5.76
8.34 10.71 13.99 21.52 11.35 38.76 16.1 9.29 7.92 8.13 13.03 5.52 6.22 13.49 10.54 8.87 8.62 5.16 2.07 5.1 8.5 10.46 6.52 3.65 7.28 10.28 8.68 5.12 3.28 4.37 5.84 9.18 11.55 14.5 25.13 14.76 6.83 11.94 17.92 13.43 13.16 18.72 8.93 11.38 6.62 5.47 12.07 14.28 11.03 11.37 5.55 7.38 4.0 5.21 5.12 10.07 14.76 20.13 11.55 5.84 4.91 3.54 2.91 5.23
7.08 9.18 12.1 14.01 11.96 17.1 15.46 9.87 6.71 10.08 6.09 5.71 5.05 5.11 6.92 6.81 7.55 8.92 3.64 6.57 11.05 9.4 8.12 7.56 5.4 15.52 11.14 11.1 4.32 7.29 6.29 5.09 6.77 17.08 25.04 12.98 15.83 19.88 10.53 13.73 9.25 8.83 7.08 5.23 4.86 4.84 8.39 16.92 16.43 6.59 4.06 8.35 4.24 5.58 7.18 19.3 12.94 16.33 7.86 7.15 6.07 8.39 4.03 7.61
5.61 8.58 9.44 16.67 10.89 17.19 9.02 6.74 10.59 8.14 2.93 6.69 6.4 9.16 18.69 10.3 8.22 14.63 8.45 6.67 7.88 15.3 16.25 15.01 7.67 9.49 15.96 8.71 5.44 5.45 4.7 2.74 6.34 8.27 10.94 15.45 8.21 29.21 13.36 8.72 10.93 6.93 5.57 2.99 6.99 4.79 6.46 20.53 9.09 3.27 5.05 3.97 5.56 6.52 8.77 22.63 16.08 9.47 5.7 8.49 6.95 11.83 7.04 3.76
8.86 10.41 12.94 23.31 22.72 10.61 9.91 6.78 15.31 9.91 9.48 9.22 4.6 9.14 15.04 7.45 8.95 12.57 10.98 12.91 10.48 8.87 9.08 12.82 11.87 5.79 7.04 7.6 7.88 6.45 2.68 6.39 6.22 9.15 11.16 10.48 8.14 9.03 6.61 6.69 16.18 15.28 13.12 4.2 5.08 3.74 4.19 5.76 7.4 3.28 7.29 5.04 4.45 6.41 8.04 19.53 9.94 10.17 7.53 9.65 5.92 5.21 5.85 12.93
14.16 16.07 22.85 29.73 17.15 15.02 6.31 6.16 8.21 7.78 9.52 17.29 4.9 9.45 9.65 4.91 9.26 5.01 18.83 8.86 6.35 10.4 9.38 10.41 6.32 4.14 8.09 11.85 6.8 9.78 4.02 10.49 9.41 6.46 10.72 18.35 11.56 8.86 7.51 7.36 9.45 14.76 12.56 5.71 2.55 3.92 3.97 4.83 4.39 3.83 4.16 5.33 4.92 4.96 7.51 8.39 9.33 5.28 9.15 8.18 8.72 9.82 7.06 15.81
18.34 25.98 45.33 19.28 17.51 8.76 4.17 5.09 8.53 6.33 16.85 13.43 15.62 13.3 10.81 5.63 11.93 4.26 5.51 4.74 4.08 4.82 3.45 5.31 2.3 1.94 4.21 8.5 17.09 11.0 4.55 14.88 8.4 5.59 9.59 8.1 16.07 24.2 10.5 6.34 11.84 14.06 10.27 9.43 4.86 3.94 4.81 4.17 3.2 3.67 3.57 3.39 3.09 3.85 6.77 4.75 4.06 5.13 6.67 4.87 8.51 8.94 8.05 15.01
11.14 28.06 22.89 16.36 4.36 5.8 6.26 6.66 17.77 8.83 11.18 14.94 6.91 5.64 5.09 8.31 4.17 5.69 3.92 4.91 4.83 2.17 6.27 5.72 3.04 2.69 6.04 7.19 9.96 7.57 3.29 7.75 9.54 5.4 9.02 14.61 13.61 19.74 9.51 11.54 6.34 25.86 13.44 8.31 10.18 3.81 1.53 2.68 5.02 4.01 4.62 6.91 4.26 5.9 2.55 2.59 4.69 3.9 5.35 12.87 18.81 13.56 12.98 15.38
8.23 15.92 19.23 9.42 6.58 5.99 6.83 12.54 18.58 10.73 15.84 6.38 4.7 5.96 5.09 7.75 8.21 7.89 2.16 3.27 3.92 3.79 3.61 4.26 3.66 4.27 5.46 9.66 11.25 9.75 3.84 6.81 5.59 6.99 4.77 10.01 21.73 37.59 14.18 7.85 11.65 14.09 9.27 7.51 6.38 4.21 3.16 3.87 2.81 7.49 6.77 6.38 13.43 12.23 5.47 3.68 2.47 5.62 4.81 5.9 9.67 8.01 10.34 9.24
9.37 7.83 8.07 12.25 7.21 10.73 16.75 17.97 11.42 15.65 10.11 7.0 6.1 4.94 2.44 4.89 9.16 4.27 2.05 2.6 2.87 9.97 11.42 6.19 9.01 9.95 4.89 7.44 13.99 9.25 5.66 6.26 3.61 5.34 4.6 9.81 12.13 19.8 16.66 6.93 8.44 7.71 7.23 7.18 8.11 6.3 6.34 7.79 5.94 6.52 3.66 6.23 12.05 4.83 7.3 2.73 5.5 11.83 5.23 7.32 11.63 7.09 10.05 14.79
8.27 23.25 12.54 9.77 7.94 3.51 9.38 9.3 14.87 9.56 9.17 4.16 5.33 4.4 3.36 3.0 8.86 6.23 6.45 5.24 4.97 10.87 8.08 13.72 4.89 12.47 8.2 9.04 12.71 9.58 4.6 6.47 3.86 5.15 8.08 9.66 11.37 33.76 18.14 10.02 8.56 7.42 7.18 6.99 6.62 2.26 6.02 7.95 7.32 9.57 5.38 6.0 5.46 10.74 8.34 5.97 6.26 9.76 7.94 12.63 9.91 14.54 19.24 7.35
6.27 29.75 23.35 10.86 9.59 5.83 7.65 10.58 14.67 9.51 5.79 3.83 4.34 5.07 5.4 7.16 4.67 4.96 4.82 4.13 4.1 6.16 9.23 8.35 12.96 12.34 10.59 7.92 14.11 11.06 8.63 6.98 5.97 6.22 6.71 17.14 9.54 11.2 13.64 15.48 6.4 4.77 4.3 5.94 8.39 6.04 20.04 6.01 14.71 6.94 5.25 2.98 2.64 3.48 8.63 5.2 8.14 7.82 11.56 7.49 21.43 19.68 26.18 12.47
16.31 11.17 13.48 9.92 3.79 6.24 8.11 7.22 8.54 5.58 6.27 3.79 5.71 3.21 8.73 4.91 7.1 4.38 6.75 4.92 9.35 13.63 17.1 8.66 8.5 7.88 8.72 7.23 4.68 9.23 7.08 10.38 3.81 8.49 7.58 20.08 11.64 4.68 10.7 11.75 9.26 4.34 3.32 7.01 5.41 8.27 14.88 12.4 6.94 4.88 8.5 3.13 3.6 9.1 9.29 7.24 9.81 13.32 18.45 12.23 15.04 36.92 20.22 14.07
4.79 14.5 8.32 9.92 3.47 5.13 6.14 11.76 7.36 8.18 7.68 5.25 4.64 7.94 7.88 8.49 6.82 3.71 5.12 5.66 4.89 9.07 15.34 7.18 6.89 10.25 6.29 10.18 7.18 8.57 7.26 8.88 8.19 6.06 6.18 11.56 7.63 6.6 6.92 15.71 7.08 9.32 5.04 16.67 10.58 12.87 14.27 11.47 10.11 4.97 4.28 5.7 8.19 6.94 12.29 6.91 10.25 12.67 23.75 6.26 18.84 29.07 10.77 9.18
5.76 6.28 12.56 11.58 3.59 4.89 7.84 4.01 5.9 5.1 4.75 5.44 4.69 5.07 6.18 9.64 8.54 4.72 11.36 7.88 10.19 10.09 11.68 15.94 8.65 5.54 7.49 11.62 10.1 6.65 8.58 5.95 6.71 4.91 6.59 8.62 4.81 11.43 5.02 11.47 7.85 3.65 3.77 8.91 17.46 24.85 12.74 13.16 6.8 7.4 6.39 7.44 8.05 16.44 16.14 14.66 10.54 9.98 11.06 7.66 11.06 16.86 11.57 7.72
4.13 4.42 5.27 4.58 4.76 3.15 2.73 3.22 3.55 6.28 6.69 7.53 2.6 5.26 6.47 9.98 4.68 10.62 7.1 11.9 5.68 4.41 9.51 19.16 7.45 6.58 21.6 7.74 19.35 18.93 8.14 9.38 5.12 4.36 4.19 5.2 3.97 6.36 5.64 9.66 7.39 14.51 4.92 5.83 11.29 34.79 5.76 13.29 10.61 5.92 10.0 9.26 11.04 13.71 15.46 11.27 9.45 10.42 10.66 4.86 4.63 6.55 9.3 9.4
6.48 4.85 6.81 9.05 6.74 2.59 1.79 2.34 4.93 6.11 4.8 9.89 2.56 2.0 1.83 10.21 13.39 19.84 18.04 10.74 9.19 8.23 5.13 10.82 10.39 4.43 12.05 7.96 6.93 18.54 10.36 8.87 7.07 7.38 5.12 4.2 5.0 5.99 9.53 11.7 7.18 6.15 4.4 4.19 9.07 12.5 6.73 9.47 6.6 6.43 7.9 9.4 9.24 10.71 9.84 8.5 7.21 10.6 8.07 3.9 6.69 14.45 18.1 11.47
10.44 3.83 7.72 5.81 5.56 3.26 2.63 3.04 3.72 7.3 8.91 9.75 8.31 5.1 3.91 11.85 19.29 11.73 6.18 7.44 3.73 4.62 10.31 11.64 6.32 8.31 10.35 4.44 5.88 10.3 9.77 7.59 3.63 5.07 6.97 2.66 2.7 4.97 10.03 6.3 2.92 4.67 4.48 6.68 10.82 5.67 10.59 27.35 8.76 9.36 5.78 7.73 8.05 8.05 7.93 9.34 6.37 4.7 9.03 3.43 9.25 11.18 15.84 17.6
9.98 7.15 7.26 6.45 9.25 6.32 5.32 8.14 7.51 6.5 11.92 7.67 11.7 8.21 2.97 4.5 6.71 10.43 5.81 6.54 4.76 4.71 4.56 9.58 10.25 4.81 6.37 4.8 5.73 8.59 8.7 3.01 1.96 5.03 9.38 3.87 2.8 6.32 10.78 8.6 4.51 7.02 10.87 9.33 12.0 12.66 12.11 20.65 11.5 7.34 2.72 7.73 5.09 8.48 6.44 4.46 6.68 6.41 5.62 5.67 13.36 19.06 13.21 12.65
3.17 4.21 9.85 4.59 8.7 11.03 9.7 8.59 14.23 8.32 13.13 11.25 15.97 15.85 7.21 4.04 5.89 12.69 7.08 5.82 7.63 2.66 4.96 7.91 3.89 4.88 10.54 5.62 6.18 7.04 5.48 3.91 5.54 2.58 7.5 8.61 5.02 5.43 11.4 7.55 5.11 8.19 5.23 4.99 11.42 13.43 10.89 20.33 11.86 6.37 3.96 6.49 11.76 8.4 4.98 4.98 9.67 4.08 6.88 10.99 19.01 13.41 19.8 9.79
4.29 4.53 6.09 9.7 10.29 10.14 8.83 14.1 24.35 10.51 7.31 6.82 11.33 18.74 5.45 2.72 5.39 13.03 6.28 7.04 6.57 4.61 5.83 5.12 4.8 9.35 7.3 8.34 6.88 7.62 13.29 3.19 6.24 4.34 9.29 6.37 6.31 7.85 7.51 6.43 4.67 8.38 8.8 7.81 11.63 13.76 6.04 10.69 6.34 4.09 3.96 8.07 11.74 10.97 5.74 10.78 7.76 9.5 8.33 11.35 9.96 16.45 16.93 15.07
12.54 9.0 5.74 10.7 9.37 10.02 17.59 19.35 11.08 14.08 5.41 4.1 10.67 14.47 7.91 9.92 10.41 21.98 12.85 9.84 3.6 6.87 5.11 5.42 7.01 6.4 11.35 5.94 8.84 8.11 6.55 8.1 7.62 5.84 6.94 15.91 8.6 5.6 5.9 8.33 7.99 4.73 4.43 6.96 5.84 5.39 3.64 9.36 10.63 9.57 8.69 7.8 9.84 7.7 6.83 15.69 8.04 21.09 10.58 11.64 12.96 10.16 28.17 6.89
14.87 16.95 10.15 12.12 12.69 6.78 26.13 20.86 18.26 9.61 10.32 14.85 10.12 32.85 16.93 14.28 18.76 12.92 7.48 7.1 3.98 6.35 5.16 4.83 5.63 6.11 6.28 5.16 13.55 8.53 7.96 6.65 5.58 4.34 9.54 18.06 17.35 10.2 9.28 5.29 11.61 4.9 3.5 2.41 2.85 3.96 5.87 6.46 5.78 12.24 6.99 10.08 6.67 8.96 7.78 7.4 6.39 15.26 7.3 9.51 10.33 10.9 20.8 16.5
23.15 14.37 16.09 9.62 7.51 8.85 21.8 16.38 11.45 11.93 5.75 10.24 11.01 46.36 19.45 27.28 24.06 8.1 6.16 4.09 6.0 8.78 4.17 7.19 3.24 3.84 6.31 5.56 9.88 10.5 4.63 8.04 9.58 7.73 11.52 35.88 27.26 8.95 7.75 10.18 7.86 6.31 2.9 2.94 2.78 3.68 3.65 5.44 5.11 8.42 7.46 10.42 5.02 6.39 4.9 3.24 6.29 12.64 14.67 17.58 14.14 20.56 21.81 14.59
15.24 14.06 17.36 11.45 2.83 5.93 12.1 18.21 25.92 15.83 10.12 8.78 15.78 27.71 15.15 22.03 27.45 20.62 5.9 6.0 9.76 8.16 3.96 5.1 6.64 4.85 8.6 12.48 6.32 5.36 3.79 5.73 8.61 11.05 38.95 17.35 30.42 8.53 9.77 3.55 6.39 13.14 4.96 5.27 3.88 2.14 5.35 4.08 4.76 9.05 9.52 16.76 7.8 5.87 6.31 5.29 3.09 6.55 16.77 12.75 13.01 9.89 9.41 11.09
18.05 13.27 22.27 15.59 7.47 6.35 14.46 10.58 13.92 10.28 5.51 4.8 13.35 22.92 7.32 17.16 12.49 9.58 7.95 4.75 5.51 12.6 6.36 4.85 8.6 6.98 5.71 7.66 12.46 6.27 6.98 5.05 6.43 30.14 31.56 33.2 27.48 11.33 6.21 12.28 5.61 11.42 6.15 4.8 4.59 3.86 2.19 5.69 3.9 8.33 6.93 5.99 7.23 5.83 6.37 8.6 5.15 7.79 16.47 15.82 11.41 12.34 6.59 5.81
11.37 12.88 19.17 13.71 12.12 5.09 10.34 12.04 9.47 7.25 6.86 3.37 6.48 13.33 11.64 12.09 5.48 7.56 5.08 4.06 6.92 11.41 4.41 8.84 5.74 6.6 6.61 6.6 15.99 8.46 9.21 9.79 13.56 25.84 28.07 20.55 18.15 8.59 6.65 6.93 10.59 7.63 7.19 6.03 6.87 3.45 4.81 6.15 4.5 13.16 5.23 10.47 7.2 5.63 10.02 19.83 10.83 7.87 7.31 17.75 12.82 14.76 12.7 7.28
11.65 7.06 30.23 11.14 16.39 7.42 8.84 10.99 15.42 6.8 6.23 3.34 2.93 6.14 6.69 6.23 4.4 8.41 6.58 5.71 4.76 5.76 4.06 6.28 8.45 7.14 10.68 6.81 13.67 9.05 7.0 8.39 15.88 21.76 17.75 11.97 19.07 6.08 10.31 18.15 8.67 15.93 12.48 8.26 4.26 5.63 4.72 4.98 5.78 10.55 5.31 8.33 5.14 4.42 7.41 11.2 13.52 10.61 8.24 16.28 13.51 15.96 22.94 5.33
20.01 7.73 10.55 7.27 12.21 6.5 6.32 7.33 8.82 4.46 5.64 6.73 6.08 4.08 7.38 8.19 3.45 7.99 4.64 4.5 3.57 1.88 1.78 4.82 4.76 5.29 5.0 6.39 10.74 21.78 12.8 10.12 15.9 24.34 12.44 10.74 21.13 4.93 11.8 7.83 7.59 18.29 13.1 7.49 14.79 7.13 8.65 6.49 6.29 8.8 9.09 7.45 2.83 8.1 5.64 9.67 6.04 6.94 7.95 19.63 12.08 11.16 19.04 10.1
6.9 6.91 6.06 6.22 12.23 5.83 9.93 10.58 10.18 6.4 11.45 5.09 6.67 5.28 5.37 7.14 3.43 3.42 5.29 3.42 2.11 1.85 3.5 9.02 6.99 8.32 9.08 7.02 7.03 7.41 10.85 9.27 8.87 13.58 8.59 11.83 11.44 11.24 13.32 19.23 19.8 13.47 22.0 14.29 7.66 9.34 11.87 5.43 5.47 11.05 7.0 7.0 3.23 3.58 7.2 6.84 12.44 9.29 11.77 11.36 13.75 26.94 9.73 9.64
7.63 3.75 4.63 7.35 7.55 4.54 4.93 6.44 7.38 6.26 12.76 3.57 4.92 2.94 9.96 8.49 7.87 7.39 6.16 3.22 2.68 2.17 4.29 8.33 6.53 13.04 10.87 14.89 6.28 6.0 5.89 7.25 5.5 16.53 9.67 9.39 15.7 8.81 13.99 9.19 12.69 15.32 9.68 5.71 15.29 12.63 11.03 6.79 7.38 6.63 9.65 7.76 4.17 6.36 6.34 9.74 13.25 14.5 8.33 12.06 8.19 23.29 11.9 10.98
1.62 2.57 3.82 6.72 7.71 9.34 11.4 9.51 10.45 8.0 14.37 3.66 2.78 3.59 5.67 3.92 9.79 9.17 7.14 4.71 9.45 2.4 5.56 11.13 4.19 10.0 11.8 10.41 8.29 5.63 4.54 4.44 6.01 3.85 5.65 13.67 5.56 9.51 14.7 9.62 6.76 11.8 10.9 9.07 8.84 23.14 18.45 15.21 10.94 6.63 6.37 8.55 7.37 10.1 6.52 7.36 16.08 10.53 9.2 15.99 19.92 15.79 11.85 9.23
5.23 3.63 4.62 6.51 8.16 6.15 7.53 5.42 5.95 8.75 11.74 4.8 3.18 3.01 5.25 7.02 9.24 15.7 13.35 5.25 9.49 3.66 3.55 5.16 3.82 5.76 9.53 11.46 8.98 7.72 9.91 9.13 9.34 15.41 7.48 12.88 6.06 8.07 7.88 5.5 6.45 7.06 5.27 5.59 11.06 9.36 8.59 13.35 11.11 3.93 5.41 4.72 7.07 13.33 10.6 10.62 12.07 7.83 9.66 17.67 15.27 11.06 14.65 8.82
6.6 7.74 4.07 6.11 6.32 6.12 8.65 7.21 4.2 6.19 10.33 4.73 3.09 2.8 4.12 12.58 14.43 10.79 11.9 9.32 6.64 3.54 5.39 2.69 5.06 4.94 9.26 11.75 9.24 7.83 10.04 10.7 7.43 8.92 6.28 8.18 5.83 6.08 4.36 5.67 6.12 4.86 2.39 8.78 10.31 9.36 7.77 11.55 10.63 4.98 5.19 4.06 6.06 7.94 5.45 10.05 11.25 5.41 8.91 11.36 8.61 17.51 14.44 7.9
8.66 8.96 3.71 3.27 11.66 3.26 4.74 9.29 4.38 5.66 5.48 4.22 5.65 7.71 8.01 13.17 12.07 10.06 11.71 9.55 8.59 7.68 3.0 3.14 4.07 4.23 9.94 7.11 6.07 6.81 4.68 7.97 8.11 13.21 6.3 7.48 6.43 7.01 8.84 5.43 5.12 3.79 4.24 10.86 7.25 5.75 5.43 7.11 12.07 4.64 5.55 5.88 5.04 6.66 12.34 8.87 6.09 7.24 5.44 6.18 5.5 11.48 25.49 6.76
5.74 2.77 5.34 5.16 7.49 10.91 8.94 6.47 8.81 6.62 7.74 12.52 7.09 7.55 11.09 8.75 15.17 5.9 7.16 9.78 9.03 3.32 3.74 2.58 4.08 4.3 7.53 10.05 10.21 6.96 7.64 5.78 9.57 9.13 4.13 4.88 2.99 4.77 12.02 6.16 7.82 9.35 5.22 8.78 10.23 3.29 5.73 3.49 3.23 8.55 5.58 5.13 5.04 9.26 8.63 8.37 21.3 3.69 4.62 8.53 5.0 8.36 16.14 6.29
6.82 4.65 3.57 4.91 12.09 10.72 13.01 8.19 13.4 6.63 12.17 7.44 7.09 7.32 6.97 7.6 9.16 9.25 5.25 5.2 5.67 4.67 4.47 2.28 2.62 4.2 3.29 6.72 5.72 4.7 4.74 4.91 5.92 8.76 7.33 7.63 4.99 7.64 15.72 8.92 4.51 6.16 4.85 5.44 7.29 3.99 5.78 2.89 2.6 3.81 8.24 8.99 5.09 12.36 22.06 12.64 11.04 2.84 5.61 4.43 6.15 8.9 9.16 7.2
5.58 5.36 6.28 5.17 8.42 13.14 9.23 3.76 10.46 14.3 8.04 5.78 8.18 5.18 8.06 8.13 3.78 5.85 8.71 3.82 4.84 3.0 4.25 2.56 3.47 2.71 6.28 15.54 6.48 8.89 12.09 3.8 5.54 11.55 6.85 10.33 9.33 9.34 8.08 6.3 5.26 4.22 2.77 4.91 3.31 4.52 4.09 2.13 4.07 4.42 3.39 3.92 9.35 10.17 8.49 11.14 11.09 3.19 5.31 8.03 5.21 11.6 14.37 12.32
5.15 4.76 5.94 7.75 16.5 16.6 13.17 11.09 6.87 10.19 8.36 4.29 4.79 3.53 8.35 3.44 5.29 5.6 6.03 5.74 3.9 4.41 4.09 3.23 3.28 4.83 3.12 5.21 8.84 6.85 6.89 8.91 5.74 11.16 11.45 15.33 9.8 12.91 6.88 6.69 7.91 2.28 1.73 2.8 2.49 4.06 2.67 6.48 3.26 3.04 4.14 3.54 8.29 8.13 6.18 8.44 6.5 5.17 5.42 8.41 5.39 9.42 11.85 12.31
4.17 4.17 3.79 7.48 10.95 15.67 9.59 5.15 5.48 8.92 5.88 5.04 4.62 2.85 11.12 7.32 3.09 5.67 4.27 3.93 7.82 2.98 4.43 4.35 5.61 4.05 5.86 5.66 8.17 14.26 11.57 8.3 10.37 9.26 5.88 9.59 11.34 14.48 8.0 9.08 4.67 2.65 1.87 2.58 3.3 4.98 4.75 4.36 3.46 3.16 2.93 4.38 5.31 13.19 7.21 8.03 5.84 6.56 6.53 8.34 6.94 5.98 14.33 21.32
3.52 5.94 5.59 5.11 7.17 9.72 6.19 5.07 7.88 4.65 6.98 16.96 6.24 6.42 6.57 6.19 6.69 10.88 8.54 4.61 9.04 6.05 5.02 8.6 6.77 6.47 6.32 6.68 6.43 11.19 9.93 9.43 9.91 9.5 7.54 6.8 7.34 11.5 7.44 5.25 5.63 4.42 4.57 6.84 10.58 8.78 7.89 4.05 2.47 2.34 4.72 6.31 4.78 7.64 4.88 7.06 6.46 10.43 11.36 6.73 7.8 7.43 5.97 10.02
4.37 5.3 8.76 4.12 4.0 4.43 7.07 11.86 12.59 12.75 7.94 12.4 10.47 13.14 7.59 8.48 8.35 9.5 8.92 5.98 6.49 5.1 8.38 12.13 12.17 2.75 6.91 6.13 5.43 6.88 18.7 11.69 6.49 10.95 5.43 3.47 7.71 10.65 8.84 5.36 3.57 3.95 5.17 4.78 8.6 9.26 7.43 4.96 8.01 6.68 6.45 5.23 9.85 7.4 6.1 6.0 5.73 9.51 11.71 10.36 4.05 5.94 4.08 7.5
