5.8 6.79 6.63 6.58 12.22 11.77 10.01 11.68 14.37 20.51 10.47 7.35 4.81 4.35 3.9 4.97 4.23 5.55 3.4 5.2 7.23 5.76 4.58 6.94 13.94 4.8 5.44 6.29 3.98 2.45 2.85 3.44 2.61 3.06 3.89 4.68 8.81 8.53 6.94 4.12 2.55 5.17 2.88 3.36 6.63 10.58 5.28 7.17 8.04 3.67 5.45 3.99 3.67 5.09 7.28 9.78 8.31 8.91 9.55 10.06 6.93 5.53 5.38 4.95
9.13 7.45 9.43 11.51 10.95 13.94 9.72 22.63 24.85 18.65 9.72 11.8 10.98 3.0 2.31 3.5 7.11 5.2 4.79 5.03 4.52 4.39 3.77 4.07 3.71 5.91 10.8 7.99 6.97 5.36 3.75 3.71 3.04 4.34 4.65 8.1 4.46 11.24 9.0 4.9 3.06 2.26 2.56 2.63 3.77 8.3 3.71 3.6 9.32 5.23 6.49 4.2 6.84 4.55 8.21 12.17 16.76 13.17 9.33 11.63 10.83 9.36 6.82 4.9
6.12 13.45 7.64 7.72 4.77 9.48 10.55 15.88 15.37 12.05 10.78 7.42 6.84 3.93 3.41 3.63 5.05 8.23 11.72 6.51 4.29 3.69 5.94 4.33 6.8 8.06 7.82 9.3 5.48 7.21 5.17 5.26 2.63 8.51 6.22 6.77 12.06 8.86 10.58 8.74 4.07 3.76 2.2 2.36 3.31 4.37 3.27 6.66 5.86 8.1 4.72 3.79 6.8 4.64 5.05 11.59 12.79 21.43 16.75 14.68 11.76 11.33 9.21 5.97
3.99 9.01 9.28 16.61 4.45 9.48 12.07 9.49 8.77 5.53 7.57 6.04 2.72 4.36 8.23 9.0 9.78 7.1 10.96 15.36 7.77 6.35 6.4 11.05 11.07 8.64 8.49 6.28 5.46 3.91 10.68 8.38 5.53 2.54 5.67 8.97 10.62 7.97 10.67 9.21 9.23 2.79 3.36 3.04 5.92 12.36 11.62 8.46 18.15 14.79 7.42 3.22 5.42 5.8 5.06 9.02 10.31 21.39 13.4 12.85 16.75 8.63 6.94 2.03
4.38 4.9 10.29 6.72 8.89 7.37 10.01 8.27 2.42 7.23 7.75 6.28 4.24 4.47 4.41 8.46 10.29 4.28 11.49 12.05 9.76 7.51 5.33 12.38 7.77 23.46 19.69 21.9 10.65 6.1 9.41 6.15 5.22 4.2 4.78 6.99 17.66 30.86 13.76 13.35 16.65 8.93 3.41 3.39 3.82 7.82 4.1 7.21 10.98 12.13 8.89 5.29 8.19 7.99 4.93 11.3 9.14 15.96 8.63 17.81 18.47 9.43 5.12 3.4
4.6 6.72 4.32 5.12 6.15 8.85 7.29 5.18 4.56 3.95 8.21 7.21 3.99 6.61 6.57 10.29 6.9 5.47 9.23 6.22 9.46 6.27 6.66 6.68 13.79 14.06 10.57 17.41 14.56 8.66 6.2 8.23 7.46 8.41 10.09 9.94 18.7 43.74 23.89 17.14 15.5 8.0 4.08 5.12 4.2 6.82 2.81 4.01 5.54 9.58 10.46 4.61 3.39 4.07 8.35 5.4 4.15 4.55 15.2 10.29 12.08 8.71 6.3 2.4
6.09 9.52 5.63 5.59 5.17 6.67 5.9 4.21 3.08 4.56 5.07 4.93 4.85 5.09 5.5 8.42 8.59 7.5 10.04 5.32 9.79 10.78 9.79 8.86 8.99 11.37 10.08 4.81 9.56 7.42 9.49 8.52 9.77 17.04 12.48 15.86 16.93 18.83 8.66 13.36 7.79 7.21 4.15 4.6 3.41 5.96 5.39 4.2 6.82 8.63 9.17 6.37 5.1 3.14 5.7 6.66 3.69 4.03 6.46 7.32 11.5 7.69 5.52 4.84
15.86 8.0 8.47 5.59 3.26 5.24 8.6 6.14 3.93 5.68 4.25 6.39 5.04 8.48 5.48 4.32 6.21 4.85 14.16 5.53 10.86 10.76 6.72 6.24 7.95 7.29 5.01 11.32 13.49 10.13 14.36 10.85 8.9 9.28 10.35 12.26 8.21 7.34 7.36 6.27 11.44 9.24 9.51 6.29 4.3 2.37 4.98 4.14 5.88 7.5 8.44 4.61 9.33 4.85 5.32 3.71 3.27 6.23 8.77 11.94 8.23 9.79 5.24 8.54
7.0 10.13 5.82 6.05 3.6 6.97 8.7 7.54 6.15 6.94 4.36 8.46 7.12 5.03 5.95 6.1 6.11 8.44 15.73 14.15 8.73 7.82 5.58 7.23 6.36 8.31 2.94 7.58 8.64 10.15 11.04 17.62 6.99 6.44 5.77 3.92 3.76 4.88 4.45 6.41 7.28 9.2 7.52 6.64 8.12 3.55 3.98 4.76 13.77 10.99 5.4 6.81 13.59 6.47 3.18 5.15 4.31 4.38 8.89 14.68 15.77 8.33 3.31 3.91
12.15 9.0 5.19 4.36 4.92 10.46 10.69 5.97 5.5 8.88 7.51 7.68 7.33 5.73 5.89 4.71 9.34 4.79 10.82 9.18 16.34 8.63 8.23 8.21 5.87 4.44 6.53 7.19 7.69 17.05 18.26 11.16 17.54 5.66 5.24 5.06 3.76 2.06 2.18 2.81 4.33 6.68 3.69 4.27 3.57 3.39 8.91 4.25 5.47 12.73 8.55 9.64 6.47 6.6 9.35 12.96 16.13 8.89 7.11 6.75 8.22 8.71 3.31 3.03
15.11 15.14 5.18 2.74 3.53 4.16 4.09 8.87 10.15 11.43 14.65 29.32 16.57 10.95 10.8 7.51 3.95 4.02 8.69 5.59 12.1 11.46 11.43 11.63 5.62 3.88 9.39 10.04 10.15 12.13 13.16 16.18 6.63 6.55 7.43 6.52 5.85 3.15 2.04 1.6 3.22 4.28 4.9 3.83 3.7 3.97 3.12 4.55 3.59 10.87 8.44 15.68 9.86 13.37 10.28 10.92 16.1 8.24 7.28 6.85 7.75 7.9 4.95 3.89
11.73 13.48 8.31 6.14 2.38 3.99 6.84 6.4 9.55 15.72 18.24 14.63 13.47 5.2 14.46 7.58 7.22 8.25 9.16 5.8 7.57 14.03 7.25 9.38 10.5 5.8 5.84 6.92 4.12 8.06 7.84 10.05 11.67 6.7 14.13 7.74 3.79 2.68 1.62 2.46 2.11 4.24 5.99 6.4 4.52 3.21 5.96 3.28 6.75 17.34 15.69 15.37 12.49 9.96 11.26 10.27 9.93 6.55 9.61 9.15 9.12 5.44 5.44 3.64
14.71 12.87 10.46 4.64 4.82 3.62 4.25 11.04 12.53 17.12 14.21 11.79 7.85 5.28 8.74 7.33 9.22 6.24 11.36 6.19 7.91 8.48 16.68 13.33 4.44 3.46 3.83 4.27 2.59 5.29 6.32 9.25 6.22 5.8 14.33 11.82 5.25 2.16 1.78 2.11 2.1 3.58 4.69 7.39 8.63 4.43 6.94 4.13 10.84 18.67 20.83 9.89 17.41 10.24 12.04 6.6 11.79 6.06 7.84 3.47 4.38 3.68 4.05 4.93
15.13 14.0 7.82 4.51 2.85 2.49 3.4 4.59 7.08 22.45 18.68 18.81 8.44 8.6 12.24 5.53 5.08 7.64 7.98 7.8 6.99 11.32 23.36 10.1 8.68 6.29 5.58 4.04 2.62 3.43 2.32 3.89 2.85 6.63 9.91 13.22 2.87 1.68 2.18 1.76 2.54 2.54 3.95 5.13 9.61 8.24 8.51 13.6 12.12 27.72 14.73 16.64 10.81 21.63 11.74 5.36 5.76 4.36 3.43 4.68 4.2 5.08 3.93 5.59
11.33 9.93 5.01 4.21 2.58 5.78 5.22 7.85 5.56 10.8 15.33 12.51 6.5 7.49 7.34 6.28 4.78 4.04 4.89 4.16 7.23 8.2 15.17 19.67 9.82 8.01 11.82 6.69 2.64 2.42 2.89 2.19 3.13 4.59 17.33 10.22 4.11 1.63 2.5 4.17 3.01 2.63 4.19 4.09 10.47 7.91 10.72 6.18 13.92 22.74 25.95 15.69 12.02 10.46 9.22 7.79 3.45 7.26 5.47 5.77 9.25 7.91 6.51 4.48
6.9 5.29 3.74 3.9 4.1 3.82 3.94 9.43 6.1 5.86 9.37 10.38 5.75 4.84 6.38 3.32 5.12 3.48 5.27 2.56 7.16 11.27 17.72 7.62 10.16 8.58 6.27 6.4 3.87 4.87 3.81 3.52 2.77 4.41 4.72 5.82 6.34 4.2 3.57 4.08 4.29 11.31 13.37 7.97 8.4 8.79 8.19 3.53 7.16 8.61 12.28 10.79 9.17 10.73 7.18 12.17 9.79 10.68 8.87 11.98 8.56 5.06 7.23 6.93
5.3 8.38 6.12 7.39 3.64 3.66 2.83 3.02 3.17 5.0 7.01 4.82 6.24 3.7 4.67 2.48 1.94 1.11 4.48 4.0 12.34 18.04 13.77 6.57 11.69 8.38 6.02 5.5 7.12 5.88 2.49 4.42 2.57 3.27 4.73 5.6 4.84 11.54 5.29 3.43 5.14 5.3 26.2 16.83 12.16 11.02 7.78 7.97 7.91 11.59 12.52 4.34 4.08 10.4 15.0 7.9 6.02 8.22 15.12 17.42 16.49 5.5 8.72 9.89
5.15 10.86 10.88 9.92 6.27 4.85 5.62 4.36 3.59 5.92 9.79 5.88 5.58 4.05 1.63 2.24 3.11 2.67 3.95 5.19 10.08 17.35 16.16 7.6 6.47 13.32 5.68 7.46 3.81 4.84 4.3 3.47 2.48 5.23 5.46 6.33 7.72 10.0 10.64 3.06 2.29 6.96 13.38 21.14 21.78 17.0 9.02 9.64 19.04 16.71 12.5 7.86 10.33 9.57 6.43 6.54 4.22 6.98 13.96 33.73 23.53 9.73 7.1 7.22
5.89 5.9 12.3 4.38 4.01 4.51 6.41 4.07 3.9 4.57 17.86 8.87 6.15 6.34 5.82 4.44 5.02 8.06 14.25 12.38 12.91 13.85 21.08 13.07 5.33 4.51 2.79 3.93 5.6 4.84 3.71 3.73 4.41 5.28 5.1 4.16 6.23 6.55 9.49 5.82 8.25 11.11 35.62 23.59 23.51 8.47 8.9 9.65 18.76 6.64 7.35 10.23 9.45 8.63 7.29 8.87 8.29 12.32 15.63 16.88 12.97 9.56 11.54 12.27
7.59 10.81 12.13 6.92 5.28 7.22 4.26 3.2 3.03 4.41 6.88 7.88 5.61 6.05 6.19 6.81 8.15 12.07 23.61 22.76 20.47 28.33 13.02 8.21 3.85 2.37 1.48 2.87 4.41 3.64 4.74 4.56 3.67 6.88 7.9 9.76 8.5 7.9 8.74 13.26 10.08 20.11 28.61 21.57 19.74 9.1 8.48 10.35 8.91 7.43 5.04 7.83 13.11 10.26 5.44 8.91 8.48 12.63 8.81 7.89 11.22 6.26 9.28 9.8
10.37 13.64 11.2 8.04 4.97 7.7 3.64 3.78 5.57 7.63 5.87 7.28 5.96 6.05 4.61 8.28 16.71 21.83 33.63 12.56 25.69 15.73 17.74 4.16 5.24 3.2 2.43 3.04 2.97 2.59 4.27 4.37 5.43 6.53 10.5 9.99 22.78 13.12 12.53 18.19 10.64 11.78 15.81 11.42 6.05 10.42 14.95 7.8 5.16 6.05 7.23 7.06 17.35 13.1 8.18 8.36 10.74 12.08 13.75 8.57 6.84 8.08 6.37 6.76
18.26 27.44 9.36 6.53 7.39 8.2 3.13 4.06 5.07 10.36 9.35 7.1 8.75 10.44 11.08 12.96 24.09 23.92 21.19 14.66 17.61 10.18 13.01 8.98 9.29 5.24 5.59 5.98 3.0 2.65 4.49 8.41 2.53 5.28 7.51 8.14 6.83 19.45 23.06 12.54 14.82 11.41 16.31 10.42 11.94 6.98 7.7 7.24 5.95 6.7 6.42 6.54 9.32 13.58 11.91 10.31 11.14 13.52 12.41 9.28 5.98 3.56 5.7 11.34
7.22 10.4 8.68 3.67 7.88 11.11 4.46 7.81 8.79 8.41 23.54 11.84 24.23 8.34 16.98 18.23 23.79 21.41 17.21 13.07 12.95 17.1 11.63 9.62 11.5 13.07 6.76 6.38 2.92 3.99 4.15 8.45 3.78 5.65 5.76 13.86 5.4 9.84 12.01 13.25 10.4 7.6 4.86 3.69 9.16 5.4 9.68 6.2 8.06 10.11 9.12 11.24 6.54 11.34 14.09 20.63 8.51 6.92 8.74 8.01 3.72 4.33 3.67 3.28
7.62 8.1 8.0 3.79 4.92 5.43 2.39 5.91 18.93 10.59 14.45 38.2 38.81 15.1 24.47 17.76 17.48 16.21 20.75 12.45 12.02 6.44 12.19 18.53 8.95 7.95 6.91 10.54 5.23 5.61 6.01 7.43 5.34 4.59 4.4 7.2 10.55 6.26 10.91 11.29 5.06 2.98 3.75 1.83 3.26 3.18 5.78 3.14 5.86 6.78 4.54 4.76 8.87 11.5 9.86 9.03 10.24 11.88 10.17 8.52 5.57 3.88 4.53 3.49
13.09 5.92 11.03 9.36 8.15 4.66 3.09 5.08 6.93 11.34 18.74 35.06 28.09 12.38 15.42 17.47 11.91 13.15 11.17 7.45 5.25 6.95 5.13 8.43 15.48 11.44 9.59 9.4 8.22 7.37 6.0 5.62 5.51 4.87 3.78 3.83 5.71 7.45 10.69 6.66 7.33 4.32 4.33 2.48 3.39 2.41 2.73 3.01 4.19 11.97 3.06 4.0 4.31 8.45 5.97 7.45 5.3 13.04 13.37 10.03 7.17 6.28 3.7 5.74
7.53 5.02 6.68 11.65 9.72 16.48 8.15 7.08 7.52 8.54 8.82 15.97 19.43 4.87 5.06 10.99 7.86 9.8 4.5 10.61 4.1 5.27 10.62 12.01 10.3 9.88 12.83 13.6 12.82 5.01 4.86 4.33 4.58 4.99 2.85 3.06 3.93 7.41 8.95 6.34 6.37 5.55 6.14 2.56 3.18 4.33 5.41 4.11 5.75 11.57 10.69 4.34 6.41 7.54 5.25 12.21 8.0 5.87 10.5 9.45 6.31 7.25 10.59 5.62
9.15 9.14 6.77 13.4 14.91 9.88 10.86 13.83 6.64 6.45 13.36 18.57 12.05 3.65 5.43 5.2 6.47 9.75 9.06 6.55 5.16 4.12 7.37 9.7 7.18 6.47 11.24 9.43 8.88 7.82 4.8 6.0 6.46 9.76 2.85 3.65 3.05 5.06 4.16 5.12 5.26 7.38 4.43 5.63 5.06 4.75 5.69 5.58 10.75 12.05 7.9 7.77 10.86 12.01 5.85 5.49 6.71 9.25 14.46 8.93 5.89 6.76 8.27 7.28
5.7 7.91 10.08 7.46 7.52 11.22 9.59 9.97 5.81 3.28 7.99 14.41 18.38 6.58 13.06 8.41 11.43 6.42 9.27 7.37 6.73 5.1 4.08 5.07 5.57 7.9 14.89 10.15 10.31 5.52 7.43 5.22 6.21 7.05 3.46 5.43 2.46 3.05 4.95 6.36 9.3 8.6 8.19 5.14 3.8 2.38 2.68 4.22 9.59 9.83 9.39 8.75 9.11 10.04 8.7 6.19 8.03 12.9 10.68 8.91 5.02 6.56 7.63 10.65
8.17 5.23 6.33 9.07 10.31 18.18 17.01 16.23 12.73 10.09 8.27 12.24 8.7 4.72 8.99 12.44 6.4 5.5 7.92 9.99 4.48 10.44 5.51 6.95 5.04 10.31 14.59 13.16 8.73 8.59 6.91 5.83 3.14 5.53 2.16 3.41 5.32 6.22 6.0 4.59 8.52 5.89 6.67 7.22 2.93 2.29 1.94 3.42 9.29 5.52 4.39 5.65 12.45 9.81 4.24 5.73 9.3 16.51 5.78 9.45 5.04 11.2 10.48 20.61
5.88 7.21 6.52 11.54 12.86 11.63 19.91 12.95 21.46 20.26 24.75 16.57 7.87 5.12 9.76 9.4 5.52 6.03 9.76 5.3 4.55 8.45 5.11 3.78 6.62 12.53 9.71 7.77 6.27 7.19 4.66 4.67 3.7 4.78 3.61 3.0 3.62 3.83 6.97 3.89 6.36 3.51 7.17 8.23 8.66 2.58 2.62 3.09 7.8 3.4 2.69 5.79 5.99 5.79 7.54 11.1 7.59 7.61 13.84 10.97 9.9 7.31 10.8 18.55
5.87 5.93 3.77 14.48 11.65 15.93 20.07 22.14 19.18 22.7 14.05 10.32 9.26 4.54 4.51 5.49 10.57 4.99 7.89 9.11 3.44 8.31 4.59 4.67 3.75 14.16 8.16 7.84 11.07 5.9 4.75 4.32 5.13 6.37 2.77 4.6 3.95 2.78 2.58 2.55 2.66 3.53 4.18 6.04 4.96 6.14 3.0 4.19 4.75 5.16 5.28 6.48 4.6 5.71 2.81 8.18 13.53 10.69 8.76 12.37 10.08 10.84 12.81 13.98
6.46 4.64 2.99 6.13 10.86 22.19 27.07 24.52 27.29 47.17 25.82 13.99 7.92 4.78 5.11 5.01 8.75 11.13 11.96 5.85 4.83 5.88 4.86 5.94 5.8 9.58 8.35 5.26 11.31 11.54 6.82 4.5 3.84 5.15 3.43 2.77 5.63 3.39 2.84 2.71 4.61 2.52 2.47 4.07 3.65 5.88 4.88 9.79 5.79 4.23 3.2 5.68 6.6 4.72 5.37 7.49 13.59 14.22 9.07 10.23 3.37 8.82 12.46 23.5
3.82 11.84 6.3 5.39 9.53 9.47 16.52 12.13 20.67 15.59 15.44 9.58 6.96 8.44 8.75 8.86 9.68 14.05 14.4 7.27 5.83 8.98 7.1 6.34 8.57 7.48 6.71 15.39 16.87 13.29 5.33 4.53 3.75 4.04 3.36 5.87 9.38 2.82 3.13 2.66 3.35 2.59 5.45 6.02 10.97 8.36 10.09 8.25 6.29 5.09 3.32 3.67 5.04 8.46 12.35 11.74 11.81 10.28 11.81 7.83 4.68 3.84 7.55 11.13
7.5 6.11 5.96 4.51 4.87 7.84 14.71 6.73 15.43 20.13 11.47 4.77 4.81 7.23 12.68 9.36 9.91 7.79 9.77 5.94 2.59 6.44 6.17 6.67 6.49 8.91 7.69 15.46 13.77 9.53 3.55 3.6 4.72 4.62 6.82 14.08 13.85 9.86 4.24 7.78 7.23 3.28 5.08 13.33 8.97 6.81 7.15 7.25 6.0 5.61 4.03 5.93 6.79 8.65 7.07 5.31 9.8 9.32 5.65 7.07 4.02 4.1 3.37 4.83
3.27 5.06 4.87 3.23 5.2 7.22 8.99 9.56 6.35 13.9 10.42 6.26 4.24 7.56 4.89 8.97 4.53 4.04 5.82 5.78 6.64 5.93 4.53 5.35 6.9 5.8 4.85 12.05 12.41 5.03 3.79 4.62 3.51 2.74 4.25 9.11 9.55 16.68 12.56 9.51 6.96 4.91 9.0 13.99 14.6 9.63 12.73 8.31 5.2 6.06 2.35 3.0 5.2 5.38 4.83 3.59 5.85 6.53 6.29 8.23 3.97 3.4 2.95 4.1
5.14 6.84 7.33 8.19 6.4 7.6 6.08 6.53 8.69 12.03 9.65 5.88 4.98 5.59 3.64 1.88 2.35 3.26 2.83 5.82 6.56 5.22 7.67 5.04 4.81 8.6 12.63 22.22 13.68 12.79 4.33 4.11 5.75 3.34 4.14 4.49 11.63 16.84 7.45 4.0 2.98 4.05 7.43 10.32 16.21 10.63 11.45 8.28 6.89 5.13 2.52 3.81 4.91 6.18 3.11 5.4 3.68 5.09 5.81 9.05 4.77 5.84 2.99 3.17
8.07 7.66 4.88 4.63 6.17 8.21 6.52 7.32 12.64 13.54 13.54 7.92 9.84 7.46 5.0 2.61 2.44 4.88 6.68 6.24 9.46 6.79 6.31 6.18 4.5 10.35 15.25 19.78 10.02 6.12 2.68 3.51 2.8 3.44 6.38 4.89 9.45 11.89 12.39 6.85 4.15 3.51 10.99 7.25 5.78 4.38 7.8 12.63 9.09 10.66 6.77 4.96 10.29 5.63 4.73 2.21 3.56 5.04 5.6 6.33 2.97 4.22 5.18 6.91
5.56 11.26 4.87 6.61 8.94 9.05 8.02 3.8 5.49 7.8 12.07 12.24 8.35 3.81 6.04 5.4 3.96 11.84 11.62 10.76 9.1 14.9 15.66 6.28 5.44 11.21 11.08 11.96 4.68 4.91 4.57 3.87 2.8 3.0 3.46 5.83 6.12 11.36 7.09 6.32 4.88 3.52 7.39 6.65 5.82 3.37 6.53 11.36 14.76 24.84 7.67 10.73 11.65 8.68 2.36 3.78 4.94 5.84 8.81 5.68 5.43 4.39 4.3 9.75
8.03 5.67 12.39 14.81 12.17 19.69 9.38 3.9 3.71 7.69 14.62 6.89 6.73 4.0 4.17 3.26 9.75 13.36 8.47 10.73 13.02 13.7 18.65 13.5 5.24 8.74 7.18 9.41 6.59 5.83 6.72 2.54 4.16 2.69 10.01 3.8 6.08 6.28 7.7 8.61 6.4 4.53 6.77 6.28 5.51 4.29 5.92 8.19 12.59 10.98 6.3 8.33 8.08 7.37 4.21 8.37 9.58 8.79 5.1 5.84 9.94 10.48 16.85 14.79
13.51 7.95 10.69 6.48 13.28 10.19 8.2 7.92 7.89 11.84 14.68 16.71 7.3 4.98 3.37 4.56 3.97 11.22 10.45 11.95 10.92 21.72 17.36 14.41 8.5 14.4 10.84 11.89 6.17 9.26 4.08 1.92 1.71 3.31 5.68 6.88 6.62 6.06 8.61 4.19 11.51 12.96 2.89 4.36 2.75 5.31 4.2 7.83 12.48 18.53 8.69 17.31 16.25 10.99 6.81 6.81 10.57 6.97 5.86 12.1 12.15 19.53 23.52 30.31
4.27 4.68 11.28 8.78 5.71 6.07 3.91 3.34 12.17 10.24 13.17 8.3 7.95 10.74 10.54 9.48 8.92 17.27 14.95 8.54 10.77 11.67 13.83 6.67 13.82 15.67 13.45 5.65 5.68 9.71 5.95 3.38 3.44 6.09 6.55 5.01 9.58 10.85 8.46 9.57 9.7 8.44 5.88 1.54 2.13 3.95 5.78 6.6 10.03 9.84 12.33 11.17 12.79 11.06 8.17 8.67 9.53 5.38 10.92 16.24 29.71 16.05 21.57 16.39
9.33 6.81 6.17 12.84 6.08 5.23 3.17 3.56 6.08 15.15 6.78 9.56 7.12 8.71 20.59 15.13 16.55 16.67 23.78 17.02 14.8 12.87 19.16 12.39 5.94 9.31 11.42 7.3 4.77 7.78 5.23 2.52 4.11 7.87 6.04 5.21 11.22 10.27 10.33 9.11 8.89 10.37 8.53 6.19 5.13 5.94 5.52 6.66 11.48 8.62 6.21 5.17 7.65 8.58 4.59 6.45 10.8 5.85 4.45 8.16 21.1 15.28 14.59 22.24
17.03 9.54 14.22 9.62 6.79 6.21 4.54 5.98 7.55 20.98 15.15 11.15 9.03 11.77 12.11 5.56 6.11 19.57 21.16 13.47 9.07 19.67 26.91 12.75 8.12 8.0 9.74 8.2 6.77 8.87 6.48 5.92 5.41 14.97 7.44 4.25 8.71 8.68 10.67 6.51 13.53 6.71 5.82 5.82 10.26 6.56 3.42 6.66 9.94 6.94 6.91 7.44 9.42 15.13 5.79 11.06 11.94 9.24 8.71 16.32 13.29 14.53 8.72 19.07
8.1 9.84 9.51 13.74 8.92 6.33 8.82 4.96 7.35 9.17 10.25 11.53 10.62 13.68 13.84 6.66 6.06 20.01 18.22 14.77 12.99 12.14 14.68 10.41 6.85 5.39 4.02 7.89 5.25 7.72 9.27 11.97 13.32 19.62 8.11 5.59 10.72 6.76 13.48 8.52 8.29 4.21 5.23 6.06 8.63 6.98 5.75 8.29 11.97 5.8 7.97 10.32 12.87 13.15 6.97 10.61 11.18 15.91 8.04 10.23 9.69 15.43 21.73 8.89
7.73 5.81 7.79 3.63 8.15 6.04 5.05 2.93 7.69 5.42 10.02 9.59 6.04 10.79 7.83 6.94 9.17 10.32 22.46 12.83 16.66 13.29 13.57 5.88 5.68 4.22 4.52 4.75 4.64 11.68 9.72 8.04 13.23 12.71 8.86 4.41 8.4 5.46 5.51 3.45 4.11 5.57 5.91 9.55 5.3 5.66 4.94 9.05 10.22 12.05 8.15 21.52 16.48 15.05 8.34 9.45 12.44 7.84 5.68 5.2 4.04 3.9 12.28 19.0
7.01 4.9 5.57 4.48 4.02 5.95 4.41 4.31 6.11 6.43 9.52 14.33 10.01 8.05 4.63 5.07 3.12 4.07 5.92 14.87 13.36 27.13 14.43 5.34 8.54 3.33 3.82 4.74 7.79 6.07 10.11 9.81 15.36 18.44 6.98 5.77 7.08 5.11 3.19 1.78 2.92 3.28 5.83 6.83 5.11 3.35 3.21 9.34 6.77 6.22 13.2 12.47 7.91 11.21 12.35 7.03 4.01 4.79 6.02 7.27 6.72 3.84 10.32 6.33
17.07 6.69 6.68 7.65 8.11 8.42 5.74 4.27 7.93 10.34 12.03 11.27 11.83 8.18 5.51 9.1 7.94 9.46 6.83 13.07 14.07 24.21 13.06 6.33 6.08 5.91 5.1 3.87 4.75 9.9 8.58 11.34 14.44 11.0 11.28 8.41 9.64 6.31 2.42 2.36 3.27 2.68 5.34 5.33 3.98 6.62 3.76 4.54 7.01 5.27 12.71 9.24 8.59 3.68 5.54 8.04 4.1 5.1 6.52 7.19 5.83 7.26 5.7 4.27
19.48 11.92 6.2 6.78 17.66 5.92 10.67 5.64 10.81 15.2 17.9 12.15 9.39 12.27 4.59 9.47 12.18 18.95 19.19 16.11 28.64 16.23 21.14 6.1 7.05 8.85 5.56 7.74 5.13 6.33 10.61 8.41 7.32 6.49 8.71 15.11 17.54 5.98 7.17 6.98 4.41 3.95 7.22 6.45 4.6 4.59 6.49 6.49 5.49 5.88 9.44 6.35 10.84 7.99 8.33 6.17 8.28 6.11 6.86 3.57 3.2 6.47 6.84 9.34
20.58 8.23 7.91 9.79 9.44 13.17 7.62 11.53 17.95 20.18 16.34 15.16 10.21 8.51 4.89 9.15 9.42 16.35 19.82 24.83 21.86 20.69 17.87 11.45 8.81 8.73 18.56 11.44 8.66 5.66 8.15 10.64 6.02 10.29 17.9 20.24 14.29 13.96 5.24 4.68 5.38 3.74 5.74 9.4 7.82 7.98 5.57 8.69 7.82 6.87 4.99 6.22 7.62 12.7 5.52 10.86 5.73 7.56 5.7 9.49 9.17 8.99 5.91 4.46
14.88 7.77 7.89 15.67 12.09 9.21 7.59 11.3 17.7 18.58 12.24 7.15 8.26 4.64 5.53 10.07 11.89 15.13 22.38 16.63 15.67 13.25 19.27 15.63 18.0 13.88 19.47 15.59 13.86 7.12 12.64 6.55 17.43 16.67 26.42 19.02 24.04 8.31 6.27 6.95 7.74 2.38 3.71 5.36 6.54 5.49 8.56 5.4 4.67 4.82 4.89 3.67 4.27 4.82 6.41 10.49 9.28 22.91 15.96 12.01 17.27 12.1 10.42 3.52
45.15 11.58 9.57 17.52 12.68 6.34 6.6 7.2 12.84 4.97 7.98 13.59 5.52 8.07 6.0 11.83 12.1 8.78 14.54 13.08 11.2 12.14 9.84 11.64 20.75 16.84 13.98 27.94 27.83 34.58 14.03 13.63 9.44 9.77 16.95 11.65 8.3 11.97 6.67 6.19 8.9 7.55 4.48 8.43 6.31 6.96 5.56 3.25 3.04 3.85 5.01 4.36 4.42 7.43 8.53 11.24 14.12 22.67 16.05 6.28 8.23 7.21 5.99 8.71
9.71 6.1 15.88 8.57 5.22 4.06 6.43 8.64 7.98 10.37 8.16 5.07 7.64 5.79 10.8 14.62 13.78 18.62 21.19 9.22 8.47 8.78 9.58 13.46 21.7 22.57 13.14 13.44 35.57 26.16 15.24 19.09 11.18 10.25 11.29 8.87 4.6 6.08 6.67 5.54 5.79 5.68 7.07 10.01 8.82 14.09 11.36 3.67 2.97 4.72 6.2 6.19 6.17 6.36 7.96 8.09 7.24 8.04 10.93 9.7 11.42 6.97 6.86 7.46
5.29 4.66 10.03 7.5 6.5 5.37 7.03 7.35 16.61 13.89 5.34 6.14 4.96 6.79 8.24 9.71 10.03 11.92 13.18 14.72 7.02 8.21 8.15 26.94 20.7 20.15 38.21 15.98 13.93 13.01 19.04 10.55 10.12 7.69 11.16 7.41 5.88 6.43 7.5 6.52 4.81 4.53 9.36 14.96 11.71 12.06 14.24 8.12 6.6 5.3 4.38 6.3 7.49 4.9 1.72 4.08 4.89 5.8 15.75 14.08 16.86 10.67 8.13 9.74
3.29 2.47 12.1 8.65 8.92 4.54 10.66 9.89 15.78 18.01 9.3 8.65 4.68 6.24 8.3 7.83 3.54 8.16 6.84 7.07 9.89 13.81 11.6 16.75 25.49 30.02 34.08 11.61 22.11 9.06 14.81 17.09 9.07 7.08 9.74 4.68 10.33 8.14 7.22 8.74 3.48 3.61 5.3 10.24 15.46 6.6 9.83 10.33 13.44 8.67 4.6 6.31 6.61 7.09 4.22 3.8 4.01 7.59 13.34 24.37 15.41 10.11 7.71 12.76
2.96 3.5 10.32 12.02 9.19 9.12 8.08 7.33 9.64 23.07 4.61 7.4 4.32 3.15 2.72 4.91 7.68 7.46 9.45 10.17 10.87 17.18 11.87 12.31 13.69 12.65 26.08 18.89 16.97 9.09 6.93 9.75 15.66 8.1 7.7 8.16 7.69 11.96 7.87 5.17 2.4 2.1 3.59 13.62 6.36 8.88 15.1 9.61 8.64 6.23 6.32 4.46 8.87 8.08 6.54 5.75 5.0 4.6 8.96 18.1 20.51 18.09 16.87 10.97
8.71 11.59 16.63 7.35 9.17 7.27 10.43 8.91 7.38 11.7 7.69 5.41 1.66 1.34 1.64 1.92 7.23 8.5 6.67 5.43 11.6 9.01 7.95 8.21 13.41 10.32 19.97 12.31 17.35 7.99 5.18 4.76 7.64 9.83 6.84 4.89 8.66 8.23 3.88 4.57 2.28 6.78 4.99 8.36 8.88 14.53 13.32 9.27 6.07 8.05 8.95 9.04 8.03 5.48 4.59 4.48 5.16 5.23 13.13 24.5 14.07 5.59 8.89 9.76
8.65 11.26 15.43 8.12 6.27 8.28 10.12 6.33 5.76 6.82 6.1 5.22 3.48 2.35 1.8 1.56 3.29 4.56 3.13 3.59 5.12 9.39 4.91 6.49 11.7 11.23 24.46 15.03 13.03 7.11 6.69 7.51 9.58 6.8 3.72 8.2 5.22 8.06 7.44 8.54 8.22 5.84 4.85 4.95 7.67 6.65 13.99 10.41 5.78 5.7 7.97 15.28 4.93 3.35 8.42 6.07 4.54 3.63 7.96 20.61 9.1 5.57 8.43 11.63
11.46 7.85 11.94 7.37 12.31 12.69 8.36 5.41 6.18 9.44 5.83 3.91 5.1 2.41 2.12 2.02 4.19 5.26 4.85 6.13 5.96 9.06 2.41 4.0 3.59 8.59 11.89 15.0 12.83 15.52 12.09 11.81 10.35 9.65 9.66 11.35 14.68 12.14 11.68 17.48 8.76 5.83 6.8 6.53 8.36 8.64 9.56 10.65 6.93 6.83 9.17 8.44 9.24 4.19 4.45 6.72 4.04 3.02 3.34 8.24 8.24 9.29 9.14 11.27
14.87 17.53 8.63 5.66 7.62 4.7 9.0 4.29 9.56 12.25 7.78 7.68 5.62 5.66 3.67 3.12 4.69 7.4 6.41 5.17 6.33 5.21 4.1 2.99 3.76 7.29 10.2 12.2 14.3 15.53 29.43 13.61 16.21 5.61 11.29 11.35 18.03 9.76 16.7 28.76 14.54 7.32 8.39 10.04 9.25 7.32 7.4 11.29 8.37 7.88 11.96 10.96 11.68 8.33 15.29 6.98 4.24 3.08 5.46 8.11 7.47 6.66 11.08 5.18
9.58 10.3 8.39 7.61 6.61 4.32 4.86 7.49 5.42 15.15 5.64 7.67 15.76 19.79 3.82 5.69 5.38 9.65 6.77 9.09 5.86 3.86 3.09 4.26 3.62 5.94 10.97 9.88 14.76 10.8 16.62 9.13 8.75 5.25 8.22 16.87 10.7 16.49 14.5 26.41 13.94 11.79 10.01 11.87 6.69 7.23 5.21 11.62 5.53 10.95 8.2 11.15 5.97 10.21 7.8 6.76 4.1 5.73 6.75 9.15 21.15 18.91 14.35 10.4
6.23 8.2 9.51 11.11 6.35 6.61 5.02 8.41 8.52 7.95 8.73 5.6 5.58 7.49 4.13 4.98 7.76 10.54 11.27 11.97 7.77 3.7 4.4 4.72 7.72 4.25 4.1 6.76 10.5 6.95 10.12 4.57 5.41 4.14 6.7 13.09 13.01 16.38 20.43 20.06 9.8 6.91 9.2 11.28 8.11 9.95 8.88 11.13 7.63 10.24 11.6 9.73 13.26 10.49 11.77 2.94 2.98 4.9 12.02 13.58 8.77 14.49 26.7 10.04
4.41 8.83 12.85 9.48 7.11 5.7 4.48 5.16 9.73 6.3 8.5 7.6 6.27 3.85 2.8 5.75 5.48 4.1 5.39 6.16 9.98 3.97 3.58 5.23 3.92 2.94 4.74 7.77 9.11 6.12 6.88 9.33 9.23 10.76 10.48 14.11 8.03 18.5 9.58 13.48 5.98 13.46 12.71 9.9 8.32 12.06 10.85 6.46 9.61 13.92 13.8 9.58 15.35 15.25 22.44 6.63 4.61 7.83 10.44 12.81 13.13 6.67 8.83 10.62
8.1 5.02 7.53 5.83 4.32 7.36 5.71 4.18 6.57 14.35 9.9 7.1 5.48 4.94 3.73 6.51 8.15 1.89 3.62 4.41 5.02 5.87 7.14 2.96 2.87 3.9 2.97 4.76 3.56 5.04 6.55 3.06 10.95 23.33 26.09 19.18 10.91 22.14 16.07 24.98 15.85 15.45 11.21 10.95 9.39 6.11 9.08 7.43 11.16 20.04 35.13 20.19 12.7 11.15 11.43 7.63 4.44 8.97 9.39 8.06 8.82 7.56 7.89 10.44
8.17 8.6 8.69 7.55 4.53 7.36 6.77 6.43 4.99 7.78 6.9 7.86 4.65 3.7 1.87 9.07 6.56 6.14 2.95 4.57 6.6 8.45 7.12 5.8 4.09 6.86 5.29 4.41 3.32 4.7 7.96 9.21 5.25 9.89 24.22 16.48 17.78 20.33 23.0 27.34 29.04 12.9 14.52 9.93 6.1 8.28 6.7 6.83 10.62 24.16 32.22 32.22 31.36 21.61 8.54 4.32 4.55 7.57 9.81 7.03 6.35 8.79 8.23 10.65
