9.14 15.02 6.99 15.73 12.58 10.63 9.57 6.85 6.83 2.89 6.06 16.35 22.63 27.13 12.96 8.87 15.64 13.08 4.31 5.67 3.11 4.57 4.87 10.15 8.23 5.82 7.28 4.84 4.07 4.04 4.24 4.7 5.09 7.42 12.38 8.67 10.73 10.5 11.12 10.99 7.76 7.1 4.54 8.52 7.23 4.95 5.15 3.38 7.64 10.66 9.92 8.03 9.9 12.36 9.31 9.05 9.03 5.99 3.6 5.37 9.72 7.44 6.3 3.76
8.4 8.33 4.26 11.15 11.12 12.3 9.04 8.95 12.63 3.34 6.04 13.38 12.38 17.83 22.57 13.3 4.89 8.64 5.57 3.82 2.31 3.04 3.8 6.61 9.38 8.2 9.36 5.34 6.2 5.45 7.02 5.24 4.96 9.53 13.06 24.31 9.33 15.59 18.45 12.97 7.33 8.33 4.89 9.04 9.54 11.0 5.11 3.47 7.4 6.88 3.85 9.98 7.73 11.78 10.01 10.62 13.38 10.82 3.44 3.84 6.37 8.41 5.25 8.26
6.91 6.87 4.21 7.38 12.61 9.67 15.05 13.77 6.36 4.72 4.38 12.84 14.67 23.46 12.84 8.98 4.52 6.07 2.25 2.6 3.12 3.89 4.97 7.26 6.62 6.2 5.39 4.21 6.68 8.67 7.89 3.11 3.92 10.34 11.5 11.57 7.59 15.13 10.97 12.3 8.76 3.64 4.21 8.36 6.13 5.95 11.77 5.0 4.6 7.1 4.01 6.88 7.83 16.22 11.04 11.47 13.15 6.76 6.24 4.98 6.73 11.17 21.76 22.48
4.44 10.46 10.34 8.41 12.28 8.39 18.62 12.53 9.42 5.94 6.12 17.09 14.26 28.07 22.39 8.72 6.75 8.83 4.33 2.83 5.08 5.14 8.99 9.44 9.7 10.11 7.71 4.52 3.83 4.26 8.36 8.85 5.04 9.0 5.4 4.96 5.43 7.78 6.35 6.05 13.3 3.05 2.02 5.93 5.61 4.7 9.44 8.45 4.32 4.43 5.63 13.41 14.48 14.41 10.03 12.12 12.63 6.84 7.72 6.62 6.39 17.28 19.18 23.54
5.71 8.8 10.36 11.91 4.92 13.12 21.51 13.32 4.08 4.51 3.06 11.15 32.95 29.85 33.76 15.64 14.3 10.29 5.62 7.23 7.36 12.33 16.03 17.05 7.17 14.46 12.86 4.98 9.4 7.74 10.65 7.7 8.08 5.83 5.73 8.31 6.16 6.01 4.97 4.41 5.71 3.78 5.86 5.07 6.54 10.02 13.1 5.89 3.48 3.99 6.3 13.25 11.98 6.8 6.12 12.6 16.63 5.9 7.33 10.2 5.51 8.39 18.51 8.03
8.44 6.3 5.28 6.25 8.66 12.74 15.21 10.95 5.82 3.09 5.24 7.43 19.62 17.98 17.02 15.83 19.87 12.59 3.5 2.48 8.84 23.47 14.3 30.44 20.63 17.9 8.65 5.97 5.08 3.81 14.64 12.84 9.36 5.52 5.02 2.45 6.33 4.76 2.84 4.69 5.22 7.59 14.04 9.44 2.77 6.71 9.3 7.84 7.17 4.24 6.15 10.08 8.36 6.03 6.54 10.86 6.65 5.51 5.38 7.36 5.57 5.39 7.59 7.41
5.83 8.86 6.45 3.38 11.78 30.68 29.84 17.56 9.3 6.27 7.44 10.55 20.74 13.96 13.01 34.47 14.81 10.73 4.58 3.43 8.45 15.02 11.26 12.83 26.68 14.97 7.35 5.51 4.22 5.9 9.15 8.68 6.72 3.5 4.31 2.77 4.2 3.42 3.69 2.79 6.1 7.72 12.55 11.64 2.84 7.28 9.75 8.57 11.12 3.37 8.89 4.19 9.48 5.08 6.63 16.2 6.29 3.87 2.58 4.37 3.25 3.86 5.13 3.75
10.6 6.64 8.1 5.66 10.95 27.89 14.86 11.07 10.0 4.38 7.78 7.92 9.62 10.23 14.28 34.15 16.69 16.58 6.04 3.46 8.63 13.15 13.17 20.38 20.78 11.68 8.58 6.14 7.69 8.47 9.62 7.01 6.34 11.96 4.4 4.01 5.88 3.38 3.38 6.17 6.56 5.97 10.43 7.83 4.67 13.47 7.58 7.39 11.56 10.29 15.15 9.16 7.56 7.61 10.25 16.38 8.0 8.91 5.27 5.24 4.09 2.81 3.58 8.19
10.56 9.5 11.53 9.74 8.87 26.47 16.35 16.79 7.7 3.61 13.45 9.44 3.85 10.71 25.57 24.56 19.34 18.44 11.25 6.06 5.93 11.07 6.56 14.37 14.23 8.4 4.24 9.47 13.67 7.76 8.2 4.07 4.75 5.41 7.31 5.26 6.06 6.47 3.74 5.51 4.35 2.55 5.11 7.24 11.7 6.24 7.26 3.42 6.61 11.49 14.28 9.74 7.38 6.56 5.13 12.59 5.03 12.26 6.63 10.18 15.05 5.93 6.0 9.53
12.82 13.63 20.54 13.12 7.0 13.7 24.49 12.48 14.14 7.78 6.29 5.26 2.36 4.99 16.43 9.78 7.17 12.62 8.56 4.75 6.43 3.71 2.53 11.21 10.86 8.06 6.12 9.0 7.18 13.85 5.45 5.96 4.06 3.28 5.68 6.39 5.41 8.77 5.07 5.52 4.33 3.66 2.47 3.46 7.44 8.04 7.5 4.41 9.13 16.84 12.03 7.5 6.72 7.87 6.63 9.6 10.3 13.78 6.86 6.74 8.96 4.37 8.1 8.16
15.12 13.44 17.71 10.39 8.68 5.09 7.32 11.16 8.29 8.51 6.1 10.15 10.31 6.45 7.66 6.91 5.98 6.37 8.21 7.06 7.68 3.07 5.26 6.45 6.52 13.04 9.61 14.93 9.76 11.77 5.51 2.23 7.85 5.36 4.18 2.72 5.09 5.98 8.29 5.86 6.46 2.9 2.34 4.66 3.85 8.34 4.72 6.47 4.84 6.73 12.45 5.12 11.83 15.53 9.6 9.72 8.25 6.48 7.43 8.76 8.78 4.98 3.37 7.75
17.62 16.11 8.68 11.45 17.54 10.05 6.3 8.5 7.65 4.86 8.33 10.45 16.25 11.89 7.87 10.32 5.4 7.62 4.86 6.79 6.85 4.59 5.81 6.15 2.89 14.94 16.59 11.04 13.6 8.94 3.12 3.02 5.51 3.18 1.99 6.92 9.89 10.41 6.88 3.78 5.22 4.38 4.27 6.14 6.37 9.32 11.18 9.44 10.78 3.86 6.46 7.26 10.35 14.04 25.34 11.04 10.08 6.97 10.08 6.49 5.29 6.07 5.65 9.58
14.46 13.71 15.88 19.38 23.74 10.41 8.13 4.97 4.44 3.31 10.45 17.64 13.95 7.14 9.91 7.04 5.15 3.87 2.78 4.53 11.18 5.11 9.48 6.57 8.22 10.66 12.31 8.71 18.85 8.36 1.95 2.11 2.49 1.82 2.59 6.9 14.27 21.08 5.77 5.08 7.17 8.92 5.84 5.48 15.55 11.72 10.53 8.22 7.8 4.19 3.91 7.29 10.25 9.01 15.16 11.53 7.0 5.75 3.89 3.77 5.43 7.7 10.35 4.59
10.59 22.11 20.76 41.45 34.42 8.08 6.25 4.17 3.62 8.92 12.33 16.2 10.36 5.24 10.57 10.77 5.71 2.57 2.97 3.92 8.92 12.1 9.67 10.48 10.32 4.83 11.6 11.5 3.79 3.62 2.17 1.56 1.2 0.88 2.89 3.32 7.42 6.78 3.34 3.97 8.25 5.42 3.33 2.82 6.22 4.56 6.1 11.46 7.27 6.06 4.16 2.84 10.4 10.81 12.97 10.78 10.0 5.07 3.5 3.26 7.57 6.12 8.15 6.54
10.38 20.57 19.05 21.82 50.82 16.26 8.45 3.59 4.91 11.87 10.57 20.65 15.73 7.37 10.46 10.37 9.96 3.55 4.86 7.6 12.12 9.78 12.0 8.71 8.64 12.56 6.15 13.36 5.06 2.87 3.05 2.13 1.14 1.63 7.25 7.53 11.08 9.81 3.51 2.16 5.54 5.7 3.3 4.39 4.99 5.29 5.96 11.43 4.46 6.43 7.26 3.42 9.96 9.36 8.14 9.47 12.34 5.29 4.55 5.02 3.73 3.56 2.77 7.82
11.16 8.61 15.78 16.69 24.96 11.59 3.34 2.31 4.28 5.54 8.42 11.45 16.13 13.08 7.57 7.86 10.38 4.7 6.96 13.02 8.26 11.14 11.1 8.99 9.43 10.56 7.96 9.46 5.99 5.21 8.05 3.59 4.13 5.7 6.27 8.54 11.19 9.52 5.18 6.59 4.87 5.76 3.72 2.99 6.52 6.2 5.19 11.01 6.47 6.77 5.14 4.68 5.72 6.58 10.2 8.42 9.46 3.12 4.47 6.19 5.49 3.83 5.95 12.89
6.46 8.46 9.06 7.67 8.58 9.43 9.18 3.21 5.06 5.3 9.1 6.07 15.98 11.64 9.85 9.8 7.46 8.01 6.77 13.6 8.6 10.81 13.13 12.28 21.29 6.1 6.97 10.64 11.19 6.81 8.78 5.49 3.77 6.85 8.71 7.84 7.48 11.34 6.89 5.67 3.78 1.45 3.27 6.13 4.51 5.42 6.0 7.6 4.36 9.83 7.91 9.59 9.05 9.12 6.71 7.34 6.52 3.39 4.23 4.9 8.11 12.72 10.33 15.63
5.22 8.02 13.52 11.38 9.73 15.38 6.18 4.03 3.72 7.27 8.61 15.27 12.48 10.63 9.05 6.64 7.59 9.53 7.86 17.14 9.48 17.06 8.27 10.37 19.46 5.88 6.33 11.05 7.59 5.06 3.84 7.15 3.65 4.0 3.77 7.34 6.09 7.12 6.75 6.2 3.15 2.5 3.61 3.14 7.45 6.75 7.22 8.01 5.8 7.12 6.47 7.21 18.08 19.53 7.1 4.02 6.68 9.01 4.93 5.72 6.8 12.18 19.98 15.31
3.92 3.92 9.29 15.25 9.04 9.14 9.75 5.57 4.09 5.08 7.9 7.71 9.41 10.37 11.49 6.74 4.94 7.23 17.21 15.93 7.51 8.03 12.92 9.28 13.54 4.52 5.76 11.25 3.46 4.98 2.25 4.5 3.18 3.5 4.69 12.03 8.49 5.45 10.17 6.9 2.59 3.01 3.81 3.35 2.61 7.13 5.25 6.93 3.14 6.91 4.99 5.47 16.96 9.96 3.52 6.31 7.7 9.41 6.85 12.17 18.12 21.2 16.55 14.61
2.58 5.92 4.34 8.38 7.06 9.82 5.67 7.38 7.13 6.84 11.78 5.22 6.15 7.18 9.93 4.82 9.92 15.04 10.42 8.42 4.92 7.77 16.49 15.87 12.23 4.82 8.1 10.75 4.16 2.49 2.61 3.99 2.26 2.08 5.88 6.16 10.58 6.4 10.22 5.49 3.89 2.47 3.5 2.96 4.41 4.75 7.81 13.22 5.64 3.5 6.69 7.06 3.75 6.6 11.27 4.86 8.65 9.67 6.76 8.59 18.51 17.9 19.33 16.99
3.01 3.21 3.99 6.26 5.1 6.21 5.53 4.99 6.4 7.76 11.13 6.78 6.66 5.08 4.91 4.37 5.26 7.41 5.5 5.94 5.39 6.32 7.15 7.89 3.69 3.35 4.92 5.8 7.04 4.48 2.07 2.55 3.1 5.5 5.66 8.31 6.45 5.52 4.49 10.74 7.21 6.41 4.58 4.58 5.39 3.54 9.27 12.82 5.91 5.59 11.15 9.93 3.35 3.0 4.65 9.19 8.96 5.99 17.42 7.75 19.27 13.8 12.94 11.69
3.84 3.94 2.78 5.77 5.9 4.02 8.37 9.37 9.23 11.54 9.9 19.27 6.96 8.37 5.82 3.07 7.27 9.4 9.36 5.77 8.56 4.81 5.86 5.75 2.98 3.58 6.85 8.66 5.5 5.07 2.8 1.89 4.45 4.16 12.66 9.84 11.99 5.75 2.59 10.58 6.39 5.36 4.12 8.76 6.89 4.04 6.39 4.84 3.47 5.49 12.76 5.94 4.77 4.49 3.87 6.64 6.92 8.25 7.06 7.7 7.93 6.92 7.78 7.2
4.86 5.32 2.46 3.35 4.97 8.73 8.46 13.66 8.29 6.89 14.49 20.49 19.59 6.6 4.59 5.04 8.17 13.59 11.87 9.01 6.41 6.75 7.11 4.84 3.72 3.38 4.34 7.24 12.03 3.82 3.27 4.43 5.07 7.03 7.69 9.97 9.83 7.77 4.75 9.78 6.97 7.51 8.12 6.92 13.63 6.07 5.09 4.64 4.75 5.07 9.26 7.77 6.69 6.04 5.89 5.69 9.09 6.35 12.89 12.61 8.75 16.62 8.26 3.43
7.82 6.11 2.77 2.11 3.14 5.15 4.89 9.21 14.43 17.33 11.97 13.03 9.13 7.36 5.3 6.11 11.2 9.87 13.7 5.9 5.71 6.41 5.65 5.38 3.87 3.55 11.12 6.11 10.79 9.8 10.7 6.32 3.63 6.4 7.24 6.39 6.62 6.08 6.01 14.75 9.36 8.65 8.93 6.41 10.21 5.18 6.11 3.99 3.82 4.38 5.15 15.17 9.47 10.07 6.9 5.74 7.64 9.49 11.88 16.39 11.89 7.17 12.64 4.97
8.94 8.85 2.85 4.53 5.09 7.46 6.13 7.77 15.63 26.24 14.05 20.61 13.72 14.16 9.22 10.84 11.83 15.63 21.15 8.25 4.35 7.82 3.1 5.95 6.35 5.66 7.55 17.68 19.5 16.66 20.94 7.37 1.54 6.68 11.16 3.69 5.49 6.23 5.58 6.5 9.02 7.73 4.71 7.7 6.12 5.0 3.3 3.92 1.68 2.68 4.96 10.46 8.99 10.05 10.61 8.97 12.51 10.87 7.14 8.27 7.48 5.89 9.47 5.38
8.79 3.84 4.16 7.05 7.65 5.18 4.5 8.08 16.73 35.77 26.81 13.58 8.58 10.38 8.51 12.51 31.99 22.17 18.22 15.37 6.35 5.49 5.12 4.2 5.82 8.24 10.66 14.92 15.12 17.61 20.3 7.9 6.22 5.34 7.43 7.22 9.18 9.33 16.03 10.15 9.69 16.51 7.66 6.33 5.17 4.97 2.01 4.64 2.74 4.81 6.99 7.94 18.33 7.81 14.7 16.23 9.25 9.79 4.51 4.83 3.1 3.81 8.4 11.76
11.91 2.86 6.11 9.02 8.24 4.24 5.01 13.54 15.19 24.13 19.2 8.39 3.52 8.9 11.37 12.51 24.98 22.4 12.4 7.4 4.87 5.1 4.08 7.25 6.19 7.33 8.51 10.61 23.76 16.42 22.16 5.22 5.01 4.9 4.26 5.29 9.99 12.66 13.52 13.88 10.04 12.24 10.47 5.39 3.19 3.83 4.88 1.88 3.14 4.63 8.18 15.29 13.81 12.97 13.78 12.92 7.97 7.04 4.46 2.44 4.78 3.19 7.06 5.33
5.02 5.78 5.89 7.21 3.54 2.67 6.68 6.53 11.51 9.59 12.29 19.52 6.9 6.82 6.47 10.32 21.83 23.99 15.05 8.36 5.33 4.42 3.17 4.67 4.66 4.28 9.66 12.56 17.67 13.2 5.97 6.25 3.91 3.98 4.11 4.28 6.29 4.2 9.42 9.79 10.85 16.58 15.18 7.43 3.7 2.99 4.42 5.59 5.82 18.25 9.72 6.74 13.39 21.46 9.95 8.01 6.94 12.32 5.57 4.22 4.39 5.82 7.79 5.29
3.08 4.53 8.82 8.92 4.16 6.33 4.2 5.79 5.1 7.95 12.22 30.93 22.34 19.03 11.32 9.39 18.35 17.13 21.69 10.65 9.19 8.33 1.77 4.6 3.39 5.68 15.27 21.65 14.54 11.66 8.89 7.0 3.51 3.42 4.77 4.11 4.13 5.53 7.46 5.76 6.57 6.66 11.23 6.93 3.84 3.62 5.75 3.76 3.9 8.16 7.8 8.03 11.91 8.16 4.04 6.79 7.39 9.97 14.76 9.99 6.14 3.32 4.82 8.99
4.88 3.19 10.07 8.12 11.6 6.67 4.67 5.89 5.88 5.79 14.72 18.04 23.49 15.94 28.22 17.33 25.31 21.56 23.35 7.43 9.95 8.65 4.79 4.29 5.4 14.0 23.62 20.04 11.03 9.89 7.98 6.49 8.09 4.87 6.26 3.46 7.89 6.67 6.27 3.31 8.14 7.14 5.6 8.46 5.5 7.35 6.88 8.79 7.31 4.59 6.85 8.61 10.77 10.38 4.47 5.81 5.31 6.34 11.62 10.71 4.53 3.79 5.95 10.13
5.98 4.04 11.08 15.25 10.1 6.97 4.52 10.77 6.91 4.89 27.28 22.44 18.03 13.08 18.49 19.92 7.49 9.59 14.27 7.7 7.84 8.37 3.94 4.31 4.26 6.42 11.08 14.57 18.1 14.79 5.2 4.95 6.15 5.2 4.68 3.62 7.97 4.74 6.72 3.11 11.1 7.52 5.14 8.08 5.14 7.83 14.54 11.05 13.13 7.67 14.38 10.95 13.02 7.73 6.75 6.2 7.04 8.19 9.85 8.51 4.28 5.87 4.23 7.23
8.53 7.01 5.96 13.08 12.16 9.09 8.04 8.25 9.29 6.34 22.05 14.32 14.58 15.98 16.58 18.72 5.39 7.57 7.33 5.18 4.59 5.17 2.24 3.2 6.29 4.15 8.75 6.28 6.82 9.81 5.14 4.94 3.75 9.17 2.97 5.28 2.54 3.51 3.75 7.7 11.41 5.81 5.66 6.71 6.06 7.51 11.96 14.64 6.96 8.31 7.65 9.58 7.08 10.35 5.97 7.18 10.42 9.79 12.58 8.24 4.37 6.34 7.49 9.8
7.64 5.38 11.47 18.45 13.24 12.46 11.48 7.49 12.84 11.13 19.74 26.72 16.97 34.39 12.82 13.93 11.09 3.9 17.23 9.82 8.89 5.04 7.23 7.39 10.09 4.7 4.52 10.27 6.92 9.2 8.93 3.56 3.96 7.77 10.26 6.57 11.76 5.36 6.29 13.73 16.12 9.24 4.37 6.08 8.62 4.15 10.56 4.09 6.29 6.16 4.32 9.17 9.9 6.95 3.77 9.1 8.38 15.58 15.66 12.09 6.64 10.27 10.72 8.67
9.78 20.15 14.47 14.18 18.55 12.27 5.54 6.84 12.92 11.75 17.34 13.43 14.61 17.18 10.26 14.51 19.17 6.22 11.89 9.41 4.63 4.49 12.44 10.42 7.68 3.75 2.34 5.95 2.93 7.51 6.58 8.53 5.54 6.02 8.99 8.3 9.36 9.21 14.48 22.87 22.18 13.41 7.28 4.57 8.71 6.67 5.54 8.5 10.38 4.66 5.69 10.26 8.94 4.11 4.5 5.76 9.39 18.27 25.64 17.53 10.42 8.97 10.69 7.15
14.33 28.17 19.52 9.9 10.21 12.95 8.23 5.85 8.39 7.53 7.93 17.33 12.97 17.57 14.75 17.18 8.97 11.94 13.05 7.24 8.26 6.39 9.82 6.31 5.74 4.04 3.22 6.19 4.93 5.02 4.17 6.7 8.08 17.57 9.34 10.82 9.54 6.12 5.26 10.35 12.44 7.4 9.33 6.15 3.8 5.16 2.05 4.93 5.96 5.36 3.25 8.83 6.75 4.35 3.9 5.6 10.93 14.06 14.5 9.7 8.26 5.36 3.25 7.67
11.64 22.59 23.4 7.15 9.71 12.34 8.77 15.5 10.95 7.93 14.17 16.52 14.03 15.33 19.35 23.67 8.99 12.21 8.94 4.94 5.64 5.92 5.49 7.82 4.57 3.44 2.97 4.74 4.66 4.1 6.52 7.8 7.85 13.89 11.78 10.23 4.26 6.84 5.39 6.0 10.55 8.1 7.61 3.6 3.41 2.57 1.96 3.35 2.67 5.51 3.42 4.06 7.76 7.94 3.7 4.23 15.01 24.42 14.9 6.8 7.98 3.03 2.11 6.39
9.1 17.4 13.98 8.33 9.28 20.49 16.69 16.15 13.91 6.81 8.57 7.8 10.84 12.98 18.17 13.6 11.37 10.25 6.54 3.7 4.48 3.55 3.85 7.24 6.0 2.5 6.0 3.68 4.34 8.1 9.76 6.75 7.72 11.64 14.45 11.8 6.38 5.92 7.66 8.59 6.35 10.98 11.54 4.61 5.23 5.36 4.12 2.16 2.68 3.06 6.57 5.48 9.93 4.13 5.05 4.18 11.25 15.78 7.33 10.47 4.81 4.47 2.72 3.36
7.65 12.45 15.82 7.91 7.87 10.45 9.92 23.89 9.54 14.54 15.41 7.67 5.8 15.02 32.53 16.23 15.21 17.17 5.38 6.12 5.55 4.73 4.53 4.27 3.66 3.89 5.7 5.53 8.19 8.17 10.14 7.88 5.08 5.95 4.4 7.43 3.94 6.5 4.23 10.28 7.47 8.1 12.92 7.26 5.66 4.7 5.36 4.9 9.69 6.17 6.86 6.65 6.78 7.91 4.28 6.84 12.56 11.83 5.4 8.0 5.54 2.61 4.77 3.44
4.79 12.27 21.6 13.88 5.1 7.07 9.29 7.51 11.9 12.34 12.11 8.71 7.05 13.88 16.23 14.34 11.72 20.14 11.51 8.33 11.73 3.62 2.9 1.85 3.05 5.42 6.3 8.72 13.07 10.92 7.78 8.6 3.4 3.57 5.23 5.95 2.76 4.61 7.02 3.69 6.78 5.06 6.27 8.05 7.1 7.84 11.01 11.71 11.43 17.44 10.72 10.66 7.6 8.05 5.78 9.42 10.6 12.48 7.29 6.69 7.16 6.09 4.09 3.64
10.8 10.95 13.91 9.13 7.06 11.02 13.05 5.45 11.12 12.51 6.76 7.42 10.26 12.35 9.71 11.51 12.5 13.66 10.43 10.88 7.51 3.65 7.85 2.72 3.21 11.94 11.36 15.92 17.84 16.32 10.13 8.53 11.42 3.78 5.01 8.22 4.46 8.36 9.68 6.54 6.09 3.01 4.06 10.75 9.23 5.72 11.07 7.76 9.27 6.54 8.75 3.67 4.61 7.64 6.59 5.03 10.87 4.51 6.76 4.85 6.38 4.21 4.42 1.89
8.11 10.41 8.18 7.47 10.35 5.67 4.65 4.02 6.17 10.38 8.88 4.64 6.97 5.07 6.17 6.0 6.95 8.17 11.08 13.28 4.01 4.21 9.16 2.97 5.75 9.23 12.04 22.0 38.73 14.92 19.29 9.25 7.36 3.53 3.84 4.96 3.3 7.64 9.35 9.53 4.77 4.92 4.34 8.71 7.36 6.89 16.53 13.91 7.51 6.37 10.29 10.01 3.51 5.85 7.4 5.26 8.53 12.7 10.59 9.96 16.14 6.26 3.27 2.94
12.73 7.0 3.49 7.77 9.97 8.49 3.3 5.3 4.5 13.24 5.03 5.96 4.91 6.51 5.34 4.58 4.16 4.0 3.0 6.5 4.89 4.62 3.97 3.0 1.78 5.52 5.19 8.2 18.64 8.72 9.7 8.06 5.89 3.07 3.77 3.38 1.55 5.25 8.08 6.23 3.39 6.73 5.9 7.25 5.82 10.03 27.18 12.43 12.6 7.93 18.23 14.75 4.64 3.53 5.89 8.16 10.25 16.09 11.35 19.13 9.04 10.91 13.51 4.42
10.23 5.1 5.21 5.74 5.94 4.95 5.44 5.07 7.26 8.31 5.9 7.57 4.76 5.13 5.41 4.44 3.29 2.64 2.17 4.47 9.91 6.15 2.64 2.87 3.8 2.19 4.86 9.91 12.32 8.97 11.73 6.05 2.51 7.16 3.76 3.59 3.17 3.31 2.74 4.84 3.54 3.95 4.6 8.23 8.52 8.06 12.27 12.42 5.75 14.1 9.57 12.67 8.54 3.38 8.03 6.3 13.15 14.9 14.62 43.91 21.99 11.49 7.98 6.07
3.52 3.17 4.12 3.61 4.17 3.89 2.92 5.88 8.36 14.26 5.37 3.95 5.55 3.18 3.21 6.84 4.37 3.2 3.99 3.99 8.34 10.7 7.32 4.23 4.68 4.27 4.96 4.61 6.68 7.22 9.67 4.56 4.53 4.01 4.44 2.32 3.82 4.14 3.88 4.16 9.99 3.76 3.01 5.37 7.52 9.23 15.51 16.82 10.94 12.81 7.53 7.36 7.74 6.64 14.79 11.14 9.79 15.08 29.85 45.52 49.34 12.15 8.33 5.23
2.28 2.11 2.78 4.16 3.48 4.17 4.22 7.99 8.8 11.56 3.69 3.55 4.37 2.76 4.28 3.14 3.44 3.72 2.78 4.17 3.71 8.88 5.73 7.23 2.93 6.37 4.12 2.71 4.63 6.62 6.98 3.63 6.39 5.43 4.1 3.03 3.4 2.44 2.01 8.25 6.34 8.54 8.29 7.99 8.53 15.11 10.21 10.52 14.38 10.26 12.03 13.89 7.09 8.25 7.82 10.87 12.0 14.75 22.89 33.1 26.22 10.82 6.0 2.76
2.35 2.26 3.09 3.47 6.85 5.05 12.83 7.91 7.39 11.64 7.23 4.49 5.0 4.58 3.14 2.99 1.85 6.94 6.74 4.09 5.46 7.65 4.49 4.8 5.75 4.03 4.38 5.66 7.35 5.73 10.2 8.75 9.14 6.08 9.53 3.72 3.15 3.31 5.27 10.74 12.37 13.32 9.89 11.03 6.61 11.59 9.59 17.7 19.98 8.59 10.12 8.47 6.97 6.98 12.99 7.54 6.6 12.19 7.69 16.78 11.04 8.53 5.36 6.52
3.01 2.15 5.45 4.12 11.56 17.04 38.94 16.97 10.53 8.67 6.32 6.52 10.9 7.65 7.41 3.98 4.71 7.09 5.37 6.17 8.99 7.94 5.64 6.05 6.65 6.14 5.38 2.02 7.45 8.41 7.12 8.19 7.07 5.14 7.37 2.74 3.32 8.87 9.1 8.01 13.09 11.13 23.78 8.3 6.26 7.1 8.58 10.2 17.73 12.0 7.0 11.51 11.35 10.48 15.01 8.41 6.1 5.31 8.38 9.26 8.94 7.58 9.79 12.32
5.08 3.51 5.97 6.97 16.95 15.09 24.05 42.84 9.92 5.73 4.7 6.05 4.58 3.57 6.59 4.63 6.63 7.65 9.73 9.33 8.09 4.91 4.86 6.83 5.31 7.02 5.18 3.05 8.32 13.26 12.96 12.01 12.51 6.66 4.58 4.24 8.09 13.39 26.69 11.41 22.23 23.1 15.14 16.42 13.28 9.25 12.12 10.78 16.21 10.94 10.69 8.4 9.63 16.67 12.41 8.82 6.25 4.6 5.68 13.38 7.15 10.11 9.83 10.3
3.18 3.39 7.08 7.53 10.77 10.98 32.97 20.5 5.51 3.92 3.49 4.95 4.61 2.98 5.59 5.74 6.09 11.97 11.74 20.43 12.33 5.19 3.6 5.44 3.7 7.27 6.94 7.63 17.64 24.17 8.07 12.42 10.65 11.83 7.83 9.02 12.13 10.3 17.86 14.82 18.96 20.87 10.77 12.32 11.9 10.17 6.2 9.18 7.5 8.54 13.08 12.84 5.77 6.3 12.77 13.02 6.66 12.97 8.63 14.54 8.29 11.48 13.84 6.46
6.49 4.95 6.19 7.65 10.16 13.65 23.24 14.97 5.49 3.03 5.14 3.16 5.1 4.42 9.58 9.67 12.86 14.21 7.9 12.82 8.85 2.96 5.16 3.05 3.02 6.2 9.71 13.13 14.67 14.1 18.45 29.75 12.9 13.93 11.79 13.07 16.62 6.18 13.83 5.4 12.17 10.11 8.94 15.21 18.04 8.88 6.23 8.2 3.15 8.95 9.61 8.36 7.42 5.88 12.25 12.33 10.89 10.09 10.27 11.83 11.48 17.59 9.42 10.95
5.88 8.05 8.71 6.42 9.98 10.47 10.61 9.19 4.9 3.42 2.26 2.38 3.5 5.65 9.29 20.88 10.97 10.07 10.42 12.65 9.86 3.66 3.68 6.19 4.73 7.82 12.19 29.73 16.49 29.37 34.36 36.33 18.93 13.13 15.35 11.09 12.57 4.37 10.46 15.72 6.18 15.27 6.11 15.3 18.02 15.0 16.81 4.78 3.89 5.86 11.11 6.07 6.83 3.65 8.35 7.69 7.14 9.1 6.87 14.22 17.42 6.63 5.16 5.01
10.33 14.63 5.65 13.46 9.48 6.03 7.67 5.19 6.25 2.61 3.18 1.45 2.33 6.32 4.58 13.89 8.79 4.76 3.87 4.09 3.58 3.28 4.09 3.49 4.54 5.15 6.58 11.68 18.46 17.62 15.62 32.53 15.15 20.44 6.69 3.1 9.55 7.45 7.17 11.34 4.67 11.8 7.92 14.2 17.01 17.86 7.17 2.65 5.17 8.98 9.35 8.79 6.48 9.76 10.96 13.7 5.75 10.3 17.2 47.74 18.47 11.64 4.95 9.31
5.49 14.3 8.24 15.1 10.74 10.31 8.07 6.14 4.09 3.26 4.58 3.77 2.66 3.44 4.5 5.14 3.16 3.34 5.26 6.67 4.67 2.4 1.85 3.67 5.15 5.26 5.34 6.03 4.69 8.99 9.87 10.82 11.51 15.21 6.9 3.06 5.23 10.06 5.05 4.73 3.57 6.27 8.96 7.55 18.19 6.91 4.12 1.94 5.45 7.38 8.54 10.18 7.47 7.25 8.73 9.84 6.38 7.97 21.19 20.43 19.81 10.49 7.13 6.34
7.99 5.57 7.59 4.85 4.27 3.82 8.01 3.04 3.71 4.09 4.2 2.51 2.81 2.65 2.93 6.52 4.14 3.97 6.33 2.3 4.21 2.55 2.61 3.99 6.58 5.09 6.05 6.29 3.11 4.0 5.51 6.46 9.8 10.48 7.84 3.54 4.57 9.11 5.92 7.28 7.26 3.63 5.02 13.28 13.46 6.24 4.31 2.41 2.56 6.98 4.6 3.55 3.58 8.57 14.17 7.26 7.12 5.99 17.88 10.06 14.82 13.34 11.29 8.85
5.22 8.16 4.73 2.91 4.05 2.76 5.66 3.54 3.18 3.26 4.53 3.2 2.17 3.8 2.92 4.43 5.24 6.01 4.21 2.54 2.65 7.11 6.25 4.03 6.23 4.21 5.8 8.75 4.43 3.74 4.05 8.39 11.33 6.02 7.95 5.95 4.21 5.93 9.72 5.38 6.04 3.93 14.56 18.5 17.5 8.33 3.07 6.0 6.35 8.87 7.07 7.61 9.37 9.57 13.17 5.11 7.96 4.19 9.56 8.64 10.06 10.72 6.56 11.66
15.0 9.51 4.45 3.9 4.21 6.41 6.81 5.99 8.06 6.22 6.09 2.88 3.2 3.96 3.06 1.18 3.43 6.33 4.85 4.1 3.84 9.39 6.26 4.75 1.46 4.1 11.59 11.15 10.56 4.76 8.32 7.72 10.86 6.2 5.26 18.64 5.34 9.37 9.07 10.31 4.89 7.11 13.18 11.58 11.27 6.24 7.61 6.98 9.05 13.35 8.81 16.61 16.13 19.42 12.04 10.42 10.52 3.34 9.49 4.87 5.25 10.24 9.95 8.79
9.78 9.26 6.89 6.18 5.24 7.37 7.04 5.08 12.63 6.22 4.54 5.34 3.77 7.94 4.32 1.98 2.97 5.3 4.28 3.87 14.17 12.13 6.71 4.93 2.49 2.88 6.73 12.65 16.78 15.7 16.95 7.07 11.01 6.89 5.54 6.6 10.53 11.86 11.81 8.94 5.23 7.18 4.74 4.93 5.33 4.54 5.88 3.31 3.85 4.08 9.51 14.03 18.66 17.4 13.82 7.28 5.29 7.25 6.91 4.81 5.54 15.78 9.27 4.75
8.57 12.63 7.42 7.91 8.7 10.91 10.55 8.23 12.73 9.69 9.57 7.58 5.13 6.2 5.42 4.83 3.86 4.52 5.91 6.56 10.51 12.91 8.75 5.05 3.08 3.38 7.6 13.64 7.41 16.27 16.89 13.69 4.92 5.46 2.76 4.13 8.35 8.79 15.85 11.69 11.85 7.87 5.35 3.44 3.71 4.42 4.38 4.23 3.31 5.99 4.17 6.45 19.66 16.93 6.43 5.05 4.18 3.41 8.7 7.34 5.35 16.16 10.63 6.05
4.34 12.17 7.35 8.25 9.23 6.34 4.09 9.33 4.57 7.75 10.32 7.08 5.61 4.74 10.5 5.3 3.34 3.07 6.92 15.92 15.31 11.6 6.96 6.99 4.21 6.88 7.05 12.51 9.59 19.95 36.92 12.06 6.47 5.55 2.81 6.76 8.95 11.48 15.22 23.21 19.82 13.69 16.36 4.91 4.85 9.98 6.64 11.0 7.46 8.94 10.15 6.78 9.12 11.44 5.31 8.45 8.88 8.03 12.13 5.74 6.71 6.24 9.83 11.13
6.1 9.46 8.5 13.38 8.84 4.72 4.34 8.88 8.57 4.25 5.69 3.85 8.05 8.94 9.97 6.14 4.03 3.07 6.84 14.57 12.75 18.67 11.29 14.78 12.67 15.9 6.0 7.23 9.81 7.59 40.96 24.02 11.67 8.99 5.06 6.97 6.76 7.59 9.81 17.52 8.57 10.55 9.06 5.24 3.26 3.87 3.18 6.28 13.34 9.74 13.34 8.48 6.93 17.55 10.96 12.93 6.71 5.13 10.44 6.35 6.64 6.5 4.21 5.27
4.25 9.23 9.57 8.66 8.81 9.36 3.02 6.68 5.65 3.44 3.83 2.55 6.73 10.81 11.87 6.58 6.12 3.86 6.16 14.99 14.47 13.36 11.05 10.32 12.21 10.08 9.83 3.61 6.08 10.08 24.58 16.56 8.9 9.7 7.7 11.15 11.23 8.71 11.66 8.3 11.18 10.39 13.64 6.86 3.92 2.99 6.59 9.32 12.2 9.82 5.69 5.3 8.71 7.29 9.97 6.77 6.14 3.97 6.5 7.72 4.98 3.36 2.05 4.69
6.8 4.17 9.46 13.79 9.96 9.15 2.34 5.03 5.36 5.58 2.67 3.17 5.05 8.34 11.99 8.97 12.23 4.59 5.39 6.21 11.82 17.54 5.98 7.89 7.96 7.46 7.68 4.25 3.22 5.66 17.76 25.31 12.38 12.48 6.74 5.03 7.6 13.22 8.11 11.69 12.58 19.36 12.15 9.6 5.93 5.31 6.82 11.84 18.03 7.07 5.86 2.47 5.02 7.87 5.68 3.04 4.21 6.0 11.6 10.24 6.1 2.74 3.55 3.29
4.06 6.25 6.74 9.69 11.01 8.28 4.19 4.87 8.0 6.66 7.84 6.32 7.9 13.17 14.05 9.4 13.49 6.07 6.12 9.48 14.57 6.94 9.73 3.14 5.15 3.49 6.51 7.54 4.07 3.54 5.55 5.91 9.38 5.43 2.94 4.04 5.36 5.16 8.08 4.73 5.71 10.45 16.1 11.01 8.07 7.18 3.84 12.32 14.21 5.51 8.01 5.25 5.24 8.56 4.88 9.92 6.12 8.21 12.43 9.16 6.26 8.12 8.93 4.8
7.94 8.19 4.18 8.89 5.83 11.17 5.9 6.91 6.03 5.26 7.82 7.32 5.3 6.94 17.77 17.51 12.92 12.58 3.94 3.41 6.49 7.59 7.42 3.25 3.2 3.03 4.92 5.7 4.0 4.1 3.61 9.43 15.14 6.72 2.88 4.3 9.5 6.59 6.06 5.06 5.53 3.05 9.86 12.09 11.4 11.46 9.92 6.96 7.82 4.82 5.53 5.77 5.93 13.92 11.72 7.06 15.1 9.5 7.29 4.59 9.91 7.34 17.74 5.89
