12.16 16.94 12.6 13.12 19.98 8.39 8.92 11.84 11.97 8.38 11.34 9.83 8.3 7.19 4.59 4.72 5.34 3.58 3.69 6.51 5.91 5.33 6.0 9.3 16.08 8.44 11.54 8.41 10.58 6.89 7.43 13.81 19.44 10.88 13.7 22.42 7.18 5.45 4.11 5.93 14.11 13.76 3.03 10.67 11.38 22.93 13.75 21.23 25.76 13.49 3.92 10.98 11.22 4.99 8.27 16.49 4.67 4.55 3.13 3.45 4.85 6.02 5.92 4.69
7.57 9.62 13.19 22.0 15.87 6.0 9.79 11.86 16.08 13.18 10.61 16.31 8.47 4.36 5.3 6.15 5.55 5.44 6.51 8.8 5.94 6.98 5.71 9.73 14.89 13.46 7.56 3.95 10.74 12.67 7.72 13.1 30.78 19.32 20.13 14.15 6.27 7.04 5.14 7.56 17.24 16.53 7.23 5.73 8.69 33.55 13.56 22.05 15.81 8.22 9.99 8.1 11.23 5.37 10.38 6.15 2.44 2.25 2.2 2.18 5.53 6.21 6.15 4.96
14.99 10.58 13.38 31.32 20.11 6.11 6.7 15.4 16.7 17.24 10.38 12.67 7.98 9.26 5.51 5.39 5.75 6.99 7.28 11.24 7.49 6.95 7.29 4.66 16.39 15.51 8.62 7.53 21.13 15.68 14.49 13.93 14.05 24.2 25.41 12.6 4.77 5.53 4.87 9.02 6.85 14.18 9.26 5.84 6.91 19.61 9.71 13.7 10.51 9.64 9.27 2.57 4.65 3.75 4.98 2.62 2.47 2.31 1.8 2.2 8.62 7.22 9.15 6.05
12.38 15.25 14.44 11.26 26.32 6.01 5.9 13.77 20.64 7.61 13.69 7.27 17.07 19.31 7.88 9.42 11.32 6.69 6.47 7.98 5.12 8.89 7.3 6.92 11.05 10.59 6.28 11.15 15.69 14.51 12.68 10.99 12.36 10.85 18.07 5.73 3.3 7.05 10.39 7.71 15.93 16.91 12.87 5.53 5.34 12.85 14.37 8.8 14.47 12.43 4.24 2.74 4.78 3.88 5.25 4.9 4.19 3.67 2.76 1.82 5.67 8.06 10.54 5.47
7.86 14.76 18.69 13.62 18.38 9.72 6.99 8.77 12.74 12.89 12.84 8.42 16.92 11.59 8.84 7.11 14.28 11.17 13.46 6.62 11.08 10.74 10.62 9.95 7.25 11.87 14.38 13.63 16.79 10.05 15.7 12.68 14.82 11.18 10.33 3.26 2.71 4.11 5.72 4.52 7.05 18.14 13.14 5.68 6.51 10.04 10.85 23.94 11.5 10.69 3.25 3.72 4.17 4.65 3.49 4.99 3.45 6.04 2.87 4.89 5.1 14.0 15.1 12.98
10.24 8.93 26.02 17.18 21.72 13.42 8.53 5.89 10.1 12.35 10.47 11.07 9.42 14.69 10.49 5.01 10.5 20.01 9.81 6.93 11.46 12.12 10.23 7.71 11.35 8.66 14.86 12.93 19.3 7.77 14.67 10.01 21.85 15.84 6.84 4.26 2.04 2.73 5.37 4.8 6.49 13.84 7.71 6.37 8.68 7.68 9.28 17.34 9.28 8.41 7.2 4.65 4.81 5.44 5.9 4.1 5.91 5.04 3.88 6.32 15.59 21.81 23.26 12.06
6.59 9.56 12.07 16.42 26.66 8.24 11.63 6.83 6.25 27.53 20.19 6.06 10.25 10.11 18.66 9.1 13.29 12.77 8.87 7.53 11.33 8.16 7.63 6.04 13.12 7.96 5.66 10.99 10.24 4.98 11.73 14.5 16.13 15.59 8.33 6.17 2.92 1.95 2.87 3.63 7.9 7.57 9.85 8.3 7.93 7.49 8.65 5.36 12.06 8.01 12.27 10.06 7.9 5.53 6.08 5.42 7.3 8.7 8.4 14.46 29.56 20.11 8.52 9.9
7.0 7.39 8.92 12.08 17.0 18.14 14.77 8.23 9.96 20.68 12.49 11.69 12.2 12.83 12.29 8.01 12.93 8.1 5.64 8.4 9.73 9.22 14.1 10.46 6.1 5.74 6.59 7.83 6.28 6.42 8.01 15.29 10.2 11.21 10.93 9.49 3.89 7.4 3.93 4.85 11.04 5.47 5.79 7.56 5.58 2.93 3.28 3.83 5.53 6.06 15.42 12.86 15.07 8.16 5.92 10.36 8.59 6.4 5.5 6.71 30.72 41.01 4.53 5.22
4.11 5.61 10.85 3.66 27.12 14.73 13.2 9.16 10.66 4.88 13.37 11.34 8.11 11.88 13.85 12.92 5.97 5.09 4.22 5.51 3.54 7.71 10.16 15.0 4.97 6.75 12.5 7.33 8.23 6.92 5.28 11.02 14.72 6.0 8.43 10.2 5.98 6.77 5.4 3.32 9.34 8.08 6.37 3.69 4.33 5.64 4.86 6.01 4.84 6.54 13.24 20.01 21.65 12.32 11.76 8.95 7.06 4.54 2.92 4.87 13.85 16.18 16.49 5.98
5.87 7.79 11.23 11.62 10.09 11.31 8.23 8.78 8.99 6.67 13.49 12.29 7.47 12.5 16.36 13.67 10.61 9.24 9.14 8.67 5.21 5.31 8.64 7.84 7.09 8.6 10.25 13.99 13.51 7.95 5.72 6.05 7.34 9.53 4.49 6.63 10.49 4.28 3.2 4.67 3.53 8.97 8.75 6.72 9.12 17.52 5.8 7.13 6.26 7.96 21.09 22.05 10.57 23.65 15.89 12.54 6.08 6.33 2.71 7.73 6.03 18.96 9.14 8.14
9.19 5.47 5.09 15.79 14.18 9.04 13.96 8.74 10.59 7.69 9.32 7.97 10.59 25.77 17.87 14.54 6.14 8.3 10.36 13.04 10.16 5.46 5.54 4.37 8.3 9.76 5.6 11.29 17.01 12.08 9.58 7.68 3.55 6.68 6.19 5.03 4.68 2.11 2.6 5.4 5.56 10.94 15.56 18.23 26.22 13.44 9.82 3.48 7.43 10.66 24.37 17.55 11.1 8.6 12.02 12.24 6.72 7.18 8.07 7.16 16.7 13.7 6.98 8.32
8.69 24.89 6.31 9.55 19.57 20.02 12.85 14.81 17.69 7.7 6.7 6.59 7.19 16.96 10.13 7.75 7.0 6.21 10.86 19.53 7.24 3.56 3.73 4.8 3.84 8.06 6.69 10.49 11.14 17.74 6.09 5.21 9.13 5.08 9.93 8.52 4.61 3.58 5.03 2.73 10.67 9.84 14.28 23.95 28.2 11.86 12.1 3.93 8.31 14.89 12.32 11.14 7.92 12.15 7.23 7.28 4.24 5.52 12.24 13.22 17.57 17.3 11.2 9.24
8.41 19.85 4.29 10.08 14.12 11.02 14.4 25.45 13.03 9.56 4.67 12.42 14.26 13.57 15.54 5.33 4.4 6.87 7.04 9.38 11.82 5.34 5.26 6.04 2.82 5.47 10.64 11.52 17.32 28.58 9.73 6.57 7.83 7.37 6.62 5.01 6.38 8.14 9.17 6.06 6.03 6.29 10.54 8.34 17.7 11.01 9.66 10.11 17.42 6.83 10.44 5.76 3.93 11.05 11.2 6.16 9.0 3.13 6.5 6.91 6.15 12.06 25.29 11.54
12.21 6.81 15.75 10.31 12.4 11.95 14.34 22.34 27.58 6.41 8.79 8.7 8.18 6.97 6.56 4.56 5.77 5.77 7.46 8.41 6.33 8.41 3.05 3.05 4.23 5.54 10.15 10.06 8.91 14.34 6.5 8.62 11.22 10.03 5.85 4.22 5.93 6.73 7.73 6.36 9.37 10.9 10.32 8.54 9.53 4.87 10.96 7.91 14.51 11.35 4.51 3.52 3.59 4.42 6.61 5.84 5.84 5.63 8.74 3.67 5.32 9.53 14.8 14.04
8.34 12.68 18.39 10.61 11.65 10.44 8.35 20.63 13.4 7.52 9.61 9.26 10.11 4.08 7.21 5.63 4.9 4.23 7.19 8.53 8.23 5.33 2.6 2.34 2.06 9.02 5.41 8.14 9.69 6.52 3.23 12.31 4.45 8.43 5.55 5.12 5.94 6.55 5.67 7.99 8.14 17.66 25.36 15.84 11.12 7.01 6.78 5.54 11.19 17.86 4.29 6.35 4.11 5.17 5.53 14.11 6.56 11.46 6.14 7.37 6.14 8.51 4.51 13.48
7.97 12.11 15.23 7.82 13.98 4.65 3.85 13.41 5.4 4.5 4.79 9.84 9.44 6.01 8.19 10.7 4.1 5.67 5.17 5.97 6.19 4.44 3.1 4.22 4.88 7.27 5.36 5.54 6.73 5.95 5.16 10.0 11.08 9.62 5.83 5.94 3.59 6.81 7.66 3.6 18.3 32.53 25.51 7.59 9.26 5.9 5.81 5.91 11.74 6.38 3.59 6.41 4.72 3.23 9.35 15.74 16.41 20.62 12.23 7.86 4.46 8.26 8.03 7.1
12.49 21.58 12.88 15.9 8.4 6.56 4.08 11.89 5.03 6.94 8.54 9.63 11.4 7.35 6.29 11.36 5.93 9.07 7.08 6.61 3.15 3.78 4.91 3.68 4.9 7.2 3.78 7.52 7.92 6.98 6.6 12.3 26.79 13.07 4.94 3.51 7.72 5.87 5.99 4.11 12.07 12.31 12.4 5.34 8.26 6.64 5.43 7.71 5.85 3.81 3.83 5.15 7.37 8.47 6.95 8.06 7.18 8.96 8.82 5.58 3.17 6.97 9.25 4.98
17.2 18.85 19.45 24.86 5.68 6.07 4.98 6.72 5.74 5.21 8.27 7.6 23.01 9.65 5.93 7.99 11.05 10.22 8.11 6.47 10.47 4.9 4.8 1.85 7.42 5.03 2.37 9.14 10.41 10.83 8.38 10.98 20.39 7.43 5.69 3.45 5.19 6.35 4.6 3.15 7.06 6.24 5.48 4.21 4.21 6.0 9.71 3.9 4.65 2.3 6.66 8.2 5.52 8.16 7.69 10.1 12.87 9.46 8.99 5.32 4.98 13.43 10.72 9.52
25.81 25.45 21.07 12.93 10.99 9.42 4.89 5.23 6.83 4.09 4.4 7.85 10.29 12.07 5.85 16.12 9.58 21.61 6.48 7.31 7.9 10.16 4.12 3.13 6.77 6.62 2.58 14.67 7.82 10.25 17.38 15.69 10.14 5.59 5.62 6.58 3.58 4.7 6.59 4.23 3.95 11.52 4.84 5.13 4.7 7.97 8.26 5.16 3.68 4.24 4.26 5.65 3.17 3.71 3.06 5.7 3.56 3.91 9.38 7.01 15.71 16.89 15.23 15.21
25.4 18.75 11.28 19.23 10.42 9.63 7.19 10.05 9.03 5.65 7.18 8.22 26.63 29.87 19.7 8.87 10.92 8.01 8.06 3.02 5.4 8.01 10.81 11.9 8.13 9.39 7.95 10.15 9.26 15.36 18.81 15.36 4.68 3.79 6.4 2.82 3.27 8.27 8.58 7.95 13.43 9.85 4.44 3.71 4.52 7.71 7.05 6.04 4.7 4.28 4.46 3.47 1.68 2.8 4.42 4.23 1.99 3.01 5.16 4.63 9.06 16.77 24.8 8.18
15.89 8.66 12.8 26.4 8.3 5.2 10.17 23.85 8.65 5.28 6.64 7.54 22.08 20.51 27.87 15.97 11.15 9.47 14.15 3.42 4.46 8.38 17.15 12.92 14.22 14.11 5.82 5.99 13.21 9.08 10.26 18.19 7.39 8.24 6.57 2.54 2.14 3.92 7.71 8.42 11.47 10.72 4.73 2.0 3.61 3.18 7.64 9.24 6.16 4.61 5.33 2.75 1.44 1.97 7.33 5.08 1.69 3.58 6.31 5.94 9.6 21.9 22.12 26.45
6.69 9.95 39.53 30.69 5.63 5.35 6.2 8.93 8.4 5.41 8.88 14.75 28.64 15.16 13.35 6.5 11.55 15.39 18.78 9.47 8.54 13.33 11.39 11.3 14.06 9.77 7.32 11.31 17.83 8.11 11.47 13.86 10.56 4.32 6.21 3.33 2.21 2.82 5.88 4.73 8.87 7.84 5.63 6.44 6.54 6.26 8.31 13.39 5.48 7.94 4.7 6.42 1.64 2.56 5.42 4.12 2.04 3.99 5.41 9.13 10.37 21.73 15.31 27.13
8.43 18.55 49.41 36.92 10.41 8.7 11.61 11.86 4.91 5.97 6.08 9.51 18.83 16.63 9.45 5.81 17.23 9.21 13.66 7.18 7.29 9.5 8.38 10.51 12.17 6.44 7.86 8.72 13.94 6.96 13.35 12.79 6.15 7.01 3.27 2.19 3.5 3.35 2.6 5.64 7.22 6.02 7.52 5.9 8.09 6.04 5.46 13.36 6.64 7.46 9.95 6.66 2.88 1.78 3.62 2.34 4.11 7.4 7.04 18.58 13.05 14.09 16.1 21.41
15.95 18.11 31.71 28.95 10.74 8.3 7.35 6.8 3.22 3.08 2.57 5.89 7.44 15.9 6.07 7.6 9.53 12.45 12.44 6.57 5.34 12.82 11.38 9.79 13.42 9.65 8.94 8.74 15.41 7.77 6.31 5.67 5.02 13.83 3.4 6.02 6.91 8.84 3.38 4.96 5.69 7.74 4.45 7.28 5.52 3.78 2.27 6.13 5.01 5.98 6.01 5.14 5.83 3.87 4.57 2.0 8.01 11.06 12.07 24.19 9.56 14.0 15.34 6.94
13.85 21.13 25.61 39.67 14.18 11.09 8.96 6.06 5.42 1.48 1.72 2.42 7.56 7.28 12.65 7.39 5.41 9.91 14.76 6.11 13.48 15.86 20.21 29.38 16.4 10.01 4.7 13.47 17.86 13.81 7.85 7.47 5.86 10.54 6.73 5.95 7.6 12.57 9.65 8.99 5.71 4.54 2.38 6.27 4.9 2.57 2.47 4.94 4.38 9.13 8.73 5.67 3.96 5.09 7.17 5.29 13.75 25.01 12.76 7.92 8.88 10.44 6.9 4.74
13.34 19.15 12.97 26.2 22.38 20.48 18.26 8.63 7.37 2.6 2.64 5.75 6.37 9.79 7.94 13.93 9.22 10.06 12.02 12.79 19.49 15.3 10.54 23.42 17.63 7.17 7.4 19.55 11.14 10.46 7.76 8.6 7.37 5.92 9.33 5.6 4.27 9.53 8.95 8.5 4.64 7.17 7.04 6.94 6.2 3.52 3.27 4.04 5.13 7.55 12.78 8.78 2.87 3.58 7.06 7.38 11.39 29.98 22.75 13.6 14.68 15.94 5.46 5.87
16.06 35.73 20.88 16.95 26.81 15.52 16.97 7.74 9.93 4.59 4.73 6.6 7.42 4.77 2.18 5.09 8.87 5.72 9.7 9.75 9.37 11.34 17.81 15.74 16.6 15.78 34.85 16.6 16.9 8.63 10.59 5.59 7.72 4.41 7.67 6.3 8.39 7.99 16.3 17.87 5.58 8.01 11.64 18.81 13.98 7.66 4.93 5.59 6.03 4.11 6.31 5.73 3.14 2.52 5.6 8.28 21.01 15.17 11.88 13.51 28.72 12.61 6.91 4.01
13.57 21.99 14.73 24.2 16.34 16.95 16.32 12.33 8.34 6.91 4.78 6.97 4.45 3.13 7.19 4.28 6.78 5.63 5.77 4.81 9.38 6.95 12.53 10.9 8.14 18.12 20.9 16.68 25.07 11.5 9.56 19.57 9.86 7.12 7.16 6.55 9.64 14.61 7.91 7.85 9.29 7.8 10.1 19.19 12.55 7.75 5.88 4.61 12.14 3.96 5.08 6.27 2.8 1.96 2.77 5.63 12.77 18.23 13.3 14.37 11.13 9.63 4.33 4.34
7.33 9.95 11.6 10.87 8.94 12.06 12.07 15.08 8.3 7.59 5.09 9.76 3.5 6.2 5.96 6.88 3.37 4.26 7.29 9.49 6.5 7.85 8.45 10.24 13.85 13.04 20.96 38.11 32.03 11.36 10.05 10.16 10.93 9.36 6.67 11.53 10.48 8.23 9.9 9.27 6.17 6.05 8.55 9.85 10.96 4.71 4.5 3.94 5.77 5.12 5.27 4.6 3.34 2.43 5.01 5.78 8.13 13.0 14.8 15.35 41.13 10.69 6.16 9.47
9.32 17.05 10.98 14.61 19.73 8.76 12.65 11.41 8.16 6.22 5.36 3.56 5.97 7.66 7.15 4.56 4.17 2.65 4.52 8.23 9.14 8.84 4.26 9.29 11.53 12.19 20.69 21.97 17.46 15.55 18.45 12.54 13.2 11.17 14.63 21.25 7.61 8.03 11.0 7.11 4.02 6.96 6.21 6.92 5.38 8.84 5.14 9.54 5.82 7.78 5.0 5.21 1.95 2.01 4.56 6.01 15.53 18.54 14.16 16.63 29.31 16.22 12.49 11.81
12.68 27.37 11.26 11.16 15.42 10.18 6.48 12.43 5.64 10.87 14.26 10.88 9.94 9.8 5.04 5.9 6.44 4.22 5.45 6.12 5.8 5.58 4.58 7.14 14.89 14.12 21.68 13.21 13.12 8.35 8.11 12.94 7.82 19.91 27.75 20.04 7.48 12.04 8.19 5.05 4.74 8.49 7.03 4.4 5.94 5.82 3.14 6.83 7.67 6.33 8.23 5.06 5.15 3.75 7.35 12.88 17.51 29.52 23.24 23.39 31.9 28.99 9.7 13.91
17.24 6.4 14.83 9.2 7.32 8.74 5.81 2.98 10.11 3.45 7.64 9.96 7.31 7.82 8.98 8.37 11.72 7.35 5.18 5.99 6.8 5.49 5.85 5.13 15.07 10.06 16.36 7.64 8.13 10.6 11.07 11.09 7.07 12.96 21.02 10.23 8.12 17.19 11.78 7.75 5.92 7.55 6.19 5.58 5.66 3.95 2.93 4.31 3.0 3.15 7.27 5.45 8.9 10.84 8.56 15.13 17.07 28.95 23.68 26.18 49.83 31.81 10.78 12.58
6.58 7.2 7.19 7.09 5.6 8.0 3.79 5.6 7.81 6.88 7.46 6.2 5.12 6.25 6.94 15.05 7.46 6.97 4.75 4.4 7.75 9.25 3.93 14.56 15.9 15.09 12.7 11.58 4.67 11.74 9.44 11.59 8.17 9.75 13.36 7.73 5.64 5.23 8.25 5.9 5.25 5.07 8.47 8.59 6.87 2.84 5.54 2.32 3.18 4.19 9.35 7.51 7.76 11.91 14.44 14.14 14.25 24.74 17.62 23.42 36.12 14.78 5.6 5.52
6.15 6.85 5.39 4.52 5.61 5.59 3.13 5.09 5.61 9.95 5.83 9.24 8.02 18.87 10.04 16.48 13.3 9.59 4.54 6.58 10.87 8.44 7.04 6.28 24.77 19.32 8.09 6.77 11.46 8.16 20.65 15.14 8.54 7.9 7.67 5.18 4.87 3.11 7.08 3.37 3.35 3.64 5.52 5.89 6.52 4.79 12.25 2.65 6.0 5.23 8.7 9.52 14.63 10.45 22.62 17.67 13.77 6.24 11.61 24.06 54.0 15.48 8.84 4.47
4.6 6.65 8.8 5.48 7.21 4.0 3.86 4.19 6.55 6.94 4.62 5.85 17.4 17.79 15.62 15.49 13.54 8.54 4.46 5.48 5.62 6.04 4.81 6.27 15.21 19.11 11.99 8.24 14.96 13.84 17.69 15.99 8.47 6.81 6.56 2.08 2.78 3.09 2.44 2.9 4.92 5.84 5.81 14.75 10.52 9.99 10.84 8.37 6.69 3.67 6.79 12.36 8.58 7.08 8.16 13.45 9.23 6.82 7.4 24.34 60.43 17.04 9.75 7.02
9.2 6.96 6.59 3.24 4.95 4.94 5.3 5.96 8.8 7.25 5.34 11.94 10.39 14.31 26.89 8.08 7.48 7.34 4.53 3.96 2.98 5.12 8.38 5.98 9.68 14.19 14.45 19.23 15.2 10.24 10.23 11.98 8.64 9.13 8.72 5.32 6.91 3.95 3.21 4.27 4.65 6.09 9.54 10.36 13.46 9.67 9.94 8.21 4.75 3.31 4.6 9.14 10.51 21.06 12.8 29.9 8.56 7.3 9.14 15.5 19.85 30.4 8.99 6.3
6.84 4.96 6.93 3.22 3.9 1.58 5.31 5.61 5.88 11.26 9.38 11.12 14.35 18.09 12.6 9.28 10.17 5.92 9.37 7.38 4.91 8.12 8.12 6.53 12.08 6.78 14.58 10.72 6.21 7.89 12.87 10.54 10.5 11.06 8.19 5.06 3.78 3.35 4.05 6.41 4.61 6.0 10.68 6.42 5.41 9.46 12.07 10.71 2.81 3.81 5.79 8.78 5.93 10.02 14.27 22.73 14.0 8.73 7.34 8.75 21.75 16.47 16.78 8.33
8.81 6.74 3.42 3.74 3.59 2.75 3.4 4.78 6.55 12.47 14.72 17.42 16.83 7.18 9.67 6.43 13.59 6.56 6.12 4.19 2.77 6.22 4.72 5.47 9.19 8.62 13.76 9.48 3.01 4.58 7.44 8.19 7.78 6.42 8.69 3.09 2.62 4.37 6.08 2.83 12.28 8.07 9.69 4.57 4.36 4.46 8.09 7.06 3.98 5.5 13.76 14.99 12.09 10.0 9.43 9.76 5.65 7.67 4.75 10.52 17.01 13.27 11.46 8.25
5.22 6.27 3.73 3.05 3.79 3.08 1.19 3.18 4.82 7.26 7.84 35.1 21.58 6.31 11.19 6.95 3.51 8.47 5.23 2.78 1.58 2.06 4.68 3.27 5.2 9.7 13.04 11.18 6.88 6.25 5.29 4.96 2.86 4.92 5.18 3.47 8.37 7.02 6.01 7.28 18.11 7.67 9.43 5.13 7.03 6.15 7.33 6.15 4.04 3.6 7.86 11.15 13.3 10.35 7.44 12.91 6.05 10.28 9.08 13.16 15.51 21.29 8.22 9.81
8.63 6.22 4.54 3.18 3.95 2.5 1.78 3.01 3.48 4.56 8.82 18.65 8.56 7.39 9.73 7.95 4.65 8.48 2.55 2.97 2.54 7.09 6.54 5.16 10.41 18.82 16.4 20.42 10.02 10.9 4.27 3.42 4.34 3.98 2.48 5.07 9.17 9.61 7.13 9.42 8.58 9.3 4.96 3.89 2.13 3.34 4.02 3.79 2.36 4.01 4.88 10.99 9.32 7.21 6.97 11.05 6.2 11.32 15.45 7.43 5.77 9.48 9.61 8.15
14.49 14.2 7.74 5.93 5.15 9.97 7.5 7.33 3.95 8.6 7.68 12.95 13.78 10.96 7.57 4.48 6.83 5.28 3.76 2.55 5.2 5.01 3.95 4.26 6.77 10.83 31.35 17.56 22.58 15.09 4.9 6.86 5.12 3.4 4.48 4.11 7.42 5.34 2.73 5.05 7.51 5.61 5.56 1.65 1.98 4.79 4.04 5.29 6.11 3.64 9.07 10.5 7.98 13.5 7.55 9.15 10.47 6.84 4.7 4.29 3.79 11.25 17.0 9.11
18.34 12.14 12.67 8.68 9.07 14.08 8.51 5.54 9.09 6.97 6.1 15.42 14.88 7.61 9.06 6.87 8.69 4.93 5.27 3.79 4.96 5.03 4.54 3.76 7.65 12.57 22.74 16.04 8.79 9.72 9.67 9.03 5.89 9.14 2.47 3.51 6.47 5.7 3.03 5.16 7.85 6.98 3.03 2.02 1.11 6.69 10.88 8.58 10.7 9.28 4.75 8.77 8.02 8.35 8.19 8.24 14.25 13.54 4.69 4.34 6.99 4.68 16.19 16.02
13.49 11.05 6.7 20.47 30.31 13.94 14.51 11.79 10.8 4.46 6.48 8.74 15.32 4.95 7.73 5.49 3.93 5.97 14.95 4.6 3.57 7.61 6.83 10.46 8.77 9.34 14.73 29.02 11.79 10.92 17.72 4.92 6.18 5.8 4.37 3.23 7.45 4.13 8.93 9.72 11.12 5.51 4.62 3.41 3.72 4.23 7.31 5.99 7.57 6.12 4.15 9.24 8.44 4.91 5.38 5.66 6.03 8.91 8.11 3.91 4.25 6.98 10.84 12.44
7.03 9.93 4.5 17.15 31.8 18.35 16.8 22.44 19.9 12.79 7.76 12.05 6.71 7.13 6.07 3.38 3.77 9.96 25.61 9.01 4.91 4.5 6.99 6.43 5.34 7.64 9.07 17.13 15.58 10.61 8.59 5.84 6.71 4.65 5.19 6.43 2.66 4.17 11.62 16.25 8.97 8.37 6.36 6.24 7.23 3.86 5.22 5.19 3.17 5.09 4.86 8.2 6.4 6.9 8.92 9.08 13.21 9.03 12.94 5.86 2.57 7.19 4.92 8.79
5.05 7.73 9.8 8.82 18.23 24.61 20.97 18.51 14.71 12.23 12.65 18.24 13.47 6.86 5.11 5.71 4.28 12.38 22.06 9.06 10.04 8.27 5.11 9.23 5.41 9.43 13.78 34.25 22.49 10.72 4.66 5.42 4.77 7.58 7.01 7.88 3.98 8.11 10.93 12.35 6.79 10.32 6.6 5.84 8.44 4.8 3.0 3.21 2.81 3.93 7.24 12.17 5.68 4.95 8.93 8.74 19.86 9.97 10.59 10.98 7.07 4.83 3.99 8.7
9.08 12.69 8.66 16.48 13.53 40.58 19.76 20.98 10.96 6.89 10.23 25.45 30.32 9.05 8.01 5.7 4.37 18.52 19.38 5.11 8.0 12.76 5.1 6.22 5.17 16.93 21.59 60.22 21.34 21.41 7.38 8.02 4.91 6.67 8.07 6.53 3.76 6.95 10.05 11.6 10.57 8.23 8.56 6.13 7.73 7.88 4.92 3.93 6.92 4.07 3.18 10.26 6.58 5.78 6.56 14.03 14.03 9.7 6.11 12.43 10.33 12.86 5.88 4.11
7.07 5.51 6.34 26.64 18.02 25.87 32.66 22.02 8.8 6.98 17.41 18.4 22.67 28.23 8.87 4.53 6.23 11.18 10.35 10.24 10.05 8.13 9.86 4.99 6.11 11.35 20.18 45.7 20.61 15.99 9.61 7.3 6.85 6.52 5.14 4.93 3.37 5.49 8.14 18.0 10.33 10.61 9.14 9.38 10.08 9.24 6.37 6.89 3.58 4.13 4.57 5.23 7.78 7.17 8.88 7.01 8.1 10.54 19.63 7.68 19.32 16.84 6.61 5.03
6.18 9.51 6.54 11.32 11.37 18.57 19.75 22.2 11.26 8.48 20.49 14.08 21.83 24.71 8.8 2.87 6.6 10.04 9.83 14.7 10.86 6.42 9.27 5.39 7.53 6.96 11.86 30.27 29.73 13.06 10.35 4.32 9.69 6.03 8.47 12.04 4.26 4.76 12.56 8.62 10.53 12.87 8.77 14.7 13.87 12.1 10.38 3.85 2.33 4.24 5.78 3.43 4.0 6.99 11.6 3.96 8.73 19.61 11.37 13.01 15.86 13.88 9.36 7.24
5.87 10.47 6.01 9.97 6.51 15.78 15.17 21.35 16.8 12.01 7.23 14.35 28.67 14.55 17.33 5.09 5.89 10.4 7.8 8.08 19.11 6.24 6.9 4.78 5.58 4.19 7.49 12.41 15.09 11.94 9.5 11.02 4.13 6.33 9.74 14.79 8.34 13.44 10.17 9.83 8.48 7.24 6.46 3.57 7.87 13.89 5.63 5.21 6.44 2.45 12.14 5.28 6.62 8.5 4.61 3.91 11.92 8.96 5.38 12.86 9.6 13.42 8.1 5.12
8.85 6.38 3.43 3.8 5.17 9.32 24.19 17.18 13.29 6.77 15.22 22.89 25.17 27.37 19.89 14.13 15.02 12.84 6.81 8.7 10.01 14.36 8.4 6.79 5.26 3.72 6.0 12.78 6.06 11.18 8.45 5.98 4.71 8.11 7.45 11.83 9.45 11.61 8.25 8.48 7.08 8.7 4.21 3.66 9.75 12.57 6.28 8.5 7.3 4.61 12.05 6.91 11.37 4.41 4.6 4.14 5.32 5.62 6.05 5.33 16.42 9.76 7.36 4.82
8.84 6.27 3.75 5.52 5.11 9.32 15.15 19.53 8.27 6.68 15.6 12.27 19.07 41.48 19.44 16.04 7.99 5.78 8.36 6.11 11.8 22.42 10.02 12.12 5.53 7.19 8.49 7.98 7.88 9.42 8.49 4.65 5.22 4.9 8.82 10.88 7.48 5.07 7.18 8.81 7.45 9.03 5.89 4.63 11.87 10.65 13.75 21.62 11.56 7.95 5.47 4.45 6.05 3.12 5.86 5.11 4.32 5.26 3.45 5.49 10.04 8.76 9.86 5.88
5.18 3.56 6.85 3.35 12.56 11.93 16.73 8.34 12.8 14.41 23.53 15.83 16.59 19.76 23.49 9.07 5.33 5.27 6.44 4.85 19.74 12.29 14.0 8.62 4.65 7.31 8.49 6.65 9.91 4.49 5.04 6.13 5.75 5.78 6.85 8.64 3.58 6.44 5.27 10.06 15.42 12.52 7.19 8.65 6.77 6.16 12.49 9.48 9.62 14.63 9.25 4.17 7.49 4.57 10.03 3.56 4.15 3.56 3.97 7.1 7.78 6.04 7.59 5.99
4.63 5.52 6.04 2.84 6.14 9.17 16.86 12.0 15.49 7.95 9.34 6.31 6.94 6.86 12.49 6.06 10.13 10.04 5.05 7.31 12.33 7.51 9.62 9.04 6.17 4.44 4.65 8.5 4.7 3.25 9.34 5.99 6.72 6.4 5.49 6.03 5.57 4.56 4.36 8.61 13.32 20.96 11.3 6.7 6.51 7.86 8.24 15.61 9.31 8.28 7.98 7.36 6.33 8.84 5.19 8.89 2.85 2.94 4.09 10.08 10.34 15.78 5.6 8.14
3.79 7.8 4.38 5.71 6.6 8.26 10.53 17.27 12.7 13.81 7.5 8.93 7.49 3.25 4.55 5.39 7.84 7.97 3.95 4.08 7.49 3.88 6.48 5.47 3.15 6.78 11.85 8.26 4.56 6.5 7.87 10.37 7.85 7.54 5.04 6.81 5.59 5.51 5.54 10.55 14.32 17.48 23.1 7.42 3.97 7.01 12.69 12.84 18.89 5.22 5.73 8.25 3.61 5.1 4.04 3.12 2.55 1.82 3.17 8.63 8.88 8.85 6.63 5.38
7.41 3.25 4.68 4.48 11.25 11.96 13.81 28.23 15.28 10.29 15.99 10.53 4.77 8.55 5.16 5.21 9.99 7.47 4.7 4.02 3.34 5.97 7.79 6.27 5.75 5.37 10.02 10.43 7.74 4.6 10.88 12.29 3.85 4.12 3.37 3.98 4.04 4.21 4.77 8.57 17.97 16.09 16.62 9.74 7.25 8.48 10.04 8.76 13.52 4.89 6.86 3.58 5.53 4.59 5.95 2.28 2.57 3.18 8.42 5.01 6.59 6.53 4.87 5.76
10.0 6.6 3.25 5.89 10.18 8.36 8.93 22.55 16.39 11.02 9.73 6.58 7.51 8.29 5.21 3.05 5.3 5.52 3.81 4.7 7.14 9.57 3.94 7.17 7.5 6.01 13.75 7.28 6.15 6.58 8.0 5.81 2.48 3.21 3.83 4.8 6.34 4.9 4.74 4.3 13.76 10.01 10.79 9.7 5.28 7.05 9.92 8.44 12.44 6.37 6.0 3.62 5.89 5.52 8.23 5.67 3.16 7.24 5.47 6.92 4.44 5.03 4.04 3.66
33.8 12.87 10.24 5.94 10.37 5.11 11.81 13.39 13.0 8.44 4.77 5.35 10.51 10.78 5.53 7.47 7.14 7.94 4.64 4.47 11.08 8.14 7.28 9.31 6.84 4.29 17.91 4.68 4.58 10.37 6.9 4.33 4.04 5.2 2.32 5.2 7.06 4.36 6.59 7.61 9.47 12.91 5.43 5.51 6.25 6.29 9.32 14.43 18.68 7.84 4.49 4.16 5.98 3.99 10.16 10.1 3.73 4.69 3.61 6.84 4.27 3.27 2.37 3.5
21.24 15.7 8.58 5.54 6.47 3.83 12.05 9.02 9.9 6.06 3.59 7.19 7.66 20.59 17.75 8.56 9.82 15.16 9.86 10.55 5.63 4.81 8.96 3.19 3.97 6.71 9.3 4.01 10.2 11.34 20.27 3.83 4.1 3.64 3.3 2.26 3.14 1.26 2.29 4.14 6.5 9.63 3.79 3.64 4.71 6.41 5.95 14.24 16.55 11.39 4.74 7.18 3.74 5.19 14.87 15.73 4.41 4.45 3.84 6.32 5.77 5.85 4.49 11.71
4.65 6.15 4.51 5.27 6.38 3.97 9.79 8.97 7.59 10.47 8.87 8.35 8.92 12.46 17.28 6.88 9.71 5.47 11.74 6.06 7.4 6.28 3.22 2.35 4.41 5.21 7.8 4.67 4.85 8.65 6.97 4.4 4.44 3.7 5.59 2.92 1.49 1.91 1.95 4.01 8.64 4.07 6.62 6.36 5.27 10.27 10.02 9.43 16.46 17.94 6.18 5.44 3.47 8.99 18.27 19.15 6.2 5.21 4.63 8.62 9.73 7.15 4.74 12.9
5.43 5.99 6.02 3.68 4.37 5.68 5.69 5.84 10.66 12.58 5.41 9.69 7.79 17.75 12.63 10.97 8.97 8.95 6.45 9.58 7.22 3.29 2.04 5.04 3.45 3.97 4.57 4.43 4.35 5.68 4.58 3.88 2.88 4.17 7.22 6.63 4.45 2.82 2.17 6.15 5.62 4.08 6.12 7.64 9.13 10.65 13.07 11.3 12.66 37.18 16.47 6.7 7.52 7.74 9.86 10.41 5.43 4.93 6.44 5.14 11.32 10.86 6.49 8.25
6.99 6.43 6.14 4.84 3.28 3.54 2.34 8.51 12.87 8.12 8.69 6.11 7.92 13.79 7.65 13.52 11.97 7.23 11.66 11.81 7.61 5.06 2.2 4.73 6.08 4.61 4.67 5.55 4.12 3.23 3.49 1.85 3.9 3.6 4.71 3.97 6.74 3.11 2.46 4.63 4.55 7.68 9.89 4.11 5.52 3.28 3.61 11.53 17.2 29.55 19.73 18.3 8.89 8.06 8.24 7.27 3.49 3.08 4.3 4.84 9.62 6.89 15.16 14.5
8.09 2.85 4.36 3.83 3.66 3.93 3.1 6.6 4.04 6.42 4.61 5.87 11.59 27.06 13.14 10.76 11.45 12.27 13.18 7.61 5.79 4.33 3.81 3.5 5.75 8.13 4.16 5.73 4.48 5.54 2.32 1.41 1.92 10.97 3.26 3.32 2.87 2.85 1.23 3.39 7.22 6.59 6.74 6.87 9.77 4.56 7.74 11.59 16.99 23.81 25.08 22.48 15.23 11.0 15.42 5.74 4.7 5.04 4.77 3.83 10.63 9.13 13.59 10.97
7.54 2.92 3.09 2.25 3.0 5.15 4.32 7.73 7.46 10.55 7.71 5.75 8.8 12.62 13.05 7.42 7.19 13.93 9.17 7.86 8.19 5.14 2.93 3.0 7.76 11.04 5.03 3.39 7.09 3.48 2.06 1.31 1.71 3.7 3.82 3.32 3.7 2.26 1.98 2.55 9.45 7.72 7.2 9.26 8.04 11.19 9.33 9.9 13.75 23.39 15.45 12.02 15.23 24.65 17.06 16.09 11.48 7.47 5.13 3.83 6.45 11.83 11.7 6.33
4.32 5.06 1.65 2.36 3.1 9.32 8.19 6.55 5.78 6.47 5.41 4.91 5.69 3.45 6.8 11.13 6.58 9.23 5.95 11.12 14.81 8.11 3.67 3.73 4.14 6.18 3.65 4.5 8.48 10.92 4.33 2.71 4.03 2.22 2.52 3.16 3.73 2.42 6.49 2.21 7.33 10.07 8.6 5.7 6.58 13.29 9.49 5.85 6.06 10.38 16.09 11.72 8.62 22.19 13.59 21.79 13.18 7.08 6.81 6.63 8.09 9.85 13.68 6.1
