8.64 8.87 5.28 4.28 5.98 6.02 5.44 7.13 5.54 4.25 7.24 9.98 13.72 18.09 49.89 15.34 14.0 4.58 7.24 4.4 2.71 2.78 3.38 2.55 5.19 5.24 5.7 8.03 5.37 8.01 15.3 14.9 8.54 7.82 7.76 6.22 7.42 7.52 6.21 5.74 6.0 4.86 5.54 6.49 5.23 5.41 3.27 6.09 3.53 4.48 3.81 3.96 4.21 2.78 3.95 7.94 9.75 8.52 14.04 15.08 20.09 26.45 10.56 9.97
8.4 6.5 2.39 3.49 5.09 6.11 3.67 8.12 6.1 3.57 6.88 6.12 19.54 23.94 19.82 12.2 15.21 4.39 3.21 3.55 2.38 3.72 2.92 5.26 8.89 6.27 7.16 4.42 3.66 6.66 19.49 13.21 8.45 12.19 8.82 5.68 11.42 5.35 5.88 6.88 7.28 5.55 5.37 6.37 6.75 5.96 7.41 4.32 4.28 4.73 3.68 2.08 4.92 3.8 6.63 12.08 20.09 11.6 10.46 11.97 9.99 12.98 15.12 13.17
19.19 7.5 4.78 3.3 3.2 5.1 4.7 12.6 12.69 5.5 11.77 12.19 19.39 28.96 12.1 12.73 9.11 5.16 8.76 5.13 3.63 6.37 6.38 12.22 12.27 8.14 10.17 4.5 3.96 11.69 12.12 7.67 8.47 12.86 7.26 6.35 8.23 4.69 5.16 5.58 5.01 4.97 7.17 4.61 3.71 2.57 9.56 4.97 4.36 7.41 5.34 3.71 2.83 2.82 5.68 18.27 26.14 14.39 16.76 8.84 9.7 11.64 11.68 7.7
14.46 6.82 7.96 4.53 4.15 3.64 2.97 7.26 7.6 7.21 13.73 13.66 12.34 8.1 10.33 12.91 8.23 8.0 22.9 5.85 4.28 8.2 6.89 10.24 5.33 4.85 5.72 6.54 3.88 5.31 7.8 7.6 8.98 9.57 7.76 6.63 4.44 5.94 6.57 4.88 6.26 6.7 7.34 5.91 2.66 3.71 3.96 4.75 3.18 10.5 3.48 2.7 2.42 6.43 7.68 16.56 22.19 13.53 12.47 9.27 7.84 10.95 8.15 8.71
19.02 8.92 6.81 7.05 4.6 5.79 3.65 5.59 5.42 6.65 10.05 17.35 12.24 10.02 17.0 26.5 12.21 14.06 14.1 8.22 4.54 8.57 8.13 12.9 6.46 7.39 6.23 7.02 5.05 6.62 5.51 4.13 7.87 10.85 13.04 11.05 5.17 7.32 5.09 5.25 4.9 6.58 5.87 8.61 3.12 5.9 4.54 4.32 4.51 7.56 5.36 5.85 9.2 12.52 7.22 13.92 17.97 12.92 7.96 6.92 6.43 13.29 10.45 7.03
10.05 10.11 5.14 4.68 4.53 6.15 3.1 4.81 6.11 5.17 9.25 27.57 12.71 9.55 9.79 11.34 10.11 8.5 9.45 9.85 9.88 8.75 7.43 13.42 8.87 4.22 2.93 8.39 3.7 2.86 3.4 5.57 11.2 10.32 13.53 8.3 5.07 7.23 3.22 4.76 4.39 5.31 4.41 3.44 5.89 8.2 9.54 8.4 5.74 10.05 10.5 4.66 7.09 15.58 10.11 16.19 19.31 10.5 12.42 7.57 7.36 6.53 11.36 9.08
7.45 9.68 5.23 6.98 4.6 3.02 4.61 5.64 8.1 5.52 6.7 15.01 20.38 4.93 10.5 10.16 9.34 6.87 15.87 13.99 11.23 9.86 5.76 10.08 9.07 4.66 2.66 5.94 2.46 2.19 5.35 4.71 10.75 12.93 13.81 8.1 8.28 7.11 4.66 5.11 5.89 7.9 6.31 6.12 6.58 9.39 8.04 7.15 4.64 12.99 10.96 6.22 10.94 14.47 12.03 10.95 8.64 11.23 16.71 8.2 5.12 6.08 11.95 19.23
6.16 5.32 5.09 7.01 5.7 2.69 5.17 7.02 5.32 4.29 14.76 14.62 13.83 6.15 6.53 9.16 4.77 4.94 11.42 20.96 4.22 4.82 5.38 7.93 6.11 5.62 4.18 5.78 3.01 2.8 3.73 3.46 7.75 18.33 17.62 7.35 9.42 6.75 3.4 5.49 6.44 5.97 3.11 5.28 3.56 7.02 9.93 5.2 6.87 16.2 14.19 8.21 7.26 8.5 12.99 18.82 9.38 11.66 13.24 8.26 3.59 7.58 14.58 24.27
7.19 4.86 4.56 5.36 7.71 3.91 10.0 10.61 9.02 13.97 15.22 9.13 10.49 6.1 5.41 9.29 6.5 8.39 9.6 9.32 3.65 5.33 4.17 5.13 7.51 7.15 5.2 6.36 5.06 11.35 7.48 7.78 13.3 12.71 14.76 10.92 6.75 3.11 4.84 8.58 9.75 9.02 4.9 4.34 3.63 9.7 10.16 5.27 8.91 19.52 11.85 8.38 11.01 12.89 11.25 15.81 11.95 13.81 11.22 4.71 3.66 7.32 9.06 9.93
15.1 9.83 5.77 4.58 5.61 4.22 7.27 3.83 6.12 8.49 8.86 7.94 12.82 2.53 4.03 6.62 5.17 6.38 11.1 8.48 4.16 6.43 6.29 4.76 6.21 4.63 6.12 9.77 12.44 13.12 11.66 7.04 6.58 5.41 13.96 4.18 3.13 2.55 4.96 7.57 9.67 10.57 5.96 4.48 1.3 4.63 5.51 4.76 8.04 7.43 11.05 18.67 7.35 6.32 12.29 13.16 13.58 13.95 6.1 6.13 8.52 8.73 8.36 15.6
23.8 6.94 3.66 8.88 7.06 3.99 5.32 6.76 6.25 7.64 12.9 8.36 6.09 3.27 2.19 6.54 6.07 7.77 10.43 9.88 5.36 10.57 9.84 6.85 5.19 4.35 7.86 6.12 11.77 5.86 7.99 15.92 9.75 6.91 12.64 5.5 4.27 2.89 2.36 4.94 5.64 8.9 7.48 6.78 3.79 3.81 5.19 4.54 5.83 4.39 8.25 11.97 12.8 10.17 13.1 14.67 12.7 6.12 7.89 10.36 6.5 8.2 11.37 12.18
14.01 5.63 4.32 7.06 6.77 8.71 8.23 9.82 8.09 4.94 5.43 7.0 3.55 3.21 3.17 5.06 4.25 10.74 10.13 7.94 8.72 10.51 5.77 5.28 3.58 4.77 8.34 5.19 9.48 11.26 10.36 13.23 6.09 10.64 11.97 8.09 3.24 2.98 2.45 2.19 4.88 9.72 6.97 6.18 5.36 2.79 3.94 5.63 4.24 4.58 9.2 12.93 23.72 10.55 8.92 9.39 15.14 5.26 5.42 4.36 5.96 7.45 16.1 11.56
14.68 5.06 6.18 5.56 10.92 7.52 14.3 8.12 8.19 6.76 9.12 3.85 6.68 5.24 5.58 4.18 5.11 13.1 12.97 8.33 14.38 10.55 6.57 8.87 7.64 7.48 10.86 7.92 8.69 6.53 10.92 9.83 6.51 13.76 9.17 7.64 4.79 4.51 3.28 3.55 7.64 10.88 5.78 5.84 2.55 4.79 6.59 9.97 7.47 10.79 12.96 9.04 8.38 6.02 5.89 7.06 8.57 4.47 3.97 8.33 12.36 15.13 13.48 14.84
7.62 3.69 5.58 3.71 10.12 5.71 16.0 9.79 7.6 5.45 5.12 2.94 5.93 6.65 3.9 3.45 6.02 11.46 8.62 9.23 11.34 6.71 7.46 7.55 4.46 5.26 7.41 4.66 8.48 6.75 10.96 9.87 5.48 8.21 8.23 5.38 2.44 4.43 3.36 6.99 10.51 9.98 7.52 7.4 3.15 4.98 11.45 16.47 8.74 15.23 12.48 8.43 7.96 4.28 6.28 18.35 7.54 5.94 4.67 8.23 10.12 15.32 7.95 16.82
5.78 5.41 4.38 4.98 10.62 6.52 14.29 12.17 4.93 4.4 4.16 9.12 6.25 4.72 4.81 6.86 15.76 13.07 8.03 10.32 5.2 3.56 5.39 9.86 5.6 4.95 12.13 12.19 12.03 10.59 8.22 7.68 10.59 11.63 6.9 4.86 2.53 6.36 4.56 8.17 18.81 13.86 10.04 5.34 4.41 8.91 7.9 13.81 16.55 19.58 14.41 14.54 13.35 4.12 6.52 20.84 7.09 2.16 2.59 10.49 11.72 6.26 13.2 18.24
11.42 8.77 7.51 12.51 7.26 3.9 11.21 15.22 9.37 6.17 10.12 13.18 9.09 3.18 5.59 4.9 8.18 10.39 8.73 7.05 6.41 6.5 6.62 5.7 5.04 4.47 7.18 5.0 9.66 10.77 8.32 6.93 7.8 8.64 5.06 2.74 3.79 8.86 2.89 5.67 16.25 16.76 7.91 8.45 7.76 14.32 8.9 13.06 20.9 20.51 10.93 9.94 6.15 7.99 8.27 7.1 5.43 5.9 4.33 6.04 7.04 6.73 10.96 12.78
7.57 10.34 9.34 18.23 8.98 7.32 22.55 15.9 12.91 9.19 16.23 8.3 6.32 5.43 7.19 7.73 10.91 10.03 9.11 8.95 11.01 5.47 7.56 6.44 7.65 6.55 8.29 8.44 13.03 10.87 9.76 9.04 10.4 14.81 6.82 2.96 3.31 8.5 6.02 9.1 9.89 17.38 11.25 8.88 9.62 8.14 6.34 8.3 14.72 19.08 8.13 8.99 4.17 8.86 11.07 10.81 8.76 5.58 2.77 4.27 3.23 5.27 8.89 10.47
9.81 6.61 7.29 19.18 13.04 7.34 14.34 11.5 23.86 21.95 18.22 13.3 8.03 5.85 17.24 18.7 13.63 7.77 7.02 5.18 9.12 4.53 8.0 9.53 9.57 13.21 14.26 13.15 7.59 5.32 4.6 5.52 11.46 11.07 9.25 6.29 5.0 8.09 7.04 4.73 8.34 4.47 2.73 4.85 12.13 6.35 5.52 7.96 14.0 14.0 8.25 6.41 4.01 9.71 13.84 8.35 10.26 4.03 4.23 4.83 1.91 2.03 5.7 10.16
10.29 4.4 7.05 8.62 12.16 8.94 13.21 13.46 29.19 14.36 21.69 16.92 9.9 3.6 11.89 9.49 12.85 9.14 5.48 4.75 15.1 6.57 8.46 10.29 11.71 15.68 16.48 13.39 9.57 4.29 7.81 4.3 8.8 16.05 18.03 5.96 8.26 5.58 4.79 4.89 9.91 3.92 2.03 5.58 10.86 5.43 6.81 8.17 7.12 5.65 7.09 6.55 5.16 7.35 9.03 6.36 11.6 5.75 4.09 7.93 2.11 1.56 4.79 9.82
9.45 7.76 10.74 10.53 7.51 7.99 9.44 8.35 13.89 14.63 20.6 15.11 7.35 8.2 10.55 9.24 7.12 9.22 7.74 5.65 10.45 10.14 11.71 10.18 9.17 11.4 18.97 10.19 8.6 4.81 6.53 3.99 7.26 5.69 5.36 4.34 9.76 10.02 6.43 4.54 5.41 5.42 2.28 2.91 5.97 4.35 7.15 5.85 4.54 7.5 10.07 8.45 9.52 9.5 6.44 4.39 3.76 6.37 4.13 6.13 2.19 2.35 3.74 5.06
11.52 9.16 7.67 8.3 8.78 6.22 4.75 18.8 12.81 15.68 14.34 14.57 8.97 18.5 12.32 11.56 5.64 7.94 8.45 8.47 9.62 12.14 17.82 15.03 6.11 8.48 14.51 6.05 6.12 4.78 5.06 5.35 4.58 7.12 9.9 7.47 11.4 10.27 4.79 5.61 4.49 2.8 4.89 7.48 5.85 5.96 9.65 9.7 9.37 11.55 18.55 16.57 16.41 7.8 5.96 6.86 6.58 11.63 7.11 2.94 2.14 2.45 4.97 4.18
19.38 10.12 8.48 9.43 27.34 10.99 5.12 11.11 12.28 10.43 16.08 7.98 9.86 14.63 16.93 14.41 12.8 11.16 7.09 6.58 14.54 9.4 15.0 11.62 8.69 5.27 6.94 4.57 8.21 4.15 3.59 5.17 4.95 5.64 8.75 5.61 6.92 5.76 6.05 7.3 5.03 5.34 5.39 7.73 10.68 10.55 9.96 11.37 9.4 7.14 13.35 9.45 10.05 6.37 5.96 9.84 12.84 7.29 2.29 2.07 2.75 2.18 2.31 6.74
22.87 13.12 13.44 10.36 21.97 6.06 5.06 4.85 8.61 7.43 8.88 7.54 11.18 14.93 14.27 10.51 13.47 6.5 5.03 3.94 6.8 10.01 20.11 6.03 8.53 5.34 6.23 2.49 3.43 3.53 3.51 3.07 3.65 4.87 11.63 5.72 5.54 5.44 4.92 6.26 8.2 6.46 6.63 4.4 10.32 18.71 12.05 7.97 9.91 6.16 11.17 7.92 7.03 4.39 6.51 11.38 8.53 11.86 5.84 5.99 4.67 5.1 3.07 8.75
10.26 10.58 12.36 15.18 8.19 3.49 5.67 6.9 4.12 8.1 11.55 12.11 5.18 7.52 7.29 5.94 9.85 8.66 3.97 4.9 3.72 6.02 10.65 4.1 3.86 3.39 3.35 3.0 2.52 3.71 3.36 4.8 6.88 6.69 10.73 4.29 5.11 6.41 10.02 6.66 8.38 5.47 6.77 4.77 11.21 18.51 16.08 8.11 6.47 2.75 6.48 4.97 4.64 6.31 11.62 14.55 10.25 9.36 11.48 9.97 7.68 5.47 2.52 3.74
9.04 6.83 7.59 14.96 6.37 4.87 4.33 5.17 8.31 3.6 5.48 10.92 3.81 9.84 9.95 8.86 13.97 8.85 3.16 4.58 3.14 4.12 7.89 9.29 6.03 4.14 4.33 4.92 3.67 4.35 5.64 4.74 7.62 3.67 4.35 5.46 11.2 13.15 13.49 9.78 13.03 9.87 5.56 8.56 17.39 12.57 11.86 11.18 7.82 6.05 7.2 6.69 7.12 15.79 10.83 5.02 9.45 8.44 15.98 28.59 6.97 4.36 3.32 5.67
12.62 11.15 13.4 15.85 6.12 6.5 5.97 3.77 5.81 6.46 6.44 17.51 9.63 12.19 5.29 7.29 7.71 4.32 4.15 4.54 4.77 6.61 6.55 7.19 9.78 4.71 4.75 2.73 4.05 5.72 7.31 3.04 6.1 5.19 3.12 11.82 15.01 10.36 13.71 11.86 9.67 8.07 6.82 5.98 11.22 12.21 8.38 14.8 11.94 6.66 4.84 7.25 5.09 6.33 7.96 7.3 8.98 9.5 13.26 26.99 5.44 4.51 3.64 7.05
6.02 12.37 17.17 20.02 5.2 5.79 2.33 3.59 1.68 4.98 9.02 13.04 5.23 10.0 8.67 5.87 3.94 4.8 4.56 6.06 8.07 4.6 6.61 4.75 4.44 4.84 3.87 3.51 7.37 8.34 9.61 8.25 6.78 4.95 2.46 8.83 16.3 7.7 11.69 8.35 13.66 7.84 7.33 7.65 6.62 6.6 10.79 5.66 5.05 5.92 8.87 7.57 9.94 8.59 19.74 11.68 10.45 6.63 17.74 14.79 8.55 5.05 6.77 6.1
6.1 14.77 19.31 17.76 8.76 8.68 1.88 2.84 2.03 3.31 13.6 13.01 8.37 10.55 7.05 4.39 4.43 5.97 6.45 4.31 6.78 3.74 4.44 4.86 3.51 5.04 6.4 6.36 7.09 8.25 7.67 3.82 4.57 4.28 2.58 4.89 10.03 6.85 9.97 9.81 7.73 6.36 4.76 3.2 7.98 5.03 5.43 3.53 7.57 4.79 6.85 4.59 12.05 6.77 12.53 8.29 13.86 4.81 9.62 7.09 7.23 7.03 11.51 8.5
7.32 5.96 9.03 8.81 6.56 7.66 3.83 3.58 2.27 6.23 14.98 8.71 4.05 3.13 4.86 5.38 4.87 6.3 8.67 4.43 2.81 3.08 4.12 5.01 4.75 6.77 6.11 4.42 5.83 7.93 5.96 8.26 8.81 5.83 1.84 3.1 6.91 7.68 5.74 8.66 5.13 4.0 7.9 4.15 8.47 4.94 4.18 5.1 13.65 6.86 5.46 4.04 8.96 7.17 7.34 9.94 7.1 11.62 10.17 6.44 8.65 5.6 3.66 8.24
7.61 7.0 7.44 7.31 4.94 7.89 2.21 5.15 3.58 7.89 14.74 6.07 4.9 7.21 4.44 4.23 5.0 7.32 4.99 6.29 2.53 3.92 3.3 4.09 6.87 11.97 3.84 7.94 6.01 8.56 8.93 17.96 7.45 4.02 1.99 2.5 7.95 5.28 2.65 5.73 4.48 4.0 7.51 4.28 4.51 2.58 2.78 6.7 16.65 8.41 5.58 5.81 4.4 4.09 3.83 9.15 6.55 9.85 19.44 6.82 7.14 4.66 5.39 9.05
5.07 5.6 9.55 4.24 4.23 4.95 2.26 3.38 5.38 6.9 16.34 5.04 3.34 5.14 3.64 2.26 1.89 3.66 3.57 3.41 2.74 7.99 3.98 7.1 14.58 11.38 6.13 6.59 4.34 6.03 8.47 11.08 14.47 6.69 3.84 2.7 5.26 4.11 2.13 4.23 3.34 6.71 9.95 6.72 6.76 3.78 5.94 13.68 9.65 10.84 16.2 6.72 4.11 3.16 4.18 8.99 7.23 5.27 13.78 10.83 13.0 9.36 12.85 13.01
5.03 4.44 7.44 4.2 6.99 4.53 3.85 3.2 5.16 6.64 4.22 3.44 4.1 3.14 3.03 2.05 1.93 2.52 4.94 5.74 4.0 6.75 6.48 5.15 15.35 5.61 6.79 9.6 7.42 7.75 9.93 8.14 12.08 7.86 4.82 3.47 4.95 3.79 2.67 5.32 5.8 7.24 6.13 4.75 5.63 7.2 7.98 6.97 7.68 8.17 14.11 9.97 4.32 2.56 3.9 6.91 4.52 4.7 6.32 6.66 11.67 14.11 31.9 21.95
3.72 6.8 4.18 5.45 7.94 6.34 3.49 3.37 2.98 3.79 2.42 8.84 7.68 4.49 5.3 3.72 3.79 3.13 2.88 3.22 3.76 5.68 3.67 5.86 10.49 5.47 3.66 8.1 6.53 7.58 7.76 5.46 9.17 10.14 5.37 3.61 4.85 7.59 9.61 9.69 9.99 7.45 2.68 3.71 4.79 7.11 11.61 7.05 9.03 8.03 13.88 12.83 6.72 2.77 3.47 4.11 7.29 2.88 4.6 11.07 24.75 35.47 39.24 19.77
2.83 6.71 3.88 4.7 9.72 4.87 4.64 5.64 5.52 3.86 4.06 9.26 5.45 4.27 9.27 4.67 3.43 2.82 2.97 4.32 4.73 9.83 5.52 9.77 9.6 7.41 5.48 6.38 11.25 9.09 8.31 7.24 7.54 12.09 3.08 4.42 10.58 15.01 9.65 8.13 6.39 5.21 3.03 6.49 5.25 6.16 14.69 7.46 6.71 5.98 15.46 11.99 9.77 4.54 6.88 7.08 4.31 3.76 5.19 15.59 12.69 23.6 31.49 15.81
2.86 3.11 5.78 6.61 8.88 5.25 9.98 8.26 7.01 4.09 5.43 6.82 5.66 5.33 7.87 4.46 4.89 4.85 5.06 5.04 7.56 8.85 8.94 7.4 8.42 7.19 6.7 7.36 9.29 7.31 6.15 6.77 4.07 9.92 4.57 7.12 8.79 12.71 18.06 6.87 3.94 3.14 4.11 6.53 4.12 5.62 11.7 5.97 6.39 9.69 17.37 20.02 9.78 14.09 6.91 10.22 2.15 4.0 3.76 8.85 8.94 16.23 21.11 19.0
3.94 5.59 4.75 4.08 5.44 4.91 4.95 10.66 5.6 4.0 8.96 9.5 5.22 5.68 3.2 5.71 4.21 3.32 5.94 9.85 11.71 9.5 7.97 8.35 3.25 5.32 3.03 5.1 6.85 6.77 8.0 8.35 6.04 10.54 7.0 8.23 14.54 12.74 15.14 5.9 4.98 3.38 4.07 3.89 4.46 6.07 7.17 7.51 9.17 16.38 12.12 22.57 18.35 12.15 6.15 5.66 2.4 3.79 8.99 9.4 11.58 12.59 12.96 14.97
4.79 7.69 5.51 4.82 7.06 7.45 10.79 11.21 3.68 6.52 9.34 8.43 6.61 6.97 2.03 5.87 3.52 5.59 8.47 9.21 6.6 9.77 5.93 7.46 4.74 6.09 3.69 3.41 5.47 5.96 8.52 10.42 10.67 11.81 7.2 8.4 8.37 6.17 6.98 8.26 14.86 10.79 5.89 4.15 4.76 5.14 6.49 8.52 7.33 16.5 16.1 15.67 35.84 10.67 8.68 6.04 3.12 5.65 8.1 5.04 8.86 8.11 14.7 9.14
6.65 8.97 12.66 9.87 6.87 10.02 10.87 7.71 4.29 6.67 10.86 12.06 6.52 5.28 5.05 12.2 5.29 7.11 9.13 6.58 6.8 4.94 9.33 12.19 11.96 6.79 5.05 4.95 4.25 3.65 3.83 10.55 12.3 4.94 5.85 10.56 6.82 7.4 8.06 15.76 16.06 8.6 6.19 6.71 5.18 4.92 6.08 11.13 5.76 8.97 15.84 33.93 21.44 16.12 15.12 11.63 3.9 4.7 5.32 3.44 5.76 4.97 8.78 9.3
6.74 9.53 5.52 11.65 5.11 6.66 8.74 5.8 4.21 6.26 6.52 6.1 8.53 7.8 7.06 13.44 6.52 6.51 8.22 5.99 6.79 4.92 6.34 13.4 10.51 4.01 2.95 4.65 3.49 3.17 4.25 5.6 9.66 5.95 5.38 10.21 7.91 6.66 5.58 17.75 15.29 11.19 6.3 4.41 5.8 6.52 4.38 8.38 5.3 9.39 9.78 15.86 13.29 10.52 13.34 10.16 11.42 9.5 6.27 4.06 4.42 5.56 5.69 9.87
5.28 7.66 5.89 9.87 3.21 3.49 11.74 4.83 4.53 7.16 8.02 6.45 8.6 8.07 8.57 10.21 7.68 6.56 4.04 5.67 5.86 5.46 7.79 7.12 7.53 4.21 4.56 3.31 4.26 8.26 6.8 6.26 8.07 6.86 5.88 8.31 5.32 7.99 8.11 16.7 13.18 9.89 9.47 4.28 4.09 7.3 9.67 3.96 4.38 9.92 6.35 4.97 10.78 8.32 13.6 15.36 15.77 12.87 7.25 6.25 6.72 6.6 6.53 6.34
7.03 8.91 8.46 5.92 4.49 5.37 16.68 10.24 7.99 7.97 6.23 5.38 9.17 5.29 8.49 8.57 5.98 2.8 3.0 5.68 7.12 4.39 7.38 4.71 5.58 5.63 4.87 3.3 3.83 7.81 5.85 8.62 8.92 8.38 10.24 13.14 7.46 6.15 9.34 8.7 12.66 13.54 7.18 2.69 5.72 5.74 4.79 5.79 5.87 6.78 5.74 9.65 5.95 5.4 8.55 18.45 21.08 13.94 15.29 14.33 6.58 7.84 10.78 6.71
11.37 10.22 5.69 7.14 3.79 3.46 9.66 12.96 5.81 8.36 6.83 8.16 14.7 5.53 6.47 12.74 11.04 9.36 6.57 8.61 7.46 9.69 3.89 4.28 5.08 7.85 4.69 4.22 4.26 5.41 5.76 10.49 12.11 11.46 11.5 11.53 7.44 3.09 12.3 16.23 14.06 9.27 3.58 3.97 4.16 4.29 5.97 5.92 5.64 6.87 6.03 13.99 5.49 2.23 9.0 17.41 13.32 13.69 23.67 15.9 7.73 10.04 11.67 6.87
18.03 25.81 11.26 7.39 3.97 2.36 6.77 10.9 4.11 9.07 11.95 14.56 32.21 23.54 6.77 10.7 12.9 7.58 2.98 8.19 6.83 7.59 3.69 4.78 5.65 7.72 6.01 4.19 5.14 4.77 6.1 12.67 9.64 5.94 7.3 6.18 4.59 5.21 8.3 11.14 17.22 7.49 3.45 5.96 2.57 2.12 4.82 2.78 6.18 7.68 8.78 16.11 7.07 3.62 7.28 10.88 11.86 16.58 44.56 20.74 13.42 11.51 14.96 9.42
16.41 13.64 16.15 6.6 3.92 2.62 4.65 6.57 5.49 8.59 10.08 18.07 63.13 29.41 9.23 5.9 8.52 7.3 4.35 4.09 9.0 6.99 6.47 6.28 7.87 14.18 11.82 5.23 8.03 4.72 5.03 10.09 10.79 6.66 7.26 6.16 4.59 10.52 11.23 6.55 12.3 7.51 3.93 5.26 3.09 2.41 2.75 3.11 5.37 8.2 8.9 13.95 6.92 9.42 10.86 13.48 16.65 12.52 20.64 9.1 8.07 13.7 15.51 12.09
26.38 14.02 9.83 7.75 4.94 4.39 4.56 7.34 8.19 9.6 7.06 10.03 28.69 33.01 11.93 13.17 13.62 7.31 4.37 4.42 6.45 7.71 4.94 6.0 6.49 10.02 9.05 6.23 6.9 4.98 4.06 7.44 10.73 10.18 5.71 6.21 7.05 12.93 8.41 7.93 6.56 4.19 3.71 5.13 2.39 1.85 1.45 3.42 6.75 7.38 10.49 9.82 7.24 7.83 12.43 8.56 10.98 15.15 11.58 9.77 8.73 11.01 14.26 14.13
25.85 14.37 7.19 6.63 6.06 6.07 6.27 6.55 7.29 11.4 7.5 14.43 21.46 46.96 10.04 15.59 9.81 6.08 4.08 7.66 5.9 4.68 3.39 6.01 4.3 6.15 5.97 10.1 5.99 8.44 4.69 12.05 8.83 10.25 10.71 12.35 5.58 12.57 6.01 10.58 6.03 3.77 4.14 4.5 2.73 1.98 3.72 6.19 9.35 11.27 15.38 7.05 9.56 7.44 5.39 6.92 7.62 6.72 8.06 11.47 7.78 8.81 19.09 11.3
16.01 15.03 16.51 8.09 13.13 8.79 12.13 9.25 11.76 9.29 8.43 16.96 15.54 26.15 19.33 15.3 7.27 3.81 5.1 5.54 6.47 5.88 6.55 7.63 4.15 9.54 5.38 7.8 4.69 7.4 7.02 18.31 16.67 10.15 7.41 15.87 7.43 8.71 6.06 5.66 3.54 3.82 3.24 3.98 5.1 2.76 3.94 11.29 6.6 7.59 10.51 13.2 8.13 8.35 7.08 6.28 3.91 4.13 3.73 13.61 7.88 8.59 12.51 8.25
21.95 15.66 26.61 17.16 11.77 6.61 18.57 9.73 12.41 12.01 6.84 5.05 9.84 16.09 15.12 10.65 5.56 3.87 7.07 6.46 5.96 7.47 6.51 7.96 5.36 6.55 6.62 5.48 4.41 4.65 4.5 12.0 20.42 8.4 10.96 16.74 11.55 10.81 8.01 4.24 3.81 4.29 2.36 3.13 5.07 5.74 5.11 7.12 4.82 6.62 6.56 10.71 12.39 14.35 8.09 7.99 5.21 6.05 2.41 5.06 4.96 9.64 16.04 11.33
31.38 15.92 11.54 11.19 13.81 7.0 7.6 6.3 16.28 10.85 4.77 5.77 8.26 9.2 10.27 8.93 6.82 6.6 3.87 5.55 6.24 5.07 11.36 10.54 7.76 5.0 5.39 4.64 5.32 3.53 2.92 10.89 17.75 10.78 19.92 8.82 7.05 10.96 9.71 7.7 6.78 2.78 2.04 3.22 4.51 5.91 5.21 5.66 5.57 7.51 15.75 18.0 9.38 9.61 8.53 7.43 5.26 5.36 6.0 4.54 6.53 6.82 12.37 7.9
24.51 15.88 9.99 5.46 10.99 13.77 11.84 6.56 15.07 9.53 8.91 9.12 12.23 7.91 10.41 8.8 8.66 3.86 3.36 5.01 6.15 2.93 9.62 7.4 9.57 6.67 5.54 6.51 5.16 2.63 2.47 8.51 12.25 10.98 21.32 12.61 9.56 9.06 11.34 9.54 7.53 5.54 2.47 5.34 6.06 8.47 5.75 8.76 5.71 9.77 18.5 15.4 4.32 8.5 10.39 8.07 13.13 8.8 9.76 6.2 4.51 4.45 8.15 9.14
31.28 11.67 7.84 5.15 8.56 16.33 12.15 6.71 7.95 6.77 12.75 8.91 9.22 5.77 7.68 9.44 12.6 5.42 4.94 6.92 5.66 4.13 9.78 9.45 7.72 10.04 10.72 5.45 3.29 2.48 2.03 6.74 11.59 11.99 11.5 9.65 14.27 13.15 9.16 11.14 6.03 7.97 4.23 7.11 4.8 13.69 8.03 6.27 5.05 10.05 12.06 7.92 3.12 5.79 10.8 10.86 17.91 11.77 6.39 6.35 5.89 8.95 5.64 12.58
22.93 7.79 5.39 4.11 4.63 6.87 5.57 5.52 5.87 7.24 9.99 6.37 5.49 3.63 5.56 10.62 8.0 5.89 7.36 12.42 5.52 6.04 14.05 6.46 4.77 8.66 7.67 4.07 2.83 3.6 4.14 7.29 11.96 11.82 6.01 10.93 15.71 10.9 7.32 5.89 4.57 8.39 7.14 6.05 6.53 12.58 7.72 5.14 12.1 8.88 9.45 4.81 2.62 4.47 5.82 6.29 15.07 10.18 7.31 7.62 6.1 12.44 9.84 11.41
15.08 5.15 4.71 3.08 3.91 3.68 4.33 7.1 8.17 5.53 7.66 6.86 6.7 2.63 5.39 9.95 9.32 4.83 9.01 8.02 5.62 5.12 11.24 9.31 11.99 5.72 2.7 2.63 5.16 3.94 6.78 12.05 17.94 9.27 7.9 12.11 5.34 3.41 6.96 5.13 6.06 5.63 8.03 6.82 6.55 9.71 7.67 5.13 11.32 10.28 8.16 5.71 3.46 5.57 4.46 4.78 9.78 10.1 5.83 5.79 8.05 14.52 8.07 8.47
12.68 6.3 3.18 2.95 3.23 2.93 4.54 7.35 6.16 4.34 4.44 5.24 4.78 2.12 4.29 7.95 11.07 4.45 4.15 6.31 5.87 4.31 9.09 13.02 10.71 3.99 4.32 2.64 5.92 4.43 4.89 7.17 12.39 8.27 9.44 14.08 11.41 7.79 6.63 5.71 4.51 5.44 8.34 6.95 10.6 17.05 6.09 6.98 7.92 10.36 8.04 6.24 3.96 5.27 4.31 5.94 5.02 8.85 5.71 11.06 9.89 6.29 6.41 13.26
11.37 5.93 3.32 4.17 3.43 4.4 6.41 5.34 2.61 3.42 4.28 10.84 4.08 4.33 5.99 5.28 6.61 7.03 5.55 6.09 4.95 7.09 9.67 8.49 6.95 5.16 4.79 3.42 5.73 4.53 4.44 9.31 11.35 13.49 8.6 13.47 11.97 9.28 3.34 4.9 3.21 5.41 8.55 6.33 9.37 19.22 6.98 8.08 6.98 9.05 6.54 5.7 4.53 4.13 4.57 7.31 5.46 12.01 7.61 8.81 7.42 6.75 7.39 6.08
10.26 5.59 4.33 2.06 3.56 4.26 2.96 2.65 1.87 2.93 7.05 6.13 4.28 5.72 5.84 2.51 6.89 4.96 7.84 6.3 4.96 6.64 6.8 4.12 3.7 5.38 7.07 6.12 12.04 8.43 11.94 28.61 12.23 13.58 7.11 6.27 9.99 9.84 4.27 5.31 3.05 8.31 14.27 14.75 9.78 13.47 10.22 10.27 5.57 9.63 9.56 7.74 6.68 5.7 5.15 8.96 7.43 13.41 9.39 11.73 12.26 9.71 5.08 5.25
7.02 5.36 5.2 4.26 4.35 3.72 3.19 2.95 4.67 2.89 7.95 6.53 6.38 5.99 7.19 2.4 7.56 6.84 7.56 18.17 18.3 4.13 4.03 5.56 6.59 7.4 14.29 8.67 11.57 8.48 18.21 21.49 14.17 7.2 6.93 7.6 9.01 5.45 4.82 6.61 4.85 14.51 20.91 22.07 12.34 6.8 13.53 10.28 6.87 6.35 6.22 3.72 5.35 3.82 2.04 7.21 11.0 14.26 12.4 18.16 10.61 8.6 3.39 6.42
8.63 7.17 5.11 5.39 4.35 2.66 2.94 4.11 6.73 5.67 6.0 5.96 3.14 3.49 2.3 3.05 7.02 6.86 7.7 18.52 17.12 5.06 4.75 3.86 8.35 10.26 8.49 5.5 7.67 9.85 19.93 7.7 18.38 12.17 4.71 6.92 10.73 5.89 5.81 5.54 5.36 7.21 30.96 12.91 14.82 11.36 22.25 5.43 9.35 4.05 4.93 5.43 7.24 5.18 4.38 14.94 21.92 12.16 15.0 18.06 12.25 9.78 3.66 6.23
5.57 5.09 4.8 4.02 3.13 2.24 3.34 4.84 4.86 7.22 7.1 9.2 7.68 5.82 4.71 4.67 6.19 4.5 9.99 10.24 12.51 8.28 10.79 5.65 8.35 11.53 8.31 3.49 5.08 8.4 17.06 8.93 12.93 10.26 8.81 9.05 8.75 5.57 8.02 3.53 8.48 8.09 16.19 7.3 12.38 13.11 18.09 8.6 11.81 8.82 6.7 9.7 9.45 4.77 5.59 17.15 14.9 11.48 16.13 15.61 7.82 7.56 7.34 9.0
10.07 6.41 4.02 3.63 1.9 2.23 3.94 4.04 7.57 6.98 9.13 19.54 14.73 6.11 4.68 3.11 6.59 7.85 8.58 6.75 14.88 11.3 18.61 8.2 16.49 22.17 7.41 2.93 4.77 6.07 8.54 6.9 12.48 7.5 8.27 9.16 8.2 4.88 9.56 9.83 11.31 7.9 7.73 8.4 12.47 13.2 14.13 19.79 16.6 6.63 6.19 12.61 5.32 5.84 8.09 15.79 15.46 20.69 9.92 18.95 11.59 13.64 10.49 6.71
7.16 6.51 4.81 2.94 2.28 4.29 6.17 7.34 7.92 11.88 4.95 12.41 13.5 7.34 4.12 6.55 9.5 13.95 14.02 6.4 16.45 11.89 7.53 6.33 15.21 22.74 8.65 8.85 4.05 2.38 9.13 9.6 7.5 7.41 4.72 9.68 11.84 7.88 19.46 17.62 11.78 8.07 9.27 4.19 6.82 4.79 7.05 13.74 17.08 8.67 10.32 9.73 4.62 7.04 9.85 9.2 10.15 9.38 7.98 12.04 10.86 7.54 7.27 3.99
7.52 7.09 6.08 5.25 3.35 3.66 3.35 8.57 5.52 7.72 8.75 15.73 19.41 6.64 5.28 10.14 14.91 14.68 15.11 12.02 9.5 5.04 4.11 5.1 7.95 15.48 10.97 13.27 4.42 2.47 8.51 14.27 7.32 10.09 7.82 6.16 12.8 8.8 19.71 14.9 13.67 3.77 2.97 3.09 4.79 2.28 5.51 9.76 12.42 17.09 17.0 7.48 10.72 7.2 7.03 4.76 7.17 6.84 9.08 6.22 18.57 9.35 14.07 4.72
4.89 5.65 6.65 6.77 4.97 5.59 4.71 3.71 5.76 7.32 12.37 14.95 13.65 7.63 6.74 13.56 7.34 7.05 10.07 14.3 6.53 7.39 7.55 5.99 7.56 6.57 8.43 10.9 5.71 6.87 9.57 9.56 10.9 7.52 6.43 4.46 7.05 7.04 9.87 11.76 10.7 6.54 4.33 3.26 6.97 4.31 3.72 5.64 8.29 16.58 22.29 9.06 14.07 10.23 6.25 4.69 4.21 6.31 10.99 7.13 9.71 10.69 10.87 7.62
4.18 5.35 6.69 5.7 5.7 6.92 4.96 4.87 4.32 7.7 8.24 12.51 9.01 10.63 5.23 12.96 5.01 6.87 11.48 14.77 7.04 10.54 9.21 7.28 10.35 7.13 8.29 9.48 7.44 9.26 5.51 8.21 5.39 5.43 8.77 10.8 10.62 5.76 5.46 10.5 12.21 7.33 4.34 2.88 6.95 5.8 3.41 3.3 7.38 22.29 10.97 8.45 25.34 18.34 7.11 5.12 3.44 6.97 5.84 3.33 7.89 12.87 10.03 15.92
