5.91 9.33 13.8 10.65 4.72 9.06 7.85 8.55 6.29 3.96 4.06 6.27 8.07 18.98 13.8 8.51 5.22 4.22 4.62 5.9 12.52 12.46 13.6 23.8 14.85 8.52 7.76 12.24 9.83 13.64 11.07 16.48 6.92 9.8 14.87 8.57 7.79 6.55 15.25 11.43 6.8 7.74 14.46 16.51 5.16 5.2 11.82 6.96 10.48 5.41 8.59 11.9 9.3 17.52 11.83 8.52 8.48 6.24 7.12 7.02 8.29 4.72 11.5 13.54
8.23 8.81 11.03 10.29 4.58 11.3 6.51 6.37 8.87 8.12 6.06 9.67 12.12 8.91 15.41 4.22 5.8 3.16 3.5 6.62 9.12 21.97 14.4 16.0 9.33 7.54 8.57 10.01 4.31 5.57 11.36 14.59 9.74 9.07 14.68 6.67 5.78 6.69 9.89 7.27 8.19 6.88 11.4 8.13 3.77 3.7 5.45 4.5 6.54 8.53 6.99 10.86 9.87 18.4 9.28 9.97 9.14 11.69 10.9 6.15 8.16 3.29 12.46 17.64
2.99 7.29 12.27 9.1 11.01 13.05 6.35 6.28 8.71 6.77 10.45 12.48 8.31 7.58 23.96 14.14 2.97 4.74 3.43 4.4 14.55 12.13 18.17 16.38 10.37 8.32 6.77 8.1 8.82 7.52 12.67 13.43 6.64 12.69 9.7 8.74 7.27 6.36 8.0 14.4 8.14 5.54 7.8 5.49 4.8 4.36 9.03 4.39 6.24 10.29 9.13 11.23 9.19 9.8 18.83 18.82 10.54 13.17 9.84 11.8 16.28 9.78 9.69 9.78
9.21 8.37 10.78 7.11 17.84 19.75 13.12 12.23 6.1 9.02 14.03 13.28 12.54 6.51 11.85 12.6 4.06 4.75 4.27 6.69 8.95 7.41 13.3 9.26 12.55 12.07 16.96 9.78 9.15 7.08 9.74 13.56 5.22 14.18 18.82 5.88 3.74 5.81 7.65 8.54 9.9 9.34 11.23 5.74 2.76 3.27 4.98 4.75 4.76 4.55 4.72 4.06 9.41 10.47 11.09 16.37 12.58 15.29 16.52 7.81 11.35 8.61 11.93 15.87
4.02 7.77 12.27 10.73 15.27 10.84 24.56 12.74 7.49 10.12 16.74 21.61 12.89 5.47 12.61 11.67 4.63 3.72 3.28 5.44 11.41 11.3 16.04 11.92 8.04 15.57 20.41 14.48 11.95 7.05 11.87 18.38 25.13 18.77 13.35 6.83 7.74 3.58 5.01 7.41 12.06 27.21 18.71 9.75 6.99 3.5 3.39 6.01 4.14 5.46 6.14 3.65 5.77 12.0 15.19 9.26 9.09 21.62 20.0 14.6 21.07 7.06 14.35 16.05
6.52 12.46 14.63 24.81 24.1 20.38 14.64 13.18 17.87 16.44 33.77 22.03 14.91 12.49 10.56 10.67 5.24 3.92 2.68 4.42 6.17 9.02 20.95 14.55 13.82 23.75 15.11 9.03 18.53 13.39 9.13 14.53 21.42 13.23 11.77 5.65 3.49 5.75 6.0 8.84 12.9 33.27 21.16 14.08 7.18 5.97 5.69 7.31 5.29 2.36 3.74 2.07 6.54 11.97 10.9 6.7 7.4 8.39 9.16 10.97 19.92 19.55 10.74 9.6
8.66 6.9 8.35 16.74 15.57 8.39 11.65 17.77 18.07 26.36 25.23 28.13 17.46 10.31 8.23 4.72 4.51 4.56 2.03 4.37 2.24 7.62 16.16 8.29 17.82 10.69 5.42 7.97 11.4 7.09 8.36 14.41 22.53 10.27 6.57 4.53 6.38 7.28 9.37 7.11 13.26 16.22 14.94 22.56 12.89 12.06 7.05 7.62 13.11 6.56 2.31 4.16 5.67 17.43 20.86 5.75 5.44 5.46 8.69 9.77 17.86 8.69 8.65 8.37
10.31 8.56 7.84 7.95 6.3 8.0 6.65 8.23 14.17 9.81 20.74 24.17 16.79 11.37 6.92 10.25 8.36 4.25 3.34 4.55 3.96 6.13 9.85 11.5 21.15 18.43 10.34 6.76 6.96 6.39 9.36 10.82 15.22 14.16 12.19 6.62 13.05 10.06 10.15 7.43 5.3 10.16 16.71 22.29 12.05 10.44 6.22 9.03 9.47 4.97 3.87 4.71 8.91 9.96 8.81 6.16 4.17 7.1 5.24 10.99 10.04 6.0 8.02 5.12
5.39 5.26 8.53 9.33 10.75 5.54 4.44 12.46 19.25 12.58 13.78 18.78 10.84 13.06 6.46 10.74 8.79 8.3 5.86 10.01 5.59 4.85 12.18 13.71 12.85 9.63 8.09 6.36 7.02 5.45 5.94 11.93 9.51 11.27 11.46 23.2 7.26 6.6 5.99 6.33 4.43 4.56 11.38 7.13 10.27 12.86 10.14 3.36 5.83 4.31 5.03 4.37 4.66 10.44 11.17 10.92 10.35 3.62 4.0 11.35 17.17 8.4 4.18 5.58
13.14 9.58 9.5 10.2 14.87 9.53 4.52 8.34 10.91 13.92 18.73 26.33 8.66 13.53 7.37 6.01 9.87 6.77 6.81 14.48 8.82 9.1 4.94 7.87 8.7 12.99 10.5 7.34 5.54 13.96 8.34 20.39 10.5 10.03 22.7 13.87 20.61 9.78 5.87 3.28 2.72 4.25 10.46 6.93 4.52 9.32 14.39 6.85 6.06 3.78 4.04 6.09 10.43 4.85 9.48 12.14 16.13 8.93 12.91 6.44 11.28 8.46 4.5 6.09
13.83 12.03 10.79 16.34 6.7 9.19 5.41 6.01 13.96 17.58 14.62 16.14 11.35 6.06 8.28 8.22 11.01 6.74 3.08 8.79 14.2 7.33 5.01 4.59 6.33 11.34 17.55 10.78 7.74 6.92 12.76 16.35 15.85 15.0 16.31 19.36 15.72 7.1 4.64 3.04 4.99 6.66 8.27 9.27 2.8 6.5 5.75 4.22 3.31 4.6 5.3 6.55 9.32 5.54 8.34 11.19 16.83 16.5 9.86 7.38 5.99 8.41 9.23 5.69
16.95 16.68 10.03 17.15 10.03 7.5 11.32 10.16 14.02 18.4 12.65 21.51 13.4 7.46 5.85 4.4 7.13 6.28 9.73 8.02 12.22 7.96 9.11 3.86 5.02 14.05 22.38 14.51 6.59 10.35 9.48 17.32 18.2 19.25 16.3 10.15 5.15 5.26 2.71 3.6 4.29 6.15 7.73 7.67 4.26 3.44 4.78 4.32 3.48 4.03 3.84 6.19 10.15 8.25 7.76 11.59 10.03 13.59 10.78 12.34 14.8 5.49 8.1 4.94
15.57 20.41 12.26 16.94 7.6 10.23 12.08 8.01 6.75 12.87 14.88 15.25 14.37 6.22 10.21 5.45 2.47 5.4 6.12 4.42 7.72 8.72 5.79 6.71 6.78 8.46 11.34 14.57 6.81 7.99 11.76 15.8 12.62 13.91 6.67 5.05 4.05 3.29 6.31 3.89 3.58 7.22 9.27 7.17 11.5 5.05 8.41 2.76 4.56 5.94 5.45 15.31 19.17 9.12 9.03 8.67 5.02 11.08 9.47 18.75 14.18 12.35 13.21 6.06
12.53 11.02 17.53 10.91 6.99 10.86 12.81 10.96 7.61 12.22 7.46 8.92 9.55 13.26 16.59 14.68 5.13 8.89 15.48 6.61 9.75 12.93 15.45 13.21 13.81 10.65 14.37 10.1 11.04 12.97 20.1 18.65 9.84 9.75 9.13 5.44 4.7 4.25 5.59 4.91 8.6 5.53 9.36 8.28 12.7 5.57 6.58 6.31 4.77 8.38 8.45 6.75 9.26 10.31 8.69 12.22 6.55 5.73 6.04 6.31 9.99 12.01 5.09 9.18
12.76 13.51 14.64 8.23 6.57 10.56 9.9 7.24 4.65 4.34 6.25 8.35 9.74 13.9 16.48 10.22 7.39 9.35 28.75 17.17 13.98 11.52 15.47 10.24 12.1 11.71 24.1 28.82 10.72 11.97 8.93 9.9 10.7 10.73 9.61 4.57 5.35 3.87 4.35 4.84 6.58 9.29 7.22 11.47 9.85 12.64 6.91 7.13 15.76 9.61 6.94 5.16 3.33 8.14 14.68 11.18 14.96 9.13 7.37 4.9 6.79 12.03 19.89 19.35
8.11 9.16 12.98 6.81 10.77 12.03 6.5 6.56 3.74 3.62 10.17 5.5 8.17 11.14 19.01 11.96 9.96 13.24 32.03 46.04 28.14 17.77 12.34 7.55 8.13 21.71 23.3 40.52 20.45 9.19 10.28 15.15 15.49 10.03 8.6 9.65 6.01 5.8 5.36 4.77 7.37 11.88 10.65 9.85 14.45 18.43 8.07 5.89 13.66 4.7 6.83 7.57 8.2 9.65 7.44 7.43 13.79 8.95 7.76 8.38 10.26 15.64 15.26 22.21
9.44 15.14 11.46 11.85 10.0 8.53 7.5 6.27 4.33 3.7 5.97 11.72 4.05 3.96 8.7 6.77 8.62 10.36 11.55 21.1 16.8 7.64 7.46 7.08 5.83 9.32 18.85 16.33 14.63 5.23 11.98 8.06 19.8 14.5 11.27 7.55 3.46 6.02 4.94 6.83 8.74 12.06 11.33 11.57 13.17 21.68 7.33 9.12 22.94 6.03 3.69 4.49 6.81 10.82 5.42 7.49 7.09 11.32 15.28 10.91 13.97 13.94 20.44 18.33
15.02 10.59 11.15 12.23 4.75 7.52 8.67 6.75 4.43 3.98 8.26 7.77 6.16 4.15 6.21 6.11 3.14 9.22 5.26 9.48 8.75 7.56 6.05 8.26 3.24 5.14 13.06 12.23 14.05 5.46 7.81 11.54 22.39 8.84 5.86 4.49 9.21 5.04 7.46 11.18 11.0 11.81 14.76 16.43 6.65 9.92 5.7 11.19 16.06 27.14 5.21 5.67 7.66 4.62 6.43 2.77 4.39 6.92 15.11 16.47 24.3 7.49 8.51 18.35
9.02 13.13 12.05 17.29 7.17 6.23 5.02 5.16 8.23 6.0 9.48 13.14 5.16 2.58 4.2 4.1 4.0 8.68 3.92 11.37 5.54 3.36 3.94 6.64 3.29 6.86 5.88 6.83 5.18 13.03 7.3 7.54 18.24 7.39 7.93 5.86 6.72 5.43 7.28 7.36 9.19 11.46 13.42 8.99 9.65 5.46 7.7 6.83 16.54 17.09 12.37 8.33 9.31 6.67 5.9 3.31 4.1 13.1 14.59 10.6 15.47 8.95 8.75 15.78
9.57 5.09 5.52 27.31 14.45 4.18 3.31 5.1 7.4 7.51 4.93 6.94 3.4 8.87 5.38 3.53 3.45 6.89 10.6 8.7 7.51 3.55 3.65 5.91 10.61 8.03 7.16 6.33 7.43 9.49 3.81 5.89 5.3 9.16 8.14 11.19 12.9 6.95 5.91 6.19 11.14 9.32 8.63 8.22 9.3 4.16 6.64 5.25 18.62 31.25 12.84 11.21 8.45 6.23 6.75 6.08 3.89 9.17 14.71 18.07 20.43 9.57 8.91 6.45
14.98 4.48 5.95 17.71 10.65 7.4 9.91 5.24 4.94 5.95 3.36 2.95 4.64 4.32 6.82 5.53 6.68 5.97 5.13 5.12 8.27 6.68 3.6 10.72 27.45 21.22 6.74 7.8 5.39 8.54 8.91 4.22 12.34 12.38 4.92 9.72 10.06 21.41 10.32 6.37 5.77 12.17 4.12 11.21 6.94 4.58 9.56 13.64 14.22 23.12 27.0 21.55 12.64 10.64 9.5 2.21 15.61 16.23 24.92 18.18 13.28 8.32 11.79 20.6
7.01 4.81 5.84 23.75 15.63 5.36 4.18 4.83 6.53 4.13 4.55 1.86 4.35 5.22 6.56 7.98 4.78 5.66 4.18 10.27 9.09 6.97 6.57 15.31 33.63 33.16 12.43 7.51 7.21 7.03 6.97 9.3 11.43 12.75 16.3 10.95 6.6 7.12 8.15 7.75 8.2 12.04 2.76 5.91 12.83 4.99 13.02 12.85 8.02 13.64 32.72 19.52 17.23 13.02 5.24 10.69 19.87 11.72 11.91 16.45 14.46 6.85 22.41 25.0
11.69 8.21 6.61 13.46 11.43 5.8 4.1 11.86 3.83 3.32 2.92 4.61 3.92 4.59 6.59 4.84 3.41 4.71 10.01 6.44 6.37 7.8 15.09 10.38 23.67 18.4 13.3 8.28 14.28 8.32 5.97 7.2 7.24 9.51 12.39 5.73 4.94 5.74 9.61 7.04 13.58 8.5 7.65 5.24 5.14 4.5 11.3 12.26 10.4 13.49 22.74 26.01 13.53 19.97 9.43 16.33 12.26 12.44 17.39 34.96 18.69 15.5 25.59 53.2
25.82 8.5 10.89 10.61 11.34 9.32 6.72 9.0 7.61 6.05 5.11 5.12 5.62 4.99 3.58 5.06 3.64 4.69 4.83 4.68 9.46 8.31 13.87 9.43 17.33 7.1 11.35 10.71 7.7 8.9 13.86 10.15 6.35 5.08 5.82 3.34 3.15 12.04 8.25 14.64 12.11 11.6 10.71 5.76 11.16 6.99 7.85 11.37 10.59 8.56 16.92 29.65 19.77 13.08 13.23 16.42 12.03 10.24 7.24 9.6 22.8 26.45 30.09 31.26
48.49 9.51 7.85 7.13 4.87 6.18 9.6 7.01 11.29 3.33 4.19 9.13 7.76 6.39 3.97 3.83 5.26 6.66 4.46 4.85 3.14 7.06 10.56 10.54 7.83 6.36 10.07 9.15 7.53 18.93 3.59 4.4 4.11 4.14 3.9 4.86 5.95 7.68 10.53 9.7 16.85 10.91 10.84 7.25 7.62 4.78 2.95 4.93 17.05 12.82 23.19 17.33 13.45 7.57 8.98 10.74 19.83 11.88 12.07 10.62 11.5 13.26 14.42 27.21
17.22 9.56 4.65 9.56 6.14 7.53 10.37 10.45 8.63 7.2 6.39 8.18 13.24 10.0 8.58 5.77 6.0 8.68 16.03 6.9 5.94 7.3 13.69 9.65 5.06 7.08 6.95 5.96 11.96 10.56 4.53 5.08 6.75 3.48 3.8 3.96 4.56 6.05 14.75 13.18 14.95 9.79 6.78 10.16 6.35 3.86 4.61 3.13 11.22 12.43 9.28 15.02 10.59 11.56 19.31 23.9 14.7 10.45 9.64 11.06 13.9 14.65 9.54 8.39
12.4 5.8 4.79 10.51 7.94 18.47 8.72 3.61 3.74 4.68 15.05 17.95 7.82 9.79 8.61 6.74 4.75 11.32 12.5 4.83 9.43 5.69 15.49 6.03 6.97 3.46 6.12 3.04 4.05 7.52 4.09 3.79 7.48 4.25 2.83 2.74 2.72 6.67 7.83 12.35 6.82 8.46 4.12 5.68 3.94 3.81 4.59 4.3 8.66 7.59 4.32 5.5 8.48 10.76 21.6 28.91 16.16 15.04 10.28 7.58 11.52 15.91 10.4 13.06
8.48 3.69 6.82 6.89 8.61 16.35 6.25 3.63 2.05 4.9 8.08 7.43 11.07 9.44 7.9 12.4 4.04 7.19 7.64 6.3 6.67 10.75 12.18 9.71 3.52 4.17 4.11 3.15 5.87 10.82 8.99 4.15 3.39 7.71 5.33 5.53 10.3 6.81 7.32 14.65 14.51 4.38 3.4 9.96 9.77 4.37 5.72 4.37 5.2 6.11 4.6 5.06 3.92 11.36 16.89 18.86 16.45 10.6 12.06 5.27 11.41 23.34 15.09 10.01
6.68 17.16 12.81 10.51 6.0 13.94 11.39 5.24 3.92 5.86 9.5 9.8 10.32 10.43 8.54 8.51 5.07 12.06 6.44 9.6 8.27 18.91 7.08 9.21 5.8 3.52 3.51 8.89 4.25 6.48 5.07 4.61 8.84 3.35 4.91 3.13 7.71 3.7 8.52 9.0 15.44 6.68 10.8 9.05 6.56 7.25 4.08 3.97 3.54 2.19 2.0 2.76 5.84 10.46 5.62 7.37 8.53 3.96 8.29 11.16 11.84 11.53 10.52 14.47
7.79 11.9 11.89 15.49 11.54 15.71 5.16 5.53 8.28 7.14 14.76 11.6 9.4 8.72 14.56 8.83 5.56 7.4 4.2 6.08 11.6 10.53 5.13 8.21 7.61 4.3 4.2 5.62 5.23 7.03 5.78 4.24 2.95 3.86 4.37 4.34 7.48 5.34 10.66 22.95 16.78 15.15 10.47 10.24 9.76 9.7 9.02 6.1 3.42 2.62 1.77 3.91 10.2 5.32 5.24 5.07 7.35 4.32 7.56 6.15 12.88 14.06 12.69 6.46
5.79 10.33 16.15 13.21 8.42 6.38 13.87 14.1 12.36 12.47 13.09 13.63 8.41 5.35 9.99 6.56 11.74 15.18 9.55 7.72 8.42 6.44 7.89 13.2 11.32 5.11 2.47 12.32 9.41 11.28 3.1 6.17 2.47 2.4 2.0 3.17 11.25 10.82 16.47 23.98 22.98 19.35 14.29 16.54 10.6 7.2 4.92 4.6 5.45 2.69 1.77 3.44 4.22 6.16 5.98 2.89 3.23 3.19 8.94 4.94 12.87 4.72 6.08 7.38
5.14 7.06 7.23 13.16 11.9 7.68 7.28 14.71 9.6 7.81 11.63 7.47 11.09 5.28 6.38 8.9 8.29 7.45 11.14 14.25 7.08 6.17 7.59 9.24 14.09 17.45 9.23 5.84 10.62 7.75 3.25 4.18 2.35 1.73 2.88 4.14 10.7 8.53 21.04 30.11 14.26 24.19 12.12 9.74 7.81 7.08 7.04 5.8 3.89 3.83 3.56 2.56 3.11 1.93 3.9 4.33 4.87 10.61 3.19 8.85 7.18 2.72 7.74 11.02
4.01 2.92 7.45 13.73 12.75 10.95 7.68 11.62 13.73 7.77 8.79 7.27 6.55 12.05 6.06 8.44 5.69 4.58 11.79 17.17 9.99 5.03 9.08 6.23 10.68 9.93 15.35 11.26 28.35 7.87 3.28 2.13 3.26 1.57 2.94 5.4 5.89 14.52 12.48 9.13 13.6 16.97 7.41 9.39 15.57 9.15 5.02 6.67 5.74 4.34 6.48 5.78 2.6 5.41 6.46 8.36 6.09 5.01 9.38 8.22 5.0 4.61 8.13 6.75
10.52 4.77 5.81 5.12 3.79 5.4 8.64 11.47 6.28 8.31 8.97 7.76 5.97 4.59 5.32 6.71 6.68 6.34 6.72 11.45 10.8 10.77 7.7 4.2 10.16 12.19 10.57 13.71 13.19 16.03 3.72 3.48 5.47 3.39 7.62 7.07 6.21 9.32 13.87 8.68 11.44 12.25 7.89 7.94 9.98 9.52 11.65 6.15 7.61 4.37 10.99 6.96 4.12 7.83 11.98 11.69 12.2 5.21 6.5 7.28 6.7 9.94 5.94 6.94
11.75 5.25 11.77 3.72 2.83 7.56 7.5 12.15 9.39 9.25 9.38 9.95 6.52 5.72 4.75 5.78 8.01 8.0 5.59 10.58 6.93 9.35 9.01 5.57 8.56 6.46 17.54 9.83 6.94 7.7 3.91 6.33 16.28 5.82 4.03 8.02 8.18 9.48 6.3 6.03 11.03 8.14 6.53 5.92 9.94 7.89 8.57 5.51 7.83 4.18 11.56 9.97 5.67 7.68 8.34 9.97 9.2 6.46 7.58 8.82 4.37 11.7 5.33 8.04
5.93 6.04 3.91 3.19 6.73 5.87 10.1 9.19 4.85 6.84 9.14 4.71 4.32 4.38 5.51 3.97 8.18 12.83 8.78 6.12 6.4 5.8 12.04 4.31 6.29 6.91 5.9 7.63 8.59 9.86 9.2 9.58 13.76 8.46 7.29 8.02 7.94 7.16 6.55 8.53 9.42 13.09 6.73 9.66 5.83 9.24 7.82 5.9 6.29 4.51 9.78 11.21 8.55 6.5 10.02 19.04 9.87 3.7 5.92 5.34 4.69 4.38 6.26 4.8
8.47 10.3 5.31 5.4 4.93 9.45 11.67 10.3 4.39 5.11 12.92 9.48 12.74 4.93 4.55 2.91 8.03 17.4 11.27 9.34 7.15 9.56 6.78 8.78 4.64 1.96 6.85 7.23 4.75 7.48 6.34 11.89 13.41 10.77 5.93 5.95 10.51 7.62 5.36 7.65 4.1 7.0 8.1 8.58 11.19 7.49 4.6 5.48 7.38 3.54 3.63 3.93 7.08 12.79 24.76 12.6 4.49 2.95 3.9 2.58 6.51 4.68 4.88 4.08
12.4 4.31 3.9 4.69 4.4 9.19 7.76 6.87 3.03 11.15 4.97 4.92 2.85 4.37 1.74 3.53 6.1 16.9 13.63 8.31 6.65 5.97 4.35 5.6 6.55 5.3 8.79 5.22 4.27 5.09 14.96 13.96 8.32 8.89 9.08 8.33 9.38 7.01 6.52 5.31 9.95 9.65 7.34 10.02 17.44 12.76 12.83 4.2 5.5 4.07 4.57 8.38 15.26 12.59 7.97 18.44 7.13 3.91 3.35 6.68 5.88 6.34 5.88 4.07
15.66 13.36 3.02 4.63 3.03 6.78 5.18 9.48 8.24 7.95 5.18 3.75 2.73 4.07 3.16 4.22 6.03 8.45 10.94 16.86 6.18 6.41 8.17 7.01 10.21 6.07 7.54 7.91 10.16 6.72 6.14 13.58 16.12 10.54 14.21 9.96 13.2 8.17 6.29 7.33 7.42 4.48 6.71 19.95 16.08 12.86 8.02 3.99 5.21 7.44 4.86 5.4 7.93 13.57 9.3 8.29 3.82 3.46 4.23 10.6 13.39 7.35 3.23 2.95
14.73 9.98 4.62 3.3 6.18 5.77 5.29 5.89 6.18 7.39 8.35 2.63 4.3 2.38 4.4 4.23 3.84 6.3 8.45 13.28 7.9 10.31 4.97 7.27 7.68 13.76 10.14 18.11 6.59 5.75 6.44 10.94 6.76 18.36 24.91 11.35 9.55 6.21 5.31 7.01 6.71 8.97 6.23 14.02 13.53 6.35 8.55 4.33 9.18 7.15 8.5 19.27 9.75 4.9 7.36 4.42 6.32 3.73 7.41 12.32 20.64 15.05 9.58 4.31
6.95 6.43 9.32 7.65 9.0 8.78 6.77 6.27 6.65 7.84 8.76 4.46 3.23 2.82 3.85 4.89 3.04 3.69 6.88 9.67 7.44 10.17 5.44 9.64 10.42 12.44 9.41 7.95 4.49 7.34 9.19 10.81 7.28 14.49 14.59 13.23 11.12 6.24 5.83 6.8 8.54 4.3 6.34 9.32 9.54 7.2 5.71 5.58 6.21 8.49 22.73 14.54 6.34 8.92 4.63 4.08 4.71 6.37 12.7 5.62 14.94 7.61 12.39 4.12
6.49 11.22 8.94 8.75 4.61 6.17 3.49 5.5 6.93 16.74 8.07 3.55 4.53 2.52 3.45 3.37 5.02 4.19 8.24 6.4 6.1 5.99 7.0 11.3 15.57 14.23 13.2 6.32 5.72 8.41 8.95 12.37 12.8 20.97 20.87 9.61 18.76 8.44 6.7 5.46 5.18 3.78 8.38 8.69 5.93 4.23 3.39 8.67 6.21 13.86 14.19 22.04 9.54 9.6 6.51 4.79 5.16 7.0 13.34 5.08 7.44 7.1 6.21 4.65
7.57 11.41 15.53 11.38 7.47 7.42 4.17 12.99 7.26 3.82 7.68 2.64 4.05 3.08 4.75 4.53 8.28 7.66 6.53 4.84 8.37 6.44 6.07 8.24 24.47 18.61 15.79 7.81 7.38 7.34 3.06 11.03 15.01 13.67 24.16 10.9 7.19 8.3 6.43 9.0 4.82 5.92 6.44 6.99 7.02 3.25 2.48 2.88 7.07 4.82 14.83 10.47 13.5 27.64 11.15 11.96 5.17 7.5 7.27 5.15 5.43 4.51 5.6 6.45
14.55 9.73 10.2 9.45 9.18 4.37 6.48 8.84 11.86 20.58 5.6 2.25 2.4 5.09 5.23 5.55 9.75 11.22 4.48 7.9 4.55 4.58 8.91 14.96 48.96 16.46 7.65 6.0 6.8 7.79 7.76 8.33 12.15 16.16 11.12 9.61 11.68 6.02 5.81 5.58 12.73 7.8 8.28 7.82 7.19 6.34 6.29 6.68 6.44 6.81 17.27 24.73 18.12 23.9 30.93 18.51 8.08 14.0 11.1 4.9 6.24 3.96 5.3 3.33
8.1 6.82 9.22 5.82 5.21 4.75 8.75 11.72 7.26 9.34 4.67 3.04 4.38 3.04 5.2 9.06 9.68 10.57 4.4 4.07 4.95 6.49 7.52 17.64 29.74 20.28 10.97 5.77 7.3 7.35 13.66 7.53 9.18 9.96 7.83 6.23 10.71 5.72 13.92 12.39 4.94 8.21 7.13 6.07 6.58 6.6 7.95 7.05 8.49 14.62 13.49 14.88 14.47 21.46 29.3 14.16 15.73 11.94 8.73 6.98 5.83 2.43 5.28 4.23
6.39 7.17 3.75 2.23 4.88 3.99 5.31 5.72 6.85 6.22 4.64 3.13 4.62 5.7 12.73 9.49 5.88 11.39 5.53 7.95 8.11 6.98 12.93 5.74 15.03 15.33 17.87 8.5 8.12 9.45 5.29 5.61 5.81 9.05 6.45 21.17 9.39 6.14 11.32 6.84 7.49 7.56 4.82 7.73 5.65 6.34 12.04 6.14 7.84 8.61 32.24 18.27 13.98 13.71 18.65 20.44 17.89 16.24 11.61 8.65 3.67 5.39 8.07 7.09
6.94 5.11 6.95 3.41 5.27 6.6 5.68 4.64 5.22 4.21 4.57 7.22 5.04 9.06 9.38 11.14 13.84 8.52 4.09 4.85 6.55 8.15 6.8 10.42 9.45 10.25 15.15 7.84 6.91 6.42 4.98 3.32 3.48 9.02 19.87 12.7 8.39 5.89 8.33 7.73 6.76 10.59 5.1 6.07 4.81 6.22 7.81 8.58 11.54 8.2 23.67 15.43 11.48 6.32 12.11 14.71 10.26 13.36 11.49 4.65 6.88 12.62 11.51 13.19
8.81 6.05 4.49 4.6 7.36 8.71 4.66 3.12 2.41 2.16 2.24 7.96 12.51 5.93 5.59 13.27 6.34 7.67 3.74 4.04 4.33 7.57 6.27 4.44 4.53 4.72 7.32 5.93 3.85 3.18 4.86 2.8 7.81 8.43 15.04 11.07 15.33 7.28 4.95 9.22 13.41 10.44 10.04 16.15 4.11 5.52 4.62 10.22 13.4 10.71 14.17 10.97 9.4 16.92 11.64 8.43 11.18 6.87 7.1 3.42 9.44 13.59 21.44 20.95
14.94 7.05 5.52 4.56 6.51 12.1 3.58 4.59 2.82 4.55 3.42 4.49 8.24 8.5 5.25 6.98 14.92 11.9 7.82 4.32 2.5 5.85 8.6 9.73 5.6 4.43 7.22 5.14 3.66 6.17 3.89 8.72 7.02 11.09 15.27 13.75 9.02 13.55 13.61 11.08 15.11 7.33 8.52 9.46 14.81 10.28 6.85 7.84 5.36 8.7 12.53 6.82 10.39 7.5 5.74 9.28 7.15 5.56 6.92 8.49 12.25 12.39 27.07 12.75
12.79 15.82 7.05 7.84 9.04 7.4 5.57 3.89 3.89 6.73 2.21 2.86 6.94 6.65 5.06 6.78 8.64 17.78 7.77 3.08 1.88 3.51 5.46 8.17 8.15 5.08 4.28 3.88 5.42 5.41 4.09 8.41 3.17 7.68 8.26 8.18 8.67 10.8 18.1 11.79 10.18 12.1 9.05 14.12 9.67 5.03 11.02 5.37 6.41 7.2 8.28 5.66 10.6 7.79 6.3 7.58 4.37 6.83 7.58 8.46 11.7 21.68 15.69 10.84
11.91 10.51 6.47 3.14 8.13 9.86 6.79 4.58 5.05 7.21 5.42 2.38 4.09 7.57 7.07 11.18 8.58 14.72 9.16 5.41 5.19 6.63 6.63 9.57 7.09 5.65 14.53 4.31 4.63 9.4 8.03 10.7 7.45 6.33 10.19 5.74 13.15 14.04 14.39 15.55 10.57 13.79 11.62 11.22 7.42 6.58 6.97 13.72 6.82 4.5 7.79 7.88 10.93 6.23 7.81 5.59 3.42 7.75 8.46 5.13 8.83 13.7 13.09 9.81
9.94 11.2 9.96 6.16 8.28 9.31 5.34 6.81 7.72 7.76 7.73 3.67 4.68 7.16 7.24 5.48 18.66 6.29 10.36 9.54 7.28 7.54 6.83 7.98 9.16 11.86 9.63 7.86 4.25 6.43 5.88 13.48 6.58 3.52 4.43 4.59 6.05 6.46 18.4 14.11 11.78 9.22 9.17 4.93 2.52 4.55 7.33 9.4 14.28 8.81 5.13 9.03 4.87 5.39 5.29 4.73 3.63 4.07 8.87 7.31 13.0 4.95 5.48 5.86
13.38 13.44 6.39 3.53 8.08 12.62 5.23 9.59 6.58 10.85 6.1 4.5 6.43 5.41 9.27 10.59 17.15 6.7 12.07 15.09 8.82 7.89 11.74 10.34 6.13 9.31 11.37 11.12 9.53 9.09 5.78 13.18 7.06 5.95 2.95 3.49 6.65 5.8 12.3 7.18 11.02 9.98 7.05 2.53 1.35 1.95 2.56 12.09 32.62 6.55 15.48 11.56 8.75 4.73 5.35 8.14 5.08 7.0 5.02 5.54 4.39 4.8 5.83 13.23
9.05 6.73 10.47 14.09 10.51 13.76 10.95 9.8 7.36 9.67 5.77 9.3 6.55 6.67 10.51 12.66 15.17 6.58 3.83 7.85 14.46 8.16 7.19 5.97 9.46 5.88 10.2 7.39 7.94 5.09 10.82 10.38 10.42 3.35 3.3 9.13 4.25 5.56 5.03 5.37 7.29 5.35 6.26 2.14 1.79 2.5 3.34 8.42 24.42 6.36 5.57 7.88 8.0 10.87 12.35 12.87 6.99 14.1 7.5 5.31 4.21 3.93 8.44 12.4
7.49 9.72 21.76 18.98 30.45 32.71 10.97 5.38 5.73 9.44 10.24 11.72 9.52 3.53 9.68 8.4 7.33 5.83 7.29 7.19 7.43 4.01 8.94 7.16 5.31 7.04 5.52 6.06 7.79 6.52 7.28 11.67 7.8 6.39 4.25 3.15 7.62 3.46 3.94 4.1 8.89 9.59 7.26 3.83 1.76 2.04 4.67 4.09 3.84 7.48 4.42 6.31 7.77 12.01 16.51 18.46 7.55 10.34 7.6 3.35 7.44 3.9 9.46 12.15
9.85 10.82 13.66 14.78 21.14 17.22 17.01 14.17 9.01 12.05 6.2 7.52 14.48 4.36 9.19 5.01 4.86 4.12 2.22 3.5 2.73 5.89 6.38 7.82 4.2 5.46 6.06 4.37 8.04 10.18 9.97 10.88 7.09 8.97 5.76 2.59 3.12 4.67 3.03 3.42 6.95 8.42 12.23 6.34 3.09 3.81 3.58 3.53 3.36 4.78 4.84 2.61 9.47 12.45 15.35 16.15 8.93 11.73 12.55 6.0 4.39 6.57 7.46 9.06
12.95 10.38 9.16 8.61 14.67 26.99 16.83 11.53 11.08 14.94 11.04 10.85 5.79 17.07 10.58 13.14 3.33 4.21 3.05 3.28 6.34 5.08 3.25 8.16 9.86 5.95 12.24 8.41 11.88 10.03 7.78 5.87 7.58 5.81 3.6 3.31 4.19 3.57 4.15 4.04 7.75 12.77 6.13 2.35 2.06 3.19 4.66 3.59 1.99 2.56 2.92 1.77 6.47 9.09 15.17 12.19 11.16 13.74 7.26 3.98 3.09 4.91 7.31 4.6
7.11 5.7 5.07 14.19 16.12 21.07 20.79 11.55 14.9 14.94 6.87 9.64 17.95 9.26 8.88 6.69 5.82 4.73 2.02 3.55 3.94 4.73 2.83 5.37 5.69 5.5 12.71 12.58 7.24 7.33 14.77 4.4 4.19 5.29 4.17 3.92 3.75 3.06 6.75 3.77 5.03 11.87 3.54 4.74 3.02 3.66 3.59 2.66 4.1 2.89 4.21 1.97 5.78 11.25 15.9 17.22 16.05 5.56 5.15 5.4 7.16 8.82 7.41 10.22
7.66 9.18 6.03 5.28 15.16 11.77 18.03 13.74 11.17 8.81 14.02 13.7 16.83 13.17 8.86 5.12 5.34 5.27 3.28 3.5 3.27 8.15 4.41 8.06 4.92 10.13 13.17 11.31 16.65 9.56 9.46 12.4 11.63 4.73 4.39 7.84 5.19 6.09 5.96 4.74 4.72 14.06 5.93 5.2 4.52 3.85 4.74 5.31 2.56 4.04 5.45 2.75 5.07 14.65 9.63 7.78 16.89 6.73 2.47 2.5 6.02 6.21 11.87 6.2
10.6 8.84 8.73 9.35 12.21 17.48 6.32 14.02 15.7 14.23 13.46 12.39 16.13 14.56 6.09 6.93 8.55 4.6 4.08 5.55 3.82 7.06 5.03 3.45 3.74 9.06 9.77 16.13 16.75 16.37 21.75 11.39 4.13 5.02 6.84 6.68 5.6 11.02 9.33 3.17 6.02 7.11 4.24 5.19 3.17 3.22 3.31 4.35 3.38 4.91 6.44 8.7 7.58 10.35 7.19 5.98 9.41 4.52 3.68 4.23 6.48 5.44 9.1 4.92
10.27 10.67 9.83 8.74 12.28 10.81 7.55 17.27 14.35 18.57 12.71 22.9 19.29 6.21 3.35 4.48 9.29 7.44 4.43 3.93 3.8 5.23 4.78 3.13 4.27 5.33 14.86 10.76 17.22 15.91 20.44 19.24 6.26 6.63 6.42 9.7 12.28 8.4 4.62 3.69 5.58 7.76 11.84 5.77 9.81 5.0 3.09 5.95 6.22 3.89 6.76 8.73 12.34 15.79 10.36 6.75 5.03 4.81 5.92 5.28 7.1 4.51 3.45 4.62
15.34 7.33 7.43 6.81 13.26 8.96 7.57 8.71 25.94 9.43 6.56 18.67 11.36 9.5 4.93 4.55 5.8 5.99 7.53 4.17 2.43 2.91 3.4 3.81 4.19 8.36 20.88 10.91 11.19 14.02 10.67 15.16 13.29 9.45 12.71 12.34 10.15 12.62 9.46 6.66 10.57 5.06 9.36 10.01 5.87 5.36 6.73 4.79 4.44 3.07 6.26 9.6 15.71 13.17 11.72 12.63 4.73 2.64 2.94 6.58 3.88 4.71 3.2 2.95
5.18 6.19 4.57 8.98 5.99 2.77 5.05 12.8 16.61 10.06 7.45 13.1 13.31 10.23 12.93 4.03 7.58 7.8 5.01 10.08 6.64 2.24 3.36 5.46 5.08 15.95 12.53 8.04 7.94 9.44 16.86 18.31 14.22 11.54 13.34 20.29 8.36 8.0 18.3 10.61 20.09 9.6 6.67 9.03 5.5 5.05 8.45 4.48 3.81 6.44 3.02 9.01 25.08 11.39 11.46 6.33 3.19 4.82 7.43 4.81 4.43 2.99 3.35 4.3
6.94 6.59 3.58 6.69 4.57 2.25 3.41 8.09 16.48 21.19 9.51 7.9 5.92 7.46 24.09 11.24 7.2 5.86 6.41 6.67 7.95 3.44 5.66 4.85 6.68 12.86 19.95 5.9 4.53 13.42 11.97 7.27 10.05 10.86 7.85 12.57 13.81 10.64 11.65 29.99 13.05 11.3 11.38 7.38 4.04 2.71 7.19 4.27 5.61 4.22 8.34 12.28 13.43 5.19 13.53 8.91 3.43 8.67 8.3 4.34 7.38 8.41 4.88 5.53
