10.49 10.44 6.16 7.52 7.16 15.84 7.21 4.13 12.46 8.64 1.94 6.08 7.99 2.04 2.34 4.9 6.9 8.44 5.89 9.86 6.1 9.71 4.17 7.67 9.48 7.3 4.4 2.97 5.1 11.92 4.94 7.69 4.5 5.54 9.18 7.84 4.2 7.58 9.77 6.36 6.49 4.04 5.47 5.9 8.29 12.46 13.43 5.72 7.56 11.28 5.21 5.24 9.47 6.51 5.64 5.22 3.02 3.81 8.22 7.46 6.56 2.71 6.94 3.6
14.51 6.72 4.42 10.71 13.79 6.69 7.13 6.63 18.53 11.1 6.19 5.32 6.21 3.03 4.93 4.96 11.05 7.4 3.26 6.74 4.07 2.52 3.29 7.96 6.14 5.15 2.43 2.52 6.75 13.23 6.26 4.6 6.4 5.9 9.0 6.11 6.14 10.04 13.98 5.47 3.06 6.07 4.58 7.36 7.77 9.95 11.67 8.57 8.42 11.36 5.96 3.45 10.06 9.47 6.61 2.52 6.9 7.05 5.06 6.06 3.73 3.32 3.16 5.67
12.05 4.87 9.06 12.63 13.76 17.46 22.71 25.28 18.53 8.72 5.63 4.12 3.9 4.27 6.4 4.68 8.24 9.94 7.2 8.33 3.83 4.11 3.38 9.47 6.19 2.49 3.37 6.83 4.37 5.58 4.6 4.35 2.95 4.77 4.94 4.97 6.36 4.73 7.6 9.01 2.53 5.3 2.54 4.25 6.39 12.38 7.47 7.97 6.13 6.82 4.67 5.89 15.62 7.66 7.55 5.52 7.29 6.7 6.1 6.55 5.85 2.54 2.13 2.41
7.99 6.24 4.5 7.09 11.02 11.46 19.46 26.56 10.3 7.52 6.65 5.2 4.64 5.95 3.45 6.33 15.05 9.77 7.19 5.22 2.87 5.17 3.34 3.85 4.64 6.4 5.55 4.97 6.55 4.18 5.59 5.05 3.3 3.92 2.8 4.48 3.87 8.79 6.4 5.82 3.94 5.36 3.36 3.66 3.82 11.97 7.86 6.31 5.52 3.38 4.78 7.68 14.43 7.98 11.01 9.56 13.68 9.06 5.79 7.57 3.3 5.03 2.99 2.05
5.14 7.55 5.14 5.47 8.18 6.63 7.44 11.46 12.27 4.91 5.64 3.3 4.98 2.82 3.51 5.95 14.18 10.63 8.36 10.3 4.99 4.17 4.53 2.14 7.23 5.01 8.14 3.31 2.11 2.02 1.7 4.61 4.2 2.62 2.63 2.66 8.43 6.66 9.4 9.68 5.7 11.9 4.71 3.09 4.83 10.07 8.67 3.38 4.19 2.18 4.9 6.19 7.51 9.42 9.5 9.65 12.3 16.66 19.31 12.3 3.73 2.98 3.03 3.09
6.35 8.18 2.7 3.59 8.32 5.41 4.18 9.08 9.25 12.79 7.94 5.17 2.62 4.09 4.56 5.68 10.73 3.52 5.12 8.78 6.35 7.24 6.77 4.61 6.84 9.43 5.74 3.97 1.49 2.05 2.32 2.46 1.81 4.93 2.96 4.7 7.98 6.82 14.68 21.33 8.59 7.43 5.57 4.8 3.07 7.87 8.4 5.78 2.75 4.28 6.53 4.66 6.35 6.55 11.55 9.25 12.25 24.0 13.87 9.51 2.32 4.33 3.53 4.84
9.95 14.19 11.54 8.54 12.32 4.28 4.18 8.84 6.19 4.07 6.25 4.65 4.11 4.01 3.52 5.09 4.61 5.67 4.54 9.77 11.8 6.86 9.64 3.19 8.15 5.94 3.56 4.74 2.01 1.38 1.15 1.66 2.03 3.2 3.88 4.22 10.08 11.42 19.43 11.54 5.63 5.61 12.22 7.88 6.51 5.03 10.08 9.25 6.75 7.11 8.33 5.68 5.51 6.26 13.3 9.26 19.35 13.72 19.54 7.26 8.39 8.85 9.22 3.53
9.26 16.83 14.74 19.31 11.44 6.8 8.25 7.92 6.33 4.33 5.84 12.43 6.07 7.89 6.25 5.02 5.01 5.04 9.43 12.72 5.57 13.68 9.09 6.65 3.83 4.69 8.17 6.11 3.47 0.96 0.92 2.49 1.42 1.64 2.47 6.14 7.86 7.19 10.71 10.12 6.74 4.66 16.9 12.62 8.15 5.2 8.68 12.7 7.83 11.43 7.6 5.5 7.66 8.27 6.97 7.81 7.43 8.28 17.1 10.26 14.92 10.31 13.21 7.72
11.05 8.81 8.16 15.63 9.1 7.26 4.52 4.77 4.54 5.16 8.68 6.85 8.85 8.45 6.94 10.35 10.28 9.66 12.96 20.65 11.22 10.41 12.48 5.39 6.86 3.91 4.53 4.88 2.87 1.61 2.1 2.93 3.11 3.93 3.18 9.18 7.62 9.45 11.35 5.58 6.11 5.47 9.33 9.05 12.76 7.15 8.19 9.9 5.14 12.32 8.54 12.05 12.18 10.64 7.49 7.75 6.67 6.95 22.64 11.49 13.06 11.54 10.98 4.81
7.64 7.95 11.82 5.03 4.21 4.96 3.92 6.14 4.99 4.91 8.38 5.42 9.31 6.45 12.27 12.01 17.43 9.11 7.89 13.39 10.43 13.75 12.08 9.18 11.62 5.97 2.66 2.89 2.97 3.43 3.89 3.6 4.82 5.52 5.55 8.03 11.14 26.38 16.49 4.72 5.66 8.41 5.86 9.81 7.69 7.98 4.84 6.16 8.67 9.44 11.93 12.56 16.32 10.81 10.36 10.3 3.68 13.28 20.89 10.09 21.65 7.39 10.88 3.5
10.14 9.95 9.3 5.67 4.27 4.16 8.07 5.32 6.12 5.77 2.74 4.32 13.68 12.92 11.6 9.33 14.45 10.26 7.02 5.84 9.05 16.56 13.82 12.43 7.3 5.71 1.13 2.74 5.69 7.28 3.39 2.56 7.09 5.98 12.4 6.2 6.62 38.7 27.75 13.1 7.62 6.78 6.34 10.06 8.26 10.13 5.79 8.07 9.78 11.53 11.2 18.21 17.71 12.0 14.89 9.94 2.21 6.8 10.06 10.27 8.28 4.68 7.0 3.91
13.51 11.91 10.5 7.36 5.93 4.38 9.12 7.38 8.51 5.63 7.59 6.39 11.29 15.14 13.93 10.61 17.82 7.02 8.05 6.46 5.2 9.74 18.44 12.36 5.34 2.71 2.53 1.88 5.38 3.43 1.85 3.88 5.21 3.05 11.89 4.46 11.97 16.42 28.63 19.0 8.13 13.43 10.41 17.26 5.87 4.49 16.09 13.66 8.15 6.7 12.23 20.46 15.24 12.09 11.46 6.54 3.17 7.11 3.39 13.85 14.92 3.3 5.53 5.38
14.45 13.81 13.21 6.05 6.32 6.35 5.44 4.02 6.12 5.52 9.36 8.16 6.92 17.26 11.29 13.84 11.07 16.04 12.48 8.46 4.59 4.48 11.61 8.75 7.95 4.03 2.37 2.91 3.11 3.66 5.62 4.66 4.29 3.57 5.06 8.16 4.57 6.77 9.84 12.68 10.2 10.41 19.18 21.86 5.46 8.13 13.26 12.09 7.28 3.95 6.76 18.64 8.35 6.17 5.68 8.92 6.55 9.89 9.95 14.67 11.14 10.98 6.09 9.56
12.64 6.8 12.74 7.8 4.25 6.57 4.66 6.98 4.9 7.31 12.43 7.98 8.42 6.24 6.17 8.53 8.29 9.18 4.84 6.99 3.78 4.84 14.08 6.17 9.69 5.85 3.06 3.57 7.28 6.65 5.75 4.03 8.27 6.56 11.93 10.52 7.22 6.83 6.28 5.88 10.94 9.06 12.29 10.03 5.76 9.41 6.07 5.2 7.21 3.63 6.62 5.24 10.77 5.33 6.79 12.5 6.99 13.38 9.57 15.43 16.43 15.57 14.05 8.95
5.06 8.68 10.43 7.94 4.86 15.7 7.09 8.26 5.57 8.72 10.09 6.66 4.85 4.66 4.49 6.28 5.63 7.01 4.24 4.19 5.38 4.16 8.44 10.68 10.35 5.57 2.86 4.66 4.5 8.14 3.8 5.91 9.01 8.37 14.13 11.75 10.17 7.84 7.99 6.07 6.94 6.71 6.09 6.85 8.12 7.78 6.14 9.02 11.11 7.12 7.25 12.09 8.05 5.53 8.43 11.78 5.56 9.02 8.22 14.8 16.89 15.14 23.4 21.96
5.3 8.29 5.97 9.4 11.35 15.1 7.36 12.75 11.38 9.61 7.73 6.51 6.86 3.93 4.36 5.65 5.79 7.29 3.85 5.53 7.24 7.83 10.62 11.43 13.64 8.56 4.81 5.93 4.62 6.1 1.66 2.75 5.15 5.81 6.64 7.4 6.28 7.96 6.36 5.5 7.12 4.38 4.78 8.46 9.38 6.47 7.65 11.71 15.85 10.02 14.63 13.59 14.2 10.79 7.25 7.95 2.77 4.46 6.76 17.06 18.89 24.1 21.83 19.06
7.96 7.5 10.89 9.96 7.63 12.31 6.91 7.36 18.48 7.91 12.19 5.89 3.33 3.85 9.54 16.17 3.84 5.36 3.94 4.88 4.81 5.28 10.03 10.01 13.87 10.15 8.62 5.96 3.07 8.4 3.26 3.8 4.7 4.34 6.4 6.66 8.53 5.16 3.93 6.58 10.05 4.42 5.28 6.02 10.75 10.18 4.77 8.59 5.79 8.58 19.56 18.71 17.05 16.15 10.17 11.34 5.89 3.77 11.26 22.98 21.69 13.62 12.36 10.35
15.92 14.79 17.79 12.83 9.76 11.69 13.38 7.81 13.62 14.98 6.19 6.18 3.82 4.9 16.24 14.0 3.24 4.07 4.93 2.99 1.79 5.38 8.89 10.14 6.86 7.69 6.33 6.35 4.96 7.54 4.85 3.84 4.94 11.12 6.43 5.85 5.82 7.34 5.39 6.8 6.87 2.93 4.36 5.74 7.24 9.64 3.64 3.22 2.85 7.82 13.9 23.24 11.86 25.0 15.54 15.87 8.42 8.46 17.16 15.64 12.51 8.9 9.57 10.02
13.12 7.58 13.57 11.05 8.34 7.47 9.77 11.18 7.46 6.1 4.72 5.23 8.71 6.45 13.12 17.73 7.16 3.46 4.65 2.2 3.15 5.53 7.77 6.32 10.54 7.56 8.81 13.46 20.53 11.56 12.16 7.78 9.39 9.47 7.1 3.81 3.94 4.66 5.27 3.98 3.99 3.85 4.86 6.13 18.34 6.3 2.53 3.35 5.49 6.72 10.07 10.46 14.36 20.91 22.22 13.9 10.21 5.97 10.62 12.89 5.76 6.44 7.58 6.07
6.48 4.22 6.2 4.19 5.74 4.31 3.43 10.89 5.58 4.7 3.82 4.83 6.74 4.07 9.74 10.84 10.15 3.35 3.87 3.68 5.03 8.25 7.22 7.63 15.42 7.31 13.03 28.62 10.19 11.58 15.56 8.97 12.3 9.1 5.54 4.41 7.29 6.2 4.45 5.9 4.17 7.33 6.2 3.75 6.41 5.79 2.37 6.21 6.52 5.26 9.32 5.29 23.87 36.81 13.29 23.7 9.31 8.13 7.53 14.1 10.44 6.96 8.7 9.03
5.21 3.59 3.79 3.88 5.13 4.02 4.92 7.91 9.27 11.46 8.02 3.81 5.42 6.92 3.02 8.17 10.34 4.7 7.87 2.84 5.67 7.93 8.85 8.56 14.65 9.28 15.97 27.02 9.89 9.18 17.73 12.92 8.17 9.94 5.01 3.27 9.43 7.83 4.76 3.55 6.32 6.71 6.6 2.96 5.47 3.97 3.73 4.44 3.27 3.89 5.78 6.46 24.01 10.27 14.7 18.6 13.78 11.87 10.8 18.47 8.36 12.12 15.08 5.36
6.62 9.55 2.83 2.21 2.48 4.25 8.9 8.9 12.18 19.77 10.38 3.53 5.53 8.69 5.93 4.85 3.69 5.11 6.27 4.0 3.92 6.91 12.06 12.7 9.23 12.37 15.14 7.93 10.57 18.12 15.43 8.72 6.1 5.98 11.33 7.48 4.96 4.67 6.67 2.49 4.67 4.96 3.39 6.38 5.91 3.94 5.11 5.34 11.75 4.99 6.24 4.55 7.56 13.76 15.26 19.57 12.3 6.01 13.19 11.39 7.18 4.92 4.27 4.5
9.47 7.04 2.21 2.36 3.82 4.57 6.18 6.54 16.21 22.71 8.66 6.03 8.18 8.95 6.35 4.81 2.84 4.78 7.29 2.61 3.57 4.84 7.13 11.76 8.0 14.72 13.26 11.16 14.97 11.86 15.85 6.37 4.85 4.82 5.23 11.01 5.89 4.93 3.79 3.06 3.97 4.46 4.84 4.5 6.96 6.69 3.75 7.4 9.02 9.29 4.8 4.29 5.34 5.17 14.92 16.0 13.47 7.94 12.24 6.77 5.78 4.2 2.81 3.82
7.13 2.76 4.89 2.31 3.78 8.9 4.76 15.68 13.31 7.51 11.31 5.44 6.67 3.91 6.29 5.24 1.97 8.73 6.53 8.05 4.0 4.4 6.52 6.92 8.35 14.21 20.45 13.22 14.84 4.94 9.77 11.85 5.01 5.3 5.17 10.09 5.21 9.2 4.6 4.7 4.96 5.79 3.17 4.83 4.53 3.62 4.55 4.84 8.21 9.71 9.35 3.22 8.15 6.11 4.24 7.93 10.02 10.92 14.07 6.65 10.9 3.91 3.51 4.46
3.82 4.46 6.07 4.47 4.03 10.32 10.51 13.0 12.75 11.91 6.92 7.73 3.67 4.04 7.62 3.94 2.61 12.19 7.56 7.31 5.29 4.49 4.88 10.21 13.51 16.8 17.58 13.62 10.86 12.1 10.73 6.86 3.69 3.2 2.92 9.97 4.3 12.63 8.18 6.97 6.33 10.1 8.47 4.0 2.55 3.7 2.11 2.63 7.59 6.39 6.39 5.88 9.72 8.72 6.08 10.6 11.28 24.68 18.36 11.94 8.9 7.17 5.19 3.18
5.01 3.09 5.28 4.65 2.53 9.38 12.36 21.51 9.46 9.77 10.04 6.37 7.21 5.62 8.84 5.98 9.45 11.54 10.39 6.23 5.26 4.39 15.9 7.18 9.72 10.73 14.17 7.39 9.32 12.41 7.59 6.36 4.99 4.05 4.71 5.95 5.13 9.2 11.65 14.83 6.9 6.62 5.44 3.04 3.55 3.58 3.25 1.93 7.63 12.73 10.23 9.9 8.96 12.39 7.62 13.84 12.13 10.23 13.31 14.53 8.91 5.25 4.41 5.95
4.16 6.19 6.19 3.4 11.9 22.07 9.95 12.53 9.53 8.17 11.78 8.43 9.42 7.64 13.22 6.73 7.74 7.89 4.65 6.67 7.29 4.53 13.91 6.54 5.24 10.19 7.69 11.41 6.15 16.28 8.68 3.34 4.45 5.87 5.14 6.41 5.55 10.6 13.89 17.78 6.25 7.25 7.03 6.12 4.27 5.02 3.05 7.43 6.51 8.65 9.73 13.05 10.24 17.91 9.37 14.86 8.92 11.44 11.42 7.26 6.67 2.7 6.19 6.39
4.08 4.68 5.15 10.9 18.09 22.99 7.06 10.0 12.29 9.62 11.22 13.19 19.67 4.97 5.96 4.73 4.43 5.65 3.66 3.99 3.07 4.29 5.89 4.27 3.61 8.86 6.91 11.45 6.45 7.43 7.64 2.63 3.91 3.82 5.72 3.6 8.97 10.96 8.23 14.02 10.1 8.38 16.29 11.5 9.7 11.82 14.84 17.64 11.83 11.66 11.24 12.91 13.03 11.0 8.31 6.38 8.58 8.54 6.2 4.79 9.2 7.09 10.47 4.04
3.29 4.39 5.79 12.49 12.27 8.33 10.02 10.23 8.29 9.02 15.7 24.35 6.76 4.97 4.6 3.77 6.57 4.72 3.37 3.53 2.26 3.82 5.93 3.46 3.51 3.91 8.88 5.63 3.7 3.78 3.7 3.56 3.8 2.84 8.1 2.94 10.17 14.14 18.04 21.44 13.55 9.98 12.36 10.4 7.28 10.76 7.16 12.86 12.84 9.86 13.04 9.57 23.38 20.2 10.49 6.99 10.82 10.24 7.83 4.7 7.27 5.89 7.05 5.18
5.18 5.2 6.64 4.84 9.82 7.32 13.87 14.94 12.25 6.91 14.48 15.6 3.96 5.79 3.15 3.15 2.11 2.49 2.07 2.72 3.14 2.89 5.25 5.2 4.93 3.9 4.64 5.1 4.65 6.11 5.39 4.09 6.41 8.86 9.56 5.89 7.19 9.91 24.72 19.78 5.66 12.53 6.61 7.57 8.43 16.11 11.9 8.85 8.38 15.45 13.95 8.96 21.13 15.72 10.73 6.58 9.78 8.61 10.17 8.47 8.78 8.39 4.88 6.05
6.62 11.49 7.03 3.01 8.51 14.14 17.25 20.67 14.03 19.94 20.96 20.64 7.28 6.56 2.64 3.99 2.15 1.62 0.66 1.07 2.02 3.15 5.43 2.67 6.88 5.7 5.16 6.15 3.81 7.42 7.01 8.09 7.09 6.74 9.55 7.29 6.93 5.89 16.83 7.83 9.22 11.26 6.61 7.38 7.19 12.5 9.31 8.83 8.01 14.2 18.33 6.85 19.21 6.65 14.2 10.97 8.04 4.18 12.85 9.95 6.46 8.53 7.93 7.77
4.19 9.21 3.92 5.82 7.3 12.1 11.38 9.48 31.51 22.17 19.37 23.0 19.82 13.4 4.34 3.39 1.72 1.88 1.88 2.33 3.6 3.1 4.05 4.74 6.5 5.39 12.84 6.1 6.24 12.71 5.1 10.95 6.15 7.01 8.32 6.03 5.37 5.86 12.87 5.85 7.65 15.28 9.57 14.29 9.53 10.31 16.78 9.98 4.43 8.66 9.24 10.51 9.0 5.77 3.77 5.41 3.68 4.22 8.96 7.03 6.23 13.77 11.49 8.63
7.52 9.77 12.0 7.34 7.51 7.45 9.12 7.77 17.5 14.72 19.8 12.66 22.48 9.78 5.43 4.34 2.4 2.36 3.42 2.32 3.46 1.93 2.58 6.45 5.19 4.65 13.76 9.38 14.52 11.31 9.39 12.2 7.79 7.68 8.68 13.66 6.32 7.2 11.84 6.0 7.14 10.13 8.17 6.94 9.07 4.85 5.62 5.95 4.51 9.26 16.02 20.06 6.13 5.41 12.5 16.66 5.09 6.55 8.41 5.41 6.74 13.18 6.68 6.02
9.98 13.52 16.25 10.65 9.42 11.04 13.12 11.78 10.78 9.32 17.5 18.98 18.48 6.24 8.81 5.33 2.29 3.89 2.04 2.81 2.0 2.31 2.55 5.26 8.07 13.44 16.12 14.77 14.72 18.42 17.95 9.91 7.7 3.42 5.04 14.0 6.05 5.01 8.82 8.3 6.39 8.28 5.5 7.67 7.94 6.99 4.55 4.57 6.54 11.4 10.98 5.48 2.67 10.61 12.04 25.05 8.88 8.35 7.6 5.85 5.92 7.16 8.24 7.16
9.92 8.59 19.61 16.13 6.78 9.29 10.4 12.33 7.19 6.18 9.03 15.42 29.48 13.81 11.29 7.1 2.76 3.42 4.42 2.41 2.81 2.83 4.58 7.01 7.86 20.01 19.43 24.92 20.39 7.37 9.49 5.09 7.06 5.57 4.65 10.84 12.03 4.18 9.17 5.65 6.6 5.02 7.16 5.86 4.56 9.05 8.01 9.07 8.58 6.37 9.27 5.1 3.7 11.44 14.04 18.21 8.01 7.79 4.65 5.49 4.51 3.18 7.03 9.71
5.49 4.63 15.93 36.21 10.64 10.64 8.16 7.52 3.87 7.59 9.81 7.32 22.01 10.53 10.48 8.19 2.6 4.25 6.59 6.11 3.49 3.52 8.72 8.64 17.93 27.66 31.58 22.27 13.49 6.51 6.16 4.8 8.63 7.48 6.67 6.07 7.3 5.22 8.28 5.65 3.87 3.48 4.72 5.86 6.61 8.45 10.61 8.11 7.24 4.73 8.71 3.64 4.22 9.98 10.48 21.5 8.89 15.77 9.41 7.48 4.84 5.05 6.88 8.72
6.07 7.51 10.13 19.36 12.06 3.72 4.22 6.55 3.19 6.93 8.68 6.43 15.64 8.05 4.34 4.61 3.98 6.44 5.65 5.39 3.07 3.99 7.87 10.82 18.42 33.27 18.89 29.37 9.04 11.76 10.49 6.1 14.67 12.22 6.52 7.03 7.94 5.85 6.63 5.14 3.52 5.92 4.52 3.55 6.64 9.53 5.03 9.67 14.49 4.47 4.89 8.19 7.14 13.36 11.61 16.49 7.12 19.49 10.99 4.59 5.85 6.47 7.74 3.22
6.12 9.06 6.33 8.82 6.56 4.84 4.68 4.94 5.54 5.84 7.7 11.99 7.3 4.15 3.38 4.04 3.49 3.45 3.88 4.97 2.18 6.64 8.07 6.98 13.49 22.5 13.58 24.18 5.97 8.08 14.16 10.84 11.64 5.44 7.69 8.56 9.83 6.19 2.63 7.06 11.91 6.21 11.03 4.06 13.01 12.08 14.85 12.67 17.31 10.69 9.75 10.59 6.39 6.37 9.75 15.09 8.19 8.45 9.01 3.96 6.53 3.31 3.81 2.79
7.65 7.75 5.52 6.8 7.56 7.48 5.04 3.92 5.78 7.71 12.22 16.04 13.05 6.56 4.9 6.57 3.24 2.25 2.41 5.25 2.42 3.93 4.44 5.23 6.38 13.67 8.06 12.75 8.68 7.32 8.17 12.36 6.53 5.01 8.54 9.29 15.42 6.41 5.84 7.43 9.18 9.58 6.18 10.13 6.12 10.44 22.4 26.37 24.52 14.41 13.08 14.44 6.53 10.73 15.25 10.83 9.31 12.57 9.12 6.57 3.59 5.78 7.24 3.69
8.43 6.8 10.19 13.96 22.11 11.71 9.79 7.17 5.88 5.72 8.97 14.0 14.34 6.51 2.44 2.88 2.65 2.43 4.29 8.22 3.74 2.93 8.21 10.46 13.92 18.37 7.52 11.91 14.08 8.95 5.19 3.9 4.77 5.22 7.04 9.38 10.97 6.89 9.2 15.28 11.74 11.69 18.1 8.83 5.53 13.15 15.66 25.47 16.91 14.56 8.75 8.5 8.39 8.59 15.47 4.7 9.57 15.53 13.95 7.92 5.75 7.24 6.5 3.84
9.62 6.23 11.32 13.74 18.28 12.99 6.04 8.23 9.8 5.88 10.07 9.59 8.39 13.31 3.01 2.8 3.18 3.55 3.91 7.93 3.27 3.41 10.22 4.73 18.55 12.91 6.35 15.16 18.58 16.64 6.32 5.68 5.91 15.44 14.14 7.92 9.49 15.4 13.76 21.08 16.22 13.38 10.49 5.75 8.48 8.51 8.86 14.73 25.15 22.69 15.32 6.79 8.48 10.73 7.68 5.41 5.3 5.56 9.42 8.78 6.59 8.56 7.81 5.47
7.53 10.63 16.17 16.1 15.6 12.54 9.17 10.94 21.2 5.97 7.85 7.31 5.79 7.58 3.18 3.84 8.56 5.92 10.52 5.97 5.61 6.11 6.34 5.12 14.19 8.98 7.82 10.26 15.23 12.84 16.49 13.92 8.8 13.83 10.72 11.04 12.92 19.28 22.47 18.04 24.49 25.66 13.53 4.58 10.02 4.53 10.48 10.47 12.06 8.35 16.33 20.12 7.26 6.66 2.63 5.49 12.61 7.51 4.6 7.63 6.89 8.14 10.77 11.84
6.06 12.68 9.52 15.47 8.39 15.76 14.58 17.21 17.37 11.1 7.63 7.44 8.45 9.1 3.41 3.06 5.8 2.43 7.74 3.54 7.81 6.11 4.85 8.44 13.63 9.64 11.7 26.8 31.75 18.54 16.13 11.54 6.01 9.77 11.89 10.47 14.16 13.98 22.03 20.77 43.24 26.86 15.78 14.68 18.14 7.66 20.33 10.32 17.86 8.96 12.38 30.93 6.78 7.5 5.38 5.34 8.61 6.05 12.5 11.69 6.68 8.69 12.28 14.9
10.87 9.34 19.98 26.19 39.28 20.95 11.09 17.9 12.29 11.04 8.76 4.4 5.85 5.12 4.96 4.08 4.12 3.71 6.56 6.59 10.61 4.78 3.48 12.45 7.36 12.17 12.58 16.09 21.08 17.3 8.07 3.65 5.54 9.95 8.63 10.13 9.1 10.44 32.69 15.84 18.93 21.77 11.48 22.14 23.44 20.09 15.98 10.35 20.02 12.11 25.8 18.86 10.77 15.98 5.6 5.89 7.94 12.49 18.51 10.88 10.46 13.86 17.94 11.87
9.1 12.01 19.41 20.46 17.04 20.76 16.61 15.45 14.69 10.85 10.74 11.76 6.0 4.15 3.5 8.41 6.93 6.0 11.83 4.57 8.61 7.65 3.85 9.1 8.23 19.59 9.54 11.08 12.53 11.68 8.09 4.0 13.62 13.41 14.29 5.39 4.55 9.28 25.5 15.54 11.19 12.93 11.75 7.97 15.54 16.99 10.33 8.16 13.9 7.86 27.46 26.56 16.21 6.03 7.93 7.97 7.31 12.2 19.4 6.5 15.67 18.4 13.16 16.82
12.93 8.08 18.41 30.69 20.73 12.92 8.65 10.61 15.39 15.19 5.99 7.09 4.61 1.42 2.18 10.39 4.42 9.31 6.93 4.58 7.07 12.91 10.95 5.95 9.78 11.85 8.41 5.92 13.63 12.33 5.43 13.93 14.97 12.36 5.63 6.0 4.18 8.55 10.51 6.22 13.08 23.13 7.18 15.23 5.14 9.13 8.74 6.25 17.31 9.35 13.49 12.67 22.31 14.12 4.05 10.84 9.59 6.21 7.13 4.61 7.52 13.71 15.5 14.41
7.75 6.66 12.48 24.61 15.22 7.31 12.54 7.86 25.93 16.65 8.61 8.68 4.57 2.56 2.34 5.77 4.19 6.07 4.94 3.78 8.14 7.91 10.18 8.83 6.2 5.8 6.59 6.02 6.26 10.3 8.17 9.09 13.91 9.0 4.76 8.23 4.9 7.96 5.49 11.82 20.17 24.2 9.56 6.19 5.44 5.52 4.17 5.94 9.54 7.21 8.26 8.01 17.27 6.98 4.77 8.0 10.33 4.37 3.24 3.95 10.74 11.41 11.19 12.55
20.89 12.65 13.84 18.19 10.71 16.47 7.58 4.82 3.54 7.38 13.91 9.09 6.53 3.93 4.78 7.2 6.53 9.91 4.78 4.85 8.99 5.94 3.71 4.35 4.36 3.72 3.97 5.53 4.15 9.06 7.76 4.56 6.38 17.91 6.24 4.59 6.13 8.65 7.71 9.93 13.29 25.73 11.52 8.81 5.19 5.62 3.96 2.49 7.49 13.31 7.61 4.64 9.19 11.63 6.93 12.4 7.23 6.93 9.08 4.7 5.35 9.44 5.87 6.44
16.63 21.75 10.73 14.47 18.17 11.22 9.74 5.8 6.33 6.11 13.57 12.18 5.55 5.37 4.39 4.55 8.06 7.69 7.9 2.92 6.8 4.75 3.01 4.95 5.34 10.88 7.96 5.45 7.05 4.8 4.35 3.33 5.01 11.15 6.89 5.44 4.33 7.84 5.01 4.15 11.13 25.48 12.28 7.83 5.24 5.5 1.87 3.14 7.69 15.68 9.9 6.9 7.69 13.85 10.53 12.5 7.03 13.89 17.27 7.97 5.98 5.53 4.5 3.02
18.48 14.16 5.75 10.56 10.17 13.04 7.39 6.22 16.86 7.2 8.03 11.82 7.53 2.89 4.92 10.22 6.48 9.97 9.58 5.55 3.32 4.64 4.65 3.64 9.9 9.99 9.75 5.63 9.2 6.41 5.7 9.09 10.31 7.0 6.05 4.99 5.25 5.7 3.59 3.33 5.52 14.7 15.04 7.76 5.93 6.32 4.39 3.61 5.67 9.63 12.93 9.93 5.86 7.98 6.11 5.33 11.42 5.71 9.81 4.19 5.4 7.16 10.27 7.46
9.82 7.5 4.02 4.96 9.34 5.66 4.91 14.39 27.68 16.66 8.14 7.6 9.66 8.44 6.62 6.19 6.92 7.73 10.26 17.18 4.23 4.81 5.49 4.06 7.63 6.07 5.7 4.77 9.59 6.26 7.21 8.07 11.07 14.64 6.3 8.86 15.07 7.75 6.15 4.51 3.55 7.95 8.77 8.77 5.67 7.63 3.53 4.06 3.14 7.94 11.8 6.64 8.93 6.94 6.52 5.54 8.89 4.65 5.78 7.54 6.4 11.17 19.73 6.42
10.03 11.35 6.36 6.41 3.18 5.99 6.35 13.76 15.86 9.62 13.85 11.87 7.7 13.77 4.64 5.59 11.67 10.09 8.34 6.05 7.36 7.3 6.9 4.48 6.03 6.2 6.66 9.13 9.56 12.01 12.28 3.57 4.35 7.69 7.77 9.25 18.27 5.17 4.15 6.88 3.18 7.79 7.37 5.77 8.16 4.28 8.37 2.95 4.99 12.06 11.25 6.23 7.66 13.95 11.99 7.11 18.39 4.19 10.28 14.25 12.21 6.98 11.84 9.58
12.17 12.91 7.42 4.85 2.95 5.68 5.57 9.41 5.72 17.53 16.99 15.01 9.31 13.82 4.25 3.75 15.98 12.61 10.23 5.29 9.47 12.87 4.18 4.14 6.51 9.76 11.14 12.96 11.41 5.52 6.79 5.11 4.8 10.36 5.66 6.02 10.97 7.76 4.54 3.58 5.15 10.34 4.12 6.22 6.38 5.63 10.85 6.53 10.73 6.02 11.51 8.83 8.74 17.18 8.24 8.55 17.52 15.27 13.46 12.27 8.57 9.08 8.89 9.27
14.62 13.19 9.27 6.76 5.8 3.39 3.01 4.96 14.14 10.89 19.55 9.53 12.01 15.89 4.96 5.06 13.75 10.79 12.42 4.14 8.24 8.91 4.84 3.08 5.47 11.04 12.79 15.87 7.07 5.13 4.48 6.11 6.95 5.29 5.86 4.0 5.4 5.36 5.2 4.33 5.39 16.22 12.31 7.82 8.9 8.36 9.7 20.36 15.23 5.86 5.22 16.18 11.19 13.47 10.54 8.79 22.91 32.91 15.43 4.69 5.11 7.84 7.83 6.7
6.29 10.05 7.1 5.36 19.41 9.55 5.16 9.89 25.46 19.94 19.69 15.96 12.68 8.79 6.21 4.81 7.09 8.8 8.1 8.82 8.51 11.69 7.82 4.97 7.18 10.61 5.43 8.32 7.82 8.53 4.92 5.43 3.41 7.94 5.19 4.8 4.07 3.84 6.86 4.28 12.03 7.56 5.92 5.6 5.67 20.52 8.69 12.65 12.51 6.94 5.18 23.66 11.7 12.36 21.76 13.97 11.67 14.02 11.68 2.21 2.88 7.24 6.0 3.29
4.78 8.96 6.16 8.03 9.19 6.05 10.06 6.97 26.4 8.23 20.39 16.94 11.84 8.38 5.96 7.09 4.24 5.52 9.98 9.87 6.34 12.04 11.77 4.93 4.35 9.1 15.31 12.23 17.46 7.64 5.54 7.44 5.22 7.19 8.15 5.0 6.68 4.24 5.82 6.2 7.72 7.71 5.51 6.26 4.77 16.26 10.27 10.71 12.31 12.09 7.42 21.86 12.0 10.56 12.08 9.91 7.83 5.26 5.51 4.57 5.99 4.72 2.44 3.48
6.31 9.51 10.31 12.22 12.2 7.82 10.33 7.49 9.18 4.7 14.44 10.45 13.9 9.46 5.77 8.58 7.66 4.27 4.85 8.08 7.11 8.18 5.93 2.49 3.66 9.74 13.91 7.57 20.74 9.17 7.66 5.52 5.03 7.05 16.56 8.54 7.6 6.7 9.87 8.54 5.29 4.67 5.49 6.3 3.05 7.08 9.16 10.07 12.94 11.56 11.32 22.22 8.84 6.69 6.18 7.68 11.32 9.45 14.71 7.23 9.53 4.72 3.21 6.16
9.43 9.16 10.21 13.57 26.84 10.67 7.94 6.59 7.21 7.35 11.96 9.7 11.68 10.24 6.43 10.05 8.76 5.09 2.14 6.33 7.02 6.86 4.74 3.64 9.13 7.81 9.44 9.4 15.98 13.49 6.16 4.27 6.03 8.51 7.92 12.28 10.6 13.65 9.82 18.09 6.94 6.93 11.56 7.22 3.59 4.32 8.72 7.63 8.76 11.06 6.91 7.67 9.21 6.84 3.6 12.93 14.67 18.09 12.54 9.2 5.95 9.8 4.16 4.66
8.71 10.71 7.46 12.39 13.24 9.72 9.3 5.91 6.34 5.15 4.89 6.69 6.78 17.29 8.09 7.75 9.09 3.21 3.49 7.7 8.52 7.28 6.13 6.7 7.56 5.34 5.1 4.8 6.47 7.21 8.49 7.74 8.77 7.94 10.73 12.01 13.48 14.04 14.14 11.94 8.91 5.8 8.54 9.87 8.96 5.4 12.64 9.79 10.94 6.71 10.95 8.31 6.47 3.59 5.34 19.05 14.85 12.73 9.27 5.77 7.41 13.81 6.41 6.1
8.08 10.85 6.61 9.08 7.41 6.87 7.34 11.55 5.84 4.61 2.82 8.9 9.07 7.76 7.49 10.76 6.9 2.94 4.07 4.69 9.2 5.85 5.36 9.48 5.88 6.01 3.8 6.16 8.49 10.3 7.22 8.75 8.88 9.02 12.99 9.43 6.72 10.8 12.88 6.55 4.51 4.32 6.45 10.64 9.14 4.71 10.53 7.34 5.98 12.45 12.23 14.72 6.0 4.28 10.2 23.9 10.81 7.42 6.42 4.88 7.98 23.44 9.12 6.27
5.66 4.6 6.42 7.39 6.41 3.77 5.09 9.86 7.59 3.89 3.59 5.19 7.44 3.43 6.08 10.63 6.34 3.87 4.83 5.13 4.87 3.77 3.75 5.55 3.23 9.89 7.15 4.33 4.22 7.62 6.62 16.81 11.04 7.33 13.27 9.5 6.68 6.13 5.64 4.68 4.09 5.86 4.3 6.55 4.12 3.54 9.83 8.34 4.5 6.59 21.27 19.39 11.41 6.91 8.22 27.85 6.91 7.32 8.11 8.97 13.01 7.72 9.82 6.18
6.38 5.34 5.19 13.03 4.23 4.85 3.78 7.6 6.28 3.89 2.44 3.96 3.61 4.85 10.08 11.26 5.32 4.4 4.45 5.94 3.87 2.28 2.96 5.08 3.11 10.97 5.04 5.91 2.62 6.85 7.48 4.98 10.66 6.37 7.19 4.73 3.39 3.24 4.36 9.42 4.65 4.7 7.41 5.21 4.58 4.75 10.47 6.35 3.85 4.98 14.2 9.97 10.05 8.26 8.39 14.44 9.66 11.25 11.58 10.36 11.25 10.47 12.45 13.33
9.4 3.49 4.18 6.33 4.56 3.97 4.53 3.92 2.84 3.61 5.95 5.45 4.16 11.97 20.64 12.79 13.15 4.36 7.8 4.94 4.0 1.5 2.34 3.19 3.74 3.17 2.55 3.6 3.46 5.23 7.66 11.94 9.79 5.82 5.82 3.46 5.44 2.91 4.04 5.61 4.15 5.68 3.72 12.33 9.34 5.4 7.37 5.09 4.49 3.83 8.8 13.56 8.29 6.84 7.53 23.93 13.42 17.32 12.62 8.46 8.37 14.71 11.09 14.81
4.63 7.07 4.85 4.43 7.47 2.63 6.61 3.6 3.31 2.15 5.1 9.35 11.02 9.58 15.56 14.55 10.77 6.45 10.71 4.81 5.88 2.82 4.49 3.34 3.64 3.36 1.65 6.12 4.07 3.49 4.38 5.85 8.96 2.71 6.27 6.89 5.19 5.1 4.87 4.55 7.77 16.06 8.13 7.22 15.06 7.59 5.89 8.01 5.82 3.8 6.53 12.57 6.26 8.53 20.64 14.21 14.22 11.12 14.78 13.76 8.2 7.07 10.31 23.56
