4.16 2.99 3.41 6.42 7.84 10.85 11.41 12.77 5.32 8.22 13.24 9.22 4.08 4.76 4.93 13.32 15.78 7.23 16.87 14.32 6.95 7.92 5.71 2.78 3.55 3.86 11.49 8.41 22.2 6.41 7.62 13.97 9.3 7.51 9.26 13.73 22.03 13.85 11.62 16.51 8.44 10.3 15.98 16.5 11.36 12.31 6.65 11.55 17.42 16.87 18.37 13.67 4.78 4.58 7.12 8.41 6.05 5.25 4.43 3.77 5.43 5.93 8.21 4.59
3.74 4.61 5.05 3.36 4.26 5.57 7.61 4.24 7.34 8.11 7.84 6.63 3.74 4.79 2.23 4.72 5.85 12.77 11.87 4.85 4.1 4.02 6.17 7.32 5.11 3.67 5.73 6.66 7.0 6.15 6.54 6.79 7.94 13.61 6.58 11.12 22.09 10.78 12.83 17.78 8.5 14.1 6.78 13.6 10.9 6.93 6.83 11.71 11.78 19.25 17.62 7.45 4.82 4.56 5.72 7.97 6.47 4.4 2.83 4.5 3.36 15.33 4.5 10.91
5.91 8.5 8.17 9.11 7.68 10.39 10.58 9.42 10.24 11.89 9.79 5.11 6.6 5.63 6.48 3.77 5.24 14.39 9.85 12.08 11.08 7.5 8.18 3.85 4.78 1.98 4.18 12.34 15.1 6.23 13.04 6.48 7.35 11.78 3.61 14.47 33.62 12.3 12.03 9.34 8.35 13.75 18.75 14.01 26.79 12.46 9.47 16.08 23.8 24.6 31.39 14.92 6.19 6.1 3.78 3.95 11.69 9.54 5.54 3.4 4.32 7.82 5.65 6.39
11.81 8.28 8.64 10.49 8.85 7.97 12.05 9.65 11.95 9.08 6.73 7.43 6.18 7.07 15.27 11.76 9.12 9.68 8.28 7.92 6.22 8.88 10.13 10.69 2.34 4.63 8.02 8.54 9.38 7.27 4.12 3.72 9.77 5.11 12.61 10.16 12.46 13.83 10.65 5.18 11.57 11.34 12.17 19.8 10.16 9.9 10.08 19.93 31.31 31.71 15.67 19.38 9.39 6.66 2.65 5.16 3.67 8.06 10.51 4.78 5.98 8.3 6.81 12.53
7.58 13.18 6.86 9.35 9.48 4.07 8.5 3.8 15.19 6.63 3.47 3.38 6.71 7.38 5.37 8.49 13.67 7.55 5.18 5.37 5.67 9.43 11.64 15.96 2.84 3.38 3.32 6.48 9.03 5.4 2.64 5.38 18.05 15.93 20.2 8.41 14.74 9.29 5.74 9.22 17.63 12.23 11.7 15.57 15.35 16.27 10.94 11.66 26.21 13.81 11.3 5.45 2.67 3.14 2.03 2.38 4.11 11.51 22.16 9.95 8.21 5.71 6.54 13.27
19.9 9.68 6.27 8.37 8.45 7.46 5.34 8.31 11.72 8.02 4.88 5.25 6.85 12.61 16.7 11.96 11.26 8.25 3.98 5.78 6.15 7.73 15.87 7.38 3.9 4.6 2.91 8.41 14.89 6.61 4.42 8.46 8.61 22.84 27.75 6.61 7.85 14.83 11.74 15.11 8.66 7.66 13.06 15.59 32.35 18.28 7.94 26.34 20.8 24.56 12.99 7.74 4.93 3.81 3.37 5.33 13.88 16.04 22.58 21.36 7.23 7.71 22.42 17.85
6.27 5.83 3.22 7.27 6.93 8.37 4.94 9.17 15.54 7.06 5.49 6.36 9.77 11.25 8.33 15.04 6.91 3.2 8.09 3.81 5.59 3.27 5.39 5.59 6.17 7.36 5.93 5.07 7.28 8.12 6.93 7.78 9.66 50.18 49.39 9.47 9.73 7.0 6.36 8.09 4.3 7.68 13.29 15.72 11.31 13.47 8.36 5.31 23.76 20.56 16.88 8.79 2.66 3.09 6.51 10.81 15.36 55.97 41.07 12.83 8.35 11.51 20.08 21.3
10.72 11.47 5.07 8.24 9.36 5.29 4.28 8.98 6.06 14.64 6.85 4.66 12.42 7.32 10.99 8.99 5.47 4.85 7.0 3.02 4.23 6.14 3.36 4.53 2.43 2.8 5.02 6.36 6.77 14.41 10.77 8.73 6.35 33.86 17.52 12.45 5.81 9.15 8.79 5.31 5.6 6.77 10.17 16.23 16.39 13.52 15.52 9.2 23.1 17.26 12.24 13.45 6.02 5.09 6.81 22.94 18.59 30.88 38.82 22.59 7.04 18.5 17.86 28.32
6.56 9.52 6.12 8.51 8.86 3.43 3.2 4.52 7.93 15.04 8.51 12.24 7.17 6.3 11.07 9.7 4.75 3.33 2.73 3.96 11.38 5.21 7.31 3.42 4.34 5.34 4.27 8.65 11.93 11.38 19.68 7.58 5.21 10.22 14.57 8.22 7.98 5.78 3.81 2.49 4.0 3.64 6.99 9.67 7.15 17.35 20.1 16.74 12.92 11.57 7.02 5.96 5.65 5.3 8.08 16.77 14.8 24.04 16.82 14.62 13.63 12.17 18.78 14.7
4.64 5.42 5.58 6.34 4.87 8.51 8.66 4.3 4.66 5.01 9.2 10.34 5.51 5.84 8.59 10.68 5.2 4.94 3.7 6.68 7.1 5.79 3.69 4.21 4.35 3.89 10.1 8.59 7.14 11.31 14.62 5.39 6.43 9.92 15.0 10.27 5.63 2.83 3.42 4.19 3.73 5.41 10.46 10.7 6.32 8.86 10.34 22.95 21.03 13.43 14.23 10.7 7.45 13.83 12.1 13.68 10.97 7.02 9.07 15.57 14.33 13.81 16.69 8.79
8.01 9.0 10.74 6.1 12.07 8.83 8.05 7.19 4.47 3.91 7.14 6.83 3.58 7.44 2.98 9.31 15.67 7.96 7.05 9.1 5.73 5.67 3.23 4.7 4.29 3.15 6.97 5.48 7.57 10.12 11.76 3.9 5.29 7.0 5.46 3.48 3.19 3.62 3.53 4.19 9.01 8.78 5.04 3.6 8.3 11.13 14.09 8.89 19.69 12.76 9.75 8.08 9.15 7.64 8.5 12.67 16.71 6.21 7.16 11.04 13.23 9.1 10.18 12.05
4.35 8.37 6.78 9.12 5.55 5.69 5.18 5.3 2.88 5.77 4.48 2.71 8.12 5.63 4.04 13.97 7.46 9.66 10.74 9.14 6.48 4.61 4.23 5.74 6.17 2.86 3.75 9.32 7.89 8.51 3.55 2.47 3.63 3.4 2.02 3.57 1.37 1.18 2.35 2.84 2.76 4.49 3.04 5.74 9.01 7.95 13.14 15.54 11.33 9.79 6.45 9.96 8.63 4.1 7.04 6.63 8.88 15.32 4.27 4.66 10.65 3.23 4.03 9.02
4.9 2.89 4.65 10.79 6.87 4.21 4.21 4.81 3.63 4.39 5.26 5.53 10.21 7.64 6.6 19.65 21.4 8.8 9.66 10.91 6.8 7.45 7.11 8.96 6.85 8.99 4.08 8.78 15.67 5.25 4.45 3.74 3.33 2.78 5.63 2.76 1.09 1.96 3.05 1.92 5.81 5.65 4.14 6.82 5.08 4.02 12.65 8.69 24.49 16.33 18.53 19.44 14.93 8.5 8.9 12.31 10.73 14.24 11.85 5.33 9.82 8.01 6.53 10.73
7.67 7.13 5.14 5.46 8.16 7.62 3.54 2.24 9.76 6.57 6.56 8.48 6.62 5.94 6.53 18.06 27.39 19.83 8.75 15.27 4.05 6.77 10.93 6.05 6.1 6.14 1.68 11.18 10.24 6.78 3.26 9.17 3.3 4.49 3.67 2.68 1.96 2.23 1.91 3.04 5.82 4.23 3.45 3.53 1.77 4.37 4.56 13.36 28.25 22.34 16.11 15.63 7.84 11.69 10.41 12.22 11.41 6.23 3.98 6.27 7.35 8.45 5.47 9.01
6.71 5.82 5.05 9.77 9.57 8.19 4.99 4.23 7.93 4.88 3.67 6.31 8.2 11.03 15.62 12.66 28.11 23.3 8.63 10.79 8.13 5.67 4.91 7.1 6.57 7.15 3.38 3.54 11.83 8.83 5.56 4.08 3.65 2.9 5.19 3.31 2.01 1.91 1.2 1.76 4.88 5.23 4.21 2.74 1.37 2.16 2.03 6.52 12.69 23.14 20.11 9.65 8.53 7.19 13.0 16.57 4.44 3.42 3.46 2.66 10.54 4.79 10.35 5.71
6.84 4.62 5.94 7.57 8.58 6.19 3.64 6.42 6.73 2.83 6.98 4.35 4.73 12.85 9.04 12.07 10.29 9.59 9.93 7.53 8.65 14.19 6.82 7.03 11.74 6.28 8.17 11.0 5.26 7.6 8.48 3.44 4.08 8.58 4.09 4.14 1.51 1.35 2.34 2.64 3.23 8.27 6.9 3.15 1.51 1.49 2.2 7.49 9.22 30.97 20.4 6.22 6.86 7.2 13.73 10.83 5.47 9.89 6.25 5.16 5.8 27.39 13.08 11.94
10.84 8.14 11.96 14.67 14.85 15.99 2.74 4.87 15.47 8.08 6.47 5.68 7.15 10.18 10.88 5.86 11.7 14.3 10.81 5.59 13.67 12.31 6.52 5.73 5.26 6.78 5.54 10.01 4.34 8.77 6.96 4.18 4.14 5.28 2.74 2.19 1.88 1.37 2.83 2.89 3.28 7.72 5.99 2.06 1.94 1.75 3.96 4.85 14.48 11.34 10.2 6.35 4.4 6.62 7.86 9.42 6.34 7.32 6.64 3.43 4.03 8.7 19.39 14.47
4.94 12.21 4.62 13.75 25.87 12.0 12.61 12.7 6.74 8.94 3.02 2.77 8.03 11.57 9.8 7.0 11.58 15.35 11.01 10.53 13.6 8.4 24.18 17.05 6.86 6.02 8.39 11.09 14.92 10.53 7.11 8.7 3.65 5.09 3.61 1.9 2.67 3.3 2.32 3.73 4.29 3.64 6.56 2.8 0.99 2.88 1.79 3.37 7.9 9.25 4.69 5.6 8.48 5.36 5.57 5.12 4.42 5.42 5.54 8.71 7.59 19.26 36.12 16.8
7.66 9.09 9.9 17.09 19.47 19.78 9.76 5.35 3.49 3.79 5.62 3.61 5.01 9.22 6.01 7.11 10.14 15.12 13.0 11.41 6.91 9.9 14.5 11.88 9.88 13.7 10.62 9.66 7.91 14.5 7.54 2.81 4.47 5.57 3.31 4.17 2.31 2.99 7.51 8.96 7.52 4.08 5.25 2.86 1.34 1.12 2.37 2.81 8.47 7.26 9.38 5.81 4.97 5.74 3.43 4.95 5.02 4.11 4.99 4.34 8.75 19.36 53.89 15.89
7.46 11.77 19.18 12.58 11.08 14.35 7.31 6.14 2.9 5.26 6.01 4.94 7.13 9.01 2.86 5.68 6.91 5.41 10.34 13.6 4.77 7.33 14.02 13.11 15.49 15.24 13.64 21.55 9.46 11.02 9.03 6.93 3.27 5.58 7.62 4.63 3.75 9.78 9.24 11.67 5.41 4.03 2.74 5.22 3.9 4.56 1.99 4.61 11.61 12.69 8.45 3.82 4.71 7.03 8.98 7.24 7.32 8.49 5.5 7.06 10.72 18.43 18.97 11.78
11.3 20.96 20.1 8.23 12.4 13.28 10.32 5.47 3.37 5.97 2.41 6.17 8.41 4.74 3.84 11.29 5.52 5.39 7.31 2.64 3.16 4.71 4.35 14.16 14.42 9.48 10.39 8.68 9.92 6.88 7.33 12.38 4.68 2.51 4.93 9.66 4.5 7.74 5.37 13.04 5.55 2.76 3.83 6.57 6.08 3.81 1.79 4.99 10.52 19.63 14.62 7.29 7.82 7.72 10.31 8.25 6.61 5.96 9.59 8.31 11.34 10.61 11.05 10.93
6.42 5.55 11.45 6.07 10.32 12.26 8.87 4.61 4.77 4.01 7.55 5.98 3.31 1.76 3.11 6.11 4.42 7.73 4.68 6.33 6.13 6.34 10.91 12.0 14.72 18.45 9.3 7.92 7.13 7.38 6.36 10.71 6.43 4.92 3.64 5.62 4.31 3.73 1.59 2.66 4.41 3.56 4.04 8.77 5.01 3.85 3.88 6.37 11.42 14.16 8.7 7.19 3.55 4.85 7.38 13.3 5.69 12.67 10.84 11.9 10.48 11.16 7.04 4.9
5.54 9.81 9.86 6.01 7.54 7.34 7.39 3.38 5.9 4.31 7.44 3.44 3.14 2.27 4.57 7.37 8.42 6.19 3.91 3.2 4.74 5.62 8.51 12.92 17.55 31.15 14.6 10.98 4.6 5.07 9.83 11.77 8.41 3.13 3.62 4.5 2.92 4.22 2.33 2.43 3.8 5.51 6.18 10.18 5.68 5.08 6.55 11.12 13.81 14.95 7.47 4.34 4.06 5.92 12.2 14.81 12.32 10.98 5.62 5.35 9.01 14.1 6.28 6.35
3.36 6.63 6.95 1.96 4.54 5.77 5.83 12.05 9.49 5.25 9.14 4.58 4.16 4.95 3.24 3.67 7.25 3.96 3.39 4.17 4.56 15.24 11.14 11.29 17.6 10.58 15.57 8.0 3.35 2.88 2.49 8.37 20.73 5.29 5.73 8.95 6.68 5.88 2.98 4.01 3.32 8.88 8.3 9.58 5.76 6.49 4.45 11.19 6.53 12.13 8.29 2.76 1.85 4.29 8.12 11.81 6.0 8.61 6.83 8.36 9.46 8.14 7.09 6.82
6.01 6.78 4.31 3.53 6.41 6.59 11.74 10.56 7.45 5.49 9.53 4.03 8.28 6.11 4.01 4.72 6.91 4.71 6.01 6.35 9.36 8.35 8.3 6.5 9.76 6.99 11.29 8.78 5.31 3.41 3.98 5.44 5.73 9.91 5.22 3.67 9.25 6.45 6.88 12.64 18.59 8.77 12.97 12.33 8.27 8.93 8.01 10.74 8.75 8.67 9.12 3.71 3.41 4.21 9.33 11.23 8.92 7.43 6.51 7.3 8.07 7.31 7.78 8.14
3.43 9.21 5.41 5.28 4.4 10.13 8.29 15.21 9.35 7.73 10.28 7.48 8.25 4.91 4.9 3.53 3.89 7.32 3.96 3.3 8.38 7.24 3.65 5.25 5.09 12.92 4.87 3.86 3.47 2.35 1.98 2.7 3.57 3.49 2.36 2.34 3.16 6.83 4.25 13.32 18.86 11.58 8.38 7.0 7.52 11.49 13.56 9.62 5.87 13.75 5.42 7.29 4.24 3.35 8.46 12.93 9.25 10.24 11.85 14.49 8.76 12.01 10.84 9.87
4.08 5.71 5.17 3.66 7.86 17.58 13.08 14.49 6.41 7.82 9.05 4.59 11.43 12.79 5.49 5.91 9.83 3.7 7.89 7.87 4.49 7.86 10.18 4.75 9.5 7.98 6.49 5.9 3.35 2.87 3.91 5.91 3.44 2.15 1.63 3.99 8.52 4.73 6.58 13.4 13.75 19.64 13.45 9.1 7.89 9.18 8.7 7.58 4.04 6.36 7.8 7.37 7.26 4.82 5.76 15.37 5.93 7.73 11.09 13.05 18.2 18.65 14.8 7.17
6.58 6.59 11.52 6.71 8.57 15.23 17.77 14.78 8.1 8.42 7.83 7.86 10.44 8.86 6.97 2.83 4.49 7.49 5.29 11.94 6.38 8.6 18.65 7.77 6.61 14.11 6.22 6.64 3.46 2.84 2.53 5.3 4.55 5.95 2.96 4.29 15.91 14.54 11.43 12.9 13.43 14.84 24.16 8.61 6.94 7.69 10.32 19.48 5.97 8.47 7.05 6.76 3.84 5.44 6.5 13.13 9.46 2.77 6.96 13.8 11.8 23.08 11.35 9.85
7.08 7.33 8.31 5.28 5.55 7.98 18.65 11.27 5.77 4.72 7.99 8.97 6.41 3.81 4.07 2.94 2.5 5.12 5.6 2.67 4.79 4.47 11.69 6.98 4.47 4.33 6.55 8.27 6.03 4.16 3.85 3.79 4.16 3.49 1.76 1.97 2.73 7.47 6.15 11.68 8.65 13.15 7.29 8.09 6.9 4.71 5.55 15.81 7.8 3.53 7.25 7.56 7.2 4.93 4.8 8.33 8.81 8.86 3.43 8.0 17.31 16.4 17.72 8.99
15.76 8.09 8.61 8.5 6.11 11.86 30.67 23.44 16.27 13.38 6.29 7.22 8.16 6.2 4.6 2.74 2.95 3.9 4.96 2.53 4.06 6.71 12.33 6.9 7.92 2.57 7.82 7.49 11.91 8.65 4.37 8.41 4.24 5.15 3.47 5.08 5.89 7.3 7.19 16.19 9.41 14.08 7.05 3.99 5.36 6.43 10.7 17.43 5.57 6.8 5.85 9.97 6.25 3.2 3.99 3.34 2.7 6.54 6.52 8.0 13.38 29.84 9.79 8.94
12.21 7.86 12.5 6.26 7.97 4.51 13.31 13.63 10.43 10.35 12.35 10.46 6.54 8.13 12.47 3.15 2.82 3.46 5.28 5.75 5.71 2.45 8.63 5.71 4.49 9.12 5.59 7.35 21.26 9.11 7.44 5.63 6.47 5.48 7.08 3.23 7.61 7.26 4.51 7.24 6.18 8.68 4.7 4.17 6.79 7.35 11.57 12.13 17.79 4.76 3.92 8.17 6.52 3.85 1.72 2.37 3.11 7.23 8.87 11.49 12.1 16.18 10.23 8.42
12.97 15.84 8.41 6.53 6.46 4.72 7.31 6.98 13.83 12.43 13.65 6.46 9.43 5.1 6.24 6.23 4.31 6.42 5.02 13.85 11.1 4.42 8.09 3.84 5.94 9.88 10.24 7.67 14.98 11.86 12.8 7.14 5.66 11.42 9.07 4.01 2.88 7.31 8.01 4.07 6.44 5.68 3.42 5.2 2.57 6.76 5.03 7.02 2.87 5.54 4.74 6.68 10.6 5.46 3.69 2.02 2.66 7.83 4.79 13.41 11.25 23.96 15.37 8.49
16.42 15.67 7.54 5.8 8.43 5.09 12.01 14.32 12.17 12.31 10.33 10.24 5.24 11.27 10.04 4.33 4.75 7.6 9.1 11.85 12.81 8.88 6.3 5.45 5.41 6.49 14.09 15.16 33.74 19.62 13.88 10.04 16.56 5.42 11.83 2.63 4.63 5.64 5.24 8.16 8.22 7.21 8.2 11.24 7.82 8.63 6.6 5.43 4.14 5.77 5.27 9.1 4.93 6.53 3.29 3.49 3.85 3.33 6.82 5.49 7.49 16.49 18.52 8.33
17.85 19.63 7.81 7.64 9.34 7.08 11.21 9.21 11.57 15.7 9.68 9.85 25.19 8.06 13.58 5.64 3.21 11.04 6.54 14.42 13.97 13.87 5.08 5.69 7.01 8.24 25.53 15.47 23.03 36.41 9.74 9.36 7.14 6.63 6.72 2.72 4.32 4.7 4.56 6.68 8.24 7.7 10.48 7.23 7.2 8.48 6.56 8.94 5.41 6.96 8.07 8.82 6.66 3.78 4.5 3.67 4.16 3.93 3.78 6.75 4.21 10.8 7.71 6.82
14.18 17.37 10.25 9.78 6.23 10.42 10.94 9.12 7.6 13.47 15.45 24.4 21.45 7.83 13.47 10.3 12.13 8.18 14.05 10.24 13.15 8.4 7.54 11.34 16.39 23.81 14.41 11.79 23.77 13.43 18.99 8.31 5.06 6.93 5.24 3.98 5.21 5.07 7.09 9.57 9.79 10.69 11.37 7.87 7.56 5.51 9.63 7.33 9.32 9.12 6.5 13.15 14.4 4.89 4.63 5.36 1.85 3.26 2.39 3.39 6.46 5.2 5.82 4.07
12.91 12.94 11.47 12.5 7.99 9.22 9.31 11.54 7.67 7.73 18.03 20.17 9.53 9.36 10.8 6.95 11.91 11.09 19.03 7.73 7.37 10.45 10.59 5.9 8.46 19.82 11.03 8.38 5.05 9.94 7.29 8.56 3.44 5.73 7.96 5.08 5.08 2.69 4.36 4.82 3.86 5.89 7.38 11.52 6.62 5.05 10.53 6.56 8.11 8.18 7.03 22.38 8.56 8.98 6.97 1.83 1.14 1.31 1.58 4.7 2.71 3.3 4.82 4.25
4.84 10.03 13.7 8.24 22.0 7.78 8.79 14.34 7.91 10.98 31.63 17.09 24.85 7.35 7.6 4.66 6.21 8.53 18.5 13.58 8.07 12.05 10.43 6.39 8.32 7.14 12.56 12.48 11.71 10.2 10.83 6.63 10.7 6.51 6.46 8.69 6.29 3.74 7.41 6.19 14.02 4.46 10.62 20.33 11.38 5.9 11.4 5.56 5.99 7.94 5.94 16.45 15.24 10.73 8.35 2.03 1.3 1.34 1.72 2.3 1.86 2.63 4.28 5.5
4.67 16.13 8.36 9.46 10.3 2.57 5.4 9.69 6.91 16.97 20.2 10.72 7.75 8.29 5.41 5.21 6.07 11.29 14.96 13.52 10.72 7.34 13.77 7.0 12.3 8.31 10.64 8.68 6.24 8.52 13.02 6.47 10.72 12.25 12.75 19.27 8.59 7.36 8.61 16.08 11.38 12.99 5.92 9.51 10.44 8.5 6.13 8.67 8.84 7.1 6.68 15.08 16.65 12.07 5.21 6.19 2.4 1.68 2.83 2.92 5.76 2.18 2.47 5.69
9.14 7.85 11.95 23.55 6.14 7.3 11.51 9.34 10.98 11.64 9.94 14.19 3.39 4.7 6.98 3.78 8.61 7.07 10.08 10.38 6.21 7.77 10.14 5.91 6.75 4.76 8.7 4.37 6.76 5.17 6.91 9.49 10.92 7.1 11.53 13.02 12.3 7.58 8.08 7.61 12.27 8.82 6.53 10.05 9.47 10.15 10.22 5.33 4.77 5.41 6.04 8.35 11.41 6.14 5.45 3.16 3.0 3.33 2.74 3.04 2.74 3.03 1.11 2.44
11.25 8.81 17.54 16.3 9.84 7.05 9.15 11.05 10.14 12.01 14.24 14.47 4.56 3.86 5.17 6.43 6.88 7.34 11.37 7.16 5.04 8.34 6.12 3.39 6.86 7.31 16.39 7.03 5.01 7.41 9.19 21.05 18.23 6.36 8.84 9.16 6.25 7.16 6.26 6.9 16.73 9.77 3.54 7.34 11.88 6.94 15.07 5.85 7.93 14.08 6.46 14.77 14.11 4.62 8.05 7.64 4.74 7.37 2.62 3.35 3.12 4.84 2.44 3.78
7.46 13.05 16.42 13.48 7.27 8.6 5.73 12.94 15.04 8.07 13.2 10.46 6.73 2.58 1.56 4.31 7.13 5.53 6.36 8.34 7.21 5.16 7.38 8.53 12.28 12.21 15.15 9.47 7.58 3.85 5.36 14.48 12.43 8.61 4.83 7.84 8.19 5.27 12.45 4.97 10.76 9.26 5.93 7.7 13.03 8.5 10.5 9.85 7.86 10.58 14.53 7.18 8.16 10.56 5.74 11.32 10.9 4.59 3.71 3.57 2.73 3.1 3.75 2.89
15.9 20.67 27.12 22.97 18.72 20.83 17.44 13.58 13.92 7.96 5.65 7.77 4.07 4.04 5.81 4.63 10.77 9.37 6.76 9.64 4.14 16.7 15.58 14.56 13.49 16.94 11.93 10.06 13.67 4.72 10.87 5.89 6.63 7.16 4.38 4.77 6.78 4.26 6.22 5.04 10.91 9.09 4.77 6.06 7.33 16.85 19.67 20.37 14.22 12.59 9.82 9.29 7.18 14.82 10.42 7.01 11.36 5.45 5.24 4.36 1.78 5.55 3.53 4.88
14.82 11.58 17.22 22.2 27.37 10.95 13.0 9.99 18.57 6.65 3.5 8.38 5.14 3.26 2.29 2.59 2.82 10.86 10.2 7.45 4.82 9.76 27.99 17.97 14.68 12.26 12.79 17.89 11.48 8.42 7.12 3.52 8.94 7.31 9.6 2.94 4.53 6.46 6.04 4.44 13.11 16.59 9.63 6.49 11.02 9.59 15.38 15.46 22.47 14.16 20.29 6.06 6.7 12.46 21.89 16.92 14.87 9.58 13.65 5.79 4.26 2.91 3.08 4.85
18.59 21.48 14.27 12.98 17.07 18.24 11.85 18.29 21.88 9.89 3.65 3.07 2.58 2.86 2.62 2.8 6.57 8.11 15.45 12.91 3.61 6.53 10.9 11.61 18.65 7.0 8.29 8.79 9.19 5.39 5.36 7.88 6.69 9.29 9.4 4.97 3.27 4.28 4.19 8.03 6.43 4.83 13.76 12.89 7.86 15.52 12.81 14.35 12.57 21.84 14.8 12.15 17.48 17.2 39.3 24.15 9.88 8.14 20.28 6.62 8.27 4.62 3.6 7.25
19.75 23.57 10.28 16.96 17.15 12.88 11.47 10.47 14.82 6.59 12.21 5.72 1.96 9.38 4.72 4.62 17.91 11.03 31.56 29.35 12.04 9.72 11.74 19.76 11.06 17.17 15.88 7.96 6.52 9.43 6.12 3.61 4.11 7.1 7.52 2.87 4.0 2.74 5.91 7.06 5.43 4.71 4.55 4.27 4.26 10.14 23.09 5.62 18.6 14.15 18.66 18.56 14.88 20.58 31.11 19.92 7.34 12.55 10.84 14.0 5.02 4.65 9.1 8.9
7.22 8.83 6.61 7.95 17.93 13.77 3.78 6.3 6.27 5.69 14.4 2.3 3.1 5.45 5.89 4.69 6.36 7.05 9.84 26.61 19.28 9.24 6.06 5.97 3.22 10.36 10.08 6.41 7.89 10.52 4.63 5.19 3.8 6.08 4.68 4.6 5.64 3.29 7.67 8.81 11.06 5.1 3.77 2.52 8.64 10.19 9.67 10.78 11.69 13.54 11.2 8.93 5.66 16.43 18.1 8.11 9.51 8.27 15.33 18.58 4.45 7.89 8.67 7.6
5.66 3.76 6.81 6.89 9.75 7.71 6.76 5.81 6.01 15.15 8.73 6.07 6.76 4.81 10.13 12.12 14.56 7.2 11.35 6.94 13.13 5.81 5.34 7.85 4.15 7.34 5.49 4.74 7.98 5.71 4.34 3.89 6.41 4.18 2.47 2.93 2.6 4.15 11.43 11.97 8.29 5.09 4.84 4.39 4.97 10.36 4.46 12.68 16.62 8.54 12.83 9.01 4.55 9.17 10.22 9.4 6.66 4.64 12.1 10.44 7.6 12.12 13.03 19.12
3.96 4.6 2.47 6.22 3.24 6.77 16.33 7.34 7.26 17.48 11.04 14.38 9.47 6.63 9.84 12.73 6.45 9.95 6.25 13.06 8.33 5.33 3.92 7.48 6.24 2.61 4.02 3.84 8.27 16.49 10.57 9.4 10.6 4.71 2.22 3.25 1.9 3.01 7.52 5.96 13.23 4.81 3.34 8.33 5.51 4.86 9.63 7.51 8.46 10.91 9.98 5.69 5.12 6.0 4.15 6.1 8.58 8.05 15.59 7.66 8.21 22.31 11.98 10.33
6.91 4.23 7.4 5.66 7.49 9.33 10.53 11.16 12.89 10.4 10.53 27.81 9.26 8.87 6.15 6.33 10.63 6.54 22.67 7.92 8.36 5.88 4.57 4.34 10.36 4.9 4.37 7.42 6.5 6.38 11.67 8.68 10.1 4.37 2.74 2.56 3.57 11.17 4.79 9.89 12.79 3.26 3.57 3.49 3.88 3.04 5.32 5.4 6.54 4.79 8.38 8.66 9.81 5.12 7.13 9.27 5.19 7.59 11.73 8.51 10.56 9.1 8.5 7.41
4.66 5.54 10.1 12.75 8.43 31.13 6.7 11.25 12.73 6.71 17.66 19.48 5.18 3.4 3.69 7.7 6.67 3.17 4.54 10.26 7.53 3.55 3.02 7.17 10.87 7.86 10.16 5.82 11.36 8.4 4.18 19.01 10.09 7.55 9.53 3.92 5.79 9.59 4.85 9.66 12.96 3.59 2.71 2.75 4.2 3.42 4.53 6.59 4.8 2.81 5.61 6.62 9.04 4.78 3.66 4.14 5.06 4.84 7.79 7.14 8.19 10.08 8.3 4.56
9.02 8.63 16.89 9.33 10.3 10.76 12.45 7.53 5.06 5.7 22.32 19.19 9.29 4.91 4.08 6.36 2.79 3.47 3.24 3.23 7.93 8.75 4.1 8.28 6.09 7.96 7.29 7.61 23.42 14.17 12.69 12.48 8.57 10.07 6.78 3.87 5.81 6.67 12.78 10.54 7.47 3.32 2.26 3.89 3.97 2.93 8.01 4.28 6.3 8.44 12.76 10.26 6.24 9.21 8.25 10.62 6.45 4.56 5.5 8.92 7.96 5.99 4.65 3.96
11.05 13.23 20.82 6.1 17.27 11.52 11.07 15.81 9.67 6.75 24.68 33.64 16.32 6.91 3.63 5.53 4.66 3.68 3.77 5.28 5.34 8.19 6.6 9.57 8.89 12.9 11.18 23.48 16.64 14.46 23.6 9.1 14.04 19.94 5.06 6.23 7.04 12.46 16.13 6.69 8.43 6.76 3.24 3.37 5.39 5.88 6.27 6.96 6.05 11.52 11.62 7.14 8.34 7.43 9.8 7.33 9.1 5.28 8.37 8.15 13.56 6.29 3.34 5.12
21.09 14.53 20.32 16.17 13.7 11.79 10.85 8.83 7.14 7.59 19.33 15.78 19.15 7.3 3.2 2.72 5.99 6.59 3.87 5.4 3.0 3.46 6.16 5.71 7.44 15.81 23.76 16.29 17.4 8.95 10.28 11.07 14.9 8.55 8.73 6.81 3.73 11.4 7.55 8.46 4.27 2.65 3.3 4.16 2.34 6.58 5.38 6.41 5.34 4.6 13.04 16.61 9.41 2.93 2.8 5.4 3.66 2.69 7.93 7.83 12.17 7.89 6.02 7.89
17.92 14.04 12.66 23.6 11.93 6.49 15.42 5.73 5.25 9.68 12.13 12.0 11.71 13.64 6.27 4.19 4.2 4.81 5.85 6.01 6.27 5.56 4.15 5.78 6.92 22.39 26.62 24.31 20.53 24.91 13.77 17.46 12.81 8.53 5.1 3.87 4.5 6.33 4.18 5.9 2.68 2.9 3.54 1.89 3.85 8.56 4.43 5.29 3.24 2.92 6.52 8.78 6.1 3.79 2.18 3.29 5.66 5.64 7.01 13.37 9.0 13.16 6.63 5.41
13.11 22.25 15.55 16.28 13.07 15.28 6.97 2.93 4.76 4.96 13.73 7.34 13.69 16.4 7.36 3.36 8.79 5.51 8.55 5.51 7.98 6.56 11.08 12.34 18.09 64.46 54.53 24.38 17.36 11.54 13.13 13.08 7.39 6.67 8.57 6.82 12.63 5.61 4.52 2.3 3.65 6.33 4.17 2.52 3.79 3.07 2.83 5.81 2.27 4.06 5.63 4.89 9.2 4.8 2.84 4.59 3.91 5.19 8.04 9.83 12.09 5.73 3.95 4.78
13.69 5.56 10.39 12.57 9.53 11.16 6.89 5.56 4.83 3.05 6.57 5.49 9.2 5.26 6.42 7.51 8.51 10.94 8.05 5.54 12.47 9.77 11.38 25.56 36.87 30.97 23.37 20.07 15.0 12.37 9.12 7.75 4.65 7.07 6.68 9.04 8.52 3.69 3.5 2.33 2.46 6.15 6.52 5.21 6.38 2.86 2.26 3.99 3.7 4.33 2.82 6.18 7.67 3.12 2.26 3.63 3.73 4.14 9.84 10.5 7.79 6.32 3.77 2.79
19.29 13.32 11.94 5.82 4.47 4.56 3.9 6.2 4.79 2.84 4.38 5.95 9.17 6.82 9.87 14.0 11.95 14.42 7.59 5.71 10.23 6.15 19.44 25.52 18.07 45.64 34.97 23.79 20.05 8.95 10.27 5.26 5.66 5.74 7.64 9.86 7.52 5.0 11.18 5.36 4.91 1.85 3.21 7.14 6.72 2.74 4.62 3.36 4.01 5.12 2.98 4.75 3.5 2.91 1.56 3.54 3.42 6.39 10.59 5.32 7.1 11.07 3.91 6.94
6.98 5.17 5.35 5.53 4.64 4.46 8.07 8.73 6.93 10.95 3.78 7.89 13.97 10.54 20.49 6.01 10.16 13.49 8.88 13.91 24.09 10.76 12.29 11.31 24.53 43.78 26.35 20.74 20.21 8.97 4.25 6.21 6.01 11.89 11.81 11.84 8.59 9.38 4.55 6.42 12.91 4.6 3.71 7.35 8.94 12.77 7.44 5.07 6.46 2.01 7.95 6.28 11.5 5.11 2.73 2.38 5.62 8.76 10.16 7.23 9.44 7.82 10.07 5.67
5.61 7.71 8.47 10.37 9.87 5.35 10.16 14.44 15.3 11.88 10.0 19.06 10.77 10.69 9.87 6.01 4.55 5.06 9.05 6.69 19.77 13.11 14.05 10.7 16.94 14.65 25.08 19.55 11.41 12.46 7.61 8.58 9.58 7.26 12.43 8.64 2.64 10.69 7.51 11.72 9.48 4.5 3.87 3.11 7.86 8.25 5.28 8.07 5.08 4.65 6.48 4.88 9.07 12.43 4.28 3.33 7.45 11.21 8.52 16.33 16.16 11.76 7.75 10.37
8.52 4.0 7.23 12.39 15.05 14.97 11.61 30.51 17.77 9.46 21.37 17.67 13.41 10.21 7.08 7.34 3.67 3.88 5.02 8.26 11.84 23.12 11.45 7.58 11.52 15.84 15.82 12.34 22.33 14.95 8.5 8.32 8.31 11.53 6.73 6.46 4.95 6.82 11.12 15.75 5.4 4.9 3.91 3.13 6.4 2.8 3.85 5.85 3.6 6.93 4.24 2.85 3.46 4.7 4.47 4.19 8.29 17.32 18.74 14.59 10.21 4.98 8.41 5.08
10.69 3.73 6.23 7.6 10.39 13.41 32.67 13.52 14.01 9.44 8.61 9.17 11.04 8.8 16.68 7.5 3.95 5.3 6.42 3.76 10.06 5.33 5.29 9.86 12.56 28.45 20.38 9.99 22.84 15.26 13.73 9.56 10.38 6.61 7.09 7.78 10.68 8.36 8.51 14.89 5.49 6.84 2.58 6.26 6.01 6.11 2.32 2.46 7.75 12.22 11.6 8.49 8.39 7.08 7.27 7.44 5.65 10.41 13.02 22.55 13.77 6.88 8.41 5.53
11.18 10.56 17.29 12.97 19.46 8.05 12.82 17.65 13.03 16.35 14.54 6.14 8.61 8.82 8.52 6.78 5.19 4.28 5.25 6.66 6.21 3.69 4.22 3.35 14.1 30.23 20.28 9.88 15.14 8.78 12.47 9.18 19.11 9.07 10.61 8.33 7.57 12.05 6.86 8.0 8.3 5.65 5.26 6.16 2.92 5.9 5.57 2.54 8.09 22.09 8.29 14.87 6.89 9.41 14.25 11.68 16.59 12.93 15.68 21.7 17.23 5.7 3.87 4.59
8.44 9.12 19.32 14.13 21.64 11.91 8.93 12.77 8.08 8.02 26.09 6.51 3.89 5.78 10.79 5.87 2.73 3.1 3.63 4.78 6.95 4.45 5.63 3.2 7.2 19.56 18.55 20.62 10.45 8.64 12.53 6.97 8.68 10.32 14.45 10.22 14.2 7.81 8.91 4.54 9.42 6.48 6.73 5.44 3.84 6.83 5.52 6.75 8.42 9.91 10.81 6.83 9.37 7.27 7.67 17.77 6.91 10.89 10.79 15.78 10.96 12.61 5.67 5.4
3.58 14.9 8.13 18.03 28.1 16.33 9.72 9.21 13.28 6.9 9.78 5.64 3.64 2.58 8.23 2.93 5.32 3.8 3.82 4.55 3.93 3.7 5.38 4.46 5.72 10.51 30.48 16.35 15.83 8.5 6.83 6.77 11.5 7.79 12.23 13.38 8.33 4.93 3.68 4.6 6.93 7.42 10.06 4.32 5.86 5.17 7.28 7.92 9.24 19.75 16.99 11.74 10.38 5.03 6.67 8.74 3.96 3.03 6.13 8.0 30.49 19.03 9.58 11.86
