11.3 16.06 16.46 11.14 6.02 5.76 5.38 8.83 14.18 10.86 16.13 6.2 9.43 4.56 3.39 10.75 18.15 4.23 6.27 8.87 6.1 4.55 4.15 13.75 18.12 7.01 7.07 4.85 4.72 3.13 3.22 8.05 5.06 4.92 7.89 7.83 9.35 4.57 16.95 9.42 5.92 6.86 9.96 18.8 11.76 4.83 19.62 19.05 16.68 13.94 7.8 5.69 5.97 2.29 7.0 5.83 9.84 12.95 15.41 12.27 13.03 7.97 6.26 7.56
12.51 13.34 17.07 8.02 4.7 7.68 6.21 6.2 9.42 8.23 11.55 6.44 7.02 7.35 5.55 6.95 10.74 5.49 7.0 7.73 5.24 5.04 8.17 11.41 7.64 9.7 9.42 4.83 3.92 6.1 1.92 3.32 2.88 3.68 5.64 9.36 9.67 10.0 5.98 6.94 8.21 8.86 10.26 11.71 9.68 9.23 15.48 23.92 14.46 12.61 10.37 10.48 8.17 4.05 7.36 6.38 4.41 11.68 10.9 10.56 16.07 10.58 6.87 8.83
15.38 13.72 8.96 7.37 7.29 3.67 3.24 9.5 9.44 6.32 6.3 6.0 5.73 2.17 6.3 5.81 9.09 5.49 7.58 4.59 5.13 6.97 18.03 19.32 14.0 8.25 8.42 5.88 5.57 4.14 2.14 2.47 2.71 2.38 5.13 6.47 10.1 12.71 7.31 4.89 8.18 5.1 9.96 28.7 18.19 13.32 18.99 9.02 13.67 15.07 19.76 8.61 5.8 5.39 4.66 4.39 4.76 4.06 6.19 14.18 20.34 9.92 9.07 3.22
12.55 13.81 12.13 5.14 4.75 5.07 2.6 6.47 16.13 9.27 4.74 3.53 6.86 3.73 7.44 7.61 10.33 6.49 6.34 3.85 4.29 5.38 15.49 21.15 5.76 4.14 12.0 4.31 6.23 4.94 5.27 3.65 2.03 2.6 3.2 5.67 4.64 7.45 8.32 11.9 5.2 3.32 6.73 12.94 17.66 25.41 31.11 9.53 10.97 15.17 16.7 10.25 5.09 8.76 12.95 6.35 4.13 3.79 4.42 11.26 8.15 6.12 6.33 13.3
7.78 10.31 7.34 11.92 8.82 4.38 2.89 5.57 12.35 14.57 5.88 3.97 6.2 3.39 5.09 9.15 19.44 9.36 3.78 4.74 6.34 9.81 19.77 9.07 8.17 7.04 3.68 4.35 8.31 7.25 4.82 3.63 4.21 2.04 3.36 5.56 9.32 12.2 6.71 11.36 5.02 3.85 3.34 8.19 16.62 12.05 16.59 18.41 16.38 13.61 15.62 10.2 5.28 11.9 7.79 7.58 6.11 5.47 4.1 6.34 15.27 8.87 6.43 7.17
6.83 12.57 6.99 9.67 5.78 3.29 2.02 6.46 18.46 16.42 7.73 7.86 4.37 2.57 5.67 8.9 9.07 7.92 9.02 8.35 6.98 8.13 17.31 4.4 8.18 5.32 4.99 8.45 8.22 7.62 6.06 3.93 3.44 3.06 6.58 7.07 14.96 14.49 8.42 6.07 7.03 3.68 6.33 8.74 8.58 19.01 19.0 13.93 21.91 9.43 15.18 13.78 12.15 11.22 11.47 10.11 8.14 7.07 7.66 5.21 7.45 7.38 8.74 7.37
6.61 8.7 11.82 5.94 6.82 4.55 2.49 8.13 8.95 7.08 5.76 6.03 5.04 6.78 5.57 11.86 12.6 13.84 14.61 10.03 8.11 4.65 15.0 11.2 5.77 8.54 4.28 4.13 7.67 7.78 5.64 3.71 3.06 5.03 7.21 8.02 13.41 15.52 12.35 5.54 4.49 5.57 3.14 7.15 8.53 6.67 10.19 9.46 15.86 14.74 19.31 17.47 13.7 8.54 7.21 11.73 9.34 10.16 5.54 8.18 13.12 6.24 13.18 9.13
4.78 9.46 8.86 5.2 4.38 6.29 4.97 5.54 7.18 12.22 5.16 8.55 6.76 8.21 7.68 5.69 3.92 18.45 20.74 14.97 6.55 6.25 10.67 5.24 8.15 6.96 3.7 2.82 5.53 5.72 2.35 5.74 4.96 8.72 11.77 9.72 7.8 8.66 8.93 4.42 4.24 4.45 4.52 7.64 5.33 11.68 8.48 8.92 13.19 12.64 15.24 7.28 9.26 6.98 11.39 10.63 5.62 13.32 7.45 9.51 9.57 8.19 8.48 7.04
3.87 6.07 3.71 4.47 8.56 5.63 7.27 6.07 4.89 5.12 4.85 10.46 6.74 4.64 7.85 9.72 9.41 17.89 12.23 15.99 8.53 5.5 5.61 8.53 3.91 2.95 5.09 6.28 2.8 2.44 3.65 2.15 3.36 12.09 9.48 11.54 5.65 3.57 3.6 5.88 4.18 5.14 3.99 8.54 5.1 6.99 6.67 21.06 27.71 20.55 9.91 11.27 8.81 3.87 5.43 10.3 6.5 7.7 6.85 10.92 4.55 6.03 9.73 28.89
7.84 8.58 3.89 4.72 4.54 7.84 9.84 6.25 6.29 4.96 11.03 7.2 6.05 12.04 6.35 6.01 5.57 10.64 11.67 14.74 15.35 11.46 14.03 4.15 4.25 10.58 6.34 3.14 4.15 3.14 2.96 3.76 4.51 14.8 12.42 6.64 9.56 3.92 3.57 2.02 3.32 6.57 6.31 7.57 4.51 8.9 7.62 22.52 18.16 13.12 15.36 6.55 3.24 5.79 5.89 4.21 7.2 10.44 6.85 6.44 3.79 7.36 11.59 11.2
4.86 3.17 4.3 7.29 3.71 7.16 7.12 9.59 10.11 7.61 6.99 9.87 7.38 6.41 6.65 9.92 10.17 9.7 16.89 19.77 10.05 9.05 7.48 7.42 7.95 10.94 6.97 2.7 4.85 2.24 3.9 8.83 5.32 11.31 10.53 7.13 9.14 3.6 3.24 3.83 4.11 2.59 9.21 11.66 8.27 6.98 9.19 17.78 11.02 9.71 20.16 13.6 6.56 4.66 5.46 3.9 4.96 5.6 9.81 7.6 5.65 13.14 13.35 6.18
5.01 9.48 6.05 4.12 7.57 5.6 6.24 8.72 7.96 7.63 6.75 11.87 9.76 9.64 6.09 6.03 5.77 9.31 8.05 33.97 36.24 18.39 9.48 11.7 7.6 4.86 5.36 5.38 3.39 3.28 4.02 4.58 5.52 15.78 8.4 7.25 6.73 3.53 3.87 5.65 6.1 5.24 4.85 7.05 6.69 6.27 9.66 24.08 15.11 7.29 11.29 10.95 5.28 10.69 9.18 8.5 6.48 4.36 4.17 7.03 9.63 9.12 13.52 13.05
8.98 5.08 8.36 4.58 3.07 6.85 8.4 10.78 7.73 9.44 6.08 7.69 9.44 7.57 2.66 4.12 10.61 9.58 8.23 23.09 11.99 26.77 9.73 8.3 7.38 4.63 5.63 7.17 6.58 3.1 2.78 5.42 5.3 13.48 11.22 9.88 6.08 6.16 4.38 12.74 8.62 6.36 6.89 11.25 11.61 8.61 14.38 19.5 8.96 9.35 7.49 4.76 7.49 17.52 7.71 5.71 4.15 7.0 9.26 5.56 10.44 5.28 6.51 14.71
10.19 12.4 12.52 4.56 3.63 3.68 6.11 5.75 12.61 7.92 7.18 5.67 7.82 3.5 1.9 4.93 15.47 6.33 9.78 6.84 8.12 12.28 5.88 12.49 10.46 4.4 7.19 6.47 4.38 6.48 4.58 4.52 10.81 10.03 11.05 6.84 9.98 4.44 7.28 13.48 7.12 8.11 5.96 11.05 14.42 8.19 7.39 9.44 10.53 7.92 4.49 8.39 4.81 7.67 12.07 8.07 5.3 7.79 12.87 5.15 7.49 9.96 9.5 14.64
12.38 5.7 5.76 3.96 3.89 6.96 6.82 8.15 7.44 6.23 5.4 4.51 5.27 7.36 3.25 4.05 7.77 4.74 5.56 6.55 7.17 6.51 7.85 9.0 10.82 13.14 21.75 8.01 3.41 7.17 5.87 6.39 9.92 12.42 15.51 6.36 7.81 3.88 8.02 11.49 9.63 10.16 6.2 11.58 12.67 9.84 9.89 8.66 6.29 4.17 6.22 4.32 3.05 7.85 6.24 6.02 7.19 13.79 20.91 10.53 6.15 10.28 14.16 8.79
8.84 8.21 5.05 4.13 6.67 8.34 4.64 6.22 6.97 8.22 2.49 4.47 5.64 6.28 6.49 8.01 9.33 5.14 3.69 3.62 8.33 9.94 8.16 13.77 16.2 14.25 7.11 11.06 8.14 10.11 9.84 9.1 5.81 6.06 11.5 3.61 7.15 6.11 5.86 6.79 7.12 13.26 15.54 12.47 20.02 8.74 5.89 9.57 8.66 10.01 15.79 4.63 8.93 9.05 3.38 4.12 11.35 19.06 10.77 18.28 12.04 7.78 11.18 7.04
11.03 6.47 5.9 9.09 8.61 9.61 10.92 7.37 13.85 6.0 4.1 5.41 3.1 8.23 10.7 10.23 8.71 7.21 4.64 6.11 7.28 8.15 10.63 24.13 19.56 12.81 15.03 14.49 6.36 11.01 8.74 7.16 6.93 4.2 5.82 7.69 9.32 6.97 8.88 9.44 4.59 10.71 10.83 11.27 15.78 12.15 7.47 5.0 11.18 7.82 6.05 9.19 8.22 6.05 5.29 5.91 7.05 6.27 12.05 33.66 14.39 11.63 9.69 6.49
11.3 6.56 5.56 13.47 14.14 14.94 9.88 10.06 11.24 4.14 6.9 3.29 4.21 10.81 8.58 12.15 8.91 6.91 5.84 5.42 8.37 9.17 13.5 25.62 17.27 17.68 10.93 9.89 8.53 14.87 21.04 11.07 4.09 4.31 3.29 5.09 9.46 7.44 8.51 6.03 7.68 16.61 9.3 15.86 13.83 9.1 17.32 8.19 4.57 7.74 12.78 11.95 6.58 5.13 5.01 2.61 5.76 4.93 9.77 14.75 10.54 12.18 7.41 5.35
11.95 11.49 9.15 10.73 14.3 17.02 9.45 4.26 13.3 5.2 7.86 2.82 5.59 11.29 13.65 13.92 9.02 8.5 9.71 6.17 14.14 8.42 17.89 13.81 24.58 16.6 9.72 17.88 8.5 10.3 12.14 10.5 5.27 2.28 4.49 4.72 7.05 11.0 9.6 3.18 8.48 11.67 7.4 8.76 11.79 11.82 12.79 9.22 6.94 10.91 8.81 12.71 6.97 3.49 3.23 4.69 3.66 4.49 12.4 13.55 10.44 8.87 5.71 6.91
8.05 9.27 15.77 28.04 22.89 12.69 5.2 5.59 5.25 10.8 24.33 11.15 8.46 11.96 11.26 11.51 8.38 16.7 11.38 10.28 12.6 8.36 17.87 19.33 12.56 11.78 14.08 11.54 12.67 21.49 7.74 7.45 7.9 4.1 2.75 5.99 4.43 6.94 16.86 9.04 14.49 12.97 4.61 9.04 10.16 10.69 15.87 12.18 7.28 5.77 6.3 9.7 7.58 4.11 2.87 4.58 4.02 5.3 7.89 8.5 4.45 6.25 3.85 5.68
9.49 8.2 29.96 33.59 24.55 20.55 8.13 4.61 7.57 11.93 11.9 11.44 22.47 14.12 15.93 15.09 14.41 14.81 18.6 9.56 13.6 5.14 8.73 11.32 7.75 7.64 11.23 21.38 16.53 5.81 9.27 5.38 5.87 7.97 3.57 3.61 7.22 10.8 35.58 13.52 16.67 11.18 5.23 5.57 8.38 8.99 21.44 6.12 9.9 4.35 4.45 4.59 5.49 5.4 4.98 5.09 11.42 7.69 9.72 6.3 3.73 6.93 5.59 5.01
8.86 11.5 21.26 23.79 24.05 21.65 16.12 15.26 13.57 7.33 8.01 6.4 23.15 16.15 9.84 9.19 16.93 16.35 11.13 23.09 21.19 8.71 6.69 13.32 10.28 6.8 11.09 14.62 10.46 5.04 5.52 8.64 9.83 5.08 6.28 5.65 7.79 13.43 18.74 23.13 12.21 12.4 10.38 11.82 10.38 7.3 6.42 5.78 12.28 2.86 3.0 3.45 5.81 3.4 2.35 6.14 12.88 7.65 10.35 7.21 7.16 4.29 12.1 11.43
4.6 13.99 18.46 14.44 13.19 15.82 24.1 24.15 6.31 7.73 12.26 9.11 11.37 12.99 14.33 9.57 14.63 18.36 20.01 18.54 12.11 6.12 14.87 10.1 5.72 17.41 9.24 6.15 5.92 6.42 6.17 8.71 7.29 8.47 7.41 5.44 6.98 12.81 26.03 25.41 10.15 13.33 14.06 10.85 4.61 8.02 10.99 7.66 13.02 6.05 4.23 2.74 2.7 4.15 6.3 6.16 7.26 10.65 18.54 6.41 9.47 11.07 9.58 6.01
5.83 5.91 13.28 15.05 9.77 13.77 15.45 22.28 20.4 7.55 12.73 13.2 17.2 9.42 11.26 14.58 12.11 11.83 20.5 23.27 21.55 4.63 12.31 10.6 8.1 9.73 5.75 3.8 3.18 3.16 7.36 8.8 5.6 9.37 9.58 5.62 4.33 6.1 13.87 14.61 17.89 17.89 8.08 9.02 4.54 4.81 10.69 12.17 12.47 6.12 2.45 3.45 4.74 5.09 2.79 6.85 5.65 5.31 13.3 19.4 9.53 8.86 11.1 16.12
7.05 7.48 5.23 5.77 12.21 13.57 11.98 12.69 14.97 18.1 13.75 16.11 15.56 21.86 10.26 15.61 17.7 12.26 11.42 14.03 18.55 7.8 4.59 5.24 15.47 7.44 4.71 4.48 3.8 2.65 2.13 6.39 8.85 6.34 10.57 9.69 7.28 7.13 6.41 7.62 16.32 29.35 8.75 7.76 8.33 5.93 7.29 13.52 11.94 5.64 4.0 3.31 7.01 2.72 2.42 7.06 6.68 5.5 3.79 7.84 7.21 4.66 10.16 8.61
3.03 4.37 4.09 9.0 7.22 11.27 18.65 8.05 10.93 10.45 12.86 10.59 14.18 31.87 18.14 12.27 16.14 15.97 13.5 7.44 12.59 11.65 11.55 7.93 13.83 5.26 7.13 3.21 1.28 1.54 4.06 5.87 8.3 5.18 10.24 8.9 7.3 9.0 8.26 8.62 15.14 17.02 18.34 6.92 6.65 10.91 16.36 4.86 6.93 4.15 3.79 4.27 4.18 2.97 3.58 3.22 7.34 7.87 9.91 4.47 4.84 7.38 7.36 7.23
1.84 3.34 5.47 18.11 10.82 15.07 9.23 18.0 14.68 10.06 17.05 10.55 18.68 24.67 7.48 24.11 10.33 19.44 9.68 6.45 9.95 11.91 12.37 22.73 12.56 10.3 5.85 4.58 2.2 2.34 2.55 5.5 6.98 11.7 15.42 12.77 13.54 7.7 7.0 11.16 10.78 17.11 4.95 7.08 7.52 14.59 6.65 9.46 8.41 3.55 2.19 3.12 3.02 3.93 3.67 6.41 6.17 4.25 6.63 6.04 9.05 8.4 5.91 5.75
3.15 3.52 3.28 12.1 7.59 14.13 14.83 10.7 8.19 12.28 11.82 8.83 16.16 23.71 7.82 12.93 15.21 13.45 11.71 18.36 8.43 7.17 14.87 8.16 11.26 15.16 10.73 4.54 3.11 2.21 1.73 6.63 4.81 8.82 21.3 22.75 9.48 13.37 12.06 13.52 15.74 6.3 3.99 6.64 6.9 9.16 4.79 13.45 9.47 6.34 4.37 3.65 2.79 5.67 8.67 10.03 7.0 5.04 6.02 7.13 6.63 13.48 9.04 12.2
6.73 9.18 8.2 5.54 7.08 17.41 13.83 7.55 10.33 4.67 5.97 11.29 7.03 9.67 14.72 7.38 14.8 20.77 8.92 11.91 18.47 13.15 10.84 9.93 11.31 6.49 8.0 8.63 5.5 3.78 4.78 3.43 3.37 10.63 28.35 16.79 21.59 16.33 10.88 5.54 3.84 6.95 7.77 4.95 5.38 8.2 3.27 7.0 11.06 10.78 7.64 3.85 4.33 9.76 3.38 9.32 7.39 11.59 5.89 6.28 7.32 8.38 6.46 24.5
15.45 8.0 8.65 4.7 5.76 11.4 8.37 7.63 5.49 4.82 4.18 6.87 8.03 8.86 7.86 8.66 9.55 17.13 15.83 27.58 10.63 8.3 9.3 11.3 7.61 7.41 13.4 5.73 6.58 3.09 4.55 5.32 6.7 14.43 21.35 29.97 15.46 16.48 16.2 6.64 6.68 7.3 5.92 3.95 2.58 3.32 3.47 4.04 6.82 13.5 9.19 6.64 10.59 9.16 5.44 7.75 3.81 3.64 10.04 13.25 6.23 7.2 7.91 10.97
16.42 10.63 6.8 10.07 6.45 9.26 11.06 5.41 3.38 3.96 4.31 4.83 9.58 8.12 4.29 6.54 5.37 5.29 11.41 18.3 11.89 13.29 14.18 16.25 8.03 6.06 5.78 5.87 6.85 4.91 6.88 6.53 5.8 7.17 23.87 17.14 8.22 8.08 11.57 8.84 6.96 6.5 5.82 3.27 3.49 2.76 4.31 3.1 4.81 8.47 9.36 7.29 5.13 11.25 7.01 10.38 7.75 5.56 11.33 7.81 8.08 8.11 4.31 11.71
13.88 16.8 5.85 4.34 7.11 10.45 10.45 12.68 5.1 3.51 4.03 4.75 4.86 7.91 8.89 7.17 1.83 6.33 5.04 8.55 10.99 20.56 15.99 12.4 9.73 8.57 4.71 10.48 8.55 8.89 6.56 6.1 4.98 10.26 11.52 12.54 7.08 6.4 14.98 8.1 8.7 6.86 4.32 5.13 6.09 5.26 3.09 3.49 5.82 15.77 7.94 9.7 6.25 5.87 6.86 6.57 5.65 5.19 8.78 7.17 8.84 5.88 5.18 10.67
17.25 13.26 9.3 4.58 10.61 5.73 6.94 7.96 8.46 5.93 4.34 6.11 6.35 5.24 4.7 7.51 3.05 1.74 3.64 5.98 8.86 10.59 17.64 13.5 18.63 24.25 10.19 11.03 9.43 6.65 5.19 7.34 11.59 9.59 8.14 7.42 3.87 6.96 10.68 13.03 8.12 3.42 4.88 7.15 14.15 5.38 5.5 5.61 7.14 10.28 8.28 9.78 11.79 6.18 5.7 7.87 10.14 5.46 7.78 13.77 10.01 5.96 4.27 7.11
10.36 6.99 10.99 5.87 5.45 12.02 8.24 4.54 8.33 6.32 7.37 4.32 6.16 12.37 7.88 7.03 2.75 2.02 3.26 4.23 6.36 8.22 11.35 12.67 10.03 18.53 14.3 24.03 15.64 10.35 12.45 11.29 4.95 7.31 8.74 3.38 3.42 4.91 10.74 8.66 4.76 8.73 7.56 2.87 3.31 6.65 8.57 4.32 5.98 7.16 7.41 13.17 6.58 5.49 6.29 9.09 13.9 7.14 5.63 11.31 10.49 8.15 5.14 13.34
6.53 5.36 10.2 7.56 5.41 4.78 2.72 4.41 7.69 3.25 7.01 5.29 4.97 15.98 15.7 5.28 2.24 4.89 2.82 3.54 11.09 7.56 8.47 12.86 6.3 17.68 7.94 11.27 21.46 10.89 9.05 4.81 4.71 5.2 2.41 3.68 4.87 5.05 4.74 9.73 8.91 11.95 4.43 4.33 4.16 4.8 7.98 5.12 5.88 3.89 5.39 14.65 12.85 9.72 7.82 8.11 20.23 7.98 9.17 8.44 8.98 8.08 2.54 6.62
4.22 7.89 8.14 6.41 2.92 3.97 4.25 5.03 8.31 6.29 6.05 2.6 7.93 7.62 7.1 9.35 3.48 4.21 10.51 6.12 6.78 4.07 8.41 5.72 4.02 7.23 3.77 11.78 18.42 13.5 6.99 4.21 3.43 2.31 2.76 1.96 2.04 2.82 6.7 10.16 13.74 9.21 6.62 4.43 5.4 3.8 7.1 3.29 2.35 4.45 5.4 4.7 11.83 12.63 15.03 17.53 12.82 10.03 14.76 5.83 8.05 5.38 7.23 4.85
8.32 9.63 6.04 5.23 4.14 2.85 4.57 6.42 8.25 4.39 4.01 4.29 6.99 12.15 6.63 5.53 6.11 6.39 6.43 9.1 8.46 4.88 6.07 7.7 5.43 3.43 4.27 7.92 6.19 7.18 5.23 3.78 4.44 5.9 2.38 3.64 1.42 2.32 11.61 10.72 15.16 7.03 4.5 6.17 5.89 4.88 2.89 2.93 4.05 5.23 4.47 3.23 8.05 12.48 10.48 7.41 21.25 6.92 4.4 5.45 6.83 2.85 7.47 6.12
5.95 10.25 8.93 1.97 3.61 3.4 3.92 5.15 8.89 6.89 7.34 3.07 3.18 8.95 4.07 6.01 8.42 6.56 10.8 4.45 11.73 10.03 7.03 9.51 7.3 4.33 3.29 5.56 6.55 6.82 7.6 3.98 2.62 5.33 2.2 2.48 1.6 3.32 6.46 7.99 14.31 15.73 6.38 7.29 4.38 3.98 3.61 3.67 5.39 4.58 4.46 5.72 7.91 11.08 9.02 5.33 9.75 8.86 5.73 5.56 6.96 4.12 3.09 4.18
6.77 11.15 10.52 5.21 4.66 3.45 3.79 2.46 4.9 7.21 8.59 9.03 8.93 4.51 5.91 8.35 9.77 9.95 11.75 10.2 12.35 8.01 11.54 7.41 6.99 6.77 8.9 7.68 4.57 4.88 9.26 10.61 3.33 1.87 2.68 1.83 1.62 5.22 8.88 8.59 8.73 8.09 12.13 13.09 3.93 7.44 6.67 4.07 4.22 5.8 5.41 7.62 8.29 7.68 6.28 5.38 5.17 4.85 3.28 5.0 5.02 2.48 5.44 5.12
6.7 12.83 6.95 4.86 7.28 6.15 8.02 5.96 7.77 6.12 8.5 9.87 9.56 8.19 7.53 2.63 14.38 14.31 10.48 16.79 20.31 8.83 8.59 4.58 8.67 9.38 8.15 5.96 5.51 7.73 9.12 3.53 7.84 3.35 2.02 1.58 2.95 9.0 9.79 9.69 13.06 13.87 9.4 6.45 5.36 9.37 6.6 6.57 5.06 6.45 5.74 5.24 6.81 9.36 6.36 6.07 9.29 4.84 7.68 3.03 5.67 5.63 2.92 5.81
9.57 9.91 5.33 10.82 6.37 11.98 9.51 9.66 10.31 7.76 8.87 8.64 9.17 8.29 8.09 4.87 9.11 13.67 12.39 15.32 19.38 6.13 12.75 4.08 9.14 8.99 8.88 5.49 6.18 5.6 5.06 5.13 7.54 2.93 2.36 2.18 5.18 6.15 17.57 9.87 22.1 10.87 8.9 5.67 8.35 7.25 6.81 3.31 3.96 3.25 3.99 4.33 5.38 10.15 10.09 4.26 6.91 5.95 6.99 3.86 6.5 8.33 6.34 6.88
7.99 8.42 9.39 10.57 11.3 13.8 6.77 12.53 13.66 8.64 6.61 14.17 5.92 6.64 10.45 7.93 8.46 12.44 18.71 20.46 8.08 21.94 13.71 7.47 9.21 6.33 9.08 7.74 3.52 4.18 4.96 4.76 4.51 2.83 4.93 5.85 7.26 21.2 22.16 23.62 16.92 15.89 9.73 3.02 3.92 5.21 6.43 8.48 2.93 3.68 4.11 3.5 4.2 9.62 6.6 5.58 10.58 7.68 8.57 8.63 5.15 4.77 11.95 9.6
3.77 6.58 7.48 12.45 27.35 18.56 15.11 17.31 10.15 11.04 9.84 7.49 12.49 18.34 4.6 3.89 8.96 17.98 21.33 24.54 12.53 8.87 13.06 8.56 7.69 7.68 11.82 10.27 3.34 3.11 3.72 3.53 5.92 3.94 4.97 7.37 11.12 19.75 15.99 37.23 28.38 15.95 7.9 4.3 4.71 5.31 6.98 4.61 4.16 2.9 1.59 2.58 4.84 13.06 10.71 13.85 12.49 6.41 7.1 7.25 7.11 10.59 11.21 20.49
4.65 5.08 16.93 29.99 27.86 16.76 16.7 42.14 19.54 11.42 10.91 5.04 17.51 15.62 12.52 8.27 9.1 17.91 15.59 10.73 9.39 5.39 6.13 5.85 7.05 12.44 12.93 12.84 6.74 2.52 4.69 2.22 4.18 4.99 11.67 21.27 19.0 14.76 17.37 21.03 15.69 7.4 10.99 5.75 3.19 3.97 6.01 3.98 5.53 5.19 3.08 3.19 2.38 8.05 8.22 8.69 7.64 7.04 5.95 4.97 9.69 8.27 8.09 19.69
4.64 6.32 5.64 13.08 26.42 15.4 19.62 42.28 20.94 7.64 5.68 5.6 9.18 17.23 11.2 16.57 11.67 9.74 10.66 5.09 5.72 8.44 11.56 6.61 4.98 8.54 7.0 8.03 10.6 6.95 2.5 3.13 6.39 5.18 14.48 17.89 17.13 21.37 10.6 10.03 14.2 7.7 7.23 6.45 6.24 3.44 3.52 8.47 4.33 4.64 2.93 2.92 3.36 5.48 10.47 14.82 6.78 6.47 8.27 10.43 4.59 4.1 9.29 18.73
3.01 7.4 9.28 13.95 13.99 18.74 18.65 11.36 8.93 14.05 4.29 5.88 8.29 15.37 9.18 14.05 22.93 21.79 6.46 3.45 4.1 4.41 6.38 10.15 9.98 7.63 4.83 7.47 10.76 7.84 4.93 3.5 8.28 9.35 6.15 11.99 20.18 14.98 10.97 7.61 7.08 4.03 6.21 2.95 3.88 1.86 2.52 4.49 9.19 6.2 5.85 3.01 5.6 7.38 5.32 7.91 8.52 7.18 9.02 18.8 6.39 5.37 4.29 11.84
5.64 5.16 12.69 7.26 10.7 14.11 13.07 10.63 7.57 9.82 8.39 6.52 6.41 10.12 7.66 21.66 11.58 15.68 9.27 5.51 6.39 5.01 4.99 16.49 3.61 4.64 2.76 8.28 8.15 4.32 3.45 5.41 6.35 8.94 7.23 18.81 16.44 8.87 6.39 10.1 4.87 5.93 5.5 2.91 1.22 2.07 2.05 7.28 9.06 9.19 8.42 3.03 4.09 9.45 10.9 15.38 15.47 10.39 6.39 13.33 7.95 8.39 4.19 7.97
7.62 7.23 6.1 9.18 19.03 18.92 15.9 9.44 7.53 5.52 8.19 3.79 7.51 11.74 9.95 11.14 12.87 13.72 5.79 4.12 5.6 5.31 4.68 3.48 3.31 5.18 2.85 4.04 5.84 4.95 4.63 4.36 7.65 5.82 3.5 6.4 9.07 10.8 7.36 6.97 4.7 6.82 3.64 3.21 3.46 2.31 3.82 4.32 9.0 11.26 13.28 6.75 12.87 10.7 5.51 6.69 10.09 10.97 14.09 5.82 7.19 20.93 8.19 6.12
8.58 15.62 10.47 11.94 11.49 14.61 13.25 6.83 6.72 7.77 9.99 5.4 12.52 10.64 9.48 12.63 15.24 8.58 5.54 5.0 4.01 5.35 2.96 2.6 3.22 2.52 2.87 4.51 4.8 6.96 3.43 6.05 9.3 5.93 5.1 10.03 7.75 7.14 7.6 5.52 4.37 5.79 6.65 4.5 2.85 3.79 3.67 9.0 7.73 8.75 6.96 8.95 13.32 13.84 4.22 4.4 6.22 9.32 8.16 7.84 10.79 12.38 6.6 10.67
6.35 7.12 8.68 12.11 13.76 17.17 11.37 12.18 5.23 4.04 8.08 7.16 8.87 9.68 5.9 6.74 7.31 11.93 7.9 6.0 5.61 3.26 1.99 2.94 2.24 2.36 6.64 4.12 6.89 10.3 6.27 8.56 5.55 6.5 5.32 7.0 2.55 5.89 6.45 5.34 3.67 4.58 7.84 5.18 5.07 5.12 9.21 12.73 4.58 7.4 3.72 5.12 7.93 12.02 7.63 5.27 10.11 9.53 6.06 7.0 10.16 16.08 17.9 13.03
9.88 8.55 13.02 10.59 6.16 8.36 8.45 8.11 6.68 6.38 7.1 5.31 8.07 6.63 3.96 8.09 7.39 8.45 11.7 8.88 7.92 4.41 1.86 3.22 4.38 2.27 4.0 4.83 11.13 7.43 7.73 6.27 3.22 4.95 7.68 4.38 3.38 7.75 8.07 3.03 5.03 3.63 3.51 3.99 9.77 8.91 13.42 7.55 7.78 4.75 4.18 3.3 7.13 5.51 6.62 5.15 6.69 7.36 10.5 5.5 13.42 32.09 13.97 9.49
9.56 11.05 9.22 5.1 4.54 7.21 8.88 6.81 6.66 6.63 3.27 4.85 3.58 2.36 3.57 5.19 7.2 14.25 9.75 14.49 16.15 6.22 4.23 9.32 3.9 8.68 7.48 7.45 6.87 4.37 5.68 2.87 2.53 4.58 4.78 9.13 3.49 6.01 5.91 9.57 6.96 5.6 3.98 7.93 16.04 19.51 12.1 9.99 8.34 7.99 3.68 3.87 3.66 5.42 7.91 4.18 3.94 5.03 13.42 9.81 23.88 21.06 14.37 8.25
5.88 14.68 9.78 7.72 4.6 5.97 10.9 7.46 3.93 4.68 6.74 4.28 2.67 3.29 4.57 3.92 11.55 7.14 4.75 10.95 13.04 14.7 11.35 6.39 4.36 6.84 7.66 13.52 10.01 9.15 10.88 3.41 4.22 2.81 4.81 6.93 4.22 7.07 6.59 13.45 12.35 6.49 3.8 7.56 14.48 8.99 9.48 13.27 10.31 8.94 5.84 3.07 5.19 4.44 7.62 6.81 2.57 3.57 10.61 11.95 31.25 19.1 17.98 5.72
9.29 9.37 7.83 7.08 4.1 8.77 10.28 5.81 5.06 5.64 4.72 7.16 3.51 4.97 5.93 4.63 10.78 8.61 7.09 6.24 7.68 16.93 13.44 8.79 6.47 11.48 7.25 6.59 10.72 10.68 11.45 7.15 3.91 4.16 5.36 14.13 7.47 9.29 9.13 12.55 15.98 8.31 4.29 6.09 12.67 20.38 9.71 14.77 6.27 7.76 4.19 6.34 5.7 10.08 6.75 4.91 2.74 6.92 6.86 11.91 27.61 28.03 8.36 5.16
2.08 7.03 6.08 3.69 7.21 5.22 9.45 7.29 8.15 6.09 6.54 14.78 7.02 3.47 6.92 8.82 6.9 5.9 6.66 6.1 8.72 5.56 8.29 5.11 4.96 7.66 6.74 9.36 14.35 8.27 24.54 9.01 7.65 4.88 5.69 13.77 8.12 7.41 15.81 15.09 25.94 13.63 7.81 12.69 12.88 14.33 18.86 11.02 7.77 3.03 5.26 11.96 10.95 12.83 13.9 12.31 9.81 3.9 4.78 14.47 27.31 16.66 12.89 10.99
1.73 6.32 5.58 3.61 9.29 5.91 14.17 8.13 5.28 10.8 9.8 12.96 13.74 18.48 12.29 5.42 8.65 7.55 3.79 4.27 3.53 5.74 6.32 2.87 6.46 6.64 6.69 8.47 12.9 11.89 5.74 4.67 14.59 11.17 16.72 13.99 17.63 14.12 14.92 17.52 44.7 17.5 18.68 9.96 10.33 26.67 22.53 5.73 5.42 5.06 4.82 3.63 14.57 11.02 16.91 18.6 7.84 8.57 7.55 6.79 23.72 12.95 12.74 8.19
1.74 3.16 2.45 4.63 6.93 5.47 13.46 10.6 10.5 12.3 8.57 21.89 12.28 7.98 13.08 6.26 5.08 4.99 3.1 6.36 3.44 5.78 4.79 3.64 5.74 4.36 3.91 11.63 12.07 9.17 5.11 12.66 16.73 10.35 9.23 14.61 12.38 13.11 12.33 30.8 54.46 31.01 31.0 45.62 16.89 12.85 8.41 7.69 3.58 4.32 4.77 8.45 4.92 7.1 15.34 24.92 19.84 9.64 7.19 5.78 10.82 6.67 9.54 18.81
2.47 3.04 3.15 3.33 6.84 7.35 5.25 5.65 9.65 9.76 10.7 7.57 11.49 9.55 13.44 6.4 5.37 5.34 5.09 5.94 5.21 4.71 4.67 2.67 3.35 3.7 6.33 6.8 8.78 5.25 3.21 13.98 13.11 6.75 9.23 14.37 16.71 10.61 15.29 9.86 36.99 49.51 46.51 25.8 19.26 16.74 10.78 9.24 5.71 3.03 2.99 6.11 6.09 7.62 11.42 13.92 14.14 6.3 6.38 5.1 6.2 10.19 15.93 18.1
1.85 1.2 5.02 3.29 5.64 6.53 6.55 7.48 11.21 12.18 7.45 4.88 5.71 6.39 11.05 3.74 4.46 5.52 8.03 7.47 7.52 11.77 5.99 3.1 3.99 2.26 5.55 4.07 4.62 3.38 5.9 10.79 12.22 16.65 8.25 10.48 9.52 8.26 10.98 14.81 16.84 27.38 69.75 18.24 23.18 10.13 8.77 12.65 4.37 10.57 4.65 7.95 11.24 7.6 8.14 9.32 12.81 8.83 3.36 4.36 4.04 8.88 9.92 17.21
4.27 3.7 3.47 2.8 5.4 5.91 6.52 9.54 21.88 8.17 2.44 1.76 5.45 10.43 11.42 3.08 5.04 3.56 6.08 8.09 9.41 6.7 3.75 2.41 4.23 3.43 3.36 4.83 6.81 3.79 4.81 3.96 15.01 19.99 22.5 8.13 8.7 5.98 3.87 9.2 22.35 19.28 23.19 12.08 18.34 4.7 5.44 10.05 8.95 6.26 10.95 9.74 9.28 12.6 17.41 11.45 17.3 4.92 3.54 3.87 4.32 7.5 8.58 10.42
3.21 4.4 4.68 2.85 4.71 10.8 6.19 18.49 6.88 6.45 6.7 2.3 5.04 9.8 5.46 3.17 3.2 5.85 8.38 7.51 7.96 10.94 6.12 6.29 4.04 4.46 2.85 2.71 4.06 4.37 8.15 6.56 14.42 20.49 15.78 9.65 3.71 5.58 7.38 7.37 7.58 8.17 12.96 6.89 6.91 3.88 6.45 5.89 9.51 15.44 10.67 12.03 8.52 6.34 17.21 11.75 11.83 8.37 4.71 3.69 3.69 6.12 4.46 3.84
2.3 3.1 2.99 2.61 4.05 8.46 7.52 15.07 11.59 7.29 7.75 6.44 4.15 6.6 5.27 4.7 6.55 4.24 12.21 7.58 10.12 12.48 7.04 9.01 3.96 4.68 3.51 4.82 6.57 7.63 3.66 7.09 24.92 13.24 14.03 7.71 4.19 6.72 2.94 7.53 5.65 6.04 7.52 3.59 4.63 3.14 6.39 8.97 7.31 14.41 8.75 9.78 7.54 15.46 18.91 11.55 17.79 10.81 3.77 3.63 3.69 2.72 6.22 4.06
4.98 2.22 2.49 4.76 4.79 7.7 14.09 15.0 9.37 8.91 13.49 13.73 7.6 9.55 7.85 5.16 5.02 6.48 13.11 9.17 14.48 8.49 5.82 9.18 5.35 4.17 8.77 7.28 5.49 2.94 3.66 13.16 14.81 17.23 18.02 8.75 2.9 3.55 2.64 4.81 8.58 2.67 4.16 3.31 2.46 1.6 5.72 9.49 6.87 11.19 11.12 9.03 10.24 9.16 11.63 8.94 10.29 6.95 4.96 7.2 3.66 3.02 6.97 5.04
1.6 2.56 3.16 1.63 8.17 7.28 10.54 12.87 11.84 20.38 8.64 7.52 8.84 17.45 10.8 10.8 4.43 4.33 13.32 9.24 22.07 18.1 11.62 8.15 4.78 6.26 4.12 5.92 6.02 5.38 8.1 5.85 11.74 13.99 10.36 11.93 3.36 5.53 4.45 2.4 2.62 5.84 4.22 3.47 2.61 4.72 4.11 4.99 9.92 13.53 7.61 5.06 5.54 10.21 9.95 10.89 7.81 13.44 3.54 2.52 3.24 7.34 4.74 5.74
