2.75 3.58 4.88 6.8 15.15 9.66 10.17 6.2 5.89 3.75 5.93 2.92 3.49 1.83 2.3 4.83 13.95 7.02 10.89 39.82 42.39 26.59 7.76 17.55 15.59 11.0 4.6 3.13 5.98 7.39 6.43 12.07 11.08 14.04 10.99 14.44 30.58 15.25 5.18 3.42 7.29 7.29 4.25 7.27 15.54 20.95 13.16 12.75 4.12 5.75 5.57 4.38 2.74 4.91 5.99 6.03 6.47 3.48 3.57 7.24 6.41 4.89 5.33 5.6
4.56 4.38 10.47 8.13 11.14 6.85 8.7 10.7 10.03 9.7 8.32 4.02 2.96 3.12 4.3 10.14 9.87 8.73 21.88 27.48 54.1 17.26 6.82 13.97 13.44 8.19 8.55 3.84 3.81 4.0 5.92 7.21 13.74 10.53 18.68 11.77 22.74 14.56 6.92 5.32 3.6 6.16 2.71 8.51 11.56 9.66 10.32 7.38 4.76 6.0 5.92 5.39 5.11 3.11 7.86 7.58 6.92 4.56 5.49 8.75 3.36 7.76 5.93 9.3
7.56 6.32 6.17 9.55 10.2 12.34 6.66 7.62 16.63 8.04 10.22 4.79 4.21 3.09 5.31 3.95 13.44 7.19 10.81 36.12 32.93 10.36 9.54 9.16 10.09 8.59 8.04 4.94 3.13 3.17 4.59 10.3 26.94 8.83 10.67 9.04 12.57 21.39 8.12 8.86 2.72 3.08 4.03 5.33 20.17 18.5 15.97 4.19 3.82 6.41 5.21 15.52 6.04 5.04 3.05 6.01 5.72 11.78 11.72 11.09 4.42 3.57 6.98 16.38
11.48 10.54 12.18 6.36 12.8 6.32 8.26 11.55 7.81 7.65 3.35 3.14 2.63 1.97 4.26 3.48 6.59 5.27 12.56 19.4 24.93 7.8 6.65 8.21 6.05 5.99 4.08 5.03 3.73 3.67 5.14 11.63 15.88 18.28 8.45 19.74 17.79 6.69 4.53 9.03 3.83 3.82 2.23 7.24 11.08 18.36 13.84 7.2 2.86 10.92 5.13 7.67 5.76 3.91 4.72 5.07 9.59 7.0 6.1 9.7 6.11 6.01 12.06 5.04
13.38 10.34 14.06 7.92 20.71 9.43 10.92 7.34 5.53 3.85 3.54 6.88 3.18 2.46 2.82 2.3 5.06 4.21 9.87 19.91 8.99 7.23 4.31 17.97 6.97 4.94 3.77 4.19 4.48 6.3 5.5 14.04 12.94 5.36 6.96 11.61 18.24 15.17 6.56 11.17 5.56 2.97 2.73 5.18 8.66 14.49 5.77 5.81 2.77 6.84 9.41 6.32 5.63 3.83 4.41 2.41 4.14 5.88 8.48 5.8 8.11 10.51 11.79 5.74
14.25 10.5 8.16 6.61 10.76 13.65 11.09 11.04 6.63 3.93 3.25 8.54 7.48 4.96 10.89 8.71 3.04 2.58 8.63 14.72 11.5 6.84 7.06 8.67 11.81 4.81 3.93 4.86 3.27 5.1 5.4 8.88 8.26 9.34 9.41 7.99 11.34 13.45 5.13 5.58 6.49 5.33 3.59 4.26 10.92 7.98 8.71 4.59 7.63 8.48 4.98 6.01 7.36 6.69 4.83 5.79 4.68 9.43 13.7 6.84 7.66 19.87 14.65 3.03
5.66 7.96 5.82 4.65 17.76 17.68 14.17 7.07 3.51 3.98 5.87 14.29 10.61 4.29 9.67 7.37 7.89 6.08 7.78 13.11 12.13 8.67 9.59 10.05 7.17 5.5 3.07 4.49 4.52 9.7 9.66 6.76 7.36 6.24 5.79 3.59 13.27 14.7 6.52 3.99 5.57 4.46 3.65 4.84 7.57 14.86 5.88 6.59 5.3 6.54 3.6 8.44 6.18 5.4 5.05 5.25 9.49 15.8 13.36 11.46 18.25 10.15 9.62 6.41
6.37 10.19 5.56 4.5 17.25 9.05 11.46 8.56 5.13 5.24 5.64 7.66 10.89 7.08 7.15 6.04 7.93 3.09 4.18 6.67 10.6 8.87 6.44 10.51 8.2 4.64 1.76 2.66 7.87 11.4 13.92 3.91 5.36 9.21 7.97 5.13 7.59 13.17 4.37 12.41 3.92 5.97 2.73 3.12 3.54 8.56 5.25 5.62 5.81 4.19 7.67 4.83 10.78 5.78 7.44 5.57 3.81 4.54 7.44 11.89 10.77 15.0 9.59 3.74
8.92 7.43 15.13 6.14 24.61 6.89 12.81 11.67 7.51 7.23 7.89 4.91 9.46 4.62 4.4 5.38 2.91 2.02 2.84 8.67 7.26 6.92 6.85 7.85 14.02 5.64 2.05 2.92 5.73 14.07 8.32 5.88 8.55 6.05 5.98 6.46 6.2 11.42 5.29 12.59 4.33 4.05 4.0 4.48 5.6 9.13 6.4 2.3 2.52 2.43 5.82 8.03 6.67 8.5 5.97 5.6 6.08 5.73 7.65 6.22 9.25 4.0 5.24 3.82
10.47 7.66 14.48 9.15 17.5 5.87 10.79 11.26 8.4 8.3 4.7 4.12 9.57 9.46 11.34 3.88 2.35 2.02 3.35 8.27 9.32 7.81 6.86 6.71 6.92 4.79 4.38 8.65 3.39 16.6 7.75 11.22 13.79 16.2 6.38 3.27 4.46 8.47 6.73 16.39 10.58 9.56 9.86 8.89 6.08 8.09 5.47 2.79 3.04 2.85 5.13 3.93 5.91 8.48 6.51 7.07 8.33 3.62 9.29 7.54 4.07 4.09 5.42 4.34
8.38 6.82 12.5 15.21 34.21 8.01 9.15 8.09 6.57 8.44 7.34 6.84 8.42 10.07 12.47 8.33 4.28 7.15 3.5 6.42 8.83 14.34 5.65 7.61 4.68 6.88 6.23 6.91 7.78 4.38 5.48 6.75 13.23 13.98 4.48 5.52 8.5 10.37 3.95 9.32 10.93 13.91 6.44 8.04 14.72 7.33 6.13 6.12 5.05 6.12 5.27 3.79 8.81 4.49 8.63 15.0 10.94 4.54 9.0 8.73 7.42 9.15 11.97 6.84
9.85 8.54 5.84 5.46 17.02 9.87 8.09 17.08 25.6 13.6 6.04 7.33 8.55 12.37 13.32 7.58 4.21 7.22 6.38 5.54 8.77 9.31 7.05 7.4 6.4 2.68 5.57 8.57 5.82 9.2 4.19 6.35 7.84 13.51 5.64 3.82 4.34 3.98 4.05 7.32 9.19 5.78 6.23 7.76 13.97 6.77 4.69 6.45 10.21 10.55 8.39 5.0 11.02 12.96 19.41 24.16 10.86 4.83 8.28 8.33 9.0 10.77 6.97 4.77
16.71 7.46 7.45 5.32 9.14 11.96 6.2 15.94 12.65 8.66 4.6 6.22 11.79 8.08 16.05 11.95 9.61 6.63 3.24 6.77 10.21 9.12 5.6 9.82 4.42 5.02 9.23 9.29 6.2 8.6 3.25 5.2 11.3 7.5 4.35 1.53 4.59 3.66 3.05 6.58 8.23 10.89 4.55 9.7 5.74 5.96 5.27 7.47 9.91 13.97 13.3 10.42 25.06 27.23 16.86 23.26 16.24 9.37 9.51 6.11 9.65 7.1 6.31 4.19
6.83 10.91 12.02 7.31 7.57 5.98 5.28 5.04 4.59 6.91 6.27 4.69 5.81 9.67 19.2 20.14 14.54 7.84 4.31 11.34 15.71 7.01 9.13 12.84 3.86 12.67 9.99 21.19 11.27 8.31 7.05 7.1 8.29 11.42 3.01 1.78 3.65 4.94 3.72 8.63 6.0 8.04 3.57 4.07 5.46 3.67 5.68 6.07 13.7 21.6 9.95 7.22 18.54 12.12 22.58 12.39 22.18 18.61 9.13 10.47 12.59 10.2 8.63 6.58
7.36 8.88 15.01 6.87 7.85 8.1 3.66 2.04 3.72 8.03 7.33 5.84 2.74 5.62 9.89 23.26 12.61 9.47 5.77 14.31 21.19 12.43 5.99 6.74 7.03 10.18 15.21 23.09 16.82 6.19 4.4 5.35 11.89 10.43 5.18 3.24 3.0 4.64 2.98 12.07 7.94 7.17 6.89 2.95 7.46 4.28 5.1 5.59 7.36 14.27 7.52 3.79 14.32 7.46 17.64 14.58 16.28 7.74 11.77 10.11 7.5 7.88 12.08 10.33
4.16 8.44 12.81 4.01 10.28 5.43 3.0 4.84 3.41 7.19 6.37 3.61 3.79 7.72 17.47 19.53 9.41 6.18 5.87 12.57 11.09 6.62 5.54 7.4 7.11 10.53 23.75 31.94 20.5 5.91 2.54 3.94 4.87 6.94 6.1 3.97 4.99 2.5 4.79 8.74 6.84 4.59 6.75 4.01 4.76 3.95 8.25 2.85 7.9 18.01 8.51 2.81 6.83 6.72 5.76 6.42 8.06 14.32 8.18 10.67 4.7 7.3 13.1 5.46
8.28 9.52 9.73 5.45 4.51 4.39 2.88 4.43 3.85 4.34 3.1 5.14 5.75 14.92 31.13 16.4 6.77 6.88 4.2 7.15 10.11 7.42 3.9 5.58 8.08 7.5 27.73 23.63 19.55 6.39 5.45 4.76 8.41 11.21 8.14 6.06 4.68 4.39 4.79 9.51 6.55 5.01 6.43 3.57 5.8 3.04 5.74 4.28 6.39 8.54 4.81 3.12 3.46 3.14 3.54 4.38 4.86 11.79 11.0 6.21 8.0 4.06 10.21 8.01
6.62 12.15 8.65 5.17 6.87 4.24 4.1 6.97 5.23 4.92 5.4 5.85 4.11 14.72 23.83 13.59 10.43 10.81 6.13 4.58 11.63 9.73 8.52 3.77 4.46 9.09 5.88 11.77 14.41 11.48 8.85 8.06 11.5 13.61 8.8 6.52 8.98 7.79 7.0 7.31 7.03 7.57 5.0 4.82 10.24 3.33 7.63 5.86 6.29 7.67 3.54 2.66 3.73 3.2 4.7 2.35 5.0 11.8 5.93 9.29 4.54 4.37 7.78 6.73
9.8 9.58 6.93 4.82 13.47 5.0 3.44 5.19 3.66 7.28 3.26 5.12 9.95 15.16 14.17 12.63 8.78 8.55 6.81 5.44 12.96 11.36 8.59 7.25 8.16 7.27 6.79 6.48 8.29 9.41 8.0 7.4 10.89 19.58 11.32 9.46 7.83 6.61 7.9 13.88 9.99 5.54 2.79 6.29 7.61 4.38 6.24 8.0 5.44 4.91 5.32 3.43 3.26 2.77 4.24 4.09 4.65 9.46 5.81 6.88 7.79 5.03 6.97 4.42
18.35 9.3 5.7 8.15 13.92 7.08 6.57 5.79 8.24 7.08 3.42 6.11 14.26 20.45 16.77 5.41 8.1 9.12 7.11 4.89 5.14 12.29 8.01 4.86 4.75 9.04 6.73 10.05 5.12 7.71 6.88 5.01 9.79 16.05 14.66 6.78 7.75 8.67 8.62 6.26 7.55 3.76 4.23 7.61 4.42 4.45 3.64 5.21 5.34 4.35 4.95 2.39 2.5 2.99 4.09 4.98 6.62 23.34 8.54 5.11 7.69 6.13 7.34 4.51
11.45 12.25 6.99 8.49 15.7 6.27 5.76 11.7 18.51 13.97 8.49 8.04 12.24 15.77 22.28 13.13 8.08 18.34 7.05 6.01 11.39 8.7 8.7 2.51 2.59 5.45 4.07 6.61 3.73 3.64 8.42 4.5 9.97 14.79 9.53 7.68 4.8 9.07 7.53 6.17 4.44 6.49 4.58 5.86 7.0 2.81 4.32 2.55 6.06 3.77 3.0 3.86 3.9 2.19 4.4 3.12 10.12 17.61 8.35 6.36 9.42 6.93 11.59 9.03
16.34 11.44 7.71 9.43 8.19 6.55 6.46 7.74 11.1 14.78 8.66 8.56 6.18 14.52 23.08 11.37 13.85 20.68 7.46 4.91 5.15 8.78 6.82 2.83 2.75 5.61 3.91 4.38 2.08 2.6 3.76 5.08 8.16 11.24 10.71 8.24 11.74 14.53 8.18 11.19 7.28 6.98 11.36 5.09 6.14 5.15 5.3 2.78 4.24 3.61 4.25 5.29 6.08 2.73 2.33 5.27 4.73 7.21 8.48 9.26 8.76 4.51 10.78 10.2
6.81 6.32 4.18 5.27 11.67 10.36 5.53 11.42 7.82 15.96 6.16 6.27 8.63 8.06 11.22 8.47 11.24 9.43 4.78 6.6 4.76 4.79 3.79 3.9 4.0 3.31 2.52 3.57 3.32 4.44 5.72 4.61 5.25 8.5 5.99 12.18 8.24 12.19 16.55 13.48 21.2 11.55 7.96 6.05 4.56 4.75 3.74 3.51 4.18 4.67 7.42 3.07 2.79 2.99 4.32 6.03 5.14 3.99 4.92 8.22 5.1 3.52 8.18 10.56
3.63 2.85 4.11 5.11 16.66 14.5 9.05 5.37 8.47 8.8 5.59 5.39 7.52 7.72 9.92 8.52 5.32 9.14 5.59 6.66 6.41 3.77 5.16 3.07 4.99 3.21 2.15 3.76 3.31 7.39 8.93 6.77 5.57 6.07 7.65 4.95 6.78 6.16 9.02 6.93 25.76 9.63 5.86 7.13 6.19 6.65 5.95 2.96 4.63 5.34 4.48 4.05 3.0 4.85 5.51 5.02 4.73 3.96 4.57 5.26 2.22 2.72 6.74 6.72
3.58 1.79 7.11 8.58 7.46 12.7 5.64 8.08 10.56 9.89 4.33 4.77 11.21 11.41 8.55 10.04 13.14 6.95 6.34 4.47 10.16 6.17 12.08 4.17 7.42 3.38 1.47 3.73 4.07 7.14 5.57 5.03 4.81 5.74 5.68 5.94 10.03 7.39 8.5 9.12 8.62 5.63 4.74 4.78 9.81 6.28 7.57 5.31 7.19 5.99 7.39 3.64 5.09 8.42 4.53 4.22 4.42 4.29 7.28 5.87 4.3 4.36 10.11 14.26
1.95 2.07 3.79 5.56 5.29 7.11 6.13 5.15 5.87 6.82 7.06 11.95 19.36 13.52 9.03 6.45 11.2 14.52 7.69 6.94 10.56 9.5 11.52 14.32 13.52 7.59 1.71 2.67 2.77 3.72 7.38 6.96 9.87 3.8 5.23 18.79 11.26 10.62 11.11 6.8 16.43 5.89 3.87 3.93 5.29 7.85 5.64 5.87 5.49 6.07 7.42 7.74 5.98 6.57 4.25 4.02 3.9 5.95 11.33 10.59 5.33 7.94 15.7 9.18
4.9 2.83 6.34 6.26 4.51 4.41 2.98 9.09 7.1 3.08 5.27 7.01 12.62 17.53 8.56 5.94 6.56 8.4 19.65 7.86 5.6 13.49 13.95 21.25 15.83 9.45 2.78 4.27 7.06 7.86 9.08 5.41 5.8 4.01 12.65 21.01 6.14 9.25 8.46 8.44 10.31 6.27 7.27 3.27 4.29 7.62 5.33 4.48 7.84 9.63 6.99 2.81 3.57 8.45 11.61 10.32 6.21 4.85 7.54 11.02 4.85 7.42 18.18 15.64
11.71 4.34 7.42 5.96 2.79 4.69 3.22 8.06 5.88 2.74 5.43 7.42 12.58 10.5 8.66 6.62 6.66 16.34 20.89 11.83 5.06 7.61 24.1 27.78 12.14 12.65 9.81 5.87 5.42 8.77 9.82 6.49 10.58 5.42 11.73 14.69 10.47 11.34 12.66 4.92 5.28 10.05 4.77 2.41 3.94 9.47 8.93 4.3 9.13 14.83 5.45 2.52 3.4 6.41 5.25 4.28 4.41 7.81 9.97 10.3 3.74 6.84 15.72 18.03
5.65 3.66 5.17 4.94 1.28 5.49 6.17 9.07 6.25 3.21 4.12 4.25 10.69 17.72 13.49 9.53 11.8 25.51 22.87 11.31 9.28 21.11 43.51 22.25 11.66 8.44 7.53 8.93 7.33 6.14 10.72 9.6 9.39 13.66 13.57 17.54 12.41 14.86 10.6 6.4 7.39 5.62 7.07 4.47 7.4 7.25 8.31 6.35 7.61 11.17 5.88 3.34 4.94 7.25 3.71 4.79 4.71 6.77 4.58 10.76 6.19 8.98 8.1 12.23
6.41 3.48 3.73 2.68 2.58 5.15 9.8 5.51 5.18 4.68 7.53 8.99 8.17 20.03 9.48 15.28 16.58 30.77 23.65 4.7 13.97 21.96 23.98 30.08 16.27 8.36 8.73 6.51 5.54 13.25 20.58 11.85 12.33 6.82 15.51 12.65 10.49 10.15 8.77 4.99 5.98 4.64 5.08 5.97 5.09 10.27 4.56 5.75 3.34 10.3 7.36 5.09 6.69 10.2 12.64 10.67 12.29 8.71 6.41 6.74 10.08 11.4 6.27 8.11
18.94 7.66 8.91 5.23 2.4 4.28 2.99 4.2 9.37 7.36 8.21 7.55 8.77 7.72 20.51 12.39 10.22 14.34 10.46 2.96 7.65 15.53 21.18 17.24 8.52 9.73 5.59 5.82 10.26 13.75 13.04 7.12 5.76 8.74 14.11 18.27 11.52 9.33 5.22 5.49 3.19 2.52 4.66 7.94 5.22 6.26 10.83 6.22 10.69 5.76 3.81 4.08 4.66 15.15 12.46 12.39 6.91 5.95 4.95 8.89 22.26 9.3 7.06 5.11
13.79 8.78 7.36 4.38 2.86 3.56 2.18 3.12 12.55 16.9 12.68 6.46 4.15 7.76 8.3 9.15 21.44 12.83 9.95 2.93 2.74 9.92 17.54 9.7 5.45 9.77 4.64 5.35 5.67 14.56 7.44 6.09 4.95 9.69 12.01 8.76 10.72 8.73 3.76 2.88 2.89 2.64 6.15 8.41 8.89 10.36 7.79 11.13 7.38 6.8 4.4 2.79 7.06 12.49 10.99 8.64 3.6 4.32 5.19 5.29 14.68 2.66 3.93 5.37
5.91 8.93 4.16 2.87 2.88 3.68 2.3 2.81 7.94 18.6 12.34 5.38 5.18 5.35 5.56 7.07 14.42 13.34 10.76 3.17 4.65 12.65 9.24 9.22 4.15 16.65 7.31 20.31 13.9 6.31 7.24 4.28 5.24 8.31 12.5 6.12 8.46 6.82 3.27 3.5 4.34 2.21 5.06 5.97 6.64 7.43 4.2 8.03 11.25 7.16 3.53 4.05 8.79 7.26 8.12 4.76 3.84 2.88 5.09 11.22 7.0 3.2 3.65 3.49
7.15 9.46 7.29 5.63 5.45 3.81 2.94 1.83 5.73 15.32 22.93 5.12 4.97 6.31 3.43 6.37 7.1 6.8 7.26 4.09 3.23 10.01 14.04 9.0 7.38 7.25 10.33 11.56 13.54 8.88 10.04 4.11 3.51 4.77 16.74 7.89 4.1 3.07 2.16 3.8 3.22 3.97 6.0 5.6 4.79 10.85 5.7 7.21 8.8 10.61 11.34 3.76 6.67 4.95 4.5 7.25 4.63 2.97 5.74 9.03 7.84 5.53 4.59 3.79
7.3 7.09 10.89 7.93 7.66 4.84 3.12 3.64 7.91 10.23 9.38 4.08 5.36 3.23 3.85 4.69 5.3 8.21 7.67 6.54 6.83 10.47 12.03 6.83 5.66 4.77 7.89 12.6 8.4 10.81 6.07 4.16 2.44 8.94 6.44 3.77 3.21 2.31 2.1 1.85 2.79 2.15 4.12 8.59 9.68 9.8 9.78 7.2 5.14 7.79 8.96 10.27 7.17 7.53 5.94 5.73 2.52 6.01 7.32 8.81 5.03 2.08 5.28 5.99
5.9 14.4 9.49 9.18 9.12 4.91 5.96 7.71 7.92 8.64 10.2 5.85 3.11 1.88 2.52 3.75 3.7 5.99 4.63 8.27 8.99 14.96 14.78 7.92 3.15 4.93 6.4 12.95 8.88 13.32 7.87 2.44 4.37 6.75 4.67 3.94 3.84 5.23 2.31 2.76 2.51 3.97 1.91 5.1 10.26 8.03 6.06 10.99 6.15 6.85 15.97 6.14 9.03 9.9 6.04 3.13 4.2 4.87 7.6 7.6 3.91 3.32 6.16 8.92
8.1 12.28 10.13 9.34 12.6 9.19 5.73 6.71 12.59 7.9 12.01 14.6 9.81 2.66 1.21 5.06 3.75 4.65 4.14 10.8 10.42 9.89 9.97 8.54 3.08 3.62 7.38 13.84 9.15 7.22 5.14 4.18 5.45 7.21 6.83 7.49 3.23 5.7 3.47 3.8 4.56 3.45 2.94 6.21 15.64 9.75 10.63 9.18 5.39 5.01 7.69 5.38 7.91 8.37 5.38 7.73 6.08 8.06 13.77 8.63 6.99 6.42 8.38 8.94
4.74 4.81 12.49 7.49 10.32 10.84 9.63 10.88 8.17 12.66 10.14 16.64 9.21 3.01 1.81 3.73 4.09 4.87 7.47 13.23 11.9 7.39 5.19 5.21 2.0 2.35 3.85 20.28 17.4 11.53 6.05 6.31 5.8 6.91 8.49 8.19 3.41 2.61 7.07 3.89 5.83 5.07 3.85 6.59 7.22 12.38 7.01 6.07 7.45 5.68 8.9 3.99 5.07 5.52 5.83 5.71 10.6 18.69 12.11 20.3 18.12 8.74 11.75 8.32
3.2 3.8 6.42 14.12 8.34 20.13 6.5 4.62 6.55 11.2 17.86 21.8 8.92 4.78 4.07 2.57 2.66 4.57 7.03 12.25 9.39 8.35 2.44 4.83 1.68 3.35 4.62 9.43 9.7 5.14 8.82 6.12 7.26 5.56 11.23 4.52 2.85 2.33 4.97 2.45 2.79 3.45 5.52 4.42 6.98 7.53 5.4 4.19 3.9 7.33 13.64 10.27 5.39 2.81 3.73 4.78 5.01 20.81 47.31 28.48 25.35 8.1 7.84 12.06
2.45 3.5 3.71 9.0 5.98 9.57 4.43 3.13 3.89 7.63 19.12 15.37 8.33 5.41 3.46 4.4 1.71 6.8 6.86 8.76 11.37 6.48 5.4 2.37 2.25 3.67 5.77 8.47 15.66 4.09 4.14 2.03 6.38 9.1 6.61 4.25 2.21 3.11 3.74 1.84 1.72 5.18 6.61 4.34 8.07 8.15 4.76 4.28 5.52 4.96 7.25 8.45 3.82 3.49 13.87 4.16 4.26 11.28 75.06 25.7 8.78 7.42 4.11 9.97
4.5 2.89 3.73 4.73 4.56 7.85 2.11 2.16 3.81 6.09 13.1 12.99 8.47 2.79 3.48 4.66 2.84 5.44 9.73 8.93 6.93 3.33 2.06 3.11 1.48 3.3 8.76 9.53 6.67 3.59 5.92 5.09 6.58 7.74 6.39 5.14 3.53 4.21 5.01 3.07 4.65 7.65 6.85 15.59 14.95 12.02 6.11 4.46 3.57 2.76 5.39 11.53 4.61 3.49 8.42 6.64 6.4 16.64 24.63 23.03 6.55 9.81 7.44 6.47
4.06 3.3 3.04 4.21 4.78 4.04 3.29 2.77 5.13 4.81 11.21 11.77 6.75 8.31 5.17 5.36 4.28 6.08 11.71 9.56 3.15 2.77 2.0 2.8 1.43 3.35 7.25 5.69 5.57 4.08 5.8 5.53 4.7 12.76 18.54 7.97 3.95 5.47 5.7 5.14 3.88 3.32 5.92 15.09 26.12 15.32 6.35 3.7 4.43 2.36 4.33 5.76 6.13 3.83 5.26 7.59 9.37 19.87 18.0 19.59 12.91 8.35 9.26 9.09
2.61 2.38 1.97 4.49 4.41 3.68 4.85 3.18 7.74 10.67 6.37 14.61 8.69 5.44 5.07 8.39 3.62 5.8 9.09 6.96 3.46 3.48 6.72 2.13 1.59 4.2 5.2 7.73 3.73 2.04 9.66 6.51 5.87 7.77 10.95 7.69 4.04 2.97 8.14 4.7 2.94 2.61 4.79 12.71 12.7 6.13 9.14 3.5 5.38 2.57 2.78 7.21 6.86 5.86 3.73 4.53 17.23 16.1 15.85 12.44 12.65 13.57 8.15 11.36
2.26 2.9 4.75 6.03 6.64 5.18 3.05 3.27 5.0 7.08 5.29 9.68 6.66 15.31 3.9 9.12 8.6 6.23 11.97 4.09 3.29 5.24 5.22 2.53 2.25 3.74 7.69 6.04 5.33 3.87 4.01 6.24 4.67 6.15 6.53 4.58 3.65 3.92 5.85 4.95 2.91 2.82 5.85 13.13 13.61 5.74 6.92 5.75 4.85 2.0 3.67 6.78 7.99 6.11 6.35 7.02 5.22 9.06 7.87 9.36 10.54 17.15 12.5 10.3
3.27 4.59 3.46 11.38 6.53 4.51 5.98 2.97 2.26 3.15 3.5 9.75 6.22 10.12 6.66 7.8 10.61 8.77 13.41 8.64 2.7 5.69 2.69 4.75 3.48 7.77 8.41 5.51 7.37 3.38 5.59 7.78 5.26 4.02 3.08 5.62 4.19 6.73 7.62 4.17 6.49 4.75 5.83 14.88 20.36 17.33 7.16 4.65 3.9 4.07 4.21 9.82 4.47 4.84 5.02 5.37 3.26 3.46 4.46 3.99 9.79 22.8 28.49 4.42
4.08 5.99 4.52 9.83 7.57 9.96 9.05 3.15 1.98 2.03 5.3 8.8 3.37 7.24 7.65 7.44 9.77 11.46 15.99 20.39 3.32 2.36 4.57 3.3 3.96 8.05 6.73 6.26 8.67 5.68 5.45 6.73 5.85 3.99 3.63 5.98 5.6 6.67 10.15 3.83 3.69 7.65 7.51 14.38 21.27 13.76 5.02 3.09 4.88 3.28 7.43 9.91 7.76 3.48 6.35 3.36 2.56 3.54 3.06 3.24 5.61 18.01 20.55 16.62
5.29 7.49 5.58 11.27 10.98 15.92 12.91 4.19 2.33 2.73 4.77 4.14 5.72 7.96 7.65 7.84 7.52 8.82 16.25 24.31 4.88 3.92 4.58 3.02 4.73 7.09 10.12 8.02 15.02 9.84 5.11 5.97 8.96 3.62 2.72 3.69 5.72 7.77 8.9 6.83 4.53 7.07 6.25 10.68 8.08 4.48 7.81 2.69 2.53 1.9 4.64 4.08 5.82 6.18 4.93 5.12 3.11 2.33 2.97 6.18 5.38 9.64 20.16 11.79
5.8 9.65 7.19 11.53 9.75 8.18 11.88 3.9 3.2 5.63 4.4 7.94 5.47 10.33 9.15 16.81 15.43 9.02 11.09 17.9 7.91 5.06 5.48 5.62 5.46 9.81 14.71 12.77 13.09 12.65 4.84 3.91 9.35 5.57 2.42 3.71 6.14 6.73 8.27 4.62 4.75 2.94 7.02 9.21 5.7 6.14 5.85 4.82 3.63 1.57 5.75 5.75 5.12 5.05 7.36 3.44 3.03 3.17 4.61 7.44 5.81 8.41 7.24 10.71
7.47 4.49 6.06 21.44 14.88 11.36 13.32 6.02 6.83 3.01 2.95 9.65 6.54 13.96 17.87 29.15 13.6 10.41 23.27 40.98 13.22 12.36 5.21 7.61 11.57 8.52 17.36 8.61 8.72 7.53 6.43 4.44 7.8 3.71 3.85 4.06 3.83 4.14 8.95 7.19 5.49 3.4 6.26 6.17 6.99 6.43 7.15 6.09 4.05 2.38 7.7 7.21 5.25 5.32 9.63 7.59 3.63 3.66 6.2 7.56 8.09 9.28 13.7 9.8
5.25 3.33 9.72 22.65 17.97 9.53 7.07 11.62 6.44 4.24 2.39 11.71 9.39 12.35 25.36 23.44 20.48 10.5 12.45 24.27 11.87 5.78 12.22 8.11 12.26 6.86 15.7 8.26 7.95 6.41 4.46 5.57 6.68 8.13 7.92 5.25 3.67 3.86 11.93 6.62 9.61 10.91 11.83 6.56 5.84 3.86 3.93 4.3 11.84 2.58 5.28 10.12 4.92 12.18 5.44 7.85 4.12 6.14 3.5 5.48 6.45 8.17 10.47 16.12
5.75 6.19 11.52 23.32 10.85 12.23 8.64 9.12 3.56 3.9 3.66 6.57 10.17 11.81 10.77 12.32 15.83 8.26 19.39 15.9 10.4 11.55 7.48 7.98 9.98 8.27 24.71 13.07 7.91 4.18 7.14 6.83 5.04 6.99 7.97 5.08 4.14 5.98 10.18 8.9 13.46 9.69 8.65 4.96 5.02 5.02 4.04 8.48 8.31 2.78 2.31 7.87 5.57 8.12 3.53 7.02 6.4 3.65 5.62 5.7 7.68 7.07 6.1 8.88
7.34 8.16 9.14 12.27 6.77 15.14 11.13 7.45 5.26 4.75 3.44 3.71 6.5 11.06 5.1 11.39 18.39 10.41 22.97 16.0 16.71 11.37 7.97 7.17 6.44 11.54 21.85 10.61 9.64 8.55 13.29 11.3 8.37 4.78 8.48 3.73 1.92 3.5 5.5 4.02 8.68 7.76 11.38 6.68 6.15 7.24 6.07 7.44 6.46 4.29 4.87 7.87 4.01 3.56 3.11 4.54 7.59 7.31 3.2 4.41 6.14 10.35 3.84 6.61
12.23 6.49 7.09 7.34 6.54 18.67 22.36 8.85 4.09 5.17 2.35 2.98 8.24 13.88 10.69 10.41 15.76 12.48 26.97 23.73 12.32 11.57 7.83 4.26 8.96 5.41 10.18 9.99 6.53 6.01 13.18 9.09 7.52 5.09 4.12 4.43 4.76 3.08 5.01 5.88 5.39 2.02 5.01 9.49 4.85 6.3 7.28 8.2 8.8 6.83 8.49 9.15 3.31 5.8 4.45 9.6 12.16 7.1 6.24 5.25 7.47 18.8 6.95 8.46
11.68 7.91 6.08 10.01 4.57 17.8 20.67 10.72 5.44 7.79 4.68 2.21 6.27 19.32 19.23 12.92 9.13 11.33 13.56 7.38 10.77 10.76 8.42 5.59 4.9 6.03 11.19 4.22 7.71 10.56 9.7 17.07 13.02 8.24 3.86 4.97 4.33 2.68 5.49 6.41 4.45 2.34 1.78 2.97 3.42 3.33 7.0 12.87 6.72 6.17 7.06 4.72 4.49 7.59 3.89 10.54 13.29 13.71 6.1 8.12 13.09 20.49 6.65 9.68
5.84 8.54 9.3 11.12 10.51 14.72 18.35 7.53 5.64 2.86 3.6 3.96 3.41 13.6 8.8 12.83 10.49 14.45 17.73 8.25 7.07 6.7 6.89 7.07 6.41 4.0 5.66 6.58 10.89 8.38 15.38 27.77 20.07 4.62 5.07 5.91 3.66 3.97 3.59 6.62 5.31 2.41 1.98 4.1 5.15 2.78 5.98 9.84 7.13 3.37 3.32 4.25 4.51 11.08 9.16 8.8 6.68 4.84 7.08 5.72 6.17 16.21 7.72 6.49
5.87 4.27 6.51 10.35 15.85 18.5 12.69 8.26 5.77 4.65 3.87 2.98 3.21 9.71 8.02 5.97 9.21 7.32 16.98 9.41 13.25 8.08 4.5 7.06 9.26 6.98 11.09 6.71 14.08 6.9 10.57 34.2 15.1 3.94 10.96 6.21 3.26 3.06 4.06 5.62 5.94 2.76 1.75 2.47 3.62 3.63 12.78 15.76 10.76 4.41 3.23 5.25 4.5 8.81 3.93 9.01 4.23 6.08 5.21 4.72 9.56 13.23 10.83 9.94
3.74 3.01 7.34 10.35 11.39 6.65 5.52 13.06 9.83 7.46 5.06 4.41 4.7 6.54 8.69 3.5 9.59 4.12 6.72 11.56 14.44 5.73 4.2 4.75 6.55 6.08 7.81 6.63 21.71 6.07 9.8 15.91 6.68 16.0 18.31 12.77 8.41 5.26 6.49 4.22 3.09 2.69 2.05 2.93 4.15 5.47 5.9 7.92 9.95 6.95 4.21 5.27 3.52 8.76 6.5 7.85 5.26 9.25 8.37 6.03 9.44 11.5 11.68 10.74
2.77 3.26 4.61 9.39 6.21 4.65 7.12 17.23 14.89 7.46 8.39 4.7 5.89 5.07 4.62 6.42 9.13 3.79 6.55 4.3 12.07 5.71 2.94 2.41 4.95 6.12 4.97 6.98 10.21 8.57 4.38 9.54 7.16 12.86 11.23 5.96 6.41 5.91 9.2 4.71 3.86 3.55 3.53 4.08 5.26 6.6 3.72 7.76 5.41 6.37 3.51 10.22 12.52 10.69 7.47 4.25 6.49 10.09 12.25 6.23 13.0 11.18 5.08 8.79
3.16 6.37 8.67 8.0 4.16 3.45 3.46 7.57 14.92 3.26 3.75 3.9 7.09 4.14 2.89 6.98 9.9 3.47 3.0 3.98 6.47 4.97 2.43 4.85 3.89 3.37 4.72 3.46 6.15 8.08 3.11 5.32 9.08 10.24 18.32 9.81 10.33 7.15 4.35 5.87 2.55 5.25 12.0 8.77 4.38 5.61 3.59 10.78 9.46 5.47 6.93 10.87 8.9 8.44 7.79 5.14 6.16 7.39 10.52 9.9 12.71 8.92 7.36 7.15
2.48 7.99 8.47 6.99 7.49 3.51 7.46 7.39 8.86 3.78 1.89 2.8 5.88 3.57 2.72 2.49 3.48 2.3 2.4 5.53 7.51 4.37 2.24 2.11 3.55 5.19 4.88 3.39 3.34 4.46 4.02 7.37 8.56 16.68 11.06 15.13 9.19 4.63 10.96 8.12 9.07 10.84 9.0 9.11 6.88 11.42 7.19 12.25 8.82 6.15 6.39 12.66 9.69 8.84 6.18 11.35 6.3 6.67 4.82 8.86 12.15 10.88 6.71 5.27
3.67 5.56 6.9 5.89 5.06 3.11 3.3 10.5 7.19 6.18 3.21 3.11 3.24 2.5 3.91 5.1 6.96 3.13 6.16 5.24 4.88 7.29 2.74 2.16 1.98 2.93 6.88 6.52 5.74 3.7 4.15 6.78 4.53 6.94 20.41 11.99 10.29 5.84 6.21 8.72 4.15 11.03 12.96 8.54 9.97 6.27 5.47 6.5 6.4 7.58 6.49 10.69 16.61 13.07 10.45 16.9 7.04 7.65 4.94 7.96 8.49 6.34 13.89 15.35
3.09 5.4 4.81 5.4 4.97 2.61 2.35 4.21 5.01 7.47 4.39 3.22 5.66 2.0 3.13 6.78 8.31 9.65 6.95 4.42 5.12 8.69 4.63 2.21 3.15 1.83 5.14 6.19 4.9 2.76 2.44 4.53 6.57 5.51 9.11 10.25 13.5 5.74 5.68 8.82 3.43 4.6 4.5 6.81 16.1 10.56 4.95 5.0 5.62 4.14 3.63 16.5 13.56 10.43 5.24 11.78 13.04 10.15 25.71 16.45 10.83 10.82 9.14 9.62
3.65 7.23 12.55 5.15 3.09 2.68 3.98 3.5 3.26 9.6 4.31 6.2 7.11 3.15 5.05 10.28 10.45 5.82 3.82 4.49 5.19 7.56 9.94 3.43 2.11 1.12 4.66 5.06 4.4 2.2 2.05 6.52 5.16 9.25 9.85 17.97 9.63 5.73 3.82 5.68 6.58 5.58 5.7 6.3 6.81 6.51 3.77 7.28 7.25 7.32 3.01 14.2 13.77 8.7 5.71 10.79 9.93 13.78 16.94 11.95 14.11 10.06 7.28 7.3
3.28 8.67 11.8 7.63 7.37 5.89 4.85 3.09 3.64 5.52 3.57 4.52 10.58 5.2 12.94 9.02 9.12 3.74 3.61 6.37 9.21 7.52 6.6 4.8 2.26 4.71 6.78 6.05 2.58 3.19 4.2 7.02 4.98 9.62 9.24 12.55 11.08 6.46 12.44 9.73 7.76 8.65 3.43 2.73 8.28 10.89 4.0 9.36 5.8 7.5 4.96 12.9 12.37 7.42 9.01 8.77 13.49 20.42 8.95 5.7 9.3 6.74 5.01 3.71
