26.11 25.62 11.44 5.23 5.02 6.02 5.13 5.06 3.18 3.22 5.13 7.51 9.51 10.41 23.88 17.33 17.85 5.06 5.94 13.45 18.74 14.86 6.22 14.86 16.68 16.57 10.17 12.91 15.57 7.36 7.32 7.45 5.68 10.42 9.51 18.31 14.82 18.38 15.2 4.63 6.8 7.67 6.95 4.93 4.23 5.15 3.16 4.25 11.03 9.53 10.04 4.32 7.72 12.08 13.54 10.92 7.33 3.76 2.63 3.18 4.85 2.14 3.43 1.62
9.46 15.37 7.22 3.56 6.7 6.98 7.3 6.91 3.96 4.07 6.49 7.15 12.25 9.73 16.47 20.77 8.23 9.18 10.94 14.15 11.05 11.01 8.07 10.93 10.99 15.33 12.53 8.57 5.87 8.94 4.01 5.89 5.67 12.16 9.15 10.01 10.95 12.56 6.0 4.04 3.16 6.31 6.55 5.2 2.79 3.59 3.54 6.95 5.6 10.2 5.37 7.24 10.02 11.71 11.75 13.7 17.68 10.92 4.25 4.87 6.66 4.13 2.0 4.63
11.6 8.65 7.02 3.82 3.77 5.41 8.5 4.84 10.06 4.99 8.58 7.23 12.23 14.35 17.74 18.3 13.03 10.43 10.22 17.67 24.85 11.96 15.49 12.67 10.38 14.26 13.73 5.88 4.81 4.0 2.16 3.01 7.14 11.67 9.38 6.03 10.96 16.12 6.25 3.19 3.7 4.82 3.96 2.8 5.23 3.97 3.91 4.27 3.72 5.2 7.62 4.9 4.56 3.62 5.0 5.87 14.88 8.3 8.97 7.97 6.73 7.91 7.92 11.41
11.01 11.69 6.9 3.79 3.97 6.56 8.16 10.1 8.17 7.68 6.83 5.71 7.53 13.26 10.34 13.51 8.63 5.42 6.31 13.6 16.11 11.72 14.24 20.91 14.95 20.91 18.69 9.43 10.84 4.19 5.84 5.16 4.11 5.18 5.15 4.57 8.33 8.84 2.88 3.02 2.41 3.04 2.79 3.32 3.46 3.99 4.18 4.97 5.02 4.68 10.59 5.9 6.37 8.55 4.81 7.6 11.08 10.16 13.11 9.46 7.32 9.27 4.57 6.81
11.94 6.15 7.78 3.91 6.68 12.69 12.52 16.24 9.24 6.47 7.7 8.53 6.3 8.78 11.25 10.77 15.66 13.08 8.5 14.36 13.23 8.43 18.66 16.53 13.69 12.17 6.98 7.59 11.25 4.51 6.52 8.31 4.75 5.37 8.13 13.47 12.8 7.89 3.46 4.33 3.38 3.98 2.77 7.18 4.68 6.53 7.55 5.89 4.9 4.01 5.3 5.74 7.8 6.77 4.33 7.55 10.91 13.09 10.88 8.28 10.05 12.39 14.27 11.19
12.21 10.59 10.08 4.49 8.91 14.65 13.52 11.08 11.61 13.97 9.96 11.0 6.0 10.46 8.6 10.8 10.93 11.07 15.74 15.16 13.32 7.0 19.8 14.38 13.35 6.33 10.26 6.38 5.52 4.07 10.54 7.61 10.69 9.51 7.61 13.01 14.76 5.18 3.5 2.81 3.74 4.22 7.53 7.21 7.46 7.09 5.52 6.49 8.35 10.16 9.83 5.18 7.68 6.38 3.91 5.39 9.17 13.42 12.71 6.74 10.08 10.97 8.72 6.34
12.33 13.43 5.52 4.24 8.57 8.97 14.48 13.35 14.25 13.32 7.17 12.87 5.07 10.15 4.76 5.7 13.04 15.68 10.15 12.62 9.9 5.94 11.13 10.68 8.02 8.79 8.15 5.49 3.76 4.82 9.5 4.94 4.68 5.89 5.82 18.7 7.46 3.25 2.89 4.04 6.47 5.23 6.24 5.67 5.14 5.79 5.39 6.14 6.43 11.31 6.4 4.56 4.63 7.1 4.83 3.98 8.51 24.17 13.63 12.65 14.52 7.73 8.61 13.64
5.58 4.73 5.45 3.28 4.1 8.34 12.99 10.32 6.78 14.44 12.84 8.57 8.96 8.49 9.53 14.35 28.18 22.6 17.14 13.4 10.98 5.65 10.96 10.11 6.97 5.86 11.56 7.54 9.19 10.55 14.07 7.9 9.96 12.47 20.04 19.04 22.04 8.37 4.34 5.85 11.66 6.79 6.9 6.6 11.69 6.93 5.87 5.48 5.74 5.35 4.97 8.49 7.93 9.6 10.54 9.07 11.57 19.03 13.67 12.4 17.96 17.38 18.97 15.86
7.03 3.25 4.2 4.26 3.79 11.88 11.93 11.15 11.0 14.28 12.13 10.0 14.66 12.44 15.3 15.36 20.6 27.87 20.6 33.1 18.61 8.87 8.54 18.09 16.33 8.89 7.7 6.23 5.38 15.99 4.99 5.11 7.12 7.18 13.87 10.83 14.73 9.42 6.1 4.14 6.92 8.36 11.49 17.27 11.1 3.18 7.16 6.47 4.69 3.74 4.98 10.14 7.27 9.45 11.34 4.02 9.21 5.8 10.23 11.71 20.51 10.53 19.54 9.64
3.02 3.32 2.69 4.19 4.66 12.26 8.13 9.52 14.99 11.2 12.98 12.83 21.92 17.35 11.04 14.36 24.08 16.74 17.59 31.36 15.54 6.05 8.56 12.72 16.4 4.81 5.08 6.54 3.95 7.73 4.42 4.52 4.93 5.51 11.41 10.48 16.31 11.82 7.35 5.75 7.73 7.29 6.96 17.22 7.72 5.01 4.93 8.5 7.04 7.39 4.63 6.54 3.45 14.26 9.83 8.59 11.18 8.41 14.41 10.67 9.14 24.61 19.85 9.56
2.54 3.78 4.57 5.22 7.56 6.7 5.0 6.97 14.82 10.19 15.11 13.29 13.66 10.67 20.06 16.62 29.05 18.65 15.54 27.12 13.18 3.91 7.17 14.2 9.84 8.85 11.36 6.61 3.26 3.12 5.6 2.68 3.21 3.2 8.63 10.53 18.86 10.25 7.16 2.64 8.4 7.77 8.88 17.26 7.03 3.62 5.48 7.65 8.95 5.31 5.38 8.55 7.49 7.29 12.02 11.52 13.86 8.29 8.26 7.95 12.67 18.32 22.04 9.69
2.94 4.69 5.49 9.1 9.26 6.28 4.97 11.76 9.99 16.23 13.05 12.12 12.64 6.79 9.61 12.74 14.63 18.77 15.45 9.93 10.14 9.14 5.45 17.97 11.14 14.73 12.51 9.64 3.41 2.04 3.27 2.16 2.87 3.15 7.42 12.32 12.57 7.96 4.31 3.25 5.84 14.56 11.13 6.8 4.35 5.58 7.31 7.58 5.75 3.81 4.1 8.17 9.11 4.45 4.68 8.36 8.35 16.48 9.62 5.72 7.23 10.3 19.56 19.79
3.93 7.99 7.76 7.42 10.32 7.99 4.4 6.76 14.04 11.42 10.78 5.2 5.86 6.26 7.15 12.48 11.42 7.16 9.93 7.88 7.7 9.17 8.38 13.93 6.13 9.72 13.86 14.25 4.81 2.85 3.52 3.3 7.39 4.42 6.83 13.13 10.55 9.0 5.86 3.56 4.9 5.69 10.24 9.2 7.53 9.29 12.54 14.08 9.39 5.35 6.23 4.89 9.12 7.13 7.26 10.15 8.58 18.55 9.22 5.92 7.98 14.27 23.28 16.52
6.16 13.39 13.0 11.84 7.94 9.1 12.04 6.08 13.37 7.77 7.73 7.75 13.66 13.31 9.49 14.09 14.73 7.01 7.54 7.84 11.48 6.47 10.65 12.68 10.54 8.47 11.05 12.98 7.49 4.14 5.67 5.19 4.66 4.06 3.85 8.72 12.91 15.1 3.26 2.08 7.23 4.52 6.65 6.93 6.79 12.68 12.54 12.58 10.56 4.47 5.49 4.38 9.06 6.7 8.9 7.51 5.99 6.86 4.46 4.82 6.51 16.05 11.1 6.12
5.7 14.77 11.57 9.67 6.13 8.05 7.01 3.09 3.17 5.22 6.18 7.07 13.45 10.57 6.1 9.25 11.27 16.15 6.91 7.49 12.67 12.49 10.07 9.26 7.73 4.01 8.65 13.9 3.44 3.21 4.28 5.26 3.44 2.67 2.56 6.76 4.38 3.84 3.09 3.97 10.68 9.33 4.65 5.23 9.45 13.37 7.71 6.76 6.79 5.25 2.97 4.28 5.79 4.08 8.07 5.94 8.77 15.82 4.39 6.36 3.48 14.53 15.07 14.58
6.19 22.72 20.32 11.73 7.45 6.44 4.88 8.72 4.78 5.3 7.2 9.98 8.9 4.87 7.1 9.52 13.63 9.22 6.11 7.83 10.6 7.42 5.08 2.45 6.17 5.25 9.74 6.88 4.74 3.99 6.18 3.09 3.3 5.44 3.88 2.7 2.12 1.58 3.23 3.68 6.22 10.32 10.69 6.82 17.67 11.06 10.23 8.01 8.6 6.14 3.66 4.04 6.69 4.11 6.41 7.91 12.4 16.5 6.34 5.05 3.91 8.04 6.51 7.96
3.72 8.42 14.8 6.17 4.36 4.22 3.07 6.26 5.56 4.16 5.2 13.04 9.67 10.45 13.11 13.0 13.76 8.86 7.57 8.76 4.98 7.29 6.9 8.25 7.18 5.11 4.92 2.69 2.62 4.09 2.65 1.81 2.81 5.59 4.8 4.3 3.06 2.82 4.75 9.36 12.22 23.43 16.08 9.91 17.16 11.34 11.4 8.18 10.05 4.59 4.16 5.15 3.48 5.84 4.96 8.65 10.19 7.6 6.93 4.81 8.16 14.76 9.45 10.06
3.67 4.84 11.24 16.43 8.46 3.43 4.66 6.17 5.36 7.54 4.12 6.02 9.73 8.72 7.81 9.88 8.08 7.86 6.31 4.8 6.35 9.21 9.37 10.48 10.42 7.38 6.98 2.91 2.15 4.68 4.34 2.79 2.07 2.11 2.36 2.53 2.83 3.04 3.98 11.57 7.67 10.93 9.24 7.45 8.62 6.56 8.98 7.28 8.17 4.85 4.36 5.61 2.6 4.33 9.62 13.69 6.93 4.18 5.63 7.64 7.97 15.93 11.62 18.69
2.5 4.36 8.95 6.26 8.43 4.59 6.15 7.99 5.53 3.81 4.41 6.14 7.48 10.87 10.36 14.61 11.45 5.83 7.22 8.32 7.82 6.76 7.54 12.91 14.99 13.69 11.27 4.47 4.17 8.86 9.61 3.49 3.2 1.97 2.24 2.48 2.78 4.9 13.19 9.61 8.04 7.95 11.38 8.72 9.02 6.24 13.26 15.37 11.95 3.35 3.5 2.07 3.67 5.63 16.04 7.86 17.6 14.85 11.56 7.47 8.33 19.45 22.03 18.52
3.77 2.84 3.46 5.72 10.16 9.07 9.32 6.69 7.33 17.32 10.62 8.37 7.92 13.54 11.36 10.4 9.73 6.77 4.6 8.63 7.78 5.61 13.68 21.69 12.43 19.84 11.21 6.69 7.08 5.02 4.24 5.63 2.77 4.25 3.27 5.89 5.85 11.4 12.12 10.73 9.0 11.48 5.18 7.32 7.24 7.72 12.25 24.66 20.46 8.2 4.92 3.6 5.69 7.69 9.32 8.99 11.79 8.53 12.62 10.45 14.68 12.63 18.01 16.08
4.3 2.75 10.91 14.08 12.05 10.45 8.06 5.2 6.45 19.14 21.1 8.26 8.31 12.25 5.65 6.29 6.29 7.99 5.42 6.38 4.1 5.12 12.83 13.04 12.03 15.16 10.39 7.11 5.14 3.83 4.31 3.85 2.49 3.43 4.37 6.32 16.12 22.48 9.4 9.84 19.0 21.36 9.57 4.63 11.22 7.36 11.63 20.76 19.93 7.48 7.28 6.04 4.66 6.03 7.36 3.87 6.63 4.1 10.72 15.01 14.31 5.75 7.69 12.41
2.03 1.42 3.63 5.95 6.5 7.14 9.53 3.18 4.49 17.27 21.33 14.66 10.03 9.99 5.65 6.77 8.22 12.18 6.98 3.72 3.43 4.54 9.33 7.99 9.05 10.7 7.46 8.52 6.42 3.82 4.5 5.84 2.7 4.96 8.44 6.04 15.04 20.69 11.18 14.5 21.64 17.31 10.47 5.83 11.58 7.59 9.4 14.57 12.45 8.04 7.3 6.51 7.29 4.93 6.31 6.59 10.26 6.45 11.57 11.86 12.38 4.36 5.98 14.87
1.34 1.61 3.88 6.3 7.84 9.37 10.37 6.53 7.7 18.37 11.16 13.84 6.63 8.38 7.87 10.2 12.41 13.1 7.35 8.0 8.59 19.54 14.54 18.8 20.4 8.02 5.59 11.34 6.05 4.4 2.92 5.84 4.09 8.94 7.7 6.46 31.84 24.09 19.46 6.85 11.47 10.36 4.56 7.11 8.25 9.58 8.58 6.07 5.84 3.42 4.43 3.29 2.14 4.59 5.42 8.15 6.5 5.18 10.79 14.65 8.73 8.45 14.99 19.87
2.43 1.84 3.63 4.12 5.71 5.47 8.06 6.79 5.97 9.88 9.18 9.05 10.39 5.78 11.77 13.67 9.05 6.99 5.97 3.47 4.66 13.13 13.09 18.22 16.59 10.55 4.86 6.92 6.79 6.29 4.36 4.69 2.3 6.35 8.95 9.56 26.45 8.87 13.56 12.81 14.24 6.7 5.85 9.74 8.63 6.13 11.84 5.08 6.84 3.72 4.95 5.86 5.95 6.9 7.61 5.99 9.13 8.76 13.94 7.56 17.84 6.1 17.51 15.11
5.07 3.8 6.03 8.08 8.61 17.95 6.7 6.15 9.19 9.24 9.23 5.76 8.12 9.2 10.87 12.97 14.69 8.15 4.44 2.99 6.28 11.26 9.0 22.81 8.6 9.97 10.86 11.49 9.43 8.8 5.96 2.44 2.53 7.51 14.82 10.51 8.92 9.61 9.24 11.32 13.63 10.03 8.55 8.93 8.84 9.94 11.39 10.51 6.56 6.22 8.99 13.59 7.68 10.26 7.35 6.35 8.81 10.26 6.52 6.82 7.97 3.24 7.68 9.7
8.07 6.81 8.07 10.7 6.61 8.19 9.44 8.82 11.25 7.26 5.25 2.43 5.45 10.38 21.73 8.68 7.85 8.03 4.59 2.5 8.97 14.74 9.5 13.81 6.39 7.94 6.43 6.5 8.21 7.56 7.0 3.69 5.33 9.23 16.68 9.34 4.88 6.82 4.49 3.0 5.32 3.73 3.32 6.11 7.0 7.39 3.78 8.53 6.2 11.19 12.39 8.88 7.66 7.79 7.2 4.5 4.87 5.53 6.84 6.93 4.1 3.06 4.48 6.08
12.66 10.94 7.54 4.1 3.12 3.15 3.81 5.62 8.57 5.33 4.93 2.0 4.73 13.86 16.29 6.46 4.99 13.79 5.34 3.43 12.62 19.03 14.8 8.64 10.75 11.62 3.68 5.11 8.05 5.41 7.34 3.89 6.34 5.93 9.67 5.04 5.03 4.47 4.48 2.49 2.21 1.22 3.55 5.08 4.97 5.62 3.21 8.62 14.32 14.76 15.03 9.58 9.77 5.31 5.75 2.2 3.95 2.19 3.0 5.24 2.73 3.29 4.93 6.62
21.01 26.89 9.34 3.54 4.37 7.11 4.44 3.24 6.13 7.89 7.66 2.51 4.21 8.08 14.22 12.87 3.72 12.11 7.26 8.56 10.48 8.66 11.25 20.16 16.05 11.11 6.26 11.49 14.78 9.94 7.52 11.74 16.94 13.39 9.91 5.41 6.81 10.2 4.48 4.01 2.28 1.7 3.79 6.11 4.15 4.54 6.64 10.49 8.24 11.55 8.17 10.1 11.21 5.37 9.56 7.09 3.62 5.12 5.0 3.61 2.32 3.66 4.19 8.32
24.81 15.02 6.67 2.33 5.14 4.16 4.98 4.28 4.51 4.27 6.96 4.19 8.76 11.47 11.46 9.11 7.62 11.17 9.8 7.89 7.78 12.39 8.49 11.15 7.84 3.08 6.14 5.26 8.49 6.11 6.65 7.93 16.48 10.9 7.59 6.02 5.84 6.65 4.43 4.86 3.31 4.49 6.4 5.93 12.59 8.55 8.94 7.8 9.93 8.21 6.71 3.64 5.45 3.82 4.73 4.95 2.57 3.11 5.1 4.04 3.53 5.62 3.81 8.29
13.98 13.06 6.3 4.17 6.38 2.79 5.96 4.68 4.13 4.57 7.63 8.54 7.94 11.83 8.21 4.67 6.87 5.31 13.82 17.09 10.72 14.4 10.03 7.6 4.86 2.73 3.49 6.27 14.36 8.19 8.35 9.11 9.32 10.02 4.98 8.71 9.39 7.37 5.24 4.97 4.45 4.7 5.28 11.52 13.68 13.32 13.74 9.44 24.07 13.02 9.26 3.39 2.55 3.15 5.07 4.65 2.2 3.45 4.6 3.5 4.49 4.27 2.39 4.16
15.53 12.05 6.2 5.04 5.74 5.53 6.15 4.97 4.79 7.01 5.49 14.2 5.63 8.09 6.92 7.73 6.62 10.56 22.68 18.57 13.38 7.13 7.32 5.43 3.29 3.94 6.72 4.7 10.49 9.63 7.06 6.45 7.17 9.53 6.78 8.41 9.0 8.15 9.66 5.49 5.52 5.69 5.87 11.99 10.8 9.47 7.69 5.9 11.73 5.13 8.14 7.21 1.7 1.88 3.21 6.04 4.52 6.79 2.3 2.61 4.12 6.23 2.84 3.05
13.71 5.0 5.25 7.87 10.19 7.71 14.26 8.06 6.9 5.62 6.87 8.81 13.33 10.48 5.09 5.9 10.04 10.85 13.71 8.29 18.47 12.04 6.71 2.78 3.4 5.29 8.07 6.58 5.65 7.2 6.01 4.65 8.29 10.86 8.4 10.03 6.76 8.32 10.24 5.94 8.06 10.9 8.21 7.55 12.94 7.1 7.75 3.87 6.7 9.63 9.64 4.65 1.56 1.34 1.83 3.67 3.43 4.2 3.36 1.25 2.27 3.44 5.66 3.34
7.56 6.56 5.76 9.26 8.4 9.61 5.52 9.49 5.65 4.58 5.25 4.76 7.48 10.17 3.75 3.93 5.38 6.08 5.55 6.43 11.38 10.76 5.17 3.57 5.41 6.0 5.75 9.35 9.44 5.33 6.47 6.92 5.28 5.37 7.64 14.62 9.07 5.66 4.9 7.56 7.85 8.51 12.47 8.33 11.2 7.93 4.08 5.3 7.08 9.88 11.09 7.15 2.12 3.04 1.92 5.5 5.19 5.62 5.03 3.4 3.47 6.78 6.0 5.42
13.41 4.22 5.18 9.48 11.4 10.32 4.6 5.85 5.71 6.66 7.02 5.19 9.43 8.82 9.71 6.16 7.25 6.47 5.89 5.19 4.71 4.6 4.01 3.23 7.69 10.62 7.45 9.76 9.68 12.44 10.39 8.71 5.69 6.65 12.9 16.39 9.26 7.25 8.72 5.05 5.55 3.44 7.77 10.54 9.28 6.64 5.83 7.01 10.48 17.26 10.33 6.99 4.97 2.71 1.93 2.74 4.57 3.29 2.83 2.9 3.72 6.58 5.15 2.92
7.42 4.37 5.49 5.61 12.13 12.77 5.48 4.12 2.67 3.75 5.87 5.09 8.99 8.2 9.1 9.06 7.78 7.79 7.31 3.96 8.22 5.83 4.19 2.38 6.31 6.0 9.1 7.69 4.31 9.35 7.55 9.58 13.34 11.33 21.27 17.6 12.94 9.15 9.03 5.64 4.59 2.99 3.38 6.11 9.06 8.86 4.93 8.29 9.96 13.76 10.05 5.49 5.56 2.92 1.58 1.97 3.93 1.74 1.89 3.82 4.57 5.9 7.88 4.48
4.16 8.24 9.15 8.74 8.04 8.75 8.23 7.48 4.15 4.62 6.6 8.1 8.48 13.12 7.84 5.63 9.24 8.55 6.08 7.19 8.05 6.48 5.41 2.65 4.0 8.85 9.81 17.61 10.37 8.51 6.15 11.4 17.43 28.27 15.71 11.96 14.75 14.03 8.18 6.33 3.85 3.19 3.17 9.9 5.82 6.09 6.88 8.41 6.16 11.13 13.53 10.13 4.29 2.37 2.6 4.94 3.3 1.96 3.04 3.54 4.86 5.99 4.23 2.73
9.42 8.98 12.34 16.25 9.86 7.44 10.19 6.46 3.52 5.81 11.74 15.26 13.48 17.92 35.64 8.77 7.33 11.03 12.26 7.35 11.25 3.38 4.74 6.89 7.45 6.96 12.79 11.78 19.03 5.91 9.35 11.07 21.59 29.08 23.79 14.02 19.99 16.19 9.09 7.38 4.57 4.81 6.38 6.08 4.05 4.3 3.61 5.64 6.97 7.88 7.81 6.84 3.3 3.16 3.04 3.86 2.96 2.86 4.81 4.32 8.08 6.48 2.92 2.34
8.96 10.54 9.33 21.06 16.33 14.9 9.86 7.49 3.44 5.69 13.87 22.07 17.46 12.41 15.24 7.46 8.54 10.61 9.46 8.13 7.62 4.26 4.95 4.12 6.4 6.28 4.05 5.11 9.95 5.6 8.2 7.8 11.65 21.35 16.88 9.7 7.12 7.59 9.63 7.72 4.28 4.01 3.77 2.29 2.14 3.81 4.46 6.97 4.08 5.04 6.57 6.42 3.66 2.64 3.42 5.77 3.83 4.69 4.36 3.97 6.84 8.78 4.49 2.81
6.21 6.08 14.56 31.99 20.66 12.49 9.99 11.55 4.44 3.34 6.8 16.78 13.81 11.41 10.06 8.47 8.75 9.37 8.87 10.8 8.41 10.33 9.04 3.71 5.72 7.31 5.27 6.19 7.44 5.9 6.7 10.46 13.87 12.02 8.59 7.07 8.72 10.81 13.37 20.23 10.04 5.1 5.44 5.29 5.99 10.89 10.98 9.51 6.74 9.22 11.55 7.82 4.27 3.45 4.55 5.59 5.31 3.61 2.97 2.78 4.51 7.54 2.7 3.55
8.64 5.18 11.47 21.12 22.37 15.41 16.41 12.3 18.31 12.45 13.03 12.25 24.49 26.01 22.62 6.89 10.57 10.21 9.29 8.01 6.1 5.58 6.24 2.97 6.25 5.84 2.8 4.61 3.92 4.09 10.46 8.38 12.12 9.42 9.44 8.0 10.29 12.65 13.86 10.85 6.04 4.07 2.67 3.58 7.49 6.36 11.67 9.73 9.09 11.6 10.6 18.5 14.55 3.78 5.22 4.47 9.1 3.8 2.89 2.8 2.81 3.23 2.1 3.23
8.26 6.74 9.54 22.67 22.65 17.12 8.92 9.31 9.59 10.79 9.43 13.45 18.67 12.86 20.91 11.36 10.85 17.58 9.25 7.85 9.3 9.86 4.41 4.01 9.69 7.93 2.65 1.47 1.47 3.76 7.74 4.76 8.51 5.69 4.29 6.07 6.35 7.47 14.9 21.07 8.33 7.74 5.3 7.0 9.25 10.53 11.52 13.34 8.22 14.6 18.0 36.02 9.43 3.02 5.01 4.01 5.34 8.2 4.61 7.13 4.76 3.0 3.29 4.77
5.85 6.39 13.88 12.32 18.4 10.53 6.34 7.63 10.5 8.21 8.65 13.99 21.56 18.11 13.93 5.31 7.9 11.84 4.73 9.95 8.93 7.43 3.73 3.19 6.49 7.98 5.63 2.33 2.29 5.18 10.1 11.31 7.92 1.99 4.78 7.35 11.54 8.38 13.92 11.35 13.18 12.09 6.61 8.67 8.55 5.92 9.86 8.73 13.35 12.75 19.09 24.04 13.33 6.91 11.08 6.9 6.97 11.11 7.94 4.71 5.41 3.71 3.35 2.78
4.82 6.4 6.76 7.16 9.21 7.84 11.17 6.73 8.09 7.09 5.86 9.56 10.91 10.84 5.83 7.88 4.14 4.16 4.08 7.98 7.7 4.18 3.28 7.31 9.43 4.83 3.94 2.2 3.56 6.65 8.7 7.89 7.52 2.99 8.97 7.41 10.51 10.37 17.83 5.97 5.84 10.16 10.16 11.69 7.41 5.44 7.13 8.01 13.06 6.15 11.8 13.08 6.63 3.79 5.44 7.62 8.74 15.46 9.38 5.91 4.65 7.96 6.78 3.99
9.84 8.44 3.29 3.21 5.46 4.86 9.66 4.64 3.11 2.02 3.64 4.7 2.05 7.99 5.21 7.34 3.07 2.32 3.07 4.02 2.84 5.95 4.59 11.76 9.6 9.98 3.04 1.84 4.19 5.19 10.11 13.83 6.36 3.97 6.88 8.76 6.67 13.61 21.15 8.52 8.03 7.51 12.76 14.66 8.38 8.96 6.11 5.81 9.13 6.16 8.4 7.66 7.61 7.65 8.6 8.68 14.86 19.77 9.65 20.66 8.08 9.98 14.17 11.03
10.09 18.34 7.03 4.38 7.3 5.45 10.72 6.09 5.71 2.54 3.99 6.42 7.3 6.92 6.02 6.5 5.72 3.73 4.52 2.89 3.47 7.03 7.36 8.02 10.73 9.98 5.7 2.58 10.57 9.2 11.95 11.7 6.98 3.87 4.45 10.24 6.5 11.63 16.89 9.11 15.88 9.01 11.07 7.53 6.06 5.39 11.87 6.18 5.66 6.37 7.58 8.92 10.4 9.99 12.36 13.46 13.66 14.27 16.39 11.65 7.67 5.64 8.2 11.79
5.56 15.53 8.26 10.04 6.18 7.2 5.96 9.0 6.32 5.24 4.54 4.67 4.97 5.21 3.52 9.38 8.28 6.11 4.58 5.97 4.31 4.74 4.93 7.12 10.71 7.21 3.86 5.31 15.1 8.3 7.12 11.04 10.32 8.67 5.3 15.11 10.66 8.64 10.21 6.42 7.9 7.84 18.59 12.85 8.26 4.13 10.65 6.52 5.19 5.05 6.5 7.53 6.71 10.12 7.92 19.09 23.13 15.01 15.02 10.42 9.12 12.32 7.87 4.7
13.09 12.04 10.37 10.85 10.14 7.55 6.54 6.24 5.21 9.77 5.07 3.45 7.52 7.51 8.03 6.98 4.62 6.0 7.94 3.52 5.28 4.2 6.22 8.73 6.93 3.67 1.82 3.12 7.42 9.74 9.99 15.48 6.56 10.19 8.6 22.31 24.31 11.98 11.98 13.12 7.86 11.9 15.35 7.4 4.66 3.88 5.99 5.83 5.7 4.43 4.57 4.24 3.76 7.59 6.76 9.93 6.96 12.55 12.07 11.03 12.98 6.08 9.0 13.89
28.88 12.3 17.73 11.76 11.29 8.07 4.65 7.42 5.84 9.3 5.43 5.59 7.86 7.17 11.27 11.16 14.16 8.02 5.55 3.27 5.36 4.62 7.16 9.22 7.29 2.78 2.83 7.08 10.02 15.3 8.04 17.07 12.47 6.56 18.43 19.5 15.62 7.54 11.01 12.62 18.1 9.03 7.41 6.4 6.88 6.57 9.21 5.75 5.45 4.35 4.86 4.37 6.66 8.23 6.19 4.9 4.04 8.03 7.0 7.5 7.01 6.17 12.28 15.57
16.52 16.23 19.28 26.77 12.77 4.86 2.81 9.85 8.98 13.3 4.4 4.16 5.37 11.49 28.18 18.15 15.77 11.98 11.25 5.67 4.91 9.5 6.97 4.19 4.11 2.72 2.65 8.04 4.4 8.12 8.97 16.76 13.05 10.88 9.67 12.5 6.32 3.54 6.64 6.55 8.48 8.45 6.82 5.42 5.11 3.19 4.35 6.5 3.21 2.83 1.86 2.59 5.25 8.51 4.85 6.86 7.28 10.75 9.82 12.74 9.52 11.74 9.29 7.93
9.53 11.49 17.47 15.77 10.16 5.19 3.76 9.26 20.01 11.12 11.44 7.24 5.54 10.9 17.08 7.52 9.27 9.36 16.61 9.41 5.11 7.33 8.33 3.87 3.79 4.99 3.21 3.91 5.39 6.19 10.07 11.08 11.53 14.21 20.46 19.23 12.8 3.54 3.83 4.8 10.25 11.01 8.92 5.32 5.94 4.52 6.1 5.76 6.99 5.06 2.66 3.16 3.54 6.12 5.31 4.07 11.06 9.34 17.15 30.27 13.61 8.23 16.84 16.26
12.19 19.01 13.68 10.25 6.4 5.89 2.45 6.06 14.22 12.84 20.16 13.1 10.02 7.74 6.51 7.32 6.55 11.78 16.43 9.43 15.47 8.18 5.52 5.3 4.86 10.38 9.24 8.27 8.52 9.06 7.39 6.01 6.64 7.88 14.71 17.14 11.53 4.91 4.65 8.14 6.65 8.36 7.89 12.11 11.3 4.66 7.87 11.34 5.23 7.91 4.94 3.67 6.31 6.26 6.94 4.25 8.64 9.7 12.51 9.72 12.29 15.2 10.03 10.37
9.45 11.14 8.44 8.14 8.72 10.63 6.59 19.28 21.85 10.68 15.27 12.94 8.27 11.44 7.28 9.71 5.49 8.06 17.16 10.82 8.54 6.26 3.7 5.09 6.62 6.22 7.21 11.72 13.1 8.59 8.29 6.11 12.06 9.78 15.02 13.62 8.7 8.11 4.95 3.78 4.36 7.19 7.81 7.59 3.53 6.06 5.65 7.31 3.31 4.69 4.65 4.36 7.35 11.47 8.47 7.35 17.55 14.41 12.6 12.53 9.43 19.47 5.02 5.66
6.19 8.96 7.68 4.19 6.73 7.86 6.36 10.23 11.11 7.04 8.14 7.53 6.79 3.77 5.78 5.61 5.92 11.18 21.52 16.2 18.0 14.32 12.92 6.71 7.51 3.41 9.6 7.72 11.56 5.48 10.66 6.14 7.67 9.71 9.94 7.19 9.65 5.68 4.58 5.35 6.83 5.15 6.14 9.37 7.84 16.54 10.45 9.4 12.07 5.46 4.88 5.02 5.25 7.92 7.37 11.16 21.57 18.7 18.05 10.01 14.66 25.79 11.43 13.0
12.08 9.79 6.2 4.21 5.68 9.54 6.92 19.45 11.22 12.93 12.97 13.53 6.59 5.45 5.56 7.23 4.07 14.58 6.37 16.77 22.76 18.4 7.04 10.18 12.22 12.7 18.32 10.39 11.63 8.69 10.57 8.9 5.64 4.44 9.51 8.46 7.42 7.4 5.64 5.1 3.73 3.28 4.45 6.12 5.96 10.43 13.79 13.5 20.32 9.58 7.87 8.76 8.18 9.92 11.45 11.48 9.27 7.87 8.49 7.86 5.79 10.23 6.74 5.48
16.63 10.96 4.91 2.71 5.8 5.02 5.81 4.52 3.93 7.12 12.86 8.0 4.04 4.52 4.89 3.66 4.78 9.01 8.7 9.65 17.64 7.82 4.19 5.44 8.1 8.61 8.7 13.09 12.23 4.31 3.69 4.62 5.16 4.98 7.57 9.14 15.69 9.67 4.0 3.53 2.14 7.87 8.86 4.21 9.54 25.76 16.85 13.68 13.84 9.41 13.56 12.88 14.55 10.27 11.76 15.49 8.65 5.4 5.14 6.67 7.72 10.26 7.45 4.84
6.89 6.27 3.88 4.01 7.25 3.44 2.84 3.79 6.29 5.45 5.48 9.38 4.92 6.53 6.96 5.49 10.17 12.52 12.13 10.08 12.58 12.11 8.45 4.39 5.44 9.24 8.95 7.0 7.51 3.16 3.95 9.29 10.75 5.57 7.07 7.43 12.53 4.95 4.21 3.8 3.01 5.47 11.25 12.48 15.42 33.17 23.23 19.9 23.4 13.0 23.1 15.63 9.96 13.65 15.83 10.5 6.72 5.09 3.94 5.81 7.01 6.73 6.11 4.57
9.97 7.44 5.94 3.85 2.18 6.14 5.54 4.1 7.2 6.08 4.77 7.85 7.15 5.24 6.2 7.11 5.45 8.59 6.13 6.96 9.98 10.88 9.18 10.72 8.51 10.23 7.09 6.05 4.94 4.33 4.79 7.5 6.5 6.06 4.69 13.11 9.41 6.51 6.37 6.01 4.11 6.32 6.37 7.01 14.08 32.55 19.8 19.16 13.46 9.8 6.01 5.55 6.3 17.31 12.78 6.02 3.78 5.53 8.05 5.33 5.92 6.83 9.91 6.83
11.32 7.91 3.79 3.54 3.77 7.57 5.2 3.59 5.87 4.91 7.28 3.84 5.84 4.7 5.99 11.12 5.37 5.05 2.63 1.92 4.25 6.48 7.93 7.06 5.96 6.94 7.08 4.64 5.91 4.53 7.35 4.59 9.78 7.49 7.72 10.65 6.12 5.68 7.86 6.29 7.07 4.03 7.23 6.41 12.98 16.18 15.95 12.19 7.14 6.58 4.01 5.04 7.89 12.85 10.61 6.82 6.13 5.26 6.84 6.91 11.22 9.49 11.81 8.21
12.11 9.04 14.28 11.85 7.5 5.63 7.0 7.13 7.52 4.05 3.97 4.51 4.69 4.93 5.77 7.23 5.07 5.02 2.57 1.97 3.26 6.69 5.53 6.53 7.17 13.9 6.01 6.66 5.99 5.62 6.68 8.86 9.73 6.7 4.79 16.42 8.8 7.7 8.94 19.3 20.79 9.51 14.94 19.61 15.16 15.89 9.84 10.0 7.56 5.66 3.19 5.03 6.55 7.64 16.95 13.18 6.37 5.61 7.08 7.54 12.23 11.16 15.14 11.21
14.52 10.51 22.58 7.68 12.78 8.81 11.69 7.02 6.69 4.42 4.91 6.43 6.43 5.81 3.04 2.08 2.2 2.44 2.32 2.49 3.46 4.44 5.96 10.09 8.45 10.1 6.28 6.18 7.13 8.51 2.83 4.84 6.32 4.49 5.84 12.08 5.9 7.17 9.07 14.02 17.01 12.54 11.68 18.71 10.65 11.33 7.77 9.39 8.77 4.92 6.96 7.38 7.95 10.93 12.05 16.96 6.61 5.31 5.63 9.76 8.98 10.18 17.82 7.08
17.09 8.81 9.17 6.13 8.52 5.12 5.8 4.12 5.88 4.09 3.59 5.26 8.14 4.02 3.55 3.42 3.96 2.01 1.68 3.98 6.91 5.52 5.72 5.15 14.29 9.43 5.32 8.07 10.87 7.51 2.41 5.72 8.22 6.3 9.07 10.68 6.62 5.43 7.77 12.74 16.79 12.28 13.17 13.86 10.32 13.27 15.86 7.02 13.68 9.41 11.96 8.64 11.11 11.92 11.93 7.86 4.9 5.39 7.65 12.37 14.98 7.53 15.95 6.69
14.79 24.03 11.52 5.02 4.78 2.87 4.41 4.58 2.05 4.04 3.8 4.2 5.37 3.43 3.94 5.71 2.58 1.22 2.01 5.92 6.16 10.28 10.12 10.89 12.34 8.68 6.23 8.9 8.54 9.54 3.94 7.68 6.35 8.11 5.02 9.09 8.51 12.62 8.49 19.04 24.87 22.4 11.5 10.38 7.05 9.93 12.79 7.45 6.63 10.66 6.12 9.49 13.39 13.11 7.87 8.54 7.49 7.38 10.25 13.78 13.78 18.66 14.44 11.78
42.31 21.94 11.93 5.34 6.3 4.75 7.82 4.7 4.85 10.69 7.33 7.85 6.34 2.11 4.62 3.84 2.56 1.26 4.26 6.18 8.69 9.49 7.54 9.7 15.0 8.62 7.64 8.43 7.5 8.19 7.05 6.82 6.35 13.32 4.31 4.62 14.49 18.36 11.92 8.62 8.55 14.47 17.26 13.45 11.66 18.53 21.95 11.65 8.39 10.53 7.4 11.8 8.2 6.96 6.48 6.13 5.65 4.19 7.19 10.42 12.56 15.45 10.07 8.65
18.85 14.16 6.4 5.38 6.62 8.02 5.22 6.36 3.99 8.57 7.03 9.19 12.28 5.69 4.03 3.39 2.15 1.85 5.58 5.24 5.86 5.07 3.91 4.72 5.58 4.08 6.48 4.94 3.51 6.68 7.93 14.24 15.97 9.35 9.23 7.58 14.05 12.62 7.44 6.85 7.37 11.2 20.68 16.19 19.2 29.35 21.04 9.6 8.43 13.82 11.01 9.14 4.36 6.75 6.95 6.0 4.62 8.11 31.31 30.27 13.83 18.93 8.48 8.77
