15.2 11.0 9.77 8.06 8.6 5.32 5.39 3.23 5.67 3.47 3.22 2.73 5.37 5.93 6.62 10.72 13.39 9.35 4.68 4.76 2.91 5.07 8.79 3.26 3.49 2.76 6.4 9.01 8.71 3.78 3.85 6.14 4.25 6.92 9.33 11.49 5.15 4.41 6.36 3.01 6.13 4.8 10.91 5.66 7.09 5.96 9.98 7.67 10.13 10.64 6.13 8.7 13.25 8.26 8.31 10.17 6.49 8.26 6.04 6.21 6.61 3.95 5.05 11.56
18.54 10.73 12.41 7.4 9.39 4.63 5.71 4.97 5.16 3.78 3.26 5.04 2.8 4.36 12.84 11.18 10.64 10.59 9.73 5.56 6.86 6.38 7.61 4.95 3.3 4.79 6.04 9.93 6.38 4.79 5.64 8.14 7.67 8.5 8.5 20.39 7.06 8.83 6.4 2.64 4.7 3.87 5.36 4.86 8.85 7.43 13.93 9.38 6.14 5.41 6.91 10.96 8.26 6.11 5.74 12.45 5.2 7.38 6.65 8.71 4.72 6.95 4.29 10.14
19.39 10.6 6.11 7.5 16.66 4.21 6.02 6.58 3.66 4.44 2.32 3.04 4.13 8.1 6.81 6.06 15.73 10.91 11.53 9.08 4.4 6.63 8.29 11.14 2.35 4.39 6.23 11.42 15.98 4.74 6.65 7.31 7.99 19.52 12.09 12.24 9.34 13.92 4.91 3.61 4.15 5.6 6.59 5.2 4.1 7.08 12.77 7.23 9.67 6.43 9.27 6.61 10.3 8.88 7.23 8.71 5.37 8.66 10.4 7.82 6.97 3.91 8.17 11.37
17.25 17.37 15.14 25.26 7.57 5.32 3.25 4.33 3.7 2.59 2.9 4.95 5.73 8.83 10.57 6.99 4.85 14.66 9.25 7.98 9.16 12.29 13.7 6.49 5.27 4.02 11.64 12.75 10.58 6.18 9.23 15.14 9.33 28.4 19.43 14.38 16.86 8.48 4.53 3.56 2.91 5.88 7.25 6.96 8.16 11.95 7.65 7.26 9.09 6.99 9.03 8.36 2.6 5.6 6.69 5.43 4.74 12.44 15.08 11.34 16.26 6.28 6.3 14.28
11.92 10.92 8.93 11.97 6.22 4.04 4.36 3.54 3.38 2.88 4.17 6.96 15.66 10.09 6.41 6.05 6.55 6.22 5.09 15.86 9.84 7.45 12.39 8.24 9.25 8.27 7.24 9.47 7.01 10.01 8.21 13.46 27.87 17.48 29.9 16.62 16.32 4.59 3.01 6.07 4.9 9.06 4.87 7.97 15.05 15.88 7.03 8.32 19.73 12.5 5.58 2.78 5.15 5.47 7.59 4.52 6.48 4.64 13.04 19.84 12.53 7.79 10.45 27.79
23.31 18.33 15.48 5.89 4.85 3.77 4.88 1.9 2.95 2.84 4.97 5.22 9.33 8.95 7.8 4.91 5.9 5.71 5.06 4.61 12.79 18.98 12.15 7.62 5.36 13.17 6.22 9.57 5.67 4.45 11.47 6.5 13.56 15.27 16.78 13.54 22.46 7.68 4.8 10.11 6.28 4.28 5.26 4.08 8.61 10.44 15.67 7.2 20.82 11.45 9.82 3.34 3.8 3.78 7.28 2.75 5.24 16.47 12.94 9.62 7.46 10.88 11.58 13.42
16.76 19.04 10.23 6.3 6.16 4.85 2.87 3.36 3.76 1.75 6.17 7.81 9.43 10.29 6.99 7.95 6.5 4.1 4.9 5.24 4.95 6.22 16.91 10.99 11.96 9.65 10.23 10.5 9.66 3.79 15.27 8.34 8.41 7.81 13.4 7.54 9.64 7.99 13.43 13.54 10.06 5.24 5.77 4.93 6.17 9.8 4.27 8.25 9.09 12.24 6.45 2.9 2.38 4.81 7.45 8.9 5.87 4.03 6.85 8.82 7.36 6.48 13.03 23.36
29.31 23.0 11.61 10.82 9.25 5.22 3.26 2.49 3.62 6.62 7.57 6.64 6.64 11.03 5.25 6.95 7.04 5.67 3.03 2.5 4.62 6.5 15.2 8.0 15.14 5.34 10.09 13.55 7.87 6.98 7.08 9.1 4.98 9.3 11.02 6.01 12.37 5.06 10.75 18.59 10.45 12.99 3.23 7.8 4.77 9.38 4.95 8.28 6.54 9.6 3.82 4.08 2.22 4.21 6.4 19.44 9.69 4.42 4.52 4.8 7.03 9.52 9.68 11.55
17.75 15.54 15.38 6.55 8.69 5.75 3.2 7.03 7.84 6.79 10.46 4.92 4.15 8.02 4.27 4.82 10.87 5.94 3.46 6.16 4.61 5.61 9.46 4.67 5.94 6.36 6.13 9.32 6.89 8.92 17.06 18.25 6.41 6.82 9.29 5.01 7.19 8.49 28.31 19.66 15.57 7.43 3.54 3.27 4.72 6.59 7.04 5.77 3.01 5.5 6.84 3.51 1.6 3.7 5.94 10.12 6.32 5.87 6.1 4.14 6.53 9.88 8.0 7.82
13.7 12.14 6.78 8.55 5.28 3.53 4.02 7.28 4.11 4.48 7.24 6.08 10.87 6.14 2.28 3.98 4.4 3.48 4.31 4.84 3.89 13.24 7.22 5.39 3.62 4.39 3.01 5.06 2.41 5.97 9.75 10.33 6.22 10.26 3.83 4.45 9.27 9.58 14.04 32.24 15.74 4.98 8.09 4.29 5.2 4.21 5.09 7.69 2.82 6.34 5.19 2.9 2.92 4.56 3.65 4.94 7.36 10.67 9.85 8.96 6.35 10.06 13.76 8.92
5.79 5.08 8.15 5.65 5.1 2.15 2.63 5.8 5.91 3.56 4.68 5.47 4.03 5.43 4.42 3.85 3.98 3.74 4.35 4.99 6.52 6.8 4.91 5.02 5.26 3.34 3.81 2.75 2.81 3.2 5.18 9.34 3.43 4.35 2.77 7.57 6.32 7.96 21.19 20.21 12.19 9.0 6.46 4.55 8.19 4.03 1.97 2.89 3.6 3.78 7.1 4.76 7.88 7.31 4.63 4.78 5.6 7.02 6.02 7.15 11.19 14.44 9.09 16.63
3.9 3.56 3.68 5.86 3.11 2.11 6.29 4.39 4.3 6.29 6.65 6.4 8.27 6.44 2.24 2.09 3.7 3.37 6.53 5.12 9.23 13.09 5.4 3.46 8.63 2.58 4.25 2.99 3.4 2.34 5.63 4.94 9.17 3.12 3.73 5.05 5.58 4.22 7.95 13.39 13.18 13.14 11.94 5.77 9.56 6.82 5.05 4.42 4.88 4.72 6.51 3.35 5.97 7.2 3.77 3.68 3.63 3.52 6.62 7.69 12.3 16.44 18.87 11.27
6.86 4.8 5.75 3.67 3.92 3.61 9.77 3.61 5.85 5.19 8.18 7.84 7.14 6.82 8.48 3.17 3.88 4.4 5.46 3.53 8.23 7.11 8.33 5.47 5.82 3.85 6.9 3.95 1.98 1.54 7.22 3.84 7.09 7.54 5.53 9.57 3.49 5.37 5.64 10.09 5.46 14.1 6.19 5.63 8.6 8.25 7.74 10.73 9.55 5.17 8.87 6.28 5.15 7.75 5.5 2.42 2.82 4.63 3.87 8.16 6.93 15.95 11.16 10.2
8.5 9.07 11.92 5.23 6.88 2.6 6.09 5.18 4.75 2.64 4.67 8.03 14.58 9.98 7.68 3.05 4.95 7.74 7.74 6.19 6.04 5.93 3.95 13.94 9.54 6.38 3.95 6.02 3.39 3.68 4.55 9.86 11.58 13.53 5.51 12.97 4.57 7.16 8.06 6.86 6.21 7.31 7.71 12.54 13.48 6.99 9.17 15.77 9.27 4.81 8.4 4.84 6.41 5.84 5.12 4.74 2.49 2.88 3.36 6.67 6.36 9.48 12.1 16.21
7.7 14.07 10.3 5.6 5.17 3.74 7.34 3.05 3.25 7.4 4.34 6.61 9.79 17.79 9.22 3.71 5.11 11.81 6.46 6.4 7.4 6.91 3.07 12.39 9.37 7.15 6.23 4.49 7.67 7.6 9.68 7.19 4.45 9.81 7.04 5.64 9.16 6.33 6.65 5.97 6.04 18.11 9.91 14.09 8.09 10.03 5.96 10.58 17.5 13.91 8.26 4.31 4.57 6.62 5.98 6.43 4.03 5.73 7.0 7.36 7.24 21.03 13.28 18.15
4.91 9.44 17.24 14.36 5.83 3.99 2.52 3.62 3.17 5.6 3.2 8.49 9.77 15.86 7.12 5.68 4.81 6.38 11.44 8.59 5.17 4.85 9.77 13.56 15.11 12.5 5.59 12.12 8.92 7.16 9.77 4.21 6.14 5.94 12.36 4.73 5.95 4.82 9.56 12.76 3.95 19.7 13.29 14.22 7.6 6.04 4.72 10.39 10.11 12.6 7.74 6.97 3.48 5.67 6.33 3.99 3.39 4.81 21.0 6.0 10.63 11.83 18.23 17.27
5.8 5.58 7.36 7.1 4.21 3.46 2.28 2.72 4.22 4.9 5.56 9.92 12.46 10.87 9.62 7.84 5.09 9.39 7.51 7.94 4.08 3.6 5.7 11.62 11.38 11.36 8.97 8.82 6.68 11.17 7.67 6.33 7.5 4.86 8.78 4.53 6.46 3.63 4.44 9.2 6.5 8.98 9.13 11.53 9.14 7.26 8.22 9.39 9.97 12.69 4.97 4.86 5.0 5.45 6.97 7.66 8.52 2.95 8.16 4.88 7.9 6.31 13.17 11.87
6.01 7.13 9.02 5.29 6.46 1.8 2.17 1.99 4.09 4.62 14.06 6.18 7.07 7.82 8.3 4.53 5.18 8.6 17.54 7.42 3.41 5.92 7.44 7.79 15.59 10.31 2.69 2.51 14.14 8.42 14.66 11.75 4.75 5.57 8.33 5.08 4.11 3.16 7.45 3.96 4.77 3.9 6.38 9.95 6.51 10.13 8.84 10.85 10.24 7.86 8.6 3.83 6.12 7.56 7.97 8.89 4.6 4.78 6.27 4.45 4.74 7.74 8.32 5.21
5.24 5.43 7.48 3.96 4.91 3.36 2.42 2.92 2.6 5.39 7.28 8.64 8.87 5.65 5.16 3.54 5.22 10.03 15.18 5.67 4.51 7.84 6.06 13.23 12.35 5.17 3.83 4.86 5.42 17.14 11.86 21.32 4.75 6.39 4.79 4.95 5.25 7.25 12.63 4.46 2.41 5.04 6.27 3.36 4.41 12.6 15.72 15.46 15.19 7.63 4.88 6.17 10.88 13.72 4.73 12.15 5.24 3.1 2.49 5.5 5.22 9.52 10.05 6.44
4.76 4.43 6.4 5.19 3.64 2.33 4.5 6.82 2.92 5.37 11.67 12.82 5.87 10.72 5.49 2.92 4.66 8.26 6.14 7.71 4.39 5.58 9.27 12.59 13.06 5.76 5.55 5.52 9.79 13.28 8.21 9.76 4.81 3.02 4.72 6.62 5.68 4.24 7.16 5.04 2.66 4.15 2.6 4.06 14.53 10.59 22.54 16.47 15.46 6.95 5.42 7.1 4.81 16.42 6.69 7.41 6.66 4.33 8.28 7.4 5.93 10.67 11.26 11.55
6.04 4.32 5.37 4.02 2.58 4.49 3.92 5.42 6.1 8.4 8.7 24.83 12.49 5.35 2.96 2.78 4.51 7.18 10.65 4.62 8.83 5.51 4.12 3.65 8.03 5.71 7.7 7.33 9.02 17.05 13.99 10.53 8.41 4.21 3.69 7.36 5.68 11.56 6.75 7.88 7.45 5.93 1.99 3.72 14.17 10.08 19.25 14.2 12.19 5.85 4.78 6.36 11.04 8.5 6.28 8.72 8.13 6.66 6.75 5.67 6.4 8.07 25.25 9.37
5.2 4.81 4.92 3.46 5.5 9.82 6.84 5.3 5.42 4.84 18.96 30.55 14.97 6.36 7.16 3.39 7.0 7.74 7.06 5.34 4.48 4.9 2.43 3.49 2.25 6.02 8.98 4.56 5.17 19.54 22.59 16.94 6.97 5.81 5.15 12.93 5.58 7.86 5.55 5.54 5.22 10.26 5.77 4.23 11.02 17.36 14.66 20.49 12.68 6.83 6.92 2.99 5.82 9.77 7.99 5.94 9.45 5.51 5.74 4.47 5.11 21.34 21.4 20.45
3.49 3.23 3.5 6.68 7.1 11.08 10.2 8.97 7.78 8.39 11.94 23.73 11.4 3.98 3.74 6.59 7.81 9.66 5.28 6.12 4.06 5.02 3.49 3.62 4.4 5.09 6.34 5.13 8.31 10.63 9.57 14.42 7.66 5.54 12.51 14.17 8.91 7.63 14.16 7.12 5.32 6.12 7.33 8.62 7.49 8.65 18.95 18.97 14.96 3.28 4.06 4.04 10.86 5.67 6.24 9.36 4.01 3.86 7.03 6.82 4.05 16.21 12.6 28.83
7.25 5.76 3.37 6.45 10.15 8.8 10.8 4.98 7.14 11.3 12.04 18.56 6.36 5.38 5.62 3.18 5.57 8.96 6.15 6.41 10.13 5.12 3.43 4.39 7.34 11.68 7.05 3.85 9.26 8.36 6.79 4.58 9.05 9.87 10.98 6.69 9.3 11.41 4.99 9.38 6.65 8.45 7.33 10.78 8.26 17.17 13.54 11.01 9.82 5.45 6.97 6.43 4.65 4.32 8.03 7.75 6.36 2.92 4.23 6.23 7.16 18.04 9.98 18.74
7.14 7.46 3.56 5.28 6.68 6.89 13.59 4.64 5.84 8.51 8.35 13.12 6.9 3.31 4.12 9.95 10.0 16.86 12.12 5.52 5.48 4.27 3.8 7.49 5.46 10.0 7.96 8.84 12.44 8.06 24.42 6.73 7.36 6.01 5.46 4.98 4.23 10.41 8.33 8.43 4.86 8.97 8.48 5.15 9.35 15.18 10.6 10.32 7.63 12.17 13.2 13.27 4.41 5.21 8.19 6.15 7.59 3.61 10.38 5.85 9.93 8.5 9.06 22.1
5.97 5.36 8.55 5.38 7.21 10.53 13.34 6.48 4.09 7.16 7.09 10.6 3.71 2.8 5.15 7.57 12.4 15.56 6.63 5.17 7.07 4.02 5.64 9.65 7.33 10.67 14.57 10.42 20.17 8.6 11.19 26.72 10.69 5.77 8.24 5.68 10.16 9.22 14.23 10.15 8.75 5.17 6.87 8.71 7.81 25.72 20.69 15.02 10.82 18.9 11.22 10.99 6.1 6.93 5.85 11.41 14.47 7.31 10.49 9.87 7.46 6.15 6.86 20.45
6.73 7.03 9.99 8.68 5.6 6.85 11.97 6.61 7.32 8.06 10.73 2.84 4.95 6.77 9.41 5.81 18.77 12.53 6.26 4.96 4.86 6.4 7.4 11.3 7.12 7.02 10.18 18.85 20.6 16.14 11.93 22.42 6.33 7.11 8.46 3.38 14.79 10.22 19.59 12.22 13.28 5.09 5.81 5.11 6.3 21.14 15.09 10.32 21.92 25.69 16.59 12.03 9.85 10.43 5.9 13.0 8.03 7.3 16.97 11.58 6.92 5.87 13.45 29.93
11.4 9.72 11.07 6.4 6.6 17.02 5.57 5.48 12.86 14.09 8.11 3.63 3.61 5.24 5.46 7.34 10.33 9.58 3.43 7.54 5.57 8.8 7.05 6.37 4.57 14.23 12.05 15.5 15.18 12.02 10.35 14.85 6.23 6.22 6.39 5.46 3.4 10.32 10.63 11.69 16.23 9.18 9.79 6.75 15.59 18.36 18.47 10.45 8.88 15.72 9.53 16.1 12.05 11.16 7.71 9.75 11.43 12.23 9.21 9.1 6.48 8.82 11.69 14.96
8.57 12.7 7.94 7.6 9.6 14.98 8.55 12.25 9.83 6.74 6.77 7.19 4.15 9.58 11.71 8.67 17.99 4.24 10.36 7.37 5.34 4.11 5.45 4.35 3.77 8.73 9.38 12.37 16.84 8.17 7.72 4.86 3.65 3.98 4.5 3.79 3.1 6.4 5.73 9.06 11.64 9.09 7.63 7.67 10.15 15.41 11.77 17.08 11.22 30.17 15.57 11.98 6.72 8.17 4.57 9.97 13.56 6.21 8.88 5.91 6.27 8.47 19.06 12.86
15.21 20.12 9.65 7.8 9.53 7.97 8.76 12.27 14.69 8.62 10.23 10.86 4.1 9.14 13.04 11.77 24.53 10.14 5.0 4.47 6.64 4.9 2.6 2.46 3.33 8.31 7.46 8.06 25.44 7.19 3.41 7.67 2.78 3.46 2.17 4.77 2.16 1.7 2.96 9.24 12.49 11.79 7.1 12.48 12.91 17.78 11.38 7.84 17.13 10.01 14.64 11.0 12.94 6.12 4.82 9.94 5.39 4.51 3.19 3.74 7.43 6.32 12.66 10.17
22.76 20.99 12.64 6.09 5.13 11.13 15.75 20.0 20.72 20.03 11.83 5.12 3.59 11.63 14.49 8.04 10.05 6.6 2.98 10.17 8.63 6.44 2.37 1.55 3.17 5.03 7.83 11.55 9.88 9.22 3.68 4.09 1.69 4.2 3.43 2.87 3.09 3.01 5.63 9.69 11.55 14.47 9.89 10.7 24.66 13.79 9.32 3.68 8.22 6.71 11.46 6.22 8.16 9.46 3.87 9.09 7.93 7.06 3.01 5.07 6.03 13.43 11.36 12.24
16.47 9.31 8.05 7.29 6.12 9.39 16.13 35.01 24.16 16.62 13.77 5.42 5.21 5.39 12.45 6.33 9.8 5.06 5.1 7.97 7.85 6.92 6.25 2.44 3.13 3.05 12.07 10.94 7.45 7.46 7.76 5.98 2.7 2.67 3.15 4.3 5.85 3.7 3.86 5.63 5.81 8.67 15.48 22.23 17.61 7.67 8.91 5.88 6.41 3.09 6.55 7.27 5.52 3.78 10.77 6.5 9.25 11.47 11.57 6.2 9.4 14.35 14.11 11.87
5.4 4.56 8.5 5.47 10.86 12.32 15.33 10.78 38.82 36.32 9.52 6.08 11.21 12.45 7.37 8.9 9.76 3.81 3.9 4.86 7.91 9.32 6.85 4.48 8.88 8.18 6.09 5.44 10.74 8.69 11.55 6.56 4.71 7.47 5.81 7.4 5.36 3.82 2.47 5.22 6.57 7.74 21.06 25.3 18.36 21.67 5.02 6.82 6.21 3.94 4.13 6.35 7.03 10.53 17.61 8.43 15.96 12.65 12.54 18.18 25.16 17.45 17.56 16.54
3.05 3.55 5.8 7.21 5.79 11.8 14.71 21.25 37.29 58.49 14.31 9.77 8.17 16.89 11.83 22.23 13.4 13.2 6.4 3.61 8.33 16.96 6.6 14.63 13.16 7.66 8.16 7.01 7.12 17.25 11.48 7.16 8.01 7.74 10.0 6.56 9.27 4.36 3.41 2.98 3.01 9.18 25.87 33.31 11.96 22.83 7.36 12.39 5.92 5.0 3.84 4.23 6.15 19.65 15.35 16.26 13.85 8.51 9.87 12.68 16.14 28.51 17.47 20.43
2.77 8.91 9.56 9.66 9.75 8.41 9.99 17.88 40.41 26.23 20.55 6.9 9.22 6.28 16.27 42.27 27.52 20.7 5.42 16.13 6.14 16.47 11.48 13.98 5.8 9.26 5.22 5.48 7.03 11.14 8.84 11.02 9.24 9.85 12.54 8.31 8.75 9.61 7.22 7.08 6.16 9.93 9.52 22.97 15.93 19.2 10.1 12.36 14.86 4.77 2.53 6.33 5.17 10.32 11.94 13.1 16.07 5.17 13.94 10.41 22.06 20.49 10.83 10.43
3.45 8.66 12.71 14.22 7.42 6.16 9.59 16.92 29.91 16.32 10.82 6.03 8.99 8.06 14.01 27.18 13.03 11.79 7.4 12.03 5.99 18.12 14.89 13.77 9.91 6.55 3.72 6.95 7.13 6.97 4.34 6.3 6.75 21.07 11.72 7.39 12.26 12.76 11.8 6.03 11.53 4.43 20.45 35.75 30.24 14.74 12.8 10.28 11.97 6.16 2.52 3.06 2.39 4.92 11.64 12.85 13.56 8.53 11.42 9.41 12.72 13.13 15.25 9.7
2.55 5.34 6.4 7.66 7.24 5.84 4.46 10.28 10.49 22.08 6.77 3.86 5.3 11.16 11.75 16.05 17.02 9.54 6.23 3.81 5.46 9.95 12.83 10.27 7.31 9.72 5.15 5.79 16.59 4.22 4.12 3.97 5.37 7.94 14.75 15.93 14.73 5.9 7.75 7.68 13.77 7.16 11.19 21.3 18.53 26.32 10.25 10.38 11.11 6.69 3.34 6.23 5.93 4.61 9.98 9.55 10.94 5.51 5.18 10.93 12.43 12.66 10.72 7.78
3.74 2.77 7.16 8.01 2.8 2.33 6.11 14.41 7.45 10.82 9.67 3.34 6.29 7.55 16.82 8.17 11.15 4.92 6.24 2.57 3.19 6.48 6.68 4.18 5.93 9.79 19.35 13.0 16.88 8.49 5.35 3.44 3.3 6.57 9.54 5.77 5.73 6.08 6.38 13.04 14.72 10.03 15.99 13.55 19.71 12.25 20.62 9.71 11.87 8.15 5.98 6.89 7.9 9.61 7.3 11.42 13.62 7.62 9.96 5.19 8.22 8.53 17.33 9.03
4.09 4.79 3.74 5.39 4.47 3.78 4.64 7.72 8.0 5.21 4.77 3.73 6.51 13.57 10.52 12.68 10.34 4.78 3.62 2.66 3.52 5.81 8.13 14.91 9.81 11.04 5.61 11.39 8.52 10.56 6.21 11.25 5.56 7.1 7.62 4.55 5.2 7.86 6.23 10.11 12.27 7.92 17.71 14.48 21.57 7.42 7.57 12.93 14.0 5.72 7.02 19.85 7.34 9.61 8.69 10.07 12.61 6.62 8.37 7.23 6.44 8.04 12.57 7.62
4.3 4.94 5.42 7.02 3.8 6.93 4.76 4.9 14.1 13.01 2.83 3.09 5.83 12.23 8.37 9.9 6.37 5.0 3.74 1.79 4.57 4.76 13.55 19.83 20.02 23.89 4.04 8.86 7.0 10.86 4.6 4.97 16.14 16.87 10.03 7.19 4.06 7.93 9.21 12.35 6.82 10.34 12.51 17.32 22.72 18.67 7.31 13.14 12.58 7.51 11.38 10.87 9.96 9.97 14.81 17.02 10.47 14.81 5.13 7.11 5.23 8.16 10.39 7.29
5.44 4.68 3.04 4.88 4.95 5.48 5.96 14.87 8.42 8.14 4.07 4.43 2.65 5.14 13.72 14.42 8.31 4.93 4.51 3.03 4.05 5.91 9.28 29.42 20.24 12.52 22.38 10.17 11.47 9.86 9.09 7.2 7.17 11.54 7.99 6.27 5.74 11.43 15.57 9.02 8.37 12.35 11.82 14.64 15.05 15.74 11.25 11.1 13.97 6.97 21.03 7.26 9.63 6.16 16.14 15.0 19.25 13.82 5.51 9.42 7.57 4.55 13.41 9.84
4.24 3.85 3.9 7.79 4.94 5.46 7.63 6.89 8.67 9.27 2.29 4.48 4.1 5.2 6.81 11.65 6.47 9.97 5.55 3.42 4.05 7.93 8.91 17.08 31.06 10.29 13.66 10.97 12.09 6.5 7.83 7.61 9.79 15.38 6.87 4.23 6.54 3.26 7.92 8.04 6.66 6.29 6.14 8.54 11.51 39.4 10.83 15.91 19.28 10.96 16.48 9.32 9.98 11.47 15.54 13.98 22.48 23.79 16.94 8.23 4.84 3.86 6.14 7.28
2.83 2.89 6.21 3.6 6.72 9.97 14.43 5.19 8.69 3.44 1.91 4.3 4.22 5.52 3.84 4.88 7.98 13.63 5.13 4.99 8.44 5.43 9.59 11.33 16.7 8.6 20.86 10.54 3.37 7.46 6.72 6.02 12.45 10.08 11.01 5.59 3.99 5.47 4.76 4.63 3.03 5.29 4.56 8.84 23.62 14.35 10.63 15.5 19.41 14.08 16.99 15.54 9.53 8.71 15.78 13.02 29.62 26.68 15.41 9.78 4.96 5.28 11.09 10.02
4.98 2.35 4.32 6.58 8.07 7.43 15.16 3.39 7.1 6.18 6.09 3.46 4.43 1.66 1.63 3.3 5.25 9.05 11.65 11.74 5.54 8.69 11.93 10.36 7.22 10.36 7.66 8.02 4.64 10.43 12.98 8.51 10.69 8.95 13.34 3.8 4.79 4.02 4.93 4.55 8.88 3.57 6.07 10.68 16.29 12.21 10.13 12.18 27.03 15.4 9.61 15.72 17.17 12.71 6.8 14.27 29.23 17.7 10.72 6.32 4.13 5.83 5.33 4.12
3.92 4.97 8.86 11.0 7.82 12.02 9.08 8.25 4.85 5.28 3.42 5.02 5.35 2.43 2.09 2.94 4.77 9.62 4.94 9.59 7.28 13.69 7.65 5.63 5.42 5.96 19.42 8.26 6.69 6.88 12.01 11.5 11.12 22.27 12.41 4.38 5.84 3.92 12.15 7.74 10.9 4.03 11.65 17.31 7.32 15.7 9.06 25.83 16.21 16.14 13.71 12.58 15.31 8.48 6.13 8.6 12.5 24.23 6.3 9.51 6.88 7.17 5.58 4.4
6.72 8.62 3.69 5.15 3.49 5.68 7.06 11.8 5.35 6.97 7.27 6.37 7.02 1.93 2.29 1.99 4.07 5.63 5.65 10.72 10.9 12.73 3.25 4.77 9.01 7.85 8.53 5.48 9.11 12.83 14.08 32.37 15.73 23.07 11.75 6.26 4.49 4.46 7.82 16.42 17.08 6.57 8.39 30.62 22.84 19.51 8.76 24.03 12.12 6.98 9.07 14.5 7.77 8.53 7.63 6.57 11.7 5.83 8.36 5.94 5.44 3.01 4.87 3.29
9.37 9.95 9.28 3.16 2.6 3.8 7.65 5.57 5.55 8.24 7.56 8.17 7.16 1.67 2.32 2.54 7.01 6.72 7.46 18.44 13.0 7.8 4.72 4.04 3.7 7.97 7.68 4.89 4.0 11.78 19.74 17.24 25.83 27.2 19.36 6.19 4.38 7.76 11.18 13.06 12.48 8.63 8.06 14.83 24.78 19.53 21.74 9.71 11.61 7.76 5.8 12.06 13.06 8.04 7.97 6.28 9.9 7.57 11.77 5.47 4.69 4.54 4.49 2.85
11.44 13.91 7.5 3.89 3.29 2.73 7.69 10.0 3.75 7.11 11.01 12.73 3.76 2.41 2.32 2.8 5.6 3.85 8.87 11.44 17.95 8.3 3.39 5.93 5.81 7.87 6.34 6.35 9.02 18.49 32.26 21.97 19.24 12.91 11.61 9.74 5.75 6.87 9.42 14.17 17.58 12.36 10.32 21.0 24.74 10.84 19.86 10.05 7.61 7.55 9.25 10.02 3.04 8.01 7.01 3.78 7.45 7.32 4.81 8.64 3.97 4.07 4.16 3.57
15.69 10.61 13.73 7.6 6.48 11.61 4.13 7.07 4.8 6.96 7.73 6.47 6.78 4.38 2.72 1.57 3.86 4.57 6.59 9.52 19.79 7.58 6.04 11.24 11.82 6.85 6.41 5.28 12.5 24.0 15.02 24.04 18.36 16.07 9.01 8.09 5.57 5.96 8.38 10.51 11.08 10.39 10.77 12.64 19.4 10.25 16.17 9.66 10.6 7.48 6.63 3.44 4.48 7.17 5.01 4.66 3.48 3.54 6.24 8.05 4.44 3.39 3.36 2.52
19.17 13.24 16.0 6.76 7.01 8.36 6.58 10.22 4.07 6.87 8.8 9.66 5.93 7.19 2.29 1.44 1.74 2.8 4.1 13.4 25.1 8.37 10.6 8.67 11.93 4.8 14.64 5.3 5.84 23.95 26.73 43.25 15.38 9.24 13.01 5.03 4.89 6.97 4.72 5.05 5.6 13.4 5.18 9.26 12.16 8.02 15.33 12.34 11.43 9.83 11.57 8.13 5.1 3.99 4.53 3.2 2.72 1.81 2.82 5.98 8.75 4.71 3.6 4.56
9.27 10.33 12.81 14.64 6.09 15.67 6.87 3.73 3.77 4.79 4.34 10.17 7.2 6.68 2.65 2.84 4.33 4.01 5.94 6.67 17.42 7.71 11.25 12.84 12.28 6.52 8.38 7.9 4.58 19.64 20.56 15.73 15.81 13.44 6.43 6.15 6.85 10.37 4.23 4.5 2.87 5.24 3.96 7.19 10.83 14.75 7.99 17.75 20.22 11.69 9.11 9.46 6.99 7.82 4.12 3.03 1.96 2.13 4.77 5.21 6.38 5.47 5.46 3.75
7.81 11.76 18.22 18.49 20.09 9.47 13.33 4.05 4.8 3.29 3.93 4.32 4.31 7.2 4.54 5.35 8.85 15.01 6.28 9.3 11.76 16.29 14.72 16.52 5.65 9.39 5.68 8.06 5.96 8.99 13.12 8.09 21.5 12.24 9.67 8.96 6.23 4.96 6.23 4.13 3.78 2.61 4.55 6.9 8.34 4.27 14.35 18.32 15.65 10.65 13.42 9.27 9.27 6.26 9.84 3.14 4.82 5.11 4.67 6.26 7.02 4.99 3.65 3.49
12.66 9.31 8.91 9.97 12.05 5.26 9.97 4.13 6.21 4.6 2.95 4.13 4.94 5.57 5.83 9.14 5.3 15.43 9.89 9.21 12.47 18.77 11.96 13.35 14.78 4.54 6.09 5.79 8.11 8.06 10.73 12.56 10.43 15.07 25.71 8.82 14.56 4.15 5.11 3.66 7.08 3.52 3.72 7.24 9.44 6.78 9.9 6.18 20.18 11.95 12.52 11.98 6.32 4.74 2.74 4.91 3.26 4.09 4.76 7.2 8.3 6.99 3.21 4.8
9.13 8.18 5.66 8.09 4.69 9.02 8.83 5.07 2.85 5.27 8.34 3.72 11.36 9.5 8.17 5.01 5.44 14.92 7.19 10.09 9.58 17.58 14.77 9.44 16.48 10.22 15.87 5.32 5.16 8.58 7.8 13.56 15.82 18.81 18.04 19.16 12.95 4.27 3.35 5.42 4.37 7.63 3.62 4.59 2.31 5.71 5.44 12.52 13.8 12.98 13.14 10.64 5.73 3.7 4.4 6.06 4.41 4.58 3.27 2.3 5.61 8.13 7.18 3.59
14.45 8.94 6.89 14.71 6.36 8.15 5.93 4.29 3.19 3.01 2.75 4.45 17.35 10.11 8.66 9.57 10.01 14.08 9.15 14.03 8.18 7.33 7.04 11.72 20.52 11.15 10.44 12.35 7.48 7.73 8.18 19.8 21.0 17.72 31.22 42.34 12.39 7.63 3.82 3.47 6.41 4.14 4.19 5.47 3.0 3.08 7.59 21.88 15.15 12.49 8.49 5.14 4.19 2.33 5.77 10.02 13.88 5.97 3.54 4.36 2.45 5.34 4.23 3.2
6.26 9.39 10.44 8.95 13.24 9.88 5.89 7.33 2.59 4.24 5.39 8.53 7.44 12.5 9.15 6.25 20.44 18.05 15.45 11.82 8.26 8.15 7.66 16.17 12.57 16.77 9.65 6.84 10.42 9.32 11.75 19.91 39.99 28.97 24.69 27.23 7.58 5.02 4.71 2.75 8.3 3.59 9.77 4.39 3.23 2.95 10.81 14.97 18.32 12.47 4.3 3.68 5.25 5.16 6.93 9.1 8.97 8.88 4.13 2.61 3.24 4.79 3.88 3.71
6.28 7.64 4.49 11.21 15.27 9.05 10.79 9.16 5.7 8.1 5.67 5.71 7.43 4.18 9.71 10.16 19.13 15.34 24.57 15.94 7.49 10.16 8.04 17.32 11.15 14.64 8.97 7.76 9.69 9.41 9.84 15.47 15.16 30.45 44.03 23.99 7.03 6.12 5.16 2.59 10.18 7.07 5.58 5.69 4.55 2.63 9.55 11.12 12.2 6.37 3.94 5.23 7.67 6.33 7.98 7.86 7.37 6.63 7.08 2.72 2.9 2.76 5.4 6.13
5.11 5.44 4.62 4.81 7.42 6.57 2.02 9.03 8.06 7.43 8.56 15.22 11.54 10.51 7.13 6.96 19.87 11.99 9.05 4.08 5.36 5.22 15.58 10.73 14.77 6.81 10.14 5.18 9.04 13.69 9.48 14.87 23.97 19.73 24.46 13.75 10.47 7.28 5.18 2.46 4.91 6.05 5.7 7.69 10.45 7.76 9.7 10.96 14.74 8.29 4.06 4.82 8.85 6.6 10.57 7.3 3.84 4.36 7.95 2.75 1.36 2.02 3.65 7.93
5.62 5.39 3.11 6.6 6.53 2.45 1.5 4.89 3.2 10.04 8.39 15.26 22.06 20.03 16.87 10.04 19.34 5.87 6.96 5.21 4.65 3.61 15.62 9.77 11.07 6.84 8.88 5.5 8.83 12.37 15.25 9.57 8.3 8.25 27.67 21.3 6.89 8.27 3.41 3.66 4.72 6.37 3.47 13.37 8.1 8.34 9.32 7.18 13.11 13.57 3.76 8.14 7.7 10.66 13.47 7.56 5.03 8.06 6.45 3.96 3.27 1.72 4.57 5.41
6.22 4.73 8.77 4.65 3.26 0.94 1.62 2.99 6.41 7.07 6.17 18.04 11.55 16.3 22.03 12.93 7.99 12.01 8.47 4.0 3.86 9.52 4.94 6.49 7.42 6.02 5.24 4.57 12.75 15.35 8.57 8.51 6.17 15.27 10.15 15.61 9.38 11.8 4.59 4.05 4.69 3.84 3.39 11.62 20.25 8.15 7.1 5.66 13.15 6.59 8.64 18.91 18.26 11.12 14.68 8.21 5.97 12.37 5.62 3.8 2.45 3.94 5.79 8.92
9.81 13.93 12.57 4.21 2.44 0.88 2.21 2.13 2.44 4.44 7.03 12.14 19.99 29.79 17.82 29.6 9.73 10.67 8.19 6.73 5.22 5.27 6.35 6.5 5.09 6.44 12.14 8.55 7.43 19.36 8.47 6.79 3.77 4.97 17.09 10.86 12.81 5.57 11.42 5.57 3.4 1.9 3.53 4.75 12.45 6.64 9.48 8.88 14.71 8.69 7.71 18.93 11.58 6.92 7.71 10.26 7.4 15.79 10.07 6.96 4.65 6.35 8.32 11.46
9.45 9.62 14.08 9.46 1.67 1.91 3.72 2.41 4.34 3.75 3.15 10.99 24.58 23.71 29.35 22.45 12.9 6.95 3.74 4.01 8.49 6.09 9.5 6.17 10.21 3.66 8.68 9.84 10.53 11.88 9.7 8.56 6.59 6.65 27.34 7.4 6.86 4.41 5.58 10.69 3.33 3.44 5.13 9.86 8.52 5.73 7.06 5.11 11.98 7.82 8.39 21.64 10.17 9.58 7.88 12.97 8.52 18.38 8.98 5.38 8.16 8.26 10.11 14.57
7.99 17.11 11.35 8.39 2.33 4.32 6.86 2.97 3.03 2.04 3.12 9.49 18.87 25.31 25.99 29.8 19.29 12.53 6.98 4.63 5.32 7.59 4.29 2.71 4.18 6.48 10.41 5.66 4.39 9.54 13.02 8.31 6.69 9.34 13.79 10.82 8.69 5.56 4.92 4.61 6.09 6.03 5.05 6.72 5.86 12.69 10.68 6.42 9.7 6.44 9.94 9.75 6.29 8.7 10.06 11.12 12.78 16.17 9.47 7.83 12.77 10.2 11.86 10.78
10.65 11.07 6.8 5.71 3.81 4.38 10.63 6.83 5.65 2.0 3.13 7.63 25.24 10.18 28.26 18.44 23.11 17.03 9.33 14.08 6.18 4.54 3.7 2.24 2.63 3.27 4.51 4.16 7.87 5.54 5.89 10.46 4.15 5.8 11.77 9.29 9.27 4.24 12.0 6.76 11.81 4.57 4.56 7.28 2.84 5.52 7.09 8.17 7.68 7.99 9.94 9.03 10.58 8.7 12.18 9.94 16.46 25.43 16.11 9.11 4.69 7.39 7.61 14.67
