20.4 17.72 10.0 12.93 8.65 3.5 2.33 1.99 1.55 2.72 3.35 3.29 5.1 2.78 3.12 4.18 5.04 4.14 4.79 2.76 2.71 2.18 3.21 5.38 5.39 9.06 12.37 18.95 12.85 4.47 5.84 2.65 6.03 8.88 22.2 6.85 12.92 7.06 10.69 4.49 7.49 4.74 10.44 17.12 9.49 9.95 7.8 4.84 7.55 2.07 12.44 7.29 13.39 11.2 19.16 21.84 13.09 11.34 11.21 4.22 7.81 4.89 9.56 13.55
10.3 10.24 11.55 9.2 8.59 2.55 3.45 1.47 1.79 1.7 3.25 5.47 9.96 7.28 8.96 5.64 8.87 6.1 3.44 2.44 2.31 1.65 2.78 3.66 8.39 11.85 12.13 16.9 5.82 3.82 5.7 7.27 9.28 11.16 18.28 6.37 6.07 8.84 6.8 7.73 8.79 6.79 9.57 14.27 15.82 19.32 5.41 5.76 4.71 5.8 7.04 12.94 13.2 12.28 16.29 13.31 6.66 9.53 6.48 7.11 4.91 9.83 6.44 22.99
9.38 8.43 7.38 6.41 3.27 3.97 1.9 1.72 1.67 2.51 3.81 8.52 9.15 9.85 11.16 14.36 10.24 7.55 2.82 2.65 1.35 3.35 2.31 3.14 4.72 6.04 9.24 15.17 4.73 4.43 7.79 12.08 5.64 19.03 25.71 14.32 5.02 4.74 4.72 6.19 3.47 7.85 4.83 4.64 6.2 6.84 5.61 7.42 7.26 6.87 5.47 4.93 5.99 5.38 16.63 7.2 6.09 15.71 12.45 9.28 7.07 8.03 7.3 23.99
5.09 3.89 3.99 2.81 3.09 2.61 2.98 1.76 2.87 3.54 7.81 4.52 7.84 6.83 8.86 10.03 13.56 9.44 6.07 2.14 1.96 3.41 2.83 3.03 4.58 4.89 13.65 16.08 10.95 4.44 3.63 4.8 4.93 7.2 8.13 8.42 5.76 6.17 4.87 3.31 3.28 5.37 5.86 6.79 8.32 10.87 8.2 16.15 18.81 4.4 3.02 3.29 3.6 3.31 4.82 9.51 8.43 16.72 11.54 8.18 5.85 7.33 6.96 16.99
5.88 6.61 3.34 2.44 1.93 1.83 4.64 2.54 5.59 3.26 2.74 2.96 5.62 11.17 12.41 8.11 8.22 9.65 5.8 4.1 3.27 4.29 6.06 3.2 4.79 9.03 17.16 15.36 10.2 7.04 4.41 3.21 5.29 5.14 8.27 5.58 5.22 8.25 4.53 4.51 4.54 7.73 8.69 2.6 4.06 4.56 6.45 8.27 9.47 8.11 2.84 2.05 3.51 1.65 3.39 6.42 12.17 16.0 9.9 14.19 9.42 10.11 13.91 8.9
6.07 3.4 4.82 2.31 1.51 2.92 6.02 5.07 2.62 3.4 2.82 2.38 4.43 6.36 9.8 11.14 11.03 8.0 10.35 5.91 9.72 10.24 5.36 4.79 5.37 10.25 24.06 18.09 13.19 7.28 3.75 4.79 2.49 6.12 4.24 6.23 9.74 5.48 6.69 8.63 6.95 9.85 14.44 12.94 4.13 4.98 17.72 11.4 8.92 5.75 4.28 4.22 1.92 3.69 3.89 5.19 6.45 13.06 14.07 11.82 5.55 11.42 6.93 18.04
8.93 7.84 4.71 5.42 4.71 5.19 10.3 10.88 5.01 3.02 2.27 3.16 3.36 10.36 9.1 19.36 9.34 18.12 9.94 14.64 12.33 9.28 8.5 6.77 16.63 10.34 26.3 39.37 7.19 13.5 6.92 6.52 4.27 11.52 6.35 9.62 9.6 7.35 6.43 9.67 8.77 14.15 13.5 8.69 3.19 4.21 8.32 13.87 6.27 7.74 7.91 3.27 2.16 3.04 5.42 6.31 4.74 9.37 11.79 6.49 11.16 8.55 16.24 9.34
3.3 12.03 6.85 13.48 4.91 11.53 22.63 15.79 9.8 3.23 1.78 3.05 3.86 6.84 14.74 9.51 20.1 23.29 22.14 9.39 9.58 7.11 7.73 13.68 12.77 11.52 33.64 22.48 21.34 12.46 20.51 9.06 8.36 5.38 7.19 7.57 5.87 5.48 6.97 8.52 13.17 15.23 25.22 8.19 11.35 6.9 11.79 8.7 3.77 8.06 6.63 4.54 2.46 3.7 8.23 6.31 9.72 7.84 9.17 10.0 5.91 4.01 3.88 5.73
4.52 3.16 11.64 17.76 13.24 31.62 26.15 31.86 12.04 10.28 2.83 2.26 3.59 4.24 9.76 39.93 19.12 11.88 9.81 8.56 6.69 5.57 7.47 13.4 12.84 54.89 38.65 46.37 8.85 18.09 12.48 9.84 6.0 7.86 8.63 13.14 5.43 4.28 3.38 5.13 18.81 26.79 18.19 13.32 9.14 22.31 12.9 9.6 5.19 8.48 3.78 3.67 3.2 4.99 7.18 4.95 8.24 7.16 10.29 8.98 8.62 3.73 5.39 8.4
5.87 6.72 7.67 14.73 13.21 21.44 24.12 14.34 12.49 14.18 3.97 3.61 4.67 6.25 10.72 18.67 19.6 9.15 6.06 9.0 6.67 7.87 8.99 11.87 30.46 14.52 31.83 21.22 13.94 27.8 21.76 10.4 5.77 10.22 9.66 6.98 10.45 4.6 3.32 7.63 10.64 19.74 27.6 21.52 11.58 8.22 6.89 7.77 6.42 7.56 6.64 5.29 2.56 4.92 5.02 7.26 7.37 5.9 14.97 6.85 5.85 3.28 9.14 9.89
11.87 9.97 8.24 9.8 12.87 14.21 20.79 13.95 16.14 8.11 7.3 6.11 7.96 6.65 17.52 13.63 8.92 6.7 5.22 3.72 5.28 7.23 7.16 24.19 17.64 11.06 13.22 11.66 11.67 30.48 45.25 11.77 17.8 14.69 12.58 8.8 8.65 6.83 3.29 4.64 5.84 18.65 17.94 15.72 13.04 7.65 7.29 7.5 8.1 7.7 8.84 5.72 3.69 2.91 8.29 8.61 16.04 8.96 7.48 11.21 9.07 7.12 10.85 14.87
10.12 8.6 8.1 8.16 7.15 6.6 7.37 13.84 12.1 12.44 6.08 5.8 8.93 8.69 15.59 20.18 6.96 7.07 8.11 8.22 8.22 10.48 22.55 23.33 18.76 13.92 10.51 10.5 14.78 47.79 46.57 14.15 19.3 9.21 10.32 8.24 4.43 2.79 3.4 2.56 5.84 8.59 14.36 12.44 8.95 11.96 7.51 12.2 5.66 6.12 6.05 2.3 2.28 2.22 8.31 5.76 6.4 7.77 7.99 5.28 7.7 8.37 6.71 14.25
10.94 17.37 13.03 11.91 4.98 3.95 7.37 8.03 11.79 17.95 7.81 14.84 11.16 7.04 8.63 8.7 5.34 5.73 6.88 11.53 3.3 8.93 15.23 13.86 12.56 7.89 11.9 8.61 13.87 22.47 13.84 13.96 9.67 11.68 5.43 3.5 4.17 5.51 2.1 4.21 4.49 5.22 5.34 3.52 8.33 3.97 7.2 8.75 11.63 3.68 2.43 4.09 2.12 5.51 6.13 7.8 10.34 7.81 8.5 8.24 11.34 9.7 7.78 9.91
3.67 7.96 18.14 9.52 4.72 5.42 5.06 8.34 9.59 13.46 4.24 12.06 17.7 14.0 8.87 5.46 2.83 7.05 10.82 5.52 6.35 15.26 13.96 22.43 11.7 9.71 7.21 6.19 17.09 5.64 7.94 4.58 14.38 8.37 3.77 2.54 4.32 3.91 3.76 3.04 4.29 5.13 4.08 4.44 9.27 8.84 9.67 5.27 10.05 2.1 4.46 4.5 3.67 4.71 7.51 7.46 8.27 13.21 8.81 7.56 9.21 7.26 7.56 5.57
5.86 9.4 20.7 10.38 5.51 2.27 3.35 3.77 11.16 9.95 6.47 9.84 13.66 6.71 6.89 3.12 4.04 2.52 6.97 5.51 4.7 10.24 17.29 9.09 11.42 6.96 9.16 4.75 5.89 6.74 2.94 4.08 11.62 8.8 4.6 5.37 8.69 4.95 6.24 4.08 2.38 3.86 5.05 4.56 8.17 12.73 15.75 12.33 4.05 3.52 3.7 14.26 11.55 7.93 6.95 7.54 10.22 14.64 13.34 9.45 4.99 5.8 5.76 6.61
5.75 10.09 7.78 10.19 4.93 3.8 2.71 2.92 6.58 6.46 4.98 4.99 7.96 7.16 2.94 6.47 7.06 4.82 4.39 6.64 8.6 6.77 10.56 14.16 10.33 9.97 5.4 3.1 3.91 4.59 3.44 4.12 5.76 9.56 5.82 8.01 8.88 7.82 4.75 3.57 4.05 3.74 7.02 9.52 8.08 15.56 18.61 11.37 5.23 2.2 3.95 6.84 8.01 28.8 10.55 24.07 18.77 22.86 6.28 4.43 8.33 5.33 9.9 10.29
4.57 12.74 25.66 7.12 4.12 3.81 7.39 3.6 2.33 3.77 4.22 3.91 5.5 4.21 5.22 4.11 5.16 7.87 4.35 2.26 5.67 10.27 9.0 14.06 12.8 20.94 7.4 5.93 7.59 5.11 7.37 3.65 4.19 11.0 7.82 12.25 8.62 8.86 7.53 3.56 7.58 8.26 5.93 9.85 8.69 14.49 12.83 7.46 8.85 4.49 7.45 14.0 10.6 20.62 15.19 13.74 22.52 12.14 8.05 5.03 7.64 7.06 7.16 8.89
8.19 8.0 16.18 6.34 2.35 2.54 5.7 3.88 4.87 3.01 6.41 3.91 3.75 4.27 9.88 6.82 6.43 7.15 9.34 6.74 12.43 10.94 8.92 7.26 9.76 14.27 12.98 8.86 11.84 7.77 7.04 5.34 3.68 2.81 3.74 5.58 10.14 3.74 7.2 9.44 13.78 9.12 9.35 3.51 4.23 10.26 16.03 7.45 7.64 9.35 18.08 19.32 19.16 18.93 20.81 25.76 20.36 15.26 10.18 7.82 6.25 13.69 13.26 11.27
7.38 6.43 12.05 2.93 2.39 1.68 2.13 3.5 5.27 5.59 7.22 7.01 4.58 7.53 6.53 4.22 4.8 6.01 4.49 4.85 6.39 8.1 9.95 9.99 7.01 13.34 14.99 24.01 15.22 14.44 14.91 8.2 7.81 3.76 4.54 6.08 9.3 7.02 4.39 5.19 7.87 6.56 8.02 7.23 3.89 7.94 12.9 10.16 10.22 8.02 16.62 15.54 17.93 32.94 17.57 16.1 10.63 6.29 5.68 4.81 6.12 3.99 9.39 13.11
6.45 5.59 3.24 3.13 3.14 3.66 3.5 5.46 4.35 4.83 6.79 9.17 4.37 5.19 10.54 7.54 3.9 7.65 7.02 5.24 9.98 11.81 20.22 9.34 8.01 11.38 8.35 16.03 7.96 5.42 9.83 8.35 6.39 7.49 3.91 5.74 2.74 4.61 6.2 3.91 5.57 4.22 4.7 5.53 3.37 5.83 4.32 11.42 10.22 8.07 13.01 7.77 14.8 15.22 9.95 10.44 9.79 9.43 3.25 3.6 4.61 4.56 2.8 5.86
10.31 4.82 3.4 3.09 3.58 5.2 2.1 5.85 7.86 4.83 6.61 3.93 2.71 6.0 10.01 7.2 2.68 3.06 8.34 7.95 9.88 21.72 17.89 12.96 9.59 14.7 13.67 11.36 11.25 11.3 6.69 4.7 7.03 6.96 6.12 8.24 5.23 4.57 3.6 6.25 4.14 5.09 5.22 8.5 3.23 2.47 2.98 4.77 7.65 6.8 5.26 6.46 11.82 11.22 7.04 9.2 4.85 4.44 3.49 3.11 2.23 3.55 3.5 3.39
6.69 3.76 5.1 3.51 5.96 9.37 4.39 4.8 5.05 6.29 10.09 5.29 5.95 5.2 7.83 5.42 3.7 5.43 5.44 9.56 16.72 11.39 28.99 16.95 10.69 11.05 8.98 8.75 4.15 10.28 5.94 9.79 7.79 4.76 5.65 4.48 7.97 4.28 2.77 4.52 4.02 6.05 6.52 7.48 2.42 1.99 3.29 5.08 6.07 4.68 6.49 7.4 10.52 8.63 11.26 6.11 5.22 5.76 4.17 4.1 2.45 3.43 2.22 4.0
6.78 7.58 6.42 4.36 4.87 5.68 11.05 3.63 4.24 5.49 5.94 8.82 8.69 7.0 5.95 2.66 3.2 2.93 3.65 5.68 13.86 22.15 18.01 19.38 12.02 9.45 11.0 8.13 6.55 4.41 4.39 9.57 6.4 5.58 3.61 5.13 4.16 9.92 7.04 4.09 2.93 4.46 6.95 4.05 3.91 4.0 2.03 3.77 5.44 7.81 9.24 5.44 2.44 5.69 11.32 8.22 4.63 5.32 4.91 3.07 5.27 3.97 2.49 5.37
5.15 12.98 12.28 6.51 4.15 9.84 3.8 5.05 4.65 5.14 7.87 8.87 9.38 7.95 4.49 3.48 1.94 2.39 2.47 6.01 10.44 15.88 28.24 13.91 10.95 9.47 8.64 9.57 5.66 3.36 9.66 6.96 17.71 9.81 13.44 6.46 3.19 3.72 5.73 3.1 2.47 6.53 12.45 5.14 6.58 4.67 5.22 4.51 3.44 6.45 10.5 5.12 12.42 7.06 10.41 10.59 5.13 4.93 3.95 4.84 5.19 3.9 5.73 4.74
9.16 13.74 20.09 10.42 10.32 10.31 3.31 3.14 6.43 13.67 9.09 8.8 10.56 11.58 6.02 5.82 5.79 2.97 2.23 3.69 15.9 27.9 33.35 24.84 8.27 5.27 4.94 10.76 8.48 8.46 3.97 8.74 8.37 13.82 12.1 11.33 5.52 3.18 3.11 3.76 4.64 13.6 6.18 10.57 5.67 7.44 7.09 5.42 4.06 3.07 1.63 3.35 3.84 3.64 3.31 6.85 8.65 2.96 4.42 8.67 6.89 8.18 4.14 9.06
8.76 16.43 8.7 7.74 6.4 7.85 7.18 2.64 2.74 9.16 6.79 7.8 7.45 5.49 3.21 5.85 5.71 5.91 2.32 3.98 5.82 21.41 21.4 14.34 12.26 5.65 8.67 5.6 5.55 10.61 5.33 9.12 8.82 8.76 9.06 7.5 5.89 4.21 3.88 3.97 4.39 7.41 10.47 6.24 8.07 5.52 4.24 2.55 3.82 5.01 2.17 2.78 4.38 3.3 6.58 3.72 4.23 6.15 9.22 12.24 17.53 4.3 6.41 4.1
11.33 15.4 6.65 7.67 5.04 6.38 7.43 2.82 3.66 3.86 11.95 15.02 16.98 8.39 7.87 7.16 4.93 2.2 2.71 5.51 9.19 5.78 8.0 21.74 19.05 8.69 5.15 4.46 5.79 8.2 9.06 5.65 4.72 8.06 10.06 7.3 3.42 2.6 3.55 7.31 7.58 6.22 7.03 5.31 5.63 7.25 5.56 4.62 2.12 3.27 5.52 2.1 3.47 3.96 6.76 3.57 4.98 5.29 5.18 9.09 5.95 5.55 11.08 3.87
10.41 12.09 9.74 6.87 8.21 4.47 3.6 2.49 2.78 4.7 5.84 11.24 8.02 8.79 10.09 9.08 5.56 6.93 4.48 6.78 10.4 7.64 7.52 15.83 23.65 10.71 4.56 4.88 6.05 6.35 8.0 3.51 4.23 6.71 12.28 7.72 6.85 6.81 6.46 3.36 8.69 6.96 6.28 4.44 7.42 9.55 8.6 5.65 3.46 6.04 5.33 6.2 3.94 8.35 5.45 4.78 12.56 4.77 5.58 5.21 5.96 9.77 11.97 12.58
9.99 9.01 15.58 4.64 7.14 5.72 7.38 3.6 2.29 5.77 7.72 11.4 11.13 15.35 16.81 14.73 6.94 6.88 6.67 4.84 5.76 10.46 9.34 8.32 14.28 7.0 7.07 4.85 7.14 6.33 9.63 5.82 5.35 4.67 4.67 6.59 7.35 6.15 7.82 8.0 7.33 10.78 6.51 4.31 3.95 5.42 6.35 5.77 7.93 13.95 4.99 6.29 7.04 7.18 5.74 10.04 5.53 6.35 5.03 6.93 8.25 9.51 11.09 12.6
12.56 24.66 10.23 10.5 4.75 8.16 6.63 4.68 5.62 7.83 4.56 7.86 4.86 7.97 8.05 7.53 7.29 7.35 9.05 10.2 6.79 7.59 8.01 10.94 8.27 4.85 10.68 17.0 13.43 7.62 5.57 4.77 4.07 4.5 3.32 3.09 5.57 5.04 8.44 13.11 5.45 3.3 2.88 3.2 3.1 3.53 3.9 4.2 6.59 7.08 4.82 2.97 4.58 3.87 7.92 3.41 9.11 6.03 9.53 10.24 4.07 2.8 9.96 7.76
7.41 13.81 10.69 8.32 5.38 7.33 5.7 5.86 6.94 5.95 5.84 5.31 4.92 4.74 8.5 6.28 5.97 5.12 10.5 9.75 14.28 5.13 9.77 9.51 12.6 4.28 13.68 22.53 8.95 4.08 4.6 3.56 3.32 1.87 3.95 5.21 3.95 8.38 14.01 9.28 7.81 2.06 5.12 2.51 2.1 5.74 6.1 10.7 5.79 4.08 4.52 3.28 2.99 5.32 6.35 5.5 6.95 8.52 10.65 9.47 6.16 2.81 8.32 6.31
10.05 11.51 11.32 13.09 8.58 5.05 6.24 8.51 3.22 3.49 6.66 10.35 7.91 3.04 4.52 6.65 5.19 4.84 9.26 13.06 7.3 17.8 16.18 18.74 8.84 10.18 13.55 14.5 10.26 14.93 14.4 12.6 4.72 6.44 3.78 6.53 8.4 9.4 9.15 5.81 3.35 5.08 7.22 3.6 4.07 3.64 7.36 5.14 12.04 7.94 7.19 7.62 7.18 10.5 8.25 8.25 4.92 5.5 9.19 11.06 6.77 4.93 3.86 7.16
14.53 9.69 22.29 15.61 6.46 4.78 5.67 3.27 3.06 1.86 6.41 4.15 7.74 3.12 4.16 7.65 9.22 9.02 11.14 5.51 6.01 12.16 12.04 16.32 5.41 16.8 17.49 11.34 9.24 9.54 21.55 13.91 6.72 7.51 7.06 7.26 10.96 10.06 12.01 5.28 6.39 7.92 15.06 12.04 11.77 13.27 8.76 13.81 11.94 6.87 6.82 10.69 7.46 12.37 17.25 12.2 6.01 7.21 8.36 13.7 11.12 10.12 6.28 10.36
10.14 10.82 16.35 8.42 5.73 4.36 3.61 2.48 4.08 2.51 2.12 3.69 4.46 4.07 6.5 6.61 11.13 11.12 9.09 6.18 3.98 6.09 9.64 8.78 10.1 13.22 15.85 33.19 26.94 20.03 16.52 15.77 12.9 4.72 11.37 11.77 10.61 7.68 6.86 9.09 6.96 16.93 24.02 13.66 23.85 11.62 7.13 11.98 14.63 10.37 9.07 30.92 11.19 9.17 12.59 17.32 5.92 4.4 3.66 6.06 12.89 8.18 12.0 7.14
13.13 21.31 11.07 5.52 10.16 12.78 3.84 2.76 2.57 3.98 5.21 3.75 7.63 5.75 6.35 19.23 9.34 9.18 5.96 8.83 4.7 7.14 17.64 10.86 7.23 13.15 24.55 28.44 26.64 11.08 15.38 11.17 9.39 6.84 6.11 11.84 9.76 4.56 8.95 8.51 8.11 23.81 61.25 23.82 6.7 12.55 6.64 6.04 8.39 9.97 12.32 12.05 10.54 9.03 7.12 14.01 6.92 6.47 6.68 7.04 4.4 7.35 7.26 4.75
19.69 8.11 6.91 4.99 8.09 7.92 4.85 4.36 2.08 2.82 5.53 7.21 8.6 6.87 8.78 22.54 9.83 3.32 7.17 11.8 8.5 7.07 14.52 12.54 5.37 7.92 19.13 13.48 7.14 6.44 14.3 5.54 5.79 9.03 7.67 16.04 7.16 7.31 8.29 9.29 9.27 13.64 20.66 20.57 6.29 5.71 6.21 6.86 7.53 6.74 11.52 12.12 8.73 7.27 11.08 12.19 10.68 6.77 5.86 7.0 7.67 5.14 10.73 12.04
14.24 9.79 5.16 3.67 3.77 5.29 4.14 2.74 2.62 5.96 9.19 12.78 21.7 7.85 11.5 11.05 11.12 14.32 7.92 8.87 16.65 13.28 12.16 6.11 7.4 4.72 6.88 4.05 2.96 7.75 7.93 10.59 7.19 6.42 12.86 9.45 8.37 14.56 9.44 16.41 11.9 15.14 8.34 4.47 7.0 3.11 5.69 7.98 13.86 8.5 11.09 11.24 9.15 7.24 17.01 9.1 12.57 10.58 4.85 5.36 9.03 6.51 7.59 6.03
11.98 4.87 5.35 3.72 7.05 9.21 4.56 2.92 2.57 5.77 12.79 13.65 9.56 9.4 11.11 5.53 6.22 10.04 12.25 10.63 16.63 17.22 10.0 5.23 5.2 11.73 3.86 3.06 2.14 4.85 10.66 15.78 8.19 10.02 9.21 13.2 17.2 17.58 11.95 25.99 18.85 17.42 6.74 6.5 6.46 5.25 7.71 8.91 10.91 5.73 6.52 10.32 5.8 11.44 12.72 20.95 17.51 9.73 9.08 7.28 5.49 10.74 10.52 9.53
9.53 9.33 6.17 4.41 8.46 7.12 4.49 3.81 6.04 11.91 9.38 18.15 8.2 12.68 10.91 4.82 6.84 9.51 8.81 13.76 11.56 13.51 9.65 7.89 11.13 7.67 4.12 5.49 2.61 4.51 7.81 21.05 13.92 13.61 5.73 9.47 18.66 21.03 14.46 21.82 13.18 13.49 10.19 7.92 12.77 7.52 6.51 10.84 4.75 6.09 8.73 7.15 5.73 4.7 6.18 13.28 11.02 22.73 10.59 15.92 6.84 9.45 8.21 7.34
13.6 14.05 8.44 7.53 7.34 4.75 5.44 4.73 7.39 6.98 11.21 10.42 4.57 5.71 5.68 4.22 2.41 5.45 11.92 6.13 8.48 17.54 5.96 8.75 6.21 5.07 5.98 4.22 3.71 8.65 15.05 14.56 15.08 5.76 3.62 4.48 7.77 8.61 19.86 7.58 9.44 10.32 6.21 10.56 11.82 7.12 8.85 4.44 4.14 2.22 5.18 8.44 3.71 3.29 7.9 7.67 8.67 8.45 11.79 7.9 7.36 9.73 9.26 9.19
9.8 8.24 9.67 7.72 7.93 7.9 3.89 10.14 9.47 7.98 8.16 6.1 4.08 3.63 10.28 4.93 3.15 4.25 7.63 4.34 8.65 8.29 7.61 4.29 4.36 2.84 3.1 1.21 1.97 5.71 8.66 12.3 13.84 9.47 12.7 5.41 5.13 4.72 6.13 6.03 5.01 12.1 9.72 13.6 11.32 5.89 8.73 5.92 3.47 3.82 1.91 5.89 4.76 6.33 8.25 6.22 13.3 14.82 25.44 13.07 6.45 6.26 9.98 9.97
7.14 9.38 5.0 11.39 8.4 9.23 7.28 5.94 12.75 15.24 6.22 8.82 2.02 8.98 12.51 5.0 3.8 5.55 11.26 10.34 8.32 10.7 5.55 3.72 3.17 5.64 6.98 1.76 2.45 6.67 11.99 17.08 12.8 15.56 17.2 8.55 10.79 6.49 5.92 7.46 6.76 10.64 9.91 6.42 5.64 8.17 13.72 17.73 9.62 3.14 4.79 3.68 7.31 12.91 11.7 8.11 10.15 16.24 16.02 15.08 5.73 5.02 11.46 7.54
14.24 17.04 9.94 21.13 9.35 13.08 8.97 11.12 15.93 11.3 10.66 7.65 5.14 9.41 10.19 9.03 6.09 8.02 17.32 9.04 8.64 4.99 2.41 4.62 4.02 5.06 4.62 3.82 2.74 4.2 10.01 7.9 7.85 11.01 10.6 28.53 17.85 6.97 7.49 6.79 8.38 19.81 8.01 9.3 6.49 11.17 12.24 21.72 11.42 4.83 5.0 3.55 6.6 10.39 12.61 8.14 10.67 10.09 13.89 12.86 17.82 16.88 7.36 14.46
11.64 10.29 10.78 9.97 14.45 11.29 8.29 6.01 7.7 6.32 14.52 15.04 5.39 5.91 9.07 9.48 4.45 7.7 20.74 8.9 7.27 3.41 2.01 4.56 7.6 8.68 6.06 3.15 3.13 7.24 8.43 10.23 9.25 8.09 8.67 15.64 16.35 16.37 17.42 8.62 10.13 18.34 6.83 3.68 6.63 5.72 11.17 11.84 6.91 8.91 5.29 4.88 5.21 4.19 4.78 3.15 8.68 7.88 13.42 7.75 11.24 22.08 22.75 12.21
9.42 9.02 9.64 11.48 12.51 7.4 10.11 5.21 16.45 10.85 9.73 7.74 5.0 3.15 6.66 6.63 2.77 3.97 10.94 18.21 5.59 2.12 1.67 5.73 5.35 5.56 10.07 2.36 4.98 4.5 4.05 4.72 5.32 4.59 12.39 18.03 22.15 18.4 28.65 9.55 5.94 6.78 6.33 3.89 3.02 5.53 12.01 8.1 9.16 8.06 9.29 7.77 5.25 4.16 3.41 3.75 4.95 9.09 4.0 8.47 14.56 21.13 32.81 14.7
13.03 4.96 15.84 16.39 10.0 14.93 7.72 4.9 6.32 10.56 7.05 3.08 2.49 2.81 2.51 5.63 4.32 3.83 4.17 5.13 5.17 3.41 7.08 7.71 5.11 8.72 8.27 6.7 4.08 6.14 5.67 2.38 7.35 8.67 8.36 16.08 21.89 21.34 15.64 8.63 6.92 5.95 4.66 3.76 3.46 11.16 8.77 12.39 6.48 7.24 13.45 9.18 10.23 5.78 5.5 3.46 4.55 6.42 4.29 7.01 10.85 29.34 26.32 16.17
7.47 6.9 9.57 12.34 16.94 9.52 12.01 5.0 5.95 9.87 8.3 7.42 1.89 2.68 3.56 5.54 3.49 2.84 3.29 3.78 5.15 3.84 8.43 5.03 4.44 4.05 14.9 6.4 3.84 5.52 7.97 3.7 3.78 12.6 24.25 17.08 34.11 27.65 33.22 10.29 8.84 6.84 3.62 3.02 8.41 9.67 14.53 19.16 13.48 18.72 15.78 11.1 6.63 11.22 5.75 4.7 7.59 5.16 7.68 11.92 8.88 26.91 22.68 11.9
9.47 9.26 7.28 13.96 10.13 12.54 7.73 11.93 7.59 7.65 14.8 11.77 5.14 2.08 2.86 2.67 1.9 3.92 3.02 3.19 2.97 3.33 3.18 9.18 10.22 7.87 17.25 9.71 7.85 9.81 6.6 4.61 4.22 8.82 6.43 12.2 10.14 31.11 18.54 11.69 15.43 6.51 4.68 6.58 7.87 8.06 7.96 22.43 19.31 16.07 18.98 12.98 17.84 11.94 7.99 5.72 4.81 7.48 6.8 10.38 13.83 9.65 25.44 20.81
7.44 7.04 5.51 12.2 11.23 10.67 9.98 7.57 7.0 10.36 14.87 21.02 11.08 4.59 4.8 1.1 2.11 2.19 2.3 2.14 5.16 4.89 3.83 4.86 5.97 6.99 7.64 18.15 12.42 16.27 6.44 5.11 6.69 5.92 13.63 7.61 13.13 12.01 14.47 19.11 13.46 5.99 5.16 6.16 12.78 6.02 13.01 12.88 16.93 16.05 22.36 21.63 11.09 13.6 17.59 8.87 6.01 4.11 4.37 8.32 11.1 12.44 11.27 9.46
6.78 8.79 12.9 7.68 11.88 13.89 13.76 7.37 8.87 6.53 13.88 12.19 14.18 10.11 5.11 3.14 2.98 3.46 2.03 2.05 3.93 5.31 4.24 3.56 4.9 5.57 3.79 6.53 10.74 8.98 3.4 3.69 2.38 3.51 4.76 6.09 4.85 5.95 13.82 14.62 12.74 4.46 5.51 6.6 9.02 4.75 3.4 12.12 11.36 16.06 16.47 13.9 6.37 12.61 10.09 7.82 8.06 4.68 5.57 10.6 9.01 10.62 7.83 7.32
6.79 9.88 10.36 6.8 7.96 15.61 9.46 3.23 3.93 3.1 6.25 9.14 10.65 8.88 4.81 2.36 2.24 2.51 2.06 3.04 2.57 6.46 4.34 5.54 4.15 4.22 4.54 3.29 6.03 6.19 5.02 2.87 1.82 4.03 5.42 6.15 4.12 4.8 14.66 12.92 8.66 8.06 4.97 6.85 4.72 7.87 7.38 10.57 8.48 11.97 13.95 8.71 11.48 17.52 8.4 11.39 6.52 14.01 7.84 7.71 16.61 9.13 9.41 9.63
5.75 9.35 7.74 5.25 4.93 7.31 7.64 4.15 3.27 3.18 7.65 10.12 15.42 9.85 4.77 2.51 2.93 4.72 3.39 3.38 4.91 6.2 4.36 4.02 3.45 3.33 6.0 3.96 4.17 5.17 3.69 3.02 3.16 3.37 5.47 5.83 11.09 12.77 14.96 17.28 10.55 6.17 5.64 13.24 9.48 7.76 7.92 10.63 10.1 14.74 9.85 12.51 6.03 9.16 13.82 13.08 16.8 11.27 14.75 13.27 7.86 6.14 5.89 9.24
4.68 3.65 3.44 3.25 2.82 8.56 5.62 6.93 2.99 2.42 6.87 13.46 11.98 9.64 2.7 1.86 2.36 4.53 3.1 3.1 6.78 5.21 11.43 6.18 4.83 14.88 10.07 5.43 6.06 5.71 6.11 3.9 4.5 6.08 5.59 10.37 9.33 23.75 8.55 6.63 8.68 6.47 6.49 5.96 13.6 13.2 11.66 10.83 16.25 9.81 15.41 8.51 6.61 7.79 11.02 7.86 11.27 3.89 10.01 6.76 7.9 3.48 8.39 9.32
4.8 3.07 6.83 3.82 6.42 5.47 5.21 8.43 4.57 2.73 4.74 8.11 14.14 6.18 3.78 2.06 3.44 3.45 3.37 3.53 2.88 4.14 10.13 9.87 8.02 10.83 10.74 6.13 6.97 6.72 4.89 5.02 3.01 6.93 9.49 12.29 9.69 10.94 9.9 11.13 9.2 11.5 10.4 11.33 19.88 15.53 16.2 10.65 10.32 7.83 14.6 11.11 8.18 5.47 7.84 22.17 8.08 4.75 6.46 7.16 4.69 5.4 6.58 7.88
3.85 8.11 4.67 5.55 5.71 5.49 4.76 5.53 5.31 2.56 3.58 7.04 5.79 6.77 2.07 4.49 3.03 2.6 4.38 4.44 4.64 5.48 6.93 10.45 10.66 26.2 12.54 7.89 4.73 4.38 4.84 3.15 4.03 7.57 5.85 14.06 13.32 11.25 15.43 7.17 7.77 6.29 6.2 11.53 9.64 13.16 17.1 10.18 15.87 9.86 7.19 7.01 7.81 4.91 5.43 33.02 12.22 6.78 7.76 8.67 7.98 5.02 4.64 5.32
11.53 6.73 7.95 5.28 5.8 12.08 5.44 5.05 3.3 4.59 4.37 5.08 9.49 4.77 5.61 2.92 2.53 2.31 1.67 6.29 6.98 3.92 6.93 6.81 4.87 18.95 16.09 6.56 3.35 5.59 4.17 3.14 5.42 4.05 6.51 9.06 6.54 13.05 16.78 24.51 17.34 8.16 20.39 9.82 12.61 9.96 10.13 12.8 11.65 29.81 18.34 10.02 6.36 4.95 10.42 12.26 10.85 7.86 8.08 15.8 6.7 3.21 4.41 5.55
21.28 8.95 13.16 9.96 5.89 7.61 6.72 12.41 8.93 9.88 10.61 11.39 7.72 8.78 5.99 5.1 6.01 3.22 1.9 4.72 14.21 7.8 11.78 5.76 5.06 10.09 14.91 6.28 5.09 6.0 6.54 9.82 7.6 6.72 7.36 7.84 8.25 11.28 14.07 14.83 10.6 7.94 4.15 8.26 4.13 7.08 6.4 7.01 8.49 14.44 10.51 8.32 3.31 9.99 10.31 12.95 10.63 9.3 16.75 16.73 11.26 4.02 4.59 5.78
9.05 16.91 7.85 9.01 15.7 17.06 7.89 21.18 19.78 18.06 17.31 12.94 14.17 14.03 7.96 6.5 6.2 3.04 1.92 3.64 8.32 12.57 9.7 3.5 6.6 9.77 5.52 4.91 5.22 3.77 12.42 6.8 10.54 6.8 6.04 11.8 7.34 11.41 6.07 7.19 8.71 8.3 7.08 6.65 4.19 4.16 6.65 7.06 9.94 10.7 13.4 4.36 6.35 9.33 11.55 14.85 5.27 3.68 21.08 12.91 12.35 5.03 5.77 5.77
12.84 12.16 13.76 14.22 19.91 14.62 13.27 14.27 23.83 19.62 16.03 12.2 16.57 16.71 18.51 6.52 8.46 3.46 5.03 3.84 12.93 17.97 11.85 10.6 4.86 6.95 5.43 3.84 3.65 5.55 6.76 6.13 22.01 8.37 7.98 7.46 10.25 10.24 7.15 8.92 6.71 5.16 7.07 4.89 2.84 1.29 2.48 7.68 10.46 10.73 9.53 6.01 11.75 6.7 18.24 10.54 9.61 12.81 18.72 27.81 11.76 6.04 5.7 11.92
7.66 6.83 9.19 14.06 23.04 13.86 17.15 32.98 38.06 19.77 6.28 9.13 13.84 23.22 23.39 10.03 6.37 8.95 5.24 9.65 11.78 6.33 4.69 4.75 5.45 2.77 5.59 5.38 4.52 7.84 3.1 9.3 9.75 8.57 15.12 12.14 11.79 8.35 8.92 7.98 9.21 6.28 5.71 6.67 4.13 1.56 2.82 5.46 5.64 4.73 14.15 12.23 8.68 8.82 21.26 19.19 10.45 21.9 23.66 8.11 8.5 7.2 6.48 6.08
6.52 9.15 11.47 8.71 10.96 9.26 8.79 17.64 42.85 17.93 9.23 12.63 15.92 15.92 13.71 7.73 3.67 6.51 2.92 12.32 6.12 7.9 5.88 2.99 4.43 5.04 1.8 6.1 12.21 7.33 9.01 8.32 9.53 4.34 9.17 14.11 5.73 12.62 4.02 6.99 11.1 8.21 7.95 5.42 6.61 2.9 2.72 12.39 10.4 11.2 20.03 18.31 11.92 12.29 15.23 32.57 13.91 25.79 17.34 14.4 5.25 9.57 17.76 11.77
9.2 5.94 8.19 6.36 8.58 7.29 3.71 4.83 14.76 20.88 9.85 16.11 12.72 14.51 5.06 6.28 5.9 2.64 7.25 8.97 9.9 9.36 2.15 3.55 3.54 4.2 6.77 5.33 12.22 8.87 8.33 9.23 9.02 5.4 6.59 3.64 13.21 10.2 8.52 6.1 7.25 27.37 9.37 5.51 4.31 6.58 6.83 8.56 8.55 19.78 11.43 19.94 22.5 16.06 19.38 17.18 31.43 31.31 8.49 9.28 3.74 5.39 8.69 6.51
7.25 3.9 8.32 4.32 5.17 2.43 4.29 9.31 15.42 18.46 14.13 9.25 11.75 9.74 5.42 2.35 2.55 4.18 4.06 3.28 6.79 5.63 4.62 2.15 6.58 2.01 7.85 9.57 8.65 9.05 4.2 5.17 9.6 6.25 6.17 5.6 11.24 7.98 6.93 4.48 9.93 9.28 8.05 2.7 5.1 6.61 10.19 8.9 6.3 9.93 16.29 17.35 19.13 8.92 17.6 50.69 37.5 34.33 16.85 8.3 7.63 3.35 5.73 8.55
6.28 9.03 5.56 5.39 5.51 1.45 3.58 5.12 10.9 17.5 11.96 20.26 8.83 5.32 5.69 2.69 4.53 6.43 5.88 6.96 8.77 8.97 5.43 3.53 5.78 6.98 6.36 8.93 12.27 10.15 3.51 8.11 5.06 2.55 6.26 14.37 15.34 11.83 3.18 9.47 6.51 14.65 5.61 4.95 9.02 10.47 13.52 10.85 6.49 6.24 9.09 19.23 13.92 12.13 15.98 39.6 57.25 36.51 14.35 10.77 3.96 3.24 4.89 5.27
