3.86 3.99 6.95 6.1 2.84 5.08 10.52 7.15 5.64 6.87 9.85 2.95 4.12 3.09 4.44 5.98 8.1 7.51 5.63 5.16 10.44 13.52 9.63 13.02 15.47 31.01 36.58 15.23 19.93 16.68 17.82 11.3 7.59 12.3 6.5 6.56 5.4 5.49 6.27 3.24 3.34 5.26 6.41 18.87 26.67 12.92 9.37 8.54 10.35 9.86 5.09 4.9 6.73 10.66 13.75 11.21 10.29 9.65 25.62 11.11 17.81 13.52 11.71 7.96
3.55 4.9 7.5 6.76 4.18 5.81 5.54 7.43 13.15 8.31 3.42 2.32 3.73 2.89 2.36 2.45 5.92 6.54 4.28 3.91 7.48 11.16 8.27 11.9 10.75 16.36 11.71 10.41 7.87 14.05 9.82 10.18 8.97 9.04 11.36 6.0 7.05 5.4 5.04 4.05 4.66 5.05 4.88 9.89 9.72 8.44 4.64 6.51 15.58 15.97 6.18 6.07 4.53 6.63 17.08 16.8 6.44 9.12 16.19 16.53 15.42 12.2 20.9 10.04
5.22 4.34 6.75 6.35 6.26 5.26 6.32 7.59 8.44 4.78 6.34 2.99 2.79 2.46 2.96 3.59 3.49 4.38 5.5 5.22 7.21 9.05 20.63 7.4 6.69 11.35 15.75 8.58 6.83 7.87 7.82 10.39 13.53 12.7 5.88 9.63 7.32 3.5 4.34 5.06 5.24 3.67 4.3 6.89 7.24 5.9 4.79 3.85 11.22 10.67 5.67 4.98 5.27 5.88 9.77 12.58 9.37 6.71 7.11 7.76 7.35 9.91 14.1 5.93
5.14 2.17 3.16 4.48 7.29 6.71 9.15 11.29 4.16 3.34 7.09 5.51 5.21 3.35 1.95 3.31 4.3 4.57 4.3 4.56 9.37 24.62 16.46 9.81 4.69 8.02 10.23 10.31 8.93 6.45 4.34 6.91 9.46 10.32 6.02 7.93 8.7 3.57 5.08 12.73 6.23 4.45 2.68 5.96 6.86 7.58 5.54 3.77 6.29 12.62 6.89 4.0 2.54 4.91 11.8 9.05 9.6 4.3 3.88 4.73 6.41 8.29 12.1 7.09
11.27 3.14 5.23 10.53 16.31 10.96 9.51 4.66 6.27 8.36 8.61 11.07 4.18 2.81 1.84 5.24 6.38 5.99 6.26 6.55 13.66 23.95 13.77 4.74 5.64 6.65 10.68 19.96 14.31 11.28 9.05 5.52 11.94 7.93 4.75 5.6 7.93 5.66 8.67 13.61 9.69 6.29 2.77 4.1 7.05 9.18 4.96 3.43 3.41 2.44 4.15 2.02 1.82 4.52 8.88 6.99 9.44 10.44 7.89 7.19 8.56 10.32 7.22 7.2
9.21 5.2 4.99 10.37 10.17 6.71 4.78 2.89 6.44 10.39 11.81 10.43 9.95 3.04 1.77 5.5 4.86 9.33 7.81 11.2 14.52 14.73 11.24 9.78 10.87 9.53 17.71 18.68 19.92 8.66 8.06 9.39 14.27 8.28 3.44 4.29 8.03 11.05 15.59 17.27 12.89 18.53 4.93 4.47 4.74 4.18 2.71 4.29 2.11 2.79 2.3 2.17 2.37 7.27 5.7 1.87 5.65 8.65 10.36 17.34 14.8 7.02 5.22 5.29
7.18 5.13 5.54 7.29 5.52 4.98 3.0 2.25 5.12 13.87 16.55 7.51 5.7 4.41 3.16 3.73 3.62 5.92 12.67 13.74 15.73 11.3 7.73 6.6 6.93 3.83 7.86 6.32 9.22 7.0 10.94 16.9 9.99 6.54 5.67 6.97 5.64 9.87 15.37 15.54 12.99 12.88 6.42 3.99 5.11 3.65 3.31 8.07 7.28 3.2 1.94 3.59 3.99 5.31 2.54 2.12 6.08 6.32 28.59 36.38 22.41 9.14 6.98 7.39
5.12 5.02 5.7 5.03 2.44 3.69 2.63 3.05 7.48 15.58 20.42 10.31 6.97 5.17 5.69 4.92 4.85 4.21 9.29 11.58 9.06 5.43 6.28 8.85 6.09 4.41 7.67 8.31 4.95 5.56 7.72 11.37 10.63 3.3 3.98 8.99 5.28 7.04 11.3 17.1 11.5 11.22 7.4 5.18 4.04 7.72 4.85 7.35 12.63 5.51 2.48 5.11 5.41 4.05 3.73 3.46 4.49 8.56 24.42 21.9 10.4 10.35 11.26 5.5
3.25 2.97 4.66 6.25 3.26 5.59 4.69 5.77 11.72 11.93 14.99 7.31 7.02 8.34 12.76 6.45 5.69 6.47 8.39 8.2 7.69 3.09 6.77 6.56 6.14 4.73 5.59 4.35 6.26 4.05 4.71 7.39 5.36 4.31 3.93 9.97 6.83 7.76 9.23 13.46 10.81 9.84 8.29 4.26 3.54 3.42 5.42 4.49 8.38 4.42 4.04 5.46 6.98 6.91 4.63 4.4 5.24 7.56 7.28 9.21 10.71 8.42 11.66 7.3
8.87 9.58 7.13 6.06 4.87 6.3 5.77 6.86 9.58 8.87 7.29 5.97 9.1 10.66 12.88 6.44 5.47 6.46 9.86 9.38 6.59 3.28 4.01 4.6 6.91 4.3 3.22 5.05 8.9 5.15 4.27 10.4 3.9 3.41 3.96 6.23 4.71 9.22 6.86 15.71 12.5 10.25 6.7 3.89 4.01 3.64 4.05 5.31 7.13 3.39 5.2 9.17 9.8 6.18 4.09 4.07 9.95 10.65 9.6 9.57 15.11 16.12 9.73 8.31
13.33 6.16 5.23 3.83 3.57 7.76 13.58 12.88 15.11 17.36 6.59 4.9 7.02 11.1 7.53 5.01 5.57 6.43 16.35 8.81 8.83 3.17 4.2 4.77 4.26 4.53 4.14 6.15 8.14 8.41 6.94 7.24 5.9 3.27 5.0 6.85 5.33 4.73 6.37 13.27 19.51 9.69 7.79 3.32 3.35 6.62 5.26 6.58 7.27 2.61 13.28 14.25 6.22 4.38 3.89 5.74 8.47 12.46 11.37 10.06 13.2 12.72 9.52 6.2
13.09 8.6 5.21 3.87 6.48 11.42 33.49 16.11 17.42 24.74 17.45 5.41 4.02 4.47 8.25 6.92 4.12 10.83 12.13 10.62 6.59 4.48 4.6 3.85 2.11 3.92 6.55 8.23 10.82 10.53 6.76 4.84 5.05 2.79 4.63 6.22 5.36 4.74 4.77 7.58 5.2 5.86 3.08 8.61 9.1 7.2 5.22 6.85 5.1 4.17 7.89 10.03 6.5 5.96 4.32 4.23 13.54 16.2 6.09 8.29 7.92 10.83 9.01 5.08
7.34 3.91 3.09 5.3 6.12 14.45 34.4 18.65 19.35 16.9 17.23 8.16 5.95 6.84 9.57 7.3 6.14 12.75 15.33 6.95 5.69 5.46 4.2 4.9 3.95 5.33 5.41 6.05 6.95 6.77 3.61 4.73 3.93 2.52 3.0 5.43 7.78 7.67 8.11 5.66 7.93 3.4 8.41 13.9 14.08 5.76 3.55 5.31 4.17 7.99 11.07 9.37 7.22 9.18 6.04 8.35 9.08 11.04 11.36 4.29 4.05 5.94 12.85 4.75
11.43 5.44 2.89 4.69 8.72 17.03 33.69 23.37 14.36 13.94 12.48 13.15 9.37 7.76 14.28 10.29 11.39 13.03 13.81 13.67 15.12 9.25 8.06 8.5 2.99 4.0 4.78 4.88 3.47 5.21 6.09 4.51 5.66 4.36 3.32 8.54 17.94 10.67 10.13 4.06 3.61 3.77 5.25 9.27 7.41 5.0 4.55 7.41 8.76 12.51 8.65 8.98 4.55 6.03 4.28 5.17 9.39 17.42 16.32 5.54 3.69 7.8 8.98 5.81
15.35 14.07 5.76 5.93 3.64 9.59 8.91 14.57 9.1 7.35 8.33 12.8 13.22 8.81 17.57 13.48 13.59 15.96 17.9 13.66 23.01 10.96 14.32 7.42 3.49 4.48 5.29 7.56 13.98 6.12 4.22 2.92 4.69 4.12 3.67 6.69 9.31 9.17 9.71 4.79 2.66 5.28 5.38 13.67 19.79 7.26 5.97 14.02 9.2 7.81 8.13 6.08 3.92 4.0 6.18 5.81 4.92 18.75 16.24 10.11 5.01 4.47 6.99 3.33
5.97 4.28 3.34 3.31 5.64 5.16 6.84 6.35 10.74 9.36 5.66 6.03 16.56 13.78 18.8 13.39 9.87 10.95 8.97 8.48 7.89 13.11 9.77 4.91 4.1 2.9 3.94 4.38 12.87 3.44 2.12 3.7 3.24 5.39 7.25 12.82 7.51 9.48 6.97 7.57 4.16 6.67 7.96 16.42 13.7 9.38 6.14 12.12 11.89 7.46 8.11 6.58 3.68 5.64 7.38 10.3 8.86 9.08 16.62 10.92 7.37 5.44 3.61 3.66
7.15 2.71 7.15 3.9 6.81 10.64 8.42 8.94 5.62 8.2 10.33 6.57 15.48 21.0 16.49 15.25 13.43 7.83 7.29 6.27 9.58 6.95 7.32 4.46 2.86 2.93 2.56 4.24 6.9 2.52 2.2 2.71 5.82 6.47 6.92 11.51 9.75 7.84 6.44 6.03 4.2 4.33 5.37 10.23 8.91 10.53 6.15 7.54 11.7 6.14 4.74 5.17 4.69 8.03 10.78 4.61 13.95 20.49 15.67 9.52 7.01 3.07 5.03 2.56
6.05 3.49 3.33 2.97 6.61 8.35 10.39 8.48 8.05 7.44 10.07 8.92 11.15 26.29 15.79 9.37 11.0 5.6 7.2 11.63 9.23 9.9 7.55 3.29 4.54 5.13 2.78 2.4 2.98 2.14 1.55 2.83 8.98 8.47 11.02 14.72 7.95 7.61 5.61 8.74 3.61 5.11 1.9 7.11 7.33 18.45 11.23 7.42 10.46 4.7 8.39 6.27 8.87 5.38 9.04 7.46 18.18 24.93 12.01 16.15 8.32 3.74 4.28 5.2
11.38 9.3 5.12 3.21 6.7 8.45 8.54 6.42 4.46 4.53 7.93 7.34 10.37 10.65 15.41 15.38 8.08 7.14 6.3 15.37 15.14 14.17 14.08 5.89 5.26 3.62 3.35 3.3 3.26 2.42 4.53 4.6 4.27 5.78 8.68 5.53 3.67 3.84 4.57 6.01 4.12 3.14 2.74 4.26 5.02 20.84 23.67 8.52 5.7 6.16 6.5 5.02 10.09 6.18 8.87 9.32 24.94 20.29 25.15 10.1 5.42 4.64 12.53 7.11
14.08 7.56 8.39 5.02 6.28 4.18 5.86 4.07 5.24 4.96 8.8 16.38 6.37 12.71 13.09 12.22 8.41 11.36 14.87 15.24 22.94 16.74 18.02 15.33 8.14 3.5 4.07 3.28 3.48 4.31 6.44 3.52 2.76 4.18 3.69 1.88 2.19 3.57 3.57 4.35 5.9 6.16 5.35 7.85 8.31 12.81 11.3 7.37 4.35 2.8 3.03 5.54 8.56 9.89 9.69 11.66 17.28 14.17 17.36 10.88 4.97 4.35 8.88 7.5
7.36 9.93 7.46 7.41 5.96 6.04 6.22 5.04 3.97 5.49 6.9 11.6 7.94 5.76 9.06 7.87 9.82 11.5 14.18 16.56 28.8 10.32 15.01 13.81 9.22 5.27 2.77 3.4 2.9 4.32 3.56 6.61 4.63 2.1 7.06 6.67 3.96 3.07 3.37 6.19 7.19 7.58 9.5 15.55 10.87 8.41 6.91 12.69 5.67 2.34 4.89 6.06 12.29 17.86 18.65 12.42 12.44 12.35 8.24 5.93 4.49 8.73 8.27 5.3
7.21 10.44 17.19 14.28 4.77 2.85 5.49 10.23 5.83 3.55 4.5 7.1 9.84 5.76 5.46 9.69 10.65 13.95 11.99 13.06 24.61 12.65 8.8 13.11 18.24 6.11 5.01 2.79 4.51 3.04 2.44 4.06 2.57 4.81 8.93 10.93 3.18 2.76 2.07 7.96 11.07 8.47 9.76 20.36 22.56 15.48 11.7 9.2 5.88 3.04 3.95 4.74 11.38 25.77 17.43 9.24 10.02 7.99 6.83 4.36 4.03 9.35 4.97 8.36
8.85 12.15 15.82 9.54 3.91 3.45 3.77 10.65 8.48 5.9 3.41 6.56 7.51 7.13 5.89 6.38 9.67 10.6 10.99 6.0 11.14 7.91 7.9 11.68 18.21 8.29 7.65 4.57 3.69 2.39 1.62 1.25 2.91 6.43 11.59 10.57 2.93 3.51 2.26 6.02 10.67 7.25 8.77 12.0 10.89 14.27 10.32 7.98 6.31 4.35 5.47 9.73 11.04 23.61 25.05 9.6 10.79 6.52 5.65 3.16 8.12 11.38 10.69 5.32
15.44 21.46 19.77 6.83 3.93 3.38 5.85 7.33 7.14 4.88 4.35 6.49 7.2 4.69 3.29 5.74 13.35 8.28 8.86 9.36 8.68 7.86 12.6 8.9 11.47 15.02 5.39 5.48 5.5 5.01 2.04 1.21 2.84 5.52 7.29 5.52 3.54 3.95 5.11 8.12 4.33 5.7 5.6 13.63 9.9 22.67 12.1 12.99 9.33 8.74 5.5 6.66 10.5 18.32 17.73 16.1 8.33 6.64 5.91 4.07 4.45 8.1 17.14 11.07
17.65 26.7 11.58 9.03 6.48 3.22 8.57 9.01 4.88 7.11 13.52 7.21 20.53 4.33 7.93 8.19 10.04 9.27 9.11 11.81 7.05 6.95 6.16 9.32 11.62 19.55 6.47 5.92 2.36 2.55 4.46 2.65 1.8 4.3 6.11 4.8 5.59 7.5 13.33 15.42 6.76 4.5 8.24 11.52 9.61 18.22 12.12 8.83 7.72 10.91 5.86 4.41 7.32 9.49 11.92 8.83 7.27 3.97 5.43 3.87 5.0 7.13 23.35 16.27
19.02 34.23 24.94 14.06 7.63 4.72 8.76 5.36 4.77 8.51 18.49 16.66 11.28 4.48 6.74 8.17 11.04 6.52 10.59 6.56 9.85 5.61 3.36 8.54 10.6 10.15 6.39 8.82 2.92 2.16 2.99 4.57 2.38 5.78 7.06 8.78 8.74 8.2 10.06 13.31 8.18 3.44 8.25 9.52 12.17 9.46 6.82 8.63 9.79 7.73 6.23 4.73 3.86 11.68 8.2 9.87 6.59 4.65 5.71 4.92 5.86 5.34 14.1 19.83
11.15 19.23 14.27 13.91 9.99 2.17 2.92 4.02 4.53 12.43 24.29 22.35 12.18 3.51 5.04 10.66 10.46 7.15 7.25 9.74 12.61 6.63 7.54 7.16 10.08 16.1 7.91 10.32 2.31 3.14 3.01 3.69 4.3 7.39 20.58 12.08 9.1 12.34 14.62 8.37 5.0 4.64 10.4 15.37 9.19 11.03 8.11 8.29 5.81 12.1 11.06 3.47 3.99 9.11 11.98 6.63 9.24 6.45 4.08 4.48 7.64 6.92 9.77 11.77
8.23 7.76 8.54 8.51 9.69 4.49 5.05 4.09 5.61 12.77 31.3 24.15 12.41 4.95 4.66 7.42 8.84 11.44 8.41 6.75 11.52 10.69 6.38 5.34 7.42 8.54 5.28 3.16 3.2 2.0 2.83 4.4 7.38 28.51 18.02 9.23 13.45 11.13 7.13 3.61 5.54 7.54 9.83 8.83 6.16 8.58 6.56 6.24 8.36 16.09 9.64 4.98 4.24 8.67 9.78 9.08 11.22 8.64 5.52 6.05 8.92 8.1 6.37 9.98
5.9 11.96 13.05 6.44 6.99 3.99 3.25 2.88 12.69 14.54 19.06 26.52 13.1 7.7 6.32 5.74 7.32 7.35 6.25 10.94 8.6 7.77 3.26 4.28 6.47 4.57 4.86 3.23 2.31 3.25 3.24 2.36 8.46 20.06 14.66 7.48 6.89 6.45 5.01 7.86 11.17 12.81 13.7 4.11 5.48 12.21 10.38 6.05 4.65 12.04 6.45 4.76 3.79 3.99 4.75 8.82 10.14 8.0 12.74 9.42 7.65 3.65 5.12 9.24
11.85 11.7 7.83 4.12 4.32 3.51 3.82 3.6 10.42 15.41 12.63 15.6 11.19 11.19 7.05 5.25 4.51 8.06 6.68 7.25 7.38 2.27 4.37 5.1 4.3 4.66 5.12 5.97 4.45 2.41 3.68 3.7 8.46 21.76 9.3 9.79 6.75 5.25 5.3 13.18 18.55 23.23 13.07 7.77 2.36 8.2 14.71 10.37 4.64 5.61 3.85 4.47 6.06 5.54 5.75 19.0 20.34 8.47 11.68 11.44 5.71 2.66 7.26 9.28
12.39 9.61 9.07 5.95 3.56 2.78 4.27 6.76 10.36 15.18 10.02 10.19 9.93 8.28 7.73 3.57 4.08 7.76 7.9 11.16 4.85 5.88 4.89 7.54 7.37 2.67 3.77 5.12 5.82 2.94 3.63 4.08 4.81 11.59 16.25 7.48 7.67 5.26 3.45 6.57 6.54 21.19 12.34 4.28 3.63 9.07 10.68 12.28 8.62 7.57 3.8 3.05 5.91 5.55 17.0 23.74 21.69 9.46 13.63 6.68 7.17 4.06 6.27 7.51
9.54 6.72 6.34 4.28 6.14 6.9 4.86 4.59 10.44 24.03 16.23 8.11 6.17 5.74 5.08 4.56 4.96 5.67 9.98 10.87 12.77 9.89 5.33 6.32 6.49 3.79 3.63 3.96 4.7 3.69 5.08 5.13 8.72 7.41 6.79 11.42 10.06 8.34 3.39 3.82 7.72 12.38 13.69 6.0 5.13 7.92 3.4 9.33 9.94 4.35 4.08 7.5 3.93 5.63 10.32 25.31 12.97 11.08 12.51 8.69 13.7 4.72 7.8 4.54
8.77 7.31 8.94 8.47 7.8 6.08 8.39 6.99 7.25 11.79 13.32 7.28 3.64 4.15 4.4 3.22 3.31 3.51 7.79 12.93 11.49 14.93 11.27 5.68 4.91 3.01 2.81 6.58 5.49 5.76 2.74 3.66 5.87 8.56 3.94 5.82 10.04 10.16 4.88 6.47 6.61 13.12 6.9 5.76 4.83 3.92 4.84 4.81 7.66 7.19 6.97 6.31 4.81 6.26 7.75 10.65 11.49 18.12 10.24 13.44 15.1 6.13 5.35 4.25
13.49 8.34 13.76 13.93 8.29 6.78 6.84 6.28 6.45 13.58 9.89 4.25 4.87 4.13 4.81 3.33 3.59 3.15 7.99 8.33 12.43 12.9 12.38 6.43 7.23 2.8 2.86 8.56 6.08 6.13 1.82 2.76 3.76 5.95 3.3 6.71 8.51 7.21 5.36 12.79 11.65 8.56 9.92 5.1 3.96 4.2 3.99 3.54 5.28 5.59 8.75 6.54 8.1 3.1 3.66 8.18 8.25 14.64 6.96 10.12 16.98 4.5 3.45 5.51
8.48 10.16 11.62 10.21 10.98 7.41 7.29 4.15 3.66 8.11 8.14 11.15 4.91 5.69 4.31 5.6 3.77 4.16 5.85 10.01 7.3 7.75 9.53 15.86 9.75 2.9 5.98 7.04 9.07 10.01 4.5 3.58 6.54 14.44 5.91 7.46 8.66 6.85 5.17 10.56 5.68 7.53 10.14 5.14 2.92 3.46 4.81 4.52 6.31 7.92 10.65 9.07 9.95 7.26 5.3 6.43 15.5 10.99 7.49 7.04 11.42 5.3 3.35 4.04
8.01 12.71 11.53 15.87 20.42 6.62 2.75 3.67 4.52 4.03 7.33 12.57 12.88 7.24 4.95 7.03 5.75 7.32 4.79 7.54 14.59 7.72 5.29 7.91 15.07 8.33 6.35 10.29 13.06 28.19 14.54 4.36 6.0 6.97 5.07 5.52 5.22 9.15 6.72 8.52 5.98 4.5 6.11 9.62 6.54 5.31 9.05 8.19 8.01 13.32 11.33 11.98 11.44 16.4 11.41 13.29 11.25 10.8 7.78 7.39 5.95 3.72 5.4 4.7
8.19 11.4 12.78 17.54 16.24 5.46 4.71 4.75 7.85 6.1 6.48 8.55 10.47 5.66 6.26 7.35 7.61 11.16 7.72 9.25 7.43 6.9 3.24 7.46 13.49 12.97 11.17 10.2 17.94 23.79 11.47 8.97 8.47 6.12 5.18 3.42 6.56 7.25 8.46 6.95 5.83 4.76 5.3 8.27 12.72 7.99 7.29 12.45 17.84 10.44 6.96 20.27 21.45 12.7 13.79 17.66 8.39 8.41 13.74 10.9 7.38 5.84 6.58 4.55
16.53 20.18 20.15 15.42 9.3 6.42 4.15 7.27 9.12 9.72 8.19 5.3 7.7 5.08 7.87 8.13 14.99 8.11 6.77 10.09 11.21 5.43 6.19 7.59 9.02 10.86 12.29 15.99 18.67 18.44 11.81 8.63 10.11 5.02 3.12 5.55 3.51 5.92 9.0 6.01 4.28 2.63 4.15 6.04 6.73 3.71 4.94 19.37 15.59 5.34 6.44 30.14 11.68 8.55 20.98 17.63 8.45 7.57 14.45 12.09 8.97 5.47 6.56 6.06
32.78 48.29 20.78 12.93 5.59 5.17 5.14 8.99 9.8 9.92 13.87 10.61 4.62 4.97 8.94 10.59 10.97 5.89 5.55 6.45 5.92 8.06 11.73 7.09 4.38 9.68 12.99 14.43 14.35 15.2 20.18 11.36 8.83 6.81 3.62 3.48 2.62 5.75 6.95 7.95 1.9 2.3 2.05 4.76 5.27 2.94 3.09 4.92 12.69 6.52 6.16 14.44 11.72 13.33 16.26 12.74 14.23 12.54 11.5 16.5 9.94 3.76 5.42 5.43
32.65 22.33 21.43 10.86 9.76 3.78 5.55 7.64 7.64 7.19 6.99 8.03 11.88 6.61 15.04 15.54 9.72 3.54 2.93 4.59 4.18 4.52 8.37 7.91 8.22 7.79 8.19 11.35 10.6 15.36 17.04 8.36 9.71 5.66 3.13 2.07 3.68 3.07 5.32 11.19 3.21 2.66 3.63 2.85 2.91 4.59 2.17 3.36 7.28 8.13 10.71 8.47 19.96 10.16 10.69 13.41 14.91 12.23 15.11 15.51 6.28 2.62 7.85 7.37
8.32 10.28 16.81 12.78 16.75 9.28 14.15 11.8 7.93 6.91 7.99 17.59 17.73 14.56 10.13 14.51 5.85 2.95 2.66 3.57 4.2 7.1 9.51 8.8 3.53 3.36 7.66 6.53 8.34 13.46 15.17 8.85 5.83 6.32 3.3 3.92 4.33 6.08 7.15 8.18 4.23 4.62 4.21 3.38 2.98 7.27 4.87 4.92 6.5 5.91 8.21 7.94 6.12 6.81 5.92 3.37 18.99 11.38 13.59 14.12 4.77 5.9 8.73 7.5
8.23 10.97 17.45 14.11 18.58 20.44 23.23 11.94 9.21 3.55 8.49 12.26 12.87 9.86 6.16 4.65 3.58 2.36 3.54 4.02 2.66 4.93 5.44 6.47 3.49 2.34 2.82 8.75 12.76 17.65 11.19 8.47 11.05 6.32 8.91 6.1 4.33 7.66 4.37 6.25 2.87 4.0 3.32 3.92 4.49 6.83 6.57 10.05 10.45 11.7 15.44 6.0 4.83 3.47 6.29 5.24 11.28 11.17 10.29 10.84 6.59 6.77 11.53 3.51
12.66 9.28 12.79 12.68 19.35 14.12 22.48 6.42 5.29 7.87 10.72 8.81 4.9 6.13 3.65 3.36 2.71 5.3 2.82 4.35 3.74 6.51 5.59 5.96 3.01 1.78 3.73 10.42 19.48 13.36 10.26 8.89 9.17 7.0 8.79 7.14 5.2 3.59 4.03 4.29 3.32 4.63 2.87 6.21 4.4 6.44 7.27 11.35 19.64 19.28 22.54 8.8 5.29 2.87 9.42 8.42 9.63 6.72 11.62 7.56 7.06 5.1 6.57 4.16
12.21 10.06 13.81 18.18 18.87 16.37 11.55 5.87 7.51 7.34 11.76 10.32 4.63 3.41 2.89 3.23 3.6 4.95 3.64 5.33 4.08 5.85 7.45 10.06 2.91 1.78 5.0 12.12 23.64 8.89 4.98 10.7 14.48 10.46 12.16 5.21 3.84 4.65 6.52 5.21 7.23 4.77 4.3 4.1 10.1 5.91 5.0 24.91 20.43 46.09 28.21 24.92 9.73 7.6 11.53 4.06 5.6 10.49 14.81 8.84 12.49 6.98 4.86 5.33
10.46 8.83 7.17 14.38 13.15 17.55 8.84 5.52 6.95 5.77 6.17 11.23 4.65 3.59 3.5 3.15 4.33 3.91 5.66 4.91 4.08 6.6 7.47 6.2 2.56 4.05 3.45 4.5 12.22 6.99 3.19 6.12 10.23 8.97 6.74 3.63 2.98 4.77 4.66 10.5 12.45 8.1 4.52 5.04 7.14 6.61 9.16 26.7 45.24 38.57 21.96 15.51 9.98 13.17 6.36 7.0 7.51 17.0 19.25 11.2 15.21 5.96 3.91 6.39
9.38 8.27 6.95 4.42 10.82 17.03 10.95 11.02 7.55 9.11 9.26 8.51 10.17 3.46 5.57 3.34 4.63 4.49 5.04 4.59 4.72 3.88 8.79 7.11 4.34 3.92 6.05 5.83 4.69 3.63 4.9 8.2 6.83 5.02 5.42 3.72 5.74 3.73 4.06 12.95 7.27 5.11 6.94 5.53 5.91 8.26 14.41 17.72 31.97 33.45 20.69 8.13 14.5 11.98 9.02 6.42 9.6 19.66 21.22 30.67 10.44 6.3 7.24 7.16
5.82 7.57 9.68 7.07 10.49 22.87 10.35 7.75 7.56 11.48 9.64 8.48 4.17 7.72 4.82 4.01 3.78 2.83 8.28 5.96 4.52 5.62 7.5 8.56 9.81 7.37 9.77 4.41 4.69 6.56 9.75 16.32 5.79 7.05 3.19 3.41 2.7 6.36 4.77 4.17 4.61 7.07 12.26 8.84 8.14 14.9 11.48 22.88 23.75 29.77 26.91 19.6 20.61 22.74 12.39 8.14 11.85 11.86 30.66 27.7 20.42 8.21 10.88 8.1
6.67 7.33 14.17 14.3 21.06 13.21 8.53 9.91 15.92 24.22 17.7 9.13 7.05 5.68 4.12 2.43 3.42 1.83 5.12 9.26 6.55 10.62 14.83 8.66 11.22 8.1 3.95 6.39 4.7 6.53 11.7 17.08 8.13 2.04 2.15 2.49 4.09 6.06 5.19 3.64 3.42 8.25 6.12 7.46 9.61 11.75 20.75 31.9 24.66 25.18 20.3 26.2 27.84 12.78 9.71 4.84 10.93 13.47 23.01 22.15 18.18 11.55 23.07 11.6
12.99 9.58 11.12 27.52 20.24 9.47 12.38 18.95 21.21 20.04 23.42 8.12 4.96 3.9 5.17 3.55 3.75 3.12 5.94 10.91 9.05 6.15 8.11 10.36 11.42 8.74 2.4 5.55 5.12 7.66 10.25 9.6 4.61 3.76 2.42 2.61 4.7 4.05 5.81 1.99 3.32 6.85 5.3 7.96 13.69 18.5 23.62 29.55 31.03 17.4 19.54 14.16 23.51 11.51 9.66 6.9 5.76 13.12 14.71 11.44 16.2 12.51 17.91 9.0
8.82 10.29 7.18 8.69 13.72 9.34 12.88 11.27 16.42 18.06 17.7 7.65 5.63 5.06 8.22 6.33 6.12 4.14 4.41 7.25 7.35 11.78 11.02 10.48 11.71 7.67 4.09 2.71 5.72 10.62 3.96 3.97 2.69 6.22 7.11 4.31 5.16 3.59 5.56 3.67 5.79 6.07 7.01 7.46 19.24 9.46 12.08 22.0 12.8 16.62 8.9 13.39 8.12 6.25 7.75 7.51 9.47 7.65 8.36 5.6 10.81 12.53 10.23 6.36
5.92 9.13 9.01 7.86 7.79 14.27 12.08 9.42 12.9 12.02 7.29 3.52 3.84 4.59 4.56 6.13 5.38 4.94 5.75 6.97 18.09 18.81 23.03 16.55 10.08 9.1 2.22 3.55 5.9 11.01 4.59 5.67 5.88 8.53 6.01 5.08 2.67 3.48 3.16 4.29 7.87 3.13 4.59 9.76 6.91 4.08 7.73 7.7 7.92 16.48 13.56 10.75 5.02 5.08 3.17 4.51 12.26 11.4 8.4 5.52 9.31 6.99 11.49 10.42
9.79 6.92 6.18 4.21 7.09 8.82 6.31 5.39 5.35 3.65 4.97 3.71 2.76 2.15 4.79 4.02 4.32 7.2 10.59 22.26 25.03 26.85 17.84 17.78 11.11 5.16 2.49 3.78 8.41 8.02 8.25 7.56 4.63 4.03 7.05 2.21 2.33 2.01 3.41 4.51 7.18 3.78 4.08 11.08 5.83 2.98 9.23 6.49 11.35 9.89 7.7 9.97 4.05 2.92 2.83 3.93 12.63 13.81 7.66 10.65 8.89 6.89 12.4 11.16
7.73 6.6 7.31 3.49 3.83 9.4 6.53 7.51 4.37 3.08 6.3 7.22 3.23 4.66 4.18 6.48 3.39 4.9 11.24 22.87 15.28 17.83 13.04 13.21 12.62 6.59 3.76 5.21 14.28 10.39 8.58 8.95 4.15 3.48 4.35 4.49 2.29 4.11 2.78 6.84 12.24 3.74 3.41 5.09 7.17 5.7 4.25 5.23 5.81 6.84 4.7 11.7 4.06 3.13 5.01 8.34 8.7 10.05 5.54 5.22 5.81 6.8 18.45 10.75
14.17 7.48 5.14 5.14 6.75 5.6 12.48 6.11 4.52 3.21 5.76 9.16 4.63 5.02 6.0 10.07 6.02 3.08 5.69 11.5 8.41 10.8 17.36 12.63 21.87 12.39 4.17 3.91 7.97 5.22 9.04 6.76 4.67 4.58 5.14 4.69 3.04 4.02 3.36 6.31 10.58 7.2 3.3 4.81 4.4 4.89 6.09 5.26 6.69 4.86 5.01 17.62 4.98 5.47 9.96 8.72 16.86 6.24 4.17 2.87 4.18 12.22 23.92 13.62
14.1 8.05 10.4 6.82 5.5 7.15 11.16 6.13 4.66 8.94 15.21 5.77 6.03 6.35 7.85 10.46 6.83 5.75 6.63 6.56 7.14 17.31 20.92 21.07 12.76 9.66 3.99 4.12 4.65 3.96 4.89 4.75 4.5 4.77 7.67 4.4 6.39 7.77 6.78 8.82 9.28 13.99 5.84 3.48 3.09 5.2 5.53 9.09 5.96 3.37 4.39 8.84 11.81 6.92 9.79 8.58 10.62 11.64 3.54 2.23 5.21 11.74 34.08 18.08
7.2 16.21 9.08 5.59 6.75 6.09 14.94 5.34 7.35 17.42 13.86 5.46 4.94 6.89 7.87 16.28 17.53 10.14 7.84 11.45 12.36 12.83 10.78 23.31 16.3 6.4 5.87 2.27 4.18 6.06 6.08 6.98 6.16 7.59 7.73 5.87 7.46 8.67 6.57 12.47 11.23 6.95 7.75 4.76 4.03 10.28 13.62 14.65 7.12 4.83 5.83 9.71 12.88 11.13 9.05 8.3 10.71 6.09 4.33 5.27 9.07 14.73 21.46 15.58
13.47 12.8 7.48 3.76 3.93 5.09 10.25 8.86 10.06 9.94 21.74 11.83 10.28 16.05 17.56 38.82 17.46 10.47 10.19 6.22 8.99 9.57 12.74 16.07 10.97 5.53 5.2 5.26 3.85 6.49 5.12 8.91 5.19 6.16 4.34 6.1 4.82 8.17 10.07 21.31 25.53 5.05 6.99 6.52 5.15 7.57 28.52 20.48 9.63 7.29 4.73 8.76 13.81 17.99 12.16 8.42 11.86 9.1 4.23 6.32 10.01 13.06 16.78 20.44
11.23 6.05 7.39 6.58 3.16 2.93 6.57 12.13 31.12 27.31 24.79 19.08 12.42 14.29 22.62 20.26 10.58 8.75 12.54 5.77 7.3 17.29 18.19 14.81 12.59 5.95 5.31 4.7 11.99 6.82 3.51 9.57 9.86 7.63 10.75 5.99 7.48 10.8 11.26 13.05 10.54 4.23 3.8 5.98 7.03 7.92 25.84 15.22 12.72 4.53 5.16 6.44 14.11 9.95 14.63 9.71 5.15 7.92 5.89 5.96 6.72 6.04 11.09 26.8
10.61 6.33 4.52 4.52 4.89 3.45 2.82 7.57 16.6 29.95 16.52 12.07 8.56 9.85 11.9 18.29 15.18 15.56 6.9 6.58 8.24 12.67 10.64 8.19 9.56 12.01 3.89 2.13 6.83 7.29 5.8 6.98 6.45 12.28 11.49 8.33 5.2 10.4 5.44 7.15 6.47 3.76 4.41 8.05 7.85 8.37 12.0 13.87 7.66 2.26 1.9 4.78 9.56 7.73 11.04 9.37 3.62 11.22 8.49 7.62 5.21 8.84 15.81 31.22
10.1 7.21 3.62 6.6 5.75 2.35 4.37 7.83 22.7 12.99 11.91 11.99 8.81 13.19 8.76 11.75 9.58 12.64 9.64 8.0 8.15 8.53 6.07 6.72 10.92 8.18 4.11 1.37 5.58 7.72 13.29 10.54 3.91 5.98 7.55 7.21 5.61 6.53 2.93 4.79 6.11 4.2 3.98 4.75 6.35 6.12 8.34 5.68 5.35 1.58 1.74 5.9 4.12 6.75 13.51 6.67 5.15 6.88 16.91 7.76 5.98 5.98 11.77 24.06
10.9 6.74 5.39 5.34 2.85 2.75 3.67 8.92 8.13 12.36 6.63 6.89 10.83 8.87 13.95 8.94 7.68 16.65 14.67 13.81 10.24 10.02 7.07 7.71 8.74 14.36 4.36 2.76 4.08 8.19 25.83 9.22 3.65 2.91 5.8 3.64 5.22 5.14 3.46 4.3 4.27 6.62 4.5 3.1 4.04 8.46 8.57 7.77 3.92 1.84 3.36 5.55 5.46 4.27 4.65 4.47 3.21 3.94 4.67 6.23 5.08 3.38 8.67 9.26
3.84 5.56 4.27 4.37 2.25 2.13 5.29 9.92 6.69 7.03 3.99 5.0 6.6 6.93 9.71 5.7 5.21 6.73 9.81 9.66 12.01 13.47 7.21 11.7 6.32 4.81 4.42 3.46 5.31 6.8 13.91 5.56 3.75 3.83 3.17 3.01 6.19 5.39 4.79 6.33 6.47 5.2 4.13 7.69 3.67 8.13 8.26 6.06 2.88 1.5 2.71 3.34 3.64 5.51 5.21 4.4 4.91 3.97 4.4 5.77 4.19 5.85 13.99 14.48
3.37 3.68 4.45 6.13 2.77 2.63 4.62 4.91 7.04 2.8 2.95 2.83 4.65 3.81 5.76 4.14 3.91 5.01 4.52 7.41 12.0 11.8 8.08 8.51 11.16 8.89 4.61 3.79 4.49 9.01 9.98 5.69 4.8 6.47 4.6 6.38 6.46 5.02 4.63 8.97 5.61 5.03 8.73 9.05 7.53 12.94 6.4 2.44 1.33 4.1 4.76 8.01 5.4 6.61 6.98 3.55 5.2 3.84 4.0 7.09 10.31 15.27 15.35 9.94
5.44 3.6 3.99 4.49 1.88 2.89 4.96 2.75 3.33 2.49 2.64 5.51 16.69 6.72 4.16 3.43 9.37 7.78 6.4 8.02 13.04 8.44 5.29 6.92 9.27 10.73 5.06 5.87 7.57 6.64 6.08 5.96 4.49 6.27 5.61 7.64 7.29 3.75 10.53 12.66 8.65 7.8 9.19 18.14 13.22 11.41 4.69 1.45 2.39 2.58 5.21 6.82 10.54 5.08 4.91 4.33 4.32 3.92 5.25 6.8 17.45 11.35 12.72 14.76
