7.47 4.02 4.02 4.36 4.79 6.1 6.62 5.77 6.95 9.4 12.33 24.31 7.01 7.45 7.33 5.71 5.93 10.82 10.17 8.18 7.45 12.74 16.87 18.63 17.04 15.45 12.97 19.35 8.01 6.05 4.59 7.6 11.5 7.25 9.23 10.09 15.78 23.85 6.23 16.06 18.57 9.38 5.66 6.16 10.87 7.94 7.89 5.74 7.89 7.33 5.64 6.62 6.84 6.72 10.65 9.16 6.57 3.64 4.16 5.3 8.01 5.73 8.57 6.38
3.19 2.78 3.9 4.12 3.36 7.0 6.28 6.04 10.2 14.6 21.54 16.95 4.97 7.32 12.21 3.83 5.57 5.66 8.18 9.87 4.72 15.31 16.64 25.28 11.0 10.1 6.79 8.31 10.09 8.02 2.13 5.55 7.93 6.06 10.29 9.19 7.94 13.47 8.97 10.77 18.11 16.63 6.22 13.34 10.26 9.06 9.57 14.96 12.48 10.79 3.67 3.53 9.68 8.19 16.83 7.43 2.66 3.38 4.43 5.92 8.28 11.86 13.52 7.23
3.18 3.94 4.24 6.01 3.38 11.13 8.1 5.62 5.44 8.65 25.57 12.24 7.35 4.41 5.35 4.83 6.51 8.65 10.07 11.44 7.4 11.55 9.81 8.08 6.24 17.36 7.46 5.71 6.27 3.42 3.77 2.3 6.46 3.74 2.74 2.83 4.57 14.15 10.64 14.89 20.16 22.19 9.86 12.66 10.86 6.5 8.69 8.15 10.03 14.74 9.48 6.6 9.85 9.74 10.05 5.85 4.67 2.96 3.2 3.79 8.9 8.53 6.9 7.22
4.87 3.13 7.21 3.73 3.76 11.59 7.65 6.01 4.46 9.45 16.21 8.79 4.91 3.23 9.91 6.09 7.26 15.35 8.28 13.37 12.68 13.07 5.26 6.78 9.14 24.49 22.55 6.24 4.2 7.65 2.91 4.25 8.28 8.24 2.69 2.19 3.42 6.23 8.62 13.81 26.53 22.21 11.04 15.62 8.18 9.48 6.99 15.24 11.57 14.74 22.0 10.17 10.06 9.22 6.38 6.6 3.21 2.92 3.54 5.52 11.92 7.53 5.83 7.63
3.84 3.06 3.1 4.57 4.16 8.82 5.21 4.24 4.44 12.85 22.86 6.17 7.08 4.25 8.98 9.29 7.19 13.25 8.63 9.76 12.46 9.7 5.59 3.72 7.38 17.74 20.4 6.3 6.71 5.06 3.22 3.64 6.58 8.03 4.25 3.54 4.28 6.93 4.44 11.12 19.33 18.12 19.16 9.6 7.02 4.79 4.78 8.59 9.82 6.17 10.85 16.16 10.97 2.84 6.82 4.32 3.42 7.84 5.47 6.87 9.67 8.66 6.04 7.74
5.01 4.31 3.98 4.82 3.86 8.97 7.25 6.33 9.77 26.07 19.76 11.98 11.17 6.27 6.39 7.0 5.33 13.61 12.09 11.92 8.68 10.8 9.12 2.34 5.42 7.18 18.34 12.18 8.79 7.43 2.1 7.48 3.85 5.98 4.72 1.74 5.44 4.91 5.49 11.29 17.21 23.7 11.71 7.52 7.38 10.83 4.49 3.88 4.66 3.87 10.36 19.7 8.71 5.38 3.19 4.88 3.58 4.6 8.26 6.98 8.05 9.92 8.96 10.29
6.1 7.14 4.84 4.07 4.96 9.75 9.9 5.32 12.27 7.36 8.89 10.72 9.52 7.19 3.4 1.78 4.9 6.75 8.56 6.78 15.22 9.89 11.31 6.95 6.01 5.03 11.13 10.93 16.29 4.87 3.19 9.78 7.27 8.26 6.24 4.41 7.84 4.71 3.28 5.65 20.31 12.02 12.69 12.67 8.22 6.63 5.0 3.31 7.38 7.31 7.97 9.06 6.06 6.63 7.3 10.1 5.48 6.43 10.06 16.55 9.8 13.37 9.16 12.08
24.1 14.05 11.61 6.15 5.15 18.94 14.68 9.42 7.08 13.95 15.92 13.41 5.89 6.44 3.74 2.71 8.43 3.79 3.46 4.08 9.2 13.05 13.39 8.84 6.24 1.95 3.27 8.39 8.3 9.89 5.51 7.2 9.78 5.94 6.03 9.17 5.64 6.18 3.6 6.48 9.86 7.72 8.7 19.23 7.78 3.73 3.14 3.67 4.18 9.72 17.71 8.83 4.58 5.76 13.37 14.52 6.26 9.86 11.0 12.04 12.0 8.63 11.39 13.57
10.54 13.74 26.08 9.85 9.78 13.12 14.65 12.45 12.16 12.21 12.17 11.37 8.0 14.46 10.93 3.39 8.2 4.63 3.74 6.29 4.21 12.45 8.66 4.62 8.87 4.29 4.2 4.38 8.94 7.62 4.6 5.55 12.35 7.79 11.04 5.98 8.54 8.92 6.74 5.31 6.11 12.73 10.28 28.51 12.43 4.21 4.32 5.4 5.75 7.89 8.7 7.92 5.44 4.27 9.79 6.82 7.74 8.93 12.21 16.16 12.51 8.98 8.07 8.39
6.36 8.52 11.23 9.6 11.93 11.1 12.94 14.19 15.21 18.71 12.01 26.29 8.93 14.27 13.65 7.03 8.66 5.14 5.14 4.1 7.39 15.31 3.9 3.8 4.29 9.08 6.79 9.57 6.52 6.03 7.46 5.86 14.3 5.71 6.48 5.2 8.51 9.91 5.95 7.25 8.36 10.11 14.22 13.2 15.39 15.09 6.52 7.04 9.08 4.53 14.29 11.57 7.27 4.53 3.36 4.79 7.28 4.9 11.1 8.02 9.98 5.27 5.38 3.89
11.05 12.51 22.73 16.63 12.13 9.27 5.18 14.78 21.65 28.4 12.99 14.04 19.83 14.69 35.4 8.07 6.07 5.36 6.19 15.87 27.25 14.36 6.73 7.08 6.71 10.7 17.22 9.76 7.56 4.97 8.15 6.44 21.13 4.72 7.31 7.84 9.33 9.69 5.47 8.55 8.44 7.94 15.13 10.74 11.58 7.48 8.74 12.42 12.5 7.09 5.97 4.2 5.89 5.59 4.34 3.42 5.89 5.57 8.67 5.53 4.64 3.48 5.74 7.41
7.33 14.2 14.35 15.0 16.09 7.58 7.02 4.23 10.1 28.74 10.81 12.08 12.44 14.11 11.66 7.32 5.62 7.45 11.52 12.6 8.01 7.58 12.75 7.21 6.47 6.58 6.36 8.59 8.24 5.49 7.36 8.58 19.55 8.75 7.31 16.55 22.8 23.03 8.4 4.23 8.8 3.23 20.16 14.01 10.28 12.65 8.61 7.81 6.15 7.1 7.11 5.65 4.54 2.35 3.71 3.77 6.24 11.33 5.86 6.23 6.05 4.19 5.28 14.5
5.45 18.32 16.3 14.21 5.47 5.64 7.61 5.32 19.32 31.56 18.92 9.35 14.6 8.98 7.18 7.0 5.92 6.19 10.51 8.98 10.27 9.9 8.63 7.11 6.8 4.34 3.89 7.12 10.82 8.77 4.65 3.58 10.44 12.3 11.71 19.25 15.97 10.4 5.41 7.02 9.05 5.2 7.0 10.26 8.57 10.19 13.11 7.89 9.45 9.38 6.07 5.18 3.74 3.34 3.99 5.0 6.56 5.9 9.36 23.44 18.74 16.7 7.08 7.62
9.08 16.1 13.6 10.55 4.68 5.46 6.0 8.28 12.74 16.2 19.26 11.49 7.3 12.87 7.87 15.49 11.55 7.64 7.5 12.65 13.98 6.44 6.93 6.15 4.27 5.73 4.61 7.01 11.79 7.78 5.96 3.33 5.24 9.52 8.98 16.41 7.37 8.97 8.74 5.82 7.69 1.92 6.22 9.57 6.49 12.91 8.65 8.28 8.27 10.19 14.98 11.66 5.19 7.6 5.62 7.77 8.25 6.78 11.16 15.77 17.58 18.46 6.56 7.07
16.18 13.83 12.75 8.52 5.64 7.71 7.77 13.01 16.18 17.7 17.02 6.82 6.85 4.94 6.3 9.39 8.04 13.1 8.35 12.06 17.08 11.16 7.35 5.31 5.17 4.7 1.91 2.98 5.38 8.12 9.8 13.61 6.88 7.08 4.94 5.79 6.22 5.61 6.07 4.57 3.68 4.3 5.62 8.14 7.01 8.25 10.03 18.61 7.66 4.51 9.05 8.49 5.27 8.4 9.52 6.25 8.32 8.88 6.55 12.17 14.3 29.12 10.27 17.58
10.52 19.01 11.84 9.79 11.6 9.02 6.68 8.66 11.42 9.12 6.35 6.79 3.92 7.77 5.02 4.65 6.01 9.08 10.2 7.55 11.7 10.5 9.3 6.46 9.2 6.11 1.85 3.63 4.49 3.65 9.16 20.63 13.01 5.23 3.96 4.59 10.29 15.35 8.13 11.91 4.92 6.53 6.37 12.22 8.07 8.72 7.47 9.99 7.35 3.35 10.13 8.51 5.36 9.93 11.82 9.87 4.99 6.39 13.01 21.31 16.71 16.49 8.67 17.7
11.39 19.1 18.12 6.45 9.13 9.0 6.87 8.75 15.25 11.76 13.85 5.89 2.39 3.78 2.16 6.61 6.65 8.47 9.06 4.82 5.23 9.11 7.25 9.56 5.44 5.53 2.25 3.01 2.96 4.04 6.51 12.27 10.57 5.44 5.97 9.75 20.26 10.69 6.24 10.97 4.15 8.69 7.32 10.11 10.81 37.74 19.29 13.68 9.49 7.43 7.6 19.46 9.42 14.54 24.3 10.01 9.73 6.68 10.93 24.83 16.83 9.5 5.56 9.99
10.23 18.46 17.13 12.18 10.88 12.39 9.55 5.69 12.24 18.05 16.78 5.7 3.09 5.01 5.96 7.33 6.37 7.84 15.53 9.72 6.99 10.08 8.22 5.33 5.03 7.54 3.54 5.8 3.28 5.09 4.78 7.85 13.97 7.56 9.16 7.42 8.12 15.4 11.36 8.56 4.73 6.27 9.35 11.23 10.38 29.38 25.74 9.55 15.26 16.08 16.69 23.1 12.36 18.82 16.18 6.33 5.17 8.79 16.75 21.3 18.94 9.36 8.2 13.38
8.49 22.98 10.52 9.73 8.55 11.35 11.73 11.94 4.57 11.28 13.67 8.3 15.05 7.55 6.2 5.52 6.14 9.16 7.25 5.44 4.35 11.09 6.61 3.88 7.55 7.05 2.55 6.23 6.13 7.59 10.86 11.4 6.11 7.19 6.64 5.62 9.48 9.12 8.22 8.0 9.05 10.73 9.55 9.1 7.94 52.0 64.61 25.14 15.94 9.78 13.7 14.67 12.76 16.91 11.48 3.75 4.96 10.84 9.78 10.55 14.56 10.58 15.03 9.08
4.89 12.99 11.13 12.38 14.57 11.96 27.83 13.16 6.99 8.04 17.06 19.9 19.7 10.18 11.06 5.35 5.41 5.96 4.53 7.28 5.35 8.66 9.95 4.8 6.02 2.78 2.54 3.83 5.78 10.42 7.01 5.3 5.01 3.69 6.04 4.83 3.76 2.89 6.57 8.98 7.25 9.43 13.55 10.82 18.22 32.76 70.77 31.01 25.53 12.85 8.1 7.05 7.86 15.33 8.85 7.77 12.16 8.54 14.33 10.11 9.78 14.27 13.69 7.31
5.07 6.91 12.09 6.75 13.02 17.69 10.65 16.56 5.31 11.61 20.34 11.71 20.54 15.69 15.28 7.74 9.81 6.84 9.37 12.03 5.12 7.57 10.86 10.14 4.98 7.21 3.0 2.66 9.67 5.19 6.2 4.9 3.82 5.5 3.05 5.2 6.08 3.75 11.63 8.01 4.87 6.43 10.71 19.59 18.14 34.22 39.49 18.69 22.83 9.24 11.77 13.2 21.61 13.44 6.07 4.94 9.21 10.49 10.83 11.73 14.37 6.77 14.03 11.53
7.72 5.68 5.3 4.73 9.85 14.11 11.85 6.66 6.63 13.02 12.79 11.4 17.67 7.83 9.82 8.72 8.59 16.51 15.19 15.3 9.67 4.8 6.18 3.63 5.09 5.39 8.92 8.21 8.11 2.91 5.51 7.09 12.1 6.91 2.73 3.96 9.52 7.1 6.33 6.19 4.18 4.72 16.31 13.46 24.38 32.4 33.18 21.47 17.69 15.8 23.56 14.31 10.98 10.1 12.24 5.68 11.43 11.31 5.41 21.14 24.58 6.21 14.88 6.8
5.92 5.59 4.81 5.14 7.8 8.15 10.03 10.12 9.55 18.86 13.74 12.88 11.93 9.43 9.57 10.56 7.27 9.96 12.34 7.5 8.31 3.02 2.79 3.39 4.42 3.71 7.69 11.11 14.74 8.45 7.16 12.33 12.56 13.13 4.9 3.25 13.38 7.35 7.48 5.44 4.14 4.67 7.3 9.7 17.84 26.64 13.58 8.47 17.28 14.63 17.59 16.24 16.0 13.29 13.44 5.42 5.8 8.09 5.95 13.11 11.49 8.91 6.04 11.23
9.37 5.93 11.43 9.88 9.98 9.93 16.63 11.15 9.56 22.02 23.71 15.88 12.9 10.48 8.49 7.32 11.64 6.93 11.43 8.34 7.29 4.22 3.89 4.14 8.56 4.7 6.97 7.4 17.51 8.3 8.44 7.52 6.24 11.57 6.79 4.54 8.04 4.57 6.01 6.72 4.63 7.33 3.64 5.49 18.41 32.99 12.28 7.88 10.18 5.5 8.46 9.56 6.1 7.6 10.46 11.94 8.19 4.34 3.9 4.23 6.39 10.19 8.49 10.83
6.42 6.54 14.23 14.23 14.52 17.1 9.71 9.66 11.1 14.96 13.1 8.14 19.07 21.68 9.6 10.19 13.25 15.2 10.64 14.91 12.96 6.29 3.87 4.4 7.85 9.47 5.14 9.02 22.83 12.02 10.24 9.79 5.03 13.19 5.63 4.56 5.85 3.63 8.49 5.18 9.6 5.37 4.89 9.03 10.24 33.91 6.26 8.53 3.34 6.04 4.51 9.4 11.56 9.45 9.16 10.76 7.8 6.57 4.97 5.32 5.55 12.84 12.11 13.06
6.0 13.67 8.74 5.55 12.17 10.49 16.31 23.43 11.9 17.94 14.86 8.42 24.08 20.49 18.75 9.69 11.62 9.86 8.28 13.53 8.67 9.76 2.96 2.88 8.27 10.86 5.28 11.98 10.49 16.35 12.11 11.96 7.52 8.87 10.8 11.75 10.07 3.49 4.02 8.08 10.55 9.85 6.13 4.53 5.42 13.32 7.43 6.83 7.44 4.51 2.22 5.04 5.46 6.49 13.7 15.59 8.87 4.2 3.89 16.62 10.68 17.86 18.52 6.11
7.95 14.31 3.38 3.12 5.28 24.2 23.89 17.87 10.1 8.88 11.71 14.03 8.24 43.33 18.81 8.99 12.69 10.56 17.09 10.52 11.67 15.4 6.1 12.26 6.31 11.0 5.06 4.97 12.07 18.41 14.11 15.76 12.47 7.66 11.45 14.29 8.87 8.05 6.63 6.85 9.47 13.33 8.09 5.77 6.73 4.57 2.35 4.8 4.05 4.6 2.38 5.96 5.09 3.59 9.8 11.9 10.2 4.25 3.8 11.99 4.7 8.08 10.11 5.49
11.64 9.42 5.65 5.02 6.62 19.61 14.64 11.94 12.24 6.2 7.24 5.75 7.05 16.26 14.58 14.2 11.62 14.63 8.24 7.26 7.23 10.82 24.48 38.14 7.53 6.33 3.32 6.18 10.32 7.95 18.18 12.85 13.84 11.31 10.61 8.59 8.83 8.34 6.6 9.59 12.19 19.05 16.47 9.1 9.5 6.71 10.54 8.26 7.57 8.75 7.24 8.27 6.84 6.93 16.16 10.96 8.37 3.46 2.84 16.36 12.39 11.28 5.81 3.47
13.32 13.21 5.77 4.86 4.24 9.32 8.47 5.75 5.92 5.0 5.45 14.85 8.31 7.12 10.99 14.94 17.64 11.84 4.79 4.25 12.12 10.32 19.15 25.92 8.76 6.25 7.01 12.57 5.15 5.77 8.24 9.92 10.47 7.45 7.79 7.82 12.67 9.26 8.26 20.41 13.36 16.91 13.38 11.71 14.98 12.58 10.37 5.98 5.13 10.45 16.64 8.15 10.81 6.32 7.71 9.34 7.49 7.48 4.0 17.08 9.79 7.84 8.35 4.94
4.51 9.38 9.3 5.75 4.1 2.74 2.52 3.99 7.54 8.93 6.64 8.41 4.32 8.75 12.86 17.25 18.15 9.82 5.44 7.61 11.75 9.07 13.25 17.05 11.41 6.54 7.72 14.34 12.36 7.44 9.1 15.29 16.08 9.57 11.71 13.82 10.96 10.31 12.88 19.59 15.69 12.31 15.36 23.95 15.97 6.67 9.59 4.39 5.55 3.79 6.44 9.1 8.46 5.96 9.2 7.84 3.3 2.98 4.44 6.78 7.25 7.48 9.18 8.57
8.15 5.71 8.5 5.68 4.85 6.48 3.16 3.17 5.76 6.54 7.05 11.48 10.2 13.78 6.72 13.23 14.89 7.91 13.07 12.92 19.59 13.32 10.92 7.49 8.6 7.99 6.61 11.66 11.15 9.95 8.05 11.0 8.22 9.37 13.92 12.78 16.99 14.16 14.5 21.97 18.97 14.25 16.72 6.67 8.15 5.12 11.5 9.23 3.04 2.36 4.72 5.67 7.38 4.12 4.93 4.22 5.66 4.29 7.21 7.82 7.32 10.5 12.76 9.8
8.93 5.13 7.83 6.55 5.5 4.57 2.22 3.58 6.87 8.17 12.33 17.83 18.25 12.33 12.43 11.93 20.43 13.26 7.76 13.61 29.29 16.07 26.53 14.89 5.2 8.06 6.99 9.82 24.44 11.79 14.16 8.12 8.95 10.93 12.44 8.62 17.77 19.52 15.18 15.86 18.5 9.85 11.28 8.44 6.68 9.16 13.7 7.95 3.64 1.97 3.41 2.7 5.62 5.35 4.73 3.18 4.16 2.05 5.67 5.84 7.99 6.79 6.11 5.75
6.49 5.35 4.72 7.78 7.08 8.46 9.65 3.7 6.87 5.51 15.22 10.9 12.79 11.98 7.75 6.36 15.9 15.37 7.15 10.69 19.04 11.56 17.17 11.18 7.56 7.81 10.26 18.86 18.65 25.2 10.67 8.4 13.95 6.97 11.7 3.96 9.05 10.67 7.1 9.04 9.41 9.57 12.64 8.87 17.71 11.57 14.26 17.58 3.82 4.1 3.19 4.75 5.61 4.47 5.21 2.99 2.73 3.37 5.65 3.63 9.93 5.27 5.95 7.7
9.51 7.75 7.77 5.06 5.89 9.82 6.09 5.89 9.24 8.27 18.73 11.47 10.71 9.15 9.74 2.67 10.58 7.12 9.7 10.94 8.72 15.04 11.16 12.09 4.97 6.19 6.76 10.55 17.21 11.52 9.4 15.14 14.0 8.08 6.12 2.71 4.08 9.96 14.41 5.75 4.25 8.53 5.34 15.53 18.35 9.02 7.93 4.44 3.76 3.81 5.85 7.32 7.0 4.89 5.05 4.27 2.7 3.42 5.71 4.37 3.9 6.02 5.02 12.81
6.58 8.62 12.48 8.38 7.19 7.12 3.97 9.66 10.27 7.64 12.12 8.83 7.0 6.19 7.61 4.65 7.5 9.59 11.5 9.33 9.5 17.13 9.49 6.1 5.67 4.41 7.2 10.91 12.18 9.46 6.49 13.94 13.16 18.98 13.69 4.69 3.65 7.47 8.36 10.76 8.5 16.19 16.8 17.77 14.8 20.8 6.59 5.3 8.39 3.93 4.09 5.61 7.86 7.42 7.73 5.45 4.0 2.15 2.64 3.12 3.89 5.3 4.92 6.14
5.38 7.32 6.87 5.44 5.93 5.91 4.99 10.32 10.34 12.99 16.45 12.73 9.44 5.05 8.49 5.81 4.68 4.58 3.54 9.03 14.58 13.86 4.18 6.4 6.2 4.81 7.95 7.94 7.53 6.52 4.85 10.94 12.2 17.36 17.71 8.78 2.11 3.23 7.77 11.96 7.21 3.94 6.55 20.14 10.66 20.57 7.87 7.44 9.34 5.19 10.72 9.24 10.04 9.66 4.62 4.3 3.78 4.62 4.81 6.13 2.67 5.08 3.85 4.24
2.14 3.89 7.26 7.41 10.87 6.83 4.8 8.49 16.71 19.22 13.34 14.49 6.2 9.24 5.34 2.14 4.13 2.3 3.35 8.16 7.92 6.05 4.62 4.59 11.49 10.2 6.28 8.71 8.39 7.6 3.07 10.61 9.9 16.49 36.29 9.17 1.94 3.92 3.46 11.45 6.41 3.84 7.49 12.46 9.63 8.0 13.65 10.44 4.75 4.93 6.98 5.57 8.84 6.12 4.48 4.61 5.37 7.26 4.84 3.05 5.77 13.08 7.1 3.18
4.21 4.39 3.53 5.7 6.3 11.14 5.91 5.83 7.07 5.74 4.66 8.02 4.88 6.68 4.7 2.58 3.02 3.73 3.93 6.92 7.69 7.1 4.48 5.72 11.94 16.79 10.04 5.94 9.54 5.08 5.47 11.52 8.33 16.82 10.16 13.38 7.53 5.41 4.39 6.11 7.19 9.51 6.41 11.19 11.98 11.54 11.79 10.04 3.19 5.39 8.16 12.56 10.63 5.93 2.99 7.57 10.58 6.74 6.57 4.46 7.64 14.21 7.31 4.35
6.52 7.15 6.14 4.09 7.35 8.56 6.43 5.12 6.72 7.3 7.4 8.75 5.41 8.96 6.76 3.88 3.01 3.17 2.28 7.47 10.17 7.74 11.72 9.16 12.66 15.76 12.79 5.8 7.59 7.54 6.91 17.99 22.8 19.66 10.28 6.67 5.58 5.93 5.74 3.96 4.46 3.98 6.86 10.57 11.8 15.23 8.13 9.73 8.68 6.67 10.14 4.77 9.2 5.83 4.93 12.04 6.36 7.3 6.96 4.12 9.23 5.22 9.33 5.21
7.32 13.7 7.58 5.46 9.36 10.26 16.19 11.58 9.32 8.92 4.35 7.43 9.52 11.74 10.64 5.0 4.14 3.32 4.58 8.05 9.68 5.44 6.26 7.14 8.19 13.64 17.42 9.57 5.31 4.96 8.01 12.59 19.46 7.26 7.1 4.21 5.51 10.05 8.34 3.8 2.18 6.16 10.14 16.66 11.77 12.88 5.43 6.7 4.75 11.69 10.72 5.41 4.48 6.58 12.03 9.36 6.7 6.03 5.72 9.23 13.37 4.54 5.11 5.82
6.98 12.14 21.07 7.89 6.61 6.63 13.1 12.51 18.59 10.46 4.19 5.19 5.02 7.8 7.11 3.34 6.75 2.77 3.49 5.59 7.82 8.73 5.14 6.85 11.79 11.41 19.99 9.63 8.79 7.19 8.64 6.44 7.34 7.56 8.25 3.77 7.0 6.25 7.83 3.83 3.71 3.78 5.76 7.23 7.89 9.26 5.65 6.0 6.19 12.65 10.9 3.06 2.15 4.32 3.16 6.79 5.32 4.28 9.39 8.44 15.26 10.4 7.38 7.87
4.6 8.6 12.61 11.75 9.41 12.95 20.52 21.15 13.87 10.22 7.69 7.58 7.85 5.32 2.67 3.08 7.69 2.67 4.38 8.37 19.75 7.37 7.57 6.83 6.82 16.94 8.26 16.7 9.4 13.7 18.67 5.31 5.36 5.38 7.25 12.35 13.3 9.68 6.35 10.53 7.27 3.68 8.31 7.36 5.65 9.34 3.14 7.88 8.24 9.79 7.08 3.87 2.89 3.5 5.91 7.16 9.43 4.27 3.48 7.51 4.76 15.13 8.01 14.04
5.85 7.54 10.81 11.01 11.24 14.06 12.84 12.02 6.95 11.62 12.29 12.9 6.47 5.07 4.99 7.39 10.32 5.09 3.71 7.55 17.36 11.28 12.78 5.3 5.95 5.74 7.91 10.4 7.64 14.55 11.18 5.38 5.48 3.44 12.85 8.51 9.38 14.55 9.97 10.83 10.4 7.3 7.22 6.36 5.37 6.31 8.53 12.34 11.79 3.41 3.07 4.24 8.45 12.33 6.28 6.76 7.15 4.86 4.63 2.16 4.2 9.63 10.34 17.77
2.44 8.06 5.48 13.88 28.24 12.16 10.46 14.37 4.5 8.35 10.01 10.58 11.1 9.48 7.4 5.14 4.64 6.33 6.11 9.93 14.77 16.5 9.68 10.24 8.64 9.44 5.84 11.21 7.7 3.99 8.86 8.7 6.21 6.18 6.27 3.06 4.83 11.51 5.96 6.4 16.25 11.02 12.23 7.07 7.21 5.44 6.33 21.1 9.89 4.24 1.97 3.62 7.34 8.32 6.88 4.6 4.67 3.62 4.99 4.79 2.69 5.14 4.44 8.69
3.87 4.44 2.38 3.83 6.21 11.04 7.04 10.22 6.68 5.57 10.0 9.18 10.4 5.49 6.7 10.31 5.2 8.12 6.56 7.72 14.95 7.18 7.31 10.89 11.53 10.27 10.8 5.91 6.97 4.6 9.04 12.79 7.89 5.38 3.48 3.63 6.14 5.19 5.56 4.58 9.09 13.39 8.34 4.33 6.73 6.23 7.68 13.03 10.66 3.26 6.28 7.5 8.77 11.38 5.11 6.37 7.32 2.38 5.67 6.69 1.68 5.75 4.89 6.41
6.66 3.17 1.84 1.7 6.3 25.99 7.19 12.89 6.88 3.86 4.64 5.55 8.63 4.96 4.6 8.99 3.52 8.52 6.13 21.45 7.82 4.15 9.09 7.5 8.04 7.12 5.4 5.77 7.25 5.19 5.47 8.79 11.37 9.57 3.82 2.73 1.6 2.27 4.14 2.92 4.29 7.17 8.09 8.34 6.2 6.89 5.33 11.66 10.5 5.69 5.12 5.67 6.61 6.54 5.17 5.6 4.88 2.94 5.84 6.4 4.81 5.44 7.28 10.41
6.9 3.84 2.35 1.93 5.05 20.2 16.92 8.53 15.58 5.83 5.71 8.81 6.81 8.87 3.04 5.94 5.36 5.92 4.62 10.48 12.97 20.14 16.67 7.14 8.34 6.22 3.65 7.18 4.84 4.8 7.44 4.48 8.44 6.8 3.9 3.01 3.11 2.66 2.35 2.03 3.65 6.61 6.23 8.28 8.84 5.05 6.98 6.69 5.68 4.33 4.58 5.27 5.0 5.35 7.6 5.73 6.99 4.05 2.97 6.26 9.74 8.59 7.35 8.1
3.86 3.18 3.67 3.66 4.23 12.57 8.83 14.21 12.83 8.09 4.05 6.52 7.81 10.01 5.13 4.71 4.31 6.76 4.94 9.7 13.44 12.02 8.89 4.97 8.07 6.92 5.11 11.84 3.33 4.99 2.91 3.06 5.48 6.91 8.8 4.74 6.26 1.43 1.96 2.88 6.6 8.6 4.75 7.9 7.34 4.37 6.56 8.28 6.1 3.28 2.73 4.12 4.6 4.86 10.38 5.0 6.52 3.24 6.72 7.96 10.28 8.34 6.87 8.15
3.98 3.35 2.55 4.5 6.46 6.52 16.3 12.39 12.65 10.14 4.71 5.19 6.91 11.37 11.67 7.04 5.64 4.26 15.45 13.33 9.41 7.59 6.76 5.69 6.83 10.42 5.33 4.23 2.61 3.4 5.32 3.73 4.78 7.78 9.13 5.4 9.13 2.37 2.95 1.96 4.66 6.0 6.18 5.67 4.54 4.83 4.31 6.98 8.33 2.76 6.99 7.45 3.3 4.4 3.79 5.04 5.76 6.04 5.66 9.15 6.23 10.6 11.1 8.95
5.21 3.67 4.38 4.26 6.22 5.97 7.43 10.55 10.57 11.42 7.65 7.2 10.1 6.04 7.99 7.93 9.4 7.18 15.0 11.19 10.49 3.73 11.05 9.58 6.33 10.26 4.39 7.02 5.16 10.02 6.2 6.2 3.53 3.39 5.49 2.85 11.45 4.77 4.01 4.19 6.81 7.43 3.5 2.59 2.06 2.7 10.02 12.66 8.25 5.04 9.37 3.75 2.96 3.31 4.05 7.67 5.77 4.66 4.99 8.47 8.0 7.44 13.17 16.98
4.93 6.69 6.58 3.88 10.4 3.36 8.46 13.67 7.53 11.18 7.9 9.71 15.38 4.5 7.98 6.08 11.01 3.63 10.51 21.72 11.57 9.41 7.21 12.42 8.72 6.25 4.16 4.45 4.71 2.98 7.56 4.98 4.46 4.67 2.07 3.04 6.85 9.44 11.72 15.61 5.53 4.13 2.94 3.99 4.35 8.62 10.79 10.52 5.53 4.32 6.77 4.38 2.61 4.03 4.84 7.73 8.61 11.28 9.67 13.2 4.16 7.26 11.19 11.75
12.12 11.76 11.66 4.53 4.01 5.57 10.3 19.2 10.69 7.47 21.05 13.18 15.76 5.88 9.35 15.35 11.82 7.5 15.05 29.3 12.87 11.29 6.98 13.73 12.3 8.92 4.56 2.74 2.97 2.71 6.22 6.15 4.51 5.69 3.39 4.9 3.48 3.66 11.31 12.47 6.96 4.53 1.99 1.84 5.14 6.38 8.57 12.1 8.78 2.78 3.93 5.6 1.68 5.32 8.43 7.53 14.45 7.44 11.6 13.28 7.0 16.97 11.0 10.0
14.9 13.6 18.98 5.23 4.91 4.31 7.71 11.06 10.34 10.76 11.69 8.94 12.43 10.11 19.87 16.09 17.36 13.94 16.58 24.42 9.17 9.56 8.79 6.44 8.88 11.63 5.33 4.82 4.2 2.21 3.68 3.66 5.11 11.9 4.57 4.82 1.47 5.58 7.59 10.72 8.03 5.2 4.55 4.21 2.34 5.47 5.07 10.22 9.63 2.22 4.53 4.72 3.33 4.66 5.59 5.0 6.67 12.48 8.19 8.12 8.87 12.36 7.53 6.54
13.35 8.06 9.67 5.47 6.25 4.55 6.6 7.3 11.51 22.93 12.5 13.45 8.53 6.63 9.69 23.28 24.2 15.79 13.04 9.88 8.76 11.21 5.63 5.05 7.28 6.64 4.86 3.0 3.92 1.67 3.15 3.26 3.43 8.4 3.48 6.48 3.87 3.31 5.87 10.93 6.63 7.44 11.7 5.12 6.26 8.38 13.66 19.17 8.38 9.38 4.65 6.41 5.76 3.34 7.91 4.97 8.83 5.77 5.14 7.15 9.25 13.59 10.0 3.07
3.78 4.89 6.31 6.7 10.75 9.3 8.89 5.63 7.35 12.52 16.75 12.32 6.3 8.65 8.92 9.02 7.79 7.85 11.71 20.05 12.63 18.02 5.57 2.4 4.3 9.86 5.33 4.88 4.37 3.39 1.79 3.5 3.65 6.01 3.14 6.67 5.31 5.59 13.66 9.58 8.93 12.6 13.39 12.42 5.47 8.19 9.71 17.7 9.6 7.14 4.12 8.01 8.06 2.82 4.64 3.06 5.04 4.94 6.59 6.6 4.72 10.35 8.46 6.15
4.86 6.36 6.32 6.89 6.8 9.81 5.41 5.08 7.44 8.59 12.98 8.91 6.88 22.19 7.4 10.82 10.09 5.73 28.88 8.06 8.13 14.5 9.93 4.88 7.24 9.75 4.59 4.65 5.6 4.63 1.88 3.2 4.05 11.12 6.2 10.75 26.1 6.87 13.73 4.64 10.21 13.8 14.02 14.11 6.67 9.3 10.87 19.89 8.79 5.82 7.83 12.34 9.05 2.19 3.71 2.41 7.78 7.91 4.08 7.63 6.93 4.82 14.38 6.65
4.47 6.4 3.4 4.84 3.52 9.65 6.64 8.88 5.59 4.78 7.51 6.37 6.38 6.65 4.62 7.02 9.93 11.4 12.46 7.67 7.07 5.56 8.81 7.62 7.03 14.92 4.95 8.45 4.38 8.53 5.57 2.87 5.9 7.68 13.4 10.96 16.16 8.4 3.71 7.14 11.69 18.42 25.24 14.19 8.95 9.04 12.27 10.0 7.66 11.85 9.92 10.12 5.69 3.98 2.12 1.81 7.36 6.86 5.9 8.84 6.6 4.71 8.18 9.09
4.25 5.65 3.69 4.91 4.97 3.61 8.1 8.65 7.12 12.03 7.03 5.85 4.73 5.29 6.63 6.88 19.1 6.74 5.87 2.7 5.11 4.4 5.85 10.8 7.89 4.73 5.63 5.41 7.78 9.05 5.68 4.35 4.37 11.82 16.85 12.07 17.02 4.88 8.17 13.52 11.95 14.56 13.94 10.78 10.01 9.36 7.49 7.07 7.59 6.68 12.21 10.67 11.47 8.66 4.47 1.53 3.73 6.25 5.72 10.35 4.77 3.32 3.75 3.68
2.31 4.39 2.81 5.47 4.64 10.73 8.43 7.29 10.5 12.41 7.54 7.06 5.17 7.39 7.17 11.26 18.37 9.85 6.2 4.57 6.78 5.01 2.53 2.61 3.42 6.73 3.01 8.03 10.77 8.94 14.88 6.47 14.65 7.63 11.13 12.59 6.53 7.72 6.84 20.03 8.29 17.58 16.63 12.38 12.14 8.06 9.54 13.53 8.23 8.01 16.13 13.6 11.45 17.09 11.97 5.42 8.06 8.03 10.31 7.93 4.19 8.11 6.09 4.28
4.07 2.48 2.79 3.98 10.04 9.02 6.49 10.1 12.5 7.35 6.85 9.45 9.25 8.06 5.6 9.19 16.46 6.6 5.08 4.48 5.09 6.31 4.08 1.87 3.48 3.05 2.8 7.21 15.43 8.37 9.74 12.18 14.71 9.61 7.97 4.7 10.79 9.55 13.23 35.67 9.2 10.91 15.04 12.6 15.92 11.27 17.51 10.67 15.66 16.19 18.22 15.41 11.3 11.7 7.9 8.7 5.08 13.43 13.59 10.6 12.73 6.15 8.27 5.54
3.26 1.88 1.3 3.23 6.84 9.71 16.95 16.91 5.27 6.65 4.64 8.36 9.71 6.96 5.76 9.67 9.52 7.17 7.93 6.52 8.2 3.57 2.27 2.22 3.38 3.5 4.12 6.68 6.58 10.54 14.01 10.08 18.88 9.7 5.16 5.97 7.18 9.62 14.93 32.58 9.8 9.67 11.95 11.04 17.88 14.65 17.66 16.52 12.07 16.43 14.74 11.39 10.73 7.03 11.53 10.63 12.63 12.28 10.48 12.71 10.09 12.45 7.54 6.17
4.94 1.67 1.81 2.45 7.02 14.25 9.98 10.65 8.04 5.18 7.14 3.05 6.1 6.8 4.54 6.7 6.06 6.29 6.15 10.97 7.49 3.5 4.0 1.62 3.36 1.19 1.74 2.54 7.75 12.34 9.24 13.13 8.59 5.08 6.43 3.63 7.94 10.34 16.07 20.84 7.37 6.06 5.71 11.19 13.47 8.65 13.02 13.33 8.16 15.71 15.2 22.6 13.02 12.61 10.8 12.48 13.03 17.99 30.84 21.09 10.58 7.35 6.86 7.6
4.97 4.2 5.3 3.99 6.47 7.73 4.45 9.67 12.63 7.51 8.68 6.37 7.53 6.43 6.39 5.96 4.72 6.25 5.66 8.77 5.78 5.64 4.83 3.1 3.75 3.6 2.22 3.45 6.77 12.37 11.59 18.35 5.36 4.52 4.19 3.77 10.66 9.49 22.81 10.63 10.16 5.73 3.8 6.06 5.58 16.44 13.09 13.75 10.76 16.54 27.68 28.75 15.07 10.54 6.36 12.62 17.23 13.62 28.47 17.48 10.72 7.13 6.05 8.71
11.58 5.44 3.25 1.67 3.92 9.17 6.36 10.21 8.2 3.39 7.28 8.39 6.8 7.42 5.31 5.73 4.56 5.78 10.42 12.01 17.42 6.32 5.75 6.11 4.71 7.75 4.84 4.26 6.32 14.4 13.11 20.16 11.57 3.98 3.75 3.83 4.73 11.72 23.07 21.81 12.63 3.12 4.41 6.5 13.75 21.26 8.36 8.46 10.47 22.86 19.56 15.54 15.52 4.26 4.61 14.62 15.07 13.64 19.62 12.64 11.91 4.79 5.59 7.98
