5.33 7.53 5.23 4.85 3.16 6.02 12.72 12.73 10.18 7.51 4.36 4.42 8.18 6.06 9.61 9.23 17.3 22.4 20.52 25.54 31.06 24.61 18.55 8.08 4.05 9.19 6.18 7.03 12.68 15.77 3.53 2.65 4.1 7.14 5.35 7.72 6.5 14.44 6.6 4.78 5.34 11.53 8.6 7.9 7.71 6.09 17.1 17.79 15.29 6.71 9.81 10.96 11.23 8.53 10.15 5.05 6.46 8.55 18.09 23.77 14.7 10.48 21.71 15.25
2.05 4.77 5.37 4.15 5.54 10.38 10.35 10.41 6.98 7.47 5.16 9.07 6.31 5.46 7.51 6.79 17.43 28.55 15.51 20.24 35.58 31.48 27.28 7.23 4.6 6.36 6.62 6.49 7.41 9.4 4.98 3.38 5.53 13.23 11.65 11.21 9.12 10.59 5.66 6.81 11.15 10.66 11.62 8.56 16.1 14.57 12.5 10.78 5.89 5.32 5.25 15.57 17.71 11.19 16.86 5.99 6.42 14.76 27.24 36.04 14.64 11.25 12.17 12.45
1.34 3.23 5.83 6.22 8.31 9.56 12.83 8.78 8.47 5.64 4.38 7.48 8.39 9.43 7.73 6.09 10.18 14.67 13.68 37.67 23.79 18.77 17.7 5.97 6.89 4.83 4.16 11.5 8.2 5.27 4.49 9.69 6.49 8.47 15.81 14.5 7.47 14.23 18.77 7.51 5.76 5.6 8.5 7.82 12.07 7.16 9.96 6.26 9.2 4.74 7.46 19.16 13.15 8.57 6.29 6.17 9.27 18.35 13.76 14.0 15.79 20.1 14.84 13.54
3.53 5.28 5.83 5.49 8.06 10.98 7.09 8.72 10.76 7.59 4.09 7.37 8.39 7.98 7.81 10.01 10.64 8.67 16.74 19.26 18.27 27.16 8.91 5.21 5.89 2.77 3.44 6.13 5.55 1.7 5.64 7.75 9.01 15.72 18.77 10.33 6.83 10.77 14.15 12.26 7.72 7.11 3.81 6.17 5.06 9.83 7.29 12.48 7.55 7.25 9.45 10.53 15.84 5.93 5.85 11.96 7.5 13.39 13.3 12.32 11.14 15.33 13.73 10.15
7.91 7.62 5.54 3.44 8.32 10.77 9.16 9.23 7.98 5.39 7.31 10.24 3.91 8.05 4.51 6.55 10.4 8.34 8.82 6.46 14.75 24.65 6.04 4.78 6.45 3.22 1.74 3.57 3.84 2.14 4.9 6.63 8.05 9.24 21.39 11.54 7.11 4.64 13.63 20.08 9.98 7.58 4.18 4.41 6.85 13.49 9.08 10.68 4.21 6.52 12.43 7.03 8.13 8.43 7.68 13.92 9.07 12.24 8.28 13.12 11.5 10.14 6.27 9.38
4.93 7.56 5.24 6.04 7.57 6.1 7.64 5.27 12.8 6.59 6.07 3.43 4.28 3.48 4.52 7.43 9.77 13.49 16.07 7.69 9.83 12.58 5.78 6.11 5.22 2.48 2.76 4.82 4.87 1.79 2.49 4.18 3.6 8.91 7.47 5.92 4.93 8.4 9.89 14.88 14.9 7.96 6.26 5.35 9.45 8.93 5.57 3.23 3.08 5.86 14.72 9.39 7.42 8.33 7.17 8.13 13.85 12.58 12.51 10.74 13.13 7.65 5.66 5.98
7.82 5.81 4.77 9.25 5.38 4.72 2.57 5.07 7.3 7.43 9.34 2.89 4.79 4.64 7.41 9.9 11.9 14.95 10.22 11.76 7.44 12.25 6.98 6.48 6.62 2.82 3.59 2.49 4.11 4.99 2.42 2.59 8.98 8.12 6.36 5.2 4.99 6.13 12.31 19.96 14.29 8.34 9.28 11.6 5.96 5.71 3.61 3.62 4.93 5.47 14.23 10.75 8.53 14.52 9.8 15.72 15.81 24.1 8.43 6.13 8.68 9.08 13.17 4.57
7.57 6.98 8.79 5.98 15.14 3.85 2.95 2.84 5.91 9.04 7.08 8.33 3.85 5.68 8.37 8.39 14.59 8.57 8.3 10.94 6.87 11.4 7.12 10.78 2.85 4.33 3.55 2.74 2.85 6.52 5.87 5.95 8.59 7.16 6.8 6.71 4.43 4.2 6.77 12.76 18.06 5.94 17.03 11.31 8.07 6.73 3.65 3.9 2.67 5.8 7.87 4.79 10.05 11.95 16.55 16.09 14.17 9.41 4.79 9.12 8.91 10.68 15.97 6.27
8.98 10.51 6.66 8.49 9.66 7.96 3.9 3.63 4.73 4.94 5.71 12.0 6.85 8.34 14.54 21.39 16.64 8.82 6.53 10.5 8.86 8.55 14.99 9.22 5.89 2.37 2.97 1.94 2.38 5.15 7.94 5.95 7.13 3.79 3.84 8.58 2.88 4.11 3.14 6.92 19.01 11.84 24.51 14.01 7.87 8.47 4.24 3.62 6.86 5.6 3.25 4.15 6.92 5.44 10.86 16.88 14.74 5.66 6.28 9.03 18.04 16.85 20.78 11.78
11.48 6.26 6.41 12.49 15.68 8.81 4.14 8.46 5.02 5.92 5.63 5.56 5.45 13.55 20.82 24.96 13.36 5.0 9.27 19.83 11.99 13.15 20.6 9.92 4.91 2.99 2.11 2.7 5.61 5.42 7.2 5.23 7.4 3.11 2.4 1.64 1.62 3.85 4.1 9.02 13.55 15.29 13.29 16.14 16.81 8.5 7.43 7.75 11.16 6.25 5.19 6.75 11.32 7.9 5.78 17.51 10.3 6.42 6.32 5.63 8.16 21.46 19.89 16.66
8.32 6.08 10.06 11.58 12.25 10.69 5.67 5.25 9.52 12.77 7.24 5.3 3.87 7.48 16.13 16.34 13.38 9.16 10.52 14.02 23.51 16.99 12.7 6.62 3.1 2.94 3.8 5.14 7.64 7.09 7.32 5.86 2.8 5.31 2.64 1.29 1.56 3.03 4.28 5.48 7.1 11.15 9.27 8.14 7.18 16.47 5.12 4.37 6.92 11.7 6.59 6.64 13.3 5.44 6.88 13.03 12.47 9.02 5.74 5.01 7.4 14.07 11.22 13.91
7.45 13.38 5.06 8.9 12.96 9.89 7.48 4.87 10.65 12.44 8.22 8.25 4.9 4.7 12.33 11.47 5.38 14.84 20.01 14.32 18.28 6.66 5.86 2.48 3.03 6.64 7.43 5.39 8.74 8.35 10.85 4.43 2.23 3.08 2.76 2.62 2.63 3.61 2.63 5.14 7.81 12.66 8.8 9.24 6.88 5.81 6.82 3.54 6.31 15.89 9.45 4.68 7.25 10.37 9.8 17.61 12.57 10.13 5.04 4.13 15.16 15.41 16.01 13.79
16.0 6.79 5.82 7.17 8.36 9.13 9.27 5.74 12.64 7.8 8.4 5.45 6.84 2.87 10.44 9.7 4.82 10.75 15.5 17.35 7.92 3.25 4.02 3.63 3.98 5.67 7.12 10.71 13.94 7.21 7.37 3.82 2.04 1.64 2.94 2.88 3.28 6.19 5.01 8.92 7.26 15.13 12.24 6.67 5.11 8.31 9.46 7.94 11.84 11.44 7.18 2.61 8.5 12.04 6.66 5.58 11.19 7.82 4.75 5.88 12.6 12.95 13.51 8.95
8.02 7.08 7.46 5.05 9.04 6.1 6.07 6.12 8.49 8.66 6.97 9.98 10.99 4.62 12.39 10.41 7.6 8.79 8.47 8.55 6.76 3.36 3.59 3.28 2.33 3.43 8.58 8.05 10.5 11.96 5.67 5.71 2.7 2.07 2.26 3.0 6.53 10.29 12.97 15.22 7.33 4.63 6.18 7.08 8.54 9.26 4.84 6.39 5.23 4.32 6.64 3.12 7.29 8.03 8.98 3.39 7.21 15.04 6.88 4.83 4.46 4.41 13.35 11.11
4.94 17.73 14.39 4.89 6.36 2.86 4.9 2.95 4.56 10.36 12.56 11.08 6.87 8.73 10.33 8.24 12.51 5.91 7.12 5.24 4.52 4.09 3.96 5.7 2.43 3.05 7.56 13.7 11.9 8.86 6.21 3.98 3.17 4.7 2.91 7.84 7.52 12.03 13.89 9.47 8.07 3.13 10.41 11.57 10.01 6.05 7.33 5.6 3.5 4.79 11.57 4.93 6.57 6.19 10.47 6.06 5.59 6.98 8.72 6.07 4.68 6.9 9.23 12.38
6.79 23.48 16.6 4.5 4.9 8.16 4.69 4.35 4.34 3.1 10.4 10.34 12.53 13.53 8.91 8.32 14.31 8.72 7.36 7.45 4.08 2.24 2.33 6.07 8.81 11.21 12.25 16.5 12.67 7.54 12.06 5.55 4.67 5.33 4.65 7.2 9.85 13.3 17.06 8.43 6.33 5.81 6.69 8.91 7.72 5.76 5.75 7.03 7.98 8.67 14.14 5.02 6.38 9.67 6.51 4.09 3.08 6.46 5.25 5.34 8.96 6.66 6.76 9.18
13.43 28.74 21.6 10.56 7.4 5.94 6.61 7.07 6.22 11.69 14.3 11.89 14.32 15.2 6.69 8.85 17.22 7.12 7.34 9.87 3.9 2.77 1.76 5.92 7.34 22.54 12.39 14.28 17.52 11.35 18.25 7.85 9.68 16.24 11.86 8.53 9.74 12.54 15.8 7.23 7.77 7.32 6.02 5.62 9.14 4.79 4.96 5.36 6.7 12.12 9.44 10.85 9.13 8.19 5.73 4.26 2.68 6.35 10.99 7.93 4.67 7.86 8.05 14.8
18.51 23.66 21.17 18.08 3.82 5.2 11.06 9.71 7.44 16.89 12.0 10.22 11.43 15.56 9.5 12.64 14.96 15.51 8.28 6.83 3.49 3.02 3.57 3.36 8.03 10.92 15.7 14.9 11.56 9.07 21.68 17.66 16.24 20.94 11.65 18.86 11.18 9.98 12.42 15.7 12.09 13.98 10.6 12.01 5.7 7.01 4.63 5.95 7.78 8.68 7.52 8.96 6.55 7.45 4.95 5.88 4.38 7.19 13.8 7.85 7.5 9.69 11.29 17.35
9.99 18.55 8.54 12.81 4.19 5.05 10.97 10.17 7.85 13.14 10.47 9.8 10.44 19.74 15.99 29.64 17.94 11.95 4.84 8.6 7.55 2.99 6.81 6.96 6.83 6.73 11.84 23.47 15.27 9.51 15.74 14.11 20.33 10.94 13.16 13.34 10.07 10.48 7.98 19.09 19.26 12.87 8.76 9.35 8.68 11.89 9.06 11.4 14.16 5.36 2.54 5.0 6.37 8.19 3.16 4.42 4.12 5.65 7.21 16.57 8.9 8.69 10.33 10.57
10.61 10.23 9.59 7.27 5.45 8.79 9.44 9.71 7.5 5.76 5.62 10.43 17.77 8.17 16.42 14.37 11.72 9.55 9.78 6.59 5.66 5.29 4.53 7.35 10.8 11.1 8.49 12.8 13.36 12.7 9.43 16.48 19.4 7.56 5.89 5.59 5.11 8.68 9.9 12.66 17.22 7.77 11.26 10.48 8.18 12.38 7.5 13.37 14.57 6.72 5.06 3.8 5.18 6.7 7.09 2.98 4.62 9.43 8.39 19.1 13.33 11.92 11.33 15.42
5.35 14.6 9.62 6.36 7.34 7.17 6.61 5.27 5.33 6.72 4.31 8.57 12.56 10.39 12.46 15.16 8.72 7.08 8.59 4.42 6.93 5.3 5.52 4.55 7.03 6.66 7.86 7.25 8.53 10.47 9.85 8.49 13.63 8.94 7.77 7.21 4.6 9.73 12.01 9.21 10.07 9.57 6.26 5.07 5.37 10.45 5.25 9.97 9.0 7.83 5.23 3.54 3.52 8.51 13.36 9.07 9.81 10.26 14.66 18.58 12.45 10.0 17.24 28.33
8.43 12.02 10.12 5.88 6.18 5.57 4.5 4.28 3.56 3.92 10.52 8.92 21.25 13.91 8.24 9.02 6.12 8.1 7.6 10.12 5.72 5.48 2.81 5.79 7.38 6.67 5.58 5.17 6.04 5.2 6.31 3.75 6.6 8.73 6.75 9.26 6.78 7.27 8.66 4.74 6.19 6.4 5.74 6.41 4.55 4.48 8.75 8.38 6.5 5.38 7.47 4.53 5.34 10.91 11.67 7.43 8.23 8.24 17.02 15.26 13.57 26.74 23.25 16.32
5.57 12.01 8.53 4.73 5.8 3.64 3.25 9.25 6.69 8.08 13.87 13.52 11.68 8.63 6.86 3.45 9.64 7.41 5.39 4.58 8.88 5.36 3.54 6.35 5.72 4.67 4.78 5.19 2.96 2.11 6.7 3.28 3.92 5.51 3.07 5.0 6.38 4.12 4.14 3.72 5.63 8.27 2.76 7.26 5.35 5.37 12.55 10.41 7.68 7.04 16.57 4.42 6.79 7.76 14.58 7.05 10.58 23.01 21.82 22.61 17.53 23.99 36.22 13.1
5.67 6.13 4.46 5.02 4.71 3.84 4.64 5.57 9.57 14.72 13.49 20.5 11.2 14.51 3.73 4.1 8.93 5.52 8.0 6.38 6.58 6.5 4.61 4.5 6.12 4.15 2.73 5.79 3.71 2.12 9.33 4.64 2.4 2.6 3.04 4.1 3.36 5.75 6.28 5.16 5.46 3.59 3.42 4.59 6.54 5.95 9.58 12.31 6.79 9.76 10.28 7.51 7.7 9.59 16.72 22.31 23.66 15.24 28.38 35.2 19.38 38.2 19.3 14.32
6.66 4.89 5.38 8.02 2.42 2.99 2.01 2.17 7.33 7.84 19.46 11.09 12.9 12.48 9.11 5.4 4.13 9.56 8.8 14.97 8.46 8.49 10.22 6.51 3.39 3.55 2.66 5.7 4.96 3.22 4.88 3.59 2.22 2.82 3.08 4.04 4.59 5.77 6.39 14.53 4.31 3.12 4.65 5.6 9.52 7.95 7.78 9.64 6.14 5.3 9.17 15.26 11.3 10.57 17.08 35.46 30.81 20.75 51.58 45.17 25.33 20.56 23.64 10.86
8.7 5.57 6.11 7.6 3.22 3.21 2.67 3.36 3.86 4.88 12.05 15.43 10.35 6.96 7.53 6.26 9.79 7.88 10.02 9.02 8.85 7.21 5.56 7.79 5.49 5.52 4.0 5.35 13.13 10.23 5.32 4.19 2.68 2.49 7.98 6.6 7.77 6.54 7.75 10.92 4.55 4.54 5.68 4.73 5.94 16.67 7.7 8.99 13.34 10.51 8.91 14.96 15.8 12.92 12.84 23.95 56.99 36.84 30.95 38.3 23.34 15.56 9.84 9.08
9.69 5.23 7.08 4.53 6.02 3.43 2.72 4.18 10.48 5.08 9.14 11.05 5.68 4.55 5.49 7.92 11.02 8.75 10.05 5.28 5.3 12.77 6.77 7.4 5.08 5.79 6.9 6.94 20.91 17.0 11.47 9.46 3.82 6.63 6.48 7.38 6.92 5.27 6.8 6.6 8.57 8.76 11.56 6.3 4.7 20.7 7.88 10.11 10.69 8.39 12.76 8.61 9.71 8.9 17.76 24.19 25.21 27.63 25.15 18.5 22.24 11.51 7.74 6.04
11.52 7.28 5.83 7.38 6.6 6.45 2.46 2.28 5.54 3.54 12.6 7.7 5.53 5.71 5.75 7.31 6.42 7.55 9.52 5.08 6.32 6.49 6.68 8.85 4.81 10.04 6.48 6.57 11.43 8.09 8.52 8.45 5.5 3.13 5.26 8.61 4.25 8.61 7.89 11.63 5.59 9.89 13.2 10.21 10.89 14.45 15.24 8.64 9.26 5.15 8.94 10.69 8.81 14.75 15.08 13.06 20.65 28.2 17.87 20.36 22.83 9.92 7.53 7.49
21.17 12.32 9.9 11.0 13.77 7.19 2.2 3.21 6.06 5.65 5.77 5.04 7.15 2.71 5.48 6.33 6.3 5.62 4.28 5.8 5.17 4.61 5.02 14.31 8.92 9.31 9.28 9.64 6.75 6.27 7.48 7.84 6.86 4.33 3.92 8.02 11.57 9.99 12.41 5.7 7.82 6.56 9.25 23.67 15.69 8.81 13.47 7.97 13.54 9.64 7.29 8.34 15.53 9.27 12.04 10.84 19.68 45.15 18.12 16.51 9.84 13.4 6.72 7.49
17.81 10.2 9.4 11.81 16.68 6.13 5.63 2.7 3.53 3.33 4.18 5.46 4.65 4.82 2.5 3.83 6.09 3.84 2.23 3.74 6.23 7.32 10.59 6.56 6.29 6.48 10.9 7.79 6.08 7.49 7.22 5.59 9.36 4.66 4.51 10.09 14.88 11.74 6.1 4.91 12.47 9.3 9.12 9.77 4.83 4.5 7.81 11.43 7.85 5.57 5.88 4.83 9.34 9.35 14.53 9.86 16.06 13.13 23.14 22.77 18.0 15.73 9.66 6.68
11.67 9.0 7.78 16.7 11.92 6.82 6.14 2.22 1.48 4.08 5.51 3.67 3.42 4.16 2.3 3.54 2.52 3.87 2.67 3.35 6.08 6.42 4.68 3.19 3.8 6.6 6.45 4.03 5.86 4.02 7.39 3.07 6.55 5.15 9.11 10.29 13.85 12.89 4.81 7.5 9.11 4.27 8.1 11.43 5.33 3.44 7.52 8.9 5.23 4.83 3.45 4.31 7.5 7.32 9.81 11.15 15.24 13.54 18.29 38.44 23.76 14.58 9.3 6.07
11.07 11.95 9.99 13.43 5.22 3.93 2.97 3.0 1.47 3.62 4.31 1.63 2.14 3.06 3.05 2.78 2.04 3.06 2.8 2.72 8.45 6.72 6.16 5.47 4.42 5.1 5.21 3.62 4.67 4.65 6.8 3.6 10.42 14.72 13.99 9.66 14.59 17.19 12.98 12.01 4.56 8.01 6.74 10.13 7.98 8.84 5.69 5.94 5.61 4.33 3.35 3.85 6.69 4.23 9.22 10.64 15.04 15.69 16.95 29.23 13.39 12.69 10.79 6.35
4.9 6.06 8.85 11.65 3.71 2.24 2.84 5.33 3.33 3.57 1.46 1.37 1.65 2.86 3.1 1.98 2.63 3.48 5.41 3.07 8.66 16.82 9.12 4.67 3.21 6.03 8.51 3.69 11.7 7.62 11.7 7.95 11.33 24.67 13.28 9.96 17.66 12.55 9.27 8.79 4.39 5.16 5.41 8.98 6.71 6.22 3.15 5.04 4.28 6.23 5.08 3.91 3.32 8.43 15.79 11.85 12.63 10.66 13.08 13.82 10.87 12.54 10.23 3.87
4.21 4.68 3.57 9.01 6.5 2.89 6.18 5.76 5.84 2.68 2.64 1.79 3.39 3.86 3.71 2.94 1.76 4.67 11.77 6.72 7.21 9.4 9.26 10.2 2.58 6.23 10.12 8.26 15.2 11.8 10.15 8.56 14.71 21.45 11.07 14.13 11.16 5.98 10.2 12.92 6.39 5.72 4.71 6.6 4.86 3.83 3.26 7.83 11.07 7.6 5.59 7.09 6.12 7.04 14.86 15.58 7.04 9.65 10.64 22.69 14.27 4.55 3.75 3.42
3.35 6.94 4.51 7.77 4.62 4.46 4.95 3.89 3.27 2.54 4.08 4.79 5.98 4.7 3.99 2.75 2.44 4.87 15.37 9.89 8.13 11.48 13.98 11.88 4.89 5.63 5.0 5.82 9.38 17.99 15.18 10.33 12.77 9.34 8.32 28.03 14.85 8.2 13.94 32.11 6.96 5.41 3.51 12.8 9.27 2.04 2.86 7.82 9.19 9.61 4.25 4.89 5.82 9.89 14.67 15.3 16.69 11.95 8.3 15.18 9.37 6.8 4.57 8.59
3.81 4.98 8.54 5.44 2.11 4.1 5.14 4.39 8.31 6.52 3.29 6.36 6.52 7.57 5.16 4.52 6.75 8.33 9.28 14.77 9.16 16.12 12.93 11.19 5.38 4.6 8.55 11.18 9.17 12.03 7.23 6.72 9.28 10.79 8.23 12.27 12.38 15.04 21.38 18.39 10.49 3.67 3.3 4.59 5.99 3.83 4.51 5.5 8.62 7.91 3.45 3.87 10.96 7.3 9.75 16.96 17.61 13.81 12.69 14.08 13.58 11.89 5.16 11.13
2.3 4.42 4.23 4.55 2.73 5.21 6.25 6.0 19.92 8.13 6.23 9.56 17.89 14.42 5.1 9.25 12.94 13.39 16.92 15.6 11.36 9.46 23.8 8.89 5.4 5.31 7.93 6.78 5.45 12.43 8.35 10.31 9.46 5.42 6.91 5.83 8.12 58.33 31.6 12.06 10.61 9.85 5.01 3.81 6.62 3.53 7.63 5.92 7.77 7.21 5.69 4.21 10.28 10.96 10.89 10.78 13.99 8.87 10.41 8.79 18.65 19.24 6.91 18.03
4.67 4.65 4.27 5.75 3.59 9.62 5.78 4.52 5.32 11.33 7.63 9.95 22.12 17.08 11.59 8.51 7.61 5.74 12.14 18.54 12.64 13.65 11.85 13.15 8.56 5.96 5.76 5.03 7.94 8.36 10.69 6.98 4.68 6.08 8.35 9.87 15.49 26.5 25.96 10.86 11.13 6.3 4.5 7.55 7.17 7.06 8.25 6.49 7.06 4.42 4.35 3.99 10.96 12.17 10.53 7.85 4.24 11.21 9.72 10.88 9.35 25.75 7.1 9.12
7.82 4.12 6.17 10.18 12.18 6.1 4.61 4.06 5.14 6.32 7.07 9.92 10.55 16.3 7.18 6.82 6.43 6.64 12.14 13.8 18.96 15.78 7.49 15.42 9.13 5.98 5.11 7.95 8.08 5.56 9.22 8.26 3.86 3.27 9.66 16.99 16.43 12.85 15.32 9.7 10.66 12.07 8.76 11.08 6.96 9.44 5.18 6.63 6.48 4.12 5.88 3.59 8.28 8.09 10.74 5.62 8.8 17.28 16.18 15.13 14.54 13.58 6.83 5.69
7.97 7.48 6.64 17.97 11.35 3.1 3.19 3.53 7.41 12.09 12.43 7.51 7.72 14.84 8.35 5.15 7.16 12.65 9.01 9.42 22.23 16.97 7.32 6.37 5.4 3.52 5.41 6.36 6.61 2.67 13.46 8.09 6.4 5.75 7.67 16.46 9.19 10.66 8.91 13.53 27.3 22.71 14.4 13.51 10.49 6.73 4.83 9.3 4.32 4.67 4.94 8.14 4.73 5.47 8.57 5.04 11.01 12.68 27.12 25.05 10.1 8.62 11.23 5.17
9.09 7.28 7.02 13.21 8.49 5.05 4.03 3.09 4.45 8.3 17.25 8.57 7.13 8.27 7.74 6.03 6.35 17.32 9.27 7.03 8.58 9.94 5.78 8.24 7.12 4.11 2.43 4.2 5.47 9.29 11.51 6.61 5.99 2.56 4.24 8.23 8.68 7.51 4.94 11.86 9.87 13.77 19.03 18.58 11.43 3.48 3.59 13.29 12.99 3.37 3.96 5.32 2.36 4.74 9.79 6.18 9.68 12.33 10.63 14.83 12.13 12.65 7.33 6.1
9.68 9.95 9.63 7.77 4.03 2.52 5.55 3.45 2.86 7.39 7.14 10.85 7.96 11.03 8.63 4.84 8.17 9.14 14.44 8.76 10.36 12.1 7.26 6.14 3.26 4.75 4.04 4.02 4.49 10.65 6.46 6.52 5.99 3.81 3.54 4.61 7.5 6.53 3.79 8.8 10.69 11.06 13.51 16.02 13.56 9.41 5.39 8.54 6.75 4.87 4.48 5.11 6.23 13.07 24.76 12.69 14.4 15.32 22.42 23.08 15.69 18.96 21.34 7.34
5.11 9.69 7.44 7.72 5.63 5.7 7.51 4.1 4.77 4.46 8.28 6.72 7.45 11.49 6.81 8.63 9.19 18.06 18.0 6.2 5.9 5.56 5.28 7.35 3.89 4.42 3.96 4.62 6.3 11.09 7.94 5.37 7.79 3.57 4.45 3.73 6.4 8.32 6.13 6.89 10.08 9.04 38.61 18.55 13.33 10.32 7.21 5.2 4.22 7.7 7.93 13.12 10.92 20.62 23.86 19.57 15.28 30.06 23.85 15.44 10.31 15.64 17.4 8.9
5.0 7.19 5.09 5.44 10.08 13.16 5.26 6.61 8.06 5.41 10.46 7.29 10.66 10.67 10.03 12.13 14.15 7.62 9.08 7.0 4.42 5.15 10.08 7.27 3.29 2.67 3.55 8.79 10.47 7.99 10.17 8.92 4.88 3.61 8.92 5.27 5.32 6.58 4.59 4.86 5.13 12.59 14.13 18.85 16.77 7.58 10.78 7.04 10.43 8.07 9.61 10.36 11.72 18.66 23.99 15.66 18.68 25.74 24.27 11.07 5.42 11.25 14.88 15.4
7.12 5.17 6.07 4.24 4.75 17.07 7.56 7.19 6.75 11.42 15.79 25.39 21.67 11.58 8.35 15.45 17.13 5.12 7.29 7.12 4.82 5.61 6.76 5.37 5.23 2.7 4.8 3.96 9.08 5.08 13.72 28.05 4.53 7.28 12.04 6.55 7.28 3.05 3.88 3.18 5.49 11.72 15.28 30.67 19.1 23.49 9.08 17.72 23.74 13.01 9.35 10.0 25.73 23.7 38.85 40.49 23.81 29.87 22.18 11.81 6.75 11.4 11.82 14.99
7.25 12.19 4.99 7.14 8.89 13.15 21.56 18.0 16.43 12.65 16.61 18.34 17.69 18.28 10.07 10.68 15.16 8.44 5.74 6.25 6.66 3.67 5.02 4.08 3.59 3.04 7.69 6.64 4.63 3.22 11.65 24.13 16.04 8.43 4.36 7.12 7.15 8.57 8.05 7.24 7.76 15.75 21.67 31.58 37.25 25.13 27.81 29.9 17.83 15.34 10.83 12.04 14.5 11.06 16.98 26.29 30.09 24.32 14.32 9.6 8.9 6.84 9.2 15.77
11.37 10.86 6.35 12.73 11.83 18.08 12.64 18.78 14.17 14.7 32.74 29.61 13.65 11.08 15.05 7.21 13.37 7.95 7.38 3.57 4.86 5.03 3.24 2.64 2.97 2.32 4.12 7.17 8.5 8.14 13.44 8.92 12.74 9.92 7.46 8.0 8.4 22.86 12.14 12.4 9.46 29.81 37.06 21.05 27.62 17.01 13.42 18.86 13.61 19.55 14.31 10.5 22.61 10.37 6.92 10.84 23.53 11.35 11.29 14.34 10.98 10.54 11.09 30.35
17.12 9.54 7.91 7.61 10.84 20.35 16.75 16.23 21.33 20.25 32.36 27.86 14.77 14.58 17.3 8.65 4.57 5.69 3.69 2.69 4.66 7.13 3.36 2.09 2.16 2.6 3.65 6.16 8.19 12.78 4.9 5.65 13.34 11.96 15.7 6.48 9.72 10.98 17.83 21.32 12.65 23.57 23.66 16.05 17.2 20.71 13.92 24.35 16.44 25.26 10.71 8.36 15.16 10.52 9.02 5.46 10.16 10.81 11.84 7.65 15.69 10.12 10.15 24.04
9.79 7.32 8.35 14.32 20.89 14.71 30.48 18.97 16.28 21.56 27.97 36.84 15.81 11.44 9.95 7.67 4.6 4.0 6.92 3.6 3.6 6.06 3.3 1.97 1.33 5.09 6.09 5.43 6.84 6.45 5.53 8.59 16.4 7.56 5.39 11.45 11.22 25.5 32.37 25.26 18.65 20.3 17.39 11.2 15.54 32.06 19.51 14.63 8.5 16.29 6.09 4.49 6.99 4.02 3.46 3.41 3.92 3.99 8.25 7.35 12.36 12.29 13.89 15.13
8.48 10.28 8.03 16.95 11.8 9.12 10.63 15.4 27.77 14.04 22.82 25.06 8.38 8.22 9.04 7.86 2.99 4.69 6.66 6.41 7.87 6.33 4.22 2.78 2.27 11.44 10.02 8.99 4.84 5.55 7.5 8.47 31.98 14.09 8.01 9.25 15.27 19.77 29.65 32.79 21.82 12.14 16.99 20.26 14.53 16.0 13.81 7.8 16.45 8.22 4.55 4.1 4.24 2.45 2.88 2.94 2.07 3.5 5.11 10.02 8.72 22.52 25.11 14.6
10.32 7.89 8.4 13.52 10.48 8.57 12.31 11.42 8.99 10.86 15.75 10.76 10.15 10.46 10.36 6.89 4.93 3.74 8.47 9.97 7.91 9.63 6.37 5.31 4.76 14.1 10.54 11.66 9.46 3.96 5.19 14.5 30.28 22.19 18.2 12.18 10.37 17.64 26.86 23.3 22.95 7.71 5.97 15.94 13.92 9.25 17.4 13.34 13.76 5.38 2.6 3.54 2.97 2.4 3.95 2.88 1.33 2.06 4.82 9.9 8.53 9.77 15.04 19.17
6.0 7.92 8.93 11.76 8.88 11.26 10.49 9.66 9.16 9.08 12.64 18.04 16.24 10.14 7.33 8.09 4.33 4.71 5.91 11.56 6.81 8.27 7.84 2.98 4.67 8.2 5.64 10.47 8.5 6.56 12.02 14.84 30.55 59.05 52.07 22.92 15.99 14.09 16.1 10.56 15.01 9.59 6.81 8.73 13.57 8.84 6.05 6.68 4.81 3.41 1.36 3.12 2.99 3.91 3.73 3.62 1.07 1.34 2.33 11.21 14.33 14.94 10.15 11.07
5.49 5.39 7.72 14.46 10.13 9.96 11.05 5.57 9.19 15.44 9.89 14.35 11.56 10.06 7.3 7.51 8.95 8.96 4.07 15.75 8.8 4.42 8.12 3.98 3.08 5.08 5.4 7.93 13.72 14.15 9.7 11.01 31.53 57.96 68.19 23.62 15.55 16.25 11.45 9.85 8.1 19.21 14.0 5.86 11.5 10.39 4.64 3.23 3.82 2.21 2.44 4.94 3.78 2.03 3.22 1.76 1.51 1.11 3.04 14.61 22.31 22.02 13.31 12.76
7.26 5.14 6.04 10.71 5.59 6.44 6.17 12.41 14.82 21.99 8.59 14.81 16.68 8.79 12.87 11.96 11.9 9.15 8.79 12.47 18.99 5.81 5.03 3.82 2.41 3.16 7.4 4.37 13.39 18.8 15.67 17.92 21.15 43.48 61.51 17.04 12.48 11.54 9.79 12.29 8.2 12.26 9.28 10.83 8.29 9.03 3.54 3.42 3.24 5.41 3.77 2.7 4.2 2.22 3.65 2.14 2.23 2.29 3.94 8.03 14.54 15.16 13.66 7.39
5.3 8.22 6.92 7.83 5.51 3.52 4.35 6.7 12.43 15.76 9.1 13.97 12.48 14.05 9.71 9.12 6.34 8.7 7.01 10.22 11.1 3.51 3.95 5.35 2.08 2.28 4.18 6.42 12.37 23.97 23.59 33.5 33.02 23.78 23.22 17.08 10.16 9.26 12.93 11.35 6.01 6.08 8.07 7.75 7.88 4.74 2.83 4.13 3.84 4.68 3.84 5.38 3.73 3.28 6.47 4.52 4.93 4.9 4.47 5.86 6.26 7.32 10.98 15.69
4.74 16.33 11.65 8.94 4.48 4.06 2.89 3.89 11.05 9.5 5.78 7.31 8.37 4.64 5.31 10.08 10.35 7.5 9.61 8.13 5.86 4.49 3.18 4.19 2.47 2.52 5.58 14.08 25.68 22.68 23.95 22.26 11.4 8.49 9.85 26.99 10.74 13.67 8.81 11.07 6.42 6.68 12.08 12.56 4.56 2.49 4.83 5.82 4.23 3.45 3.12 3.22 2.43 2.55 7.05 6.02 9.82 5.23 5.68 7.52 10.47 13.02 9.16 16.44
16.07 16.33 12.55 6.62 6.35 7.22 3.49 4.81 8.99 8.03 7.62 7.0 5.82 6.24 5.13 8.91 11.24 5.53 5.82 8.26 4.93 5.42 2.75 2.33 3.83 4.61 8.24 12.93 14.09 32.69 24.87 8.31 14.58 9.49 8.75 8.67 14.03 9.49 18.07 12.54 7.43 7.63 7.44 19.29 8.07 6.81 4.37 2.92 2.98 2.85 2.88 3.87 2.95 2.35 2.57 7.11 6.81 7.29 7.64 7.87 7.07 9.22 9.81 11.86
10.29 6.61 14.54 9.92 14.31 5.0 5.82 3.46 3.98 6.35 8.18 6.86 4.81 11.28 4.28 7.66 14.03 4.42 8.01 7.28 3.55 5.95 3.33 1.6 3.43 5.92 4.72 9.44 9.03 21.03 25.56 10.29 11.11 9.84 7.79 11.28 14.79 23.83 10.75 5.92 7.83 7.32 21.6 30.63 24.47 7.9 4.93 3.78 1.27 2.22 2.99 1.64 2.66 3.46 4.42 9.99 15.26 5.75 4.74 5.93 7.81 16.73 10.05 15.42
3.5 5.31 12.2 16.69 6.28 8.1 5.17 3.84 3.99 4.84 8.15 5.94 8.26 11.62 8.47 17.08 20.14 8.88 10.97 13.04 7.06 3.77 3.61 1.48 5.77 5.42 8.83 13.25 3.87 7.92 23.48 8.13 11.68 11.85 10.42 14.56 16.27 18.36 5.43 6.8 7.75 15.74 27.11 22.77 25.35 8.78 5.52 3.87 1.83 2.48 1.88 1.79 3.43 8.07 7.67 10.34 12.66 8.1 6.63 4.72 9.97 28.69 12.83 15.76
6.7 4.5 9.22 12.41 16.07 10.04 7.56 7.04 4.11 3.55 5.06 7.14 11.26 8.59 10.35 18.51 19.11 7.46 17.42 16.05 10.06 5.65 5.57 3.51 4.85 9.53 6.22 5.48 4.04 6.01 12.32 8.04 10.07 9.8 10.97 6.31 10.23 6.84 6.55 4.19 5.45 26.02 25.57 16.34 22.45 8.8 6.18 7.36 4.1 2.05 1.54 1.65 4.33 13.78 11.61 11.06 10.01 5.35 5.3 6.55 12.02 21.7 21.31 29.58
8.29 7.84 9.28 17.72 22.44 12.83 7.32 5.2 8.37 3.04 4.85 6.84 8.68 6.76 13.04 13.42 16.23 10.27 14.03 8.97 10.2 5.01 8.89 5.33 5.47 9.57 7.63 5.31 3.18 3.14 7.35 10.96 6.94 10.94 10.27 9.08 7.98 7.11 11.98 5.21 5.96 8.13 13.19 12.75 15.17 14.38 4.94 5.27 4.56 2.34 2.55 2.62 3.56 6.93 10.66 11.4 12.54 10.81 16.7 16.78 11.17 11.11 42.77 34.12
7.83 10.17 8.77 19.61 23.55 10.9 6.85 8.52 11.4 5.4 9.53 16.11 7.46 7.27 20.99 28.51 13.98 13.45 7.73 4.85 9.42 6.09 7.44 10.03 5.85 7.7 4.93 3.86 8.41 4.24 6.03 7.36 11.67 12.57 23.26 15.54 6.97 10.76 7.31 6.8 4.33 7.86 10.36 6.25 7.49 5.91 3.42 9.28 16.2 3.97 2.24 5.69 4.75 10.39 20.42 16.64 17.98 14.2 10.51 19.87 17.23 8.29 21.07 19.83
14.1 7.87 5.81 10.59 16.04 19.55 7.98 11.77 7.59 6.2 8.7 19.91 31.08 11.63 10.37 13.75 13.8 19.13 7.51 6.11 9.93 7.24 3.66 4.02 6.79 6.7 7.45 5.61 2.38 2.82 2.76 6.88 6.42 12.8 18.18 8.85 8.51 13.72 10.27 6.39 5.08 5.59 4.85 8.4 5.46 7.52 9.01 8.87 16.05 7.13 3.59 7.95 12.56 12.92 20.62 8.91 8.99 9.15 13.0 22.7 11.98 12.81 16.07 11.84
6.0 8.29 6.45 5.66 20.13 32.91 11.25 14.32 7.12 7.19 8.69 20.28 19.0 13.92 4.91 5.73 14.76 26.64 7.08 5.34 5.81 6.36 4.77 4.36 8.16 4.57 6.85 4.43 1.89 4.57 3.71 9.05 6.79 11.38 14.99 6.78 8.6 11.08 12.57 5.2 4.64 4.26 10.34 6.03 7.28 7.06 8.29 13.45 9.63 9.69 6.52 8.16 16.44 23.12 14.95 8.72 9.47 11.22 11.5 11.35 11.74 14.67 11.15 13.43
