8.6 6.94 4.51 13.03 10.22 8.21 6.83 4.57 5.24 9.51 15.13 9.19 9.64 4.53 7.21 5.69 4.04 6.82 7.64 15.37 7.84 4.51 3.68 5.62 3.48 7.88 6.91 6.61 8.15 8.97 11.77 8.56 4.22 3.71 7.89 5.52 7.97 13.3 7.34 7.49 4.91 8.35 4.07 5.95 6.54 5.34 8.39 15.55 13.87 7.59 7.78 3.35 3.31 5.19 6.36 7.22 4.79 9.55 4.18 3.94 3.46 5.09 7.41 8.44
13.8 8.6 5.44 7.96 6.71 6.71 5.01 3.15 2.4 3.78 9.07 20.15 7.6 4.95 3.4 2.8 4.17 6.29 6.77 5.49 7.35 6.05 6.89 4.75 4.24 7.78 3.77 7.1 10.14 3.96 5.59 8.1 4.93 6.44 5.39 4.58 5.08 12.71 15.12 13.42 7.24 5.6 4.5 8.67 9.92 5.3 5.78 12.36 17.2 12.33 8.9 2.97 2.66 3.35 4.52 10.04 3.13 8.61 7.44 8.55 8.64 9.62 4.34 6.03
6.55 9.46 5.16 7.24 5.13 3.57 4.67 5.78 1.8 3.88 3.09 3.4 9.17 3.8 2.22 1.99 1.85 4.4 2.57 3.87 6.6 7.14 6.01 6.82 6.38 5.55 4.81 5.76 7.61 9.14 5.55 6.75 3.82 9.15 6.98 5.03 5.72 9.59 12.61 31.06 12.38 7.97 7.94 13.52 8.4 7.41 7.71 5.78 9.22 12.42 7.57 4.05 2.12 2.79 5.94 6.19 4.05 6.89 9.83 10.01 10.85 13.8 10.27 13.97
5.83 7.27 4.42 5.76 3.41 6.11 6.76 6.71 3.47 4.2 4.97 4.36 5.17 4.53 2.02 2.23 2.13 4.12 3.95 4.57 6.56 5.9 9.48 8.06 5.12 4.77 6.25 6.25 5.56 5.4 14.6 8.69 8.22 17.59 21.48 14.98 18.29 13.62 17.03 38.93 16.01 12.25 9.68 13.35 17.4 8.78 6.02 5.26 6.41 7.16 4.16 3.13 2.74 5.33 12.68 7.01 8.55 9.8 10.52 8.25 8.64 11.24 8.24 12.23
12.87 10.68 3.96 4.65 2.18 6.77 18.6 13.86 6.18 5.66 5.19 5.7 4.89 3.06 1.95 5.71 3.18 4.36 4.19 4.73 5.54 6.18 8.66 8.17 5.07 5.15 4.01 2.81 5.5 6.55 7.22 4.5 5.96 17.71 21.88 13.17 13.23 15.7 16.7 20.16 21.77 14.43 13.02 11.69 13.69 9.52 7.43 6.68 6.37 4.57 2.04 2.85 4.1 8.39 7.97 10.18 15.75 9.14 8.1 6.74 9.26 6.86 9.71 6.64
12.91 10.8 6.0 2.84 2.18 5.99 9.5 8.09 11.66 11.23 10.2 4.62 3.92 3.88 7.0 3.31 8.44 4.15 4.38 5.71 3.93 8.2 10.04 5.7 5.86 4.54 2.11 2.55 6.38 5.29 7.75 5.05 8.26 22.53 29.15 14.71 19.92 7.57 9.53 21.27 10.28 16.46 10.57 18.42 6.58 8.43 10.36 8.86 7.55 3.53 3.81 4.09 10.2 9.37 14.5 14.46 15.58 10.12 13.92 10.93 7.73 7.18 5.03 4.47
14.14 14.29 11.1 6.4 3.77 5.06 8.76 5.65 9.53 13.21 9.03 5.86 5.95 4.39 6.04 4.47 3.81 4.24 4.86 5.43 6.8 7.02 10.36 11.47 7.38 3.12 2.18 2.87 4.91 3.88 5.76 4.24 8.73 14.24 23.25 17.79 14.33 15.23 18.18 25.5 9.84 14.81 10.73 8.52 11.56 22.97 15.41 7.97 12.23 4.91 6.51 9.41 7.45 9.47 14.97 14.88 16.22 10.21 20.13 24.0 14.21 9.09 5.91 4.21
11.25 6.91 15.11 6.64 5.81 6.19 6.21 9.51 16.72 14.87 10.01 11.12 9.18 8.16 9.91 3.85 3.37 3.64 6.0 8.04 4.71 6.37 13.39 8.28 4.93 6.7 3.85 2.0 2.74 4.86 8.24 4.65 10.55 11.96 14.44 11.57 20.83 12.73 9.98 9.04 14.51 14.06 9.04 8.09 12.55 15.98 9.33 9.45 10.33 5.94 8.31 6.34 10.05 15.75 7.61 3.64 7.35 8.7 8.02 10.72 10.4 6.1 6.69 3.3
6.05 22.16 9.49 11.81 7.29 5.46 11.56 8.29 13.52 9.72 14.8 19.7 17.65 13.84 13.3 5.78 4.84 10.37 6.07 5.29 8.93 10.89 8.9 18.11 10.44 8.83 3.98 1.84 3.25 3.93 5.22 5.34 8.76 10.6 22.8 16.13 14.68 24.52 11.54 7.01 14.0 15.42 20.63 10.97 10.8 12.38 7.0 6.26 8.58 5.73 4.2 6.36 4.58 14.91 12.04 8.36 12.88 8.5 6.93 10.73 6.18 5.95 5.32 2.46
3.85 7.54 4.94 7.04 6.92 16.09 6.09 3.48 7.62 8.08 18.18 22.02 31.5 12.31 12.41 4.86 7.28 7.96 5.9 7.27 7.78 4.55 6.13 10.4 13.18 14.59 9.16 7.87 4.35 5.75 7.84 5.7 10.04 11.65 14.34 20.41 19.52 14.84 8.83 8.11 7.34 8.63 18.62 10.76 7.89 11.37 7.45 7.68 5.93 5.56 5.39 10.88 5.59 11.18 10.75 8.01 8.33 9.63 7.37 8.15 5.32 4.37 3.98 2.98
4.38 7.96 4.96 8.53 7.91 8.39 5.2 3.06 4.41 17.47 11.42 20.21 24.53 12.62 13.51 5.74 4.65 7.14 5.5 10.6 12.99 5.37 5.05 9.16 11.91 14.03 20.65 10.13 6.01 9.31 5.38 5.81 11.1 12.94 20.09 26.47 26.23 16.48 9.08 10.87 15.65 18.18 18.34 11.11 4.96 7.5 8.61 6.88 3.51 5.7 6.37 9.22 5.55 11.29 10.65 6.91 12.74 12.47 6.66 9.47 4.41 3.89 2.73 4.24
4.93 5.09 6.01 6.9 8.9 8.21 3.62 4.63 4.17 8.97 10.96 12.14 8.41 17.99 9.6 6.38 5.2 4.37 6.6 6.03 7.62 6.73 5.52 6.03 5.81 17.52 11.04 12.8 6.89 7.26 5.81 2.82 5.91 7.18 10.9 9.89 11.21 8.27 5.97 7.69 13.83 15.64 10.52 12.77 4.72 5.19 5.36 6.36 6.49 6.84 5.19 3.22 7.61 3.21 2.52 2.68 3.04 4.17 6.27 9.92 5.12 4.87 3.0 4.84
2.26 2.67 2.89 4.51 8.59 6.63 3.97 4.65 3.31 10.71 4.76 5.82 6.64 6.64 4.78 8.77 10.11 4.92 9.78 7.4 7.76 8.99 6.25 7.42 8.17 6.75 6.1 8.95 8.87 14.21 3.78 4.93 5.88 5.21 8.74 5.59 6.38 6.06 5.79 13.17 17.77 13.45 15.98 17.84 3.57 4.93 4.17 5.27 5.55 9.37 6.25 6.05 6.85 4.18 2.89 2.42 2.53 3.83 7.49 15.0 4.46 6.06 3.37 4.77
2.56 2.45 2.58 4.48 5.98 8.74 3.7 5.06 5.55 4.18 3.42 3.25 3.02 5.33 2.75 9.59 14.56 4.45 10.38 10.56 8.81 8.53 13.9 10.05 8.64 5.63 4.33 11.03 10.63 9.57 6.65 4.66 6.38 5.04 8.57 10.87 3.03 4.44 4.15 8.66 11.86 16.83 19.94 11.62 8.62 5.39 7.02 6.95 7.88 7.05 7.56 8.48 6.92 6.52 2.74 2.09 3.01 4.85 12.69 13.96 7.09 7.91 3.52 2.9
1.82 2.05 3.53 5.71 11.53 12.22 4.91 7.97 4.47 6.84 6.36 8.07 4.7 2.62 3.26 6.27 12.8 13.69 12.71 16.77 10.18 12.71 12.75 9.21 5.5 6.71 9.56 7.5 14.88 7.8 5.29 8.62 8.82 6.55 6.45 10.18 6.73 8.54 6.09 6.61 8.61 6.96 8.65 12.16 8.0 4.99 4.76 8.02 12.52 8.85 5.22 6.34 5.41 6.4 2.06 1.84 5.74 4.16 16.42 14.15 9.98 3.34 3.7 2.49
3.4 5.4 4.83 4.09 8.65 9.42 6.14 11.11 6.09 6.08 11.31 6.93 4.4 4.39 2.98 3.48 12.83 17.41 18.65 23.86 7.16 14.81 7.08 10.46 6.7 5.62 3.29 4.33 11.13 4.0 9.9 7.49 6.91 7.61 9.35 7.06 13.44 11.28 14.35 7.99 7.98 5.72 4.25 4.54 10.14 10.07 7.29 7.78 11.59 11.94 12.1 7.53 6.8 5.36 4.73 3.09 3.31 6.0 16.24 14.78 13.35 4.26 3.58 3.05
4.42 3.34 4.25 4.02 11.53 8.45 14.49 9.05 6.51 3.74 8.75 10.47 5.08 5.05 2.9 7.2 6.58 9.13 15.25 13.63 20.68 9.44 6.67 6.29 5.95 5.34 6.84 5.72 8.81 12.59 14.01 14.45 5.16 7.0 14.1 7.64 7.03 10.68 23.14 16.21 9.99 5.21 8.65 5.15 7.82 9.92 7.7 16.35 14.08 14.23 12.79 14.67 4.87 5.9 8.2 3.36 3.48 6.81 17.07 20.53 13.02 7.66 3.62 2.86
8.03 7.05 8.62 5.64 13.03 11.1 8.1 7.98 5.97 2.3 5.44 7.62 3.61 4.36 4.24 5.73 8.46 5.36 16.31 14.87 23.49 13.9 7.99 3.99 3.91 1.72 3.71 6.46 10.97 15.06 22.4 12.65 13.81 8.07 11.74 9.52 10.6 11.04 19.97 15.64 11.48 4.76 9.93 9.19 9.09 15.09 6.48 8.2 8.2 20.01 15.82 7.5 9.89 7.26 6.47 2.12 3.54 11.4 6.48 13.79 8.8 7.13 6.38 9.63
6.71 8.8 12.05 14.84 12.44 6.91 13.98 7.55 5.76 3.06 3.49 4.73 8.03 14.22 7.31 3.9 3.83 5.43 8.14 10.99 18.38 17.1 5.82 4.81 3.21 3.37 6.83 7.56 9.88 16.54 16.19 8.32 10.26 13.51 18.13 8.84 11.12 16.94 11.89 10.2 15.1 6.28 9.12 10.67 8.91 11.8 6.79 5.9 13.3 10.55 9.96 15.6 6.25 3.73 5.9 3.13 4.89 9.69 10.62 8.77 5.85 4.59 9.57 16.96
6.06 7.43 11.98 7.88 10.38 9.25 8.98 8.75 2.96 2.96 3.79 5.23 9.77 6.93 10.53 5.8 9.93 8.15 11.28 9.85 5.1 8.38 4.06 3.91 4.94 4.09 7.35 9.62 6.96 9.9 21.14 20.9 25.01 19.46 8.89 11.16 13.73 13.43 32.75 22.11 15.52 9.53 11.86 7.85 8.91 8.77 8.99 7.48 18.16 21.44 13.27 17.1 9.14 7.37 8.29 9.39 4.86 12.42 8.72 13.96 12.99 5.64 13.15 11.32
5.14 6.87 7.25 5.6 3.45 4.92 5.33 6.9 5.48 4.09 2.69 5.87 10.13 4.7 5.97 7.4 8.04 8.54 8.9 5.45 5.53 5.5 5.31 7.73 5.02 5.11 4.84 6.43 4.61 14.81 30.33 30.69 13.74 8.08 10.61 8.06 7.72 11.79 17.08 15.01 14.64 21.93 12.67 5.45 7.68 9.63 9.03 8.2 9.72 18.37 13.63 12.29 10.19 5.38 8.14 7.57 9.9 12.28 6.26 9.92 6.18 8.28 9.9 11.07
5.89 8.62 8.94 4.46 3.57 5.0 4.23 8.23 6.23 5.5 7.23 7.64 10.34 13.81 8.21 11.78 17.68 10.12 8.39 4.65 3.55 7.57 6.88 5.55 8.53 8.85 4.66 5.53 5.43 10.84 29.92 30.39 17.53 6.98 4.89 10.04 6.64 6.38 14.04 15.28 16.08 23.8 9.3 6.84 8.65 7.28 6.75 7.46 7.05 9.22 6.51 7.1 15.37 8.97 7.52 5.59 3.4 6.67 9.27 8.6 5.71 6.41 4.9 9.03
5.59 7.76 9.93 5.25 7.32 5.27 5.07 7.32 4.68 9.37 4.2 12.51 11.07 16.38 11.25 12.04 7.89 9.28 4.83 8.22 8.22 10.22 3.95 4.84 8.0 7.23 3.26 4.32 6.77 15.49 12.19 17.06 6.91 6.21 3.21 5.79 5.84 4.61 8.46 5.67 12.22 14.24 12.78 11.74 14.43 9.59 5.62 9.94 7.68 5.08 5.7 9.52 10.93 7.55 10.83 4.06 5.17 4.51 7.94 6.43 5.4 3.79 5.35 7.9
9.46 7.36 10.32 5.86 6.02 10.25 7.89 8.13 7.04 5.62 5.83 9.64 10.26 15.51 11.55 10.98 3.48 5.41 6.06 11.81 11.71 11.42 7.13 6.41 10.18 5.93 5.06 11.71 9.27 10.73 12.04 10.75 7.41 11.03 5.56 8.02 8.36 7.5 9.27 4.18 6.74 17.34 7.07 9.87 24.39 9.13 9.91 19.06 14.02 8.32 7.93 12.72 6.09 10.51 17.51 11.87 6.35 6.71 10.31 7.76 5.12 4.69 4.65 7.75
9.73 6.93 7.99 7.65 8.92 8.89 5.22 8.54 5.13 4.94 2.77 10.07 8.09 7.3 9.81 5.96 5.43 6.45 8.08 12.78 14.19 7.18 8.74 7.67 5.52 6.5 7.32 9.3 9.31 8.25 8.72 15.16 8.33 10.49 9.84 7.35 10.88 10.29 13.35 5.42 8.46 7.72 7.59 9.08 11.57 8.69 4.57 9.69 13.48 8.54 6.68 5.21 8.79 8.54 6.53 8.31 10.38 10.49 15.2 19.25 5.98 3.5 3.81 4.51
11.62 9.72 13.71 10.96 6.72 6.13 9.32 9.59 8.45 7.62 6.9 4.96 10.09 12.48 8.29 7.85 15.28 9.03 8.12 14.94 19.75 10.11 6.37 5.12 7.88 7.92 7.75 8.58 7.74 6.74 15.98 10.71 14.03 20.49 11.8 10.43 10.13 15.45 11.83 7.08 6.33 5.56 4.38 7.19 7.64 3.7 4.22 9.45 9.91 6.18 6.24 5.64 6.6 7.41 3.73 5.53 6.82 10.34 19.07 12.5 6.63 2.87 5.75 5.3
17.8 9.43 12.7 6.61 7.17 5.55 11.68 7.38 6.26 8.94 6.21 5.11 10.58 12.56 11.83 12.9 18.49 15.97 9.74 14.26 18.84 10.35 6.2 4.96 4.17 5.23 8.07 6.56 7.68 5.28 6.03 6.96 5.26 7.4 9.79 9.04 9.89 15.16 18.95 8.19 8.1 3.74 5.89 6.08 4.72 2.49 3.65 4.85 7.44 7.75 13.18 12.04 8.25 10.15 7.06 5.41 10.95 7.04 20.2 11.46 6.53 4.86 8.51 5.06
10.97 8.12 6.72 4.36 5.63 4.09 8.03 6.32 7.89 3.95 19.53 4.46 6.05 5.84 7.51 17.81 20.48 14.62 12.33 16.02 10.38 6.9 10.41 8.22 5.25 4.66 8.18 8.45 6.34 8.98 7.22 4.87 4.96 4.36 2.72 4.14 4.66 11.42 8.48 2.61 5.19 5.17 7.98 6.06 6.79 3.53 4.22 5.73 6.72 17.81 14.61 13.05 19.26 11.78 14.86 10.39 6.3 4.82 11.88 12.56 7.38 5.74 10.68 8.97
10.18 5.99 4.21 5.25 6.81 4.56 9.51 4.66 6.11 4.29 6.53 7.7 11.11 14.32 4.76 6.84 9.96 18.13 20.23 20.42 15.07 6.24 16.89 5.46 6.1 3.86 16.95 10.7 15.34 17.77 5.75 6.43 3.69 6.74 9.2 6.61 8.39 7.19 8.34 6.51 7.69 5.01 6.66 6.28 7.97 5.61 6.15 5.09 16.37 19.18 16.95 15.53 14.38 22.79 30.17 25.33 10.43 7.17 10.25 9.5 7.63 8.56 5.02 5.64
13.27 6.59 9.67 7.64 9.57 7.44 8.74 5.84 5.88 11.96 10.31 9.16 7.58 11.86 6.43 7.36 8.53 11.54 21.72 30.54 12.89 7.57 6.0 5.58 7.56 4.83 12.95 25.16 15.47 19.92 17.05 13.77 6.3 7.07 5.37 7.36 4.23 6.0 9.93 7.93 10.24 11.06 9.7 5.06 7.45 8.84 8.8 12.72 15.35 16.32 16.79 11.45 22.2 15.71 19.58 17.63 4.22 5.23 8.01 6.86 5.81 4.35 7.22 7.88
13.21 10.39 11.3 9.14 6.84 12.43 6.56 4.26 4.84 6.22 10.97 19.35 9.61 9.85 12.95 6.74 6.67 7.79 10.56 21.22 16.1 9.1 5.22 5.42 1.88 2.45 4.32 12.23 8.38 17.25 19.26 14.76 12.84 7.36 7.37 2.91 5.44 10.73 7.85 13.1 6.37 9.71 7.88 9.19 8.17 6.52 7.53 13.77 17.53 12.13 15.84 13.25 15.96 21.12 18.77 8.46 5.7 7.44 7.12 3.09 3.56 8.44 2.29 3.0
16.2 19.96 11.59 7.88 4.84 7.68 5.89 7.84 4.71 3.17 7.42 14.69 6.93 13.03 9.69 7.73 4.72 5.82 9.28 10.49 8.91 14.92 5.68 4.12 2.74 1.65 2.19 6.87 8.0 14.5 14.37 8.31 10.81 16.99 5.09 2.98 2.72 10.48 12.69 11.45 7.15 8.05 7.39 5.71 7.66 9.83 11.2 12.7 21.85 17.34 9.25 9.26 11.96 16.53 8.12 10.79 2.69 6.3 4.18 2.75 8.63 12.48 3.88 3.2
13.6 10.12 10.8 9.88 4.66 8.98 9.69 8.15 10.61 11.09 6.54 8.22 9.74 13.61 13.61 9.02 4.19 4.07 3.55 6.86 9.12 14.41 9.25 4.52 4.01 1.61 3.12 7.84 18.13 30.9 23.54 16.8 10.31 20.34 12.74 4.81 7.11 10.46 5.48 9.51 7.24 7.18 8.63 12.77 7.02 9.57 9.13 12.27 17.04 10.46 11.5 10.24 7.69 8.63 5.15 6.13 5.29 5.35 4.87 3.58 6.8 5.23 1.95 2.8
9.87 11.88 17.51 17.86 10.06 9.45 8.97 5.0 13.86 9.77 7.14 6.29 9.69 7.54 5.66 7.29 3.74 7.92 3.69 8.14 5.74 8.55 4.85 5.46 5.83 1.88 4.66 7.49 11.36 18.5 19.86 13.41 7.78 20.06 7.8 6.2 5.76 7.48 3.9 6.32 7.97 7.22 4.15 7.54 8.91 13.14 19.32 10.08 7.7 11.06 9.66 5.36 3.27 3.94 2.35 3.38 4.99 6.26 9.29 2.85 5.82 3.58 2.74 3.69
6.7 5.25 12.49 12.75 12.47 7.97 13.97 8.1 13.23 9.19 14.5 11.07 9.05 6.47 8.55 5.15 2.67 6.78 5.57 4.71 10.11 11.58 8.6 3.54 1.79 6.32 6.1 7.16 16.34 15.22 14.31 9.85 4.3 7.89 4.05 3.24 3.79 7.08 4.51 6.63 5.8 2.08 4.92 5.12 10.07 13.59 10.08 12.54 8.41 8.97 5.27 3.9 6.59 5.24 2.42 2.04 3.12 5.45 6.94 4.73 4.18 2.9 5.89 5.37
4.46 6.57 12.82 8.68 5.28 4.59 5.7 3.9 7.54 6.41 9.47 6.7 9.79 9.83 5.22 7.76 5.69 6.01 8.22 5.41 10.29 10.4 11.44 4.4 3.35 4.14 4.0 3.4 8.49 14.24 5.29 4.41 5.21 7.04 4.29 2.91 3.65 4.45 8.85 8.8 4.26 2.69 2.92 4.32 10.43 4.97 7.2 8.41 9.76 7.94 7.45 5.43 8.87 7.56 3.62 4.07 3.23 5.52 4.6 4.45 7.34 5.22 7.3 13.7
4.93 4.27 9.26 4.56 7.39 9.14 4.37 4.48 11.82 8.78 5.79 7.34 9.35 11.55 15.25 5.91 5.28 4.49 9.8 10.37 17.71 9.65 12.38 8.15 5.09 4.71 4.95 4.12 8.95 12.59 5.55 4.11 4.56 4.13 5.39 2.4 4.1 4.1 7.94 6.43 4.28 4.08 3.66 4.16 5.14 6.16 5.39 7.97 9.58 4.95 13.15 9.51 13.41 6.04 4.07 4.46 4.52 3.57 4.98 7.4 7.5 8.71 19.24 21.42
4.75 5.46 6.24 3.62 4.99 5.69 3.15 3.98 13.12 8.63 11.67 5.82 8.62 6.76 12.52 11.78 4.78 5.05 9.5 22.45 16.08 7.46 7.32 4.34 4.64 3.54 4.02 3.7 3.85 3.68 2.55 3.01 10.72 6.69 5.36 4.63 4.17 3.94 3.38 2.96 3.58 5.7 3.6 3.5 2.7 2.09 6.24 8.82 7.7 7.77 7.44 10.91 11.79 6.81 5.77 5.28 5.96 6.19 3.63 4.09 9.81 9.5 12.4 23.26
6.98 5.64 3.97 4.11 4.97 4.13 6.15 8.15 17.5 13.38 17.78 6.04 5.89 6.48 13.61 7.84 5.83 7.37 7.75 8.53 9.27 6.37 7.67 7.4 7.13 7.97 5.5 4.17 10.64 2.66 2.17 4.11 6.29 7.31 4.98 5.33 4.8 4.2 2.17 2.75 2.07 4.63 3.26 1.72 3.66 3.19 5.75 5.12 18.85 13.18 10.79 11.29 7.56 7.3 6.64 6.03 6.46 8.24 4.75 6.67 11.74 12.74 19.24 13.91
6.16 6.76 4.89 2.92 2.05 5.42 8.04 17.1 16.83 14.81 17.09 10.49 5.85 3.17 4.53 10.4 8.18 7.23 7.15 6.27 10.53 5.08 4.78 7.01 10.99 10.35 8.62 4.74 8.59 4.41 4.83 4.97 8.58 12.81 8.73 7.25 3.26 2.87 3.46 4.97 2.16 2.43 2.39 2.32 2.87 1.63 4.3 9.8 8.72 13.13 13.23 16.62 9.98 7.85 10.31 8.46 4.12 6.07 5.82 8.29 12.39 11.88 13.18 9.12
11.23 6.74 3.84 3.0 2.95 4.74 6.66 17.79 17.97 11.73 12.15 14.28 5.29 3.73 4.91 10.05 7.26 3.59 2.74 9.87 6.5 4.26 9.47 11.28 12.06 9.44 5.82 2.55 5.14 4.71 3.47 6.12 4.35 6.82 11.52 5.41 5.05 1.64 1.43 5.22 1.9 2.36 1.99 3.3 3.06 2.44 5.26 4.42 5.44 5.38 7.61 7.93 9.31 12.21 6.02 3.6 7.09 7.62 8.68 6.78 9.25 10.95 7.66 7.08
11.5 5.21 3.97 4.66 5.59 5.4 13.3 14.46 9.18 9.41 17.99 13.87 5.5 11.09 7.84 13.47 14.36 9.01 5.49 6.26 6.51 6.06 9.98 10.32 11.6 11.21 3.7 4.57 4.18 4.87 3.33 4.45 5.86 13.5 10.55 11.36 3.85 3.01 2.2 2.5 3.03 3.15 2.62 4.65 3.18 4.78 3.38 4.32 3.72 9.37 4.26 6.36 7.53 6.0 8.09 7.09 6.3 8.76 15.48 11.86 8.35 4.55 6.23 6.3
4.56 4.92 3.9 7.01 6.44 13.07 17.19 10.67 9.03 13.38 10.09 15.03 15.28 14.19 19.34 13.01 20.27 15.25 8.83 16.5 8.51 10.27 11.27 11.57 9.03 17.6 4.9 6.37 6.02 5.25 6.27 6.31 6.73 7.45 14.81 10.41 7.9 2.47 3.13 5.3 2.65 2.56 2.32 5.29 3.78 6.43 6.47 3.86 8.14 7.3 5.57 5.89 5.52 6.99 7.73 6.17 9.06 11.03 13.76 16.54 6.12 5.11 6.62 7.31
5.55 7.24 4.08 12.24 12.04 10.61 27.39 22.09 13.3 13.56 13.9 17.81 14.78 15.36 16.36 22.58 21.85 20.53 7.62 12.45 6.79 7.24 11.04 14.56 9.73 17.49 10.57 7.15 8.88 7.19 8.97 6.97 8.29 6.72 7.57 13.81 3.89 3.05 3.64 4.56 2.98 2.45 2.66 3.42 2.37 2.54 5.3 4.28 11.79 20.36 11.65 8.25 4.47 4.02 5.49 6.58 4.58 11.78 12.97 14.12 6.74 5.09 6.93 4.47
6.96 10.13 4.07 9.02 7.3 10.86 38.07 36.37 19.19 11.17 12.62 13.61 14.88 19.75 22.86 9.61 7.84 12.89 6.83 7.4 4.96 5.18 9.8 6.77 5.86 8.17 5.32 5.23 11.33 5.24 11.11 7.0 6.55 5.57 7.43 7.92 2.94 2.34 2.01 5.13 4.17 2.23 4.25 2.22 2.24 3.35 2.84 3.5 14.73 27.1 16.12 10.03 5.31 6.11 4.76 4.53 5.87 8.95 11.79 15.26 7.95 8.08 5.68 3.9
4.35 9.33 8.74 14.47 8.18 8.55 37.7 16.58 27.13 18.83 16.8 9.71 14.76 13.78 23.61 9.33 4.1 8.15 6.51 4.71 6.51 9.37 6.76 4.03 10.97 10.82 5.94 7.25 6.5 9.06 9.21 5.57 6.25 9.7 8.98 9.03 4.41 2.62 1.85 2.07 3.82 3.06 3.74 4.49 3.17 4.7 4.11 6.1 19.03 28.43 15.47 20.26 11.26 6.43 5.85 4.7 5.13 6.87 11.88 14.31 12.51 9.88 5.12 5.74
3.07 6.53 6.57 7.17 10.8 13.87 38.65 23.3 17.57 12.61 11.72 9.31 9.5 10.55 27.09 8.43 9.41 7.85 5.41 3.34 12.85 9.43 10.47 4.88 8.11 7.44 6.35 10.47 11.6 7.79 8.12 4.3 5.18 10.27 12.99 8.98 6.52 3.55 3.79 3.33 4.24 3.32 5.81 5.88 5.86 4.39 3.91 4.04 12.62 16.93 23.57 21.31 10.2 11.4 13.31 8.21 6.75 4.96 7.06 14.56 10.86 18.64 6.99 3.66
3.99 6.24 6.06 15.73 24.82 16.04 28.15 45.88 26.93 21.93 16.06 18.11 12.11 9.52 15.26 11.63 8.96 8.23 11.49 8.39 14.34 8.9 9.52 5.17 9.1 10.39 9.87 7.78 4.83 7.0 6.85 6.51 7.99 7.34 13.0 7.88 4.86 3.5 3.83 3.51 4.96 4.99 4.43 6.0 5.34 5.23 8.67 5.82 8.66 11.82 10.47 5.55 14.83 11.24 11.6 5.1 8.52 6.04 4.71 11.91 13.62 8.13 10.81 17.6
5.0 6.37 8.63 23.59 12.19 11.09 47.25 42.25 38.73 40.55 27.98 12.3 10.2 11.09 13.51 6.63 11.35 6.75 6.73 5.52 11.4 10.14 5.11 7.95 10.73 8.77 4.71 4.96 7.44 4.13 12.46 6.48 7.02 7.27 11.3 5.68 6.15 8.48 4.24 7.75 8.71 4.72 2.57 3.3 5.01 7.24 5.01 11.77 19.14 10.54 10.65 4.65 10.76 16.59 15.61 8.35 12.23 5.15 4.57 11.75 6.58 7.94 10.64 13.52
5.08 9.79 9.0 14.5 14.17 24.56 18.83 24.24 34.03 27.94 17.06 14.1 11.88 7.71 9.68 4.74 6.89 8.49 5.98 6.46 13.04 13.49 3.4 8.78 13.69 12.48 5.45 3.83 5.52 11.23 14.53 10.79 13.27 7.8 7.15 4.94 2.5 3.23 5.39 13.78 12.93 8.04 4.34 5.42 4.63 9.79 14.49 18.93 21.44 10.63 11.94 8.66 13.44 25.3 16.55 8.91 14.56 6.07 6.68 12.65 19.51 16.82 12.28 12.3
6.16 7.39 14.02 16.68 12.83 30.32 13.0 19.59 14.79 15.4 12.26 9.92 6.25 8.15 12.84 4.96 3.85 3.34 2.8 10.14 9.56 11.69 7.88 11.47 12.0 5.85 4.83 3.65 8.54 10.63 12.15 17.48 13.56 6.04 4.89 4.3 3.81 3.49 3.84 11.68 6.38 9.74 5.76 3.79 5.9 12.79 23.53 16.96 17.42 5.11 9.71 10.26 7.56 31.83 11.98 8.57 8.28 5.3 6.83 23.87 18.87 13.12 7.77 7.07
10.67 6.17 12.5 30.2 15.26 20.75 13.92 26.88 16.12 15.71 4.38 10.32 7.82 23.37 7.93 9.49 5.22 4.0 4.79 6.52 11.12 16.45 10.04 12.52 6.06 6.04 4.43 6.05 9.07 9.19 5.54 6.42 5.63 5.51 7.1 6.4 3.45 4.32 4.56 5.52 15.2 10.82 8.36 6.86 7.62 12.19 8.95 19.27 12.57 10.8 7.75 7.26 7.5 10.96 12.95 6.24 7.49 5.86 9.34 22.62 27.68 10.5 6.56 10.74
5.25 8.83 11.87 17.59 12.95 19.4 17.19 13.41 27.18 19.82 10.39 9.45 11.06 16.15 12.95 7.01 4.38 5.02 6.24 6.7 8.02 13.15 7.5 13.15 12.67 11.36 7.41 5.56 7.61 6.83 3.92 6.38 3.5 3.81 5.26 4.06 3.85 3.88 4.27 8.66 10.96 9.14 9.5 11.86 10.83 34.33 9.46 44.68 13.49 10.19 7.18 8.68 5.13 6.74 7.57 7.08 6.11 6.67 15.73 22.6 9.93 3.87 5.82 11.42
4.54 8.05 11.88 9.95 5.52 7.14 11.17 8.67 12.85 15.55 8.3 7.14 6.11 9.06 7.94 9.47 5.93 4.29 5.74 6.44 14.92 6.2 3.59 9.59 9.81 7.29 6.39 6.82 6.84 6.06 2.1 4.79 2.88 2.56 7.43 5.26 3.68 6.23 8.14 7.26 7.95 3.99 8.62 12.38 9.77 25.13 19.9 45.58 16.85 13.84 9.78 11.45 6.21 5.13 7.67 7.49 8.18 13.19 12.63 10.07 9.47 8.25 3.15 11.02
5.8 5.03 9.66 10.71 7.08 6.12 10.35 19.14 13.53 25.46 16.84 6.88 6.24 4.49 7.26 6.7 5.25 1.97 4.38 5.62 7.15 7.91 7.62 7.02 7.43 13.55 8.96 11.58 10.85 9.25 3.36 6.96 4.71 3.28 8.15 2.31 3.33 9.61 10.2 10.37 5.72 4.35 7.41 13.38 16.12 24.64 16.86 18.5 18.18 10.99 9.75 3.97 5.8 10.8 8.69 5.58 8.25 9.75 10.89 9.31 7.07 8.64 6.04 10.47
5.99 5.04 19.28 19.92 7.38 4.6 11.32 15.92 11.1 30.96 16.03 5.93 7.65 11.77 9.93 6.4 4.86 2.84 5.45 4.35 5.67 4.93 4.68 5.82 6.44 7.46 9.39 7.64 8.61 8.67 5.7 4.97 10.94 6.62 14.09 5.13 5.12 11.13 9.42 10.88 10.11 3.14 4.25 19.38 20.68 13.02 12.92 13.07 13.67 12.6 13.54 6.41 10.83 7.61 8.71 5.25 5.14 12.36 9.97 11.24 7.49 5.16 6.07 5.7
4.6 8.66 13.97 11.98 12.57 4.66 11.18 16.66 20.3 19.16 14.1 5.21 6.84 9.06 6.09 4.25 5.4 2.57 4.96 6.09 8.96 6.04 5.28 6.04 7.34 6.13 12.7 10.24 9.86 4.88 3.0 2.97 6.09 11.42 8.39 6.35 4.46 6.89 8.98 10.35 20.31 9.56 14.79 17.34 26.44 11.89 14.79 18.65 22.41 25.45 12.49 7.14 5.17 13.86 11.78 7.94 5.87 6.97 10.88 10.42 10.13 8.91 11.65 10.41
3.67 8.6 9.78 6.97 6.52 3.06 4.35 13.91 6.42 10.07 14.93 5.27 8.07 4.01 4.14 5.28 6.98 5.65 6.63 5.43 7.5 4.56 9.14 5.78 5.71 5.34 12.77 8.44 6.42 6.02 2.52 4.09 11.45 15.27 18.71 8.91 4.9 5.01 15.52 8.68 10.31 8.9 19.95 21.31 20.17 15.26 19.1 17.19 23.14 37.8 9.77 5.9 7.42 8.27 15.02 7.04 7.43 8.4 8.12 10.97 12.64 7.18 6.76 6.73
3.5 9.76 17.37 11.01 7.52 3.82 6.14 16.85 7.41 9.43 7.55 4.91 4.61 5.83 3.18 7.6 5.7 6.03 11.62 10.51 11.37 6.3 6.37 9.29 6.18 7.26 19.15 10.64 9.05 7.38 5.49 3.78 8.08 25.15 10.93 5.9 8.97 6.11 10.31 14.28 11.35 9.62 12.33 9.05 16.58 18.9 26.78 20.25 20.83 17.77 8.07 4.67 4.09 5.92 7.0 4.66 8.29 6.75 8.66 10.79 13.49 12.46 8.63 7.29
8.46 7.39 10.52 5.89 6.21 7.3 5.64 12.15 8.71 14.33 7.23 4.79 3.69 4.79 5.15 6.83 4.83 6.85 9.89 5.89 10.05 8.33 4.18 3.98 3.6 7.49 13.97 10.7 6.6 5.78 6.16 9.07 17.34 14.68 8.58 4.56 7.63 5.46 9.32 14.42 9.81 8.26 8.04 12.74 9.89 21.77 16.31 18.14 15.05 12.24 8.16 6.7 6.58 5.46 10.49 7.5 3.06 3.61 5.74 10.56 10.24 6.29 7.45 6.11
5.21 10.21 11.75 5.05 5.02 7.37 5.93 6.92 6.57 7.78 4.01 4.96 4.98 4.85 6.85 12.84 11.27 5.73 6.41 11.44 7.29 4.63 4.23 7.5 5.92 5.05 6.67 6.21 3.56 3.66 7.68 9.52 9.73 13.17 6.52 5.51 6.71 4.75 7.73 13.23 6.99 9.46 10.75 19.4 17.16 25.7 14.48 14.45 11.47 12.92 13.96 16.64 5.96 6.62 8.23 10.4 9.63 9.35 7.21 11.18 8.99 10.8 5.71 9.2
4.73 4.37 4.35 6.33 7.15 9.75 5.67 6.15 5.97 5.59 2.72 4.95 3.88 3.77 8.89 13.53 8.29 10.11 14.55 9.64 13.73 9.49 6.39 9.01 4.87 6.83 6.32 9.8 5.0 4.6 8.78 9.93 12.27 19.73 9.38 9.61 5.36 5.58 7.58 6.79 5.79 4.45 7.68 18.32 19.23 25.27 11.52 8.47 15.23 24.52 11.47 18.14 15.69 10.28 11.59 7.4 8.19 9.99 3.8 9.11 12.29 7.14 6.86 9.53
2.61 3.57 6.55 6.29 6.84 8.12 5.92 4.08 3.81 6.89 3.2 3.57 4.39 5.23 7.45 14.28 7.36 14.56 13.29 22.61 25.46 20.87 8.45 9.18 6.53 6.22 8.29 8.74 7.87 7.34 5.55 7.5 11.29 26.95 13.96 18.01 8.05 6.32 8.27 7.89 5.49 3.49 6.77 13.4 16.14 12.85 13.32 10.84 9.25 12.52 22.16 32.84 18.71 13.0 13.04 9.85 8.58 9.27 4.06 7.32 8.87 6.24 14.59 10.59
2.61 2.33 3.61 4.58 8.93 6.45 4.32 3.2 4.64 4.93 2.56 3.56 3.05 3.5 4.14 9.21 8.49 10.19 13.82 13.69 27.85 11.09 6.24 6.81 3.85 5.81 11.95 9.65 5.55 6.45 3.7 7.54 11.59 11.13 12.49 10.31 7.6 6.24 6.56 5.71 9.45 3.92 4.71 10.77 6.43 5.8 12.33 13.23 5.97 9.91 19.21 65.34 29.83 15.5 9.63 3.71 6.03 6.19 3.93 3.74 5.51 5.48 12.36 14.53
