7.03 4.47 7.94 5.76 12.39 10.66 6.8 8.55 9.65 10.75 8.62 6.28 4.74 6.04 7.44 8.61 5.01 4.0 5.9 5.11 6.93 18.44 19.88 24.52 20.88 9.83 18.62 19.65 11.92 9.43 13.51 12.37 9.0 10.41 5.4 7.19 5.11 5.47 5.25 9.74 20.53 22.08 20.77 11.92 17.33 17.0 8.38 5.78 9.53 16.55 5.84 7.56 7.9 9.33 8.21 14.39 11.23 6.94 8.15 9.17 8.61 12.11 4.67 5.81
13.93 4.36 10.3 9.32 19.82 11.58 8.32 11.17 9.47 11.04 5.9 6.05 6.99 3.92 6.12 9.4 8.52 5.36 8.0 11.26 7.97 19.86 18.88 24.63 13.74 10.04 17.63 17.32 24.16 18.51 7.61 13.03 8.09 11.01 8.64 8.16 5.68 7.44 5.45 5.43 14.46 18.56 16.98 14.73 19.86 30.63 12.41 5.09 4.8 9.71 4.13 5.02 2.9 5.69 4.7 4.99 6.79 3.81 6.08 7.35 7.72 6.14 6.11 6.46
17.03 3.41 8.14 10.21 12.02 9.53 8.14 12.28 8.24 5.12 3.91 5.09 3.59 2.66 3.68 6.31 7.17 8.13 9.7 9.22 9.05 13.8 12.18 15.23 22.1 16.71 18.69 31.24 36.04 15.2 5.89 8.14 17.23 12.65 6.41 11.29 9.19 7.27 4.78 6.17 13.18 14.01 17.39 10.38 22.99 18.85 10.46 5.98 4.59 3.86 2.47 2.91 3.77 3.87 3.18 2.36 5.75 3.91 10.93 7.92 5.76 5.18 7.21 5.91
8.53 4.56 8.39 21.13 12.5 10.44 7.51 7.69 3.23 3.78 3.98 3.36 1.39 2.82 2.87 7.56 10.99 6.94 10.57 6.42 4.92 6.48 5.65 10.88 9.72 13.45 13.8 24.96 25.83 11.35 13.22 9.72 19.01 11.42 4.34 10.34 7.5 6.85 5.12 4.59 8.49 8.82 12.68 9.48 13.7 16.59 10.82 9.29 4.78 2.78 1.81 4.24 5.81 5.72 3.92 3.68 3.44 5.43 5.09 4.39 3.57 4.94 4.15 4.08
12.24 5.05 4.37 6.4 8.24 7.16 4.46 4.84 4.29 4.75 4.25 3.14 1.95 3.53 4.1 5.7 11.34 10.25 7.6 3.74 3.28 4.1 4.26 5.35 5.89 17.44 22.39 14.64 20.46 18.35 20.08 21.01 15.61 13.42 7.58 5.84 8.86 5.42 3.26 1.66 3.95 6.19 19.79 24.14 12.29 9.96 10.81 5.83 2.45 1.59 2.65 6.2 6.58 4.25 4.1 2.99 3.23 6.2 4.37 4.19 3.51 4.66 6.88 3.16
14.21 8.35 6.56 7.96 3.8 6.22 3.35 5.9 6.54 6.95 3.38 3.32 5.65 10.49 4.76 8.26 6.39 7.68 5.89 8.6 6.41 5.43 4.63 6.13 13.26 22.53 19.22 24.98 13.39 11.99 17.61 32.07 6.8 9.36 8.14 7.09 8.08 7.08 4.25 2.22 3.81 10.06 21.65 18.25 11.68 7.91 11.59 9.09 3.89 5.28 3.1 4.22 10.31 5.63 5.04 6.12 5.28 5.6 3.44 3.0 3.03 3.78 3.91 3.09
10.55 10.03 9.4 5.19 2.55 4.29 4.58 5.13 4.08 4.11 3.28 3.29 10.6 9.69 10.92 10.54 10.68 10.73 11.74 12.03 11.01 5.7 7.3 9.23 21.11 16.8 27.83 17.21 12.36 7.57 24.56 15.68 7.66 6.35 8.98 5.89 6.76 6.65 4.29 2.03 6.44 11.1 15.86 9.63 12.03 3.72 4.77 6.1 4.32 6.62 3.52 7.14 15.73 7.93 5.54 6.02 6.95 3.85 3.31 3.72 3.88 3.97 5.65 6.72
7.62 10.06 12.01 5.44 3.94 5.87 5.66 8.13 6.91 10.65 6.96 9.06 13.04 7.38 9.83 7.15 5.12 12.25 14.55 24.86 18.58 8.39 8.25 7.54 7.08 13.58 26.89 24.2 9.3 8.87 13.49 8.63 6.26 8.34 10.13 7.55 6.79 9.33 6.36 3.8 3.33 8.24 8.28 9.12 8.95 7.97 2.3 3.36 3.37 6.15 4.07 8.14 7.04 12.97 6.83 3.87 5.61 5.72 2.7 3.16 2.91 3.26 4.08 6.67
6.63 5.3 10.63 7.68 5.22 3.86 5.25 9.26 8.12 11.86 11.67 19.8 12.39 6.23 4.91 6.33 6.06 13.09 20.64 31.93 24.9 11.98 7.56 9.74 23.29 30.01 22.23 20.89 9.06 8.85 7.56 10.7 10.19 13.73 7.66 8.85 11.95 7.73 4.53 4.2 6.39 10.04 3.18 4.76 3.95 4.95 2.95 4.7 7.99 10.19 6.09 5.22 8.57 10.9 8.24 5.91 4.38 4.3 9.84 3.75 2.77 2.85 6.09 5.13
7.98 10.5 13.09 5.39 2.32 2.75 5.41 9.9 12.71 19.37 12.33 13.82 9.49 6.46 4.21 5.97 10.88 11.67 13.21 25.78 23.73 10.52 7.8 18.17 30.5 16.41 26.57 16.58 13.62 12.49 12.35 15.79 9.89 8.97 5.82 12.49 17.19 7.97 6.58 11.7 8.36 6.78 2.49 2.76 3.97 7.54 5.58 7.58 8.27 7.15 4.52 4.71 9.28 9.66 9.78 7.35 4.14 4.41 12.46 4.71 3.32 4.73 7.9 6.0
5.19 12.17 9.81 4.4 2.65 3.21 5.96 8.59 12.83 20.54 14.88 8.52 5.61 10.08 7.62 7.33 8.74 7.84 13.51 28.04 33.8 25.56 14.88 11.61 8.0 14.5 18.38 14.31 17.98 13.4 9.68 9.28 3.23 4.84 5.43 11.74 12.56 9.1 5.1 17.52 6.98 3.46 1.63 2.13 3.62 14.69 5.98 5.21 3.58 5.3 5.72 6.92 10.91 9.62 8.69 8.87 8.97 8.2 6.83 7.3 5.36 6.46 9.25 6.05
4.47 7.95 6.01 5.7 8.45 5.86 8.46 15.93 13.72 27.07 17.48 9.6 7.5 9.44 5.04 6.19 10.75 9.93 14.2 23.11 36.88 21.53 12.58 12.42 7.83 19.21 13.47 9.77 9.69 7.95 4.84 8.59 3.74 4.91 6.72 12.03 5.2 5.45 8.96 10.73 7.05 5.48 2.94 2.0 2.86 9.1 11.75 3.86 4.28 9.12 9.29 7.72 11.47 8.32 11.56 6.3 4.92 3.72 3.34 2.98 5.5 2.94 4.13 3.14
5.84 5.08 7.74 10.6 10.9 15.17 14.1 26.13 15.04 17.44 12.19 17.66 16.4 4.78 3.37 4.23 3.85 7.05 14.7 15.75 18.88 7.79 7.16 11.0 12.17 19.41 9.78 10.74 6.64 8.42 8.94 9.25 4.98 7.11 5.57 8.91 8.39 5.53 8.36 10.21 10.3 7.45 3.93 1.92 3.52 5.45 13.2 5.07 6.12 8.0 7.3 18.86 16.76 13.31 16.57 10.59 4.15 2.67 4.19 4.11 4.69 2.4 3.12 3.18
3.65 3.8 5.47 12.19 13.21 15.57 11.66 9.81 7.27 4.54 6.14 16.65 13.92 4.0 2.89 4.75 5.61 7.21 10.28 6.43 11.28 6.2 7.08 7.83 8.01 18.06 7.37 11.69 8.32 15.96 13.09 8.87 9.02 7.88 4.44 4.97 10.25 8.7 7.45 6.58 5.64 8.44 4.69 1.64 2.46 4.78 7.06 4.27 6.62 8.66 8.72 21.79 20.85 29.35 28.2 19.03 8.44 3.9 3.77 4.66 3.09 2.43 3.38 3.44
4.82 3.08 5.09 13.25 9.16 6.81 7.65 4.16 4.79 3.84 4.55 10.46 15.84 5.99 4.46 6.77 16.07 16.29 12.3 4.58 10.53 7.81 3.97 3.61 5.33 8.02 5.42 8.43 7.27 18.9 10.53 8.88 11.49 5.65 5.7 3.91 8.17 8.82 10.1 3.33 4.05 6.04 7.92 4.32 5.27 9.38 8.82 5.29 10.53 20.64 21.74 27.92 27.87 28.41 25.93 17.82 11.42 4.43 3.08 4.49 3.98 3.15 4.02 3.92
5.53 5.69 6.86 10.89 5.61 7.99 4.02 4.14 4.76 4.42 4.0 8.27 16.58 14.93 6.1 9.15 23.89 15.46 4.97 6.2 7.32 7.85 4.43 6.42 6.84 6.69 12.93 26.89 12.96 16.24 15.23 14.13 9.53 4.93 6.77 4.0 6.01 4.5 11.59 7.55 6.71 7.08 11.81 6.8 3.75 6.26 8.85 7.41 13.93 36.21 29.92 24.07 26.73 18.53 8.97 10.42 13.55 9.09 9.48 5.8 7.49 7.09 5.58 5.02
5.97 7.58 13.93 7.66 11.67 9.33 5.79 6.67 4.87 3.79 5.84 9.44 10.89 22.04 8.46 3.38 9.36 14.38 7.49 4.1 4.01 10.66 7.13 7.32 4.23 6.5 18.27 24.81 24.54 20.63 18.38 6.79 5.86 3.56 3.9 3.72 4.16 4.43 12.97 33.38 11.95 11.64 10.64 14.25 6.28 5.87 10.38 15.65 13.86 18.88 23.12 23.53 22.09 15.86 12.71 19.76 19.25 11.56 5.53 5.24 6.89 5.79 8.78 12.98
7.63 5.73 7.32 4.19 12.22 8.14 8.77 5.78 3.8 5.87 6.31 7.81 11.61 22.51 8.39 1.94 6.41 10.91 4.16 1.95 3.56 8.96 6.32 9.67 5.35 8.2 17.46 22.13 28.52 11.54 22.07 8.83 10.19 5.38 5.29 2.11 2.23 2.56 7.2 22.92 15.48 10.13 10.39 10.42 5.05 5.51 6.29 4.59 9.83 14.46 17.01 15.73 18.73 5.73 7.63 9.78 17.76 18.19 7.7 7.82 14.03 6.27 9.04 9.42
4.54 5.67 7.96 10.92 6.65 3.91 5.6 7.74 3.91 6.8 5.42 11.46 9.25 14.39 5.19 3.04 2.52 4.01 1.88 3.77 3.03 5.68 6.4 9.52 7.06 14.98 17.21 56.93 32.84 11.78 15.37 7.34 8.59 8.11 6.97 2.31 3.02 5.64 6.83 12.64 14.42 11.63 4.76 8.07 6.88 7.02 8.34 5.63 7.84 15.07 14.73 12.1 14.49 11.62 10.38 8.73 9.57 11.62 9.72 8.02 6.53 6.78 7.92 10.65
2.71 4.87 6.58 8.66 6.78 2.99 4.66 3.84 3.41 4.73 5.13 5.52 7.87 12.12 12.17 5.73 3.53 4.38 2.88 3.04 7.0 6.21 7.13 7.39 10.17 8.52 7.02 27.07 20.77 12.7 12.04 5.14 11.91 6.71 4.38 4.85 4.25 6.32 7.73 12.4 16.02 13.66 9.18 7.67 9.18 5.11 8.6 5.39 8.6 14.08 17.86 15.14 12.9 11.34 10.76 4.51 5.61 8.75 8.77 6.23 5.59 7.17 7.4 10.05
3.84 5.43 2.69 7.19 2.76 2.93 4.06 3.02 4.39 8.92 5.21 2.92 3.12 6.95 12.91 5.87 5.33 6.1 3.2 3.3 6.93 8.81 4.71 4.85 4.04 7.4 6.29 16.97 21.91 7.17 4.02 4.19 8.45 7.13 5.38 8.54 5.47 10.07 12.12 9.25 13.97 15.5 17.65 10.57 17.58 8.36 7.55 5.95 5.02 6.67 11.61 13.11 9.81 10.67 6.2 1.56 3.47 5.9 7.02 6.47 4.84 4.13 7.57 7.91
3.53 4.27 3.19 5.73 6.14 6.34 3.29 3.78 6.0 6.09 3.93 3.8 2.83 3.95 13.68 5.64 7.25 4.12 7.27 9.22 9.53 9.02 5.83 6.05 5.75 8.06 12.89 9.74 5.7 2.91 4.87 4.17 7.34 6.85 6.02 4.41 5.93 8.14 10.7 6.35 7.35 15.09 15.68 5.97 15.23 4.68 5.41 4.48 4.8 5.79 7.67 8.65 10.36 13.65 5.62 2.69 2.87 3.16 6.13 7.74 9.67 6.44 4.7 5.48
4.99 4.93 3.88 3.55 7.74 13.67 9.05 8.94 4.61 6.33 5.82 6.74 4.42 3.19 12.61 6.65 5.08 4.94 19.99 9.61 6.85 9.18 8.42 6.87 7.66 10.72 10.27 7.86 3.87 4.27 6.53 8.89 7.07 4.84 5.82 5.07 5.47 9.47 7.18 10.85 6.97 11.55 11.19 8.39 8.97 4.84 10.01 6.83 6.65 5.65 6.52 11.77 8.93 12.36 4.17 3.44 1.67 2.73 8.04 6.27 7.64 4.46 3.94 5.46
3.96 3.81 4.83 6.7 17.02 19.34 15.27 9.95 7.52 10.22 11.19 5.67 3.58 2.92 5.12 4.4 7.58 11.36 9.93 9.46 10.16 6.42 5.35 4.65 6.67 8.64 6.42 6.68 8.56 2.99 2.64 4.52 5.63 5.68 9.85 7.21 5.25 7.29 4.69 8.05 5.31 10.68 12.02 14.06 9.93 9.18 6.53 3.53 5.47 5.44 9.29 12.85 11.7 11.12 5.41 4.29 4.99 2.33 7.58 9.11 8.4 3.15 3.81 4.8
2.8 2.18 5.43 12.94 19.33 11.03 11.05 9.4 7.51 8.89 13.03 5.15 4.5 5.19 3.5 4.88 13.36 16.21 12.46 8.48 10.22 9.87 6.8 3.36 7.29 7.99 3.59 2.35 7.41 3.14 5.63 5.25 15.02 14.0 10.71 9.19 7.16 10.21 6.56 5.38 4.06 7.1 8.21 8.85 6.34 6.18 4.85 4.99 4.39 5.67 10.05 7.36 6.91 6.48 11.14 8.97 5.82 2.9 4.83 7.22 7.39 5.5 3.38 4.89
5.92 5.16 6.0 14.95 16.64 10.82 16.43 15.87 11.67 6.33 8.56 9.99 13.84 12.13 9.25 8.01 14.18 22.01 19.53 7.93 9.56 11.43 5.5 5.36 5.36 3.98 2.95 1.94 7.06 6.06 7.06 7.17 10.04 12.1 11.48 19.66 12.05 18.43 10.58 6.73 3.24 3.93 8.34 10.36 6.92 17.87 9.52 5.74 4.1 8.39 7.79 7.36 5.3 8.07 11.06 8.16 5.59 4.57 6.75 7.58 14.39 12.37 5.68 7.91
11.78 7.55 6.93 14.66 21.01 22.16 16.42 8.8 12.2 6.71 5.48 10.02 14.34 13.36 14.4 8.79 13.1 35.28 18.16 13.61 14.26 15.92 7.56 7.81 7.89 5.71 8.78 4.79 8.47 8.71 8.12 7.97 9.86 11.06 12.97 20.96 8.74 8.59 6.18 6.78 3.35 6.03 12.27 7.3 13.91 16.58 6.48 5.79 7.16 7.02 8.78 11.86 5.54 5.69 10.34 7.6 12.01 5.93 15.49 8.42 12.37 9.23 9.25 10.89
13.87 17.68 10.43 9.49 16.68 27.12 13.96 11.66 12.5 16.13 7.45 7.52 8.4 10.4 15.62 13.6 9.54 13.41 26.38 17.32 7.83 11.35 7.56 9.18 7.32 7.14 11.5 9.79 4.26 3.59 11.99 10.93 13.11 7.64 6.08 9.97 4.55 6.59 5.73 5.24 4.22 3.37 5.29 7.02 27.12 13.87 8.26 11.13 15.97 10.73 5.98 7.3 6.86 6.42 6.57 16.19 16.22 7.24 7.47 6.35 6.2 10.23 9.98 10.71
16.35 16.55 12.0 8.07 14.8 16.32 22.74 13.53 8.98 12.41 11.24 6.34 8.02 19.28 74.01 29.84 10.04 5.98 15.5 6.76 4.7 8.85 16.25 11.09 6.49 8.58 8.93 5.65 8.81 11.36 21.54 21.37 15.99 4.37 6.53 6.59 5.5 4.69 5.38 3.4 7.71 3.91 3.63 2.5 5.94 7.27 9.17 8.42 14.98 5.77 5.43 7.25 5.32 6.45 8.49 8.34 12.95 11.68 11.12 7.93 4.05 6.51 8.69 10.41
19.52 16.49 22.6 12.96 13.91 12.85 14.04 11.04 11.79 9.32 16.01 8.4 5.59 19.13 31.1 20.47 8.22 7.63 7.47 9.13 9.56 8.57 11.75 5.65 4.65 4.57 6.02 9.12 11.57 14.81 12.5 10.95 7.38 4.51 7.46 9.67 9.14 6.87 4.75 3.68 5.22 4.18 6.97 3.42 6.28 9.61 9.62 5.32 5.18 3.87 6.48 10.66 8.22 8.79 19.24 17.1 11.84 8.34 10.63 7.69 2.61 8.06 8.46 19.34
17.75 32.55 31.12 22.01 19.15 10.98 12.3 14.74 12.93 11.02 14.01 5.58 4.44 15.95 10.65 13.27 11.37 5.71 5.22 12.11 10.61 8.93 5.18 5.53 6.69 4.69 4.69 3.62 6.72 4.87 4.46 4.31 13.85 9.5 6.87 8.97 7.06 6.61 4.62 3.15 6.4 2.82 5.04 2.7 6.32 5.28 5.15 2.57 2.27 2.86 8.01 7.89 4.92 5.2 18.15 25.85 12.99 15.71 36.04 20.27 7.11 9.55 8.85 19.9
22.65 36.07 49.11 14.68 21.37 13.27 22.01 15.27 16.36 14.7 10.32 6.38 4.61 6.26 10.1 8.95 7.75 4.88 3.88 5.22 6.13 7.45 5.31 7.72 6.61 3.7 8.2 5.32 5.44 1.9 2.57 2.3 6.51 12.48 13.14 5.63 5.0 7.53 5.27 4.21 3.66 2.33 5.64 2.74 3.4 10.22 7.39 1.94 2.0 3.26 3.27 5.09 5.64 7.49 9.87 17.42 23.01 21.84 24.86 40.96 12.21 9.0 7.76 19.74
23.05 30.46 84.69 17.91 20.55 12.43 23.35 14.17 12.7 15.73 13.88 7.33 6.03 10.62 8.7 6.35 5.72 7.54 8.52 7.95 11.95 8.33 10.45 8.78 6.86 4.6 9.58 10.0 6.16 2.84 3.39 2.36 4.7 8.66 8.8 6.34 6.6 8.5 5.83 3.01 1.99 2.38 4.23 2.81 5.66 8.86 7.57 2.64 2.99 4.32 2.0 3.61 6.51 6.56 6.67 14.51 23.43 17.71 18.08 35.24 21.34 14.04 12.4 13.2
13.33 32.13 31.27 11.51 9.76 7.94 13.06 23.36 11.2 16.14 9.72 11.04 5.33 6.51 4.9 9.46 7.04 10.3 9.43 11.4 9.22 7.1 11.0 21.23 9.65 7.49 14.07 13.32 5.62 5.69 4.89 5.27 6.75 7.72 6.69 13.67 6.35 4.69 3.85 1.64 1.66 3.8 3.7 4.83 6.91 3.82 6.93 4.86 3.2 3.83 2.42 5.25 5.32 5.86 4.44 10.77 21.17 20.03 29.74 58.86 43.55 12.63 11.72 11.26
12.39 10.19 19.46 15.02 9.34 4.5 13.27 26.07 15.32 24.12 28.06 20.27 9.61 5.38 6.26 4.29 7.88 13.71 15.42 10.93 8.95 8.84 23.87 14.46 13.8 14.86 10.14 3.93 3.51 4.51 2.63 3.31 6.71 11.79 8.68 13.17 7.92 2.69 2.67 2.6 3.19 5.95 7.14 8.03 5.2 3.28 2.68 5.95 4.89 3.1 3.39 7.03 3.9 3.93 4.13 12.39 25.86 18.19 29.54 74.19 27.86 13.02 8.07 4.94
7.7 10.61 22.18 21.21 10.37 6.96 5.46 18.41 16.83 25.26 22.95 21.15 16.12 13.61 7.2 4.11 9.63 7.44 7.99 9.97 13.98 13.0 16.77 12.96 11.13 14.58 9.53 5.35 2.89 4.42 5.04 9.33 8.9 25.16 16.29 13.22 6.68 6.14 10.43 6.23 6.07 5.28 8.72 9.1 4.51 6.2 4.91 5.87 5.05 5.47 6.17 7.46 3.94 3.01 4.25 11.61 22.56 10.78 12.83 15.85 16.0 13.02 11.5 7.14
11.41 10.51 17.29 35.28 20.13 11.5 4.68 19.53 18.11 16.52 10.2 13.88 23.48 14.22 4.94 4.55 8.43 3.94 4.63 7.25 14.82 17.53 14.08 20.85 8.56 7.81 9.87 7.15 5.45 8.76 9.37 16.84 11.66 18.68 16.2 13.3 5.7 6.37 8.56 7.57 6.06 4.71 11.46 16.45 11.64 8.88 11.76 8.27 5.31 7.88 5.94 10.44 6.45 4.45 6.22 7.48 9.16 10.6 12.7 10.2 19.31 11.89 6.59 9.08
11.44 7.89 10.25 12.66 13.17 14.97 6.74 6.84 8.89 10.3 11.79 6.08 8.73 10.86 5.63 5.22 8.37 3.34 7.17 5.96 11.2 24.69 27.58 20.61 7.46 6.37 5.57 7.18 6.74 3.79 13.57 28.43 10.18 13.54 19.22 10.1 4.12 3.51 3.69 8.7 4.79 3.58 6.73 14.08 14.43 8.82 8.7 12.73 4.97 11.22 14.17 7.26 9.87 6.51 2.96 4.57 7.0 10.1 7.11 14.15 14.67 7.02 8.44 6.01
10.55 10.1 10.46 4.77 8.9 11.69 10.15 5.05 5.47 10.03 15.2 7.16 6.68 14.18 17.98 7.79 8.47 5.15 7.04 5.13 11.24 21.68 14.12 12.81 3.96 3.41 5.94 6.96 6.56 4.72 10.97 16.46 8.1 10.28 7.36 4.51 3.92 3.45 3.19 3.72 3.86 3.33 3.06 9.53 21.0 18.97 7.31 12.0 11.35 13.83 12.83 7.01 14.0 10.41 4.43 3.09 3.44 7.55 3.81 7.1 11.5 5.48 8.71 8.82
10.18 4.65 4.07 2.53 7.17 11.48 11.26 5.7 7.19 12.28 11.74 9.76 9.71 6.36 24.45 16.28 4.44 6.25 7.86 8.24 10.91 10.12 13.21 12.46 4.46 2.74 6.83 8.25 5.34 7.54 16.47 17.44 10.34 9.91 8.24 4.16 2.76 2.7 2.22 2.46 6.31 5.65 3.41 7.39 18.26 12.27 7.41 10.17 11.89 13.97 7.88 9.88 11.64 18.21 10.26 3.88 5.67 9.36 6.22 10.71 9.05 5.92 4.14 7.08
10.77 3.2 3.25 2.42 4.34 8.37 17.45 11.18 9.13 8.67 17.01 9.78 5.77 7.17 10.56 7.26 2.86 5.91 7.85 10.28 10.66 6.48 8.95 7.13 5.22 3.54 3.01 5.99 3.49 3.15 7.29 10.76 13.99 8.25 5.54 10.22 4.59 3.24 3.35 6.42 5.44 5.54 3.12 7.09 16.67 12.34 10.78 16.19 6.68 7.75 5.04 9.23 8.67 19.67 8.45 4.82 5.29 4.63 5.66 10.43 6.42 10.32 4.67 4.62
14.64 4.56 4.64 2.12 4.35 8.21 15.22 6.24 10.7 13.5 8.56 5.11 7.61 9.73 5.03 3.2 4.43 5.92 7.33 8.44 12.99 20.14 10.97 8.96 7.93 3.67 2.08 4.7 4.18 3.34 5.67 6.96 6.15 7.31 10.18 9.74 4.68 5.2 6.93 8.15 5.48 3.81 2.98 3.84 5.9 9.41 12.8 7.77 3.97 4.94 3.83 5.5 7.36 12.12 10.49 8.11 7.59 4.09 5.12 8.95 10.31 6.31 4.7 5.51
19.1 4.54 2.93 3.54 4.01 4.31 11.49 19.41 21.84 20.29 10.34 10.56 5.93 7.82 6.37 5.39 7.63 7.18 7.77 15.62 13.15 16.38 17.19 15.17 7.12 8.35 3.13 3.44 4.16 4.8 3.02 6.97 5.61 6.4 10.81 9.8 10.6 6.9 3.94 4.59 4.86 4.55 5.37 6.05 5.23 9.07 7.35 6.28 6.27 6.8 5.55 9.04 11.61 17.36 14.35 11.16 5.86 6.15 4.21 4.3 6.07 4.61 3.5 3.46
8.17 4.26 6.52 5.75 4.87 2.44 10.37 31.9 41.04 41.89 30.58 17.55 9.88 11.06 12.5 10.34 8.23 4.15 11.24 15.71 14.03 7.63 12.49 8.03 6.36 4.91 3.28 4.32 5.86 4.25 3.6 7.66 8.45 6.01 13.58 17.75 20.93 7.32 7.86 4.46 3.71 5.76 6.08 6.44 9.49 9.52 12.39 6.54 6.26 5.17 6.15 4.84 10.32 13.43 11.53 9.18 8.12 8.16 4.76 1.93 3.71 3.13 5.02 5.41
4.42 2.8 4.09 4.7 3.97 3.9 7.47 20.12 14.72 48.04 25.85 9.99 14.73 14.12 15.23 12.65 4.4 3.57 5.07 8.7 7.98 7.32 6.46 10.87 7.24 5.69 3.92 8.31 6.16 5.54 4.85 10.8 5.4 8.15 10.88 20.04 13.82 5.02 3.77 4.74 5.29 8.12 6.31 7.05 5.27 5.61 7.42 6.16 5.87 4.04 2.17 5.0 8.05 5.67 6.67 10.91 11.25 8.17 3.08 2.65 3.01 3.41 5.87 5.64
3.93 2.27 5.33 7.73 3.36 4.82 3.86 9.31 17.3 57.87 24.75 16.66 16.31 7.84 13.32 7.09 6.04 5.97 6.23 7.9 10.04 6.67 6.28 9.16 7.91 11.7 8.04 9.26 11.51 5.29 4.79 6.03 5.07 7.42 8.3 7.52 7.4 3.71 5.2 6.76 11.42 13.37 10.67 5.84 5.85 4.04 4.88 5.09 6.93 3.91 2.9 3.48 6.16 5.03 6.54 8.27 18.84 9.86 2.96 2.92 3.19 2.45 4.31 4.23
3.97 3.38 6.1 11.04 4.25 2.33 4.82 19.46 16.95 33.05 15.12 12.64 6.7 6.49 12.72 5.61 6.65 3.4 6.87 4.31 11.32 6.24 5.45 7.02 11.72 11.58 9.98 9.4 9.85 7.15 12.16 8.66 10.71 5.55 6.07 8.25 3.87 2.28 6.18 10.35 11.35 17.22 22.22 12.38 9.5 3.96 7.72 5.59 3.83 3.74 2.81 3.41 8.81 8.44 5.73 7.97 11.83 7.84 4.88 3.34 4.22 4.21 2.85 2.69
6.18 9.77 5.11 6.73 7.02 4.18 7.0 10.13 6.91 11.49 8.84 14.08 11.91 8.34 4.05 2.4 3.25 2.48 4.67 5.18 12.46 11.69 8.7 10.08 6.17 7.19 5.27 7.24 9.64 9.59 10.52 6.54 4.36 3.01 5.97 8.1 2.87 4.38 4.78 7.75 12.51 29.83 21.93 18.27 11.15 7.77 6.89 8.6 4.63 4.33 1.82 3.99 7.36 11.42 4.02 4.68 9.89 8.32 5.81 6.07 4.01 2.97 2.53 1.79
6.16 13.6 10.68 9.92 10.43 8.81 5.45 8.26 4.95 3.29 3.6 11.01 6.34 6.63 5.47 3.18 3.72 3.7 3.57 6.6 13.16 15.73 7.49 7.12 4.64 6.37 4.31 5.67 9.6 7.12 6.92 4.55 7.15 6.68 5.43 5.41 9.69 5.72 4.55 12.09 11.18 17.82 10.83 10.59 6.94 7.21 2.9 2.35 2.92 2.99 2.74 5.36 7.62 6.61 5.74 4.7 8.32 10.36 14.27 5.2 4.16 3.41 3.58 1.45
5.26 8.7 11.86 12.58 9.97 10.03 10.42 16.27 2.74 1.88 5.06 9.72 15.23 12.81 9.96 4.89 4.75 3.78 6.65 10.21 12.21 16.08 9.75 6.34 4.94 4.17 3.32 5.4 11.13 9.27 10.91 9.51 10.65 4.82 5.22 6.18 11.17 8.55 5.33 7.06 8.82 21.52 9.45 8.87 5.47 8.3 3.43 2.07 2.12 5.87 2.25 3.79 7.83 9.5 5.74 4.5 8.98 26.06 26.36 6.5 8.47 4.53 2.19 2.18
2.7 4.15 6.26 11.08 5.18 8.43 14.55 13.08 2.58 2.03 6.81 10.68 25.31 19.54 11.92 4.15 2.82 7.79 9.42 16.44 11.25 12.03 5.99 10.19 6.73 5.25 3.46 4.86 8.49 5.03 6.1 6.94 9.6 3.73 4.28 6.05 6.9 7.05 3.4 9.78 12.43 11.75 8.47 7.77 4.34 6.56 5.35 4.58 3.01 6.32 4.08 6.13 5.4 8.05 9.74 6.21 14.55 23.19 49.96 11.31 10.46 6.23 5.56 3.52
4.49 6.42 8.74 19.63 9.67 7.54 3.8 5.61 4.97 5.16 4.76 8.84 18.75 14.4 8.35 5.66 5.65 7.83 5.17 11.31 7.05 13.7 4.54 6.3 4.06 5.27 2.66 5.28 6.95 2.62 2.76 2.93 9.15 7.0 3.27 4.05 4.15 7.61 4.9 15.93 8.31 6.5 5.43 5.9 8.43 8.52 7.98 3.98 2.7 4.21 13.0 13.7 10.15 10.57 7.24 6.12 8.56 10.89 19.94 7.96 9.89 10.0 8.65 5.07
4.79 9.49 11.11 17.32 10.84 4.15 2.47 7.77 7.84 5.07 5.26 6.26 7.49 8.27 11.8 3.89 3.71 4.63 4.7 5.29 7.75 15.11 7.21 9.41 4.73 2.97 3.42 4.83 6.44 5.4 3.54 3.06 8.49 7.15 3.55 4.44 6.64 12.86 13.08 10.67 6.88 6.12 4.72 5.54 9.21 6.9 6.91 3.18 4.72 5.97 12.24 10.5 14.54 15.51 8.42 9.98 11.26 16.25 14.74 11.96 9.2 5.61 6.94 8.91
7.28 5.17 3.46 7.68 8.34 6.86 7.33 7.42 8.41 2.77 2.09 5.06 7.07 6.75 7.37 5.59 2.82 4.11 3.61 4.62 5.45 9.62 11.49 17.21 15.64 6.84 6.64 4.43 4.03 5.84 4.73 4.83 5.23 11.48 9.46 6.49 6.51 18.25 10.84 4.83 6.47 9.92 7.8 2.74 5.63 5.89 7.34 4.97 8.77 9.92 14.29 14.83 24.4 21.82 12.69 5.95 9.57 12.03 10.35 17.32 7.05 5.18 6.88 15.73
12.26 5.78 3.08 6.31 8.91 6.93 5.92 4.44 7.09 3.32 3.28 5.9 4.7 4.04 3.58 4.15 2.9 3.5 2.35 2.75 3.02 9.49 9.14 7.49 17.95 11.33 4.94 6.34 6.84 5.15 5.37 3.67 5.19 18.11 9.78 10.09 6.29 14.46 8.57 5.09 5.42 2.85 6.88 3.12 5.97 4.8 15.35 7.46 5.18 8.33 16.79 11.97 18.85 16.88 13.17 8.45 5.55 4.77 13.44 22.19 7.34 15.06 20.29 27.17
11.64 4.15 2.47 6.22 9.86 6.6 11.1 7.2 3.6 2.4 3.15 3.16 3.24 3.25 5.44 4.63 4.03 3.58 1.55 3.0 3.39 8.83 7.96 9.71 22.64 13.96 3.32 3.13 5.88 5.43 5.13 5.55 9.94 17.35 11.17 14.55 8.35 13.5 13.48 5.75 5.62 3.29 6.81 5.01 4.21 6.47 8.22 4.11 5.52 8.92 10.28 10.49 5.5 8.82 8.57 6.02 5.34 3.97 8.42 14.32 12.5 21.91 15.27 24.16
8.02 4.88 7.28 4.88 5.8 5.32 12.12 6.19 3.95 4.53 5.86 2.53 2.56 3.07 4.74 3.33 3.99 6.1 2.99 5.33 6.98 10.9 14.56 9.76 14.3 11.02 3.73 2.61 3.38 3.51 4.69 7.12 12.88 22.03 31.23 18.19 12.98 19.73 20.81 12.54 8.35 3.92 8.26 8.02 5.53 10.01 17.72 10.18 9.8 6.1 4.08 7.26 5.19 7.29 8.52 5.97 9.64 3.47 11.52 17.1 16.09 22.58 14.8 12.75
11.92 8.72 4.45 3.94 5.77 7.94 7.64 7.24 8.93 8.46 5.33 4.01 2.21 2.75 2.01 4.34 3.86 3.62 2.94 6.82 8.43 16.01 19.08 27.16 12.34 12.95 6.3 4.78 2.31 3.06 4.64 6.98 11.96 17.05 31.34 29.61 10.01 12.72 20.56 16.82 5.81 5.2 8.2 7.19 8.04 12.3 19.24 17.4 9.07 7.02 3.48 7.77 8.09 7.43 5.77 7.78 11.39 6.53 14.05 24.22 52.24 41.92 11.98 7.03
11.04 10.23 5.95 4.8 8.47 11.5 14.18 6.06 12.96 11.89 8.3 7.48 4.27 2.99 2.65 3.15 2.52 3.78 4.61 5.64 20.72 31.9 11.55 11.16 15.42 10.14 8.37 5.09 3.63 3.16 5.02 5.61 8.45 9.55 21.47 15.99 19.44 16.94 28.01 20.57 8.56 7.85 10.53 7.96 7.32 11.68 17.41 22.77 14.16 8.57 5.36 6.59 9.63 4.25 6.04 9.74 16.77 12.21 17.13 18.85 22.76 17.81 9.76 5.4
9.51 14.83 7.36 8.29 12.98 15.77 10.62 8.61 11.11 20.07 9.23 8.2 5.27 4.76 2.85 4.11 2.55 3.82 6.91 17.21 30.95 31.28 18.2 10.21 11.35 16.18 10.12 5.87 6.82 8.79 8.52 16.19 10.55 25.18 27.26 20.49 14.24 23.75 24.49 12.58 8.7 10.71 4.5 4.48 7.82 13.67 9.25 25.63 14.79 5.16 5.59 6.91 9.16 6.82 7.08 11.07 22.48 15.46 12.06 15.16 12.37 12.99 14.01 9.17
8.58 11.3 8.37 10.82 12.72 7.7 4.09 5.29 5.35 15.22 11.96 18.39 7.73 3.95 4.42 4.81 1.98 2.69 13.72 16.82 26.47 35.42 25.6 10.13 12.72 20.46 20.98 9.02 20.17 16.32 14.79 13.61 13.44 22.14 16.2 21.48 22.73 32.29 19.0 6.81 9.55 5.26 3.11 5.13 11.3 9.58 17.79 21.94 18.04 5.91 7.08 9.71 7.87 8.15 11.84 10.57 12.75 8.06 12.6 9.55 10.56 16.43 26.53 15.19
5.85 10.04 10.82 11.86 12.63 6.72 4.29 4.63 5.03 11.09 10.22 11.58 5.55 4.77 4.45 5.98 4.75 3.17 8.83 7.54 14.03 12.61 23.19 13.45 15.6 10.05 16.68 14.87 19.57 7.6 12.73 9.99 16.19 8.61 14.03 18.43 11.44 13.2 14.78 11.75 7.66 3.26 3.87 4.0 7.23 5.59 8.58 6.35 10.29 5.24 6.7 7.83 6.01 5.11 9.33 8.29 7.95 7.92 12.75 10.24 6.8 12.73 14.62 17.55
3.37 12.8 17.56 7.09 7.71 13.32 4.55 2.54 4.47 8.38 10.63 10.0 3.98 7.7 4.61 5.7 7.44 4.99 8.02 6.61 8.29 8.86 15.76 15.35 9.02 6.82 8.12 20.21 8.37 6.54 9.35 9.25 8.77 6.16 8.46 13.76 7.27 9.88 6.22 12.33 5.87 4.04 4.47 6.48 6.54 10.24 3.75 4.38 8.44 8.36 8.39 7.87 7.08 11.03 5.33 6.41 5.29 9.09 9.05 12.66 6.58 7.56 4.5 9.39
7.93 8.81 14.21 9.29 8.69 10.47 8.91 4.93 6.95 7.17 9.94 13.54 11.68 8.35 5.1 3.19 3.77 3.39 8.02 5.7 6.47 4.99 9.59 8.99 7.1 4.62 9.41 9.3 5.92 5.0 6.39 5.93 8.46 3.48 6.19 4.64 9.02 12.59 9.8 10.48 8.05 3.06 7.39 8.5 7.3 10.16 6.09 3.01 9.98 15.45 9.07 5.03 9.33 11.55 11.14 7.43 8.13 8.12 12.93 9.37 7.02 4.02 4.77 11.0
