16.36 7.51 5.12 6.79 22.68 14.91 6.81 5.86 6.21 8.37 14.33 16.94 15.71 12.96 16.18 7.89 10.25 9.11 8.52 14.87 18.41 10.25 8.44 10.16 11.39 8.63 7.12 3.82 5.39 7.79 5.41 9.01 3.63 1.31 2.81 5.25 6.02 4.17 5.03 11.45 13.61 13.66 9.33 7.28 17.22 18.81 16.11 17.69 10.88 3.28 3.48 2.95 3.33 2.52 3.01 3.24 3.76 5.3 3.36 4.78 7.8 12.39 11.54 26.45
8.81 5.63 5.24 10.16 16.05 9.66 6.13 4.25 4.55 5.48 11.45 9.26 17.14 17.12 8.77 4.38 4.82 10.56 10.11 10.54 8.73 4.49 4.59 4.79 7.97 6.74 7.42 2.54 4.54 6.16 7.34 3.88 3.32 2.28 3.36 2.4 5.11 5.61 5.89 12.46 10.43 15.79 11.86 14.78 17.58 20.21 17.52 8.89 7.98 6.04 4.33 2.74 2.65 1.99 1.53 1.58 2.16 5.14 2.46 2.88 5.32 9.45 8.3 16.51
7.28 4.93 8.49 7.35 7.21 11.74 6.81 6.83 4.72 10.66 9.31 6.97 6.25 7.21 7.26 3.75 5.05 8.74 3.9 3.94 7.15 4.55 4.41 4.6 4.01 12.47 3.49 2.48 2.43 3.82 6.54 4.94 5.69 6.63 7.71 3.33 3.47 5.65 12.95 9.46 9.88 14.17 18.81 15.82 16.15 17.37 23.04 10.71 5.4 6.2 6.83 4.72 2.48 4.33 3.41 2.37 2.08 3.27 2.28 4.19 5.04 9.68 10.08 12.27
7.4 3.0 4.67 9.77 16.89 10.96 6.8 7.6 5.07 8.95 9.4 5.55 6.72 5.34 3.34 4.04 4.6 4.22 3.87 4.77 3.29 2.84 3.05 6.3 6.09 10.19 3.65 2.29 3.58 7.65 6.41 3.93 6.02 5.93 7.99 8.47 5.23 7.88 6.05 10.62 10.28 12.87 18.92 12.03 6.07 18.82 23.96 12.02 9.38 5.4 4.41 4.43 3.99 3.72 7.59 2.67 1.85 1.69 4.12 5.18 4.49 8.98 8.98 13.79
9.84 4.4 4.11 6.33 13.39 18.83 10.16 7.68 5.88 6.69 8.69 6.26 7.61 3.88 5.59 2.47 1.95 2.33 3.75 6.22 4.42 3.17 4.06 5.77 9.51 6.92 6.34 6.0 5.86 8.69 10.05 7.3 5.61 2.86 7.35 6.81 9.36 7.39 10.64 11.72 26.05 16.83 10.79 13.34 5.54 25.88 11.65 11.38 5.96 5.64 4.68 6.2 6.67 4.44 4.3 2.25 2.78 1.25 2.77 3.16 3.85 3.31 6.13 9.34
5.23 10.33 6.8 9.43 10.06 10.27 8.27 9.37 17.36 15.46 10.6 7.11 7.03 8.71 8.25 3.36 1.82 3.06 5.39 6.28 2.94 3.35 6.07 3.89 8.15 8.74 5.75 5.32 7.54 9.16 12.94 10.99 10.26 4.95 6.09 3.79 13.63 5.56 11.39 17.82 16.08 17.32 9.12 13.19 15.25 14.01 6.9 13.87 4.85 4.37 7.45 6.34 6.58 3.81 5.34 3.17 2.87 2.9 2.54 1.67 2.23 1.96 2.84 4.61
7.57 8.42 3.96 6.65 9.7 8.57 6.9 14.45 19.77 22.85 18.86 9.67 5.31 6.21 6.07 4.41 4.42 6.69 6.12 4.79 2.97 2.58 3.45 7.53 5.97 10.25 5.32 6.26 6.69 14.29 17.11 11.32 5.22 4.13 5.0 3.06 8.07 5.39 5.77 15.05 16.87 15.19 15.14 11.74 9.25 8.86 12.21 9.69 6.17 5.55 7.07 8.63 8.64 5.51 6.49 6.16 2.35 2.37 3.74 2.58 3.18 1.75 3.05 2.65
7.31 4.29 5.02 5.04 10.31 9.42 6.98 7.4 24.43 15.18 12.76 9.72 6.71 4.48 5.48 3.03 3.93 7.57 6.02 6.42 5.74 6.48 7.88 15.94 8.1 6.61 5.47 7.89 10.28 13.52 10.16 10.27 5.39 6.71 4.99 4.64 4.37 6.91 7.04 11.19 10.93 14.01 24.98 12.67 10.84 9.67 8.15 5.22 6.15 6.42 8.15 6.19 8.49 4.81 5.79 3.17 3.74 2.79 2.78 1.59 1.51 1.35 2.18 2.28
4.92 4.25 8.24 5.14 6.85 7.03 5.7 12.64 21.16 39.13 29.35 9.64 9.02 9.03 6.68 2.57 3.15 4.5 5.97 11.29 13.7 9.81 18.68 10.05 7.34 10.4 10.43 9.1 10.91 6.2 7.34 7.89 6.77 7.82 7.29 6.64 5.53 5.51 13.48 7.49 10.31 8.24 11.38 12.49 12.37 13.36 4.74 5.28 5.11 7.13 5.15 9.46 7.93 4.52 4.45 6.31 5.95 7.85 9.23 2.66 2.95 1.16 1.33 1.83
4.64 7.97 9.38 5.89 3.76 5.36 6.1 19.34 34.44 37.23 19.26 14.98 7.49 9.37 5.97 4.18 4.42 9.66 6.47 7.42 8.61 10.66 15.11 15.76 16.11 9.91 9.36 7.27 8.88 6.76 8.54 6.64 5.8 6.93 9.64 9.64 7.5 8.53 11.74 8.76 12.49 6.95 9.6 6.04 4.67 6.25 4.21 7.53 5.69 3.95 4.27 7.24 6.52 6.48 4.37 5.47 5.84 12.64 7.84 3.33 2.8 1.79 1.4 3.05
5.7 9.38 9.25 11.93 5.29 7.92 10.43 10.76 12.13 15.68 13.02 16.43 10.86 8.91 5.14 7.73 8.93 10.23 11.17 13.31 11.6 10.91 8.81 13.14 9.73 9.95 7.15 9.93 13.4 15.79 7.29 5.81 3.57 7.6 11.81 17.31 6.72 13.47 6.57 6.24 9.6 4.34 6.52 7.2 4.01 5.58 5.55 6.23 4.92 2.25 4.16 7.3 5.99 6.74 5.83 4.97 6.27 13.6 13.68 6.1 3.65 3.21 3.37 3.43
9.74 11.31 19.59 25.48 18.46 4.78 7.8 5.98 10.82 13.08 10.91 14.89 7.53 9.49 7.27 7.51 13.2 8.68 12.21 11.84 9.7 8.13 6.75 8.99 8.86 6.71 4.93 4.2 21.67 11.58 6.22 5.65 5.82 10.06 8.14 17.25 5.26 9.67 6.67 14.22 14.09 13.34 6.31 7.84 5.72 4.42 7.05 10.41 6.75 3.54 6.55 4.68 6.98 2.72 3.42 8.9 14.73 25.71 7.57 13.21 5.39 3.96 5.83 4.26
7.31 11.65 12.64 14.48 13.48 10.86 6.12 5.95 8.98 9.28 6.07 12.12 12.14 12.54 11.45 16.84 18.39 11.66 16.94 8.93 9.5 8.71 6.17 9.0 8.03 6.08 4.78 4.44 16.18 7.65 14.54 5.88 4.46 4.48 3.38 5.89 6.94 8.03 11.19 18.41 8.04 10.62 5.59 5.55 7.7 2.9 5.48 8.67 8.22 5.81 4.12 6.49 3.72 1.41 2.11 8.81 16.09 10.6 7.65 15.42 11.5 5.64 5.99 4.73
9.93 19.5 19.88 11.54 5.65 5.98 9.92 8.96 26.47 14.58 11.63 13.13 15.55 24.17 12.7 10.69 10.27 17.47 8.33 10.86 10.54 6.34 6.67 6.29 9.87 9.79 6.05 5.53 9.55 8.53 7.47 7.8 3.84 4.39 3.74 2.28 3.23 5.88 7.41 11.48 7.47 10.18 8.51 8.68 7.99 5.44 10.34 6.22 12.87 8.32 3.34 4.42 4.86 6.09 2.78 3.12 7.39 6.33 7.99 17.94 6.3 5.73 3.44 3.34
6.46 19.14 20.65 11.03 4.85 5.49 12.49 7.37 10.34 9.56 17.07 12.95 15.64 19.54 19.43 8.51 7.31 6.59 5.59 7.65 8.47 4.84 5.02 3.98 6.66 12.44 6.63 7.08 7.24 6.91 4.99 3.14 3.67 6.12 4.24 2.67 4.3 4.08 5.7 10.7 6.68 12.56 5.7 6.24 9.53 8.49 7.16 5.02 6.58 5.71 5.15 4.51 3.66 4.89 3.35 1.93 5.78 6.77 9.04 9.29 5.35 6.72 3.01 6.64
9.81 14.25 15.61 7.98 10.36 8.74 13.72 9.54 9.85 4.44 7.09 12.57 25.07 22.44 20.89 17.1 10.92 5.14 4.18 5.58 4.03 3.89 4.22 4.79 4.16 4.34 4.71 7.68 8.17 4.88 4.21 2.15 5.87 2.34 3.12 1.97 5.82 5.83 6.14 11.42 4.7 8.89 7.58 4.1 4.83 4.56 4.88 5.15 6.01 4.98 6.42 5.44 9.22 4.35 3.51 4.01 4.09 8.31 21.63 10.45 7.17 7.32 6.76 15.91
17.57 18.5 8.07 5.53 5.35 12.82 5.75 7.69 9.28 2.83 3.88 7.07 17.6 12.5 9.92 9.31 7.1 5.08 2.95 3.13 2.05 5.47 5.71 6.51 8.29 4.24 3.54 5.18 8.7 7.41 6.8 4.18 7.42 2.68 5.71 3.85 10.12 5.49 7.4 10.71 7.09 5.67 5.33 4.69 2.75 5.21 6.61 7.58 3.77 3.1 5.89 5.05 6.38 7.89 5.76 3.49 6.2 10.94 19.74 14.21 7.01 3.51 8.25 10.02
11.53 14.7 6.16 8.0 10.43 13.13 10.0 7.85 5.22 3.09 4.42 6.43 16.82 14.74 10.43 11.66 10.1 9.11 3.12 2.78 2.77 7.2 5.19 3.33 6.9 6.06 5.67 8.6 10.56 10.29 5.57 3.82 5.86 5.57 10.1 4.85 6.29 6.73 6.26 6.93 9.15 8.35 3.31 4.86 3.51 6.28 3.96 4.83 6.56 4.15 3.86 7.38 13.9 12.1 8.2 3.2 5.77 13.3 10.99 15.81 13.69 8.89 10.42 9.07
6.27 6.66 5.32 5.46 4.61 9.96 6.75 5.99 3.29 4.1 9.33 9.35 14.27 9.08 16.09 15.98 20.39 11.16 6.22 4.27 4.79 4.04 3.4 4.77 6.35 9.16 10.7 8.06 5.8 7.41 7.16 8.25 5.25 7.74 5.57 5.1 3.51 3.76 6.67 6.36 11.47 9.54 5.89 9.65 6.09 3.49 2.89 3.05 4.63 7.97 7.08 8.41 8.76 7.77 6.8 3.78 10.18 7.66 6.13 8.17 7.09 4.76 7.83 12.75
6.33 4.71 5.14 3.37 3.21 5.42 8.29 6.47 2.13 4.81 5.25 7.09 13.98 17.83 17.86 12.24 14.97 13.85 7.15 9.87 4.72 7.08 10.63 9.12 11.14 10.0 8.3 9.21 9.83 5.62 13.72 15.32 6.71 6.02 2.76 3.0 4.03 5.25 9.4 7.24 8.75 5.07 6.07 11.52 6.82 5.17 4.5 3.22 2.77 3.86 9.51 8.77 6.75 6.91 7.91 3.95 6.32 6.69 8.38 7.33 3.05 2.21 5.17 9.82
6.43 6.7 5.26 4.42 4.45 5.71 3.31 3.06 1.61 4.6 4.66 6.46 11.91 13.45 14.37 4.33 12.51 20.32 11.52 10.62 3.48 4.91 11.06 6.92 6.88 27.38 9.31 6.35 4.82 5.34 5.18 6.1 3.05 3.72 1.99 2.26 5.64 4.14 9.51 7.98 10.2 7.52 7.55 7.39 5.83 9.71 4.54 3.78 2.91 4.89 9.2 10.1 7.51 7.68 6.23 2.75 2.85 5.36 6.56 4.9 1.91 1.22 4.12 4.77
7.83 5.38 7.12 3.85 6.78 5.82 4.29 4.42 2.82 3.16 3.52 10.88 15.62 17.82 8.97 6.41 14.34 24.21 17.07 10.9 4.68 7.05 13.11 7.97 11.39 22.85 17.53 8.57 4.16 3.17 3.81 3.28 3.48 3.85 3.02 2.99 3.4 7.58 7.28 13.7 10.68 9.27 8.09 4.57 11.78 10.17 5.93 6.05 2.9 3.89 6.32 5.76 7.74 8.53 4.64 3.26 2.05 8.39 4.77 2.91 2.14 2.13 3.81 9.11
9.07 6.59 10.56 5.68 6.32 5.48 4.21 3.9 2.93 1.93 7.27 8.47 8.7 18.23 8.84 14.19 13.42 8.3 9.55 7.31 4.79 7.74 12.42 12.36 11.43 14.64 14.66 16.55 8.18 5.6 6.16 7.78 3.78 1.91 4.39 4.4 3.57 6.1 5.2 13.27 10.7 8.23 13.3 5.19 12.13 8.84 7.12 5.29 2.56 4.39 7.44 7.65 8.82 4.38 5.37 3.68 3.44 4.23 5.63 3.55 3.08 3.14 3.47 5.71
10.85 5.2 12.25 8.81 19.71 9.48 6.43 4.15 3.49 3.82 6.79 10.24 7.89 28.96 14.28 16.95 11.66 10.71 8.79 5.06 3.89 2.93 6.02 11.64 13.52 9.08 21.5 19.62 12.16 7.34 10.72 6.75 6.21 3.04 1.24 4.49 4.64 9.38 5.27 16.99 13.97 11.02 9.61 7.02 14.43 14.42 7.9 5.4 6.49 5.2 7.55 9.7 10.07 5.67 5.03 3.75 3.04 3.63 5.27 7.03 5.26 2.93 6.01 3.5
12.77 6.07 3.53 6.94 11.22 8.82 2.52 1.82 4.04 6.04 5.66 6.82 5.37 13.28 11.99 10.39 10.68 14.28 14.52 7.48 6.54 4.04 5.11 8.36 13.59 18.61 23.52 14.96 12.92 4.87 8.9 6.92 7.31 3.29 2.95 4.13 3.74 5.56 5.35 9.27 17.96 11.91 5.39 11.48 10.94 17.02 8.37 3.95 7.85 11.33 5.47 10.41 6.36 5.7 4.5 7.54 4.92 7.17 7.19 7.88 6.91 4.22 7.27 7.41
6.71 4.53 4.19 7.88 7.01 4.44 2.52 2.21 4.4 4.37 3.66 4.86 7.1 12.41 6.67 8.22 12.16 18.17 16.26 10.18 7.73 6.24 13.29 8.91 15.23 14.49 19.49 10.35 6.3 5.36 5.49 3.91 5.38 5.97 4.55 9.58 4.72 6.59 7.57 5.47 7.78 7.8 11.65 27.34 16.7 12.73 10.14 6.25 15.34 7.51 13.65 11.48 7.95 10.93 8.27 6.24 4.3 8.51 12.2 8.06 5.72 6.86 7.43 7.77
6.26 8.12 3.53 5.97 7.73 2.13 4.57 3.02 5.53 3.59 4.51 3.81 5.31 8.67 6.44 5.71 10.61 14.28 10.72 6.04 5.96 8.79 12.01 12.9 9.26 10.67 7.95 6.43 3.5 7.3 7.41 3.16 2.29 4.36 5.72 11.46 13.04 10.99 8.73 4.56 3.51 10.07 16.89 24.96 16.36 12.93 15.72 13.95 15.36 7.7 14.12 7.68 8.88 6.48 8.6 3.18 4.38 5.34 9.59 9.01 5.87 5.7 5.06 5.93
6.95 9.33 5.32 6.3 6.45 4.41 5.1 3.49 6.95 5.92 5.46 7.24 17.96 14.52 7.1 5.86 16.17 27.32 9.82 10.05 7.4 11.07 15.68 16.05 16.25 14.27 9.39 6.49 8.84 3.7 2.95 4.3 4.14 5.98 6.48 8.93 14.44 12.91 6.77 6.41 2.91 10.32 11.87 17.42 22.78 18.6 16.6 16.83 16.76 17.76 14.76 5.99 4.97 4.35 2.85 4.18 6.23 9.24 8.43 9.85 5.77 4.45 4.24 5.81
12.28 6.93 5.62 8.07 6.06 6.79 6.65 6.66 6.6 6.88 8.35 4.56 10.16 11.65 7.64 9.38 18.92 8.85 4.58 4.69 3.71 12.0 6.86 8.94 12.81 7.84 8.86 5.97 10.18 4.17 2.78 4.0 6.59 6.26 10.03 12.34 28.59 9.01 9.74 7.11 6.18 10.76 6.29 8.73 22.83 20.39 13.03 27.19 18.55 18.74 8.89 6.54 2.28 2.57 2.17 3.05 2.62 6.35 4.57 11.41 4.97 3.48 6.46 10.89
6.13 9.49 12.95 7.82 9.91 8.26 7.0 10.8 9.36 4.03 9.1 8.19 9.16 11.72 8.69 20.29 13.33 9.45 6.08 4.63 5.11 9.43 9.13 7.71 7.78 5.55 9.83 9.03 13.42 6.68 3.43 2.73 4.19 6.03 11.37 23.31 44.55 24.54 12.08 4.17 5.0 6.09 6.75 9.96 23.56 8.99 12.56 10.94 18.28 11.67 10.85 6.37 3.11 3.03 3.1 3.54 5.35 5.35 5.01 11.82 8.07 10.7 8.85 11.44
6.85 12.27 13.67 10.1 6.01 7.62 8.03 7.09 8.14 5.54 8.01 4.72 4.83 7.58 8.62 16.4 12.02 8.68 9.44 8.16 8.97 9.18 7.19 7.72 4.4 5.66 7.57 9.68 5.34 5.98 6.46 3.32 3.12 5.51 8.71 13.25 38.41 38.82 20.64 9.3 5.98 6.05 8.79 11.01 9.27 13.46 10.32 10.19 11.53 9.45 9.54 7.65 3.69 2.58 8.79 6.27 14.13 4.09 6.18 7.75 12.17 8.82 10.58 8.14
10.41 13.47 8.44 10.87 6.86 4.54 4.48 4.47 4.58 4.93 4.67 4.69 3.53 6.04 7.04 9.27 12.67 15.18 16.64 13.44 6.62 6.97 16.68 12.13 12.11 9.12 8.73 8.41 9.96 8.54 7.75 4.78 5.38 7.43 10.44 24.01 22.36 39.76 20.13 13.54 13.06 9.07 10.28 9.59 6.37 15.53 8.7 5.9 6.81 6.88 7.04 6.33 2.54 5.03 9.66 15.27 17.97 6.25 4.92 8.33 8.1 6.23 5.63 8.25
7.59 10.87 7.98 10.39 10.79 13.5 5.91 3.77 2.57 4.7 3.59 4.19 7.24 9.87 16.15 10.21 16.08 12.96 14.1 11.24 6.2 11.93 10.36 11.31 10.4 4.91 4.7 6.47 10.23 10.22 6.81 2.91 5.89 3.23 10.3 20.53 29.76 26.65 21.12 11.98 7.96 9.32 7.84 5.64 7.09 16.38 8.76 5.34 7.83 8.61 6.01 5.48 6.77 10.62 11.98 18.74 16.17 8.16 9.59 8.49 5.03 4.83 3.89 4.97
6.63 14.42 16.77 11.53 9.48 5.45 3.12 3.38 2.63 3.8 3.72 4.45 11.81 16.21 12.13 6.82 10.19 15.0 16.93 13.1 12.53 12.88 10.57 7.43 9.42 3.42 2.38 7.92 16.32 11.13 6.27 7.06 5.92 8.16 7.93 15.74 21.44 24.22 14.38 12.95 5.19 6.66 11.1 7.76 18.07 8.99 10.2 3.93 9.58 6.59 7.71 7.08 10.24 12.42 11.09 12.7 14.65 12.94 10.29 5.07 5.18 4.53 3.51 4.53
7.96 8.58 8.59 8.41 10.02 10.18 4.91 3.71 2.13 2.64 3.96 4.79 8.33 12.96 11.79 11.29 9.99 13.64 7.78 13.97 7.2 10.48 6.64 4.36 5.1 5.19 2.97 4.67 5.87 5.36 5.37 8.16 4.82 5.33 4.62 8.15 13.33 15.18 14.09 11.87 5.46 9.68 6.06 7.2 11.01 5.64 6.98 11.43 5.67 4.44 10.93 9.03 7.98 7.2 12.97 11.68 15.7 12.03 10.56 5.98 3.08 4.17 3.35 2.84
7.96 4.99 5.91 4.64 23.19 11.47 10.91 16.33 3.71 4.14 4.51 6.15 9.59 12.16 7.6 13.15 9.39 15.41 13.2 11.43 8.23 6.11 4.25 3.47 3.43 4.71 5.6 7.01 4.38 6.94 8.5 8.76 5.31 5.86 3.77 12.26 15.52 15.33 13.55 9.21 14.94 10.91 9.58 9.88 7.68 6.87 5.51 9.06 5.87 9.24 7.07 15.96 12.84 8.38 6.34 10.47 11.67 11.79 5.26 8.82 3.61 4.84 4.59 4.72
3.3 3.38 4.3 2.27 14.66 19.6 12.68 19.31 8.63 7.86 8.5 8.03 11.27 12.41 11.16 8.32 5.85 8.66 16.45 13.92 15.66 11.6 9.25 3.03 3.79 6.13 8.83 6.27 4.5 5.77 8.58 6.73 7.32 4.51 7.98 7.66 8.48 7.53 4.73 8.0 8.69 7.94 6.23 8.75 8.98 7.64 4.53 5.95 4.83 6.61 9.38 8.37 9.97 9.64 3.83 6.06 11.13 14.11 7.1 6.63 3.82 2.02 3.6 5.89
3.92 2.05 6.6 5.83 8.77 13.12 15.11 19.32 9.21 13.07 15.14 13.23 7.6 7.32 5.9 4.91 5.44 10.54 19.84 13.52 9.05 12.68 14.29 4.9 5.8 5.63 5.93 4.79 4.49 8.72 9.71 5.71 7.56 6.98 9.97 8.67 7.29 7.76 6.11 7.86 5.84 6.04 6.26 2.52 3.26 7.64 9.31 9.47 13.73 7.2 9.42 5.35 7.79 7.37 4.7 5.44 7.59 10.91 9.5 5.28 3.92 2.36 4.6 3.95
4.18 3.43 2.51 3.93 8.55 11.03 15.27 7.83 8.89 9.62 14.82 31.29 11.58 7.26 2.97 3.84 9.32 10.12 13.09 13.16 8.27 8.72 8.74 10.02 8.45 4.25 3.41 2.99 3.82 7.39 7.89 6.1 5.84 7.2 8.72 7.39 4.52 15.36 4.4 4.41 4.18 4.19 5.5 3.55 2.35 6.13 9.46 9.26 7.21 8.42 7.81 4.6 6.68 7.47 11.37 4.44 6.95 11.44 11.76 6.29 3.57 1.93 5.02 5.79
4.01 2.09 2.35 3.05 6.13 6.42 12.59 5.2 15.43 12.16 9.78 17.86 25.68 14.1 3.45 9.52 8.41 5.72 10.53 9.76 16.9 9.63 6.85 8.75 14.63 4.99 4.42 3.73 5.36 3.03 2.42 5.45 6.8 7.48 5.48 6.7 7.35 9.13 6.01 5.53 5.21 3.03 3.37 4.73 5.22 5.4 5.78 9.05 8.23 9.14 10.18 7.91 5.96 7.65 7.31 8.96 12.96 20.5 10.58 7.29 2.16 2.21 4.3 4.61
5.07 7.21 5.28 7.86 10.0 9.93 8.89 4.59 8.2 5.74 9.1 15.77 25.33 18.81 10.39 11.47 9.1 4.98 9.82 8.97 12.01 7.12 10.18 6.03 10.32 12.51 13.09 5.24 4.34 2.73 4.31 4.47 4.27 5.61 3.85 4.8 10.17 5.89 7.82 6.1 4.62 2.62 3.85 4.85 6.41 3.97 4.6 5.38 9.03 12.24 17.8 12.95 12.05 7.7 3.45 4.66 5.91 8.74 12.12 7.22 4.11 2.99 3.75 3.91
9.85 11.34 10.1 6.84 7.37 8.69 12.26 8.93 8.58 9.09 11.07 23.87 27.5 20.42 12.08 21.22 11.97 16.41 19.18 12.18 9.3 7.98 16.31 11.11 13.35 18.3 8.8 5.19 4.03 3.58 7.92 5.57 2.35 4.35 4.58 7.6 8.06 8.39 14.05 6.68 7.16 8.18 3.69 3.32 5.92 4.51 14.31 7.66 9.01 8.16 15.69 14.09 11.29 16.91 7.31 7.08 8.44 6.55 7.0 3.51 3.75 6.08 7.07 6.68
17.11 17.54 9.99 13.39 12.25 6.62 8.45 4.87 4.67 13.65 37.24 23.88 26.59 15.27 11.54 19.33 15.69 20.59 22.93 28.75 17.43 17.52 6.52 12.63 11.83 13.97 7.11 5.85 4.38 4.77 3.85 3.39 2.84 3.52 6.33 12.1 9.68 8.69 7.03 6.89 6.42 4.48 2.99 3.03 2.48 5.79 8.87 8.06 5.85 9.51 17.3 21.48 11.83 12.56 7.96 7.5 8.66 4.64 5.86 3.66 3.74 5.99 6.18 10.42
24.44 22.62 15.94 14.71 10.65 5.81 2.67 6.04 6.87 11.64 27.13 12.46 7.88 18.15 13.12 12.83 20.44 18.07 21.39 23.44 15.55 9.53 6.57 13.36 21.1 10.02 20.79 8.42 7.92 5.53 3.85 3.2 4.46 7.75 12.12 13.83 8.74 6.4 9.47 9.49 11.74 7.15 3.54 2.58 2.66 2.93 2.73 11.0 8.22 13.96 19.01 22.31 10.19 12.06 3.78 9.02 6.0 4.55 4.87 5.49 3.81 5.77 7.26 7.39
22.93 28.56 13.25 24.85 10.18 7.81 3.5 3.71 9.24 24.6 27.59 12.51 17.51 15.26 10.44 13.66 14.49 24.74 25.14 22.53 7.99 15.94 12.48 10.56 16.63 10.4 14.4 3.52 5.1 6.08 6.43 4.05 4.7 8.94 15.3 11.55 9.75 7.72 16.02 8.75 6.45 4.99 5.38 3.29 4.26 4.15 3.15 5.81 11.84 13.71 11.38 6.16 9.48 8.62 14.03 10.54 5.19 4.44 3.53 5.78 6.09 6.68 8.11 7.37
11.61 14.74 25.15 25.29 12.41 7.21 3.42 4.64 8.51 12.88 11.71 14.21 19.32 18.62 9.76 13.98 16.8 27.18 21.51 15.26 19.39 12.47 7.44 13.97 10.87 15.68 9.94 7.09 6.05 8.57 5.64 8.03 5.93 9.75 10.33 14.45 14.03 17.77 9.93 8.41 6.81 7.72 4.61 4.5 5.57 4.02 9.74 10.71 18.03 10.37 7.44 5.52 6.25 5.7 8.72 5.43 9.45 6.93 4.29 6.11 6.57 5.57 11.88 5.24
7.69 10.83 15.59 18.69 17.37 8.29 10.55 8.67 7.5 9.03 12.5 14.57 16.12 7.97 14.13 17.55 16.5 19.08 31.15 19.87 19.29 12.43 8.95 26.21 25.92 17.48 8.6 11.65 8.82 5.84 5.36 6.59 11.81 12.02 11.68 17.38 9.93 15.31 6.92 7.74 6.53 12.32 5.74 5.92 4.19 2.7 4.36 10.45 13.7 14.25 11.54 8.44 3.91 5.17 4.31 7.23 10.19 4.64 3.81 4.27 4.16 6.48 8.39 16.92
9.41 8.71 9.26 12.58 8.58 9.9 19.95 17.64 5.69 14.8 9.17 10.04 8.05 9.09 19.86 14.83 12.51 15.41 33.9 23.39 17.15 7.8 12.2 25.13 25.18 11.68 6.13 5.43 4.6 2.64 5.83 4.64 10.06 13.58 12.13 11.01 13.85 10.77 9.7 6.7 6.88 7.42 12.69 5.86 4.89 6.15 13.28 13.16 11.43 19.74 12.95 9.3 7.31 11.4 5.97 7.62 8.83 3.91 3.77 3.14 3.07 8.61 5.41 16.37
5.55 7.7 8.24 4.93 5.06 3.43 9.71 8.46 5.75 14.95 9.55 8.97 7.32 10.43 16.09 15.98 11.79 28.89 20.2 15.53 11.69 14.19 19.95 17.13 20.12 12.9 6.79 6.55 6.64 7.12 5.1 4.55 5.65 7.18 12.31 7.71 6.97 6.39 9.6 8.99 10.01 9.38 6.39 1.91 2.86 4.93 11.11 14.07 13.25 9.25 14.71 4.02 7.02 11.49 8.11 6.09 6.42 2.94 3.72 2.46 2.76 6.67 8.06 14.41
5.77 5.78 9.72 9.1 11.76 4.38 6.09 7.49 5.74 9.47 8.81 12.67 12.82 10.0 7.46 16.53 14.49 6.34 9.69 10.62 5.31 10.13 17.56 12.05 11.03 10.61 12.64 14.13 8.11 9.69 4.47 6.98 8.11 10.98 11.87 8.34 4.19 6.8 4.23 17.91 10.02 10.25 5.04 3.47 4.88 7.37 11.55 15.33 20.99 11.28 10.62 7.25 10.57 9.28 11.44 11.11 8.5 3.25 2.41 1.58 2.67 9.09 9.58 7.37
6.6 6.76 7.11 3.93 5.96 4.22 5.13 7.65 9.14 10.48 11.81 8.56 6.35 10.88 9.46 10.72 7.92 4.75 6.3 6.77 4.09 3.09 7.27 10.5 23.94 13.3 13.97 19.78 8.89 11.71 10.02 7.69 11.8 8.96 9.54 7.58 3.94 4.07 5.78 13.58 7.93 15.95 7.7 8.98 12.78 8.54 6.05 13.5 10.58 15.94 9.44 7.84 4.56 6.54 7.94 6.56 4.86 3.07 1.62 2.23 3.84 6.21 4.56 5.65
6.08 4.27 4.75 3.95 5.89 6.45 3.89 8.74 3.9 12.45 6.37 5.54 10.73 18.85 8.1 6.93 3.81 3.35 5.58 4.57 4.16 2.72 12.86 10.3 31.99 14.06 9.15 7.76 21.96 16.41 7.26 10.02 7.17 5.23 3.41 3.74 8.47 5.36 8.85 9.23 10.05 10.39 6.25 6.59 12.07 7.48 6.25 8.51 10.27 8.35 6.96 11.56 11.85 13.8 10.79 4.03 1.75 3.43 1.92 4.78 7.94 6.65 6.69 4.17
4.91 3.72 4.12 4.59 9.98 4.98 4.16 7.61 5.79 8.22 5.52 4.07 9.13 9.21 7.32 4.42 3.09 5.52 3.55 3.51 3.93 3.64 7.07 10.91 15.11 11.24 8.45 12.06 20.55 17.53 7.83 8.36 7.47 8.76 5.98 6.38 8.52 8.07 10.46 11.67 20.8 11.23 8.71 8.4 6.15 8.0 6.01 7.33 12.42 9.81 8.66 6.43 17.7 16.0 9.84 2.96 2.78 2.39 3.43 2.59 4.79 4.33 5.38 2.4
4.75 4.16 3.34 6.21 4.46 4.51 9.89 7.25 9.46 4.67 4.89 7.35 11.4 7.18 10.95 4.71 2.4 4.41 7.43 5.35 5.86 5.72 12.2 10.31 8.68 9.33 11.41 13.74 9.63 14.34 7.4 9.08 4.83 8.18 6.45 8.08 3.48 6.47 16.21 13.93 20.35 15.51 12.62 8.05 6.94 6.21 5.01 7.58 5.78 6.39 8.13 11.07 18.84 23.45 10.19 5.73 4.35 6.92 3.85 0.87 3.74 6.03 8.84 6.13
11.29 8.27 3.64 5.04 5.6 6.48 13.53 5.33 6.55 5.23 7.38 5.38 6.79 13.72 15.49 9.75 6.76 6.53 10.07 14.82 9.03 8.96 16.98 19.62 9.74 16.95 21.14 10.5 10.42 12.27 18.09 5.53 4.51 7.57 14.46 5.56 5.85 8.6 17.3 19.96 24.36 14.5 12.94 7.91 6.32 9.07 5.66 8.49 3.73 4.55 6.71 8.29 23.47 15.85 8.69 8.27 1.85 3.39 5.3 2.55 3.88 7.65 5.61 4.99
12.63 9.25 3.92 6.53 9.02 10.0 6.68 5.66 8.81 8.29 6.82 14.12 15.82 22.28 14.23 8.21 7.8 5.33 14.66 12.51 19.49 18.92 7.81 17.12 13.63 12.15 20.01 13.49 13.12 13.21 15.6 12.05 9.12 12.45 12.61 6.93 7.62 8.44 15.29 15.19 33.8 14.63 18.97 6.03 7.26 4.07 4.12 5.4 2.75 4.36 4.66 6.67 13.43 15.72 5.49 5.15 3.24 4.2 6.25 8.45 9.97 5.03 8.39 6.01
8.38 8.94 8.87 10.89 10.26 8.41 8.84 6.41 16.36 15.08 6.16 9.73 20.51 28.58 11.71 15.77 11.44 7.35 7.63 13.14 16.39 18.05 10.46 9.33 12.23 14.43 14.68 6.54 12.55 6.64 7.62 7.98 11.47 14.26 12.82 10.29 3.23 4.59 12.47 13.6 16.33 12.52 7.21 5.98 4.79 4.33 4.22 2.85 2.8 4.26 2.79 4.62 8.35 14.1 10.96 8.33 8.02 5.62 8.84 6.76 6.05 9.55 9.8 9.35
5.76 8.86 13.37 16.62 9.16 6.09 4.93 7.29 7.67 6.25 9.29 13.17 14.93 16.01 11.95 17.37 11.64 9.66 8.17 5.02 12.45 18.93 11.36 7.58 7.95 10.45 5.94 7.56 6.74 9.9 9.02 7.05 6.52 8.4 6.07 9.64 5.46 4.18 13.67 9.98 6.75 8.56 6.67 6.08 4.09 2.07 4.2 3.47 2.4 2.77 1.64 3.97 6.82 11.9 7.39 7.53 9.46 8.23 17.71 11.37 9.27 9.68 9.6 9.94
8.29 8.94 9.7 10.06 7.62 8.93 6.06 9.69 6.6 10.53 6.78 11.75 19.3 10.27 8.36 11.01 7.21 7.37 7.11 4.91 9.19 13.27 9.86 9.5 7.83 7.35 4.47 6.63 9.65 8.26 16.98 9.83 6.66 8.04 9.9 13.73 4.42 6.57 7.74 9.15 8.72 9.14 5.63 6.03 4.58 2.93 3.33 2.64 1.96 1.06 2.79 8.07 11.32 13.05 7.7 5.59 8.01 12.78 24.87 21.09 10.92 10.38 10.86 11.22
9.11 8.58 5.36 11.5 5.04 8.83 8.29 8.38 7.74 15.67 9.9 15.9 10.65 8.6 9.35 6.53 8.58 12.77 6.71 4.72 8.57 7.31 9.1 7.66 6.05 5.77 7.72 10.66 8.36 7.47 9.16 11.32 10.81 10.13 11.39 12.24 5.26 6.08 4.96 8.7 13.37 6.62 4.59 4.9 5.59 5.25 5.86 3.61 2.22 2.9 3.92 9.12 15.9 9.93 4.68 4.79 10.12 14.75 17.86 20.92 9.13 14.38 13.37 7.2
8.33 4.65 4.7 7.96 7.92 10.08 10.95 6.82 7.13 6.88 9.23 12.73 9.6 7.91 15.13 18.64 7.28 9.88 6.6 5.01 6.46 9.59 14.34 7.07 9.3 12.89 16.16 12.65 10.46 23.28 20.8 18.66 10.29 12.44 11.4 11.98 13.54 10.31 7.86 13.3 7.86 11.43 4.88 5.41 6.8 7.78 8.89 5.61 6.6 4.2 5.62 3.98 10.87 6.06 4.32 4.84 7.09 19.84 13.21 12.25 11.64 11.58 7.06 9.5
6.53 3.16 9.16 9.93 9.5 5.61 7.64 5.6 5.47 4.6 6.12 10.08 11.49 8.61 8.02 19.24 12.51 4.61 5.1 5.27 5.09 7.16 8.17 10.67 10.47 9.82 11.57 10.3 13.73 26.21 22.0 42.57 16.28 12.18 13.06 9.14 11.05 8.54 13.62 14.39 5.73 10.26 14.58 9.63 11.69 5.27 5.23 4.45 4.55 8.09 10.78 6.51 9.86 5.16 2.68 7.61 8.48 9.98 14.6 13.33 12.02 11.97 6.92 5.41
7.29 6.14 8.11 13.45 13.37 6.42 4.4 4.42 6.0 6.06 3.88 7.47 8.58 8.16 11.93 16.52 8.37 3.97 3.25 3.62 7.47 7.55 4.12 8.17 14.1 13.17 14.67 18.26 24.69 15.6 24.99 26.73 30.31 21.26 14.32 10.49 11.23 10.89 12.23 14.65 11.1 9.8 8.08 16.48 13.8 6.47 7.88 4.84 4.04 6.98 13.15 12.97 9.75 7.91 5.17 3.94 6.95 6.06 10.37 9.85 11.13 9.57 6.53 7.8
5.05 5.69 11.2 8.98 8.79 3.45 4.56 6.88 3.87 8.09 2.92 5.47 5.74 6.69 6.44 6.92 12.73 8.14 8.53 7.14 7.41 9.13 12.42 10.12 15.32 12.76 18.28 31.62 28.84 19.09 16.43 13.78 18.66 15.24 11.98 10.86 10.95 7.88 10.43 6.46 15.14 11.09 4.05 6.88 7.36 6.53 4.9 7.56 10.12 15.83 8.52 12.76 16.16 12.31 5.5 4.15 4.5 4.56 7.62 7.81 12.55 10.29 7.97 9.62
