3.88 6.04 5.55 7.28 5.3 5.81 6.53 9.35 9.25 14.07 17.9 6.03 5.51 7.29 8.9 3.67 4.1 8.55 12.46 15.58 10.11 21.32 18.41 5.61 9.16 7.12 10.5 17.85 4.4 3.39 7.25 9.82 5.19 11.19 14.11 12.52 7.86 3.05 4.79 5.24 6.23 8.01 4.8 6.72 5.1 7.51 6.88 8.16 5.05 3.9 3.45 4.15 3.69 5.42 4.85 7.35 8.93 9.54 19.49 5.74 17.38 14.75 7.5 14.48
4.49 4.37 7.34 12.66 10.89 8.14 9.9 8.79 13.59 19.98 17.4 21.26 7.79 5.42 7.13 3.73 3.81 3.52 7.91 8.35 18.06 20.87 5.66 9.47 8.49 6.47 12.01 10.37 14.93 5.75 5.44 14.21 5.83 9.55 7.56 6.69 7.99 3.6 3.09 4.14 2.96 12.33 4.93 6.28 4.49 3.78 4.91 4.34 6.12 4.38 6.81 5.53 7.34 5.05 5.35 9.29 6.41 9.76 6.35 9.17 12.87 30.14 17.07 22.15
4.09 8.09 6.02 5.18 10.93 15.66 8.67 9.47 18.14 10.42 13.04 13.81 10.26 3.51 5.64 4.62 3.62 6.48 11.56 12.53 13.04 7.16 3.9 4.98 7.87 16.4 15.28 14.82 22.72 10.79 7.89 4.49 4.07 7.13 8.67 4.15 2.94 2.63 3.81 3.37 5.64 6.4 7.75 9.71 5.66 4.35 2.34 5.57 6.12 7.96 11.03 7.23 4.45 8.27 6.68 11.98 8.87 6.4 4.3 6.77 16.83 21.2 15.01 17.94
10.07 7.72 6.75 5.36 7.8 8.25 11.19 12.03 10.01 7.4 8.22 4.95 5.71 5.25 12.66 9.65 2.26 4.84 18.33 10.6 11.17 7.51 3.88 4.16 7.97 13.84 20.46 33.55 32.89 12.48 9.27 5.45 4.86 5.91 4.29 3.69 2.75 2.59 3.47 4.54 4.72 4.93 3.2 10.96 11.25 3.92 4.63 3.44 6.41 7.11 3.67 8.36 4.98 6.67 4.47 4.78 6.77 3.26 4.44 11.8 8.76 10.34 10.35 12.19
6.46 9.85 3.78 7.87 10.25 5.47 6.38 9.73 17.44 7.03 4.29 4.32 8.97 5.1 10.55 7.25 5.52 6.14 5.18 12.28 9.55 7.36 5.8 6.08 12.04 21.46 26.13 24.34 12.01 9.15 8.64 13.11 5.17 2.73 4.65 3.17 3.89 1.91 2.86 3.86 5.42 5.46 5.38 11.49 9.3 7.87 4.45 4.61 6.74 8.47 3.69 5.94 4.93 7.52 3.02 2.16 2.36 2.88 6.05 5.3 11.45 5.14 5.99 11.04
3.15 1.82 2.24 2.5 4.77 6.84 11.4 12.54 9.52 9.47 6.58 7.29 8.73 9.2 6.17 5.4 10.65 4.53 9.61 10.39 11.51 9.27 7.72 7.05 12.53 19.92 27.59 20.82 15.17 11.83 11.68 8.03 2.97 5.49 5.54 7.02 6.74 3.78 4.18 2.88 3.26 7.34 6.66 7.4 7.72 4.94 2.99 4.0 6.31 4.73 5.84 4.52 4.94 4.93 5.37 4.08 5.26 5.47 4.06 4.31 7.82 7.28 4.19 6.63
1.74 3.04 1.82 3.96 3.23 9.8 16.4 6.72 8.33 4.68 9.64 10.01 9.73 8.76 4.53 5.4 9.26 4.2 7.4 13.05 15.77 12.51 8.96 8.39 10.58 14.58 25.44 18.24 15.56 4.94 5.8 7.78 6.9 5.54 6.4 4.65 9.47 12.13 4.09 3.5 2.78 6.5 5.95 12.13 8.58 3.29 2.47 3.34 1.46 3.88 8.32 5.42 3.05 3.23 6.19 3.63 4.45 3.61 3.14 5.03 6.06 2.98 2.26 2.57
3.77 1.97 3.35 5.12 2.82 5.93 8.31 9.95 13.88 7.75 11.28 16.44 8.72 9.52 6.61 8.6 10.69 3.56 4.47 8.68 18.91 12.1 6.37 5.82 9.75 27.25 12.12 4.76 5.21 5.36 7.56 8.06 4.35 5.33 6.16 5.29 10.67 7.12 3.39 2.82 2.45 9.45 14.89 7.64 4.89 5.97 3.43 1.99 1.69 2.11 3.72 7.89 4.42 3.05 3.74 3.38 2.57 4.35 3.12 4.13 3.55 4.64 3.19 4.19
3.08 5.35 2.01 4.93 6.98 6.69 8.72 9.63 10.69 11.07 14.25 7.47 5.06 6.37 5.0 4.48 6.27 5.83 4.44 4.06 13.63 17.13 8.89 4.65 14.04 18.85 18.66 4.4 4.92 8.2 11.94 7.76 7.91 7.08 9.68 13.93 6.19 5.89 3.79 4.42 4.07 10.17 10.75 8.99 5.28 3.49 3.96 3.93 2.5 3.87 3.94 5.93 5.13 2.43 2.38 4.95 4.88 3.73 3.31 2.59 4.68 5.09 3.25 4.31
5.25 3.25 3.95 8.51 8.74 7.39 13.4 11.33 5.65 4.54 8.94 6.34 7.41 6.72 5.54 5.23 9.74 3.88 4.48 5.53 14.26 17.82 9.81 8.17 7.3 23.4 19.26 3.95 3.7 7.23 7.39 7.31 11.25 11.85 11.82 14.76 12.61 5.72 2.91 3.16 4.13 11.4 8.56 7.89 5.62 8.39 4.62 3.55 8.36 5.94 4.28 5.37 6.18 2.55 2.96 3.67 2.41 4.01 4.97 3.26 3.87 6.32 5.11 4.78
2.78 5.73 5.61 8.25 11.72 4.59 6.98 4.11 10.92 4.46 5.42 5.17 4.63 5.68 4.19 4.11 10.55 7.69 5.15 7.4 9.97 17.06 5.71 5.53 13.63 14.51 13.94 3.66 4.38 8.28 6.78 4.69 11.32 21.47 13.91 18.62 10.0 6.52 2.38 2.4 3.85 4.79 6.2 5.16 6.18 10.01 6.05 9.73 2.97 3.73 3.38 7.99 9.61 2.78 3.65 4.18 3.39 2.68 3.85 6.64 8.07 5.86 15.18 4.63
3.37 5.91 7.79 10.48 6.33 4.47 6.6 7.9 12.5 6.86 3.12 2.43 3.35 3.01 3.89 4.39 10.33 10.71 20.08 12.21 16.39 5.36 5.56 7.9 6.29 8.78 6.91 6.43 4.53 3.72 4.36 4.64 13.24 13.36 14.65 32.98 10.3 7.15 4.85 3.85 5.22 8.13 6.84 9.72 6.57 5.57 8.76 5.27 6.31 4.43 2.35 5.41 6.34 2.81 9.04 3.19 4.51 4.31 4.7 8.02 10.24 14.96 10.44 4.97
4.75 8.59 11.84 13.86 5.22 6.41 20.44 12.46 11.67 4.65 4.32 6.6 4.03 3.02 3.88 3.94 6.44 20.14 19.13 13.0 12.36 6.53 5.95 7.18 12.51 8.43 7.06 4.4 6.76 7.11 4.41 6.54 9.34 17.3 12.86 9.8 24.24 8.37 8.74 4.76 3.67 5.83 6.97 7.57 4.45 3.24 5.74 6.69 4.49 3.46 1.94 7.02 6.47 4.18 8.55 3.02 4.81 5.33 8.79 17.53 16.61 8.89 14.11 12.69
8.17 20.09 12.31 6.01 8.87 6.56 6.71 5.06 4.23 15.4 4.61 3.92 5.71 5.22 4.75 3.57 6.34 9.76 13.68 13.4 5.61 7.42 5.49 9.5 8.07 6.75 6.82 7.18 11.13 5.05 8.29 8.11 12.02 7.41 6.78 6.6 6.66 7.52 6.95 5.5 3.96 3.19 4.29 12.82 3.32 3.2 7.34 9.12 5.64 1.97 6.0 5.29 9.9 7.62 8.56 5.22 2.12 3.8 13.46 24.35 24.97 19.38 11.33 8.92
3.08 11.74 7.6 7.59 2.7 5.24 3.32 3.72 8.63 6.12 3.3 7.28 5.78 8.82 5.55 4.01 6.04 13.28 28.11 7.74 6.93 3.86 3.79 14.1 13.15 3.84 5.54 13.03 18.71 8.57 6.67 7.7 9.31 11.32 5.03 4.03 5.19 5.69 5.58 3.97 5.15 3.25 7.65 10.45 5.95 5.68 6.73 3.27 3.23 5.0 4.56 4.21 8.91 8.99 9.43 3.26 3.49 6.43 11.59 50.28 35.09 17.5 20.43 8.37
4.1 4.68 5.77 7.88 5.86 7.1 4.34 4.94 5.1 4.44 4.13 4.81 9.38 13.39 5.02 4.22 12.96 19.15 9.95 14.13 9.88 6.09 7.01 11.41 14.36 6.91 6.08 11.97 19.66 9.76 6.41 6.01 19.1 15.23 4.5 5.47 8.04 10.25 5.14 4.76 1.57 5.41 18.34 8.88 9.82 1.91 3.43 3.51 3.99 5.28 6.47 3.7 7.91 6.98 7.26 4.28 3.12 5.15 10.56 37.24 12.94 10.49 14.82 6.51
3.87 5.73 5.19 10.02 5.66 5.06 5.06 4.65 4.47 6.63 6.03 5.47 15.67 10.75 6.63 14.03 12.75 10.97 11.86 18.49 9.06 5.68 6.79 9.54 15.64 5.77 5.31 6.08 11.87 8.34 5.88 19.6 14.3 8.81 8.17 4.89 10.18 8.43 7.76 5.51 2.73 7.97 5.29 8.72 4.39 2.26 2.91 6.32 3.09 2.88 3.21 7.6 11.62 14.05 9.97 2.75 8.6 7.81 17.93 19.62 19.57 5.54 14.01 18.91
4.56 3.68 7.66 3.82 4.99 4.69 5.74 3.56 3.39 7.31 4.29 5.81 9.81 5.63 4.34 10.04 11.56 6.31 6.52 14.36 7.68 4.29 5.13 13.44 16.11 6.71 11.69 13.72 12.56 8.15 9.1 12.91 20.31 21.95 6.21 4.09 6.04 5.46 5.4 9.0 12.14 3.57 5.11 10.24 5.32 3.04 5.34 4.86 5.31 5.47 8.02 6.08 8.4 19.48 15.18 11.24 13.22 20.13 15.32 21.24 6.4 5.45 11.42 11.89
3.58 6.28 2.93 5.57 5.08 3.19 5.18 4.91 6.13 4.91 4.88 6.11 7.25 10.28 5.46 7.24 6.12 4.97 7.6 7.5 6.45 7.32 8.73 7.49 16.72 15.01 16.21 13.32 7.3 7.46 16.56 8.89 16.55 9.06 11.98 9.96 7.67 4.61 6.48 5.61 5.05 8.36 7.32 10.3 6.0 3.14 4.2 9.35 6.04 10.89 10.34 6.44 8.14 14.11 21.3 7.75 11.06 10.34 21.39 16.63 5.44 4.15 7.35 23.28
9.39 6.92 2.49 5.61 8.58 5.34 4.28 9.16 3.55 8.29 4.72 5.31 6.47 8.76 7.41 4.32 4.11 7.95 5.62 7.35 5.68 5.07 13.63 10.41 20.51 14.21 12.41 6.44 3.43 7.24 13.34 9.26 13.67 8.12 28.54 21.61 10.62 6.15 2.94 8.42 10.68 7.25 6.45 4.88 4.51 4.26 5.32 7.3 6.75 5.0 7.72 7.75 10.22 12.37 7.02 7.5 9.24 7.64 15.39 14.99 5.9 5.05 13.1 33.18
13.83 5.93 2.13 12.07 15.59 8.85 1.99 4.78 5.38 5.33 5.48 4.31 4.59 6.54 3.72 4.98 7.41 6.98 6.53 7.84 5.13 5.51 7.72 12.26 33.53 14.61 8.86 4.57 3.84 4.12 9.06 13.16 13.24 10.34 24.93 11.49 13.47 11.59 7.42 7.73 9.93 15.11 16.83 7.89 7.85 10.04 6.51 4.21 9.24 7.72 5.76 7.17 5.2 13.27 15.12 7.74 10.05 7.62 23.03 24.36 5.34 7.57 10.05 21.25
11.93 8.21 2.72 8.73 5.98 7.32 3.05 3.69 5.05 11.57 4.63 8.06 6.86 8.69 7.27 2.81 7.8 7.62 10.51 12.98 5.96 4.85 12.88 16.39 31.19 12.43 12.75 6.29 4.31 12.69 10.41 8.17 15.82 12.73 19.38 20.5 14.66 18.66 11.31 14.87 14.16 15.22 23.33 12.81 6.89 3.7 4.09 4.0 9.69 4.82 3.49 5.28 5.96 6.44 14.34 16.8 10.87 18.72 13.92 11.21 7.48 4.97 7.03 7.38
7.26 12.2 6.29 7.4 5.48 4.85 4.64 4.09 7.01 5.2 9.59 10.59 5.67 8.2 9.57 9.71 4.5 8.75 8.18 11.99 10.33 5.91 13.23 26.15 29.6 12.6 4.99 5.18 10.53 4.74 7.64 8.93 9.33 10.35 10.25 20.3 26.96 21.15 10.89 15.29 17.09 14.12 16.69 14.47 5.77 7.33 4.57 5.24 5.7 6.02 3.54 10.37 10.45 8.01 9.06 7.06 7.66 6.47 5.13 6.27 4.34 4.64 4.27 5.95
4.45 6.62 7.84 6.58 5.82 6.31 5.41 5.05 7.77 12.24 13.26 14.96 8.26 7.94 6.34 10.44 19.57 12.38 7.55 7.94 7.94 7.08 9.44 14.32 23.65 18.89 8.54 4.47 5.81 10.29 4.4 4.49 11.6 8.64 20.91 25.95 21.27 16.26 9.3 20.9 7.31 15.66 35.87 12.13 11.81 4.97 6.81 11.28 4.0 7.62 7.16 20.29 21.95 12.64 7.54 6.71 4.55 4.03 3.73 10.21 9.2 6.61 6.6 11.52
5.16 6.84 9.05 4.13 6.78 14.6 6.0 3.31 6.44 12.12 14.94 11.97 6.48 5.86 7.8 14.73 9.94 9.36 8.09 4.98 9.04 13.1 21.45 8.5 19.85 6.96 12.02 11.24 8.83 8.49 8.02 10.88 7.89 11.6 31.42 37.64 37.63 29.0 13.71 22.14 14.31 21.9 28.63 40.47 10.82 6.94 7.52 13.35 7.12 8.39 14.55 26.97 22.8 12.24 6.09 5.46 5.79 2.63 4.72 6.25 9.61 9.03 4.93 7.39
8.22 8.04 9.17 5.65 7.5 9.15 8.45 10.39 7.39 9.54 6.95 13.49 6.64 8.14 11.73 8.53 15.03 9.2 7.77 10.03 7.58 16.76 10.99 12.66 10.46 7.43 14.2 6.39 6.14 7.71 11.3 5.26 8.46 18.44 20.02 23.02 52.42 22.5 7.96 27.02 16.39 16.92 20.6 21.52 18.9 15.73 7.6 12.29 10.03 7.92 12.59 15.95 9.32 5.9 8.16 9.28 4.69 3.66 3.08 7.42 5.77 9.26 8.44 6.22
8.32 12.22 7.02 5.64 7.18 8.31 8.69 7.67 7.78 10.04 7.72 9.92 3.95 7.71 4.83 8.11 12.23 7.61 7.87 6.15 9.84 6.96 8.05 6.66 10.04 9.61 15.05 10.67 13.61 16.88 15.86 16.8 12.99 10.54 22.71 29.74 12.19 16.59 15.1 10.81 9.56 8.85 9.96 14.52 12.99 12.69 11.14 17.16 8.74 7.92 8.71 10.9 7.69 4.13 9.66 10.97 5.66 3.97 3.14 3.91 4.54 5.55 4.03 5.09
11.34 11.97 5.3 8.53 5.61 9.06 12.76 8.91 7.23 10.68 10.5 10.91 8.66 5.93 15.82 10.65 7.86 5.15 7.45 9.49 5.27 9.29 4.66 3.71 7.57 8.53 18.12 23.51 12.32 12.29 18.29 19.44 12.5 6.97 19.5 16.64 11.06 19.99 9.44 10.86 16.83 14.98 15.04 7.81 14.31 10.57 17.1 12.15 9.95 14.95 15.22 14.24 10.3 7.23 5.49 8.43 4.34 4.32 3.67 6.71 3.59 2.29 1.68 3.83
14.91 8.33 5.97 4.19 7.08 13.36 16.66 10.72 6.87 8.43 7.29 5.67 7.89 10.01 14.57 13.28 11.06 9.51 4.09 4.59 5.21 8.45 8.13 6.09 9.4 14.02 17.2 18.34 12.82 16.89 10.49 13.49 13.02 7.86 11.43 15.36 15.82 7.66 14.88 9.16 12.03 17.01 6.91 9.16 13.08 13.04 6.23 12.08 9.17 14.62 21.04 14.59 5.88 7.8 6.29 12.31 2.73 1.87 5.01 3.81 3.28 2.3 2.59 4.02
10.47 8.46 4.09 6.54 16.53 11.17 5.35 3.4 4.87 11.45 4.08 5.31 5.22 6.0 6.56 8.43 10.15 6.99 6.72 4.64 2.06 6.41 6.93 5.3 7.58 6.6 18.57 8.1 12.76 7.62 10.44 28.93 11.7 13.38 11.02 14.41 14.1 11.99 7.56 14.34 11.6 17.34 19.66 14.87 14.03 11.34 13.34 15.5 10.11 15.26 12.34 5.9 7.05 5.92 5.36 6.28 1.18 2.37 1.57 3.77 5.62 3.65 4.45 2.73
6.01 5.34 6.79 4.85 11.27 6.02 4.87 5.13 3.93 10.23 6.72 7.53 5.06 4.64 7.35 11.21 5.23 8.5 7.31 4.14 7.55 4.17 7.68 8.17 10.64 15.73 10.25 8.71 9.76 6.2 11.34 28.47 33.53 13.69 11.39 19.54 23.96 8.9 6.92 13.66 11.09 16.86 24.26 14.75 11.56 16.54 5.5 10.53 7.55 10.11 8.88 4.5 5.07 5.93 2.02 2.28 2.73 4.43 6.08 6.07 6.15 7.32 9.02 7.02
10.31 4.47 7.03 7.75 12.9 8.92 4.9 10.63 3.22 4.85 6.5 5.55 4.45 5.14 5.3 14.65 5.99 3.03 2.65 6.13 6.97 5.98 7.79 14.97 23.07 16.94 17.64 7.61 13.18 11.16 7.73 21.35 24.32 24.1 24.61 18.3 17.16 10.01 9.16 11.04 3.75 11.89 24.21 14.99 11.45 12.52 16.78 8.61 6.26 8.65 6.69 10.09 6.74 6.14 1.76 1.83 2.21 4.49 5.66 8.98 3.54 5.02 9.36 7.17
4.16 4.61 10.06 7.1 7.56 6.51 4.36 5.99 2.93 7.56 6.35 5.71 6.37 4.34 7.41 15.06 13.48 4.67 2.61 4.18 4.35 7.48 11.89 7.14 8.32 6.77 12.22 15.71 9.17 9.88 11.85 18.39 17.58 18.23 22.97 14.46 8.51 8.64 7.42 6.5 6.72 11.26 15.65 19.69 13.06 13.54 9.97 14.12 15.93 5.66 6.56 12.14 9.21 7.72 4.94 3.26 3.25 7.36 7.16 9.24 6.3 7.03 5.47 7.18
3.31 4.21 10.18 7.81 7.01 5.05 4.09 4.26 2.91 3.3 4.09 6.79 5.85 5.46 4.1 7.87 15.99 5.37 2.15 7.01 10.12 8.11 7.36 6.98 6.82 6.83 14.87 14.06 13.13 17.81 30.84 18.9 11.41 15.47 8.68 9.92 16.84 6.94 12.28 6.85 5.77 12.17 20.86 14.14 19.97 12.76 18.86 8.66 6.37 6.05 5.35 7.08 3.49 5.33 3.31 3.92 2.07 11.96 8.91 3.74 3.7 11.48 7.09 4.51
6.71 8.75 8.93 9.45 8.38 5.85 7.58 10.9 11.38 6.59 4.9 4.36 5.09 5.76 5.24 6.89 6.1 6.32 5.27 3.79 5.61 11.43 10.27 4.3 6.7 11.62 11.93 10.62 11.7 10.82 24.12 11.66 7.44 8.01 11.02 6.55 13.23 10.83 8.52 6.45 5.96 10.87 15.18 19.39 18.55 27.11 7.05 10.16 3.5 4.62 6.54 5.07 3.03 1.55 1.83 4.46 5.24 10.01 3.91 1.96 4.84 5.96 8.09 8.57
11.83 14.21 12.23 12.97 7.88 9.07 5.37 18.87 13.09 6.71 4.73 5.03 3.53 6.91 7.42 5.26 5.26 5.98 2.99 3.0 9.94 9.49 8.08 5.57 6.31 8.07 8.73 10.4 12.4 10.65 17.0 17.34 17.81 5.04 5.16 4.73 8.31 8.17 4.53 8.49 12.11 7.55 13.4 11.94 17.28 15.0 9.36 7.75 6.99 7.4 2.42 4.9 5.74 7.23 2.63 7.02 6.47 7.22 3.84 5.61 5.5 6.22 8.57 6.03
11.61 8.26 9.86 9.19 8.72 5.88 5.83 8.84 7.56 6.18 3.21 5.37 6.83 7.39 8.42 10.57 8.39 9.09 2.71 3.25 4.93 4.78 11.14 6.36 13.76 6.98 8.71 11.15 11.49 14.98 16.46 6.96 8.16 6.9 9.98 4.43 4.64 6.57 6.44 9.01 18.82 27.66 23.09 31.76 25.91 20.18 12.1 7.47 7.46 9.35 5.53 5.82 6.72 4.25 2.97 6.68 6.13 8.33 3.38 3.51 12.05 6.56 4.26 4.23
7.3 9.68 8.69 9.61 6.48 6.16 7.92 12.09 8.41 13.34 5.32 6.88 8.63 12.36 22.06 16.43 10.71 7.19 4.38 1.8 2.06 5.74 9.87 16.43 9.9 6.37 11.15 7.73 10.0 9.05 8.6 5.52 6.21 11.83 8.06 7.3 7.54 11.01 12.71 13.81 16.03 10.64 21.94 39.18 34.23 11.06 5.62 5.01 6.55 9.07 5.03 5.68 4.67 4.22 6.25 17.77 7.58 2.95 1.9 5.66 9.22 4.2 4.84 3.14
9.09 17.89 12.01 5.83 6.46 3.06 5.0 9.45 18.49 14.55 5.43 8.68 5.86 15.97 16.65 14.2 8.67 7.11 5.65 2.93 3.35 3.43 10.25 13.07 13.61 9.86 5.14 8.94 4.42 4.96 4.77 4.37 10.41 14.49 9.83 10.12 9.71 15.73 12.74 13.08 25.08 12.94 29.41 21.08 10.14 5.94 3.98 6.86 6.55 7.17 7.16 5.87 4.93 6.44 11.51 7.89 4.21 7.35 3.65 7.35 8.73 5.29 4.14 7.37
14.88 6.36 5.51 7.42 4.79 6.82 3.14 8.69 16.45 22.64 14.47 7.34 7.98 9.14 6.87 6.85 9.47 10.22 3.74 1.72 2.75 3.63 14.39 12.96 15.09 17.07 6.2 9.42 9.88 2.62 4.3 5.94 12.94 20.9 12.61 13.51 7.44 17.64 30.7 14.31 24.55 19.12 17.09 20.62 9.47 3.29 11.92 7.98 7.63 13.05 7.85 6.28 4.08 10.96 17.12 5.58 7.32 10.85 8.03 14.0 10.83 11.58 10.5 8.68
6.08 4.98 5.44 5.08 5.21 2.99 10.07 12.63 19.34 34.3 11.33 15.73 13.27 6.0 9.11 7.54 5.95 5.62 1.73 1.97 4.6 6.57 18.24 19.95 18.37 11.34 6.72 11.96 9.15 2.88 3.9 5.66 10.0 11.85 20.97 6.61 8.28 12.22 20.51 14.7 14.81 14.44 12.85 30.46 11.36 5.3 6.03 17.2 10.27 11.55 14.28 7.93 6.23 9.0 14.34 8.97 7.32 20.82 14.7 5.74 11.38 11.59 9.09 4.4
5.22 7.09 3.94 2.84 4.95 4.3 9.34 22.72 11.82 14.83 15.5 10.91 5.16 3.83 9.83 9.54 5.26 4.15 1.48 3.31 8.67 7.46 5.01 16.43 12.42 5.31 4.47 4.94 5.58 1.71 4.37 5.88 15.28 14.61 8.21 7.45 7.94 15.35 25.85 10.34 34.35 13.25 19.62 15.2 10.28 9.8 5.66 9.5 7.9 6.02 10.79 8.3 5.99 9.33 6.06 15.46 9.49 20.49 14.73 7.96 5.95 8.73 12.55 8.99
6.51 7.8 3.45 7.29 12.15 9.3 9.29 12.08 9.16 10.14 8.77 6.74 2.89 6.37 6.91 11.61 7.19 1.75 5.0 5.02 8.99 3.87 3.81 5.41 6.39 4.78 4.75 4.61 3.76 4.03 5.5 7.06 18.63 7.73 12.6 15.97 7.93 17.13 19.59 10.07 17.47 23.93 38.05 11.24 7.11 8.66 15.07 12.9 7.37 7.23 10.34 6.84 12.65 7.97 16.58 15.95 10.06 9.98 9.41 10.01 6.72 6.8 10.08 8.25
10.23 5.23 4.46 10.78 10.06 8.7 7.96 10.98 6.93 5.4 7.5 5.54 3.63 5.44 12.47 15.9 5.65 7.47 3.6 5.12 3.38 5.95 6.78 6.51 8.18 4.43 6.55 9.39 4.52 3.99 7.91 8.1 17.6 12.66 14.7 10.84 12.25 12.27 16.33 12.16 20.47 23.07 40.25 8.16 7.06 6.89 8.24 7.01 6.53 8.7 8.44 6.62 9.99 11.1 8.95 21.74 14.58 8.9 7.82 8.14 9.47 6.14 14.06 9.85
10.42 7.91 8.77 12.71 20.67 15.14 10.72 19.67 8.3 7.51 3.17 3.8 5.82 7.34 7.64 10.79 10.46 2.87 2.16 5.14 4.07 5.19 4.51 4.91 5.12 10.27 9.54 6.05 4.89 8.78 7.06 7.28 8.67 7.66 5.77 5.38 12.28 13.62 21.12 10.51 13.98 20.09 28.75 8.87 3.86 3.93 4.64 5.7 7.22 9.47 12.27 9.22 10.48 7.85 12.44 17.43 14.45 11.77 6.45 5.33 8.57 9.12 17.1 7.28
11.49 10.47 8.3 14.39 16.85 16.55 12.16 13.26 6.56 8.09 2.94 3.17 4.48 9.03 9.72 8.94 4.56 4.6 4.66 5.47 6.05 2.28 3.26 6.62 10.75 11.28 14.66 9.55 6.37 9.75 6.18 3.82 3.45 5.46 3.75 7.41 8.51 9.66 12.95 10.81 22.72 10.61 22.05 4.86 4.47 4.54 5.0 3.3 5.98 5.81 9.83 13.33 9.93 8.66 8.08 10.12 8.47 10.36 3.63 4.72 19.54 20.09 12.18 6.86
15.67 13.21 15.47 16.42 16.35 16.16 16.03 10.52 10.16 8.4 3.7 4.1 4.16 6.42 10.59 16.34 5.99 3.25 3.65 6.9 4.68 3.93 4.09 5.28 5.91 10.19 11.97 17.29 8.18 4.21 2.64 2.79 7.49 4.68 7.74 6.62 16.22 11.74 15.62 15.92 22.26 13.09 10.7 7.87 5.45 5.15 2.44 2.82 2.68 4.33 7.85 3.77 4.68 14.12 21.18 6.38 3.68 6.67 6.87 8.7 16.34 17.19 7.59 9.63
18.43 21.32 15.79 16.82 12.13 9.91 7.33 18.87 6.02 9.58 8.4 3.22 3.75 4.75 8.84 14.76 10.09 13.7 9.24 6.34 5.72 5.02 4.47 4.89 7.14 8.43 9.33 13.26 3.41 2.93 5.22 2.55 4.17 5.17 9.18 7.14 10.11 10.57 8.31 10.33 28.06 11.49 13.05 7.13 4.3 2.9 2.19 2.75 4.16 4.01 4.76 4.12 2.96 7.3 5.66 8.17 6.43 6.48 11.69 15.9 12.86 8.7 6.52 13.93
9.45 6.73 12.77 11.82 9.48 23.32 5.6 4.67 8.14 6.96 6.2 4.58 6.57 10.24 7.54 7.77 11.29 15.01 7.8 5.91 4.98 3.83 3.42 4.11 5.59 4.66 5.49 5.24 4.29 3.57 6.07 8.16 8.83 5.87 16.83 7.89 10.64 8.01 8.94 15.2 18.28 8.07 4.44 3.59 4.47 2.71 2.53 2.46 6.51 3.22 3.9 2.68 1.17 2.21 7.02 14.89 5.77 6.12 7.15 11.98 10.1 19.0 8.64 5.79
15.24 9.16 9.35 13.08 18.05 12.19 5.75 10.36 8.21 8.14 6.49 7.25 11.6 22.13 9.57 5.65 5.89 11.9 5.02 8.19 3.89 3.91 3.7 3.58 7.7 5.29 5.53 4.47 4.04 3.14 10.03 8.09 11.28 6.6 10.46 7.61 5.03 8.34 14.77 6.81 7.55 2.87 4.58 2.91 4.15 4.18 2.22 3.26 5.53 5.04 3.21 2.79 1.69 4.11 4.58 6.07 4.7 5.63 11.52 13.85 11.66 8.48 7.39 6.51
23.86 11.53 7.73 10.09 7.25 14.49 8.7 6.05 13.93 10.16 5.86 6.04 6.29 8.96 6.05 10.64 4.32 6.76 10.42 3.7 4.0 4.68 5.69 3.99 3.63 7.65 3.89 5.53 7.51 4.95 4.65 7.44 11.28 4.49 5.44 10.91 12.62 7.91 12.77 9.99 7.18 5.21 4.67 5.72 4.13 3.38 3.2 3.52 4.7 3.86 2.15 5.49 4.47 3.81 6.83 5.31 7.34 4.28 8.09 21.48 9.34 4.47 9.09 6.29
10.0 12.04 6.93 10.58 9.33 15.27 3.86 5.09 8.5 6.99 5.2 5.75 4.99 3.19 5.28 11.16 8.18 8.38 6.87 7.61 6.46 6.0 7.02 3.46 5.23 7.07 3.15 6.14 5.64 4.52 5.73 13.69 5.9 3.44 11.26 15.3 14.1 7.15 8.61 10.78 8.75 3.85 10.14 7.26 9.31 2.74 3.52 3.98 3.26 9.3 3.63 4.75 8.03 9.08 9.1 13.57 6.81 5.85 5.01 13.69 15.15 7.11 4.03 3.44
7.29 6.72 8.25 4.6 6.6 9.55 6.46 6.49 2.89 4.67 7.38 4.03 6.14 4.41 4.21 9.91 6.4 5.78 14.65 12.58 10.09 5.47 8.36 9.51 4.76 10.65 5.35 3.37 3.72 8.29 9.13 8.64 7.22 6.74 9.79 11.03 14.5 8.3 12.52 12.51 4.54 6.38 6.79 11.16 6.3 3.3 3.43 3.78 4.86 5.07 4.5 2.66 3.18 6.03 7.37 10.39 9.02 3.32 4.75 10.69 16.91 9.7 3.73 4.77
8.27 10.84 11.95 9.55 5.15 8.04 5.29 6.29 8.2 12.55 9.07 5.01 5.64 5.28 6.01 7.66 5.29 3.2 6.44 13.48 8.18 9.54 8.11 6.06 2.53 6.31 7.02 4.33 5.53 9.0 12.98 14.3 3.93 4.06 7.36 9.58 13.08 13.23 9.66 5.77 6.35 2.46 3.75 4.75 3.32 2.72 3.83 7.09 4.4 6.24 5.63 8.24 5.0 8.82 8.02 9.83 8.88 6.35 5.85 23.28 9.43 6.0 4.78 4.11
12.53 10.69 10.82 5.43 4.61 6.47 4.57 3.56 6.67 7.36 7.23 5.39 3.26 8.23 8.78 10.04 6.46 3.76 4.24 8.0 15.86 12.87 9.96 7.81 2.34 7.28 6.83 7.68 5.82 9.69 21.79 4.82 8.96 10.19 6.46 9.02 15.31 10.98 7.23 6.83 6.58 3.0 1.97 2.96 2.85 3.25 4.52 5.69 8.73 9.28 5.76 6.73 8.27 17.01 8.81 5.67 6.48 5.29 6.1 16.12 14.38 16.85 5.16 7.11
10.97 9.82 4.94 5.12 5.38 6.8 7.59 3.55 4.68 13.57 15.66 4.87 6.51 8.91 10.2 7.57 6.8 15.87 2.83 6.54 16.82 10.51 7.55 4.98 4.41 4.57 7.63 6.23 4.29 7.75 10.94 7.32 11.74 9.13 6.96 10.2 13.69 15.24 7.74 5.22 6.25 3.17 2.69 3.71 2.78 3.08 5.77 11.65 10.78 10.54 8.46 6.22 6.25 12.7 9.99 10.47 3.4 4.2 17.03 13.88 21.56 26.98 6.55 5.31
12.95 4.71 8.88 5.16 5.84 4.39 7.64 7.49 4.12 13.79 23.97 7.98 8.63 11.4 7.93 7.35 9.39 9.82 6.04 8.25 11.33 15.18 6.0 5.63 4.74 7.24 5.71 5.06 4.02 3.63 7.67 8.42 8.1 7.44 4.18 7.49 8.27 5.46 5.17 6.42 8.54 6.22 2.27 2.08 1.88 4.51 4.06 9.14 16.53 7.63 9.36 7.56 6.62 8.26 7.95 12.42 7.71 9.48 24.69 19.24 13.34 23.0 6.66 7.01
6.59 12.29 6.86 6.02 10.52 5.93 6.37 6.27 7.13 9.49 9.89 6.92 5.16 15.25 15.42 5.17 8.17 9.71 5.16 4.63 11.06 11.15 3.33 3.71 10.85 5.6 2.94 3.42 2.32 3.45 3.8 8.57 10.84 9.37 3.14 7.23 9.54 7.41 8.24 8.62 14.19 10.42 5.86 1.77 3.09 5.33 8.35 14.48 8.25 11.61 13.37 12.84 10.87 8.39 11.3 21.92 11.12 8.52 18.24 18.19 9.82 6.34 7.88 8.51
11.02 8.09 7.15 4.8 10.99 9.48 5.12 6.05 6.46 8.1 9.73 7.2 16.97 10.55 14.96 10.93 8.1 12.54 10.22 5.06 7.41 5.42 3.94 6.51 5.59 12.88 3.46 4.45 4.33 2.68 4.0 11.77 9.92 6.07 3.16 4.86 7.1 4.95 8.91 8.92 6.57 8.18 6.43 3.16 2.12 13.88 25.0 13.43 21.31 17.27 18.04 12.22 13.66 12.68 13.41 21.73 11.53 5.01 14.33 12.47 5.64 8.62 6.5 6.49
9.2 7.46 5.49 2.86 6.44 5.58 2.53 6.25 10.23 7.11 11.97 16.67 13.2 13.57 15.37 23.35 12.33 11.42 8.42 6.09 3.39 5.96 1.96 8.01 8.05 5.96 3.35 3.6 3.46 4.4 2.87 4.3 5.45 7.27 5.27 2.79 7.83 4.72 10.87 11.97 8.93 5.9 6.41 4.54 5.84 14.37 12.23 11.93 9.69 9.44 8.38 16.07 6.38 9.55 7.79 9.18 12.58 8.19 9.04 11.86 6.04 5.76 4.28 5.28
12.68 7.86 10.24 5.43 6.19 4.8 2.15 7.04 18.17 19.99 11.32 9.93 24.32 14.32 9.26 13.75 11.52 8.02 7.5 9.51 2.47 3.43 3.57 6.91 7.02 7.45 2.44 2.62 1.97 1.89 1.51 1.92 3.34 3.33 4.54 5.07 2.53 3.47 8.77 7.63 7.74 3.7 3.28 10.84 5.12 6.87 9.34 4.3 12.8 5.44 8.96 11.85 8.51 9.38 6.22 9.77 12.03 18.44 14.29 8.73 10.89 7.35 3.98 5.98
10.77 17.27 23.25 7.66 3.7 4.17 4.12 5.84 24.25 16.03 11.46 26.64 21.21 8.45 5.16 8.63 9.85 7.57 5.22 8.52 3.37 6.44 5.52 7.71 7.89 5.94 3.23 2.04 2.19 1.12 1.93 3.08 2.04 4.03 3.17 3.33 3.67 2.56 8.16 5.58 4.14 2.99 4.75 9.92 5.44 2.56 4.77 7.63 7.67 7.43 5.85 4.02 3.58 9.49 7.94 6.68 14.27 19.01 10.44 10.65 12.15 9.25 3.88 8.92
22.76 40.21 26.68 9.41 8.53 5.57 5.84 9.41 14.08 11.23 21.95 36.19 22.33 9.36 4.65 7.41 7.21 7.96 4.79 3.71 3.91 4.99 6.83 7.35 5.05 4.36 2.24 2.87 1.84 1.51 3.23 3.24 3.35 3.97 3.46 2.63 1.62 2.88 5.09 5.88 3.89 5.99 6.62 6.99 5.82 4.33 2.92 4.89 4.84 3.36 10.96 6.76 7.52 11.45 7.2 12.89 16.24 22.81 25.42 11.0 12.6 7.43 3.11 8.36
16.81 15.18 15.25 18.28 6.27 8.37 9.06 10.01 9.18 10.05 14.06 12.06 12.13 8.64 6.47 8.65 12.12 7.09 3.74 3.11 4.74 8.27 19.97 8.05 6.47 2.81 3.28 4.24 3.15 2.76 2.66 5.86 3.52 5.32 3.73 1.01 1.28 4.63 4.09 3.56 5.81 5.4 5.34 7.99 10.74 3.69 1.42 1.81 3.33 3.38 11.94 13.12 6.96 10.92 9.59 8.73 14.63 13.74 12.56 19.97 13.1 9.7 5.46 9.32
