7.06 5.63 6.2 16.77 8.58 5.81 8.87 10.81 4.31 2.47 4.02 7.22 6.74 7.84 9.49 7.57 5.58 6.43 5.1 6.01 5.16 8.81 5.33 5.19 11.46 20.46 12.54 8.79 7.6 14.91 10.74 10.97 6.63 7.79 16.64 8.31 9.15 3.4 2.89 4.08 1.97 2.38 4.8 9.31 7.85 3.92 5.89 12.29 6.41 6.51 3.9 5.49 10.8 6.07 8.34 5.87 4.25 4.5 4.28 7.45 7.76 11.41 9.39 8.87
11.25 15.56 10.06 16.89 5.76 4.36 7.99 11.33 4.5 3.19 4.29 6.84 5.32 12.5 6.66 10.73 5.93 4.86 9.08 8.76 6.51 7.63 3.56 4.6 6.51 8.58 5.33 8.14 14.78 15.11 7.12 8.41 5.24 11.66 11.55 7.97 6.52 3.29 4.52 3.79 1.69 1.76 2.2 4.65 5.54 3.74 4.65 6.72 6.25 3.69 6.45 7.32 12.26 4.94 4.58 4.19 6.57 5.48 5.46 4.9 8.93 12.08 13.14 9.0
17.58 14.16 10.88 14.0 6.99 11.59 10.68 9.12 6.35 2.58 3.43 8.67 6.17 11.99 6.81 4.86 6.11 8.33 9.75 8.61 8.12 8.97 5.89 2.53 2.86 3.81 5.3 12.02 12.5 14.05 6.98 6.46 12.22 10.12 6.08 7.0 5.78 4.57 4.61 3.72 2.58 2.55 2.19 4.6 4.82 4.04 4.56 7.17 5.09 6.03 9.68 9.53 12.13 9.98 6.15 2.73 2.77 6.51 7.37 9.77 10.6 10.51 13.3 5.63
24.05 9.73 7.65 6.19 11.68 20.43 17.6 10.71 3.38 4.36 4.32 6.98 8.34 13.41 5.35 5.19 9.32 8.58 16.79 7.65 21.98 21.53 10.37 1.89 1.75 3.75 8.61 23.41 32.4 11.01 6.93 9.01 10.42 10.94 4.3 4.41 7.07 6.85 6.19 3.83 1.57 1.29 1.76 3.12 2.69 3.69 4.73 6.51 7.92 10.68 12.86 10.93 8.34 11.98 3.48 3.38 2.54 9.65 9.53 8.57 9.82 11.48 3.43 4.37
24.84 10.8 7.04 8.07 9.97 15.69 24.86 8.01 5.01 4.22 5.54 12.99 9.23 14.52 5.74 6.84 12.63 12.49 20.13 9.04 26.81 27.78 8.56 2.06 3.11 4.01 9.99 8.54 18.67 7.22 6.79 5.63 4.89 4.32 6.27 6.93 7.83 5.2 7.74 3.96 2.93 1.47 2.53 2.39 2.28 2.16 5.72 5.69 6.22 7.01 6.02 5.58 7.8 11.38 4.23 3.22 3.27 7.67 11.0 11.0 5.42 4.8 5.25 3.16
18.86 9.7 12.24 12.93 17.72 14.17 13.01 13.01 5.97 3.29 6.8 4.82 7.97 19.15 8.11 11.06 9.55 10.73 9.43 11.49 16.92 16.02 5.38 3.1 3.91 6.58 4.29 4.03 6.16 6.64 5.09 4.95 4.05 3.32 5.93 8.48 6.55 4.4 4.25 3.9 3.48 2.14 5.85 3.06 2.03 2.09 7.05 3.57 5.22 6.0 7.99 8.97 10.75 10.49 6.97 3.59 5.49 10.86 9.44 10.68 4.83 6.0 9.05 6.06
22.22 9.61 8.58 10.5 16.99 13.37 9.76 10.3 7.38 7.7 7.58 7.63 13.71 15.65 10.96 17.86 12.22 11.22 8.49 11.21 16.46 18.05 5.95 6.33 4.26 4.41 2.01 2.55 3.4 7.83 4.98 7.33 2.15 4.27 4.69 8.9 10.23 5.34 7.4 9.03 7.26 9.88 8.88 3.12 1.4 2.32 4.23 5.61 5.28 7.51 4.0 7.8 8.75 7.94 6.13 4.43 6.82 9.59 8.22 10.63 6.87 4.02 4.26 6.13
14.11 14.73 4.42 7.52 12.25 8.33 6.8 9.07 9.8 6.87 10.22 10.88 11.5 12.35 13.24 17.9 14.21 7.32 6.03 12.31 8.49 7.51 7.03 4.79 4.9 4.78 4.3 2.66 2.9 5.53 6.07 8.87 3.59 4.28 6.14 8.89 10.3 5.15 5.24 12.31 20.0 11.21 9.39 5.35 1.72 2.58 3.37 5.68 4.02 4.3 3.33 7.55 7.14 4.98 5.87 16.22 17.61 13.59 5.3 14.01 5.29 7.77 6.25 4.9
16.56 15.36 8.25 10.33 17.02 17.24 16.81 16.97 7.29 10.91 11.59 11.16 8.91 7.31 9.04 23.0 12.88 4.76 6.37 9.05 8.42 4.61 3.5 3.52 5.36 6.47 4.44 2.69 3.18 6.81 8.66 6.01 4.22 2.82 5.77 9.12 18.48 6.88 5.52 11.72 21.05 11.27 26.62 6.75 4.6 3.29 7.76 15.3 6.27 2.61 2.14 3.74 7.04 8.41 8.89 6.74 11.53 13.82 8.49 12.6 6.23 5.28 4.6 10.41
8.76 9.14 8.69 9.25 10.59 16.89 14.09 9.87 13.18 8.51 9.47 12.3 6.17 11.34 7.09 8.98 11.6 6.98 6.36 8.06 8.24 7.5 4.61 5.55 8.96 8.2 11.97 3.95 4.2 4.27 7.28 5.17 8.11 6.34 8.23 3.02 14.04 9.79 11.71 8.76 9.72 14.23 17.45 10.37 9.39 7.39 16.43 7.03 6.87 2.78 5.44 4.44 8.49 10.4 13.96 11.01 8.97 10.96 11.33 9.0 5.4 6.12 6.02 8.9
6.54 6.28 6.22 6.5 6.86 7.89 14.5 9.07 9.62 6.43 7.09 8.96 5.53 9.55 6.81 6.0 7.72 7.48 13.3 11.71 7.39 7.41 9.33 9.41 12.9 11.3 8.64 7.21 7.87 7.15 9.99 4.59 7.29 10.3 7.58 5.02 13.35 9.96 7.63 7.32 10.95 14.59 18.97 16.35 8.9 10.74 22.07 15.16 5.06 2.71 4.94 7.93 12.1 8.66 10.37 7.69 5.77 7.74 15.89 11.82 6.54 3.29 4.66 7.62
4.08 3.56 3.51 4.4 2.02 4.36 7.96 10.06 11.21 4.74 7.7 4.08 2.96 4.07 5.93 6.68 5.89 9.5 10.47 20.41 19.74 12.5 9.43 13.37 11.76 9.8 9.74 8.38 21.18 9.9 7.66 9.31 8.12 7.89 4.49 7.97 13.88 15.73 8.7 10.78 8.71 11.97 6.32 11.82 10.62 9.9 13.71 16.41 7.7 6.68 11.66 10.04 10.02 13.29 8.98 12.28 10.99 6.17 8.5 5.32 3.95 2.6 2.45 4.4
8.71 4.99 2.95 2.04 2.42 4.15 6.4 6.16 4.34 4.13 3.73 3.35 2.04 4.22 5.33 3.24 12.2 7.64 7.9 15.27 8.29 9.98 7.64 11.52 15.24 6.69 6.43 5.41 14.4 7.23 6.02 3.07 4.57 7.47 6.53 7.31 8.8 13.68 5.77 4.38 11.14 21.4 10.99 16.12 8.85 17.44 15.18 12.73 6.9 7.94 4.64 11.4 8.94 10.95 9.52 10.76 10.94 7.24 7.8 5.82 3.27 3.61 2.87 5.57
8.28 12.41 4.36 1.62 1.68 4.0 7.35 5.0 5.67 3.3 3.45 3.83 3.58 5.21 5.68 6.45 11.82 18.63 14.84 11.04 15.06 14.7 14.09 10.3 8.61 9.72 10.99 7.48 12.36 12.07 7.59 4.64 8.84 17.18 14.36 8.1 5.53 7.53 3.92 5.33 6.43 11.39 10.69 14.36 13.91 12.1 9.26 9.65 7.15 14.71 9.93 12.44 6.31 5.83 7.22 20.21 8.74 7.51 6.5 5.19 6.13 7.39 9.32 6.11
10.39 12.84 5.22 3.71 1.66 3.87 6.64 7.78 5.83 4.93 4.09 4.3 4.19 8.35 6.36 5.53 13.07 17.4 14.92 13.08 14.2 14.08 18.07 14.26 14.61 14.61 9.61 12.7 13.68 9.76 5.84 8.71 16.04 17.45 26.89 7.35 7.23 5.23 4.6 6.35 10.13 13.17 11.93 16.98 8.02 7.62 9.33 7.64 6.0 8.14 12.4 9.76 9.91 3.07 7.37 8.61 6.04 4.02 4.35 5.11 8.09 13.24 11.92 7.95
5.88 6.7 3.77 3.89 2.59 2.54 7.57 8.09 4.07 8.48 8.78 6.07 5.4 12.35 15.41 13.68 10.59 15.54 9.24 8.45 10.29 7.65 10.66 10.26 11.03 7.93 9.97 12.51 7.8 7.74 2.03 10.07 12.44 13.68 15.16 5.6 5.59 4.33 6.25 4.79 5.26 6.82 18.12 11.53 7.45 6.37 6.09 6.11 4.23 7.37 8.46 8.28 8.53 3.45 9.91 7.4 9.78 7.45 6.41 10.33 16.77 11.64 17.13 7.9
3.86 3.7 5.01 4.23 2.55 2.95 5.4 11.59 5.28 9.53 14.22 5.83 4.77 8.93 18.36 5.96 5.9 9.51 10.49 8.03 8.09 5.92 9.37 13.47 9.6 12.58 11.01 15.25 14.49 9.78 3.22 12.84 12.2 7.93 12.09 18.57 6.98 10.38 7.41 9.98 6.84 9.52 11.07 9.63 7.13 9.07 6.33 6.24 3.17 9.12 9.05 9.36 10.36 10.61 6.73 5.95 6.29 8.41 6.27 8.31 12.46 8.41 11.35 12.27
3.95 1.66 2.08 4.13 2.98 2.63 5.9 4.34 7.35 20.15 11.67 10.91 7.76 12.95 32.25 13.24 25.97 9.66 9.33 5.53 9.34 8.17 10.29 12.42 23.37 11.76 15.88 20.71 19.12 11.48 7.32 7.36 9.75 6.4 14.28 16.17 10.03 9.45 7.83 14.23 9.24 10.18 8.91 8.56 9.41 11.95 7.65 4.57 2.86 8.85 5.23 9.92 10.44 14.64 7.39 4.77 5.48 10.08 4.93 6.56 5.43 7.6 10.83 11.96
3.8 3.71 1.92 3.2 3.59 3.77 4.08 5.42 9.08 15.39 10.91 9.22 7.36 12.32 23.77 17.83 26.5 12.88 8.73 5.9 9.34 10.56 19.57 12.65 7.72 8.11 18.33 16.4 18.75 16.8 8.95 11.1 9.8 5.11 26.07 13.14 14.28 12.57 10.45 7.76 5.91 9.34 9.78 7.11 9.61 7.54 10.31 7.13 5.18 10.67 15.34 6.67 6.99 9.74 5.22 6.15 3.29 3.81 5.94 5.2 3.85 3.69 6.15 6.98
3.75 3.56 1.6 2.63 2.89 6.6 6.5 4.43 7.62 12.51 16.74 13.91 4.68 9.03 15.66 23.08 21.58 13.76 9.11 7.64 6.51 16.86 30.17 19.74 6.65 3.58 13.51 17.73 15.33 11.23 6.45 9.11 6.43 9.52 16.01 13.27 14.63 15.46 22.6 7.73 8.77 11.91 16.23 14.27 8.22 7.18 8.5 10.89 6.52 13.48 16.25 11.25 17.39 12.89 13.06 4.95 4.63 3.26 3.85 5.97 5.52 4.41 3.81 8.02
5.53 4.17 2.71 2.48 3.76 7.6 9.31 7.73 18.69 12.75 11.05 9.8 11.84 15.59 17.7 16.74 17.97 11.02 8.15 13.28 10.05 16.49 18.88 18.65 10.3 4.2 14.67 21.74 14.49 12.07 8.53 14.84 11.06 11.56 10.74 21.38 23.49 25.65 14.46 9.8 15.99 29.9 16.02 12.93 11.95 5.39 6.34 9.35 9.91 14.69 4.9 9.2 12.91 11.13 6.25 3.21 5.29 5.88 6.84 9.41 4.26 4.92 7.55 9.9
6.5 3.29 1.46 2.34 9.61 6.02 8.6 14.42 26.53 23.38 15.27 9.76 13.22 14.17 12.99 8.15 10.21 5.14 7.37 10.25 8.91 17.78 18.81 8.75 7.91 8.53 10.23 22.6 16.26 9.02 6.37 20.62 10.26 11.67 12.32 22.93 27.21 20.2 10.55 9.32 17.39 22.11 8.39 9.28 6.84 4.69 6.12 11.09 7.68 12.29 7.42 7.52 21.44 10.11 6.43 4.38 4.24 6.87 12.63 7.97 5.2 5.43 5.17 8.52
3.9 4.41 3.53 3.41 4.58 4.92 20.04 14.29 27.54 12.66 13.83 11.98 7.89 18.87 12.34 8.04 4.54 4.64 7.95 5.21 9.4 8.68 10.91 6.49 13.25 16.44 26.96 19.26 12.22 9.02 10.99 13.33 14.7 9.82 13.27 25.14 8.06 4.82 9.69 12.78 11.18 9.23 7.87 5.12 6.57 3.78 5.41 4.35 4.92 7.42 10.24 12.25 10.72 10.82 6.96 6.8 11.1 10.93 4.98 7.94 7.25 6.75 12.35 8.53
4.16 6.22 8.48 6.92 6.92 15.67 16.86 14.97 9.42 13.27 18.24 8.28 10.45 9.6 10.32 7.7 4.42 4.24 7.28 8.19 9.47 9.51 9.18 7.12 15.6 11.46 14.23 15.79 9.68 10.41 9.22 13.66 13.76 9.19 16.03 9.98 6.31 3.84 6.24 18.63 20.02 17.35 12.7 3.89 5.9 5.49 7.09 8.82 10.98 8.94 9.24 13.53 28.7 6.08 5.22 8.09 7.54 14.81 6.61 10.99 8.5 6.68 7.4 7.45
7.56 6.35 10.57 7.68 6.63 14.42 15.99 13.61 8.79 14.98 14.2 13.67 8.17 7.32 4.3 10.06 5.01 3.91 6.17 10.82 11.81 10.83 6.21 8.51 18.8 17.0 13.0 11.48 13.55 9.76 6.68 11.34 14.08 13.54 5.39 4.96 3.88 6.51 10.04 20.0 23.41 19.38 14.27 5.97 8.19 3.61 5.29 7.67 13.34 7.81 8.5 9.01 14.1 6.92 7.12 7.6 11.59 10.76 11.42 14.48 21.03 14.62 16.74 6.23
4.02 3.14 5.25 7.63 8.73 14.36 13.91 8.7 9.53 13.89 11.57 10.09 8.51 8.21 6.73 8.33 10.52 10.26 8.97 16.16 11.68 9.13 6.79 13.72 11.83 15.76 13.03 9.08 20.45 10.99 6.01 4.73 7.66 7.16 6.38 5.67 4.06 6.61 11.33 18.26 18.85 29.05 18.08 6.7 9.36 6.83 10.23 14.41 9.53 8.71 9.24 6.41 8.64 5.31 6.52 6.12 15.23 14.87 16.32 31.21 19.46 19.74 29.25 9.05
3.61 2.76 5.56 5.67 8.56 9.32 14.45 6.9 8.24 12.5 6.08 2.79 7.6 14.4 13.25 8.16 5.38 7.19 10.4 8.95 10.76 7.65 6.16 10.5 14.56 13.54 10.99 5.18 4.83 5.69 4.86 6.09 5.77 8.94 11.46 6.66 7.38 10.64 10.22 16.2 9.54 20.03 19.51 10.29 10.05 17.02 7.0 13.89 8.09 9.98 6.47 9.85 6.38 7.97 8.18 9.03 18.31 12.54 18.43 20.65 32.18 46.42 32.89 21.91
3.2 4.59 5.42 7.6 7.97 13.32 17.33 3.71 11.1 7.94 6.13 6.04 8.61 23.76 17.11 5.65 7.24 9.02 8.55 8.83 11.88 16.77 12.78 9.86 13.4 9.99 10.6 4.66 5.51 4.14 4.42 5.01 8.38 10.72 16.41 10.54 6.01 4.26 8.62 12.21 16.06 20.53 11.18 14.1 8.42 16.2 10.23 7.93 6.02 11.4 7.25 10.14 7.69 12.5 4.82 5.74 11.11 6.14 10.91 17.31 12.34 23.26 26.98 19.29
5.55 10.1 4.33 4.02 4.13 9.35 10.67 4.5 5.35 5.16 5.43 6.05 8.96 15.99 5.78 6.08 7.58 10.02 10.39 14.89 24.99 25.35 10.75 10.41 8.45 6.26 9.17 8.18 10.52 7.2 3.72 5.16 6.58 12.28 17.46 6.04 6.36 3.16 10.18 17.62 13.2 12.82 12.47 7.88 9.72 11.51 8.91 13.09 12.62 14.43 5.74 4.81 7.27 5.24 4.06 4.96 9.56 10.24 7.41 9.5 13.45 16.99 23.4 14.15
5.14 8.7 4.15 5.26 3.64 8.33 8.31 6.16 8.02 9.8 7.81 9.77 7.06 5.68 3.77 5.11 8.69 12.02 4.12 6.5 6.33 12.14 6.32 7.86 4.74 6.98 8.4 14.67 8.55 5.34 3.38 3.85 7.5 17.86 14.77 9.58 5.9 4.51 5.37 9.09 7.57 17.26 6.86 9.48 10.32 19.86 18.7 16.22 17.87 10.0 4.82 3.44 5.07 5.57 3.74 3.61 11.41 12.04 9.43 6.74 6.36 12.26 17.52 10.24
5.92 11.99 7.49 4.58 5.78 7.27 4.59 4.32 6.42 9.38 12.81 7.51 5.58 6.64 3.47 4.85 10.43 7.71 9.13 4.37 8.4 15.56 10.38 10.19 3.47 6.48 12.2 14.64 8.24 4.27 3.56 6.61 7.15 13.19 9.41 9.83 9.71 6.27 4.86 3.41 4.53 18.9 12.66 12.89 7.42 22.62 20.79 15.22 15.38 13.93 4.36 4.02 4.58 3.83 3.59 4.43 6.04 8.04 9.48 11.63 7.68 6.92 9.36 7.36
9.22 11.34 14.15 8.28 5.4 7.6 7.55 6.72 12.15 13.71 21.12 10.56 11.45 4.28 4.14 5.54 10.82 7.11 10.68 5.92 12.39 12.42 12.63 9.02 3.83 4.14 7.05 11.72 5.31 4.85 7.39 3.62 5.78 7.76 9.15 15.68 9.16 9.74 5.74 3.93 4.74 10.93 15.7 10.42 17.02 13.84 9.28 11.47 14.28 6.99 3.68 4.46 4.68 2.39 2.55 3.77 5.96 7.33 8.58 11.99 10.22 3.26 6.72 10.0
10.99 6.63 8.51 7.9 6.91 5.15 4.98 10.66 11.98 6.46 16.91 12.73 6.88 3.75 3.59 5.5 8.72 7.7 13.49 9.75 15.25 10.0 20.47 7.96 7.94 5.17 6.92 6.87 8.01 8.15 6.21 4.32 4.53 5.41 7.46 13.35 17.44 9.36 7.44 2.94 3.89 8.23 10.69 12.46 12.0 8.07 8.38 5.07 8.86 4.44 3.66 3.88 4.94 2.55 3.0 4.99 4.92 6.6 8.69 6.53 7.53 3.67 5.76 9.26
11.46 7.6 5.34 6.83 7.54 5.34 7.69 7.12 9.51 4.71 12.75 10.75 6.9 4.07 3.93 5.76 7.58 7.76 12.78 8.47 14.62 15.23 9.28 5.6 4.95 4.66 8.9 4.45 8.93 11.65 5.71 5.45 3.09 3.2 2.56 6.11 9.1 9.17 10.76 3.86 3.46 5.58 20.43 9.58 12.97 18.61 7.02 5.6 3.56 5.8 5.86 5.28 4.78 4.92 6.45 6.27 6.85 9.39 5.8 5.17 5.69 4.35 6.31 11.44
14.64 7.99 3.19 4.25 5.42 8.73 5.5 4.52 7.14 4.74 5.76 4.04 5.56 5.96 4.77 8.46 8.47 15.76 12.21 13.47 9.53 16.25 14.37 7.81 5.03 8.46 10.94 7.42 7.64 21.02 10.45 9.04 2.61 3.78 2.1 4.02 6.81 13.61 5.92 3.29 3.72 5.57 10.3 10.03 20.82 20.3 10.48 4.7 2.85 5.13 4.43 4.74 6.48 7.76 12.16 13.31 8.88 8.14 8.11 13.21 10.7 6.62 5.05 7.66
16.05 12.19 3.92 3.25 4.47 3.9 4.19 4.3 4.29 4.18 2.54 1.68 1.98 5.58 8.68 5.78 6.56 6.17 15.24 18.86 7.16 18.93 21.71 11.88 5.11 14.43 10.5 9.11 10.99 31.86 19.08 10.9 3.5 4.95 4.53 5.04 9.67 9.76 6.5 5.15 7.04 5.22 7.09 17.86 30.23 13.6 9.9 4.0 4.78 4.56 4.92 10.79 6.77 7.3 11.86 11.7 13.02 7.71 9.42 7.62 6.04 7.93 7.74 6.87
5.51 8.66 6.52 4.06 5.43 4.21 8.19 4.77 5.03 3.44 2.59 3.02 1.58 4.24 14.46 6.96 8.58 7.21 18.73 21.51 19.59 13.74 36.11 19.05 6.01 7.98 11.74 11.1 9.96 45.87 20.58 11.72 2.34 2.23 4.55 7.47 16.6 7.88 3.89 6.57 5.47 7.72 12.46 17.14 24.27 7.69 5.71 9.4 6.77 4.25 8.25 9.6 17.52 18.02 13.96 7.73 5.0 8.31 18.54 11.33 6.4 5.15 9.54 10.43
9.49 10.54 7.24 8.81 7.29 7.14 9.79 8.54 5.08 3.52 3.53 4.19 3.05 3.62 9.29 8.6 8.68 6.47 14.42 30.92 20.03 15.45 24.4 9.69 9.16 6.75 13.46 21.49 20.18 31.19 24.47 9.92 3.82 5.06 6.5 9.57 35.0 23.69 7.1 6.05 8.24 6.93 9.21 12.99 9.99 7.65 7.09 7.52 17.24 10.04 11.27 14.18 11.94 7.3 11.49 6.8 9.05 9.8 11.02 5.06 4.49 9.38 13.43 9.64
8.84 9.5 6.71 9.3 6.75 4.79 4.81 7.79 2.47 1.97 2.84 5.15 3.56 5.4 6.66 6.63 10.86 12.94 23.56 29.43 17.15 18.31 11.35 9.83 11.4 12.02 21.93 13.92 33.69 24.73 12.79 6.3 2.13 2.75 8.62 19.28 55.47 17.63 5.19 3.74 8.07 7.55 8.61 3.93 9.06 6.05 13.67 16.51 11.78 8.31 7.42 7.13 11.56 8.22 13.0 7.24 12.02 7.66 9.9 4.2 3.21 4.7 9.42 12.29
4.76 4.27 6.7 7.08 5.07 4.75 5.09 5.39 2.7 1.56 3.13 4.15 3.62 8.83 10.87 11.78 15.46 14.59 12.82 25.35 10.59 12.9 11.94 16.14 11.87 12.41 14.03 20.85 26.63 12.16 11.01 7.98 5.97 6.15 8.17 34.78 20.54 25.78 8.38 6.03 3.98 4.19 5.65 8.46 12.62 9.35 15.92 12.85 9.96 9.19 9.34 6.41 6.05 7.56 17.62 10.6 7.03 2.79 2.91 3.07 6.94 4.25 9.05 11.84
5.86 2.92 8.02 5.11 5.65 3.77 5.17 3.74 2.82 1.95 4.76 9.1 15.76 12.01 8.82 15.11 11.48 13.81 9.48 8.48 13.03 17.59 16.91 22.47 13.89 6.47 6.24 13.46 18.68 11.66 10.94 6.27 4.14 10.14 15.06 17.0 8.5 13.07 9.22 11.59 3.37 4.98 3.74 5.48 5.68 8.67 11.25 16.07 17.06 16.06 12.59 9.37 8.65 10.34 16.39 6.89 3.14 4.0 4.27 5.65 6.29 3.86 4.21 5.47
5.34 6.87 8.36 6.36 8.05 5.33 8.95 6.71 10.78 6.04 13.17 11.35 16.66 24.85 8.93 10.92 12.81 9.98 4.54 6.13 8.19 20.51 15.09 8.66 7.82 6.39 11.85 10.09 10.67 12.65 8.0 6.57 3.33 3.27 17.46 7.9 4.78 11.02 10.95 5.85 3.05 3.88 2.28 3.88 4.45 9.39 11.59 15.84 15.21 15.58 14.4 8.47 11.61 8.56 11.66 7.39 3.31 2.19 2.63 5.22 4.19 3.02 2.03 2.91
5.45 6.17 7.67 6.45 7.35 10.28 10.63 8.41 9.92 14.32 10.21 23.59 17.29 22.32 13.87 20.91 13.72 10.97 4.88 9.17 6.34 12.9 10.2 9.24 9.67 6.31 10.86 8.63 5.79 7.64 8.4 4.6 2.34 3.8 14.07 12.89 5.76 5.56 6.74 3.9 6.2 5.37 4.09 4.66 7.27 12.4 13.05 34.64 21.5 10.53 9.03 12.98 20.96 8.93 18.4 10.0 4.43 3.29 2.61 9.73 7.28 2.64 4.67 5.53
8.34 6.91 7.16 10.13 13.58 12.02 8.93 8.84 13.54 9.16 12.46 33.58 20.14 26.5 11.95 14.67 10.04 8.72 8.03 7.8 4.8 11.0 10.94 22.7 11.65 7.81 9.12 9.06 7.01 6.02 3.4 4.64 4.86 4.84 18.24 6.28 4.67 3.36 2.23 3.35 4.01 4.13 4.83 5.55 21.59 10.41 11.04 14.32 9.99 13.34 8.34 16.58 12.51 12.11 15.62 17.82 5.97 3.07 2.78 4.83 7.24 7.36 5.05 3.51
9.02 8.45 7.88 8.11 10.07 6.39 12.42 12.15 10.07 17.39 8.42 32.28 27.92 14.95 12.59 7.43 9.74 18.0 14.7 10.58 3.88 9.09 17.44 14.07 9.85 6.62 3.4 5.26 4.48 4.13 2.46 3.82 3.35 3.79 8.56 3.67 3.0 2.55 1.52 3.11 3.84 5.07 7.14 10.01 26.12 14.68 14.05 8.99 14.08 19.93 7.2 6.61 15.6 17.96 12.04 9.19 4.92 4.37 1.71 4.36 4.66 6.05 5.35 3.2
3.77 3.53 6.95 8.23 9.91 10.52 16.17 16.37 19.9 9.62 11.3 33.5 20.66 10.86 7.79 7.8 12.09 14.03 8.39 5.91 7.66 10.94 12.0 6.61 5.03 4.31 6.64 4.92 3.54 4.64 3.3 4.35 5.24 4.18 7.35 4.58 6.0 3.74 3.09 2.15 3.71 3.02 5.16 8.71 23.75 8.99 5.67 9.9 24.2 26.06 6.73 4.76 7.72 26.64 19.29 12.28 9.43 4.16 3.74 4.68 3.62 4.48 8.68 3.85
3.15 4.42 4.02 12.13 8.0 11.55 20.2 25.64 17.83 7.04 9.98 15.54 19.9 7.24 13.86 8.12 16.09 11.4 7.22 10.89 10.68 9.98 10.26 7.75 14.81 10.22 9.48 4.31 6.51 5.26 4.01 3.83 3.61 4.58 7.41 6.15 9.41 5.93 3.08 1.92 2.09 3.38 9.42 11.55 16.16 7.26 8.99 17.47 14.2 13.56 4.65 4.67 7.14 10.47 16.22 13.32 6.15 5.71 4.05 3.33 2.82 4.92 4.95 3.76
2.62 4.22 8.3 18.25 8.15 16.9 19.22 16.38 13.88 8.95 9.17 23.41 10.28 7.66 13.59 7.29 8.0 5.63 5.69 5.91 7.9 4.83 3.26 4.18 6.96 7.81 6.35 4.33 4.73 7.18 6.49 6.17 4.89 7.59 9.11 8.65 6.55 4.6 4.97 2.14 2.52 6.06 10.71 9.47 8.76 10.58 11.04 26.12 9.76 11.29 4.6 5.45 6.43 7.34 5.7 6.23 7.34 4.7 4.59 4.43 4.57 10.37 10.02 4.66
4.58 7.93 8.39 22.45 11.19 23.85 27.72 25.53 18.26 10.26 17.44 16.25 10.27 12.34 8.12 12.35 5.01 5.4 6.45 4.86 5.7 4.09 2.79 4.75 4.78 7.47 6.58 3.09 5.54 4.02 4.29 5.62 4.67 6.31 7.07 4.46 7.74 7.62 6.46 2.17 5.46 8.25 8.99 7.0 9.89 11.37 25.37 30.43 12.06 7.47 5.04 6.64 11.4 7.37 3.3 4.84 4.6 5.75 5.34 4.19 5.63 17.84 16.24 7.26
9.47 6.88 6.15 10.54 9.1 13.86 15.36 9.45 12.93 9.31 27.3 25.58 13.12 9.34 9.17 12.42 9.39 7.25 5.05 2.43 3.34 6.96 4.68 4.54 4.73 7.95 5.82 5.8 5.39 8.11 3.62 5.28 6.72 4.63 5.9 5.13 6.93 7.6 8.97 4.04 4.39 9.11 8.39 6.39 6.55 6.7 14.72 15.55 6.58 4.09 4.32 5.44 12.09 8.74 7.36 1.89 3.16 6.13 8.98 8.44 8.29 15.36 17.45 6.8
9.41 11.92 13.66 5.54 9.35 10.78 13.33 8.21 12.57 10.25 31.6 25.91 15.22 9.25 14.11 7.88 5.49 6.84 6.39 3.3 3.58 5.55 5.7 5.02 3.18 5.05 5.77 3.82 4.2 7.28 5.33 5.58 2.93 3.18 3.7 8.43 4.67 7.26 13.63 5.98 4.86 7.75 5.5 5.41 3.14 3.06 9.67 5.47 2.84 3.26 4.63 3.63 4.48 7.09 6.15 3.05 2.35 4.52 7.81 5.11 7.95 7.68 13.48 7.66
13.21 13.57 6.76 8.93 5.24 12.04 13.37 6.21 8.8 16.28 34.3 19.43 8.1 6.22 13.6 13.52 6.45 2.59 5.77 3.28 2.49 3.71 3.65 7.48 6.19 4.62 6.75 4.87 7.53 10.19 5.25 3.24 2.39 2.3 6.76 9.82 9.0 6.75 5.87 5.94 5.69 4.05 5.51 2.87 3.12 3.21 5.23 6.27 3.52 2.2 3.41 2.66 5.1 9.11 9.47 4.84 4.71 11.82 8.25 5.35 4.51 4.52 4.09 6.01
12.2 16.92 11.98 11.94 6.79 10.28 7.1 9.52 5.34 11.4 10.3 16.47 9.65 11.66 11.28 15.11 5.09 2.98 1.79 3.9 2.93 1.97 2.75 4.94 7.86 3.36 3.41 4.31 8.57 5.61 2.64 3.17 5.76 4.27 5.8 16.54 5.56 7.69 3.03 3.47 5.96 6.77 6.41 3.68 11.29 3.72 8.46 5.54 6.19 8.22 4.39 2.92 3.6 7.75 11.67 8.16 10.7 9.18 3.59 4.85 5.15 9.38 8.23 3.98
8.43 9.07 13.96 9.38 8.51 11.65 4.75 6.24 4.6 6.41 8.65 9.83 12.62 10.59 7.16 12.19 8.33 4.16 3.04 4.82 3.26 3.72 3.38 13.3 8.73 2.95 3.99 4.52 8.21 6.7 3.22 3.25 6.59 13.4 22.27 21.35 15.65 8.42 4.2 6.07 8.08 14.47 9.29 3.98 3.86 5.74 7.51 5.02 4.58 3.28 5.15 4.36 5.11 7.44 12.23 11.8 10.14 10.44 6.04 4.37 4.05 9.56 10.38 11.37
15.81 12.24 17.09 11.0 10.33 7.27 11.32 5.22 8.31 10.58 7.93 13.26 12.02 15.35 11.22 9.5 6.39 5.86 4.55 3.74 2.96 2.39 7.02 6.68 7.14 4.06 4.15 4.23 4.72 4.35 5.55 4.91 7.5 14.9 8.62 18.59 12.47 8.85 8.33 7.08 7.59 17.21 15.08 7.44 7.3 4.77 9.05 6.6 3.84 3.69 4.6 5.3 4.9 7.87 18.2 10.8 9.96 7.76 8.82 11.01 5.28 7.94 7.69 4.96
12.38 10.49 8.95 10.91 13.88 10.01 8.54 7.26 5.88 9.41 18.44 8.27 7.04 9.45 6.37 7.58 8.6 8.93 5.74 3.96 2.91 2.73 5.91 7.21 5.65 2.54 2.23 3.17 5.98 4.39 3.64 5.77 10.34 14.83 14.0 8.31 9.91 7.18 9.6 7.74 4.87 9.47 10.06 10.08 4.69 7.77 7.31 6.93 3.85 2.62 5.08 5.19 8.6 11.42 12.03 12.19 9.9 5.44 9.43 12.41 10.94 7.03 5.34 4.67
7.52 6.58 7.33 8.18 6.37 6.38 11.12 9.03 12.03 11.82 12.34 11.17 3.71 7.42 5.01 9.28 12.92 5.05 4.32 2.95 3.57 2.92 4.39 9.55 7.0 3.51 4.03 3.38 6.91 7.49 10.37 11.57 11.93 19.94 7.77 10.93 12.47 8.48 25.02 8.49 3.72 7.05 13.17 20.36 12.13 9.24 5.08 10.93 5.85 4.39 5.25 8.11 5.98 15.96 13.28 9.91 8.39 4.07 6.28 14.02 10.76 5.43 4.1 5.52
6.33 6.83 5.98 13.07 4.63 6.4 4.6 4.16 7.02 9.89 18.77 9.95 3.86 7.1 7.5 14.9 14.59 7.47 3.33 3.18 3.27 8.17 8.29 13.59 7.36 4.75 3.01 5.73 5.34 5.4 14.98 22.19 19.45 12.47 6.15 6.36 8.6 11.7 9.04 7.62 3.28 8.08 12.07 14.57 9.99 5.35 7.28 11.89 8.19 8.54 4.54 7.47 6.24 12.01 7.8 8.01 3.08 4.84 6.17 11.11 12.26 6.17 4.62 5.98
8.37 4.64 5.17 4.52 3.23 5.57 3.75 4.13 3.49 12.83 16.69 9.58 5.19 7.81 6.36 9.08 12.22 5.98 3.09 2.2 3.89 13.01 6.27 8.59 3.61 4.27 3.77 5.9 4.81 3.59 9.6 14.23 11.29 7.84 7.98 6.12 20.83 16.87 19.99 11.17 6.51 14.21 19.16 15.38 13.64 6.66 5.69 5.22 9.26 7.84 6.65 4.34 4.55 11.17 6.63 6.04 4.64 3.53 3.68 6.07 8.15 6.36 6.5 7.98
5.36 9.27 3.56 4.03 4.74 4.96 5.59 4.59 7.85 9.7 17.51 13.2 11.64 11.32 12.79 8.9 12.34 5.43 2.56 1.7 3.38 7.44 6.93 4.68 2.7 3.22 6.0 5.78 7.08 6.64 7.38 8.87 7.89 6.31 11.77 8.79 11.81 8.57 19.12 15.05 19.35 15.97 16.97 19.93 21.84 9.51 7.25 7.46 9.26 7.14 11.96 6.67 7.85 8.22 8.93 7.53 10.13 7.87 4.55 5.02 5.97 5.25 11.67 6.27
7.66 6.45 5.47 8.07 9.31 7.84 7.36 8.55 8.42 8.06 19.91 16.67 20.7 16.71 22.02 16.71 11.34 5.94 3.09 2.88 5.69 6.4 4.6 2.02 3.48 2.37 4.19 5.92 4.94 4.31 3.86 4.89 12.11 14.45 15.4 15.6 11.34 9.82 11.54 15.72 15.59 5.66 16.61 21.52 17.2 10.97 4.77 9.73 9.01 9.88 8.01 8.27 7.47 8.28 14.88 3.81 6.95 7.23 2.27 2.58 3.06 3.72 5.91 5.05
4.48 5.12 3.63 6.38 8.3 8.17 6.49 7.7 10.71 9.4 13.44 13.65 21.85 14.51 14.51 8.85 5.82 4.57 2.21 2.52 3.93 7.64 4.47 1.81 2.14 1.8 5.98 4.52 6.65 4.11 3.55 4.55 12.97 11.88 16.75 10.11 9.34 6.85 6.98 10.68 10.58 3.53 7.1 6.29 9.41 9.19 5.58 5.23 3.24 11.85 11.67 9.72 8.13 19.16 12.41 5.95 4.45 4.99 4.39 2.86 1.88 2.66 3.3 7.17
6.6 9.52 5.67 13.01 17.24 10.4 7.02 6.06 7.57 19.38 11.63 13.52 9.31 12.33 8.54 4.24 2.47 2.44 2.42 2.75 3.72 4.97 6.66 2.4 2.63 2.89 5.63 4.53 4.13 5.07 7.82 9.36 10.07 9.82 17.16 10.31 9.3 5.14 4.94 12.52 9.48 5.29 3.96 3.85 3.32 4.88 9.69 8.96 6.47 10.1 9.46 14.46 7.95 14.29 11.11 4.1 2.14 5.04 2.69 4.3 2.36 1.29 2.94 4.0
4.01 4.59 7.65 7.69 11.45 7.37 6.12 6.81 14.01 26.66 21.21 9.64 6.76 8.28 5.71 4.87 2.19 3.22 2.44 2.86 5.51 6.22 6.09 9.03 5.0 3.37 10.45 8.45 3.97 5.0 7.64 10.66 6.58 5.07 10.06 13.19 13.84 6.99 8.89 18.82 9.82 4.5 3.86 3.26 3.77 7.52 6.08 10.48 7.51 8.49 9.11 15.6 10.42 11.19 6.11 7.59 6.73 7.16 3.77 3.53 2.38 1.77 3.61 3.86
