10.44 11.77 13.13 13.8 7.88 12.2 11.57 7.31 7.8 4.84 2.95 3.99 3.74 5.71 5.73 3.7 4.36 8.89 8.09 8.63 8.93 6.59 4.28 8.37 10.67 6.06 4.9 5.66 6.78 11.89 11.21 6.8 9.31 20.08 19.07 15.03 5.55 6.65 7.42 7.69 17.23 9.39 8.35 9.45 3.32 3.29 6.76 5.18 11.89 19.03 20.99 38.58 25.81 21.99 30.83 18.1 8.89 15.44 15.98 13.45 7.75 10.76 6.86 14.35
9.0 11.12 18.63 17.21 10.87 7.7 7.87 5.31 5.04 9.2 5.39 7.57 6.53 4.76 2.88 2.32 6.48 7.69 5.45 10.73 9.26 5.92 6.31 6.7 8.1 3.62 3.77 7.32 10.93 13.55 8.15 11.74 11.56 10.21 22.18 17.4 7.21 6.06 10.7 13.83 12.31 9.88 9.78 7.45 5.15 6.42 5.15 7.75 14.74 13.64 9.46 12.11 14.59 23.11 23.63 11.15 10.66 13.0 13.21 11.02 6.65 10.53 14.88 13.67
7.46 9.11 8.47 21.33 11.28 5.77 9.08 10.31 16.7 9.68 7.5 13.14 5.65 2.98 4.99 6.52 6.86 5.0 6.23 9.25 5.37 12.09 7.74 6.04 7.32 3.64 4.16 8.23 8.16 8.78 11.25 9.89 15.05 9.91 24.85 15.41 7.47 7.74 7.06 13.49 17.15 13.69 12.41 10.77 8.58 7.12 9.51 6.54 8.22 11.04 13.97 16.83 22.18 23.08 29.92 7.74 15.47 18.93 8.66 11.74 7.76 10.6 16.95 13.71
3.77 3.82 9.54 15.76 23.04 15.71 9.39 13.58 25.46 8.52 3.75 3.05 2.97 4.37 5.76 12.07 4.12 4.41 5.54 5.72 12.25 9.66 16.22 10.51 7.17 2.11 4.99 4.08 5.83 4.56 7.54 16.37 18.3 15.5 16.03 8.82 8.17 7.8 3.25 14.28 14.58 8.22 14.17 8.38 7.43 7.22 6.05 9.91 19.29 9.87 12.77 18.36 14.96 18.64 11.64 8.49 15.48 18.72 12.53 13.35 9.19 8.11 8.68 12.83
7.56 3.83 9.25 20.05 14.7 9.98 13.62 10.73 12.28 7.53 4.02 2.65 3.87 5.21 11.29 6.51 4.93 4.52 4.63 6.93 6.81 9.04 19.57 6.01 5.74 5.01 3.01 3.19 3.44 4.31 8.92 12.63 18.32 26.03 13.89 9.89 8.03 11.58 11.55 8.44 4.2 5.12 9.6 16.35 4.93 8.58 8.38 15.74 18.22 12.52 8.03 7.84 8.97 9.69 11.81 19.13 7.77 12.22 12.66 7.9 14.21 7.53 9.4 9.56
5.91 8.5 9.93 7.65 6.4 9.96 13.99 6.77 10.64 4.56 4.19 4.23 4.76 7.6 8.68 12.19 8.22 6.69 8.32 6.01 5.99 14.65 9.17 10.72 7.44 6.04 4.16 3.36 6.92 6.48 4.88 7.19 12.08 13.44 10.07 9.74 7.81 11.16 3.67 4.48 3.73 5.59 10.86 15.49 7.52 7.92 9.06 9.59 16.87 13.96 10.63 5.26 8.96 5.0 12.94 9.86 11.66 12.54 5.47 9.44 14.49 5.38 5.76 7.27
6.54 8.69 8.35 3.75 4.89 8.34 8.15 6.04 5.92 4.23 4.54 3.8 6.88 12.18 6.34 11.0 8.39 10.08 8.11 13.5 10.89 10.32 12.89 13.77 9.14 7.99 8.09 3.7 8.74 6.75 4.72 4.94 9.9 10.16 9.48 7.81 6.92 4.96 4.74 3.2 3.11 4.71 4.71 5.26 5.94 4.76 12.49 10.34 10.18 10.86 9.35 5.65 10.54 9.93 20.86 12.89 17.46 9.62 6.9 6.06 11.76 12.45 7.4 4.29
12.63 10.79 13.56 5.85 6.65 9.41 10.14 10.83 5.22 6.67 7.62 2.86 3.77 6.23 8.54 18.8 9.93 6.85 10.49 14.61 9.08 14.76 12.31 12.95 11.6 5.04 7.85 6.05 8.98 12.69 7.87 7.16 12.85 9.69 11.99 7.52 8.77 7.0 3.42 2.42 3.62 2.72 2.5 4.78 4.95 5.96 8.78 7.38 15.59 9.93 8.18 7.52 23.98 13.48 20.58 23.29 27.84 15.33 7.79 7.86 8.41 11.3 6.56 5.42
3.94 8.04 7.54 6.89 13.84 12.13 8.6 5.55 6.13 5.85 4.54 7.66 5.6 7.44 9.99 13.55 7.95 7.99 7.59 11.63 13.38 15.28 9.57 11.55 7.18 5.23 9.64 6.37 6.99 6.35 7.92 5.12 8.54 14.63 18.55 12.42 9.78 5.24 3.01 4.44 4.5 3.14 2.14 2.64 3.31 2.48 7.93 15.15 12.04 6.55 9.58 5.22 7.35 13.05 29.61 19.7 19.72 8.45 6.27 12.21 9.74 9.06 3.69 3.4
5.17 9.93 11.06 9.46 6.15 5.12 10.45 10.31 5.18 6.88 9.31 5.26 4.56 15.19 11.54 11.89 11.41 7.55 9.89 11.77 14.71 12.47 16.31 16.12 6.98 9.66 13.71 6.68 6.94 9.71 8.08 4.67 7.08 12.0 14.39 7.3 7.95 4.63 6.24 4.62 4.55 4.14 2.35 3.99 4.84 3.58 5.96 7.48 5.67 5.07 12.39 10.61 7.69 16.88 29.52 16.65 16.41 9.66 8.4 8.65 6.07 5.86 3.06 4.7
7.63 8.31 5.48 8.87 9.41 6.3 12.27 5.03 8.96 9.88 5.48 4.01 7.32 7.21 7.54 8.28 9.45 14.01 7.31 19.83 21.9 14.28 12.96 16.21 13.67 12.2 9.91 8.91 10.28 4.55 7.32 6.75 11.64 15.38 8.21 8.33 5.74 4.57 7.35 8.5 4.73 7.18 3.43 3.36 2.88 2.44 6.44 9.3 8.7 3.58 9.0 8.69 11.08 6.93 15.17 13.98 15.17 12.49 6.99 10.49 8.13 3.96 5.71 4.12
5.39 10.91 17.55 10.71 9.51 7.14 10.21 9.44 12.4 11.08 6.84 9.74 5.54 10.3 7.0 12.37 5.78 5.61 6.31 11.31 16.85 22.65 19.7 10.0 12.79 8.59 12.59 17.54 9.86 7.78 8.26 8.12 13.38 18.27 17.02 12.74 10.06 19.54 11.05 7.89 7.39 7.68 5.9 1.59 4.24 4.16 9.03 8.57 12.55 8.98 7.06 4.87 9.02 5.45 10.56 12.55 7.83 7.31 4.46 5.9 8.92 5.48 6.41 4.64
8.3 12.55 16.38 15.73 10.64 6.22 11.67 22.14 10.61 12.78 7.05 6.8 14.7 9.66 5.14 14.33 6.85 6.55 7.21 7.57 17.1 11.89 14.71 12.23 9.34 8.18 14.31 17.51 10.29 6.71 7.36 13.13 15.44 22.51 30.21 22.43 15.71 11.41 17.47 16.82 7.63 5.1 4.94 3.26 8.16 8.14 6.54 8.45 11.4 8.72 5.14 8.8 11.65 3.91 4.81 6.37 8.02 4.47 4.41 10.23 11.59 13.1 7.37 10.38
4.17 7.41 16.27 18.38 12.52 6.07 6.11 20.19 10.17 6.27 15.94 13.82 12.47 6.6 7.52 7.82 4.35 6.54 6.74 5.26 4.18 9.13 12.41 9.06 8.9 8.81 11.53 9.5 9.87 10.98 8.93 14.37 20.46 27.47 38.81 41.3 15.39 18.82 17.06 12.33 6.23 7.82 4.45 3.16 2.1 4.69 4.88 9.05 15.7 6.79 7.27 5.37 5.66 5.37 3.43 6.91 7.37 4.65 5.38 6.44 8.78 19.45 12.91 13.4
5.68 13.96 14.19 10.08 13.9 4.5 6.87 14.71 7.41 11.78 14.23 9.28 7.67 8.41 6.11 9.32 3.89 7.57 5.78 3.12 6.42 9.71 6.49 6.87 4.91 6.33 11.2 6.91 11.58 8.84 13.43 37.81 22.13 25.84 25.51 31.41 28.0 17.79 15.25 15.15 5.94 7.67 4.44 3.15 4.34 6.04 8.02 7.55 9.19 6.88 10.09 6.41 6.11 5.13 4.27 3.2 5.83 7.71 8.19 5.81 5.48 11.28 14.86 19.11
7.91 6.63 4.9 4.87 2.75 4.4 10.43 7.97 6.68 9.26 10.28 11.41 7.21 8.77 11.76 9.16 8.92 8.87 7.56 3.34 4.96 8.74 6.51 6.77 6.75 11.06 10.78 5.35 8.02 7.64 17.87 32.52 30.29 18.45 11.94 17.75 17.25 10.67 10.21 12.62 7.27 6.69 3.95 2.62 2.15 7.53 11.77 5.81 8.08 9.54 15.62 5.03 6.77 8.15 5.23 4.44 6.21 3.75 7.22 7.18 5.72 19.84 16.62 11.5
7.37 7.14 6.73 4.53 5.15 6.35 5.2 7.16 11.32 6.08 6.7 13.07 8.3 6.21 6.79 13.82 7.19 9.58 13.92 7.66 6.73 9.65 15.54 15.44 13.11 11.34 8.6 7.14 7.25 12.23 33.88 23.51 16.07 12.27 6.17 21.21 15.88 11.76 7.1 5.18 4.61 8.17 5.48 4.17 3.6 6.27 8.26 5.67 9.76 10.55 15.38 11.12 11.3 14.04 11.13 7.46 8.63 8.91 5.26 6.79 10.74 11.31 17.97 9.41
7.64 9.17 5.72 5.45 6.63 7.33 6.28 8.46 10.38 6.51 3.9 7.63 7.63 8.06 10.56 9.6 8.62 6.96 9.68 17.59 10.57 10.49 10.5 11.5 7.47 9.47 6.3 7.27 3.56 14.82 21.4 10.41 23.05 14.87 16.99 25.7 9.69 7.4 6.78 5.73 7.5 9.29 5.2 4.12 5.02 7.67 7.06 12.44 15.01 6.54 9.56 14.95 16.85 16.77 10.75 6.19 14.47 8.41 5.34 9.84 8.52 7.93 14.76 13.79
7.51 6.66 5.21 7.22 13.94 7.82 8.87 10.0 6.32 5.67 7.09 7.85 8.84 7.28 10.62 15.73 6.55 4.84 7.6 9.87 6.22 10.72 11.33 9.82 8.86 7.27 4.3 4.25 4.36 14.04 36.45 10.08 9.17 13.54 11.9 11.07 9.01 8.29 9.41 12.67 3.98 7.96 7.16 6.97 9.36 11.56 15.11 12.93 15.97 9.67 7.4 10.1 9.18 5.86 8.84 8.04 10.78 5.07 2.79 6.23 4.67 6.09 4.68 9.06
5.46 6.32 10.11 4.91 11.28 11.79 8.85 6.87 10.98 16.47 8.61 6.65 7.28 9.47 7.07 7.4 4.65 6.38 5.88 10.63 8.24 18.82 8.05 3.67 9.75 4.71 4.2 7.77 6.92 21.32 8.63 3.82 7.3 10.82 8.29 8.9 9.43 11.6 7.42 7.05 5.95 4.88 7.23 6.86 10.4 8.76 9.33 12.1 20.74 12.29 12.53 7.14 4.19 8.82 8.54 7.79 10.97 5.02 2.31 2.8 7.02 5.61 7.3 6.48
7.16 8.76 10.17 9.74 11.45 8.13 7.52 21.18 10.8 33.0 15.62 4.81 5.59 8.91 7.58 4.94 4.46 5.16 5.95 7.36 5.4 4.81 4.45 3.37 5.32 8.74 6.33 8.55 8.89 13.03 9.76 8.7 4.29 7.45 10.78 5.18 8.02 5.78 7.85 6.18 3.42 2.42 6.38 5.68 6.81 5.27 6.25 12.8 15.9 14.66 12.2 4.54 9.4 6.79 5.36 5.91 4.95 5.32 7.19 2.73 5.79 10.13 8.87 5.83
12.69 16.96 7.79 10.28 11.65 11.32 9.68 7.37 22.12 19.89 14.71 11.62 8.92 10.72 7.28 3.07 5.54 5.91 7.25 9.49 6.49 5.7 2.26 2.07 4.31 6.83 5.68 7.79 10.0 11.76 16.22 6.53 11.28 6.54 3.81 9.36 10.89 11.01 5.53 2.93 2.74 3.21 6.59 12.16 9.55 10.02 4.48 9.0 29.03 22.19 7.98 4.62 7.09 4.35 2.8 5.54 7.74 7.99 5.32 7.33 11.98 12.02 8.91 15.78
12.69 12.86 15.28 10.39 10.02 6.32 3.19 5.29 22.21 12.71 21.22 13.83 10.51 9.69 6.69 7.78 5.11 5.67 13.52 9.28 4.18 3.39 3.52 3.15 1.5 4.17 9.92 14.57 12.68 10.16 7.18 11.7 5.25 4.56 3.79 4.76 3.07 8.37 6.51 2.68 2.11 2.35 3.18 5.78 4.94 5.41 5.93 13.33 18.26 10.41 8.48 5.22 4.66 5.84 4.54 5.51 3.43 3.77 9.22 12.3 12.46 19.53 13.34 11.23
16.52 19.82 18.22 28.14 10.31 5.61 8.18 6.05 8.54 7.5 7.37 10.11 10.47 8.11 8.15 6.41 4.91 6.92 12.43 15.95 5.54 5.83 3.11 3.37 2.75 2.4 3.71 10.77 16.36 9.62 8.17 6.74 5.11 4.81 2.52 1.82 2.26 7.74 6.04 3.3 1.68 2.12 1.69 2.64 4.72 4.27 7.64 8.97 10.88 6.48 6.83 5.89 4.46 3.21 6.2 7.82 5.71 5.13 11.49 18.65 15.41 14.22 19.78 18.56
13.32 25.35 17.96 11.92 14.88 7.75 8.89 7.32 6.89 6.74 10.65 20.45 10.47 7.1 6.03 6.37 7.08 7.81 11.27 9.07 6.14 4.27 2.44 3.47 2.34 1.41 1.99 4.88 10.0 6.6 3.84 7.24 5.88 2.63 2.94 3.29 4.12 5.56 3.91 3.57 1.57 1.75 2.86 1.67 3.9 5.56 10.23 8.39 5.39 9.17 18.03 11.67 3.91 6.78 7.03 6.14 8.88 6.11 9.02 14.73 10.26 19.62 29.76 17.58
10.95 18.5 11.86 13.88 10.48 9.05 9.31 6.25 4.29 8.32 12.99 17.68 16.92 7.04 6.08 7.62 13.2 10.86 6.58 6.86 5.24 5.8 4.8 3.23 3.68 2.99 2.22 5.9 6.2 3.14 2.64 5.04 5.08 3.94 3.63 2.45 3.93 2.44 2.07 3.66 2.78 4.58 3.45 1.97 4.38 12.53 12.97 12.97 7.93 9.78 12.74 12.0 7.55 6.25 7.72 5.2 8.5 7.32 14.21 9.35 13.88 14.08 10.19 13.21
6.48 7.96 7.16 11.25 10.93 8.5 5.96 5.3 4.36 4.98 10.39 17.11 29.27 8.6 6.99 4.96 7.97 8.39 6.25 10.15 9.14 7.9 6.33 5.03 3.28 3.58 4.03 5.11 6.51 2.12 3.22 2.87 4.39 5.14 4.17 3.78 6.13 2.3 2.47 5.0 2.18 3.39 3.06 3.91 6.51 16.84 10.09 8.06 6.46 10.97 19.74 15.63 16.4 8.22 5.44 10.14 24.32 32.07 8.01 7.3 11.17 7.35 10.52 15.72
2.77 4.28 9.29 11.03 13.05 5.08 5.55 5.56 7.5 2.96 7.9 16.33 17.47 5.83 2.77 4.11 7.36 3.56 6.86 9.8 5.41 5.69 10.36 2.95 2.65 6.66 5.64 3.76 3.45 2.65 2.81 1.75 2.33 6.68 6.15 6.55 4.29 4.07 3.16 3.28 2.64 3.15 3.01 5.82 8.51 12.13 13.36 10.9 3.97 9.51 15.4 24.6 20.28 10.19 11.52 15.32 14.12 10.38 6.9 14.14 10.99 5.38 8.42 8.29
4.21 4.06 9.61 6.25 3.73 5.31 3.75 6.96 7.48 4.38 11.5 11.03 14.61 7.57 3.87 3.99 5.26 3.33 5.64 6.96 6.51 13.94 6.53 4.04 3.82 6.85 4.74 3.84 2.05 3.85 2.85 3.25 4.38 6.85 14.11 8.82 9.92 9.58 5.67 4.12 4.38 4.16 5.82 12.35 8.82 13.86 10.94 15.16 9.89 12.71 13.57 12.05 11.83 6.13 17.42 14.61 18.47 11.09 17.9 6.84 8.07 5.28 5.77 6.02
4.77 2.83 3.66 3.39 5.73 7.28 5.16 8.15 6.26 4.59 18.79 23.65 17.42 12.28 5.27 2.12 2.67 5.35 3.62 8.17 6.96 11.01 6.1 6.51 7.99 9.15 8.44 5.77 4.61 5.15 6.26 3.57 7.06 8.68 8.88 9.07 12.04 11.06 12.49 5.6 4.52 4.54 5.19 10.8 8.65 6.0 11.6 9.6 6.21 5.71 13.75 10.71 8.69 5.21 10.38 8.18 10.79 12.84 14.6 10.5 7.31 4.67 7.34 4.08
5.8 7.13 6.93 2.98 6.27 7.83 8.97 6.67 8.46 9.97 20.05 14.77 13.96 12.47 4.57 3.26 7.5 7.27 7.39 7.19 9.05 11.85 10.01 19.13 13.02 7.89 7.07 5.91 7.21 7.65 8.53 7.69 9.96 7.26 21.59 25.99 12.34 13.71 7.43 4.18 8.51 10.51 5.5 5.85 6.51 3.75 2.99 6.05 8.6 10.04 8.44 4.95 4.36 5.97 6.52 4.98 11.71 12.58 18.77 14.16 9.07 13.29 8.61 4.59
9.48 6.67 6.47 6.66 6.51 4.0 5.64 5.26 9.91 8.92 17.76 17.32 15.66 11.72 6.69 4.26 8.33 13.7 8.8 11.38 11.91 6.86 4.86 10.47 10.55 11.3 10.16 8.03 11.42 5.8 14.59 21.67 9.24 11.66 18.73 26.3 11.14 5.25 8.24 5.85 3.27 7.77 5.0 6.57 9.82 3.63 4.24 9.25 17.68 12.79 6.09 8.72 10.72 6.39 5.79 6.26 13.21 13.42 17.89 18.05 13.54 7.49 7.21 11.97
6.63 5.56 4.37 4.73 8.28 5.0 6.29 6.01 12.75 4.95 12.69 18.44 15.46 12.61 8.06 6.47 7.76 12.32 12.95 12.72 8.86 8.43 8.4 13.81 15.51 14.11 19.59 18.21 18.13 10.14 10.08 9.36 9.01 12.95 10.19 17.34 12.32 7.69 5.95 2.23 2.26 6.15 7.08 8.31 8.75 3.65 5.49 8.64 15.55 12.92 5.23 5.81 13.26 8.98 5.45 7.61 13.86 21.02 29.48 22.04 20.27 5.25 6.6 9.32
4.51 5.09 5.67 5.41 7.46 10.57 13.78 10.79 11.86 12.59 20.29 18.46 22.13 16.69 9.81 5.85 6.66 16.86 13.78 6.18 7.56 10.34 14.42 18.34 16.16 22.11 15.63 26.92 22.17 10.82 8.26 12.02 11.02 10.21 7.88 10.35 12.31 11.67 8.13 5.12 3.4 5.2 5.18 5.28 4.22 3.48 3.5 6.34 8.75 11.07 5.66 7.95 9.52 4.35 18.79 11.65 14.59 22.26 32.8 11.05 6.75 5.99 5.77 8.76
4.95 5.71 5.94 8.76 15.32 15.57 15.57 30.92 15.8 11.74 42.41 21.49 13.44 11.99 9.72 8.87 6.17 16.41 12.36 16.41 9.82 14.95 6.62 7.35 9.68 13.23 17.36 31.8 24.24 9.04 4.19 5.93 13.79 6.25 5.92 8.36 7.44 7.25 6.4 9.71 8.38 11.52 5.19 4.84 4.92 7.33 7.31 4.22 5.97 5.31 11.82 6.74 4.39 3.87 10.13 6.93 11.18 15.67 19.97 9.53 5.15 8.32 4.31 8.47
3.71 6.87 5.03 5.24 15.8 15.01 12.93 25.28 14.88 31.79 40.08 13.09 19.03 14.81 11.72 12.75 10.37 18.35 11.87 9.94 13.15 11.63 11.91 10.25 16.63 13.72 14.31 17.59 28.95 9.96 5.01 11.6 12.06 8.17 6.01 8.04 13.64 11.77 7.21 7.4 16.38 14.57 12.31 15.6 6.96 7.67 8.84 5.69 7.59 12.75 14.85 7.38 4.53 3.72 4.1 7.64 10.09 19.69 12.57 9.73 8.64 5.52 3.05 3.92
3.62 4.52 9.25 9.42 14.11 13.59 14.9 20.82 14.09 12.49 15.75 18.61 30.7 11.55 13.58 12.09 7.78 4.53 8.04 12.6 10.68 11.88 11.23 13.02 12.74 12.88 24.27 32.9 25.33 9.85 9.25 11.77 13.39 6.47 7.76 5.64 6.65 12.31 9.58 16.18 11.51 11.56 23.17 27.49 6.89 14.01 5.84 9.21 10.17 7.64 6.12 6.91 5.93 4.83 6.03 11.01 10.44 6.3 11.23 8.95 5.28 8.21 3.24 2.68
3.0 11.26 9.17 6.82 13.64 12.08 16.41 18.21 17.62 12.29 14.23 27.34 21.31 10.83 10.86 10.32 6.1 4.91 5.3 9.8 15.54 18.53 12.76 10.03 8.21 14.79 16.15 12.03 13.8 12.08 10.22 7.68 8.01 6.7 8.14 13.69 12.42 16.48 12.05 10.23 10.02 14.11 15.59 19.64 10.37 12.65 8.73 7.08 4.83 5.96 6.95 8.3 14.47 6.94 8.03 11.76 9.59 4.98 7.34 10.37 11.29 5.3 2.56 4.54
4.05 3.34 4.32 6.7 6.13 14.59 17.48 17.25 17.13 10.02 9.77 21.78 13.27 9.1 7.64 8.37 4.87 2.94 5.15 14.01 17.06 12.53 15.59 7.92 8.72 10.69 12.0 7.75 5.98 9.0 13.13 8.5 9.67 5.27 6.28 21.71 10.12 10.09 10.05 9.92 16.74 12.57 14.27 23.22 6.02 13.12 16.74 11.95 7.62 12.12 26.52 22.53 9.4 11.26 19.11 11.14 7.85 4.94 6.79 6.77 4.41 4.37 5.24 5.08
2.56 2.95 5.03 5.37 7.03 11.1 14.07 11.47 14.58 13.88 14.63 7.14 7.75 6.13 5.62 7.67 7.34 6.23 8.08 6.46 16.28 27.0 13.22 13.41 14.45 15.84 8.08 4.99 5.11 9.1 8.57 7.23 12.47 9.22 7.86 12.72 8.69 7.65 8.4 18.85 13.55 13.21 8.44 9.14 9.01 11.14 9.26 14.08 13.34 24.4 21.09 19.37 14.44 9.57 11.01 9.62 4.77 7.24 11.75 5.78 6.08 9.99 2.72 4.51
5.18 4.44 5.26 6.88 11.92 12.33 27.07 13.44 12.35 9.86 11.54 11.68 10.23 7.43 4.71 7.05 7.7 7.63 7.63 7.04 13.78 23.77 15.56 21.41 27.53 7.73 8.77 8.22 3.88 7.24 10.03 10.29 8.01 11.04 9.69 12.2 9.21 9.88 8.59 14.38 19.58 10.93 4.66 7.02 6.26 5.37 10.78 8.7 13.55 27.55 31.8 25.15 11.51 14.27 12.7 7.05 8.08 6.07 7.13 5.68 5.08 5.03 2.81 4.77
4.21 6.93 15.97 11.58 12.47 11.89 17.34 12.95 8.27 9.14 12.21 7.2 11.21 8.33 4.17 4.42 8.52 9.96 12.63 12.77 10.13 14.87 11.81 10.08 10.65 6.33 9.12 6.13 2.65 5.19 5.92 7.47 4.71 7.98 12.54 4.51 9.73 8.4 6.58 11.51 14.81 7.99 3.01 3.94 6.24 10.99 8.84 11.52 10.78 15.95 19.36 16.42 31.01 15.62 7.15 15.1 11.21 4.4 8.67 4.67 4.13 4.62 3.19 11.64
5.36 12.37 8.43 6.38 9.16 4.69 15.12 15.91 9.19 13.07 14.09 6.95 7.35 5.95 9.8 9.91 9.72 10.28 7.71 13.98 6.99 8.85 9.96 10.72 10.94 9.57 9.15 7.05 4.6 6.12 6.66 5.89 6.5 11.41 8.71 6.56 5.51 9.03 6.13 8.59 6.83 7.07 3.35 3.32 5.13 7.32 9.27 9.34 15.11 8.76 14.13 17.61 34.09 14.53 14.39 16.05 6.03 9.3 7.72 6.85 7.19 5.46 3.82 10.45
5.25 10.1 6.32 5.07 4.85 10.21 17.96 13.2 12.53 12.87 13.33 9.56 4.82 9.15 9.79 6.53 7.55 8.65 7.86 11.24 9.91 9.03 9.21 6.9 9.96 19.32 9.2 6.54 6.72 7.57 8.67 8.7 6.83 7.26 5.33 3.16 3.95 11.5 8.4 8.38 11.67 5.67 2.54 2.61 3.53 2.79 6.34 9.61 7.93 11.93 11.41 7.01 12.82 7.0 9.53 15.4 9.37 9.29 5.42 7.38 5.33 3.1 5.62 7.25
4.89 10.61 12.99 8.03 3.09 9.55 26.03 19.05 13.45 13.18 19.82 8.14 12.88 11.68 10.09 5.57 8.26 8.84 9.14 8.89 7.85 8.07 6.87 4.31 11.83 16.14 5.9 8.29 10.11 7.78 11.49 7.29 5.5 3.64 4.08 6.16 4.18 7.96 10.23 7.17 9.59 3.96 1.8 2.09 1.63 3.85 7.94 5.68 6.67 12.07 6.4 6.85 10.03 8.84 11.49 11.97 7.08 13.58 7.85 4.49 3.52 6.48 3.36 4.19
10.55 12.53 8.16 6.79 6.72 8.9 23.84 16.18 17.56 7.3 8.53 8.98 11.52 10.33 9.58 6.91 8.31 6.04 4.16 4.07 5.12 4.98 4.81 8.81 11.23 9.48 6.44 5.94 14.49 14.43 8.54 12.13 7.88 3.05 5.11 11.35 4.47 4.17 3.73 6.69 5.84 7.1 5.0 4.8 4.0 2.97 5.25 13.3 6.53 5.5 7.66 7.19 13.3 11.91 7.4 11.74 14.34 17.61 8.42 6.4 6.54 3.91 4.43 6.76
6.63 14.29 10.84 9.44 7.86 10.38 14.64 17.15 7.93 10.25 11.84 17.19 8.14 8.36 5.84 7.28 7.47 2.6 2.89 3.24 3.99 4.3 5.12 6.03 9.59 10.22 5.89 8.78 6.53 6.95 7.89 7.27 7.78 8.87 7.54 7.21 5.31 4.48 6.04 4.7 10.16 8.7 4.49 2.87 2.39 3.43 6.37 6.12 4.17 5.02 4.03 7.46 10.11 12.72 8.63 5.31 12.69 9.43 12.81 12.96 5.74 5.95 4.36 7.94
12.61 17.07 7.53 13.94 10.0 13.82 16.32 18.79 9.44 12.03 11.04 10.53 12.05 5.42 8.11 11.58 6.54 2.94 4.74 4.35 5.81 5.84 4.7 7.94 7.34 4.86 6.69 5.28 6.45 8.18 5.14 4.22 5.44 4.53 6.43 6.26 12.02 2.87 3.86 8.39 4.26 5.56 3.91 2.88 3.71 3.8 2.03 5.94 6.88 3.41 5.83 8.92 6.28 5.78 5.41 10.96 7.4 4.56 7.38 8.4 5.88 6.64 5.45 15.23
7.62 9.66 5.81 12.26 14.65 9.59 10.99 12.07 12.83 12.7 11.08 7.53 7.04 6.85 7.95 6.92 6.06 3.12 7.89 8.03 5.03 4.02 6.28 2.94 5.52 6.69 3.53 2.02 4.07 4.5 4.32 3.93 3.34 5.22 3.76 1.98 4.22 4.99 6.45 4.23 3.23 3.62 1.39 1.5 3.27 5.33 6.16 8.37 3.98 6.76 5.64 5.73 6.23 10.49 6.0 7.49 5.0 5.26 5.84 9.0 9.69 9.41 17.19 6.82
13.85 9.12 9.25 11.11 11.31 9.18 5.66 6.51 16.01 19.47 18.88 5.89 9.27 12.64 7.24 6.44 6.05 2.1 7.75 3.97 5.84 7.13 2.62 2.86 6.11 4.15 5.31 6.56 6.34 5.62 6.03 5.16 5.54 4.05 6.61 3.63 6.34 4.14 3.05 6.94 4.78 2.22 2.04 2.67 3.42 5.15 5.8 13.77 8.84 8.29 5.44 8.76 8.84 8.51 10.72 4.27 4.19 9.86 11.09 9.01 7.4 15.64 13.47 9.15
7.13 3.92 6.4 9.11 15.14 8.13 5.22 6.56 11.74 11.3 28.52 11.05 12.56 8.27 9.4 4.89 8.28 6.49 4.25 4.65 5.74 2.56 2.71 2.82 4.12 4.21 5.02 4.09 4.43 11.25 15.27 11.96 11.7 10.33 8.82 5.86 3.12 4.6 10.9 8.23 3.51 4.84 2.96 3.12 4.55 7.91 6.35 6.71 13.12 9.86 4.73 8.03 5.55 5.11 5.3 3.53 3.81 6.46 6.87 9.22 12.53 14.97 14.26 13.01
4.48 4.68 7.05 5.67 11.76 8.41 5.71 8.81 12.81 19.9 25.11 7.67 8.88 11.35 8.78 8.82 8.16 5.46 5.53 4.03 2.59 3.63 2.37 3.62 2.82 2.35 3.88 7.58 7.46 7.89 9.21 17.11 12.76 17.82 13.92 6.42 2.85 4.99 9.31 7.61 5.97 3.42 2.77 2.85 3.74 6.03 8.04 7.68 8.24 8.48 8.3 6.91 6.65 6.54 4.26 3.12 2.8 2.58 4.18 6.7 15.09 11.12 26.58 19.91
4.56 3.58 3.45 7.12 10.91 8.81 6.44 9.05 10.43 10.71 14.03 6.11 6.3 4.36 6.54 4.92 3.7 6.68 8.51 5.64 2.97 2.01 2.42 5.81 1.77 4.86 6.91 7.81 4.91 4.12 14.03 13.29 23.53 28.46 16.56 7.39 5.83 3.98 9.52 7.85 6.28 4.69 4.95 4.44 6.16 4.22 5.27 5.05 5.35 6.09 7.03 7.0 6.85 3.53 4.09 2.39 3.05 3.32 8.72 11.7 9.99 12.03 20.68 31.2
6.23 6.5 3.65 3.23 12.51 15.66 16.52 9.26 8.86 8.38 11.15 3.73 4.13 4.22 5.41 3.67 3.61 4.57 3.92 4.18 3.92 3.12 5.58 4.4 4.06 6.3 8.05 5.63 7.08 4.16 10.79 13.37 26.67 20.73 7.43 8.32 11.23 7.76 19.95 22.17 9.24 6.97 4.51 2.6 5.23 5.3 3.34 2.68 3.87 4.63 5.31 3.69 4.27 3.98 2.67 5.13 4.5 4.95 9.99 10.87 11.64 11.85 9.82 15.11
11.3 14.53 9.17 9.31 14.98 19.41 17.66 8.31 10.85 7.73 6.43 6.5 4.33 2.34 7.69 5.65 6.45 10.93 7.37 3.95 7.73 10.91 9.27 8.27 8.76 8.12 5.23 17.08 10.22 4.73 6.22 6.65 12.89 17.04 6.93 8.31 16.82 8.76 22.72 20.22 12.54 9.9 7.63 4.58 4.48 5.16 3.08 2.99 2.0 3.68 4.32 3.59 5.49 3.77 4.51 9.04 11.48 10.7 8.1 5.68 18.33 10.71 6.81 12.1
7.15 18.35 14.22 14.32 7.05 16.6 13.46 13.18 6.72 4.02 7.4 5.4 4.67 3.96 5.17 5.34 7.68 8.59 9.23 7.43 6.94 7.98 5.43 10.71 14.1 15.36 7.3 10.78 5.4 4.58 6.83 4.81 14.5 10.72 5.88 4.41 7.42 13.01 17.36 14.52 6.87 11.2 9.78 5.28 5.62 6.56 3.65 2.28 3.02 2.92 4.34 7.24 8.41 6.0 7.06 7.67 25.46 16.94 8.63 8.19 14.01 28.09 10.95 14.03
8.26 28.78 17.44 22.32 13.5 8.06 13.55 14.62 5.91 7.03 7.54 5.67 5.45 2.32 4.11 14.26 7.86 4.72 4.57 6.89 6.2 12.2 9.58 10.49 23.23 18.38 9.04 9.85 8.83 7.73 6.25 5.2 4.43 4.24 5.7 5.19 13.54 15.05 16.4 9.28 8.15 15.96 8.92 9.41 7.8 9.02 7.47 3.8 2.76 4.66 6.04 8.95 8.04 7.46 6.02 12.95 28.93 13.9 11.61 11.99 15.91 13.77 8.87 13.19
6.69 18.59 13.39 15.16 11.09 16.07 14.46 11.82 7.19 8.26 8.86 9.58 4.23 2.25 5.06 12.6 8.89 5.5 10.3 7.98 5.12 13.38 7.81 10.06 20.44 17.58 21.81 11.88 5.79 6.04 5.96 3.93 3.1 5.65 8.78 5.55 13.34 13.59 9.01 9.26 16.4 10.23 9.49 8.84 6.61 13.95 8.98 4.6 4.98 5.84 9.54 8.97 5.65 8.08 9.01 9.02 9.41 7.92 15.77 8.71 7.98 9.82 4.56 4.99
10.32 16.81 15.74 22.78 31.4 20.98 13.83 12.0 7.92 8.49 6.15 5.06 5.84 6.45 7.01 13.15 13.68 7.01 9.6 9.32 9.85 7.8 7.12 9.63 14.78 15.76 21.67 7.83 12.56 10.08 9.89 4.04 4.4 2.83 3.92 4.23 7.24 5.79 8.12 12.15 7.76 5.36 11.38 14.83 15.23 14.37 7.63 8.32 5.25 8.47 13.53 10.43 5.47 5.09 5.51 7.87 8.17 13.62 12.4 5.49 4.71 8.36 5.65 4.77
12.89 10.3 13.91 28.68 29.12 15.17 8.97 5.34 7.07 12.6 5.49 6.42 11.68 5.3 6.92 8.89 15.33 7.61 6.41 12.67 15.09 7.59 11.76 6.34 9.95 15.28 9.78 10.65 12.12 9.89 11.05 6.18 3.91 3.8 5.17 8.1 6.86 5.25 5.89 6.66 12.71 7.54 14.93 33.37 12.59 10.24 9.69 16.86 5.15 10.59 8.39 8.13 3.53 5.74 7.02 9.47 9.28 11.0 11.98 6.86 8.78 12.75 8.52 4.38
16.33 10.62 14.64 17.22 8.57 12.78 7.15 6.44 11.26 5.97 3.56 3.78 7.43 5.2 6.41 10.75 13.69 7.1 3.06 7.51 9.68 10.49 8.25 11.0 11.79 13.93 9.7 10.57 4.6 4.23 11.02 7.58 6.67 5.99 6.97 7.76 6.06 7.02 7.88 11.65 9.45 12.99 13.82 21.8 9.41 6.69 5.01 17.22 9.57 10.44 10.52 7.84 7.85 3.95 8.79 6.47 4.71 8.26 9.86 5.85 9.35 5.15 3.85 4.72
24.86 12.81 11.51 14.73 15.14 10.74 5.53 5.04 6.98 4.06 3.82 2.4 4.67 6.63 6.93 17.37 11.29 8.32 4.77 8.64 9.71 6.9 9.03 15.75 14.09 5.93 5.39 6.49 5.42 7.16 9.67 5.98 12.14 12.47 13.97 11.13 5.89 10.42 8.71 6.94 8.09 9.18 9.39 8.94 7.46 4.18 5.07 9.94 15.03 10.88 5.64 6.37 7.38 7.31 6.25 8.19 11.39 6.71 6.51 11.19 7.74 5.57 7.6 7.22
14.92 7.56 11.63 11.63 10.3 8.31 6.5 3.97 9.78 9.4 5.82 4.01 4.42 4.49 8.86 7.46 4.99 3.28 7.17 5.07 2.44 3.79 6.71 8.83 7.88 4.16 4.67 8.56 6.25 17.67 20.0 5.86 6.49 17.0 24.06 11.07 9.4 10.38 9.1 5.11 5.27 9.22 7.75 6.57 4.09 4.05 4.91 5.25 5.98 8.22 7.36 4.18 6.72 9.06 7.47 6.95 9.47 8.13 13.33 11.0 10.78 11.52 7.17 5.88
9.47 12.24 6.18 10.38 11.68 9.94 10.91 11.18 17.87 11.18 9.51 4.07 7.72 11.93 9.34 5.37 4.71 2.61 3.7 5.06 2.51 5.63 2.79 6.88 8.4 5.02 7.69 9.51 6.88 14.06 12.81 8.72 11.32 7.58 8.97 10.12 10.5 11.21 20.13 10.52 8.19 10.33 6.29 8.65 6.47 6.89 4.85 5.12 10.18 2.55 3.94 4.45 5.26 9.81 9.76 6.49 12.54 16.41 21.7 13.69 11.8 10.82 7.44 5.05
