2.6 2.98 3.92 3.89 5.45 7.86 8.67 7.74 26.43 16.5 11.17 7.58 5.76 3.61 4.3 4.99 4.72 11.73 16.78 11.38 15.59 14.9 12.8 19.64 20.96 14.07 19.84 13.87 7.64 8.31 9.31 30.12 26.02 9.58 14.61 12.24 32.17 15.37 12.54 7.41 1.76 3.04 3.46 6.96 7.63 8.36 10.59 13.81 9.63 8.07 5.07 1.99 3.85 2.35 4.86 6.1 7.04 6.5 4.74 4.09 4.01 3.69 2.42 4.53
2.88 2.84 3.95 5.0 4.97 6.55 6.69 11.58 24.78 18.53 10.41 8.94 4.92 12.17 5.04 3.74 7.06 7.79 15.92 18.64 17.79 18.27 20.99 19.96 11.78 20.55 24.46 8.6 11.11 9.92 7.06 22.16 28.23 13.88 26.26 14.35 14.06 20.51 19.83 8.48 3.56 4.51 2.58 4.79 6.96 5.93 8.63 12.15 8.67 7.3 12.18 4.54 4.73 5.77 4.15 4.86 3.96 5.96 8.13 4.42 10.75 4.3 2.96 4.51
2.96 2.22 4.51 9.1 5.79 6.54 5.01 10.18 16.3 30.73 11.56 9.13 6.79 11.86 8.86 8.23 9.42 8.94 16.27 15.66 11.92 12.78 7.48 9.11 10.87 20.66 27.04 12.16 12.3 9.47 8.69 21.63 15.09 15.02 12.93 13.62 4.23 6.08 12.1 6.38 6.0 11.4 6.94 7.16 8.62 4.74 4.45 8.74 6.61 9.32 9.49 5.62 6.61 5.78 3.89 4.76 5.21 3.91 6.73 5.04 6.48 5.48 4.42 8.55
3.12 2.74 3.65 7.38 5.79 11.91 5.39 16.77 25.41 18.21 11.64 6.83 3.97 4.61 6.65 5.71 17.19 10.47 10.81 14.39 16.83 7.32 5.11 5.17 11.3 17.99 19.86 27.3 12.21 19.15 11.32 13.69 18.73 19.48 7.27 6.8 5.82 6.34 6.51 8.72 8.82 8.2 14.32 8.09 7.49 13.31 7.09 7.24 11.72 13.21 8.06 3.95 3.92 3.42 4.13 9.29 3.45 5.33 4.94 8.08 8.2 6.43 6.52 10.58
3.27 1.43 2.99 5.22 6.02 11.36 10.73 15.02 22.33 17.47 9.78 6.51 4.32 8.15 5.22 9.28 6.98 5.25 7.78 10.88 10.28 7.3 10.26 7.82 12.59 15.56 16.23 19.65 16.43 15.07 17.36 14.28 12.49 10.07 7.0 5.55 5.57 7.69 4.78 10.59 11.33 7.12 6.85 8.55 7.44 6.08 5.28 4.32 6.66 11.3 8.91 4.19 3.61 3.95 2.56 6.1 6.15 8.16 3.08 10.54 19.39 10.76 7.62 5.73
6.3 2.82 3.21 6.84 5.45 4.23 4.69 17.73 17.21 23.36 16.0 6.43 4.16 16.64 10.82 6.61 8.77 6.04 8.37 13.9 6.28 5.76 4.95 10.22 10.76 11.39 10.99 12.16 6.17 10.29 11.9 22.71 8.4 7.94 9.38 4.71 3.82 4.83 3.5 6.91 8.93 6.13 5.69 8.87 8.57 4.79 4.69 4.76 5.01 6.67 9.04 4.44 4.37 3.7 3.44 10.48 5.28 9.96 5.21 11.88 13.84 21.76 9.43 3.08
6.73 3.2 4.66 14.28 8.97 8.38 3.88 15.45 11.49 20.04 22.41 15.83 9.66 13.05 16.46 9.47 5.35 8.13 14.38 15.35 8.38 9.56 4.87 9.27 12.37 10.66 7.97 4.62 3.17 4.52 8.71 17.73 7.05 11.68 7.06 3.0 4.48 5.67 6.4 10.15 7.53 6.48 6.24 10.55 6.82 5.1 5.48 4.4 7.15 10.64 6.86 5.17 2.84 3.65 2.97 9.8 6.24 9.58 7.34 9.26 10.42 8.59 6.52 2.85
8.58 6.52 10.79 13.45 14.52 10.84 7.89 14.47 19.32 25.56 24.15 21.91 10.58 6.81 17.58 10.95 10.33 12.68 19.21 14.01 4.5 9.57 3.86 9.37 7.14 7.69 10.58 6.01 4.15 3.93 5.06 4.73 5.38 7.06 5.25 3.03 3.7 3.34 7.58 16.23 12.29 10.2 9.94 10.35 6.12 7.62 5.41 6.27 5.99 9.43 5.62 3.96 1.56 2.91 4.9 5.99 7.4 8.01 6.87 7.9 10.39 10.12 4.82 3.36
11.39 9.58 13.35 13.41 16.54 13.32 11.28 13.8 10.16 15.49 14.82 8.21 15.36 7.69 10.76 9.41 9.46 13.59 16.36 23.21 6.29 8.68 6.02 7.91 4.44 5.14 5.64 5.84 10.74 6.95 4.11 5.81 6.61 7.29 3.73 3.54 4.55 9.31 11.18 9.43 18.44 11.31 4.99 8.89 14.07 11.75 9.38 5.4 2.44 3.54 4.41 3.34 2.22 3.54 4.61 6.23 4.59 10.42 8.87 5.65 8.32 17.18 17.38 5.13
10.43 9.05 8.51 8.78 16.94 11.62 11.04 8.27 10.41 14.61 10.38 7.64 5.73 14.62 8.96 12.71 6.34 14.69 20.56 12.39 5.15 5.74 7.78 10.4 6.3 5.28 3.68 3.89 6.01 3.75 3.99 3.44 5.26 6.93 10.17 7.7 10.65 9.42 10.95 10.69 11.0 8.37 6.41 9.08 11.45 13.87 5.45 4.76 3.92 2.72 1.83 6.14 7.05 4.29 4.22 6.2 7.45 14.75 8.91 5.57 13.77 19.67 25.19 10.96
5.79 5.89 8.47 4.56 7.2 9.53 7.12 12.34 15.34 15.79 8.84 7.89 8.16 8.3 23.81 15.6 6.83 7.91 10.84 4.32 4.19 6.56 5.23 18.75 6.93 6.77 5.44 4.07 3.29 3.58 3.81 3.34 4.19 4.97 4.64 10.03 12.42 4.84 15.05 24.19 12.7 11.38 11.03 12.76 13.13 9.64 9.39 7.23 5.49 2.71 2.08 4.59 15.01 9.79 7.42 4.96 5.12 14.47 6.61 9.8 13.5 14.38 27.8 7.82
4.99 3.56 7.03 8.67 7.71 17.04 8.37 13.29 13.57 9.6 11.1 8.2 9.82 11.97 13.78 11.8 5.97 7.51 6.9 5.76 4.16 10.26 11.44 14.33 9.44 7.85 5.38 3.23 3.11 4.86 3.63 4.64 3.46 4.45 2.83 5.94 8.31 8.96 9.28 24.36 12.33 18.39 15.64 21.11 14.52 8.31 12.29 9.3 5.41 2.61 3.51 7.71 11.6 9.3 7.5 3.87 4.54 5.18 5.02 6.23 10.57 6.7 17.48 18.41
6.16 7.37 6.2 8.82 7.0 11.07 7.3 12.5 6.25 9.03 12.19 8.09 5.33 12.8 8.17 4.31 3.06 3.53 3.46 6.58 3.6 5.88 9.18 15.86 9.01 6.47 7.63 3.65 4.58 3.79 3.53 4.83 2.76 4.09 3.22 5.47 5.42 15.84 12.05 26.13 20.08 29.11 20.67 17.76 11.36 6.19 5.31 7.05 3.72 3.84 3.13 10.5 14.37 10.52 15.27 4.51 3.78 3.58 5.39 6.54 6.26 10.68 7.17 9.45
6.09 9.71 6.74 7.36 10.11 10.87 6.46 7.95 8.23 9.83 7.92 5.42 5.08 8.99 12.32 4.96 2.61 4.21 4.35 3.68 4.56 5.27 4.82 3.81 14.41 7.59 11.51 8.79 9.24 11.97 4.9 8.65 3.92 6.47 4.17 8.43 9.77 17.29 13.47 16.03 15.33 17.19 15.33 12.55 10.66 9.84 5.3 4.53 2.06 2.89 5.18 7.58 17.86 26.35 14.86 5.23 2.25 4.1 8.02 9.85 4.59 5.92 7.84 6.64
8.89 10.99 6.57 4.55 11.15 8.56 6.32 6.02 13.52 11.19 6.66 5.23 2.72 3.97 6.71 4.8 4.09 7.34 4.59 1.78 3.56 3.57 4.49 4.3 4.05 8.2 11.14 7.83 11.1 9.19 7.84 6.75 7.4 6.27 4.94 8.96 11.08 17.39 19.9 18.61 12.33 13.12 6.25 11.36 12.7 8.68 6.1 8.57 5.18 5.53 4.7 5.67 7.55 12.41 6.41 6.35 4.34 2.96 4.54 8.17 4.61 6.19 6.73 3.9
4.74 9.41 4.45 7.56 9.24 10.85 8.03 7.43 4.69 7.86 5.2 3.88 5.57 5.53 5.33 5.33 8.23 4.54 3.37 3.96 2.85 4.45 5.73 4.58 3.57 7.11 12.51 8.69 9.27 3.34 7.14 9.3 4.2 8.38 4.5 7.58 13.31 24.12 30.68 20.86 20.59 8.28 11.94 20.7 20.31 11.32 8.39 6.77 7.17 3.98 4.53 6.78 6.24 4.5 5.06 4.66 4.05 5.49 3.27 8.27 8.64 15.76 11.02 4.85
3.6 3.2 4.24 16.17 9.26 11.16 10.05 8.87 5.45 4.42 6.21 4.12 8.17 5.83 5.84 7.21 8.63 7.55 2.91 2.66 5.5 3.75 3.16 3.3 3.0 6.92 8.62 9.75 9.52 3.99 4.13 4.97 6.14 6.99 6.09 11.22 9.65 9.98 16.56 11.65 16.84 18.5 16.65 13.57 17.58 7.93 8.56 4.59 5.85 2.84 3.95 11.99 7.8 3.72 4.42 5.38 4.02 5.27 4.89 5.72 7.08 14.58 10.44 7.49
2.36 4.68 6.75 5.75 8.35 16.68 9.56 8.33 5.34 2.64 5.51 6.54 5.08 5.96 12.45 6.07 6.49 5.06 4.0 4.62 4.92 5.12 3.7 2.84 1.96 7.51 12.54 9.15 7.59 2.75 7.23 10.58 8.84 8.88 9.53 9.37 5.04 9.12 11.5 13.84 27.69 13.39 17.09 15.71 14.05 9.11 6.69 5.74 2.21 5.4 3.48 17.48 13.92 7.33 6.61 4.11 7.33 4.74 3.59 4.28 4.48 6.89 10.02 7.95
5.6 5.47 8.13 8.59 16.17 13.8 10.86 9.34 6.42 8.82 3.4 4.72 13.37 8.58 6.56 7.39 8.01 9.1 5.64 5.35 5.93 4.71 4.63 2.24 3.37 9.56 10.01 6.61 2.66 4.79 4.75 7.44 6.87 7.02 8.27 7.67 5.68 5.08 12.68 10.75 24.84 29.29 15.37 11.82 7.83 8.59 6.33 5.22 2.33 5.68 9.53 8.77 8.8 4.96 6.17 3.22 5.25 9.01 4.26 4.02 1.96 3.34 9.92 5.64
6.69 8.12 7.28 11.13 18.09 5.87 9.21 6.06 9.28 12.99 4.42 3.77 6.45 8.83 4.44 5.39 9.07 9.21 6.1 2.96 3.26 6.35 6.53 4.2 3.02 10.02 8.54 10.16 3.76 3.37 5.65 3.63 5.75 5.61 10.05 5.85 5.59 4.4 10.15 12.51 23.54 36.33 27.7 19.64 7.53 7.58 12.73 9.33 9.4 6.12 5.29 10.38 6.68 5.0 6.59 5.8 4.08 6.65 4.17 4.14 4.12 6.15 6.12 3.69
8.88 12.1 8.84 9.15 27.63 14.41 13.03 16.36 14.02 14.73 4.75 8.12 7.6 6.45 3.48 7.41 8.34 7.36 4.62 2.73 3.11 9.92 11.21 9.1 8.36 9.55 10.72 8.76 9.92 3.48 3.84 3.56 4.75 9.89 6.18 3.39 3.15 3.28 12.49 11.22 11.59 20.19 23.51 26.38 12.81 25.56 18.72 18.66 15.62 10.58 6.12 11.32 5.67 5.82 7.29 4.52 6.32 6.7 3.56 3.71 3.15 3.54 4.66 3.83
3.98 11.13 16.04 15.38 16.44 14.1 17.38 19.73 24.68 6.09 7.47 14.89 15.6 5.65 1.68 6.8 5.31 5.92 2.35 2.3 3.83 5.16 8.0 17.72 10.8 11.2 6.69 6.98 12.62 7.47 4.34 5.82 6.32 10.11 4.77 2.81 1.88 2.5 6.05 8.46 12.93 15.52 12.45 21.36 15.45 21.59 24.31 21.99 15.79 16.24 10.37 7.32 6.17 6.21 5.81 4.42 7.1 2.5 5.01 7.9 4.36 5.09 3.91 4.01
2.74 8.42 24.02 22.75 15.95 11.04 22.28 16.82 16.93 10.59 11.01 14.82 16.91 9.39 3.85 6.46 4.72 4.1 3.71 3.8 5.47 3.96 7.94 12.97 6.38 12.48 9.76 7.51 12.99 11.98 14.14 15.45 10.09 9.86 4.22 2.86 4.23 4.64 9.07 8.91 10.25 8.16 13.73 12.72 10.29 17.0 14.13 17.07 8.84 13.15 7.27 6.44 12.76 8.47 9.39 3.86 5.28 2.64 5.83 9.0 8.01 8.3 3.25 4.85
8.24 9.03 24.32 28.25 14.06 6.42 10.93 13.03 8.55 10.06 9.93 16.71 14.43 5.34 4.56 5.81 7.07 7.5 2.49 3.61 5.57 2.82 7.35 7.45 11.18 8.02 6.99 8.47 11.65 11.65 18.07 15.72 16.07 10.57 5.76 2.33 3.68 7.1 11.08 13.63 8.25 10.41 18.45 11.85 8.03 10.28 6.37 10.64 18.58 16.84 11.24 4.83 5.59 7.15 8.65 7.02 4.72 6.29 6.91 11.01 8.94 7.87 8.36 5.3
7.53 18.36 20.4 10.4 6.94 4.13 9.47 8.68 15.78 11.28 8.42 15.75 15.05 10.26 10.2 6.08 8.37 10.73 3.97 3.16 5.26 4.12 10.57 8.9 17.57 28.21 18.02 16.37 10.76 13.62 16.09 20.1 11.45 10.34 8.09 4.04 2.75 10.5 12.15 13.35 13.7 11.01 13.89 12.47 13.04 5.12 6.84 7.73 14.62 21.37 17.53 5.78 5.6 7.92 5.5 10.04 7.41 4.3 5.5 9.18 9.55 12.69 14.35 8.45
6.98 14.44 18.41 12.6 7.88 3.6 3.8 8.31 8.15 14.43 7.43 19.64 14.3 16.36 12.69 7.09 11.64 4.68 4.35 4.78 5.04 6.96 13.67 8.57 12.38 17.85 12.44 21.22 31.63 24.91 25.26 32.61 11.38 6.25 4.68 5.37 4.83 7.19 6.53 9.38 15.87 17.05 10.82 6.77 12.0 8.08 9.44 6.78 18.39 15.99 15.47 7.71 6.92 9.2 6.93 5.36 11.25 7.97 5.03 6.57 7.52 9.58 7.82 6.76
4.35 9.34 9.65 8.42 2.91 4.31 4.22 6.72 10.64 11.12 10.0 12.46 11.54 9.85 8.65 10.08 10.5 7.2 6.14 5.66 9.84 14.49 12.33 20.34 10.94 10.7 11.63 23.83 27.44 24.33 32.58 28.44 19.57 16.21 5.35 9.88 11.68 10.71 7.0 8.8 9.75 12.16 10.24 7.64 19.56 16.27 17.27 7.16 16.99 11.03 9.78 13.9 9.98 9.33 11.31 7.29 5.92 5.43 5.84 5.86 5.04 10.68 4.34 6.76
3.29 7.88 5.25 4.94 2.68 3.66 5.82 10.08 8.09 9.85 14.14 12.08 9.59 13.76 8.35 14.79 11.61 5.0 13.75 10.25 9.44 9.38 11.02 14.07 7.77 10.07 9.27 30.51 25.29 21.11 20.52 23.35 17.27 15.23 6.38 19.72 21.81 30.31 15.36 13.17 6.84 11.21 6.01 12.41 26.74 34.4 11.75 6.46 9.25 6.0 5.81 17.22 13.63 10.13 8.55 5.75 9.08 6.21 4.57 5.72 3.59 8.6 3.42 7.4
3.65 5.52 10.45 5.42 3.47 3.75 6.35 10.63 6.32 7.64 9.82 7.57 5.59 6.86 5.34 23.1 12.68 6.5 11.86 9.95 6.9 5.56 9.66 8.07 9.31 9.58 8.52 25.0 19.88 18.18 16.32 20.66 20.33 10.71 16.48 19.37 16.76 30.05 8.93 9.65 8.89 18.85 15.51 24.54 10.74 13.24 11.39 10.67 6.12 7.39 7.55 11.26 18.65 14.56 5.0 7.78 5.05 5.26 12.1 10.49 5.08 6.1 8.08 5.09
4.75 7.96 13.79 6.63 5.8 5.01 9.87 10.88 8.82 7.38 7.35 4.33 6.66 7.12 5.36 11.37 10.8 8.0 10.26 7.71 7.35 7.57 10.04 8.89 7.39 14.69 11.02 23.3 7.13 12.03 13.41 13.41 23.59 7.55 10.23 5.43 15.35 17.84 7.67 8.7 11.71 9.32 16.53 15.7 6.74 9.98 7.82 9.11 11.31 11.33 11.34 21.4 18.95 13.43 4.27 6.77 6.57 11.47 15.17 6.83 6.9 4.31 3.93 8.94
3.86 5.22 6.01 7.11 4.52 4.87 5.74 4.59 6.22 11.32 8.21 6.96 6.96 7.3 11.79 9.3 6.94 15.33 10.09 5.34 3.77 4.85 3.5 12.2 6.06 4.48 19.24 19.69 6.38 9.53 22.22 13.48 25.6 8.96 7.17 7.27 18.03 14.45 8.02 10.63 9.81 11.77 19.17 12.75 6.93 6.35 4.47 13.73 11.25 28.27 12.18 14.62 17.62 14.9 3.79 7.11 11.72 8.49 8.68 5.24 3.58 5.15 3.81 2.81
3.21 5.96 2.82 4.28 4.33 6.47 6.5 5.66 12.1 12.72 12.84 10.13 7.68 11.1 14.73 7.79 6.54 10.66 5.42 5.51 2.94 3.38 2.77 3.92 3.52 3.8 5.46 7.26 11.99 12.21 19.58 24.7 15.95 11.23 8.35 10.06 18.57 22.46 12.45 8.55 9.06 6.28 9.66 13.89 7.95 8.27 7.62 12.18 9.72 14.34 10.3 10.6 13.44 22.46 8.09 3.52 6.47 5.44 3.86 2.58 1.98 5.22 3.48 3.11
5.6 5.2 3.46 6.42 4.15 5.82 10.27 5.04 7.72 8.76 18.01 18.65 7.06 6.54 7.35 5.0 3.87 3.41 4.72 2.83 1.7 3.92 5.16 7.85 3.76 3.82 4.11 8.17 9.33 6.73 8.22 12.92 10.78 9.39 9.73 13.22 14.65 14.41 14.81 18.1 10.19 5.4 7.57 11.86 21.11 8.34 4.88 5.62 7.55 9.03 12.84 27.09 15.24 15.4 5.31 1.81 4.64 2.77 2.32 2.36 3.07 3.36 1.98 5.13
8.71 5.68 7.87 4.48 3.36 7.67 4.95 7.02 10.46 6.27 6.57 17.53 4.39 7.1 6.82 4.54 4.02 6.63 3.7 3.35 2.32 1.97 4.6 12.27 11.16 7.04 9.73 10.58 6.3 4.9 4.49 2.68 5.78 5.72 5.71 7.33 8.25 11.54 14.56 21.66 11.86 9.13 12.64 10.34 5.93 10.15 4.29 4.75 4.01 6.07 11.03 23.59 9.14 8.23 6.56 3.2 2.71 3.76 3.71 1.98 3.57 3.87 2.29 5.42
9.24 4.63 5.33 10.6 3.99 12.1 5.85 12.74 7.89 6.97 5.65 5.77 3.88 11.59 7.47 3.83 4.0 4.68 4.28 4.47 3.63 2.47 5.75 9.82 10.44 12.99 6.53 7.63 6.38 7.44 3.89 2.36 4.56 2.98 5.31 8.83 5.15 8.83 9.33 25.14 9.61 8.68 7.23 5.71 3.24 3.68 4.88 5.19 9.36 5.94 12.9 21.06 13.3 8.71 3.64 6.6 3.62 5.23 3.93 1.9 2.96 2.54 3.38 5.45
11.72 5.61 4.42 8.74 5.96 6.46 8.32 10.61 9.51 13.21 4.86 2.9 4.23 11.92 11.04 5.35 3.61 3.44 2.91 3.48 1.95 4.9 6.08 6.78 15.41 20.83 11.13 7.66 5.15 5.46 6.69 3.95 3.29 4.4 4.8 10.22 2.16 6.83 7.31 8.98 10.74 7.1 7.57 3.35 2.47 1.99 4.5 4.33 8.37 8.48 6.99 10.16 9.81 9.71 5.87 7.57 4.36 3.06 3.67 2.19 1.48 2.44 2.85 2.72
18.58 11.31 6.51 8.35 8.49 6.43 4.99 11.48 7.2 8.85 3.18 1.92 4.42 14.63 7.49 4.01 2.82 2.79 1.76 4.74 4.26 6.13 5.6 4.81 12.24 11.48 10.14 5.31 4.73 8.12 6.26 9.35 7.7 5.75 2.56 4.79 3.27 6.18 14.67 10.2 6.83 7.55 5.57 5.62 3.97 6.29 6.49 5.08 7.99 5.94 8.59 6.53 5.04 5.61 6.31 5.01 4.03 6.35 2.78 2.85 3.15 4.24 3.8 5.67
7.7 10.05 7.63 6.47 9.02 6.16 6.77 11.5 8.65 8.39 7.67 3.83 2.29 5.73 5.41 3.36 3.72 4.51 3.11 2.86 5.4 7.42 11.74 16.39 17.59 10.39 5.35 8.74 7.17 9.96 7.72 10.77 9.23 7.88 3.68 3.89 5.05 6.85 8.33 9.55 6.35 6.68 4.96 6.52 4.36 4.03 7.8 5.44 10.57 8.26 6.69 6.94 3.06 4.63 4.97 5.14 7.55 4.92 2.78 4.32 2.67 4.58 4.18 8.17
9.61 8.01 9.35 7.43 8.45 3.32 6.4 14.39 9.46 8.46 11.15 3.9 5.67 3.8 3.95 2.74 3.36 2.5 4.39 6.15 9.33 9.67 14.42 23.91 22.97 15.15 6.18 9.78 19.63 14.6 5.64 8.54 6.5 5.33 5.53 3.62 5.52 9.35 10.66 5.72 5.35 5.45 1.83 3.39 5.32 5.68 11.06 9.34 4.42 8.83 12.01 5.61 7.47 6.74 4.97 7.4 8.91 9.29 3.3 3.84 2.63 5.16 7.72 6.03
5.18 6.75 8.16 13.64 6.75 6.34 5.38 4.9 6.53 5.52 10.42 5.03 9.46 4.66 4.36 5.26 2.89 2.83 4.22 7.79 13.19 18.45 27.76 14.9 22.83 21.24 6.82 13.25 17.62 7.27 4.5 4.99 5.14 8.58 11.55 5.54 5.93 6.03 8.12 8.29 6.11 3.7 2.76 3.99 4.83 4.72 9.32 8.2 8.77 7.88 12.9 16.43 7.82 6.67 4.95 8.42 8.59 10.18 5.34 2.37 5.54 5.73 9.04 10.51
5.14 8.01 14.54 9.42 5.05 5.51 5.86 5.83 10.97 6.14 6.48 9.24 8.54 5.98 6.63 4.86 3.22 4.51 5.22 6.44 12.03 26.63 19.9 21.82 14.66 10.38 9.02 7.03 5.27 5.38 3.28 2.5 3.84 16.09 12.97 9.29 7.99 4.52 9.19 7.49 7.82 3.88 4.82 2.04 4.47 5.15 6.47 13.97 11.03 7.96 8.84 13.92 7.82 7.92 12.58 8.32 9.82 12.63 5.37 2.95 7.52 7.38 7.0 11.99
11.01 9.27 7.03 10.38 4.48 5.71 4.26 9.41 11.25 8.54 6.17 5.28 16.22 7.46 6.38 4.12 3.54 5.81 5.2 9.56 9.06 17.92 20.18 17.19 22.71 7.47 5.78 5.74 5.68 5.08 3.13 3.19 3.84 14.54 17.98 9.8 9.78 10.06 14.16 8.9 6.97 3.83 2.56 4.01 3.16 9.54 12.82 12.14 8.93 9.82 13.27 11.74 10.17 7.91 7.23 10.61 15.33 9.48 10.82 4.05 5.87 4.97 10.59 10.93
11.63 7.9 6.75 7.54 5.81 3.53 5.62 4.72 7.07 9.4 11.56 6.83 7.95 6.43 3.44 5.79 3.43 5.25 9.23 12.8 13.03 9.64 8.38 12.19 13.69 8.75 5.48 8.19 7.11 6.24 3.43 3.99 4.22 6.47 8.52 6.46 15.74 14.6 6.59 7.89 4.59 3.78 2.39 4.74 4.22 6.56 9.96 12.7 18.57 36.2 14.0 10.24 11.01 10.82 10.15 7.66 8.6 7.22 11.74 4.49 4.52 6.88 9.12 10.21
9.19 6.07 5.2 6.74 11.49 3.08 4.39 5.14 2.84 6.73 7.92 8.14 12.65 5.76 3.64 4.53 3.06 5.64 10.55 21.21 12.9 8.73 6.69 7.85 9.26 9.32 10.37 11.13 10.6 7.92 4.65 4.02 8.0 4.8 5.52 9.29 14.36 13.62 6.97 6.89 3.74 6.1 4.33 6.51 9.1 12.05 5.34 6.7 20.51 31.6 31.5 18.82 12.06 17.26 18.45 6.54 3.63 8.82 6.81 6.04 6.83 4.4 6.53 6.69
4.0 4.33 3.81 5.99 7.61 6.87 2.78 3.75 4.53 4.84 10.21 14.76 7.77 5.65 5.4 6.58 2.76 10.98 17.28 11.74 15.27 4.54 4.12 5.68 9.47 4.3 15.56 15.82 12.96 6.11 4.55 3.96 7.48 4.27 6.71 7.31 10.73 10.67 8.66 9.68 6.89 7.15 5.31 8.72 13.68 16.69 10.29 15.31 14.54 23.67 14.9 11.96 8.8 13.43 9.04 7.78 6.84 5.33 8.63 4.74 7.83 3.88 8.06 5.54
4.98 6.69 4.15 4.1 6.4 4.51 6.11 6.15 5.03 6.86 16.49 14.34 7.87 7.09 8.11 5.38 4.19 4.09 12.07 25.01 8.09 4.36 3.55 2.56 3.57 7.78 11.15 7.39 7.98 4.17 4.09 8.68 6.46 4.5 5.48 3.46 5.55 10.63 13.83 13.22 15.06 4.66 6.28 11.83 12.58 19.29 18.56 24.24 22.15 15.11 10.82 8.4 9.65 11.58 9.02 6.97 6.26 5.99 3.89 4.8 5.67 6.65 4.33 8.3
5.83 4.04 4.2 6.86 5.14 8.36 5.67 5.79 7.29 9.46 12.71 14.5 10.3 3.36 5.54 8.43 3.56 5.61 7.11 11.28 10.06 6.47 3.84 3.3 4.8 5.31 11.48 5.23 3.2 4.25 3.8 7.5 6.19 6.39 5.53 6.42 7.5 4.78 7.67 8.26 6.62 8.64 7.79 10.92 13.69 17.92 18.89 20.7 32.19 14.63 14.69 6.32 8.07 9.57 11.38 15.06 5.35 4.93 5.17 3.0 2.99 5.71 5.56 6.13
3.86 8.52 10.11 3.28 4.35 8.02 4.25 5.68 7.66 11.99 8.44 9.53 3.41 5.13 8.88 6.45 4.81 3.61 4.44 7.68 13.36 3.84 6.73 4.18 4.32 9.73 13.37 6.71 2.78 2.44 2.88 4.73 6.14 4.2 4.82 14.85 9.97 4.3 5.53 5.07 7.62 12.63 6.53 5.53 18.58 14.56 11.91 15.16 39.9 11.04 11.06 9.47 9.04 12.02 11.13 12.07 7.97 6.23 3.21 2.81 2.58 7.8 7.8 9.02
7.9 3.59 4.67 3.19 8.89 9.32 4.84 6.11 5.31 9.13 4.99 3.14 4.87 5.46 10.66 11.97 8.29 3.56 4.98 5.71 8.76 8.87 4.97 1.62 3.29 8.58 11.92 13.99 4.14 2.42 4.64 7.24 4.99 6.83 5.16 8.46 10.88 8.02 5.75 4.69 5.77 4.9 6.42 7.43 11.15 8.96 7.84 9.21 16.07 18.8 14.27 5.32 14.08 13.7 9.14 11.18 9.5 7.14 2.45 4.59 2.53 4.93 15.12 9.61
8.35 3.05 2.91 4.0 7.58 12.02 8.06 8.81 4.93 14.43 10.34 6.12 5.04 5.15 2.97 5.48 6.51 4.32 5.02 4.22 4.05 7.68 7.85 2.93 2.8 6.34 8.83 15.81 5.75 3.68 5.31 6.24 5.8 6.54 9.37 10.49 9.91 8.89 5.67 7.81 8.8 4.43 6.39 16.42 7.29 5.5 4.64 9.86 14.22 18.36 11.74 7.33 12.37 8.9 9.24 10.04 6.45 4.33 2.71 2.44 6.9 7.63 7.59 3.76
4.91 5.73 4.27 6.09 6.89 9.96 10.58 12.71 5.43 5.97 9.62 7.97 7.77 5.64 2.45 2.7 3.9 2.58 2.26 2.72 2.14 9.23 6.37 8.3 5.49 7.86 15.52 8.3 6.1 5.67 4.45 7.23 5.93 9.18 9.28 7.34 7.27 9.5 11.62 15.21 17.66 6.33 9.32 7.89 14.76 8.02 9.63 10.53 10.3 8.53 6.72 10.99 11.53 5.14 6.32 10.06 6.66 4.97 3.08 3.74 6.23 10.66 11.38 8.49
4.05 8.01 7.6 7.19 8.15 5.24 9.06 7.57 10.59 6.02 8.62 8.96 5.48 2.8 2.79 3.65 3.49 4.08 1.82 2.14 3.48 9.35 8.99 11.36 8.59 9.6 16.71 9.25 4.28 8.0 4.07 12.07 11.55 9.97 12.73 7.41 7.24 8.23 16.59 11.81 21.25 13.05 7.84 5.03 3.29 5.51 7.16 11.05 9.71 6.35 4.96 8.8 6.27 5.99 6.94 11.37 10.73 8.65 8.0 5.27 5.86 9.08 15.48 13.29
8.1 8.53 4.78 3.57 3.55 2.88 8.71 5.11 5.75 10.28 7.24 6.2 4.49 2.62 2.07 3.95 2.52 1.72 2.86 2.48 4.32 14.84 16.62 18.45 8.33 11.28 8.24 7.97 8.8 9.87 4.48 8.82 12.06 8.31 8.3 6.12 7.94 13.82 10.46 13.79 12.22 10.36 3.08 4.5 2.05 3.21 4.09 5.84 6.37 4.41 4.29 7.77 5.82 14.9 10.42 17.92 15.08 13.19 10.2 6.0 10.86 11.6 18.88 12.51
7.05 5.08 4.77 3.13 3.02 2.52 4.04 3.46 4.72 9.37 8.71 8.14 7.49 2.04 3.25 3.16 2.9 2.77 2.17 4.29 7.71 19.04 17.51 22.97 9.85 8.91 8.37 10.65 11.48 14.02 9.79 3.51 3.66 6.87 5.7 4.8 5.92 10.79 9.26 13.25 12.88 7.14 8.09 4.41 2.47 7.39 4.13 5.42 9.74 4.42 5.3 9.11 8.25 8.44 10.71 16.55 12.24 16.77 12.02 6.85 7.99 11.84 17.65 20.78
6.82 4.39 3.44 2.34 2.34 4.58 4.81 6.39 6.82 5.43 7.47 4.99 8.63 3.55 3.46 2.5 4.04 6.22 2.69 5.15 9.36 10.82 15.39 19.37 9.54 10.27 13.52 6.31 8.11 4.64 3.88 2.83 4.29 6.23 8.44 8.24 5.53 5.39 10.85 13.17 12.98 10.51 12.69 5.78 3.95 6.89 4.0 7.48 5.9 4.07 5.89 6.87 8.69 7.24 7.19 16.56 7.83 9.63 5.63 4.91 7.26 6.74 15.69 11.96
3.37 2.09 1.49 1.92 1.79 4.17 6.35 5.74 4.0 4.14 5.16 15.3 9.06 3.77 2.97 2.93 3.25 4.93 5.57 7.04 5.21 9.12 11.44 8.02 18.02 11.45 9.78 9.52 9.72 2.48 1.8 2.02 3.21 9.36 7.36 11.12 10.89 12.38 11.04 22.8 10.89 10.27 14.67 7.08 4.41 4.61 4.98 7.32 5.41 7.17 5.87 7.35 10.72 7.18 10.47 18.79 20.52 8.43 5.75 7.56 6.64 4.92 5.45 9.78
5.44 2.64 2.43 1.65 1.35 4.51 4.12 3.6 2.23 3.8 4.13 17.32 7.9 5.01 3.03 3.07 5.52 5.13 6.84 8.01 3.86 6.94 6.38 8.69 12.77 10.34 6.69 8.16 6.03 4.31 2.73 1.94 2.28 10.1 9.72 6.26 4.83 6.77 10.36 25.29 15.53 20.37 9.8 3.73 2.48 2.39 4.85 8.91 5.77 6.3 11.34 7.23 6.71 5.77 12.76 7.39 17.2 16.38 7.47 10.95 10.75 5.78 3.76 9.7
1.91 3.6 2.09 1.24 1.28 3.51 4.93 6.28 2.59 2.87 4.94 13.23 3.98 6.01 2.85 2.19 5.17 4.37 8.68 12.41 10.13 7.36 6.49 7.52 11.43 6.03 5.98 8.63 5.58 3.33 2.87 2.21 3.33 6.18 5.16 5.81 6.96 10.23 11.52 35.25 19.2 20.1 6.12 4.79 3.06 3.78 7.79 5.49 7.93 6.67 10.16 10.1 8.35 13.05 16.27 12.62 13.93 11.78 11.98 10.16 7.05 7.31 6.61 12.17
2.2 2.41 3.68 1.73 2.48 3.14 3.86 11.23 5.88 7.95 7.3 10.72 4.95 5.76 2.84 2.36 4.31 5.28 11.16 7.69 7.24 6.03 4.97 7.6 7.42 8.85 8.01 4.9 5.7 3.96 2.83 1.68 2.69 2.63 3.41 6.35 4.32 13.1 16.07 12.84 13.86 47.7 15.81 8.05 4.24 5.81 11.15 15.15 5.79 6.55 8.54 5.87 6.75 11.77 14.85 21.58 12.15 7.12 8.84 11.71 2.72 3.31 5.12 7.82
4.2 3.38 3.49 2.56 2.46 3.32 3.82 10.0 10.29 10.78 5.57 3.78 9.1 4.87 1.86 3.94 4.52 6.2 8.3 12.47 6.4 4.04 3.49 3.76 4.69 6.38 5.43 4.54 4.55 2.52 2.21 3.71 3.23 4.07 2.74 5.26 5.49 15.01 18.58 9.07 15.26 13.17 14.32 7.85 4.61 12.76 15.91 17.37 8.51 8.65 7.72 9.31 7.74 11.26 10.56 10.48 5.72 7.45 5.39 7.32 6.58 3.28 6.19 7.71
3.76 6.83 5.56 6.63 2.76 2.55 4.56 4.08 7.3 16.61 11.84 7.13 6.01 4.83 2.67 5.12 4.22 7.74 12.48 7.65 12.99 4.73 2.36 6.13 6.81 3.86 6.69 6.37 1.99 2.53 3.54 6.01 12.29 10.25 4.46 5.54 11.92 14.04 18.34 12.33 12.36 12.0 15.99 5.69 5.22 5.91 4.22 10.3 7.4 14.97 14.5 12.19 6.18 4.6 10.32 5.84 8.3 6.83 5.17 11.94 6.9 6.58 5.58 5.99
7.18 12.6 6.01 6.51 5.61 2.69 4.29 3.55 4.86 7.5 13.29 7.3 4.6 4.71 3.81 1.94 7.57 8.89 6.56 9.17 6.06 4.71 3.17 11.08 6.17 8.12 7.13 6.1 3.37 4.09 3.86 7.27 12.2 10.73 11.93 5.99 12.29 15.82 12.78 7.52 10.66 5.28 10.59 5.18 5.49 7.81 6.12 5.6 6.05 19.74 8.96 6.09 4.91 4.47 8.22 17.85 9.82 10.6 4.35 12.3 10.09 25.68 14.72 4.52
7.38 11.15 6.55 8.4 5.86 5.88 9.67 4.0 6.35 8.42 10.32 6.66 4.08 4.27 5.38 3.99 5.73 7.23 11.04 7.81 5.07 5.57 5.71 9.89 7.06 5.42 6.69 13.94 6.76 3.97 4.02 12.38 11.22 12.42 13.39 9.71 13.73 13.46 10.5 16.94 10.78 6.54 7.15 5.81 9.31 10.31 12.6 7.69 12.55 21.42 10.79 9.14 5.65 6.02 5.55 11.58 11.87 8.55 5.13 6.5 11.49 19.79 14.42 6.91
9.2 6.99 5.92 7.06 4.86 5.7 8.75 9.32 21.32 30.95 6.07 4.06 3.55 2.85 4.85 2.26 3.76 4.84 5.48 4.88 3.73 4.36 4.69 5.97 5.56 6.66 6.88 6.19 6.69 5.29 5.54 5.59 15.55 28.09 15.24 12.68 6.47 8.91 14.94 12.96 24.8 21.06 11.24 5.73 9.46 9.67 14.35 15.91 8.26 13.82 16.93 13.13 9.01 7.82 9.65 6.94 10.85 8.6 5.32 3.98 7.79 12.4 8.5 8.57
