10.86 7.22 9.71 4.67 4.67 6.09 5.07 5.75 6.71 6.39 7.75 14.8 5.58 7.02 8.24 6.8 8.65 7.73 5.28 9.89 7.43 9.89 9.15 2.82 3.05 4.5 6.65 10.16 8.23 7.9 4.77 7.68 9.29 9.17 4.69 4.07 2.95 5.23 11.0 11.23 8.67 10.44 13.93 16.98 10.71 11.59 6.89 6.01 3.08 3.41 3.22 8.41 6.79 8.81 7.24 7.59 14.0 5.7 4.67 9.08 15.97 16.88 18.29 13.62
6.49 6.68 5.79 7.21 5.75 4.78 6.78 7.47 5.99 9.4 10.7 16.16 4.96 6.14 8.74 7.01 7.11 6.23 6.49 9.53 6.7 5.35 4.56 5.54 7.04 6.84 6.11 3.97 5.53 4.63 5.6 5.15 3.91 3.69 4.06 4.69 5.19 5.72 5.64 4.37 6.26 13.17 20.55 9.98 13.9 17.38 11.74 12.39 5.68 4.03 3.65 6.97 7.58 6.37 5.75 4.98 5.34 5.75 7.67 13.51 11.7 25.91 21.33 13.25
4.58 5.34 3.93 7.29 4.82 6.84 6.9 12.07 9.43 9.76 15.0 11.76 4.68 5.64 6.39 9.79 9.14 4.23 7.5 14.15 6.32 4.58 3.57 5.14 4.53 5.1 6.85 11.36 9.71 5.96 8.82 4.98 5.25 4.43 9.24 5.53 6.22 6.11 8.51 6.89 7.43 12.03 12.93 15.54 13.34 13.9 15.27 10.26 8.07 6.22 5.16 5.1 4.63 5.79 6.88 11.21 9.72 13.22 12.11 12.38 21.95 23.19 22.42 9.11
9.14 7.82 11.74 9.64 8.22 9.67 8.89 16.13 10.16 10.83 15.77 14.42 7.81 7.65 9.71 9.96 6.56 4.36 8.22 9.1 4.87 2.31 3.72 2.49 5.64 5.98 5.94 5.32 8.06 5.55 8.69 4.61 7.78 4.95 16.16 6.55 9.58 10.59 14.96 5.84 9.29 15.63 11.38 10.14 14.58 15.8 35.14 19.65 3.91 4.83 5.56 7.72 4.74 6.1 13.4 13.95 9.29 13.49 16.51 12.08 6.63 9.36 11.59 14.23
7.06 14.35 9.14 12.02 8.84 14.18 16.59 8.38 10.72 17.93 23.11 44.1 11.95 15.2 17.0 10.23 6.29 3.13 4.74 14.77 8.44 6.12 4.88 3.82 5.91 4.23 3.97 3.57 3.73 2.94 5.3 6.96 10.5 11.3 8.64 9.68 11.24 12.93 11.16 10.67 11.64 9.77 10.06 8.41 18.63 18.59 15.26 13.55 8.51 5.41 13.33 6.71 8.32 8.03 10.15 19.04 21.78 10.99 6.93 7.47 9.26 9.4 6.46 8.27
10.47 8.04 7.44 5.13 12.76 14.77 19.18 13.15 7.35 11.14 18.2 27.47 26.0 8.38 9.88 9.47 4.9 5.85 6.66 16.93 14.11 6.86 7.91 5.23 8.61 3.31 2.31 2.49 3.32 4.66 6.23 5.79 7.68 6.96 4.83 6.83 6.36 12.21 5.85 9.67 16.88 12.61 4.56 6.51 9.63 12.65 10.66 12.28 7.06 4.35 8.67 16.25 7.8 15.11 10.92 6.71 8.8 7.37 8.12 11.3 8.74 4.34 3.42 7.21
5.78 7.07 7.8 7.14 13.65 16.85 19.35 15.47 9.87 12.41 13.16 13.75 8.98 9.21 11.66 16.28 6.04 3.27 10.08 7.55 12.51 6.87 7.47 7.32 8.3 3.08 3.28 3.18 4.77 6.09 8.42 10.76 9.79 7.06 5.74 7.99 11.47 13.74 8.6 10.41 9.47 5.07 3.82 6.81 8.34 9.84 6.74 10.02 6.95 10.28 11.12 11.52 8.26 9.97 10.73 6.66 8.01 11.9 6.22 9.65 10.46 6.61 5.5 5.9
7.07 4.9 5.32 5.61 12.97 19.89 37.29 25.99 16.3 9.13 8.7 13.77 14.32 9.63 10.1 12.63 7.98 6.1 13.92 8.5 6.02 3.84 5.91 7.82 6.89 2.23 2.31 2.89 4.25 6.43 6.67 5.69 9.8 9.7 14.5 13.94 13.63 8.58 9.2 10.44 11.08 7.63 2.91 5.17 6.87 7.65 13.55 8.63 9.19 11.27 5.0 5.96 6.45 8.98 12.09 6.99 7.17 9.11 10.13 5.76 9.69 6.23 8.68 9.61
10.66 3.43 5.22 10.03 6.05 13.7 33.57 21.24 17.79 13.32 9.9 10.18 11.71 8.19 12.8 9.08 8.86 9.86 9.82 11.47 7.45 3.86 7.19 4.61 6.21 4.43 2.35 5.07 4.02 7.01 9.74 11.65 10.34 8.73 3.9 7.35 8.05 10.85 7.49 10.61 8.96 5.89 7.56 9.62 4.49 9.09 6.39 5.92 11.57 12.3 8.54 3.54 4.31 12.46 11.21 8.68 4.93 7.47 5.11 5.85 4.55 7.21 13.29 6.78
10.64 8.17 3.68 4.91 4.83 11.54 15.65 16.14 10.98 13.51 9.85 6.24 10.35 11.47 13.5 6.37 7.45 9.71 14.2 5.26 3.07 4.86 6.25 6.26 4.81 3.18 2.91 4.11 3.95 10.49 18.04 12.74 2.92 6.75 8.55 6.81 4.79 7.18 7.11 10.57 11.08 5.7 7.78 8.38 6.48 5.81 7.69 7.54 8.72 5.35 4.63 2.79 4.49 7.57 8.62 11.03 6.14 6.16 5.99 5.93 4.26 9.43 10.18 2.78
4.9 7.21 4.01 11.24 6.14 7.11 5.72 6.18 11.86 19.57 9.69 6.63 7.36 15.91 15.46 11.36 7.23 8.21 6.19 8.88 4.06 9.95 9.17 7.41 3.79 2.6 3.38 4.53 3.08 6.15 14.07 14.05 6.26 8.45 7.25 7.64 3.96 5.89 8.28 17.81 12.51 8.2 6.7 16.91 14.14 8.76 5.82 8.13 5.86 4.44 2.42 2.19 3.07 6.0 7.81 4.54 6.91 6.25 8.38 5.65 8.27 7.66 5.53 2.72
4.28 4.41 5.82 3.96 5.79 11.86 7.48 8.89 7.31 7.93 8.96 13.43 18.2 18.98 24.59 15.14 6.01 6.41 8.0 5.33 3.87 5.89 12.23 4.59 3.65 3.6 3.57 2.1 4.36 4.65 11.51 5.27 8.97 7.82 6.41 9.15 4.85 5.28 10.23 9.82 10.24 13.34 8.53 8.9 12.98 10.01 11.65 6.31 5.54 4.27 2.83 2.02 5.88 4.04 2.95 2.55 4.69 3.87 8.53 5.62 5.3 3.7 4.02 4.9
3.6 2.31 2.39 3.21 3.25 8.58 10.44 8.69 6.96 7.4 4.86 22.34 18.93 27.85 18.56 15.39 10.14 13.67 5.0 5.86 8.07 5.31 2.77 5.8 5.91 7.58 4.9 2.83 2.13 3.75 12.58 7.87 9.02 4.74 5.38 7.79 9.33 6.82 15.47 8.07 6.93 5.24 9.71 6.28 10.33 12.01 11.35 6.96 9.44 5.76 4.44 3.82 5.24 3.46 2.24 2.2 7.27 3.25 4.78 10.15 6.65 4.23 2.53 3.31
4.23 1.78 2.39 3.13 6.61 7.35 9.59 10.61 10.18 5.67 6.12 21.1 9.16 6.78 12.96 22.33 15.24 7.67 4.18 3.88 3.46 3.92 2.65 5.65 5.88 6.26 5.95 5.58 2.34 5.9 7.26 10.11 5.7 3.85 7.45 8.37 17.02 4.17 8.25 8.13 6.85 5.06 5.48 6.57 7.76 7.31 8.24 8.98 7.8 3.57 2.72 4.18 5.68 2.69 3.7 6.65 12.66 5.46 5.5 4.51 5.21 1.59 3.19 7.99
4.35 5.5 4.92 6.93 6.91 5.05 5.85 10.61 13.12 8.6 8.86 12.11 10.55 14.87 12.4 24.31 12.59 7.14 3.07 4.01 4.08 5.28 3.49 3.74 5.62 5.94 5.02 6.72 3.27 4.11 7.53 6.44 8.27 4.02 8.27 13.73 4.99 9.83 14.25 11.26 8.47 5.46 7.86 8.56 5.71 6.53 6.11 6.76 3.93 2.98 1.72 1.38 1.74 1.76 4.22 10.65 10.25 8.27 4.01 5.14 6.34 5.6 6.53 11.04
6.89 9.57 9.72 5.34 3.5 4.85 5.73 8.66 11.75 8.65 12.04 16.72 6.25 8.64 12.09 12.77 12.3 9.25 4.57 4.32 5.15 7.39 10.54 4.29 2.91 2.53 3.56 2.32 4.39 4.24 8.42 6.92 6.26 6.39 6.55 9.11 5.8 7.1 13.48 14.84 10.41 13.65 8.56 15.45 11.15 5.77 16.32 8.21 4.82 2.49 1.49 0.97 1.48 1.4 2.52 6.53 7.03 3.79 4.75 5.07 6.75 8.83 13.38 14.73
7.02 10.19 6.02 5.06 2.64 5.71 11.52 10.91 7.93 9.75 12.14 14.22 12.72 11.41 35.84 9.17 8.59 12.23 8.32 10.72 9.14 3.82 7.25 3.1 2.42 3.57 3.63 2.55 3.15 4.41 12.4 15.49 9.03 7.29 5.38 6.4 3.99 7.77 14.2 14.16 9.85 19.75 12.75 16.0 10.17 5.44 7.71 11.97 7.28 3.89 1.91 2.54 2.94 5.33 5.86 5.33 8.95 5.26 4.83 7.06 7.73 9.95 8.95 11.53
2.49 4.29 5.49 2.95 4.95 6.6 8.78 5.68 6.12 4.51 14.57 14.75 14.92 15.84 27.87 24.57 17.28 23.25 9.69 4.21 3.18 2.6 2.8 3.63 3.7 4.92 4.92 2.56 5.29 6.76 7.62 4.27 5.58 8.98 12.91 5.9 4.04 15.71 9.13 11.53 11.7 9.81 10.68 13.23 6.36 8.22 5.57 7.28 6.0 3.6 5.98 4.95 5.53 6.88 7.78 7.19 7.3 19.96 10.98 4.33 5.29 5.35 12.59 11.07
3.75 6.74 5.73 2.97 3.47 5.47 4.61 5.04 8.59 10.12 8.13 12.39 11.37 17.72 50.0 29.58 20.76 9.61 7.27 4.59 3.67 2.62 4.34 2.74 3.16 5.51 4.97 4.35 2.5 5.56 6.39 8.96 5.49 18.65 15.03 11.1 7.14 11.02 5.22 8.62 4.32 17.26 12.58 18.1 4.62 4.82 3.54 4.72 7.39 5.53 3.87 5.99 7.31 9.92 11.07 5.56 6.74 10.08 7.43 4.92 4.79 7.3 4.39 7.09
5.21 10.97 4.78 3.29 2.96 3.7 3.98 5.12 5.35 6.84 10.26 11.88 7.12 11.06 23.97 14.63 24.08 8.91 10.53 3.57 4.89 2.1 3.85 1.92 1.88 3.11 2.93 3.55 2.57 3.77 4.43 8.66 7.43 35.75 17.91 11.51 13.42 8.58 12.74 18.1 11.7 12.01 21.04 16.78 6.85 8.08 4.44 5.96 4.58 8.89 5.98 7.97 10.97 7.73 8.74 9.65 5.82 5.57 3.96 2.88 2.65 4.11 5.4 3.39
8.36 14.91 8.36 5.24 4.17 3.83 3.67 3.98 4.74 7.41 12.48 6.61 12.01 8.46 15.67 11.23 14.14 12.06 7.28 4.72 6.84 3.29 3.39 1.69 2.53 1.84 2.12 4.05 2.34 1.76 6.3 8.81 7.57 12.73 12.38 13.54 13.02 17.7 13.26 14.47 18.81 11.2 17.94 17.73 7.51 7.38 5.88 12.87 20.45 11.7 9.68 16.3 15.81 23.73 12.58 12.56 9.08 4.31 5.49 7.27 3.5 5.86 4.5 3.39
7.74 7.73 3.62 6.02 8.94 5.29 3.5 3.86 3.38 6.83 13.27 7.69 9.43 6.08 7.43 9.05 13.88 8.01 7.64 6.98 3.65 4.1 4.09 3.13 1.86 0.99 2.27 2.49 2.6 2.39 8.47 7.39 7.49 10.7 12.42 10.32 13.07 11.23 19.43 17.39 14.69 5.37 5.65 8.26 6.6 5.41 12.59 10.65 9.54 5.29 13.9 29.43 21.64 12.99 15.68 21.71 9.74 9.07 9.02 7.28 5.54 8.13 5.87 8.24
5.38 8.95 7.66 6.56 6.64 3.54 4.88 4.48 3.74 5.85 7.42 7.33 6.68 8.16 7.37 8.35 6.61 5.3 8.91 10.34 4.25 4.04 4.88 5.15 2.53 2.48 1.29 1.94 3.7 3.57 6.27 7.66 5.11 4.82 4.65 7.64 9.39 14.4 14.4 10.63 9.51 8.98 5.32 3.57 6.2 4.25 6.48 7.96 7.64 14.21 10.12 18.19 11.0 15.78 12.73 6.22 6.93 8.2 8.87 5.82 6.37 6.51 9.74 7.08
5.53 6.65 4.27 7.74 4.75 3.95 2.79 3.42 3.78 4.26 8.22 6.67 7.34 6.99 5.72 5.24 7.93 4.17 6.17 7.88 5.9 5.77 8.3 5.06 2.95 4.4 3.91 3.09 4.07 4.18 4.43 2.25 3.19 4.72 5.36 5.18 5.02 8.47 12.85 7.32 4.61 7.7 5.48 3.04 5.53 6.91 8.1 18.51 14.43 12.99 17.74 10.78 11.43 9.23 9.3 8.01 10.06 7.67 10.0 4.94 8.96 6.1 6.88 5.32
5.98 7.65 6.55 12.8 6.05 2.73 2.79 2.63 3.33 8.47 4.68 6.62 8.12 7.67 9.23 11.05 6.64 9.14 9.63 9.71 14.66 10.8 8.4 11.94 9.37 10.6 8.89 3.6 3.34 5.65 4.9 2.47 2.53 3.46 7.41 6.13 6.58 3.32 10.41 6.25 2.66 6.25 5.18 4.58 5.78 10.08 17.65 13.84 15.7 6.42 7.88 11.86 17.93 18.23 10.8 4.91 16.78 12.42 13.91 12.48 8.77 9.36 7.56 9.12
10.4 7.24 5.97 15.33 9.36 3.22 2.68 2.24 4.55 13.79 6.89 7.04 4.7 7.36 4.01 7.2 7.61 8.2 12.08 7.46 19.44 14.17 11.01 7.05 13.79 10.91 17.32 9.65 4.05 9.8 6.86 3.14 2.91 3.9 7.04 7.48 4.43 6.7 12.69 7.52 5.95 3.42 5.93 4.72 6.44 9.65 9.3 11.13 14.38 5.92 5.65 6.69 11.27 11.33 14.0 5.46 8.24 9.51 8.08 7.16 9.99 10.99 6.19 9.15
6.63 11.95 13.18 9.95 7.01 4.47 3.79 8.88 10.53 20.55 5.22 8.76 15.92 7.79 5.92 5.22 4.2 11.27 9.73 16.84 17.26 9.43 3.98 5.84 8.95 9.54 9.3 6.55 3.92 7.56 7.14 3.75 3.11 3.88 5.77 6.48 6.25 6.98 16.75 9.93 8.07 5.99 6.79 5.49 4.65 10.33 30.11 9.11 9.21 7.44 5.04 4.55 8.05 11.37 10.27 7.23 5.86 9.58 8.18 11.52 7.71 5.77 5.02 8.25
8.57 8.81 12.42 13.96 5.72 8.89 15.85 21.66 13.57 5.39 7.22 10.53 6.48 8.74 9.74 9.5 8.33 20.08 13.64 16.75 12.33 13.04 4.72 7.01 3.36 9.35 9.28 7.27 5.48 4.29 4.52 4.56 2.2 3.28 3.04 4.64 4.9 9.66 20.8 26.57 4.92 4.57 5.33 5.33 10.11 8.15 19.44 19.0 11.34 8.44 7.79 5.93 6.03 4.14 9.89 9.28 13.9 7.56 8.35 13.63 6.91 5.69 6.24 6.81
10.0 10.97 15.83 21.03 12.08 23.28 46.94 26.01 19.66 6.99 8.06 16.53 17.83 12.52 9.38 8.71 27.29 27.06 15.1 10.64 11.59 6.74 7.8 13.35 16.14 6.64 7.82 6.77 5.59 6.17 4.41 4.42 3.17 3.1 3.65 6.55 6.66 12.2 21.41 13.46 5.9 6.61 5.4 4.14 3.42 6.51 19.13 13.11 8.53 7.07 6.07 4.77 2.9 9.5 8.09 9.3 10.35 11.78 8.2 18.34 10.47 4.7 13.93 11.15
6.12 10.82 19.26 20.0 14.39 18.09 26.74 40.49 18.86 16.85 13.38 15.11 18.23 10.45 16.2 14.63 16.22 26.4 13.5 11.14 6.18 5.57 13.29 10.26 11.38 8.0 7.03 6.52 4.89 5.55 6.69 4.53 5.59 3.67 6.54 7.99 10.7 15.71 27.17 11.49 7.77 5.8 12.95 7.82 6.22 5.81 10.34 8.94 4.33 3.53 5.27 1.97 1.21 3.3 7.34 11.38 12.94 12.37 7.73 6.46 11.46 8.03 17.53 17.36
6.71 12.08 17.16 14.38 13.67 24.91 43.57 28.06 24.92 16.74 14.05 13.32 13.9 18.71 17.49 13.75 20.97 20.27 21.36 7.67 3.78 2.81 7.27 5.36 5.23 8.26 10.24 7.13 9.19 6.25 5.42 5.94 2.65 3.37 4.8 9.92 10.0 15.62 26.83 14.88 5.94 14.67 13.24 8.12 5.25 7.29 9.21 8.12 4.73 5.97 3.89 1.51 2.98 4.85 9.63 8.15 7.66 9.13 8.33 7.67 7.54 9.59 7.07 15.34
4.44 4.74 11.29 17.34 14.8 11.92 21.56 19.53 15.61 22.98 13.04 10.54 8.69 15.83 20.52 15.32 25.5 15.83 10.62 10.67 3.75 1.8 3.31 2.69 6.07 13.04 12.87 12.59 17.01 5.09 1.84 3.2 3.35 3.35 3.46 6.92 10.4 24.65 21.97 14.76 8.13 5.67 4.0 5.81 7.24 7.62 6.73 6.24 7.09 9.3 5.32 2.41 3.71 4.27 8.59 8.89 9.12 11.08 8.91 10.37 5.62 15.0 8.36 9.54
4.7 5.09 8.41 8.78 19.07 14.62 17.46 16.92 8.14 15.67 12.94 7.86 13.4 10.55 11.57 8.77 16.93 20.46 11.61 8.27 6.8 2.14 2.85 3.27 5.02 15.44 16.45 12.25 12.44 6.56 2.24 2.31 2.56 5.56 5.46 6.82 5.49 17.84 9.27 7.64 5.91 5.52 4.13 5.03 4.59 7.58 8.34 6.73 7.42 8.21 6.05 2.76 4.3 4.46 7.48 4.96 8.33 12.1 24.97 12.61 6.1 5.13 11.3 9.73
4.06 4.84 6.46 9.91 15.1 9.07 6.89 8.28 9.41 11.82 27.76 8.68 10.01 6.88 7.4 11.69 22.48 12.76 17.56 6.88 5.39 3.12 2.75 2.45 3.73 10.89 8.36 10.82 10.56 4.93 3.71 3.82 4.14 3.82 3.94 6.83 7.45 14.1 9.08 7.29 6.3 8.16 4.1 6.62 6.41 3.24 4.28 3.75 6.99 10.14 5.78 5.45 1.81 2.68 5.15 4.97 6.11 13.38 23.18 7.56 4.34 6.61 7.45 8.33
4.52 7.36 9.64 9.59 8.63 3.28 4.28 5.03 13.57 11.65 14.68 15.04 10.65 6.7 12.67 18.94 28.29 10.74 11.63 9.13 3.35 3.63 4.75 5.34 3.88 5.08 6.62 6.09 7.13 5.32 2.59 2.55 2.17 3.2 6.06 6.22 5.67 4.57 6.04 6.7 12.56 12.42 10.51 6.58 7.6 4.22 6.17 8.27 9.13 7.5 6.14 4.68 4.6 3.11 4.51 9.12 3.9 17.92 16.53 6.75 4.42 3.0 6.1 9.42
3.48 4.24 6.34 10.35 8.74 3.36 3.66 5.96 8.19 8.5 8.07 14.38 12.8 5.76 9.89 17.86 9.78 16.05 9.21 8.04 4.9 5.38 6.13 2.69 2.36 8.74 6.29 9.52 3.45 6.12 3.08 6.55 4.99 5.29 3.63 3.59 1.72 2.55 3.17 4.33 3.57 5.25 17.42 9.45 7.43 4.12 4.17 8.08 8.03 7.7 6.04 5.83 4.08 6.8 11.99 14.02 6.72 9.47 16.34 5.22 2.98 3.96 7.81 10.39
5.88 6.48 7.8 13.5 5.92 5.8 8.22 2.83 6.7 6.2 8.16 8.35 12.78 8.33 8.37 9.51 6.04 11.29 9.42 7.79 6.12 5.41 3.9 4.44 1.75 3.56 4.26 5.56 3.96 3.89 8.19 16.01 6.81 7.8 4.56 4.54 3.12 2.22 2.58 2.53 3.57 5.42 7.08 11.85 4.64 4.14 3.95 3.19 5.6 3.56 5.19 9.06 4.19 7.76 14.48 4.41 5.52 9.65 4.67 3.36 2.33 5.31 14.6 10.48
5.0 6.39 8.58 8.39 8.81 9.08 5.54 7.21 6.06 6.94 5.21 8.44 10.5 3.72 5.6 10.82 5.25 6.07 12.74 10.76 6.01 8.41 4.29 1.96 1.97 2.9 2.93 5.39 5.69 2.83 6.06 11.93 6.68 5.93 5.0 3.4 7.93 6.22 4.11 5.76 2.7 4.72 5.3 8.39 8.27 7.19 4.27 3.29 4.82 5.85 10.09 4.8 4.11 5.59 10.79 2.8 4.78 4.96 5.23 2.99 3.24 4.61 7.58 5.84
4.69 4.51 6.63 8.5 14.32 10.18 10.82 7.59 3.5 5.65 7.46 6.87 8.87 4.2 5.2 9.83 10.45 11.71 15.41 9.51 7.64 10.69 7.08 2.99 2.52 2.33 2.29 5.6 10.61 6.17 5.34 4.03 6.39 3.75 10.28 6.63 8.9 7.25 4.2 3.82 7.83 7.93 12.26 5.83 11.65 12.12 3.34 3.78 3.59 6.37 12.9 8.07 8.6 6.86 6.44 4.48 4.92 7.43 5.74 3.24 2.61 5.23 10.31 10.04
8.49 7.33 6.06 10.33 10.44 8.02 8.65 7.52 4.18 4.17 4.52 6.36 5.93 4.92 5.74 7.24 7.23 7.24 7.26 11.99 12.47 15.15 6.03 3.73 2.92 3.46 4.67 6.01 11.94 5.75 6.66 5.0 6.15 9.13 10.75 9.32 15.02 5.52 4.67 3.58 5.95 11.05 7.21 14.05 12.46 5.34 3.79 3.85 6.68 5.69 8.05 7.76 7.7 13.8 5.95 5.09 5.48 4.53 2.91 7.31 6.74 6.53 8.24 8.23
8.43 9.42 5.75 7.91 10.85 11.38 10.82 10.46 6.88 5.47 7.3 10.89 6.46 3.53 4.55 8.04 7.13 5.49 5.94 5.79 13.37 6.98 3.66 3.34 3.34 2.44 5.08 6.04 5.01 6.3 5.62 7.39 11.91 11.97 21.03 19.55 10.28 6.19 4.67 3.21 5.36 6.45 9.06 7.33 13.95 10.4 6.54 5.11 4.48 5.72 6.63 7.55 9.3 11.65 10.6 4.63 5.9 8.29 3.92 9.14 6.15 7.73 6.34 8.98
7.32 7.35 8.92 7.61 14.48 7.9 6.34 10.64 8.85 6.5 9.79 6.43 5.75 4.68 10.35 18.43 10.28 9.64 10.38 14.23 23.89 7.93 3.34 1.8 4.01 3.9 7.55 7.12 2.79 4.53 6.93 9.17 9.49 12.33 10.95 23.83 12.8 5.59 5.6 5.41 4.79 5.93 13.24 7.3 9.84 11.15 9.33 9.64 8.04 6.0 5.47 6.75 6.84 10.08 8.23 9.32 7.3 8.21 6.78 9.38 12.16 11.99 7.61 12.01
8.25 9.14 11.86 14.77 13.54 9.56 10.19 9.88 5.79 2.85 6.11 6.78 5.45 2.43 8.65 20.02 31.25 7.67 9.78 17.27 24.46 8.25 6.06 4.83 9.98 5.41 10.82 8.67 9.3 3.03 8.1 4.99 7.44 13.21 14.15 26.56 8.68 5.18 10.56 6.23 4.42 4.85 6.2 7.43 10.71 19.38 22.32 8.86 6.53 8.31 6.91 5.42 7.19 8.26 8.94 11.41 7.28 7.75 10.15 9.84 6.67 11.83 7.34 16.3
7.73 9.22 15.92 13.85 8.25 7.12 11.58 19.9 5.2 4.3 5.21 4.46 3.89 4.21 10.21 10.03 9.94 8.86 10.41 12.1 24.07 7.41 2.99 5.7 6.9 11.32 9.44 5.48 4.98 7.54 9.53 8.04 7.97 6.88 10.14 8.07 14.62 10.37 8.04 6.78 4.02 5.3 8.23 11.85 12.51 12.35 15.07 8.73 3.76 7.32 5.9 3.6 5.65 9.87 13.8 15.66 8.68 8.32 9.67 11.64 4.16 12.64 16.27 10.1
5.0 7.69 7.36 8.17 8.62 10.92 11.34 9.35 4.15 4.55 5.53 8.05 7.8 6.79 8.38 9.71 17.9 16.65 11.47 6.39 10.18 6.07 4.63 6.12 5.24 8.84 6.79 8.83 6.61 10.6 6.85 5.53 4.07 3.87 9.07 8.22 4.1 12.69 7.92 5.54 6.32 7.06 7.05 13.25 15.61 12.79 18.1 8.74 2.78 3.91 7.62 6.28 7.91 11.33 12.52 8.03 7.25 5.05 4.01 4.1 5.8 6.59 21.29 13.64
3.39 4.23 4.26 4.59 4.47 6.23 6.18 6.72 4.98 4.49 10.61 10.79 11.6 13.36 11.17 13.68 13.07 9.83 14.39 10.05 7.68 10.01 8.37 11.88 4.63 9.87 6.72 9.79 10.8 12.32 5.44 8.05 3.12 3.37 4.61 10.49 7.54 6.1 4.57 3.93 6.71 5.53 3.26 14.39 17.78 12.6 17.2 7.92 6.27 5.43 10.65 11.99 14.72 23.93 8.89 5.47 3.32 3.44 2.59 3.15 5.59 6.49 8.17 14.22
5.03 2.79 2.77 3.69 5.67 5.37 4.61 5.22 5.33 5.45 9.73 10.09 12.37 15.67 14.38 9.45 7.01 10.48 8.72 13.75 14.6 10.73 20.81 11.56 9.39 10.47 5.34 8.41 11.07 15.19 6.34 6.01 5.48 4.73 7.34 4.29 3.26 4.41 3.53 1.95 5.73 4.28 5.87 8.2 22.54 20.33 15.08 5.1 4.97 5.84 10.08 18.08 28.95 29.45 17.79 5.86 3.92 1.55 1.91 2.51 4.39 4.77 11.69 11.92
4.27 4.27 5.31 4.95 5.73 5.37 8.53 6.22 4.46 7.28 7.3 8.47 13.27 24.45 11.87 8.53 4.95 8.93 6.52 18.26 13.36 9.51 14.1 16.24 9.08 8.14 9.2 9.18 15.04 11.91 8.01 11.45 6.41 8.54 3.04 3.96 5.6 3.05 4.47 3.18 5.58 3.76 5.36 8.51 11.81 5.96 4.63 6.94 5.21 6.73 8.84 15.63 24.03 31.61 21.76 5.39 1.49 2.76 3.11 3.04 8.97 6.2 15.64 9.39
4.85 2.36 3.56 5.08 5.4 9.09 9.37 4.77 7.13 5.21 11.62 10.19 11.79 12.28 10.38 14.44 6.22 6.97 9.63 13.62 8.17 12.66 10.12 20.99 7.41 7.56 8.43 10.81 8.82 6.28 8.33 8.46 8.87 6.79 7.1 6.55 11.42 5.93 8.56 10.94 10.02 5.21 6.3 8.3 7.95 4.78 7.85 3.31 5.29 6.74 5.27 12.59 12.42 8.06 7.99 3.97 3.18 1.91 3.61 3.88 5.63 10.12 10.74 18.68
5.76 4.15 7.36 11.17 6.95 7.05 6.15 6.85 4.99 7.52 10.03 10.82 6.52 9.54 7.25 11.05 9.09 7.77 6.11 7.36 6.26 15.87 8.72 26.04 18.1 9.98 4.23 7.73 6.47 8.06 7.3 7.66 8.53 13.37 8.46 6.74 9.12 8.33 9.84 22.15 15.06 10.94 13.74 13.4 15.46 16.3 9.64 5.4 5.87 6.78 7.78 6.14 11.1 5.99 8.68 5.5 1.98 3.05 4.63 2.15 3.31 6.61 5.81 6.07
7.13 11.48 27.63 11.6 11.42 4.09 8.67 8.43 7.46 13.38 10.13 8.97 12.22 7.32 12.38 7.91 7.47 6.57 4.91 5.28 5.62 9.41 16.47 9.61 5.05 8.53 6.49 8.34 4.56 4.34 6.47 6.96 6.88 19.63 14.12 4.15 3.91 5.11 15.16 25.82 15.55 8.32 12.78 22.09 17.77 15.11 11.98 5.65 8.42 8.91 7.39 7.98 7.9 4.18 6.43 10.59 4.34 3.09 3.24 2.06 2.73 3.96 7.09 6.06
10.83 14.88 14.26 13.38 5.04 5.32 8.08 18.52 20.89 10.21 15.7 15.55 13.65 11.79 8.36 4.83 4.38 6.76 17.96 12.49 13.42 11.61 11.45 5.89 3.96 5.18 9.74 4.44 4.8 2.91 5.54 6.57 8.37 11.2 6.78 2.7 4.55 6.09 8.37 21.82 15.68 12.8 9.53 12.6 14.32 19.44 12.3 11.07 8.64 6.64 8.27 7.77 10.21 9.29 6.64 4.87 4.87 4.85 4.56 3.71 2.1 6.8 7.91 6.29
5.17 9.03 6.55 5.15 12.85 5.6 8.29 15.85 19.77 19.13 13.54 20.33 15.51 7.16 3.77 7.16 7.48 11.47 16.82 17.77 14.94 15.83 11.43 6.94 5.18 3.09 8.42 6.8 4.77 5.25 3.97 5.01 7.87 5.82 2.41 4.02 4.92 6.7 7.49 11.27 10.67 6.6 6.82 7.97 14.25 11.22 12.36 7.15 8.6 7.31 6.88 11.47 14.11 9.85 8.87 5.57 5.19 5.24 1.6 3.19 3.08 8.77 9.43 8.74
9.46 4.81 5.11 5.26 13.33 3.84 5.92 9.66 17.81 14.85 18.1 14.67 16.0 6.36 4.02 6.2 5.59 7.41 22.97 25.37 17.26 18.08 11.88 8.63 4.78 4.61 4.68 5.26 5.1 6.19 4.99 8.11 5.79 4.42 2.29 7.25 7.68 8.2 7.25 6.18 4.38 5.76 7.65 3.87 5.4 7.32 6.82 9.39 4.74 8.88 5.81 15.92 10.82 10.01 5.9 5.7 3.07 4.36 2.43 4.1 4.03 7.66 7.64 16.76
5.02 5.28 5.31 7.11 7.52 11.16 7.43 9.23 14.59 19.56 27.65 10.42 7.29 3.28 2.61 4.93 5.01 5.1 8.9 14.65 15.68 12.87 16.5 9.55 2.83 2.11 2.58 3.74 5.56 4.45 5.2 6.13 6.96 5.12 5.58 6.2 9.76 5.42 6.45 3.62 2.29 2.97 4.2 7.41 5.73 3.92 3.3 2.33 4.56 6.84 4.94 15.49 6.93 4.2 4.5 12.04 9.45 3.65 3.02 2.47 5.67 8.37 13.17 8.49
4.7 5.47 3.5 4.42 10.47 9.32 18.4 7.31 15.57 20.68 18.54 11.65 7.02 3.43 3.44 3.32 9.59 7.62 8.29 8.91 14.33 15.49 15.42 7.13 1.85 2.36 3.4 2.34 4.18 6.7 4.85 5.65 7.4 5.41 10.41 10.65 9.96 7.4 4.16 7.93 4.41 5.91 10.12 6.03 3.64 2.82 2.25 6.5 2.84 1.98 3.76 6.01 8.04 5.22 3.78 7.5 5.15 7.93 5.4 9.71 9.65 8.12 17.34 9.05
2.37 8.19 4.48 3.92 11.7 18.08 8.79 7.79 5.45 9.38 13.38 13.17 5.4 2.25 3.56 3.97 9.06 8.13 12.12 9.07 14.97 12.21 23.71 4.15 3.48 2.22 5.73 2.95 1.84 2.61 5.43 4.69 8.41 5.34 11.67 9.69 6.92 6.0 9.05 7.26 5.59 11.6 12.83 13.2 6.69 5.25 6.12 5.51 4.26 3.23 5.07 5.85 3.38 4.95 2.58 3.87 6.33 8.25 4.89 9.96 10.3 9.05 9.51 9.16
2.22 5.78 10.94 6.7 5.74 24.65 11.41 8.84 5.08 4.32 11.78 8.82 4.0 3.41 3.21 5.79 3.87 10.17 12.07 9.46 17.06 22.75 8.89 5.04 2.84 4.3 3.64 2.65 2.83 3.78 7.21 6.8 5.24 6.23 8.19 9.28 4.24 3.54 7.17 3.45 6.77 20.6 19.05 7.97 7.66 7.15 6.83 6.38 6.96 6.89 8.75 7.62 4.87 7.88 7.72 5.63 7.67 10.78 10.56 13.77 7.0 10.54 7.04 6.84
1.89 4.17 8.68 5.35 7.74 9.53 10.5 8.93 7.42 4.81 7.06 6.55 6.61 3.5 4.38 7.06 7.52 7.5 4.54 11.65 16.68 14.59 7.04 6.27 2.99 3.86 8.07 3.21 3.56 4.55 8.04 9.02 4.75 7.51 5.97 3.09 3.73 5.26 5.89 4.84 2.9 14.33 12.68 7.06 6.29 8.22 5.48 5.11 4.62 6.66 10.12 4.97 7.72 7.13 12.54 7.9 7.39 9.58 10.49 11.61 14.17 9.56 10.13 10.51
4.59 5.57 5.8 3.27 3.96 7.46 10.15 11.66 8.08 7.25 7.12 11.08 10.9 7.85 5.91 4.79 6.18 7.54 4.69 4.63 9.64 17.8 19.48 10.51 10.57 5.13 5.36 6.26 5.85 10.66 9.22 9.21 11.38 9.74 15.6 7.57 4.55 5.38 3.91 3.26 5.46 5.32 10.4 6.91 9.01 10.41 17.37 11.49 5.33 5.0 6.03 6.99 7.77 10.27 10.53 10.83 12.1 7.55 8.12 7.32 7.86 8.38 8.97 13.28
8.79 3.11 2.52 2.48 7.24 7.11 8.55 12.2 12.27 5.18 7.37 8.01 10.39 10.9 5.46 6.93 12.81 3.85 2.92 4.19 11.66 19.18 7.26 15.24 12.49 9.62 4.74 8.52 6.12 7.67 9.49 11.61 10.04 17.1 11.89 9.2 8.57 4.93 5.64 1.46 6.69 4.69 7.08 9.08 12.5 16.21 26.55 13.65 7.31 5.77 4.15 9.24 12.35 14.71 24.9 26.59 10.82 5.82 4.38 4.88 6.74 2.96 6.14 6.02
15.87 7.81 4.17 3.56 4.16 6.29 7.36 8.86 10.13 8.41 6.87 5.07 6.68 10.53 7.1 8.67 8.33 4.37 3.36 7.69 7.52 20.26 12.94 17.94 16.91 11.44 3.98 9.26 13.07 12.09 14.0 9.9 8.65 9.7 22.67 6.18 5.28 3.67 4.43 5.04 4.63 7.54 6.09 5.55 10.76 12.77 21.7 17.12 5.04 8.51 9.21 15.38 22.85 16.73 16.14 23.54 5.33 4.23 5.21 6.46 2.95 4.66 4.2 11.28
19.53 6.41 3.38 3.45 5.5 5.16 10.72 14.87 11.22 14.25 8.13 4.62 4.63 8.17 4.23 6.61 4.76 6.19 2.93 9.3 4.82 9.81 9.38 11.82 6.29 9.54 4.61 6.23 6.11 10.32 10.96 10.85 5.71 13.47 20.66 7.62 5.4 5.63 5.64 3.22 5.24 5.1 5.04 6.56 10.11 8.19 14.27 14.81 17.8 9.74 6.52 6.84 14.52 7.38 11.73 16.06 4.16 3.12 3.95 5.11 3.66 4.05 3.79 6.85
7.17 5.67 2.88 3.15 7.61 10.73 12.9 17.74 19.44 17.44 14.65 10.36 7.41 5.88 6.14 8.5 6.49 7.06 4.23 5.42 7.85 7.56 8.68 12.34 5.94 5.22 5.14 3.85 5.44 5.69 8.67 6.56 7.42 7.66 8.98 10.7 5.42 5.19 3.15 4.58 8.41 8.21 7.82 11.52 9.93 13.51 19.25 14.6 12.26 15.92 13.37 8.82 8.63 10.01 8.93 5.34 5.1 4.51 7.49 2.36 3.13 2.8 4.28 6.51
