7.31 17.39 9.45 10.33 7.1 6.64 7.48 10.27 13.62 28.73 25.63 17.13 4.96 8.97 8.85 8.91 4.92 6.21 11.37 16.53 16.17 8.46 3.8 2.5 2.96 4.77 4.17 9.24 8.54 4.08 6.48 8.95 11.17 20.24 24.28 23.4 13.45 11.15 6.02 5.11 8.62 6.47 4.31 4.41 8.82 7.09 4.42 1.82 4.56 5.29 4.14 2.89 3.37 7.44 7.02 7.51 10.23 6.92 8.87 10.03 11.71 4.15 3.1 4.14
12.8 18.14 17.23 9.2 7.95 4.57 4.67 5.9 13.55 12.16 18.92 18.48 12.04 4.9 12.96 7.91 11.14 6.51 7.52 12.98 19.41 6.56 5.17 6.28 5.82 5.34 8.71 7.95 5.35 3.66 4.69 8.24 13.63 16.27 13.49 34.5 12.76 11.78 5.21 9.27 8.73 7.1 3.79 3.78 8.77 8.18 6.96 2.93 5.15 5.53 2.53 3.53 4.08 2.74 3.03 5.27 3.93 7.96 6.59 4.96 6.91 5.01 5.39 3.89
20.86 13.15 11.39 8.13 7.97 4.64 8.61 6.07 7.63 9.78 8.16 13.07 7.04 9.93 9.51 6.09 17.0 6.74 9.24 12.58 11.55 4.69 7.27 4.93 8.87 13.11 17.79 8.7 10.17 9.68 4.46 9.66 19.89 19.85 18.67 28.58 10.24 12.06 6.5 7.26 5.29 6.71 4.5 4.3 7.5 8.36 7.65 2.86 3.8 4.44 2.54 5.7 3.34 3.19 4.58 8.75 9.47 7.39 7.75 6.8 6.0 10.67 4.7 3.25
20.33 9.51 8.11 5.23 8.37 7.39 8.9 4.4 1.99 7.03 9.99 15.15 10.01 13.66 5.34 8.87 12.38 5.58 9.73 11.51 8.28 6.45 9.15 8.55 8.8 9.71 7.61 10.47 8.35 4.45 8.82 9.0 9.3 8.64 20.54 14.75 17.17 5.26 5.71 7.92 4.87 5.06 5.05 4.89 8.12 4.92 10.32 6.55 6.0 2.73 2.63 2.5 3.2 3.17 8.99 14.75 10.33 5.28 10.1 12.34 4.6 9.33 8.47 7.63
6.35 7.53 8.72 7.26 5.82 8.55 12.23 3.31 3.45 4.75 6.87 10.95 14.47 7.53 4.92 5.94 8.89 13.46 8.67 12.54 10.15 6.61 4.46 16.28 8.25 7.39 11.22 11.85 7.33 8.19 19.58 13.69 13.49 14.33 9.27 13.34 12.5 11.55 4.98 10.5 8.64 10.36 5.35 11.21 5.5 7.5 4.94 11.33 6.58 3.35 2.91 4.3 7.09 2.05 2.84 3.74 5.19 4.66 7.42 11.31 6.6 11.47 7.78 10.21
6.57 8.76 7.92 8.9 6.17 5.4 7.85 8.25 5.66 5.81 5.9 10.4 19.6 7.97 10.4 6.46 8.6 14.18 7.18 9.38 10.14 5.95 11.6 21.3 14.86 9.81 10.93 7.32 8.49 17.27 20.56 9.03 16.02 12.03 13.77 12.58 12.68 9.66 9.57 9.03 5.43 7.66 10.11 12.23 9.84 6.47 7.59 9.11 3.49 4.23 3.9 7.05 4.46 5.02 3.56 3.49 6.27 8.18 16.02 12.59 18.75 11.55 13.75 8.76
14.73 12.6 6.98 4.81 3.45 3.36 6.61 4.8 3.88 4.98 7.33 14.49 11.68 15.29 3.54 6.94 7.15 5.38 8.97 10.11 4.34 7.44 7.75 10.05 14.57 17.18 9.7 7.25 13.14 10.49 10.42 15.36 20.64 29.1 14.97 7.55 12.26 8.59 8.78 7.37 12.18 8.82 15.67 17.82 16.52 8.17 11.11 4.64 3.6 4.04 3.26 7.47 3.42 4.33 3.55 6.73 9.49 14.87 22.89 18.1 17.59 18.01 7.61 11.21
6.68 10.21 7.09 3.47 3.59 5.14 3.23 3.5 7.5 7.37 8.9 9.49 11.52 10.95 4.81 9.0 4.72 11.03 9.2 10.45 6.49 6.34 12.64 19.08 12.45 14.67 8.79 11.34 14.36 16.67 13.37 17.21 21.03 22.63 16.18 3.64 6.57 7.14 8.69 6.19 10.11 10.9 6.76 7.7 9.79 10.71 7.27 5.22 4.94 3.81 3.31 6.69 5.86 7.02 6.21 4.82 5.85 21.46 23.54 9.21 16.52 15.12 12.29 9.92
17.17 21.22 12.43 6.08 5.51 3.44 2.5 7.22 7.29 5.21 4.23 7.46 13.4 13.35 12.16 6.94 3.69 6.21 11.38 7.56 13.09 7.24 11.01 26.65 31.63 16.43 7.67 8.25 7.11 11.16 8.58 6.92 15.52 13.89 15.87 4.1 3.71 4.37 9.4 7.07 6.55 7.63 9.8 11.15 12.24 7.16 7.4 6.19 6.14 3.74 5.62 3.93 8.35 6.59 5.21 5.01 9.69 18.53 24.63 12.07 9.86 9.97 9.78 6.02
15.22 21.33 6.43 8.15 7.71 6.66 4.6 7.69 7.37 4.09 4.34 4.85 8.08 10.47 14.88 7.53 4.49 5.33 8.28 8.99 13.3 10.12 10.27 27.38 27.0 23.34 8.67 18.4 8.77 15.89 7.31 7.83 7.1 10.15 8.01 6.37 8.38 9.91 8.74 9.61 3.9 6.61 8.88 9.82 8.55 10.58 8.52 2.79 5.77 5.22 7.24 4.41 7.45 6.16 4.62 5.96 12.26 15.63 10.51 10.42 9.36 6.97 6.23 7.98
12.15 12.23 8.84 9.29 9.77 6.87 4.35 5.18 11.54 2.98 8.23 7.31 7.6 8.69 7.92 9.58 10.39 6.17 6.1 10.18 12.64 13.14 19.4 19.98 17.76 7.6 12.77 8.07 11.23 8.24 8.74 7.99 5.24 5.89 4.18 7.78 10.76 8.89 7.78 11.14 5.94 6.05 9.65 9.32 10.45 7.82 9.54 4.76 9.15 6.89 8.4 5.35 6.91 8.21 10.7 11.65 10.69 12.69 17.02 6.64 6.29 4.54 6.06 8.08
7.61 10.44 18.78 18.9 34.24 14.67 5.32 6.58 5.44 7.56 9.06 4.44 3.91 5.66 5.4 7.57 7.76 6.39 5.16 5.29 10.92 8.95 31.73 17.41 12.8 9.85 7.73 9.21 11.26 14.61 6.26 8.32 9.83 4.33 3.42 5.6 3.17 6.13 7.15 6.5 7.24 5.19 4.67 6.11 9.75 6.31 4.66 15.08 5.2 7.89 6.41 6.1 5.55 9.45 5.67 6.57 8.36 5.61 10.19 5.55 5.65 5.12 5.99 6.41
8.53 10.09 20.36 19.39 17.89 16.75 7.86 14.15 6.88 8.81 5.47 5.76 2.67 3.04 7.63 8.93 14.47 8.67 6.72 5.06 10.76 11.28 21.21 13.16 10.21 11.97 12.67 8.85 7.57 12.76 10.0 11.95 6.71 3.79 5.45 2.83 2.97 4.43 6.11 8.88 8.21 8.23 4.5 5.29 6.72 11.7 8.27 9.05 7.46 9.56 12.52 10.15 7.0 8.21 4.93 5.01 5.99 4.51 3.76 9.79 8.31 9.07 10.48 5.09
13.16 10.57 12.07 16.55 17.95 11.71 16.22 8.54 10.2 5.64 11.48 4.49 4.38 5.97 5.7 8.42 8.09 7.78 4.62 9.23 9.74 23.98 17.17 12.22 10.86 11.08 11.56 8.08 5.51 4.87 7.0 6.65 8.39 7.12 7.43 4.62 4.48 8.16 7.43 7.0 8.34 5.84 7.25 4.29 6.27 11.87 14.33 12.48 14.54 10.16 12.6 9.68 9.5 4.62 4.41 19.25 18.67 12.23 6.12 4.42 3.75 11.87 8.35 9.53
9.34 7.7 9.97 14.04 7.59 13.27 14.23 13.61 5.79 4.29 4.97 3.84 3.47 2.72 4.62 6.27 3.3 3.23 3.7 6.76 8.27 18.48 11.24 9.45 5.84 4.5 8.53 9.67 5.61 9.32 11.11 9.36 6.27 9.22 7.89 10.11 7.59 8.19 10.23 11.57 12.27 10.9 7.36 4.9 3.47 9.49 9.32 8.51 13.26 14.16 9.25 9.82 14.22 6.96 9.45 13.28 4.85 9.61 10.37 5.41 5.52 9.34 12.18 4.87
4.35 7.95 10.6 12.47 13.12 14.11 5.96 4.15 5.74 3.2 3.08 4.47 4.95 4.58 7.5 7.41 3.89 3.81 4.25 14.61 12.04 11.24 13.25 7.87 7.71 4.57 6.83 4.99 6.77 9.61 6.87 10.11 14.5 6.33 9.69 12.61 9.87 9.27 9.83 12.02 7.61 10.15 12.74 4.99 3.69 10.09 6.22 11.44 8.23 10.56 7.47 9.88 7.76 10.58 13.08 7.42 5.56 10.39 7.07 11.46 6.57 7.95 12.16 6.73
4.73 15.72 18.54 7.98 9.56 6.7 4.81 2.41 3.89 3.65 2.41 3.16 3.14 6.16 8.88 8.92 8.95 7.87 7.12 9.34 11.14 25.68 31.04 6.01 11.67 9.98 7.61 5.05 4.09 4.99 2.83 6.78 3.82 3.76 4.37 11.21 12.81 15.28 11.16 5.74 6.81 9.68 12.98 6.25 4.81 6.13 9.14 12.46 11.02 7.69 9.46 11.39 17.7 12.18 8.35 3.14 4.76 5.93 8.97 17.22 6.43 7.54 7.07 12.13
13.65 11.45 15.76 8.27 5.69 10.92 6.31 3.53 2.57 3.84 4.76 2.82 2.51 5.03 8.17 8.8 11.25 8.14 9.85 13.85 22.27 31.99 20.27 13.91 13.07 13.1 7.35 11.01 7.46 3.88 7.48 6.49 6.57 4.4 7.25 7.64 8.63 15.99 14.63 9.35 9.98 10.11 10.56 6.07 2.47 5.25 6.95 14.88 15.64 6.84 7.6 10.89 27.3 7.24 7.04 6.85 6.48 5.25 14.29 6.83 5.6 7.37 14.08 19.19
11.02 21.56 7.52 8.52 6.17 13.34 8.51 2.19 1.58 2.1 4.29 4.9 5.75 8.1 15.94 10.34 14.61 20.51 12.0 14.91 25.55 32.66 38.21 23.22 17.1 10.62 9.23 9.86 8.26 5.28 5.04 4.02 6.99 6.47 12.63 11.96 9.48 10.97 9.25 8.19 13.22 22.86 6.81 5.67 8.46 8.67 10.28 15.35 14.59 19.05 12.66 15.11 15.85 10.12 10.09 7.1 4.29 5.12 7.69 12.39 6.1 8.3 7.91 9.89
7.3 12.19 6.19 8.16 7.91 6.54 9.14 5.42 1.91 1.83 2.9 7.96 5.69 9.91 16.13 14.0 19.67 26.83 21.23 20.96 29.86 41.28 29.67 16.48 11.67 8.1 21.35 14.2 16.93 10.72 14.34 8.74 8.63 7.3 7.59 8.92 9.89 19.98 15.49 10.29 30.64 27.74 15.63 9.73 12.42 8.12 16.14 17.11 11.03 20.18 20.48 14.28 14.31 8.76 5.28 3.06 3.92 1.86 2.84 4.57 4.33 7.81 9.82 4.03
14.99 11.55 8.0 7.33 9.1 8.04 4.49 3.17 3.37 3.1 6.39 12.49 14.1 9.27 11.32 11.16 22.98 26.7 9.17 17.24 33.18 41.52 12.11 15.89 9.91 15.59 16.94 27.37 18.13 14.33 21.06 17.6 10.16 10.32 10.04 14.71 20.71 21.94 10.15 7.01 24.64 29.46 23.88 12.4 15.82 10.29 13.7 11.86 21.61 20.34 19.55 24.69 7.59 7.46 5.8 3.67 3.78 2.6 3.84 7.55 7.1 10.29 4.43 6.84
9.0 7.09 10.84 6.63 5.32 3.71 4.36 2.84 3.03 3.28 6.41 13.94 19.31 9.38 11.94 15.01 22.8 30.01 29.86 13.52 24.8 21.46 11.37 13.34 6.95 10.5 8.78 15.04 10.68 11.44 38.48 26.15 12.57 10.37 10.84 9.19 16.55 34.68 20.57 11.89 27.75 17.83 19.81 15.52 14.21 13.22 11.55 13.52 7.77 21.0 17.86 9.07 4.68 3.32 4.9 2.34 1.69 2.71 2.45 5.06 7.09 10.44 4.55 4.6
5.22 8.08 9.33 10.75 7.85 4.78 2.39 3.15 2.76 6.6 6.55 23.91 18.97 5.98 8.85 14.32 30.5 25.56 30.95 22.56 15.2 11.25 14.01 15.42 9.83 7.04 6.93 11.97 7.04 8.81 14.49 12.95 9.47 13.53 7.29 4.95 10.41 11.18 14.5 12.42 16.0 9.74 12.03 10.28 14.18 9.35 7.71 14.49 14.77 30.8 17.77 14.1 5.21 3.47 4.36 2.24 2.07 1.64 0.97 2.24 5.0 9.54 5.77 5.94
4.7 10.74 15.23 7.62 8.32 6.37 2.33 3.05 3.56 2.48 7.07 10.97 14.77 13.53 10.88 9.23 19.79 11.92 9.2 7.35 10.85 10.4 11.03 12.66 8.24 9.14 7.88 7.9 7.8 6.66 10.91 10.19 8.26 11.0 3.03 5.54 6.57 17.96 16.5 20.99 9.0 6.29 3.44 10.03 12.01 13.31 13.37 12.74 21.27 20.42 16.92 9.95 7.05 5.01 3.97 3.75 7.11 5.07 2.01 2.26 4.86 11.07 7.1 8.4
3.92 9.67 7.8 10.08 6.47 7.18 6.54 4.67 3.55 2.73 9.21 9.9 7.92 5.16 5.4 6.81 6.84 6.23 4.86 4.6 9.07 4.86 7.6 11.33 6.65 4.13 9.2 6.85 10.07 8.68 7.5 5.05 11.81 5.45 3.84 8.89 5.81 8.44 13.1 19.95 10.9 5.12 6.76 7.03 5.62 5.41 6.38 8.75 9.03 18.97 8.62 7.72 7.25 4.74 2.7 5.66 5.8 4.65 3.32 2.7 8.63 12.49 18.48 15.27
3.33 4.08 11.66 8.98 5.77 9.66 7.61 8.01 3.8 6.22 2.43 11.46 15.42 15.67 6.94 10.51 3.55 9.35 6.62 3.11 4.17 3.4 6.4 7.98 8.3 4.48 4.33 5.75 12.67 12.76 4.66 3.11 6.39 6.89 3.36 7.35 11.69 7.49 12.96 13.29 9.72 4.95 7.73 5.3 6.91 6.77 3.53 5.64 7.52 10.29 6.75 5.87 5.87 9.42 7.93 8.42 9.35 4.84 3.26 3.8 8.07 8.24 11.1 8.34
6.39 7.54 11.79 9.0 10.53 10.44 9.34 7.08 8.06 9.34 6.51 10.49 5.73 12.3 10.08 7.88 8.54 7.69 10.48 2.94 3.51 3.06 4.98 6.67 4.98 10.4 4.82 6.23 10.66 10.11 4.85 3.37 5.95 7.27 8.23 5.72 5.05 9.47 9.33 10.74 3.11 5.52 4.12 4.96 8.38 4.51 5.17 7.08 7.75 8.63 9.8 6.2 5.81 8.41 5.87 7.55 8.71 3.55 4.7 7.63 6.52 9.02 17.28 9.1
7.4 7.04 7.84 6.37 10.06 9.12 10.33 5.55 10.95 7.28 6.99 10.6 8.68 6.5 4.89 8.52 11.08 10.14 7.75 3.14 3.9 5.72 3.27 3.31 4.28 6.03 5.22 7.86 7.98 5.28 10.93 10.3 11.74 5.82 8.95 8.75 4.4 8.05 7.88 6.99 8.47 7.92 4.13 6.65 9.9 11.18 7.4 5.36 12.52 7.78 16.13 8.24 9.79 2.43 2.75 12.2 6.7 2.87 4.75 7.77 6.41 7.8 14.7 21.84
5.89 7.86 4.03 1.85 4.37 7.2 8.23 5.1 5.78 6.05 9.88 10.55 7.25 6.03 5.34 10.47 10.14 14.92 10.32 7.35 6.11 4.87 3.53 4.73 6.15 4.64 3.35 5.09 3.86 6.24 7.3 4.85 6.9 6.73 12.66 6.36 4.41 3.9 3.92 6.08 6.83 5.38 11.32 4.35 12.97 17.21 7.26 4.8 8.81 10.04 9.71 6.41 7.02 6.0 7.63 8.83 7.0 12.85 13.71 9.2 8.7 9.18 13.87 19.04
7.51 6.61 2.54 2.39 4.55 7.14 11.02 4.82 2.97 3.23 4.36 6.68 6.78 6.43 1.94 4.02 5.95 11.14 10.33 14.88 4.56 3.43 2.59 3.1 3.44 3.95 3.21 3.34 6.75 6.66 6.6 6.14 5.41 3.55 3.92 7.86 4.82 1.75 1.78 6.89 14.38 9.53 9.74 3.47 5.47 9.2 6.87 5.05 10.3 11.17 7.85 9.85 6.91 17.13 27.89 12.31 5.92 8.52 8.89 5.71 5.68 7.77 7.99 17.13
8.39 9.63 4.44 3.14 6.89 6.12 13.93 4.36 7.59 4.36 5.82 5.26 8.74 4.61 2.42 3.44 5.41 4.71 6.13 8.45 10.11 5.99 2.12 2.48 4.47 6.49 2.98 2.91 4.53 7.69 8.66 9.6 6.19 4.01 7.32 12.19 9.63 6.14 3.68 2.8 7.21 5.68 3.38 2.5 4.07 5.79 5.58 7.57 8.55 9.23 11.74 8.61 22.38 15.59 15.55 13.02 16.83 11.0 9.77 6.17 9.39 11.15 17.35 12.97
6.18 7.1 5.57 6.17 3.08 7.87 3.52 6.48 6.54 4.9 7.79 10.76 7.92 3.89 6.66 3.31 5.42 3.23 4.39 7.18 13.56 7.56 4.35 4.28 3.65 4.48 3.88 5.28 2.5 5.36 5.67 3.55 4.36 4.02 5.72 7.28 5.2 8.8 5.65 3.7 6.88 9.1 6.52 6.92 3.84 4.26 5.39 13.32 7.81 8.74 19.59 11.8 8.49 27.58 23.03 27.52 11.63 7.64 10.01 16.87 18.19 16.81 41.04 19.37
6.42 8.5 2.99 4.0 5.25 10.1 9.83 8.0 10.44 13.18 16.74 12.26 4.89 3.69 4.76 4.37 3.71 2.6 3.12 4.96 5.39 5.02 2.08 2.41 3.09 2.31 4.5 6.73 6.05 4.87 7.12 3.36 3.35 4.24 7.96 4.5 8.94 8.89 5.68 5.14 5.16 7.0 9.48 14.78 11.28 3.84 3.85 7.12 4.78 7.29 9.95 6.5 11.84 40.89 26.97 15.13 9.77 17.87 9.99 33.57 24.95 15.58 25.96 11.74
8.85 9.37 3.45 7.83 6.87 6.16 11.37 7.54 7.47 9.14 15.07 11.83 4.46 6.34 5.83 8.35 5.83 4.3 2.98 1.88 4.81 4.45 4.73 2.24 4.12 2.56 7.58 10.45 7.84 8.43 6.89 4.7 2.58 5.04 6.1 7.29 9.28 6.68 7.79 9.67 6.48 12.29 8.23 11.18 4.26 5.42 5.2 4.81 6.75 4.45 7.43 5.97 12.15 22.62 16.88 14.87 18.96 25.19 20.18 22.05 23.49 13.61 10.42 9.38
7.16 5.48 4.45 8.13 6.29 7.96 14.58 16.38 16.49 12.87 10.17 10.29 7.68 7.81 10.79 14.62 6.69 5.14 3.46 4.08 6.43 6.79 7.09 3.65 2.84 5.16 4.57 9.67 16.92 14.46 5.74 6.43 4.07 4.03 6.47 8.47 4.68 4.98 7.46 5.23 6.63 7.43 10.2 15.81 5.03 5.1 3.22 7.74 4.29 5.15 8.16 10.98 12.05 5.25 6.18 7.49 16.74 17.52 15.31 15.58 13.06 7.83 13.61 12.25
9.43 6.71 8.15 3.53 4.42 8.61 16.71 11.05 21.77 11.05 11.72 14.03 10.74 12.37 31.15 22.44 7.31 2.65 2.87 3.91 5.52 8.12 7.82 4.98 4.28 3.39 4.16 8.91 11.07 15.1 7.56 5.94 4.58 8.79 11.85 7.82 7.13 8.52 7.16 4.92 6.67 7.31 10.1 7.35 8.77 6.06 4.31 3.13 10.82 13.7 11.47 6.74 8.17 6.72 13.59 10.86 9.82 11.04 13.75 11.47 13.48 6.79 13.48 7.37
3.81 4.22 3.97 3.35 4.72 4.96 7.56 14.3 29.06 27.08 12.42 12.49 12.95 19.34 14.95 15.74 9.36 5.17 6.0 9.06 7.62 11.02 5.88 6.58 5.8 5.09 4.25 10.74 10.96 9.29 8.46 6.96 3.57 10.12 8.09 10.45 9.49 8.42 6.64 6.63 4.04 6.61 7.91 8.89 5.21 5.12 1.93 2.74 7.99 15.31 7.69 7.66 6.02 9.18 16.88 15.81 10.88 7.83 9.77 7.71 7.52 5.44 13.49 5.14
6.31 5.4 3.63 4.54 2.12 4.35 6.34 12.4 32.32 30.22 25.28 5.73 9.34 8.01 20.23 16.39 12.82 4.25 6.32 3.46 8.54 9.34 6.01 8.13 6.29 5.49 4.25 5.46 13.21 10.88 10.54 5.5 3.86 5.32 4.27 5.65 4.75 3.71 7.95 8.24 4.7 3.16 3.96 6.93 2.95 2.72 3.04 3.47 10.78 17.4 17.18 25.94 21.84 17.44 12.88 28.6 13.87 5.66 5.23 7.49 3.39 3.67 4.22 4.41
8.14 4.55 3.99 4.54 2.54 4.81 6.74 6.13 8.13 34.68 12.5 7.01 9.92 13.17 16.86 15.66 10.59 7.97 7.15 8.12 5.75 5.37 10.75 12.62 9.27 6.28 12.62 7.5 9.76 7.75 6.15 6.53 10.2 7.04 6.8 7.2 3.01 2.34 5.79 5.48 4.53 1.7 3.15 3.24 5.71 4.06 3.89 2.84 5.17 14.65 30.98 32.39 21.87 16.89 13.94 29.11 8.93 10.63 6.26 7.19 2.47 3.62 4.71 5.03
6.6 3.85 3.0 1.65 2.44 9.55 13.82 9.32 8.09 19.95 11.35 12.67 5.86 17.28 5.94 11.29 8.15 7.58 6.91 10.08 4.2 8.32 19.88 10.4 8.98 15.43 15.51 8.91 8.81 7.61 4.71 8.72 7.1 8.11 3.36 2.22 2.92 2.37 5.82 2.79 3.82 1.43 1.91 2.23 8.49 3.58 2.32 2.77 5.21 10.96 24.23 18.1 22.25 17.62 17.1 11.08 10.39 10.92 3.02 3.98 2.82 7.61 7.45 16.46
5.99 1.37 4.84 5.64 5.1 6.54 10.31 9.86 14.54 17.63 14.59 13.94 18.57 11.54 12.09 6.43 4.13 6.89 16.56 12.03 5.68 8.67 8.7 8.02 17.67 18.59 26.89 11.78 12.45 3.82 7.53 7.2 7.87 10.04 3.15 2.11 2.27 4.46 5.49 4.25 3.29 1.93 1.53 4.25 2.1 6.36 3.06 2.59 4.43 9.13 13.87 10.55 16.74 9.87 13.47 18.81 15.26 10.67 4.88 3.56 5.84 14.63 5.79 10.68
3.01 2.99 4.19 11.54 12.24 20.23 12.42 12.46 20.93 15.22 10.08 14.37 17.33 10.21 15.52 10.17 4.37 5.66 4.7 5.48 10.71 8.7 6.16 14.36 21.66 17.89 20.6 11.13 10.2 7.46 13.69 6.65 7.51 6.08 4.68 3.16 2.68 3.92 6.17 5.19 2.61 1.37 1.75 2.63 2.98 5.02 3.48 3.85 3.99 7.38 13.35 14.13 11.22 18.48 26.86 20.41 19.49 13.14 13.6 9.08 10.34 13.13 11.79 12.88
2.48 3.95 4.51 3.49 16.18 13.03 22.72 17.27 14.59 9.94 15.74 17.06 16.53 11.51 10.76 4.89 5.6 6.2 3.82 4.41 3.22 7.6 8.84 8.95 10.86 10.22 13.27 11.05 8.12 9.07 10.07 7.16 8.7 8.29 7.37 6.36 5.79 6.37 4.86 4.17 3.54 3.07 3.28 2.12 3.24 7.5 4.93 4.41 5.37 5.42 16.39 9.09 12.69 17.8 14.4 11.44 15.93 11.88 8.49 5.44 6.18 8.45 13.17 9.9
2.98 4.38 1.92 4.66 8.1 10.9 15.32 10.59 12.12 7.64 13.76 17.0 26.31 9.5 8.76 8.17 7.26 5.72 5.08 4.42 4.8 8.38 8.67 20.86 21.92 17.38 8.53 7.2 14.1 9.58 6.76 8.22 8.48 10.92 11.63 18.82 6.0 4.78 4.81 3.65 2.21 2.59 1.21 1.99 3.38 7.23 6.32 7.48 8.59 10.76 4.57 7.9 11.77 25.68 13.64 12.79 15.95 10.72 6.3 5.36 11.74 8.21 9.79 15.73
2.97 2.82 3.06 3.52 4.41 7.49 8.41 11.32 15.94 23.13 14.07 15.64 14.09 8.53 9.92 4.24 6.12 6.48 12.82 5.26 8.11 7.15 11.91 19.33 23.68 19.72 8.95 14.12 14.12 15.96 11.68 8.52 19.05 16.89 19.62 17.23 7.65 5.51 5.56 3.76 3.46 2.09 1.55 1.26 2.07 7.59 5.6 7.25 9.96 9.06 14.25 11.49 21.14 17.06 11.12 6.68 10.4 6.81 10.55 10.06 22.1 6.11 5.48 6.08
3.23 3.26 4.37 7.01 8.52 8.64 13.76 23.72 6.76 24.3 17.5 18.6 10.19 9.78 11.99 5.65 9.02 2.41 5.99 8.36 5.86 7.52 12.45 20.22 16.16 28.68 13.9 19.33 7.35 8.42 10.46 17.93 14.58 33.6 38.39 29.56 12.88 11.54 4.2 2.82 2.98 2.92 2.24 1.34 1.83 3.76 4.73 7.97 10.03 9.37 10.85 17.6 16.67 15.9 8.26 3.73 4.37 10.85 19.25 13.05 6.2 9.37 10.61 7.93
8.11 5.52 4.55 4.04 5.92 10.58 13.04 11.31 7.03 11.92 9.61 9.47 5.76 9.73 7.23 6.63 7.4 7.15 5.79 12.68 9.68 13.35 8.97 18.9 24.48 13.65 16.56 13.23 10.66 6.9 5.19 6.47 12.93 20.52 18.15 10.96 11.57 8.31 2.66 2.3 4.32 4.48 4.6 2.31 3.81 2.99 6.68 8.1 13.48 12.66 7.67 9.48 12.25 15.45 8.37 3.79 3.63 5.61 11.75 7.42 8.53 13.99 10.98 16.31
14.12 11.05 7.12 5.65 13.49 11.59 18.09 8.25 9.06 16.31 7.26 9.23 5.34 7.03 4.55 5.41 5.03 6.45 7.9 8.08 6.96 6.17 7.07 11.51 8.39 8.77 8.01 5.83 7.46 8.19 9.25 4.9 9.08 8.2 6.27 8.1 5.26 3.69 4.88 4.16 5.76 5.46 6.97 5.4 6.83 4.37 4.32 6.58 5.17 10.56 7.74 6.7 7.23 9.57 6.51 4.86 2.43 1.81 4.22 7.89 10.09 15.6 16.14 12.67
18.06 10.17 16.79 10.78 9.31 13.55 10.33 9.01 9.73 21.38 6.77 10.64 10.42 6.42 4.87 11.83 6.1 5.7 3.29 3.19 4.03 6.92 12.41 6.76 8.11 8.24 8.75 11.2 11.75 12.72 7.27 5.38 4.94 4.9 6.22 8.85 8.89 7.39 6.78 4.97 7.63 7.04 12.9 9.49 6.79 6.45 5.74 4.89 3.98 3.04 5.08 8.45 6.1 4.58 4.8 6.26 2.91 2.64 3.41 5.89 10.2 12.22 13.23 9.1
8.13 9.78 7.13 5.29 9.02 11.38 27.33 7.24 14.3 15.27 15.27 9.03 9.17 6.06 4.16 4.62 5.26 2.59 4.14 4.2 2.44 13.72 11.64 4.87 7.62 19.45 15.27 7.65 18.27 12.76 6.37 3.98 3.85 3.66 4.59 3.2 7.22 6.0 3.54 3.53 5.81 12.38 16.69 5.12 5.82 5.07 7.93 4.64 9.18 4.95 5.03 7.44 6.32 5.89 7.47 3.62 7.27 8.92 7.19 3.09 3.86 10.32 18.71 11.28
4.43 8.58 5.54 7.21 8.74 12.1 11.08 13.93 10.75 10.48 10.95 12.02 7.07 3.83 2.22 4.92 3.22 1.33 3.39 3.14 2.72 7.06 7.41 5.37 11.29 22.69 13.77 9.04 16.18 8.78 4.27 3.37 3.02 3.43 4.67 5.03 4.02 2.9 2.62 6.15 5.12 11.81 5.62 5.46 4.54 7.61 6.98 10.44 11.27 10.96 7.26 10.66 7.17 14.15 7.51 6.27 6.85 10.86 4.85 3.76 5.32 4.0 5.39 5.58
3.74 3.78 4.21 8.4 13.91 13.07 11.68 11.09 20.3 18.57 11.55 8.56 7.3 4.6 4.31 3.0 4.1 3.79 3.44 2.27 6.15 4.39 7.2 8.46 11.9 9.85 8.34 8.36 8.98 9.81 6.08 3.34 3.84 3.08 6.13 3.61 4.57 2.42 4.88 5.46 4.77 7.56 6.79 4.38 3.25 4.77 4.12 4.58 8.92 13.19 8.77 6.99 6.25 7.53 4.98 9.14 12.65 14.14 5.24 6.47 5.24 3.01 5.15 5.59
2.94 3.61 3.73 6.03 11.57 6.67 10.51 9.27 12.89 9.98 19.14 6.9 3.1 4.31 3.57 4.5 6.95 4.05 2.14 2.16 5.35 8.28 13.4 6.05 6.46 8.14 7.96 7.0 3.66 4.24 3.05 3.68 3.17 3.11 3.78 7.33 2.66 4.07 5.9 8.2 3.91 9.87 10.24 6.27 5.16 2.39 7.09 6.48 14.32 16.71 16.61 9.39 9.72 8.61 7.46 5.68 6.29 6.77 8.12 6.94 3.65 4.48 4.03 3.21
4.77 3.11 2.01 3.88 11.01 6.52 11.51 8.39 11.7 8.36 7.93 5.31 2.77 4.84 3.73 6.46 10.29 6.45 6.27 4.65 3.87 9.87 9.6 11.34 12.46 7.89 2.66 2.79 3.77 3.17 1.98 7.98 4.33 3.47 5.76 6.62 6.45 9.73 6.94 7.18 10.51 7.32 4.42 12.99 6.43 3.7 6.75 5.83 13.26 19.74 9.32 3.92 7.25 6.73 5.78 10.9 8.89 7.01 8.95 6.27 6.38 4.12 1.74 2.93
4.34 2.72 4.49 10.89 4.39 5.0 4.48 6.06 8.76 4.74 4.86 4.05 4.74 2.94 4.37 4.53 4.9 12.7 14.63 6.45 6.84 5.77 12.43 19.59 11.32 5.45 1.92 3.17 4.6 3.44 5.03 5.37 4.02 5.88 8.61 4.83 3.86 7.16 8.87 12.5 15.28 11.6 7.92 12.04 7.11 3.55 2.98 3.14 7.34 6.94 9.6 11.45 6.0 7.52 9.9 5.31 4.23 6.17 10.83 10.39 8.54 4.88 3.87 10.27
5.55 3.34 3.59 9.58 14.82 9.3 5.27 4.43 3.63 6.63 4.84 5.01 5.65 7.14 9.48 10.35 8.0 19.05 11.29 11.17 4.08 6.39 5.9 14.33 11.65 2.43 3.07 8.87 5.71 4.42 12.08 6.47 3.13 8.47 8.06 4.16 4.04 5.47 7.5 17.87 12.87 14.31 10.97 4.99 5.17 3.77 3.48 5.08 2.79 1.82 7.07 13.57 13.05 9.72 13.6 5.74 9.28 6.67 11.88 9.45 6.11 2.93 9.05 11.55
10.42 7.66 5.86 6.55 11.77 9.79 8.21 4.58 4.31 7.06 12.81 6.16 6.34 7.54 8.44 6.64 12.79 11.92 6.99 11.92 12.38 9.54 5.51 6.75 3.76 7.24 7.45 12.92 4.31 7.64 14.51 9.48 10.67 11.91 7.01 5.71 7.25 5.0 6.54 13.28 14.66 13.93 6.13 4.66 3.19 7.44 5.46 2.15 5.31 5.03 8.41 12.78 19.8 16.95 12.58 8.13 12.35 15.15 21.45 14.6 9.62 5.33 4.93 8.0
9.82 9.64 5.44 9.5 7.54 12.65 18.97 23.5 14.93 7.58 9.04 4.1 5.58 6.46 6.16 8.38 7.11 5.99 9.22 19.83 11.85 6.2 7.61 5.56 3.2 4.54 9.67 8.38 11.04 10.85 10.72 17.51 26.81 10.1 5.79 3.77 7.96 5.74 12.53 12.96 13.82 7.48 4.7 8.66 3.47 8.11 4.2 4.73 3.79 8.33 6.84 9.97 10.19 10.61 12.16 13.31 5.03 5.5 9.31 8.31 8.13 4.07 2.21 3.1
12.17 12.47 10.14 17.46 12.58 15.21 22.67 34.28 11.22 13.98 6.72 6.66 5.92 4.77 4.0 6.02 4.89 5.46 9.13 13.22 14.21 5.6 10.42 2.92 4.48 6.69 13.29 14.56 9.32 10.33 8.9 14.18 13.79 8.54 7.58 6.22 8.73 5.47 13.09 8.59 18.6 4.72 4.38 3.83 4.31 5.64 3.32 5.02 4.1 9.02 7.29 7.21 6.53 11.25 15.41 15.4 7.53 7.41 6.43 9.62 7.75 3.73 4.14 3.43
9.59 11.05 15.42 10.75 15.08 38.6 24.28 14.76 6.76 8.27 7.98 11.62 7.44 1.86 3.94 4.78 8.26 9.88 7.01 9.06 15.35 8.26 10.03 4.11 5.23 5.52 20.85 23.27 15.69 18.15 13.03 11.56 5.22 4.58 5.18 4.46 4.68 7.02 11.04 17.23 11.36 7.87 4.69 3.01 3.0 6.06 6.55 4.19 2.68 3.5 5.82 8.25 8.15 17.7 13.26 9.04 7.19 15.32 9.39 9.4 8.33 7.13 5.62 5.71
11.66 26.23 11.45 15.05 18.81 45.68 35.31 18.54 8.84 6.89 18.27 15.5 9.44 3.99 1.78 3.12 7.54 8.61 4.77 7.36 8.97 5.05 5.4 3.73 3.32 5.61 18.0 18.74 30.93 13.82 6.43 4.28 4.98 2.69 2.03 5.39 4.8 4.97 6.37 5.22 13.76 4.8 4.3 6.09 6.49 2.46 3.85 3.66 4.6 7.05 9.13 6.27 8.88 12.15 7.81 19.32 12.22 12.26 17.86 16.86 6.02 8.04 3.48 6.26
20.11 10.37 21.95 21.7 27.33 29.17 39.04 22.1 5.16 8.46 11.58 8.11 11.32 9.44 2.97 3.15 4.19 6.33 6.88 12.21 6.51 6.61 6.41 3.78 4.9 9.62 11.25 20.91 26.6 15.76 5.68 5.1 3.81 2.83 2.2 3.12 2.2 3.65 4.97 10.57 6.36 5.72 12.67 12.28 11.82 4.53 2.38 2.16 5.88 7.78 5.77 5.65 11.72 9.11 13.95 24.04 9.71 10.94 17.66 12.61 8.53 8.33 4.65 3.83
12.97 12.42 19.18 14.01 37.62 28.61 47.35 22.42 16.52 12.32 11.27 9.2 7.61 5.31 6.03 4.17 7.61 4.69 7.62 4.73 3.97 4.95 6.07 3.28 5.48 14.59 14.51 12.41 13.12 14.22 10.53 6.9 3.75 2.89 2.66 4.32 3.11 5.93 5.03 9.24 4.0 11.34 14.74 9.09 9.11 8.83 3.06 3.85 6.72 4.41 8.61 14.98 16.3 9.17 18.64 18.43 12.76 13.33 8.73 10.61 11.22 18.38 14.81 9.19
11.88 23.93 19.83 11.4 19.46 25.4 29.58 18.25 18.85 11.91 12.44 14.91 13.23 7.18 16.1 14.97 9.21 4.85 4.15 4.08 3.11 4.87 4.81 6.2 4.43 3.84 7.9 7.71 15.64 18.97 6.49 4.91 6.63 5.29 5.47 4.92 6.65 11.64 10.92 8.56 9.66 19.99 12.44 10.08 9.35 9.21 6.98 7.1 6.35 5.46 9.83 9.59 15.22 11.73 15.47 10.88 29.2 26.67 9.81 6.52 8.77 15.91 10.41 9.59
