17.44 9.25 9.98 7.39 8.06 3.86 4.14 3.51 2.38 6.82 4.19 6.68 6.79 6.48 10.32 6.4 4.3 4.52 4.09 2.7 6.18 5.82 11.11 6.8 7.25 6.24 6.92 6.43 5.04 4.99 7.85 23.26 8.85 15.08 13.05 7.92 5.5 1.91 7.27 6.61 6.57 9.67 15.52 10.03 10.13 8.05 9.11 15.55 8.42 8.69 7.91 10.07 12.29 8.55 6.51 8.53 7.19 4.27 5.91 7.5 7.03 10.68 17.76 9.57
6.14 8.43 4.19 7.47 3.86 3.14 2.54 2.92 1.54 5.07 3.48 10.69 15.5 8.91 16.41 16.32 4.03 4.94 3.0 2.44 7.0 5.37 13.01 7.85 6.91 6.49 6.46 11.41 10.18 6.93 13.75 16.14 11.95 11.36 7.25 5.84 6.68 4.01 5.59 12.76 9.65 8.33 8.35 16.88 8.22 9.59 14.2 31.02 12.63 6.89 8.62 10.03 22.34 15.22 13.69 9.99 10.37 4.41 5.74 4.32 6.82 7.06 13.75 15.89
10.23 9.24 6.51 5.89 4.17 2.17 3.51 2.35 2.68 1.85 4.01 4.24 12.55 10.73 12.71 12.85 3.42 4.77 3.81 2.25 3.38 4.4 9.21 9.78 13.57 11.44 13.22 10.95 13.53 5.38 7.71 10.09 10.76 8.12 5.71 3.73 4.33 4.51 3.23 9.6 6.12 9.78 5.58 4.75 7.63 7.91 8.83 26.82 15.65 15.99 11.9 17.53 28.13 22.0 13.69 15.02 14.98 7.46 4.45 7.2 9.23 7.39 9.45 14.04
16.89 14.37 9.57 9.01 3.2 2.36 6.77 3.08 2.68 1.45 3.41 4.14 10.63 17.1 8.79 6.62 4.56 3.06 4.42 2.5 2.63 3.49 9.48 16.46 15.68 15.27 20.98 12.56 16.01 8.63 7.66 11.4 11.99 18.81 12.67 11.48 4.43 9.04 5.74 8.93 9.21 7.06 6.16 6.13 7.63 6.58 7.43 16.4 22.16 12.6 13.06 16.96 36.19 27.64 18.74 8.93 9.75 7.38 11.03 10.81 9.33 8.03 11.34 15.77
22.5 18.66 13.37 5.95 4.48 4.49 6.4 8.08 6.79 4.6 6.38 6.11 12.19 16.46 7.15 5.23 4.51 4.79 3.86 2.35 2.54 4.48 4.95 9.61 10.87 13.02 17.41 12.71 9.42 9.12 6.7 6.75 18.47 14.14 11.82 14.84 5.61 7.6 5.53 8.55 13.04 4.25 4.31 8.18 5.68 4.98 4.92 9.39 5.74 7.89 10.97 13.38 12.45 13.29 13.43 8.94 11.32 7.22 8.35 12.54 7.25 5.2 10.55 13.79
6.87 12.66 5.87 6.29 4.99 5.68 8.14 8.54 9.46 5.94 6.06 4.27 9.04 11.09 6.86 2.73 3.19 2.36 4.2 2.31 2.71 5.68 4.55 6.05 5.52 7.9 15.85 10.23 7.19 17.95 9.15 7.39 10.18 10.36 14.48 16.74 15.97 9.83 10.28 9.59 8.92 5.93 4.99 4.53 6.13 6.06 4.96 5.62 7.23 7.32 5.92 16.4 9.97 13.37 17.58 20.88 35.08 10.27 8.6 8.82 4.5 10.68 14.3 15.26
5.38 8.14 3.43 8.75 2.61 4.85 8.42 8.7 6.7 6.4 6.6 4.06 6.04 12.44 9.96 7.47 3.43 1.77 2.48 2.81 3.72 6.86 6.79 9.77 5.27 7.67 9.3 6.1 6.06 9.58 13.48 7.85 9.26 7.66 19.21 18.41 14.54 15.23 12.09 18.06 13.91 11.25 8.01 5.09 4.64 7.14 4.26 4.97 4.15 3.56 6.43 7.3 3.9 6.41 14.41 18.99 21.86 8.63 6.91 3.79 6.79 11.46 12.8 20.0
3.98 11.1 3.92 4.53 3.53 2.13 3.77 8.25 5.39 4.68 9.22 6.2 12.94 10.38 9.47 4.51 2.01 1.84 2.41 5.42 5.71 13.42 9.17 8.55 6.82 5.47 4.56 3.17 4.51 4.38 7.41 3.0 5.43 9.25 13.32 13.75 13.92 14.75 11.43 22.37 21.27 15.12 17.59 14.37 16.34 7.51 6.47 5.27 5.47 6.22 6.8 10.51 7.4 6.62 7.65 19.27 8.54 4.62 6.43 14.24 8.96 15.47 12.2 14.29
4.37 6.15 5.04 2.89 1.89 4.33 3.85 4.4 4.22 6.05 7.92 8.21 8.34 8.66 6.34 1.77 2.35 2.77 7.47 7.48 9.3 18.29 12.63 6.31 12.3 5.97 7.72 3.14 5.45 5.66 3.75 4.52 8.39 19.5 10.1 14.96 14.33 14.3 12.62 16.22 17.57 22.08 29.81 17.93 12.0 11.58 10.56 9.15 11.04 11.49 15.44 14.94 13.75 11.43 10.67 26.92 16.19 7.77 16.34 22.11 24.22 15.73 11.58 10.39
5.39 4.38 8.44 6.47 6.53 7.43 5.67 9.07 4.87 7.23 8.47 7.77 7.5 9.53 9.94 1.94 2.31 3.41 8.41 14.89 10.39 7.55 11.07 8.04 8.09 9.4 9.05 5.39 4.61 9.88 5.71 4.86 11.21 11.81 14.38 23.04 14.24 12.11 15.74 9.03 9.3 18.33 18.09 16.66 10.29 19.33 10.92 15.13 9.87 5.56 12.11 18.93 9.73 12.17 13.61 17.25 16.55 17.95 27.33 24.15 30.63 14.93 9.8 14.21
4.58 2.31 2.71 3.45 4.82 8.95 8.36 10.05 9.42 10.18 4.34 4.57 7.08 7.08 13.15 7.76 4.39 2.43 10.49 14.26 13.84 9.3 7.68 10.09 19.94 10.41 6.97 5.4 3.59 4.25 8.83 14.49 12.43 7.6 11.87 25.76 23.87 16.34 14.24 16.81 15.63 28.98 21.4 14.13 15.81 14.47 18.57 15.13 12.15 7.75 15.18 14.36 10.76 13.23 10.83 17.38 33.53 22.37 22.76 20.93 16.1 18.45 15.83 14.17
5.04 2.61 2.93 1.59 6.28 5.77 5.95 6.77 6.11 9.3 3.14 5.23 4.98 11.21 15.0 10.64 6.14 10.24 13.23 17.9 17.37 13.7 8.32 10.02 23.21 12.94 8.16 4.87 5.38 5.66 6.56 9.56 9.05 9.62 9.25 17.86 21.08 24.89 12.8 12.36 17.35 25.15 22.07 15.49 13.12 18.29 11.86 13.22 15.12 15.52 9.76 15.66 8.76 13.05 9.01 11.77 13.03 12.54 14.05 22.04 19.72 11.27 13.04 5.85
5.89 4.45 3.3 1.86 5.45 4.24 6.61 5.14 2.62 7.8 5.82 5.32 5.06 11.0 15.95 8.91 4.61 10.49 9.95 10.92 9.53 14.35 11.75 11.89 11.48 11.38 8.8 6.01 4.7 7.76 7.73 8.03 6.7 9.04 6.51 4.49 11.66 22.03 20.1 4.7 8.0 8.07 17.93 13.66 11.59 11.77 18.1 16.75 25.06 11.99 7.25 13.05 9.63 13.45 11.99 10.5 6.34 8.59 8.09 12.25 15.69 14.58 13.72 4.97
4.4 4.14 3.75 3.22 3.91 5.14 3.81 4.6 2.09 6.57 6.28 9.73 9.89 10.04 5.09 7.31 6.32 10.53 6.48 9.16 8.9 6.42 12.31 15.53 7.03 8.9 6.57 4.97 4.42 6.26 6.56 6.16 6.48 4.82 6.08 5.84 13.74 15.43 14.46 5.28 4.82 8.32 16.34 13.36 11.64 8.91 17.54 25.72 17.09 11.4 10.07 9.4 10.54 16.77 21.66 14.56 6.37 4.75 10.03 14.85 14.46 9.92 11.97 6.68
2.97 3.85 2.97 2.55 4.53 5.04 5.04 4.23 4.99 4.23 4.9 10.0 8.98 11.28 10.34 6.64 12.93 18.31 8.16 5.22 8.02 11.66 10.01 15.44 9.08 7.11 2.1 4.44 3.48 4.45 6.59 5.49 9.29 4.73 7.12 6.82 19.85 12.37 8.55 8.93 9.34 9.2 15.83 13.49 6.22 7.21 18.48 26.53 14.39 11.61 7.25 8.26 8.14 10.19 16.75 12.1 8.07 7.21 6.74 9.08 8.14 11.57 9.87 14.6
2.16 2.99 2.01 2.66 2.15 4.8 7.04 4.39 5.22 4.24 5.59 5.5 8.35 9.91 6.93 10.12 11.11 12.54 15.57 5.69 5.11 3.98 7.57 10.44 5.3 7.39 4.0 4.48 4.06 3.21 6.63 1.91 5.92 7.59 8.14 23.17 16.82 7.97 9.95 8.8 11.02 14.65 9.06 9.8 10.95 8.94 16.07 9.04 26.76 21.57 26.04 11.92 9.27 6.92 18.46 8.62 8.17 12.59 8.14 21.21 14.01 11.82 12.21 34.12
3.45 4.49 3.87 3.51 5.13 6.31 8.07 4.32 4.18 3.48 6.0 10.06 7.77 12.52 8.97 17.13 7.99 11.85 16.33 12.06 5.72 7.06 15.85 12.5 12.65 8.83 9.45 6.9 4.79 4.9 6.38 3.95 6.58 9.69 11.4 17.75 17.33 13.18 9.04 14.77 7.2 4.29 8.78 10.87 7.55 10.61 27.22 24.16 24.28 35.65 20.39 12.46 10.25 10.4 6.08 11.63 6.62 12.73 6.36 12.91 11.04 11.38 13.93 15.62
5.14 7.8 6.9 6.82 8.12 8.16 6.85 2.54 3.34 6.06 11.9 8.91 7.36 9.37 8.68 11.03 11.0 11.69 22.4 8.14 14.75 18.83 13.93 9.47 14.57 10.33 10.66 12.17 6.54 3.86 4.36 9.31 4.22 4.38 9.86 11.74 13.55 8.31 7.41 5.01 4.22 3.03 4.2 6.64 8.64 9.59 16.79 20.69 30.69 21.12 24.9 22.31 9.54 11.78 6.37 6.6 6.72 13.04 13.28 17.54 7.73 7.69 14.78 25.26
5.05 5.99 4.55 7.52 6.43 9.68 4.98 4.04 3.12 6.24 9.52 5.14 3.38 9.06 10.05 15.23 9.07 10.47 7.71 7.2 13.62 18.87 10.55 15.31 11.84 17.41 10.74 9.15 6.5 6.12 5.34 4.85 6.96 4.85 9.93 12.58 13.93 14.65 8.84 4.71 2.76 5.23 4.43 8.01 7.48 5.26 10.46 25.14 16.87 8.4 16.08 15.15 14.35 5.82 5.73 9.4 16.21 13.64 17.82 12.7 5.2 14.21 20.94 15.18
7.76 7.68 5.74 11.69 15.87 5.32 10.13 5.65 6.39 12.14 8.6 4.04 4.41 3.98 6.15 10.11 12.89 9.2 5.4 6.53 7.48 13.95 5.94 10.53 13.25 13.1 9.28 9.46 6.12 5.14 5.63 5.66 3.67 6.89 27.9 18.67 10.92 5.88 3.87 5.74 4.75 5.47 5.36 6.16 7.64 4.38 4.94 7.88 9.16 10.45 16.8 9.66 8.92 8.83 5.52 4.87 12.41 10.71 6.73 8.89 6.82 16.97 10.88 9.16
5.72 6.98 8.32 11.99 11.03 4.45 5.43 4.94 5.77 11.5 6.03 3.4 5.06 6.04 6.56 5.29 3.52 4.22 3.15 2.98 6.03 5.56 3.28 6.41 7.88 3.35 5.92 6.41 6.94 9.38 5.89 4.31 3.33 11.38 14.62 11.44 7.78 6.03 6.46 5.85 5.61 5.33 4.78 5.28 6.67 7.7 6.37 9.87 12.15 7.77 22.97 11.73 11.53 6.64 11.37 10.37 12.67 7.42 9.35 5.66 12.43 16.85 13.88 4.11
6.36 5.8 9.21 6.64 5.7 4.37 4.43 4.44 3.87 9.73 12.43 3.87 7.05 10.98 5.79 9.71 4.68 4.07 3.24 4.51 4.53 7.83 7.3 4.02 3.18 3.95 7.4 3.71 4.17 10.53 8.25 9.29 4.39 6.36 10.19 8.14 10.45 5.46 8.75 8.85 8.19 8.14 6.92 7.74 10.35 7.2 8.29 10.6 6.1 11.15 10.11 6.81 9.42 6.68 8.36 14.45 9.82 7.75 10.22 7.45 13.34 9.8 9.13 4.38
4.96 6.77 8.47 7.63 8.09 6.58 5.78 4.67 2.64 4.45 7.85 4.03 5.83 8.57 19.03 16.35 8.23 2.12 3.43 2.3 3.52 7.54 7.01 2.69 3.85 2.97 4.62 3.56 3.69 7.46 5.85 7.07 7.27 3.77 3.51 5.97 8.09 6.51 7.72 5.28 5.96 4.3 8.95 8.5 5.07 8.23 8.96 10.57 7.44 7.48 8.08 8.1 7.91 12.52 7.9 10.25 10.57 5.67 10.52 10.43 8.73 7.97 5.95 11.27
6.43 10.7 17.57 6.48 7.77 10.34 4.32 4.56 4.56 4.32 4.91 5.46 8.44 6.91 13.16 12.46 8.78 3.42 2.29 1.49 2.67 11.02 3.1 3.01 5.15 8.26 15.63 8.1 5.4 9.02 10.53 8.0 12.27 6.07 8.32 13.22 5.68 4.72 4.16 2.93 5.0 4.27 8.06 15.76 4.85 6.5 6.73 6.99 6.45 16.18 10.22 9.19 14.75 15.24 11.84 9.61 11.44 9.58 13.69 24.93 10.07 11.86 11.04 5.46
8.33 16.11 14.74 10.39 16.21 14.14 10.58 5.69 7.04 4.74 7.44 3.65 5.66 6.89 9.81 3.88 4.37 4.53 3.8 2.5 1.65 4.5 3.87 4.45 4.38 6.55 15.86 15.11 11.39 17.37 8.08 7.61 8.42 8.72 6.66 12.99 6.27 5.62 6.85 4.17 2.87 4.5 11.68 7.24 5.69 5.46 6.42 5.81 7.72 9.02 8.59 12.18 12.83 16.35 14.4 11.4 5.16 10.86 11.35 30.2 28.08 25.31 12.5 6.57
8.67 10.0 16.58 12.52 15.13 7.25 9.07 9.08 3.78 3.99 6.55 4.72 5.22 4.42 5.99 5.57 6.24 10.37 6.97 1.94 2.91 3.92 8.44 3.54 4.85 7.28 8.72 13.15 8.32 10.03 5.75 8.81 5.16 7.97 9.0 12.11 4.23 5.79 8.04 5.86 3.84 7.17 12.99 7.27 6.48 6.34 5.39 7.98 9.03 8.88 8.0 12.17 14.22 14.39 14.03 12.22 13.39 9.53 20.85 19.82 46.56 14.96 14.74 7.52
8.65 6.51 7.8 11.76 17.98 11.51 8.53 6.52 6.53 3.09 4.92 3.19 4.17 6.01 5.82 6.07 13.51 11.99 12.68 5.93 4.97 7.3 10.49 8.34 5.36 10.31 9.09 17.51 9.51 14.17 7.88 9.55 6.69 8.81 9.36 11.15 5.35 7.53 4.83 4.29 6.4 10.76 9.34 9.27 10.16 7.59 6.41 6.92 6.06 11.61 15.08 14.08 12.85 11.73 24.76 14.49 17.73 15.02 22.75 13.77 42.33 27.84 17.0 12.77
3.93 4.67 9.83 21.18 12.64 25.51 14.0 7.81 9.01 4.29 5.98 2.78 2.74 5.93 3.99 6.48 22.03 10.8 6.62 5.51 6.37 6.53 7.36 6.05 9.9 19.21 16.34 12.52 14.01 11.68 11.72 5.78 6.1 11.01 12.92 20.77 7.38 7.31 2.18 3.4 4.81 8.19 9.86 8.29 10.21 7.13 8.88 5.9 4.54 5.15 25.64 11.75 14.15 10.3 21.4 12.53 16.87 18.28 15.12 10.35 21.08 22.22 16.25 10.91
4.18 4.06 10.58 14.95 17.39 17.24 10.93 5.76 8.3 8.17 4.52 4.17 3.65 6.59 6.3 9.32 8.43 7.64 7.4 11.38 6.35 4.87 6.48 5.01 6.64 13.18 20.78 13.8 17.85 14.48 12.16 3.42 5.13 8.86 12.94 21.32 11.12 6.48 5.04 6.94 5.98 7.95 9.99 16.5 17.02 18.79 12.75 5.28 7.66 6.94 12.11 21.58 18.8 25.89 17.43 11.48 11.41 17.12 9.36 9.01 15.29 29.78 21.99 12.97
4.84 6.83 8.87 8.09 8.64 17.02 10.78 5.59 6.81 5.53 6.94 8.27 5.51 7.84 4.79 11.49 8.94 4.96 8.77 7.94 8.06 6.64 8.41 7.33 7.68 11.59 18.0 16.47 12.15 10.12 7.61 3.28 3.41 5.96 7.93 10.62 10.15 7.23 12.82 9.05 6.33 7.64 7.3 9.49 9.99 9.26 15.12 5.74 7.9 8.73 12.16 11.38 9.25 21.22 10.29 6.67 8.71 22.31 8.04 11.16 16.99 14.02 11.38 10.37
7.28 11.22 5.69 3.56 7.38 9.28 6.48 5.74 6.27 14.5 8.68 9.55 5.68 5.66 4.1 9.92 5.91 6.05 9.63 6.56 7.1 10.85 17.63 6.49 7.25 7.8 9.43 13.46 5.87 5.41 5.47 2.62 3.65 5.8 11.18 5.75 8.29 6.7 9.6 10.32 6.13 4.52 6.32 8.83 5.43 6.65 6.63 5.99 6.22 10.62 10.33 15.69 7.99 10.13 9.77 11.22 16.56 16.39 21.8 17.3 13.52 12.53 10.56 5.71
8.3 9.67 4.59 3.07 6.48 5.62 6.06 7.2 5.99 9.83 12.86 4.59 2.77 2.91 7.28 5.27 6.71 6.84 8.64 5.11 11.47 16.41 7.97 12.73 6.66 8.98 10.04 7.31 4.84 5.51 2.91 3.44 5.46 8.5 8.49 5.3 8.32 4.0 6.45 7.21 4.37 7.84 6.69 8.15 5.09 9.75 5.33 8.4 9.82 13.44 9.77 14.81 4.82 3.43 7.46 12.05 12.35 10.5 10.46 8.38 5.95 12.13 10.32 9.96
9.75 11.31 5.08 7.35 15.78 15.05 7.43 8.04 9.56 13.08 15.34 4.7 4.42 3.48 5.59 2.81 4.31 5.89 3.84 7.45 14.39 17.34 5.84 5.44 7.47 6.0 9.85 8.35 5.78 3.47 4.89 2.92 2.67 5.34 9.45 6.7 4.42 5.82 4.53 2.86 2.49 9.14 5.8 7.05 8.93 7.88 4.87 7.86 6.94 8.58 17.28 4.58 6.86 3.82 7.76 9.24 10.57 8.21 5.75 4.79 7.11 9.36 15.1 5.51
7.03 7.1 6.69 9.59 15.84 20.57 18.39 6.82 7.45 11.06 5.58 3.94 4.09 3.42 3.99 3.09 2.05 5.53 3.56 5.89 5.58 11.11 6.4 3.81 5.16 3.98 8.97 18.01 7.19 3.35 3.7 5.1 5.09 5.28 5.84 9.01 14.24 10.98 11.57 6.91 4.02 9.29 6.81 5.87 5.62 5.06 9.59 11.37 6.89 14.5 12.91 6.79 4.42 6.98 11.92 12.28 8.5 19.06 20.19 8.15 5.93 12.69 16.36 9.15
11.25 8.48 6.99 11.14 13.49 16.88 20.11 15.31 6.51 8.85 8.15 6.81 4.8 3.82 2.57 1.98 3.01 3.71 5.09 3.93 7.19 4.65 5.35 6.73 7.95 8.25 16.13 19.87 5.8 3.25 4.04 4.12 6.85 7.84 6.95 9.41 14.16 11.66 19.14 5.37 5.69 6.22 4.57 5.7 5.89 3.79 6.18 6.99 6.75 9.63 6.82 5.26 6.05 4.14 6.64 7.52 8.93 12.72 17.91 14.22 7.96 6.82 6.52 23.49
9.68 7.32 5.39 7.39 5.89 13.04 20.41 14.74 7.53 16.14 6.3 5.86 4.27 4.22 1.5 1.92 2.65 5.29 5.53 5.16 2.55 7.84 6.55 7.15 10.71 9.23 12.74 16.42 7.02 3.22 6.14 4.71 5.67 6.06 6.64 5.11 9.5 9.47 11.18 6.44 12.12 7.67 5.78 5.03 7.3 4.47 4.64 5.89 3.49 12.51 9.67 4.37 11.52 6.85 5.24 4.35 5.84 14.14 14.49 20.63 9.09 9.55 11.1 20.44
5.57 10.15 6.22 3.85 3.96 9.74 11.26 10.53 6.98 7.13 5.24 4.71 3.62 3.3 3.36 2.74 2.71 7.21 4.94 6.56 6.06 7.84 11.49 8.53 9.52 12.09 18.08 8.27 11.18 7.98 5.46 3.9 5.43 8.11 4.46 7.69 6.79 4.41 15.57 9.29 7.5 4.42 7.03 4.95 4.67 5.51 7.17 3.44 3.23 9.47 8.77 9.09 6.35 5.26 3.09 4.65 3.18 8.63 9.79 17.84 5.78 13.43 8.72 11.48
7.77 6.84 4.26 5.9 5.71 9.51 9.54 8.58 5.14 5.18 3.74 3.32 4.46 6.25 3.22 2.41 2.19 4.54 3.97 3.33 5.2 7.01 14.76 8.26 11.01 5.33 12.0 7.02 11.72 7.31 8.16 6.62 5.88 3.68 4.17 6.4 3.63 5.17 9.99 11.4 6.93 3.41 3.85 4.12 5.29 4.97 4.85 5.89 4.0 7.55 7.38 8.22 5.39 5.93 4.28 6.76 5.02 5.07 7.33 6.43 6.9 5.53 9.93 8.61
7.09 9.44 4.87 6.38 4.9 8.39 10.63 4.86 4.51 4.31 2.91 3.89 2.82 2.25 2.18 2.97 2.45 3.84 2.44 2.23 4.63 5.96 7.2 7.74 10.59 8.47 8.28 8.92 7.4 8.12 9.54 5.06 4.42 3.93 3.47 6.6 4.44 6.75 6.28 7.4 7.2 5.05 5.97 3.61 4.83 5.35 3.38 5.34 3.85 9.85 9.97 13.13 5.61 7.48 2.66 3.49 4.8 4.4 7.94 4.93 5.08 3.82 5.98 5.02
9.0 5.85 6.13 9.29 6.92 6.97 5.82 8.08 5.99 4.13 3.51 3.83 3.75 2.49 3.39 2.68 3.11 4.01 5.09 1.88 3.85 5.27 10.74 5.97 8.21 12.01 8.31 8.07 10.76 8.75 15.28 8.12 3.21 2.67 3.98 6.1 8.86 9.95 6.6 6.14 6.64 6.25 6.11 5.13 3.64 4.89 3.85 3.77 2.33 8.32 8.47 7.96 8.76 3.95 2.19 1.52 2.09 2.09 4.39 3.28 3.02 2.93 6.72 7.1
6.27 8.03 5.63 5.22 6.09 5.18 4.08 3.3 2.52 2.91 6.37 4.21 3.28 3.39 3.56 3.85 4.45 3.95 3.05 5.15 2.95 4.43 3.34 7.32 8.18 8.49 6.48 10.61 13.43 9.34 9.42 5.1 4.06 3.3 4.74 10.67 18.98 10.48 8.5 5.0 5.83 11.34 8.07 6.17 4.05 4.27 3.33 2.79 2.65 3.14 6.27 6.95 6.03 3.02 1.78 1.94 2.41 3.4 4.73 3.24 3.76 5.69 8.7 7.5
6.17 5.36 9.36 8.31 7.87 6.96 3.79 3.31 4.76 2.1 4.42 3.97 4.84 6.27 3.48 3.69 3.4 3.35 2.69 5.41 3.61 7.14 6.84 5.93 7.21 8.62 6.33 8.62 12.69 13.68 6.54 6.14 7.82 6.94 6.61 16.86 14.99 18.2 8.55 6.2 15.12 7.72 6.6 5.09 5.09 2.67 5.95 2.63 3.07 2.06 5.66 3.91 3.1 6.19 2.33 4.39 5.42 4.43 2.73 3.16 3.57 7.33 7.83 7.8
9.65 6.37 9.08 7.89 9.84 10.73 7.24 6.94 7.05 9.67 6.53 5.91 4.87 6.85 3.73 4.84 4.81 3.44 5.59 5.78 3.67 4.68 4.07 5.18 7.51 7.86 9.95 12.51 9.58 8.39 9.45 13.79 11.53 8.03 14.29 15.93 21.3 16.13 13.2 9.02 11.03 10.8 8.35 4.29 4.36 3.42 8.16 3.1 3.79 4.12 3.13 6.4 2.33 2.88 2.39 1.67 4.8 5.03 2.63 2.88 5.53 9.36 7.57 6.21
8.29 7.82 6.87 13.29 12.3 9.63 5.34 8.64 12.2 14.46 9.18 9.17 6.66 4.09 4.49 3.34 8.82 5.15 8.25 5.88 4.64 5.06 2.55 7.14 4.92 8.77 9.15 11.9 5.96 9.69 14.67 11.58 11.13 8.64 10.4 26.08 36.51 12.64 13.77 12.49 8.49 15.37 13.84 8.14 6.27 7.48 10.03 7.3 6.31 3.24 3.43 4.54 3.13 2.46 1.92 2.51 3.44 3.27 4.47 4.98 5.6 10.44 4.57 8.49
25.8 23.69 11.48 10.74 13.79 14.88 8.12 11.23 5.9 23.22 14.73 6.66 12.16 4.54 3.17 3.74 10.5 7.12 8.16 12.11 6.21 4.39 6.81 4.29 5.31 12.2 10.24 9.89 15.03 13.51 18.8 16.28 16.98 10.58 12.68 19.19 25.15 19.17 11.78 13.55 9.17 24.06 14.38 11.26 6.79 4.95 4.61 6.41 5.35 2.48 3.58 3.18 6.06 3.91 2.82 1.8 4.54 5.31 3.18 2.58 4.59 6.63 6.0 10.34
22.9 25.46 28.72 13.35 11.37 16.31 15.28 8.46 8.01 7.67 8.49 13.0 15.42 6.51 4.56 4.87 9.27 11.29 15.12 8.39 4.83 5.04 3.72 4.57 8.48 6.85 7.82 9.09 12.96 16.23 15.1 14.72 7.82 6.81 8.63 5.98 14.32 15.88 10.48 13.39 6.62 15.82 8.21 5.61 5.8 4.57 4.24 4.91 3.13 2.86 3.48 2.28 3.22 4.42 5.43 5.34 2.78 2.52 3.89 3.19 5.07 7.09 11.17 17.53
20.85 16.61 26.73 10.34 11.05 8.3 13.76 7.94 7.61 4.43 4.8 6.87 6.25 5.91 4.81 6.04 16.04 18.28 14.62 8.78 7.87 2.46 5.67 12.43 18.72 20.78 13.26 14.56 12.31 8.61 6.42 8.94 6.69 5.21 3.64 11.02 5.26 9.48 10.32 13.72 5.47 6.92 8.64 5.88 6.91 4.9 7.47 9.81 5.3 3.01 4.82 2.99 4.87 3.87 3.23 3.99 3.91 2.32 3.29 2.07 3.98 7.34 9.08 8.93
17.41 16.3 30.8 9.34 12.73 6.2 10.48 6.88 9.14 5.44 2.19 7.3 4.56 4.06 4.88 7.38 11.63 14.52 11.14 10.71 7.76 4.52 5.04 14.15 26.3 25.82 13.53 14.31 6.94 7.16 6.73 4.64 4.2 3.88 2.57 7.43 8.63 6.49 5.47 5.31 3.93 1.92 3.08 3.6 7.91 7.24 7.47 6.23 5.05 4.79 3.14 3.73 5.68 3.59 4.18 2.08 3.28 2.23 2.34 2.79 4.73 4.17 9.25 8.79
7.65 14.69 13.63 8.94 7.81 6.89 7.01 5.17 10.59 8.36 3.53 4.37 4.87 3.06 4.91 6.57 10.64 11.15 14.21 9.28 7.73 10.47 5.69 11.06 12.48 17.35 8.77 10.41 6.41 10.44 8.72 7.34 3.78 2.95 3.88 7.41 7.34 6.84 9.77 4.69 3.31 4.46 3.49 4.46 5.63 6.11 7.81 8.24 6.28 4.41 4.26 3.33 7.16 4.19 2.77 2.64 3.24 5.51 1.76 2.25 5.08 9.2 8.25 8.07
3.24 6.98 5.98 9.09 8.0 5.67 9.73 7.86 6.7 6.96 6.49 3.6 4.31 6.33 4.84 8.85 9.59 17.15 12.55 13.88 14.73 12.78 9.2 11.51 11.13 9.95 11.07 11.46 11.55 11.06 13.02 9.07 4.96 2.58 4.21 5.22 9.23 8.94 6.34 11.26 11.5 8.55 5.54 4.12 4.21 5.7 7.28 8.58 8.44 3.51 4.57 3.13 4.19 3.63 3.99 4.59 2.64 2.67 2.48 1.55 2.57 5.04 8.49 4.42
5.14 7.73 7.26 10.62 10.57 10.89 12.18 8.82 8.59 4.07 3.33 3.46 4.67 6.51 3.62 9.08 9.0 16.65 13.19 9.66 17.16 11.56 6.44 10.09 11.93 9.11 6.5 7.74 9.01 10.05 8.0 8.26 4.45 5.08 4.29 3.11 6.0 8.92 7.73 8.87 16.57 9.32 10.47 7.57 6.22 3.83 6.39 16.71 8.39 5.45 4.06 5.3 3.58 5.15 3.15 3.98 3.49 2.44 1.4 1.8 2.7 3.37 6.94 8.32
10.13 15.16 8.02 11.66 9.43 16.63 18.67 9.1 8.6 5.55 3.78 4.55 5.31 4.35 4.7 3.24 11.92 12.07 10.87 8.56 16.39 11.04 11.88 9.14 13.78 7.39 10.05 10.54 8.97 13.38 11.71 6.6 6.38 4.94 4.94 7.25 5.52 6.34 9.94 10.5 11.08 10.19 11.92 10.56 8.16 8.32 5.35 13.52 7.78 6.94 6.07 2.98 5.49 6.45 4.85 3.26 1.91 1.71 2.17 1.55 3.96 6.39 5.5 14.82
11.05 12.34 8.45 13.11 9.11 15.25 21.82 10.56 9.98 4.89 6.51 4.11 9.1 6.1 5.06 4.1 6.91 7.57 5.99 9.89 14.36 10.77 8.5 12.03 8.16 5.56 8.27 13.17 11.55 10.08 11.51 4.69 5.54 10.95 5.24 4.06 5.24 8.53 17.56 12.2 6.32 7.78 7.29 8.92 3.96 4.36 6.4 9.88 9.23 4.14 5.72 3.35 4.41 4.78 3.43 3.47 2.74 1.85 2.02 1.73 2.96 6.03 7.45 10.51
16.25 11.91 3.29 6.88 9.43 13.17 8.34 7.47 8.99 3.8 6.68 4.99 11.12 5.95 7.26 5.15 4.78 5.16 5.1 6.29 11.75 12.25 13.22 8.41 10.14 7.66 9.13 11.2 7.84 11.87 7.87 4.93 5.92 9.6 4.95 6.08 5.47 10.38 13.23 16.95 7.0 10.21 5.59 4.25 3.36 5.0 8.58 9.16 17.67 7.59 5.25 2.88 5.37 4.04 2.36 4.38 3.36 3.36 2.67 2.95 3.26 7.93 7.08 11.62
10.09 6.38 3.17 3.79 6.46 7.17 9.86 6.83 7.64 6.24 6.91 7.91 7.13 6.62 8.62 5.15 4.65 3.86 3.35 4.13 8.28 12.73 14.79 7.64 15.11 11.11 11.43 11.12 14.58 9.23 5.78 6.0 7.31 8.2 4.99 3.45 3.92 5.29 9.46 10.98 7.24 14.12 5.0 2.51 2.75 4.87 10.65 8.83 9.48 7.17 4.15 2.83 4.63 5.13 2.73 4.22 5.86 2.88 6.26 6.67 3.77 5.18 6.22 7.63
13.28 6.41 3.29 3.42 6.91 6.29 5.56 8.28 4.8 5.5 5.25 11.51 8.83 6.92 4.05 5.52 6.55 5.72 4.23 3.68 6.36 8.71 10.98 11.52 7.93 12.8 16.92 24.93 14.21 9.71 5.01 9.8 5.48 10.06 5.84 4.39 3.27 3.89 5.66 6.95 10.73 6.15 5.38 3.92 4.74 6.35 5.72 7.48 7.26 6.24 3.94 6.24 6.08 7.94 3.57 4.51 7.33 3.15 7.55 7.65 4.49 6.07 3.99 3.67
14.35 6.2 4.27 3.88 5.11 4.62 2.74 5.41 2.49 5.36 3.08 10.75 14.11 6.27 5.12 4.1 5.25 5.03 4.12 2.62 4.95 6.52 8.44 10.53 10.24 4.67 11.67 21.51 30.97 18.19 5.08 7.83 9.08 5.11 8.19 2.88 2.78 3.05 6.88 8.27 7.54 6.52 6.67 7.61 13.35 14.93 6.45 11.34 9.62 17.57 7.97 7.06 8.04 9.42 8.17 4.42 7.61 3.29 5.96 5.11 5.59 6.09 4.34 4.77
10.43 9.56 4.36 8.1 3.92 2.53 3.89 5.61 5.74 7.58 5.11 9.22 22.72 10.59 7.23 6.11 6.12 7.56 3.76 2.92 4.26 9.52 9.33 8.79 6.99 9.12 9.82 17.69 25.51 10.21 10.3 6.21 3.66 3.57 6.9 1.54 1.79 3.71 6.78 7.35 8.31 11.65 6.57 10.25 16.23 14.97 11.23 12.7 11.3 15.72 17.59 8.58 4.23 7.0 3.47 3.98 6.22 2.54 3.18 4.53 6.52 6.91 3.96 3.35
9.03 6.63 6.79 8.05 4.53 2.37 4.31 8.15 12.55 10.59 5.92 6.8 16.61 13.1 8.33 10.3 4.86 5.21 7.81 5.87 10.04 7.24 13.29 12.35 11.7 13.31 12.44 12.31 12.16 7.34 9.96 4.39 2.58 3.24 2.18 1.63 2.22 4.39 3.13 9.38 8.39 7.55 10.04 9.98 13.53 11.15 12.81 8.67 11.33 30.11 20.0 9.96 5.45 5.06 5.03 4.38 4.63 4.19 3.13 5.76 9.07 9.05 8.13 5.06
7.86 4.71 8.6 5.0 6.08 2.79 4.3 8.96 13.84 10.31 4.34 7.92 8.29 9.61 11.0 10.55 13.87 6.71 7.51 10.44 15.24 7.45 8.77 13.28 19.96 21.08 18.24 10.35 11.93 13.82 9.49 4.58 6.6 2.81 1.9 3.09 4.05 3.39 4.69 4.28 8.03 6.82 11.64 9.99 6.85 8.24 7.18 6.34 6.28 16.2 7.65 7.56 7.59 6.13 4.1 4.34 5.89 5.69 3.58 8.17 18.34 13.67 7.75 6.27
8.71 10.12 10.7 5.87 6.08 5.07 4.07 6.57 9.09 11.01 8.3 5.93 12.0 12.92 12.84 17.94 19.44 7.69 11.5 15.16 17.72 12.91 10.01 14.45 13.46 21.0 7.67 5.92 8.79 9.31 8.14 11.72 5.83 2.53 1.73 3.35 3.68 4.95 8.87 6.91 8.71 7.08 8.22 11.06 9.25 7.98 4.95 6.04 6.34 4.73 2.85 2.56 7.65 13.06 7.92 4.78 5.76 16.96 4.65 10.37 12.56 13.75 14.52 9.01
9.61 8.51 7.24 3.74 4.61 5.06 4.78 4.42 12.24 9.53 6.63 7.73 7.17 6.29 7.97 25.84 12.91 11.25 13.87 15.92 13.33 19.01 13.82 15.88 11.26 9.55 8.23 6.09 8.03 10.37 13.21 16.76 12.08 2.18 1.3 2.01 4.32 8.19 9.67 10.96 9.7 14.89 19.98 11.14 5.72 6.36 11.7 9.96 10.16 4.68 1.95 3.47 10.91 13.43 7.8 7.15 9.04 10.68 4.39 12.33 9.62 7.57 10.49 7.35
10.86 13.31 5.1 6.66 12.35 9.86 8.68 7.88 17.29 14.75 15.12 9.28 6.97 10.25 10.92 22.52 13.86 10.86 7.68 16.7 12.83 19.75 10.43 11.34 8.99 11.65 10.78 13.76 12.52 14.76 29.25 20.15 12.21 3.5 2.38 3.43 5.05 8.42 9.08 11.37 14.1 13.74 13.77 7.4 7.13 5.11 9.71 9.37 10.86 2.78 1.77 3.16 13.27 18.36 7.06 8.81 6.41 12.0 7.88 15.62 15.12 14.34 7.77 7.38
10.48 12.65 6.72 9.86 13.86 8.87 14.03 16.78 15.65 21.18 18.64 11.87 8.96 12.21 12.45 20.71 11.52 11.02 7.29 9.28 7.81 7.55 5.58 6.81 9.73 9.74 12.33 9.53 10.44 6.85 13.19 18.68 9.36 6.43 3.42 3.8 8.47 12.58 6.32 9.28 16.47 26.07 9.93 4.37 8.16 6.35 4.94 8.66 5.82 1.85 4.72 5.99 14.09 14.47 16.12 12.37 6.7 11.53 12.64 24.02 26.82 19.45 12.66 7.12
