7.21 5.07 4.46 8.06 8.91 9.54 11.48 7.77 7.86 4.4 4.99 2.44 4.8 8.54 9.02 11.77 5.74 4.07 10.33 13.88 12.85 11.66 9.63 4.55 8.16 4.49 11.38 5.15 11.55 8.57 19.03 21.56 10.42 12.19 10.15 11.17 9.37 8.2 6.11 8.28 16.15 8.17 5.5 5.14 5.33 4.63 1.95 4.3 5.8 8.1 15.73 11.83 7.19 2.5 4.36 4.25 8.66 6.34 5.65 9.51 6.58 6.68 2.34 3.01
8.07 6.33 3.24 5.1 7.93 5.82 9.27 7.95 6.6 4.38 3.21 4.58 3.09 6.04 8.58 7.31 4.03 5.65 6.71 12.0 24.17 11.36 9.85 3.67 4.76 6.43 2.95 4.86 5.48 7.06 7.32 12.05 8.25 15.13 9.25 6.01 8.24 11.13 7.33 9.17 12.09 18.45 18.77 10.2 4.53 4.71 7.03 5.16 9.34 17.56 21.07 14.31 9.78 3.66 3.63 6.78 2.46 2.13 7.1 5.0 5.54 3.11 2.63 5.2
6.57 2.19 3.08 5.16 6.66 4.62 2.54 3.98 2.32 4.84 5.91 4.83 5.07 6.19 4.05 4.16 3.7 4.48 3.48 7.45 12.59 17.78 13.44 7.03 9.24 12.59 7.47 8.05 9.55 7.04 6.77 4.94 4.19 4.61 8.29 6.68 3.52 8.48 7.54 9.5 14.91 12.36 12.06 5.86 8.82 7.63 8.85 7.83 12.22 21.68 11.55 12.22 13.13 4.88 9.08 4.01 5.41 2.91 3.29 6.01 11.96 3.0 4.81 6.46
2.25 4.96 2.95 5.18 4.16 5.91 3.41 2.16 2.25 3.03 3.14 3.15 3.47 5.83 2.96 5.71 4.43 9.33 5.15 4.71 9.49 13.86 13.07 8.49 8.77 12.6 15.78 8.34 7.64 6.9 7.75 8.38 7.6 7.63 5.7 3.08 2.62 4.8 10.09 7.91 12.98 9.53 14.24 10.2 16.53 8.71 7.83 5.77 8.39 11.94 11.89 12.19 27.33 8.14 7.73 8.38 10.14 7.52 6.64 7.97 5.07 6.77 4.46 12.22
5.71 6.85 8.12 9.31 9.14 5.39 3.19 4.95 5.72 2.05 1.88 2.28 5.07 4.3 3.34 4.13 7.12 11.97 12.52 7.43 20.82 7.8 17.22 15.49 14.95 18.77 14.57 9.28 13.35 16.18 7.03 6.71 9.98 15.26 7.31 4.02 7.05 2.98 10.77 4.8 8.17 8.94 8.82 12.93 25.09 16.08 12.45 6.8 16.2 13.51 11.57 9.25 5.8 13.26 7.41 9.46 9.27 10.14 7.14 9.94 5.76 3.82 8.6 8.76
4.99 4.99 6.36 10.14 10.79 5.65 6.68 9.83 5.96 3.47 2.39 2.31 4.13 3.89 4.12 7.9 10.25 15.91 13.3 13.91 12.57 16.29 11.7 9.75 10.31 9.08 11.17 5.07 8.48 12.33 8.48 6.25 7.18 4.95 7.99 3.7 2.69 4.05 7.93 8.48 6.59 4.47 11.79 13.06 15.38 8.14 10.07 7.22 6.69 11.38 5.56 9.5 6.66 11.86 12.19 10.29 15.93 3.35 7.54 7.13 9.21 7.49 5.55 9.08
7.41 14.87 8.62 6.42 8.17 7.47 12.03 10.05 6.65 7.23 7.54 3.6 3.42 2.61 4.53 6.78 6.59 23.7 15.44 10.71 7.37 6.15 8.94 7.36 8.44 4.4 8.57 3.67 6.29 10.55 6.12 6.56 3.19 9.71 14.23 8.45 4.32 2.88 11.39 15.18 16.32 9.44 16.94 13.85 10.88 21.17 15.21 5.59 4.94 4.8 5.58 12.57 10.94 10.2 11.61 9.13 11.54 9.32 7.6 6.72 4.72 6.7 9.15 6.55
6.61 9.11 9.99 9.31 12.2 4.87 6.03 5.56 5.21 5.2 5.82 5.29 2.88 5.13 3.23 4.91 5.56 9.92 6.7 9.06 7.08 5.27 6.85 8.05 4.66 10.05 5.85 8.05 4.09 8.13 3.89 2.52 8.31 14.6 12.73 4.82 3.03 2.48 23.91 16.07 17.32 21.26 13.89 13.43 12.22 12.33 6.13 5.04 4.86 5.37 7.86 12.49 7.55 18.82 12.9 5.02 6.45 8.0 12.41 9.82 5.9 3.23 6.64 6.11
5.21 4.71 4.44 7.06 10.24 5.81 1.89 3.38 4.01 2.85 2.36 3.01 3.88 4.74 5.68 10.11 5.5 7.92 4.35 7.34 10.93 7.19 4.79 5.1 6.33 10.18 7.54 3.3 4.75 4.94 3.36 3.27 3.96 10.81 4.47 2.23 2.44 4.2 6.93 8.1 12.29 11.04 9.81 5.66 3.53 11.05 7.24 9.9 3.92 5.89 15.16 13.22 26.34 31.04 22.94 8.02 9.8 7.43 12.11 11.62 8.5 5.62 9.69 8.9
8.8 14.85 6.07 12.35 11.74 4.53 6.98 4.1 4.48 5.2 3.64 7.76 4.78 5.95 6.53 7.02 7.61 13.78 8.16 9.56 9.11 10.6 15.25 12.04 7.09 6.51 6.91 7.26 4.18 6.16 3.94 7.11 10.23 9.55 3.89 5.19 5.87 4.11 8.31 17.05 18.39 10.22 9.21 4.58 6.68 10.16 6.36 6.26 6.29 6.7 9.98 8.09 25.5 17.67 13.47 6.41 6.57 13.16 8.37 6.64 9.06 9.5 5.75 8.55
9.68 7.86 14.83 13.86 14.36 6.74 9.06 7.53 3.65 9.69 9.01 6.29 3.35 3.69 3.95 9.79 9.78 5.77 12.04 9.52 8.45 8.37 9.24 20.22 10.48 12.59 6.99 8.99 8.2 4.21 4.12 4.45 8.06 8.56 10.02 7.07 11.59 5.94 8.3 13.36 21.02 10.71 5.12 9.17 3.09 6.84 4.67 2.23 3.53 2.75 2.21 4.83 9.13 8.76 5.93 7.96 5.01 7.9 7.82 7.35 10.84 11.24 5.26 6.29
8.01 9.97 21.02 12.97 9.02 16.3 10.25 13.08 13.71 13.51 7.98 5.84 6.63 4.27 4.52 8.44 7.08 6.38 8.35 13.22 8.16 6.84 5.29 11.46 17.7 13.7 10.18 5.36 7.29 6.57 8.85 4.72 5.73 8.39 6.54 5.97 3.64 3.83 6.95 14.87 16.12 10.19 7.12 5.65 8.29 6.12 4.6 5.96 4.33 3.66 2.63 2.5 6.3 3.61 8.0 7.62 4.84 6.1 7.9 12.48 10.53 14.89 3.2 8.3
7.85 11.7 8.79 10.18 11.47 17.2 7.75 10.72 20.0 12.52 9.71 9.39 9.61 4.46 5.76 6.17 9.19 5.52 3.27 4.7 4.66 4.42 9.72 6.23 12.82 13.43 11.03 8.12 4.37 10.74 5.74 9.53 11.1 10.19 9.44 5.97 3.44 3.84 6.91 16.14 12.72 9.52 8.03 10.45 9.64 6.27 3.34 6.45 6.3 4.2 2.25 3.75 5.09 4.94 5.8 5.07 4.18 13.46 10.84 7.64 4.16 10.02 6.35 4.13
9.06 8.29 10.05 8.28 9.91 4.72 4.39 4.66 6.59 7.11 7.66 26.94 15.57 10.56 11.49 9.58 7.67 2.92 5.4 5.83 3.42 5.89 4.17 11.49 10.44 11.33 7.26 12.52 8.36 8.36 4.46 4.35 10.18 4.91 4.97 4.06 2.35 5.64 6.16 15.82 7.69 10.38 7.61 10.67 14.06 4.3 4.85 10.63 8.05 7.25 3.22 2.97 3.64 3.64 5.59 6.35 7.13 10.16 14.01 8.88 6.14 9.31 7.46 4.29
8.3 8.16 6.38 12.01 7.6 6.49 2.8 5.72 5.34 5.93 7.67 18.34 23.34 12.09 10.13 18.27 12.78 7.18 3.05 4.92 7.06 12.74 6.81 6.15 11.91 13.26 20.05 8.34 8.36 9.03 6.99 12.86 3.9 4.52 1.83 2.75 2.65 4.59 6.06 6.68 3.05 11.41 11.14 13.41 6.88 4.44 6.52 11.41 9.67 4.12 2.27 7.68 7.56 5.3 10.77 6.58 4.34 7.55 7.52 9.41 8.98 13.86 6.74 15.96
10.1 15.0 8.29 8.48 4.13 4.84 4.83 3.58 6.25 5.47 14.2 23.51 31.11 13.75 5.71 13.64 13.67 4.32 3.62 7.26 12.18 18.9 18.43 12.56 15.9 18.63 10.03 15.43 9.75 10.44 6.54 8.33 4.41 3.43 4.77 4.88 6.43 6.35 5.17 3.98 3.54 5.66 7.04 8.05 10.92 6.76 7.82 13.61 5.13 4.56 5.36 14.16 14.59 8.38 4.14 6.16 9.84 11.32 5.24 8.41 4.77 8.63 10.18 8.72
9.25 22.47 9.3 7.92 9.2 12.52 7.77 5.61 4.49 5.91 20.58 49.66 47.47 17.56 13.18 16.32 14.35 4.0 3.5 3.33 7.61 7.61 10.97 23.02 8.21 10.84 11.77 12.37 17.61 6.65 4.76 4.77 5.13 4.65 4.13 4.12 5.04 5.46 3.75 6.88 5.44 7.45 5.42 14.19 11.91 7.58 4.6 5.45 11.02 7.08 7.11 11.1 7.26 11.68 4.49 4.38 5.86 6.43 5.33 5.39 5.91 4.26 10.86 9.15
12.03 18.7 8.27 7.73 9.2 5.85 6.57 9.02 10.68 5.7 15.12 23.95 33.94 17.71 9.75 15.46 17.24 4.93 3.71 4.89 7.98 6.95 7.76 8.99 13.45 6.86 8.44 6.24 10.46 6.14 4.98 4.89 4.52 7.5 3.47 6.58 5.36 5.28 3.72 2.72 5.42 4.58 5.19 6.46 12.48 6.99 6.13 6.56 11.94 6.47 6.16 5.6 5.7 6.06 4.82 7.94 17.35 14.13 8.22 5.74 7.05 4.73 8.03 8.86
9.68 18.56 11.66 6.05 6.26 7.67 13.99 9.06 8.14 7.19 20.77 21.94 27.59 21.4 9.56 9.01 12.93 16.6 10.73 9.89 9.04 7.87 15.99 15.61 12.5 6.53 8.82 14.74 11.53 7.47 5.6 4.17 4.77 3.84 7.85 8.15 13.31 6.79 5.72 2.62 2.88 4.53 4.72 13.25 6.93 4.54 3.55 11.56 13.19 8.83 6.36 11.27 6.41 10.35 6.59 17.12 16.82 16.64 13.22 16.93 27.58 6.9 8.58 7.56
8.39 7.11 7.28 4.14 5.08 4.36 7.91 6.19 9.44 15.66 25.51 22.2 20.55 12.92 10.77 5.71 7.66 8.2 9.33 11.09 7.54 6.54 3.69 5.66 7.69 3.89 6.04 9.77 10.0 3.95 7.07 2.86 1.87 5.79 5.89 9.17 9.62 10.9 4.05 5.21 3.08 2.47 2.92 6.47 6.24 6.44 6.26 6.19 5.12 5.28 3.84 6.56 5.65 5.23 9.74 12.8 10.17 12.99 14.03 11.15 10.12 5.1 6.22 3.85
5.95 8.84 6.24 5.42 3.19 3.39 4.63 9.01 9.93 8.94 10.68 13.23 14.88 10.23 12.07 7.83 4.25 15.71 6.77 14.52 9.65 2.7 4.05 3.31 5.29 2.3 3.2 4.54 3.92 7.47 6.52 8.42 5.14 8.03 8.61 9.12 5.37 9.13 5.97 6.03 6.44 5.23 4.54 5.09 3.42 4.66 4.75 5.17 4.13 3.15 2.49 3.64 2.02 3.47 6.01 7.54 9.22 5.67 8.0 7.19 7.48 6.35 5.81 6.63
6.06 4.76 4.17 3.04 9.32 4.05 4.69 14.04 27.09 28.22 19.45 14.96 15.26 29.39 14.74 4.88 6.29 15.09 7.29 3.72 7.42 7.6 7.68 3.78 3.41 4.27 5.33 5.49 1.33 3.16 7.96 4.42 13.78 8.38 13.18 14.14 6.66 6.76 5.02 2.72 3.11 4.81 11.86 6.59 3.79 5.0 5.42 7.73 4.8 2.38 1.75 1.54 2.78 2.66 5.05 6.68 6.02 8.76 7.38 4.96 4.32 2.8 6.13 4.41
4.01 2.74 3.23 5.56 10.72 7.19 6.54 15.27 11.6 22.89 15.02 17.06 20.09 26.32 25.95 8.67 10.25 13.66 5.39 3.26 4.38 3.77 4.63 2.82 3.71 2.37 7.9 4.01 4.22 1.6 3.0 5.59 15.77 9.47 8.93 10.91 5.3 5.77 4.92 3.93 5.24 6.69 6.57 7.41 6.15 3.41 4.44 3.43 4.58 2.31 2.43 2.39 3.65 3.68 3.51 4.33 8.2 5.65 4.25 4.29 3.19 3.32 2.93 2.58
7.04 2.82 2.17 2.52 5.0 9.0 11.81 6.95 12.62 10.26 13.85 11.89 14.13 15.32 23.39 12.81 21.92 10.34 10.1 6.98 6.22 6.8 5.17 3.77 7.96 4.18 17.37 8.38 2.8 1.97 4.87 21.04 25.74 16.48 8.24 9.64 7.16 3.37 5.1 2.86 4.58 2.99 9.35 4.86 5.5 6.25 5.31 5.47 4.83 2.38 2.13 3.64 5.22 4.59 6.58 10.11 13.42 10.54 10.69 9.12 8.61 5.04 3.62 7.03
4.72 2.25 1.68 2.34 6.43 8.03 12.55 8.84 7.34 10.0 7.51 12.94 28.8 15.34 10.03 5.14 7.54 7.54 10.75 7.84 7.94 7.84 5.64 5.02 4.56 5.86 6.82 7.57 4.63 7.89 12.54 12.36 18.23 5.85 12.73 6.34 4.93 7.06 6.68 7.29 4.93 2.93 4.75 4.07 2.57 3.65 6.34 3.33 7.54 3.8 2.0 3.25 4.21 6.04 4.4 8.8 9.98 11.98 19.88 15.55 16.34 9.05 7.93 8.97
4.57 2.59 2.47 1.67 4.11 7.52 7.01 6.08 4.83 8.33 14.89 23.59 13.45 15.21 7.56 2.45 3.37 3.32 8.29 9.0 6.24 6.84 5.14 4.67 3.63 4.53 6.72 3.79 6.14 9.7 13.42 25.1 14.97 13.22 5.8 8.62 5.46 9.76 13.35 11.74 4.74 3.29 5.52 4.58 7.78 4.81 5.65 5.35 7.79 4.69 2.42 2.72 2.17 3.66 6.55 4.36 6.78 5.11 7.48 17.05 10.75 9.14 8.63 12.12
4.2 4.36 4.82 7.36 4.21 5.68 4.96 5.03 11.62 11.32 19.57 17.51 9.72 7.19 2.01 3.33 3.32 5.67 5.82 5.45 4.04 4.58 3.6 3.66 3.72 4.57 3.3 2.68 6.09 11.32 9.98 21.56 12.26 9.08 8.49 5.49 10.09 6.29 11.61 8.12 12.99 5.39 6.56 4.53 4.22 9.16 9.67 7.97 5.41 10.88 6.29 5.5 3.2 5.74 7.31 5.47 5.38 3.57 11.87 12.24 5.08 5.27 6.4 4.44
5.27 7.91 10.86 5.61 4.51 3.71 7.04 10.19 8.11 13.44 14.06 10.44 13.29 5.66 4.64 4.13 5.88 4.87 7.38 4.35 4.09 3.95 4.19 7.57 3.16 4.88 3.59 3.72 4.73 3.37 5.36 10.07 19.77 13.31 11.83 8.71 8.0 7.97 9.74 10.36 8.09 4.88 14.89 9.43 3.17 7.4 12.43 7.8 8.67 4.12 6.79 7.11 6.7 7.48 8.4 6.85 6.68 6.52 13.03 14.73 12.96 3.06 3.59 3.7
4.16 4.46 4.94 4.09 3.34 3.77 5.3 5.9 6.71 14.43 7.76 5.12 8.68 6.44 10.77 9.98 5.19 11.07 12.18 4.29 4.9 3.27 5.02 4.36 4.65 6.76 8.37 8.55 4.41 5.42 10.26 6.58 7.88 3.86 4.73 4.36 4.65 5.08 8.39 12.04 6.78 3.13 11.74 6.03 4.18 4.6 15.86 6.49 7.18 4.04 3.84 6.07 6.53 6.09 10.83 6.52 5.18 5.65 12.48 10.44 11.67 6.44 3.41 6.16
5.01 4.58 4.85 4.64 4.2 3.22 4.48 7.51 8.95 7.11 13.94 6.77 5.39 4.94 2.52 6.38 20.67 10.4 10.93 5.61 5.92 7.99 6.93 7.7 3.72 5.21 6.83 8.01 10.56 10.8 4.58 6.76 6.4 4.5 4.55 2.75 5.15 2.57 6.2 4.55 6.13 5.34 3.88 5.29 6.38 9.31 11.78 9.74 4.3 5.67 6.28 7.39 12.26 11.05 18.77 6.73 7.35 14.93 16.85 11.81 9.11 5.95 5.07 4.56
13.04 7.32 9.43 15.57 10.76 6.85 3.71 6.98 10.79 17.33 13.04 7.29 4.99 2.18 1.98 3.05 8.26 13.59 5.28 6.67 10.4 7.42 4.62 6.97 3.69 7.11 9.87 13.03 18.15 10.17 11.13 8.01 11.93 7.01 4.56 5.77 8.62 9.73 7.52 9.61 4.16 4.93 3.14 6.6 9.36 6.62 13.16 9.57 8.95 7.18 13.25 6.52 5.21 15.69 9.23 7.58 8.43 7.76 15.17 9.16 8.57 8.88 5.6 5.32
8.87 5.38 10.67 12.11 11.55 7.88 3.35 10.32 10.45 10.85 10.61 4.98 4.3 2.55 1.45 1.59 4.47 7.6 5.46 11.27 6.33 9.65 4.55 7.09 4.27 4.91 5.18 6.5 5.1 6.47 8.62 14.51 8.59 9.2 4.52 12.02 6.03 5.51 6.21 11.28 9.49 5.29 3.4 8.25 9.79 4.83 4.78 6.25 6.94 11.2 11.26 6.34 5.4 8.05 6.65 4.41 5.79 8.37 14.03 11.04 12.0 11.99 5.35 5.27
7.61 16.1 11.83 13.71 12.32 8.09 10.05 13.62 12.9 18.28 18.31 14.07 6.2 2.46 1.79 3.74 4.3 8.47 8.01 15.35 11.15 11.01 5.02 8.14 3.95 3.41 3.72 4.79 2.83 5.33 5.1 7.27 13.41 6.93 9.24 13.87 12.42 4.71 7.08 9.47 13.05 21.68 11.14 9.93 15.93 11.25 7.19 5.02 6.67 6.45 14.94 9.55 4.04 3.22 4.55 5.7 6.58 13.52 21.23 14.98 12.6 13.47 9.05 8.01
9.24 9.88 20.17 18.08 8.84 14.03 6.58 15.25 11.75 11.04 8.28 14.79 10.77 3.65 2.23 1.75 3.6 4.95 6.57 12.15 7.53 14.5 8.58 4.5 8.37 3.83 3.0 3.38 7.11 6.55 9.58 6.39 6.34 10.05 8.97 10.5 6.34 7.8 4.47 9.22 9.17 19.39 10.48 11.45 16.35 9.25 8.96 3.38 4.87 5.49 8.29 4.53 2.06 1.51 3.03 3.64 3.96 12.97 25.52 13.45 6.23 17.24 24.09 12.2
4.5 6.73 5.59 5.5 7.0 11.99 4.2 6.19 10.78 7.23 10.65 5.75 4.3 4.74 5.07 3.99 4.06 10.5 12.54 12.63 11.0 8.51 5.75 3.32 4.77 3.54 3.26 2.35 5.06 7.12 8.7 6.15 6.14 4.08 5.53 15.23 6.41 6.09 4.08 4.73 10.75 7.91 12.58 7.41 11.63 8.27 6.52 12.57 5.66 4.75 4.11 4.7 3.48 3.61 5.52 3.8 3.77 14.86 12.84 8.31 4.88 10.3 20.02 10.19
6.14 10.28 6.46 7.69 7.33 6.26 3.88 5.78 16.2 21.05 10.92 4.63 4.14 5.97 13.73 6.92 4.9 5.32 11.15 14.73 7.92 11.35 4.24 5.08 3.6 3.25 3.85 5.28 6.45 3.95 3.44 7.64 5.66 6.17 5.66 12.06 9.48 6.19 3.48 7.09 10.58 10.21 8.08 15.39 8.51 12.38 11.11 9.68 9.81 6.65 7.77 6.93 7.0 4.0 3.6 4.48 4.14 22.29 17.43 12.07 5.96 4.01 12.46 5.79
9.19 5.89 5.22 9.7 7.51 7.66 5.69 10.21 16.19 17.13 6.6 4.61 4.25 9.33 9.82 8.39 7.87 7.3 6.69 6.72 5.81 6.42 3.64 5.38 4.95 4.05 6.14 10.51 6.6 3.83 3.47 3.49 8.71 11.35 6.21 13.43 7.63 12.99 7.26 10.08 6.18 8.38 17.62 12.47 7.99 4.17 9.3 7.8 16.65 8.03 5.51 8.73 4.74 7.12 3.86 9.29 7.31 13.11 21.5 13.99 10.46 7.54 7.11 12.75
4.97 3.29 5.91 10.04 5.84 9.79 7.67 12.81 19.67 21.24 6.86 2.85 4.84 6.81 7.56 8.92 6.3 6.57 5.08 5.6 4.89 9.41 4.62 7.35 6.23 4.25 8.55 9.33 8.26 8.72 4.87 12.06 9.26 13.09 5.39 5.51 8.09 9.71 6.8 11.53 11.89 8.81 11.89 7.08 3.67 4.87 4.44 14.95 12.35 13.49 4.73 10.57 7.97 7.61 10.03 9.54 10.47 13.27 16.08 16.0 12.98 9.71 9.28 7.09
4.72 3.14 2.46 3.44 3.37 6.7 31.32 11.07 8.27 7.27 3.69 5.87 6.35 4.67 5.35 5.83 8.63 7.52 3.67 5.04 3.86 14.24 15.48 11.19 6.46 3.96 9.18 11.72 10.22 7.68 7.62 14.49 15.65 7.47 6.27 5.82 9.52 6.67 2.59 9.1 15.16 8.51 8.36 5.96 4.95 4.79 5.06 6.86 7.54 7.74 4.8 9.87 9.62 11.99 6.72 11.33 15.49 12.86 23.11 10.58 8.92 12.79 11.46 5.22
5.12 2.37 2.85 2.41 8.99 15.43 9.2 13.99 6.53 3.67 5.42 4.43 3.24 6.33 8.05 9.62 16.19 10.27 3.75 5.19 7.33 14.13 11.51 8.66 6.02 3.34 8.54 7.03 10.68 11.31 7.55 8.78 16.2 8.02 4.38 3.74 3.4 5.78 7.92 15.08 14.51 11.58 8.78 5.45 6.18 6.12 8.7 6.64 6.31 10.11 9.1 14.48 5.16 7.58 6.28 10.85 10.67 5.76 8.84 8.52 10.86 14.16 15.18 14.62
3.59 3.3 1.82 4.44 7.47 8.96 23.87 16.52 13.18 8.68 8.87 3.34 2.81 8.88 7.53 8.86 6.83 5.18 9.44 5.19 5.83 7.71 13.4 7.45 5.65 4.7 2.86 3.77 5.64 3.75 7.04 8.39 5.63 4.2 5.45 3.07 3.35 2.56 8.05 9.59 14.88 11.89 12.41 13.84 16.58 10.0 5.78 13.98 4.13 8.03 7.27 6.71 8.18 8.5 5.75 8.04 6.59 2.89 3.04 3.93 3.64 5.96 8.1 14.71
4.54 5.19 6.13 4.19 3.62 7.63 7.64 8.58 8.43 6.09 10.0 8.87 4.39 17.68 23.07 5.76 3.61 6.3 11.31 8.36 5.8 6.73 10.18 8.91 9.06 3.75 7.53 6.49 7.07 5.82 7.06 3.64 2.27 3.89 5.34 7.77 13.0 8.43 6.9 12.72 6.34 12.01 11.17 14.79 9.32 8.61 7.8 16.11 9.62 6.86 7.33 8.22 10.02 6.53 5.71 10.13 8.15 6.29 9.06 4.5 5.12 7.33 12.53 6.42
6.39 4.08 5.62 4.84 5.96 3.42 4.25 7.7 4.28 4.54 5.98 4.8 5.73 13.87 15.85 10.58 7.14 7.92 10.73 6.05 7.9 6.96 8.49 10.65 5.61 3.86 3.42 5.02 10.28 5.83 4.59 2.35 2.55 4.92 3.4 5.47 5.6 6.65 5.82 7.64 8.19 7.7 12.13 10.63 10.44 9.71 9.83 16.12 11.35 8.2 8.34 7.46 3.7 5.21 3.03 5.47 6.76 6.9 9.96 3.28 6.24 8.57 10.68 10.89
6.72 5.35 5.51 2.6 2.94 3.15 3.1 9.27 6.74 3.59 8.07 3.01 4.93 11.28 12.42 9.75 5.88 9.74 6.78 6.88 9.91 8.47 11.21 6.59 4.43 7.17 3.46 3.37 4.43 5.06 4.83 4.37 2.95 3.19 4.87 7.63 5.27 3.13 8.03 8.73 10.32 6.53 4.12 6.77 4.2 10.15 15.29 19.48 10.27 6.22 6.54 3.88 3.5 1.44 1.87 4.41 3.69 6.72 5.26 4.14 5.05 4.76 5.95 3.05
7.49 8.41 8.72 2.89 2.29 2.64 5.25 7.55 5.25 3.17 7.01 11.59 8.24 18.95 18.36 10.53 7.54 5.53 10.08 18.0 18.73 16.2 15.08 10.75 11.03 5.27 4.7 6.27 6.45 5.96 5.35 5.98 8.6 3.65 3.91 5.97 5.06 4.53 4.35 6.76 7.32 6.66 7.62 3.62 10.55 15.27 15.19 15.32 12.08 7.09 6.23 4.9 3.82 2.3 2.89 4.98 3.3 7.68 4.98 5.09 6.17 7.33 5.3 3.75
11.86 14.28 25.84 10.33 4.36 5.04 4.3 6.08 2.95 5.97 9.07 13.86 15.48 6.55 17.99 14.03 8.98 7.36 11.26 14.81 14.93 9.17 9.56 4.94 5.64 2.81 6.36 5.77 6.92 3.88 3.37 4.92 4.5 3.65 4.75 5.83 5.91 4.88 7.07 5.68 7.31 4.85 4.46 5.74 11.65 10.01 12.34 11.76 12.01 8.95 4.3 7.4 3.93 2.7 5.29 4.41 4.91 6.48 3.53 3.16 4.85 6.69 7.74 3.89
10.36 19.05 30.8 10.84 9.22 8.12 3.59 2.79 8.3 15.56 14.7 19.21 19.46 5.17 14.26 10.71 9.07 19.67 19.01 10.79 18.34 16.46 11.33 4.78 5.58 5.01 5.39 3.49 2.03 5.02 5.37 2.52 4.82 6.26 7.45 7.28 8.65 4.86 11.42 8.21 7.99 6.6 8.61 9.58 5.88 13.18 17.36 8.25 7.74 6.51 7.13 10.68 3.85 2.03 8.54 6.24 6.1 7.47 4.42 3.63 4.72 8.08 4.68 4.92
10.2 13.01 16.06 9.56 12.71 7.27 4.72 6.29 6.61 19.37 29.09 18.21 20.77 10.54 15.26 13.02 7.81 9.89 10.38 7.93 8.95 8.15 16.11 4.9 5.12 9.35 13.54 6.4 4.62 6.05 3.17 2.04 3.14 2.15 5.85 11.79 9.55 5.77 8.05 11.89 14.24 7.63 5.54 4.01 5.15 9.27 19.8 9.59 6.05 5.66 9.08 6.33 4.62 2.72 3.05 4.47 4.8 10.47 5.05 3.56 6.29 10.14 18.37 12.31
4.73 9.88 6.1 10.02 12.34 6.61 5.39 4.83 9.93 38.62 19.46 12.36 8.29 5.68 17.34 4.56 7.04 3.71 7.94 8.34 8.22 12.48 9.11 5.21 4.16 8.62 6.92 5.27 5.38 8.47 8.08 6.7 3.74 6.3 10.37 8.35 5.42 4.67 7.05 13.29 16.7 8.6 5.93 4.09 2.5 3.92 7.96 6.62 5.11 10.28 8.4 3.89 3.92 4.63 7.06 8.2 7.34 4.41 6.66 8.08 4.15 8.6 10.59 15.8
10.58 7.51 4.51 4.65 6.58 6.53 5.27 3.93 12.55 30.99 38.63 10.05 7.8 5.39 6.34 6.64 7.92 4.83 6.38 6.08 10.49 17.29 8.78 12.8 8.65 9.29 7.03 3.49 3.22 6.11 4.87 3.97 4.0 7.87 10.13 7.16 7.7 5.69 5.39 8.29 9.17 10.88 4.7 4.55 1.75 3.97 5.62 4.75 6.77 4.78 8.71 5.93 3.37 4.5 5.86 5.15 7.2 6.95 20.94 17.79 8.98 11.0 9.58 10.67
9.61 8.38 4.84 3.24 5.56 4.75 7.42 8.61 7.68 18.91 25.73 24.94 12.21 8.31 3.02 2.79 6.02 4.18 6.2 7.04 7.1 14.06 4.89 10.94 5.84 7.55 5.24 2.59 2.27 4.62 7.06 3.65 3.36 5.82 3.84 4.87 5.9 5.39 3.91 4.95 8.3 8.61 7.36 6.14 3.14 1.86 4.69 6.32 7.66 4.45 7.42 5.11 4.76 4.86 5.84 4.41 3.99 9.44 27.72 19.65 17.73 12.77 8.11 11.32
10.13 7.34 6.39 8.4 4.01 7.03 6.19 6.8 5.43 5.13 13.72 14.1 9.86 3.49 2.83 4.37 7.91 5.17 4.3 6.37 7.35 7.23 3.2 5.93 10.2 5.62 3.41 3.41 5.06 4.37 5.11 3.4 8.35 11.0 5.96 3.7 13.63 7.51 5.24 2.7 7.97 12.36 5.99 5.38 3.03 2.73 6.18 4.23 5.76 4.29 6.39 3.67 3.5 6.0 5.13 1.69 2.1 5.56 17.94 17.61 9.5 9.18 10.64 10.26
4.56 4.83 3.43 4.14 2.9 7.78 10.56 6.33 5.48 3.35 10.48 5.79 2.95 3.89 1.99 3.22 8.02 6.7 6.86 12.86 16.81 10.82 9.1 10.43 8.33 6.31 2.81 2.93 5.86 2.92 4.56 4.17 7.02 5.74 5.78 4.5 8.41 8.89 3.71 5.24 6.43 8.91 7.29 4.91 6.21 4.73 4.16 3.78 4.01 7.99 14.11 6.51 6.13 2.31 5.43 7.22 6.6 7.5 8.89 8.64 6.61 8.93 4.94 6.36
4.95 5.39 4.89 2.73 3.32 12.49 10.87 7.13 4.79 4.62 3.53 2.34 3.02 4.16 4.85 6.94 6.45 7.61 8.86 6.27 18.43 12.36 20.99 19.01 10.82 7.75 4.01 2.96 3.54 2.17 4.18 3.4 6.33 8.47 5.51 7.05 4.96 14.15 9.18 8.08 9.11 12.14 13.55 13.5 9.63 6.42 7.17 9.25 11.32 9.95 18.38 10.86 7.92 3.63 7.21 16.14 7.45 5.48 5.1 6.38 9.15 4.78 10.11 3.53
4.86 5.96 3.54 1.74 3.89 8.18 5.66 5.88 5.0 4.99 2.87 2.01 2.18 2.28 5.65 7.37 3.47 4.95 7.71 13.17 10.5 11.87 9.45 17.1 12.58 7.98 4.01 3.54 4.05 6.84 4.57 5.46 7.26 9.82 7.08 6.87 4.35 5.35 4.67 8.64 9.38 22.49 9.82 9.57 10.06 12.81 8.83 11.47 14.07 6.59 7.42 6.43 5.14 3.21 9.18 9.41 4.53 9.15 7.84 5.88 5.86 3.91 3.34 2.48
3.64 3.96 5.04 2.64 3.53 6.02 4.79 3.41 5.6 3.81 5.43 5.3 4.8 6.24 5.95 10.94 2.28 6.42 7.32 6.07 12.96 14.11 6.6 7.33 11.08 10.9 6.02 4.19 4.28 7.8 3.3 5.33 5.79 10.0 10.93 7.38 3.7 2.92 3.53 5.99 4.5 12.45 6.31 7.4 15.4 12.57 17.02 14.98 11.39 9.53 10.76 9.81 5.65 6.91 7.79 10.74 6.35 14.14 12.0 14.81 10.86 4.36 4.2 1.6
5.18 6.87 4.8 4.37 3.74 5.64 3.14 2.95 1.72 5.17 5.61 7.49 4.28 7.54 10.22 4.67 3.64 5.48 5.48 5.42 6.5 8.85 3.74 5.83 7.7 6.89 7.34 10.06 8.93 8.83 5.01 7.13 4.92 8.19 8.24 8.67 2.79 4.46 2.79 5.43 6.89 4.2 4.56 4.75 11.07 10.95 24.15 13.51 12.54 8.05 6.97 10.33 13.43 7.4 7.42 9.47 11.55 10.49 6.85 6.83 8.42 4.19 5.19 1.91
3.98 6.0 6.07 4.66 5.69 2.2 1.48 1.86 1.56 3.22 5.39 2.96 3.47 5.75 6.94 4.98 3.65 4.28 3.05 4.8 3.52 2.11 2.75 6.73 10.22 7.59 10.38 13.73 9.47 8.11 8.54 10.2 10.24 9.25 11.0 5.57 7.59 3.86 4.4 5.43 8.26 6.78 5.13 7.77 10.89 6.3 9.58 6.44 16.64 11.11 4.57 7.51 13.24 19.14 8.88 10.4 9.5 3.63 7.68 7.59 5.49 4.24 4.08 1.54
10.15 5.42 5.85 3.69 3.72 1.59 2.4 2.38 2.27 4.98 6.35 7.04 3.68 8.16 5.66 10.19 9.5 5.52 4.29 7.47 3.38 1.86 2.98 4.94 11.85 9.34 11.04 9.75 11.05 10.2 6.45 7.42 10.68 12.96 5.74 5.8 18.39 6.43 6.05 3.33 5.22 10.43 12.1 10.14 14.99 9.04 12.7 12.95 11.46 14.63 6.64 7.81 15.62 10.36 11.34 17.36 12.19 7.88 5.76 9.81 8.65 6.11 6.94 2.39
6.76 5.93 3.7 5.04 2.56 1.94 4.05 3.74 4.06 7.09 4.84 5.97 6.0 8.21 13.62 7.14 7.5 6.96 4.36 3.2 3.0 3.97 6.73 4.83 7.96 8.52 9.62 12.22 10.24 8.12 4.73 5.19 8.32 13.05 5.69 4.91 9.78 4.44 5.6 9.53 6.05 4.32 10.12 10.73 8.97 16.51 11.53 23.76 22.59 16.06 7.03 8.16 8.48 16.03 6.75 15.8 10.88 4.66 5.37 6.52 6.98 8.15 5.1 2.04
6.53 6.21 6.91 2.78 1.95 1.89 6.57 6.77 8.3 7.14 3.92 5.13 4.61 6.58 11.04 5.71 5.53 7.03 4.04 5.26 4.02 5.18 4.06 5.16 5.09 10.38 6.99 8.27 5.66 5.09 5.87 7.96 7.5 7.95 8.23 12.43 13.12 9.47 7.74 12.58 5.44 5.95 8.54 11.14 13.16 21.46 12.65 28.15 16.74 18.89 6.25 5.53 12.47 14.83 11.29 10.74 6.72 5.89 3.65 5.6 6.49 4.93 4.27 2.99
9.34 10.5 8.98 3.0 3.41 2.64 8.32 9.22 4.77 5.59 5.57 7.29 4.26 10.05 5.08 5.75 5.8 4.02 4.83 3.78 6.01 4.83 4.75 5.99 3.57 6.4 3.38 5.03 4.24 5.79 5.6 5.19 3.83 9.81 10.85 13.17 13.69 8.82 6.61 7.21 6.91 11.4 9.96 14.73 9.17 24.06 19.77 8.61 9.5 12.6 10.12 10.81 7.62 5.96 6.24 4.76 3.76 2.66 3.05 7.88 5.36 3.79 2.45 3.06
5.98 4.33 6.43 5.27 2.71 4.55 6.32 10.52 7.78 5.78 6.17 5.44 1.76 3.92 7.68 8.63 9.93 4.89 3.14 5.16 6.5 13.41 8.55 5.39 4.19 10.13 8.32 5.98 4.3 3.3 5.74 4.73 7.48 12.31 9.17 7.91 9.93 9.1 14.44 9.05 11.98 6.73 8.93 16.14 11.6 11.09 7.91 8.54 7.98 7.56 17.47 7.66 15.92 12.42 7.78 7.78 5.27 4.34 5.53 4.26 4.96 3.82 3.42 5.55
5.58 5.72 6.45 3.14 3.61 3.51 11.76 7.95 12.43 14.55 12.7 6.01 1.79 3.17 16.88 9.68 4.16 3.67 4.3 7.68 9.16 12.09 11.21 8.52 8.51 6.84 5.28 6.83 6.36 7.06 12.94 5.0 10.42 5.03 5.76 6.12 8.53 5.03 15.39 18.21 18.72 13.88 15.36 13.47 13.69 14.42 9.2 7.48 7.53 5.17 7.21 8.23 8.24 21.41 14.95 13.42 8.05 10.11 6.6 4.93 5.07 3.22 2.45 5.02
