12.24 11.56 8.62 10.68 4.31 4.67 7.33 7.38 6.5 6.05 2.89 6.25 2.73 3.49 7.27 11.03 12.46 7.06 6.85 7.61 5.74 7.86 10.58 6.94 5.19 6.25 4.52 4.31 3.83 7.8 4.95 2.39 4.25 5.45 4.9 7.69 7.87 7.59 7.8 8.0 7.42 8.73 9.28 7.34 2.05 2.01 3.42 3.06 6.43 16.87 16.4 26.26 6.05 10.0 10.44 14.44 8.29 6.34 3.88 2.29 4.32 1.88 4.7 3.64
14.24 12.78 8.76 7.66 5.42 6.0 7.56 12.55 8.29 7.09 2.64 5.44 5.53 6.53 9.5 15.7 11.84 9.28 7.82 6.09 4.75 6.96 4.44 6.59 6.53 5.22 3.89 5.23 6.08 5.13 5.25 2.71 2.11 3.85 4.31 11.28 11.85 13.63 10.24 6.07 6.97 6.78 7.09 3.06 2.57 5.99 4.53 1.61 4.99 14.54 7.74 12.45 9.63 5.79 4.32 10.51 13.39 11.22 7.24 4.88 4.17 3.93 3.02 5.33
30.26 11.13 4.42 7.09 6.99 7.84 11.78 20.65 6.58 10.07 4.56 4.59 7.61 6.03 10.9 6.55 12.71 12.41 4.73 5.58 5.38 5.22 5.36 6.6 4.92 4.85 5.7 5.47 5.41 3.6 3.52 3.95 3.14 5.69 7.67 13.08 17.39 16.96 14.19 7.66 8.28 9.4 7.37 5.95 4.75 5.99 4.28 1.56 2.58 9.58 9.9 18.03 7.69 3.26 4.63 6.19 11.62 14.78 6.41 4.09 4.88 3.9 5.62 2.98
11.91 4.99 4.28 4.88 6.53 9.77 16.98 32.95 21.77 14.57 16.93 14.34 14.31 16.07 5.83 12.27 5.86 8.59 4.83 4.49 6.55 6.92 5.17 6.33 8.01 4.06 5.84 6.97 4.08 4.05 3.98 4.23 4.7 11.82 7.79 5.98 14.62 12.42 5.53 5.86 7.98 12.27 5.65 8.09 5.8 4.04 2.67 3.41 3.85 4.73 11.68 15.1 6.4 2.68 5.17 7.0 15.43 27.72 10.45 5.63 6.71 13.11 9.16 8.2
17.76 7.73 5.19 7.29 11.43 7.15 15.91 17.4 18.43 21.41 27.41 10.81 16.91 12.12 8.27 10.17 9.34 12.7 9.09 4.86 4.65 8.58 5.04 2.96 7.82 6.63 4.79 7.41 5.76 3.4 3.13 4.0 5.66 11.79 6.1 4.93 7.31 9.55 7.61 8.04 4.8 9.44 6.07 12.41 9.5 5.48 4.53 5.72 5.24 7.56 12.4 14.97 7.78 3.13 5.03 5.14 10.27 13.0 7.47 6.78 8.46 13.84 11.65 10.69
9.49 4.1 4.47 8.81 6.3 5.01 10.84 21.92 19.09 47.27 20.65 17.87 9.37 13.8 10.13 19.21 8.39 10.97 10.18 6.4 7.82 6.31 4.89 4.38 9.89 5.01 8.33 9.06 7.34 11.03 5.81 7.87 16.07 13.03 7.82 7.15 8.24 11.14 7.54 5.41 3.92 4.97 4.17 7.99 7.04 4.18 4.57 3.36 3.8 6.33 13.21 12.67 10.52 4.44 3.24 13.66 6.69 6.61 9.54 7.73 7.22 5.65 9.01 9.04
15.38 3.97 3.18 4.48 3.68 4.26 7.49 9.09 21.09 20.81 13.86 11.18 11.95 10.97 7.76 9.78 6.89 5.37 16.48 9.39 11.54 12.8 5.86 6.86 10.93 7.48 12.53 10.55 10.8 10.74 8.0 7.07 13.12 7.56 5.82 7.18 8.5 17.68 6.07 6.75 6.74 3.67 6.16 5.47 7.51 4.38 6.38 4.72 2.83 6.11 11.22 13.37 11.16 10.97 8.25 6.03 14.34 11.03 8.65 6.22 4.99 4.2 3.43 10.4
13.82 4.96 6.73 2.3 3.63 6.4 5.29 12.6 13.17 20.22 6.42 5.62 6.39 4.39 7.47 6.51 5.04 4.47 7.44 7.19 10.94 9.41 6.52 3.61 8.89 14.81 9.4 11.11 9.42 15.47 10.23 9.3 6.8 10.46 6.34 5.94 9.85 29.45 10.44 3.93 10.52 4.65 9.68 5.86 3.31 5.74 11.49 3.81 8.46 8.51 11.55 11.95 9.55 14.93 10.44 6.18 10.02 11.07 6.73 7.78 5.66 6.63 8.04 5.88
8.65 9.22 4.88 3.22 4.89 12.56 8.29 19.6 8.24 10.51 8.64 3.22 4.69 4.53 4.91 8.06 9.46 5.85 6.78 6.33 8.8 13.39 7.06 5.14 7.68 4.05 9.23 7.49 8.04 13.32 8.04 16.18 5.14 7.52 17.37 16.13 17.94 18.77 13.39 7.6 3.76 5.84 6.44 6.31 3.29 6.48 4.3 6.88 7.28 9.63 6.84 10.74 16.66 13.49 4.57 6.77 9.47 4.56 5.74 7.81 4.99 4.07 7.39 13.31
15.58 9.99 4.76 6.12 8.33 14.63 11.7 22.68 18.19 8.49 6.76 3.28 4.68 6.78 3.5 5.95 8.27 3.44 3.64 3.35 8.83 10.11 5.88 6.77 7.37 10.52 6.98 26.53 10.35 16.72 18.58 8.54 6.02 15.07 24.22 22.45 20.53 10.41 6.11 5.72 4.88 2.95 7.2 8.05 9.78 6.15 4.2 6.91 15.73 13.43 9.39 15.46 13.02 6.72 5.25 4.24 3.47 2.77 2.78 7.43 8.45 7.74 12.99 12.33
5.88 8.86 4.61 6.32 5.93 11.29 10.66 14.31 8.66 13.84 9.09 4.46 3.87 9.68 7.78 6.57 7.34 7.39 7.71 7.96 5.65 12.68 7.99 3.34 7.44 4.58 6.16 13.1 12.96 14.6 19.72 15.14 8.24 14.06 29.17 23.06 18.62 11.08 8.08 7.74 9.1 5.1 3.55 12.53 7.29 6.88 7.0 8.14 12.08 13.08 16.5 11.55 7.14 12.87 7.68 3.33 2.18 2.53 2.4 5.39 4.92 9.16 9.86 9.88
6.84 11.71 8.53 7.3 14.89 12.48 9.1 17.9 21.59 18.0 15.28 6.46 6.35 4.44 3.08 4.42 5.69 4.19 5.99 4.94 3.54 8.47 5.24 6.2 5.93 7.79 4.09 6.0 8.43 21.54 16.86 7.99 14.26 16.23 9.47 15.91 18.18 16.01 9.55 8.72 5.96 5.79 4.03 5.98 12.05 10.1 4.06 6.29 8.68 5.89 10.2 8.41 7.65 8.51 7.08 6.5 2.91 2.0 4.52 3.19 6.22 7.07 6.22 6.31
8.92 15.08 7.27 6.59 7.67 9.24 15.8 7.97 8.61 13.29 5.23 4.86 5.17 9.03 4.51 5.98 6.9 6.51 4.72 6.04 3.96 10.83 6.66 4.96 9.9 6.8 3.52 5.55 5.46 7.15 8.5 10.72 11.76 11.25 8.73 12.51 10.13 10.78 7.26 4.3 9.79 5.99 4.01 6.59 6.49 9.35 5.72 5.07 14.05 7.9 4.1 8.23 9.36 10.7 6.29 3.87 2.58 4.88 3.37 10.63 3.19 8.15 6.4 4.63
6.88 11.18 10.38 9.18 11.4 10.04 10.18 12.89 4.26 3.69 11.36 5.44 6.93 6.74 11.63 5.43 10.05 9.13 10.25 5.96 5.82 8.98 6.91 5.84 5.99 4.37 3.8 4.09 5.2 3.92 3.59 10.73 6.71 7.52 9.98 9.49 6.4 5.76 4.31 4.74 8.31 3.83 4.16 11.0 8.23 5.69 3.97 9.68 12.45 6.89 6.95 9.89 7.3 8.39 6.69 3.55 3.4 4.32 5.6 5.33 7.01 5.51 9.08 9.0
5.87 7.19 12.57 8.39 8.43 10.01 9.33 6.12 3.66 5.56 6.29 9.06 6.2 12.33 9.86 11.38 11.0 8.43 11.9 12.94 7.56 3.95 6.04 6.32 8.54 5.03 2.51 4.53 3.4 1.93 4.34 8.0 4.53 8.07 9.63 6.54 9.26 4.26 4.23 3.16 3.99 3.54 6.38 7.73 14.38 6.65 7.86 7.26 11.67 7.04 8.28 12.01 6.07 9.07 3.38 3.86 5.93 11.19 4.74 11.01 9.98 6.66 12.58 14.2
9.16 10.24 8.4 7.83 24.88 14.44 6.61 4.71 2.35 5.27 4.29 4.24 9.63 8.54 8.4 6.2 12.61 6.8 13.48 23.12 3.73 7.47 7.82 6.25 8.98 7.45 4.3 2.88 3.74 3.78 4.93 5.09 3.94 8.28 7.76 7.59 6.43 3.85 6.01 4.04 4.1 4.67 8.39 12.63 13.41 17.58 17.89 14.86 7.08 6.62 8.76 11.68 6.6 6.13 4.4 3.43 5.54 9.75 5.99 4.46 7.32 8.32 14.35 9.86
3.28 9.37 8.52 3.08 10.97 10.92 4.03 3.9 4.63 3.68 4.67 5.69 8.4 6.97 7.02 10.21 6.39 4.88 22.41 14.8 9.22 6.33 5.73 7.25 6.11 6.76 2.62 1.96 2.82 2.86 5.96 8.75 4.56 6.47 11.58 7.87 9.18 4.38 4.76 4.13 3.97 6.51 7.73 7.43 10.9 7.81 14.46 13.19 6.97 7.88 12.69 9.12 11.21 7.5 7.14 7.01 7.14 6.31 12.43 7.74 9.45 9.75 17.33 7.51
4.24 8.95 7.31 4.33 7.75 6.64 5.6 4.83 6.38 4.45 4.41 6.89 11.15 4.99 4.15 5.2 3.96 5.71 5.7 8.64 7.51 7.71 7.21 5.19 6.82 7.23 2.39 2.17 5.06 4.4 4.57 4.51 4.88 3.34 4.05 4.51 4.47 3.28 5.55 6.29 5.96 5.1 5.07 11.64 10.91 31.9 12.03 25.56 21.63 31.83 18.0 19.13 12.91 5.8 5.07 4.64 6.59 11.58 11.32 15.23 8.87 10.12 11.91 9.79
2.85 8.52 5.01 2.42 6.11 4.51 3.61 7.85 4.96 7.75 6.52 7.13 8.09 6.99 4.19 4.34 8.21 4.68 13.5 9.69 5.17 10.13 5.63 6.14 4.26 5.07 2.97 2.34 6.05 11.57 4.12 4.64 4.39 5.83 5.35 4.78 12.5 7.0 5.81 5.45 5.92 1.8 1.96 5.74 7.37 15.75 9.63 14.74 25.72 49.9 37.41 13.74 15.22 12.63 6.78 6.13 3.15 6.68 14.35 14.47 14.01 8.43 15.32 10.91
3.89 4.24 3.05 2.81 3.19 3.7 4.76 11.33 5.55 3.58 8.56 6.52 4.41 6.64 3.14 4.59 6.09 8.66 12.17 11.95 10.92 6.93 8.69 9.34 7.97 4.27 2.93 2.74 4.25 4.93 3.59 4.13 5.38 4.19 6.46 6.94 11.51 17.97 9.19 10.08 4.11 1.52 2.32 6.5 8.14 12.06 8.95 9.68 17.56 27.11 50.25 27.46 14.41 18.57 16.85 6.09 4.26 8.87 9.22 22.51 17.37 8.0 10.06 14.02
4.84 1.77 3.47 3.54 2.08 1.73 3.27 6.49 3.69 4.83 5.67 4.92 3.58 4.42 5.7 3.79 12.79 8.48 9.4 7.53 7.32 11.49 3.78 6.61 6.63 7.22 6.48 5.59 6.23 4.31 6.57 4.95 7.33 8.19 13.72 12.35 14.48 25.3 14.46 8.44 3.83 1.45 4.35 5.03 5.61 11.63 17.29 11.87 11.88 23.2 29.78 35.61 12.49 16.34 21.34 4.89 5.46 8.45 13.68 12.1 13.6 13.6 12.91 11.75
4.73 3.4 3.38 2.67 1.85 2.08 4.42 6.34 3.1 3.89 7.29 3.28 4.67 7.1 4.97 7.08 19.82 12.02 15.5 14.65 4.73 5.27 5.42 4.49 3.71 6.97 12.94 3.92 1.76 1.91 3.92 5.02 4.73 8.17 13.16 17.98 11.57 17.98 13.44 11.08 4.11 7.33 9.98 6.79 5.77 15.11 14.91 45.01 14.48 7.28 18.49 8.23 4.93 7.16 7.9 6.52 3.41 9.14 13.63 30.94 22.32 13.67 14.47 18.62
5.25 6.78 3.09 5.76 3.61 3.17 4.08 3.62 5.01 4.75 6.53 8.07 7.32 6.81 8.29 6.06 8.37 8.71 4.46 5.47 4.23 5.43 3.13 6.91 9.83 9.5 9.59 7.74 3.47 2.93 5.87 7.2 11.89 12.27 9.75 12.74 10.11 10.6 10.68 8.16 7.19 8.51 7.48 9.62 6.14 19.25 17.89 24.64 13.83 12.81 8.03 5.3 2.39 3.44 3.92 2.84 7.41 7.8 9.5 26.36 29.31 28.81 10.88 11.68
4.0 6.56 2.78 4.49 7.71 4.12 3.97 2.57 3.78 5.67 5.66 8.99 10.6 16.0 11.49 15.19 10.25 11.93 7.04 4.2 11.06 8.4 11.57 10.31 13.47 12.26 5.66 5.74 8.38 6.42 9.33 4.57 7.08 7.78 13.78 10.79 3.91 6.6 11.73 5.75 13.95 18.08 9.25 13.3 13.75 11.6 14.09 17.22 11.77 14.47 7.9 4.07 3.61 2.37 3.23 2.8 3.39 15.81 13.29 32.28 33.26 26.32 14.46 5.95
3.07 3.58 7.21 5.73 11.54 11.82 5.76 1.74 4.16 4.01 12.15 7.4 8.36 11.84 11.79 13.92 8.96 8.28 7.24 9.63 8.01 7.61 12.24 16.85 7.02 6.92 5.65 6.08 9.87 15.81 12.02 7.32 5.75 9.18 14.8 12.31 4.56 7.67 12.21 11.06 10.73 12.91 6.72 9.55 12.28 10.18 8.14 7.15 14.31 9.23 10.98 7.83 2.8 1.74 6.66 5.33 7.4 13.6 12.65 15.73 17.87 14.13 12.64 5.34
4.24 3.53 7.7 10.36 12.77 7.27 6.25 3.25 3.21 9.25 9.66 13.14 4.47 6.46 10.02 8.07 9.97 4.82 12.12 7.71 6.92 6.75 9.48 7.07 7.53 11.2 12.0 9.05 10.72 8.76 12.97 6.15 8.43 7.99 11.13 11.6 7.74 17.1 16.4 13.95 11.34 4.27 7.11 10.02 16.88 13.28 11.76 7.26 7.78 7.78 5.05 5.51 3.55 3.92 7.42 6.48 10.45 22.34 11.97 11.66 19.57 8.48 7.56 3.33
9.35 8.44 6.7 7.23 11.22 8.16 5.24 3.53 5.14 3.84 13.16 6.79 4.57 5.24 11.12 5.69 7.95 10.82 7.99 3.21 4.7 7.99 5.54 4.02 6.43 11.68 11.24 9.76 17.84 11.04 12.74 11.64 8.65 9.84 5.97 7.92 9.93 14.3 13.45 8.65 4.53 5.18 6.87 9.17 18.43 21.44 13.84 7.72 7.65 20.24 8.57 2.02 3.43 3.68 7.08 5.34 10.11 15.99 21.33 12.39 10.08 7.03 3.73 5.36
7.19 6.04 5.61 6.12 5.22 8.73 4.94 4.35 5.18 5.82 7.77 12.15 9.53 6.17 10.64 6.68 5.17 7.47 5.16 3.34 4.73 6.29 5.37 1.92 3.17 5.95 3.2 5.14 7.67 7.39 7.65 11.34 10.76 4.65 5.38 6.77 12.22 15.42 14.72 6.27 4.11 4.67 11.82 8.95 22.47 13.55 9.52 13.6 24.56 21.46 8.77 4.64 3.26 5.02 7.82 7.53 13.98 22.68 24.56 31.39 20.85 8.52 3.99 9.16
4.93 13.64 3.85 8.8 13.33 9.11 10.5 4.81 6.54 3.3 6.23 16.59 11.13 11.25 5.94 6.47 5.15 5.13 3.4 2.73 3.2 3.97 3.82 2.84 3.73 5.77 2.51 3.3 7.17 6.24 12.37 11.9 12.29 10.62 3.88 6.51 7.77 9.74 8.86 8.78 3.75 5.52 6.08 11.12 13.07 21.53 9.06 17.31 19.49 17.62 10.52 8.11 10.28 3.79 9.08 5.93 4.03 10.36 19.8 17.05 10.04 7.41 3.29 5.85
6.02 7.87 7.91 5.7 19.2 14.1 10.02 5.23 3.95 3.22 7.9 5.94 8.54 11.76 10.24 6.62 5.42 6.19 3.39 4.85 3.64 6.38 4.5 5.21 2.05 3.01 3.33 4.45 2.38 2.85 11.35 14.26 7.63 6.05 8.55 6.36 8.57 8.25 13.98 10.19 5.04 7.38 7.23 5.89 8.6 9.79 12.44 6.01 7.42 9.02 6.81 6.4 12.4 7.36 8.53 10.78 6.95 6.79 13.7 20.43 13.06 6.69 8.78 8.61
8.91 8.56 6.66 7.6 11.63 15.22 21.42 5.91 3.92 3.78 7.3 5.22 7.8 10.83 4.69 6.45 5.88 4.18 5.34 5.06 7.91 3.27 4.7 4.34 3.55 3.36 5.22 6.11 3.19 2.78 6.74 4.98 8.82 7.07 5.7 8.07 6.82 10.92 8.81 11.22 5.03 10.03 8.93 7.81 6.62 12.0 13.96 6.28 9.49 8.26 5.58 11.84 5.77 5.02 7.73 5.98 6.22 11.78 6.08 11.44 17.09 8.63 4.46 6.47
10.36 9.02 12.18 10.77 20.57 28.49 15.6 9.24 9.16 12.16 7.42 4.79 8.45 9.92 5.04 6.46 7.23 4.22 5.28 9.02 4.1 6.03 3.91 1.97 2.85 7.1 8.31 6.25 4.28 4.01 4.68 4.49 6.8 13.44 6.51 5.16 13.77 23.35 7.06 9.62 6.53 5.84 5.59 3.71 7.24 7.28 5.05 7.94 9.99 11.44 5.5 4.41 3.22 4.07 7.97 7.53 9.05 18.02 9.67 9.03 13.36 15.61 3.75 3.76
12.74 13.25 20.36 12.67 17.85 22.99 15.85 14.83 16.2 11.34 5.47 6.82 4.66 10.4 5.43 6.05 6.25 7.6 11.98 10.38 7.7 6.22 5.3 2.47 5.52 5.2 9.07 5.01 5.98 7.34 4.51 5.13 7.33 11.66 5.81 7.83 13.07 9.63 9.99 5.39 3.24 4.59 7.09 5.14 9.34 9.55 10.96 11.41 18.03 7.07 9.93 6.37 2.03 4.69 6.2 13.38 4.82 8.2 5.66 12.2 10.77 9.57 6.03 7.98
10.34 14.87 21.89 31.01 19.06 23.95 20.58 12.62 18.51 6.83 3.64 3.82 8.7 8.35 6.68 9.22 5.65 7.46 12.47 11.39 7.9 8.06 5.87 3.94 11.69 6.24 3.32 5.54 4.76 11.78 15.92 11.31 16.85 10.43 8.29 15.02 11.23 12.55 5.84 5.21 4.07 4.96 6.86 5.54 9.83 8.74 7.27 10.77 14.62 9.64 7.72 13.38 8.78 5.6 12.73 11.16 12.65 3.68 7.69 8.08 7.99 15.5 9.56 9.51
9.98 6.62 27.58 19.06 13.61 13.04 9.49 10.87 7.76 5.38 4.23 3.81 8.09 10.59 9.23 6.6 10.19 9.94 16.14 16.72 9.87 7.08 9.94 6.04 7.76 5.58 3.07 2.18 5.2 10.95 14.3 15.95 13.77 5.97 10.14 8.14 10.29 8.73 5.66 4.2 5.75 9.5 14.53 10.34 12.83 14.65 21.46 16.93 12.91 7.86 8.62 18.09 6.55 10.55 6.55 9.71 6.84 5.56 8.47 6.45 11.19 16.6 12.47 10.59
5.59 7.18 12.0 11.27 7.13 10.12 8.08 5.69 10.39 5.86 6.63 6.16 4.55 4.11 5.16 3.8 5.49 7.52 8.27 10.79 5.17 4.97 7.65 11.1 9.26 3.58 2.27 5.12 5.49 9.84 19.65 10.9 19.57 16.03 12.97 17.03 8.97 6.22 5.82 4.4 9.87 15.47 17.26 15.94 6.52 14.77 31.88 16.83 10.86 16.07 9.73 20.09 12.84 5.71 7.95 6.51 9.14 10.09 5.51 9.05 6.21 7.39 14.99 5.88
4.24 5.56 8.43 5.31 3.33 5.37 3.44 7.13 11.51 9.25 6.27 5.2 8.78 7.38 3.09 4.1 7.86 4.76 10.91 10.15 7.05 8.43 11.01 7.11 8.8 4.14 2.59 4.57 5.26 5.89 11.37 9.15 13.99 13.95 15.93 11.99 6.1 3.95 8.71 9.31 11.32 14.63 16.39 12.29 8.92 8.13 27.3 15.46 17.71 17.33 7.36 15.71 12.25 6.2 7.83 4.57 5.9 6.48 5.42 6.68 9.71 8.93 9.83 9.86
6.34 6.8 14.49 4.8 5.38 5.6 3.77 3.27 10.94 10.19 4.79 3.59 4.78 5.57 2.93 4.51 5.04 10.77 6.93 11.55 5.79 4.72 9.8 5.57 6.24 1.8 2.55 3.58 5.3 7.73 8.6 14.1 11.09 14.1 19.84 12.96 9.63 7.89 8.83 12.23 14.42 11.18 5.67 9.88 7.28 8.0 12.9 7.31 17.51 15.21 17.6 18.09 20.38 5.94 10.71 8.01 2.89 6.37 6.4 7.32 7.34 8.49 18.39 9.46
7.35 4.95 4.41 8.51 3.18 3.69 5.18 4.3 6.68 6.03 9.62 10.39 5.2 8.66 8.5 7.27 8.03 8.63 8.61 11.88 10.95 3.66 4.75 4.9 6.25 3.07 2.07 5.17 5.08 7.31 10.37 9.32 17.69 11.76 10.31 22.57 17.16 13.5 8.84 12.58 14.38 6.49 5.53 6.37 5.32 3.61 7.84 7.32 14.28 13.69 9.38 20.68 11.95 7.54 10.11 6.68 5.48 3.01 5.52 7.3 10.4 9.9 11.99 12.95
12.86 11.59 9.11 4.53 13.18 5.85 4.09 6.28 6.45 6.36 7.62 10.18 8.87 6.04 4.33 6.27 8.61 6.22 9.43 7.58 11.16 3.61 3.38 4.1 6.11 6.49 9.2 5.11 8.74 9.19 9.42 9.81 6.87 22.76 13.92 12.0 18.39 15.1 4.14 10.27 13.47 11.55 7.8 3.5 3.81 5.03 8.97 7.47 8.49 7.51 6.6 6.28 13.45 12.99 11.02 10.23 3.75 4.05 6.55 4.93 6.25 8.38 11.05 5.11
6.54 5.0 4.83 3.79 1.82 5.56 3.85 5.47 4.12 12.3 14.52 10.17 8.84 7.64 6.75 8.21 8.06 7.14 6.72 6.54 5.65 6.64 6.7 4.22 3.31 9.05 8.56 6.08 9.7 9.98 9.95 9.63 7.68 9.21 12.42 13.75 7.79 8.61 8.78 4.52 13.89 12.26 14.42 6.44 2.94 5.87 13.81 19.38 8.48 11.75 6.93 6.98 4.39 11.73 12.51 7.92 3.7 9.93 13.3 6.99 13.9 14.63 9.23 7.42
7.61 4.36 4.93 4.96 2.39 3.22 4.73 5.98 6.7 7.28 10.69 9.7 11.47 9.32 4.81 3.75 9.09 5.12 5.08 5.9 7.89 8.22 9.55 4.02 4.91 4.84 4.29 8.02 7.02 25.82 8.76 7.9 6.98 7.49 7.46 10.74 12.12 9.19 5.18 9.88 7.45 6.21 8.2 5.57 3.98 6.65 18.36 13.06 11.4 15.34 10.06 13.72 7.06 5.4 9.21 8.54 5.46 10.66 9.66 3.39 5.5 11.04 6.77 5.61
4.08 3.0 2.26 4.62 3.54 3.08 4.9 5.23 7.02 15.81 12.27 6.15 13.0 16.21 3.45 4.88 12.55 7.36 4.72 6.81 8.78 12.43 6.46 9.98 6.01 5.61 4.45 7.37 13.37 9.93 6.51 9.21 4.48 5.84 5.2 8.47 8.84 4.32 7.48 5.97 9.04 5.2 4.98 7.42 3.48 10.36 8.48 8.81 5.88 7.11 9.04 5.37 9.94 6.61 8.22 11.22 10.91 9.91 3.78 5.05 9.6 9.88 17.94 7.79
6.26 5.69 2.91 5.19 4.79 3.11 5.17 5.61 11.15 9.92 9.18 8.79 7.27 3.94 5.83 5.0 9.68 6.69 15.66 8.93 14.88 10.66 13.5 11.87 22.66 6.3 3.87 9.04 7.58 8.73 8.14 8.35 10.06 3.1 6.24 7.89 6.27 4.3 7.72 8.95 5.83 4.93 5.97 14.3 12.01 7.32 12.28 8.75 5.83 4.79 8.06 10.8 4.42 8.16 7.41 7.81 6.78 3.31 2.68 1.61 6.56 10.76 10.17 5.07
7.49 3.96 6.91 7.14 6.61 4.32 11.78 10.99 15.9 17.56 17.29 8.6 6.78 2.22 4.48 7.43 7.4 10.44 11.67 8.16 13.73 19.36 15.65 17.11 14.7 7.95 5.41 6.0 9.28 5.0 4.94 10.58 6.29 4.45 9.67 4.18 3.58 6.42 8.68 6.92 5.46 6.77 9.52 15.98 17.49 4.88 4.76 3.2 4.07 2.34 7.15 7.31 7.34 5.89 6.37 8.5 7.04 5.3 8.76 2.45 4.01 18.34 8.47 6.59
9.61 9.65 7.17 7.05 8.72 12.28 12.56 13.0 6.77 15.82 10.13 6.04 4.45 6.04 6.02 2.64 6.82 13.22 15.9 7.54 9.17 13.82 20.42 15.7 5.05 3.9 7.01 3.54 6.0 5.19 7.62 8.11 8.67 6.37 5.8 3.43 2.24 4.64 6.51 4.38 6.49 9.09 24.3 18.8 14.52 9.05 6.78 6.42 6.78 9.01 6.62 8.48 5.65 8.95 8.45 7.65 6.43 5.03 8.95 5.44 2.1 5.48 5.43 2.04
5.55 7.13 15.83 8.88 13.04 20.64 12.19 7.95 16.01 7.66 15.72 6.53 8.88 7.38 5.44 13.35 9.27 10.47 10.31 7.84 4.35 8.58 12.51 5.64 2.69 2.32 3.06 6.87 7.58 11.48 13.87 15.9 14.05 10.78 4.65 2.33 3.13 3.47 2.71 3.28 6.23 7.5 13.78 13.81 12.58 5.94 7.08 7.72 9.85 9.89 20.88 12.56 15.14 9.47 10.53 9.31 13.13 3.97 6.06 5.22 3.13 6.25 6.13 6.05
7.34 11.19 12.08 18.18 28.71 13.54 7.2 11.38 7.25 5.82 8.28 4.79 5.86 6.66 12.78 14.05 17.08 11.48 9.22 5.67 5.77 14.35 6.43 2.94 2.48 1.54 1.54 3.65 9.44 10.26 7.19 13.96 11.81 5.25 3.61 2.86 2.96 1.82 5.07 4.39 10.98 11.71 21.31 10.6 7.16 8.04 10.02 8.48 6.77 21.3 16.43 18.64 27.78 18.81 11.11 10.84 9.34 7.31 5.15 5.81 7.5 6.33 9.56 9.15
10.78 9.96 9.43 27.94 25.91 12.51 10.51 8.5 6.07 5.33 10.65 5.97 3.55 6.19 9.67 6.99 7.1 8.03 8.92 6.41 7.0 9.93 7.38 1.45 3.05 2.31 2.63 8.08 7.34 22.91 14.86 11.22 14.34 5.9 6.3 5.77 3.6 2.73 6.61 7.28 6.08 12.12 14.15 9.79 4.33 4.18 10.97 8.04 6.09 6.94 17.59 24.77 19.16 23.5 20.76 23.86 16.59 7.12 10.01 7.66 6.98 7.12 18.25 4.93
9.0 8.69 10.81 18.73 9.53 5.87 8.31 5.47 4.28 6.69 5.7 4.44 4.04 8.05 7.92 7.78 6.83 8.17 10.68 20.11 11.9 10.49 8.15 4.81 1.62 2.24 3.57 10.84 7.26 6.08 10.77 9.11 12.72 10.5 10.67 7.0 7.44 3.45 9.48 11.35 7.17 8.85 12.41 6.8 6.97 2.07 2.99 6.21 5.83 7.66 9.34 20.5 21.28 17.1 16.13 18.39 11.71 5.02 4.59 6.37 7.76 7.17 8.08 10.16
9.98 6.9 18.87 17.07 14.99 6.64 8.97 5.82 5.07 8.45 3.18 2.88 5.37 6.51 4.32 2.83 3.59 4.71 9.02 8.73 9.65 9.13 14.46 7.16 3.13 2.74 3.46 8.49 13.01 12.75 10.16 5.81 11.65 9.62 7.96 13.36 5.27 4.66 8.37 10.58 12.17 8.96 7.27 8.21 3.33 1.31 2.11 3.13 4.96 6.63 6.47 6.0 16.8 17.18 13.91 12.39 13.42 5.56 7.53 8.44 9.79 12.85 15.72 6.12
8.09 11.66 18.35 11.2 3.43 4.0 4.23 3.74 3.37 6.42 8.03 3.02 8.17 14.01 9.42 7.35 4.86 9.59 6.46 15.16 6.62 6.47 11.56 8.41 3.61 3.29 4.98 7.0 10.88 18.32 8.73 8.5 11.04 7.98 10.44 9.33 10.25 5.04 14.99 17.39 5.28 8.45 4.78 3.88 2.26 1.61 0.87 2.63 5.37 7.4 4.73 6.62 12.11 10.02 11.98 7.57 8.86 2.73 8.45 20.4 13.94 10.45 12.8 14.24
13.22 18.54 26.73 11.59 8.52 7.28 4.54 5.73 6.93 5.69 5.97 4.57 11.6 12.87 6.69 8.58 7.31 5.42 9.95 7.49 8.12 6.66 10.45 9.03 5.59 16.56 8.61 6.06 13.32 17.74 21.88 10.44 6.41 12.83 9.21 5.95 11.39 6.97 8.03 14.31 10.74 4.91 3.78 2.94 3.22 1.47 0.84 2.75 2.61 5.19 4.12 6.01 12.76 11.76 8.64 7.47 4.18 7.75 9.52 12.5 8.72 3.72 10.17 12.0
6.99 14.52 9.83 7.46 5.74 8.41 6.41 6.39 6.39 6.03 11.56 8.17 11.81 14.84 11.18 11.65 15.93 6.85 9.21 9.9 4.79 7.96 10.88 5.05 8.74 15.61 20.9 10.99 10.09 19.77 27.48 10.68 16.68 16.69 18.73 13.48 12.84 7.31 8.24 5.4 8.19 9.99 5.55 5.16 5.04 2.06 1.46 3.99 2.92 2.9 7.25 3.2 8.0 16.2 16.87 9.16 7.86 5.87 8.96 9.17 5.51 3.98 9.49 18.69
12.16 8.62 11.03 16.17 12.45 8.62 14.34 13.89 4.39 6.24 11.76 9.3 10.81 8.02 14.6 6.81 7.69 11.05 9.36 6.38 4.68 6.65 9.89 9.64 14.46 17.76 16.54 10.07 9.35 18.17 37.21 16.49 21.87 20.13 16.55 19.11 22.29 6.01 5.84 6.42 4.02 7.86 8.21 6.49 4.62 2.83 4.04 5.64 5.4 4.53 7.16 6.89 8.75 16.88 9.51 18.68 8.53 5.85 7.09 3.7 5.5 2.28 7.32 15.65
5.39 7.16 8.38 11.93 16.3 5.97 11.93 6.98 3.8 8.49 15.12 11.79 9.05 15.9 11.63 4.93 8.0 12.46 6.29 6.98 6.29 9.04 8.06 11.09 13.1 8.56 8.33 5.88 12.91 18.42 28.62 19.6 13.43 12.63 16.06 11.42 19.22 15.6 7.43 4.85 6.91 9.65 4.42 6.98 5.51 3.53 5.62 4.06 4.74 3.42 7.5 6.77 11.95 10.18 15.79 16.65 19.97 9.43 5.7 4.59 3.69 3.22 5.58 12.27
4.34 9.29 9.78 10.56 16.66 19.34 6.89 6.85 9.09 6.75 18.67 11.82 10.31 17.28 16.93 2.45 3.82 14.72 11.73 6.78 13.0 12.34 12.14 8.85 19.25 10.22 6.83 4.32 9.56 18.52 34.8 14.78 10.16 8.59 10.94 9.42 10.52 9.32 6.12 7.0 13.4 10.6 5.91 7.3 3.56 4.53 5.05 5.92 5.28 4.05 13.45 8.55 5.61 9.19 11.45 7.79 17.44 8.85 8.88 3.01 3.36 3.02 6.21 5.66
3.22 6.39 15.76 8.87 22.83 14.4 12.22 4.36 5.1 12.74 14.78 16.72 17.81 16.94 6.1 5.19 5.62 10.5 11.64 12.97 14.25 6.69 10.79 9.72 14.39 6.96 5.17 3.24 10.93 15.32 34.29 35.74 15.97 7.83 11.29 7.25 10.3 4.85 8.33 17.53 14.22 11.85 8.37 3.31 3.02 2.05 3.73 3.59 11.51 4.95 8.49 14.1 12.6 5.99 7.16 7.26 11.13 7.87 5.31 6.14 5.68 3.63 8.99 13.38
5.05 9.34 15.02 11.86 12.64 13.73 7.27 10.17 4.09 8.05 13.1 8.72 6.48 11.18 6.16 2.43 7.89 8.55 7.14 13.63 10.05 9.06 10.29 14.56 16.28 8.85 6.99 5.91 11.76 11.29 17.48 24.09 17.16 12.6 5.3 6.71 9.88 5.83 9.84 19.54 20.51 14.63 14.37 8.42 5.4 5.81 3.86 4.51 8.54 6.97 3.96 10.51 17.4 7.44 5.04 5.11 5.69 5.03 6.42 7.29 6.73 4.82 9.82 8.43
9.12 6.53 9.17 4.84 5.51 11.61 10.04 11.62 5.16 3.57 10.12 15.46 7.76 10.43 14.0 6.4 9.52 7.72 5.51 6.17 4.95 6.66 10.42 14.48 10.03 6.06 8.43 19.12 18.32 20.47 20.28 21.57 14.72 35.06 12.83 9.47 15.24 12.26 7.41 9.22 10.73 13.58 7.1 5.18 8.0 3.99 5.41 6.1 8.61 2.9 5.48 7.25 8.8 9.02 8.46 3.75 4.39 5.67 7.19 7.61 4.78 2.81 15.48 9.52
8.3 17.1 10.97 7.97 5.19 7.17 9.22 12.21 3.56 3.94 4.91 6.9 10.31 9.58 12.53 8.93 10.06 10.22 6.06 6.9 7.91 13.52 13.39 13.55 12.48 7.32 9.99 13.15 11.04 10.15 10.18 6.46 12.22 15.2 9.28 10.64 20.54 15.18 17.5 11.65 12.56 13.9 10.48 6.23 7.83 11.04 4.84 8.21 5.84 6.48 5.75 6.29 10.3 11.02 12.52 3.95 2.74 4.14 5.3 4.91 5.31 5.46 5.72 12.26
7.36 15.9 13.7 10.77 8.04 9.21 8.58 3.85 6.33 6.85 5.45 8.36 9.44 5.7 12.32 7.75 14.42 6.21 5.27 7.23 5.7 17.67 39.94 17.97 10.75 12.74 11.66 7.85 9.33 22.72 11.92 17.1 21.41 21.1 7.82 13.61 16.35 13.68 16.49 10.49 13.25 14.96 5.43 6.38 4.63 6.51 7.93 4.72 6.69 4.32 8.53 5.9 8.27 10.77 8.87 4.25 3.51 8.69 11.54 7.78 6.57 4.06 6.58 5.42
14.4 19.62 29.34 14.42 11.31 10.5 5.52 3.32 5.22 4.17 5.33 11.47 6.45 6.28 15.86 20.45 10.06 19.74 9.26 15.47 29.49 29.11 54.41 27.85 9.68 4.68 8.6 6.26 7.55 7.25 11.14 15.9 27.01 10.47 9.92 6.68 11.53 8.78 11.09 15.29 12.55 10.59 6.71 6.89 4.94 5.76 8.62 5.9 11.54 4.84 6.15 6.35 8.98 4.8 8.59 4.92 3.45 7.96 9.62 19.15 11.09 4.39 5.4 8.29
15.17 16.0 24.4 18.71 18.79 8.08 11.08 6.34 9.27 3.48 4.01 7.65 3.82 5.35 12.57 10.35 15.19 8.01 9.44 10.43 25.35 31.54 19.04 16.77 12.64 7.9 3.94 9.25 15.77 4.98 18.01 28.56 41.07 21.6 9.77 8.32 4.43 7.89 7.61 8.73 7.36 7.99 9.96 7.11 8.17 7.51 12.23 9.62 8.41 7.57 6.62 5.69 7.54 6.82 5.16 2.77 4.62 6.51 9.25 13.31 13.96 6.1 7.46 5.84
