4.18 8.66 13.65 13.54 9.69 5.98 16.09 11.74 6.72 5.22 7.92 9.2 13.77 7.02 6.71 7.76 7.74 7.53 6.95 5.43 7.31 8.36 7.64 6.25 6.38 11.75 8.68 2.96 4.3 9.34 11.72 13.72 5.71 6.59 7.04 7.86 9.12 16.7 7.5 17.0 9.75 7.11 6.42 7.79 7.13 10.44 8.93 9.24 9.33 5.35 4.28 6.77 6.21 9.69 10.63 11.69 15.03 6.32 10.45 13.14 4.39 3.94 3.5 6.01
5.82 9.05 14.64 17.26 8.39 6.63 10.07 19.51 8.52 5.81 5.5 6.18 7.36 5.16 8.08 4.8 8.89 9.88 7.83 10.35 8.91 6.56 7.63 6.69 7.37 7.49 2.68 2.38 7.53 13.73 9.88 5.48 5.99 7.19 11.11 6.24 8.32 8.49 8.64 16.59 9.94 5.24 4.95 8.04 7.31 7.61 6.37 8.64 9.31 3.91 3.82 4.53 7.75 12.88 10.68 12.18 7.82 6.53 12.23 9.74 3.0 2.3 3.99 4.73
3.59 7.43 9.07 11.4 11.38 13.28 12.65 15.89 10.97 5.25 8.08 3.39 4.24 9.36 7.44 4.71 10.28 8.56 8.26 5.25 7.03 7.66 5.13 8.86 8.17 7.01 3.06 3.03 5.01 8.13 5.21 6.31 7.44 7.73 6.93 3.71 5.93 8.39 10.1 12.37 7.38 5.44 9.39 13.88 11.79 11.29 5.71 3.9 3.7 2.92 6.89 4.02 11.77 17.24 8.96 5.01 4.95 9.15 7.29 6.56 3.77 2.85 7.04 6.0
3.02 5.09 6.69 8.16 15.5 27.63 13.3 9.67 6.73 5.37 4.05 4.46 6.78 9.0 6.46 7.55 11.96 4.36 7.53 4.93 7.29 7.47 3.94 6.45 8.62 6.14 4.81 3.19 2.15 2.92 5.45 8.54 7.2 4.74 3.76 4.09 6.83 15.23 10.45 12.43 12.98 11.66 13.39 8.5 12.58 15.06 5.21 2.67 1.8 2.78 6.26 11.34 10.07 12.43 9.49 7.95 7.9 6.0 4.3 12.31 6.98 5.14 5.64 6.02
3.9 4.31 6.57 15.33 9.03 15.21 14.3 12.47 8.51 4.99 5.22 7.71 8.24 10.02 7.95 12.84 9.45 5.82 8.36 6.52 6.67 3.58 7.54 4.43 5.43 7.32 4.33 4.91 4.41 4.13 4.59 4.59 3.51 3.4 4.25 5.05 7.03 7.52 10.77 5.72 16.68 24.51 9.96 5.38 7.3 7.38 6.21 4.03 3.18 5.48 9.77 11.97 5.92 6.4 9.78 10.31 9.72 3.45 3.86 10.56 8.99 6.3 3.14 3.71
2.75 4.38 6.8 9.2 9.85 11.4 14.38 12.44 11.69 7.77 5.0 10.3 12.37 11.19 6.83 11.37 8.11 5.18 8.04 6.88 7.39 2.72 7.79 8.8 3.62 3.45 2.41 5.54 6.66 9.87 6.5 5.88 4.67 3.47 5.8 3.76 7.35 5.86 5.29 4.31 14.36 26.62 6.86 4.31 8.14 6.97 3.27 4.02 7.91 4.7 9.51 25.18 9.95 4.37 6.75 12.45 10.15 7.13 6.5 5.31 5.48 6.53 5.99 8.28
3.71 1.87 4.12 4.46 5.44 12.07 11.59 14.16 10.53 9.79 18.55 8.04 8.48 10.01 8.44 8.32 7.92 7.03 11.2 11.08 6.41 5.88 4.33 6.49 4.71 1.81 2.14 7.37 9.04 12.82 9.42 14.37 7.9 4.31 3.21 3.07 4.03 6.88 5.9 6.73 12.64 6.82 5.2 5.75 5.25 11.75 6.0 5.25 5.91 4.17 13.72 25.68 10.7 6.71 11.25 12.89 9.69 11.26 7.64 3.93 6.52 10.39 8.2 8.74
4.41 4.25 2.4 5.03 7.16 16.96 18.62 11.56 17.42 17.19 16.84 8.52 8.24 8.01 7.72 7.68 9.27 10.54 11.92 10.18 7.59 4.06 3.95 5.94 7.5 4.88 4.38 8.16 18.33 15.96 24.66 18.98 9.2 9.37 4.62 2.2 6.54 7.67 8.65 11.14 12.11 6.84 3.23 2.43 5.74 9.4 10.26 8.87 5.98 9.06 18.89 25.23 13.99 9.36 10.83 13.69 10.26 10.95 6.3 3.47 6.24 5.3 6.33 5.91
7.48 5.89 4.5 8.72 10.81 13.23 11.1 14.97 14.0 16.68 19.08 15.03 12.32 6.37 3.44 3.9 11.12 11.01 10.95 10.38 7.22 6.38 6.92 9.88 4.87 6.9 6.13 11.64 17.62 9.65 21.07 17.68 13.68 11.46 6.02 2.73 6.61 15.56 17.58 7.66 8.18 3.7 3.52 3.81 10.7 6.85 6.7 5.73 8.01 21.65 35.73 22.73 13.05 11.19 9.13 15.66 15.71 4.82 6.08 9.78 6.9 3.93 6.07 7.3
4.0 7.59 8.4 14.63 8.17 6.18 5.0 14.54 12.26 17.11 23.85 8.72 10.47 7.48 2.81 2.54 7.52 9.32 17.05 8.9 9.22 6.18 10.27 11.08 5.65 7.64 7.79 8.26 11.77 16.53 10.87 12.65 16.44 9.22 7.09 5.67 13.01 12.55 9.38 3.85 4.39 5.03 4.6 8.16 8.18 12.36 7.56 7.31 11.02 11.65 19.62 19.75 12.23 14.51 5.74 7.81 13.25 5.28 3.92 6.75 3.55 4.93 5.48 7.03
3.99 4.08 5.31 11.38 9.64 7.72 6.01 5.69 3.36 12.63 12.94 9.61 6.77 6.59 3.39 3.9 10.47 5.45 11.97 9.11 16.54 10.4 14.68 9.01 7.78 8.3 7.95 8.46 8.19 9.35 10.05 7.8 18.89 8.47 9.26 7.96 14.37 6.46 6.35 8.74 12.32 5.96 9.04 11.14 8.83 11.54 8.51 13.52 8.97 9.33 11.93 18.61 21.04 13.17 7.21 9.62 10.55 6.09 4.64 3.95 2.27 3.87 5.53 7.35
4.83 2.69 4.07 7.64 6.88 7.84 6.47 3.05 2.61 9.28 14.13 5.83 5.16 9.68 5.69 5.69 9.97 7.18 13.56 19.35 26.1 11.89 10.94 9.13 13.59 15.63 13.18 6.64 8.14 10.09 8.52 8.33 11.14 10.32 9.82 8.75 6.23 2.6 9.79 10.42 9.32 4.74 6.26 7.1 5.8 10.58 8.26 14.19 6.57 30.57 31.06 18.59 18.3 10.19 8.46 7.54 7.2 6.66 3.54 3.19 2.86 2.91 3.86 5.17
3.06 2.79 4.41 5.8 7.58 7.18 4.5 2.14 5.34 6.59 12.08 5.84 4.12 5.8 5.35 11.45 12.29 11.55 14.03 21.87 22.02 9.95 10.03 11.92 19.0 22.05 13.02 7.55 6.07 12.21 8.7 10.02 10.46 6.84 8.86 7.14 5.73 7.0 9.11 7.91 3.9 5.21 6.36 7.51 8.58 8.28 7.88 12.92 15.0 38.69 14.55 12.96 5.21 8.07 7.56 7.93 10.52 3.98 2.33 3.84 2.5 2.52 2.91 3.74
3.47 3.57 6.91 8.4 6.91 6.23 4.77 2.6 4.38 3.61 12.1 7.5 4.1 2.45 5.04 7.19 7.52 12.07 10.31 14.43 11.39 11.22 22.18 12.8 12.89 15.47 12.43 6.2 6.28 8.29 11.5 9.85 5.7 3.53 2.74 6.39 4.84 5.42 7.75 4.68 3.02 6.24 9.63 6.65 11.54 15.6 12.66 18.83 19.67 29.92 14.22 21.85 6.39 8.84 16.3 10.45 16.52 5.64 3.88 2.37 2.53 2.34 3.38 3.46
3.35 2.62 3.2 7.05 8.78 8.18 5.75 2.63 5.42 12.29 8.99 5.66 4.28 3.36 6.78 8.16 5.91 11.57 8.43 12.66 8.54 13.86 21.5 12.01 17.29 9.47 7.33 8.46 5.99 5.82 8.54 11.31 4.06 4.1 3.24 3.24 9.56 4.41 9.04 4.68 2.91 6.06 6.89 4.11 7.65 12.03 7.29 10.18 16.9 20.25 15.99 19.64 11.22 6.75 12.21 24.04 13.4 8.85 7.18 2.83 5.33 2.6 2.64 2.93
4.06 1.86 3.67 9.47 10.42 6.68 4.62 7.85 4.89 8.24 11.11 4.3 3.46 4.67 3.85 2.97 5.54 7.32 13.16 11.51 7.87 23.29 23.12 25.73 27.93 13.23 6.68 9.28 8.68 9.31 5.82 9.78 6.92 3.16 2.93 3.83 4.85 4.22 5.68 5.35 2.03 2.53 6.73 5.96 5.22 5.99 8.3 13.81 10.76 17.43 23.79 15.03 11.15 12.7 13.06 13.58 8.61 7.06 10.7 3.67 2.84 2.33 1.94 2.84
3.61 6.72 3.63 7.55 7.06 7.1 4.65 7.31 6.16 8.47 8.61 10.43 8.01 4.56 2.5 2.53 8.73 10.17 9.88 7.02 12.9 21.49 24.07 17.67 18.25 10.78 13.06 6.97 10.16 5.71 8.02 9.92 8.93 5.27 3.71 3.32 5.16 4.64 5.59 3.47 1.91 2.28 2.27 2.35 4.39 4.82 6.56 7.03 5.66 17.01 16.41 10.38 14.61 13.4 12.74 8.64 10.97 13.99 7.73 6.75 2.98 4.4 3.71 2.3
3.1 3.38 2.9 3.44 7.56 5.66 5.7 7.63 6.0 8.22 7.99 12.44 7.11 6.19 2.87 5.01 11.04 11.06 5.5 5.65 13.46 16.78 27.79 19.97 27.73 16.69 19.75 10.6 8.73 5.01 13.57 18.28 10.91 3.62 4.04 8.0 11.03 5.87 3.85 2.55 1.88 3.41 2.41 2.07 4.32 4.71 7.8 6.04 7.21 17.53 8.2 5.35 7.94 14.75 10.38 12.32 13.57 11.87 5.83 4.99 5.34 4.83 4.39 6.72
2.86 2.6 3.79 2.71 4.83 4.44 6.92 5.24 9.11 9.0 8.49 9.4 8.21 9.89 3.8 7.64 8.62 14.89 11.6 6.5 5.83 10.0 27.88 19.67 22.26 6.76 8.11 5.91 5.17 8.31 18.04 18.17 8.89 7.34 9.79 13.75 12.47 8.71 4.12 2.29 2.36 5.18 3.99 4.95 5.07 5.18 3.89 5.33 8.33 15.95 5.97 6.69 4.74 16.26 15.95 12.24 12.27 10.87 6.95 6.72 5.28 6.75 3.26 13.42
4.2 3.06 3.51 4.51 8.16 3.22 8.64 6.39 13.67 9.39 10.72 5.23 6.09 13.72 9.06 10.42 10.79 16.07 16.0 12.07 5.24 4.21 13.69 16.6 16.34 6.29 6.79 3.66 4.06 10.55 15.35 17.15 11.75 7.29 10.94 8.33 6.74 7.47 3.3 3.63 3.39 5.01 3.74 4.75 5.96 4.54 3.93 8.77 5.96 4.2 6.08 8.13 7.65 7.64 5.4 5.46 8.26 9.35 11.51 8.91 3.72 2.76 6.47 12.63
3.08 2.0 3.23 4.45 4.64 5.11 7.22 5.93 5.86 5.04 17.86 6.81 3.9 8.08 16.22 13.05 13.28 21.51 13.7 11.89 3.74 3.32 5.36 8.68 9.59 8.38 10.11 3.08 3.2 4.39 10.42 14.21 14.9 9.56 6.27 9.51 7.64 7.88 11.88 9.74 3.59 6.07 4.24 6.16 9.23 4.56 5.16 5.92 2.82 3.75 4.95 5.79 3.42 4.23 6.17 4.25 5.0 8.72 9.02 7.42 6.47 3.18 10.6 17.39
5.71 4.78 6.06 5.13 3.55 4.91 4.37 4.93 5.37 5.02 13.7 5.95 2.87 4.53 9.21 10.93 14.47 20.45 13.68 17.19 4.74 4.57 3.23 5.99 9.6 8.83 6.01 4.2 2.52 4.81 7.61 8.94 8.65 9.13 7.25 13.95 14.22 8.4 10.72 14.83 5.78 9.28 4.79 5.76 8.37 4.78 5.2 3.0 5.43 7.04 4.43 4.84 4.04 4.41 4.82 4.28 6.11 8.78 9.09 10.94 5.02 5.43 7.34 10.23
6.55 5.95 4.83 4.94 2.85 3.43 2.6 3.36 4.26 7.92 10.35 5.57 3.95 2.69 6.75 10.91 15.54 14.41 13.62 7.97 5.02 5.43 6.91 6.06 6.25 5.43 6.26 10.7 10.59 6.93 9.35 7.01 10.16 13.68 12.03 21.51 10.7 9.41 14.05 11.69 3.54 5.67 5.76 6.06 7.4 5.85 4.71 2.47 6.72 8.01 7.49 3.54 3.22 4.85 5.42 6.87 7.65 5.74 9.13 8.56 9.06 6.22 4.68 6.6
8.52 10.61 4.26 5.16 3.98 3.07 2.34 2.96 3.9 13.9 6.24 5.43 3.51 2.3 2.92 5.03 5.89 10.5 7.18 6.13 5.6 5.47 8.19 6.65 7.43 4.97 6.64 7.29 15.9 8.66 6.74 5.21 5.98 12.31 10.55 11.46 13.1 12.51 14.3 5.53 2.85 7.75 10.93 7.08 7.27 6.74 6.87 4.61 4.53 6.53 8.67 3.54 5.71 3.43 2.5 8.24 11.09 7.58 6.8 5.91 9.53 7.75 4.53 6.43
18.4 3.77 5.19 3.2 5.26 4.62 2.58 7.32 4.32 9.22 12.29 9.11 2.76 2.1 2.71 6.97 5.56 5.14 5.69 6.05 5.97 9.29 9.9 8.49 6.43 4.73 6.64 6.26 14.78 14.51 3.94 3.33 6.41 5.88 5.79 11.36 9.82 9.19 7.12 5.95 3.58 4.8 7.41 6.12 3.99 4.27 7.61 11.24 4.29 5.21 10.22 9.01 4.64 2.46 2.72 6.68 14.17 27.14 11.0 7.11 6.29 7.16 4.87 7.87
9.16 3.78 8.54 8.25 6.67 5.94 5.14 7.21 7.64 10.46 10.76 8.64 3.89 3.49 4.01 6.33 5.39 3.24 4.17 4.81 4.96 9.21 14.93 17.2 9.84 5.91 6.97 10.31 14.04 9.52 7.2 3.1 5.06 8.13 8.46 11.36 11.71 6.47 5.7 4.89 4.96 4.0 4.95 6.83 5.05 5.13 7.48 3.41 4.66 8.59 8.33 9.03 5.47 2.93 6.22 5.72 14.43 17.5 14.31 13.43 5.15 8.49 6.49 12.17
9.26 7.57 14.84 16.39 9.91 3.98 9.55 11.29 8.05 12.47 13.86 13.22 8.59 5.95 4.39 4.13 4.43 4.07 3.13 4.7 5.57 6.87 19.63 24.68 13.3 11.25 5.24 8.84 14.5 6.77 7.03 5.13 7.16 7.84 9.77 21.98 19.05 5.39 4.96 6.67 4.04 4.64 5.49 5.45 5.13 3.49 5.79 3.79 4.04 6.03 9.56 5.17 4.08 3.93 3.46 6.75 12.38 9.34 17.19 10.52 10.42 13.99 8.62 16.47
8.41 11.56 22.83 15.71 7.95 11.72 12.29 12.46 9.61 11.92 22.49 14.48 10.78 7.33 3.56 4.16 3.74 5.55 2.49 5.3 5.73 10.44 19.74 20.04 12.38 7.1 8.04 11.97 10.94 13.51 11.87 6.99 5.62 8.81 12.0 31.77 17.15 6.97 6.37 3.67 6.27 6.31 6.14 3.16 2.68 4.1 11.32 7.74 5.24 3.71 5.68 5.19 2.8 3.92 2.14 5.98 5.82 5.43 11.33 10.47 7.57 14.75 12.58 14.01
6.56 9.58 17.07 15.02 15.03 18.75 13.0 8.66 9.38 13.29 22.23 8.46 8.41 8.62 4.39 3.34 3.91 3.48 3.55 4.75 5.84 7.01 14.4 16.62 12.97 5.54 6.18 9.14 8.81 15.37 6.37 6.68 9.98 12.46 13.88 21.99 11.11 6.98 10.37 6.78 7.99 6.75 6.24 3.51 4.21 3.87 6.31 3.95 4.31 2.39 5.63 4.46 3.63 2.61 2.8 4.88 3.01 4.61 10.48 10.21 13.89 16.87 20.01 13.11
10.87 12.55 22.68 26.56 15.51 22.26 8.07 5.88 4.4 17.74 11.67 9.05 6.5 5.54 8.36 4.48 2.93 2.02 6.3 5.8 5.6 6.23 9.62 13.65 13.35 11.06 7.86 8.47 8.11 5.06 11.08 6.96 8.33 14.72 12.35 18.48 12.13 6.75 12.83 7.77 3.94 4.15 5.29 5.9 3.33 2.22 6.0 4.76 5.71 5.18 5.0 2.95 3.88 3.13 4.67 3.46 1.33 4.92 13.19 5.81 5.79 8.67 12.36 22.59
15.05 23.5 20.62 31.61 17.41 15.74 6.34 3.85 4.07 13.98 12.08 10.76 6.49 4.51 3.67 5.05 3.36 3.01 3.27 4.77 7.11 9.09 15.01 11.33 9.32 16.59 10.44 9.13 5.24 6.61 9.98 6.88 5.53 10.47 19.42 22.38 13.24 6.67 9.15 5.78 5.15 7.18 4.66 8.0 4.9 5.59 5.38 3.74 4.7 5.65 5.33 1.85 2.66 3.16 3.66 6.78 3.63 5.03 5.94 6.54 5.36 14.62 10.83 16.67
20.42 27.92 39.11 20.81 22.32 12.61 5.34 4.66 5.18 7.44 8.54 10.33 4.79 2.56 2.74 4.5 2.6 3.28 3.33 5.12 19.21 13.22 14.14 13.58 11.83 12.67 7.92 7.16 3.41 8.34 16.14 8.53 8.01 7.18 11.65 11.56 7.99 7.92 11.06 5.12 9.96 6.68 7.99 11.02 4.59 4.83 4.27 3.25 2.82 2.38 4.88 2.29 2.82 4.58 3.58 7.05 7.71 4.5 4.84 6.6 11.29 7.85 6.43 10.99
25.57 32.58 28.17 12.92 12.96 8.35 5.39 5.01 3.71 5.45 6.16 9.61 6.18 2.86 3.19 3.4 2.73 6.27 3.89 8.17 13.07 10.59 10.53 16.86 11.59 5.71 3.55 3.21 4.57 12.88 11.12 8.75 6.82 16.28 8.27 4.09 10.31 13.18 18.68 7.95 10.95 4.71 10.62 10.67 7.02 4.17 3.98 5.23 2.43 1.83 2.45 1.63 4.74 6.27 5.9 5.7 7.63 4.28 5.4 3.87 10.55 6.41 5.14 5.85
26.74 21.92 17.34 11.98 14.88 5.71 3.39 4.15 3.42 4.83 4.98 9.13 4.41 2.92 2.53 4.85 1.86 2.17 3.42 4.72 5.85 9.23 10.74 25.14 15.17 6.16 2.2 3.22 4.13 9.56 9.97 11.23 13.52 16.29 6.56 3.24 7.12 6.94 5.63 7.4 10.86 3.71 10.58 9.69 8.85 3.95 7.07 12.82 3.38 2.02 2.26 3.18 3.87 6.45 4.65 6.44 6.13 9.77 7.37 4.66 10.31 7.94 7.65 6.79
28.78 19.62 8.7 8.43 10.33 6.64 5.28 3.5 3.04 5.42 7.05 6.75 3.53 4.15 3.84 6.66 4.5 1.56 2.76 3.94 5.1 12.88 13.25 17.01 7.68 4.54 3.52 4.02 2.07 4.28 10.46 16.37 23.25 15.96 6.96 5.32 4.27 6.11 11.94 4.61 14.08 5.58 14.05 8.36 7.51 5.61 13.54 5.49 6.11 3.12 2.78 3.25 2.16 3.52 3.83 4.83 8.87 5.6 9.1 11.22 9.05 8.82 7.14 7.4
11.63 19.72 6.99 13.59 8.73 5.44 5.35 6.32 5.2 5.69 4.35 5.01 4.26 2.85 6.12 6.88 4.36 4.18 3.21 2.32 6.8 9.47 23.78 12.71 8.56 5.47 3.17 3.15 2.54 6.67 10.56 17.47 22.68 10.11 6.93 7.81 8.12 3.73 5.22 4.81 8.98 10.7 11.88 9.7 11.97 8.11 13.15 9.48 7.93 3.56 5.34 3.19 3.1 4.28 4.51 5.88 4.19 3.99 8.87 7.8 15.91 11.17 6.95 13.16
8.61 12.62 13.97 18.57 6.87 7.16 5.9 7.21 5.4 6.4 3.29 5.66 5.76 5.23 6.15 6.38 5.21 5.97 5.1 2.81 4.73 13.02 24.97 22.96 7.87 2.12 1.96 2.82 3.46 7.16 19.16 15.03 19.5 15.1 9.72 7.73 5.47 5.6 4.08 7.68 11.92 5.81 5.77 6.33 7.93 9.27 9.93 8.45 7.26 5.85 3.31 3.91 3.81 4.01 3.77 7.13 2.26 4.67 10.93 9.9 14.16 14.56 9.89 12.45
10.64 11.28 16.46 12.75 8.55 6.33 8.41 5.29 7.77 6.81 3.22 4.03 6.32 6.32 6.02 6.53 5.22 5.21 7.25 5.07 5.31 15.74 18.21 10.32 9.17 2.67 4.06 3.66 6.87 12.23 13.59 19.58 14.89 11.79 8.03 6.22 10.62 9.6 6.01 10.6 18.74 5.59 4.26 6.61 8.58 10.38 12.92 18.27 10.9 6.07 3.15 3.94 5.12 4.34 3.01 2.53 1.76 7.58 9.84 10.34 12.76 7.0 7.31 5.31
9.33 9.97 11.99 9.68 9.77 5.25 10.14 5.13 8.44 7.83 3.96 6.33 6.8 5.83 4.36 10.38 5.68 5.95 8.79 8.5 8.09 11.29 26.05 14.37 7.09 4.8 4.49 4.54 5.89 20.55 21.61 13.45 5.85 5.28 8.25 7.36 10.94 7.4 7.2 15.08 21.76 7.16 4.24 8.45 9.42 8.38 15.74 18.15 12.42 6.44 4.47 8.6 6.56 5.29 3.96 2.9 3.71 6.06 18.23 12.03 10.36 6.02 9.15 4.39
5.9 7.67 10.68 10.27 7.16 6.52 12.58 7.97 9.67 6.88 4.92 5.74 7.08 6.35 5.7 8.28 5.73 7.92 5.88 15.54 9.59 18.49 28.17 15.31 5.45 7.23 7.28 4.65 8.38 30.64 18.48 11.57 4.98 7.04 5.9 7.35 5.54 5.89 12.65 14.46 16.63 7.65 3.64 6.33 9.7 10.34 6.05 16.46 9.42 6.92 3.9 5.64 5.4 6.2 9.17 4.94 3.44 4.73 17.04 21.75 12.02 7.48 3.65 4.98
3.98 5.93 12.15 8.11 3.89 6.35 20.55 20.39 9.46 3.35 4.07 3.6 7.13 5.93 6.35 7.26 5.35 5.69 2.95 9.07 4.9 11.49 7.32 8.61 8.71 6.12 9.73 9.06 11.19 17.53 12.88 9.93 7.2 8.47 7.58 8.04 6.1 3.79 7.29 11.15 20.27 4.95 6.02 9.5 10.86 8.68 9.12 11.85 10.83 4.49 5.0 5.53 6.73 5.26 7.15 8.57 3.75 7.49 16.73 16.0 14.55 8.27 4.61 5.67
4.24 10.16 9.03 10.15 7.28 9.79 21.34 14.21 5.91 4.86 5.61 3.64 6.89 4.72 5.14 4.78 5.55 3.73 3.34 5.98 4.67 9.72 4.4 10.35 8.94 6.62 11.6 6.05 10.23 14.19 9.82 10.63 4.8 5.06 6.84 7.44 5.15 6.37 4.8 12.7 20.28 8.45 9.84 6.8 13.04 5.4 10.3 14.24 9.54 4.06 5.47 5.82 5.68 4.02 4.47 2.65 6.08 10.33 23.87 14.0 17.69 10.77 7.6 5.64
6.93 13.29 4.29 7.35 12.58 13.55 7.69 7.94 7.73 7.28 4.18 6.52 6.66 4.6 3.59 3.9 4.52 4.94 6.17 4.35 5.41 6.4 3.96 9.8 7.96 4.14 9.99 11.12 16.01 15.79 10.18 8.73 12.15 12.59 9.81 7.86 4.84 8.96 9.5 20.94 16.45 7.85 5.06 7.72 8.73 6.87 8.12 11.84 5.44 5.01 5.05 5.1 4.28 3.37 3.43 2.58 4.54 11.63 9.32 19.51 23.39 10.22 5.91 5.2
11.28 6.25 5.26 6.72 10.51 13.49 6.69 3.99 7.61 6.0 5.66 7.09 5.51 7.11 4.81 3.86 6.07 4.24 5.41 4.39 4.57 5.39 4.11 6.32 6.91 4.38 9.75 7.84 7.67 9.98 11.94 7.3 16.27 9.94 7.48 8.14 3.69 11.33 22.99 9.28 6.91 8.24 7.54 11.0 5.07 9.93 11.35 3.97 6.42 5.99 4.0 6.48 3.28 3.74 4.35 2.41 6.71 13.19 11.52 14.44 12.21 7.2 8.67 12.36
10.9 5.34 3.54 6.38 8.27 6.85 7.36 2.93 3.83 5.39 6.93 8.25 8.74 3.9 3.58 3.35 4.31 8.62 4.16 3.03 4.81 5.53 7.51 4.84 6.83 7.94 8.47 7.14 10.78 14.03 14.33 7.69 8.09 5.92 4.17 4.38 9.51 13.55 8.31 8.99 4.57 4.35 3.98 4.59 6.43 16.46 9.96 3.71 3.18 8.68 8.76 10.34 5.4 1.67 3.46 4.04 6.98 17.07 19.39 9.74 15.79 13.08 13.83 11.23
5.48 2.25 3.0 5.08 5.54 4.25 7.47 4.56 3.79 6.17 7.19 3.62 5.68 5.85 2.6 3.35 5.21 6.47 4.77 4.71 4.76 5.8 6.05 7.64 4.55 6.7 7.36 8.87 9.1 10.35 8.34 9.32 6.82 3.64 5.12 4.69 7.61 15.4 4.46 8.64 4.5 5.86 3.67 4.85 8.56 26.05 11.74 7.66 3.86 5.71 9.22 12.88 7.09 3.15 3.03 6.59 5.19 11.38 23.17 23.76 32.22 13.86 13.39 7.17
5.1 2.9 4.4 5.62 7.74 6.04 8.04 5.97 8.24 4.78 4.53 3.66 7.48 9.26 6.25 2.64 4.15 6.79 7.94 11.28 6.54 9.04 5.14 7.77 11.15 5.72 5.18 4.84 8.04 10.8 5.26 5.45 5.48 3.41 3.82 3.41 5.55 5.67 3.22 4.71 6.22 8.23 3.47 7.46 12.79 13.53 15.22 12.74 5.44 3.88 7.66 12.19 6.42 5.84 4.97 3.72 6.27 21.44 12.81 24.56 25.15 12.84 12.25 8.58
5.93 4.85 7.33 7.82 10.12 4.39 6.55 5.44 6.42 3.74 3.22 3.4 11.4 8.28 5.53 5.48 5.57 6.7 6.09 13.07 9.43 4.98 4.27 10.74 13.49 6.18 4.13 8.28 10.31 8.6 4.89 6.61 4.65 6.39 7.36 7.81 3.95 4.16 3.46 3.03 7.74 7.59 4.27 7.42 11.43 8.77 11.93 8.9 11.79 6.06 12.45 12.14 8.14 4.55 5.87 4.11 8.8 17.58 15.44 23.9 20.99 8.29 7.1 7.97
3.62 6.4 9.41 16.13 12.19 5.86 6.98 5.96 2.83 3.6 4.45 3.93 6.15 3.27 4.58 6.56 6.21 3.87 3.29 5.94 9.86 6.05 5.44 10.41 9.68 8.56 6.57 6.4 9.65 5.64 5.21 9.19 4.39 12.56 10.49 9.36 2.86 6.23 3.3 3.93 5.49 10.01 9.71 15.49 20.96 14.95 6.87 12.06 13.21 19.17 15.69 9.09 9.0 6.99 6.7 4.68 8.2 14.89 21.81 19.87 26.94 10.74 4.38 12.78
5.5 5.32 12.7 19.09 13.63 5.92 6.45 7.16 2.0 2.71 5.28 3.97 3.0 2.28 2.96 4.0 9.13 4.32 4.76 10.6 11.89 7.75 5.42 7.46 7.75 9.79 14.13 6.88 6.53 8.29 11.38 11.84 13.67 7.29 10.87 9.49 5.2 13.28 5.39 6.11 4.31 4.99 7.97 19.27 21.21 10.24 4.94 10.26 17.35 13.45 11.18 8.53 15.69 10.21 11.6 10.16 11.84 15.53 13.5 15.26 15.68 8.9 7.12 12.27
6.49 5.82 17.53 12.06 10.09 6.34 5.85 7.64 3.83 3.01 3.55 2.51 1.58 1.89 5.18 3.66 6.97 4.56 5.32 5.68 5.12 6.57 5.31 10.64 5.45 12.18 33.11 9.7 9.22 14.33 11.25 7.37 15.13 9.45 13.83 10.24 4.69 12.28 6.72 7.89 3.68 4.85 4.56 9.03 12.05 9.4 9.17 17.82 23.73 6.66 10.32 12.36 10.82 8.53 19.24 13.05 22.54 13.53 5.3 6.18 8.05 6.85 15.79 9.54
5.99 9.69 14.9 14.73 16.57 11.82 7.83 4.92 8.95 10.06 4.72 3.41 1.56 1.81 5.02 8.9 5.53 2.97 1.81 2.66 5.12 5.11 4.51 6.01 7.34 30.55 23.46 15.6 12.89 10.05 7.1 6.07 9.01 11.95 8.96 8.43 7.07 8.88 6.4 5.83 2.92 5.74 5.8 9.21 5.62 8.23 10.98 26.03 16.76 7.44 6.71 13.2 13.01 8.61 15.9 12.43 13.74 15.67 7.53 6.25 10.86 12.47 12.86 10.51
7.32 6.02 15.79 10.74 15.73 14.61 10.35 4.82 7.09 7.73 6.21 3.91 2.05 2.17 2.33 6.99 9.16 3.61 5.43 4.48 5.13 3.92 4.21 6.22 16.58 44.04 15.3 18.76 15.99 9.41 7.91 5.43 4.51 3.89 9.79 8.21 3.51 7.1 12.82 7.03 6.11 7.02 9.19 10.12 9.64 16.43 15.89 14.76 11.92 14.58 16.1 25.42 8.82 11.24 15.31 8.8 16.72 17.76 11.0 5.93 11.93 12.62 10.03 11.31
9.54 6.27 8.78 15.95 15.3 11.1 6.7 4.07 4.32 8.37 9.4 3.86 3.97 2.89 2.91 4.57 6.36 5.59 3.09 3.12 2.83 3.77 5.65 4.57 14.01 21.39 13.92 21.15 14.48 14.93 8.79 7.59 4.67 4.74 8.75 4.22 3.82 7.62 16.95 8.4 11.84 10.74 11.87 6.98 18.3 13.86 10.83 10.38 15.7 28.86 26.4 11.17 7.91 7.84 17.34 16.03 11.7 17.8 11.03 8.87 17.81 10.79 11.34 13.12
8.95 10.31 12.96 20.71 11.27 4.7 5.19 4.07 4.62 8.42 10.75 3.72 4.2 4.96 3.15 2.71 4.63 5.21 3.23 2.24 3.65 2.9 4.56 7.06 7.86 9.62 16.13 22.88 10.85 10.7 4.31 10.43 3.98 4.86 6.37 4.34 4.32 14.66 16.24 9.75 10.42 28.4 14.23 6.39 11.76 15.94 11.12 14.47 18.72 14.83 34.32 12.48 7.63 5.51 4.17 12.9 8.21 14.26 13.51 14.73 17.85 5.64 7.76 15.17
6.93 4.99 7.46 19.58 9.56 4.24 5.0 4.31 4.64 7.69 6.58 4.48 5.0 5.76 4.69 1.18 2.57 4.08 4.83 2.8 2.71 2.14 2.8 4.32 8.59 8.53 17.63 12.06 15.25 6.81 5.24 7.22 4.98 7.68 3.96 4.19 7.07 15.58 12.08 7.44 16.02 25.02 12.31 7.69 8.61 21.22 30.02 23.01 16.13 15.94 18.5 17.71 9.96 4.61 6.39 5.54 5.28 16.86 15.86 25.65 8.02 6.74 7.18 12.49
5.38 3.94 6.35 18.54 14.16 7.32 6.45 4.41 3.65 4.35 10.49 5.49 10.46 7.44 1.79 1.51 2.28 3.44 3.49 4.03 5.16 3.08 4.87 8.06 9.68 7.94 9.07 16.39 20.19 5.06 4.16 9.78 7.08 4.77 5.01 6.11 3.19 11.1 13.32 8.27 20.06 20.07 13.16 9.66 12.31 29.6 23.31 15.62 23.52 18.61 16.79 11.09 12.46 7.63 10.66 4.01 4.94 9.45 9.72 29.52 14.14 5.34 10.76 19.13
3.56 2.36 4.11 8.64 8.89 7.91 8.43 7.41 4.84 4.93 8.81 7.72 5.82 5.18 3.03 3.41 3.92 4.68 4.11 4.53 6.38 6.96 7.77 11.19 7.63 10.77 12.17 10.89 9.47 5.5 6.44 15.19 6.65 5.04 5.8 7.44 4.32 13.71 11.34 14.12 11.0 17.41 15.28 9.33 24.38 38.86 13.57 14.25 15.46 24.24 16.58 13.3 11.26 18.66 8.71 3.68 5.88 10.76 16.9 17.71 21.46 6.23 8.94 25.91
4.55 1.75 4.79 6.61 7.05 10.02 9.64 8.5 7.92 5.65 5.57 5.8 3.05 3.49 3.2 3.64 7.49 6.45 2.94 4.25 3.64 5.65 9.93 8.18 11.23 10.23 10.97 8.87 6.44 13.15 11.03 11.75 6.12 5.03 7.72 7.23 10.19 11.61 9.29 6.16 8.63 10.57 9.27 9.8 43.59 59.07 15.97 12.48 9.94 12.5 11.12 14.84 17.87 16.55 9.9 5.84 8.19 10.64 9.67 10.86 14.78 8.22 14.89 20.2
4.37 3.41 4.65 6.4 7.85 8.56 9.81 7.58 9.18 8.26 6.5 6.1 2.07 3.94 3.42 5.03 6.29 4.75 5.29 3.54 3.26 4.55 5.56 7.35 4.72 6.88 7.9 9.41 10.99 12.66 10.94 5.44 7.43 11.83 10.41 5.25 18.25 20.05 16.64 6.51 9.11 8.99 17.43 21.44 34.23 25.59 25.14 7.04 8.98 7.56 5.9 11.57 12.85 14.42 14.23 8.29 7.88 6.92 6.42 12.66 8.31 8.85 12.87 7.58
5.39 9.18 3.71 6.69 6.35 7.07 8.78 5.92 9.39 11.46 5.74 2.84 4.11 8.52 6.38 6.48 4.68 4.33 4.04 6.46 3.22 2.34 1.5 2.68 3.06 5.74 4.58 6.67 19.11 12.61 9.26 8.71 7.35 21.16 12.2 12.93 20.71 20.43 18.61 11.95 11.9 11.1 19.68 17.96 28.91 21.92 42.0 10.28 7.9 6.93 4.74 9.35 17.48 13.78 7.37 7.7 10.43 13.06 6.6 5.12 2.06 4.62 5.49 8.76
6.89 7.55 4.32 9.71 5.91 10.67 6.66 3.37 8.96 8.55 17.21 9.35 10.03 8.75 6.29 8.05 7.91 7.05 5.09 2.84 1.98 0.89 1.56 1.95 3.74 2.81 6.41 11.16 20.82 12.6 12.9 13.64 12.4 11.33 15.83 21.51 16.97 16.12 20.28 18.23 9.8 14.14 21.34 21.78 32.8 23.72 24.04 7.6 8.86 6.7 6.32 9.46 7.02 9.42 3.86 10.01 9.84 10.97 6.18 2.44 2.36 2.66 3.92 10.28
7.93 3.8 4.34 13.0 8.01 14.36 7.68 2.74 6.6 14.8 19.46 24.79 9.83 5.59 7.03 4.99 9.77 7.51 4.29 1.88 0.69 0.91 1.82 2.05 4.29 5.11 8.82 12.73 25.56 10.45 16.4 13.55 14.54 14.48 16.2 14.31 14.6 19.53 23.97 12.35 12.9 20.9 23.85 21.18 41.85 25.32 18.68 8.71 9.21 10.92 7.65 10.93 7.22 3.92 5.32 9.11 6.56 6.32 4.19 2.12 2.47 3.27 3.64 5.89
4.31 3.36 3.9 6.19 8.08 8.38 6.58 5.38 5.6 10.43 15.77 14.31 10.01 6.23 8.59 5.67 5.5 4.5 3.01 1.62 1.63 1.92 1.78 3.54 3.6 7.94 9.78 8.91 20.39 5.86 6.01 18.01 8.23 21.45 21.99 8.9 10.12 15.39 11.98 9.66 8.71 20.74 15.46 27.7 27.07 37.91 13.54 14.69 6.92 5.8 8.65 8.97 7.68 7.59 9.24 12.44 4.98 3.11 2.58 3.19 2.38 3.93 5.66 7.36
