6.3 4.82 6.25 7.87 8.26 4.61 5.24 8.06 4.08 5.77 6.35 5.39 9.15 12.38 15.65 8.49 8.36 8.06 7.78 6.62 6.69 14.76 11.35 10.6 14.85 6.46 9.11 5.12 4.1 6.19 12.65 18.62 13.76 6.55 4.63 10.55 7.24 8.07 7.12 8.43 7.68 13.19 11.62 8.5 11.36 4.28 3.91 9.32 4.52 10.23 10.6 9.12 9.47 5.04 9.79 11.23 12.2 12.55 9.02 5.58 5.36 7.08 4.38 3.83
5.65 7.01 10.86 12.14 6.68 2.79 8.01 6.47 9.89 13.05 8.19 4.09 11.12 12.95 15.82 12.6 7.11 7.4 11.07 8.64 6.78 7.64 6.85 11.28 11.98 5.1 7.7 8.76 8.7 5.14 6.48 7.6 8.1 6.02 4.45 5.63 9.43 13.03 14.95 15.55 6.74 10.63 14.81 12.45 9.59 4.08 4.63 5.15 5.46 8.58 5.26 8.0 7.86 7.42 10.32 16.52 8.69 12.52 8.09 5.24 5.51 7.86 8.68 5.48
4.08 7.62 11.62 11.77 6.17 9.13 6.98 5.17 7.75 14.99 8.92 5.81 4.93 5.73 7.98 10.2 8.13 5.17 7.19 6.74 9.51 11.03 8.67 13.1 9.1 7.4 9.35 5.4 5.22 3.05 1.88 2.97 2.96 2.55 4.72 3.39 6.24 7.04 6.35 15.26 12.33 23.0 10.89 11.14 11.35 5.84 3.67 2.37 4.67 3.87 5.48 5.17 5.94 5.22 17.1 5.63 6.33 13.93 5.3 4.75 8.51 8.88 10.78 8.67
4.53 3.94 9.25 9.51 10.04 6.51 3.68 2.42 7.2 7.22 5.11 5.51 3.83 5.31 7.73 8.01 15.73 8.2 4.28 6.08 11.29 10.98 20.58 29.01 19.32 14.3 15.55 7.29 4.76 2.94 1.16 1.6 1.61 3.95 2.69 2.96 5.18 7.77 12.73 18.72 12.01 21.96 14.14 10.61 12.68 8.57 5.81 6.23 4.14 5.87 3.96 5.92 5.32 13.16 6.91 6.2 5.57 11.79 4.19 8.04 9.26 11.13 12.76 8.16
2.78 4.13 4.88 5.21 8.55 6.03 3.32 4.69 8.24 7.09 5.6 5.79 4.49 5.75 7.18 8.69 18.11 15.05 4.45 6.12 11.4 9.95 22.93 24.47 32.28 22.95 9.67 15.3 13.94 2.72 1.11 2.41 2.89 2.39 3.9 2.87 5.19 5.37 8.62 6.3 10.88 8.92 12.69 11.23 10.42 19.72 6.76 5.7 5.62 4.33 7.22 6.29 5.06 7.83 11.81 6.8 6.36 8.01 8.22 9.76 9.3 17.56 11.03 9.17
8.28 4.42 2.71 4.82 14.28 4.73 3.38 4.56 11.38 8.77 11.84 5.01 5.23 8.23 6.47 8.51 10.12 6.51 3.17 6.59 5.92 7.24 17.72 20.51 32.05 27.3 5.67 8.31 13.33 5.4 3.52 4.47 2.8 3.65 4.28 4.12 1.57 3.1 4.17 6.18 6.05 4.11 4.85 6.18 7.28 8.52 8.06 8.87 14.6 4.64 5.75 10.01 3.85 7.0 5.45 11.61 15.47 13.23 20.0 10.01 11.2 14.42 17.17 14.35
7.96 4.58 5.31 5.03 8.21 5.29 5.74 5.86 8.12 13.06 6.55 8.17 8.24 5.29 6.04 9.72 9.59 4.6 3.91 6.45 13.31 6.03 21.6 20.52 15.17 18.75 9.35 19.01 16.77 11.59 9.93 4.99 7.41 4.41 4.39 4.52 3.05 1.8 4.96 4.13 2.67 9.04 7.46 4.4 8.43 11.63 10.9 23.72 9.91 8.26 14.31 20.64 6.85 12.41 6.97 11.99 8.47 10.1 12.43 9.56 5.93 15.6 23.37 25.97
11.81 3.98 3.11 4.77 5.59 5.45 8.98 4.99 5.69 7.72 6.37 3.48 6.73 7.34 10.11 23.09 6.98 7.14 3.02 6.78 6.52 7.0 10.52 21.12 15.47 19.51 25.19 23.07 10.2 10.28 6.97 5.49 4.44 5.66 6.06 4.47 2.06 2.36 5.34 4.14 5.5 5.87 5.76 7.04 6.39 8.95 11.73 8.79 8.27 12.44 13.66 9.34 7.75 8.37 6.77 7.02 6.15 4.5 4.5 4.39 6.18 15.35 20.64 16.42
6.62 5.95 7.06 4.35 3.89 2.05 3.76 6.67 10.18 4.25 4.33 2.64 4.79 8.28 10.13 10.91 10.2 4.8 6.24 5.6 5.39 5.24 9.57 7.85 10.27 10.82 20.03 13.94 14.79 14.92 6.36 6.25 3.54 3.26 7.49 2.38 1.71 5.17 9.16 7.82 6.17 6.85 4.98 5.05 3.8 6.99 7.96 10.28 10.66 12.38 8.76 9.08 7.88 11.51 7.61 5.75 6.55 16.31 7.15 7.17 6.33 13.53 16.98 22.39
14.54 14.13 10.81 4.73 2.93 1.46 2.99 3.5 6.74 6.88 4.34 9.55 4.49 7.13 6.46 10.29 6.99 9.4 8.9 10.69 9.9 10.42 6.71 9.8 8.96 17.2 20.04 9.03 15.19 9.16 4.35 5.81 2.15 2.69 6.13 4.11 6.01 5.14 7.06 8.86 6.05 7.87 9.11 1.71 5.55 7.44 5.52 19.29 13.38 12.38 10.31 13.88 8.78 14.83 14.17 7.48 8.5 4.92 7.53 10.24 8.86 14.63 12.82 14.44
23.53 7.93 5.13 3.03 2.02 1.95 4.27 2.41 4.29 4.95 4.25 5.92 9.04 8.03 13.54 7.94 7.61 12.12 7.27 10.37 8.19 13.93 8.98 7.12 6.48 12.27 12.85 3.4 9.51 5.32 5.43 5.92 3.36 5.05 3.06 8.29 7.0 6.2 3.92 10.32 8.39 8.03 6.29 3.73 8.95 7.14 7.99 13.0 8.82 13.21 7.73 13.17 8.06 12.68 17.6 17.86 9.68 4.29 3.27 3.49 4.7 7.36 7.57 10.05
22.24 7.21 6.54 2.45 1.75 2.19 7.35 5.11 5.74 4.55 6.15 13.17 9.43 22.27 9.4 3.93 7.79 6.01 9.38 9.23 11.83 10.75 10.69 6.33 5.21 14.06 6.94 7.25 7.89 6.04 7.44 8.51 5.67 7.43 6.94 7.14 11.65 6.92 7.21 4.41 5.1 9.34 4.43 9.4 11.54 6.15 14.02 12.41 12.17 9.48 8.01 10.41 10.82 11.51 15.13 20.48 12.76 11.77 5.87 4.18 4.44 8.21 7.43 14.83
7.61 7.86 8.31 3.56 3.5 3.94 9.45 7.1 9.0 6.34 7.1 9.78 8.38 13.09 6.54 5.57 4.21 11.39 14.16 9.06 9.27 6.64 5.65 6.58 10.23 8.0 10.89 7.33 9.14 6.6 6.03 6.43 4.0 4.82 2.92 4.05 5.45 8.56 9.86 9.37 7.21 5.9 5.36 4.64 12.82 8.92 8.8 10.88 11.63 14.08 10.78 9.54 3.89 18.79 19.42 11.27 12.6 13.32 8.82 8.3 11.93 5.71 9.32 11.06
5.05 3.59 6.73 4.19 6.37 4.85 6.81 5.23 5.98 11.65 11.02 12.17 20.08 8.12 4.29 5.54 5.0 7.9 12.64 9.66 6.96 6.43 7.98 8.72 6.83 9.64 6.16 5.57 5.42 4.35 2.52 3.13 2.03 3.31 2.77 5.94 3.25 4.78 7.32 8.83 10.97 7.13 7.2 12.66 10.96 23.8 17.6 14.7 8.86 5.72 7.31 6.5 4.78 7.33 8.81 8.98 13.93 12.02 5.83 6.58 6.63 9.64 6.2 6.74
5.54 4.23 6.63 8.71 12.62 7.77 7.26 8.03 9.97 10.32 17.41 21.69 13.27 7.19 9.95 10.37 14.76 12.05 7.77 8.61 8.05 3.99 10.19 6.21 13.09 18.09 7.3 7.56 8.03 3.55 2.09 3.21 2.46 2.86 3.95 7.98 6.95 7.9 10.67 6.55 15.71 19.22 21.54 16.96 26.11 31.66 21.51 14.25 8.18 3.67 6.49 7.31 4.5 5.38 7.43 12.48 5.51 5.5 6.13 9.03 10.44 13.5 5.97 10.68
9.89 4.88 5.61 7.65 11.52 10.16 17.82 12.5 18.37 26.44 26.46 15.47 16.65 7.73 8.42 15.95 15.6 13.54 6.49 6.09 6.04 8.73 16.91 13.33 8.33 6.38 5.26 7.98 4.12 7.0 4.78 5.99 4.35 5.76 4.03 8.1 4.72 5.95 11.75 8.97 10.55 8.19 25.09 24.4 37.25 25.53 12.43 11.43 11.99 9.78 6.89 9.4 5.96 7.8 7.6 6.7 7.11 5.14 11.68 6.92 18.44 6.29 11.38 10.22
6.06 5.64 10.29 8.45 11.93 10.56 17.27 15.36 16.95 24.11 32.24 21.26 31.35 9.84 6.17 9.04 12.97 14.3 14.52 5.11 5.73 7.51 16.5 20.91 18.26 8.15 5.89 9.18 5.87 9.77 8.71 4.0 4.01 6.39 7.75 7.55 4.61 8.86 7.81 5.91 6.76 15.71 7.89 20.46 16.94 15.14 14.59 14.78 11.33 13.76 22.92 22.45 10.28 8.18 6.7 5.12 3.18 6.35 4.15 7.57 16.29 13.76 14.82 12.16
4.58 4.69 5.15 10.33 8.57 20.6 20.81 10.8 16.92 18.05 29.25 14.07 17.63 19.31 19.0 12.31 16.79 15.11 16.17 12.62 7.16 6.82 12.14 15.98 9.85 11.88 10.28 10.07 11.14 24.68 8.34 12.26 3.73 4.74 9.38 8.04 6.31 6.92 11.17 4.71 8.66 9.15 8.03 7.03 12.35 7.65 11.86 10.48 9.24 10.64 31.42 11.8 10.27 10.3 5.23 4.14 4.01 3.69 3.42 5.06 8.14 16.6 13.17 12.45
3.25 3.68 6.25 4.96 9.57 9.61 14.26 6.88 14.67 13.35 22.11 13.11 25.98 16.92 25.0 22.77 19.66 12.17 11.93 7.19 7.27 10.6 7.35 7.51 10.08 10.43 21.45 24.72 18.71 26.25 7.27 9.93 7.48 7.72 12.19 21.7 13.08 5.27 6.21 6.73 5.66 5.48 4.63 4.24 5.56 15.6 9.25 18.94 5.13 9.61 9.98 7.09 6.19 5.39 5.09 6.22 7.03 3.02 3.91 3.0 9.03 11.89 12.18 16.51
2.73 7.1 5.76 8.57 3.23 2.5 6.76 12.01 13.35 16.66 19.06 6.84 21.97 26.27 14.98 20.22 17.81 10.07 10.42 5.55 6.61 8.86 6.13 8.06 11.26 12.17 13.96 24.99 25.67 10.62 14.72 6.8 7.74 12.3 8.95 15.6 12.25 5.06 5.13 8.77 8.66 8.64 5.26 6.47 5.96 3.91 15.06 12.13 7.02 5.41 6.64 6.11 10.65 5.41 4.37 9.17 6.82 4.03 5.6 7.19 9.66 11.32 9.5 22.24
5.59 7.11 7.08 4.65 5.28 2.3 3.86 6.01 9.25 8.43 14.99 14.6 22.55 30.18 40.72 14.89 11.73 7.09 6.51 6.01 8.51 9.25 9.09 14.49 7.61 12.69 6.38 17.99 16.92 9.73 10.33 16.73 8.36 12.15 7.04 10.15 6.15 7.56 5.9 6.42 15.55 17.13 9.77 9.05 6.81 3.71 9.47 15.69 12.97 11.84 4.15 11.28 7.43 6.58 8.49 7.59 10.7 6.28 8.69 5.27 5.69 7.3 9.27 10.74
11.71 12.75 10.87 4.07 4.63 6.93 8.62 8.95 10.7 9.4 22.39 9.37 24.77 25.71 23.31 11.15 12.65 8.66 9.71 6.03 9.0 7.68 7.25 11.85 11.34 11.05 7.41 8.43 14.14 11.37 17.24 8.75 12.56 9.68 14.92 16.12 7.18 6.74 5.87 7.77 7.84 9.51 7.97 18.16 11.79 6.63 9.12 8.7 15.16 6.37 3.68 4.92 3.97 7.21 16.03 7.87 4.23 8.58 6.44 3.66 4.09 3.96 6.58 6.02
8.83 13.28 15.4 6.97 6.62 8.66 15.58 16.36 6.79 5.95 8.89 5.67 13.47 24.98 12.51 17.68 10.37 8.13 7.53 3.44 7.41 5.99 8.18 8.69 9.87 8.81 7.68 11.68 11.13 16.11 11.56 10.48 16.03 14.33 11.24 11.55 17.36 11.26 5.3 7.73 5.96 7.77 4.71 8.74 6.78 8.88 10.11 12.55 9.31 6.53 7.83 6.23 7.8 9.73 17.82 8.86 6.01 9.63 7.48 6.05 4.89 3.33 4.23 6.04
8.85 17.23 10.32 7.26 13.5 7.55 8.27 4.88 2.71 4.79 5.28 7.46 13.45 7.22 10.53 8.42 12.98 6.89 5.65 4.25 5.26 5.63 8.21 6.14 4.87 10.04 8.99 11.16 15.81 12.24 5.91 15.56 17.28 11.15 9.61 13.71 5.67 9.12 5.66 10.18 14.07 5.47 5.11 5.8 7.79 8.83 11.17 16.09 11.26 9.7 9.51 13.58 14.96 29.08 26.31 11.03 10.76 7.27 6.14 5.2 4.1 3.6 4.06 4.03
11.81 19.53 15.67 16.5 11.35 3.9 3.15 4.37 3.49 2.89 5.01 10.76 22.12 11.66 15.18 6.12 11.87 7.36 4.27 7.99 4.15 4.44 8.01 4.23 9.57 4.63 4.14 9.09 14.47 8.77 6.98 6.83 15.8 17.88 18.4 11.33 4.52 5.88 4.35 7.44 10.6 6.74 9.32 11.16 5.95 6.91 6.93 12.11 5.34 5.45 8.35 15.99 23.38 22.15 16.73 12.94 8.06 7.53 5.14 5.79 6.5 4.92 5.73 5.81
11.76 9.33 9.3 17.6 10.04 6.66 4.36 4.66 3.4 6.03 11.29 9.43 9.3 10.82 11.49 11.2 13.4 4.82 6.34 8.08 3.96 3.51 6.25 4.06 9.08 5.55 3.78 8.61 9.62 12.51 16.18 11.92 8.5 9.84 17.11 21.75 6.96 4.62 3.62 7.15 9.91 14.39 7.57 5.65 4.61 8.19 6.01 4.76 7.61 8.11 13.86 9.62 25.17 20.45 20.94 17.16 9.21 6.29 13.73 10.11 11.33 6.34 10.05 11.79
11.52 10.76 7.51 6.51 7.6 5.45 3.31 5.97 6.19 18.38 18.14 17.48 16.3 6.02 8.76 5.68 14.97 8.11 10.63 4.16 5.57 5.47 5.52 17.28 11.01 5.99 7.87 10.51 7.0 15.0 10.84 6.82 6.41 7.53 15.79 16.15 6.13 13.71 10.02 9.28 7.97 15.48 10.96 12.98 5.49 8.14 10.25 7.81 7.63 10.63 8.01 16.21 18.69 24.18 16.39 9.08 7.1 15.51 10.74 10.07 9.51 7.71 7.84 6.35
3.11 9.4 9.77 10.15 4.56 9.82 13.93 6.73 6.42 9.58 11.57 11.21 31.89 12.4 6.83 7.45 7.87 9.28 7.25 3.97 5.73 5.16 9.1 9.08 8.99 5.0 12.9 5.14 5.85 10.44 4.47 6.11 7.42 10.62 9.72 8.98 10.44 7.78 9.18 7.09 17.68 15.78 15.19 13.97 5.53 10.0 5.9 8.09 3.89 6.22 11.1 13.12 19.31 10.05 16.79 7.75 7.43 8.04 8.68 6.68 6.67 10.64 6.87 6.33
7.98 8.15 6.59 15.39 9.5 15.9 8.88 11.87 10.59 13.92 11.86 8.72 17.57 7.69 13.67 7.89 4.58 5.07 4.79 5.68 9.15 6.8 5.71 8.84 4.37 7.45 12.13 4.39 7.15 8.47 7.79 6.65 6.42 11.37 10.66 10.92 7.85 10.17 4.69 10.07 7.24 12.49 7.69 14.18 8.92 8.07 5.41 4.33 5.38 6.09 12.98 8.08 12.31 11.72 10.46 7.93 10.17 7.92 5.34 6.79 9.23 4.66 4.1 5.07
11.74 15.7 10.95 12.45 6.95 7.22 4.95 10.61 12.58 12.85 16.61 15.81 18.82 7.03 7.94 6.62 12.98 7.71 5.91 3.49 10.85 5.57 8.32 6.21 1.67 4.94 11.76 8.19 11.04 7.36 5.24 5.74 6.08 5.38 7.67 12.81 8.02 5.99 7.42 4.82 4.63 8.22 6.78 14.97 8.66 7.4 8.69 5.02 3.98 9.28 5.93 16.82 9.9 9.36 9.25 5.12 9.52 6.45 2.89 5.56 5.49 2.73 2.4 5.58
10.38 16.42 13.55 7.84 4.31 3.33 3.06 7.04 8.0 11.42 25.65 23.51 13.4 7.84 7.32 11.01 13.7 16.16 5.45 5.84 3.31 4.21 4.09 4.82 2.78 3.39 6.02 12.54 11.58 6.2 7.58 6.3 4.62 6.6 9.12 7.85 5.81 7.16 5.16 9.68 7.4 14.78 10.8 14.27 13.19 12.42 8.27 6.66 11.34 8.71 8.6 10.51 11.56 9.56 12.32 4.32 5.59 3.21 2.58 5.91 4.46 2.51 4.54 4.29
12.49 15.79 11.59 9.38 4.62 2.08 3.95 7.29 6.47 12.17 14.98 11.45 24.26 12.69 9.37 9.46 24.38 9.51 12.61 3.53 3.31 2.86 5.75 3.92 3.0 3.56 7.66 14.18 11.84 5.47 8.23 8.5 8.46 7.56 14.0 8.58 6.71 8.44 3.23 9.62 6.58 24.32 17.82 25.11 15.55 12.97 6.98 8.57 14.03 6.9 12.47 7.04 6.24 15.82 6.74 5.12 4.62 5.86 3.17 4.73 4.94 4.19 7.41 6.32
6.31 20.49 16.1 6.27 3.46 3.87 9.84 6.43 11.85 14.61 8.12 20.09 20.45 19.65 8.06 10.34 10.37 13.31 6.0 6.17 3.22 2.78 4.79 5.16 7.03 5.02 8.47 12.59 10.19 14.5 6.28 7.9 10.89 7.32 11.26 9.79 12.69 8.37 5.51 4.87 7.22 13.1 11.53 17.39 10.61 6.37 8.19 16.82 8.66 11.31 9.39 5.88 5.43 5.5 8.65 7.91 4.77 6.53 5.3 4.0 7.8 5.62 5.43 11.57
11.12 11.59 8.55 9.44 3.77 3.22 13.01 9.69 12.04 17.13 10.59 13.59 11.95 11.85 14.36 6.37 8.58 8.71 6.86 11.84 3.24 2.87 5.06 4.35 5.77 5.7 10.83 15.74 17.87 16.9 11.09 5.63 9.11 4.95 4.9 7.65 5.31 21.03 6.96 8.96 12.07 20.49 12.73 20.21 11.33 8.33 6.9 10.46 14.96 13.96 18.15 10.64 12.23 14.14 9.13 12.95 7.78 9.41 5.56 5.2 4.35 4.68 6.28 9.24
7.74 10.88 6.87 7.02 7.91 3.69 12.41 15.68 8.37 13.43 12.34 22.19 14.15 11.4 6.9 7.67 9.6 6.24 7.69 6.94 7.27 6.96 7.0 4.17 4.17 3.61 11.39 17.52 11.44 8.89 7.84 5.63 8.21 8.12 11.51 8.54 4.63 7.21 6.52 10.33 14.47 14.81 28.64 28.82 9.99 12.92 13.35 14.14 13.63 15.01 17.67 23.1 18.99 37.93 11.03 8.38 12.96 6.78 3.1 4.62 3.92 3.34 5.69 4.82
5.39 6.26 18.3 15.9 5.04 8.13 19.1 30.76 18.56 12.42 10.93 11.33 10.74 15.95 8.81 7.52 5.51 9.46 10.29 6.79 5.8 8.69 7.8 6.65 5.82 4.74 5.24 9.51 26.62 6.97 4.1 7.26 8.03 10.83 11.7 7.21 6.03 5.08 6.74 9.79 11.95 26.01 20.97 15.59 12.99 11.47 7.73 16.0 16.89 23.5 32.05 32.23 28.09 28.24 18.1 8.95 4.28 3.76 4.4 6.28 5.32 5.68 5.82 5.38
9.82 5.56 16.52 16.17 6.97 7.46 18.89 14.89 20.95 25.32 9.73 6.77 6.9 15.3 8.47 8.0 8.35 17.36 15.3 12.08 9.42 6.67 7.44 8.28 7.86 10.49 6.58 7.78 18.6 6.47 4.58 5.84 6.44 11.79 10.34 6.69 6.12 5.26 4.1 10.61 7.05 13.04 15.51 21.67 18.37 12.63 10.79 20.51 17.38 30.36 21.68 25.34 34.23 37.74 8.76 9.06 5.48 4.44 5.56 6.8 3.39 5.45 6.51 3.82
13.5 6.03 10.2 11.14 5.58 7.84 9.09 9.87 6.05 16.08 10.02 5.89 9.54 14.55 4.56 7.97 24.86 16.86 18.76 9.91 11.41 4.93 5.31 8.33 11.07 9.65 8.97 6.42 10.39 5.71 4.36 4.62 7.94 8.15 4.03 4.3 8.73 8.75 9.19 8.13 11.87 12.35 13.12 29.95 20.47 18.51 22.47 61.25 27.19 36.38 24.25 18.44 19.26 18.75 10.12 5.52 3.25 2.75 4.23 6.45 3.62 4.76 3.38 5.36
13.19 5.82 10.0 8.6 6.67 13.86 9.42 10.98 8.56 6.07 8.8 13.1 10.67 9.1 8.55 8.8 12.86 34.06 11.52 12.92 9.12 12.8 5.71 7.88 10.21 6.97 10.19 8.9 8.25 4.43 6.72 7.62 6.28 10.18 4.85 4.59 11.63 9.79 8.93 7.2 11.54 7.6 17.86 24.57 21.43 18.84 22.67 42.82 17.45 37.16 21.81 17.85 10.59 8.29 8.74 7.98 5.56 2.08 3.52 3.47 6.26 4.38 4.57 6.61
11.11 6.0 7.31 9.78 22.63 15.68 10.23 7.69 7.86 6.45 6.78 14.75 13.7 9.8 8.97 13.74 11.52 13.58 11.5 7.94 4.59 4.99 10.98 7.64 10.25 14.08 8.1 9.1 10.42 3.1 6.25 6.21 4.9 4.58 7.01 8.12 5.95 8.52 6.15 7.06 2.65 4.44 5.42 11.95 9.12 24.51 22.59 21.67 18.11 20.64 19.25 22.33 11.25 12.99 2.87 4.83 5.19 4.54 3.2 3.68 4.06 5.11 5.66 4.21
7.2 9.73 9.48 8.38 16.96 19.08 10.0 14.89 4.07 8.54 9.71 16.69 17.13 20.87 10.75 8.4 15.39 8.88 10.22 8.16 5.1 8.48 5.98 7.97 10.88 10.58 4.94 8.57 6.31 4.67 7.84 5.65 5.45 5.48 6.12 4.4 6.48 5.65 12.17 11.12 6.21 4.44 7.68 8.7 12.4 16.06 26.27 30.22 21.31 16.31 17.85 10.71 9.35 6.47 3.07 2.24 3.66 6.3 7.51 4.65 2.52 2.05 2.7 5.68
13.35 9.3 9.9 8.46 12.79 11.95 25.68 4.98 7.82 9.16 17.75 15.89 14.47 14.53 11.75 10.83 12.29 16.32 10.88 13.66 7.0 6.17 5.63 4.12 6.76 6.85 7.2 6.21 6.68 6.74 7.39 7.29 5.7 12.48 9.89 10.13 20.5 10.14 7.47 17.83 17.76 11.93 5.63 5.43 10.98 30.63 12.51 34.41 16.3 20.42 11.48 7.63 5.56 5.41 3.54 3.68 3.71 4.67 4.62 2.65 4.92 2.77 5.23 4.93
5.82 9.34 6.5 5.81 7.11 9.65 15.12 8.37 12.44 7.96 4.62 13.61 7.95 15.07 11.75 15.42 14.93 24.62 7.77 7.21 7.43 5.32 8.52 4.8 8.2 7.34 4.11 4.56 4.65 6.48 8.66 7.07 6.36 6.87 14.24 7.98 24.47 11.96 5.46 8.47 13.6 11.71 8.38 10.72 9.49 10.43 17.45 19.46 20.27 13.49 19.03 7.37 6.03 5.7 3.67 4.93 4.95 8.58 1.99 3.43 2.88 4.48 8.84 6.32
3.95 5.45 10.44 8.78 5.93 9.61 7.56 8.91 13.59 4.24 7.89 6.68 7.76 25.7 25.76 29.17 46.55 18.91 8.6 13.73 5.2 5.58 5.65 5.99 8.95 9.67 4.64 6.23 5.99 5.72 5.59 8.84 6.49 6.79 3.46 8.18 12.11 22.87 14.43 11.08 14.73 9.19 12.24 11.87 15.35 9.35 12.07 21.92 16.77 25.04 19.54 9.45 2.52 4.82 4.47 4.68 6.68 6.52 5.23 3.3 4.8 5.25 12.35 17.52
4.61 3.89 10.58 7.74 10.87 7.87 6.99 5.98 22.27 11.14 9.23 8.86 9.95 16.36 22.31 25.65 13.31 12.22 13.24 8.39 5.33 6.21 4.15 4.2 6.77 6.82 6.57 6.55 6.54 6.27 6.9 12.07 9.86 5.11 5.84 3.69 9.56 9.96 20.72 25.56 9.08 6.63 18.28 20.86 21.87 16.68 8.69 10.29 14.17 16.37 12.08 7.46 5.38 3.43 3.84 4.85 2.71 3.31 4.5 5.43 3.02 8.87 11.34 8.25
4.61 4.29 11.29 11.92 9.1 7.17 7.96 6.6 6.77 8.23 7.15 8.73 13.5 15.4 7.75 15.1 4.37 4.98 4.01 4.03 6.83 5.21 6.59 8.95 8.27 10.18 11.41 9.98 7.29 6.92 4.09 10.17 14.34 11.01 5.32 4.59 9.46 11.95 16.24 12.53 10.32 13.5 27.61 22.36 23.59 12.15 18.56 19.77 7.92 9.4 14.33 6.99 4.45 4.21 3.54 6.88 3.74 3.92 4.22 4.72 4.4 6.87 15.16 8.83
6.58 6.86 16.9 13.15 16.97 14.79 12.22 8.77 11.79 8.91 14.89 7.62 4.03 8.83 12.41 5.39 7.99 7.65 5.07 6.46 6.75 4.59 3.98 7.26 6.42 11.67 12.64 17.98 8.08 12.47 7.37 5.07 6.23 13.59 5.16 5.87 8.4 9.74 10.91 11.21 16.17 9.03 11.1 18.55 52.61 12.5 10.39 12.25 4.54 9.05 9.59 7.61 3.71 9.42 10.15 10.91 5.67 3.15 5.51 4.09 6.66 9.84 10.4 19.67
6.06 6.09 18.28 16.22 20.72 8.22 8.99 13.23 18.98 8.22 5.82 5.79 5.58 8.23 10.39 11.2 6.66 5.38 4.25 4.69 5.76 3.43 3.58 5.01 6.16 7.14 8.25 7.65 5.27 6.58 4.3 3.69 4.95 6.68 7.63 4.21 4.54 10.09 14.72 6.56 13.62 8.89 11.21 15.89 21.39 17.07 11.44 10.21 6.4 7.05 8.0 11.95 4.45 5.22 7.75 8.07 8.31 12.74 6.3 3.87 11.24 14.66 12.17 13.87
5.26 6.49 14.7 12.37 21.48 8.32 5.55 10.91 9.01 9.86 6.2 3.92 11.22 8.32 14.78 22.33 9.35 7.14 3.92 5.86 6.05 4.65 2.19 4.34 3.37 5.43 5.89 3.27 3.57 4.98 5.91 6.31 5.55 4.81 5.68 8.58 6.94 16.19 24.01 13.69 23.82 11.62 18.91 12.79 10.3 6.12 17.6 8.89 6.11 9.51 7.61 7.54 4.33 7.26 6.61 7.52 8.76 5.69 5.63 8.87 12.12 9.32 21.32 12.79
11.75 7.9 7.93 7.96 18.3 9.32 6.06 9.73 7.69 11.73 7.77 8.11 11.32 16.96 23.77 12.66 13.48 5.88 5.87 5.46 7.17 3.43 4.38 6.72 2.78 9.45 2.9 5.41 5.47 5.98 6.07 7.59 3.63 6.25 10.12 13.48 14.31 14.43 25.92 11.9 5.74 8.37 9.24 14.15 12.42 9.26 7.57 10.97 6.74 11.03 9.05 4.87 4.73 15.67 7.87 5.9 13.81 6.2 7.03 18.05 11.44 9.32 13.5 11.98
8.8 13.86 7.18 9.28 13.83 6.63 13.4 5.97 8.68 4.7 5.07 5.85 10.32 16.51 13.6 12.19 13.37 9.31 4.87 4.92 5.37 7.79 4.43 3.34 5.12 5.17 7.32 7.37 4.62 4.31 9.62 6.35 1.72 5.02 11.09 7.41 12.71 8.48 9.4 9.78 8.76 5.22 6.27 4.71 16.95 15.4 25.63 14.67 5.54 10.15 5.83 5.44 7.4 8.02 7.52 10.24 13.77 9.44 7.16 17.34 18.04 7.42 8.26 12.14
22.44 10.02 12.35 8.52 7.88 9.88 10.45 6.63 7.15 12.83 7.29 4.41 6.73 12.1 10.54 14.81 13.12 3.83 8.35 12.2 7.28 12.71 3.34 3.13 3.5 4.41 6.98 15.12 5.68 6.04 7.69 5.55 4.16 6.3 9.57 9.88 7.86 14.06 11.78 11.48 12.61 17.46 6.0 6.17 19.42 16.22 13.27 17.33 7.62 6.35 4.45 4.6 13.82 8.3 9.65 6.45 5.66 7.89 9.9 16.63 25.97 9.81 11.94 10.71
19.35 28.05 6.75 9.8 10.61 10.39 10.51 6.91 6.75 4.33 7.07 3.87 5.56 6.82 11.29 12.9 13.27 6.29 8.14 7.63 9.9 11.65 5.51 3.0 4.51 3.98 16.04 23.5 6.38 9.51 7.02 7.73 5.53 6.98 9.87 6.52 9.89 11.19 16.37 18.83 27.71 15.27 6.6 6.81 7.46 7.63 7.74 11.71 8.47 6.25 6.22 7.97 8.83 12.81 9.78 9.93 16.06 14.01 6.52 18.45 12.73 14.29 11.78 9.22
14.31 26.38 9.09 5.57 6.44 6.6 6.78 4.53 4.39 3.73 5.85 4.3 6.11 7.51 8.28 35.53 12.77 11.49 10.35 14.53 7.93 10.46 4.37 5.04 8.48 7.84 10.45 7.3 7.23 9.54 3.97 7.61 4.47 3.71 6.5 10.31 6.97 13.13 12.74 28.0 21.17 5.83 4.71 6.26 5.89 9.17 17.08 8.47 9.22 9.25 11.18 6.75 11.47 17.47 25.2 17.23 20.44 13.36 11.8 12.22 12.28 6.28 6.4 10.33
13.5 5.39 7.69 4.24 4.74 5.44 6.55 6.68 4.56 7.77 7.15 5.3 11.69 11.5 37.6 21.11 18.97 13.33 15.84 6.23 9.17 9.33 5.24 5.32 6.28 8.7 9.59 8.17 5.38 2.62 2.5 7.02 5.69 4.37 4.72 5.96 7.22 11.99 12.29 26.33 20.69 10.3 5.43 7.58 7.15 8.12 14.88 7.77 6.9 10.86 12.45 8.71 21.39 27.38 21.61 22.88 16.72 14.28 10.81 12.71 8.21 12.27 11.98 15.05
8.96 6.17 3.52 4.87 2.24 3.46 6.31 6.38 5.33 8.76 13.08 7.91 18.02 17.44 22.91 25.0 8.26 13.37 4.55 5.94 12.61 15.03 12.24 8.75 6.76 6.86 7.28 5.2 4.49 2.87 2.93 7.65 7.64 13.34 4.44 4.36 5.69 6.7 16.05 19.59 25.49 14.22 7.84 8.55 7.03 11.08 14.59 12.32 8.75 4.47 7.71 11.03 19.52 20.54 16.49 13.76 27.39 17.38 10.88 12.39 6.41 6.27 10.31 9.22
8.28 6.4 6.09 2.99 3.24 2.36 5.97 5.69 5.66 8.35 9.97 8.21 8.6 13.3 16.68 17.77 12.06 7.4 8.8 8.17 13.81 12.85 8.94 7.09 7.35 6.42 7.03 12.56 3.39 2.9 2.82 5.55 5.53 10.19 2.72 3.06 4.78 11.72 5.04 11.05 17.22 16.25 10.74 16.22 13.17 10.8 13.7 4.31 5.36 4.91 9.09 15.11 19.93 15.03 10.59 11.13 9.86 7.31 18.43 10.35 4.53 6.47 5.7 8.84
9.17 7.46 6.71 5.01 4.9 6.37 5.37 8.79 6.24 7.59 11.84 7.06 6.69 5.32 9.7 14.78 18.88 11.84 10.31 8.03 12.25 10.46 5.85 5.03 4.87 7.55 6.25 8.24 5.87 2.01 4.02 5.59 8.21 6.75 3.28 3.67 4.71 10.14 9.14 15.18 14.39 8.49 10.15 15.54 21.38 12.96 12.45 4.73 3.36 4.07 13.08 13.85 7.39 12.52 9.67 19.27 14.87 13.9 19.47 12.39 9.01 5.92 6.36 8.15
7.98 15.14 18.75 8.7 5.13 3.37 3.99 7.81 8.44 7.23 8.05 7.53 10.64 6.38 6.44 9.58 7.1 14.24 12.45 5.18 5.37 5.71 4.19 6.76 4.88 5.65 5.67 5.42 5.69 5.66 2.87 4.71 5.19 9.32 2.93 3.81 10.28 11.36 13.53 13.2 7.06 5.59 8.56 11.86 6.25 6.53 9.52 4.52 3.03 4.32 11.21 11.89 10.65 8.42 12.19 5.85 16.44 14.34 6.15 9.77 8.41 6.56 8.49 7.72
7.31 11.49 11.41 10.13 4.15 3.16 5.13 5.17 7.46 10.37 7.97 7.11 5.19 7.11 8.27 7.05 7.38 7.44 9.79 5.2 6.09 5.6 3.06 5.76 5.85 10.99 4.42 3.53 3.65 5.87 4.81 6.92 9.61 8.89 5.75 4.99 5.73 14.39 7.44 11.41 5.68 11.08 11.69 14.29 6.93 3.42 7.31 3.25 4.07 5.77 9.32 9.12 10.52 13.34 11.75 6.16 4.97 8.3 4.62 4.16 6.98 5.53 8.9 6.79
10.2 10.67 7.6 10.95 6.21 5.01 7.92 5.09 8.84 11.63 7.61 6.95 8.9 14.52 11.03 3.88 8.31 8.06 7.53 4.35 6.85 7.72 5.15 6.16 6.44 9.68 5.08 3.3 3.95 6.08 7.31 10.55 8.66 9.09 8.05 3.74 9.19 17.97 9.77 12.68 6.48 5.04 8.63 11.08 8.16 8.13 8.72 12.88 16.26 20.92 11.16 9.53 13.88 10.09 7.58 5.47 7.97 3.76 3.88 9.46 5.11 4.88 3.86 5.42
6.21 15.82 13.5 6.04 5.0 5.09 6.59 9.32 12.1 8.68 7.39 6.51 8.58 10.5 3.49 4.26 4.97 8.88 9.47 9.49 7.88 7.39 1.68 3.38 6.84 8.42 7.58 7.76 5.9 5.84 7.2 5.47 3.33 4.3 4.39 3.69 5.98 12.41 9.69 6.36 6.11 5.53 5.87 8.76 14.7 12.88 9.3 22.37 30.24 12.83 13.0 11.46 5.43 4.73 7.45 3.28 6.09 2.07 2.69 6.29 7.05 2.28 4.83 6.03
5.43 10.39 7.14 5.64 9.64 8.95 4.13 2.4 7.15 7.26 4.38 3.31 6.27 3.84 5.04 6.01 7.72 7.18 7.0 9.24 8.15 5.46 3.3 4.7 6.15 6.65 11.18 11.06 6.63 7.35 7.77 5.17 3.94 2.85 3.44 5.83 3.97 8.53 5.91 14.15 7.4 8.12 3.99 19.77 10.44 7.39 9.58 12.53 24.57 10.85 8.89 6.39 4.88 5.14 3.15 4.7 3.76 3.34 5.12 10.03 5.34 9.33 8.75 5.84
6.14 7.08 10.05 10.25 7.26 12.2 3.93 3.36 2.21 3.18 2.94 6.22 7.13 3.21 3.72 8.37 7.37 12.28 5.25 5.3 7.04 8.79 14.31 14.62 4.85 16.17 22.07 10.71 11.9 8.19 4.54 5.52 6.73 5.37 7.62 8.04 5.91 3.9 5.1 4.99 6.82 3.66 8.77 20.26 6.5 7.56 6.68 9.81 13.8 7.16 10.69 6.3 6.32 3.02 5.76 5.13 4.95 3.29 5.95 6.73 3.98 6.95 4.06 4.65
