7.61 7.09 18.18 22.31 49.78 19.88 7.81 10.67 7.79 7.59 8.78 9.45 9.47 5.86 6.17 7.21 9.78 10.54 6.57 6.25 4.16 3.17 4.44 4.55 2.1 3.48 2.65 4.12 2.05 3.66 2.44 1.97 3.09 3.33 4.95 3.97 8.41 7.52 4.81 3.17 5.6 2.81 7.2 4.85 5.61 7.46 3.33 7.62 9.45 12.67 7.38 4.36 5.99 6.23 10.33 14.18 6.93 9.05 7.62 7.59 16.61 6.39 19.9 16.59
11.09 6.25 19.74 12.92 18.27 9.73 15.97 13.54 18.21 9.25 3.79 10.71 7.18 4.23 10.09 6.24 16.92 10.95 9.08 14.9 3.14 5.2 6.71 1.97 2.24 5.84 3.57 4.34 3.46 3.17 3.64 3.8 1.9 2.03 4.97 2.89 5.21 2.86 5.25 3.56 4.59 3.21 4.94 4.86 9.11 6.22 3.98 12.43 16.82 18.52 10.66 7.59 6.73 8.06 16.96 20.38 11.23 14.79 9.27 13.65 6.68 4.92 10.89 10.45
9.42 6.51 12.95 13.83 13.39 12.41 15.45 14.27 17.07 6.85 3.59 12.16 11.64 9.99 8.01 11.9 13.71 13.23 19.38 9.86 2.61 3.07 3.59 2.67 4.03 6.22 3.31 1.57 2.43 3.22 2.97 3.94 2.66 2.69 4.8 3.36 5.05 6.6 3.6 6.52 3.17 2.6 5.31 3.37 5.27 5.73 3.31 7.71 8.79 17.81 10.0 9.22 9.06 12.81 32.58 24.01 18.38 12.54 11.28 10.88 5.8 8.66 7.43 7.31
6.58 8.88 14.1 14.56 10.98 13.63 19.72 13.9 13.62 4.4 5.24 21.08 10.25 11.22 7.12 8.64 14.54 13.47 19.21 9.02 4.27 3.65 4.84 4.52 3.99 5.28 4.88 2.29 2.55 2.03 1.96 2.57 2.91 3.98 3.95 3.02 4.49 3.68 4.02 8.98 6.39 5.22 4.79 4.56 3.25 4.14 5.18 5.04 11.05 11.55 4.49 9.98 4.2 11.94 30.32 13.99 20.76 13.98 8.43 13.31 8.02 7.97 7.31 6.92
13.06 21.03 26.11 25.24 22.18 16.94 12.09 11.28 10.73 5.73 8.91 10.19 9.53 10.91 3.96 7.02 8.71 5.92 9.23 6.31 3.71 4.54 6.35 6.42 8.92 9.65 6.09 3.2 2.61 1.87 1.86 2.4 3.48 5.24 4.1 3.17 2.68 4.27 5.58 6.16 7.97 8.84 6.15 7.31 3.05 2.08 6.47 3.4 4.65 7.76 9.08 12.59 10.98 11.88 20.97 12.74 14.33 16.57 12.48 9.47 12.88 5.94 5.97 4.46
24.65 28.23 28.89 15.42 17.25 12.88 9.04 14.69 11.8 8.35 6.15 8.02 8.64 9.13 8.9 6.36 7.92 9.05 6.64 3.54 4.94 4.67 4.92 9.74 8.92 6.69 5.97 4.36 4.49 3.0 2.23 4.04 2.92 5.0 4.55 2.47 8.23 7.92 11.65 8.56 5.42 3.52 4.22 3.98 3.57 3.61 4.54 3.26 4.02 5.16 8.85 11.63 10.85 20.45 16.04 19.04 13.26 11.94 15.82 14.86 12.89 8.11 3.24 3.83
11.46 17.2 13.33 9.64 9.83 17.34 16.7 9.08 11.62 10.36 5.2 9.69 7.36 9.36 8.21 10.15 7.64 4.1 4.72 4.53 6.11 7.27 17.29 11.34 6.62 7.65 5.27 3.93 6.16 2.56 1.72 5.95 4.81 4.73 3.88 6.09 6.24 8.58 13.44 9.91 5.49 3.53 4.09 5.52 5.68 9.6 5.34 6.79 7.63 5.4 7.03 11.63 10.21 21.93 14.61 11.57 9.87 6.04 12.64 18.82 24.14 9.78 6.09 3.19
9.57 8.52 10.45 12.85 7.9 17.52 13.38 11.88 15.58 13.79 6.47 5.27 4.94 10.96 5.26 12.07 10.56 7.22 5.98 5.72 5.98 5.78 16.99 6.63 6.55 9.26 5.61 6.23 6.96 3.24 2.84 3.72 6.8 7.29 9.1 11.02 7.28 9.09 7.35 5.35 8.1 3.19 4.66 4.66 2.99 12.62 7.55 4.58 6.99 7.0 6.61 12.57 8.46 14.48 18.58 9.22 9.45 14.48 22.47 16.41 14.3 7.43 9.99 5.19
9.8 12.73 12.84 11.94 4.18 5.35 5.02 15.06 24.16 14.75 8.1 16.43 11.8 11.57 8.5 9.35 9.95 17.92 7.89 10.15 16.38 5.28 8.37 8.06 6.76 8.69 3.64 4.37 7.55 3.3 5.06 7.5 6.28 18.42 6.66 7.44 7.18 5.97 6.48 8.75 7.23 5.34 4.37 9.08 7.02 9.46 3.8 5.56 8.2 10.53 11.75 6.55 5.66 6.41 8.29 13.91 11.13 26.5 25.54 9.26 21.51 7.83 12.25 11.92
11.8 15.51 11.79 6.57 5.62 7.54 4.84 10.43 9.96 9.38 11.31 8.21 15.7 9.42 7.43 7.5 7.71 10.69 10.59 13.76 10.47 16.47 14.22 9.53 17.6 10.84 4.12 4.46 7.92 7.62 5.81 8.99 15.02 11.46 11.6 6.38 3.61 6.72 10.72 5.58 6.2 6.03 6.6 4.78 14.41 12.76 10.41 10.13 8.83 9.42 11.48 4.65 2.69 4.78 10.89 16.8 12.85 23.73 29.56 17.38 15.48 17.33 18.86 9.6
15.22 13.59 8.34 3.76 4.35 3.33 4.39 4.94 7.0 7.02 10.01 8.38 14.28 9.49 6.95 7.22 15.48 11.29 14.62 11.86 9.16 16.8 11.87 12.48 10.27 6.78 3.58 4.32 10.99 9.73 6.93 12.37 10.68 9.12 9.14 6.59 5.63 8.52 5.03 6.72 6.5 2.97 4.19 7.04 11.75 23.97 10.56 7.57 4.86 7.29 4.69 3.88 2.71 7.06 9.4 13.63 12.43 14.47 13.97 13.95 10.18 11.83 18.81 5.49
17.54 24.06 14.98 4.95 2.59 2.43 3.65 3.04 11.43 7.0 7.2 13.65 12.68 12.75 8.89 8.13 10.83 8.77 9.08 8.91 4.77 19.53 13.55 10.78 8.07 7.41 5.06 8.29 9.84 5.87 6.4 8.45 11.2 6.17 6.99 9.22 10.99 12.3 8.77 5.97 7.11 3.33 3.34 5.51 8.91 24.99 16.09 5.62 3.38 3.28 1.69 2.75 2.05 3.71 8.93 11.48 7.71 20.11 9.95 7.03 10.74 7.36 11.65 4.89
21.66 9.05 15.66 8.73 5.21 2.61 8.84 8.25 16.99 9.35 5.06 9.7 17.16 9.79 10.6 7.23 11.23 10.55 3.35 4.87 6.76 5.72 15.49 9.05 9.12 9.27 9.01 4.07 5.01 5.87 3.51 9.47 8.87 5.99 8.5 10.45 12.86 11.86 9.34 8.59 7.74 6.69 4.71 5.0 14.74 21.76 8.59 4.69 2.69 2.18 1.54 2.84 1.96 4.76 7.77 8.25 7.83 23.54 12.13 5.22 13.38 7.13 12.84 5.72
13.44 12.78 9.68 8.31 6.73 3.43 6.03 13.79 17.12 11.55 9.82 7.16 14.15 8.01 10.7 14.77 15.1 14.78 7.93 4.37 7.31 6.41 6.7 7.14 6.47 9.95 5.58 4.97 6.46 4.13 3.19 4.82 3.21 5.91 12.31 8.87 17.57 20.48 10.73 5.99 14.5 10.71 15.26 9.8 16.13 15.3 16.65 5.79 1.82 1.41 1.48 1.08 2.0 2.45 8.3 8.39 13.76 11.24 8.78 11.28 7.74 6.82 11.05 5.03
7.05 5.46 8.44 15.93 9.62 9.43 4.75 4.11 12.54 7.01 10.32 9.64 11.02 6.22 12.07 7.47 12.08 7.12 18.67 10.25 10.11 14.81 6.26 6.84 7.9 12.14 7.77 6.16 6.52 4.0 2.94 3.77 2.17 3.76 4.92 6.38 8.06 13.25 10.31 14.95 18.52 29.59 17.21 11.11 14.04 16.96 8.35 4.55 2.1 1.83 1.29 3.1 4.33 3.45 8.51 6.58 8.08 16.14 15.55 16.79 7.63 10.28 5.34 7.98
4.86 3.15 6.39 16.12 17.72 15.53 8.51 4.85 21.54 8.55 15.27 13.43 8.86 13.5 20.49 11.53 10.99 4.84 8.61 21.58 10.82 7.71 5.76 11.05 6.01 15.86 5.81 3.36 9.48 5.5 3.85 2.9 3.34 5.87 5.32 12.38 11.02 8.2 7.85 12.78 18.98 21.05 16.23 11.81 15.45 19.07 8.35 3.5 4.45 1.32 2.45 2.57 3.96 7.72 7.08 6.75 11.46 7.29 11.83 10.21 15.31 7.54 6.44 12.61
7.22 6.07 9.13 7.51 12.62 8.61 8.77 13.26 19.4 17.35 18.23 8.7 13.16 10.56 17.95 15.28 8.16 6.72 13.19 19.08 17.31 10.48 11.62 4.62 6.9 10.12 4.73 4.81 8.38 7.19 7.93 4.82 4.72 5.33 5.69 8.66 7.12 13.13 11.23 8.2 15.78 22.44 10.88 18.29 14.03 11.29 9.03 3.29 5.83 2.41 2.44 3.48 2.28 12.64 11.88 5.66 5.04 4.47 10.29 10.04 22.44 9.91 8.53 9.13
8.88 5.71 16.92 15.86 14.89 15.33 11.98 22.38 9.98 21.11 22.03 14.71 9.73 3.67 5.04 14.04 10.78 10.05 8.09 19.23 17.98 9.03 11.73 9.31 10.02 11.79 3.63 4.9 5.1 9.28 3.96 8.69 7.17 5.68 6.8 8.22 10.68 23.9 9.65 8.3 12.2 16.5 13.96 12.55 11.43 10.72 6.0 4.31 5.97 3.17 4.26 6.88 8.65 11.06 18.75 5.22 2.97 4.15 4.89 4.88 25.97 10.43 7.89 7.83
5.11 8.88 6.69 6.66 8.84 10.65 10.07 20.24 13.1 10.58 14.88 13.13 8.58 4.97 9.86 8.92 15.63 18.29 18.85 7.3 11.05 10.72 11.39 7.97 13.74 8.98 6.18 9.41 3.82 3.91 5.04 6.66 6.07 5.22 7.23 10.69 6.19 25.88 8.8 5.03 7.59 17.11 14.35 15.28 10.22 5.41 4.88 9.07 3.0 5.53 9.03 6.02 14.26 6.65 11.74 6.05 1.82 4.99 3.35 7.65 15.54 6.34 6.74 10.53
4.24 11.0 4.98 4.27 6.43 4.34 14.98 8.05 15.08 8.66 6.01 20.08 11.74 8.79 17.81 10.25 14.21 14.51 8.43 11.43 14.71 28.12 13.88 13.0 14.66 13.81 9.34 5.88 6.09 3.47 2.22 6.86 2.95 4.1 4.73 3.82 5.52 26.26 8.97 6.48 8.21 18.44 31.59 29.16 20.13 9.79 3.66 4.4 3.83 2.54 8.04 4.4 6.44 9.83 7.46 4.64 8.38 9.14 8.31 9.86 14.16 9.41 6.35 9.1
3.69 5.29 5.69 5.95 5.09 4.97 10.18 9.16 6.04 7.42 13.37 17.02 17.52 13.68 13.0 10.04 9.51 4.22 4.19 11.41 13.42 15.12 15.72 11.7 8.19 8.02 10.92 8.07 4.94 3.8 4.15 7.87 4.38 2.91 2.22 1.3 5.67 8.92 10.5 13.11 6.75 11.14 26.26 29.22 12.29 7.62 4.23 3.36 2.97 3.93 4.19 11.21 7.07 12.97 7.6 5.36 8.69 12.09 12.89 21.74 15.04 7.12 11.84 15.05
6.82 5.52 3.64 3.76 2.98 4.84 6.41 6.13 14.93 13.19 26.15 26.36 21.99 22.5 19.88 9.59 8.76 3.85 2.16 7.29 6.26 7.14 3.68 8.3 8.1 9.06 8.39 10.59 5.98 7.21 5.18 6.7 5.1 3.98 3.65 1.36 3.9 6.04 7.47 7.74 9.54 16.45 9.98 18.24 11.52 5.88 12.52 8.0 5.14 6.3 4.05 9.18 6.16 15.62 18.64 4.43 7.62 10.22 8.98 10.92 8.25 4.95 9.99 14.07
6.52 9.08 2.6 4.29 2.98 3.13 5.62 9.72 26.89 23.65 16.22 9.66 13.52 13.73 12.67 5.64 7.82 2.92 3.58 3.48 3.28 4.76 3.83 6.55 6.58 9.43 11.35 8.03 10.02 4.41 6.05 8.66 6.13 5.48 6.05 3.25 5.45 4.29 10.4 13.06 12.17 14.86 8.96 10.92 12.41 10.22 11.84 10.26 6.21 4.94 5.03 4.76 6.95 7.14 8.67 9.06 5.52 11.4 15.62 11.85 5.52 7.72 7.2 7.8
4.66 5.96 4.92 3.72 6.4 5.07 6.39 7.92 16.4 15.21 13.97 10.1 13.83 10.27 7.3 7.66 8.94 7.74 8.96 3.68 3.57 7.6 5.25 7.69 5.0 5.12 7.01 6.07 5.79 6.38 8.34 10.85 7.22 10.37 6.58 12.55 5.61 3.57 8.49 8.3 6.65 8.92 10.52 19.02 13.21 11.09 13.56 8.04 10.81 4.26 7.14 7.33 11.17 8.15 7.23 8.21 4.0 7.39 7.4 4.93 4.17 7.08 5.59 13.78
5.28 4.59 5.82 4.61 9.05 14.92 4.26 4.76 10.48 7.78 12.86 11.5 8.19 8.55 3.34 4.89 8.18 8.15 7.94 4.04 6.81 8.5 7.52 3.52 2.84 4.06 7.27 6.56 10.3 7.58 6.8 12.59 12.55 10.46 12.49 12.19 5.19 5.2 8.62 4.31 12.71 6.3 12.23 10.11 6.52 6.76 9.25 8.9 11.79 3.95 11.15 14.16 6.87 14.36 6.16 3.53 7.33 7.56 4.58 6.45 8.8 5.61 5.07 5.06
9.22 4.55 9.39 8.95 9.42 10.4 9.53 7.01 5.96 10.83 12.88 5.47 6.69 3.35 3.09 5.08 6.02 9.86 3.92 3.91 4.95 4.94 8.14 5.41 2.64 4.61 5.34 17.54 10.09 7.98 7.68 8.12 13.71 9.62 10.62 11.26 7.57 5.79 8.47 5.14 10.67 9.51 10.34 10.45 6.96 5.22 6.31 6.84 4.63 8.68 10.49 9.32 11.6 5.04 7.26 4.77 5.15 5.4 6.86 5.22 7.5 6.61 5.04 9.65
16.66 14.06 4.87 9.98 9.8 17.36 13.89 8.66 8.64 15.2 5.51 4.81 6.02 3.03 6.22 5.69 5.63 11.39 2.74 2.14 5.73 6.89 4.31 4.87 2.62 6.44 8.15 11.74 15.14 6.19 12.32 13.49 13.99 11.89 14.44 7.86 12.04 11.91 7.83 5.98 8.05 12.07 10.83 13.78 8.91 11.18 6.9 10.1 9.87 7.8 9.64 6.04 5.25 5.33 7.03 2.7 4.17 4.34 5.21 4.35 6.35 4.55 4.4 17.06
9.93 13.43 16.72 8.03 24.3 17.44 10.75 8.25 5.11 4.95 6.09 5.03 6.58 7.14 7.93 4.94 5.97 4.84 4.3 2.11 3.24 7.22 4.76 5.55 4.63 6.17 17.96 7.82 6.43 6.47 10.02 20.12 16.43 13.52 18.32 18.57 11.43 17.78 10.67 11.5 8.95 19.7 17.53 16.48 9.87 6.63 4.51 7.12 9.68 5.54 11.91 6.59 6.22 6.05 6.05 4.13 3.92 2.42 4.56 5.66 7.28 4.41 4.34 16.25
10.76 13.95 11.6 9.34 11.71 13.28 6.96 8.12 4.77 8.2 6.23 6.72 4.21 6.33 5.51 4.09 9.99 5.53 3.22 3.75 2.83 3.44 8.85 4.62 4.12 6.72 10.02 6.91 6.17 8.41 7.65 7.33 16.22 29.23 27.18 22.02 11.77 11.53 12.31 12.97 17.69 15.63 16.25 18.02 7.6 4.69 6.82 7.1 8.79 8.76 7.7 5.59 5.73 5.18 2.25 3.31 4.92 3.17 3.92 6.03 7.43 2.58 3.88 4.19
21.49 12.03 16.06 11.63 5.18 8.59 7.11 5.06 5.75 5.65 4.53 4.86 3.18 5.19 5.01 4.57 5.95 6.64 10.4 8.97 4.17 4.03 9.41 6.42 7.57 7.05 4.68 13.75 5.84 9.76 12.87 9.87 19.3 34.77 22.94 13.66 10.63 11.29 8.87 13.42 16.43 10.19 8.57 10.45 10.28 8.55 7.03 13.25 5.47 9.26 7.25 7.17 4.31 3.65 3.56 5.65 4.49 4.56 2.71 7.53 6.49 2.6 1.71 1.91
9.9 18.52 14.91 9.24 10.84 7.69 10.84 7.01 3.24 4.35 2.04 2.05 2.8 3.7 5.73 5.17 4.38 10.21 9.46 8.04 6.23 6.37 7.92 6.53 4.4 4.12 8.48 6.19 10.13 25.96 14.62 11.99 28.6 30.12 40.0 15.1 14.61 12.18 14.39 15.86 9.1 10.85 10.67 10.98 14.03 15.0 7.4 8.94 3.92 7.46 4.47 7.44 4.86 2.44 5.93 9.25 3.44 3.94 2.65 4.31 6.31 3.43 2.19 1.51
21.76 13.35 12.2 10.6 12.71 5.9 10.32 8.63 5.2 2.72 3.95 3.34 2.62 3.93 5.13 5.35 5.77 6.84 8.22 6.62 6.05 6.06 6.33 5.05 6.34 4.33 11.17 9.63 34.22 29.36 16.58 23.3 28.4 23.13 44.3 28.97 16.43 12.28 7.43 5.25 6.5 8.83 7.33 13.72 13.0 10.67 6.12 4.87 4.18 4.61 5.28 11.57 4.61 3.21 3.84 5.22 3.91 1.76 2.5 5.05 5.74 3.81 2.62 3.37
8.77 16.54 16.45 15.71 13.23 15.14 8.7 10.99 5.89 5.27 4.34 5.15 2.95 5.15 5.18 7.9 4.98 8.84 21.71 8.22 5.11 5.86 3.26 4.87 7.76 6.92 6.78 8.27 17.98 20.74 20.06 22.27 18.16 20.8 35.01 23.64 14.18 6.42 10.07 7.4 8.19 13.67 5.89 10.76 13.42 8.14 5.28 6.97 3.53 7.34 5.73 17.3 4.73 3.85 3.69 4.01 5.57 4.42 4.89 4.29 9.53 6.46 1.58 3.79
12.15 26.0 14.55 14.72 14.57 16.37 10.68 6.78 4.97 3.17 4.18 3.67 3.91 7.89 14.3 7.54 7.07 13.34 20.76 10.86 6.12 3.68 4.54 10.58 6.47 7.45 4.96 6.78 9.04 6.74 14.06 12.94 13.74 15.88 18.67 11.03 12.23 5.29 6.29 8.72 13.42 10.89 17.32 12.29 11.04 12.57 5.38 6.65 6.53 5.61 11.18 10.85 3.93 8.81 3.66 3.33 4.28 4.38 3.46 5.8 5.01 4.5 5.91 5.26
12.57 11.01 10.48 13.86 14.0 7.07 9.48 10.66 6.26 4.7 7.53 3.5 7.03 10.02 15.66 11.35 10.05 15.18 8.86 17.67 11.23 5.04 5.89 12.43 11.22 5.58 5.78 14.04 8.06 8.2 12.66 5.43 6.21 6.44 13.42 10.81 17.12 6.63 6.12 7.19 15.67 10.15 10.31 17.36 12.12 7.01 8.47 13.23 10.98 6.9 6.77 9.46 11.38 24.9 4.47 3.25 4.35 6.64 5.07 4.8 8.4 6.77 5.89 4.83
11.1 9.91 11.93 11.49 16.84 7.21 5.67 5.64 6.45 13.66 14.8 4.37 6.75 8.48 11.66 7.78 6.27 13.33 9.82 16.19 10.09 5.84 6.94 9.08 10.85 3.81 3.45 6.04 6.69 13.08 11.44 5.52 6.7 8.87 10.42 8.11 9.07 9.9 16.29 9.4 8.53 12.35 10.36 9.96 7.1 5.62 8.91 5.56 3.66 3.89 4.52 10.28 17.57 14.19 7.69 4.84 5.6 9.59 8.67 9.97 12.74 6.4 9.09 4.26
11.54 10.3 8.1 12.56 13.97 8.61 6.26 7.25 7.7 11.16 12.2 6.31 5.21 7.91 9.88 16.01 9.3 9.9 6.05 8.9 6.0 4.36 6.64 9.08 12.79 5.24 6.68 9.71 9.44 11.17 10.59 6.08 9.21 8.01 5.81 7.38 3.86 4.45 7.39 8.65 5.33 8.54 8.73 4.99 6.18 9.95 9.16 16.09 4.51 6.1 4.65 5.49 12.41 7.29 5.66 7.19 7.54 5.5 7.51 6.92 7.49 5.21 6.21 3.54
12.49 27.97 7.46 4.32 8.51 10.28 12.24 8.2 9.62 19.65 12.85 6.68 6.27 8.33 8.51 13.59 10.45 4.35 10.41 9.7 4.35 5.47 5.79 7.39 9.63 8.12 21.18 14.42 12.7 10.19 6.98 13.6 13.24 4.75 3.92 6.06 4.91 4.9 4.55 3.63 2.93 4.49 7.0 4.4 6.43 13.05 17.13 16.53 7.56 5.84 6.96 6.71 9.65 5.71 5.27 5.25 8.65 4.11 9.25 5.56 6.59 4.78 4.55 5.9
11.71 16.2 8.87 6.03 3.88 3.81 6.5 3.9 7.4 11.57 8.36 11.6 9.74 5.13 13.11 11.46 22.94 17.42 10.53 8.75 8.46 9.96 6.15 6.36 5.76 4.3 13.96 13.67 4.37 4.3 7.39 8.73 7.51 4.84 4.95 8.01 11.12 6.83 4.36 3.49 1.97 3.36 3.85 10.87 10.63 19.51 26.94 15.93 10.74 6.75 3.79 7.55 4.99 6.63 6.94 5.27 8.74 6.56 7.59 9.97 5.44 6.4 6.24 4.53
15.76 13.43 6.19 3.81 3.54 3.45 7.17 7.85 6.05 5.24 12.93 8.84 8.57 5.18 11.44 11.02 28.04 25.19 9.95 7.09 12.43 10.23 4.46 9.48 6.12 3.22 17.57 12.03 6.5 7.88 6.47 11.6 10.13 13.56 11.86 6.38 8.84 5.14 4.37 4.06 2.11 7.88 5.42 11.01 11.45 9.21 30.48 22.61 10.33 3.48 3.53 6.09 7.27 13.13 7.87 5.35 9.62 6.12 9.99 7.85 11.45 5.18 4.58 6.29
17.46 13.56 3.76 5.76 3.37 4.27 12.63 8.1 9.13 6.49 11.2 8.22 8.65 7.76 8.39 14.37 21.19 14.4 8.77 7.66 10.61 10.72 10.36 9.97 6.42 8.79 12.61 11.59 26.28 8.88 15.38 16.2 17.36 18.77 21.5 11.35 7.17 7.84 5.6 4.55 2.24 7.7 9.17 12.83 6.31 7.43 8.22 25.81 13.44 6.32 5.48 9.49 21.01 16.3 13.52 16.75 14.69 12.94 13.76 17.5 11.19 10.14 10.81 7.23
13.15 12.05 8.79 3.17 3.49 8.31 8.44 7.77 7.63 9.97 16.84 8.47 10.08 12.39 5.62 13.18 12.4 6.8 10.97 13.36 12.87 12.86 12.27 9.84 6.15 6.02 11.58 14.92 15.97 22.6 29.04 10.84 24.37 19.21 6.53 14.72 7.96 8.99 6.11 5.79 4.89 6.66 23.92 18.11 5.0 9.78 9.61 20.54 17.51 11.69 8.77 11.98 31.92 12.17 8.67 15.76 14.44 12.85 21.87 19.59 14.46 15.86 17.09 7.33
10.75 4.21 5.34 4.17 3.76 6.58 7.8 5.79 6.55 8.88 19.9 12.14 14.87 10.81 7.23 5.83 14.88 8.34 8.82 12.56 13.95 7.48 15.43 14.76 12.07 9.79 16.73 20.88 25.02 35.92 31.38 9.64 16.47 13.92 5.74 13.1 13.68 4.95 8.42 7.15 7.25 11.39 10.1 10.45 11.4 7.76 9.86 22.94 21.48 11.43 7.99 13.98 15.8 16.84 12.42 20.01 14.95 15.59 16.74 24.26 24.98 18.54 9.74 7.28
7.72 5.85 4.56 5.18 3.65 5.5 6.44 7.26 5.38 6.54 16.72 9.66 16.69 6.45 18.66 15.56 20.95 15.52 9.66 12.72 16.67 11.92 9.76 7.38 10.09 14.56 9.51 25.73 20.77 34.52 14.77 13.93 7.43 6.35 6.61 6.83 13.28 11.37 7.6 5.11 6.08 12.11 5.33 4.31 15.6 8.2 15.46 21.38 17.95 11.75 8.42 13.39 9.04 12.28 20.04 14.36 13.35 10.09 22.89 14.09 15.71 23.35 10.63 6.55
8.61 11.84 7.95 10.66 8.9 7.82 6.51 6.33 3.4 5.62 9.91 7.24 11.14 7.9 13.74 24.5 11.92 8.62 16.51 8.93 15.13 31.52 8.19 11.95 11.32 17.33 16.39 18.68 19.79 18.95 14.29 11.7 4.87 2.43 3.77 6.44 10.88 12.36 6.78 3.2 4.76 4.79 3.77 5.62 5.56 15.73 21.48 20.49 20.19 10.11 8.09 10.21 5.23 7.54 11.52 19.97 11.96 11.16 23.08 28.87 13.11 21.21 12.53 12.82
9.77 8.82 8.58 10.23 10.93 7.96 7.76 6.91 7.32 9.11 8.18 5.6 7.39 6.4 7.3 15.9 13.63 11.7 14.43 13.17 24.36 20.13 6.62 11.12 10.62 25.17 14.92 10.18 10.54 13.21 11.36 5.24 4.91 2.91 1.89 7.02 9.9 9.91 5.5 4.5 4.15 5.37 5.41 4.09 4.74 9.95 7.12 11.17 17.06 9.24 9.7 6.05 8.1 12.11 21.56 15.3 13.32 22.23 29.98 24.93 21.33 16.03 13.68 6.31
7.68 7.4 10.4 7.5 7.6 6.11 6.85 7.11 6.56 10.8 11.83 3.94 3.65 6.08 8.55 12.3 23.06 13.05 12.38 19.39 11.41 9.31 10.16 6.27 14.0 9.79 8.38 11.48 6.14 10.68 9.9 1.8 3.96 3.31 3.03 4.84 5.95 5.56 4.52 2.78 2.28 3.42 5.6 5.14 5.45 4.55 7.02 10.61 9.57 7.27 11.01 5.27 7.65 14.37 19.8 25.42 32.98 29.75 21.08 16.1 13.89 14.43 11.86 11.44
6.9 6.8 6.2 11.74 9.05 16.3 21.14 16.03 10.83 13.23 13.2 7.17 12.73 5.29 11.95 9.19 6.43 6.54 5.08 11.74 16.71 6.67 8.33 12.37 10.62 11.8 4.14 16.31 10.79 14.29 6.05 4.61 2.63 5.73 4.38 2.14 4.86 6.84 3.28 4.05 1.45 3.72 5.53 4.42 5.92 7.6 4.59 10.72 7.62 7.78 11.25 8.1 9.07 9.24 18.82 18.18 23.66 22.05 43.12 28.74 17.17 18.86 11.12 8.34
5.05 8.32 5.34 8.44 15.88 31.46 14.85 14.65 15.29 8.54 11.76 15.81 24.93 11.63 11.58 6.63 3.21 2.67 4.82 11.64 8.71 14.85 12.55 13.55 16.94 4.41 3.7 9.38 10.61 11.7 4.53 4.48 10.15 8.84 7.9 6.35 7.84 9.01 6.11 1.63 0.94 5.45 8.05 4.85 8.6 5.54 3.89 4.26 6.82 7.51 5.8 7.9 8.86 8.9 21.28 21.46 21.04 26.2 28.13 34.14 17.17 18.77 10.94 8.92
12.47 9.11 7.7 8.73 14.64 10.88 9.52 7.8 17.27 11.87 7.87 12.86 16.39 12.13 7.72 9.06 6.05 2.76 13.19 9.63 9.32 20.43 15.97 12.79 9.35 4.36 6.13 9.23 10.33 7.39 5.09 3.42 4.34 7.84 7.22 9.17 4.8 4.18 5.09 1.8 1.7 2.9 4.67 5.13 7.2 7.3 5.32 8.86 5.91 8.14 5.5 3.12 4.62 5.69 8.96 21.87 23.56 21.69 34.14 24.67 24.76 8.01 9.58 6.48
14.28 15.95 8.7 7.33 16.87 11.51 7.46 15.05 6.16 8.25 6.71 21.26 15.05 8.46 3.7 5.83 6.6 5.69 10.01 7.06 8.39 11.53 16.59 14.63 16.97 6.82 7.69 8.08 7.72 13.34 15.4 4.57 5.88 6.87 5.75 3.39 4.91 3.64 8.46 4.57 2.29 2.64 3.14 3.66 6.98 4.82 5.85 7.91 5.75 4.27 3.45 4.91 3.56 6.01 8.38 11.85 32.56 30.04 22.27 13.42 13.94 17.83 4.78 5.57
11.19 9.58 5.65 5.19 8.86 9.06 8.36 11.99 4.16 2.82 5.69 11.35 14.12 5.07 6.54 10.87 8.53 6.75 10.16 10.37 19.45 12.43 10.81 17.11 21.12 10.22 8.33 8.7 7.31 13.41 11.14 6.77 6.37 4.35 5.53 3.55 4.53 6.14 5.13 4.68 2.45 3.28 0.95 1.82 3.12 2.3 2.53 7.46 5.44 3.27 4.56 5.76 7.21 7.58 8.6 9.59 40.52 33.66 14.14 10.16 12.44 21.05 4.97 2.71
14.72 11.24 10.46 9.95 6.93 13.5 9.82 10.2 5.33 3.28 6.06 7.8 9.06 5.61 4.26 9.8 6.1 8.99 9.44 15.59 15.22 10.55 7.14 10.99 18.07 14.04 11.21 9.02 13.63 15.64 14.86 3.91 3.51 2.71 4.48 2.41 3.45 5.41 4.74 5.47 6.86 3.72 2.62 1.73 1.59 1.68 2.25 2.12 2.85 2.47 8.91 5.51 8.45 5.83 6.88 8.03 28.92 31.34 11.0 20.01 13.08 19.5 8.3 2.0
10.67 10.64 11.38 14.06 14.36 4.29 8.02 11.59 9.33 6.81 6.56 8.61 9.63 4.36 4.26 5.64 7.48 10.18 6.41 8.33 7.29 8.9 6.45 9.04 19.35 8.18 6.35 10.01 10.27 10.93 16.03 4.39 2.91 3.18 1.79 2.53 6.14 3.88 6.57 8.55 11.93 5.96 2.93 2.28 1.78 1.79 1.78 1.96 1.98 4.08 4.26 5.33 7.56 8.41 4.75 9.21 17.32 23.03 14.67 13.97 23.13 17.66 5.92 3.7
5.3 5.52 15.12 9.84 8.37 6.93 6.35 10.85 11.41 8.82 4.63 10.22 13.63 10.88 6.03 10.35 6.59 7.91 6.13 8.05 9.5 9.56 9.25 9.35 8.95 11.2 4.71 4.39 5.16 8.59 10.74 5.63 4.1 2.43 2.64 2.71 7.66 4.39 10.72 10.55 11.56 4.53 6.79 1.65 2.62 2.29 2.77 6.0 2.22 3.13 2.88 5.79 6.39 11.36 5.93 8.45 24.82 18.2 11.88 6.94 9.11 17.82 14.85 8.2
2.36 4.95 6.56 8.53 9.06 5.25 7.8 14.39 13.32 8.64 7.6 7.55 15.83 18.62 7.64 5.06 8.18 3.94 11.61 16.93 9.78 15.9 9.91 11.31 13.85 10.65 7.43 8.17 5.6 9.24 7.76 5.07 4.87 2.72 2.45 4.42 7.4 3.14 6.6 7.07 7.58 13.03 4.8 4.74 4.8 3.05 4.46 5.75 2.71 5.39 2.83 5.54 7.37 8.84 6.53 12.61 31.76 18.06 21.41 9.1 4.24 11.4 12.96 10.02
3.85 5.49 6.02 9.48 5.2 5.66 4.94 5.15 7.35 9.72 6.43 23.15 16.39 15.91 6.65 6.48 4.97 5.44 10.4 13.24 12.41 18.5 5.44 9.35 23.61 22.67 16.54 14.43 7.69 7.35 6.95 7.02 3.57 5.26 3.69 4.22 5.64 3.64 3.01 4.32 7.42 9.17 9.52 10.06 6.4 4.78 2.89 2.96 7.73 5.75 7.35 8.52 9.37 10.39 8.05 13.64 18.29 25.0 20.02 4.12 1.98 7.69 11.13 14.78
4.51 4.81 5.11 4.46 9.44 8.15 4.63 6.51 7.12 6.38 10.45 17.41 14.51 6.69 7.34 7.64 4.23 4.71 6.65 4.82 14.85 13.9 7.35 6.66 25.69 39.69 32.92 19.1 12.0 4.38 6.44 4.92 4.45 5.35 4.31 5.92 4.45 3.08 3.86 4.33 5.71 12.25 7.21 5.58 4.51 3.37 2.27 4.27 5.32 3.64 6.74 9.01 5.51 6.77 7.87 7.59 8.15 19.23 9.93 5.9 6.63 11.35 17.12 23.62
6.62 8.06 3.9 4.13 13.19 10.06 6.96 10.48 6.54 5.84 14.79 19.34 12.87 12.47 9.03 14.96 4.4 3.96 3.72 3.67 13.33 15.7 3.88 6.19 21.19 26.3 23.06 16.45 7.16 6.17 6.75 3.96 4.9 2.55 5.12 6.91 8.08 9.84 4.8 4.68 14.54 8.93 12.48 12.88 6.96 4.55 3.58 9.9 3.55 3.47 5.92 10.49 7.89 7.13 4.38 3.62 5.74 5.09 3.43 6.27 10.6 22.28 38.96 23.55
5.07 6.92 6.41 7.47 8.78 10.06 6.85 4.37 4.54 6.49 9.77 7.54 10.67 16.46 16.04 15.24 4.32 3.19 3.93 6.32 6.34 7.7 6.93 4.64 15.21 21.93 14.66 17.95 9.06 6.11 8.97 2.27 3.36 1.9 3.26 6.4 18.28 12.04 3.97 7.68 7.3 10.78 13.02 8.78 5.15 7.45 4.62 16.14 2.94 6.69 5.54 6.46 6.3 5.32 4.76 3.06 3.54 2.36 1.99 5.33 8.44 16.65 28.16 15.94
6.81 6.18 5.6 13.64 12.15 4.91 5.95 4.57 3.91 6.69 8.34 12.39 7.39 20.1 11.98 6.96 5.74 6.4 5.08 9.67 9.1 9.44 9.84 11.9 16.44 10.5 14.15 10.85 8.88 3.64 8.09 3.22 2.35 4.06 2.31 5.8 14.51 3.65 4.11 12.04 14.65 17.75 7.37 7.86 7.62 5.92 7.17 7.77 4.66 5.55 5.35 4.79 7.07 7.29 2.63 2.58 3.35 2.54 3.73 3.8 8.9 13.37 19.63 14.56
6.23 6.98 8.09 7.94 8.07 5.28 3.3 7.83 7.25 5.65 7.07 11.71 5.07 10.91 11.07 7.68 6.42 8.96 11.04 5.69 9.34 6.65 8.14 4.83 11.89 6.32 12.85 4.76 12.06 5.58 7.18 5.43 2.72 4.54 7.81 7.02 8.46 3.51 4.84 10.89 10.94 10.76 13.64 8.16 8.29 6.89 6.3 5.65 6.71 3.75 4.4 4.93 4.52 10.8 3.39 2.77 4.99 1.83 3.26 2.95 3.46 7.7 21.61 10.92
8.37 5.89 7.71 7.1 6.31 5.55 3.39 10.87 8.48 9.21 5.79 9.83 13.62 11.68 3.6 11.13 3.77 4.54 19.16 9.01 8.76 9.38 4.16 2.37 9.71 15.03 6.3 8.6 12.8 15.61 9.02 4.58 6.61 4.34 5.25 8.87 5.27 4.76 15.72 10.6 12.01 15.31 11.73 7.14 11.14 7.41 3.33 3.13 3.47 5.07 2.59 3.99 5.27 7.48 3.46 3.87 4.76 4.63 4.47 2.67 3.03 9.87 9.44 7.82
5.09 7.71 7.99 10.56 10.72 11.2 7.1 4.78 5.64 3.99 7.92 9.72 7.6 10.67 8.62 12.27 3.53 4.55 8.08 6.54 5.98 7.09 6.78 7.32 14.33 12.89 6.48 8.71 5.44 5.72 15.72 2.59 6.19 5.34 5.32 8.41 6.75 8.02 13.08 13.68 16.99 12.58 18.83 17.51 7.04 3.55 2.63 2.41 2.01 3.45 3.02 2.39 3.89 3.77 3.94 3.33 4.89 5.46 2.96 7.42 5.13 4.8 9.1 7.37
