10.2 9.05 8.57 10.06 10.36 5.1 4.29 3.22 5.27 5.4 7.03 6.45 7.16 5.88 6.35 3.12 7.53 9.6 16.81 8.9 10.32 7.95 7.05 13.04 7.85 6.86 14.95 5.15 6.3 6.81 11.72 11.76 12.33 13.78 10.2 7.3 13.17 17.75 23.18 20.61 13.67 9.61 13.14 9.75 13.37 6.95 3.54 3.88 7.5 8.5 6.31 6.55 16.6 14.59 12.61 10.99 9.33 6.32 9.79 12.48 8.9 7.17 7.02 4.71
8.18 7.41 5.49 8.72 7.55 7.67 5.51 5.47 4.5 3.26 5.44 5.37 9.7 8.99 6.22 5.04 9.86 11.94 16.32 13.78 14.32 6.94 8.87 8.03 4.72 8.06 14.41 7.54 4.99 4.29 8.66 10.03 9.28 5.81 7.33 10.42 9.22 19.8 24.74 12.16 5.31 8.23 8.97 10.1 5.15 4.12 4.38 5.19 10.96 14.31 7.06 8.88 16.22 12.65 14.66 12.99 9.03 6.42 8.88 8.74 7.31 8.26 8.31 4.4
12.83 6.79 10.25 10.85 6.59 4.77 6.6 5.02 4.34 2.47 6.23 4.95 6.68 6.24 5.17 10.63 9.36 11.44 18.64 20.39 13.89 8.15 10.54 6.83 4.41 3.87 6.95 8.47 6.16 3.91 9.73 6.81 6.54 3.32 9.05 10.78 21.18 24.33 24.66 8.58 3.41 6.18 15.19 7.6 4.64 6.69 4.57 5.58 8.24 13.98 12.35 11.84 7.95 15.26 14.55 14.15 10.86 4.23 5.26 8.42 11.09 11.38 7.68 7.3
6.67 10.96 15.97 7.63 5.03 3.94 4.09 5.96 3.98 2.98 5.5 10.94 9.83 5.63 6.01 16.06 15.69 19.13 16.19 14.7 12.99 11.64 9.64 14.42 4.28 3.59 4.21 7.34 5.97 4.16 3.83 6.24 5.43 8.06 8.23 11.66 12.59 16.99 12.45 4.71 4.43 7.89 17.13 9.84 5.28 10.14 6.7 5.67 12.88 19.09 15.23 6.47 10.2 11.04 12.59 14.49 7.23 4.85 5.89 13.8 11.28 14.26 11.64 7.66
11.86 11.54 10.97 5.55 7.27 6.86 5.09 8.78 6.45 2.71 5.39 18.07 12.92 7.06 12.01 19.58 25.09 28.27 15.03 13.6 9.67 5.29 10.22 5.47 4.38 3.76 3.47 6.09 6.09 3.93 3.81 3.97 8.17 8.53 8.05 7.78 7.95 10.02 8.34 10.41 8.88 10.92 16.79 10.63 5.15 13.1 13.14 7.69 13.35 13.63 5.85 5.38 7.4 5.69 3.41 4.45 4.36 3.78 4.19 9.71 11.89 17.86 8.77 10.83
10.69 5.92 6.33 8.58 10.85 7.33 6.56 10.09 2.97 3.52 5.32 12.09 15.46 13.62 10.91 14.92 17.87 40.4 27.67 13.1 9.85 6.04 3.47 5.72 6.04 4.36 3.56 9.8 8.59 4.58 3.37 4.82 6.36 2.6 5.78 5.63 4.22 5.16 6.26 9.27 14.5 18.76 29.99 9.82 8.06 14.2 13.96 8.83 9.07 8.67 5.22 5.07 6.16 3.47 2.42 4.03 5.57 3.9 5.32 5.62 8.04 13.8 8.28 14.16
7.75 7.27 14.58 16.66 19.34 6.59 7.22 5.84 4.05 4.77 5.38 8.44 12.22 10.23 13.88 8.37 10.41 26.49 17.7 16.75 5.14 3.96 3.87 6.25 5.86 6.8 5.36 8.1 5.59 6.15 5.93 5.01 3.14 3.59 5.69 7.73 5.78 4.72 4.95 4.72 13.75 23.32 18.61 21.62 18.6 18.46 20.1 9.67 6.8 8.31 7.44 5.16 4.57 2.76 2.82 6.64 4.29 4.92 5.58 5.19 9.48 6.76 7.5 10.18
7.51 14.29 17.23 24.99 16.31 6.2 5.19 4.76 3.5 3.46 5.31 6.21 7.84 9.34 11.75 7.07 7.35 17.75 24.64 9.87 7.63 7.94 6.3 5.07 12.2 11.09 6.4 9.06 4.33 7.35 6.52 5.65 4.53 5.9 4.34 6.16 5.58 5.36 3.86 10.2 12.35 13.72 24.18 24.8 21.8 18.29 15.28 8.45 6.58 8.66 10.97 4.05 3.64 4.43 2.87 4.27 5.42 4.78 7.82 10.31 9.13 7.69 5.34 5.27
11.75 12.92 7.0 11.09 13.09 6.95 3.73 5.4 3.91 4.23 3.63 7.04 6.63 17.24 13.39 9.69 11.03 13.87 12.38 7.29 11.45 19.57 11.83 7.28 11.11 12.89 6.99 5.04 6.46 8.28 11.09 5.98 5.16 5.46 3.41 3.93 4.0 3.08 6.46 12.62 16.31 33.4 34.28 30.12 28.61 22.07 9.78 7.38 7.82 19.27 9.82 5.65 8.4 3.83 2.7 6.06 5.78 4.55 8.22 13.2 9.97 4.56 5.0 4.0
12.47 12.87 3.99 7.52 10.27 4.66 3.81 4.89 5.97 3.54 3.86 8.49 6.89 9.55 12.26 6.55 12.09 10.85 8.39 11.85 11.6 23.71 24.8 12.41 8.88 14.86 10.81 6.88 9.36 10.68 5.04 4.61 4.35 9.11 4.48 3.7 7.55 3.07 9.38 16.03 28.24 24.72 18.81 17.68 19.22 19.48 9.79 9.46 18.7 9.49 7.39 7.42 5.53 4.73 3.96 3.76 3.65 3.98 5.08 8.08 11.9 4.49 9.22 4.73
11.98 10.79 5.33 7.08 6.82 6.76 4.26 6.43 11.02 5.06 5.26 9.26 5.6 5.3 6.92 8.77 13.63 12.14 15.17 7.79 9.28 17.14 22.18 12.36 11.05 13.63 13.09 9.84 9.92 5.66 4.02 4.91 5.36 6.36 4.49 2.91 4.7 6.03 7.03 15.7 15.83 17.1 7.78 8.22 14.91 24.94 14.71 13.1 11.51 13.89 6.31 8.74 11.28 8.03 4.37 3.49 4.05 4.25 4.74 16.82 12.2 7.01 6.98 6.01
6.22 10.0 6.65 5.09 4.4 5.6 5.65 5.58 8.16 7.7 3.81 8.44 5.34 3.5 5.36 7.51 13.8 14.73 8.65 7.39 12.87 16.79 13.73 9.7 7.0 9.35 14.26 8.84 9.56 2.15 5.05 6.55 7.77 12.97 7.41 3.92 5.72 5.23 5.21 7.74 20.16 15.83 8.36 9.86 25.07 18.42 19.63 12.98 12.49 13.46 3.29 5.16 12.04 5.98 4.24 3.49 3.31 5.11 3.64 11.96 10.37 6.62 7.32 10.01
15.34 10.38 3.64 5.34 3.35 3.78 4.09 6.08 8.54 7.42 5.41 9.58 5.15 5.29 3.98 11.25 8.1 8.39 7.24 11.92 28.53 26.37 8.12 11.62 10.13 7.32 8.63 6.97 2.83 2.43 2.58 4.87 8.44 14.42 7.76 7.27 8.65 6.19 4.93 5.84 15.46 13.62 8.81 9.31 18.84 23.37 17.61 14.08 24.93 12.22 3.49 6.92 5.76 5.47 4.4 3.68 6.47 5.9 4.19 5.58 8.68 7.41 10.26 10.9
14.58 9.75 6.72 6.48 5.22 4.89 6.05 5.4 13.96 9.16 9.06 6.4 8.28 5.86 5.14 9.76 10.16 11.17 14.94 14.47 24.29 8.97 10.14 12.24 7.61 5.48 3.5 3.62 3.06 2.22 2.54 6.91 12.64 13.04 7.52 7.8 11.98 5.63 5.61 6.76 9.13 10.16 8.01 9.77 29.62 14.81 22.14 25.26 17.5 12.46 7.0 7.28 6.78 5.17 3.59 4.69 4.97 4.84 6.35 6.61 6.29 7.43 6.96 12.85
12.03 9.98 9.26 6.0 7.53 6.3 6.74 10.72 10.19 7.85 4.43 5.83 6.41 4.15 5.01 15.06 15.56 18.64 24.74 17.3 10.48 16.2 16.59 9.45 12.48 4.6 3.2 3.02 3.48 2.08 4.01 9.46 10.71 13.03 9.85 9.47 6.98 4.02 4.19 2.94 6.04 7.17 8.11 14.91 18.96 15.06 20.45 15.01 13.45 8.94 9.08 10.02 9.24 7.37 6.27 3.7 10.6 8.79 6.67 8.6 6.03 5.93 9.44 14.08
13.97 8.87 13.97 6.19 8.16 7.81 10.24 7.53 8.18 3.84 5.75 6.37 8.76 5.71 10.77 12.13 14.22 18.29 22.8 9.93 11.43 19.74 11.56 7.29 8.89 5.47 3.71 3.38 2.63 2.4 2.38 5.14 6.99 12.53 16.03 6.83 3.79 2.15 2.86 2.64 6.78 7.68 13.64 11.96 11.3 16.41 28.12 24.1 19.32 11.04 12.48 11.77 13.17 16.27 8.6 11.35 14.4 7.08 6.31 5.99 4.31 6.29 11.0 16.68
8.87 18.27 13.97 6.97 13.92 11.97 8.06 9.01 5.93 4.34 4.59 6.39 8.68 8.19 12.65 6.8 10.68 19.28 19.12 16.7 24.67 9.73 9.46 7.27 4.99 6.35 4.31 3.61 2.49 4.24 4.46 5.5 5.94 9.65 5.9 4.3 3.36 3.42 1.64 3.29 5.05 6.2 10.27 11.65 20.13 21.7 30.29 18.44 16.26 19.99 27.11 19.98 15.33 18.37 12.01 10.63 8.12 6.06 6.41 4.1 5.36 6.95 9.44 17.67
14.47 14.08 23.72 11.55 13.66 10.84 8.95 8.45 8.21 5.32 5.59 4.88 9.82 6.39 7.54 5.41 8.87 15.36 20.28 19.22 14.65 14.63 8.32 4.08 7.26 4.77 4.97 5.26 3.26 7.31 7.6 5.42 7.71 4.42 3.49 4.41 2.76 4.88 4.01 3.8 4.17 5.08 7.05 16.91 13.38 15.67 14.33 13.53 13.58 28.8 22.02 12.83 8.78 20.05 12.23 8.35 5.71 5.8 8.21 9.65 9.61 6.23 9.28 14.15
10.66 25.59 17.14 15.23 12.67 15.58 15.03 9.97 7.26 5.31 4.7 5.24 8.78 6.02 10.16 17.97 10.03 10.64 9.46 12.37 13.37 9.51 4.89 4.77 3.33 3.8 6.85 4.53 3.87 4.16 5.91 5.44 3.72 2.36 3.5 2.44 3.06 9.07 7.35 4.46 5.21 4.28 6.89 11.43 11.33 13.56 12.19 31.85 23.53 25.41 46.02 10.12 9.24 19.61 8.2 9.69 4.52 5.22 8.29 8.21 12.34 8.39 9.91 5.84
5.89 12.11 11.67 14.48 30.76 24.2 13.97 8.97 6.32 3.41 4.7 5.98 4.06 3.74 12.89 20.26 14.98 13.75 10.77 10.88 6.47 10.26 8.32 4.56 4.76 4.15 3.96 6.8 3.53 5.75 6.94 3.01 2.77 3.31 2.23 3.56 6.21 6.2 5.11 6.33 8.12 5.9 9.41 10.08 13.43 10.48 20.59 39.29 28.57 30.22 31.25 11.16 4.89 15.28 12.1 10.79 2.79 3.96 3.17 4.36 7.09 10.1 11.83 5.35
4.7 7.54 9.42 13.1 15.22 19.32 5.64 5.35 5.24 4.84 5.5 9.61 6.8 4.63 8.7 20.83 14.7 14.9 14.27 13.18 6.43 8.74 10.31 8.46 8.1 3.55 4.77 5.87 4.69 8.51 6.78 5.03 3.28 2.75 3.35 6.01 5.13 4.57 2.89 6.83 6.35 5.06 7.63 8.53 12.39 17.64 22.38 22.09 17.63 16.08 17.12 7.19 10.08 14.22 11.26 8.2 6.69 3.92 3.83 6.91 6.78 10.22 11.27 5.57
3.79 7.22 10.12 9.57 19.07 12.37 8.28 5.93 10.59 7.4 8.46 21.55 17.8 8.58 6.66 12.72 10.95 16.56 11.17 11.62 3.09 2.75 4.16 8.85 6.68 6.55 3.69 2.42 4.72 3.56 3.49 5.45 3.97 3.38 6.68 4.97 5.93 6.02 5.06 8.46 9.78 8.69 7.94 9.46 11.85 25.89 15.95 36.48 19.66 12.81 11.63 16.36 9.82 12.98 11.68 8.95 3.22 7.43 5.28 10.94 8.74 4.05 5.75 3.19
2.97 3.6 5.39 6.77 5.08 9.93 7.59 7.14 10.68 12.07 5.94 14.12 16.45 8.76 9.56 8.27 10.35 12.96 11.19 14.24 4.09 3.83 4.29 6.92 9.17 13.03 5.09 5.75 5.21 5.28 5.82 6.55 4.94 3.66 6.51 5.79 8.31 8.0 11.94 10.66 13.76 10.02 10.67 6.1 13.76 7.12 21.22 15.96 13.53 9.03 9.91 7.34 7.27 8.39 11.99 5.92 5.64 10.52 6.88 5.44 4.8 2.5 2.73 3.91
2.09 4.63 9.1 7.21 4.42 8.39 6.52 6.77 14.71 15.0 10.09 7.53 18.27 15.84 7.98 7.47 6.2 12.99 15.78 10.5 11.41 6.69 4.61 13.33 10.29 10.81 8.78 7.31 8.71 10.21 5.75 7.63 4.08 3.84 6.22 5.19 4.22 16.29 8.12 9.8 11.87 7.35 5.52 7.15 7.77 4.14 13.36 11.58 17.92 20.85 10.55 6.16 10.17 16.75 25.39 13.68 12.18 11.06 5.54 2.84 1.89 2.57 2.52 3.61
5.2 20.01 6.22 7.26 6.13 6.76 13.24 9.43 27.49 19.85 7.49 6.82 12.76 12.0 6.87 4.54 5.91 8.85 10.93 5.27 9.77 7.97 8.48 9.35 10.53 9.87 11.41 9.4 16.11 6.11 7.37 6.82 4.62 5.71 4.42 3.42 7.67 8.78 17.68 11.67 6.09 6.0 4.14 7.7 6.88 4.31 6.63 10.14 18.39 19.41 15.51 12.82 17.02 17.82 17.72 14.05 7.39 7.32 5.55 1.96 2.4 1.22 1.87 3.43
13.37 9.68 4.97 5.53 4.81 5.89 10.38 19.0 16.54 14.22 12.1 7.88 8.53 5.11 4.17 4.71 7.63 11.76 6.97 5.21 7.07 17.87 8.61 10.56 8.82 10.79 13.21 17.77 21.08 16.57 7.87 7.55 9.71 6.57 5.53 3.28 5.04 4.65 11.46 7.23 4.37 5.3 3.06 7.09 6.33 2.73 4.6 19.78 22.21 23.49 14.9 18.78 9.74 17.44 13.84 12.85 9.97 6.19 6.91 4.62 2.64 2.64 1.68 3.92
12.65 12.9 5.53 3.53 5.86 8.61 6.13 18.29 20.2 11.11 12.77 5.85 5.03 2.8 5.11 7.14 8.41 5.12 3.49 2.06 6.89 17.42 17.16 13.22 12.1 19.07 17.55 24.23 33.01 16.62 9.17 11.72 8.1 11.85 8.97 5.09 3.99 5.91 9.18 8.08 6.29 5.74 4.33 4.41 4.98 4.04 12.84 24.46 29.45 20.75 19.36 14.01 16.63 13.54 12.23 9.04 13.56 8.12 6.93 7.15 3.71 3.57 3.17 5.19
7.83 11.62 4.19 6.06 6.6 5.85 8.28 12.58 15.95 10.7 5.61 8.04 3.87 4.11 7.36 9.65 6.97 5.44 4.79 1.65 4.07 11.95 21.26 19.77 23.42 37.99 24.18 24.71 45.0 15.03 21.07 10.86 8.5 9.02 6.46 4.24 9.4 11.72 7.82 9.32 6.37 6.08 2.23 3.19 3.89 8.89 9.68 16.59 19.55 17.71 12.86 10.19 16.4 18.96 7.49 9.98 13.64 7.24 7.93 9.9 5.97 5.57 7.93 5.77
9.45 8.37 8.34 5.35 4.42 6.29 8.4 24.92 18.39 7.08 9.65 6.52 3.78 3.35 8.08 8.65 7.57 5.63 3.1 2.96 6.01 10.9 10.77 11.6 15.35 18.13 16.08 15.26 21.2 16.87 20.63 11.31 18.39 5.21 8.3 5.23 14.45 15.11 8.45 5.73 11.72 9.31 3.94 2.39 4.48 5.71 9.62 7.98 12.08 9.33 7.21 9.59 10.32 10.71 6.02 4.37 5.91 9.09 11.65 7.73 9.31 10.04 6.07 7.08
13.45 7.78 6.89 4.39 2.64 3.27 7.63 11.18 7.16 7.92 9.61 4.68 3.7 1.75 3.96 7.11 3.25 2.71 3.11 7.45 8.47 5.48 7.28 11.44 15.69 22.18 14.14 14.27 13.1 11.1 12.38 18.17 15.33 9.38 6.56 6.54 12.97 12.61 6.55 9.46 17.63 13.47 5.06 2.62 3.43 5.27 5.26 9.54 7.8 4.82 6.51 6.81 6.61 9.22 6.37 6.46 7.81 15.8 10.12 8.62 16.02 11.99 8.41 18.25
16.82 6.36 4.89 5.98 4.43 2.64 5.37 4.41 9.06 8.77 8.6 5.47 3.84 2.47 3.59 6.12 5.07 2.21 5.67 6.86 5.5 4.9 7.13 9.79 13.75 12.9 11.89 14.05 10.88 8.82 11.32 13.72 10.93 6.99 7.79 10.84 9.55 14.09 8.44 8.72 18.78 12.56 4.07 3.87 4.94 4.75 6.13 9.16 9.46 6.4 10.63 8.2 8.07 9.25 5.46 6.0 11.7 26.23 17.19 13.26 11.11 11.0 11.06 15.19
9.97 5.6 5.88 5.63 10.2 4.04 4.82 10.22 9.64 10.33 8.45 8.96 5.88 5.24 6.07 4.62 4.34 4.27 4.37 5.64 2.81 6.46 9.37 8.11 9.3 8.95 8.25 9.08 7.03 5.92 5.21 7.12 7.93 9.11 13.04 10.06 8.76 8.63 7.02 11.3 12.47 11.41 11.06 6.37 7.3 6.29 4.04 8.5 13.05 12.16 11.0 13.6 11.76 5.96 4.68 3.52 7.37 13.83 18.2 9.24 10.7 11.22 8.41 10.32
10.53 7.63 5.84 4.63 8.24 6.51 5.69 7.22 5.79 7.93 7.71 5.14 10.79 6.86 5.89 4.31 5.13 3.17 1.6 2.54 3.16 5.2 8.78 7.2 8.2 7.97 7.46 11.7 4.12 4.88 2.78 5.74 8.72 11.63 15.74 9.19 8.52 7.98 6.9 6.8 9.29 14.15 18.09 6.84 6.45 7.18 4.09 5.25 10.99 10.43 13.26 19.72 14.5 6.26 5.57 2.84 3.19 7.31 10.82 9.9 9.99 9.52 9.46 7.98
7.68 5.56 7.39 8.45 10.57 10.68 6.58 4.22 8.38 7.46 6.39 9.43 5.25 6.86 4.33 4.37 6.02 2.92 3.11 2.88 4.71 5.72 10.15 6.81 5.47 10.73 6.84 5.25 4.3 4.61 4.76 5.28 6.15 7.85 12.3 11.29 3.87 9.88 7.69 5.79 6.41 8.93 7.21 6.09 5.13 7.42 4.01 6.13 12.04 19.82 21.99 27.58 16.47 6.34 7.55 4.84 2.8 4.93 9.55 12.52 11.55 7.95 16.72 13.77
6.83 6.49 12.77 11.48 12.06 7.08 11.08 8.37 7.37 10.14 6.93 7.19 5.04 4.04 4.25 3.52 4.55 3.43 4.0 3.72 7.42 13.24 6.52 7.69 5.07 7.41 6.17 6.21 6.05 7.6 6.52 6.04 4.21 8.66 15.88 9.95 4.41 8.64 7.91 6.2 4.39 4.12 5.95 8.5 4.72 6.44 5.2 10.08 11.44 25.79 30.19 28.9 11.39 9.57 8.47 6.24 5.14 10.13 11.01 11.21 9.08 10.93 18.13 18.3
11.75 10.13 9.48 13.35 4.27 8.21 8.12 9.51 4.23 4.25 4.95 5.16 5.38 5.89 5.26 3.64 3.02 6.06 4.58 4.43 6.55 8.08 5.88 5.12 7.73 7.77 10.11 10.21 5.52 8.85 6.99 4.87 7.99 13.0 13.96 8.23 7.07 10.24 10.92 6.24 6.17 6.28 3.75 8.73 5.54 3.08 7.46 8.3 10.59 22.33 25.5 12.53 7.26 6.2 8.63 11.35 10.26 9.14 7.89 6.05 8.08 8.93 20.39 20.79
9.48 10.36 9.06 16.28 7.63 11.49 15.42 8.95 3.1 3.65 5.4 9.0 8.03 12.9 3.82 10.81 4.68 5.19 6.05 3.69 5.47 8.23 6.63 7.59 6.66 10.14 7.43 6.96 6.56 5.46 5.85 4.45 6.55 5.7 3.35 5.75 7.41 8.57 8.31 9.31 16.51 7.31 6.69 5.62 6.12 4.32 4.36 8.43 17.53 25.32 26.88 12.19 8.61 8.93 10.29 9.99 15.3 6.83 4.2 4.75 7.81 10.23 18.83 19.43
13.28 5.38 11.69 15.36 14.75 6.8 10.84 8.19 2.22 3.23 5.15 9.81 11.3 7.5 5.6 7.37 5.4 3.87 8.4 5.85 4.36 9.41 8.64 7.64 15.65 10.41 7.35 4.68 9.13 5.78 7.73 6.8 7.73 5.42 2.99 4.6 5.45 4.44 13.73 14.69 18.35 10.88 4.91 4.76 10.19 5.9 2.88 8.08 16.72 16.68 21.14 15.68 9.75 8.82 11.62 8.19 10.68 5.39 3.9 6.0 8.47 10.74 13.75 18.07
9.84 7.16 13.34 10.21 7.88 7.13 6.85 8.73 2.96 1.76 5.3 9.29 11.98 8.91 7.83 6.72 3.86 6.66 8.94 8.82 6.24 6.9 14.27 9.79 12.17 11.92 5.92 7.94 8.17 6.21 4.89 5.56 4.67 2.17 2.4 3.07 4.41 4.83 11.13 12.89 7.51 5.32 6.15 5.64 12.06 5.92 5.05 8.32 19.88 20.39 18.89 25.08 10.17 18.27 12.62 12.36 13.27 11.79 6.52 11.24 5.35 5.69 4.62 16.83
10.95 10.93 10.31 8.23 4.75 4.66 6.03 8.78 4.33 2.73 4.53 6.12 8.94 16.0 6.97 12.07 5.98 4.93 12.74 7.79 7.82 4.44 9.13 8.22 4.88 8.58 7.96 7.64 5.39 4.21 4.25 2.41 2.16 2.22 2.09 2.98 4.11 9.27 7.42 7.49 7.0 4.57 10.73 6.77 7.94 6.8 7.32 8.99 34.15 18.27 20.41 17.13 17.24 16.08 19.61 14.46 18.6 10.26 11.71 11.0 5.79 2.67 4.59 10.05
18.34 10.74 6.34 3.93 3.13 2.77 5.22 5.7 5.07 4.87 3.07 4.33 7.19 11.17 11.6 9.23 6.83 7.51 6.17 12.97 7.25 7.4 8.26 6.67 3.5 7.62 11.31 3.86 6.12 6.63 3.54 5.28 3.88 3.54 2.11 5.76 11.3 10.22 10.98 9.49 4.44 5.16 8.07 9.19 4.5 5.29 8.32 11.42 21.44 18.81 19.07 22.26 19.47 17.37 14.55 18.02 11.28 8.31 12.9 5.35 6.53 3.62 4.36 8.53
13.86 9.08 6.74 5.37 5.86 3.68 4.65 6.43 4.93 4.81 4.94 3.39 9.5 7.75 8.66 6.6 10.87 7.23 6.84 7.32 10.18 7.54 8.0 3.86 6.59 4.49 11.12 3.93 6.14 13.76 7.52 7.99 7.33 3.54 3.68 6.15 15.77 12.34 12.76 9.93 6.0 4.24 8.25 6.07 4.44 4.27 7.26 5.95 16.52 20.88 18.3 23.92 12.42 20.61 14.07 11.22 9.0 8.98 10.27 8.91 9.18 5.38 3.21 9.33
11.88 13.85 5.16 3.77 4.11 5.33 6.24 4.62 5.08 6.3 3.43 4.14 5.33 4.32 6.71 14.9 18.36 10.29 10.72 6.67 10.35 9.96 4.88 3.65 3.06 4.39 6.8 5.12 6.23 11.12 9.78 8.37 6.67 6.24 4.7 8.54 10.55 13.2 7.35 5.4 5.63 4.42 6.62 5.38 4.48 2.55 3.76 7.38 6.85 16.07 21.41 11.05 10.81 13.9 8.37 8.26 7.97 13.56 28.65 21.61 8.37 6.55 7.33 6.05
10.11 9.29 5.58 2.69 4.53 3.57 3.51 2.61 5.16 5.87 6.78 4.32 2.75 2.37 7.47 9.49 11.95 8.03 9.6 6.04 6.35 6.31 5.33 3.28 5.89 5.6 7.24 3.0 6.19 8.92 7.12 12.09 9.02 7.15 6.56 13.3 14.62 13.43 6.56 9.38 6.8 7.02 5.77 5.9 4.0 6.06 5.82 6.82 6.31 10.46 9.47 5.86 6.14 10.53 6.76 6.31 10.31 13.05 20.05 12.91 7.55 6.27 5.82 3.01
4.99 6.55 6.02 5.42 4.4 3.0 3.02 2.48 2.55 4.83 4.78 3.86 2.99 6.8 6.22 8.86 11.88 10.31 7.08 6.16 5.28 9.32 5.86 7.58 15.83 9.92 8.03 6.09 7.22 8.71 9.91 11.26 9.67 5.16 11.15 19.28 12.68 6.58 8.92 10.57 6.12 7.8 5.74 3.91 4.63 6.95 4.0 5.26 5.97 5.53 4.14 6.46 7.22 8.96 6.88 8.97 9.67 26.0 27.19 18.63 16.39 8.14 4.66 2.33
4.84 5.51 6.89 9.47 4.37 5.17 5.71 3.95 4.69 4.28 3.44 7.97 12.15 8.76 9.23 14.29 12.58 8.41 14.0 11.77 12.19 6.76 7.9 12.04 8.18 11.36 10.44 5.6 10.04 8.43 5.39 6.17 7.38 4.34 10.1 16.95 6.11 4.96 7.11 10.78 11.98 5.76 4.97 2.52 3.83 2.68 4.38 6.0 9.03 6.42 7.86 6.92 11.13 13.63 9.86 9.26 10.02 28.65 18.28 23.53 19.21 10.28 3.97 2.92
9.23 4.67 6.06 6.02 2.37 3.97 6.22 5.44 6.08 4.4 6.08 9.3 13.01 14.03 9.26 9.59 8.18 6.72 10.1 12.27 9.36 11.63 8.96 6.61 7.98 10.93 9.57 9.99 10.52 6.62 3.48 5.26 7.15 4.41 4.95 10.53 5.88 4.95 7.42 14.43 9.7 7.44 5.87 3.73 2.38 2.6 5.11 5.16 7.58 12.23 9.47 6.24 7.3 12.37 8.91 4.54 5.85 15.52 13.26 12.65 11.26 5.87 3.73 3.87
5.87 4.48 3.63 5.03 4.56 2.47 5.08 5.69 5.97 5.69 8.07 5.22 8.74 6.55 8.72 9.62 11.03 9.59 8.32 9.89 9.37 10.75 7.29 7.8 8.78 9.56 12.57 7.78 6.07 6.74 3.62 3.65 6.0 5.0 3.56 7.52 4.44 3.26 5.2 8.64 3.6 6.42 5.32 3.76 3.6 4.13 5.62 4.8 8.82 21.05 9.11 5.45 10.51 16.72 8.25 9.97 7.13 17.78 17.3 20.26 14.57 17.31 4.69 3.04
5.5 4.21 3.94 5.26 5.15 4.88 4.26 13.4 7.76 7.8 9.79 6.46 5.37 6.18 4.17 7.45 8.99 12.57 4.39 9.39 8.58 9.43 5.86 6.06 6.03 10.45 9.57 11.05 9.5 10.37 3.44 2.9 8.42 11.76 4.59 6.36 3.4 3.03 2.84 4.9 3.95 4.05 7.6 6.02 4.18 3.89 6.41 4.4 9.58 15.6 9.1 10.02 12.01 13.28 14.49 8.11 13.7 24.85 34.74 27.05 23.18 16.07 8.45 3.28
7.59 8.33 4.8 7.14 5.79 7.78 5.27 8.35 7.82 8.6 11.6 9.29 7.13 4.82 3.02 5.19 8.81 7.39 5.67 5.48 4.56 5.05 5.94 4.19 5.09 11.09 5.13 15.88 13.77 9.86 7.08 6.33 7.49 12.01 5.79 5.92 4.06 2.45 2.3 5.01 4.87 6.92 10.78 5.12 5.06 3.5 4.24 4.54 6.11 7.65 8.11 7.71 9.43 12.21 11.43 9.98 19.07 23.59 40.72 30.83 15.17 15.14 12.78 11.51
4.06 9.28 7.98 5.13 6.92 8.98 5.27 7.31 8.71 6.44 6.31 6.76 4.57 3.69 5.03 5.65 9.69 8.21 4.62 4.0 5.3 5.25 4.56 3.54 3.75 5.93 6.23 9.1 16.17 13.17 6.94 4.5 4.58 4.08 4.86 5.73 4.23 2.45 3.56 4.17 5.02 5.79 5.5 7.49 3.53 3.64 9.6 4.02 5.37 4.95 8.64 11.96 13.56 17.81 13.64 7.45 14.24 41.6 60.7 18.16 12.62 6.73 21.96 14.93
5.54 7.85 6.64 5.21 5.1 9.79 6.41 8.38 9.9 5.23 6.2 5.04 5.38 5.67 9.65 4.5 8.17 8.53 5.01 5.79 7.49 3.13 3.18 2.64 3.88 7.17 6.89 6.85 11.4 9.71 7.1 4.15 3.49 4.3 5.42 4.22 3.67 4.09 4.99 5.31 3.94 3.91 5.0 8.73 3.55 7.7 11.38 5.34 5.87 5.52 10.51 28.96 18.27 18.45 14.14 13.44 15.37 32.94 29.64 12.07 8.6 13.05 15.71 18.31
7.84 8.44 6.29 6.55 3.51 8.15 11.24 9.76 4.95 6.03 4.06 7.11 12.61 11.55 7.02 6.21 6.21 5.38 3.99 5.61 5.13 4.55 4.22 3.78 3.2 7.1 11.23 4.89 9.89 6.21 4.08 3.89 11.39 8.43 8.08 7.29 7.54 4.73 5.83 5.58 5.96 5.1 6.15 13.95 9.04 5.96 8.48 7.14 5.38 5.94 12.42 15.83 19.05 17.32 21.59 18.44 14.87 15.91 19.58 5.83 8.71 15.91 15.85 13.5
11.37 6.79 5.23 4.54 3.68 6.52 11.98 7.69 3.94 6.83 7.5 15.57 13.78 9.62 6.62 5.98 7.89 4.36 3.89 6.25 5.64 8.66 5.88 6.69 5.29 9.3 10.51 7.09 4.42 3.72 3.57 6.99 12.57 6.4 4.8 10.24 6.04 4.08 9.7 6.67 8.91 5.66 7.32 15.03 12.75 6.98 8.22 5.23 8.52 10.79 10.41 19.26 16.67 15.96 25.36 26.5 16.08 25.77 11.55 4.87 10.25 9.89 7.7 10.44
12.59 7.65 4.58 5.67 4.12 6.71 10.08 7.45 4.34 8.13 20.27 16.04 12.96 7.11 5.74 8.6 7.82 3.58 6.58 5.87 14.66 11.51 14.88 14.35 8.38 5.17 7.93 6.41 4.58 3.85 7.18 5.95 9.75 4.33 4.15 5.22 8.07 8.45 10.05 13.29 11.36 5.69 8.32 9.04 14.56 10.67 4.05 6.79 14.51 10.33 15.62 17.01 16.78 12.67 17.39 25.67 19.92 10.34 13.47 8.3 4.27 6.57 4.65 4.69
11.0 6.19 4.87 6.43 7.99 10.77 13.89 12.78 9.63 8.18 19.97 20.47 9.02 9.03 6.4 7.61 8.69 4.32 6.65 10.7 13.94 16.28 23.87 21.32 9.4 6.05 7.91 5.44 4.11 4.44 7.25 3.29 7.01 6.6 5.35 5.83 11.01 9.02 11.57 11.46 9.16 7.45 6.67 11.8 15.4 10.94 8.48 10.41 12.17 16.61 11.12 10.25 15.19 16.15 25.93 34.63 15.67 13.68 10.02 8.19 4.21 5.76 2.83 2.84
12.86 6.04 8.38 8.41 17.34 18.79 30.52 21.85 8.53 5.89 9.75 9.38 6.76 8.87 6.73 6.71 9.04 5.18 7.94 11.17 11.75 25.08 20.24 13.05 6.41 4.99 4.53 6.42 4.05 3.94 3.79 5.84 8.66 8.2 10.38 9.85 10.23 9.44 8.97 12.88 8.92 8.24 16.24 17.29 14.88 21.64 16.26 16.82 30.87 12.8 4.28 6.87 11.13 16.09 24.73 21.72 24.99 15.33 10.85 6.05 3.26 2.29 1.96 1.67
9.59 5.8 5.34 11.32 17.45 25.24 14.85 11.54 7.46 3.67 5.42 5.0 6.28 5.79 7.37 9.62 11.3 7.44 18.62 20.18 24.78 26.3 20.43 19.38 7.99 9.25 7.58 5.56 2.1 4.79 7.22 16.85 11.7 9.88 8.04 7.85 6.76 11.87 6.61 10.51 8.61 7.5 11.52 13.35 15.28 12.99 11.31 16.95 11.29 8.12 6.25 8.51 10.63 17.98 19.7 21.39 17.39 17.04 6.7 4.11 2.77 2.9 2.88 2.47
6.47 4.86 8.47 21.98 23.72 27.6 14.66 13.93 6.98 5.4 6.39 7.95 4.15 4.63 12.74 9.26 10.28 9.74 21.09 25.86 18.72 14.33 16.81 7.42 10.56 8.05 9.23 4.84 3.83 5.83 10.02 8.73 8.53 9.47 10.61 7.26 10.58 11.68 10.42 16.62 10.83 10.27 11.17 20.74 11.82 5.92 13.15 11.72 7.36 13.01 10.79 10.47 9.81 14.38 26.69 10.58 13.54 8.8 6.61 3.06 3.36 3.38 1.96 2.42
4.08 5.53 17.17 17.73 44.55 35.73 20.61 12.53 5.26 6.33 8.17 3.91 5.39 5.79 6.84 9.45 12.83 12.99 27.66 47.85 16.03 11.59 4.81 4.98 6.84 5.57 8.77 5.67 4.19 9.38 6.03 3.48 7.96 10.41 18.11 10.27 12.88 26.23 26.61 29.0 16.46 12.33 15.73 8.13 3.76 5.73 7.42 7.99 7.11 16.53 9.72 6.22 4.13 7.23 9.19 4.31 9.96 4.87 5.45 3.3 3.42 4.89 4.05 2.39
3.76 6.14 10.6 12.87 34.67 26.36 19.88 9.72 9.58 7.15 9.12 6.43 7.34 7.99 9.09 8.11 17.58 22.26 31.43 23.42 18.77 7.2 9.46 5.78 4.5 7.02 6.0 4.31 5.46 7.94 4.4 1.94 2.76 11.3 10.98 16.17 15.37 25.03 21.28 20.59 12.86 17.34 12.34 4.1 2.66 3.06 2.63 8.67 7.04 12.51 6.63 6.76 5.02 6.17 6.78 6.41 2.94 4.65 4.1 2.44 3.61 5.88 5.78 4.0
5.42 12.89 16.03 16.02 18.89 18.95 12.58 12.86 9.38 10.73 5.31 8.68 6.25 8.44 5.43 7.26 9.14 6.56 10.0 19.3 13.37 10.08 7.44 4.47 5.75 4.72 3.58 4.36 4.04 5.28 3.79 2.77 3.54 9.91 17.17 17.68 23.92 20.18 20.89 19.44 16.7 14.05 8.7 5.74 2.75 4.32 5.86 6.29 9.7 6.24 5.29 9.45 4.6 6.88 5.61 2.89 3.29 2.61 2.87 2.3 3.06 5.5 4.53 3.5
5.62 10.6 20.46 10.87 11.07 17.01 16.37 16.92 11.52 12.4 5.8 9.4 5.57 6.01 5.2 5.48 4.03 6.92 8.06 26.06 20.62 13.0 5.92 7.21 4.53 3.11 4.53 5.38 4.05 3.83 2.8 3.93 7.31 14.67 17.06 15.52 18.93 16.0 9.74 12.43 9.5 7.74 5.54 4.93 2.45 2.43 3.25 6.76 8.95 11.77 10.28 6.84 6.16 3.61 4.87 4.37 4.43 2.46 2.97 3.44 6.04 7.02 7.2 6.02
10.83 15.28 16.7 10.23 13.59 13.23 19.85 20.35 15.98 12.35 7.59 9.07 4.8 2.98 5.9 5.74 4.79 8.96 5.46 11.69 18.33 8.31 5.7 5.34 2.69 3.49 5.28 6.61 5.26 3.26 4.71 6.42 13.29 13.86 7.78 10.3 15.05 8.85 8.96 8.63 11.62 4.86 5.79 3.62 2.55 2.4 2.46 4.42 13.42 20.09 7.8 4.59 6.07 2.85 4.77 6.8 4.87 4.1 1.86 2.11 5.84 5.59 13.45 6.24
