9.92 3.41 4.45 5.21 5.02 3.69 4.78 6.55 6.63 9.04 7.31 7.09 7.09 9.22 6.25 7.15 3.93 7.15 10.1 3.51 4.54 9.69 9.04 4.73 5.43 3.97 11.06 12.37 5.99 12.02 14.52 8.88 10.23 4.98 7.39 5.91 10.67 4.77 8.17 8.69 6.71 13.9 8.37 6.11 8.58 1.73 5.1 6.06 3.44 6.64 10.17 17.38 9.74 11.12 4.42 6.08 8.36 7.95 11.37 12.74 7.82 7.52 4.98 5.82
4.72 4.53 4.12 3.22 2.81 4.83 5.82 7.74 7.68 8.44 7.08 5.36 5.53 11.16 11.4 3.56 4.67 8.15 10.97 3.47 3.62 6.65 4.99 4.75 4.32 5.57 5.62 11.03 6.01 9.84 8.13 9.05 5.83 8.84 4.26 12.68 19.16 7.46 14.09 12.67 9.03 8.83 5.12 6.72 6.0 3.33 4.12 7.82 5.35 7.14 14.37 17.38 15.95 11.26 8.95 7.98 12.76 5.72 17.14 24.73 21.01 7.08 5.02 6.09
4.92 3.45 2.91 2.81 2.17 6.83 7.63 11.96 13.99 7.34 8.49 5.01 8.22 7.95 8.02 4.79 7.6 7.22 11.93 10.96 8.53 5.93 6.49 4.6 7.49 6.2 8.67 12.33 9.47 8.17 9.33 7.64 5.27 4.99 8.03 13.2 14.75 8.2 15.35 14.28 10.82 8.18 3.28 8.4 2.85 4.94 10.23 7.5 4.47 6.24 10.53 8.66 13.6 6.94 5.97 6.66 11.17 7.74 23.0 23.13 24.48 16.47 6.44 10.54
6.5 8.05 3.76 2.2 2.82 8.74 8.56 11.62 6.77 5.64 8.09 9.48 8.59 11.59 8.65 4.71 10.82 16.23 12.33 11.78 2.65 6.67 4.17 3.99 3.12 4.84 5.65 8.13 4.98 3.5 7.16 10.22 7.77 5.59 7.44 7.3 7.69 10.55 10.33 9.05 7.04 4.73 4.27 5.77 3.37 6.99 7.45 5.91 6.32 7.03 5.48 7.86 24.16 9.5 7.5 14.24 9.74 14.64 12.01 10.38 12.82 11.49 12.59 18.99
7.99 9.06 10.78 3.74 5.84 8.93 6.47 7.39 6.78 3.96 4.88 6.37 6.92 10.91 9.72 6.19 12.5 24.07 29.15 20.53 6.43 3.4 3.15 4.01 4.81 4.87 8.57 6.55 5.43 3.29 9.34 7.36 9.09 6.0 3.2 4.95 6.22 16.01 15.61 18.19 8.49 3.92 2.58 2.13 4.79 8.93 9.33 7.8 10.49 6.38 4.63 9.28 23.12 13.44 9.01 7.03 6.51 15.95 12.02 15.23 14.57 19.28 17.6 26.15
7.6 18.32 12.34 7.88 10.65 9.13 6.58 7.26 7.92 8.46 6.54 9.7 3.86 5.04 4.17 6.0 12.52 12.16 10.47 14.44 7.99 6.76 5.6 2.82 4.29 4.58 7.32 6.72 5.37 5.18 11.09 12.15 8.56 5.29 4.85 5.49 2.99 7.4 11.56 10.23 6.78 4.81 4.78 6.08 6.7 4.66 8.89 20.76 10.95 7.69 7.5 6.91 17.41 8.74 6.12 4.43 6.62 8.79 12.12 11.19 13.46 11.9 25.18 13.28
5.64 4.54 9.27 4.8 5.58 7.13 9.83 9.4 22.06 5.92 3.89 5.19 2.87 3.61 4.82 8.14 10.55 13.7 13.24 9.25 10.95 6.58 4.78 3.19 5.3 4.01 4.99 8.03 6.49 7.55 13.86 7.49 6.28 4.72 7.72 4.45 6.93 8.03 11.35 18.84 9.76 8.09 11.92 13.49 10.24 8.64 13.53 7.07 8.56 8.45 4.57 9.89 7.26 5.08 6.45 5.22 9.25 20.66 15.94 19.73 13.3 23.55 14.58 15.01
6.92 7.48 4.59 5.48 6.73 5.17 10.47 9.11 18.13 12.56 9.08 5.42 6.06 4.93 5.89 10.47 9.44 10.74 11.86 11.02 14.54 18.97 6.7 6.51 5.22 5.21 10.54 17.43 4.56 8.64 14.39 7.79 9.03 5.99 4.62 5.92 6.27 9.58 16.87 12.45 9.4 10.91 16.05 20.31 15.15 10.31 7.71 3.69 4.13 2.96 10.28 6.06 5.55 4.02 5.2 5.4 4.57 7.05 15.96 20.05 40.46 26.49 11.76 16.4
8.94 3.82 5.58 7.59 5.79 7.08 7.69 9.66 10.01 12.1 13.21 9.33 16.41 7.67 6.93 13.95 7.24 12.61 20.66 9.07 13.58 22.16 13.99 8.01 9.38 8.71 10.97 7.93 5.46 4.75 5.72 7.36 17.05 16.15 6.41 5.61 7.03 14.6 9.55 7.38 6.2 9.53 7.97 14.93 10.71 8.16 5.67 4.42 1.98 3.88 3.77 4.04 4.79 4.49 4.96 8.24 9.17 10.93 10.32 12.88 11.25 24.31 17.43 11.7
7.15 4.93 3.13 4.5 15.8 10.84 7.49 10.59 4.87 15.34 15.17 12.04 9.47 9.14 7.88 10.32 10.1 29.86 15.01 14.82 16.28 24.31 21.3 8.45 21.85 16.36 9.63 7.1 4.5 6.93 5.62 8.01 17.22 12.06 7.4 5.27 5.62 11.61 11.5 9.78 9.99 12.61 10.88 21.86 12.91 5.55 7.5 5.05 2.31 3.58 8.96 6.59 5.94 5.44 5.85 7.0 5.68 8.01 13.35 7.5 7.44 11.04 14.37 11.65
8.13 5.24 3.6 5.75 14.11 9.06 8.15 8.6 8.74 9.47 20.56 20.01 9.71 14.04 9.45 8.59 28.13 18.62 16.74 10.88 8.8 14.21 10.28 16.46 17.7 15.84 10.51 8.38 9.38 5.05 3.54 9.19 9.41 13.07 12.4 10.75 6.58 8.7 7.35 8.28 8.47 8.48 10.19 15.4 7.43 5.28 9.23 5.8 3.64 11.6 18.82 15.21 7.99 8.72 12.26 9.78 8.49 12.36 8.15 5.92 7.82 9.07 9.87 11.59
10.9 4.61 6.17 5.96 9.16 17.52 7.96 5.17 3.84 9.06 24.07 19.25 12.42 10.91 9.29 10.65 9.99 14.97 13.8 12.13 15.14 15.47 13.66 12.74 13.32 13.83 15.23 9.33 11.09 4.16 4.74 6.79 15.91 21.54 17.28 9.78 8.0 12.66 10.08 5.88 8.16 8.6 10.69 13.56 6.57 5.54 9.3 4.1 10.59 13.09 13.81 7.23 7.59 12.59 10.16 9.5 19.04 12.33 11.3 7.86 17.28 5.02 7.18 22.1
10.32 13.02 9.08 4.0 9.21 16.01 11.88 7.64 6.55 7.1 27.01 20.3 15.51 22.71 13.75 12.56 7.99 9.7 9.52 14.02 15.38 25.07 11.33 13.06 12.26 9.98 13.83 11.14 14.35 7.96 10.82 7.19 16.87 11.92 12.37 7.63 5.89 5.74 4.95 3.93 4.42 10.95 10.17 8.42 6.58 8.33 7.31 11.0 6.12 9.26 10.65 7.74 10.36 8.4 7.37 12.78 9.85 9.75 4.7 8.72 7.25 6.03 8.44 13.69
8.51 10.08 13.22 5.61 10.59 5.25 7.82 4.73 4.9 7.37 12.27 21.3 25.64 20.65 14.82 12.84 6.96 6.66 13.12 9.24 10.91 14.58 13.84 13.46 15.01 9.32 10.43 14.89 11.7 9.63 16.81 12.92 8.08 8.79 8.31 9.65 8.6 5.68 4.76 3.96 3.24 3.22 8.06 7.38 5.26 4.78 13.19 4.96 9.29 8.39 9.76 5.99 9.46 9.03 9.38 8.58 5.23 8.74 5.78 5.28 8.47 7.05 13.85 14.34
8.4 8.56 12.25 12.94 10.46 7.39 8.73 7.58 6.51 7.32 11.52 16.03 14.88 22.67 6.3 5.88 6.3 9.13 15.14 6.01 5.89 9.45 9.94 7.11 14.16 8.09 10.63 19.65 12.6 12.04 7.02 6.3 4.98 9.57 7.09 9.49 6.55 6.46 4.51 4.51 2.12 3.17 4.26 4.93 9.98 17.56 12.62 7.11 8.3 19.83 9.62 7.97 5.44 10.27 10.93 8.18 14.37 10.66 4.47 7.51 5.06 6.04 14.15 17.15
11.3 8.2 13.96 9.14 6.53 6.37 7.71 4.87 7.08 15.22 10.37 10.59 7.57 9.41 5.72 6.71 6.3 9.63 14.22 5.84 11.96 9.05 3.98 3.86 4.35 3.74 7.09 13.4 16.47 13.18 4.85 7.0 7.91 8.55 7.21 9.15 12.48 7.27 8.69 3.37 6.25 4.96 8.21 6.74 7.5 13.64 11.4 5.93 9.02 15.43 6.18 10.4 10.73 17.53 14.93 13.12 18.28 9.55 7.71 5.17 4.5 4.23 8.18 13.37
9.47 9.93 13.42 16.5 8.36 6.23 3.52 4.69 7.48 17.32 16.23 8.33 7.78 5.44 4.51 3.93 5.66 13.07 11.82 8.71 8.54 5.18 3.29 4.77 3.68 4.72 6.32 9.84 7.23 11.49 4.78 7.08 8.51 6.35 7.74 11.33 10.0 10.04 9.33 4.57 4.45 8.36 9.29 12.21 7.64 11.3 7.38 4.5 4.43 7.43 6.67 7.88 7.15 10.21 15.11 17.24 10.8 9.94 9.56 7.31 7.99 6.9 9.31 7.31
4.74 8.83 5.46 5.63 3.6 2.41 2.99 5.64 8.7 24.67 25.15 8.83 6.82 3.17 2.58 1.68 4.74 6.94 12.67 9.99 4.46 4.3 4.05 4.05 3.01 4.82 5.4 5.57 12.08 7.08 12.1 12.72 24.57 6.53 8.62 8.97 4.79 6.0 4.8 3.44 4.15 6.57 8.21 10.19 6.75 7.26 6.16 5.37 4.2 3.41 3.46 6.08 9.26 5.23 10.06 7.65 9.67 7.27 8.19 5.39 8.99 7.71 7.26 3.9
5.27 5.34 3.86 3.57 2.61 3.27 4.9 7.38 6.96 10.94 8.36 7.92 7.02 4.15 2.18 3.21 7.77 12.33 8.2 7.14 6.39 10.31 6.9 6.81 5.35 4.9 3.98 5.29 11.11 14.18 6.21 6.35 10.58 6.15 10.91 6.28 3.82 6.0 4.04 2.39 3.14 7.65 10.02 14.0 8.39 5.4 6.64 5.64 2.78 2.91 2.13 6.09 4.42 7.16 12.18 7.8 9.65 9.96 3.76 4.11 9.27 7.86 4.92 5.15
4.38 4.4 6.06 1.74 3.79 2.2 8.32 9.91 9.92 9.29 8.88 6.72 4.31 3.94 4.03 4.64 10.85 14.46 8.35 6.72 8.18 9.27 9.59 9.07 6.88 7.8 7.57 7.6 9.86 14.12 6.27 3.44 3.91 4.23 9.73 5.38 3.67 6.84 6.78 3.22 5.59 7.38 10.36 8.63 6.86 4.04 5.95 5.12 7.75 6.08 5.33 3.16 4.84 8.52 6.34 6.52 12.45 7.0 3.33 5.59 7.84 11.07 7.21 7.68
9.08 10.22 4.79 4.65 2.3 2.58 4.99 8.23 7.99 10.79 6.22 5.37 6.23 6.66 3.04 7.95 10.48 7.84 11.04 6.73 8.75 8.02 13.45 17.24 6.59 5.72 5.74 5.36 5.99 9.57 4.13 4.97 5.92 7.87 12.13 9.11 5.34 7.11 6.38 6.14 9.44 12.66 10.93 15.16 11.51 5.49 5.35 5.14 6.78 12.03 5.66 4.25 5.79 12.22 11.77 16.89 10.25 6.81 4.37 4.44 8.98 7.15 19.7 7.05
14.62 14.27 9.0 2.92 5.33 5.03 5.19 13.47 10.25 10.64 6.57 2.54 6.31 3.58 4.15 7.06 6.38 9.06 8.02 8.69 5.94 4.98 9.18 6.93 7.69 4.1 4.52 7.32 8.49 5.65 5.88 3.89 4.42 4.94 4.99 6.73 9.56 5.63 5.7 4.82 7.45 11.03 15.17 14.73 14.5 9.11 4.06 4.15 7.83 5.97 7.92 8.16 3.73 9.17 8.86 6.01 11.59 6.5 3.57 4.86 9.17 8.89 11.31 6.37
10.32 18.83 7.18 3.99 2.33 3.83 8.16 8.18 13.42 16.29 6.5 2.52 4.55 3.69 6.83 5.76 6.51 7.18 8.66 3.71 1.96 5.18 4.91 5.84 4.01 2.39 2.44 6.38 4.2 6.43 6.29 4.46 3.74 4.75 3.94 4.32 11.25 11.15 5.37 4.67 4.66 3.14 11.19 11.37 10.54 15.23 4.07 3.62 3.71 5.84 8.77 6.07 7.2 5.9 5.82 4.74 11.64 6.86 3.41 8.24 19.78 12.58 11.0 5.73
6.25 5.55 8.64 5.09 5.49 8.88 9.27 13.65 11.0 13.8 7.59 3.22 5.08 3.28 5.52 4.71 12.8 12.66 8.24 4.61 5.59 4.49 5.88 11.24 5.0 2.88 3.01 3.99 5.97 5.33 5.26 5.07 4.98 2.97 3.69 6.31 13.59 7.46 6.23 6.21 3.14 2.51 4.39 10.77 8.5 18.09 6.6 6.21 5.52 4.38 5.11 3.94 2.53 3.22 5.76 5.92 12.78 8.84 7.05 9.69 17.33 20.95 10.98 11.08
3.71 5.3 4.4 8.62 8.58 12.18 17.98 11.27 7.82 8.72 4.92 6.74 4.88 4.77 2.92 4.2 11.85 12.48 7.78 8.28 4.53 5.66 4.61 7.38 3.14 3.0 2.9 3.87 7.23 4.67 6.39 9.89 8.31 3.44 7.52 5.93 5.34 6.44 5.38 11.62 5.64 3.53 5.78 7.66 7.13 10.94 8.8 8.32 5.75 10.92 6.44 7.24 5.87 5.52 5.36 6.02 7.91 6.71 6.22 7.4 12.2 19.69 14.22 10.37
3.81 3.81 8.3 14.46 8.26 8.34 12.83 6.24 5.15 5.88 8.17 4.64 5.56 4.76 3.87 7.84 9.28 11.13 9.53 9.18 11.32 7.2 4.4 9.84 3.55 2.56 2.09 3.38 7.33 5.7 3.89 4.38 7.18 12.64 9.46 8.59 5.53 5.67 9.58 10.97 10.7 6.21 3.97 5.8 8.13 9.02 7.68 4.49 12.74 11.34 6.91 6.84 7.27 11.41 5.99 7.16 5.56 8.04 7.34 7.48 20.16 35.93 11.61 8.21
3.51 6.92 11.59 16.57 10.03 11.68 12.11 5.49 6.07 8.03 7.63 9.15 4.73 5.27 3.23 2.54 5.28 8.61 4.42 6.3 14.27 8.21 8.5 6.23 3.59 4.35 3.43 2.78 5.83 5.65 3.46 5.37 13.9 8.22 11.86 9.99 2.22 5.68 7.17 9.71 7.64 3.96 4.18 5.03 9.96 9.0 5.43 8.56 14.81 4.07 5.31 3.39 4.43 5.73 7.61 5.95 5.73 6.51 6.24 9.94 22.04 9.82 10.04 5.0
4.63 4.36 9.5 10.66 7.42 8.44 12.43 9.32 8.32 4.72 6.91 7.29 10.4 7.75 6.35 4.25 3.6 4.2 4.79 10.72 18.21 11.16 6.7 9.22 3.68 3.02 7.24 6.69 6.48 5.28 4.24 10.29 10.89 5.31 16.75 5.83 4.3 5.68 6.24 5.49 5.2 6.46 4.2 6.55 12.87 6.11 6.5 6.41 8.64 6.7 2.49 2.11 2.43 5.43 6.97 5.0 7.56 14.24 12.32 15.17 12.14 7.75 4.57 8.45
4.62 9.17 7.88 8.15 9.2 6.21 8.14 6.71 11.06 7.42 8.09 9.38 17.11 16.92 12.04 5.44 3.71 3.58 4.96 9.36 16.86 10.36 7.42 11.81 7.51 7.24 10.99 7.02 6.64 6.91 11.33 8.07 5.72 10.91 14.87 9.47 7.27 5.29 3.58 3.69 8.27 9.98 8.78 6.35 11.03 13.71 10.82 8.61 17.51 6.7 4.59 3.49 2.44 1.97 5.84 6.68 9.96 9.33 8.9 16.81 13.06 7.65 6.71 13.47
4.89 7.11 5.6 6.76 5.73 3.98 5.59 10.24 10.13 14.14 13.26 10.71 29.9 13.46 6.65 9.18 7.47 6.55 9.92 7.04 4.61 6.19 9.01 6.24 7.87 6.02 8.32 8.24 8.38 12.14 15.67 11.15 7.29 16.48 11.41 10.67 6.82 4.32 3.94 5.49 5.66 9.11 5.17 7.39 12.21 16.09 7.93 15.95 22.44 8.84 4.91 8.24 4.54 8.68 7.87 10.58 21.03 12.52 12.3 14.24 12.51 10.19 9.36 6.54
10.78 13.6 14.4 10.24 7.72 5.8 3.83 11.81 14.27 18.67 12.71 21.92 15.78 6.0 5.53 7.67 6.99 8.25 9.18 6.32 5.24 6.67 5.09 4.28 6.44 3.85 8.31 13.25 10.39 10.45 15.96 7.98 4.44 9.55 11.29 9.02 3.39 2.52 3.71 8.41 14.17 15.57 19.59 11.02 19.73 10.8 5.12 12.72 15.99 9.08 7.87 10.66 7.42 16.58 13.62 11.07 11.65 13.83 14.03 12.08 10.57 10.08 7.47 2.06
11.3 18.7 19.14 7.93 10.01 6.04 6.64 16.0 21.31 27.14 13.3 15.13 8.93 4.77 6.93 7.79 9.52 6.66 3.5 4.34 3.0 4.06 3.06 6.14 5.65 9.9 10.2 12.68 10.59 5.97 5.4 9.5 3.29 3.61 4.46 3.43 3.91 5.04 2.92 4.52 10.47 10.35 18.97 22.3 16.78 8.53 9.13 10.21 8.74 11.21 10.24 12.86 12.71 14.92 7.53 8.96 11.46 15.98 13.38 14.36 8.48 9.15 3.28 1.91
11.08 28.07 13.68 8.04 5.97 4.67 11.27 22.61 32.55 24.88 7.28 7.23 5.93 6.14 7.68 4.37 4.47 3.4 5.21 4.62 3.98 3.5 5.16 10.53 7.52 5.66 8.47 9.04 9.13 5.1 7.25 6.71 4.1 3.35 4.16 3.11 3.66 3.2 4.31 6.74 7.79 9.82 18.6 22.0 17.47 10.92 8.17 5.26 4.27 6.93 11.1 10.69 20.26 11.25 8.69 7.15 10.37 14.05 13.03 9.75 11.42 9.52 4.46 2.39
10.12 14.63 14.17 10.25 9.45 17.85 28.98 21.98 33.1 14.69 8.01 9.71 4.12 4.67 5.1 5.78 3.49 6.52 4.4 2.76 3.66 2.64 5.01 12.5 7.8 14.4 8.94 6.65 8.74 4.96 5.42 4.38 5.49 3.41 3.68 4.0 2.96 3.09 3.23 8.04 8.71 12.55 10.49 10.02 8.75 7.35 6.59 4.97 6.97 8.62 7.24 10.46 13.85 16.01 13.31 10.47 12.83 7.69 4.41 6.45 3.48 7.37 5.25 5.55
9.37 13.5 14.82 6.93 6.24 13.54 37.08 18.32 23.52 11.33 13.49 8.36 4.75 4.04 6.92 4.44 6.0 10.16 6.67 4.89 3.8 4.55 9.4 8.45 12.92 12.15 8.61 6.94 9.03 7.16 4.64 5.9 4.29 3.18 3.77 5.6 5.41 4.61 6.34 16.44 18.31 6.19 6.46 3.47 4.94 3.91 3.68 3.48 6.88 8.38 20.83 12.82 17.45 16.6 9.8 16.86 14.67 8.97 6.65 4.32 3.56 4.05 6.8 5.05
8.78 10.87 25.65 22.07 13.27 29.36 11.75 19.36 16.17 9.3 13.87 10.79 5.79 5.54 5.01 5.69 3.96 7.2 4.79 3.93 12.54 5.64 12.27 10.12 10.76 13.77 7.74 9.94 9.71 4.19 2.8 6.85 2.95 5.41 5.42 9.19 4.8 4.38 4.27 13.7 12.68 6.99 7.45 2.1 4.55 11.73 8.11 2.95 3.32 7.22 7.04 16.08 12.81 22.63 24.77 17.69 12.21 9.12 7.55 4.31 2.67 2.35 3.24 3.95
4.61 7.73 12.41 12.83 27.09 21.85 18.33 17.38 4.6 10.44 8.34 10.57 12.35 6.89 8.21 4.22 5.91 8.2 4.92 5.21 4.07 3.61 10.24 5.38 8.54 7.66 7.73 10.07 7.37 6.18 5.84 3.46 3.11 4.41 8.63 7.41 9.47 5.2 5.31 8.05 11.35 6.1 6.76 2.74 5.27 14.53 5.6 6.34 6.96 7.26 6.47 17.39 20.14 23.45 19.67 31.1 22.84 8.31 4.4 2.51 4.78 1.64 2.2 5.23
11.28 5.4 5.99 14.58 22.14 42.87 23.38 18.64 6.45 10.28 6.25 14.91 21.54 14.59 19.06 8.48 6.32 3.71 6.96 7.2 3.52 5.69 3.8 5.98 7.62 9.55 9.73 8.77 3.63 3.97 3.38 3.85 3.57 6.64 6.34 6.21 13.63 6.04 6.37 6.7 4.84 7.25 8.1 5.48 13.47 12.78 6.92 7.84 8.49 12.73 7.79 18.0 14.24 16.95 14.59 16.04 21.66 6.31 5.59 4.83 2.69 3.08 3.51 7.98
3.95 5.92 5.39 9.48 15.66 30.06 25.67 14.09 20.67 15.6 13.26 14.14 16.22 11.25 21.91 9.72 5.67 4.73 7.68 5.17 3.33 3.38 5.38 5.24 4.48 9.69 14.45 5.89 4.9 3.7 7.21 5.69 6.62 6.58 8.32 11.33 5.1 6.35 9.42 5.59 4.12 4.69 5.15 9.37 8.77 19.94 11.07 5.91 6.42 6.37 17.09 10.89 11.62 10.78 7.41 12.96 9.41 3.9 11.21 6.14 5.68 3.92 2.85 4.66
3.74 3.41 8.42 13.9 15.79 27.41 14.59 12.6 16.9 16.64 10.47 10.32 8.58 12.26 17.16 12.14 6.23 7.92 8.01 6.78 3.59 7.1 4.33 4.87 4.88 9.5 10.31 6.54 3.26 4.15 9.51 12.31 5.67 8.76 12.41 7.55 8.12 7.39 10.08 8.53 7.1 11.25 17.57 14.43 13.27 10.83 5.57 5.16 4.95 6.73 8.98 11.8 13.44 12.36 7.36 9.81 6.01 5.99 7.88 5.6 6.21 5.58 2.95 4.42
6.4 6.79 8.0 10.03 13.59 13.96 20.06 6.16 11.9 18.69 5.13 4.54 7.74 8.94 12.5 8.86 6.11 6.24 7.4 6.01 5.85 5.58 5.07 6.89 7.48 14.67 10.87 8.03 3.42 2.95 7.25 10.09 9.23 12.65 13.63 8.84 3.5 4.09 7.6 6.09 10.18 6.46 8.63 15.09 14.21 6.46 5.18 4.47 3.54 6.01 9.51 5.78 8.2 7.45 3.67 6.93 8.25 5.53 3.69 5.8 4.35 4.56 4.09 5.94
3.02 6.88 6.78 11.89 5.44 14.21 8.05 5.85 9.41 12.7 7.43 5.5 4.34 8.45 9.9 7.8 9.5 4.65 6.65 8.48 6.1 5.62 4.71 5.57 7.65 9.12 11.39 6.26 3.01 4.05 7.91 9.92 9.41 24.0 15.18 10.34 5.69 3.85 4.2 5.37 5.61 5.71 7.19 11.89 9.64 7.14 4.56 5.09 2.75 5.0 8.26 4.18 10.29 7.75 6.01 5.72 8.21 5.24 7.09 9.94 4.44 4.35 5.19 2.37
3.43 7.02 8.28 7.19 6.17 13.08 12.51 11.89 14.42 8.05 21.16 12.85 6.13 7.7 6.08 6.76 9.67 6.29 10.2 11.43 10.8 4.28 5.76 6.43 10.09 18.5 12.03 6.06 6.99 6.92 12.45 12.88 12.79 11.08 8.51 6.98 4.75 3.02 4.65 7.98 5.78 4.14 5.84 7.66 5.99 3.45 3.89 4.89 3.98 6.05 4.24 4.4 3.73 6.21 6.36 4.03 5.57 2.34 5.82 7.94 4.8 5.11 2.9 4.21
4.62 5.87 8.23 4.65 5.47 10.28 10.35 13.68 20.18 17.73 28.88 7.47 7.09 11.96 8.88 8.49 5.94 4.28 3.06 7.75 6.5 4.76 7.56 9.44 13.23 13.56 4.93 4.08 6.21 6.12 14.72 20.32 11.63 5.91 5.46 6.17 6.99 4.45 3.19 4.99 5.0 2.51 5.33 3.93 3.42 2.44 4.46 4.93 4.51 5.43 6.55 5.38 6.09 4.79 5.89 6.06 8.08 5.77 5.83 5.59 4.61 3.09 3.63 7.83
5.9 5.73 5.92 3.48 5.43 14.28 12.66 15.24 16.89 24.66 18.29 6.92 4.99 4.2 13.53 5.2 5.64 6.37 6.57 9.18 8.29 9.47 13.05 13.63 11.2 4.99 3.95 6.81 7.09 7.78 12.87 8.98 9.17 9.35 6.82 6.12 9.92 4.24 2.51 5.8 4.87 5.38 6.58 4.38 5.32 6.6 2.17 2.32 3.58 6.89 4.16 5.96 4.37 2.76 4.72 7.6 11.64 15.7 9.4 4.94 4.19 2.91 3.18 5.77
7.22 4.85 6.15 11.21 8.87 15.8 9.46 13.69 10.8 18.31 13.34 8.22 5.49 8.07 8.5 6.36 6.69 10.36 7.8 10.0 9.37 16.9 16.59 9.14 4.47 3.4 7.86 6.96 6.21 11.23 11.26 9.33 13.41 9.53 9.16 5.62 7.92 3.49 3.13 5.3 3.73 8.95 5.61 6.42 8.29 4.19 4.3 3.25 3.45 5.71 3.88 5.82 4.77 4.34 6.72 7.47 6.79 8.11 6.07 4.02 2.45 4.07 4.27 6.45
3.62 2.14 6.54 13.83 18.23 13.37 13.59 7.9 7.3 12.92 9.7 7.02 7.93 10.23 16.23 10.75 19.01 11.25 12.39 22.16 11.65 28.35 17.22 8.49 3.89 6.51 7.06 13.11 12.53 9.56 8.3 13.66 8.1 12.31 8.96 9.01 14.19 11.55 9.59 11.03 7.09 4.62 4.99 9.25 8.37 7.34 5.74 6.81 9.83 9.43 6.94 5.22 5.94 6.83 4.87 11.35 7.93 9.75 11.81 6.93 7.25 9.84 5.08 6.75
4.88 4.75 5.61 16.03 15.52 18.16 13.27 7.16 17.8 18.53 14.42 9.81 11.35 13.09 9.39 10.16 12.88 14.45 20.47 20.68 24.51 24.1 11.95 9.65 11.47 16.45 12.28 5.6 12.57 17.55 14.13 18.15 9.61 8.97 5.6 9.88 9.36 9.81 15.63 12.04 9.47 12.29 8.47 7.95 16.82 10.83 9.11 7.59 10.8 11.65 13.4 5.75 14.85 5.45 5.28 7.76 10.69 9.37 8.81 7.9 12.19 7.23 4.65 8.97
6.81 6.06 9.48 10.05 8.86 16.39 21.68 12.11 16.35 14.57 12.11 9.67 14.86 12.52 10.65 13.65 9.86 30.77 12.24 16.05 14.48 8.32 6.12 6.57 14.07 12.26 9.27 7.14 11.12 9.8 16.22 7.17 3.99 4.55 5.62 11.2 6.52 12.5 30.86 10.28 8.22 9.14 8.62 16.2 15.77 9.75 4.69 9.84 11.49 13.5 13.97 6.23 12.71 11.92 10.49 21.9 12.5 8.96 7.75 10.11 9.5 10.48 6.24 7.68
7.33 8.98 7.71 11.45 11.08 13.28 19.53 12.04 16.36 12.55 15.72 11.31 13.72 13.26 7.3 9.31 17.35 13.25 9.04 14.36 17.88 10.97 6.41 4.05 8.0 8.89 14.38 7.8 8.24 12.05 19.92 5.53 3.67 2.97 8.7 14.19 7.32 14.65 24.82 11.09 7.18 11.57 18.43 11.01 19.8 6.46 7.07 13.39 9.21 13.01 17.45 7.35 9.21 5.23 8.34 12.73 10.84 7.86 4.68 7.82 7.14 14.85 18.09 13.83
6.63 8.81 9.91 9.33 20.62 14.95 8.93 16.52 9.81 21.01 14.45 7.3 17.97 17.75 6.96 9.29 31.65 15.69 9.82 11.99 13.88 12.15 10.19 2.53 4.11 7.29 9.89 11.72 10.3 9.15 13.95 9.42 4.72 10.9 8.81 23.17 10.74 13.03 7.18 4.78 4.64 7.82 8.59 9.08 9.49 10.87 9.68 13.87 11.92 8.56 8.84 9.33 8.2 9.07 7.6 7.37 7.33 6.45 6.5 4.7 5.72 11.87 8.89 21.05
6.36 10.5 16.41 14.53 13.94 16.84 8.61 7.96 14.84 15.01 8.58 5.6 6.5 13.19 5.74 7.38 19.02 17.62 17.84 17.97 13.18 7.97 6.42 2.68 5.21 8.53 8.17 19.36 16.57 12.43 13.89 9.45 4.9 5.95 15.26 13.22 21.53 14.0 6.26 7.09 7.37 4.54 9.31 4.04 8.76 9.43 7.48 7.2 7.73 12.0 6.6 13.67 8.31 7.88 9.57 4.1 3.1 5.98 7.4 9.12 10.66 8.75 14.97 23.58
5.87 10.37 15.5 7.19 12.26 13.46 9.61 17.9 14.2 16.31 16.96 14.38 7.89 10.72 6.4 11.72 14.2 13.1 7.57 12.56 8.38 4.61 5.15 4.95 3.68 10.35 14.29 19.21 13.46 18.47 9.97 7.12 3.86 5.92 5.59 9.03 11.0 7.1 8.78 2.56 2.8 4.4 2.75 4.68 7.86 7.53 10.54 4.96 8.11 7.71 6.49 13.39 8.79 20.32 7.07 5.07 4.56 7.44 9.62 10.74 9.82 11.29 11.88 16.29
12.99 12.76 7.9 5.82 5.15 6.88 6.32 8.95 18.56 17.78 23.11 14.09 10.26 6.4 9.24 9.98 13.76 11.96 10.63 9.07 5.33 3.41 4.92 3.24 5.69 7.6 10.97 11.99 11.58 15.98 13.99 5.69 4.81 3.44 6.12 7.84 4.92 5.07 3.22 2.54 4.67 4.72 4.35 7.91 6.8 5.4 4.85 7.36 12.01 5.42 4.73 5.88 13.46 10.72 10.93 10.64 9.36 8.77 21.61 15.71 15.32 7.07 5.61 5.02
11.64 12.89 10.92 8.08 5.35 6.51 5.43 10.97 14.57 20.23 20.44 16.08 15.87 8.03 8.23 14.65 10.87 10.17 8.08 7.87 5.94 6.18 2.08 3.05 10.81 9.34 13.77 7.18 7.43 19.98 13.34 6.19 5.7 7.69 2.64 4.91 6.25 3.43 2.65 3.49 5.08 15.82 10.42 15.27 9.08 5.33 5.24 8.97 13.15 8.78 7.67 5.45 7.09 7.47 13.79 15.41 10.62 12.29 11.16 15.47 11.09 14.98 9.07 6.15
10.45 9.0 15.23 11.61 5.58 3.5 10.8 8.21 17.14 15.43 14.39 18.6 26.46 15.62 13.83 12.59 11.03 5.84 5.99 8.15 10.82 17.57 6.26 3.84 5.57 6.95 14.22 5.61 7.27 14.41 10.16 8.31 7.75 11.56 6.65 8.2 7.19 5.08 9.32 5.74 6.77 10.52 12.43 10.21 6.78 6.45 12.61 9.08 8.48 6.96 9.44 6.26 7.56 5.97 8.51 9.28 8.33 16.24 14.12 18.38 13.58 11.51 5.45 6.73
8.23 8.94 11.55 13.73 7.61 9.55 7.81 16.47 20.24 16.77 8.97 15.14 9.87 11.64 8.15 17.99 12.41 6.49 6.74 6.83 20.34 21.0 22.85 15.57 7.77 7.11 5.35 4.96 9.51 13.2 8.52 12.1 7.17 5.81 3.51 13.03 5.39 5.62 10.21 5.66 12.32 9.83 6.84 4.92 5.31 9.11 10.2 5.95 5.31 12.02 5.6 4.5 4.21 5.39 8.27 11.21 8.57 12.94 21.26 14.74 18.19 5.45 5.3 7.12
14.35 14.43 5.87 4.83 8.64 8.75 7.45 18.07 11.94 15.76 12.92 10.68 8.56 17.09 10.47 13.05 19.9 8.84 9.32 9.19 15.15 19.86 34.19 11.65 9.0 4.37 5.78 5.21 7.98 11.28 25.81 20.34 9.78 3.22 3.83 6.45 5.24 9.54 15.32 8.93 18.9 8.12 6.25 3.7 4.8 7.59 5.0 5.29 3.34 15.26 7.41 5.59 7.67 5.5 8.53 13.29 7.73 9.78 16.64 13.32 13.06 7.68 6.01 7.33
11.72 22.79 10.14 12.07 12.76 9.33 6.66 11.57 7.69 9.77 16.85 9.88 15.05 25.58 19.18 20.59 25.52 13.22 8.25 14.82 17.85 24.57 34.3 17.23 6.76 4.9 4.01 5.54 4.8 11.21 9.16 13.29 10.88 3.82 8.58 8.66 7.96 7.83 13.27 19.53 15.21 16.42 9.46 4.34 10.41 10.83 6.73 4.67 4.39 5.51 4.93 8.06 9.65 5.92 11.4 7.52 9.0 16.09 16.73 18.47 21.65 9.5 5.54 17.72
4.69 11.33 14.37 9.97 15.35 12.26 15.01 10.89 15.55 9.04 17.72 10.49 10.42 14.14 14.15 10.23 29.3 12.78 12.67 14.95 18.46 27.08 26.94 15.32 6.65 4.75 4.73 5.07 6.12 14.01 20.12 18.17 8.54 5.29 7.86 9.49 7.52 5.79 9.17 16.88 15.65 31.86 14.69 5.74 14.12 11.57 9.33 9.77 5.19 2.65 5.62 5.95 7.76 6.3 14.21 12.37 10.32 10.97 5.13 16.36 21.11 11.29 10.92 20.98
6.03 10.0 17.63 17.23 13.44 14.02 10.21 14.86 14.43 9.51 5.84 7.57 10.18 14.75 7.46 10.76 10.27 24.84 19.45 25.03 21.73 23.77 22.72 14.32 7.74 5.89 5.46 7.01 6.45 8.83 18.84 21.47 10.92 7.39 10.66 6.4 10.5 13.0 18.74 18.41 20.41 28.71 11.6 16.9 12.27 11.06 8.65 3.36 3.27 3.76 3.09 6.72 5.6 7.51 9.83 7.62 9.86 4.43 4.96 4.41 7.37 11.97 7.48 22.09
5.11 11.81 9.29 10.39 8.57 8.4 6.38 7.85 14.4 12.01 5.5 3.17 4.64 4.47 4.85 7.76 11.31 11.55 21.44 28.51 30.02 30.88 18.75 10.13 10.48 5.85 7.17 12.47 5.69 13.82 11.12 8.4 5.38 4.49 4.54 6.59 13.23 11.58 13.41 14.16 17.97 12.98 8.56 8.43 7.14 9.18 2.44 5.33 4.37 3.8 3.61 4.36 7.06 4.59 3.71 4.8 4.55 4.98 4.65 7.03 6.39 3.88 6.04 17.52
5.82 7.62 4.95 7.53 3.39 2.48 1.85 4.47 5.16 6.25 4.75 4.01 4.97 1.7 2.75 8.27 5.85 8.17 20.2 17.18 20.79 21.62 12.16 12.44 14.57 6.47 5.04 4.51 5.39 10.95 18.36 11.34 4.23 5.73 4.39 7.44 8.71 9.88 7.54 9.77 14.12 18.11 5.81 9.0 8.14 6.78 4.52 4.03 4.79 2.39 6.03 7.05 17.15 10.44 9.97 7.66 8.56 4.27 8.83 11.15 6.61 5.05 11.63 10.17
6.47 7.28 7.94 6.0 3.15 2.29 2.31 3.65 6.2 5.48 6.36 5.89 4.01 1.48 6.3 11.44 8.47 19.92 14.37 16.21 11.28 9.86 9.44 18.5 22.77 11.67 11.17 5.62 3.85 5.71 10.72 5.85 5.84 2.86 4.01 6.95 7.59 9.9 6.64 11.64 18.66 7.94 4.66 6.19 7.75 10.56 7.5 5.83 4.42 5.22 5.28 6.0 10.42 11.82 10.37 9.78 6.99 10.0 8.28 10.64 10.83 8.71 14.94 15.73
