11.55 6.48 6.83 7.59 4.02 2.5 3.8 4.55 3.96 10.23 13.55 10.21 16.29 7.79 15.06 12.19 11.44 10.57 12.16 16.1 16.93 6.77 8.52 14.43 17.74 17.4 6.54 10.85 6.67 5.18 9.41 5.88 7.32 3.43 3.8 8.8 8.95 4.03 8.07 13.07 13.8 11.88 13.88 6.94 4.43 5.94 4.6 9.56 5.63 3.21 4.86 8.42 6.19 5.22 6.14 7.64 5.08 7.73 13.68 6.5 12.33 7.17 3.17 9.3
7.21 4.97 4.42 8.67 2.49 1.76 4.23 2.56 8.08 10.63 11.76 28.03 13.87 9.28 5.33 6.55 7.16 8.8 6.31 12.87 20.74 10.45 8.71 13.73 23.29 15.01 7.11 6.69 5.08 3.24 7.84 8.49 6.23 6.07 6.86 6.39 10.29 9.78 8.34 9.86 22.83 10.31 10.29 15.41 10.06 5.53 8.64 4.58 4.99 6.82 4.93 7.26 8.86 7.44 4.39 5.7 6.75 4.88 5.55 4.92 6.49 7.7 6.43 12.64
7.2 11.14 7.02 6.02 2.74 3.5 2.6 2.13 5.55 9.6 10.01 12.05 9.28 11.8 10.78 5.8 6.01 4.99 5.71 13.32 18.44 14.56 22.52 25.91 30.05 27.48 16.64 15.2 7.01 5.41 12.44 9.16 10.15 5.2 5.66 4.15 5.47 8.4 5.6 6.8 8.95 10.12 5.97 5.89 8.19 4.86 4.78 8.03 7.72 6.53 8.92 10.19 6.91 14.98 12.0 7.7 7.14 2.56 5.91 6.26 8.76 7.7 6.31 9.72
4.78 9.68 7.98 6.7 3.75 2.88 6.24 7.35 10.64 9.62 9.99 16.49 11.48 13.31 10.06 6.53 6.71 2.97 4.75 9.93 12.74 21.69 22.41 26.23 41.7 35.34 15.94 11.62 4.06 7.54 14.85 10.8 11.47 5.33 5.11 6.47 5.8 11.16 9.42 11.38 8.05 7.96 12.21 6.52 5.2 2.95 2.23 5.28 6.46 5.87 8.36 7.51 9.84 13.56 9.35 7.35 5.2 3.15 6.35 3.34 3.51 3.88 5.67 11.7
5.78 7.85 4.78 7.82 4.26 3.56 5.7 5.12 6.81 9.05 7.76 6.33 9.53 10.16 8.5 7.74 6.04 3.28 2.38 9.29 8.98 6.11 16.28 24.22 23.64 32.06 44.29 9.46 3.7 5.22 9.13 6.18 11.35 5.28 6.73 8.33 6.62 11.92 13.21 13.99 8.55 13.29 9.13 7.41 7.79 4.82 2.14 4.75 9.49 5.49 3.01 4.51 9.37 9.58 12.35 13.28 7.99 4.97 7.07 7.43 6.2 4.66 7.14 5.63
18.71 10.78 6.29 11.85 4.74 1.9 3.24 6.65 7.27 5.75 8.92 10.91 7.7 10.5 6.26 3.72 6.64 5.54 7.5 7.63 10.42 7.99 9.78 8.38 12.57 34.7 25.41 15.67 7.02 4.45 4.98 7.41 5.16 7.94 7.58 7.79 7.35 4.88 6.81 5.0 7.5 7.88 7.29 7.49 5.74 8.81 4.21 5.69 5.91 4.0 4.88 6.4 11.75 12.63 11.7 11.48 8.37 12.4 9.76 6.43 6.65 3.7 8.44 5.7
7.64 7.03 11.88 15.18 7.44 3.97 4.63 3.54 7.66 5.92 7.66 8.91 6.25 7.18 8.11 6.35 7.7 8.84 9.22 12.2 8.43 7.86 5.67 7.01 6.14 7.48 17.5 9.45 4.9 4.54 4.13 5.93 7.26 9.06 13.58 15.3 9.53 5.77 2.9 2.87 5.83 8.17 8.76 3.98 4.61 6.98 5.17 4.32 7.38 4.64 8.29 5.3 5.29 9.16 6.51 9.1 8.05 9.11 8.89 8.15 4.32 5.54 4.88 3.68
7.88 4.66 4.85 4.59 4.53 4.33 7.24 6.15 5.8 9.18 7.48 4.27 3.5 7.05 13.27 5.57 4.84 3.28 18.62 10.28 6.39 12.68 8.11 5.39 4.96 5.82 11.48 8.34 6.81 3.41 1.99 6.94 7.59 8.16 17.03 19.64 14.88 8.08 5.11 2.8 2.36 5.28 7.42 5.66 4.45 5.93 4.4 3.79 4.01 3.5 3.51 6.17 11.09 8.63 10.73 7.88 9.22 9.84 6.76 7.95 6.11 5.75 7.94 3.0
4.94 4.53 8.69 5.22 3.41 6.19 14.39 10.95 7.47 7.52 18.98 7.58 5.73 16.6 12.51 11.23 10.89 5.6 7.84 7.81 5.35 8.61 4.42 2.93 3.38 2.7 4.75 3.85 5.7 8.18 3.36 4.08 6.08 6.13 10.77 19.89 11.66 5.68 6.1 4.1 3.17 3.15 7.66 7.62 5.95 7.52 4.4 2.15 2.39 2.83 2.69 4.32 7.04 5.63 14.7 17.94 13.09 17.66 9.2 8.02 3.52 4.43 8.22 4.56
6.8 8.98 4.52 2.69 2.24 4.17 7.91 9.31 6.7 11.67 8.25 5.76 10.34 8.86 15.58 8.62 10.8 18.72 12.83 5.58 3.91 7.3 4.92 3.35 2.72 1.9 5.66 4.51 3.51 8.5 10.13 7.41 10.37 4.61 7.35 17.57 8.78 3.93 5.78 3.93 5.02 3.56 5.82 7.42 6.35 8.18 2.41 1.59 2.33 2.17 4.26 5.29 11.01 11.42 13.55 20.94 12.71 14.66 11.51 9.56 3.84 4.84 12.01 4.28
10.61 8.54 11.45 7.37 6.7 11.1 10.42 9.66 6.48 6.86 10.58 4.27 5.43 14.31 9.75 14.17 20.11 21.33 28.83 9.61 5.79 4.34 2.45 2.09 2.29 4.26 3.94 2.4 3.44 7.53 10.19 21.24 12.82 21.26 20.66 16.38 15.29 4.83 5.22 6.22 6.65 5.82 10.33 8.36 9.08 7.61 6.32 2.66 2.37 4.17 4.58 6.26 3.52 6.31 17.62 9.44 13.21 12.24 7.89 3.93 3.15 3.62 5.71 3.71
6.15 6.08 11.09 11.25 11.38 10.71 5.26 6.58 10.62 8.08 11.95 6.81 4.52 7.36 8.09 7.71 15.74 17.67 17.12 21.88 5.67 4.15 4.59 4.01 2.64 5.1 4.15 5.58 6.7 6.89 13.1 18.11 25.72 19.76 15.64 15.8 9.42 5.75 6.39 3.51 4.63 7.43 6.06 4.38 4.87 3.39 2.47 2.95 3.46 1.84 6.65 10.79 4.77 7.58 9.44 11.9 12.16 8.89 8.33 3.81 3.38 4.51 7.04 5.74
3.73 2.69 5.06 7.71 8.85 10.37 4.87 4.02 8.15 5.53 9.73 10.13 8.67 9.15 9.82 12.82 13.42 21.61 43.74 25.1 24.1 8.06 5.57 5.6 3.43 3.99 9.12 6.16 3.87 9.99 11.71 13.41 9.86 13.06 12.05 16.49 6.35 1.67 2.46 5.97 5.28 5.67 7.78 10.51 10.09 6.22 6.56 3.63 5.19 5.25 4.37 9.46 7.59 6.24 4.84 4.48 8.69 6.74 7.88 6.74 5.3 8.99 3.12 2.5
4.68 4.75 7.27 10.59 7.96 6.66 6.66 7.23 10.04 8.97 16.0 14.45 17.59 10.91 8.47 12.13 12.49 23.11 31.31 31.85 12.26 9.17 6.55 5.65 2.54 3.58 7.78 6.59 6.74 10.58 10.57 12.75 10.55 5.41 9.46 7.38 7.66 5.98 3.82 4.25 6.55 8.56 10.37 13.25 18.72 21.18 7.88 2.94 3.66 11.22 7.83 7.74 6.27 4.05 2.84 3.77 3.73 2.75 5.34 4.38 3.31 3.66 3.03 3.82
10.46 6.3 9.26 16.72 9.71 13.25 6.87 3.93 6.06 5.52 8.45 8.74 10.29 10.71 6.62 7.74 5.18 6.93 16.88 12.64 10.82 10.09 11.22 5.91 2.63 4.39 3.55 4.57 6.24 6.48 14.84 8.73 10.27 6.75 7.12 6.42 4.08 2.63 4.34 4.94 6.72 7.41 5.98 10.76 13.23 10.75 6.06 2.62 2.55 2.75 4.93 12.4 5.5 4.29 2.87 3.83 7.04 6.07 5.14 5.38 4.54 5.5 2.45 2.72
9.23 5.32 7.92 8.03 10.12 10.24 10.42 2.98 5.1 8.25 5.85 5.38 9.64 11.92 7.16 5.39 7.97 12.83 13.06 26.07 19.11 11.17 16.42 6.88 6.48 5.59 3.61 4.81 4.64 4.3 4.3 7.64 13.3 5.24 3.47 4.86 2.44 3.61 5.63 5.59 6.88 12.5 13.23 6.59 10.28 8.4 6.73 2.72 3.48 3.74 5.76 8.11 8.79 8.02 3.0 9.72 5.88 3.89 7.29 4.62 7.08 7.18 2.78 4.4
13.67 9.27 8.65 16.11 10.02 24.55 7.4 4.26 6.88 6.39 6.81 7.01 8.59 8.65 5.37 7.88 9.32 5.38 8.19 10.11 18.36 14.45 14.49 11.57 10.71 14.07 5.9 3.26 3.79 5.16 8.54 5.06 6.13 5.84 6.32 7.07 6.11 2.04 3.8 10.14 10.57 11.5 9.5 5.84 5.87 4.46 3.04 4.24 4.7 4.9 2.91 4.74 7.9 8.14 3.89 5.01 9.23 5.3 9.85 5.06 3.1 7.86 4.38 2.16
11.95 8.02 7.75 7.32 17.15 11.53 6.11 5.08 4.91 6.08 5.6 3.96 9.02 15.37 10.39 5.21 4.49 7.12 4.25 4.71 11.73 8.03 13.36 8.98 7.73 8.54 9.99 5.12 4.48 2.54 5.81 7.1 3.12 3.08 3.95 5.99 2.84 2.19 2.91 12.39 21.02 11.65 16.36 8.38 4.38 3.59 2.78 5.96 6.1 4.23 10.25 7.03 8.29 8.55 4.61 6.07 5.13 6.58 14.19 14.5 7.59 4.59 4.3 5.98
13.14 12.22 7.81 11.82 14.99 12.68 2.95 3.74 8.04 5.36 2.66 7.48 3.94 4.83 23.75 10.35 4.15 4.61 2.79 2.8 10.25 11.25 10.57 18.83 10.67 9.16 11.74 11.76 10.92 10.13 9.27 8.29 5.22 3.13 4.29 4.7 3.42 2.85 2.58 3.75 10.29 10.94 19.15 11.11 3.63 4.52 6.96 6.73 5.91 7.02 9.82 7.15 8.19 6.96 5.68 10.67 6.41 8.09 21.1 23.81 18.36 17.34 8.68 3.6
11.98 6.34 9.29 17.01 16.27 10.28 3.52 5.88 7.28 5.45 4.37 6.89 6.57 11.79 15.89 7.42 8.58 6.13 5.34 4.48 7.48 12.41 11.78 6.88 5.03 8.46 13.1 19.41 14.2 19.78 11.72 5.26 3.85 3.0 4.06 3.33 3.24 3.94 7.02 6.29 6.4 6.31 7.54 6.27 3.56 6.1 5.6 8.17 7.8 5.85 10.59 10.88 8.2 6.03 4.97 5.68 7.17 5.66 17.2 21.59 17.83 11.98 8.73 4.7
7.79 8.6 9.15 13.34 24.63 13.11 6.67 5.84 9.19 5.03 7.68 6.14 5.94 8.9 8.27 6.25 5.61 3.95 6.19 6.77 7.07 14.86 8.38 11.16 7.92 8.95 7.38 4.29 7.01 13.13 11.97 9.3 5.01 3.23 2.38 4.1 3.81 6.63 5.2 5.02 8.06 6.89 6.87 3.62 4.39 6.67 5.12 8.3 7.57 5.11 8.83 5.6 13.93 7.85 3.83 10.96 9.65 10.06 17.94 23.4 12.96 12.72 12.54 10.74
7.25 8.57 15.26 13.0 16.54 7.06 8.17 22.7 10.65 11.78 4.36 9.4 10.27 5.32 12.57 6.63 4.64 4.89 8.65 10.41 14.49 12.61 10.07 10.3 12.1 6.84 9.85 5.88 6.21 16.34 11.29 9.93 7.03 2.32 1.12 3.02 5.23 6.37 4.76 5.2 8.88 6.23 4.71 4.5 4.73 5.59 4.15 8.32 6.38 4.45 5.33 3.8 7.79 5.62 4.18 7.03 11.13 14.49 9.65 8.71 10.85 6.73 7.16 11.23
15.89 10.72 11.65 10.71 14.16 17.83 11.53 7.21 13.89 12.67 21.21 15.0 14.8 13.73 15.62 12.89 10.0 7.56 11.22 9.2 7.56 12.19 10.51 7.1 8.82 8.78 6.3 4.56 8.17 7.8 14.69 20.34 8.62 3.22 2.03 2.51 4.99 6.1 3.93 4.84 5.54 6.4 5.83 3.93 3.63 11.65 10.19 5.01 5.35 3.76 3.1 3.97 5.23 2.3 4.02 10.07 13.66 12.24 7.38 9.19 7.37 4.38 10.58 9.08
16.34 20.03 31.98 13.5 12.5 20.69 19.62 19.42 17.37 14.8 17.71 9.8 7.2 8.44 7.74 13.13 10.47 11.12 12.4 8.79 10.35 7.37 6.2 6.04 6.73 5.02 3.94 3.39 6.89 19.73 13.68 11.98 9.37 5.69 7.45 5.26 5.85 6.72 3.16 3.7 3.92 3.95 9.05 4.88 5.98 12.39 7.39 6.64 8.25 2.18 4.15 4.37 3.44 5.55 4.31 8.66 7.85 14.5 14.91 5.3 6.53 13.82 11.85 8.26
7.7 16.58 15.98 7.06 11.37 15.88 8.62 11.48 29.04 36.9 38.62 13.44 8.8 10.28 10.55 10.03 9.83 14.71 23.71 8.3 15.13 13.07 6.73 6.83 9.36 6.04 5.81 3.64 3.57 6.41 7.5 10.72 5.03 5.35 5.23 5.38 6.29 4.16 2.91 4.17 3.54 3.52 7.84 3.41 2.82 8.87 10.82 3.65 3.56 5.15 3.08 3.5 8.82 6.31 11.85 11.13 5.96 10.03 21.01 4.85 5.47 12.48 8.53 5.24
4.87 6.63 10.55 12.11 11.48 22.21 8.99 16.85 45.07 22.35 28.92 13.63 11.12 12.27 10.82 11.88 18.55 12.29 18.15 20.73 16.62 19.67 8.52 8.51 6.72 3.37 3.37 4.39 6.16 11.15 6.05 6.93 5.05 6.61 7.31 4.35 8.0 7.17 6.08 7.22 8.24 7.68 4.49 2.43 3.25 6.36 17.62 4.38 3.02 5.67 2.34 4.56 6.36 7.87 15.88 8.83 4.64 10.85 11.64 7.37 5.49 11.39 10.05 4.56
5.34 7.18 6.05 6.37 8.28 7.61 10.32 11.36 8.69 12.67 9.39 10.34 11.31 9.59 12.0 27.44 15.81 14.81 16.9 25.39 38.65 29.0 18.37 6.23 8.67 4.1 2.38 4.14 6.5 7.81 4.73 6.3 6.21 3.76 5.09 6.01 5.12 5.26 4.81 6.27 8.62 6.11 5.5 4.51 4.99 9.04 17.94 8.47 4.18 3.66 4.35 5.68 10.96 19.73 15.58 11.47 5.03 6.23 3.52 3.59 7.41 8.65 9.29 7.12
6.61 10.78 7.19 3.45 6.87 15.49 5.03 11.02 14.21 5.47 6.18 4.14 7.66 11.79 14.36 16.04 13.17 21.38 24.01 36.62 38.78 22.89 11.09 5.15 2.58 3.58 3.57 3.6 6.51 13.01 8.07 5.82 3.82 3.12 6.53 2.42 3.17 5.32 7.07 8.72 3.12 2.91 2.83 2.6 5.07 7.17 21.59 11.11 4.21 4.5 4.03 7.75 24.55 22.63 16.83 11.98 7.88 7.11 5.62 3.87 4.86 10.41 11.63 9.24
13.02 8.12 6.82 4.34 7.88 9.87 6.74 13.84 9.5 7.31 8.91 4.06 4.63 15.7 18.58 24.2 15.02 21.28 21.45 18.41 15.13 19.11 18.1 5.42 1.56 3.95 3.64 4.02 8.71 9.14 17.64 9.79 5.12 5.14 4.12 4.38 7.67 7.9 8.98 8.75 6.49 5.55 7.75 4.28 6.21 13.37 18.08 13.13 4.96 7.72 9.33 6.45 11.2 15.92 9.73 11.49 6.78 2.95 3.67 6.16 4.0 3.99 10.5 9.89
18.4 10.83 5.9 4.46 7.3 10.28 6.66 8.25 11.99 7.79 7.52 3.13 6.99 15.39 12.15 9.97 9.89 16.77 25.3 11.12 11.31 7.63 7.13 7.41 3.61 6.81 6.37 4.13 13.1 15.96 21.3 13.47 6.37 7.96 5.01 8.67 10.97 12.08 14.08 9.3 6.75 5.78 5.35 6.53 8.66 7.56 12.88 13.37 7.59 5.51 3.53 4.88 7.46 7.33 7.42 7.43 13.46 5.03 3.73 5.18 9.17 7.44 7.63 11.15
17.64 10.04 5.21 3.58 4.68 6.0 6.41 5.15 8.92 8.33 5.18 14.38 10.12 8.08 9.78 6.99 10.97 12.44 10.19 8.8 13.42 7.36 5.56 7.23 6.44 8.01 6.41 5.26 14.78 15.04 9.45 6.23 4.66 4.79 6.52 7.3 10.53 18.22 14.8 8.58 5.57 7.06 4.78 5.27 6.95 6.3 4.94 5.61 6.54 6.31 5.85 5.98 12.37 12.58 9.73 11.17 9.92 8.15 5.26 6.18 7.23 9.82 10.36 11.47
6.8 7.0 5.42 4.58 3.95 6.74 8.02 4.88 10.49 10.78 5.98 8.82 9.94 8.67 6.87 12.66 7.04 8.34 16.92 10.18 10.15 6.43 8.52 6.93 7.38 11.6 8.71 8.2 20.18 9.64 8.19 4.57 2.37 5.72 9.34 8.64 11.74 12.72 17.82 17.73 3.91 5.31 10.27 6.02 5.57 5.75 6.63 7.21 6.75 4.05 2.97 12.93 10.4 7.16 10.79 6.98 10.86 10.56 7.26 13.05 8.8 7.9 5.17 4.07
7.87 8.07 10.08 6.02 7.65 7.07 10.65 12.41 9.27 12.12 5.24 8.71 14.51 5.63 8.38 8.99 6.38 5.85 4.9 4.47 5.13 5.12 8.08 5.53 4.04 13.17 10.98 11.56 11.05 8.18 14.78 7.94 4.98 4.45 8.6 21.96 12.02 17.64 20.16 8.65 6.24 5.99 6.89 7.03 9.26 5.44 4.18 9.23 4.13 2.42 5.83 5.48 13.17 11.04 10.04 10.41 3.74 6.38 9.5 12.24 11.48 5.52 4.92 8.66
5.87 5.17 5.15 4.83 6.92 9.03 5.28 5.79 9.75 8.27 2.99 4.02 4.43 5.39 11.01 11.07 3.49 3.64 4.1 5.62 10.44 10.01 6.01 5.12 6.44 5.12 4.72 9.57 11.14 5.25 9.26 5.88 7.5 9.88 4.95 7.34 10.61 9.36 11.09 8.17 3.43 5.33 4.23 3.32 2.6 5.21 9.72 10.97 6.19 5.61 6.54 7.2 8.19 8.4 11.8 8.19 8.74 10.95 11.99 14.16 20.05 13.79 5.37 11.59
4.93 4.85 3.72 4.76 10.41 8.85 7.97 17.95 8.11 6.52 3.23 2.03 7.28 6.04 5.17 10.72 10.58 5.74 3.24 3.76 15.46 9.72 9.1 7.05 9.6 13.43 5.43 3.47 4.89 4.88 8.39 9.42 4.61 11.25 5.9 3.07 5.27 5.98 6.43 6.93 7.74 5.05 4.78 4.48 3.41 4.35 4.98 8.66 10.44 3.05 5.07 13.84 14.59 15.8 5.93 9.85 11.74 12.46 9.16 7.2 18.21 10.63 8.12 6.31
7.34 3.35 4.5 12.81 16.32 15.03 11.29 13.5 13.51 9.65 3.24 3.93 5.75 7.06 9.43 11.46 7.5 5.29 4.94 9.03 13.22 8.92 11.45 9.64 10.61 8.4 5.33 3.31 4.48 3.58 2.56 7.5 13.66 9.0 6.27 7.36 13.03 5.95 3.3 6.25 15.44 7.65 3.46 6.38 4.93 8.52 8.62 9.55 12.96 7.69 7.65 6.41 8.85 13.51 13.6 11.96 13.9 17.33 12.88 10.91 9.87 11.78 6.15 6.69
3.99 2.9 5.59 9.47 13.73 13.82 14.84 14.56 5.28 5.62 4.0 4.86 4.39 2.92 8.05 6.77 8.38 7.0 2.82 8.82 8.12 7.21 11.21 7.1 11.51 5.04 2.65 2.11 2.83 2.7 4.79 11.6 9.44 9.52 13.92 16.8 14.73 12.13 6.09 7.9 12.14 5.95 4.2 8.73 5.4 4.79 5.51 4.14 6.2 6.56 11.27 11.49 12.55 13.06 15.92 16.55 22.31 13.27 12.73 12.56 19.97 16.18 21.06 17.98
5.26 2.16 4.59 7.12 13.83 17.74 13.9 9.02 4.71 5.12 5.02 3.5 4.72 4.97 11.03 13.76 4.71 4.13 13.75 10.57 6.05 6.91 8.78 9.6 9.17 6.9 2.68 2.51 2.74 3.56 3.65 6.71 6.85 10.22 15.76 21.76 22.52 15.4 6.88 4.3 6.06 3.96 3.85 6.22 9.82 7.0 8.88 6.85 4.45 9.12 16.0 12.84 23.51 13.02 9.93 10.49 11.97 11.38 9.08 10.86 9.91 10.43 12.91 9.24
2.61 7.38 8.09 5.23 7.1 8.39 23.63 15.65 5.71 8.59 6.3 3.72 8.12 5.33 14.15 18.21 8.41 5.11 4.14 7.02 4.82 4.7 4.65 4.22 12.64 11.08 2.32 2.59 3.9 6.09 6.84 6.96 10.99 10.85 21.34 35.97 15.34 21.24 10.33 2.36 5.89 6.66 2.57 6.93 7.23 9.72 7.14 7.36 4.34 6.0 16.4 10.76 25.53 19.8 10.01 6.1 7.27 13.56 8.27 2.58 10.18 11.89 19.75 24.83
4.07 6.02 12.18 9.38 10.45 10.51 6.52 6.71 12.13 4.68 4.02 5.06 5.11 6.81 15.63 23.37 13.03 5.01 2.48 3.13 4.27 3.78 3.39 3.57 7.74 8.22 3.62 2.54 4.39 8.21 12.09 13.93 12.17 12.05 13.01 12.48 7.48 9.65 6.02 3.69 3.43 3.3 2.81 5.71 10.05 8.84 11.68 6.59 8.5 12.26 14.42 14.95 16.24 17.87 18.36 9.9 8.7 10.23 7.79 12.69 7.94 11.69 24.19 20.37
7.46 7.85 13.55 9.15 7.52 8.62 8.5 13.07 12.41 5.26 3.82 3.59 3.82 7.61 9.5 28.91 16.19 4.58 3.95 5.52 4.62 2.91 3.29 5.75 7.83 5.05 4.18 6.68 5.9 8.23 12.1 15.38 16.45 7.1 7.22 9.83 7.07 4.36 2.97 3.68 3.59 2.86 5.29 5.0 11.54 8.9 4.76 7.37 7.35 8.41 13.76 18.73 7.09 23.06 16.46 9.67 12.97 6.01 2.89 4.42 6.67 9.96 19.08 34.26
7.3 16.49 20.17 17.54 9.14 5.1 5.55 9.0 16.73 7.95 5.39 4.64 6.32 9.94 11.61 20.94 10.17 3.36 2.94 6.0 5.89 3.13 4.59 6.91 5.17 4.24 3.02 5.39 7.85 6.18 10.79 11.73 17.55 7.37 8.37 15.02 6.76 8.27 4.44 5.33 3.93 4.67 6.09 5.16 10.0 7.31 7.43 6.56 5.79 7.31 8.41 9.45 7.9 7.62 17.87 10.12 5.76 5.09 3.06 5.25 12.57 7.44 10.7 28.39
11.44 16.1 18.51 10.03 7.23 5.4 5.86 4.49 9.87 4.91 3.29 5.82 4.29 6.83 10.75 10.24 5.55 6.82 5.15 5.32 6.23 4.6 5.7 8.0 7.26 4.08 5.51 4.45 2.93 7.06 13.94 16.17 10.83 5.51 8.19 6.51 4.26 3.74 4.83 4.79 3.91 7.6 9.47 9.83 10.72 7.2 8.99 7.42 5.99 9.51 10.35 23.37 15.61 15.48 23.65 4.35 3.97 8.94 3.77 4.92 8.44 6.2 11.44 17.47
21.6 25.2 9.77 15.58 5.03 6.29 9.06 6.62 5.47 7.1 6.61 6.47 6.42 5.47 6.48 7.33 4.29 2.45 3.32 3.85 5.3 6.09 8.3 5.72 7.89 5.07 2.81 4.91 2.97 5.7 13.37 8.12 7.56 9.37 7.56 5.34 4.74 5.64 8.09 7.46 7.46 4.51 4.14 4.18 4.68 9.35 8.76 5.99 6.9 9.17 3.22 7.04 13.58 19.08 11.34 4.23 2.73 4.25 3.77 3.41 4.36 3.41 12.25 8.68
15.21 8.44 7.89 7.06 5.95 6.96 8.24 4.75 4.03 7.71 11.34 12.78 9.97 5.47 4.99 4.56 4.5 3.1 2.71 5.05 4.65 8.83 11.73 7.37 6.39 8.15 4.83 3.86 6.75 8.97 7.36 5.61 9.12 6.23 4.11 2.01 5.61 10.8 9.82 12.62 8.76 7.81 3.54 2.49 4.85 5.73 7.87 5.72 2.6 2.08 3.34 5.03 16.21 14.92 7.63 4.66 4.48 6.56 4.9 4.01 5.06 4.9 4.82 10.36
12.27 11.08 10.34 4.99 5.82 4.56 7.28 5.32 2.08 9.03 17.83 21.56 14.56 9.43 5.07 4.08 3.56 4.06 2.61 3.6 5.64 10.31 10.3 7.02 6.16 9.33 6.61 5.05 7.27 7.08 11.62 6.76 3.59 4.81 3.89 2.59 5.53 6.49 9.66 22.51 16.95 7.98 8.89 4.08 4.67 7.09 4.0 4.15 2.41 2.34 1.97 3.87 15.67 22.03 11.02 9.82 6.57 6.24 5.2 6.72 9.57 6.99 10.7 6.51
17.79 9.0 7.04 4.1 2.89 5.38 7.47 5.47 2.89 6.16 11.03 10.73 13.66 6.8 4.56 4.4 4.3 4.57 6.68 7.74 4.11 9.52 12.51 6.19 3.59 6.09 6.8 4.73 4.9 5.96 9.96 4.45 2.72 4.49 2.06 4.0 10.19 7.96 8.71 8.34 9.96 8.98 4.83 9.31 5.54 4.9 4.74 2.63 2.86 2.44 5.0 10.97 19.7 9.36 17.07 10.13 6.92 11.43 6.77 9.3 5.95 7.61 9.75 4.09
26.36 16.78 14.5 14.09 8.18 5.57 8.08 2.5 2.32 5.01 5.12 8.25 11.41 7.64 5.4 3.73 4.38 6.74 5.29 7.03 4.99 10.82 9.32 3.91 5.59 7.31 3.7 1.82 4.44 6.86 9.97 5.79 3.65 3.67 5.88 8.52 7.17 12.96 17.32 11.64 13.34 6.33 7.31 14.44 4.22 6.33 2.94 3.61 2.68 2.88 9.5 8.89 8.24 9.66 11.26 8.05 7.14 12.7 7.6 4.1 4.23 4.24 6.6 3.38
20.26 22.89 10.31 5.77 8.55 10.23 7.42 6.85 5.81 6.26 2.61 4.23 5.5 6.94 4.42 3.32 5.5 4.67 5.44 5.55 6.49 7.28 8.86 5.66 3.31 4.51 5.41 2.49 5.06 4.55 6.88 10.48 3.2 4.41 8.04 6.79 11.37 11.92 4.82 5.56 5.47 8.34 8.55 8.64 4.54 4.23 4.54 3.27 2.76 5.85 10.39 17.18 4.85 11.41 19.89 5.63 6.03 7.41 8.82 9.08 6.36 7.42 6.37 4.12
21.18 18.2 7.87 5.87 5.56 2.12 5.04 6.88 4.13 6.79 4.67 5.63 6.68 5.46 6.53 6.74 6.79 4.82 4.57 7.01 9.83 4.75 5.16 4.84 3.58 6.48 4.43 2.56 2.23 3.73 7.71 3.92 2.51 3.45 4.68 8.12 5.78 4.28 5.62 4.22 4.38 5.52 6.38 7.0 6.54 3.13 2.75 5.3 3.45 6.56 12.25 4.57 7.39 11.9 8.08 4.76 6.57 10.15 7.4 8.33 6.52 7.54 5.21 3.95
10.6 13.19 6.19 6.0 5.38 3.36 8.73 14.69 11.38 10.92 5.27 4.42 6.63 8.35 10.63 10.17 10.2 7.09 4.31 9.9 6.16 3.6 6.04 2.65 2.72 3.46 5.58 3.16 1.74 2.63 2.29 2.91 4.69 3.22 3.56 13.01 9.59 7.57 6.76 5.12 5.61 10.76 10.56 9.05 7.67 4.56 2.72 2.88 4.09 4.96 4.07 3.18 2.74 5.65 5.18 1.81 2.34 5.23 4.25 4.64 7.15 6.35 3.87 3.9
9.71 10.7 10.03 4.03 3.4 3.29 3.98 10.43 8.64 8.75 11.51 3.13 4.01 5.77 7.84 6.74 5.28 5.43 5.32 8.18 9.22 4.15 5.34 6.06 4.61 5.12 4.22 4.74 3.81 5.75 2.74 1.84 2.75 2.9 6.55 11.23 7.53 5.75 6.18 6.0 7.44 8.23 7.59 11.55 6.59 5.36 2.46 2.06 3.66 1.98 3.54 5.67 5.36 5.98 4.84 3.63 11.6 5.73 5.15 4.88 6.74 5.42 3.03 4.53
5.57 4.08 5.92 7.64 2.06 4.67 6.3 4.36 9.09 8.41 8.66 3.52 4.11 6.16 3.03 6.72 13.16 15.01 12.28 8.6 8.21 5.04 4.16 4.82 5.78 4.2 3.69 4.16 3.52 6.95 4.89 2.07 3.31 2.56 4.42 11.82 13.39 7.01 7.28 11.16 7.17 6.68 7.32 6.18 10.49 8.02 4.29 2.79 6.53 5.17 3.48 9.41 4.87 7.17 3.94 4.43 9.64 5.37 6.67 8.97 8.22 6.76 5.24 8.26
4.16 4.59 6.28 9.11 7.93 6.41 7.38 5.8 6.32 7.49 4.36 3.22 4.62 7.41 6.28 6.16 12.82 11.64 6.34 11.44 7.63 4.34 5.53 7.04 10.45 8.78 4.26 4.61 5.28 9.14 7.97 5.96 6.01 2.93 5.77 10.36 7.99 7.87 5.63 8.34 18.8 8.08 3.65 7.78 8.41 5.61 3.35 4.84 8.76 4.12 7.12 12.4 6.81 11.17 10.73 6.54 4.53 2.77 4.22 4.16 5.29 3.25 4.53 6.84
4.54 2.34 4.21 10.13 6.87 9.36 10.84 9.67 18.84 7.24 4.04 4.98 5.0 4.51 5.85 8.06 11.52 16.71 8.56 5.53 3.55 4.62 4.01 12.12 20.23 4.97 7.2 14.8 4.39 6.98 7.67 12.24 10.51 4.84 5.37 10.2 23.92 8.64 11.1 16.43 12.64 7.25 6.48 8.15 14.94 8.48 6.8 5.82 7.26 10.57 5.94 16.74 10.97 7.89 18.41 5.73 4.02 2.85 1.58 2.49 4.14 4.67 7.75 14.31
8.23 4.65 3.21 6.53 8.53 5.39 9.02 8.24 8.37 9.91 4.17 3.49 8.36 5.46 9.95 15.66 7.3 11.1 8.37 8.07 5.25 5.28 7.38 12.3 22.8 6.72 7.0 17.66 9.99 12.01 12.98 6.06 7.99 5.92 5.11 11.2 6.76 13.94 5.89 10.73 28.09 17.86 10.58 10.17 10.67 13.48 8.02 7.63 12.22 8.71 8.15 6.85 17.38 17.49 10.6 11.02 3.61 5.64 3.21 1.86 4.43 10.23 10.68 11.37
8.58 5.99 6.93 6.79 6.94 8.66 17.55 18.35 14.85 7.97 4.19 3.0 5.71 7.33 7.99 9.31 9.45 8.95 12.91 7.53 5.73 9.31 9.02 8.99 12.66 26.14 14.4 9.15 5.01 10.3 6.43 4.47 8.09 6.19 11.74 11.0 5.15 8.55 7.68 7.33 11.26 11.9 23.2 18.06 9.6 10.03 5.13 9.89 15.83 17.77 8.17 7.44 12.1 8.94 7.26 4.53 3.8 3.53 2.73 1.57 3.61 8.45 9.53 8.85
8.37 9.0 10.75 10.31 11.23 13.56 12.83 15.15 19.6 16.85 13.44 4.8 4.31 11.63 8.6 7.76 10.5 6.31 9.05 11.5 5.98 13.82 12.13 10.69 10.17 9.69 10.63 7.38 3.25 2.71 8.79 8.01 10.0 9.76 12.14 11.87 6.47 6.5 7.57 8.75 17.76 25.04 27.1 20.97 20.99 15.14 5.38 11.36 17.52 11.55 11.61 10.19 7.21 10.64 4.66 7.56 7.03 5.19 1.92 2.76 5.1 8.47 7.56 9.75
8.01 6.66 7.63 13.27 13.23 7.19 9.26 22.21 18.82 5.8 5.05 6.64 6.53 9.41 7.36 6.29 7.08 6.91 8.89 10.75 8.8 10.24 8.81 8.65 7.22 13.33 16.4 9.39 4.76 2.98 3.98 6.5 13.48 14.91 6.64 9.05 8.35 5.26 5.47 11.28 26.31 21.93 22.81 16.13 15.46 11.6 11.48 13.9 11.98 17.47 10.09 4.57 8.75 5.26 3.9 7.69 7.15 3.8 2.88 7.04 5.62 11.52 11.06 10.31
7.31 7.33 8.92 7.58 10.54 7.99 9.45 6.96 9.53 16.17 6.47 7.48 6.96 11.29 16.54 10.45 14.48 8.56 7.96 14.29 7.44 7.73 6.52 8.42 9.26 9.28 12.54 6.7 5.86 6.59 5.98 16.12 13.06 6.2 8.26 5.72 4.28 4.24 4.94 6.03 21.09 19.22 28.59 17.0 15.5 11.07 13.1 14.31 7.5 7.81 5.88 6.31 3.42 2.74 3.61 4.92 3.83 3.39 2.21 5.37 10.54 4.54 12.37 11.13
8.29 8.8 9.79 9.89 7.91 11.33 17.05 10.02 7.94 7.21 6.4 10.35 5.92 7.02 18.71 15.83 14.84 11.01 10.29 15.01 11.32 8.53 7.34 7.26 6.19 8.43 15.71 13.09 8.89 8.47 10.12 10.91 16.87 9.65 13.1 6.26 2.67 3.0 4.72 18.56 14.93 11.27 12.52 19.49 8.14 8.18 13.09 12.51 7.33 7.02 4.48 4.29 5.38 2.64 3.38 4.72 5.71 5.46 6.36 12.23 7.45 9.78 25.25 10.6
6.66 4.01 6.24 7.96 12.2 12.3 15.8 13.78 5.49 8.88 9.34 8.31 5.52 6.67 10.87 21.85 16.44 12.27 8.72 5.63 8.6 8.16 9.77 10.92 5.17 4.72 11.14 5.32 4.82 11.52 10.25 18.14 13.6 6.69 5.04 3.88 3.38 2.55 5.18 20.14 28.71 24.0 24.55 7.98 7.03 8.48 7.26 11.09 5.82 8.27 15.25 5.05 3.22 3.99 3.81 11.02 4.97 3.81 14.99 11.66 8.84 7.47 15.25 15.48
4.0 5.4 6.05 9.22 12.41 15.76 15.45 21.84 10.32 12.55 8.72 4.86 4.15 4.97 9.1 8.37 17.99 23.53 9.83 5.67 3.9 4.79 6.36 10.52 7.33 8.3 7.97 5.68 7.88 9.61 10.81 13.83 14.6 8.36 6.83 4.1 6.62 4.77 6.1 14.1 11.6 13.22 11.35 6.92 5.95 9.32 4.7 11.5 5.97 6.71 9.24 5.3 4.61 3.37 4.43 11.2 6.48 7.3 10.28 6.27 8.38 9.44 9.49 16.08
5.96 5.75 12.44 9.96 7.78 13.21 11.04 10.03 17.79 11.95 7.99 10.2 4.94 3.13 8.27 9.3 13.65 21.46 11.39 8.76 10.22 7.44 3.6 9.01 11.36 6.82 5.38 4.17 4.58 12.28 9.12 14.09 14.02 14.11 4.27 4.35 8.45 4.05 8.22 11.9 8.91 18.93 6.93 5.57 6.69 6.17 8.62 8.33 8.38 8.81 8.32 7.23 2.58 3.44 6.1 3.45 7.54 9.86 6.2 4.57 5.35 13.31 10.15 7.9
