8.74 10.61 3.5 6.06 5.32 5.67 4.3 4.63 3.42 3.49 7.44 20.57 6.93 1.87 5.46 9.36 10.34 13.55 13.52 16.02 10.67 6.26 6.47 2.92 3.46 3.65 1.55 2.38 2.15 5.42 6.83 5.58 8.13 11.18 6.09 4.89 6.22 6.14 4.92 4.75 6.62 8.79 5.6 7.74 9.88 13.59 13.53 9.26 8.72 7.2 7.36 5.83 7.2 5.63 7.9 5.05 4.51 6.3 6.52 3.92 2.95 3.65 9.47 17.53
9.68 6.7 2.06 2.6 3.02 8.35 7.47 5.97 3.45 4.0 4.93 7.69 5.29 3.33 9.1 12.53 7.45 6.73 12.69 10.31 7.76 6.62 4.4 2.39 2.0 6.49 5.63 4.14 3.83 4.48 11.02 12.21 11.75 13.23 5.83 5.11 7.68 5.64 3.15 4.15 7.33 4.15 8.45 5.66 17.56 21.88 8.74 20.09 6.29 5.56 7.53 7.86 10.33 6.16 4.09 4.59 3.87 7.54 3.88 3.69 3.1 3.44 8.58 15.25
9.11 4.71 2.37 1.74 3.1 3.49 6.36 6.36 8.4 6.28 4.22 6.16 11.15 5.96 9.08 9.19 5.69 4.72 12.16 15.04 9.1 4.38 5.16 4.7 3.02 5.52 6.84 6.85 7.35 3.23 6.6 12.21 12.58 13.81 3.5 5.56 5.21 3.93 2.36 2.97 2.77 4.84 3.11 3.78 19.55 9.36 11.96 8.04 6.92 8.29 11.18 6.3 3.27 3.39 7.59 10.19 4.31 7.29 6.37 2.78 4.82 5.78 5.89 11.25
6.89 3.41 1.65 1.33 3.04 4.0 6.47 19.3 11.23 7.99 4.33 3.77 3.35 4.32 10.69 7.27 11.7 17.11 14.0 10.04 12.27 16.84 7.32 6.59 6.97 6.71 11.49 14.16 7.12 5.4 7.84 7.17 12.22 5.3 4.84 6.19 5.31 7.46 3.0 1.13 1.42 3.19 3.49 3.87 8.79 6.91 11.01 9.28 5.88 10.92 9.55 7.58 6.25 6.16 5.42 8.87 5.88 4.24 7.28 3.09 3.93 2.93 5.49 6.97
5.45 1.95 3.33 3.46 4.24 6.58 6.59 16.8 7.05 5.27 3.68 3.69 3.01 4.01 15.51 14.39 9.12 13.24 11.05 13.88 14.24 10.17 5.51 8.29 6.06 10.49 16.15 10.26 17.06 4.65 6.14 8.55 8.47 4.43 4.7 4.89 3.52 4.36 5.2 4.53 2.03 2.03 1.66 1.71 4.86 11.65 7.67 6.51 8.67 14.31 6.77 10.68 11.15 9.91 6.56 5.3 3.85 4.07 6.52 2.26 3.45 1.95 2.76 2.66
4.2 5.13 3.26 2.28 4.39 4.85 13.85 23.16 15.54 8.86 3.31 2.34 3.88 8.83 19.59 25.41 19.44 21.27 10.66 7.76 11.23 11.56 4.79 3.87 4.8 13.35 15.19 22.42 8.67 4.87 5.13 4.13 5.17 5.61 7.3 4.42 2.22 4.4 7.99 4.37 1.91 1.34 1.5 3.04 6.15 7.72 5.87 3.87 16.17 23.28 8.74 6.11 9.7 6.0 4.67 5.15 6.14 7.58 4.66 5.21 4.93 2.4 2.8 4.38
3.83 4.6 3.94 5.61 6.93 6.33 7.21 10.67 7.89 7.54 7.95 5.98 5.02 11.34 21.31 28.7 20.51 20.23 12.45 5.93 11.89 4.84 5.92 4.87 6.66 17.88 19.55 8.8 10.0 6.07 4.16 3.53 3.12 7.35 7.27 4.84 2.98 7.63 7.21 8.44 5.31 2.2 3.28 3.52 5.48 6.61 3.64 6.01 16.0 19.67 15.58 10.04 4.03 3.42 5.47 8.03 9.64 5.22 4.65 6.11 4.85 3.32 4.9 5.07
8.69 8.79 10.37 8.34 19.58 10.29 10.81 9.12 10.66 7.11 9.88 9.21 5.83 5.75 21.62 14.12 15.51 22.99 19.32 13.92 12.27 6.72 3.84 5.89 16.48 24.76 7.33 10.41 8.52 4.22 4.41 3.11 3.24 4.17 3.29 2.62 4.78 7.28 9.86 4.45 3.52 7.03 3.37 5.09 8.81 4.03 4.41 6.86 8.53 14.65 9.65 9.23 3.28 3.5 5.77 8.98 10.09 5.53 8.27 6.05 6.69 2.49 5.78 3.01
19.52 11.4 7.83 12.05 17.6 13.7 12.14 16.9 16.89 9.4 13.93 7.32 10.86 8.69 14.73 15.19 10.23 20.61 13.43 19.21 7.38 17.12 9.56 2.69 11.64 23.4 13.34 12.4 6.08 9.91 7.18 3.88 7.22 5.06 4.09 4.32 2.66 4.52 10.61 3.51 4.03 3.2 4.72 2.86 3.9 5.78 9.48 11.37 14.11 7.44 5.18 8.64 4.34 6.08 6.94 17.46 7.03 4.19 3.29 3.62 8.69 9.21 3.55 2.1
17.43 13.1 15.55 12.21 4.78 11.3 10.47 9.81 25.13 16.59 13.15 15.01 8.65 9.07 19.75 16.61 16.81 10.53 10.8 13.37 7.35 9.41 6.06 4.49 7.69 11.84 11.63 10.44 14.62 10.89 7.64 8.37 10.24 6.45 6.76 12.15 6.52 9.6 6.14 3.76 4.73 8.33 5.6 4.29 3.99 5.19 5.68 5.03 18.16 14.07 8.93 6.08 5.42 8.12 16.12 30.46 13.67 5.78 2.35 2.52 5.66 7.35 5.32 3.2
6.46 9.1 11.19 10.05 4.59 7.03 11.75 17.82 11.87 16.72 14.63 16.05 12.45 12.79 11.82 12.65 13.89 17.34 13.59 12.3 8.7 3.62 6.1 4.73 7.94 8.13 9.55 7.37 5.52 11.49 6.28 7.49 9.44 5.29 4.51 6.29 5.13 5.37 6.25 3.94 4.15 5.33 3.71 6.49 9.1 8.2 7.27 3.79 5.94 10.13 3.88 5.87 8.2 11.55 17.84 17.24 16.94 7.02 4.61 5.82 12.79 9.79 4.57 3.07
5.1 7.58 8.11 7.14 3.01 7.29 16.27 13.57 11.2 8.22 7.71 6.92 11.51 10.2 11.57 12.37 12.38 11.45 7.06 12.59 11.43 6.82 6.0 2.75 8.47 10.32 8.19 9.77 8.72 4.84 5.3 7.24 5.84 5.21 6.31 5.14 7.16 5.68 4.8 2.32 2.81 3.7 4.53 10.39 6.52 7.94 3.83 3.92 4.47 4.62 3.18 11.84 13.79 13.2 13.05 8.72 12.09 4.89 5.17 11.68 6.92 4.69 4.57 5.56
6.03 6.77 5.98 5.56 5.75 8.88 13.48 9.71 17.0 5.85 5.61 4.75 5.42 7.5 8.17 10.49 13.7 6.27 5.6 5.91 8.59 7.44 7.19 6.34 12.12 9.18 9.61 7.74 5.48 9.28 3.35 8.36 8.75 10.22 5.0 6.15 6.63 5.52 3.09 2.38 4.04 6.15 8.57 4.01 4.64 4.82 6.49 5.28 6.88 4.26 4.44 7.26 20.07 16.93 13.22 15.62 10.16 10.45 12.24 7.47 4.92 3.78 2.62 6.14
5.31 6.09 8.45 10.97 7.18 10.12 6.47 5.8 13.73 12.86 7.73 6.44 5.43 6.69 8.02 15.72 9.35 9.07 6.32 9.13 7.86 8.25 11.92 6.49 4.92 4.17 6.58 6.05 8.95 7.56 5.23 3.31 4.51 5.19 4.15 4.33 4.21 4.33 2.34 1.6 2.43 7.48 5.33 4.88 4.92 4.42 3.5 2.55 5.47 2.24 3.88 8.86 11.28 15.41 10.78 11.51 20.91 14.17 14.58 11.68 4.39 2.71 3.26 6.31
7.33 5.54 7.04 7.32 4.39 7.38 8.18 6.27 9.88 10.37 5.23 7.48 3.23 8.95 14.75 8.03 8.52 7.28 10.49 17.09 13.48 13.1 8.32 7.71 4.86 4.95 4.56 6.92 12.67 6.49 2.94 1.65 4.54 6.25 4.8 1.93 4.67 4.55 3.12 4.31 8.27 10.54 4.35 3.54 3.67 7.55 2.78 1.78 2.74 5.58 3.7 7.35 6.95 9.65 6.13 7.0 11.91 13.21 47.7 23.16 7.69 2.78 3.69 3.89
4.62 2.65 10.19 3.81 2.51 3.1 4.78 11.88 9.67 6.25 5.38 1.96 3.96 10.13 10.96 17.2 6.03 5.29 6.2 12.08 19.02 30.07 14.1 7.03 5.51 6.03 6.3 11.59 14.22 8.9 5.1 3.16 3.08 3.29 5.09 2.81 4.94 4.59 10.45 8.46 10.41 18.83 5.12 2.99 4.15 6.83 7.07 3.79 3.01 6.61 2.85 3.37 11.53 14.49 7.63 13.13 13.25 12.38 25.93 9.71 5.62 3.08 1.86 6.08
4.82 4.99 5.72 2.87 3.07 5.6 5.32 8.55 7.88 5.29 5.34 3.57 3.34 6.63 9.02 17.12 12.66 8.54 10.83 6.36 20.64 12.03 12.01 8.39 5.8 5.55 5.26 5.32 8.29 10.17 6.82 4.57 3.58 2.54 4.15 8.67 7.65 5.91 6.25 10.27 11.43 14.78 7.92 4.2 3.32 4.38 5.68 5.13 9.23 15.33 4.87 3.89 6.96 12.74 8.44 11.66 21.15 11.77 10.19 12.29 11.78 3.13 3.71 3.2
6.1 6.24 7.11 5.3 5.57 8.96 11.54 5.95 10.2 11.9 14.63 7.01 5.12 9.19 9.82 17.18 20.72 15.76 8.76 7.01 10.85 12.58 11.25 12.71 9.82 13.15 12.76 6.18 4.9 5.32 5.22 6.08 5.06 3.5 7.67 9.04 8.44 11.58 8.08 8.72 8.97 7.86 5.52 4.97 4.35 5.32 5.92 9.1 12.67 9.6 6.34 2.26 5.21 12.89 9.5 8.46 25.02 22.35 18.66 10.45 11.93 5.21 4.61 5.32
6.63 9.16 4.6 3.47 7.96 7.95 11.19 13.85 6.41 6.27 11.89 9.12 8.59 14.12 35.29 19.55 12.85 16.57 13.64 14.4 18.95 24.68 12.49 16.85 12.56 38.86 21.78 23.71 8.65 12.57 19.09 12.43 9.8 5.58 11.25 6.87 23.92 11.23 9.72 8.33 18.36 7.59 5.02 12.23 8.07 10.75 11.07 7.31 7.74 6.08 3.08 5.45 6.41 10.62 9.58 15.8 30.04 19.73 10.75 11.1 11.57 14.39 5.59 2.86
7.95 8.24 5.57 3.82 4.47 9.07 10.44 7.24 11.8 7.95 6.26 6.6 6.2 11.62 26.6 9.47 7.3 11.92 18.27 12.16 17.05 9.69 9.44 11.82 21.92 49.58 21.34 14.73 8.03 21.33 13.59 28.04 8.92 8.56 13.53 6.41 22.8 26.2 14.63 9.25 18.73 10.82 6.74 7.66 16.28 34.77 8.92 9.42 15.14 6.46 7.11 6.01 5.13 5.96 8.82 19.64 26.87 26.53 10.55 9.03 6.9 12.04 4.34 5.11
17.96 9.1 7.66 2.21 3.27 7.34 6.09 14.18 17.74 11.63 5.16 5.24 8.85 20.11 11.05 11.61 8.22 8.94 29.11 14.8 12.5 14.66 12.37 7.85 18.31 30.15 27.16 19.9 10.69 14.71 22.42 22.11 8.84 12.72 12.68 8.54 20.6 12.77 14.56 12.95 14.91 11.27 6.97 6.57 11.07 11.26 8.9 23.43 14.96 9.77 5.86 6.64 8.26 8.98 8.0 22.77 36.15 23.45 15.79 5.15 6.48 14.31 7.75 6.29
10.54 6.05 3.88 4.09 2.64 6.87 7.91 8.52 8.77 7.48 5.61 2.79 6.72 14.5 6.67 10.41 10.59 14.44 28.43 23.63 12.78 12.3 23.77 15.28 17.06 19.62 47.46 39.1 37.48 22.56 20.62 15.83 10.48 12.58 11.73 9.05 11.13 15.3 8.58 12.17 22.04 10.45 4.75 3.51 11.76 18.05 8.37 16.54 15.16 6.48 2.34 6.7 5.74 3.68 4.56 8.22 16.27 16.85 16.59 7.09 6.79 8.37 8.24 3.99
14.25 11.11 3.55 5.87 2.56 5.25 8.7 16.31 11.16 4.92 4.44 2.96 6.1 4.91 5.46 2.51 7.81 14.19 8.96 9.22 6.68 11.88 11.34 13.81 8.43 7.17 34.43 66.44 33.7 26.31 12.47 6.05 5.46 15.24 10.11 11.68 5.18 7.64 12.72 5.96 12.81 10.75 12.34 10.21 11.27 18.85 21.29 20.18 12.61 5.77 4.6 2.73 6.62 4.94 7.64 7.85 10.0 10.77 9.85 6.93 5.97 12.28 9.27 5.05
10.3 5.93 5.58 6.83 3.58 7.58 8.15 17.49 7.25 13.25 11.32 6.27 3.64 3.46 5.35 8.87 12.53 8.52 8.49 3.96 7.07 6.5 5.48 8.38 8.58 6.26 19.92 20.33 19.93 24.82 7.94 5.29 3.66 4.48 4.98 6.27 2.85 5.96 6.42 6.64 12.81 20.36 22.4 8.83 12.59 11.44 13.43 14.5 16.58 4.99 2.27 4.7 6.7 6.23 6.72 9.67 17.89 26.53 9.72 7.37 7.67 10.18 8.03 8.76
11.74 7.03 15.89 8.89 5.42 5.04 7.61 8.25 11.28 13.03 12.28 15.6 7.8 7.44 15.52 12.43 7.04 17.32 17.26 11.83 9.98 6.39 6.1 5.1 6.44 18.31 18.92 13.96 21.94 10.88 5.21 3.82 2.67 6.38 8.79 2.52 3.55 4.16 3.59 10.88 22.77 35.15 20.73 15.65 17.01 16.87 10.16 13.38 9.86 6.42 2.65 2.28 7.49 6.85 6.92 8.02 13.77 24.83 7.46 10.33 10.91 5.87 6.46 6.53
12.35 6.57 18.78 6.16 6.78 5.32 8.52 7.15 11.25 15.59 12.08 12.95 10.81 10.57 6.04 7.48 10.51 19.38 12.04 15.14 5.85 9.6 7.72 7.53 6.06 6.97 7.16 4.86 7.87 6.43 11.19 4.96 5.1 4.63 2.41 2.07 3.14 2.43 5.26 10.61 19.82 32.37 29.91 20.71 30.64 11.62 8.04 13.57 10.4 9.35 4.25 5.5 8.4 7.39 9.23 13.58 7.43 12.49 14.71 12.75 9.76 5.85 3.75 6.16
5.36 10.23 9.31 9.38 5.8 9.94 18.77 11.72 10.74 12.42 17.44 18.93 14.87 9.54 11.02 9.96 5.81 10.44 10.24 9.08 7.9 7.21 10.41 10.6 6.52 4.06 4.9 6.04 13.91 7.98 6.68 6.58 6.75 3.49 1.85 1.39 5.34 5.86 4.24 13.5 15.23 36.91 15.67 16.94 20.93 11.22 5.69 12.75 24.6 22.81 14.66 5.66 6.88 9.52 26.53 20.2 15.4 15.36 11.26 8.55 11.62 4.88 14.72 9.89
6.32 11.42 7.45 13.66 12.45 7.45 13.15 13.92 18.6 40.4 15.16 24.23 23.75 15.39 14.95 12.45 13.1 10.11 6.7 6.65 5.42 7.99 16.38 12.18 4.43 5.56 6.28 5.48 7.99 5.73 10.26 9.58 7.39 6.05 2.38 2.72 3.9 5.73 7.56 8.18 8.32 14.28 11.67 9.99 11.86 7.5 11.7 18.98 13.04 17.75 13.66 11.6 14.9 10.47 24.19 31.05 16.56 12.41 15.01 8.07 7.47 4.98 8.62 3.71
3.62 12.91 9.65 6.54 7.99 6.09 10.3 15.22 26.76 15.01 22.0 24.73 18.19 13.1 21.21 10.54 5.34 5.63 7.71 7.45 6.05 15.76 11.34 7.63 3.18 9.66 11.7 8.7 5.69 4.53 6.22 5.13 8.8 5.64 3.21 2.01 6.04 8.17 7.86 8.87 8.31 11.12 5.37 6.24 11.03 8.84 14.45 13.17 10.62 26.41 20.67 16.02 11.64 17.1 19.05 32.38 31.56 19.45 13.38 8.69 5.28 5.52 4.64 4.18
3.93 9.14 6.09 6.71 6.4 2.97 12.55 8.92 17.51 12.58 34.64 18.85 11.06 6.63 28.65 10.42 3.8 5.2 3.1 3.34 4.29 5.16 4.98 8.21 3.72 11.32 15.26 9.25 5.27 6.36 3.59 5.49 7.44 9.83 3.42 2.67 6.86 6.46 7.43 5.3 9.24 6.0 4.2 5.53 13.98 19.8 14.32 10.23 12.08 22.14 23.61 13.43 18.84 20.39 27.0 26.38 13.07 20.69 10.07 5.86 4.22 7.23 12.22 5.38
3.9 10.2 7.68 7.15 8.81 9.92 14.06 13.9 23.48 28.14 33.92 27.96 14.36 12.82 18.22 8.76 4.77 7.09 6.79 3.81 3.92 12.85 7.26 6.84 5.89 8.24 8.22 7.58 16.59 7.14 3.96 7.97 10.01 9.82 8.41 5.25 6.24 5.48 9.7 7.64 11.39 3.79 2.6 5.07 9.95 12.99 10.58 11.77 13.59 17.04 21.79 20.93 10.33 13.05 12.27 23.1 25.49 12.12 8.74 4.16 4.89 6.04 10.45 9.17
4.84 10.41 5.77 6.52 7.06 12.62 20.57 24.85 26.93 38.27 23.72 32.92 13.5 11.65 13.9 9.27 6.5 4.76 9.46 8.73 7.33 5.83 10.0 8.36 8.78 16.72 13.29 11.51 11.66 5.07 2.78 9.55 20.46 9.66 11.57 7.39 6.66 8.54 6.6 7.97 9.66 4.27 3.14 4.59 11.13 22.04 9.32 6.62 9.52 12.16 10.25 25.07 11.3 9.96 8.74 8.22 7.38 5.66 11.2 7.22 6.23 5.97 16.44 6.41
15.67 15.4 8.73 12.34 6.45 17.95 19.23 19.64 62.52 50.19 17.36 16.38 17.79 8.26 9.18 5.75 6.49 4.08 6.98 11.89 8.28 11.16 15.61 13.72 7.75 10.23 8.38 13.29 13.83 7.46 6.85 9.79 21.43 12.64 6.42 15.8 5.42 4.8 5.89 11.11 9.35 3.93 9.36 11.08 11.57 10.8 8.19 12.34 20.6 12.83 15.89 19.41 13.43 7.76 10.35 12.48 9.15 10.14 15.96 12.86 8.86 22.55 18.41 9.9
19.05 28.15 11.29 7.91 8.91 20.22 24.14 27.25 26.05 39.08 33.52 13.13 4.53 6.3 7.17 3.51 13.0 5.8 11.12 11.09 6.48 7.81 24.49 21.2 11.88 9.68 17.68 23.96 12.45 13.34 13.58 9.03 10.36 14.03 4.56 9.59 8.79 4.43 3.31 4.69 4.81 7.08 11.11 15.85 9.89 9.06 6.35 6.7 18.54 14.92 8.64 11.16 14.92 6.88 10.79 11.78 7.32 10.35 10.73 12.37 10.11 19.71 17.16 5.18
33.4 12.81 11.59 6.48 4.75 4.14 13.84 20.75 22.51 24.48 35.73 21.64 6.82 6.38 6.18 5.36 8.13 8.3 8.7 8.65 7.0 14.25 22.32 17.55 13.17 12.56 16.19 13.88 14.84 11.96 8.88 16.81 13.61 12.4 7.5 8.23 7.01 9.4 4.46 3.69 10.71 8.05 19.55 16.16 13.19 9.04 6.36 7.11 9.56 21.9 11.04 6.61 8.14 5.56 6.01 5.43 8.82 8.16 10.05 6.85 11.12 10.16 9.49 10.4
23.86 11.74 10.81 3.72 4.45 5.47 9.73 10.59 9.66 25.4 26.57 17.13 6.55 8.23 7.49 5.83 5.42 7.98 12.82 14.81 12.07 28.53 9.19 6.57 11.67 17.81 13.47 6.43 5.96 5.83 8.83 8.87 11.11 6.34 3.31 6.41 13.47 6.64 9.58 5.84 12.31 12.46 14.05 16.15 19.78 7.99 8.52 8.71 6.58 17.17 7.63 11.83 8.0 4.37 3.86 6.0 14.08 10.1 6.81 5.17 14.16 17.56 27.16 20.97
7.01 7.9 10.75 18.62 5.26 3.14 8.98 6.32 12.54 31.62 19.71 10.93 6.15 5.86 10.71 7.3 4.65 10.33 12.56 20.28 14.96 19.32 22.06 14.31 22.01 15.66 10.44 7.16 10.49 8.01 7.41 6.21 12.68 3.69 3.08 9.46 4.79 7.42 6.61 11.91 13.06 8.04 11.57 21.88 10.07 8.17 5.7 5.18 9.99 14.35 9.96 8.75 2.58 2.83 4.93 2.57 7.4 6.73 3.9 4.45 13.47 17.86 26.32 26.16
6.47 6.35 9.48 17.7 6.41 5.07 5.48 6.41 13.35 20.16 14.34 14.68 10.88 12.31 5.67 2.14 5.81 9.61 6.65 10.11 20.38 8.93 10.71 18.01 7.99 13.07 11.39 10.8 11.07 4.65 5.04 9.21 16.08 6.11 3.74 5.57 9.37 6.06 10.53 25.45 9.36 6.64 8.98 17.41 5.64 5.59 4.4 9.01 8.66 6.78 11.37 5.34 3.78 2.8 2.14 3.2 2.18 3.42 8.11 5.84 7.59 9.4 11.55 10.56
11.16 11.11 16.94 8.78 13.39 5.97 10.33 11.51 8.28 12.84 12.15 22.11 18.33 17.72 11.68 3.65 4.21 4.15 9.71 10.25 9.37 5.01 9.5 10.47 5.16 10.19 9.94 15.12 12.85 6.19 5.05 8.98 10.07 11.2 8.31 4.12 5.15 5.19 18.18 32.04 15.87 13.58 9.89 7.68 6.74 7.66 7.21 9.95 4.69 7.42 11.15 8.53 5.9 3.35 3.66 3.24 2.79 5.47 9.06 12.93 20.8 10.81 14.46 19.18
13.63 8.77 10.65 8.02 9.52 5.76 4.68 4.68 10.44 9.01 17.16 27.53 38.09 9.02 7.49 6.53 3.89 4.12 8.09 9.78 12.57 8.47 8.97 9.21 5.63 8.89 6.02 19.8 10.14 17.48 8.19 4.96 5.18 9.0 7.84 2.77 7.97 12.98 13.4 15.74 19.07 6.73 14.28 10.09 5.32 7.99 12.09 12.64 8.19 4.8 6.22 5.89 6.06 3.1 1.82 1.9 2.42 1.67 6.25 9.57 23.49 23.36 18.6 23.69
9.56 11.3 8.26 5.16 5.43 4.45 5.1 5.39 6.47 14.89 26.76 21.61 14.64 12.31 5.39 6.85 4.41 4.62 6.06 7.53 7.06 9.26 7.7 4.67 11.66 10.25 9.08 9.17 13.32 22.2 9.85 5.61 6.59 6.55 4.7 4.12 8.32 6.93 8.58 9.18 21.48 15.55 13.17 14.53 9.77 8.51 9.04 10.0 8.38 10.0 13.45 8.19 5.92 3.06 1.4 2.04 1.53 2.92 2.63 6.51 15.28 14.31 16.15 19.12
9.03 10.77 6.56 6.44 3.94 3.82 4.17 5.02 4.47 9.03 20.43 19.58 17.62 7.89 5.88 2.98 2.19 3.11 3.86 9.31 12.95 4.48 2.68 2.46 6.21 10.13 9.73 13.38 10.49 12.31 5.17 7.13 11.8 8.88 11.06 4.77 4.14 6.85 8.25 13.8 32.06 12.83 8.7 12.57 7.11 11.69 7.97 11.16 12.57 13.42 18.03 16.7 6.94 14.49 6.56 2.44 2.5 1.86 3.51 19.14 17.16 11.19 16.63 24.9
12.93 9.07 8.31 4.78 2.8 4.47 7.07 6.29 6.04 13.58 13.64 16.4 13.08 8.56 4.43 4.86 4.1 3.02 3.92 3.73 8.37 4.68 2.73 2.78 8.6 7.23 4.78 11.78 16.56 9.92 2.0 6.13 11.59 8.57 13.58 14.28 6.06 4.73 8.36 13.68 13.02 15.25 16.91 9.85 8.14 8.29 5.63 8.43 9.68 11.43 18.96 10.0 8.98 12.73 7.33 2.82 2.37 3.33 6.65 20.58 18.62 22.48 13.96 23.46
4.85 5.0 8.3 4.28 4.01 7.88 4.34 5.1 7.15 13.22 22.03 15.65 8.42 6.37 7.9 9.51 5.17 2.55 2.65 2.57 4.3 3.38 3.55 3.49 9.55 5.11 10.87 8.9 6.11 5.04 3.07 11.55 13.53 7.75 12.27 12.3 5.72 5.97 4.69 13.39 10.65 8.35 9.9 6.71 2.87 7.27 7.96 5.37 4.06 6.93 11.69 7.03 10.59 6.75 7.78 2.76 3.78 3.65 7.08 5.91 6.58 15.17 35.55 55.6
7.43 2.54 5.25 4.87 3.21 3.49 4.53 5.16 8.68 17.03 18.78 14.6 6.91 8.44 6.77 6.56 4.48 3.13 1.66 2.65 5.06 2.68 3.06 3.97 5.11 10.51 17.17 6.79 4.62 5.04 5.82 11.64 18.57 14.42 16.68 15.11 10.4 11.36 12.38 20.64 7.37 5.13 6.6 5.35 6.1 12.29 16.18 2.73 3.92 4.31 9.28 14.96 16.3 9.58 5.16 3.98 6.86 6.82 6.78 6.33 7.12 14.68 22.62 35.85
5.04 3.84 3.65 3.97 3.52 5.47 6.82 5.94 7.14 14.76 35.27 27.61 9.48 7.89 8.98 7.05 5.37 2.11 2.29 6.08 4.41 7.57 2.44 3.11 4.97 8.07 13.44 12.66 4.59 1.56 5.41 7.2 21.51 28.68 26.61 8.45 14.06 14.45 8.91 9.69 5.5 6.63 4.37 3.87 7.0 9.72 7.02 3.73 3.2 6.66 13.11 12.69 12.1 15.94 4.81 3.76 5.36 10.49 8.52 5.5 8.07 19.22 36.75 44.13
7.7 4.5 7.8 4.43 3.88 2.56 3.05 7.3 7.48 22.13 32.63 17.99 14.85 8.07 12.83 11.91 6.19 4.53 3.91 4.08 5.37 8.16 5.79 5.6 5.45 7.96 4.76 6.36 8.04 3.54 6.21 6.43 7.81 8.43 11.95 11.76 16.93 13.43 7.9 7.64 2.93 3.77 1.48 3.34 3.83 5.0 4.92 3.03 4.54 7.61 8.16 21.25 14.16 9.08 7.78 4.92 8.54 6.49 5.29 6.77 17.65 24.94 44.04 58.3
2.74 2.72 6.35 4.97 3.37 4.08 6.27 4.44 6.73 8.08 9.6 11.08 9.97 12.68 8.07 7.99 2.78 4.55 2.62 2.89 4.36 6.47 4.85 5.09 6.55 8.18 5.19 4.08 5.83 4.06 5.67 5.04 16.33 5.61 7.61 6.32 7.2 6.26 6.69 8.44 5.17 3.85 1.57 4.14 5.02 7.06 5.43 6.41 4.18 6.57 11.31 23.05 20.44 12.89 6.55 4.76 14.21 9.86 10.39 6.89 9.59 21.25 29.78 26.18
4.17 3.92 5.88 4.68 2.86 3.37 5.51 7.17 4.57 6.57 18.78 7.18 15.56 24.25 10.24 6.03 4.07 3.49 4.29 5.7 10.58 4.82 2.99 9.62 7.8 6.99 7.05 7.15 5.3 5.23 4.01 6.55 9.57 4.6 6.37 4.95 7.54 2.94 8.42 12.08 5.24 2.91 2.68 2.83 2.64 4.84 3.99 7.36 6.55 13.01 16.61 15.33 24.01 13.85 6.35 3.96 4.83 8.58 10.01 4.05 10.48 14.22 20.92 13.41
4.14 7.55 5.61 6.45 4.98 5.11 8.57 4.74 3.51 4.99 7.16 5.17 30.5 21.83 23.37 6.44 3.2 8.0 5.34 5.75 17.87 12.42 8.92 28.54 6.87 10.7 7.52 6.14 4.12 3.09 5.25 5.31 3.22 3.35 7.06 6.24 7.08 7.66 8.55 6.95 5.78 3.45 4.45 5.25 3.97 1.65 3.35 6.89 11.04 11.99 5.87 8.9 12.77 11.65 9.12 3.02 7.1 4.69 3.65 4.72 8.66 12.29 9.62 9.53
6.99 9.9 8.22 13.96 4.39 5.89 4.76 5.28 4.14 3.6 7.93 11.42 16.81 13.17 12.5 2.74 3.33 6.3 4.8 11.12 20.16 16.45 24.51 22.13 11.06 7.24 4.87 5.91 3.21 5.71 10.0 9.3 4.13 3.67 8.41 6.5 8.42 8.62 9.45 4.97 5.05 4.61 4.81 6.62 7.09 7.03 3.81 6.11 7.36 9.84 11.96 8.87 6.64 28.76 6.9 5.29 3.25 2.17 4.22 7.39 8.58 11.54 11.03 6.99
12.6 6.66 11.07 6.33 3.19 3.86 3.12 5.46 6.81 6.72 6.6 5.84 16.49 8.29 8.29 5.44 4.08 5.3 3.61 8.59 14.16 13.92 15.99 26.28 12.19 8.83 7.03 4.82 4.22 7.08 11.19 13.44 4.97 10.62 14.8 6.0 5.81 7.18 8.79 6.43 7.73 5.21 3.13 3.03 3.85 2.64 4.35 6.07 5.83 5.49 4.79 9.39 7.6 18.42 12.26 5.46 2.4 3.07 2.53 6.36 10.45 7.2 6.32 11.25
7.51 10.63 10.91 13.48 3.83 4.29 3.69 6.31 6.21 9.83 15.59 7.67 12.1 18.88 11.2 4.09 4.83 4.34 3.97 7.14 17.36 13.07 11.83 15.37 9.25 7.38 3.82 7.14 3.27 4.79 12.21 12.27 7.95 9.03 14.33 8.44 8.09 5.44 7.96 7.0 9.39 6.08 5.0 2.99 4.63 2.54 2.31 2.84 2.78 3.34 3.86 8.7 8.94 8.3 10.47 8.16 3.88 3.87 4.5 4.09 6.55 11.9 4.69 6.01
4.13 8.32 11.69 15.09 7.93 6.27 2.12 5.76 6.96 7.81 15.4 9.62 10.5 10.15 4.78 6.25 9.8 7.17 5.48 5.99 17.52 20.34 12.8 8.6 19.88 5.71 6.11 5.04 5.83 3.4 4.85 9.43 5.77 10.17 10.6 10.78 3.41 7.04 7.5 6.0 11.55 7.79 3.39 3.85 3.96 2.58 1.69 2.77 2.89 3.55 7.14 6.06 10.84 6.6 20.21 8.18 3.26 2.77 6.36 7.01 10.94 8.42 6.87 12.5
7.05 5.7 7.79 14.86 4.96 6.15 5.98 5.01 3.85 4.98 8.78 8.21 6.76 5.21 4.2 5.99 5.68 13.12 5.42 4.92 16.65 23.66 21.79 16.76 23.23 11.44 7.18 4.14 7.33 5.87 4.19 10.9 6.13 6.32 9.09 6.56 2.32 4.69 6.88 6.15 7.61 3.66 4.54 3.29 2.54 3.63 3.98 2.73 4.17 6.32 5.49 13.49 9.68 8.79 6.89 4.18 5.8 2.65 4.29 7.58 4.03 3.95 5.23 6.28
7.64 5.58 6.67 11.35 5.96 4.12 7.8 5.79 6.13 6.77 9.38 8.5 7.38 5.0 3.96 6.28 7.54 9.78 4.45 6.18 7.17 8.25 12.82 7.12 14.13 9.27 4.51 6.86 9.8 7.05 5.82 5.59 3.85 7.31 6.75 6.07 2.49 1.72 2.78 7.77 12.88 10.08 6.21 3.09 2.23 4.39 7.66 5.15 5.21 6.5 11.6 10.32 8.52 14.05 9.87 8.95 4.06 5.1 4.65 7.15 3.55 6.91 6.45 4.7
6.83 4.8 10.45 19.05 11.87 3.57 2.81 6.64 6.38 4.28 11.64 12.94 11.94 4.84 4.31 3.6 9.84 15.55 4.23 3.62 6.34 10.04 8.6 20.71 7.34 4.65 5.06 4.17 7.85 9.8 8.12 3.46 3.1 4.59 5.27 3.04 1.72 3.35 4.8 10.57 10.07 10.22 6.61 3.55 4.43 11.01 12.46 5.2 4.15 8.4 11.13 8.81 11.66 7.0 12.48 7.11 10.45 9.0 14.54 10.1 7.9 5.15 4.77 9.5
10.61 10.15 9.1 5.86 7.08 4.21 3.65 5.11 5.47 5.26 7.81 15.02 6.08 5.31 4.44 7.53 3.58 6.68 4.69 4.37 7.6 11.1 19.43 18.45 7.04 3.98 4.66 6.2 10.26 3.96 6.44 3.59 4.5 2.44 3.18 1.62 2.08 3.29 5.22 9.04 9.59 14.61 4.88 4.36 11.29 11.35 9.11 7.97 2.87 4.19 10.17 19.21 19.72 12.98 13.09 5.16 4.43 8.15 18.76 6.85 4.49 2.98 6.45 5.93
10.58 26.03 16.34 10.1 8.29 6.82 4.56 4.18 8.2 3.9 5.69 7.08 6.36 7.77 7.73 5.87 5.48 6.29 4.88 7.52 5.67 11.4 12.31 11.05 12.02 4.36 3.05 6.84 7.79 5.14 7.3 5.31 5.63 3.98 2.26 1.2 2.14 4.25 6.66 9.25 12.12 4.63 4.5 4.6 4.48 12.13 6.73 3.99 4.51 6.48 5.85 29.63 14.44 9.67 10.3 9.41 5.93 6.21 18.47 4.35 2.74 1.78 7.87 4.57
9.67 29.06 21.33 8.14 6.71 5.44 6.31 3.75 4.48 7.0 8.22 6.99 9.41 7.63 5.94 5.95 7.66 6.27 7.63 6.76 5.09 8.66 13.55 23.19 10.2 6.51 5.16 7.91 5.09 5.69 6.31 9.77 7.2 4.99 6.14 4.59 4.15 3.9 3.77 6.3 5.33 5.42 6.23 5.83 7.88 6.19 7.12 4.28 8.11 7.03 4.85 21.6 14.72 7.73 10.55 7.49 3.01 7.46 7.12 4.27 2.33 4.29 8.62 4.56
5.19 23.14 10.1 10.84 10.04 4.36 5.73 3.51 3.18 10.37 14.6 7.17 6.13 6.93 8.61 5.9 9.96 11.29 6.2 4.68 7.31 8.3 9.53 18.49 13.88 7.34 5.58 12.15 6.44 3.15 8.9 6.2 5.76 3.95 4.06 7.46 3.83 2.53 3.06 5.72 9.36 14.6 5.66 8.08 6.28 6.71 5.21 7.62 9.36 6.63 5.63 8.83 12.67 6.48 9.7 4.65 5.09 5.02 4.26 5.67 1.93 2.58 7.1 3.38
16.45 8.49 6.86 10.58 10.4 4.34 7.2 6.04 7.25 6.11 6.28 6.47 4.16 10.37 9.92 6.29 6.29 3.75 5.16 3.51 3.78 9.39 6.86 11.08 10.94 9.49 11.45 15.23 8.08 8.71 4.45 9.16 5.2 2.87 8.01 3.75 3.04 2.41 4.28 2.24 5.33 8.7 7.71 6.96 5.9 9.77 7.07 6.15 9.12 4.16 6.02 5.11 4.84 8.83 9.08 7.07 6.65 5.19 4.04 3.44 3.54 3.88 4.36 2.79
9.72 11.79 6.95 6.77 7.99 5.62 8.11 8.45 12.19 7.12 7.76 7.51 3.71 7.6 11.35 6.27 3.86 5.7 5.18 2.04 3.18 3.79 3.61 7.66 7.6 5.64 10.19 21.9 13.58 5.94 4.33 17.92 11.06 5.18 8.73 6.11 6.09 2.07 2.94 3.45 5.97 5.93 6.99 3.71 5.22 4.86 4.7 6.16 5.06 7.84 7.18 4.69 6.91 9.49 10.33 12.91 8.22 5.36 3.46 2.54 3.02 4.53 2.15 1.28
7.44 7.16 8.09 10.28 7.77 9.8 5.88 6.23 18.24 10.61 7.24 10.52 6.36 9.88 17.05 7.75 10.28 10.63 6.12 2.91 2.79 2.57 5.24 6.74 8.43 7.97 7.08 6.95 12.24 11.19 9.84 9.47 6.8 6.75 4.88 16.96 7.17 5.88 4.68 4.09 5.17 8.95 7.45 4.84 3.48 3.84 3.9 6.3 7.74 4.67 5.18 5.69 4.04 5.08 12.84 10.36 9.43 5.82 2.89 2.39 5.19 5.98 1.98 1.74
