6.48 3.34 1.64 1.62 2.08 2.43 6.78 4.75 6.02 11.33 15.56 17.86 11.13 7.85 6.52 7.71 9.31 7.89 7.8 4.63 3.98 6.13 6.1 7.08 6.87 9.32 6.99 5.84 4.29 8.25 10.66 8.2 11.06 3.78 6.09 9.23 8.79 6.11 7.32 7.88 10.77 12.73 12.51 7.04 9.88 9.92 10.99 10.78 16.56 16.95 19.49 30.51 11.16 8.92 10.21 15.48 7.6 9.6 4.77 2.72 2.36 3.49 3.55 6.53
2.07 2.78 3.4 1.93 2.74 1.62 3.29 5.14 4.54 7.27 15.83 19.22 7.75 5.39 3.01 4.81 6.15 8.23 4.24 7.12 5.92 10.2 5.83 6.32 5.82 9.23 13.04 10.21 7.06 10.6 13.45 6.94 5.82 6.34 9.09 5.2 8.52 8.17 7.55 9.1 12.47 6.45 8.26 4.94 8.58 8.64 13.8 7.13 9.55 14.89 17.76 25.86 6.9 7.75 4.59 19.95 10.64 11.38 6.35 3.79 1.42 1.25 2.73 5.51
1.56 2.02 5.86 4.6 5.05 2.33 1.91 2.69 4.12 11.84 11.63 13.25 11.19 3.22 3.88 6.79 6.88 9.72 5.09 6.28 3.11 6.23 8.39 11.42 10.55 14.52 11.31 9.61 9.7 10.5 7.17 6.23 8.35 3.58 4.38 3.66 7.72 11.0 11.7 6.8 9.74 4.66 5.55 5.84 6.85 6.75 11.69 10.06 4.58 9.03 19.77 14.57 18.25 11.86 6.71 9.32 14.28 19.48 6.86 5.15 3.48 3.34 2.23 3.25
1.8 1.83 4.08 5.57 4.53 1.84 1.82 8.23 5.83 11.84 16.09 8.2 3.95 1.93 1.74 4.77 7.63 17.76 6.04 4.75 3.52 3.17 3.68 4.73 7.58 12.82 11.2 5.46 4.41 7.55 8.21 5.73 6.4 5.93 6.25 4.62 5.51 11.5 13.16 10.13 8.67 4.3 3.02 6.87 12.07 16.59 10.56 8.28 7.91 10.95 10.87 11.9 11.61 11.22 8.31 11.84 12.37 10.32 12.76 4.54 4.27 3.83 3.51 1.89
5.03 2.92 2.85 6.25 3.8 3.2 2.2 7.65 10.96 13.85 8.1 3.74 2.31 2.01 3.48 8.19 7.06 16.35 17.05 7.5 3.02 2.7 3.99 2.71 3.95 4.3 8.1 7.22 6.61 4.25 8.37 8.96 6.66 4.0 5.37 5.01 6.15 9.6 15.84 12.67 8.64 5.61 3.87 14.92 18.79 22.23 11.7 9.22 6.13 10.69 6.65 5.29 7.02 15.05 12.81 8.57 8.22 5.34 5.78 3.52 4.26 4.03 3.49 2.38
5.71 6.4 2.95 3.52 3.66 2.58 3.92 7.25 8.08 14.33 6.32 4.2 2.43 4.12 3.23 6.63 9.82 9.73 11.55 15.49 6.83 3.74 3.54 1.97 4.03 6.61 6.48 7.18 13.15 8.05 8.17 4.24 4.55 2.83 5.3 4.73 7.24 17.05 14.44 13.27 4.31 4.79 9.08 9.28 20.29 26.76 6.62 6.18 10.29 9.28 4.62 4.56 4.33 16.96 13.73 4.68 2.75 5.4 5.73 3.74 3.72 5.66 5.18 6.08
8.49 13.85 5.62 2.91 2.21 3.78 3.73 7.55 9.55 11.65 9.44 6.44 6.63 5.93 7.74 5.99 7.71 10.91 6.23 9.69 6.85 5.28 3.34 3.19 5.42 6.03 9.26 7.67 7.89 5.03 5.75 4.97 8.3 3.31 2.81 4.4 9.33 10.76 6.89 5.13 5.77 5.6 10.12 13.62 8.24 14.68 15.95 7.33 5.13 3.8 6.44 3.64 5.29 8.19 8.55 5.92 4.35 6.34 5.18 3.89 4.35 10.49 8.78 5.28
4.9 11.13 6.48 3.87 1.92 2.25 5.74 9.38 15.25 12.93 9.93 10.0 10.37 9.49 5.4 7.16 5.2 5.13 4.29 4.83 5.23 7.67 4.81 5.13 8.35 7.95 8.84 8.91 5.02 4.4 6.78 4.16 7.34 8.76 2.93 4.13 10.31 8.03 4.71 5.26 5.32 8.39 9.2 5.34 9.4 10.69 13.07 8.13 4.26 4.34 5.83 6.44 4.21 6.8 6.71 10.27 6.74 6.21 8.52 5.63 7.96 5.46 9.92 5.21
8.64 8.87 9.82 4.4 4.86 3.89 6.18 12.62 8.34 12.24 6.48 5.73 8.13 7.15 6.19 3.91 8.31 7.84 4.5 5.64 3.83 4.11 3.76 4.84 5.45 8.93 9.89 9.76 8.42 4.34 3.25 8.11 12.79 8.14 7.51 6.12 7.3 6.87 5.86 8.61 15.19 13.16 23.97 7.67 7.08 9.5 13.66 9.3 4.59 4.23 4.01 6.77 8.51 4.44 2.76 12.99 11.06 9.0 9.41 4.8 13.02 5.16 4.45 3.89
9.88 8.21 8.43 4.42 3.64 4.28 5.98 9.07 5.99 10.79 12.26 5.92 6.68 6.09 7.11 7.22 6.65 8.75 4.39 4.66 5.58 5.27 6.12 10.41 12.44 8.18 9.26 15.27 12.48 11.26 3.58 5.73 5.03 5.93 5.54 5.97 4.01 6.64 11.63 11.19 33.14 19.28 15.92 10.41 6.42 3.65 3.45 5.64 6.97 5.12 3.03 7.33 7.02 4.34 2.27 5.44 9.14 11.15 18.02 5.21 7.61 5.91 3.19 4.09
4.11 11.35 7.15 6.31 9.38 11.96 7.99 7.3 9.74 11.16 16.77 11.36 5.98 4.76 6.82 8.5 6.23 7.08 7.8 4.52 7.08 6.51 7.14 7.65 14.43 13.3 8.98 9.61 7.9 9.27 7.5 9.49 8.44 3.4 5.55 6.29 4.72 3.11 3.41 5.83 12.84 11.19 13.94 31.71 12.99 8.17 5.28 4.01 6.25 9.17 4.25 3.57 4.86 1.76 3.43 6.93 13.59 10.6 15.0 8.42 5.01 6.1 4.73 9.02
5.13 7.12 8.01 14.91 7.77 8.46 7.74 7.46 6.57 20.19 12.7 9.34 8.66 7.48 7.69 12.85 5.38 3.07 4.94 12.27 4.73 4.67 3.9 7.81 19.11 10.73 15.1 15.86 10.98 10.75 7.64 4.74 9.75 5.52 2.71 2.72 2.86 4.02 3.95 2.73 8.93 12.66 9.25 30.11 20.32 13.47 5.44 4.78 7.25 6.35 5.91 3.28 6.05 3.88 4.73 5.62 11.35 15.04 7.07 7.21 4.73 2.9 7.89 14.85
4.8 6.28 5.58 13.72 18.06 8.69 12.05 17.95 8.96 16.53 13.51 9.92 7.49 5.66 7.01 9.14 6.1 4.18 2.79 5.33 5.1 6.2 2.47 5.08 12.99 12.94 14.21 16.54 11.59 6.26 7.57 8.65 7.41 5.87 5.08 3.54 2.71 3.47 4.23 4.29 7.12 13.46 11.15 23.6 27.31 11.91 9.66 4.58 7.39 6.58 4.58 2.61 6.81 5.7 6.12 5.61 6.57 7.17 5.55 5.57 10.01 7.65 12.79 27.28
4.82 4.91 15.78 13.29 15.12 7.74 8.01 9.37 7.3 19.22 16.12 10.72 12.84 5.4 5.61 16.71 6.71 5.52 5.7 4.47 2.54 3.63 3.49 6.07 14.38 5.47 17.18 17.33 6.18 9.94 5.44 16.46 10.09 7.06 3.12 2.71 2.72 7.92 7.42 8.12 14.1 18.7 26.44 15.76 16.89 11.29 7.26 8.8 6.88 4.76 5.04 3.56 4.22 8.19 11.97 10.72 5.67 4.27 5.42 6.02 10.53 18.77 18.5 10.02
6.73 6.7 9.89 14.86 21.09 9.66 10.27 10.13 3.63 6.65 8.16 5.67 7.6 9.96 10.17 12.96 14.98 4.76 6.41 6.42 2.79 2.12 5.32 5.77 10.66 14.74 11.82 11.87 7.47 10.65 10.96 12.35 14.49 5.35 5.57 6.59 3.47 7.63 8.8 11.56 10.32 16.02 47.49 25.35 17.63 9.29 6.96 8.72 10.23 7.65 5.31 5.66 3.29 7.51 12.2 9.25 7.05 9.79 7.88 9.07 20.48 8.0 15.23 11.97
9.49 27.73 15.3 8.68 10.87 15.62 11.49 12.03 5.65 3.97 2.99 5.84 8.37 8.39 16.75 18.84 10.88 7.1 9.49 5.98 3.65 3.03 3.8 10.09 14.26 17.18 12.39 14.44 11.99 9.62 11.83 9.13 8.12 6.77 6.82 5.17 4.02 8.83 17.49 14.08 14.92 10.95 25.59 16.53 12.7 9.5 7.48 17.24 10.02 13.39 8.86 10.28 7.47 8.24 7.39 7.68 5.57 8.43 12.0 6.79 6.05 10.17 11.38 10.47
9.39 16.96 20.91 10.68 9.84 9.64 12.77 14.63 5.85 6.08 2.64 3.6 5.76 7.14 10.65 5.96 12.98 10.14 8.91 7.96 6.57 8.25 7.08 9.13 11.89 18.11 13.64 28.26 16.33 11.54 11.63 8.17 10.2 12.45 19.17 11.01 8.34 4.7 13.22 12.83 15.55 9.45 13.06 16.59 10.31 19.22 13.89 12.03 11.96 5.93 9.05 5.46 7.88 5.42 7.32 5.22 3.25 6.88 8.72 13.64 5.93 4.35 8.81 8.55
10.95 12.58 17.07 13.1 13.72 10.26 11.09 11.15 5.2 7.83 7.95 6.84 6.18 4.33 5.38 7.01 7.79 12.03 7.56 6.21 6.13 4.3 11.56 13.81 7.8 7.5 12.28 18.96 13.41 18.74 9.5 7.67 8.13 14.95 16.56 17.18 12.64 9.56 6.4 10.36 19.6 15.41 7.24 18.86 10.33 6.55 12.77 10.43 7.95 4.52 9.23 5.77 6.07 6.64 7.45 4.8 2.64 4.75 7.67 7.0 10.21 3.96 4.75 6.74
10.26 8.14 8.44 8.31 12.21 17.8 11.06 10.01 5.91 4.37 7.08 4.26 3.38 3.34 4.22 5.41 9.58 9.94 12.7 5.15 4.19 8.93 9.89 9.36 12.96 5.55 6.88 5.91 12.28 14.95 20.11 14.26 13.12 11.54 11.26 23.54 16.21 32.91 20.09 14.81 7.09 14.47 10.01 9.73 10.7 11.09 11.29 8.98 9.03 3.83 4.47 7.62 7.59 3.88 4.84 2.67 3.35 4.52 6.0 6.63 6.49 3.61 4.85 6.05
5.54 7.69 7.63 7.39 12.13 15.81 7.62 5.21 5.13 5.4 6.23 6.58 3.97 3.83 5.71 4.02 5.86 6.32 9.15 11.49 7.57 8.78 12.89 10.87 11.24 7.0 14.47 6.35 6.47 10.91 10.16 10.59 16.17 11.43 7.36 24.21 26.75 36.8 22.15 27.25 18.37 13.71 18.61 12.44 4.9 6.99 7.03 7.48 6.15 5.53 6.45 6.26 13.3 3.05 2.56 3.03 3.25 6.86 6.32 3.29 3.37 3.36 2.93 3.03
4.79 4.95 4.79 7.97 10.89 8.0 8.92 5.82 3.17 6.19 6.22 3.51 5.84 7.73 10.65 4.71 4.12 4.67 15.92 7.58 11.18 22.93 12.02 10.41 14.07 6.61 10.5 11.62 5.35 8.81 10.17 6.52 11.22 10.99 6.48 17.1 25.23 33.49 18.3 9.33 10.15 14.12 13.81 9.27 6.98 6.64 8.91 7.56 5.39 3.07 7.01 5.23 5.74 3.42 3.11 2.74 9.95 9.05 5.74 3.15 4.31 2.48 1.94 2.01
4.63 6.54 6.52 4.89 15.31 7.58 6.11 5.83 2.44 4.36 5.97 10.67 13.15 14.16 13.3 7.92 5.97 2.69 7.73 6.66 7.19 17.4 18.66 12.32 10.52 6.78 8.93 9.23 6.59 13.83 9.2 4.93 3.69 7.44 4.05 8.55 11.64 12.1 12.33 12.98 17.05 9.86 8.57 7.09 8.67 4.17 3.97 4.18 6.69 7.88 4.85 5.44 7.49 6.54 11.66 5.85 3.96 7.71 4.79 1.29 2.67 2.22 1.89 1.6
3.4 3.3 5.9 5.84 10.0 10.51 10.23 7.3 3.38 5.52 9.82 15.8 23.02 8.11 10.03 6.47 6.04 7.47 7.96 6.48 8.75 13.25 10.12 16.36 9.94 6.29 5.42 9.11 4.65 8.15 6.64 3.63 4.31 4.23 4.67 4.96 6.98 8.43 7.37 7.09 9.13 10.01 11.53 6.01 5.28 4.99 8.3 4.5 10.87 12.5 9.28 4.74 10.42 6.83 5.77 12.51 5.87 4.25 2.11 1.81 2.71 2.87 3.24 3.16
5.57 6.22 5.71 5.9 13.15 8.83 10.5 6.07 3.2 3.86 9.44 14.57 24.73 13.2 12.5 5.84 4.7 5.44 9.08 7.68 5.28 8.73 8.64 18.71 7.56 9.98 4.89 6.0 6.04 7.46 4.46 4.35 3.5 1.84 3.75 6.13 3.95 5.87 8.1 8.83 12.02 12.29 13.56 10.81 6.26 3.82 9.6 7.34 7.84 6.04 7.99 10.97 8.58 4.76 3.09 5.41 5.03 5.43 2.81 1.92 2.13 2.36 0.85 1.71
2.45 6.91 6.15 4.89 5.06 7.43 8.89 6.12 7.41 7.25 16.7 20.07 27.81 10.94 7.35 7.06 12.46 10.57 8.07 8.57 7.67 11.58 8.66 15.88 18.84 17.62 11.15 4.68 5.22 10.81 9.67 3.64 2.27 1.79 3.31 6.02 6.3 5.1 6.39 10.32 16.4 9.44 5.17 3.24 3.71 7.62 10.86 7.6 7.1 4.51 3.97 4.88 7.03 4.36 4.21 3.41 4.6 5.27 4.64 4.46 2.04 4.29 2.52 1.8
3.16 4.45 5.15 4.61 12.11 12.51 4.52 3.63 10.89 16.37 9.37 24.13 16.76 15.16 5.01 4.69 8.37 14.2 12.92 15.56 6.59 8.97 13.78 10.3 10.8 11.44 9.23 5.08 9.47 12.66 18.2 8.88 3.55 2.21 4.14 5.41 5.76 8.9 3.2 10.49 25.55 4.64 3.83 5.15 3.38 3.17 9.43 5.92 3.33 7.38 4.05 6.7 11.55 13.84 7.04 3.93 5.27 7.85 6.84 6.76 5.29 1.73 4.69 6.26
4.33 3.73 4.78 9.18 13.3 15.14 10.25 4.35 6.18 14.3 7.05 11.26 12.41 8.91 5.93 5.58 5.06 16.26 8.17 12.34 12.51 11.68 4.76 7.26 13.18 7.33 10.83 4.96 10.11 9.75 16.38 16.53 6.68 4.11 5.75 8.29 5.38 8.0 7.39 5.87 21.16 12.8 4.8 2.69 3.79 5.21 4.31 5.39 2.27 3.91 5.66 8.61 34.02 19.64 16.26 10.92 6.66 11.56 8.82 6.35 4.55 2.8 4.94 6.65
2.94 5.52 8.26 14.23 26.41 9.97 8.22 3.82 3.3 5.83 6.1 5.62 8.06 11.28 4.07 7.18 4.72 7.35 7.92 5.09 5.5 7.64 7.25 5.22 9.2 8.57 6.14 4.65 6.07 13.27 9.0 17.12 11.93 8.72 14.06 13.45 12.44 9.17 10.46 14.36 17.06 14.89 10.57 5.28 3.14 6.9 4.07 5.99 3.78 1.87 4.5 12.53 22.47 22.95 19.2 10.02 7.08 5.67 4.99 4.55 6.43 2.87 6.92 7.73
2.8 4.27 10.68 14.42 10.53 10.07 7.3 3.56 3.69 4.19 3.82 4.11 6.3 4.29 4.25 3.72 6.15 4.26 5.4 5.45 6.86 5.75 5.72 6.03 5.77 5.69 4.87 4.75 3.6 8.26 15.12 12.9 18.38 12.93 19.59 21.13 12.29 14.81 13.58 12.87 17.66 14.9 7.87 11.13 6.17 5.56 5.08 5.31 5.71 5.56 4.12 7.91 12.87 10.63 14.95 9.92 8.13 6.92 8.24 4.54 4.81 2.55 5.79 7.2
3.73 7.75 7.38 10.57 10.26 8.89 5.98 7.24 8.31 5.51 2.22 1.87 5.18 5.32 4.24 3.12 4.35 4.17 7.9 3.78 3.22 9.57 14.34 8.11 3.62 3.04 3.72 4.92 5.75 4.96 13.08 21.26 28.4 14.72 5.78 12.08 16.0 16.22 20.78 8.86 8.17 12.18 13.78 6.53 6.3 4.33 6.44 10.26 3.64 5.36 5.78 12.79 8.42 5.71 8.83 10.01 8.09 4.44 3.63 5.81 5.81 3.5 2.83 6.15
5.36 9.86 9.29 9.89 7.88 7.84 16.81 16.58 11.01 4.12 4.8 2.79 2.65 4.74 3.3 3.36 5.79 2.85 3.66 7.19 5.83 7.8 8.51 4.68 2.4 3.21 4.91 8.81 6.29 4.51 9.97 17.22 16.38 7.2 7.52 12.78 16.61 15.14 16.15 10.73 18.19 11.12 7.56 5.47 8.46 6.55 7.76 5.89 11.74 14.11 14.72 11.17 8.97 4.92 7.26 10.36 8.44 10.07 4.48 5.17 3.79 3.46 3.25 5.33
6.76 6.73 7.94 5.81 9.82 4.66 10.46 12.28 10.75 3.84 2.86 3.3 1.97 2.89 4.01 3.89 4.51 2.8 3.48 4.66 5.85 8.4 4.36 3.7 2.68 4.37 7.96 10.68 9.71 5.17 7.32 10.2 8.96 20.01 18.0 18.25 19.22 16.22 11.13 14.2 28.18 11.28 9.28 5.44 4.75 5.16 8.24 8.11 9.8 14.51 11.61 10.8 7.95 4.38 5.61 6.78 6.41 6.68 5.06 4.63 6.09 4.6 6.6 11.68
10.81 4.9 4.8 8.96 9.2 6.66 6.03 5.51 6.39 3.41 4.05 3.24 2.82 4.08 3.8 4.56 4.83 2.68 4.5 17.31 7.61 4.29 4.45 6.4 3.97 2.29 8.17 6.13 9.32 9.27 5.01 8.65 11.09 9.17 33.64 28.56 23.23 17.11 15.84 12.53 12.53 10.04 8.56 5.74 4.34 6.51 8.5 12.2 18.74 11.92 5.65 11.81 8.24 4.57 5.91 6.3 6.7 7.26 6.95 3.67 6.84 10.23 8.19 7.73
14.44 11.82 7.66 14.77 15.49 5.95 7.84 4.08 2.22 1.63 1.65 4.99 4.32 7.64 6.47 5.82 3.9 8.6 5.51 7.81 12.03 8.08 6.55 5.83 9.8 6.98 8.64 5.96 3.29 6.53 5.73 7.17 13.24 8.84 16.5 16.73 23.94 10.11 20.1 15.4 8.31 7.36 10.55 5.18 5.67 12.69 7.57 8.51 9.17 16.82 10.74 10.38 7.67 5.12 7.27 5.72 4.65 5.11 6.1 12.61 13.51 8.39 7.63 6.54
10.42 13.5 13.67 9.43 12.05 8.44 7.93 4.52 5.23 7.95 2.12 2.63 4.71 7.93 10.11 9.75 3.07 5.57 8.08 7.65 15.47 13.07 9.7 11.75 8.75 8.52 8.41 5.83 2.76 1.94 3.22 4.65 9.13 8.32 12.86 4.98 6.89 19.73 17.16 12.53 12.33 4.87 9.24 11.91 12.1 11.4 11.61 10.0 10.45 26.16 23.79 10.23 6.87 5.09 7.96 3.47 2.19 4.4 8.48 9.89 11.53 10.12 7.47 5.32
7.27 11.95 10.08 27.18 18.19 10.98 7.53 6.69 6.05 8.26 3.02 2.55 4.55 7.48 9.93 11.11 4.86 8.11 9.96 8.02 15.15 17.88 7.13 8.68 7.12 5.19 8.33 5.01 4.32 4.21 2.51 3.19 13.4 23.85 8.23 5.32 4.01 7.75 23.47 6.54 6.2 9.67 14.6 17.08 17.74 12.84 10.14 13.39 10.52 19.64 11.65 6.45 5.36 3.76 8.68 3.71 3.31 3.97 6.15 5.93 6.83 8.37 15.05 9.52
4.75 12.91 9.44 13.11 10.59 11.54 7.03 6.21 4.53 13.89 6.73 5.0 6.72 6.5 10.35 7.78 8.13 6.58 9.39 10.47 8.83 19.73 7.82 11.75 6.74 6.33 8.91 12.82 11.4 5.63 6.15 3.37 6.21 14.76 17.61 8.4 7.2 16.47 30.47 22.22 7.37 7.33 12.09 11.98 11.51 8.85 9.02 13.47 8.87 9.57 9.11 6.22 5.17 3.48 4.46 3.91 4.1 3.74 2.59 3.14 5.82 7.8 10.34 7.2
7.72 8.0 9.5 13.77 7.54 13.75 9.33 7.3 5.24 8.51 12.08 9.27 7.7 5.97 7.74 11.17 12.03 13.51 9.65 8.77 10.12 18.97 12.23 9.12 14.5 11.7 5.15 6.05 7.85 17.04 9.81 5.3 7.52 12.61 14.02 9.6 8.83 8.92 23.53 29.17 7.49 3.62 5.97 7.19 8.77 8.89 5.79 6.06 12.63 15.31 7.7 2.75 1.57 3.91 3.6 3.44 3.4 4.43 4.33 7.95 8.5 9.93 8.04 6.17
15.36 18.62 9.05 6.61 7.56 11.16 7.0 5.28 10.81 6.92 10.65 15.42 4.99 14.68 8.92 8.86 9.73 7.39 9.68 9.34 9.06 10.11 15.15 12.94 12.42 12.16 5.05 5.88 9.56 13.31 13.42 9.96 10.82 12.28 11.61 7.58 7.83 14.2 13.94 28.69 8.69 4.59 10.48 8.8 10.93 5.33 6.73 4.02 6.68 6.24 4.71 5.21 1.96 2.44 3.21 3.83 4.36 4.38 3.36 6.29 7.64 7.55 6.22 2.87
13.82 9.13 12.54 7.74 3.6 6.99 7.98 7.66 9.88 6.2 3.12 11.09 4.23 9.51 11.16 11.71 13.15 11.74 7.78 6.64 8.87 9.63 9.68 8.78 9.68 7.34 5.71 7.99 16.46 16.3 12.68 9.09 9.87 13.15 15.56 15.35 8.52 13.37 5.91 5.06 7.18 5.82 7.62 10.44 22.87 13.7 6.96 5.49 3.6 4.63 3.49 4.09 3.95 3.21 4.16 4.43 3.76 5.45 4.41 4.98 7.14 4.47 6.43 3.49
17.03 9.54 8.35 8.09 3.52 7.31 4.92 7.51 7.36 8.18 3.22 6.09 6.2 5.4 7.32 10.99 14.13 13.9 6.09 6.43 4.95 5.56 3.61 6.67 9.42 10.01 10.11 11.88 21.67 19.68 17.54 6.98 5.54 11.4 16.8 15.6 26.62 16.08 8.09 10.54 8.76 5.47 4.89 8.46 11.49 16.36 9.06 5.08 3.49 5.04 5.22 3.64 4.23 3.85 3.4 3.37 4.74 5.6 2.93 2.41 7.78 4.34 6.18 4.55
21.92 5.62 3.97 9.44 7.78 4.99 6.48 10.27 6.01 6.53 4.45 6.89 6.29 5.28 7.43 9.7 8.66 13.9 16.93 9.01 6.73 4.92 2.84 6.48 8.17 9.58 7.87 14.21 31.21 26.11 8.02 7.85 8.12 10.35 20.13 21.84 21.26 17.11 10.93 8.65 6.43 4.85 5.8 13.67 17.74 20.46 8.32 7.0 4.44 6.04 3.05 2.61 4.94 3.64 3.37 1.59 4.25 4.2 7.38 5.26 6.93 6.07 6.49 7.53
26.02 14.99 5.36 7.84 7.67 8.42 4.56 5.78 5.37 5.17 7.68 9.49 16.85 6.12 7.87 12.9 12.92 11.39 9.75 7.91 6.06 8.17 3.91 3.69 6.66 6.05 11.27 9.29 11.27 18.79 18.25 8.73 10.61 14.84 13.75 33.25 17.06 14.33 15.57 19.35 6.67 7.44 9.18 14.89 18.65 13.94 5.69 5.14 6.87 4.84 5.01 5.34 4.49 3.93 4.59 2.44 2.5 2.74 7.05 11.29 10.42 9.35 11.21 8.98
11.45 10.33 8.67 19.3 8.24 10.38 10.94 4.69 5.75 6.2 7.44 9.57 10.63 7.34 5.95 13.49 19.56 16.37 12.79 8.18 5.29 5.96 4.44 2.36 3.59 4.24 8.7 8.56 7.58 6.85 16.7 22.38 23.08 25.77 17.19 20.01 17.48 19.1 9.48 11.79 9.95 10.52 12.06 15.84 20.12 7.42 10.55 4.73 5.46 8.4 6.67 3.72 3.32 5.29 4.56 3.51 3.83 2.92 5.89 14.84 10.65 9.65 9.14 11.54
8.43 14.39 9.4 17.36 19.58 10.22 7.05 4.14 6.72 7.06 9.51 11.96 8.1 9.31 7.25 9.21 16.09 12.4 12.21 10.98 6.67 7.15 4.5 2.65 3.08 5.7 6.41 9.83 11.07 18.6 14.57 20.17 21.92 19.82 20.39 20.4 16.11 16.17 10.33 11.16 8.16 12.8 16.43 8.52 9.19 3.01 5.91 4.71 8.33 9.05 19.44 7.42 3.57 3.1 3.83 3.02 6.14 7.31 4.94 14.75 10.22 8.86 7.42 9.47
14.18 10.38 13.31 9.66 14.35 6.03 6.71 9.21 4.46 3.58 5.33 9.85 5.27 5.68 9.65 5.76 17.41 16.61 11.74 6.09 4.3 2.68 6.07 5.63 2.6 4.11 2.72 6.99 10.69 15.89 9.85 26.47 21.29 17.36 19.82 20.51 15.06 20.41 7.82 6.77 6.43 11.1 31.0 12.89 11.03 5.82 8.08 6.26 9.41 9.88 9.42 10.15 4.87 1.37 2.32 5.1 9.56 14.43 17.67 6.65 9.37 7.64 9.12 4.89
20.49 8.78 6.05 7.88 4.69 3.95 3.75 5.19 3.19 2.37 4.85 4.74 5.47 6.84 5.23 4.77 13.64 13.11 5.79 5.08 4.62 3.48 5.26 9.15 4.82 3.42 6.39 5.42 7.81 10.55 8.3 13.99 12.0 19.61 24.31 33.25 21.89 24.37 9.89 11.08 12.19 13.34 19.21 10.91 11.34 6.61 5.08 9.64 9.52 11.2 9.39 7.97 4.54 2.14 2.59 3.34 7.86 9.26 8.3 5.65 8.04 6.36 8.73 6.43
7.97 6.55 5.93 3.88 4.76 8.26 6.48 4.02 3.15 1.95 2.26 5.29 3.14 3.35 4.55 4.45 10.36 18.94 7.55 10.25 5.88 3.96 6.33 4.07 3.65 3.61 4.03 4.93 7.5 9.31 9.09 11.24 15.18 16.34 32.4 42.19 44.11 16.61 8.18 10.32 9.27 16.05 25.98 27.0 14.76 12.75 8.2 7.95 7.17 7.77 3.58 2.9 4.3 3.69 4.01 3.63 2.71 7.31 9.23 5.03 9.66 6.25 4.37 3.58
10.32 10.69 6.92 4.28 3.27 5.54 4.32 2.5 3.56 3.24 2.99 4.1 5.52 4.3 5.68 9.13 4.19 12.13 5.84 5.77 4.9 3.57 4.28 6.5 5.9 7.29 4.07 3.88 7.81 14.09 8.55 5.62 16.95 10.16 9.6 15.71 22.69 18.5 21.02 16.94 7.74 17.13 20.13 16.37 13.91 10.36 5.43 5.74 5.18 3.46 4.36 3.52 6.84 9.43 6.09 3.91 3.15 2.49 6.9 7.86 6.09 6.31 3.91 4.46
7.12 8.74 9.39 7.34 2.37 3.72 5.78 2.95 3.64 3.36 5.86 8.27 5.3 8.36 7.09 8.7 5.95 5.73 4.49 4.31 4.61 4.85 2.93 4.46 5.68 4.0 3.61 8.56 4.45 5.79 10.39 8.77 8.2 12.8 6.37 6.76 10.95 18.75 13.19 7.27 7.19 9.99 8.27 10.6 13.52 6.94 5.74 10.68 6.57 5.07 4.4 5.59 6.55 6.59 12.08 2.22 7.34 3.71 5.38 10.58 7.59 6.86 7.11 3.17
3.99 7.54 6.37 5.93 2.87 3.29 3.37 2.22 4.57 4.84 4.41 6.6 10.39 12.05 11.28 9.29 4.41 3.71 3.26 5.47 4.77 5.32 3.27 2.13 3.54 3.95 4.36 9.12 6.46 4.55 4.5 10.7 7.37 13.86 4.94 6.19 10.18 15.68 9.83 7.07 5.39 16.37 11.31 8.33 9.5 9.85 4.37 8.58 9.19 6.4 16.39 13.37 23.99 13.08 7.02 4.45 4.01 5.9 4.51 10.7 12.96 5.36 5.98 2.7
3.5 3.48 4.11 2.37 2.6 2.47 4.13 6.03 4.54 3.04 6.3 6.78 4.34 9.84 9.21 6.14 8.07 3.24 3.33 7.54 9.2 6.34 5.5 2.72 2.58 7.02 8.21 8.85 5.2 4.69 3.58 13.05 8.87 9.0 7.95 12.16 9.02 6.36 4.23 12.25 6.95 7.8 14.77 8.69 7.82 12.8 7.67 6.72 18.68 7.02 5.59 12.42 16.4 20.33 8.58 4.43 3.21 4.42 7.88 8.51 7.62 6.61 5.21 3.99
3.09 2.41 4.43 3.81 2.38 3.14 4.28 4.97 7.26 5.91 6.63 7.72 7.64 5.99 11.28 8.69 9.31 7.8 8.75 9.46 7.74 10.9 9.2 7.0 6.26 7.22 8.34 7.91 3.0 3.07 2.97 14.43 6.1 8.58 9.41 7.86 8.18 10.25 2.57 4.26 11.35 14.29 12.68 13.41 9.72 7.53 16.89 15.98 10.82 10.65 8.26 10.35 12.65 7.56 7.74 9.0 5.36 2.86 5.11 12.39 15.35 16.94 5.97 6.63
2.77 5.17 4.87 2.23 1.93 4.58 8.0 10.49 8.41 7.32 9.68 7.03 8.13 5.97 5.83 11.38 19.62 9.67 13.86 17.69 10.97 7.02 7.74 4.87 6.25 10.61 5.78 5.55 1.87 4.07 4.81 9.19 6.82 5.61 12.53 14.36 12.32 8.46 4.82 4.81 7.06 12.96 18.64 19.52 18.83 18.52 10.57 15.46 13.43 12.36 9.75 13.12 9.78 5.73 7.83 8.02 8.53 6.49 7.23 11.5 27.99 22.62 7.5 7.2
2.85 6.06 6.85 4.06 3.26 3.9 8.81 8.63 9.49 6.75 8.76 14.2 9.2 9.56 10.98 12.7 15.94 15.69 7.13 13.68 12.06 4.5 3.13 5.34 3.1 7.65 4.48 4.65 2.73 3.54 6.53 8.02 13.42 13.88 24.53 24.53 16.25 9.29 4.64 4.96 9.99 18.64 14.56 17.62 13.69 14.5 17.49 10.43 8.89 21.96 12.22 12.1 14.69 7.55 6.9 13.42 8.02 9.8 13.67 13.07 23.94 18.19 5.88 7.21
4.84 3.35 4.85 4.21 8.75 3.12 7.53 5.1 9.42 7.84 8.12 14.05 16.31 13.65 21.4 14.63 5.63 10.42 7.83 5.32 4.08 4.05 2.28 3.4 2.96 3.71 7.33 11.8 6.0 5.01 5.0 13.1 13.19 17.26 39.44 53.25 38.88 9.02 8.0 4.34 6.12 19.42 9.71 16.03 10.7 7.27 9.7 22.52 7.4 8.02 14.98 6.63 11.33 15.36 9.25 11.44 10.55 13.82 24.01 21.17 6.36 7.49 5.41 4.1
2.73 1.94 4.09 3.95 7.32 5.05 4.26 4.28 9.39 6.45 10.41 11.94 17.59 11.98 16.2 10.98 6.35 5.64 4.38 6.58 3.83 3.78 3.68 3.26 3.14 3.44 8.69 12.21 9.16 8.61 9.88 14.13 31.79 29.54 29.83 62.33 46.25 9.82 2.53 3.27 3.83 17.86 11.26 5.54 5.38 9.26 10.68 11.02 6.89 8.65 9.35 9.76 8.76 12.5 7.93 14.71 11.82 11.46 35.46 37.65 9.04 8.77 8.18 4.81
6.05 2.24 2.69 5.08 3.21 12.23 5.29 3.31 6.67 9.18 15.58 9.85 10.23 8.4 14.62 8.32 8.65 8.17 4.16 6.23 4.45 3.46 3.76 3.06 6.4 3.44 7.03 9.08 10.24 13.05 12.66 12.2 13.86 22.99 21.43 18.32 21.25 7.26 4.94 3.1 3.45 7.49 10.41 6.64 4.49 5.26 5.71 13.71 4.23 5.34 10.53 14.4 12.34 15.53 13.55 14.92 22.83 17.33 14.06 20.74 10.48 9.33 15.68 9.68
6.27 2.93 2.62 6.21 4.08 6.81 6.29 2.94 5.06 11.66 16.52 23.48 10.73 6.77 10.75 8.32 5.19 4.05 4.28 5.57 7.34 7.61 5.91 4.41 8.21 11.31 8.62 13.11 10.62 9.41 8.19 8.66 9.4 16.37 23.73 11.58 10.79 13.18 7.88 5.51 4.32 4.36 6.72 4.95 7.91 5.75 5.36 8.42 3.82 4.21 11.19 22.74 12.37 12.23 12.85 11.42 11.77 30.05 17.59 11.05 11.98 10.63 13.23 17.45
8.43 2.88 2.68 3.74 5.76 3.03 3.06 3.3 5.14 17.79 23.47 16.85 13.62 7.73 7.86 5.63 5.74 4.53 5.64 4.51 6.79 9.36 12.84 7.98 6.81 15.37 13.82 17.5 11.09 6.91 4.08 6.47 8.65 13.16 7.67 10.48 16.15 15.28 10.94 7.2 4.59 4.34 9.04 3.64 4.0 5.45 5.49 7.67 5.54 2.48 6.71 17.66 15.3 9.19 7.11 7.25 14.74 21.49 15.55 11.92 13.53 7.57 9.45 21.43
6.2 4.05 2.61 3.17 7.14 4.79 2.63 3.49 3.7 5.4 26.57 21.11 13.4 8.93 12.2 7.16 9.15 5.95 4.49 8.69 8.34 9.94 13.32 10.23 5.67 10.4 15.3 9.76 10.83 7.55 4.77 8.42 5.26 8.16 7.97 14.89 19.47 15.35 4.93 8.22 7.13 6.54 8.22 6.69 4.89 8.27 3.9 1.71 3.83 4.75 3.59 7.97 11.68 9.01 9.72 9.52 9.25 26.04 13.32 6.67 9.06 4.83 6.62 21.48
6.56 4.32 3.99 5.98 5.35 6.43 5.45 3.4 4.79 7.49 17.99 16.76 14.93 12.7 14.84 9.11 8.87 8.88 7.16 4.45 6.96 8.76 9.82 7.28 9.57 12.01 10.25 15.22 7.7 5.53 4.35 3.91 8.12 8.26 15.44 12.48 23.81 22.6 18.44 9.37 5.04 10.24 5.98 6.26 2.17 2.56 3.42 2.86 2.61 4.62 5.56 9.09 9.9 8.79 5.26 15.29 7.56 9.12 8.06 3.27 3.47 6.53 8.98 11.27
3.26 3.99 7.75 15.22 20.7 14.8 10.99 10.37 5.07 7.79 11.82 8.43 10.81 14.0 13.86 18.33 16.13 8.47 6.88 7.88 2.78 5.8 7.66 7.21 4.78 10.61 10.82 8.55 7.56 4.04 7.27 4.37 7.1 15.13 16.37 14.16 18.87 12.35 10.31 9.13 5.63 5.7 7.59 6.29 3.6 2.58 3.06 5.74 4.65 5.92 6.55 9.31 4.75 13.53 5.17 8.12 12.54 13.42 6.72 4.85 4.58 6.55 7.0 6.65
5.28 5.56 7.06 13.25 23.04 29.11 12.69 7.81 12.27 8.41 12.64 11.64 8.32 11.73 12.45 12.34 9.11 9.03 3.08 3.48 4.02 11.79 5.78 4.67 8.46 6.31 12.53 6.91 7.07 9.12 11.23 9.39 5.54 12.05 13.18 14.14 15.35 12.89 13.42 6.6 6.62 6.74 7.22 5.31 3.74 3.56 3.37 5.67 4.84 8.95 6.2 11.15 8.37 8.03 4.84 5.97 10.48 8.51 5.46 4.27 3.35 5.25 4.8 3.72
