10.37 27.78 23.99 25.62 19.9 20.68 8.73 5.47 5.59 6.17 8.04 13.56 3.89 4.35 5.83 3.21 3.34 3.71 5.54 2.77 6.7 6.15 4.68 2.54 1.82 1.73 4.86 4.07 5.08 4.26 5.11 11.07 7.25 4.07 4.54 3.96 3.74 6.31 12.59 12.72 8.77 5.35 7.43 10.01 13.33 10.39 7.57 10.41 7.89 7.31 11.2 7.62 11.29 12.68 9.1 6.67 8.36 18.34 19.31 29.33 27.08 27.16 11.63 11.14
6.79 13.29 20.58 51.68 34.29 21.09 12.89 8.43 5.93 4.28 7.62 8.84 6.31 9.4 12.57 5.7 4.29 4.45 2.45 2.06 7.89 6.75 2.87 2.84 2.2 2.03 4.1 5.17 5.93 8.43 6.02 9.61 8.6 5.15 8.15 3.05 3.89 4.59 5.32 5.05 13.66 7.06 8.91 11.46 11.23 7.85 2.86 7.31 5.54 6.0 10.22 9.65 16.07 9.2 6.28 3.56 6.89 11.39 35.18 32.79 29.38 42.66 15.55 8.79
10.89 12.03 14.05 42.46 51.52 22.81 20.34 20.46 8.19 4.7 4.16 5.86 8.06 6.41 12.9 16.31 6.56 3.49 3.61 4.63 6.3 7.01 4.77 8.7 3.81 3.82 5.41 7.65 9.27 11.91 7.8 9.63 13.1 10.78 5.85 3.01 5.09 4.21 5.12 5.71 16.15 10.08 11.0 13.85 10.66 5.41 5.21 7.05 3.63 15.8 13.34 12.34 14.36 13.02 10.37 2.2 5.69 7.53 16.77 18.73 19.88 18.49 17.02 10.33
12.88 10.62 9.7 44.7 34.29 16.8 30.2 27.91 9.22 7.44 7.36 4.87 8.23 6.71 9.72 15.69 9.79 9.63 7.47 6.59 7.99 8.78 5.53 8.99 9.06 8.38 5.5 9.3 7.98 8.93 10.39 10.21 12.5 17.75 11.08 6.78 3.65 5.36 8.31 7.01 15.02 12.58 18.57 18.48 27.58 6.44 3.09 2.87 6.65 17.79 9.97 21.71 23.3 13.61 8.15 5.31 4.0 3.31 7.54 12.81 9.79 7.45 13.0 9.75
3.39 9.15 10.75 19.15 26.57 16.59 31.14 29.46 14.91 10.59 7.05 6.14 10.54 6.02 13.24 11.08 7.77 4.84 6.55 6.95 5.45 6.98 6.55 6.92 9.89 13.82 4.0 5.25 6.69 10.52 13.24 9.31 12.81 10.19 8.36 7.07 4.47 4.19 5.54 17.88 23.26 15.47 27.44 30.02 19.94 8.0 6.13 4.08 7.81 12.83 10.78 18.33 16.42 17.44 11.96 8.18 2.69 4.04 5.63 16.55 10.78 6.87 8.9 5.31
4.59 8.05 9.86 6.84 14.8 27.86 30.69 26.01 16.28 8.57 10.08 4.73 8.64 10.76 9.22 10.42 5.01 4.63 3.9 4.55 9.17 5.61 5.98 10.62 10.34 10.58 6.5 8.15 5.71 2.47 12.53 17.81 7.68 4.04 4.19 5.43 4.76 9.56 12.79 19.73 17.75 18.67 18.65 28.52 17.19 21.35 9.98 6.37 10.7 10.59 8.04 8.05 14.51 16.81 11.76 7.35 6.74 7.2 10.46 19.54 9.83 5.17 4.84 7.86
8.29 8.88 9.93 6.41 14.71 36.7 44.14 17.39 21.97 7.59 5.51 11.02 9.35 10.39 5.84 6.34 5.74 3.91 3.73 5.77 12.1 7.46 6.54 6.11 10.43 6.01 11.91 8.43 5.95 2.91 5.7 7.32 4.9 2.78 3.17 3.11 5.27 19.03 11.9 11.87 9.01 9.16 8.73 19.21 22.32 26.92 14.44 6.8 7.92 6.92 8.93 5.55 13.49 10.94 10.98 7.81 6.95 6.72 5.38 8.19 7.23 3.25 2.49 6.7
8.73 11.13 7.45 11.04 6.63 17.3 33.83 15.66 19.78 5.96 4.21 7.41 7.51 6.41 6.58 6.2 6.68 5.16 3.25 9.62 21.35 8.47 4.25 6.53 21.13 8.52 6.75 7.66 6.39 2.03 3.16 6.38 5.66 3.87 1.83 2.58 2.82 8.09 14.81 9.1 15.3 11.33 9.1 9.59 7.95 17.43 15.27 7.43 5.28 4.96 4.46 5.11 7.0 8.21 11.77 6.46 4.59 2.99 3.47 5.77 5.38 4.72 3.06 10.24
5.81 5.42 4.75 12.96 10.89 16.69 19.44 17.35 16.95 8.15 4.57 9.79 9.05 6.18 10.52 7.47 7.0 5.61 5.13 16.79 24.38 13.98 6.12 7.49 13.33 12.8 12.4 8.85 5.3 3.79 3.54 3.87 6.0 4.25 1.81 2.7 5.03 6.86 14.86 9.64 17.6 11.97 13.57 8.45 10.8 12.81 14.93 6.1 2.44 4.62 4.56 7.83 4.88 7.37 6.83 5.41 6.32 5.93 6.42 3.2 6.21 5.37 4.43 7.13
4.59 3.85 5.54 14.41 12.61 12.87 14.59 9.45 9.76 12.09 9.98 10.45 3.68 4.56 11.59 8.26 9.64 11.03 9.18 11.8 20.83 14.82 7.59 11.73 18.39 12.73 15.97 5.62 5.58 3.85 3.39 4.31 8.16 7.42 2.51 3.29 9.13 17.25 20.63 11.9 15.37 10.44 12.45 9.5 25.47 12.4 15.05 6.17 2.06 2.93 2.33 4.49 2.89 7.16 7.64 6.75 5.57 4.18 6.23 4.0 4.84 6.63 6.8 4.55
6.38 9.05 10.36 4.15 7.13 6.74 4.7 9.78 7.85 16.12 9.43 7.75 6.15 4.83 8.92 11.03 7.67 9.75 15.38 10.89 17.01 12.0 11.63 13.74 13.78 12.37 7.64 3.77 9.21 5.36 3.1 6.06 13.71 6.28 3.81 4.21 9.49 14.15 11.69 29.14 12.34 5.75 9.21 11.5 34.29 10.38 13.02 7.27 3.97 3.45 3.08 2.12 2.58 7.54 6.04 4.86 4.6 7.89 5.06 6.79 7.48 5.54 4.85 3.01
9.04 8.57 10.86 7.0 6.67 3.54 3.38 7.56 5.76 9.78 11.49 11.23 8.36 7.05 9.64 9.82 5.19 3.68 11.85 13.54 25.63 20.75 10.25 12.88 10.87 12.37 7.42 6.87 10.21 5.97 4.7 7.64 8.6 4.25 12.62 6.13 7.61 12.99 14.69 18.76 13.07 10.15 15.78 16.87 37.03 24.81 11.98 8.45 7.57 5.94 4.87 3.56 3.13 4.29 3.56 3.8 8.32 9.0 4.43 5.46 6.14 3.87 5.04 3.94
8.21 7.65 4.91 3.65 5.67 3.76 4.74 6.18 9.79 7.13 6.11 14.07 13.74 8.46 9.56 15.68 4.76 5.69 8.29 13.13 16.37 26.24 27.21 11.24 8.87 27.62 9.47 8.24 7.17 8.4 7.92 7.23 11.59 4.01 8.1 8.78 12.01 13.4 11.44 7.69 11.27 8.39 9.75 27.24 20.23 18.18 11.08 7.82 8.5 6.26 6.47 4.16 2.82 3.88 6.9 1.63 3.86 7.35 5.18 7.1 3.86 2.07 3.31 3.32
7.95 5.06 2.26 3.68 3.85 5.99 9.62 8.98 8.41 5.19 5.66 7.39 9.74 11.56 9.24 7.82 6.53 9.09 6.05 13.47 14.86 19.24 11.67 8.63 11.6 24.86 16.45 9.34 4.83 3.06 5.19 4.14 6.33 5.25 5.75 6.26 6.73 13.89 11.89 3.84 6.28 8.07 11.65 15.2 15.65 23.47 17.32 7.0 13.71 8.99 7.64 4.48 4.68 3.28 4.09 1.55 5.86 7.62 8.68 6.98 3.68 1.51 4.38 7.34
5.93 5.82 1.87 3.98 4.01 6.86 5.76 6.93 13.24 6.05 4.55 6.8 8.84 11.6 11.62 7.7 6.92 4.63 7.09 12.33 11.09 16.86 13.25 12.05 11.87 18.15 13.73 7.6 2.89 3.91 7.42 6.91 10.02 7.02 3.09 2.96 5.21 11.21 9.83 7.28 11.19 8.97 9.09 10.83 9.25 22.34 21.56 10.0 12.14 10.91 7.1 2.31 2.88 3.98 4.74 3.19 6.51 6.05 5.32 2.33 1.83 4.19 9.81 7.95
6.6 7.79 6.0 7.35 5.13 5.25 6.22 9.26 9.95 13.07 9.5 12.55 12.88 12.54 14.49 6.97 5.39 6.98 6.36 12.44 17.93 29.78 10.03 8.98 10.57 11.2 8.34 6.41 6.61 4.07 6.62 8.22 8.4 5.49 2.42 3.83 2.5 3.33 4.0 10.05 12.5 12.65 12.62 9.24 5.82 10.33 16.21 9.4 11.21 9.97 2.89 2.14 3.58 5.56 2.95 4.81 5.92 4.38 7.67 1.86 2.38 4.65 19.01 10.12
8.06 7.31 10.7 5.48 6.72 8.16 5.72 5.86 8.07 12.45 7.48 11.54 12.55 16.13 12.6 11.86 4.85 3.39 7.42 13.18 17.62 15.77 10.4 9.09 3.37 3.58 11.56 10.01 8.58 3.36 7.96 8.5 8.95 7.44 4.03 3.51 3.28 3.95 3.35 14.08 6.29 10.27 11.94 16.24 13.15 14.8 17.29 8.26 6.64 4.87 4.36 2.5 4.32 5.02 3.59 3.35 3.21 5.19 6.56 3.67 3.32 6.05 10.52 9.77
8.0 5.67 6.05 6.16 7.96 10.53 8.5 6.23 7.38 14.0 5.15 8.47 8.28 18.8 14.56 8.59 7.08 5.29 9.4 8.2 9.14 10.4 20.56 20.72 6.93 4.05 5.98 9.31 9.54 8.6 14.83 10.57 5.55 5.4 6.02 4.99 4.1 4.57 3.99 8.01 3.19 7.4 10.12 16.41 26.51 22.7 22.98 9.67 8.46 3.04 3.69 3.65 3.11 4.04 3.15 2.68 2.65 2.75 2.74 5.73 5.43 8.73 8.48 8.5
4.96 6.69 5.58 6.87 13.14 15.6 13.33 5.51 7.96 12.59 8.15 13.31 5.81 7.44 8.51 8.79 6.92 4.66 7.1 9.93 10.53 6.75 23.86 13.1 6.93 8.61 4.56 4.65 7.83 14.78 7.55 7.33 5.98 5.0 6.13 5.58 7.05 4.36 4.54 3.94 3.72 5.48 19.75 16.67 26.72 27.57 20.82 11.58 6.94 5.19 5.7 7.78 8.62 5.12 3.69 1.77 1.93 4.07 2.96 4.41 6.75 8.6 7.42 6.77
6.8 5.49 4.09 7.69 17.16 15.19 14.33 7.2 9.64 7.23 11.0 10.04 3.57 4.58 6.13 9.16 6.38 4.55 4.33 9.46 10.76 6.33 12.52 16.78 9.93 15.33 6.9 4.2 5.56 6.82 7.13 11.5 13.08 6.5 6.23 3.84 6.0 6.38 5.57 5.16 3.98 5.61 17.88 18.42 24.87 24.94 13.89 6.22 7.5 6.97 6.53 10.41 12.78 7.13 2.44 1.49 1.89 2.68 3.29 4.13 5.48 5.77 7.59 8.23
7.35 7.54 5.15 10.28 20.84 10.22 7.46 7.85 10.54 8.72 16.01 18.4 8.29 4.12 4.82 9.1 6.14 7.12 6.09 7.55 11.7 10.26 12.44 10.82 6.83 9.94 4.12 3.96 8.17 14.61 7.64 10.01 13.0 7.68 4.36 4.56 7.99 6.07 5.5 4.85 7.1 5.22 10.95 13.38 12.48 11.96 7.6 8.58 5.71 6.3 6.84 6.73 6.35 4.58 4.54 1.95 2.61 2.98 5.55 6.79 6.37 4.26 6.22 6.11
10.65 5.67 5.75 12.22 10.94 10.21 9.05 8.84 9.11 14.64 28.58 20.03 7.86 5.08 6.99 4.76 6.32 5.89 11.33 12.34 19.14 9.43 4.58 8.19 5.94 6.8 3.91 13.21 16.09 17.31 9.55 13.76 11.1 5.21 6.47 10.68 7.2 7.63 8.97 5.54 4.62 5.53 7.65 8.7 12.66 13.05 10.16 5.69 5.45 9.24 5.78 6.02 3.55 4.7 3.97 4.42 4.69 4.24 2.93 5.05 4.73 4.2 12.77 4.12
14.43 9.05 4.16 5.73 7.61 12.28 12.97 8.16 14.78 20.36 14.68 13.58 8.02 5.34 7.61 7.99 7.02 6.01 13.05 21.32 12.74 10.43 9.67 6.1 6.48 13.87 7.3 12.29 7.49 13.94 18.82 16.8 17.78 8.23 6.02 11.14 4.84 7.87 12.62 5.69 5.73 5.35 4.61 11.16 9.99 10.25 6.82 5.83 6.08 4.48 5.27 6.97 4.47 7.68 4.75 3.76 7.38 6.08 2.39 2.75 4.33 4.9 6.44 3.31
13.38 6.54 3.57 6.5 6.52 10.08 30.19 13.34 10.51 16.93 14.24 15.51 6.79 5.34 4.69 5.72 8.05 6.17 11.65 8.89 8.27 9.45 6.47 3.44 8.86 15.36 10.48 16.09 9.91 5.89 9.41 11.57 30.94 12.06 11.82 7.5 4.7 5.54 7.05 4.3 3.32 9.19 5.32 8.18 9.8 8.31 4.08 3.88 6.64 3.02 5.3 5.68 11.99 10.89 14.21 5.12 4.44 3.53 2.56 3.88 2.87 4.17 4.89 3.8
8.5 5.68 6.44 7.43 8.86 14.71 13.48 10.1 21.03 15.87 10.16 10.6 8.24 5.4 2.56 10.99 8.5 4.7 7.35 5.26 4.64 4.65 8.04 4.88 7.66 5.83 7.55 10.61 8.27 5.55 13.94 23.98 23.33 13.76 8.61 6.3 8.75 10.05 6.42 5.72 6.66 5.17 4.12 8.4 13.77 6.74 2.39 3.3 4.93 2.83 7.27 7.45 9.88 12.92 11.94 5.14 3.93 4.72 5.17 2.38 4.04 8.55 6.33 6.47
6.33 9.7 6.64 10.47 14.14 14.67 12.53 8.03 23.25 20.44 21.28 14.2 4.32 4.49 3.61 14.45 9.47 9.07 8.69 4.84 3.2 5.13 5.27 3.83 5.73 5.63 5.48 10.11 14.14 11.3 19.53 33.75 20.18 12.44 13.37 5.83 12.57 14.86 9.16 5.2 3.43 5.12 6.77 7.55 7.72 4.52 2.71 4.61 4.87 4.81 6.51 5.29 8.51 5.46 4.28 3.59 4.33 4.75 2.91 3.24 3.3 3.37 6.79 8.92
7.32 19.35 8.25 5.71 12.84 36.83 11.21 10.38 29.97 19.42 17.42 6.98 5.83 5.08 4.99 15.55 6.51 11.2 7.47 6.54 4.98 7.76 4.02 3.12 3.82 6.51 5.58 7.33 21.21 15.65 22.02 34.61 20.26 11.05 8.05 6.67 8.88 9.36 7.9 6.77 4.54 5.18 6.41 5.28 5.73 4.81 6.08 8.18 3.79 4.54 3.61 3.94 5.63 8.68 5.16 2.06 1.49 2.41 5.34 2.83 2.13 3.73 10.25 9.35
8.93 12.82 5.12 4.52 10.15 27.26 15.99 14.75 20.9 17.92 7.14 9.38 4.14 6.36 6.38 9.72 7.14 7.03 5.68 7.59 10.06 6.12 5.1 2.88 4.71 7.41 5.22 13.44 16.75 18.86 18.12 33.48 17.78 12.26 12.17 13.16 6.49 9.4 15.03 9.59 5.52 3.76 6.93 7.34 10.29 12.56 7.92 3.28 5.34 6.27 4.71 5.97 9.39 9.3 3.5 1.86 2.61 3.1 3.28 3.72 2.63 5.71 6.5 7.99
11.25 9.54 4.85 8.16 12.03 16.91 10.7 9.47 14.06 14.2 13.47 12.98 5.48 5.02 7.97 8.93 5.69 7.74 9.25 11.61 11.7 5.78 10.64 6.54 5.84 6.63 5.42 7.59 8.6 10.52 19.27 27.84 12.17 14.32 11.09 17.43 9.04 9.7 12.36 11.34 8.37 6.11 8.32 5.54 13.15 7.43 7.91 2.45 7.02 7.4 4.76 10.73 5.43 4.66 3.2 1.74 2.39 3.64 2.74 5.52 6.17 9.64 5.19 4.14
15.17 6.89 4.39 4.16 7.34 8.36 18.47 9.96 11.62 11.97 10.41 7.89 4.08 4.85 7.95 12.2 7.14 7.88 4.72 4.42 9.32 8.4 6.27 5.19 4.93 4.23 3.26 5.97 4.98 8.31 9.47 21.02 13.81 6.18 8.95 9.35 9.23 9.26 14.04 19.94 8.86 6.29 6.17 3.29 5.88 7.67 5.58 7.68 7.34 6.46 5.74 6.37 9.25 4.58 2.69 2.57 2.8 2.97 3.69 4.52 7.39 7.99 6.92 5.77
10.8 8.75 5.54 3.42 3.56 5.26 9.68 8.39 10.8 6.88 8.27 7.88 4.63 2.79 3.6 17.11 10.19 9.46 6.45 6.17 5.17 5.68 7.02 4.72 4.02 6.14 7.1 9.0 4.99 7.39 7.72 9.12 14.63 7.83 6.23 4.5 5.97 14.13 21.33 26.21 11.74 5.39 3.99 4.21 5.2 6.15 4.7 7.22 5.52 5.8 8.8 4.47 5.3 6.99 3.88 2.91 5.23 3.33 4.59 4.08 9.3 8.46 6.06 5.23
7.99 7.14 4.74 8.11 5.48 4.43 7.15 7.81 8.31 6.83 17.0 8.68 5.71 8.6 5.56 9.96 13.39 26.12 10.46 7.2 5.11 6.67 5.65 2.89 6.41 7.25 5.87 10.47 4.75 5.89 6.81 10.19 6.16 8.1 5.52 4.92 4.72 10.8 18.72 14.74 9.57 9.05 4.76 4.51 3.64 4.77 4.7 7.46 3.37 4.0 4.92 5.46 7.12 8.62 6.21 3.91 5.96 3.65 3.78 9.36 7.92 6.17 9.14 6.39
6.32 6.63 4.31 10.42 3.37 7.46 3.77 6.09 10.68 7.31 7.74 4.58 10.39 16.8 11.53 7.78 12.51 10.57 5.9 10.68 10.04 14.85 6.42 3.6 4.26 7.29 4.11 7.84 3.74 5.71 10.18 7.75 7.94 7.92 3.93 2.85 2.59 9.51 13.81 15.08 14.54 16.04 5.06 5.18 3.29 4.45 4.93 9.69 4.03 3.67 6.96 5.96 4.35 4.64 4.12 3.29 5.46 7.47 4.89 5.72 9.55 9.53 9.86 8.67
7.32 3.08 3.02 13.21 6.49 7.23 6.54 7.23 10.01 6.08 8.45 7.52 8.38 14.58 21.76 11.69 11.36 9.76 6.63 16.14 20.9 13.27 10.6 5.82 7.43 5.13 7.05 6.85 4.57 4.25 6.87 7.28 5.26 5.0 3.63 3.74 3.39 7.28 18.2 13.14 7.78 10.99 7.23 6.2 3.42 6.15 5.43 7.08 7.13 9.43 4.87 7.61 11.68 6.7 5.65 3.56 10.93 9.89 8.78 9.87 10.63 8.84 6.76 19.28
6.46 4.03 12.44 12.61 10.16 12.01 11.9 13.42 7.84 8.49 12.08 8.97 5.98 6.33 12.65 11.54 9.94 13.43 10.57 9.47 16.93 11.14 16.63 16.66 13.49 7.95 8.65 4.05 5.03 3.7 8.3 5.12 4.73 6.28 3.58 2.88 3.02 9.06 11.53 21.59 12.13 7.94 3.99 4.87 5.52 5.37 9.34 10.48 15.47 11.76 9.32 15.47 13.58 7.75 9.81 9.51 6.46 11.22 17.36 11.53 6.02 6.01 3.3 12.87
5.06 7.46 9.91 7.77 7.08 7.71 15.66 15.6 7.35 7.71 16.08 6.98 4.8 5.76 18.5 15.87 7.06 17.08 16.09 9.78 13.25 14.15 11.75 11.33 18.15 12.42 10.33 5.0 6.03 3.86 4.47 6.08 5.02 4.39 4.54 3.46 4.39 7.94 7.6 11.17 7.28 6.49 4.16 2.79 5.85 6.07 13.56 7.69 13.3 24.68 11.89 12.03 8.93 7.43 8.63 14.09 9.47 11.47 18.48 16.55 5.63 6.7 2.7 10.1
8.22 7.77 6.18 4.28 5.57 7.88 9.9 14.32 7.71 6.32 14.21 9.99 8.66 10.04 17.17 26.15 11.55 13.0 10.62 5.74 9.29 20.27 13.41 11.63 11.32 12.83 5.72 4.77 3.96 3.74 4.14 4.95 4.15 3.96 5.33 4.78 6.94 6.42 4.05 5.68 6.95 8.93 6.18 6.97 7.43 5.1 13.82 23.11 23.09 11.88 6.98 11.68 8.5 13.35 11.49 10.57 7.52 7.11 13.23 21.29 15.0 18.4 4.82 7.12
11.1 9.66 3.82 3.21 1.94 4.41 11.79 14.78 9.51 5.38 11.2 9.66 6.29 14.07 26.11 24.08 13.63 11.15 7.35 11.58 7.54 28.15 19.22 5.5 17.25 8.65 4.04 5.22 3.25 4.2 3.36 6.17 9.32 4.21 6.24 8.53 5.62 7.52 4.74 8.89 6.32 6.85 13.06 5.82 6.28 4.32 8.24 18.46 16.4 5.77 10.67 17.62 10.02 11.85 8.16 4.9 6.29 5.96 10.39 23.1 22.98 13.79 5.53 4.5
13.62 10.02 4.78 4.18 3.75 6.04 6.67 13.74 14.53 6.46 10.76 10.97 13.7 14.78 17.21 9.63 8.97 7.03 10.05 15.5 12.73 10.02 15.77 5.85 7.27 11.56 6.71 7.16 2.69 5.08 9.97 13.9 9.37 4.15 3.73 7.61 6.58 5.73 8.45 6.73 5.8 4.8 5.37 5.4 4.46 5.39 7.63 12.93 25.14 9.75 18.58 22.54 8.21 9.44 6.89 3.94 7.45 12.2 14.18 13.7 6.86 7.36 3.96 5.21
12.21 6.41 5.08 8.0 5.56 6.31 5.24 12.19 7.28 4.02 11.78 9.5 17.6 18.39 30.47 7.84 6.43 5.28 4.53 6.59 10.51 10.09 12.29 16.22 11.09 9.25 5.62 6.75 6.91 16.63 15.68 23.41 7.71 5.21 7.37 8.17 11.03 8.31 5.01 3.63 5.21 7.31 10.81 5.75 10.26 11.21 10.71 20.32 11.77 16.64 9.75 17.0 12.55 5.38 5.59 7.6 7.38 8.68 8.84 4.71 5.15 2.8 5.4 7.71
8.71 6.11 10.12 6.27 5.16 4.4 4.89 6.39 6.61 5.96 6.26 10.1 22.28 32.33 32.2 12.87 5.62 3.04 4.57 7.1 9.97 9.45 19.26 28.1 15.05 9.35 12.17 12.04 9.37 10.96 10.39 17.58 15.8 11.92 7.94 5.39 6.71 4.1 2.74 2.94 7.45 10.21 12.85 23.63 27.4 15.59 10.72 19.12 14.93 23.05 21.52 18.75 7.64 5.8 5.19 5.74 4.33 6.27 11.25 2.95 8.23 7.89 4.56 4.47
8.18 6.23 7.28 5.13 2.87 3.14 5.25 8.9 4.95 6.62 2.72 5.42 17.06 19.83 31.59 16.58 8.13 8.3 5.26 7.72 6.22 6.02 14.38 23.53 20.02 12.57 9.36 8.83 8.42 5.43 8.76 10.49 15.43 10.08 5.34 6.88 2.86 3.11 5.25 8.36 7.23 9.85 8.68 30.25 48.57 26.63 20.28 18.73 27.36 35.63 18.51 20.61 15.59 9.0 3.33 5.19 7.13 3.76 4.56 6.71 18.27 16.95 6.33 5.86
7.36 5.23 8.18 5.02 2.24 3.48 2.45 3.42 4.39 10.39 5.06 8.29 11.45 17.96 17.34 12.28 9.85 7.82 6.54 8.16 5.42 4.55 8.23 14.98 8.59 7.6 8.22 9.94 8.83 5.83 6.69 9.17 9.15 6.1 5.81 4.16 4.16 2.39 3.39 8.07 9.61 13.41 4.15 15.14 31.46 10.68 12.48 22.23 29.31 24.45 27.15 23.35 7.76 6.67 3.89 3.52 6.37 6.02 8.37 7.28 13.22 14.93 8.38 7.04
16.64 7.65 6.0 4.8 3.62 2.2 1.81 2.56 4.79 9.14 10.99 11.48 10.31 12.48 11.83 5.3 5.73 7.55 6.16 7.79 4.99 6.47 5.57 5.33 5.59 5.62 5.6 13.41 8.21 3.44 4.56 7.37 10.6 2.89 4.39 3.73 3.63 2.66 4.1 6.85 4.3 9.51 10.39 16.5 17.04 13.11 8.0 9.72 15.06 16.24 30.27 23.31 8.65 10.08 4.15 3.33 7.13 6.2 10.96 10.22 12.86 9.92 8.7 8.23
14.99 7.76 4.39 3.06 4.18 3.03 3.63 2.83 3.33 4.83 10.09 8.34 13.48 11.97 7.59 6.34 4.2 4.27 4.11 6.25 6.27 7.22 8.6 7.49 6.77 5.44 6.15 6.81 5.02 9.28 11.82 6.8 6.75 8.69 5.53 1.66 4.17 5.0 3.74 4.04 4.4 14.11 11.31 12.14 12.45 13.69 15.02 11.54 16.5 13.82 19.04 21.86 11.36 8.29 5.98 4.07 5.37 4.29 4.98 6.66 5.36 4.48 3.42 6.49
17.73 9.73 5.91 3.07 3.31 2.15 2.87 5.58 2.96 4.44 9.38 6.41 8.24 8.22 6.77 3.74 4.43 3.47 6.27 6.36 8.94 8.03 7.08 6.03 10.34 9.37 5.98 6.95 7.39 20.94 8.7 5.02 5.64 10.1 6.31 3.35 5.01 4.4 2.42 4.26 5.77 7.9 13.71 11.15 11.75 15.28 19.79 12.09 15.37 14.7 11.75 16.01 10.51 7.05 4.71 9.62 5.6 4.37 2.26 2.89 2.91 3.3 3.83 6.9
6.43 6.58 6.09 3.42 3.02 1.72 2.28 6.21 4.8 4.49 11.48 7.24 4.87 6.32 4.2 4.28 3.9 3.16 3.7 6.43 6.64 5.05 6.81 5.7 12.83 11.04 8.74 11.21 6.4 16.18 9.17 8.14 6.33 10.87 4.99 8.69 6.73 4.84 3.17 4.3 10.52 10.4 13.25 16.16 12.8 11.21 11.65 11.24 22.51 19.5 13.12 29.5 8.41 7.87 4.57 15.76 14.44 7.75 3.86 3.3 3.06 7.09 7.85 5.68
5.94 3.53 5.59 5.05 4.0 2.86 4.18 4.68 3.11 3.35 13.66 12.56 3.1 6.13 6.05 3.2 3.44 2.94 5.12 8.07 3.11 5.17 8.98 7.5 11.32 9.42 16.22 10.76 9.8 9.18 6.72 7.91 10.89 10.41 9.81 14.85 7.25 5.62 4.04 7.04 9.17 21.25 18.35 13.65 13.04 8.78 10.29 9.84 27.13 21.79 13.53 16.14 8.24 7.17 5.69 18.88 18.95 14.27 7.81 4.7 5.57 4.12 9.61 5.53
5.0 4.35 6.51 4.32 4.81 4.02 4.09 2.03 2.27 3.31 7.46 8.36 5.84 8.53 6.05 1.96 4.06 4.62 5.32 9.43 6.56 3.63 6.77 4.91 7.24 9.67 12.89 8.73 11.82 12.38 6.93 6.32 12.31 13.44 13.15 9.11 7.12 6.29 5.26 6.84 4.64 7.52 7.94 15.7 12.02 10.64 8.94 9.81 12.86 6.58 13.13 17.48 9.29 6.3 6.12 12.31 7.01 12.33 10.63 2.71 5.21 6.1 6.86 7.67
10.33 4.18 5.18 4.2 6.86 3.53 2.95 2.47 2.42 4.65 5.65 4.62 3.95 2.75 4.36 2.68 4.7 6.55 7.01 5.95 8.46 4.03 4.92 5.47 5.93 8.61 8.14 8.5 13.07 21.03 12.45 13.02 7.45 6.53 8.91 5.03 8.68 7.43 12.65 5.29 2.24 6.48 9.46 12.27 12.15 15.0 10.15 8.39 9.47 10.22 9.94 12.84 12.99 8.03 3.13 7.95 5.32 8.49 6.77 2.86 7.14 4.6 12.39 16.03
10.49 4.04 4.51 6.43 6.37 3.51 2.76 2.21 4.54 6.76 6.89 3.91 4.14 2.12 2.47 3.72 5.36 7.57 11.19 5.8 4.92 4.17 7.19 8.16 5.09 5.85 11.02 8.18 9.78 30.64 28.44 13.54 5.46 6.92 14.21 9.85 17.39 7.86 9.69 4.83 6.12 11.66 7.53 19.49 13.71 7.08 5.4 12.68 11.17 10.62 9.99 8.38 6.72 8.32 4.77 6.02 6.24 7.24 6.12 3.63 3.79 5.05 8.79 16.03
8.75 6.63 3.35 3.14 5.79 4.62 5.86 4.66 3.7 10.82 5.69 3.95 3.0 3.94 6.76 5.24 3.56 5.54 8.25 7.92 4.45 5.03 12.1 4.52 7.4 4.2 3.47 5.9 8.76 16.58 13.49 10.98 9.47 4.8 6.47 10.9 13.51 8.78 9.37 5.7 6.75 8.25 6.09 21.97 16.76 17.19 8.56 7.31 5.69 5.11 8.6 5.79 7.89 15.12 9.14 7.52 7.61 4.41 3.89 7.02 4.97 7.25 12.68 22.4
5.16 5.21 3.07 2.44 3.5 9.19 6.0 3.34 2.58 5.6 4.29 3.73 5.68 5.77 3.73 6.5 4.13 2.74 9.56 17.6 4.86 1.97 7.2 5.25 5.43 2.95 4.81 3.4 5.37 6.4 9.44 9.24 6.19 6.89 5.71 10.95 12.96 7.18 8.46 6.93 18.05 15.71 9.33 13.19 20.32 19.86 12.51 7.04 8.41 7.67 11.81 9.98 6.37 14.06 11.52 8.05 12.17 7.48 7.09 9.95 5.59 11.11 11.65 16.55
3.8 5.91 4.82 2.89 3.15 7.74 8.48 3.12 2.5 3.36 6.17 6.0 5.23 4.13 6.07 7.59 5.59 4.61 7.87 13.05 6.78 7.34 7.86 5.65 6.27 4.32 4.87 3.66 7.52 9.69 8.22 8.28 10.19 3.35 4.53 8.97 9.3 7.25 9.29 15.5 15.45 18.72 24.99 9.92 6.99 10.49 10.82 6.44 20.17 11.68 14.5 7.01 5.95 9.23 5.52 13.06 10.88 9.05 5.71 11.57 13.01 7.45 8.25 16.65
2.47 8.1 6.08 3.08 4.11 7.91 6.5 2.4 3.51 3.44 4.63 4.43 8.66 6.78 6.98 4.91 4.12 6.6 7.33 7.49 9.15 14.33 6.13 6.23 3.42 2.7 4.89 4.67 7.06 5.99 11.22 12.86 5.5 2.09 2.74 3.33 7.59 9.82 20.25 19.34 14.47 24.88 25.0 16.42 8.45 4.94 4.76 5.04 30.63 17.71 17.45 7.0 5.9 3.43 6.99 11.01 11.26 12.28 6.55 8.81 18.55 11.91 7.94 9.32
1.98 2.65 3.58 3.8 6.08 5.14 2.51 2.13 2.8 2.79 4.6 5.23 7.45 3.96 3.13 4.08 4.37 6.96 18.36 7.19 5.74 7.13 4.66 6.63 6.66 5.67 8.43 10.49 7.09 9.25 8.72 12.36 3.69 1.78 2.7 3.49 6.54 8.97 20.65 21.9 13.38 24.71 26.68 30.51 17.04 6.94 6.74 7.62 15.89 10.11 13.32 5.86 10.04 2.99 2.86 11.42 7.82 9.89 3.83 6.55 16.96 11.33 6.96 5.71
1.34 2.96 3.8 6.6 4.14 6.9 8.34 2.57 1.76 3.31 4.66 3.76 3.77 9.42 13.4 8.6 6.57 4.26 7.59 10.39 5.39 9.4 6.33 6.18 12.9 6.97 11.27 15.62 3.81 10.18 6.86 8.08 3.61 3.21 1.82 2.72 4.26 8.35 15.76 11.24 19.73 14.43 13.25 38.98 21.69 8.88 8.34 12.12 8.11 8.51 15.05 9.2 9.86 6.89 4.05 9.32 4.76 6.44 6.13 6.66 7.74 13.25 13.8 4.29
3.06 4.67 4.79 8.28 7.07 7.58 6.52 3.85 2.62 3.16 6.1 3.22 4.42 10.69 14.06 7.87 4.63 4.3 4.76 8.13 6.24 7.62 5.27 2.75 12.44 13.89 7.49 8.75 6.58 8.92 10.13 7.54 5.0 4.46 2.25 4.2 4.84 3.91 20.37 12.53 21.12 17.34 12.35 21.07 6.96 8.29 9.2 18.2 12.37 17.29 20.0 13.23 10.81 7.52 5.63 4.68 5.68 7.36 5.43 5.52 4.57 8.61 15.7 5.71
3.38 3.41 3.99 8.38 16.14 9.24 5.77 5.05 3.22 2.74 5.02 7.51 10.07 10.22 10.52 7.5 9.09 5.62 4.83 11.2 7.83 7.07 6.45 3.3 8.18 9.64 13.85 6.83 13.16 12.49 7.1 4.04 3.95 8.65 4.27 8.01 9.81 4.51 11.39 18.28 21.37 10.82 10.71 10.15 7.55 5.65 4.51 11.84 9.44 17.16 19.86 22.04 8.89 4.65 5.33 6.92 6.79 8.57 7.38 6.56 9.84 6.17 10.09 5.78
5.51 5.15 3.81 7.02 18.07 10.14 7.96 9.3 5.25 3.56 4.81 7.5 8.67 11.02 22.2 8.36 4.24 4.96 5.43 9.22 10.86 5.67 5.53 4.13 6.31 11.23 17.09 7.33 9.49 6.19 6.93 9.04 7.24 5.73 5.37 13.09 8.57 4.47 14.72 26.96 19.98 5.56 10.67 10.98 6.05 6.81 6.23 7.48 10.09 15.29 17.22 17.6 17.68 7.13 6.4 13.37 11.61 12.45 6.97 6.36 6.03 5.81 7.03 5.7
5.42 6.84 6.76 5.79 15.0 14.0 6.18 5.48 3.63 3.52 3.52 4.74 9.32 5.47 10.94 10.14 7.17 4.92 4.01 8.05 7.79 7.53 6.11 12.54 5.32 9.03 15.46 8.11 8.58 6.4 12.55 8.69 7.26 5.35 8.29 8.63 7.93 8.03 13.59 19.62 20.71 9.17 9.52 11.55 4.31 6.73 6.82 5.84 9.82 10.36 9.12 19.04 26.68 14.46 8.69 16.34 13.11 7.37 8.28 5.81 5.55 8.39 10.72 9.84
7.47 9.75 9.19 9.56 12.32 8.37 6.7 6.85 5.91 4.16 4.8 8.88 3.68 4.15 7.61 14.93 8.23 4.82 6.24 3.67 3.48 11.19 6.83 8.57 6.32 6.59 6.78 8.23 9.13 8.9 6.52 7.75 10.48 3.75 5.89 5.41 9.29 7.32 12.02 12.15 16.45 12.37 10.85 8.95 2.36 10.75 6.94 5.06 6.27 9.84 8.17 7.83 34.99 33.11 28.6 20.27 15.11 2.47 4.05 9.64 8.68 12.09 14.59 12.15
7.67 8.32 10.47 7.91 6.21 7.81 6.73 7.29 9.94 9.5 7.06 6.78 6.62 5.01 3.93 6.34 9.82 6.77 7.34 5.41 6.95 7.2 3.48 3.99 7.37 5.46 7.97 5.57 4.13 6.8 7.75 10.12 10.33 5.3 5.45 5.61 6.43 9.46 14.1 12.17 19.64 15.21 12.72 8.37 3.15 4.41 6.53 6.97 4.02 2.86 6.57 10.53 19.21 29.3 27.15 15.35 8.56 4.33 5.74 8.64 5.03 9.62 8.78 6.12
6.48 7.09 3.6 5.7 5.69 9.14 6.68 7.86 12.38 9.52 13.87 10.65 11.14 6.29 5.06 5.04 9.29 9.57 17.57 11.2 12.05 7.22 2.9 3.02 4.87 3.87 6.44 4.72 6.48 16.77 8.51 10.54 8.81 7.01 4.7 9.2 11.54 12.05 19.86 12.66 11.63 7.78 12.97 5.43 3.05 6.49 8.76 9.29 2.74 2.59 4.27 6.46 19.42 21.68 14.77 13.26 12.82 8.53 3.35 6.66 5.71 6.39 6.32 9.61
