15.89 13.74 3.52 9.36 6.41 5.48 6.78 3.85 3.9 2.28 5.48 7.51 14.04 28.38 16.22 16.45 13.31 16.3 4.99 5.44 4.12 2.53 3.09 2.82 5.11 8.27 6.3 13.57 11.76 5.52 13.31 6.38 8.25 7.8 10.99 19.64 11.22 18.98 28.78 11.78 14.81 17.33 10.56 4.07 6.68 3.43 5.4 9.87 7.94 11.52 9.56 7.84 5.31 5.99 4.42 9.58 11.2 5.72 7.6 12.91 20.54 15.59 11.83 8.4
11.17 15.38 5.19 10.6 6.52 5.53 5.31 5.57 4.73 4.77 5.97 8.85 7.13 10.68 8.98 12.14 12.13 9.6 8.03 6.06 5.4 3.32 1.74 2.55 4.0 5.83 10.33 14.67 17.73 23.46 14.07 5.62 10.19 5.86 7.21 9.55 11.3 36.22 22.48 17.24 32.38 11.09 7.61 7.93 5.64 5.65 5.18 9.86 23.13 14.46 15.01 11.46 4.17 5.38 5.3 13.41 8.86 5.48 10.71 10.94 12.05 21.16 13.6 14.08
23.14 16.82 15.76 8.02 5.67 6.76 6.39 9.96 4.53 7.61 5.1 10.98 9.07 6.95 7.63 6.77 18.56 7.47 8.51 10.21 12.59 6.7 3.44 3.57 4.58 6.23 7.8 14.94 13.6 23.36 13.35 6.09 7.79 5.99 10.93 19.0 11.84 19.05 27.72 17.39 15.88 23.02 14.01 13.1 5.18 3.93 3.59 9.16 9.5 9.99 14.71 5.31 3.66 7.09 4.25 7.07 3.07 8.08 10.5 7.95 21.32 20.03 25.87 18.66
14.69 10.86 21.32 7.02 5.2 6.52 7.78 13.62 17.78 9.23 8.91 17.06 10.54 7.63 9.14 11.48 9.84 8.28 4.84 13.22 6.58 5.11 6.01 3.16 1.82 4.09 6.74 10.82 15.72 25.2 9.21 8.83 7.82 9.8 13.76 12.17 9.72 17.04 20.4 11.66 19.36 7.93 17.33 12.92 4.17 3.49 2.8 5.62 5.45 12.11 15.25 4.04 8.99 15.01 6.36 4.09 6.03 6.7 6.69 6.04 20.72 11.78 9.94 10.45
9.51 14.07 34.07 8.62 6.0 10.9 8.41 27.17 19.29 13.42 20.69 8.72 10.3 14.94 19.68 10.55 8.73 9.54 5.09 11.69 4.01 8.0 7.0 6.73 7.03 3.95 5.67 4.96 20.93 24.76 7.67 7.67 12.02 9.61 8.46 11.67 12.78 10.47 6.54 7.86 9.68 7.82 14.8 5.1 6.06 4.28 3.78 3.71 4.59 7.81 6.84 5.96 7.47 8.36 6.06 3.77 6.33 3.71 4.09 6.93 16.14 9.68 9.58 8.54
8.43 16.5 11.74 7.88 5.87 11.14 18.34 24.15 23.95 30.13 11.59 5.41 9.42 9.36 16.19 13.27 11.72 8.95 9.97 12.69 6.25 7.78 7.42 9.01 9.17 8.94 8.5 7.31 24.54 12.77 9.97 8.74 20.63 10.66 4.79 8.62 7.23 9.12 10.49 6.48 7.13 12.14 7.84 4.48 4.47 4.2 9.43 5.11 6.68 5.52 5.03 8.39 12.4 6.22 3.92 7.65 3.91 3.98 4.37 7.34 13.26 13.02 11.27 7.51
10.21 13.53 19.3 8.17 6.12 7.34 10.65 10.15 21.21 7.78 6.61 3.74 3.79 6.03 12.3 11.15 10.66 6.59 15.5 15.4 9.07 6.24 10.35 5.0 7.07 11.0 6.09 5.98 7.64 10.2 6.98 9.58 8.44 5.88 8.67 8.3 13.93 13.96 7.83 14.68 7.12 7.73 7.55 5.91 3.89 6.86 2.31 7.25 5.07 3.54 4.31 3.77 7.09 7.35 7.18 5.4 6.19 4.41 4.2 13.42 7.43 9.21 11.62 4.28
2.65 4.7 8.79 7.97 3.35 4.54 8.15 8.97 8.09 10.78 8.35 3.54 6.78 7.67 8.64 10.35 7.83 7.29 7.84 6.76 9.14 9.47 6.43 6.11 5.23 5.8 4.04 9.05 12.71 9.53 10.76 15.32 14.37 8.58 8.77 10.03 10.82 7.54 10.96 12.96 5.88 6.8 6.56 7.28 7.28 6.09 4.07 5.47 4.85 6.62 3.73 6.3 7.05 4.59 5.97 7.22 4.47 3.46 5.97 6.91 10.54 10.04 9.69 6.13
1.54 4.15 4.04 5.1 4.56 5.22 7.08 7.19 4.91 12.57 6.45 5.21 8.17 5.65 4.74 5.25 4.59 6.01 7.42 12.88 8.94 5.42 4.03 6.75 8.25 5.26 2.84 5.58 6.16 9.26 13.58 6.42 7.87 6.61 7.07 10.43 8.05 4.63 12.19 11.54 8.09 10.04 5.22 6.78 11.52 5.24 11.96 9.62 5.06 4.04 3.41 6.18 5.75 6.87 9.45 16.7 8.2 4.77 10.22 8.22 11.34 19.35 9.5 4.86
1.11 3.21 5.0 5.81 2.15 3.08 5.3 7.21 7.86 12.24 6.75 6.18 4.73 5.59 4.54 7.69 4.25 6.94 10.72 7.13 9.63 6.35 6.74 10.74 5.92 9.57 6.96 3.58 6.78 4.75 8.53 7.57 7.55 7.93 7.69 4.03 8.88 6.39 7.58 6.98 10.61 7.53 5.01 8.62 4.69 5.14 7.71 4.61 6.24 2.91 3.64 9.44 4.77 6.22 10.81 14.61 7.95 7.23 11.05 11.11 12.0 21.36 8.83 4.49
1.53 2.33 5.41 2.63 3.95 2.46 2.93 7.09 9.06 8.57 4.99 2.98 4.09 4.51 6.3 6.63 5.58 9.53 11.51 11.91 5.94 6.32 11.78 7.01 7.21 13.75 10.71 5.81 6.41 6.16 5.2 4.66 5.64 9.22 5.41 9.12 16.2 6.77 4.41 7.84 5.44 8.01 4.92 3.38 3.68 3.7 7.35 5.51 3.78 3.08 5.32 5.51 3.66 7.01 9.5 14.03 17.06 14.27 16.1 13.21 28.38 13.74 8.77 5.01
2.32 2.51 4.6 4.79 6.19 2.81 4.11 5.5 8.81 9.87 3.95 5.16 7.85 6.03 9.25 5.98 5.58 5.44 6.61 10.15 8.62 11.93 15.09 13.56 10.39 17.85 18.31 12.82 9.08 7.23 9.31 9.2 6.45 7.39 8.05 15.1 14.6 16.85 8.69 6.19 9.8 6.92 4.57 4.75 2.44 2.52 3.85 3.04 3.76 6.06 16.74 8.91 12.17 7.62 4.93 20.99 16.68 18.72 21.19 12.83 18.22 11.63 6.7 4.21
1.42 2.78 5.53 4.57 6.83 4.19 2.45 9.63 6.85 7.67 7.08 9.45 8.24 3.06 5.28 2.13 4.08 4.49 3.73 11.9 10.93 17.87 14.3 18.58 7.16 15.73 15.06 13.19 17.31 9.69 15.69 11.76 8.2 5.9 7.75 12.99 23.13 20.19 11.55 11.61 6.12 5.24 9.67 3.72 2.91 6.07 4.73 4.75 9.14 6.15 11.1 16.12 17.12 9.34 8.68 16.2 41.73 22.98 13.43 15.83 17.12 10.03 6.62 6.02
2.66 3.35 10.37 8.88 6.67 8.38 5.96 11.05 9.56 8.95 11.08 12.38 8.96 3.95 1.6 2.2 3.04 2.2 4.09 9.13 13.95 18.88 20.24 9.26 11.26 15.94 11.07 13.75 21.15 9.65 20.84 7.88 6.05 6.21 6.88 8.51 7.92 12.67 19.1 6.19 5.55 6.87 5.29 6.54 3.89 6.14 4.61 11.72 8.96 6.4 8.45 10.15 15.65 10.03 7.31 24.53 35.8 17.8 16.62 11.29 11.92 9.88 9.29 8.97
6.06 7.54 11.6 14.26 7.95 4.71 14.28 13.47 18.1 6.06 8.45 10.05 5.99 3.18 1.77 2.26 2.26 10.9 12.12 9.88 18.02 21.21 28.84 16.61 17.62 12.23 9.76 9.26 18.85 23.74 13.2 13.76 4.6 5.71 10.99 8.07 9.94 10.8 12.62 9.52 5.57 7.99 7.84 6.19 3.32 7.76 6.79 12.08 12.0 7.54 7.48 6.21 8.35 6.93 11.36 30.92 37.22 30.36 19.23 15.72 9.04 8.46 5.84 7.92
10.27 10.23 7.76 15.38 3.56 5.06 9.54 9.72 21.26 8.08 12.19 4.91 4.5 4.14 3.81 4.78 5.6 12.68 10.93 13.98 17.85 11.72 9.73 14.75 15.96 11.45 7.79 16.51 16.37 17.38 13.62 7.93 9.1 6.07 5.63 7.59 4.61 11.78 7.13 3.77 5.04 6.11 7.15 4.55 3.51 7.2 10.14 12.37 9.86 4.91 3.98 6.95 3.62 3.75 6.32 15.45 18.12 21.64 16.6 19.24 13.62 9.28 14.86 8.07
8.13 4.61 10.4 8.8 3.37 6.22 6.18 10.12 16.16 16.06 9.69 23.52 7.39 5.16 3.74 5.25 10.75 9.52 14.79 14.83 8.06 9.05 7.39 12.6 19.34 9.01 3.33 22.81 25.46 32.33 15.19 5.54 10.31 4.38 7.37 3.49 4.91 7.59 4.88 6.27 3.0 6.39 7.54 2.15 4.9 6.22 14.14 11.95 6.17 2.79 3.78 6.1 4.49 3.89 4.16 4.76 5.74 11.8 19.65 16.12 17.17 23.92 9.52 4.42
5.93 6.02 13.22 5.97 6.16 8.21 8.81 16.83 12.96 13.46 12.2 17.28 11.57 6.05 6.92 8.13 4.57 8.32 18.5 8.68 9.75 3.86 4.5 8.98 8.42 10.59 8.89 15.36 33.83 24.46 9.05 5.81 7.04 3.52 6.81 5.54 5.15 6.01 3.35 3.83 3.06 6.45 9.06 5.12 5.08 13.05 15.31 10.2 9.19 3.94 5.18 5.19 6.07 5.23 3.75 2.37 6.09 10.65 8.3 10.07 23.89 27.49 13.68 7.96
12.07 10.94 11.25 5.24 4.36 5.45 9.34 8.89 13.41 10.67 14.46 15.65 12.03 8.95 12.88 7.33 4.4 7.19 15.05 18.83 7.34 5.59 7.29 4.76 7.91 5.56 9.31 24.07 23.59 18.86 11.93 6.46 10.86 8.1 5.47 14.23 6.12 2.06 2.29 3.04 7.42 8.68 6.29 7.59 8.44 14.06 11.89 11.39 11.29 6.76 6.9 9.56 4.49 2.07 4.12 2.02 3.93 7.85 8.82 11.82 11.34 8.83 7.8 5.51
14.49 6.15 7.44 3.01 5.7 3.32 3.02 4.29 10.35 8.92 8.97 15.05 8.28 6.27 11.97 7.76 4.77 6.38 14.74 11.67 6.91 5.42 5.81 4.12 6.21 7.94 14.81 22.19 13.35 6.54 5.7 9.42 11.13 8.4 8.38 19.5 11.01 3.07 2.16 7.1 5.12 6.34 9.33 7.98 7.82 14.04 9.45 13.6 6.64 3.57 6.14 3.76 2.98 3.69 4.95 5.36 6.75 10.36 16.19 10.1 3.27 6.87 3.68 1.98
5.63 7.87 6.27 3.09 8.2 3.92 1.79 4.24 4.97 7.37 6.61 19.63 10.87 15.37 16.15 7.1 8.37 7.51 12.56 17.41 4.89 7.04 9.01 5.1 4.05 5.02 15.12 12.76 21.18 13.57 18.18 19.63 12.35 14.93 23.89 15.44 7.07 3.97 3.47 5.4 4.3 5.16 5.06 3.26 5.73 8.41 7.06 10.66 12.86 6.37 3.32 3.78 1.7 3.5 6.36 7.1 8.33 15.16 7.17 5.56 3.97 2.59 2.44 3.86
6.35 7.39 6.24 7.27 10.8 5.5 3.56 4.04 4.39 7.12 4.78 8.46 7.27 14.79 17.68 8.52 9.76 6.46 13.48 12.66 5.63 14.57 6.89 6.23 7.03 8.2 11.05 10.46 11.32 13.69 26.84 13.74 14.08 13.26 10.66 14.24 7.26 5.62 13.13 5.74 4.21 4.37 2.65 4.0 6.0 8.43 4.94 8.08 9.66 8.67 6.06 3.74 4.68 3.28 3.22 14.48 10.42 12.8 11.33 4.33 5.13 3.88 3.71 4.48
10.24 13.55 9.64 8.1 9.25 8.81 6.06 4.82 7.56 7.57 4.73 5.12 8.01 8.09 9.94 8.14 7.19 10.52 5.5 7.71 8.65 6.41 6.86 9.61 4.0 3.66 6.84 5.81 9.1 9.62 11.47 17.61 7.19 7.92 15.35 5.43 8.41 8.53 8.13 8.71 7.71 3.92 4.33 4.81 1.85 5.36 3.38 5.01 10.58 6.13 10.41 8.76 5.89 5.63 4.29 2.7 6.34 13.72 7.24 5.18 2.76 5.09 3.32 2.57
13.38 11.05 10.46 7.52 6.21 4.22 4.87 6.04 9.72 6.41 7.61 4.64 3.93 6.97 8.8 7.34 5.97 8.01 6.35 13.82 6.86 3.85 6.54 2.79 4.69 5.3 4.62 8.1 5.27 8.01 12.28 17.96 7.07 13.53 11.21 9.22 10.82 7.35 13.22 10.22 8.88 7.61 5.13 4.26 3.22 3.31 2.93 5.18 10.39 9.3 12.42 6.28 5.67 4.56 3.32 2.44 4.19 3.43 3.98 5.22 5.17 4.57 3.25 4.2
4.64 4.15 9.6 6.5 4.49 3.63 5.97 6.11 9.34 12.19 5.35 5.82 2.27 4.0 3.69 3.86 4.02 5.24 8.14 3.16 5.53 3.49 4.4 3.14 3.9 5.0 6.94 5.98 4.75 10.95 7.08 11.81 13.05 9.05 13.2 5.41 7.7 6.94 7.02 18.2 9.25 7.22 6.45 5.65 5.49 2.07 2.93 5.25 9.9 8.67 8.35 13.93 9.05 6.73 2.73 3.31 2.75 2.19 2.64 2.5 3.37 3.07 3.78 5.66
5.3 5.68 7.83 4.6 3.7 3.36 3.28 2.5 9.16 8.71 3.54 2.02 1.19 2.28 2.49 4.18 2.57 5.11 5.07 4.02 11.63 5.19 5.66 4.86 4.69 8.75 8.3 5.88 7.08 9.63 15.29 9.63 4.52 3.95 8.43 7.46 5.54 9.99 10.45 15.51 11.3 7.4 8.02 7.41 10.37 4.06 2.54 4.32 8.45 7.17 6.89 7.05 5.87 4.43 2.47 3.81 4.32 2.8 4.3 3.35 4.63 2.15 5.83 8.34
4.58 6.6 5.5 4.29 5.5 7.49 3.06 5.46 8.05 3.44 2.61 1.49 1.3 1.9 4.83 4.33 4.78 4.33 4.4 6.13 3.8 5.02 6.53 4.68 6.54 6.14 10.69 8.46 7.13 9.44 10.95 4.21 4.17 5.78 4.3 3.85 3.46 6.61 7.86 8.63 7.08 5.25 6.59 8.7 9.61 5.84 3.76 7.33 6.13 6.67 9.94 9.32 5.99 4.68 6.61 4.87 4.29 2.21 3.83 4.94 3.64 3.45 7.63 12.71
10.61 4.74 8.25 5.96 10.26 9.55 5.18 9.68 6.22 5.86 3.07 1.42 1.33 2.07 5.52 6.57 3.39 4.75 6.57 6.36 9.98 7.87 3.75 8.77 12.4 13.01 8.5 6.58 11.21 9.62 7.55 3.45 2.9 4.2 4.4 5.7 3.04 6.33 18.31 12.47 13.09 8.52 7.85 8.49 7.99 7.14 3.86 7.08 5.71 6.19 18.31 8.18 3.81 2.81 4.03 8.34 4.45 4.95 3.9 3.29 4.17 7.84 5.03 7.75
4.95 4.27 3.77 4.95 14.63 6.49 9.57 6.19 6.0 4.95 2.23 2.17 1.4 4.16 8.43 7.6 5.56 8.29 3.97 6.73 11.07 5.12 5.7 4.62 9.67 12.35 10.84 7.21 12.33 11.14 6.51 6.82 3.64 5.77 12.54 8.27 3.84 7.03 9.64 8.64 17.67 17.31 7.11 6.72 6.25 10.87 4.01 5.89 6.99 7.84 8.54 16.58 5.69 3.47 4.46 3.16 3.29 5.01 3.24 5.51 5.16 5.07 6.0 14.93
7.08 5.01 6.57 5.9 7.62 7.31 4.36 6.1 4.9 4.59 4.25 3.09 2.79 9.42 8.45 6.9 6.64 4.49 7.97 13.52 9.32 12.96 6.31 3.17 9.46 6.01 6.34 15.73 5.72 8.86 12.09 4.43 3.48 4.45 5.5 10.2 10.81 11.09 10.12 9.35 18.48 12.77 6.52 5.58 5.32 5.54 3.2 5.34 4.02 4.5 8.19 8.07 4.04 3.77 4.06 3.58 4.55 4.35 5.45 8.27 5.61 5.73 11.91 9.15
9.4 5.66 4.97 7.01 7.77 5.26 4.21 4.83 3.54 4.61 6.16 4.88 6.35 4.65 10.41 10.57 11.07 9.22 5.29 10.32 11.67 7.1 12.16 10.5 6.55 4.94 8.02 12.42 10.38 7.77 7.31 16.21 3.64 4.01 7.66 7.85 7.1 10.22 11.88 10.5 9.27 5.0 8.71 3.23 4.76 9.75 3.68 3.47 3.31 3.97 8.37 11.08 5.02 6.94 7.18 3.69 7.16 6.6 6.84 5.19 7.42 3.61 6.36 10.42
18.18 10.24 7.03 11.5 8.67 6.63 4.84 4.88 3.24 3.65 8.26 7.45 12.91 7.93 10.53 13.77 6.75 13.03 12.71 21.32 8.53 7.92 19.24 6.49 13.85 6.6 6.92 9.48 5.96 5.99 10.39 7.39 5.33 4.08 5.52 3.86 3.28 6.97 8.03 7.23 8.15 3.85 6.48 3.44 5.26 8.92 7.14 4.17 2.76 5.85 6.15 7.93 9.53 9.28 9.77 5.45 7.28 6.7 3.46 8.9 9.14 3.48 4.84 6.24
5.63 4.67 5.91 7.02 4.08 11.62 10.1 3.47 4.0 8.76 13.34 15.02 7.69 10.67 16.63 5.35 7.13 12.57 8.15 7.9 9.39 10.81 13.03 4.61 14.09 9.82 9.84 15.78 14.22 14.46 12.67 5.74 7.32 3.72 5.9 4.28 5.88 6.78 8.11 17.52 3.45 6.02 6.78 7.09 12.0 10.1 9.45 5.18 6.14 4.02 4.93 12.15 9.01 10.8 4.25 4.19 4.72 3.0 5.12 6.98 3.93 4.55 3.73 4.71
2.56 4.94 5.74 4.95 7.62 7.67 6.88 3.61 5.18 8.52 5.21 12.12 9.21 15.34 9.71 8.8 7.0 9.71 11.76 7.78 9.47 7.78 15.19 5.11 8.56 7.81 5.05 11.46 15.14 30.9 19.53 10.99 7.91 4.47 9.64 8.06 11.36 8.83 8.85 15.21 7.63 3.93 9.01 18.26 15.39 9.97 6.57 3.63 3.09 4.52 5.33 5.66 6.99 14.14 8.12 7.06 3.36 2.63 5.54 4.77 4.94 6.21 4.99 3.65
7.26 3.59 3.39 7.5 7.82 7.97 6.61 7.54 10.6 5.32 7.54 10.93 5.46 9.69 9.49 8.78 7.15 14.12 16.39 11.46 9.07 13.4 7.65 10.1 8.09 8.09 8.12 9.39 11.81 26.67 21.85 14.22 12.11 13.58 11.61 16.75 14.23 21.2 17.94 10.55 12.05 7.68 14.58 18.94 20.55 8.06 10.38 5.01 4.03 10.12 6.46 16.5 22.55 11.43 22.02 9.95 3.84 5.36 7.97 2.54 6.25 4.24 5.18 4.67
6.01 4.6 4.96 9.31 6.8 6.02 6.35 9.24 5.78 9.41 7.11 7.61 8.55 5.99 9.97 4.85 4.08 12.73 10.27 16.98 16.91 15.74 8.51 13.46 8.01 13.46 10.19 2.77 8.39 8.09 10.84 10.48 9.11 12.46 11.19 14.68 10.48 11.79 8.72 14.65 15.87 15.49 47.63 36.32 34.04 9.01 5.78 9.15 6.85 8.64 9.46 20.22 16.99 16.69 22.74 26.72 10.99 5.47 7.55 6.21 9.93 8.09 4.59 3.96
6.61 10.56 9.4 6.09 5.64 6.94 9.41 5.64 11.8 9.48 8.95 14.14 11.56 13.31 10.89 5.47 9.17 10.03 16.63 28.28 17.08 17.62 7.71 6.09 5.64 5.05 8.69 9.73 10.52 7.1 7.25 5.84 4.24 10.43 10.66 13.52 11.65 9.3 6.91 8.67 17.72 15.93 22.64 67.35 19.76 10.08 11.01 22.07 16.0 12.98 10.62 16.74 16.59 9.86 17.52 16.21 7.37 8.22 4.84 5.91 8.16 6.69 6.36 7.26
10.75 18.66 7.07 9.2 7.11 7.21 9.17 8.36 7.35 7.0 9.21 6.5 11.73 15.57 14.75 6.55 7.43 7.41 24.96 35.16 23.2 15.08 8.79 7.15 6.3 7.41 6.86 6.61 12.03 9.71 10.91 4.48 3.49 10.55 10.98 27.17 26.56 14.94 13.4 11.98 13.76 25.15 38.53 62.46 23.03 15.77 14.44 32.13 14.77 15.64 17.31 8.41 6.58 11.58 14.96 10.63 6.75 5.38 3.36 9.01 13.09 5.5 8.0 5.29
16.54 10.33 7.28 9.71 10.79 11.95 9.76 10.22 7.96 14.12 4.79 3.68 6.69 9.81 14.02 11.86 7.61 12.27 22.26 30.6 51.56 13.42 8.06 6.57 5.17 11.88 15.26 13.89 12.71 16.23 8.99 3.48 2.86 7.06 13.27 20.69 20.92 22.76 21.07 13.45 24.46 26.25 61.92 39.07 15.38 10.47 15.68 21.11 13.49 6.87 9.67 5.7 4.05 4.13 6.88 6.47 6.15 4.06 3.62 5.38 10.03 8.13 17.16 10.21
9.76 4.82 4.41 6.4 12.0 16.29 6.51 7.24 6.81 6.23 3.83 4.45 6.91 8.39 9.01 15.41 17.04 14.76 28.22 25.88 18.47 15.48 12.37 4.22 8.6 9.68 8.43 16.39 16.62 12.07 19.33 6.4 6.59 10.23 9.68 9.65 12.49 13.75 18.93 13.68 24.15 29.96 48.73 32.41 17.99 9.54 12.12 24.21 18.29 9.78 11.04 4.84 3.4 4.72 3.46 3.66 4.48 4.4 3.5 6.66 6.52 6.24 21.98 14.23
5.6 5.19 2.91 6.28 11.62 12.58 6.86 6.64 5.77 5.1 6.3 5.15 10.49 8.7 8.38 14.4 13.79 25.72 24.12 16.77 18.88 12.82 7.11 6.27 7.52 8.81 10.0 12.51 16.51 12.25 21.39 8.51 14.58 8.38 5.4 5.43 6.24 7.59 12.42 11.75 15.67 27.78 31.33 23.56 17.56 16.38 16.66 16.07 15.71 19.34 16.43 7.73 3.79 5.97 1.73 2.96 5.92 4.02 7.89 7.13 6.05 8.34 13.1 35.43
8.62 5.31 6.43 7.3 5.5 5.41 7.48 3.33 4.55 4.15 2.9 4.61 5.96 8.16 8.26 6.25 11.23 29.61 19.34 16.47 17.15 6.54 7.28 4.69 4.76 5.49 7.81 21.16 11.94 9.94 9.32 10.46 10.58 7.61 10.55 8.14 6.3 18.85 11.66 10.74 15.1 22.21 21.78 30.07 9.88 16.6 18.37 12.08 18.86 13.73 9.99 9.07 4.26 3.92 5.01 5.58 5.09 10.72 15.09 7.71 7.79 5.07 11.04 15.37
5.14 6.95 7.61 7.62 5.43 4.95 2.85 4.01 2.72 4.49 7.15 4.9 3.41 3.53 3.2 3.18 6.63 12.99 8.97 12.58 5.48 5.98 2.34 3.0 3.92 3.7 6.66 11.32 5.33 6.85 7.07 7.76 9.35 7.3 9.89 12.46 9.92 25.63 14.75 17.74 12.28 9.47 13.14 8.52 6.53 9.9 13.38 7.47 13.63 4.42 6.54 6.37 3.71 4.25 3.95 5.82 4.37 9.98 17.72 5.48 7.81 12.73 9.62 13.51
3.47 5.99 8.44 5.41 4.86 6.15 5.21 11.33 4.92 10.36 5.83 5.94 7.14 3.37 3.78 2.53 11.97 14.64 6.6 5.96 2.62 2.66 2.0 2.78 3.13 7.54 5.94 10.37 8.75 10.81 15.88 9.56 15.59 13.51 15.51 7.77 12.34 30.64 13.2 15.46 8.91 4.17 5.84 5.38 5.16 5.79 3.7 16.0 17.84 6.65 6.7 3.6 3.08 3.5 4.85 5.38 3.92 6.49 10.67 4.5 4.02 6.15 11.56 14.68
7.51 8.25 8.87 9.1 10.14 9.67 8.11 6.45 4.88 6.62 4.02 6.97 5.05 5.67 6.87 4.82 10.38 8.43 8.71 4.66 5.74 5.3 3.51 2.39 4.54 6.89 7.08 4.43 6.03 11.82 9.65 11.37 20.66 11.85 15.12 6.55 8.48 9.02 13.83 14.52 8.47 3.01 2.78 4.13 2.55 5.5 4.73 7.96 10.25 27.89 6.91 8.17 6.46 3.18 7.23 2.92 2.55 9.64 6.93 3.09 3.3 4.84 9.58 38.31
5.17 11.91 8.13 7.82 12.19 11.74 11.22 6.02 4.49 3.26 7.98 5.21 8.92 9.99 7.81 6.14 11.41 9.02 8.14 9.51 5.34 6.92 6.39 4.94 7.31 4.05 7.13 4.87 8.84 9.69 7.83 7.51 5.78 13.41 5.65 4.67 5.95 6.84 8.05 9.23 6.2 5.04 5.94 2.14 4.46 7.59 4.89 10.42 9.44 13.02 7.9 4.6 6.37 8.8 5.38 2.66 3.31 3.4 4.33 4.68 3.68 3.94 8.4 18.31
13.14 17.87 6.65 10.66 9.71 7.47 4.75 2.3 2.39 3.95 3.89 8.74 12.22 12.46 9.59 7.56 6.0 4.53 8.43 5.69 4.52 12.1 4.98 6.51 9.11 6.53 5.3 5.02 10.49 11.7 5.92 4.59 9.44 6.94 5.34 5.55 6.13 7.68 14.88 11.63 9.26 9.77 7.55 7.4 11.59 6.96 11.89 14.49 9.26 6.09 6.62 2.01 10.23 6.64 4.97 11.51 3.58 4.0 3.56 3.66 4.33 5.06 12.66 17.64
20.41 11.2 10.36 5.67 8.57 9.37 3.83 3.82 3.78 3.71 2.78 7.41 8.71 11.25 7.86 8.99 6.19 5.86 6.35 3.11 2.72 4.47 2.72 3.35 5.7 7.36 5.75 7.81 10.12 11.47 5.59 8.84 11.69 5.26 11.58 7.52 7.93 5.64 7.57 14.92 8.78 7.96 8.78 9.51 7.48 6.77 23.0 13.45 11.92 7.56 8.28 4.79 9.98 5.9 7.8 5.2 3.15 3.78 2.22 2.81 2.45 2.45 10.09 9.37
13.07 15.33 6.66 8.65 6.51 3.66 5.89 6.57 3.75 3.49 3.7 4.03 5.42 3.92 6.14 7.14 4.22 4.09 2.74 1.32 3.19 2.79 3.14 3.97 4.71 6.44 6.26 7.81 13.69 11.25 9.63 7.89 3.59 4.34 7.72 6.43 9.2 8.54 13.94 12.61 8.1 26.8 10.15 10.17 11.3 9.04 16.44 10.52 5.91 9.63 7.64 5.3 6.46 5.79 1.55 4.62 6.4 2.84 7.0 3.54 2.98 2.26 4.65 14.6
11.6 10.03 10.66 5.58 4.03 4.82 11.53 7.63 4.96 4.61 5.92 8.05 8.71 4.52 3.71 3.98 6.01 3.63 2.47 2.01 4.28 4.63 3.03 3.75 3.07 6.43 6.4 9.2 12.35 18.47 13.72 6.59 2.51 3.43 2.84 1.98 5.95 12.36 11.38 12.44 10.25 31.92 10.32 12.9 4.74 4.72 9.53 4.75 5.05 5.94 3.5 5.14 5.53 4.51 4.2 3.4 2.5 3.12 11.11 8.58 5.46 2.54 4.08 7.0
10.11 12.33 8.26 4.18 4.85 6.77 5.63 6.05 5.05 4.44 8.72 7.76 13.62 8.48 2.2 4.68 3.91 4.57 5.02 7.51 7.03 5.56 4.17 4.39 4.87 4.9 7.61 11.71 14.08 12.84 11.82 4.76 2.46 4.73 3.5 3.87 5.71 16.01 19.91 18.1 15.72 23.08 11.36 10.21 5.48 8.25 7.17 4.48 3.63 5.35 7.31 4.73 2.67 4.94 10.31 4.98 4.04 3.35 6.81 7.52 6.54 3.88 2.74 6.4
9.92 13.41 4.69 4.94 3.5 1.75 3.06 5.15 2.81 10.47 5.62 11.27 12.79 3.32 3.71 3.27 2.72 5.47 5.3 9.58 4.28 3.74 5.92 5.05 4.14 6.13 6.84 9.75 19.99 15.82 10.41 5.41 3.69 4.7 4.62 2.59 9.35 14.24 9.81 14.13 19.26 22.55 19.26 8.12 6.97 8.07 6.77 5.04 4.62 7.09 9.35 5.23 6.38 8.89 8.03 3.92 2.36 2.34 3.66 7.4 5.37 3.21 3.33 5.31
7.41 10.91 7.31 8.79 4.99 2.48 2.49 3.86 3.8 5.43 8.23 6.84 6.0 4.88 3.87 2.97 6.4 5.69 9.09 5.14 6.52 6.27 8.58 8.13 7.66 8.04 8.15 8.72 7.2 11.89 9.95 2.14 8.0 5.61 2.33 5.88 10.75 12.74 16.3 16.97 31.76 18.4 12.73 9.35 8.28 16.81 8.42 3.75 3.71 7.7 8.54 6.13 3.41 6.16 9.76 6.26 2.55 4.63 4.19 5.53 7.97 5.3 5.33 5.2
4.1 13.89 5.86 7.72 7.2 1.7 3.11 2.96 3.69 5.41 9.94 6.22 7.74 3.65 2.04 5.2 6.29 4.99 9.38 5.65 4.4 6.56 11.04 6.32 6.01 7.25 6.82 10.19 12.06 7.31 10.66 5.52 7.25 7.2 3.86 5.07 4.98 11.93 20.97 15.54 21.97 18.82 16.57 5.69 9.09 17.81 9.0 10.91 5.56 6.78 11.14 3.84 5.77 7.22 5.34 5.09 5.37 4.17 9.69 12.87 7.39 12.49 7.48 20.26
8.46 12.59 6.91 7.33 7.23 3.12 5.17 5.29 4.0 3.36 3.9 9.69 5.48 2.08 4.1 8.43 7.57 8.53 17.7 13.07 18.43 14.46 8.71 7.21 4.36 8.48 9.92 9.14 6.04 8.43 5.52 2.98 6.33 4.48 6.41 9.47 4.39 11.56 15.93 18.25 33.25 16.35 6.52 6.73 5.52 9.73 7.67 5.47 5.72 5.0 5.4 3.26 8.45 4.19 15.91 9.75 6.74 8.25 6.84 15.31 15.05 23.15 17.96 17.31
6.56 9.98 9.88 7.12 8.85 4.1 6.66 5.39 5.59 4.7 3.73 8.27 2.32 5.99 4.17 5.46 10.58 14.05 9.35 16.83 24.58 18.91 9.1 3.27 5.27 3.76 5.55 11.25 7.66 7.03 3.91 6.43 5.39 3.93 7.52 7.11 6.76 13.04 16.33 9.52 16.27 11.0 7.58 5.7 6.24 12.37 7.47 5.2 7.46 10.38 8.54 6.71 13.22 10.49 16.48 10.54 4.56 4.85 7.04 10.38 11.03 24.81 29.19 11.88
4.71 14.41 6.99 8.73 11.55 8.61 8.4 4.61 5.77 6.6 7.35 5.49 7.34 8.71 5.52 8.93 9.11 8.84 8.36 15.01 15.31 16.8 10.08 5.55 10.71 3.5 7.22 11.84 7.24 8.83 5.35 5.35 5.31 6.31 6.75 2.83 3.92 11.93 5.29 11.99 6.66 9.22 8.29 4.22 9.28 9.18 5.8 7.15 6.2 13.67 25.25 6.99 6.25 9.58 6.03 16.41 5.79 3.61 10.27 4.4 9.1 21.69 15.98 6.89
7.99 7.02 15.5 19.89 8.3 15.93 6.77 5.94 4.43 6.5 7.88 9.92 9.42 9.53 13.48 4.08 7.42 4.51 5.6 13.67 13.51 13.14 6.6 12.03 19.4 9.55 9.95 13.2 9.18 5.95 4.38 5.22 6.59 4.56 10.59 3.34 3.03 6.6 3.34 6.81 5.94 12.58 5.09 8.87 6.19 5.18 15.73 6.34 10.51 17.69 14.36 22.9 14.19 8.99 13.23 19.01 8.5 13.6 7.04 3.91 9.79 10.94 15.0 9.2
6.66 7.46 26.16 10.34 14.28 8.22 3.7 2.76 2.65 4.47 6.39 9.54 7.33 7.11 6.34 6.29 4.81 3.26 5.16 14.7 13.23 12.86 12.87 17.51 20.34 8.32 5.08 9.85 4.09 3.12 4.32 7.17 5.74 8.22 5.56 3.13 5.11 3.18 5.29 5.41 4.87 7.29 9.65 7.22 5.07 7.49 4.05 5.89 6.45 8.1 12.07 10.31 12.75 13.92 17.68 14.87 24.71 13.23 14.4 6.42 5.49 15.48 9.38 6.43
7.54 7.64 10.57 7.7 6.35 4.83 5.63 2.74 1.56 4.37 8.18 8.91 8.29 8.4 9.23 11.76 5.33 4.47 6.04 5.83 5.44 19.86 14.63 20.87 21.58 5.23 12.06 7.12 4.67 5.96 6.77 8.58 9.22 9.45 5.24 4.01 5.64 3.78 3.2 3.1 5.89 8.49 10.63 9.16 8.81 6.54 7.05 6.62 3.23 7.12 5.63 6.94 18.94 13.24 20.06 19.39 19.82 11.96 8.43 8.45 3.64 7.02 13.31 7.33
12.12 7.88 12.49 7.16 3.16 4.12 4.94 3.07 3.61 5.57 7.4 5.5 5.98 8.93 7.1 3.76 4.96 8.07 12.56 4.51 5.48 15.27 18.44 17.41 15.14 6.09 7.62 4.56 5.62 9.98 6.69 14.43 15.65 8.2 2.94 5.16 4.64 2.89 4.43 7.83 7.25 9.52 16.2 16.33 20.59 13.98 11.33 6.4 5.57 7.07 9.98 9.27 13.78 13.48 22.51 19.75 16.99 13.36 9.11 9.46 7.56 4.12 4.45 5.21
7.76 11.62 6.17 6.87 6.56 2.61 5.99 3.24 6.37 8.71 6.69 6.94 8.91 8.74 6.99 5.07 5.61 6.78 14.84 7.32 12.03 13.14 21.13 13.36 15.2 9.86 10.96 6.95 11.21 12.53 7.84 18.6 9.51 6.82 5.13 5.79 3.24 2.89 5.17 7.0 9.05 14.22 19.3 18.25 28.23 34.91 17.84 10.1 4.05 5.82 10.55 10.66 12.72 16.85 13.74 11.73 11.4 8.91 7.08 4.38 3.37 3.89 5.62 6.07
7.56 6.38 3.2 6.62 3.93 2.28 4.2 5.54 8.24 6.37 11.79 10.88 8.71 8.49 6.9 6.41 3.24 6.73 12.38 10.53 17.69 23.99 16.2 14.28 10.56 9.0 7.02 5.48 7.91 9.2 13.59 4.99 9.25 9.93 4.76 6.49 2.73 5.96 10.38 7.71 12.8 18.84 13.98 16.52 25.29 20.02 11.94 7.14 5.35 6.39 5.92 10.93 15.32 14.06 11.98 13.75 10.93 8.61 9.08 5.58 4.07 4.01 4.37 4.68
5.07 6.61 3.51 3.59 4.69 2.4 5.77 8.72 5.18 11.58 9.91 7.55 8.71 17.92 9.34 7.79 6.16 8.42 13.06 18.66 16.23 9.22 12.09 10.51 12.88 9.31 5.75 2.61 5.79 18.61 8.52 9.35 19.82 12.5 9.04 5.31 6.07 11.26 9.59 10.11 11.26 8.92 4.38 11.14 12.52 13.16 9.46 10.97 8.57 5.7 5.51 11.36 13.6 10.56 6.51 5.62 8.1 6.56 7.31 7.35 3.22 3.6 2.79 6.45
