7.61 7.8 6.32 6.73 9.9 7.39 7.54 6.9 12.78 12.42 14.21 3.51 2.94 1.91 2.16 3.3 6.91 10.97 9.4 7.47 10.77 17.15 13.05 12.0 9.67 8.84 7.11 6.87 4.3 6.79 3.59 6.6 6.43 11.2 5.38 9.95 9.88 7.34 4.72 4.88 8.17 5.29 9.22 8.14 7.93 4.17 5.21 4.58 4.53 4.62 4.07 4.18 2.48 3.8 3.57 2.96 6.81 4.51 2.59 2.11 2.72 2.49 2.03 2.23
8.97 9.51 9.22 6.92 8.16 6.21 7.33 12.46 6.74 13.83 12.49 10.91 4.2 2.22 2.67 2.32 6.46 12.9 13.05 5.9 8.91 15.2 21.53 18.15 18.92 7.42 9.8 14.42 5.06 6.97 4.68 3.81 6.52 16.49 18.67 11.99 9.54 6.77 7.63 4.74 18.6 13.2 10.46 11.18 12.09 4.64 5.13 3.33 3.31 4.8 2.92 3.31 3.92 5.46 13.41 5.26 7.66 7.69 3.74 3.37 7.26 8.0 2.13 1.69
10.65 11.31 15.29 9.16 8.64 8.71 5.76 8.76 6.51 14.4 11.43 12.58 3.71 2.88 2.74 3.07 5.45 9.56 9.36 4.74 11.84 9.81 16.6 10.54 7.87 4.47 6.62 8.2 7.66 9.13 2.87 3.07 6.39 7.77 12.18 9.79 11.08 5.44 5.38 7.93 15.2 17.64 12.98 11.31 9.5 7.56 3.8 4.67 4.4 7.04 5.85 4.32 6.76 6.47 5.01 8.35 6.03 6.85 3.54 3.62 3.98 4.5 2.42 2.82
9.2 16.49 15.62 13.59 7.62 5.39 5.44 10.21 21.79 16.58 17.53 11.98 7.08 3.42 3.82 3.2 5.04 12.13 7.97 4.24 8.64 11.85 11.02 13.43 3.74 4.28 5.57 4.01 8.71 8.15 6.6 5.26 4.75 6.15 7.32 14.13 13.09 15.14 12.05 11.2 23.78 13.93 18.51 12.7 22.27 6.5 4.48 5.37 4.05 6.18 5.94 6.72 6.33 9.26 10.79 6.93 3.63 4.5 4.71 5.04 11.55 6.29 2.33 2.53
4.71 12.55 10.74 13.17 7.4 9.57 6.35 9.77 33.06 22.85 23.1 15.56 7.57 4.49 3.18 3.94 11.73 6.74 6.13 6.12 6.76 9.99 14.33 6.29 4.05 3.52 2.42 2.25 3.28 6.76 4.07 6.78 3.52 5.42 5.42 11.94 8.4 9.35 7.97 9.78 9.87 9.36 15.02 14.73 13.9 7.17 4.72 7.72 4.95 4.45 6.14 8.35 8.64 9.11 14.35 6.72 4.61 4.7 4.99 5.03 7.53 4.82 4.92 3.11
6.64 7.54 7.29 5.83 9.92 11.13 20.87 21.41 19.57 48.83 24.07 18.53 11.09 10.79 3.95 2.93 7.45 7.15 6.09 3.8 7.08 7.29 11.56 4.59 3.29 2.17 2.89 3.91 4.82 9.24 5.29 13.66 6.66 5.37 7.5 7.86 9.89 8.85 9.53 12.32 17.62 19.92 26.71 25.92 14.09 8.28 4.81 11.67 8.06 11.13 6.21 6.49 13.0 10.56 7.06 6.33 6.91 2.95 5.74 12.07 14.9 8.13 7.07 4.97
5.39 3.1 5.76 5.69 5.06 11.8 17.97 25.36 33.12 57.07 15.42 13.64 7.77 6.69 4.21 4.88 10.3 8.14 3.09 5.83 2.14 3.56 8.51 9.36 5.26 3.52 4.17 5.57 6.99 14.01 14.4 7.32 5.47 6.67 9.4 10.79 7.17 4.51 12.71 13.34 17.26 8.14 15.82 20.59 14.94 10.63 9.64 8.61 5.05 7.63 7.02 9.26 9.69 10.64 4.9 6.71 7.41 5.16 4.88 6.85 12.21 8.86 8.23 6.08
6.14 5.03 5.75 6.72 9.07 6.29 22.69 20.55 31.98 20.71 38.45 14.46 14.84 13.05 7.79 5.94 4.42 4.47 4.09 5.3 4.2 5.36 4.35 5.89 5.95 4.49 6.22 8.72 11.57 16.52 10.41 11.27 12.38 8.21 12.29 7.66 7.22 8.89 11.09 11.32 13.53 14.95 23.17 16.1 13.62 13.96 9.19 8.37 7.59 5.37 5.51 7.67 7.76 9.61 5.26 9.09 6.74 4.61 3.02 5.79 7.58 9.48 8.62 5.29
6.0 5.92 5.74 8.39 10.73 9.3 25.24 19.6 20.31 27.07 26.42 9.63 9.81 8.83 6.23 3.76 6.17 2.51 4.92 4.33 3.45 3.08 5.39 5.35 11.31 8.63 6.0 12.2 10.97 10.67 10.48 6.89 10.26 7.81 7.05 6.48 6.54 4.89 10.86 8.72 12.46 8.26 10.93 7.43 21.06 12.76 9.83 5.88 2.68 5.44 5.35 6.77 10.07 7.33 9.24 5.7 7.26 6.22 4.67 6.6 11.66 8.43 5.67 3.98
9.23 11.14 5.7 11.56 10.49 14.4 22.42 36.24 16.09 24.02 13.64 13.93 22.83 13.19 9.58 5.54 4.3 3.31 2.78 2.48 4.51 5.13 5.85 5.86 9.44 8.34 8.3 12.61 9.06 9.68 5.67 9.24 8.34 5.79 4.95 9.28 5.05 12.97 13.56 11.85 14.19 11.25 8.41 10.68 16.12 20.62 17.62 15.57 3.62 4.03 5.0 6.1 8.86 7.77 9.44 6.43 6.38 3.68 8.99 5.43 12.46 6.6 5.14 3.02
8.35 14.5 13.92 11.09 11.56 19.78 45.21 13.72 6.65 10.93 9.78 20.5 18.82 10.17 5.23 6.26 2.83 4.73 1.78 3.18 4.26 11.06 7.8 8.72 10.06 9.7 8.75 7.03 13.52 5.83 5.47 6.85 7.78 11.18 9.16 7.69 5.62 11.27 12.33 12.68 12.41 16.97 7.13 6.48 7.68 16.72 12.14 8.39 3.97 4.12 3.99 5.17 8.86 8.9 10.45 7.16 4.34 4.91 10.62 6.73 7.58 2.98 3.07 5.09
12.65 11.4 14.23 10.8 15.82 10.51 25.48 10.27 11.07 9.25 9.2 15.41 10.65 7.96 11.14 12.77 5.04 4.86 2.12 3.62 4.36 12.61 9.33 6.45 7.05 6.24 8.12 7.05 14.52 6.94 5.83 8.99 6.04 4.52 3.51 5.5 7.58 7.07 10.91 13.46 10.07 10.1 11.09 6.53 7.6 20.84 8.08 7.42 5.4 4.78 5.34 8.59 9.67 9.48 9.39 9.43 6.48 5.19 7.72 7.33 3.87 2.94 3.88 5.88
14.26 14.75 24.52 12.83 18.56 11.7 18.89 7.88 3.6 3.48 9.01 10.9 10.09 5.62 6.15 8.4 5.32 2.56 1.65 2.27 3.11 3.87 7.03 6.18 8.94 6.69 7.82 7.59 7.51 10.64 6.36 4.12 5.07 3.76 4.87 4.3 7.78 6.15 7.23 12.46 11.6 6.47 8.44 6.23 6.62 6.07 3.79 11.28 5.19 8.69 14.92 15.39 10.06 15.03 11.58 7.89 9.09 6.2 7.88 4.24 5.96 3.64 3.86 8.13
10.18 7.52 12.98 12.68 9.8 9.39 8.33 3.33 3.13 3.32 6.27 11.46 10.37 5.61 11.24 8.33 4.18 4.47 2.95 3.2 3.22 1.69 4.14 6.15 10.53 10.24 9.53 7.04 12.41 8.11 5.63 3.98 5.44 2.37 3.32 3.32 5.45 5.92 9.91 7.54 9.33 6.28 4.21 2.66 5.44 6.52 5.68 9.02 7.58 12.75 18.24 13.22 13.04 9.71 12.58 10.72 9.81 7.22 8.99 6.43 4.14 8.36 8.76 9.7
10.42 9.64 10.62 8.66 12.05 18.48 11.42 6.34 3.05 3.14 8.96 14.25 10.17 10.65 4.43 7.57 5.34 6.05 2.78 6.72 3.46 1.79 1.95 5.34 7.63 5.33 7.42 5.89 9.11 6.79 5.0 3.13 3.67 3.79 3.3 4.98 6.06 9.05 5.15 7.39 10.59 6.66 3.99 4.99 5.13 3.67 6.27 4.62 8.35 7.77 14.47 14.22 19.64 22.57 15.56 7.88 10.8 17.37 10.75 9.56 6.59 6.63 19.2 20.31
7.64 7.71 7.3 5.9 16.92 10.4 9.29 5.82 4.37 4.92 9.63 15.27 8.48 12.18 9.75 6.65 5.08 8.53 6.29 8.44 2.9 2.81 2.14 2.82 2.75 5.24 7.37 9.09 8.11 4.35 3.92 4.18 3.53 8.93 3.67 2.99 3.96 11.63 10.55 14.62 11.03 10.11 7.06 5.1 6.25 6.61 4.87 7.71 5.76 7.25 5.89 8.44 14.16 11.97 14.01 9.93 8.55 9.3 10.23 6.11 9.23 5.51 13.41 18.51
6.14 5.62 8.09 4.62 13.25 13.27 7.02 6.06 4.16 6.12 18.0 11.16 10.29 15.16 8.34 10.02 10.88 7.79 6.1 5.38 3.28 2.71 3.12 2.79 3.73 5.88 10.69 6.66 3.64 4.63 4.11 5.82 4.2 6.3 3.55 4.45 6.25 14.05 15.66 11.94 12.08 12.38 7.28 7.76 5.49 10.23 3.84 9.15 3.59 3.26 4.32 10.0 15.87 6.57 10.13 7.59 5.53 7.27 17.18 13.31 8.41 7.28 10.36 13.5
5.68 6.26 10.13 6.45 9.29 6.83 4.18 4.5 5.18 4.8 8.46 5.56 10.8 17.79 16.77 13.6 7.09 7.86 9.54 5.58 4.5 2.9 5.05 2.82 5.43 6.12 12.23 4.3 5.94 1.89 3.08 4.66 6.5 3.39 7.27 7.82 11.09 8.99 6.78 11.89 8.84 10.08 4.57 3.67 7.46 8.28 8.8 9.07 5.46 3.23 3.58 6.15 12.16 10.52 7.24 10.82 7.97 8.16 14.98 9.29 10.26 5.37 6.9 9.71
8.6 7.23 11.89 7.33 4.1 3.71 3.22 3.51 2.85 6.96 12.92 8.52 12.08 15.52 8.47 10.05 5.75 6.33 5.71 6.92 2.55 3.28 2.7 4.72 9.07 5.89 13.1 5.47 4.86 2.55 7.54 11.32 5.6 4.42 9.94 8.44 12.17 7.38 4.96 7.65 9.27 7.34 4.75 2.28 7.8 6.27 9.23 12.79 5.76 3.2 4.15 7.56 14.96 13.95 13.18 11.76 10.52 11.32 9.3 11.46 15.03 14.01 9.78 10.05
16.23 8.89 11.16 3.73 3.1 2.01 3.25 2.76 5.27 7.13 6.99 6.3 11.15 18.4 6.81 12.41 9.42 12.03 7.11 3.72 2.85 4.46 5.11 3.9 6.27 6.12 7.55 11.46 11.57 6.56 4.04 7.16 7.11 8.49 9.69 10.15 11.58 5.03 2.58 4.12 5.67 5.44 4.48 3.65 6.57 9.22 6.31 8.07 5.58 9.09 9.25 4.87 18.91 14.21 13.66 22.17 10.66 6.34 7.44 9.95 8.66 8.56 13.61 21.78
13.5 9.94 9.63 5.81 2.14 1.72 3.46 3.81 3.97 8.26 10.02 16.87 17.36 26.06 8.51 14.42 8.13 11.53 6.82 2.86 2.09 3.7 2.69 4.29 4.33 5.91 6.34 7.85 9.27 10.33 5.95 6.2 7.02 7.51 7.45 9.68 6.01 8.18 4.0 5.01 6.93 3.33 4.98 4.62 9.38 9.89 7.29 6.72 8.34 13.28 13.27 3.75 9.13 15.87 11.55 9.99 6.42 7.08 7.06 5.62 11.3 11.75 7.18 5.51
18.59 11.62 8.52 5.08 1.99 4.37 2.5 2.96 6.27 9.27 16.05 11.68 16.63 16.84 14.36 9.07 15.64 12.4 11.32 2.74 1.62 3.32 3.24 3.13 5.16 3.43 6.67 5.82 5.46 7.69 5.07 6.93 6.75 11.88 7.27 11.36 3.64 5.81 3.2 4.48 5.53 4.33 2.9 7.23 6.77 6.23 7.38 9.06 6.37 7.57 6.53 5.74 6.82 13.2 13.21 8.35 3.9 8.22 3.35 5.28 5.75 4.54 4.14 5.87
13.54 6.87 3.37 2.43 2.99 3.55 6.77 7.12 7.79 21.91 20.65 16.77 20.62 21.66 14.33 7.71 7.06 7.48 10.21 4.1 4.72 3.52 1.84 1.17 3.42 2.15 3.97 5.01 4.16 7.72 8.74 8.6 8.48 7.28 11.27 6.95 5.77 6.01 3.44 3.04 5.18 5.91 5.98 8.6 6.46 4.48 8.11 6.32 7.45 4.69 7.35 5.99 8.83 15.14 14.86 6.68 5.19 7.5 6.36 6.23 5.63 4.2 6.29 7.24
33.18 7.53 3.96 3.71 4.19 7.17 8.81 11.4 12.7 24.85 20.82 19.05 18.89 10.15 13.68 12.1 14.51 9.35 6.47 4.83 3.45 2.24 2.13 1.73 2.75 1.84 5.2 5.64 7.03 6.94 8.71 13.43 16.66 14.46 9.37 18.08 9.81 5.98 3.8 3.75 5.37 3.08 5.3 5.87 7.1 7.12 14.62 5.2 4.2 6.01 4.52 5.08 11.91 11.7 5.96 5.42 5.23 7.7 7.46 8.44 8.87 4.69 9.25 7.63
18.62 13.35 5.74 4.58 4.07 10.81 16.36 16.18 14.73 12.27 10.42 14.97 23.73 16.01 15.18 21.69 10.91 17.0 8.01 3.45 3.04 1.78 1.57 1.78 2.04 2.98 5.78 5.79 8.77 8.63 9.35 19.22 24.78 23.44 12.06 13.61 10.99 10.75 6.8 3.37 5.17 2.83 4.1 5.55 11.6 6.97 5.54 4.5 5.41 3.5 2.7 6.61 8.15 6.66 5.57 7.23 6.47 7.78 10.61 11.9 9.58 10.47 6.65 4.28
14.1 12.1 5.71 7.2 6.43 18.15 13.41 10.29 16.71 10.75 4.25 12.61 26.52 24.91 20.97 24.44 17.58 19.01 10.02 5.04 3.38 2.49 1.86 1.07 0.99 2.95 4.39 7.3 9.16 18.1 12.57 18.83 30.14 17.84 12.17 10.52 8.96 4.28 4.41 3.56 5.44 4.41 6.91 4.75 6.15 8.37 4.4 5.08 4.43 6.39 4.32 6.85 5.56 5.74 5.92 5.54 3.15 6.55 7.48 15.96 7.91 13.01 9.33 6.54
14.57 6.07 5.18 5.85 4.58 9.41 8.66 14.06 9.11 7.11 3.51 8.6 21.35 21.66 27.77 16.47 24.84 20.54 5.5 5.27 3.26 1.76 1.23 1.14 0.85 2.42 2.68 5.83 7.07 18.12 13.98 24.37 11.38 13.4 5.66 4.32 4.9 7.56 8.03 6.97 7.72 5.49 5.89 4.94 7.63 7.93 8.57 10.03 8.61 5.28 5.69 5.08 7.23 7.57 4.37 4.1 2.75 5.49 6.19 11.44 10.63 12.18 9.14 5.01
7.67 4.69 7.25 5.01 8.05 13.62 9.86 6.37 9.67 6.02 5.35 3.8 14.34 17.98 18.17 10.13 18.93 7.69 6.15 4.7 4.89 2.55 4.07 1.56 1.11 2.02 3.24 4.57 7.58 13.63 18.02 17.8 7.82 12.86 10.64 9.43 4.4 4.01 4.48 5.68 11.47 8.86 8.03 6.48 5.65 8.35 11.76 10.32 13.52 7.13 8.36 11.55 4.75 5.2 3.34 5.41 3.24 3.62 4.97 8.07 10.95 11.74 10.71 8.74
5.27 4.95 3.87 6.73 10.57 12.68 9.89 7.09 12.16 5.56 5.7 3.59 13.01 11.44 12.55 8.34 13.63 5.65 4.0 4.19 5.75 4.29 2.72 1.41 2.13 2.47 2.62 3.45 5.02 8.52 21.49 27.77 9.7 12.69 7.6 7.08 3.53 3.39 11.1 9.52 7.4 7.55 6.44 4.76 6.6 6.86 13.43 18.55 13.74 6.23 8.29 11.22 9.12 3.71 4.11 6.41 5.5 6.21 7.68 10.5 11.61 13.75 16.3 13.6
5.38 10.72 10.69 15.02 18.42 23.75 8.37 16.46 13.1 9.6 5.13 4.73 9.1 12.96 10.29 8.75 6.6 3.37 3.14 2.74 3.76 3.94 2.69 2.57 6.83 3.74 2.76 4.22 5.3 13.15 42.32 21.14 17.93 8.02 6.58 5.49 6.65 6.01 8.69 6.75 12.65 8.83 6.36 7.9 9.82 4.86 8.08 7.49 7.91 8.04 9.94 17.58 8.52 6.9 9.08 3.71 5.71 7.39 4.26 10.26 26.1 12.1 10.52 14.07
8.71 11.26 8.04 9.9 14.97 14.21 5.76 9.49 5.23 7.12 5.08 7.1 6.8 12.44 9.45 5.95 3.56 6.11 2.68 4.28 5.03 3.44 2.17 3.44 6.95 11.12 7.12 13.19 7.1 10.77 22.38 32.35 15.87 8.32 4.43 4.25 4.44 5.39 10.68 6.32 9.62 5.12 5.15 5.27 6.82 4.05 4.4 7.09 5.23 7.88 5.54 10.32 6.57 7.84 9.38 6.47 3.87 5.61 4.83 7.1 18.83 15.22 13.13 19.07
12.68 19.43 12.28 14.33 18.19 17.36 9.52 10.66 9.29 5.9 7.49 5.7 14.71 12.97 4.04 4.24 8.11 7.85 3.24 4.61 4.86 5.32 5.85 7.58 14.65 15.96 15.54 11.87 11.56 14.32 14.9 15.14 4.6 4.76 3.15 4.07 4.67 4.71 8.2 5.07 3.6 2.71 2.93 4.63 3.24 5.82 6.85 4.69 4.74 12.34 10.54 9.9 6.48 10.79 11.68 10.26 7.29 13.9 6.5 21.41 15.23 6.02 15.05 12.24
21.53 17.15 14.17 16.52 20.58 10.76 12.77 10.44 7.76 4.18 5.18 5.14 8.68 4.61 4.61 8.99 7.07 3.9 4.25 3.62 3.89 7.56 5.89 10.38 9.7 19.34 15.21 15.48 13.83 13.14 8.93 7.51 5.27 7.38 4.26 3.97 4.32 4.81 6.15 5.94 1.85 2.71 4.42 3.97 5.81 8.58 8.34 5.12 4.07 10.33 15.47 8.13 8.19 12.07 9.69 14.26 12.99 12.31 8.64 6.42 7.44 6.19 16.11 13.24
23.38 21.74 16.15 14.64 19.55 14.53 18.2 11.06 10.63 8.63 12.23 6.95 14.67 2.5 3.09 4.63 9.68 7.58 10.2 4.13 10.49 7.28 14.82 11.2 10.74 11.44 22.28 21.06 11.81 10.33 9.47 13.48 8.4 5.82 3.81 2.62 6.58 4.54 5.24 5.37 2.76 1.07 3.37 3.79 4.03 4.27 3.91 7.91 5.51 9.52 13.05 7.55 8.95 10.97 10.81 12.64 6.76 5.91 6.62 9.06 10.8 10.3 16.29 23.9
21.78 17.88 14.05 16.02 9.75 19.74 19.81 13.65 13.29 8.53 9.69 7.92 7.1 4.52 3.9 8.71 8.79 10.66 8.08 8.12 8.55 6.87 7.6 8.19 8.76 10.85 12.94 8.17 6.44 6.23 4.05 3.99 6.47 6.99 6.86 3.89 7.13 5.36 5.7 4.3 3.03 1.41 4.11 3.64 4.12 3.95 5.19 4.0 6.8 7.54 9.28 6.32 7.17 5.41 6.59 7.31 8.16 2.73 7.04 5.01 10.33 11.64 15.76 13.89
21.97 25.37 13.33 10.22 7.12 12.68 17.94 15.3 7.35 8.31 6.54 10.55 7.31 5.22 3.57 7.29 7.46 8.47 7.88 15.94 9.48 8.3 5.6 12.52 8.97 7.3 6.6 3.82 4.58 3.77 4.26 4.82 8.27 9.74 6.71 8.91 14.6 9.16 2.82 4.93 3.52 4.14 3.1 2.16 2.36 2.71 2.46 3.56 3.52 5.5 8.71 5.15 3.67 8.79 4.76 5.96 4.83 4.11 4.69 5.42 9.73 16.26 18.25 14.36
12.15 10.26 8.79 5.68 3.73 8.83 9.36 7.34 9.96 9.92 5.86 11.87 6.54 4.91 5.14 9.23 6.13 10.17 14.3 20.92 11.12 14.33 7.42 6.66 16.98 6.3 3.62 3.51 2.88 3.41 3.23 4.16 4.97 6.02 8.24 15.64 9.13 7.32 7.33 4.58 6.15 8.54 2.52 2.72 3.96 5.23 2.86 6.13 3.69 6.55 7.94 9.31 10.74 3.5 3.39 5.6 4.81 6.92 9.81 5.61 9.83 11.87 16.63 7.2
14.28 7.64 8.07 3.89 6.12 10.01 8.18 10.54 16.25 8.75 7.74 8.27 9.42 3.98 7.84 16.98 8.08 8.65 13.05 14.13 21.33 17.13 9.09 7.06 7.33 7.88 6.78 2.84 2.57 2.89 6.33 6.16 5.22 4.01 8.76 13.0 16.46 19.48 9.04 4.3 5.03 5.34 5.48 4.42 2.75 4.99 3.88 7.98 3.13 7.83 10.0 13.93 7.64 4.81 4.6 5.92 5.21 7.16 15.35 5.1 7.23 7.53 5.9 6.39
17.5 11.48 9.09 2.24 7.04 8.36 8.11 7.56 18.23 4.4 12.9 11.08 12.05 3.82 7.5 12.47 11.37 21.77 13.68 15.46 18.79 17.17 11.17 6.67 8.68 8.87 7.94 5.86 4.71 2.86 3.44 6.0 9.42 7.84 6.42 8.73 7.41 10.05 8.6 5.71 5.73 5.92 3.58 7.48 6.49 3.58 6.96 5.19 6.7 5.18 7.61 7.82 13.26 8.67 19.32 12.94 5.06 7.98 11.84 8.26 13.15 5.91 5.9 5.28
8.8 15.14 6.7 3.12 5.78 11.1 19.46 14.88 13.79 8.19 9.79 9.89 12.16 10.88 10.26 24.09 13.06 16.52 7.43 8.73 11.65 8.23 6.98 5.13 7.52 6.08 17.57 7.73 6.95 4.42 6.67 8.03 6.15 4.33 7.0 8.63 11.38 9.34 9.23 5.54 4.34 4.29 6.15 3.79 4.54 2.09 3.14 5.28 8.42 4.76 5.7 6.87 7.57 11.3 14.34 11.13 7.93 8.22 11.71 7.26 6.04 5.22 4.67 5.99
14.23 11.65 5.17 4.38 10.23 10.75 17.6 14.77 6.14 13.54 9.72 11.7 9.85 12.5 15.08 27.94 13.86 18.22 6.49 4.8 9.41 6.03 5.2 8.36 5.21 11.33 15.0 12.19 11.09 9.68 5.3 6.66 5.46 9.93 9.22 9.24 6.29 7.31 9.42 6.76 5.77 5.5 6.71 4.99 2.33 2.05 2.62 5.25 4.28 8.02 7.6 5.03 11.96 11.69 10.57 7.96 6.26 5.26 6.3 6.58 8.3 4.14 4.06 13.78
7.85 6.55 5.45 8.63 7.85 9.57 11.0 19.22 13.67 20.48 15.86 10.63 6.53 10.86 8.08 10.95 7.95 16.0 7.41 5.18 7.44 3.95 4.55 6.15 6.62 12.59 13.64 7.12 9.58 7.28 7.05 6.24 6.28 9.95 11.06 5.25 6.84 14.83 9.66 15.36 10.07 6.17 2.94 4.71 1.92 3.18 2.63 3.09 4.64 5.83 7.22 3.12 5.17 10.37 10.52 9.13 7.61 8.41 3.1 4.07 7.33 5.89 6.0 8.5
7.18 4.73 6.49 6.22 12.99 17.24 16.73 16.09 8.99 6.25 18.91 7.32 7.87 6.97 8.06 7.91 6.67 13.13 9.29 9.18 10.82 8.75 6.12 10.2 8.81 9.65 22.39 7.74 12.8 5.86 5.46 5.53 6.4 13.02 14.54 13.18 6.52 13.54 8.71 19.71 7.06 5.79 6.44 6.94 5.12 3.23 3.7 3.73 5.89 9.58 8.14 8.7 5.94 11.46 14.28 10.99 9.64 5.08 5.28 4.25 6.92 5.39 10.96 4.1
6.49 6.31 8.03 8.88 13.4 13.11 20.03 15.82 8.58 5.81 9.44 6.13 13.51 16.24 10.41 4.7 5.35 17.29 7.73 6.73 5.56 3.8 8.22 5.53 17.7 10.66 11.79 7.37 9.42 5.1 5.86 4.38 6.55 13.03 10.24 7.74 8.09 6.45 18.26 15.31 9.13 5.05 5.51 6.24 6.6 4.07 3.85 3.58 4.33 7.29 8.89 6.71 5.56 10.21 18.14 10.26 7.88 3.25 2.59 3.53 9.23 5.43 8.78 4.15
8.88 5.94 10.64 8.26 21.19 13.14 19.38 8.68 4.58 3.86 6.03 7.78 15.45 24.27 6.51 10.66 6.32 10.94 6.83 6.31 8.16 7.93 8.06 9.54 12.8 16.74 8.91 8.75 8.98 9.72 6.72 9.1 11.76 9.12 8.76 9.64 10.23 9.15 14.46 11.82 10.47 7.33 5.06 5.23 3.13 5.38 4.36 4.25 6.73 8.76 10.71 12.74 10.39 13.83 16.65 8.99 4.06 3.63 3.97 6.7 9.51 8.9 9.96 7.34
5.61 8.51 7.02 11.22 11.93 19.63 18.15 7.97 5.48 3.57 4.64 6.97 15.86 16.56 12.09 17.25 9.21 7.57 4.62 6.48 5.97 9.42 11.11 9.19 6.84 12.88 6.84 6.05 11.26 3.42 7.74 9.26 10.11 12.71 6.23 11.02 11.57 8.32 17.87 18.66 12.89 9.3 6.29 3.86 7.0 4.13 4.78 3.23 5.9 9.49 9.85 9.13 8.97 9.22 10.98 10.67 3.92 4.86 2.08 4.35 4.24 12.35 13.18 13.15
8.59 13.39 12.6 17.22 9.66 27.49 21.57 10.59 11.9 7.55 6.74 6.04 10.69 16.5 16.27 19.9 8.16 10.68 9.17 10.67 9.27 13.57 9.93 7.06 10.83 14.44 13.22 8.44 9.06 15.85 18.6 14.32 12.21 11.32 7.52 14.75 14.75 15.16 14.31 28.32 17.45 19.43 6.36 3.61 6.43 13.33 14.63 5.44 6.47 5.82 9.59 8.68 11.0 10.93 8.2 5.35 3.94 2.89 2.11 3.45 5.54 10.18 26.14 5.8
8.31 11.14 18.08 7.47 13.67 13.86 17.96 19.38 16.55 8.78 5.09 6.66 8.52 9.76 14.31 20.19 19.85 13.4 9.76 10.02 17.68 7.83 9.24 7.26 11.8 10.17 17.44 14.16 11.23 9.52 11.8 6.76 5.43 9.5 4.82 7.22 14.46 12.92 14.5 26.75 15.04 17.6 6.76 4.89 7.9 7.88 6.96 8.7 4.28 5.41 7.05 3.92 3.11 7.38 6.86 4.47 3.75 3.95 3.38 1.68 3.06 7.93 20.2 10.38
16.01 16.83 16.38 8.02 9.81 15.88 20.65 29.89 16.87 11.33 8.63 7.05 9.24 14.76 14.44 17.19 14.3 17.01 13.74 24.17 26.46 11.82 9.75 8.46 14.04 9.32 17.73 14.87 17.49 13.5 11.88 5.77 3.78 4.7 3.85 8.64 6.46 8.19 13.5 14.22 21.01 20.96 9.93 6.25 6.13 6.91 10.53 5.42 7.11 3.6 3.35 2.47 3.04 5.82 6.26 6.39 7.26 3.78 4.46 3.26 7.97 12.07 21.37 7.85
12.62 18.24 7.29 7.13 8.1 8.7 8.39 10.57 16.64 12.01 13.96 7.12 6.3 9.93 9.11 16.87 16.25 14.65 10.28 16.22 16.57 18.93 10.1 8.96 6.23 5.64 9.6 9.98 7.86 9.53 9.02 3.05 3.36 2.38 2.96 3.53 4.14 10.34 12.19 9.73 8.83 13.05 11.9 12.69 11.16 5.4 4.91 2.75 2.33 2.12 2.37 1.98 2.81 6.84 3.5 8.8 7.12 8.29 3.94 5.73 6.0 9.37 10.23 11.49
11.95 15.46 6.06 6.31 7.68 8.72 9.1 7.89 21.14 12.26 9.6 11.4 14.95 8.97 15.91 14.06 14.05 15.71 11.9 16.53 20.57 14.65 8.59 7.28 7.91 8.1 7.63 9.29 8.08 8.55 8.03 5.44 5.51 4.41 3.56 5.65 4.82 13.64 9.38 6.38 15.56 13.36 9.14 7.08 6.66 3.32 4.16 4.6 3.85 3.87 3.16 4.27 3.94 5.78 6.11 10.54 6.98 6.73 3.98 5.6 7.74 19.73 13.69 10.21
5.0 6.01 4.49 6.7 4.93 9.72 4.59 5.33 8.14 10.41 10.41 10.86 5.91 10.65 13.26 17.3 11.1 8.89 9.0 15.77 11.14 8.24 8.12 3.86 7.66 6.56 7.97 7.71 2.96 3.93 5.71 5.01 7.06 5.6 3.89 7.2 6.91 11.55 11.72 3.88 12.45 11.27 13.83 6.94 3.64 4.83 6.74 2.7 5.93 5.36 3.5 7.61 6.01 7.46 4.17 6.75 7.04 7.58 5.3 3.95 4.86 7.82 12.86 9.43
7.64 9.78 3.63 5.67 6.13 6.69 12.34 9.57 10.91 9.53 5.52 6.34 9.71 10.97 13.48 6.92 14.19 11.61 5.68 8.04 9.2 10.02 11.67 9.01 5.39 7.22 8.1 9.64 5.75 4.4 5.05 9.81 9.06 11.87 6.44 11.14 9.92 11.32 13.27 5.35 7.68 11.41 9.93 8.47 4.44 4.48 7.94 2.5 5.76 6.4 7.17 6.55 7.06 6.86 8.23 12.87 7.38 5.72 4.11 5.45 3.51 3.72 8.7 7.47
4.87 4.91 2.68 5.99 3.72 4.93 4.74 4.16 9.09 8.05 6.24 9.09 15.05 6.76 7.56 6.3 14.6 10.86 5.32 6.2 3.29 4.65 7.69 5.01 6.71 9.55 8.96 8.86 6.28 4.13 3.81 4.37 10.29 12.07 8.09 8.05 2.39 4.15 8.83 6.61 7.17 9.23 5.55 9.61 7.95 6.62 9.87 1.95 5.36 7.5 11.63 11.02 9.02 7.72 7.14 7.6 6.76 7.79 4.64 5.46 5.48 5.15 9.78 5.79
7.49 4.9 3.33 5.1 3.21 3.74 8.75 10.59 12.84 8.81 6.54 7.35 15.99 8.09 13.13 9.41 8.22 11.41 6.0 4.51 5.0 2.53 7.6 6.13 6.18 10.16 9.06 11.66 7.42 3.9 3.0 6.52 7.08 9.85 11.39 7.55 3.6 8.55 7.89 10.03 7.8 5.5 6.98 8.41 9.22 13.06 7.46 5.05 6.1 10.8 8.53 9.37 5.12 7.95 5.72 8.48 10.44 6.55 8.08 7.12 8.98 4.94 5.29 4.03
5.45 4.62 2.64 3.98 2.85 4.31 3.03 6.64 7.2 8.01 6.57 7.6 10.65 13.72 12.46 7.83 6.53 7.12 10.37 7.53 5.86 3.86 6.56 4.95 8.41 8.74 4.44 6.06 6.39 5.2 6.31 5.15 6.34 9.12 9.65 4.22 4.2 3.48 4.98 7.75 16.82 6.22 5.4 10.69 13.97 12.4 8.69 5.52 9.18 8.76 6.82 7.69 3.77 7.03 6.03 5.21 7.58 14.25 6.93 11.64 11.79 13.54 6.69 5.78
8.51 6.69 2.92 5.39 3.8 4.83 7.56 13.4 13.8 6.28 8.22 8.2 8.85 9.53 13.09 11.67 9.57 9.11 8.37 12.78 9.78 6.78 3.65 6.59 5.04 4.16 3.47 4.78 7.26 6.4 11.68 7.85 8.12 6.54 7.63 5.17 4.83 6.38 5.88 8.64 11.54 15.69 9.79 7.71 8.05 6.21 7.55 6.85 15.31 8.08 7.29 5.52 2.66 11.02 6.36 9.01 5.52 16.04 8.18 6.28 6.26 13.56 7.23 3.81
9.7 10.15 3.4 5.98 6.0 6.29 6.47 6.5 6.59 4.83 6.95 7.43 7.09 4.25 10.1 11.36 8.46 8.1 6.87 10.52 3.77 3.64 3.01 8.11 4.69 3.01 2.46 4.61 11.8 17.06 13.06 10.24 6.97 8.21 5.64 8.65 4.83 5.7 7.74 5.57 15.7 10.51 11.34 6.48 16.58 7.42 6.35 3.98 7.5 5.72 7.66 4.26 4.58 6.76 6.09 4.83 6.68 12.72 8.25 5.96 6.05 6.31 8.99 7.23
14.17 8.36 5.89 13.98 13.7 11.68 6.84 8.15 11.29 6.52 8.08 6.01 4.93 6.61 9.71 10.66 8.2 5.13 5.73 3.5 2.74 2.05 4.84 5.76 6.18 6.86 3.98 6.84 4.38 12.85 11.26 16.36 8.85 11.34 6.13 6.73 6.34 5.22 6.62 6.78 14.91 14.57 8.46 11.6 7.78 7.34 4.48 4.3 5.34 4.65 4.92 3.93 4.25 7.85 8.59 8.04 14.85 12.15 7.01 3.69 8.1 12.17 24.39 12.43
6.1 5.92 3.85 9.11 20.82 19.86 9.64 8.68 7.85 5.64 10.94 5.73 9.27 3.57 5.46 6.17 5.09 1.94 4.58 3.68 3.28 2.29 3.95 5.89 7.6 7.71 9.14 7.39 5.58 10.86 16.22 12.11 15.31 9.48 7.99 4.82 8.34 9.39 8.2 10.19 12.44 18.11 15.16 29.42 25.17 9.16 7.74 5.4 4.75 4.76 5.24 6.67 5.35 12.52 6.87 12.28 12.53 11.8 11.01 11.55 9.67 17.8 16.78 13.2
4.8 3.39 3.36 11.61 5.54 17.84 13.99 9.46 6.78 9.29 9.18 7.32 6.92 4.98 9.24 4.96 4.46 3.34 3.0 5.53 4.47 4.7 6.72 10.51 9.03 9.4 14.38 7.65 6.3 10.68 17.39 15.6 20.18 10.92 5.88 6.33 10.13 10.33 7.49 10.95 12.13 21.53 15.97 23.21 28.47 8.28 7.6 3.5 4.34 7.45 6.12 4.45 8.73 6.84 4.72 17.75 11.17 10.23 6.04 6.98 7.07 16.95 26.41 19.25
7.06 4.44 2.77 3.06 4.41 8.96 18.72 8.64 4.27 4.3 8.12 8.42 5.78 4.28 3.37 5.93 4.71 5.63 4.54 4.43 9.22 5.25 8.29 21.57 9.03 17.08 16.5 10.45 8.18 15.4 14.76 14.85 13.11 6.75 6.22 5.39 9.21 12.23 13.27 20.46 15.3 9.94 14.46 20.93 13.76 12.95 11.45 11.19 8.68 10.32 9.6 8.77 14.5 15.99 5.24 5.97 6.89 8.63 9.49 8.5 17.83 13.85 19.02 16.71
6.88 4.65 3.42 4.97 3.88 7.18 9.81 6.41 4.58 3.2 5.06 3.59 3.88 3.3 3.63 7.55 10.87 4.52 2.37 4.2 5.0 7.12 9.79 21.99 12.43 22.36 16.14 12.76 16.33 7.09 9.18 7.82 7.67 8.08 9.04 7.81 13.3 16.59 16.34 12.61 9.44 6.39 10.66 9.95 13.11 12.73 6.71 8.3 8.16 10.24 11.5 11.72 13.26 8.39 7.09 7.75 7.78 6.51 11.59 5.97 11.78 7.9 12.42 10.24
8.9 8.22 6.23 5.33 4.48 8.41 7.12 4.71 3.28 2.4 4.94 3.03 3.53 3.82 4.62 14.35 9.77 4.93 3.8 5.75 4.78 14.03 7.32 11.17 11.56 15.78 15.75 7.36 9.99 12.28 10.42 10.57 12.92 7.2 11.16 8.67 13.48 11.92 9.8 16.27 11.51 11.32 10.35 9.17 8.09 11.44 9.45 10.24 12.62 13.0 17.78 17.88 24.56 32.19 11.79 12.12 7.12 4.97 10.5 9.65 8.83 13.5 12.08 7.49
