2.75 4.81 4.54 4.62 8.24 7.43 4.66 6.15 8.97 15.95 10.45 4.27 5.05 7.78 5.54 8.34 5.96 8.43 5.09 5.29 10.29 16.91 14.09 7.0 18.36 12.56 5.85 5.18 9.39 12.8 11.41 4.57 4.88 8.6 5.12 6.33 11.17 3.75 4.37 5.38 4.04 4.88 7.39 8.58 11.37 6.7 9.03 12.68 17.75 12.99 11.53 5.49 5.34 2.94 4.76 4.65 5.17 7.12 12.97 30.43 28.37 13.51 12.01 6.39
2.53 3.53 5.83 4.1 6.84 6.79 5.46 2.63 6.34 10.57 9.03 4.13 7.03 11.43 9.16 4.72 6.34 4.67 9.08 7.93 7.47 7.85 18.21 10.9 9.27 12.84 8.06 6.12 7.22 12.09 7.84 4.67 5.18 8.89 7.5 6.88 17.34 5.11 3.36 5.01 6.04 4.61 3.49 5.15 9.65 8.3 8.29 10.92 15.53 12.17 12.36 11.94 5.71 4.76 3.93 10.07 3.63 8.33 8.86 13.46 25.67 12.71 7.81 5.85
2.53 2.89 6.12 5.49 10.03 6.68 3.53 2.14 7.24 7.14 5.92 5.71 8.28 12.17 12.76 7.51 6.77 4.11 7.64 6.89 9.78 4.17 7.09 6.19 7.0 5.42 5.94 6.35 3.17 3.52 4.59 4.28 7.1 6.36 7.07 8.91 4.0 6.84 5.67 9.47 5.26 2.76 2.34 7.4 6.46 4.53 6.22 4.75 7.55 13.7 9.37 7.02 10.34 6.68 6.21 5.41 7.4 10.22 8.76 6.63 10.02 5.76 5.29 3.03
2.84 2.74 3.62 3.97 7.04 4.78 3.24 1.61 5.26 5.8 5.06 2.76 8.82 5.33 8.44 3.61 4.98 6.96 5.57 4.37 7.81 10.38 4.23 4.22 6.17 6.57 2.52 2.57 2.28 3.6 2.38 5.07 7.77 7.71 5.98 6.97 7.31 3.35 3.14 4.75 5.71 2.74 2.39 6.31 8.03 5.3 8.7 14.72 9.43 10.17 7.65 5.9 4.64 3.88 6.07 9.44 6.9 6.62 7.83 4.43 7.23 6.14 3.33 2.03
5.67 5.77 3.11 7.22 3.21 6.86 3.74 4.26 3.83 4.32 2.61 4.78 6.34 10.39 5.56 14.86 8.99 9.07 6.98 4.47 6.79 2.7 3.13 4.39 3.24 3.67 6.44 6.47 1.81 3.69 2.1 2.91 3.67 9.46 6.58 9.61 5.19 5.6 5.97 13.05 6.68 3.81 3.01 7.76 7.77 5.44 9.53 13.52 13.13 6.89 9.63 9.28 12.33 7.3 8.27 6.2 6.31 9.0 8.53 10.2 3.98 4.0 3.92 2.51
5.68 4.68 2.41 3.08 2.66 4.3 8.11 5.6 3.21 4.18 3.71 6.48 6.62 12.45 8.49 10.65 9.71 11.44 6.55 6.73 10.82 3.34 3.24 3.43 4.22 10.55 7.88 8.52 3.28 4.13 3.33 5.14 6.8 8.03 3.98 6.55 9.66 8.51 5.02 6.17 4.69 8.07 2.77 8.76 9.47 11.09 5.37 9.73 17.73 17.24 8.59 10.55 9.07 6.67 7.2 11.24 10.44 21.66 8.69 9.25 8.21 5.13 3.98 2.85
6.03 6.26 3.8 4.08 2.48 5.62 6.23 5.18 5.43 4.54 3.94 4.91 18.08 12.38 10.3 8.89 16.24 11.84 14.65 9.89 5.87 3.45 4.08 3.6 2.18 2.85 5.5 5.76 4.11 6.03 5.38 4.62 7.63 6.99 6.64 3.64 5.74 7.33 8.54 3.73 8.33 11.41 9.03 10.67 7.99 8.43 3.86 4.93 8.43 6.15 3.91 6.94 2.88 9.08 8.11 11.27 14.51 12.67 14.79 6.96 9.79 7.64 13.43 4.75
6.14 7.05 5.72 6.41 2.65 3.79 4.82 4.8 7.08 5.77 8.15 5.18 8.58 16.82 18.45 8.85 8.26 10.82 5.24 12.36 7.13 7.94 4.15 3.95 2.12 7.44 2.22 4.57 3.89 7.38 4.36 6.11 5.15 11.18 6.45 3.37 2.36 4.33 8.28 7.07 9.47 9.02 7.49 9.85 5.48 7.64 6.45 6.43 7.92 6.02 3.31 5.57 6.16 4.82 9.99 6.07 10.27 6.01 14.9 19.5 24.03 9.15 11.7 5.73
6.5 5.55 11.42 5.98 8.9 5.14 7.06 5.44 13.91 6.99 11.36 10.95 11.24 15.52 13.53 17.82 8.22 13.2 5.66 12.85 6.77 6.93 5.36 5.5 4.57 2.99 2.36 5.27 13.83 13.77 4.71 8.35 4.59 2.88 3.54 1.71 3.5 7.54 7.81 8.76 8.74 14.06 7.03 15.46 8.5 15.26 5.34 8.42 11.84 7.46 9.51 8.43 7.28 6.5 6.85 5.46 7.51 6.57 8.18 8.95 17.05 9.62 5.34 7.5
5.65 6.77 10.44 7.48 6.52 10.93 10.18 7.12 10.49 13.48 17.14 10.78 9.65 13.74 11.82 7.43 10.35 10.43 8.54 9.62 11.56 6.29 7.9 4.21 8.37 7.18 2.84 5.56 14.28 12.82 6.45 4.6 6.05 1.87 2.64 3.9 5.83 5.38 12.06 5.99 7.17 7.44 8.85 9.16 12.02 8.56 9.06 5.59 24.12 9.49 14.06 8.82 15.27 7.23 11.47 3.49 5.61 5.27 8.76 5.81 5.72 5.77 6.36 5.22
3.6 6.05 7.42 5.5 6.55 4.34 12.45 12.3 6.98 13.45 20.94 8.44 12.26 12.95 8.67 8.22 10.36 14.58 10.36 7.78 7.08 9.94 11.16 7.52 7.32 4.92 2.82 5.55 15.79 8.37 5.55 4.62 5.44 2.6 1.59 3.4 5.27 5.46 5.29 5.58 4.87 6.93 7.25 11.07 13.74 8.85 7.14 16.05 24.29 5.6 9.05 8.15 8.1 4.57 5.56 4.82 9.47 3.77 6.01 3.32 1.54 1.68 4.54 5.51
6.73 9.59 8.05 9.05 3.94 3.98 5.95 9.53 10.76 7.21 21.56 9.68 9.32 9.26 9.08 6.41 6.88 6.85 16.2 15.24 9.58 9.85 28.2 9.03 7.45 4.42 5.56 7.83 6.93 8.28 3.71 4.41 3.23 4.67 2.35 3.39 5.42 8.73 6.99 5.97 5.11 3.81 4.93 8.31 9.33 10.02 7.85 11.35 18.77 9.36 4.77 3.2 3.84 6.39 4.51 3.51 3.31 6.32 6.87 6.39 1.95 5.74 3.87 5.74
14.4 27.19 12.05 7.95 5.54 6.19 13.25 7.95 7.81 6.77 5.11 9.59 14.72 9.86 8.88 13.41 9.12 11.54 9.1 22.2 24.26 8.88 7.97 7.54 8.74 4.89 3.98 7.14 11.43 9.17 4.04 5.26 6.53 5.38 3.54 5.48 9.12 6.05 9.03 8.84 8.08 6.77 6.09 6.03 7.69 10.27 9.75 12.28 10.51 10.92 7.39 3.25 4.41 4.95 4.5 4.12 3.49 3.57 8.46 8.65 4.25 5.3 5.17 3.8
8.95 10.89 10.74 11.54 10.17 11.44 10.27 4.41 7.4 10.45 15.77 9.95 8.56 8.74 10.6 14.53 9.99 14.4 14.3 19.8 9.29 9.88 6.38 9.85 7.11 4.02 3.25 4.08 4.13 7.91 7.7 5.79 9.5 5.16 5.07 5.02 15.08 10.43 10.29 4.34 3.74 5.33 3.45 9.74 9.24 12.57 11.71 11.15 6.17 13.17 9.28 4.02 2.48 5.52 6.51 6.22 7.36 5.35 10.7 6.6 8.39 3.99 7.88 8.99
9.68 17.13 7.19 5.77 8.45 9.82 9.06 4.25 7.63 8.15 10.92 4.61 6.53 7.31 10.42 30.61 13.76 16.82 8.4 14.08 8.15 9.6 2.65 2.0 3.57 4.56 2.43 4.07 5.69 6.95 9.6 5.9 5.66 8.92 7.98 8.72 8.47 7.84 8.46 5.51 4.14 9.37 7.57 8.57 11.39 13.11 7.5 5.09 3.76 3.66 2.62 2.98 3.8 5.9 6.46 9.33 18.4 16.94 4.42 7.38 6.94 7.7 6.85 11.76
10.48 6.8 7.51 3.12 7.24 7.03 6.21 4.47 8.89 13.3 13.5 10.25 7.1 8.42 10.57 14.14 10.56 12.12 8.88 9.22 5.84 7.42 3.44 1.6 4.01 3.22 4.53 2.39 7.24 9.31 6.85 5.92 5.46 9.75 6.25 7.33 7.19 12.43 6.6 6.51 6.57 7.27 7.27 14.76 5.84 12.93 6.59 5.55 4.75 5.22 6.08 3.58 5.69 8.4 8.51 6.31 12.48 18.5 9.38 10.29 14.63 7.16 5.15 10.52
7.83 9.22 3.99 6.84 8.77 11.14 10.9 5.45 9.05 9.65 8.66 11.78 6.0 5.52 7.45 9.58 8.75 17.72 9.09 10.58 8.45 7.44 4.1 2.74 3.21 6.31 5.48 3.61 5.75 11.19 6.52 4.83 4.83 7.44 6.51 7.89 6.96 8.78 10.19 12.51 11.88 6.94 8.82 11.63 6.89 7.61 8.05 4.6 5.0 5.81 9.27 5.08 7.91 10.39 9.54 7.34 9.35 23.94 23.32 21.47 22.62 10.92 11.43 11.72
11.98 6.66 4.58 6.55 4.75 6.2 7.87 8.67 10.89 8.87 3.34 7.0 5.93 5.87 7.69 7.17 7.17 14.05 9.97 5.7 4.85 5.04 4.76 3.16 4.87 8.01 10.4 5.95 9.31 13.44 4.54 6.54 4.96 5.47 3.7 6.44 4.97 9.68 6.1 11.49 13.73 8.88 4.56 11.49 12.36 6.24 4.34 5.5 7.49 7.89 9.01 10.28 13.96 6.12 13.58 10.13 10.85 13.74 25.78 30.01 26.4 9.91 15.27 14.92
11.43 4.35 3.87 6.21 6.42 8.55 5.87 2.28 12.1 8.49 5.05 4.74 7.18 6.78 11.38 8.45 11.77 9.5 8.27 8.7 3.73 2.84 3.77 3.79 7.05 7.52 15.92 5.12 9.97 14.09 10.1 4.16 3.11 2.23 4.21 4.9 5.31 5.99 6.0 8.21 8.77 8.83 6.54 9.29 13.07 12.39 6.1 5.09 5.12 8.0 6.51 9.63 12.58 6.21 5.91 8.31 12.63 13.36 17.73 20.38 18.1 9.92 11.18 24.61
13.33 6.7 7.1 8.46 3.56 5.66 4.38 5.64 5.84 8.21 7.41 9.31 4.83 6.49 7.94 9.47 5.5 11.22 5.31 7.97 13.28 9.14 4.96 3.76 9.63 13.69 8.58 10.87 15.91 21.82 8.31 6.35 4.45 3.56 5.28 10.31 4.64 7.9 6.59 9.56 7.99 5.74 5.94 9.57 14.64 9.94 8.36 5.24 4.66 4.16 6.47 11.21 6.97 3.65 5.94 8.91 12.23 8.89 10.79 21.97 16.63 15.52 16.66 14.24
13.43 4.42 7.53 6.66 9.33 9.76 9.47 13.0 6.73 7.67 13.89 10.69 5.34 6.27 9.59 13.56 8.57 9.21 6.06 11.82 9.61 9.72 5.0 2.54 10.77 13.46 12.76 7.27 10.2 29.85 22.58 12.14 3.61 7.15 5.36 11.88 9.41 15.89 9.47 12.33 3.83 12.79 8.5 7.49 5.66 12.08 10.8 7.48 8.5 4.52 10.43 8.52 7.44 4.0 5.49 8.02 11.11 6.3 5.28 10.18 30.11 15.27 9.82 6.92
10.53 7.26 8.97 9.26 13.06 11.66 10.57 8.34 4.06 3.64 12.99 6.86 5.76 9.95 6.63 8.22 10.55 10.25 5.43 7.81 8.43 12.17 6.89 5.03 10.22 11.96 12.5 10.78 12.14 14.13 19.43 13.05 7.42 5.19 6.53 7.68 11.9 13.71 21.14 11.34 9.23 6.21 13.14 6.81 5.99 5.63 6.08 4.37 5.58 4.28 9.18 11.76 10.62 6.91 6.14 11.55 21.31 11.03 5.43 8.14 14.85 10.24 12.16 5.29
5.75 7.27 8.82 14.57 14.99 13.34 4.57 14.18 6.16 5.08 3.38 3.16 3.57 7.1 10.21 9.95 14.51 6.65 8.98 9.35 9.69 6.69 4.41 3.54 6.37 7.74 12.85 29.91 9.03 8.1 7.87 19.3 6.9 15.64 6.78 6.67 4.98 10.33 11.71 13.13 17.57 5.89 7.76 6.52 10.02 3.79 8.19 4.9 7.95 3.52 6.16 4.22 9.87 8.95 10.05 13.68 9.99 13.11 4.95 10.2 9.14 12.85 5.71 4.0
9.83 8.75 19.97 12.92 16.91 17.75 6.62 8.63 5.23 5.73 4.36 2.49 4.91 5.47 9.99 8.16 9.48 11.25 13.65 3.44 5.87 8.67 5.15 5.05 8.99 11.44 12.21 8.47 8.83 10.96 6.53 12.34 11.77 15.09 5.48 4.34 7.31 11.65 17.93 11.9 13.27 5.6 3.85 3.54 6.61 10.81 7.26 8.18 11.27 11.01 6.17 6.89 9.05 9.52 4.89 15.12 9.93 8.12 10.0 13.74 5.88 8.19 7.82 5.44
9.19 10.52 10.7 12.27 15.45 10.07 8.34 10.57 11.43 4.21 11.09 2.91 4.37 2.21 10.14 8.93 7.85 8.93 14.0 7.27 5.62 6.07 3.81 5.86 3.71 6.94 8.03 14.8 8.5 6.84 12.94 7.23 7.4 5.34 4.71 5.41 11.22 12.4 29.8 19.48 19.11 7.32 5.44 2.74 4.84 8.31 7.78 12.81 9.59 19.84 8.47 7.74 10.53 9.01 10.89 9.6 7.66 4.88 11.23 19.46 19.94 4.49 5.91 5.1
5.77 11.54 13.86 6.09 5.35 5.23 11.3 12.42 7.34 3.63 6.96 4.61 5.83 6.2 10.84 10.91 7.73 6.24 5.32 4.43 3.74 4.12 3.1 3.44 3.13 4.95 8.49 12.56 9.4 7.42 4.02 6.59 7.13 7.83 8.47 8.42 10.62 9.13 11.45 10.68 12.87 12.52 8.5 3.29 4.67 5.36 5.34 8.32 10.59 12.28 11.27 12.51 16.13 13.44 6.11 11.55 9.5 8.33 9.95 4.67 10.16 10.85 6.96 7.59
7.24 5.61 9.08 7.72 5.79 7.01 7.3 10.21 4.74 4.82 4.61 6.4 5.7 11.04 7.89 10.87 5.5 9.01 9.34 9.66 5.26 6.4 2.63 2.94 4.43 6.81 5.92 6.69 3.78 2.18 3.15 5.59 11.9 13.23 9.34 5.99 7.34 11.66 19.58 9.67 6.84 8.31 8.69 13.58 5.68 5.23 5.18 7.12 8.24 7.87 4.64 7.35 13.15 9.08 8.3 8.61 10.2 6.13 6.49 5.28 5.32 5.21 10.9 7.56
11.43 4.91 7.61 3.45 4.41 5.52 8.58 12.09 7.21 8.27 7.6 6.9 10.29 7.94 13.74 9.19 5.87 14.12 13.43 5.96 4.91 13.32 6.85 11.46 6.5 9.34 15.4 3.72 2.4 3.25 3.49 3.65 6.74 25.62 22.37 7.59 10.91 6.68 7.24 9.66 6.49 4.08 4.04 9.91 7.05 4.53 4.98 11.81 5.8 4.76 2.74 3.84 10.29 13.36 6.49 9.19 8.32 6.56 5.79 8.07 9.84 8.87 6.58 5.44
6.91 7.68 6.55 6.15 7.9 10.2 4.37 6.73 7.47 14.0 13.0 12.26 9.92 10.18 13.89 11.63 5.61 12.69 9.47 6.29 4.75 9.68 11.2 23.3 16.45 4.94 7.76 4.67 6.2 5.22 6.0 5.59 7.81 9.69 8.51 4.85 7.44 8.06 9.89 10.99 6.68 7.35 4.61 11.58 6.03 7.87 2.96 3.51 5.8 9.98 6.47 7.13 6.83 9.05 5.91 4.23 5.04 8.96 8.96 6.82 5.56 5.73 3.51 2.97
8.46 14.99 11.86 7.99 8.81 10.13 9.37 4.24 3.45 10.94 8.0 8.85 9.38 13.69 14.6 5.94 2.89 10.42 9.15 8.81 5.92 7.28 12.65 15.81 5.15 11.7 7.98 5.5 3.81 7.61 4.67 5.08 4.15 10.77 2.84 7.69 7.23 5.05 2.92 5.61 6.97 7.28 5.36 5.12 7.25 9.49 4.3 4.28 5.43 14.41 13.09 3.76 4.06 7.38 13.66 6.18 6.8 15.93 14.34 9.23 7.17 8.66 5.19 2.4
13.68 15.24 23.24 6.49 9.51 12.41 6.9 4.92 4.3 7.29 6.14 4.54 5.13 8.62 6.07 4.88 8.14 4.95 6.14 10.75 7.57 7.34 13.18 13.11 4.12 4.32 3.97 4.14 6.21 5.26 4.47 5.95 5.69 10.52 8.12 4.93 2.35 2.9 1.59 3.33 5.64 9.16 6.88 5.0 5.03 10.82 7.03 11.42 12.25 9.83 8.11 8.77 5.56 5.83 14.81 8.45 11.82 8.47 8.19 9.05 12.67 9.68 6.02 3.06
17.3 27.43 30.92 32.63 10.08 10.81 5.55 3.7 3.51 3.89 5.52 5.99 3.33 4.07 4.14 3.68 5.45 6.61 5.24 13.17 14.51 8.35 7.75 6.77 5.77 8.58 3.58 3.76 5.09 2.64 5.45 6.97 5.7 5.66 7.89 4.1 4.06 4.66 4.25 3.54 6.75 5.51 6.47 3.08 8.79 10.73 14.83 11.36 14.7 9.05 6.63 8.58 12.57 6.34 13.08 9.2 11.51 10.89 15.2 10.92 13.44 8.31 6.94 4.51
18.02 30.92 41.18 20.09 7.18 5.24 3.22 3.0 3.98 4.89 8.01 7.72 6.18 3.57 2.55 4.45 11.31 10.6 5.07 8.64 12.17 8.85 5.55 4.09 4.55 4.55 5.14 3.44 6.88 6.25 3.39 3.48 5.0 6.4 7.39 4.57 5.4 5.19 3.96 3.65 5.34 6.85 6.95 5.29 6.37 7.75 7.69 8.02 12.48 9.21 8.11 9.96 17.61 9.13 8.01 8.35 13.45 14.01 15.24 8.48 11.62 11.28 7.43 5.44
27.38 13.44 28.26 30.39 11.05 3.5 4.24 3.62 2.85 4.86 9.25 6.92 3.39 3.85 5.63 4.01 4.75 6.06 7.68 6.85 9.83 3.39 3.31 1.91 6.17 4.21 7.4 5.84 5.28 5.86 7.99 3.17 3.55 5.36 3.63 5.01 4.17 5.1 4.27 3.44 3.97 8.91 2.76 3.14 7.08 3.41 4.28 6.05 11.85 8.28 6.77 6.04 6.13 3.86 3.41 6.34 15.01 15.2 14.26 10.5 6.95 8.63 7.95 6.44
36.14 17.12 14.69 9.88 14.71 4.75 5.63 7.03 5.84 7.39 11.21 7.17 10.67 5.49 4.55 3.43 6.15 3.25 10.59 12.43 5.5 5.13 4.35 3.38 2.63 4.71 8.67 6.22 2.36 3.72 3.69 3.92 2.68 3.36 3.27 2.42 2.0 2.58 4.09 2.85 3.88 4.13 4.67 1.92 5.39 7.06 3.63 3.2 5.6 6.78 5.82 3.71 4.79 5.74 3.79 7.25 13.26 16.92 7.68 5.96 6.59 6.66 8.47 4.69
23.62 13.69 17.83 12.79 7.18 6.1 10.2 7.22 7.64 12.0 13.89 5.46 6.06 8.56 7.65 4.53 6.72 3.8 6.56 10.8 6.64 7.73 4.3 4.56 9.13 6.74 11.69 9.52 6.43 4.62 2.37 3.09 3.03 5.43 2.41 2.64 2.21 3.43 2.38 1.92 3.84 4.0 3.08 1.67 2.12 4.07 3.92 3.74 5.21 5.71 11.07 4.67 5.35 3.94 5.7 8.6 9.62 6.9 5.7 6.75 6.37 7.54 8.66 5.01
13.95 14.1 19.1 12.49 12.29 5.07 13.29 8.42 5.48 6.48 10.64 8.57 5.5 9.08 6.19 8.02 6.3 14.06 11.46 16.09 7.32 9.75 3.91 10.14 5.21 8.49 5.16 9.64 8.5 5.77 2.9 2.51 3.14 4.01 2.52 1.3 2.74 4.02 2.6 1.63 5.2 5.17 4.73 2.76 4.38 7.1 5.06 4.95 2.78 7.49 9.1 8.96 5.19 4.39 3.96 7.05 7.11 7.66 6.19 4.46 3.98 4.81 6.85 6.29
8.1 8.41 11.16 10.12 6.84 7.14 6.43 6.13 4.86 7.19 6.4 5.55 5.34 7.94 9.17 7.37 13.71 10.66 25.41 12.12 7.55 12.07 4.24 3.6 5.59 7.4 4.06 7.01 8.78 8.28 2.48 2.92 3.28 5.73 3.07 2.33 3.29 5.91 5.22 4.05 3.9 4.25 3.9 3.47 5.16 4.67 4.5 5.09 5.14 9.5 8.63 14.86 7.42 7.47 2.39 5.48 3.45 5.27 3.68 5.74 6.4 5.62 5.59 6.68
7.8 5.15 7.35 8.23 6.59 10.0 8.92 5.75 3.38 4.51 4.71 5.63 5.69 5.48 8.28 9.77 11.4 18.42 17.17 14.31 9.78 11.39 10.14 6.43 6.46 4.73 4.47 3.31 4.35 4.87 7.03 2.59 2.61 3.51 7.4 5.07 3.35 6.74 4.14 4.93 7.17 7.07 8.75 9.65 6.48 5.42 5.88 5.72 5.5 7.86 11.69 11.82 12.16 8.95 6.57 3.65 8.54 6.26 6.55 4.97 6.77 5.26 2.22 5.02
6.94 2.51 10.59 9.24 17.35 10.16 7.22 4.21 5.36 5.23 4.47 7.52 9.91 4.88 5.34 17.19 13.85 28.7 12.06 11.41 6.59 16.6 6.81 5.47 7.55 8.07 5.85 3.37 3.21 5.28 3.0 3.79 4.33 3.69 6.85 12.57 7.88 16.9 11.46 16.63 14.8 9.69 5.56 10.95 9.42 7.96 5.5 11.55 8.11 9.44 17.94 23.95 13.7 6.56 5.56 4.99 6.03 7.7 18.57 17.85 14.56 4.81 4.33 4.14
7.22 5.83 7.09 10.91 7.73 8.8 4.26 7.26 4.91 5.05 2.56 5.65 7.03 6.08 17.09 26.76 24.5 14.65 18.27 7.46 7.64 6.03 11.25 9.33 4.43 6.76 6.57 5.11 2.51 7.01 2.6 5.49 2.85 7.03 10.99 14.84 13.69 14.62 15.8 12.07 11.33 8.57 14.71 8.79 8.78 7.64 10.89 8.9 17.82 15.9 22.81 14.02 10.1 9.15 4.4 17.75 9.42 16.58 7.42 16.78 12.76 14.37 6.74 4.84
5.8 5.54 6.82 7.48 7.74 21.2 6.88 7.36 3.31 7.16 2.54 4.6 5.6 15.76 12.31 12.43 12.35 10.58 10.31 8.46 5.25 3.64 6.0 7.68 4.45 6.91 6.97 2.57 3.64 3.35 4.69 3.31 4.78 4.31 7.67 9.54 12.41 14.84 20.8 24.18 15.35 5.35 12.46 9.81 10.55 6.8 8.65 12.78 23.49 14.81 15.78 8.94 11.18 5.15 7.21 4.86 9.81 12.79 11.03 12.07 20.81 8.59 8.9 5.26
2.78 3.0 8.51 11.8 16.35 12.84 7.25 3.72 5.15 5.85 8.35 5.7 9.1 8.07 28.4 8.17 9.63 6.99 7.31 8.78 4.7 3.36 2.17 7.56 4.36 9.74 5.64 3.73 4.69 3.37 4.07 5.77 4.46 7.81 18.43 9.65 8.12 9.17 20.99 10.51 12.42 6.97 8.8 6.5 8.92 14.14 9.04 14.27 15.1 20.75 7.14 14.87 10.18 8.7 6.14 11.52 14.27 10.94 16.59 9.44 8.81 5.65 4.26 3.05
2.05 6.0 13.56 20.48 10.27 5.26 8.1 6.41 9.61 11.72 20.09 11.24 14.74 9.88 10.79 12.46 7.5 5.48 6.5 4.53 4.59 5.47 6.95 9.6 7.41 14.38 6.32 3.35 3.53 6.77 9.2 3.18 5.35 14.95 14.44 7.79 7.98 10.2 22.02 13.12 11.87 10.45 10.77 7.08 5.49 7.51 5.05 11.96 17.07 39.04 22.99 21.09 9.76 9.15 7.38 6.93 12.76 16.05 11.8 20.69 9.78 8.78 6.12 5.21
4.35 7.04 11.03 10.68 13.86 6.53 5.39 6.95 9.22 11.66 16.6 20.88 20.44 20.22 12.36 9.56 6.36 5.17 6.2 5.73 5.36 6.17 8.27 14.26 10.49 10.83 5.66 6.23 3.78 4.33 8.77 7.18 6.62 12.55 14.08 10.22 16.31 17.25 17.66 21.44 10.37 18.69 11.45 5.61 4.89 5.08 5.55 13.43 10.58 12.38 17.18 7.48 7.04 4.14 6.74 5.71 10.85 8.68 10.61 11.15 14.23 6.02 5.49 6.49
5.75 11.1 11.94 11.33 9.4 5.45 5.77 10.42 7.5 8.34 22.19 24.94 18.42 24.15 16.87 8.23 10.97 9.81 6.14 4.31 4.09 8.73 10.07 9.37 7.19 10.89 4.76 5.42 6.99 4.06 3.63 2.75 8.81 10.89 10.09 10.41 13.44 11.04 13.93 25.86 19.59 14.77 9.1 9.55 4.79 3.0 4.3 5.67 15.98 11.41 6.86 8.41 6.97 6.9 5.88 4.75 7.38 6.39 5.4 4.04 6.15 4.18 5.89 7.59
4.42 7.96 10.22 16.21 15.88 12.2 7.73 10.14 16.88 13.26 15.0 20.72 30.18 16.3 11.41 7.88 10.56 8.14 7.33 6.96 8.22 6.1 9.41 7.77 6.8 13.68 8.77 3.82 4.33 3.83 3.22 4.0 8.9 13.66 6.94 6.89 6.93 10.82 20.22 19.72 23.44 13.83 6.69 8.98 8.17 7.45 15.18 10.27 6.81 7.58 3.71 3.07 5.19 2.89 5.44 5.9 6.52 7.6 6.77 5.62 4.57 2.33 1.72 4.75
5.53 9.36 19.83 12.16 11.99 6.89 13.47 13.32 13.92 20.25 40.2 27.9 33.42 17.03 18.9 9.26 8.47 7.72 5.61 3.25 3.83 8.02 8.42 10.15 10.41 6.42 10.54 5.48 3.49 4.8 5.66 7.49 8.79 11.09 11.96 6.54 9.36 12.26 27.43 10.31 9.6 6.32 3.67 8.88 9.44 10.24 8.81 8.59 7.29 5.71 5.41 10.61 13.09 9.45 6.29 6.74 6.73 4.64 3.59 4.06 3.07 4.06 2.13 3.16
3.34 8.07 7.62 10.57 15.84 13.41 16.49 12.59 17.15 23.23 10.21 26.52 18.7 9.0 17.12 25.24 9.7 3.22 3.76 6.21 4.53 7.66 12.32 15.05 9.86 7.63 3.51 5.91 3.85 3.57 4.69 5.66 9.67 7.54 11.24 22.4 13.54 7.6 11.2 6.82 4.14 5.36 4.7 8.75 6.5 5.55 6.81 8.08 4.95 7.77 10.1 8.1 12.47 10.11 12.99 5.97 7.75 4.72 3.87 1.93 4.05 3.95 2.2 1.29
7.86 10.18 13.9 7.85 18.46 10.32 30.63 6.4 6.92 8.07 11.46 6.51 9.63 8.47 12.26 9.25 4.16 3.98 4.57 8.04 4.31 10.75 6.91 11.02 6.91 7.24 7.6 8.37 3.93 2.38 3.44 3.73 11.17 13.94 11.92 14.53 18.42 14.31 6.53 7.26 4.63 7.02 4.16 5.09 4.14 4.31 2.91 3.93 2.97 4.43 6.61 8.08 9.65 8.83 14.63 7.16 9.94 7.19 3.72 1.84 1.56 5.3 5.88 3.97
9.38 9.38 10.44 12.17 15.57 14.29 19.96 8.77 8.89 8.21 8.9 10.44 4.59 4.06 4.39 7.12 5.98 6.13 7.57 8.7 6.02 5.48 10.01 6.74 8.22 4.66 9.22 5.07 2.42 1.82 6.17 5.31 9.35 10.56 9.41 20.14 12.38 12.41 10.09 4.44 4.34 7.45 7.31 6.3 6.35 4.19 7.32 5.0 7.78 8.47 5.39 4.23 7.14 9.27 18.45 7.27 19.02 18.02 3.57 3.65 3.0 6.21 3.2 5.45
6.53 13.25 10.66 6.39 7.61 10.07 12.04 13.44 10.48 8.37 8.22 19.91 8.61 8.22 3.76 5.76 3.78 5.24 4.33 4.31 3.9 8.58 12.56 17.74 6.52 7.67 6.01 10.64 5.97 4.88 3.17 7.94 8.1 7.42 4.16 12.79 16.94 21.24 7.36 9.07 7.79 6.92 7.41 6.04 4.19 7.95 10.21 8.34 8.01 7.78 6.37 4.77 5.79 6.24 9.08 10.42 21.16 23.81 6.86 5.48 4.02 8.53 10.22 13.07
4.1 2.85 4.58 6.3 4.52 5.98 11.01 13.72 10.75 5.12 8.93 19.14 11.19 9.14 8.89 3.07 3.22 6.49 7.31 5.24 3.09 3.68 9.33 7.89 3.74 5.23 6.86 11.51 5.31 10.15 6.13 7.19 5.66 6.7 4.04 8.09 10.35 18.19 8.65 5.23 6.55 8.83 8.53 13.83 6.59 10.0 10.64 6.41 12.68 13.72 5.17 4.94 4.09 12.14 7.11 7.76 12.36 20.09 7.99 7.48 3.6 6.54 7.4 10.32
4.02 4.45 3.4 4.89 5.22 4.86 5.1 10.12 8.27 4.66 5.25 25.78 12.83 7.14 7.24 5.68 3.43 5.74 7.51 6.22 4.74 4.64 8.82 5.97 6.68 6.82 6.71 7.5 14.05 6.6 5.43 5.02 4.08 4.17 6.58 11.52 8.67 6.26 4.4 6.59 12.12 11.32 25.5 11.45 13.89 6.03 9.12 7.76 15.1 5.19 7.94 5.32 8.53 3.69 7.25 7.27 14.03 8.2 4.53 3.62 2.35 5.13 5.61 9.13
5.31 3.74 5.61 3.14 5.42 4.9 5.64 8.71 15.15 11.83 6.69 8.84 5.1 9.47 3.96 4.31 4.37 6.06 7.34 19.64 8.07 13.48 8.37 8.7 6.34 6.68 10.13 7.38 5.34 4.94 4.86 4.79 6.25 5.86 11.57 11.43 10.39 7.04 8.77 7.21 9.7 8.11 16.84 11.09 15.57 22.13 8.28 12.96 15.39 9.42 4.74 9.66 7.43 4.92 4.1 7.55 13.52 8.45 4.41 2.56 3.44 3.81 5.21 2.87
6.92 13.6 8.76 5.8 3.77 3.64 5.84 7.23 9.56 7.98 11.03 7.19 5.6 5.05 7.62 4.44 6.55 5.81 7.25 9.39 15.28 10.47 10.23 5.72 7.23 9.92 6.66 5.6 5.44 4.85 5.72 6.08 6.63 8.69 12.48 18.14 17.68 10.83 10.35 6.6 5.75 5.37 14.63 8.41 10.41 10.16 11.0 19.73 20.9 12.15 11.55 12.08 6.26 5.43 4.18 9.32 9.79 11.11 3.83 3.77 2.51 5.34 3.49 3.91
12.99 6.12 8.18 3.83 8.16 2.65 3.93 6.87 7.29 6.2 7.89 7.97 2.83 4.85 5.78 5.03 4.29 7.82 11.88 7.22 12.88 9.1 10.38 7.04 7.27 2.55 6.81 3.48 6.51 3.21 4.29 4.93 11.04 13.61 9.89 10.17 7.78 15.82 13.4 7.11 4.52 8.43 10.42 5.04 10.62 12.86 12.81 10.97 16.69 15.28 16.26 6.41 10.33 5.82 5.26 6.22 13.0 7.25 9.99 5.23 3.25 3.98 5.39 5.05
8.13 8.08 6.46 7.79 9.82 2.74 3.8 2.48 4.28 4.99 3.66 3.37 3.49 7.05 6.65 3.71 3.6 4.29 6.95 10.05 9.09 7.63 7.44 7.24 7.65 5.75 3.36 2.9 3.14 3.23 5.17 4.85 9.65 13.76 16.56 11.48 9.52 9.82 18.05 13.91 6.09 4.82 7.89 9.41 9.51 11.45 19.75 9.25 4.03 10.38 13.72 8.07 8.6 21.56 15.46 8.64 8.43 7.04 13.69 3.84 3.57 3.27 6.32 7.4
5.21 5.11 3.38 6.93 5.73 4.39 3.52 6.96 5.88 10.33 8.01 4.06 4.42 4.85 4.05 2.88 4.04 4.55 12.12 8.74 11.71 11.02 11.39 16.2 9.97 3.49 1.39 3.14 1.51 4.26 3.57 5.59 4.84 13.14 15.66 13.83 8.38 13.98 13.31 8.58 5.93 3.52 15.63 14.74 28.14 15.35 21.43 10.76 6.48 11.76 16.2 13.06 5.72 12.31 14.52 21.14 6.05 6.76 4.69 5.45 2.18 4.68 5.96 10.71
8.35 6.23 6.77 8.67 7.92 8.82 3.71 5.81 4.48 8.91 6.45 3.7 7.89 8.24 7.56 5.29 6.39 4.4 8.59 11.94 14.9 7.7 6.69 5.25 11.86 5.08 2.19 1.17 3.09 4.52 4.3 2.83 4.48 14.57 17.31 10.68 7.74 9.43 6.47 6.97 6.42 12.26 7.59 9.22 10.91 15.2 11.88 15.22 11.77 9.65 7.17 14.08 10.33 11.0 15.45 15.31 7.55 3.22 3.69 4.99 5.93 5.14 4.5 12.45
4.85 8.37 3.1 7.48 7.97 5.91 3.87 4.42 7.17 8.03 13.35 8.54 13.47 6.69 4.64 15.11 7.92 8.36 9.37 15.15 13.6 7.34 6.27 10.12 5.8 5.46 2.42 2.17 2.21 3.01 5.39 3.16 4.05 10.72 22.04 6.14 4.0 5.24 6.52 4.63 4.8 7.72 10.29 7.09 8.82 13.42 10.11 10.54 5.15 8.86 6.48 12.11 7.82 10.57 5.52 5.24 4.85 3.75 3.14 3.58 5.41 4.65 7.59 8.75
5.32 4.64 5.77 10.28 10.59 13.27 11.63 10.71 7.89 12.97 12.43 11.0 8.81 12.22 15.99 13.02 9.23 10.34 8.68 8.88 7.54 4.63 5.22 11.55 12.57 15.23 5.39 5.38 2.71 3.19 3.0 5.97 2.96 8.38 7.74 7.14 2.92 7.09 5.67 9.29 7.71 9.57 6.46 20.68 15.23 10.95 7.17 8.5 4.73 4.87 3.89 6.26 8.72 5.46 3.71 3.63 3.41 3.28 2.9 3.21 8.0 5.21 4.43 9.8
9.47 4.82 6.85 8.4 8.89 9.64 14.71 15.41 26.12 21.62 11.21 24.7 22.45 5.63 14.39 16.76 10.72 11.22 16.72 10.33 6.99 8.51 12.07 23.32 14.65 10.8 7.31 7.01 7.9 4.85 4.44 4.56 4.7 5.73 8.63 10.55 4.0 5.13 6.26 6.12 10.67 12.79 11.99 22.81 14.81 12.85 21.61 7.95 4.56 4.61 3.74 2.36 5.27 7.46 4.96 3.96 6.43 4.24 4.64 3.67 4.65 4.66 4.4 8.85
9.07 6.49 12.27 31.5 10.71 13.69 13.12 16.51 33.92 38.55 20.47 13.04 9.84 12.67 12.0 18.69 12.39 13.77 8.55 7.27 4.17 5.13 3.47 15.24 11.77 10.88 9.5 10.47 11.01 6.04 5.47 3.48 6.41 7.1 9.9 6.81 6.38 6.68 8.94 9.39 10.55 12.44 18.5 17.31 30.36 18.56 22.13 10.98 7.59 5.91 4.69 2.21 4.07 2.11 9.0 7.2 5.2 2.8 5.78 5.85 4.62 3.66 9.05 12.19
