12.5 9.78 5.02 2.11 4.57 4.7 6.35 6.99 10.79 4.07 2.92 3.73 8.44 8.56 11.43 6.83 4.16 7.31 6.16 9.25 22.39 8.87 4.32 3.33 10.14 5.49 3.87 4.83 6.68 9.04 7.28 5.06 3.7 3.86 9.28 7.62 5.56 4.43 2.36 2.97 3.8 7.66 7.04 8.7 17.38 14.83 10.89 5.63 3.31 4.43 5.99 11.68 5.71 5.99 7.55 8.67 5.99 4.13 4.39 3.22 4.78 8.88 7.02 4.27
7.71 11.87 10.96 2.65 9.85 9.14 6.87 4.2 5.91 3.03 2.95 4.24 3.98 3.48 2.44 2.4 5.91 11.22 14.12 11.24 9.57 8.62 6.37 3.51 4.5 4.48 4.32 3.33 10.01 13.39 6.96 5.15 8.26 7.39 8.93 10.3 8.73 5.63 2.4 2.7 3.18 9.34 12.16 17.21 11.99 16.14 16.87 7.2 4.44 6.18 7.69 9.39 5.84 6.39 2.87 4.96 7.99 8.14 4.55 9.23 13.69 6.49 2.77 3.55
13.24 11.77 9.78 4.28 5.27 6.81 4.98 3.98 5.74 3.31 3.94 3.05 2.26 1.91 2.42 3.05 12.38 16.26 10.79 17.51 9.49 9.95 4.97 7.17 7.35 6.12 6.9 8.05 8.84 18.31 9.23 5.83 5.49 7.83 7.64 13.0 11.5 8.41 2.59 3.57 2.91 7.06 6.16 17.67 10.6 11.59 17.73 5.6 6.28 8.03 15.06 6.93 2.89 2.86 3.49 5.73 7.73 9.38 5.21 4.21 5.16 4.66 4.42 5.88
7.01 5.83 5.98 11.62 6.12 6.52 5.42 6.08 6.67 8.48 7.77 7.37 3.51 3.04 2.92 2.3 6.42 8.5 10.57 11.7 8.5 7.94 9.39 12.69 12.99 5.19 7.24 14.43 10.57 7.28 10.78 8.67 7.08 4.62 16.38 31.26 14.46 5.37 8.22 9.17 5.34 11.3 6.12 6.43 7.2 11.07 9.6 5.19 5.82 5.04 8.33 8.42 4.93 3.69 4.0 6.28 13.02 10.2 9.07 6.13 6.01 4.23 6.31 4.66
8.53 6.82 5.48 4.57 6.44 4.19 4.29 4.23 9.36 6.34 10.73 12.02 4.95 3.02 4.42 2.62 5.29 9.61 14.06 10.23 4.78 7.77 10.28 8.33 4.31 6.9 8.37 21.52 9.87 7.01 6.04 7.07 6.94 8.0 10.04 23.72 18.48 8.32 6.35 7.56 8.59 7.23 7.25 9.92 5.56 5.21 7.39 5.95 5.28 4.29 3.13 4.82 4.96 4.64 8.02 9.91 18.68 8.05 13.94 14.95 5.77 3.12 9.59 10.09
4.37 6.92 5.27 4.71 4.79 3.57 5.05 2.66 5.95 5.73 3.77 8.58 8.29 5.48 5.41 7.31 9.42 5.98 9.0 14.02 4.58 6.48 6.88 10.06 4.68 5.28 11.35 16.79 7.53 3.69 7.27 9.48 6.09 9.12 8.77 20.45 11.36 7.35 8.16 4.67 7.65 9.49 5.69 5.89 3.97 9.0 7.24 9.06 3.54 2.49 2.14 5.83 6.27 7.46 10.0 9.45 9.75 12.47 6.25 9.5 12.83 8.72 8.45 7.53
7.34 5.12 2.39 4.14 3.59 1.89 1.82 4.67 3.86 3.17 8.15 10.44 7.53 6.59 9.77 4.34 3.35 4.8 9.22 18.95 7.32 5.05 4.14 7.03 9.05 7.3 8.81 3.53 2.05 5.71 7.13 9.65 9.57 17.89 9.76 10.53 12.05 5.79 11.83 11.49 9.66 10.21 10.55 7.19 5.92 11.2 13.57 9.11 5.78 2.41 2.82 3.47 4.54 4.2 7.0 9.74 11.37 7.5 10.18 12.66 17.23 8.42 7.6 6.66
4.17 5.86 4.34 3.42 2.4 3.55 3.83 4.71 8.5 3.95 4.87 6.34 5.7 5.24 2.63 3.1 3.57 3.13 6.75 8.88 9.54 6.79 11.56 12.53 7.15 6.66 3.99 3.68 2.72 5.94 11.34 16.88 23.19 15.68 14.85 9.13 8.04 9.91 6.4 3.75 6.02 6.87 6.88 4.25 5.89 6.11 7.09 8.05 3.08 3.33 3.33 4.28 6.62 5.18 7.07 4.79 8.53 7.0 11.35 11.25 12.78 10.42 9.2 6.33
7.98 2.48 3.05 5.41 7.79 6.48 6.36 6.23 4.35 6.82 8.85 18.39 8.59 6.78 2.32 2.19 2.08 3.83 12.41 16.21 10.51 16.48 13.24 8.08 4.55 6.31 2.85 2.22 4.26 12.05 16.85 14.17 12.4 11.49 6.19 13.81 17.68 16.24 5.36 3.26 9.0 6.13 3.92 2.23 3.48 3.49 2.72 5.8 4.74 3.27 3.37 7.4 19.18 6.86 5.2 6.15 4.93 5.4 12.56 13.18 10.57 10.46 13.8 6.06
7.64 4.72 4.08 3.57 5.13 8.5 5.01 10.2 12.99 9.22 5.7 11.94 8.98 6.4 3.07 3.57 1.47 4.58 13.88 17.68 14.51 14.05 11.85 6.12 6.49 4.07 2.0 3.21 6.36 8.1 7.23 9.06 14.18 13.44 11.68 15.3 25.04 14.58 6.31 6.81 9.23 6.9 4.71 4.13 3.46 2.71 2.93 3.35 4.14 3.74 6.14 8.88 6.81 4.89 2.21 2.93 4.41 4.77 5.7 7.77 8.15 9.05 14.99 10.12
5.92 4.64 9.61 9.92 15.48 13.03 7.16 7.89 7.94 7.78 5.95 7.22 13.04 11.86 6.32 2.21 2.22 4.65 7.9 10.77 16.05 7.86 6.92 5.28 3.28 2.87 2.57 4.07 6.79 10.78 6.16 7.47 12.08 11.55 8.5 13.84 13.91 7.09 3.73 5.48 5.92 7.0 6.18 8.08 6.78 2.67 4.76 2.4 4.23 3.87 6.31 9.77 10.6 6.85 3.99 2.59 2.79 2.85 5.31 9.17 8.53 14.25 10.97 6.86
6.04 6.19 6.74 10.35 13.68 10.55 5.48 6.51 2.22 2.61 2.45 4.93 9.87 10.3 5.91 4.31 4.21 7.86 8.74 10.85 20.26 14.59 6.61 2.09 2.97 3.71 5.66 7.21 9.58 8.69 10.79 13.49 9.56 5.55 5.87 9.32 18.71 9.42 6.79 6.06 8.37 14.73 13.25 9.5 9.15 4.21 5.04 2.99 5.46 7.34 7.56 12.8 12.44 12.85 5.67 3.32 2.93 3.35 4.11 5.68 3.72 4.58 9.15 8.86
5.29 3.47 4.72 10.42 32.32 19.08 5.8 4.93 1.95 2.55 2.15 4.37 4.95 6.08 4.44 5.7 6.18 9.17 12.71 19.8 12.53 12.66 9.61 6.58 4.88 2.99 5.54 4.49 11.0 12.11 11.39 9.43 4.12 5.29 6.89 12.33 10.39 7.83 9.27 10.75 13.44 10.88 11.11 9.08 7.8 3.44 3.01 1.74 3.86 4.64 12.4 6.38 6.28 7.18 8.76 2.25 1.59 2.58 7.21 5.26 6.11 4.8 16.76 8.59
6.28 4.62 6.12 14.47 17.73 11.49 4.94 2.0 1.94 2.13 3.94 4.29 9.0 6.42 2.82 2.82 5.7 12.83 15.03 17.73 8.06 7.53 5.18 7.02 7.71 4.28 6.42 5.89 14.11 14.01 12.38 11.9 4.72 6.4 7.49 9.54 10.03 11.66 12.54 7.1 9.97 15.24 14.67 14.36 7.71 4.57 3.2 2.51 3.57 7.61 13.04 4.85 5.15 4.46 3.07 4.45 3.04 4.12 3.55 4.85 3.21 3.86 8.49 11.97
7.97 9.94 5.85 9.75 7.0 5.22 7.47 5.63 3.77 4.56 6.55 7.77 11.63 10.7 7.51 9.17 10.13 5.72 10.05 14.52 6.79 10.06 8.57 7.81 4.13 4.81 5.1 2.52 6.78 7.32 6.25 6.49 5.4 6.69 6.48 16.33 17.35 5.82 8.33 17.73 16.45 11.63 21.57 12.67 3.66 4.69 4.28 3.72 2.96 4.4 7.27 6.92 14.4 5.31 3.1 4.18 2.8 5.69 3.76 3.79 2.26 5.57 7.17 12.24
11.88 15.65 18.18 12.24 8.02 5.94 4.14 4.43 7.46 4.81 6.06 7.55 16.01 7.94 6.28 4.85 3.83 4.65 9.95 11.39 9.28 10.05 8.96 6.5 5.62 3.76 4.81 4.01 4.2 6.45 6.86 5.96 2.06 2.39 9.37 13.32 10.11 6.43 9.96 9.55 13.81 11.68 16.65 6.56 6.02 8.83 9.12 5.87 3.61 2.42 3.57 7.95 28.9 10.41 7.34 4.0 3.77 2.57 1.91 3.91 7.13 7.28 8.25 8.69
29.71 30.55 22.2 20.7 7.61 3.54 3.64 4.95 4.63 4.71 3.68 3.47 4.6 10.58 7.12 8.59 7.71 5.75 7.24 5.6 8.65 10.08 13.69 10.8 12.13 11.46 9.35 6.91 10.82 4.83 4.74 4.69 10.85 3.16 7.7 10.09 5.05 6.34 10.83 10.96 13.5 6.29 4.66 5.29 23.13 12.49 4.87 8.42 4.27 4.69 9.47 15.58 16.51 7.23 12.53 5.78 2.79 4.49 3.67 7.88 3.94 5.28 7.11 7.21
24.63 35.15 14.21 12.66 14.92 5.95 2.06 4.07 3.36 2.91 4.21 4.77 7.58 7.97 10.22 9.8 15.07 12.5 8.5 11.1 7.69 22.54 18.86 11.15 7.97 10.27 6.78 6.26 3.81 2.87 2.06 3.31 3.73 4.56 7.28 9.01 6.93 8.43 7.74 11.72 18.64 7.63 3.93 10.34 18.22 25.02 15.13 9.33 4.59 5.96 11.03 10.65 13.65 9.02 4.89 4.5 2.3 4.55 2.52 8.88 7.06 5.91 8.24 8.72
19.32 15.16 15.92 29.41 15.77 13.32 6.47 4.36 4.81 4.88 4.56 4.33 4.84 5.89 10.65 9.7 16.89 22.12 17.06 9.57 10.12 14.07 10.58 4.62 14.42 22.68 4.03 4.3 3.21 5.54 3.26 3.34 6.92 2.9 7.04 7.39 10.8 8.06 8.89 7.55 6.6 6.31 4.29 10.03 15.44 18.58 15.96 6.13 5.38 13.15 7.49 7.16 4.88 8.01 4.22 3.49 3.99 5.68 6.42 7.03 7.89 8.92 10.42 14.55
11.99 20.67 25.14 15.86 11.37 12.72 8.58 5.91 6.72 7.73 5.21 4.7 5.81 7.12 13.35 4.91 20.97 18.32 12.24 6.04 12.47 8.28 12.7 9.11 12.86 7.94 6.53 9.07 6.46 6.13 5.48 2.66 3.53 3.75 5.14 5.83 15.02 12.93 14.55 11.35 8.25 3.53 4.01 5.79 8.63 6.47 12.17 10.98 8.57 22.76 8.56 3.64 2.82 8.09 8.4 5.99 9.02 9.67 9.38 8.52 12.24 23.17 12.06 14.09
15.4 16.81 16.69 12.83 6.81 7.7 8.41 7.78 4.96 9.14 9.56 6.35 3.6 4.84 5.27 2.54 4.54 9.64 8.25 10.08 16.59 10.82 9.9 4.84 7.88 8.95 8.69 6.81 8.11 6.16 3.03 2.96 2.02 4.06 5.68 6.56 11.44 11.53 9.26 10.0 9.22 7.45 5.34 7.02 9.05 7.21 8.93 13.59 14.96 25.46 10.18 8.45 3.68 5.19 5.79 9.01 8.57 11.02 13.04 11.53 17.84 26.09 23.25 16.64
5.55 8.44 9.27 11.0 7.83 8.28 8.35 10.88 7.89 8.12 7.04 6.39 6.41 3.85 5.16 3.72 3.3 3.79 4.69 15.07 19.94 22.12 13.23 7.79 5.02 5.27 6.05 6.67 8.91 8.87 3.31 7.4 3.49 4.11 5.27 15.13 13.31 5.05 11.69 22.7 11.32 11.0 8.95 8.19 7.4 11.16 15.53 11.14 11.86 13.8 5.64 7.94 8.03 5.52 2.91 7.65 12.73 7.31 7.18 9.72 16.71 13.45 17.78 19.3
3.6 6.34 8.67 12.06 8.85 4.81 5.17 5.66 10.4 9.01 7.77 8.69 12.43 7.78 4.73 3.37 3.75 4.1 9.94 16.27 16.37 20.47 23.47 10.45 5.58 3.98 3.19 2.41 6.16 8.09 4.78 5.34 3.41 2.78 9.77 15.42 16.13 4.95 12.72 21.47 12.9 12.04 14.79 16.22 12.4 7.95 11.98 12.2 9.21 10.25 7.13 9.75 6.0 12.62 7.25 8.22 7.7 5.01 5.11 7.19 14.34 22.12 21.06 23.96
2.91 4.17 10.69 7.56 16.39 4.01 6.67 6.31 11.86 18.62 12.85 15.5 11.31 7.01 3.16 1.05 6.74 6.72 10.99 10.63 15.39 21.4 15.66 18.25 9.78 2.68 2.42 3.28 4.5 3.58 4.91 17.44 5.1 7.39 5.72 12.45 9.32 17.35 11.15 8.08 13.85 12.04 9.66 12.15 12.14 8.51 5.88 5.67 7.09 6.38 5.63 8.79 10.36 7.17 5.59 7.03 6.65 5.63 6.7 5.67 5.43 9.08 21.8 26.86
5.16 6.82 8.54 14.76 17.9 9.79 10.53 12.84 19.51 32.82 16.76 27.69 10.83 4.85 3.35 2.64 2.7 3.82 6.75 10.25 6.31 12.59 14.29 9.81 9.07 3.99 4.19 7.02 7.95 5.58 7.26 7.46 4.35 5.08 6.05 14.11 12.88 8.65 8.15 3.87 5.4 8.27 6.91 11.69 11.91 11.81 6.04 4.34 4.91 4.44 8.79 11.43 6.92 14.4 15.38 26.07 13.41 18.28 5.91 7.64 11.7 9.82 9.47 10.93
3.22 9.9 8.75 12.28 12.35 5.15 8.81 13.16 32.44 18.54 17.52 27.96 6.86 4.87 3.45 2.97 3.03 2.3 2.73 6.06 7.0 6.3 6.67 13.0 5.24 8.18 8.03 9.52 8.32 5.63 10.67 3.2 5.31 10.12 7.52 15.09 12.81 14.32 6.98 3.28 4.68 6.53 11.64 10.65 9.01 8.28 3.87 2.3 4.25 4.73 9.39 7.55 8.9 8.67 12.71 18.84 26.61 25.73 13.4 11.92 8.95 4.83 10.1 6.54
2.28 4.11 7.27 7.42 7.37 8.75 16.79 12.46 31.7 20.88 26.37 22.28 11.65 6.99 4.34 2.86 1.88 1.78 2.54 4.28 9.06 12.97 8.9 9.28 5.08 8.26 4.97 8.7 13.26 6.92 4.9 2.91 3.78 6.36 6.03 10.03 10.5 10.65 9.72 7.05 11.2 6.91 6.76 13.51 5.23 5.25 4.43 5.62 4.72 4.16 2.83 3.16 9.3 18.23 10.64 13.15 22.03 25.88 9.39 7.13 6.72 4.96 11.66 11.46
2.81 3.86 6.16 16.47 6.95 7.79 8.43 11.05 18.6 27.37 29.79 14.57 9.67 8.25 3.06 4.19 1.96 1.74 2.69 2.83 4.68 5.05 7.88 8.55 4.56 16.52 13.32 12.17 8.75 8.62 9.83 3.98 6.73 10.36 7.2 7.4 8.48 9.65 6.12 11.36 14.04 16.61 12.36 6.71 5.01 6.45 6.4 4.21 3.54 5.81 2.7 7.82 17.87 8.01 4.52 6.0 23.95 18.97 8.56 9.73 8.93 14.52 20.11 17.45
2.86 4.47 9.99 12.85 9.12 13.85 4.13 3.61 11.55 16.04 44.62 13.2 11.39 6.0 4.4 4.44 2.42 3.74 2.78 2.2 3.93 6.63 5.87 9.63 11.8 13.73 9.23 10.51 12.54 9.73 7.29 5.97 6.21 6.07 6.01 4.66 4.24 6.35 7.91 11.15 15.29 11.87 5.79 2.8 3.03 5.19 6.45 5.79 4.08 5.17 3.91 9.17 21.96 7.73 10.95 7.23 14.72 12.05 7.21 7.77 4.56 8.52 22.1 12.88
4.73 6.95 13.43 19.63 14.39 25.21 5.75 7.28 11.14 7.28 11.42 8.24 8.88 4.5 1.63 2.48 2.06 3.55 3.43 3.33 2.61 4.06 6.52 8.63 11.42 10.45 8.18 6.25 6.26 10.27 7.65 6.14 13.87 5.9 7.22 3.97 5.71 7.71 11.25 9.98 10.67 34.25 17.46 5.78 3.21 5.15 5.24 5.49 5.28 7.41 3.85 12.8 32.65 14.69 17.24 11.68 15.79 6.96 7.45 4.78 5.96 8.45 15.69 10.14
4.07 8.86 21.34 38.82 21.51 28.68 6.37 5.74 9.69 13.77 14.01 7.65 5.1 2.89 2.05 2.15 2.42 3.42 3.53 3.77 3.07 6.6 3.18 2.67 5.93 6.89 5.32 7.33 3.82 7.13 6.93 8.8 10.95 8.11 6.1 4.14 10.51 9.64 12.19 24.27 25.27 26.96 17.23 7.78 6.51 7.45 6.21 6.1 5.75 6.25 4.51 8.39 10.81 9.6 14.68 7.09 9.44 8.0 14.79 7.35 7.24 8.0 21.42 20.73
8.72 9.64 9.13 10.63 13.36 17.17 10.5 5.35 10.97 13.31 5.42 6.25 5.13 3.77 2.48 1.96 3.85 2.65 2.47 3.24 3.72 6.35 3.7 2.6 3.14 2.46 3.72 10.24 5.47 7.35 6.34 5.91 5.71 7.33 15.97 13.44 10.74 15.48 16.13 21.2 18.33 15.44 10.23 5.17 10.09 12.0 11.72 7.67 8.48 5.16 3.47 3.89 4.36 6.84 12.49 7.15 6.94 4.59 7.8 7.23 9.74 12.88 29.09 23.68
11.15 9.09 7.98 6.58 7.18 8.39 17.01 17.93 9.96 12.0 4.86 4.19 3.92 2.72 4.16 2.09 5.12 2.87 4.92 8.6 4.24 5.51 3.97 2.96 5.07 2.49 3.25 5.76 5.59 4.86 5.18 6.6 9.24 15.59 13.22 10.15 14.51 21.94 21.9 24.12 27.54 14.42 10.76 14.21 10.7 13.4 18.99 23.03 10.07 3.47 3.03 2.99 3.63 6.87 8.16 6.28 3.21 5.71 7.38 7.39 5.32 6.84 9.52 9.02
9.78 10.77 7.59 9.15 7.67 12.32 16.5 25.17 10.88 12.39 6.44 7.08 7.25 4.9 2.38 3.86 3.09 2.24 4.07 7.29 3.39 2.89 6.96 4.69 4.71 6.4 6.95 8.43 6.22 6.82 6.16 5.25 6.85 5.45 7.88 5.98 21.48 15.22 12.76 15.92 9.75 10.82 18.53 17.26 6.95 6.17 11.7 7.59 7.69 3.31 2.37 4.71 9.09 11.15 9.16 11.95 7.74 4.03 5.98 4.33 8.05 4.51 4.51 4.45
6.14 8.71 11.69 10.65 13.49 13.43 15.48 10.15 10.08 7.12 6.45 12.21 11.08 8.48 5.71 3.29 1.55 1.21 6.42 4.93 7.97 5.44 3.52 4.9 7.71 14.19 6.53 4.84 6.0 6.26 7.35 8.27 5.51 6.67 7.39 12.85 9.27 7.83 10.59 8.6 7.77 5.82 16.1 10.33 12.31 5.88 5.69 2.79 3.84 8.66 8.01 9.36 23.46 14.27 7.9 5.1 8.18 5.36 8.67 7.31 11.04 6.62 5.74 4.0
9.45 19.84 18.88 9.62 13.95 13.48 8.69 5.11 7.9 10.56 5.89 5.48 5.15 6.74 4.14 4.15 2.31 3.13 7.53 9.32 9.62 12.17 6.89 3.2 4.59 7.47 11.37 7.64 13.19 7.94 6.59 14.34 10.4 7.95 5.53 6.04 8.87 5.95 11.99 6.51 6.26 7.08 8.86 10.64 16.66 8.55 6.07 6.97 6.54 4.88 3.82 7.52 13.08 20.51 7.58 8.25 3.24 7.56 11.53 10.46 7.26 10.17 6.53 4.37
13.79 22.02 13.41 15.86 14.73 7.65 5.39 4.3 8.77 7.17 8.69 3.68 3.32 5.58 6.82 4.58 2.27 3.79 5.4 4.98 6.82 7.47 3.13 1.63 2.35 5.71 14.03 18.66 14.7 12.89 10.19 12.79 7.8 9.37 5.5 4.61 7.25 13.75 6.33 8.86 4.89 7.54 12.62 15.54 14.11 10.04 7.01 3.63 3.41 6.23 6.85 5.15 9.01 15.83 13.12 7.0 8.22 11.96 14.23 9.35 10.6 18.32 6.49 9.19
6.12 8.89 7.54 20.57 6.78 3.97 7.27 4.94 9.35 9.05 7.76 4.21 3.07 4.98 8.14 8.77 2.97 4.32 10.53 11.76 11.51 5.65 3.69 1.79 4.35 8.08 29.02 25.34 14.89 8.1 10.83 6.17 9.37 6.8 11.88 4.72 5.19 7.25 10.64 9.01 12.81 19.02 13.12 7.17 12.64 13.91 6.32 4.6 5.63 5.4 9.32 12.06 15.9 9.88 6.17 3.9 5.48 9.58 14.95 10.85 6.47 9.46 5.77 8.82
4.21 9.94 5.14 9.86 15.56 7.66 14.09 14.37 20.15 13.03 13.08 10.8 4.66 7.06 11.73 8.18 4.21 4.94 9.32 8.57 7.84 3.23 2.36 1.73 5.07 11.22 15.37 20.49 18.34 9.51 7.61 4.12 6.13 5.41 8.47 6.2 5.13 6.1 7.4 10.48 9.67 8.92 17.72 15.21 10.66 7.03 6.04 2.96 4.65 8.88 11.67 13.66 14.77 12.1 6.33 3.3 4.9 5.58 15.48 16.98 8.31 9.28 8.72 11.15
2.9 5.49 11.18 13.38 8.29 5.01 12.87 12.56 19.19 18.35 21.8 14.24 8.62 6.51 9.24 11.81 4.17 3.5 4.46 9.63 4.4 3.31 1.86 2.11 4.02 11.5 15.14 14.98 8.83 8.19 6.06 7.36 10.72 10.09 5.1 3.41 6.73 13.67 6.71 11.85 14.86 10.09 4.34 12.07 9.16 4.92 4.47 3.67 7.58 9.43 9.49 14.01 11.16 8.43 2.76 3.14 5.23 11.71 8.28 11.68 6.34 5.95 7.85 18.63
6.36 8.49 14.81 20.21 7.94 6.17 11.75 14.15 14.27 28.22 30.29 8.46 6.51 9.27 14.3 10.68 8.77 6.86 6.67 7.05 5.23 2.68 2.57 3.39 6.04 9.28 11.35 6.63 4.87 5.07 4.96 2.29 5.34 5.49 3.81 4.13 4.67 4.55 5.29 22.07 9.85 9.39 5.2 15.63 14.34 5.25 6.2 5.58 13.94 15.24 13.12 14.88 9.65 7.91 6.93 5.18 5.35 10.02 10.15 7.54 9.98 15.15 15.12 11.85
5.81 8.14 11.65 10.23 12.0 5.31 4.0 12.09 24.74 13.59 11.93 11.09 23.9 12.06 19.0 6.79 5.95 4.57 8.06 5.53 4.37 3.73 4.46 2.61 4.04 9.23 6.6 4.45 7.57 4.45 2.42 1.91 4.12 5.38 6.22 5.53 7.41 5.53 16.13 15.14 7.92 7.1 4.61 8.88 12.68 15.24 10.16 5.54 9.84 9.94 8.53 12.75 17.91 8.08 4.99 4.56 3.73 5.86 7.97 6.56 9.77 13.72 18.17 9.51
7.62 6.91 5.96 5.6 7.29 7.03 8.31 13.83 26.2 26.79 18.5 9.43 9.41 11.76 13.75 9.35 6.33 4.47 3.35 2.15 4.38 9.42 7.11 4.79 4.35 9.21 3.79 6.5 7.41 3.72 2.48 4.75 8.47 8.82 10.95 19.57 15.37 10.62 11.99 10.63 6.12 3.7 2.35 3.9 4.12 5.81 12.11 11.94 8.61 6.91 4.4 10.8 13.06 16.0 7.48 4.17 3.04 4.53 11.61 10.72 18.55 15.42 12.43 13.38
7.56 12.26 6.59 7.59 9.6 7.97 12.79 22.02 27.04 16.93 8.68 12.41 10.36 9.02 8.28 7.46 5.67 4.6 5.37 4.85 3.9 7.88 5.15 6.26 4.61 7.46 5.71 5.7 6.62 4.64 6.61 8.36 5.83 12.0 8.96 20.25 17.97 18.73 19.72 3.61 3.29 2.42 3.69 4.55 4.76 7.97 9.6 18.48 7.48 10.05 10.7 7.79 5.03 9.32 12.0 4.12 2.68 4.02 4.83 10.9 13.07 14.19 16.0 11.81
7.88 12.22 17.28 7.85 5.31 5.95 13.71 29.58 24.24 12.36 17.75 12.56 11.27 13.31 16.16 5.25 5.53 4.79 3.08 4.69 5.68 3.17 2.79 6.92 10.05 11.57 10.94 7.83 5.69 8.91 6.1 8.68 6.81 8.77 7.24 8.04 11.66 12.8 14.65 4.33 2.16 1.74 2.22 5.93 5.19 5.3 6.81 7.29 9.27 13.35 10.12 4.35 6.11 12.24 12.85 3.35 2.47 2.94 5.43 7.78 8.83 6.94 7.91 6.62
10.65 12.14 12.93 9.98 3.33 4.38 7.17 11.96 20.62 6.89 21.42 24.54 14.34 12.41 16.64 10.19 6.78 4.04 3.82 2.57 5.03 5.99 5.8 7.53 9.31 8.29 7.8 10.01 4.25 6.89 7.49 5.77 4.48 4.11 5.68 8.65 9.01 16.36 11.75 3.18 1.5 2.68 8.66 9.79 7.14 4.68 4.71 8.76 8.95 24.18 8.28 9.64 11.22 14.76 11.15 3.76 4.09 5.77 4.67 6.68 5.21 8.45 7.45 8.23
9.69 8.53 15.27 12.65 3.69 4.35 5.6 8.04 12.06 10.95 10.7 21.06 4.6 11.32 7.25 8.34 5.18 5.53 6.32 9.35 10.73 10.49 6.62 6.66 5.11 5.26 6.93 5.87 3.95 5.77 5.46 2.54 3.65 4.96 5.83 10.08 11.46 6.26 7.2 4.23 3.2 6.35 18.41 5.93 4.14 7.47 6.41 6.58 10.3 22.01 10.0 14.23 31.94 26.13 8.91 4.9 6.09 10.61 3.76 3.9 4.85 4.0 8.12 6.02
6.71 9.27 26.61 10.37 5.06 10.16 7.99 5.73 13.81 12.41 8.48 11.33 9.22 7.29 6.48 5.13 7.09 7.3 5.14 6.46 6.71 7.25 7.29 8.41 4.63 4.08 5.69 4.74 4.55 7.33 5.7 3.69 3.09 6.51 6.75 9.86 9.88 8.84 7.04 5.75 6.49 14.2 13.14 6.32 3.5 2.88 5.17 7.07 10.28 6.66 5.75 7.71 20.5 16.2 11.21 10.6 9.14 12.11 6.97 7.58 7.59 4.03 7.21 5.23
14.48 14.6 17.02 14.22 5.92 6.73 6.55 4.83 4.48 9.31 8.61 6.74 6.59 8.03 5.62 6.35 5.49 7.67 4.51 8.98 8.4 5.75 6.43 5.04 9.68 16.97 9.6 4.8 5.36 6.97 3.63 2.37 3.11 4.78 9.53 14.48 12.8 5.63 4.81 5.29 4.7 17.45 15.6 8.58 6.32 6.51 12.35 10.54 13.17 5.83 4.99 10.21 15.1 16.65 10.0 10.86 4.57 11.83 7.81 5.01 3.78 5.17 9.63 9.42
5.69 7.09 11.09 8.99 9.32 5.92 3.3 3.74 5.22 9.0 7.5 6.64 5.26 6.06 10.0 10.65 5.89 10.48 9.54 6.15 8.16 5.96 5.83 5.37 11.33 24.63 10.05 4.12 2.79 3.97 5.0 4.72 3.54 4.23 4.97 10.29 8.18 6.04 1.91 4.33 7.16 17.58 17.02 5.19 5.26 6.45 8.47 13.47 12.04 5.67 3.86 11.05 18.19 8.79 6.85 5.42 7.56 7.29 5.12 2.94 2.97 3.49 13.14 11.9
4.67 4.6 20.04 11.31 9.92 5.78 2.4 2.38 4.54 8.56 6.46 9.99 11.99 7.86 6.6 11.04 6.01 9.58 6.89 8.42 7.88 6.38 3.27 3.95 8.59 5.57 7.06 4.16 5.34 3.45 4.71 7.69 5.39 2.03 4.74 9.05 5.14 4.87 8.48 7.32 5.67 8.62 18.61 11.47 9.26 9.18 5.39 5.79 8.1 10.19 15.64 7.66 7.2 7.28 7.85 9.5 11.26 16.45 6.85 6.03 4.77 4.02 10.5 14.28
4.13 8.39 13.28 11.13 5.77 4.76 2.41 3.28 5.36 6.34 9.4 10.44 8.21 5.97 7.9 11.54 7.03 5.6 5.3 11.05 8.75 11.88 5.89 3.44 5.9 3.17 6.35 8.86 8.54 8.72 7.99 7.04 7.27 5.71 5.47 6.29 7.77 8.52 4.89 7.37 6.04 6.08 10.05 12.41 8.99 4.34 3.8 5.69 7.86 4.9 9.29 12.53 6.63 5.57 8.92 7.44 14.44 14.96 12.65 9.81 7.91 9.12 10.52 29.27
6.92 12.33 14.32 12.18 5.0 4.07 4.86 3.59 4.32 5.96 9.09 10.9 6.35 8.17 9.87 7.42 8.62 6.36 4.24 10.85 9.04 14.09 3.55 3.48 3.76 1.71 2.15 5.29 8.34 20.1 17.11 11.54 4.59 2.95 3.33 3.4 4.93 5.45 11.01 11.71 8.7 5.83 8.89 6.59 3.65 7.32 11.37 9.1 9.19 4.69 6.81 7.51 8.25 5.42 11.53 6.91 23.99 16.78 11.48 8.46 5.98 9.27 8.55 21.39
11.56 23.82 16.72 6.19 2.82 2.84 4.74 9.15 8.46 6.69 8.15 13.03 7.04 5.91 9.78 6.88 9.4 7.41 8.12 8.86 6.53 9.6 8.42 6.21 6.45 3.18 5.06 5.6 8.5 15.87 13.71 7.44 4.5 3.7 5.17 3.81 3.44 3.3 8.71 12.07 10.4 14.31 9.65 6.33 3.35 5.52 11.79 6.44 6.82 7.38 5.61 7.31 9.8 12.22 8.09 4.17 14.53 8.6 11.28 7.42 4.08 6.58 10.28 14.81
6.53 10.0 4.66 3.37 5.04 9.65 9.0 3.92 4.8 9.25 9.32 10.37 7.67 10.2 8.32 11.01 13.8 8.14 8.72 13.4 11.89 10.21 8.96 7.94 5.86 4.82 3.8 2.84 6.89 6.57 15.8 12.02 5.02 2.29 1.84 1.76 1.9 3.64 11.18 7.24 4.25 6.51 10.45 10.98 5.09 4.46 6.13 5.98 6.73 9.68 5.62 6.1 6.75 9.08 10.7 4.99 4.76 7.84 7.5 7.7 2.68 9.46 16.15 19.73
6.61 3.63 2.66 4.98 7.9 8.47 8.06 7.09 3.96 3.88 4.27 6.69 4.17 4.91 16.34 17.83 13.94 9.53 15.21 13.46 9.97 6.94 3.31 7.75 4.65 4.35 7.03 7.51 6.78 5.41 12.26 12.29 6.35 4.18 2.15 1.44 1.88 3.49 8.08 4.11 3.86 8.99 9.15 8.91 6.64 8.76 5.8 2.39 5.21 6.77 13.03 13.94 12.81 5.56 4.91 7.7 7.94 7.0 3.86 3.58 5.37 8.27 27.2 15.93
6.41 4.79 4.28 5.5 5.6 18.23 10.42 6.11 5.36 8.27 7.99 10.04 9.72 6.12 15.91 33.56 26.25 9.19 11.76 6.36 3.87 4.33 7.63 9.18 5.41 3.75 4.88 3.73 4.28 11.19 13.48 6.18 8.7 3.67 2.57 2.07 3.9 1.88 5.3 5.29 7.96 7.96 7.66 5.65 6.96 5.45 3.57 3.46 7.44 8.72 18.65 13.96 6.69 5.66 4.78 7.73 10.28 9.75 5.6 4.79 14.82 15.22 14.79 17.99
11.85 6.82 3.16 4.18 10.21 11.05 7.35 7.56 3.62 3.83 5.09 11.63 6.14 5.59 8.41 19.54 24.32 10.12 10.05 7.57 8.67 5.94 9.42 5.12 4.04 2.84 2.7 5.81 7.0 13.86 14.34 10.62 8.68 6.2 2.48 2.47 3.34 5.31 3.5 4.45 5.35 4.87 6.34 7.49 6.77 4.1 2.22 4.99 13.81 13.26 7.48 7.56 4.77 4.86 4.38 7.79 7.02 6.45 10.01 5.23 10.78 10.2 10.55 13.36
10.11 6.92 5.71 9.38 11.15 9.61 10.07 8.02 4.26 5.67 6.16 6.83 4.0 5.41 13.68 17.74 9.41 6.21 14.18 9.59 9.05 10.26 7.19 2.67 6.24 4.86 3.0 6.54 14.91 10.91 14.62 15.89 5.22 5.62 3.8 5.71 2.5 6.35 7.15 5.35 11.29 10.68 9.64 6.85 4.13 3.48 1.55 5.04 9.2 10.43 4.82 5.18 5.88 6.59 3.74 5.71 5.06 5.28 4.93 7.05 6.4 5.15 4.25 7.47
11.55 10.53 6.88 8.27 10.46 9.91 8.21 9.9 5.98 4.95 6.68 10.44 13.37 9.49 5.43 6.11 8.51 5.83 9.46 11.92 7.69 5.93 7.24 3.03 4.56 6.68 7.81 3.26 8.98 10.42 14.13 7.67 5.71 8.82 4.88 4.18 11.8 11.85 17.03 6.97 9.85 5.03 5.61 7.23 3.71 2.3 3.69 4.98 6.21 3.63 4.88 2.71 3.04 5.5 4.97 7.17 4.24 4.99 6.45 7.96 4.97 4.64 9.21 7.56
8.07 8.75 7.65 7.78 9.73 10.46 8.8 6.41 6.12 3.19 9.24 9.96 12.34 9.11 6.28 5.71 8.01 5.41 8.2 5.75 11.46 4.26 4.14 3.69 4.67 9.67 7.42 3.76 5.26 3.71 4.76 10.02 9.35 22.75 15.3 11.42 11.28 12.56 9.14 7.06 6.83 6.2 7.75 7.23 3.61 1.2 2.39 3.53 4.33 6.73 3.26 2.45 3.21 2.99 3.76 3.98 7.17 6.99 10.68 8.67 3.24 4.38 9.87 15.53
5.59 4.24 5.0 10.76 26.15 11.58 5.22 4.64 3.21 4.91 7.84 17.98 9.6 20.22 11.12 7.95 4.82 4.76 9.04 4.73 8.44 7.19 4.23 4.91 4.46 9.69 6.92 2.97 3.43 3.29 5.7 14.98 15.31 19.22 4.77 9.38 9.93 16.85 12.35 10.14 6.86 6.55 7.66 5.71 3.52 1.76 2.98 7.63 3.34 4.98 5.85 6.91 4.71 2.07 4.93 6.51 4.88 11.08 5.57 7.23 1.48 4.31 20.27 26.21
5.21 3.81 4.79 5.69 8.58 6.75 5.28 7.25 5.75 3.89 5.94 5.67 8.99 10.7 15.21 8.95 6.45 2.99 2.81 4.71 7.44 3.46 3.44 4.63 4.78 3.44 4.75 5.27 4.9 3.34 5.73 10.82 9.74 10.19 7.8 14.85 9.5 25.71 23.87 17.74 5.82 7.03 4.93 2.65 4.95 4.54 5.52 5.97 4.77 8.22 9.1 4.13 3.89 4.19 7.36 6.61 4.72 7.05 2.93 4.92 2.84 5.17 18.56 18.96
7.48 6.03 5.8 3.82 4.69 1.99 5.27 5.85 6.47 2.49 3.87 2.7 5.36 6.13 10.86 12.9 9.89 4.38 2.96 5.08 5.3 3.8 8.51 7.26 4.67 7.64 8.22 5.35 4.14 3.97 6.09 7.88 11.29 3.32 4.18 7.64 9.04 16.75 15.75 14.3 6.11 4.56 6.11 3.64 3.12 2.16 9.67 22.6 14.88 13.9 6.77 2.91 6.11 5.95 5.96 8.63 5.16 4.66 3.44 6.04 2.75 4.54 7.91 6.94
