5.83 5.24 4.03 4.04 3.53 4.06 5.15 8.99 5.89 13.39 6.09 8.64 6.84 12.32 13.37 16.7 7.93 5.11 2.98 2.08 6.13 13.81 14.63 9.03 8.8 5.48 9.98 10.15 9.84 15.21 5.19 6.2 6.74 6.31 7.97 7.43 4.44 5.49 5.49 5.47 8.1 5.81 6.45 6.06 7.3 4.98 4.08 3.69 4.35 4.34 5.53 3.11 2.46 3.53 8.7 17.2 10.32 14.88 13.83 9.46 6.29 13.84 11.13 8.49
10.04 6.13 4.57 3.73 3.52 6.23 12.18 17.29 7.88 8.24 8.16 8.5 8.24 8.84 12.74 14.04 10.45 4.2 3.2 2.87 7.09 13.17 10.04 7.92 4.03 4.27 10.09 11.55 7.59 8.23 7.86 8.61 7.07 8.65 5.84 4.71 6.42 5.4 5.06 3.72 5.65 7.83 11.97 14.02 11.04 3.45 6.25 6.9 5.18 10.89 5.16 2.9 4.73 5.62 7.23 16.22 20.28 25.87 12.71 9.73 9.94 9.84 15.2 8.23
9.78 3.06 3.99 3.66 3.51 7.64 9.73 12.38 8.1 12.9 10.94 11.76 10.79 13.45 12.03 13.49 6.62 6.47 3.15 2.0 2.83 8.32 7.28 9.22 6.54 7.8 11.48 11.29 7.29 6.12 4.81 7.31 7.25 8.14 4.66 5.03 4.07 7.26 3.62 4.86 9.86 11.07 8.19 14.21 4.96 2.49 3.88 5.51 4.89 6.82 4.72 3.6 6.55 10.01 9.64 12.39 12.72 10.9 10.41 6.16 9.47 9.42 13.24 11.54
10.7 7.42 3.3 5.48 4.48 8.11 11.91 24.63 10.62 9.75 7.45 8.11 6.95 8.91 5.91 10.37 6.92 5.53 5.13 2.73 6.48 8.75 15.23 13.57 10.49 8.72 10.15 9.85 6.18 6.07 9.7 7.31 6.76 7.99 5.31 7.05 5.41 3.57 2.69 3.71 6.21 14.06 8.29 6.35 4.45 3.47 5.16 7.19 5.27 6.1 8.43 2.44 1.89 5.57 6.45 8.09 11.16 9.92 9.18 10.35 8.42 4.88 8.37 11.94
16.38 6.19 6.47 4.54 5.31 6.66 9.29 19.1 11.58 8.81 9.23 6.81 7.19 8.91 6.57 10.03 9.39 6.31 6.75 5.1 6.13 10.22 10.08 12.61 4.67 7.99 8.16 6.83 6.78 4.41 5.4 3.95 2.43 4.09 9.48 8.19 5.84 4.74 4.78 4.22 7.74 12.99 8.15 3.64 4.03 3.98 3.05 5.91 6.24 5.67 4.49 1.95 1.94 5.44 9.62 12.2 5.52 7.75 5.73 8.22 5.45 3.87 10.05 19.88
17.48 8.84 11.41 5.41 9.32 14.78 8.48 5.6 9.7 8.36 8.67 6.17 7.87 8.98 4.91 3.83 4.73 3.72 2.78 6.68 9.45 6.19 9.12 7.9 9.01 9.99 7.41 4.91 3.29 5.86 8.33 3.89 5.01 5.78 6.68 10.23 5.92 7.92 6.19 3.58 3.53 10.83 5.1 8.7 6.32 8.04 8.63 7.11 5.27 2.9 3.27 2.2 3.05 7.38 8.04 12.24 6.86 4.33 8.29 6.91 5.95 2.32 3.47 5.71
28.79 13.04 6.66 7.08 7.96 14.76 4.19 4.7 4.83 7.64 6.51 8.02 7.92 7.05 4.09 4.41 3.26 1.65 2.88 3.28 7.09 7.4 9.52 10.6 6.15 8.51 7.19 4.2 6.72 7.77 5.05 3.29 1.8 6.41 5.67 6.1 8.75 11.25 4.27 4.65 1.51 5.45 9.88 3.83 5.26 6.76 7.89 11.1 6.44 2.59 1.8 2.52 3.78 4.38 7.24 10.42 6.64 5.4 9.29 5.69 4.75 4.75 5.09 9.98
15.08 14.98 7.23 5.05 5.1 8.13 3.21 4.03 4.56 7.06 5.36 9.34 9.97 3.14 3.32 3.01 2.31 1.49 1.78 2.69 6.17 8.47 11.67 9.05 5.82 12.52 9.83 5.74 5.39 6.3 4.1 1.99 2.2 6.75 9.92 10.06 8.16 6.02 6.66 4.03 3.75 6.58 8.59 7.85 5.43 6.99 9.34 15.48 13.13 5.04 2.13 4.67 5.8 7.31 8.44 11.8 8.07 3.49 7.54 6.91 4.41 7.07 8.62 5.71
13.37 12.1 14.45 8.04 10.91 10.35 2.99 1.91 4.89 4.33 4.63 10.04 13.39 2.51 2.36 6.95 4.41 3.29 2.24 2.4 3.53 6.73 7.0 10.37 9.85 7.17 19.34 8.41 9.76 9.19 6.35 3.61 5.41 4.6 10.13 5.3 9.68 5.56 5.2 4.04 5.27 8.09 15.93 12.28 9.63 14.56 13.22 18.28 12.14 5.17 3.01 3.97 6.86 5.2 5.53 11.32 15.22 7.28 14.32 15.18 8.37 3.25 8.09 8.51
12.22 20.28 13.92 10.05 18.15 5.69 3.12 1.56 2.95 4.89 3.21 5.66 5.27 3.87 2.76 7.06 4.16 3.25 5.42 5.22 4.34 4.01 9.96 15.1 14.09 11.99 20.6 8.67 7.22 6.13 6.42 5.26 13.67 7.53 6.36 6.32 7.7 7.71 5.73 5.07 6.17 12.79 9.42 11.62 9.44 9.89 23.03 21.06 14.54 12.14 4.4 9.37 11.36 8.84 6.95 10.87 6.24 7.59 14.96 24.68 6.12 6.37 7.83 14.11
17.87 13.89 16.71 12.04 12.97 6.17 4.1 2.4 3.62 4.45 4.42 4.02 8.9 4.32 6.32 4.62 3.94 2.99 7.17 8.58 5.29 7.12 7.01 15.13 9.06 7.29 20.26 12.29 8.25 10.95 11.13 14.33 7.5 12.88 6.72 5.53 5.63 6.15 3.1 4.36 8.04 12.46 18.97 14.72 14.76 8.2 10.64 23.84 10.43 8.93 12.78 8.48 8.63 10.88 12.9 11.16 7.29 16.76 13.32 13.5 5.21 4.8 6.16 14.25
12.5 23.91 10.57 11.33 9.35 7.1 6.82 5.52 6.46 3.32 2.6 2.84 6.63 5.42 5.73 7.61 4.94 3.82 8.38 13.99 6.57 8.31 8.7 7.25 5.83 4.87 14.47 18.38 6.62 8.69 11.97 8.26 9.9 12.1 8.71 8.2 8.3 7.18 4.73 4.47 6.99 11.41 12.22 13.28 12.38 10.79 21.59 19.1 15.11 18.02 10.61 8.18 8.23 8.04 8.0 11.48 7.94 4.3 6.11 8.66 8.93 4.89 10.75 10.41
7.68 13.17 18.76 11.9 16.01 12.65 6.42 8.89 6.7 3.11 4.45 3.15 3.22 4.78 4.81 6.11 5.06 13.97 17.45 10.56 7.68 7.38 5.12 6.22 5.78 3.95 6.02 8.02 7.38 7.35 15.76 18.69 9.69 17.35 15.75 6.43 7.25 6.4 6.77 5.36 5.52 8.74 21.37 10.02 16.89 10.73 5.84 9.43 9.64 8.36 12.79 15.67 15.86 10.62 16.1 11.15 14.79 10.04 8.98 11.72 7.54 7.48 10.03 8.53
10.02 19.32 14.87 8.01 7.22 5.33 11.78 10.93 6.45 9.25 7.55 4.56 3.12 5.55 5.3 4.06 5.4 7.11 6.89 9.39 8.73 11.47 8.69 5.91 4.97 5.64 6.41 14.73 6.75 14.81 17.51 5.13 5.26 10.69 25.9 18.41 7.84 7.34 5.9 5.11 9.59 12.35 19.45 11.24 14.03 9.54 7.87 8.53 10.07 17.29 18.6 20.33 21.94 17.41 13.56 12.39 10.52 10.96 8.07 4.85 6.74 6.28 8.37 9.51
9.65 14.81 12.79 9.68 6.21 14.11 12.81 17.17 10.85 4.8 4.45 2.9 2.97 3.64 4.05 5.08 8.03 16.11 12.51 9.52 5.68 12.12 10.12 4.3 2.95 4.38 7.99 9.92 8.0 10.0 12.52 8.03 6.1 11.55 14.31 10.27 8.95 5.12 5.68 7.88 12.23 22.59 18.68 5.7 14.15 7.35 4.95 7.05 5.87 7.39 11.05 18.99 25.94 13.33 11.48 12.96 13.22 11.26 7.39 5.56 3.91 4.38 14.29 8.4
4.98 12.22 6.33 6.29 10.25 6.78 7.26 11.74 14.95 12.0 8.6 3.89 2.94 3.58 3.61 5.21 9.64 14.98 15.07 6.22 9.16 14.33 18.92 7.14 6.87 5.12 5.82 5.73 7.45 4.73 7.4 5.34 6.87 9.97 14.53 8.23 6.26 6.84 5.87 6.55 9.87 12.8 32.6 10.84 14.1 8.9 11.26 5.05 7.52 10.0 9.69 24.09 16.15 5.24 7.55 12.56 14.36 9.95 11.52 5.33 4.83 7.04 5.02 10.3
6.79 6.99 7.58 6.01 4.65 9.29 11.19 6.26 8.51 8.15 6.51 3.63 3.05 6.08 13.61 8.9 21.52 26.62 24.7 13.11 12.69 9.93 10.94 7.43 8.19 10.27 10.2 5.8 6.21 5.3 3.85 5.91 5.46 13.35 5.85 4.57 4.11 7.53 9.77 8.92 5.91 9.66 21.93 13.18 12.12 14.9 8.8 5.45 3.96 9.65 9.79 11.27 13.34 6.76 4.65 11.42 12.39 9.44 9.07 12.55 6.62 9.22 8.32 13.1
6.06 5.81 5.07 4.63 3.18 6.43 8.1 4.44 6.08 18.75 8.27 4.84 7.46 10.54 13.88 15.04 15.39 25.77 43.86 19.55 13.86 17.38 9.73 7.89 8.63 11.33 9.78 8.82 8.74 4.57 3.21 3.55 5.12 9.31 7.08 5.35 5.29 5.02 15.06 19.95 11.63 10.44 10.56 9.39 10.39 14.03 10.89 8.49 8.48 10.98 7.34 12.25 4.34 8.01 5.83 12.42 6.29 9.97 13.4 17.51 10.73 7.21 8.52 10.21
2.85 2.93 2.18 2.75 4.15 4.91 6.43 3.95 4.67 10.76 9.31 7.62 8.24 15.88 14.83 9.95 17.82 30.34 21.52 26.95 26.36 12.86 6.93 10.98 5.28 17.04 24.74 23.89 11.66 3.94 2.36 4.15 4.04 8.35 14.29 8.22 7.59 10.16 12.01 10.53 9.49 4.48 4.62 5.35 9.42 17.59 28.43 12.9 5.21 7.09 9.72 7.68 3.77 8.95 5.05 5.55 7.9 7.87 13.68 12.91 12.93 10.83 7.21 7.07
1.66 2.04 3.11 5.28 6.67 5.09 5.16 1.77 1.78 13.29 15.52 7.77 8.9 16.35 12.85 18.14 41.4 28.1 29.58 19.29 15.85 25.26 10.73 16.48 6.66 9.87 15.44 12.51 9.9 6.63 2.62 4.15 4.39 4.5 7.03 14.39 12.56 10.92 11.82 7.82 7.32 5.14 7.69 3.95 6.29 16.74 13.42 8.1 5.56 5.29 4.43 3.93 6.1 8.18 5.66 2.84 5.02 8.71 12.46 21.3 15.35 7.77 7.49 10.05
2.25 5.92 5.34 4.31 6.89 5.97 4.27 4.76 2.96 6.89 18.32 6.86 9.17 22.15 16.65 15.1 26.92 20.07 15.37 16.0 29.4 19.27 16.04 6.96 8.46 9.57 8.9 19.62 20.98 7.42 7.11 11.97 5.65 6.25 6.83 14.59 15.85 6.33 9.82 5.75 6.13 5.37 4.99 3.77 2.27 3.97 9.37 5.89 9.46 6.1 5.24 2.33 3.44 8.45 12.48 4.22 4.86 18.39 17.09 24.64 15.81 9.66 9.03 21.66
4.45 8.99 6.81 7.98 10.19 8.63 10.15 7.57 4.73 5.97 9.47 9.64 7.67 14.13 12.29 19.84 27.46 25.61 22.03 10.39 15.61 10.0 10.59 23.03 16.38 8.28 10.91 21.5 10.38 17.41 10.22 7.86 7.41 5.77 5.67 18.22 15.68 12.55 9.06 5.39 4.58 5.71 10.08 2.91 1.85 2.88 6.52 8.27 9.11 10.16 4.83 1.57 2.93 15.69 13.6 8.11 6.88 15.51 15.45 26.01 18.92 10.13 9.33 18.27
5.96 11.89 10.93 4.96 7.92 7.41 8.88 10.71 10.48 16.44 16.2 7.72 8.48 11.58 13.72 8.0 16.19 10.73 8.43 7.42 11.19 9.05 19.99 29.82 22.25 11.83 7.38 10.4 12.02 11.45 15.45 7.66 5.65 5.95 4.85 13.08 22.51 20.07 15.35 6.23 2.88 3.45 7.08 4.8 2.46 2.53 3.4 9.7 12.86 15.24 6.88 3.95 5.98 8.24 8.95 8.34 8.55 21.43 25.5 16.57 18.17 8.84 19.23 14.19
7.98 7.98 7.42 4.62 9.85 14.32 7.24 6.3 6.92 9.82 10.71 6.37 7.43 7.13 8.6 6.4 8.32 6.76 4.27 4.82 6.35 4.39 9.0 15.37 18.87 10.71 6.67 4.15 7.19 9.03 13.97 10.89 4.96 2.41 6.47 12.44 13.28 11.52 11.06 6.29 3.74 5.31 10.81 9.22 3.47 3.12 5.84 7.69 9.2 9.05 7.11 3.78 5.01 9.31 13.55 9.32 6.29 17.8 17.91 12.99 21.35 12.27 8.76 11.62
6.32 3.02 4.38 5.92 5.3 7.4 10.82 6.05 4.03 5.74 5.72 4.66 4.69 6.0 5.46 4.35 6.11 2.92 3.74 3.06 4.15 7.2 10.6 7.0 12.76 17.54 15.18 8.21 2.77 4.62 8.27 10.06 6.06 4.16 4.91 12.25 12.06 12.28 7.98 7.68 4.88 6.7 8.75 5.84 3.01 5.62 8.03 4.39 3.92 6.52 8.0 6.46 7.3 6.51 6.08 5.01 10.38 19.97 22.47 18.14 14.81 15.49 7.41 9.29
5.01 2.44 4.62 4.62 4.36 7.87 10.56 5.42 3.0 6.14 3.99 6.34 8.86 10.27 5.85 7.04 7.18 5.97 2.08 1.07 2.33 3.74 7.42 6.39 8.04 15.66 12.57 7.04 5.12 4.89 7.8 10.5 7.12 5.53 6.09 8.26 14.08 7.86 13.4 6.96 3.71 8.39 12.02 11.17 7.57 7.49 7.36 5.63 4.24 4.91 8.11 10.98 16.19 6.86 7.84 7.45 9.15 15.65 26.94 11.28 5.88 5.85 8.85 5.3
4.01 3.49 7.56 5.48 2.97 3.94 7.55 5.61 2.84 8.34 2.8 5.07 3.72 4.97 6.75 9.8 12.56 5.26 0.94 1.2 2.64 4.31 11.15 6.97 12.64 12.97 17.85 12.12 10.15 4.11 9.72 8.86 12.71 11.18 10.52 9.47 9.58 11.62 16.72 9.6 5.75 9.43 13.74 10.75 8.53 13.66 12.0 5.54 5.21 5.62 11.53 16.78 12.72 8.49 4.4 4.81 6.32 10.49 29.89 11.28 5.51 6.16 3.97 8.58
3.26 3.94 6.33 2.9 2.11 2.69 5.59 7.41 5.2 5.46 5.61 4.42 5.86 6.97 7.44 8.47 9.64 7.71 4.69 2.03 3.81 5.86 6.5 4.28 7.17 10.81 17.64 13.22 29.0 13.19 5.53 9.41 6.36 8.45 14.34 11.63 10.66 13.39 8.71 7.58 7.23 11.29 14.55 4.94 11.21 8.16 14.18 9.8 8.5 7.54 6.74 6.59 6.21 6.93 4.79 6.0 6.2 12.68 20.06 27.31 9.92 5.75 4.29 4.36
2.82 5.29 3.14 2.46 2.9 2.15 4.22 8.2 7.15 11.4 5.94 5.16 7.35 5.03 8.61 10.02 12.83 6.22 3.7 4.24 3.16 6.52 4.67 4.55 8.11 14.34 9.0 13.5 22.38 23.45 10.34 4.89 4.0 9.42 6.62 14.06 7.97 7.21 10.36 11.11 9.78 5.88 5.86 4.55 6.75 10.9 15.97 14.09 6.63 5.98 8.78 12.24 8.63 12.9 7.59 4.15 7.4 6.42 8.56 21.17 7.37 3.96 4.54 3.67
6.24 6.36 3.87 1.87 4.2 4.01 6.4 12.12 12.99 12.33 12.31 10.72 6.52 3.76 6.42 18.02 11.94 6.81 6.79 6.55 3.11 4.64 5.4 6.05 7.55 12.22 6.75 6.52 22.93 30.97 7.87 7.69 3.28 4.69 8.1 10.45 11.73 16.57 16.92 17.76 5.78 11.99 7.22 7.26 8.33 6.85 9.16 12.28 15.64 8.98 17.56 11.63 17.9 5.63 7.44 6.88 9.71 8.39 7.78 5.61 6.45 3.44 5.35 5.37
4.46 4.32 3.31 2.21 3.21 5.86 7.15 14.83 9.41 20.96 9.57 10.0 4.58 4.43 9.05 8.73 10.57 8.32 8.74 6.53 7.91 6.57 6.11 4.05 9.19 8.18 13.87 19.27 26.4 21.15 10.91 6.66 7.68 10.21 5.5 8.81 7.92 29.11 18.49 18.08 8.46 11.06 6.62 7.4 10.15 6.77 10.78 13.27 16.76 7.81 19.51 39.48 23.34 11.83 17.51 6.57 16.07 7.4 4.01 4.99 6.45 4.42 4.43 3.81
3.63 10.72 6.73 4.45 6.15 7.88 4.81 20.74 8.92 14.78 6.35 9.89 7.28 5.14 5.74 6.15 6.16 10.37 11.41 10.04 7.43 5.81 7.97 5.74 4.61 8.4 12.25 9.67 12.99 11.99 9.16 11.16 9.77 8.67 3.98 3.51 10.61 23.82 17.3 19.04 11.16 7.21 13.88 10.62 12.72 12.45 13.99 13.46 14.11 16.98 19.83 43.37 14.63 10.7 20.98 18.96 10.98 11.02 4.86 3.58 7.25 5.4 7.34 6.53
8.42 10.74 13.14 11.48 7.26 7.35 4.52 15.03 13.9 9.71 6.38 10.03 6.41 4.27 7.23 5.62 4.16 10.43 11.86 10.64 4.41 8.87 8.89 3.6 4.03 5.49 15.26 10.41 14.76 18.24 9.43 6.71 10.82 6.86 5.26 5.07 7.18 10.85 20.02 18.49 16.11 13.49 15.27 16.55 13.5 8.37 6.6 8.68 9.21 14.45 13.49 30.08 15.54 14.54 35.6 35.43 17.85 11.07 4.67 2.51 2.31 2.73 6.58 8.31
6.72 6.08 10.99 12.34 12.4 9.46 6.9 11.14 12.44 11.13 10.74 7.05 7.87 9.34 4.3 3.92 2.6 4.59 8.45 5.36 8.26 9.24 11.15 6.02 7.3 8.47 4.22 7.53 8.8 10.16 13.76 10.1 9.31 10.02 4.53 2.26 3.44 10.8 12.67 18.05 8.53 11.24 10.35 12.45 10.04 3.39 6.81 6.32 9.86 13.32 11.83 32.28 18.56 19.63 34.33 34.2 11.91 10.24 4.59 5.71 5.82 4.81 8.17 17.16
5.55 3.1 7.48 9.96 14.51 10.89 4.79 4.5 5.36 9.35 7.57 5.98 7.0 6.44 8.71 4.65 3.98 4.85 6.41 9.61 10.97 12.93 17.01 7.66 6.09 14.27 8.87 8.6 10.92 8.69 14.37 10.8 10.72 8.01 2.94 1.71 2.92 8.08 17.35 21.39 28.89 14.88 17.08 6.86 3.96 5.32 9.21 12.7 9.66 9.54 7.86 19.62 23.83 38.74 33.7 64.85 9.85 7.65 6.91 6.11 4.71 5.06 6.25 14.33
5.84 1.71 4.84 5.93 10.78 8.47 7.92 8.2 11.18 9.63 16.59 8.54 5.96 4.92 7.45 9.63 3.45 7.75 7.19 5.4 8.25 16.19 10.45 7.85 5.01 14.6 7.38 7.6 5.82 6.2 11.18 10.64 8.09 6.93 3.74 2.4 4.15 12.0 20.7 27.04 11.14 12.55 8.07 10.31 7.25 5.14 6.85 14.83 8.05 5.55 5.79 19.04 14.17 18.86 16.23 17.73 7.36 10.9 19.36 4.59 4.79 6.53 10.25 12.87
4.47 5.41 7.3 5.98 7.52 7.35 5.18 6.61 6.21 10.65 13.27 8.35 4.91 4.76 7.22 20.13 11.12 7.06 3.02 6.13 6.35 8.63 10.76 6.52 4.04 9.68 9.17 10.6 10.58 14.16 12.43 5.4 4.14 6.01 2.7 3.24 3.61 12.71 15.36 23.48 17.64 8.48 9.23 14.23 6.47 3.99 3.74 6.66 5.92 5.6 7.44 11.19 9.46 9.3 9.14 8.12 11.24 10.0 6.19 3.93 2.19 5.13 10.96 17.36
2.52 3.61 3.23 3.57 7.49 8.69 6.98 8.52 9.39 9.4 12.99 11.88 8.86 4.65 8.07 9.54 7.0 7.62 9.64 5.33 9.24 10.55 10.82 6.46 3.5 9.91 8.13 8.67 5.39 3.6 3.22 6.51 6.16 8.34 4.89 2.72 4.75 11.46 21.11 13.6 14.99 5.1 4.45 4.17 6.21 2.76 5.62 5.01 5.7 4.06 7.35 9.49 11.91 6.94 7.81 6.99 6.64 13.3 12.12 3.51 4.17 5.28 8.88 8.73
3.86 2.57 3.39 7.52 9.13 5.66 6.97 10.33 7.19 7.42 16.64 5.74 5.75 6.03 7.33 5.36 5.81 8.49 7.52 3.75 6.7 7.71 7.27 8.86 5.32 7.42 7.11 6.59 4.51 3.74 6.06 9.88 6.11 6.55 4.6 1.73 3.59 7.21 13.22 14.68 20.93 13.26 5.74 6.15 3.8 2.73 3.29 4.73 3.13 5.04 7.13 10.14 6.46 9.83 8.14 3.12 2.72 5.86 12.49 5.74 4.7 5.06 6.76 6.11
5.3 4.33 4.39 5.55 7.65 7.56 9.64 9.39 7.92 7.24 6.7 5.25 4.03 3.55 4.22 4.48 3.95 4.85 4.95 4.17 8.09 6.93 11.29 7.36 7.09 7.33 7.38 3.6 3.37 2.07 6.37 5.57 10.62 6.77 4.99 4.52 4.75 8.04 7.44 10.77 17.4 13.36 4.45 4.82 3.16 3.44 3.33 4.4 3.63 5.81 4.03 10.33 6.2 7.75 9.19 3.13 2.37 4.87 14.29 8.9 7.85 6.61 7.81 13.27
4.98 4.93 3.57 4.9 11.42 12.24 4.41 5.61 8.96 5.63 5.61 6.39 3.35 4.87 3.9 4.76 3.38 6.92 5.68 3.67 5.37 6.7 7.3 10.04 15.7 11.92 11.3 3.03 5.55 2.82 5.16 10.67 8.67 4.51 4.67 3.35 5.47 5.83 8.99 9.56 14.31 6.16 7.53 5.4 3.87 2.93 1.85 3.03 2.66 4.71 4.46 7.37 11.9 15.19 12.28 5.62 2.05 4.4 7.7 14.2 8.56 7.44 4.88 4.69
7.39 4.58 3.79 5.53 15.41 6.92 7.63 5.98 10.27 9.09 17.62 8.3 5.63 5.89 3.61 2.45 2.89 5.79 5.56 6.85 10.84 6.68 5.01 8.02 11.61 12.38 9.79 7.48 3.99 3.65 6.31 7.2 6.67 6.69 5.1 4.68 5.21 3.17 8.17 8.42 7.82 4.59 4.91 6.94 4.79 4.61 4.69 3.29 3.71 7.64 5.33 7.2 12.52 22.21 11.51 3.54 3.12 5.42 6.61 17.89 13.86 7.33 6.01 7.28
4.48 3.45 6.58 7.83 9.08 8.68 11.17 7.25 12.17 7.56 9.22 9.32 7.72 5.59 2.36 4.11 5.18 5.67 8.13 10.3 8.84 7.96 7.03 7.49 7.63 20.98 10.02 7.38 7.92 8.0 6.97 8.66 7.05 3.97 10.54 15.86 12.69 4.55 5.98 8.63 9.01 5.04 8.88 10.53 11.71 8.04 8.98 4.82 5.78 7.09 3.81 4.05 11.49 9.07 7.3 7.55 4.49 6.11 6.3 14.35 10.33 8.86 9.0 8.58
3.77 4.19 6.78 6.93 8.12 9.5 10.18 19.67 16.29 10.51 10.75 17.23 20.26 8.02 4.0 7.53 9.15 8.16 8.34 5.64 8.22 8.86 4.94 10.44 8.46 12.13 14.1 18.79 14.92 10.11 7.18 6.42 4.26 4.6 9.45 20.23 5.14 2.83 4.49 4.87 15.68 14.99 12.2 9.42 10.15 6.51 16.04 10.24 4.89 4.88 4.67 4.2 7.59 6.92 6.05 7.12 6.51 5.07 5.78 9.22 8.28 8.85 9.45 11.69
5.13 2.89 6.13 6.78 8.17 18.18 20.54 12.76 10.78 13.79 20.29 15.9 21.34 10.44 4.27 5.71 13.72 10.78 13.36 24.63 9.56 3.55 9.86 10.05 9.55 12.75 14.65 12.41 7.02 6.3 6.27 5.26 5.57 10.01 9.9 9.85 7.99 2.95 4.25 5.66 11.37 17.97 18.79 10.38 13.9 19.58 22.11 7.56 4.34 4.36 3.1 2.97 5.69 5.16 6.04 6.11 5.1 3.4 4.69 6.99 12.69 4.11 5.1 7.9
4.68 4.12 4.09 4.64 4.72 10.51 18.1 12.2 19.75 21.05 21.2 19.85 10.85 10.55 6.41 5.75 10.76 10.41 11.77 14.4 11.67 5.13 12.62 10.37 8.76 10.75 14.49 13.72 8.67 8.5 4.33 3.35 5.91 4.9 6.38 10.5 7.23 6.13 8.06 11.39 10.86 15.66 8.35 6.19 9.48 9.11 10.31 9.59 3.87 3.52 3.68 4.73 7.25 6.33 5.82 4.09 3.1 4.34 5.93 5.29 7.37 3.44 2.91 7.6
6.31 2.62 4.36 3.96 6.66 7.06 15.56 21.09 17.75 16.48 10.64 10.73 7.14 7.91 8.49 5.99 7.54 10.69 21.13 23.0 45.27 12.61 7.01 11.29 4.59 7.79 14.87 13.7 17.1 8.32 6.16 6.65 3.94 8.34 6.99 7.42 6.03 5.32 6.9 10.48 7.18 15.99 13.72 8.89 17.48 12.93 9.03 7.2 5.7 5.04 4.44 3.09 3.28 4.36 4.85 5.77 4.32 4.46 3.45 4.36 3.53 5.24 5.01 4.13
3.01 4.19 3.57 5.55 4.57 10.28 8.57 7.72 5.95 12.58 11.21 16.46 6.79 9.62 14.53 6.96 9.9 8.51 9.6 16.32 39.05 24.15 14.05 8.61 6.47 6.1 13.67 15.44 10.81 10.98 7.42 8.24 5.19 5.66 4.95 5.57 5.06 9.04 5.54 6.9 13.75 17.16 8.86 10.65 16.77 18.52 8.85 3.97 7.43 4.82 4.42 6.63 5.06 5.19 2.53 3.46 3.46 2.92 5.43 6.11 7.79 6.65 5.04 2.45
1.63 2.72 3.85 3.57 3.0 12.29 5.83 6.53 6.19 14.88 9.68 17.61 7.77 6.6 6.46 6.67 8.6 7.29 12.48 16.1 43.1 32.85 8.12 8.09 5.14 10.51 11.89 17.18 22.92 9.91 14.56 18.87 9.28 7.24 4.18 4.22 9.29 6.92 6.75 8.75 8.48 7.93 10.64 7.47 15.62 7.84 6.72 6.11 9.54 10.71 5.24 4.59 2.66 1.83 1.92 1.6 2.06 4.55 4.28 5.32 8.24 6.93 6.45 2.96
3.26 4.64 4.28 5.51 4.58 4.81 7.59 5.42 5.71 8.7 7.67 15.21 10.8 5.45 7.33 7.44 10.03 5.47 7.87 9.09 16.83 26.62 12.5 9.69 10.57 12.68 26.61 28.88 16.55 6.77 6.13 6.34 8.01 5.49 7.19 8.51 11.55 7.06 5.53 3.34 8.56 9.11 10.15 10.6 5.62 7.48 6.13 5.13 8.18 5.57 5.61 3.44 2.36 3.27 1.92 1.9 3.46 7.15 6.36 9.6 11.09 10.9 8.26 3.08
3.97 4.98 8.4 5.25 5.68 6.03 8.74 8.3 9.27 10.1 4.43 11.52 9.17 6.5 6.8 6.23 7.2 8.1 8.92 6.58 11.32 17.63 10.66 10.19 7.67 13.98 20.57 24.83 18.94 8.07 4.59 10.78 11.34 11.4 9.67 7.2 11.65 11.01 7.93 5.52 3.64 9.41 12.37 12.81 17.34 7.45 7.99 8.55 7.22 4.78 3.92 3.86 3.03 1.37 1.37 4.79 6.05 12.27 8.96 14.85 15.46 13.52 10.05 5.55
8.99 10.7 6.54 7.66 7.73 5.06 5.56 5.72 7.41 13.78 12.96 10.72 10.61 7.2 6.44 7.9 11.73 5.4 8.3 7.96 14.66 6.84 8.19 14.37 19.62 24.17 30.28 35.86 19.28 17.2 6.87 10.56 10.32 8.79 11.5 7.87 5.4 17.32 20.75 9.19 7.74 6.29 10.8 15.13 13.02 5.79 12.91 5.1 6.85 5.56 3.98 5.28 5.64 2.55 2.72 6.24 5.49 7.95 9.6 23.82 19.08 15.85 8.75 7.38
11.34 7.79 7.31 3.98 5.15 4.36 5.12 5.49 7.45 8.78 9.16 3.59 9.07 6.11 16.89 13.53 9.88 2.17 6.69 8.37 8.77 8.51 8.48 9.79 19.8 36.71 34.32 24.36 16.48 19.05 15.13 14.95 7.86 9.47 6.88 11.95 7.08 19.75 22.48 10.14 6.85 9.47 12.73 14.43 21.89 9.01 4.78 4.12 4.78 6.79 5.24 4.66 3.82 2.84 3.81 5.64 9.38 11.8 12.98 16.32 12.77 9.97 8.94 5.75
12.47 11.1 2.67 3.56 2.22 2.86 4.22 5.49 8.0 6.95 3.73 4.51 6.37 9.2 16.87 12.05 7.37 4.4 4.21 7.68 8.58 6.33 7.14 4.64 15.53 23.27 37.76 29.49 14.55 18.61 12.89 15.19 10.12 7.78 9.34 11.05 10.48 19.09 7.22 7.92 6.73 12.4 6.74 15.42 9.66 7.04 8.81 9.74 5.38 5.32 4.21 3.78 4.18 4.28 5.41 7.38 5.97 10.46 13.18 11.72 19.58 6.98 10.37 6.19
10.6 8.95 3.95 2.91 2.06 2.49 2.14 7.1 6.39 5.15 3.09 8.97 8.75 5.58 8.36 8.61 6.09 5.33 5.86 6.86 7.71 5.13 7.69 11.16 10.44 21.01 27.96 20.22 9.58 8.53 8.12 12.93 18.08 8.32 4.75 9.41 9.44 10.81 12.9 5.45 3.49 13.56 9.12 8.48 23.33 10.22 9.88 6.56 3.46 2.72 4.13 3.79 6.7 4.6 3.83 4.39 6.19 6.76 23.95 17.92 8.45 6.8 10.48 7.85
4.71 6.87 2.94 3.35 1.78 0.98 1.98 4.25 5.2 4.71 5.25 13.13 9.07 7.9 8.13 8.39 12.39 9.0 7.65 4.25 3.07 6.56 6.78 6.89 7.51 11.84 22.3 28.16 17.65 9.54 8.27 10.37 15.17 5.86 6.61 6.0 11.26 10.27 6.84 3.84 5.83 10.44 9.09 6.3 9.31 12.87 10.04 9.19 7.67 2.42 2.79 5.38 3.52 8.13 8.4 6.17 8.16 16.8 20.5 14.66 12.12 4.92 6.06 10.56
5.14 3.85 7.07 3.69 3.05 2.06 2.08 4.58 6.67 4.74 4.96 9.31 9.63 7.36 6.44 7.47 7.13 9.53 4.85 5.09 3.33 3.75 6.88 7.34 8.59 5.37 15.13 13.28 19.86 7.56 10.06 8.7 11.22 12.76 6.1 6.88 16.13 7.29 11.38 6.19 8.24 10.38 8.19 7.21 8.61 5.9 16.25 13.2 4.23 3.08 4.94 4.74 6.56 11.32 13.25 6.11 7.08 6.72 12.26 6.35 4.34 5.13 7.17 17.1
8.51 6.49 4.8 7.95 4.35 2.86 3.01 2.46 3.65 6.34 4.55 9.27 5.09 3.79 4.77 14.09 3.78 3.22 4.28 3.24 3.66 3.08 10.19 8.43 7.13 2.53 3.43 4.65 5.27 10.54 16.9 8.39 6.7 11.11 5.19 7.53 10.93 6.86 5.35 8.55 9.26 8.56 10.25 6.35 6.34 5.57 9.83 9.51 6.58 2.83 5.15 6.46 4.76 12.98 12.65 10.2 8.63 7.06 11.03 5.67 6.28 11.82 8.71 13.75
10.97 8.22 4.26 5.17 5.07 3.67 2.96 1.9 2.35 3.75 6.95 6.51 4.17 3.39 7.72 5.77 6.53 4.06 4.25 2.91 2.6 3.9 4.04 4.17 4.21 2.8 3.11 5.02 6.26 10.31 20.35 14.95 4.61 6.58 3.43 4.64 6.71 11.72 7.26 6.51 11.23 8.86 10.27 11.86 8.99 6.16 6.49 12.01 6.2 5.87 6.52 8.74 8.09 16.93 13.0 9.25 8.11 9.48 8.05 6.09 7.72 11.99 6.72 4.97
15.33 6.32 4.23 6.29 5.44 3.33 4.55 1.57 2.23 5.74 5.79 3.88 4.7 3.73 5.36 9.63 4.97 7.12 3.84 4.79 8.29 9.99 6.04 5.79 2.23 2.28 5.58 6.29 9.09 17.83 34.94 18.59 8.67 4.49 5.44 4.41 11.73 9.75 4.8 5.66 7.14 10.62 21.4 21.42 14.21 10.34 12.36 8.85 9.85 9.58 5.74 3.41 4.09 15.06 14.69 9.01 9.85 5.75 5.66 9.28 14.51 6.77 7.97 2.97
9.97 9.01 4.33 4.21 5.58 1.9 2.69 4.09 3.15 3.6 4.53 6.03 6.52 8.12 5.56 6.14 5.08 7.94 7.28 8.12 6.75 13.64 10.66 3.85 4.16 6.83 9.03 15.66 10.88 14.51 22.55 22.03 12.39 9.46 4.75 8.6 8.32 25.58 13.21 11.17 14.23 12.91 15.08 15.68 9.58 7.79 10.47 10.65 12.68 8.06 4.66 5.09 8.67 8.7 17.51 8.27 11.26 6.67 5.87 5.89 5.78 8.44 3.8 2.85
5.66 4.85 5.25 12.18 7.26 2.83 2.2 3.82 4.67 6.51 3.55 4.35 6.53 12.35 8.2 5.95 10.47 20.83 16.06 12.96 15.28 12.84 15.98 17.96 11.86 5.83 7.22 10.27 13.37 28.29 18.23 24.15 19.43 14.77 4.86 3.69 6.78 23.25 15.79 11.93 12.87 10.12 11.48 19.83 13.2 7.42 8.35 8.25 6.47 11.03 7.2 9.92 12.23 5.66 5.15 5.94 16.02 20.49 8.28 12.65 10.75 4.25 3.39 2.39
9.08 14.07 6.62 5.86 7.02 3.95 2.64 4.34 4.07 9.69 2.97 4.34 13.68 20.08 13.92 14.51 6.95 13.9 16.61 24.34 13.59 13.2 20.96 9.77 18.57 7.34 4.44 8.62 8.81 10.99 11.35 14.16 24.08 12.54 5.09 4.18 7.08 10.47 15.0 16.34 13.74 14.67 9.23 9.17 7.67 7.64 5.63 6.04 6.08 10.92 6.85 7.52 11.57 7.77 5.04 11.16 17.57 10.17 10.27 10.27 11.99 4.14 2.97 2.38
9.54 5.39 6.73 3.6 5.73 5.59 4.58 4.24 3.67 4.84 4.25 13.11 8.65 14.05 16.58 15.29 10.44 11.05 12.5 12.71 14.63 9.4 8.31 6.04 22.52 17.41 9.65 10.15 9.46 10.35 14.72 19.89 34.28 12.89 12.97 10.52 7.23 5.49 7.48 17.29 12.79 14.45 16.19 8.6 8.32 4.58 4.21 6.28 6.22 10.81 6.81 8.12 10.32 14.79 8.15 12.92 13.87 8.94 7.8 15.35 15.46 6.29 4.77 3.65
