4.43 6.54 7.84 19.56 9.52 7.81 5.44 7.28 3.06 6.57 9.28 6.78 7.15 11.15 4.6 2.59 2.27 4.92 7.36 3.38 6.63 3.34 4.46 4.27 4.09 4.46 4.3 3.3 4.78 4.29 6.43 7.03 11.2 11.12 22.0 5.32 17.62 18.32 17.23 12.18 21.34 20.0 12.61 8.9 7.78 4.89 7.31 5.1 5.42 3.26 3.13 2.45 2.03 8.37 5.59 4.53 10.96 8.2 5.77 4.95 3.64 5.37 6.44 6.36
6.11 5.58 9.92 17.33 12.82 5.22 5.11 10.66 10.25 6.24 7.97 17.5 14.56 7.78 3.98 4.73 3.21 2.46 5.31 7.59 3.18 7.63 7.14 5.02 4.32 3.11 4.6 2.83 4.5 5.79 13.28 10.87 5.79 13.41 7.77 10.19 16.22 13.42 14.85 12.16 7.0 8.66 6.23 12.04 17.63 2.39 2.09 5.13 3.41 2.3 2.05 2.13 4.05 8.19 18.36 9.81 10.51 6.6 4.89 3.94 5.04 9.34 8.86 7.58
4.34 7.16 6.08 11.84 10.42 5.75 13.71 12.05 8.05 8.23 8.92 24.02 9.21 8.3 5.49 6.72 3.96 5.34 4.39 8.64 4.19 7.01 5.44 4.97 5.89 1.86 2.94 4.28 3.94 9.7 15.43 6.57 4.56 14.24 12.51 8.04 7.59 8.8 9.53 5.28 6.05 5.66 10.62 8.19 10.87 3.51 2.77 2.91 3.29 4.17 3.59 4.35 7.44 7.82 7.24 8.51 7.46 8.18 3.98 2.42 6.6 7.18 20.99 16.52
3.41 5.2 6.94 13.4 13.44 5.52 14.58 7.42 9.83 8.31 9.2 13.58 6.17 5.69 3.32 6.43 4.43 6.79 6.38 10.48 4.4 3.67 2.52 7.33 3.45 2.49 2.77 5.84 3.55 3.67 16.41 11.24 7.85 8.72 9.2 7.53 13.09 14.78 6.95 7.71 4.32 5.07 7.43 11.3 6.34 8.24 3.6 4.41 5.66 3.14 4.39 10.28 8.69 6.98 7.18 8.13 5.29 5.67 5.61 2.15 4.53 7.82 17.68 13.1
9.18 7.16 11.25 12.87 10.08 9.52 13.55 12.47 6.14 5.58 6.7 7.87 6.21 5.53 6.37 4.11 5.54 4.95 4.25 4.57 5.91 6.87 4.2 5.61 8.07 3.3 3.39 10.66 8.76 6.3 16.0 7.78 4.83 16.52 13.27 8.96 8.58 19.59 11.8 7.65 8.35 9.4 13.66 8.18 7.54 11.7 4.98 4.83 4.39 7.62 7.38 8.19 9.25 5.01 7.93 12.4 5.17 8.56 7.43 4.11 5.67 12.73 8.68 11.14
4.85 9.31 11.62 8.74 10.07 8.57 8.09 9.15 7.37 6.14 7.82 5.98 11.22 14.39 7.34 6.25 4.02 4.25 2.83 4.13 4.58 5.74 2.94 10.01 16.6 9.66 6.84 20.45 10.6 8.71 12.46 9.37 4.75 8.74 16.52 13.57 15.67 10.55 14.92 12.56 11.64 13.06 9.61 11.83 6.16 7.52 7.97 4.51 5.37 10.98 4.27 8.78 7.16 2.9 5.99 6.9 4.93 8.15 8.07 8.99 5.56 13.92 8.67 13.87
4.95 7.21 6.78 9.24 8.82 5.59 7.38 8.53 4.52 2.15 4.07 10.46 9.48 18.97 6.22 13.79 7.43 6.14 3.69 2.87 6.63 8.82 4.46 8.29 11.89 5.65 9.31 17.23 16.23 6.07 4.66 7.29 5.48 6.34 20.44 16.57 23.79 22.46 15.06 24.53 11.24 13.79 8.99 5.55 5.37 4.63 6.78 2.43 9.6 10.07 9.4 7.38 5.78 4.65 3.2 3.11 9.11 11.37 8.76 7.22 4.38 6.56 12.45 9.7
3.8 7.01 15.18 9.35 5.59 7.38 7.95 6.57 3.59 3.03 5.27 11.79 27.38 18.86 25.84 12.77 15.84 12.13 5.21 6.35 6.77 6.6 6.46 8.8 11.89 9.16 12.99 17.46 11.41 6.09 4.26 6.82 3.52 5.52 11.63 17.14 14.34 28.61 16.85 19.02 13.82 14.52 12.25 7.7 6.84 7.29 3.85 6.31 9.25 8.31 9.67 4.41 3.79 7.16 4.25 3.25 7.11 7.13 7.46 8.04 3.89 5.13 10.35 14.28
7.7 4.09 10.4 9.5 7.88 6.01 5.79 6.03 6.2 3.76 6.6 15.78 18.52 18.12 33.83 29.0 23.95 9.15 3.42 4.46 5.95 4.92 3.4 7.26 8.71 5.45 6.95 11.59 20.02 7.73 3.86 3.81 3.39 6.72 9.66 14.96 23.08 28.6 20.18 11.2 9.28 13.24 8.75 8.51 14.38 7.26 5.83 6.12 8.88 7.83 9.26 4.24 5.75 6.19 5.05 3.23 7.93 16.96 6.99 4.94 3.42 3.71 7.32 11.62
8.2 5.65 6.33 15.62 8.28 5.17 7.63 5.92 4.61 4.4 4.62 13.52 16.16 13.46 24.25 10.64 9.82 5.32 12.74 4.4 4.07 2.34 3.42 5.52 4.2 9.3 17.35 17.13 8.0 7.92 4.4 4.99 7.38 9.8 12.45 20.18 29.76 25.03 10.15 12.28 12.47 13.39 6.68 5.16 9.65 7.31 9.22 7.49 5.62 3.62 4.6 6.74 9.83 6.6 6.19 5.21 4.08 8.58 7.55 2.46 2.97 3.99 7.16 8.14
5.33 6.84 7.37 11.51 4.21 4.4 6.59 9.04 8.08 7.08 5.4 10.55 11.19 3.39 10.55 9.22 7.67 4.66 6.15 3.14 3.59 3.07 6.02 4.11 7.07 9.03 21.8 13.93 7.95 5.85 7.27 7.38 6.39 8.7 13.25 12.63 16.6 10.54 6.06 6.6 9.91 8.16 7.65 7.91 9.07 8.02 9.41 5.53 4.76 3.38 3.84 4.99 17.26 10.74 13.69 5.6 4.12 4.15 3.8 3.89 2.56 5.0 4.14 4.47
11.82 4.9 5.47 5.37 2.34 2.97 6.27 8.26 8.66 6.8 7.58 6.69 6.74 4.52 5.24 6.59 5.76 4.25 6.14 6.52 3.41 2.29 3.59 5.63 5.87 5.02 8.75 11.64 8.08 12.58 12.11 6.68 6.29 25.24 18.64 13.55 11.43 6.92 3.76 4.61 14.54 13.06 12.74 12.38 7.24 7.99 7.01 4.25 5.38 7.05 6.89 6.89 12.43 13.13 17.74 7.29 5.97 5.21 8.04 5.98 3.33 4.35 5.03 2.59
6.79 4.36 3.86 6.63 3.94 3.93 8.36 6.1 10.97 8.57 6.99 6.86 12.31 6.12 3.52 3.88 5.79 7.05 6.95 4.74 3.53 2.27 3.06 9.29 6.71 5.67 7.24 5.4 5.51 7.35 14.13 10.06 10.72 7.8 11.91 10.12 10.98 11.7 4.1 7.86 16.17 17.89 12.68 8.62 6.42 6.61 5.62 5.04 6.86 7.23 3.43 5.49 7.6 10.37 14.39 6.93 10.31 7.52 8.75 3.36 4.99 4.52 7.77 5.15
6.74 5.25 1.93 2.78 2.61 4.47 7.0 8.42 9.2 4.78 2.96 11.9 11.47 3.26 2.59 3.44 12.07 9.18 4.48 5.07 4.99 2.53 3.45 10.05 9.66 2.86 4.11 4.19 2.57 6.06 7.33 9.63 5.14 4.53 15.09 5.51 12.06 10.41 5.04 9.79 18.17 20.8 21.52 5.95 5.15 9.45 7.19 12.45 7.33 11.12 4.47 8.54 8.1 11.81 8.87 15.71 11.06 14.55 10.16 6.26 4.19 4.84 6.49 6.9
3.94 4.4 3.66 3.39 4.57 7.65 6.88 9.45 5.35 2.95 3.5 4.78 4.61 3.36 5.23 5.66 6.57 5.84 7.47 11.17 11.27 5.09 4.93 7.55 16.44 5.94 2.22 3.14 2.91 6.81 9.99 6.9 6.19 3.85 5.46 5.21 10.86 6.3 7.47 6.63 12.72 16.99 21.74 12.22 9.08 20.91 8.67 8.12 12.03 15.78 10.27 5.17 6.39 7.56 7.61 11.32 10.11 10.65 14.44 12.12 6.84 6.33 6.38 14.83
3.49 2.07 4.86 3.65 10.61 9.7 8.35 9.76 4.67 3.12 2.43 4.82 3.76 5.64 3.23 7.62 6.67 6.4 7.65 14.89 13.7 6.22 5.61 18.16 15.56 5.34 2.11 2.73 3.65 4.48 12.25 6.77 4.89 5.68 8.44 7.37 6.24 3.79 6.92 6.68 8.56 13.81 15.43 10.22 11.81 14.59 12.23 18.96 23.43 17.87 3.87 6.64 4.94 4.53 4.62 11.07 11.85 12.97 12.08 10.91 5.18 3.33 4.44 9.51
1.56 2.75 5.43 7.38 4.74 4.82 8.31 14.97 11.96 6.21 4.17 4.87 3.91 5.53 4.7 4.05 4.37 8.27 5.14 15.54 13.78 13.6 4.26 7.21 5.71 6.88 3.0 2.91 4.79 3.02 4.13 4.05 7.01 7.29 6.31 5.16 13.75 3.56 5.75 5.78 10.9 19.97 19.12 8.43 11.67 15.43 12.75 13.88 13.19 6.61 3.85 3.77 4.69 5.11 6.59 7.14 14.81 14.08 14.77 5.91 9.06 6.5 3.09 3.71
2.42 2.58 8.39 11.26 11.61 14.28 21.53 21.22 19.48 5.93 7.22 5.24 3.1 3.61 3.81 3.16 4.58 4.98 2.42 6.1 13.94 8.87 3.58 6.37 7.03 6.27 6.29 6.91 6.02 3.92 2.39 4.58 4.79 5.44 3.95 10.89 8.66 4.25 4.96 8.14 7.58 9.61 11.19 10.73 14.27 13.88 7.24 5.09 5.32 5.29 4.22 5.55 4.7 3.13 5.69 11.71 5.31 7.71 6.4 12.43 9.18 5.12 7.54 5.83
7.5 6.17 10.27 12.93 22.32 15.59 20.45 18.49 15.45 8.62 5.9 9.56 3.7 3.62 5.53 2.92 4.84 2.39 4.16 8.69 8.14 4.45 2.77 4.96 9.7 11.69 12.06 7.65 6.63 8.85 2.33 2.82 8.75 6.32 9.1 14.29 5.76 4.33 3.27 4.28 6.28 6.41 13.65 5.67 11.21 13.14 6.87 4.24 7.15 18.47 8.6 7.72 4.96 3.23 6.41 9.42 4.08 6.77 4.94 6.21 6.38 4.49 8.23 6.72
8.94 10.55 8.9 12.68 22.33 16.98 14.57 14.45 9.3 10.52 12.96 13.04 10.33 6.48 3.08 2.87 3.36 5.12 3.71 6.21 11.45 3.22 3.94 5.06 10.46 8.84 11.97 11.51 9.2 4.97 2.91 3.18 6.76 8.9 8.28 9.71 3.23 3.01 3.64 6.82 7.51 14.16 18.18 8.05 8.61 11.88 13.06 6.39 11.22 11.32 11.92 6.61 9.46 7.18 4.5 11.45 10.87 4.94 5.48 6.93 5.85 12.93 13.52 14.15
18.68 18.31 7.43 11.98 8.52 9.79 9.73 23.19 16.26 8.76 13.62 14.8 19.41 6.43 4.15 7.52 6.64 4.06 4.56 8.67 7.76 1.22 6.28 11.67 8.54 6.39 14.28 12.12 7.49 6.59 3.12 3.93 6.31 8.44 8.43 4.84 6.85 2.87 2.9 5.02 13.25 10.76 10.73 6.04 11.12 13.09 8.85 4.92 8.09 11.78 12.45 6.09 7.45 5.52 3.62 6.11 7.3 3.29 6.64 7.71 8.63 10.62 13.91 8.86
17.53 7.01 4.94 8.39 13.21 9.02 9.92 13.4 13.04 12.7 11.24 20.65 17.01 8.18 5.28 3.19 5.47 4.4 4.75 11.67 5.06 4.44 4.23 6.75 9.25 10.36 17.61 9.1 5.98 4.76 3.34 4.34 4.74 8.08 10.0 7.63 3.85 3.88 3.99 9.42 19.15 13.16 9.81 8.69 11.19 10.57 7.04 4.02 7.46 14.96 15.53 6.72 5.17 8.56 6.07 3.02 7.95 5.27 7.6 10.18 6.36 5.68 11.52 8.46
16.18 8.12 5.59 9.92 13.89 8.79 10.92 25.22 20.84 13.58 9.3 20.61 13.75 8.23 4.61 5.33 6.74 5.05 7.19 9.6 5.34 4.17 5.46 8.92 10.71 8.72 13.48 10.03 5.75 6.46 3.28 3.31 4.75 9.91 5.36 6.77 4.07 4.44 4.98 10.96 28.19 20.89 10.44 5.39 6.28 4.08 9.57 5.24 7.39 6.59 11.1 6.45 10.76 10.54 4.95 3.43 5.62 5.79 6.07 5.35 6.29 4.96 13.12 3.71
20.46 10.5 6.1 9.61 15.01 4.04 5.91 10.54 18.87 14.72 8.58 6.14 11.22 12.43 8.14 8.81 6.21 9.32 10.4 3.95 5.0 6.07 6.51 5.65 4.32 6.51 11.86 9.9 5.59 6.41 4.04 2.63 6.05 5.0 4.54 5.67 6.06 10.26 6.14 10.75 10.46 14.08 3.52 6.16 4.37 8.01 6.34 4.85 4.97 7.4 9.59 6.77 11.49 5.34 3.33 3.87 3.96 6.5 3.9 4.81 5.9 4.28 6.57 6.47
11.05 8.9 10.78 9.84 12.96 9.05 4.67 5.21 7.27 21.43 6.96 6.1 14.96 12.48 4.44 6.5 10.11 8.0 7.94 4.31 5.8 5.22 4.7 10.37 7.09 4.41 9.81 7.09 7.43 8.22 6.91 2.59 3.09 6.86 7.41 9.16 10.19 17.15 16.06 17.28 17.18 10.29 6.46 10.65 9.91 7.69 6.06 7.76 5.36 6.07 7.14 8.29 9.04 4.85 6.7 4.51 7.28 4.62 3.75 7.68 4.98 3.6 2.45 3.83
17.8 8.69 9.9 19.21 16.88 8.28 5.44 9.46 24.93 24.98 11.57 8.07 14.94 7.76 7.3 6.53 6.07 7.95 3.11 6.0 3.53 3.08 4.1 4.9 3.94 5.46 8.62 17.95 13.31 18.19 9.85 3.18 4.37 8.5 7.06 8.6 10.7 20.3 14.83 14.81 12.61 9.11 5.42 6.53 6.3 8.45 4.34 9.51 3.67 3.45 4.29 7.21 6.24 7.15 6.47 4.76 10.84 6.82 4.99 6.72 7.08 4.68 2.69 2.89
11.51 15.23 16.6 16.63 14.36 8.42 8.82 12.11 18.16 18.17 11.8 6.17 7.19 7.3 2.87 4.6 5.03 17.7 4.04 5.17 4.45 2.51 5.12 4.37 2.5 4.69 11.97 13.7 15.68 20.29 24.94 5.5 8.1 10.13 15.28 14.71 15.08 17.37 13.85 14.27 6.61 11.87 5.09 6.21 5.55 4.97 4.67 4.18 6.98 2.82 1.7 4.06 4.45 7.26 4.75 7.08 9.11 13.87 7.82 8.45 6.64 4.12 4.69 5.93
14.4 19.9 16.81 31.98 25.21 12.1 10.2 16.62 21.67 13.93 10.99 3.87 3.62 3.41 4.2 4.79 6.64 7.69 9.55 7.89 5.03 4.03 1.9 4.6 2.48 5.02 11.03 6.19 12.03 18.52 11.91 7.15 7.5 15.06 25.24 21.46 11.33 18.33 11.66 10.13 4.75 9.84 7.13 10.31 7.04 9.89 4.3 4.17 4.32 3.38 1.72 2.06 4.14 6.56 3.91 6.05 6.03 7.34 5.27 6.93 8.41 7.48 4.34 10.42
18.16 15.63 20.15 17.68 30.82 20.67 23.72 14.98 13.08 11.21 12.37 4.98 2.91 6.17 6.3 2.78 4.34 6.07 6.88 10.92 5.71 2.45 2.29 2.35 3.12 5.15 9.78 6.96 9.31 12.43 8.43 6.77 8.39 14.76 19.14 9.07 12.54 16.79 6.8 6.76 12.96 8.93 9.39 9.13 6.0 6.22 3.28 5.82 4.58 4.93 2.56 1.63 2.67 4.26 2.46 10.7 16.93 10.62 4.33 10.25 7.32 13.51 10.29 18.08
12.46 25.65 22.62 20.69 32.16 24.64 18.18 18.4 13.74 9.71 9.07 7.25 2.85 7.39 3.78 4.23 8.26 4.77 8.64 11.02 4.52 2.04 5.38 3.5 5.01 7.44 7.61 9.73 7.56 10.73 12.32 19.03 16.88 11.01 14.12 10.47 14.7 9.48 9.35 9.5 11.09 11.17 12.3 12.9 8.69 3.02 5.6 7.53 3.89 7.64 4.67 2.38 2.22 3.54 2.52 7.26 12.18 10.09 4.46 7.45 11.88 10.64 12.33 20.86
7.2 16.71 9.26 13.8 37.06 32.05 16.73 16.77 8.35 7.78 12.75 8.14 4.94 3.58 6.67 5.11 4.31 4.43 6.28 7.02 6.63 6.69 5.84 3.34 4.16 6.29 7.2 10.6 18.17 12.73 13.53 14.88 22.68 14.02 8.61 12.16 11.48 11.65 11.03 5.94 18.02 6.34 7.27 12.99 15.31 4.95 7.38 6.51 6.98 8.52 10.39 2.5 3.62 5.11 2.48 2.93 11.63 13.16 6.3 2.92 4.13 6.48 12.77 31.66
15.61 12.56 9.83 9.63 23.29 31.22 10.11 8.64 10.44 8.33 9.71 7.42 8.17 1.78 6.36 5.06 3.87 5.09 12.3 11.84 13.88 11.88 8.5 12.9 6.19 18.1 10.63 15.35 19.88 14.18 9.45 26.18 20.6 12.23 5.68 6.8 6.83 5.55 6.79 6.21 18.05 6.28 7.37 7.46 4.38 6.68 9.62 8.92 6.87 7.31 9.24 5.59 2.14 4.14 4.33 5.47 23.83 11.53 5.3 5.41 3.86 9.78 18.93 13.45
14.65 14.26 7.77 17.2 12.23 21.6 8.43 5.13 16.83 13.85 5.75 7.76 6.24 2.63 3.18 8.19 8.55 4.83 15.38 6.42 8.06 12.85 18.95 15.13 9.73 19.0 22.24 31.55 23.77 20.45 30.21 25.53 11.73 5.54 6.22 6.74 7.43 4.76 2.71 3.51 8.37 9.46 3.69 4.19 11.33 13.98 14.66 5.79 5.91 6.19 14.39 7.18 5.75 3.89 4.16 4.37 14.07 11.05 11.27 5.57 4.76 10.86 16.13 14.01
9.91 12.94 13.17 16.23 19.89 23.87 14.27 8.8 12.74 15.33 5.8 5.33 9.47 2.78 1.92 5.62 5.15 2.8 8.72 6.02 5.33 7.22 20.03 7.11 14.28 19.89 11.81 12.68 10.46 21.1 20.27 12.44 5.65 9.12 7.37 6.31 6.96 5.19 4.58 4.9 9.33 5.22 2.53 3.45 8.25 7.79 9.38 8.03 4.04 7.12 7.97 7.0 11.17 8.12 7.38 6.19 4.67 13.83 14.19 5.0 4.35 9.27 6.99 7.18
5.6 13.6 10.73 13.1 20.33 20.93 13.05 10.97 8.77 18.4 9.91 3.69 6.29 2.54 2.73 4.71 2.14 1.55 6.29 13.57 4.2 5.59 13.66 6.67 10.71 10.25 14.18 13.22 11.09 7.02 10.27 11.91 8.83 10.8 14.25 3.37 7.06 8.7 5.98 4.51 11.14 7.29 3.17 3.28 6.78 17.36 8.01 5.09 5.75 6.59 5.1 10.2 19.25 6.34 5.62 4.43 7.83 11.17 12.23 5.57 5.23 5.25 5.83 7.47
6.25 7.02 6.95 9.16 11.55 13.98 10.02 11.52 5.41 12.22 6.77 6.12 7.47 9.33 2.49 5.54 3.54 3.14 6.3 5.82 2.91 7.37 5.67 3.55 5.3 22.58 13.22 7.67 8.34 9.3 13.95 17.07 18.56 15.59 6.81 5.55 10.03 17.77 8.23 4.2 11.38 11.91 6.08 4.4 7.52 15.51 17.04 5.12 14.86 5.36 3.0 8.21 6.17 5.51 3.15 4.36 5.44 7.11 12.05 2.7 4.26 5.11 8.46 8.21
4.8 4.8 5.41 10.09 9.45 13.31 7.49 6.38 6.18 9.8 8.3 5.3 4.9 7.54 7.43 10.45 7.18 3.07 3.54 4.6 2.45 7.18 4.04 6.19 7.03 12.62 7.3 6.87 4.68 4.56 10.88 15.97 17.29 14.63 9.72 8.03 14.28 13.84 11.02 7.36 10.27 19.47 9.89 5.8 7.61 13.25 8.56 3.89 6.53 4.09 3.12 7.63 10.58 4.51 3.75 4.35 4.6 7.08 10.19 4.37 6.9 4.17 10.51 9.32
3.58 1.44 2.89 8.09 18.56 11.79 11.32 6.47 6.7 12.23 8.98 7.85 7.22 12.45 10.91 15.71 4.53 4.07 4.89 7.9 4.91 7.45 8.34 9.29 11.51 10.59 26.33 15.67 5.74 6.26 9.82 8.01 8.86 17.46 5.92 9.28 10.04 9.77 5.51 11.52 11.58 25.39 14.31 11.0 5.69 10.24 4.24 2.56 3.38 5.48 4.72 6.77 8.66 3.9 4.45 4.51 3.54 8.98 5.48 4.64 4.39 6.71 7.08 8.45
5.98 3.32 19.38 13.96 12.35 11.84 12.22 4.54 5.82 9.48 16.26 7.85 4.58 8.51 5.34 13.89 5.37 5.26 8.65 3.47 4.65 7.88 6.67 10.56 13.95 13.63 13.56 13.94 8.9 6.9 9.37 9.81 8.47 10.65 7.96 12.48 8.01 6.27 6.0 7.12 7.6 12.35 19.34 7.37 4.4 5.79 5.06 3.19 3.27 16.45 10.94 11.32 4.64 3.38 4.74 3.13 5.57 7.37 4.62 2.7 8.09 6.84 5.69 5.53
24.34 15.1 26.64 25.3 17.06 10.58 12.93 7.83 9.46 5.7 14.94 14.26 3.78 2.47 2.99 8.85 5.83 4.84 4.88 6.04 3.27 4.71 9.11 10.06 21.11 14.58 14.45 11.17 12.1 10.78 11.73 9.78 11.12 21.95 17.46 10.21 9.37 9.36 4.27 5.9 5.64 7.03 9.61 6.31 7.62 8.98 5.77 6.05 7.41 15.96 7.93 12.18 5.22 9.09 3.64 2.78 4.76 8.97 7.6 4.48 5.47 5.16 5.73 7.83
19.06 18.37 10.71 19.32 11.05 18.8 16.91 14.8 6.95 11.63 13.03 7.68 6.44 3.04 5.94 5.15 3.93 4.64 5.17 5.38 6.5 4.41 9.0 6.63 15.03 25.15 13.81 10.11 18.23 19.54 7.17 7.11 9.89 13.24 7.53 6.65 10.58 8.75 12.69 4.7 5.35 4.84 6.34 7.3 6.65 5.52 6.96 5.03 13.52 12.06 7.91 5.89 3.34 5.51 5.3 5.42 6.02 9.73 10.01 4.78 3.97 5.3 5.75 9.34
12.96 6.75 15.18 9.06 13.01 9.76 10.14 8.77 6.55 8.13 11.95 12.78 12.04 3.2 5.13 6.75 6.9 2.88 4.4 6.17 7.14 5.63 6.66 7.84 6.37 21.96 16.34 10.25 7.51 12.99 7.18 4.6 6.81 6.04 3.94 4.29 8.07 18.48 9.79 6.36 11.7 10.84 5.1 7.38 7.05 9.15 14.95 16.52 10.9 6.65 8.12 3.91 2.62 2.73 6.07 8.67 5.04 11.86 13.25 7.79 4.27 9.7 12.71 16.91
8.76 8.67 17.03 7.61 7.24 9.51 16.7 14.89 12.92 14.17 18.53 15.33 9.51 7.14 9.01 10.78 10.96 4.29 7.03 6.74 10.86 9.87 8.42 4.94 10.47 28.09 17.76 4.45 6.2 8.74 4.94 3.25 5.5 4.49 2.46 2.23 9.56 15.17 8.35 6.17 11.77 8.16 4.82 8.46 13.32 12.46 13.82 14.43 12.86 6.3 9.62 5.79 2.34 3.64 5.86 6.29 7.97 6.63 10.15 11.66 6.97 9.1 11.42 11.54
6.42 6.26 5.35 14.26 6.98 10.82 14.24 5.95 20.29 12.72 19.43 8.21 13.37 16.5 13.7 15.23 12.97 7.48 9.49 9.65 13.73 7.3 5.2 8.08 8.94 10.37 16.55 6.43 7.62 3.37 2.18 2.01 2.74 4.87 4.83 2.87 6.68 7.45 10.83 10.32 10.68 10.84 4.36 4.05 6.86 6.66 9.62 8.78 11.68 8.39 10.44 6.64 2.9 3.74 10.27 8.59 5.31 6.53 9.89 27.68 8.76 12.51 23.69 16.63
6.38 4.83 8.31 16.97 7.58 7.78 11.61 10.91 18.05 11.89 9.19 11.72 16.2 10.03 19.93 12.21 14.14 6.51 6.75 4.82 6.03 9.25 9.33 10.23 9.77 14.96 18.86 8.71 7.83 4.03 3.01 1.76 4.17 6.11 2.35 2.02 5.4 11.82 12.44 9.99 10.32 7.07 6.99 2.19 9.87 6.12 6.24 4.95 9.55 7.23 6.14 3.93 3.09 2.48 6.6 7.54 7.82 12.96 11.28 28.12 14.51 18.29 25.7 12.07
6.1 7.36 9.8 10.82 5.04 18.64 14.91 9.66 7.65 7.99 6.75 18.01 17.28 7.11 9.82 9.66 10.67 10.34 8.18 7.53 9.41 11.03 7.1 12.47 9.83 11.48 27.47 21.32 7.52 5.44 7.24 3.16 5.22 7.78 4.12 2.63 4.44 11.98 11.96 7.4 4.98 7.63 6.23 3.31 3.79 7.69 8.04 4.18 4.26 5.74 10.79 9.01 6.55 3.39 6.88 7.14 13.57 9.12 10.9 17.04 8.28 5.43 14.4 21.24
12.59 6.6 6.62 8.7 8.94 17.25 11.8 5.91 6.24 4.47 5.99 14.34 13.29 13.74 7.41 10.31 4.79 12.11 12.31 7.34 7.51 9.41 14.32 8.37 8.61 17.73 36.87 17.77 5.4 13.07 13.69 4.1 6.15 6.77 5.2 4.25 4.94 8.06 15.71 7.95 4.55 5.51 4.85 6.97 5.28 6.72 6.9 3.0 5.39 4.62 7.78 5.42 13.41 9.7 6.18 4.69 7.28 10.02 13.7 8.98 6.62 3.54 8.92 29.76
12.37 5.45 8.39 10.67 15.83 10.43 5.0 5.93 7.13 4.38 10.88 11.53 10.32 12.93 10.3 6.78 6.37 7.49 9.16 5.41 5.03 11.37 8.36 7.38 11.79 19.52 21.86 14.5 18.58 10.85 8.68 5.51 6.57 11.67 7.66 6.04 5.04 5.38 8.84 9.37 4.3 10.95 5.47 10.3 5.03 3.88 2.95 6.32 3.17 6.42 5.88 8.94 7.86 5.31 2.87 3.53 14.5 12.17 10.85 5.59 2.84 4.37 7.11 15.88
14.43 18.82 11.9 13.2 11.81 4.51 2.53 4.86 4.97 5.82 9.88 16.3 5.59 11.16 9.21 9.47 7.14 11.16 9.48 9.86 4.07 8.12 12.47 11.23 10.3 11.34 28.46 7.03 13.38 6.53 6.57 12.45 10.64 6.18 6.54 4.77 5.44 5.02 8.09 10.98 7.31 6.12 7.69 6.61 4.45 3.94 6.46 6.86 2.8 4.78 8.29 13.9 13.64 8.03 2.53 2.92 6.17 6.66 7.99 7.41 4.73 4.93 5.03 10.09
10.16 9.55 7.96 7.3 6.87 3.31 3.08 10.5 4.96 5.72 7.02 10.67 4.3 7.43 7.51 9.95 8.74 12.32 6.49 9.1 8.49 8.19 18.84 9.22 10.58 28.88 9.51 5.13 7.24 11.34 3.96 6.4 10.77 6.38 10.55 7.08 5.03 5.19 11.19 11.89 6.97 5.25 7.57 15.12 8.38 5.07 6.69 7.18 5.03 5.75 10.71 12.97 10.39 9.03 3.84 4.23 4.92 8.11 11.09 6.82 9.82 5.39 12.92 11.99
6.65 8.84 6.9 4.29 5.91 3.81 1.83 4.92 5.19 10.6 12.53 14.92 3.08 7.09 7.02 6.92 14.39 12.64 11.75 20.78 10.4 9.45 12.97 10.47 7.23 10.31 7.56 3.83 6.04 8.76 6.43 5.29 12.29 15.68 18.71 14.5 5.92 4.14 12.34 13.76 5.35 5.33 7.7 11.2 7.95 4.15 8.39 11.47 4.1 3.26 5.56 5.69 13.29 10.9 3.61 1.95 4.26 6.26 8.77 8.96 9.54 8.1 10.83 10.12
4.34 4.27 5.61 3.34 3.25 2.36 4.49 6.9 4.3 5.35 12.71 11.71 2.98 5.28 9.86 4.83 7.71 8.19 9.13 14.95 13.98 14.86 8.68 14.55 4.06 5.12 4.21 5.33 2.52 4.96 4.83 13.4 19.88 19.38 9.29 12.82 5.62 6.18 25.24 14.16 10.26 5.07 6.1 9.29 8.56 10.69 6.33 9.02 2.64 2.75 3.41 7.58 12.49 6.59 2.03 2.25 7.53 3.45 7.06 15.65 20.08 17.0 12.2 14.64
4.39 5.35 4.38 2.17 2.26 4.95 13.16 9.63 6.36 3.56 18.52 7.05 3.97 6.68 5.76 3.03 3.69 7.21 10.83 10.82 18.3 13.51 9.68 9.69 6.24 7.48 7.99 9.32 4.98 8.02 12.15 15.29 21.25 16.93 15.11 16.19 13.06 6.87 11.25 18.19 10.48 10.86 4.57 5.77 6.89 6.34 7.39 6.97 3.54 4.1 3.47 5.06 7.65 5.35 4.54 2.13 3.31 3.49 8.58 21.63 14.17 13.89 32.67 20.41
7.53 4.27 5.54 5.86 2.06 4.99 11.84 11.17 6.85 2.99 15.17 10.65 4.83 4.13 7.18 3.22 2.66 2.57 7.17 11.95 19.49 14.5 13.66 7.7 7.98 8.05 13.19 17.2 12.52 13.2 17.34 17.25 8.87 15.71 16.42 13.91 10.76 9.2 10.51 13.51 7.88 5.56 4.47 4.52 9.67 4.27 3.99 3.39 5.0 7.79 2.94 4.8 7.5 8.02 3.37 3.35 2.97 6.39 6.28 26.46 20.63 17.87 25.68 19.67
8.95 7.43 3.6 2.91 2.29 4.34 6.73 6.66 3.82 5.85 18.1 5.8 5.92 3.96 8.21 2.54 2.47 5.24 7.73 7.7 11.45 16.68 11.15 10.81 10.05 11.61 14.2 14.57 15.59 11.77 9.76 8.83 9.1 14.4 14.4 9.8 20.34 15.28 6.86 5.64 11.32 4.63 5.9 10.92 9.22 5.76 7.49 3.02 5.15 9.62 8.05 6.96 7.89 4.33 3.31 3.17 4.13 6.22 9.61 18.06 16.62 22.52 19.76 14.11
11.01 11.65 4.29 3.77 3.23 1.36 6.02 8.68 2.85 6.33 9.79 13.0 8.59 7.31 8.59 6.08 4.38 5.05 13.2 7.87 9.64 13.67 10.29 7.42 10.45 8.32 15.8 36.88 16.27 10.71 4.68 13.97 7.51 8.03 15.05 12.55 9.8 14.59 4.79 4.46 4.25 3.52 4.63 9.62 10.16 4.19 5.95 3.47 6.42 10.31 7.56 4.94 5.06 6.61 2.59 3.44 2.44 2.97 7.27 13.06 15.45 15.49 13.93 7.7
7.66 14.72 6.23 8.2 3.7 2.17 5.21 4.68 3.14 4.3 7.76 16.24 9.65 7.02 10.32 5.67 4.07 6.64 11.45 9.82 12.28 13.13 14.24 12.67 14.17 12.67 15.22 41.84 35.7 10.35 5.78 9.83 5.25 6.27 10.71 7.32 7.33 11.31 5.9 3.23 6.31 2.72 3.15 9.01 16.23 5.8 3.46 6.23 6.3 5.41 9.89 7.95 7.54 7.67 2.53 3.81 5.82 5.22 6.22 8.67 13.59 11.77 12.57 6.88
13.09 6.84 7.56 6.2 4.48 2.66 4.49 4.16 6.87 5.24 16.65 21.3 14.89 10.38 8.53 4.73 3.63 9.14 12.59 17.56 12.15 12.73 16.17 9.01 8.57 12.12 24.35 37.44 31.62 6.72 7.22 15.45 7.65 4.22 2.54 7.41 3.94 5.17 4.74 5.57 3.2 2.77 3.38 4.69 9.57 12.31 4.94 10.71 5.18 7.44 13.62 6.82 6.09 7.14 5.94 4.49 3.9 9.73 5.52 7.75 9.22 10.77 10.32 7.62
6.56 8.31 4.43 2.94 2.77 4.0 3.92 6.49 7.67 6.79 10.18 22.18 16.61 11.48 8.2 8.1 7.14 6.64 19.3 11.86 11.64 11.78 12.52 9.04 9.29 12.17 20.25 21.9 11.36 6.33 6.13 4.96 8.12 4.94 2.16 3.07 2.64 3.25 5.53 6.77 4.29 4.49 2.43 2.93 13.58 9.68 4.29 6.41 8.4 8.86 6.6 11.49 5.72 5.16 4.92 4.37 9.17 14.4 7.99 5.85 9.59 12.09 8.25 6.77
8.62 5.73 3.27 2.8 2.31 4.24 5.63 7.67 8.05 10.72 5.97 13.8 9.79 23.69 16.08 13.62 5.13 8.99 16.22 11.08 11.15 10.51 8.22 13.18 14.55 9.19 12.94 12.39 10.73 7.23 3.54 4.77 6.34 3.9 2.87 4.52 3.28 2.93 5.68 10.37 3.88 4.14 7.11 6.86 8.11 7.77 12.04 10.53 19.11 11.49 7.17 15.42 6.88 5.84 11.23 9.46 10.85 19.49 6.67 8.03 6.8 5.75 5.63 5.39
4.98 3.51 3.21 5.32 4.45 4.26 6.2 8.58 5.93 15.81 8.29 13.0 13.4 17.16 17.79 7.55 7.27 15.32 11.71 10.53 6.97 8.54 13.78 6.37 9.89 5.59 10.67 9.6 5.67 8.08 7.49 7.53 5.85 4.77 3.72 3.24 1.78 2.65 9.35 18.78 6.46 4.97 6.26 8.98 11.07 17.04 6.04 11.69 16.55 9.9 12.68 17.72 14.66 5.03 11.01 19.29 17.64 16.18 11.97 5.45 4.01 4.01 4.6 2.63
4.18 4.15 6.42 4.12 5.82 4.69 7.76 10.44 5.83 5.39 10.17 8.12 8.23 10.46 13.99 11.41 8.4 10.62 10.89 15.39 9.13 12.43 14.99 11.27 7.38 12.18 6.62 7.68 11.98 8.92 6.15 3.82 6.44 4.12 2.08 3.54 4.11 2.41 5.78 14.83 6.55 6.83 6.13 15.23 11.83 11.95 4.87 10.71 10.89 9.77 9.62 11.77 10.61 11.16 7.64 13.49 7.95 10.98 17.98 4.34 1.49 5.18 2.91 3.12
4.37 5.41 6.26 3.83 3.52 7.27 6.18 7.1 5.38 4.79 8.43 6.72 9.2 16.48 23.36 11.97 6.83 7.74 13.96 19.35 15.84 15.44 20.45 19.88 6.38 7.44 6.02 8.07 15.85 7.92 4.47 4.35 8.3 4.16 4.35 2.25 3.31 3.52 9.15 13.22 7.81 3.37 9.04 12.53 11.27 15.86 17.73 16.75 17.49 16.51 10.02 7.68 6.3 9.26 5.98 9.2 9.96 11.52 13.77 3.09 1.92 2.2 4.5 3.72
6.71 9.5 7.56 16.03 10.36 8.61 11.17 8.96 6.41 4.41 7.38 10.14 16.05 13.67 21.83 10.93 5.75 9.93 15.62 31.62 16.34 15.59 30.87 19.96 9.18 5.1 4.87 2.66 9.24 8.17 6.55 5.76 7.71 4.39 2.94 3.64 9.51 6.36 8.1 16.66 9.73 5.31 6.01 8.7 7.09 12.8 28.14 13.41 11.3 10.3 9.8 7.34 5.99 5.32 5.98 10.44 10.94 12.29 10.96 10.83 2.76 4.23 3.45 3.54
