3.55 4.95 3.62 1.39 2.23 3.94 4.1 6.87 11.34 8.82 16.0 9.14 11.08 7.49 6.59 4.77 6.01 9.14 8.34 13.87 12.74 10.18 19.97 14.16 8.95 6.41 5.28 3.12 2.94 2.38 5.63 4.85 6.69 9.14 5.92 10.11 15.41 5.07 5.18 9.09 5.66 2.59 5.2 7.87 8.4 7.49 9.61 6.29 6.06 8.18 7.62 6.17 9.06 4.5 3.99 5.98 10.41 10.42 9.27 10.12 8.3 5.45 5.74 6.73
4.69 4.82 3.31 2.48 2.53 5.36 6.09 13.2 5.44 6.55 11.36 11.93 4.41 4.56 3.33 8.71 13.78 6.4 13.15 14.02 8.05 6.13 9.44 17.76 11.85 6.3 6.37 4.77 5.31 4.06 4.04 2.6 7.69 7.69 6.25 10.33 6.6 5.01 5.91 5.77 2.29 2.2 4.35 6.66 7.11 8.4 7.41 4.03 10.7 12.45 6.52 6.11 4.52 4.57 6.43 16.21 13.43 6.0 5.24 3.36 2.24 5.71 8.28 4.84
3.15 3.1 2.62 2.65 3.8 5.54 7.74 15.05 6.82 8.17 4.56 3.27 5.08 4.0 4.65 3.15 11.77 11.11 21.04 10.98 7.66 5.26 9.08 9.81 8.52 4.78 5.97 4.9 5.72 5.51 4.14 3.49 8.55 5.74 7.58 13.52 7.65 3.02 3.58 5.42 3.13 5.5 8.94 8.47 8.56 12.24 6.54 8.27 18.53 6.96 6.94 8.24 4.35 6.52 7.95 11.04 16.22 7.83 2.99 3.52 3.63 3.4 4.83 5.16
3.23 4.02 3.02 2.63 4.57 5.3 8.29 20.69 12.9 4.21 4.71 3.31 6.56 7.49 5.45 4.57 5.2 7.99 8.3 8.65 8.85 5.64 3.75 5.73 3.49 3.94 4.89 2.12 2.02 5.85 6.37 3.88 5.13 3.19 6.02 20.19 11.81 4.35 4.9 5.59 5.03 4.92 4.8 3.91 5.33 15.53 13.44 9.54 12.25 10.3 4.42 4.07 5.44 3.68 8.08 14.37 14.27 11.01 4.97 4.91 2.92 5.92 6.0 2.81
7.44 3.02 2.27 1.63 3.01 8.83 11.7 12.83 12.81 4.77 6.19 6.53 9.67 13.52 5.22 4.3 13.72 8.07 7.97 6.36 6.87 11.89 6.32 4.36 3.6 2.98 5.0 4.02 4.24 5.8 4.94 5.08 5.04 5.29 11.36 21.01 30.73 10.66 7.75 4.54 11.25 15.05 7.48 4.24 3.65 8.77 13.31 23.49 17.55 6.89 8.16 12.1 8.15 7.09 5.96 7.78 6.32 5.2 3.32 6.56 3.94 7.96 7.02 4.79
1.83 2.59 3.14 2.06 4.49 4.75 14.2 13.85 6.15 3.93 8.64 7.95 7.85 10.71 6.28 6.7 8.5 11.25 7.27 6.16 5.72 9.16 5.68 2.15 2.0 2.92 3.14 4.3 3.18 2.9 4.43 6.51 5.26 3.62 7.64 9.12 18.24 17.21 17.48 18.02 21.35 19.48 4.78 2.68 5.21 6.61 13.6 10.1 6.66 9.39 7.92 7.1 6.85 6.39 6.72 3.68 6.58 6.83 3.87 8.13 5.11 8.83 16.87 10.16
3.03 3.66 1.68 4.42 4.66 5.81 20.87 12.23 6.21 5.14 10.22 13.35 13.14 17.72 7.71 5.04 6.88 9.69 16.77 10.87 5.72 8.0 3.15 1.69 4.2 2.27 5.53 6.96 1.86 3.76 6.13 5.15 5.49 6.57 5.78 10.43 11.32 16.7 15.46 17.5 12.02 7.55 10.04 4.66 4.1 7.54 7.55 11.78 13.61 8.38 12.74 4.56 4.08 11.04 11.48 17.97 16.26 12.05 6.68 7.16 13.45 8.36 14.71 12.81
1.97 4.98 3.79 5.21 9.36 12.64 8.76 7.63 7.1 8.38 9.73 4.83 9.15 5.57 6.4 5.97 7.56 15.09 11.1 7.68 5.13 3.39 4.72 2.8 5.05 6.13 9.18 6.06 2.84 3.73 11.15 5.51 5.88 8.55 5.19 10.94 11.55 10.18 8.54 10.85 6.91 7.03 6.37 7.61 17.38 11.87 10.3 9.5 13.83 17.83 6.55 3.03 4.15 8.55 14.76 16.06 12.94 5.67 8.35 6.97 7.85 5.21 9.38 6.5
2.21 2.35 4.07 7.12 8.66 13.53 5.76 5.26 5.72 8.28 4.66 6.21 7.22 6.16 8.72 10.37 9.6 10.4 7.41 7.8 6.14 6.24 2.73 4.82 7.18 7.84 4.03 5.23 4.34 5.97 15.69 8.23 5.06 6.96 3.11 6.42 3.93 8.41 9.52 6.69 7.99 7.48 3.14 7.54 14.39 9.36 11.08 16.86 25.38 13.86 9.48 4.38 2.52 10.78 13.79 16.27 16.18 7.12 11.57 10.1 6.09 5.39 7.49 8.45
4.8 4.36 5.92 8.02 7.73 6.42 4.45 4.03 3.25 9.74 11.81 7.65 4.53 6.11 6.75 14.52 18.88 12.84 6.14 4.9 4.36 4.8 4.79 8.15 8.13 16.65 8.24 4.37 4.06 6.6 10.68 11.63 10.82 3.38 3.15 2.87 7.26 7.33 5.76 5.75 3.85 2.71 4.31 8.57 16.87 15.46 7.75 10.24 23.71 15.34 11.47 7.99 6.03 5.9 4.84 2.88 6.22 7.64 7.42 7.61 9.12 5.27 6.03 2.99
4.31 4.66 9.46 5.59 3.93 5.47 5.34 4.43 4.65 6.86 3.57 6.73 7.84 9.68 6.13 26.19 15.07 16.03 9.96 6.92 3.31 6.93 6.99 13.16 12.92 14.96 4.64 2.29 4.06 6.18 5.57 18.35 5.98 4.27 4.39 2.8 4.98 10.36 5.75 4.69 3.62 6.61 11.25 9.72 8.69 8.11 7.17 27.29 13.01 5.89 5.4 5.68 4.12 4.76 4.87 4.41 5.89 8.68 6.81 7.91 7.19 10.18 3.09 4.2
5.66 5.41 9.86 6.29 3.2 6.66 8.13 7.46 11.24 8.47 3.34 5.08 9.66 11.46 13.51 25.69 9.77 19.65 9.78 4.5 6.41 3.91 6.58 6.59 6.18 7.38 6.2 3.95 4.34 3.33 6.5 11.77 4.49 10.61 5.46 3.95 9.71 7.07 6.31 2.85 6.31 7.34 8.75 8.84 7.77 9.87 11.04 15.44 8.53 3.23 3.68 5.29 9.26 14.52 10.43 6.33 15.95 9.52 9.57 10.71 3.87 4.3 4.56 3.66
4.11 6.1 9.17 9.39 4.96 5.87 7.72 8.61 7.5 4.56 4.52 6.93 6.97 6.34 4.99 9.21 17.13 13.56 13.73 8.71 5.46 3.84 6.14 6.58 7.9 10.03 5.98 6.0 7.16 6.96 5.57 14.51 7.02 6.68 11.87 7.33 9.57 13.46 6.78 4.69 3.92 9.72 16.53 8.94 11.33 6.46 9.98 11.99 9.06 5.96 4.75 6.16 15.31 7.44 6.37 6.19 4.68 8.75 10.84 3.58 3.27 4.54 6.22 8.62
6.93 12.26 7.24 9.52 8.55 7.01 17.82 6.93 7.21 5.1 2.93 6.29 6.44 5.37 8.29 10.1 17.02 10.05 12.16 7.44 5.35 6.29 6.4 9.36 8.16 4.55 6.25 7.43 10.38 12.66 5.44 7.56 9.53 8.62 13.79 9.9 6.77 12.9 6.64 8.45 12.01 8.23 9.44 7.91 5.32 6.88 8.3 6.08 10.29 4.35 4.58 7.19 10.19 8.75 9.26 8.14 7.98 12.5 10.49 4.81 7.32 4.89 5.03 7.19
12.05 7.57 6.84 7.45 10.64 7.52 14.77 19.23 7.03 3.34 2.09 2.0 6.64 3.53 4.65 6.75 5.8 10.97 15.99 9.72 7.01 3.9 4.91 4.71 6.79 11.56 10.61 6.51 7.85 8.77 4.89 4.56 5.76 7.51 11.75 4.33 5.51 9.0 6.78 5.21 5.16 5.54 8.39 7.26 7.75 6.69 4.56 4.05 6.59 7.23 4.69 9.87 14.71 11.39 21.66 20.03 7.84 9.21 9.32 3.45 6.52 3.74 3.08 4.59
19.28 5.48 8.56 14.1 9.14 8.82 22.42 17.83 7.11 5.35 1.82 2.3 3.01 4.01 5.06 3.27 4.04 9.7 10.42 10.16 8.5 4.4 4.73 10.57 13.39 12.99 5.97 2.78 5.28 6.97 9.62 3.77 7.11 4.58 6.8 10.82 9.88 9.74 4.8 3.8 5.83 8.11 7.98 7.28 7.95 7.88 3.14 5.25 6.37 4.65 6.16 8.9 9.53 12.75 11.38 12.81 3.47 5.21 7.26 4.24 6.57 4.95 2.6 6.09
11.82 5.25 7.44 8.74 6.05 7.29 7.32 11.8 8.57 8.38 3.44 2.48 2.07 3.64 5.51 2.34 3.48 5.44 13.53 23.85 8.49 6.08 7.38 9.23 7.67 10.92 3.75 3.04 7.31 8.1 7.71 4.23 3.81 3.24 6.96 10.97 7.07 7.25 5.55 2.67 3.54 7.54 6.23 8.59 6.48 3.69 7.69 6.34 6.26 7.96 5.74 9.08 6.92 10.73 10.08 5.46 6.3 9.72 12.33 6.43 8.57 6.86 5.05 7.1
9.36 7.12 7.05 4.44 8.05 7.28 4.62 5.3 8.02 13.01 16.63 4.36 3.41 4.49 6.71 6.47 4.53 6.03 11.22 16.17 10.82 8.34 7.59 7.27 3.95 4.41 4.43 4.56 5.31 9.48 8.4 5.4 3.22 5.64 5.36 8.06 6.64 11.52 8.45 6.04 9.28 6.39 4.22 9.1 4.61 7.37 13.97 9.45 4.11 4.82 5.08 6.83 7.5 4.19 5.13 6.02 6.15 10.03 10.8 9.54 4.63 9.04 6.23 17.94
11.05 6.66 6.77 7.36 8.57 5.83 4.08 4.56 6.84 10.98 13.05 3.75 5.7 7.19 6.65 9.52 5.06 5.0 8.14 11.78 11.33 6.2 6.4 3.17 4.47 10.37 6.26 4.26 4.36 8.59 5.33 6.2 4.1 12.52 6.59 4.37 6.75 7.25 14.55 10.33 11.14 8.63 9.1 5.9 4.86 5.73 6.28 6.76 6.1 6.17 4.35 4.17 5.13 3.81 8.29 14.48 12.44 8.1 12.37 14.13 10.66 11.3 12.96 16.59
8.46 9.88 6.31 9.25 8.23 3.39 2.38 2.55 7.1 8.75 15.94 12.76 3.55 6.89 10.25 7.95 6.88 5.22 4.75 10.69 7.93 10.92 4.96 3.99 5.12 6.55 3.23 3.54 4.8 6.0 5.96 8.62 3.11 4.76 3.21 6.53 11.76 13.88 6.84 8.72 7.77 15.56 13.57 6.92 6.09 8.41 10.74 10.55 3.5 5.38 2.74 3.47 6.0 6.72 16.21 30.41 22.62 8.64 10.01 13.18 12.33 19.03 12.63 20.24
8.84 7.53 8.21 10.49 6.12 6.58 4.39 9.57 9.57 7.67 11.03 8.55 3.49 5.33 4.29 7.14 3.48 3.44 5.72 8.56 9.44 10.37 5.09 4.6 4.9 5.65 5.68 2.66 4.67 9.21 7.89 8.03 6.24 5.39 3.6 6.76 10.21 5.89 7.27 7.22 6.82 22.38 15.0 7.53 6.48 6.0 8.87 8.94 4.07 3.9 2.21 2.19 7.28 8.87 9.24 24.18 8.86 10.68 11.57 10.34 19.82 10.53 24.71 20.8
9.05 14.67 6.04 6.65 5.9 5.61 9.01 14.74 9.48 7.42 4.87 11.07 5.1 5.47 5.93 5.29 6.83 5.43 7.47 10.85 6.2 9.88 16.13 5.29 6.35 3.98 2.11 5.03 4.49 8.49 8.84 7.76 6.72 3.49 5.98 6.17 4.28 7.74 5.75 6.01 4.94 14.52 11.6 12.28 5.76 8.24 6.01 8.23 5.53 2.54 1.47 5.16 5.67 7.83 16.7 14.9 7.58 17.7 23.44 15.9 13.66 9.56 9.95 9.45
3.67 7.35 11.79 17.04 10.3 8.55 5.99 11.96 6.04 6.23 6.88 13.36 9.77 9.08 14.07 4.89 3.51 4.94 5.77 7.83 10.46 9.69 5.42 7.29 6.04 4.73 2.11 3.79 7.44 12.36 10.24 6.52 8.69 8.07 10.58 5.5 3.95 4.63 7.11 4.79 5.54 6.82 6.06 9.73 7.92 7.84 5.63 6.29 4.43 2.93 4.01 3.94 8.49 15.73 18.24 10.46 8.46 13.89 16.07 15.88 6.57 4.64 8.62 9.54
9.12 8.66 12.97 17.49 14.08 12.19 6.23 8.66 8.02 4.53 8.9 12.07 7.58 11.5 12.74 4.36 3.68 5.06 7.1 9.34 7.87 7.32 10.38 11.68 11.82 7.83 2.06 3.62 7.83 7.01 7.92 6.13 8.65 8.0 15.32 9.76 4.54 2.44 4.22 6.37 9.1 8.21 17.0 16.54 24.07 7.62 4.14 4.14 4.98 3.0 10.33 8.28 12.76 18.54 10.7 6.67 8.61 8.07 8.36 8.34 5.28 5.27 7.67 8.27
4.15 5.26 11.68 18.68 29.0 9.75 5.18 2.59 5.37 4.58 8.03 8.71 7.07 7.57 20.32 12.31 8.54 5.98 6.15 14.17 12.75 9.54 5.54 5.64 10.85 8.27 4.34 4.98 6.42 11.02 12.05 3.89 6.48 6.49 9.15 14.13 8.17 5.5 8.67 8.69 23.23 15.7 8.73 18.86 24.39 10.61 9.03 4.2 5.26 2.89 5.9 8.57 12.68 17.72 13.99 10.15 16.27 8.5 10.12 11.6 5.21 4.44 4.77 11.4
9.57 7.26 10.94 13.01 20.55 13.72 3.33 4.26 5.25 3.14 9.28 6.97 4.21 10.77 12.74 20.32 10.52 8.93 6.85 5.64 10.49 8.3 7.69 7.45 10.13 6.21 8.42 4.06 6.5 7.94 11.06 7.19 7.73 8.66 9.1 11.48 14.04 7.74 9.25 8.47 13.34 12.8 12.91 8.83 16.1 11.47 13.47 5.71 5.19 2.31 4.03 12.08 28.85 8.23 5.08 5.28 7.63 5.95 9.49 11.27 6.4 6.96 4.87 3.87
7.52 9.93 15.89 15.69 13.6 6.03 4.63 8.66 7.9 4.97 6.85 6.17 6.06 6.38 14.48 13.51 20.56 10.45 4.17 2.9 8.17 8.97 11.37 9.43 9.69 3.86 4.83 3.32 5.45 4.05 6.91 6.28 10.46 6.95 5.42 12.81 20.65 11.0 5.81 6.59 8.74 7.62 5.18 5.71 9.22 10.44 10.9 6.86 5.77 5.2 5.07 10.72 11.53 9.55 10.53 5.85 8.24 5.92 8.51 15.61 8.39 6.04 10.23 6.9
5.08 5.02 8.72 9.33 7.12 7.65 9.76 15.0 11.3 7.59 5.18 5.04 6.94 6.26 7.36 12.92 9.37 6.19 5.59 2.45 3.8 5.91 6.62 7.37 3.67 4.3 6.71 3.67 5.36 5.22 4.41 6.67 6.58 6.67 5.54 13.32 11.16 8.76 8.28 10.25 6.02 6.74 5.78 4.32 12.62 10.78 8.64 7.44 5.96 4.0 7.73 14.38 13.09 15.73 11.05 8.79 8.92 6.28 3.61 2.33 8.96 4.54 10.79 4.38
2.83 5.57 6.1 5.83 8.74 8.42 14.59 6.83 7.77 5.67 4.26 4.0 4.39 4.25 9.32 5.36 5.26 3.86 2.89 2.66 4.29 5.47 3.59 4.67 6.91 6.1 9.88 13.5 4.46 3.35 3.26 3.51 7.78 8.06 6.7 8.63 15.66 9.75 9.64 9.48 9.54 9.01 7.27 7.31 9.24 10.03 6.86 3.76 3.0 5.18 5.07 16.39 5.35 7.75 15.98 12.64 7.72 4.76 2.24 3.08 3.06 4.23 13.0 14.63
2.26 2.37 6.52 3.79 4.35 12.64 8.87 7.11 11.48 4.66 6.35 8.41 8.44 12.16 19.25 8.69 4.84 3.91 2.81 4.0 12.72 14.38 4.15 6.72 5.71 4.67 9.51 5.91 3.67 4.96 2.43 3.17 6.7 4.06 5.72 6.96 9.78 8.34 8.63 8.94 5.45 6.2 11.56 6.65 5.79 7.49 3.79 6.99 6.59 6.15 7.77 3.2 6.07 8.71 12.76 19.85 8.87 6.33 2.67 3.71 2.08 2.67 8.05 9.84
1.71 4.41 4.84 3.03 10.6 11.77 7.17 10.3 8.55 5.83 7.23 8.83 9.02 11.21 15.12 10.24 4.33 4.23 4.12 6.78 6.82 6.76 3.29 3.69 5.92 5.05 5.48 7.71 4.84 2.57 2.97 4.78 7.06 8.04 10.21 7.62 8.44 7.35 4.29 10.25 16.94 8.31 7.27 5.31 8.46 11.17 7.81 9.39 7.97 7.1 8.02 4.09 3.44 11.23 9.26 5.98 6.05 3.69 2.36 5.47 3.74 3.24 3.27 7.75
1.95 11.61 7.2 4.95 8.94 7.33 4.98 10.15 5.94 7.23 7.9 7.07 8.69 16.71 11.26 10.22 7.42 7.33 6.94 7.81 8.39 4.77 6.83 4.88 6.09 6.5 6.29 4.38 3.58 5.31 6.76 5.74 7.09 11.54 4.65 9.12 9.16 7.17 9.42 8.81 8.75 6.11 5.09 9.69 9.66 11.69 7.53 7.73 6.87 4.15 5.71 8.01 8.28 5.47 5.76 4.7 4.95 4.53 6.44 5.02 2.85 3.16 2.49 5.37
4.32 7.89 6.6 6.18 7.53 5.76 5.29 5.91 10.39 8.56 10.62 8.96 10.97 32.94 20.59 19.54 7.91 13.75 18.02 7.27 9.2 6.4 6.05 7.6 19.07 6.55 4.92 6.0 3.21 6.43 9.65 11.56 10.83 12.13 8.62 11.27 10.38 10.07 7.74 11.46 12.53 9.05 7.75 7.55 7.65 13.11 12.87 10.78 9.32 3.61 7.51 10.5 6.08 7.34 12.71 10.25 9.72 6.64 9.51 4.39 3.84 4.24 2.4 2.55
6.25 7.59 6.69 5.49 4.15 5.61 6.51 13.07 9.53 15.17 10.41 13.06 9.53 19.61 12.9 8.19 9.16 14.68 11.16 6.51 6.28 11.1 5.95 8.48 7.77 6.81 6.14 4.8 6.72 12.91 16.09 12.72 6.36 9.21 9.47 11.83 20.36 13.67 8.92 6.39 8.87 9.26 12.35 8.02 8.4 8.53 16.59 13.09 8.37 6.65 9.0 11.63 11.17 17.7 12.68 5.15 9.12 9.96 5.52 4.15 5.08 2.82 2.65 2.3
12.38 7.5 5.35 5.61 5.17 9.5 6.46 6.12 6.55 13.32 14.14 13.3 11.7 11.29 8.68 14.35 10.51 11.88 6.55 5.56 4.15 8.82 15.07 18.13 7.26 10.68 8.55 9.09 9.17 5.5 6.71 11.14 4.9 3.35 8.28 7.22 14.89 23.44 8.07 7.33 11.12 8.7 8.75 5.89 8.52 9.48 16.42 27.76 17.22 12.65 24.5 11.83 8.26 13.83 8.3 5.14 10.18 12.17 7.72 3.64 9.13 1.87 2.62 1.88
6.85 5.11 4.18 4.14 3.86 2.67 5.25 4.31 6.17 11.47 4.19 7.64 14.61 15.0 8.51 6.93 17.37 7.74 5.26 3.75 6.2 13.3 17.47 10.3 5.46 7.83 7.89 10.74 6.29 3.35 6.82 4.8 4.22 4.74 4.97 3.65 13.76 7.7 8.84 14.37 17.8 10.71 7.43 6.14 13.49 12.14 11.37 8.39 11.77 14.89 25.54 27.18 9.92 8.3 8.29 5.97 8.77 7.87 5.14 6.91 7.13 3.69 3.3 3.92
6.56 7.7 4.96 6.29 2.53 4.11 4.03 4.04 6.56 7.48 3.69 9.71 11.81 5.07 8.02 7.8 7.27 6.49 3.53 5.09 13.62 25.65 14.55 9.67 8.37 6.67 5.49 6.0 3.91 2.55 3.87 5.93 5.75 5.67 4.03 3.97 5.19 3.54 4.46 10.63 16.94 19.63 9.54 8.95 8.53 9.71 7.8 4.67 3.72 7.4 21.4 19.26 21.45 11.63 6.81 5.21 8.37 6.1 3.6 4.02 4.35 4.44 5.66 4.28
3.81 3.76 1.76 3.41 3.99 2.93 5.86 7.96 9.35 5.83 4.07 2.33 9.32 6.04 14.07 11.1 19.88 14.71 9.5 11.32 18.65 16.96 21.03 9.16 7.45 5.32 6.52 5.9 5.88 2.83 1.81 3.17 4.28 4.39 3.36 4.0 4.32 4.75 4.56 11.76 15.8 11.24 10.17 5.29 7.66 5.43 5.81 6.11 4.86 7.31 17.11 11.48 13.85 5.99 5.06 6.0 11.03 12.75 6.3 5.96 5.08 3.99 4.13 5.1
3.78 6.7 4.47 6.75 6.97 3.43 6.69 5.83 5.07 8.44 6.36 2.45 3.66 4.13 8.97 12.03 11.76 16.29 10.78 13.64 12.41 15.44 14.59 5.85 2.59 5.17 6.87 10.12 10.54 5.85 1.97 3.37 5.35 4.62 6.3 5.92 2.94 7.71 7.17 6.76 9.47 7.54 4.2 8.51 6.48 6.05 3.32 4.98 8.0 11.2 8.25 7.31 6.9 5.57 6.01 13.29 12.43 7.54 7.11 3.75 6.68 11.21 4.26 6.01
12.57 6.98 3.63 6.71 7.62 1.63 4.63 4.39 4.31 8.56 4.25 1.05 2.78 7.66 5.54 7.93 6.49 17.77 23.58 18.21 39.68 23.84 13.57 6.16 4.98 5.47 4.61 10.13 7.1 2.77 4.0 4.37 6.14 13.24 5.4 3.7 2.96 3.61 8.09 11.75 8.6 7.95 5.47 10.14 6.29 7.01 3.6 4.57 10.85 17.68 11.85 20.56 8.91 8.16 12.48 15.88 7.65 10.4 12.54 7.84 7.42 9.92 3.58 8.04
9.17 3.46 3.94 4.75 3.95 2.83 3.8 5.65 4.42 4.96 5.53 7.16 4.95 7.5 3.0 6.41 6.92 11.76 21.74 28.36 27.95 15.72 6.12 6.87 5.61 2.9 4.98 5.56 5.48 6.01 3.77 8.36 9.9 13.66 15.29 5.88 6.67 7.62 15.7 17.73 7.39 5.7 6.18 6.78 5.07 4.64 2.98 5.6 5.75 23.23 24.55 21.77 11.33 13.51 18.74 25.27 8.4 8.88 5.55 5.49 18.85 26.8 10.12 9.37
6.97 5.18 4.08 8.43 12.02 5.63 4.66 6.93 3.56 3.75 4.21 3.52 3.99 4.94 4.15 5.93 9.18 13.73 9.92 11.62 16.41 6.9 6.19 11.75 6.84 7.21 7.41 9.19 6.24 7.96 8.65 6.71 7.62 11.34 8.76 12.12 6.7 9.09 9.64 7.24 5.86 6.02 3.33 5.75 4.34 1.83 3.18 5.05 4.11 14.23 16.15 46.01 19.88 16.27 13.77 15.65 8.42 6.8 5.54 9.51 15.67 14.57 9.54 5.39
6.75 8.04 13.02 7.48 5.86 4.7 4.92 8.78 3.87 4.29 9.7 5.69 4.31 7.32 4.69 4.91 22.78 15.55 14.06 10.21 11.22 8.89 3.96 7.19 4.57 8.2 9.83 6.24 2.79 3.8 6.16 8.15 5.68 10.12 6.43 6.69 6.86 9.07 7.35 7.27 3.44 3.73 5.64 8.32 5.89 3.68 4.61 4.1 4.05 6.49 9.92 23.28 35.58 19.35 19.98 25.58 11.92 5.99 7.28 9.95 9.99 12.16 4.22 4.47
19.25 30.09 15.45 13.89 6.28 4.26 4.44 6.75 5.77 4.21 9.0 5.69 3.17 5.45 4.91 2.7 13.39 13.89 7.43 12.3 9.53 7.32 4.06 5.14 3.41 3.21 3.8 9.9 6.43 12.28 10.36 8.51 7.64 7.93 9.89 7.11 6.52 9.59 11.55 8.08 2.74 2.28 3.49 6.12 4.49 7.08 9.96 7.54 4.51 7.1 13.07 11.7 26.8 14.32 16.47 21.1 3.96 5.18 5.51 5.91 4.36 6.06 3.37 4.72
14.15 23.25 20.44 17.69 7.15 5.41 5.31 3.86 4.27 3.33 6.78 5.39 2.04 5.17 6.07 3.56 14.0 14.07 7.84 18.81 8.23 8.01 7.23 6.54 4.13 2.77 6.02 6.31 6.42 12.85 16.49 6.85 7.95 12.39 9.24 7.03 6.48 6.84 9.86 13.33 4.43 3.29 2.23 2.59 5.89 8.0 16.37 16.05 9.95 14.75 18.01 9.59 17.38 9.92 7.88 4.12 6.68 5.24 4.55 3.92 3.23 7.06 7.02 4.34
11.46 14.36 16.75 13.29 12.2 13.77 7.53 9.81 5.86 6.02 9.22 5.61 2.86 8.4 10.36 8.9 10.79 9.18 4.5 20.37 11.1 10.39 8.7 5.7 3.8 3.18 6.1 8.58 8.52 12.51 10.15 6.06 7.19 10.97 19.9 15.79 3.61 10.3 11.71 4.87 5.04 2.85 2.4 6.24 3.88 5.34 9.92 20.6 17.67 29.16 21.35 7.43 9.5 9.31 7.58 10.26 6.66 5.34 9.74 3.91 6.75 8.75 6.57 4.31
18.52 12.99 13.87 7.85 14.31 15.17 15.3 11.83 8.15 9.14 6.01 3.07 5.29 11.2 9.36 4.06 3.27 5.49 4.65 6.93 15.13 4.96 8.29 4.05 6.02 5.36 5.37 6.87 6.55 4.17 19.83 13.87 20.07 14.52 15.86 8.46 6.87 8.39 6.44 4.24 5.23 3.78 4.46 9.7 4.92 3.52 9.9 7.17 13.46 14.32 10.75 8.24 16.59 12.1 7.75 5.82 5.02 4.58 3.52 4.98 9.52 6.22 8.48 3.31
27.09 17.48 11.35 8.34 8.15 12.03 10.0 9.49 10.78 4.12 3.52 7.52 7.75 11.96 9.69 5.49 11.35 7.58 7.25 6.99 6.95 4.53 4.88 7.38 7.69 7.55 7.28 11.75 15.6 14.17 10.73 16.48 9.49 11.25 13.87 10.14 12.11 9.0 4.82 2.15 3.66 4.02 6.19 8.53 4.05 3.93 6.4 3.7 8.04 7.64 8.68 10.11 8.93 22.25 9.7 6.22 4.94 3.35 6.06 9.4 9.71 5.26 5.48 4.84
20.7 13.06 14.3 8.51 6.8 8.47 6.13 6.62 12.83 4.79 5.3 6.24 11.24 7.46 8.32 8.96 8.59 16.58 7.47 4.17 5.04 4.05 7.63 7.32 3.38 3.28 7.34 20.37 24.96 14.75 24.41 15.34 9.99 14.39 10.29 4.43 6.3 5.17 3.98 3.89 6.38 3.21 4.49 3.22 6.71 3.31 4.8 4.56 4.86 4.44 6.62 6.69 8.28 11.89 7.04 3.91 10.39 5.48 4.56 8.61 6.22 7.21 10.21 6.6
16.44 12.21 23.79 11.01 14.61 7.7 4.65 4.12 6.76 3.87 5.2 7.39 8.96 8.31 6.01 4.03 8.39 7.19 9.4 8.66 6.27 9.04 6.17 5.7 9.7 8.68 15.41 20.19 24.24 23.42 21.21 16.17 13.4 13.06 8.28 4.21 2.59 4.15 4.75 3.23 4.95 4.75 5.06 3.86 5.99 4.91 4.6 3.78 2.55 3.81 9.97 13.37 10.1 11.23 5.78 6.81 6.18 4.34 5.27 7.84 9.42 10.71 4.86 4.88
16.93 9.57 9.75 9.67 9.33 9.32 2.16 3.31 5.64 4.2 4.14 3.68 7.18 9.19 5.12 6.33 9.64 17.07 10.55 6.12 13.93 9.51 4.13 5.59 7.27 13.44 27.48 18.6 18.64 9.25 10.14 10.14 7.05 5.66 3.56 2.46 3.0 4.48 4.92 8.22 4.65 5.03 3.09 5.88 6.84 3.45 4.11 4.24 4.7 10.26 7.78 8.93 8.65 8.97 9.96 5.25 4.48 6.45 4.36 7.42 8.08 6.35 4.07 4.01
12.82 11.82 6.25 11.6 7.49 7.27 5.33 4.37 3.71 3.01 2.76 5.94 8.37 6.08 5.8 14.38 16.02 8.15 7.42 13.23 12.65 7.32 3.95 5.84 8.84 10.09 24.2 14.84 18.43 16.82 12.53 10.68 8.37 9.32 8.03 5.67 6.07 5.61 5.11 5.55 4.18 3.44 3.22 4.47 6.69 10.25 5.06 5.68 8.5 9.86 11.63 8.13 7.37 12.64 22.53 4.12 5.38 5.0 3.96 13.23 18.31 8.06 4.67 4.48
12.78 9.75 5.82 4.58 6.06 4.77 4.86 2.68 2.14 3.1 3.76 7.38 10.38 8.94 8.48 11.57 22.52 13.77 12.62 24.25 16.92 7.24 7.42 4.97 8.21 6.19 9.73 18.43 9.8 15.13 7.84 9.25 6.98 8.43 12.03 6.14 3.35 4.45 2.5 4.05 5.31 1.97 2.75 6.18 9.01 19.52 6.78 10.67 9.13 8.56 10.44 14.17 16.07 22.82 10.54 4.8 3.68 2.62 3.04 6.87 10.65 6.21 4.58 8.21
13.14 3.91 5.02 4.04 5.08 5.54 7.34 2.76 1.72 3.31 4.25 13.13 28.89 27.86 18.38 35.46 26.99 15.38 15.73 14.68 10.03 6.56 6.11 7.38 5.51 9.11 8.42 8.0 5.83 15.17 12.0 8.21 13.67 12.01 9.38 7.39 7.36 4.85 10.03 8.4 4.83 4.47 7.63 4.21 6.27 11.05 5.52 7.09 15.89 17.78 20.44 16.74 13.55 16.17 13.38 5.43 4.7 5.82 3.58 4.46 9.71 3.79 6.55 10.07
12.04 8.61 6.2 4.16 6.26 3.76 2.59 3.09 2.7 2.06 3.31 14.21 24.51 30.67 15.64 22.4 12.59 12.75 11.24 6.85 4.53 3.45 4.81 6.35 6.24 9.78 10.48 8.85 4.66 10.93 8.56 5.86 9.0 15.37 13.8 9.76 7.0 3.27 5.77 8.22 6.06 4.37 8.37 7.34 5.1 9.17 8.7 5.7 19.77 17.43 19.25 21.09 10.78 18.42 11.25 8.85 4.11 4.73 2.19 2.34 3.95 5.61 6.8 7.05
11.09 10.45 4.98 3.28 2.5 3.07 3.49 2.28 1.32 2.74 5.32 11.89 22.52 28.57 23.53 24.5 10.56 8.87 6.77 6.48 4.62 3.44 5.8 8.33 4.92 8.48 10.72 5.8 5.76 7.85 5.61 4.06 12.76 13.46 11.69 12.11 7.96 4.78 5.04 8.76 6.99 8.64 18.8 9.44 7.9 9.18 7.26 9.15 25.5 11.47 10.03 7.21 4.42 7.19 11.5 9.64 11.7 6.24 4.32 2.95 3.32 6.17 9.49 6.75
5.61 7.3 4.77 4.0 3.16 2.58 2.37 4.25 1.96 7.76 11.82 10.65 8.99 10.85 10.52 11.6 11.68 10.85 7.72 3.35 1.62 2.26 3.43 5.79 4.67 6.94 7.14 7.01 11.61 9.55 9.04 12.45 10.66 23.61 9.8 13.66 4.01 3.84 12.82 20.1 7.73 14.97 8.89 5.48 7.61 6.59 7.15 6.33 7.46 7.07 11.69 12.71 6.11 4.34 8.62 7.53 8.9 5.76 6.69 5.12 6.57 8.48 9.4 11.17
11.42 11.74 6.47 7.46 2.11 3.06 3.19 6.51 3.84 5.89 9.77 5.05 6.45 7.43 9.3 9.21 7.29 7.89 8.82 4.34 3.81 2.62 2.2 7.77 7.82 10.22 14.42 8.16 7.68 14.89 11.22 6.03 12.49 10.53 7.78 7.59 8.05 5.06 7.78 15.57 7.38 9.25 7.09 2.61 5.67 5.43 5.61 5.2 4.9 6.99 7.23 5.61 5.73 2.3 4.34 4.91 4.56 4.41 4.66 2.0 5.44 4.23 6.27 8.23
8.28 10.26 2.93 5.72 5.87 4.35 6.1 5.43 7.32 8.34 7.6 11.34 8.31 6.83 14.47 13.47 13.99 12.59 8.19 6.85 3.16 2.65 4.12 13.19 13.93 15.15 15.62 9.82 8.01 9.21 12.2 8.92 14.51 13.06 5.57 8.06 14.91 14.35 15.2 11.53 12.12 10.21 7.14 3.99 3.18 3.81 6.66 7.01 4.73 3.58 4.52 4.5 4.33 4.35 5.71 4.65 4.2 2.16 5.97 5.48 3.24 2.71 3.56 5.63
6.83 6.91 4.78 7.56 4.93 5.47 8.69 5.54 3.92 6.84 8.09 8.21 7.89 9.36 8.95 7.07 4.44 5.33 3.8 4.95 2.98 4.03 8.32 23.13 17.16 15.95 16.28 8.95 11.14 12.77 8.56 14.81 10.11 10.36 14.16 7.9 19.14 13.59 9.15 7.61 13.52 8.09 8.86 6.05 4.31 2.77 2.56 5.27 2.94 5.04 3.97 2.3 4.06 4.87 7.3 4.9 2.26 1.46 2.11 1.96 2.62 2.17 4.9 8.87
7.28 4.72 3.52 5.79 8.86 11.24 10.36 5.91 4.33 7.44 7.02 9.43 8.17 15.85 20.72 10.0 9.92 8.12 8.79 6.89 5.43 6.59 16.54 17.56 31.6 16.79 13.49 19.09 12.31 13.63 12.26 5.58 10.11 9.44 9.14 8.53 22.36 15.09 19.2 17.45 11.75 14.75 25.91 6.92 2.55 3.12 3.58 8.97 5.88 6.61 7.3 3.89 5.12 7.11 6.97 6.35 3.81 3.03 3.95 6.0 3.55 4.85 3.9 9.27
7.8 4.83 3.03 3.38 12.34 12.12 13.55 7.37 4.29 7.25 6.5 4.83 7.33 7.88 6.34 5.99 4.81 6.82 7.53 4.89 7.73 3.78 5.46 7.36 9.45 9.14 10.64 14.72 11.5 7.64 8.28 7.7 11.4 24.16 6.75 8.39 21.19 11.83 9.35 15.84 12.76 17.33 16.59 10.3 3.36 2.93 4.55 4.84 9.03 8.04 5.36 4.55 4.55 5.97 6.89 9.18 4.73 7.91 7.67 5.22 5.04 4.68 4.19 7.59
6.68 6.37 6.26 11.47 8.56 16.68 10.88 4.25 6.24 5.56 3.79 4.61 5.62 4.86 6.01 4.57 2.28 5.16 5.65 7.35 9.24 11.63 12.39 13.18 8.07 5.18 8.52 14.53 6.49 7.32 4.68 7.9 17.51 15.5 7.46 12.22 7.49 10.41 6.88 8.19 16.95 12.87 15.93 11.17 6.74 5.21 6.81 12.29 11.37 4.98 6.5 2.97 4.66 8.47 7.56 7.62 9.97 6.34 8.13 9.53 5.03 6.88 7.4 9.36
7.16 9.19 7.56 6.45 7.32 4.27 8.06 6.16 6.55 4.47 6.6 3.81 5.81 4.25 3.57 2.26 3.8 4.37 3.74 6.28 7.97 9.7 8.78 7.86 8.03 7.64 11.7 8.97 5.02 1.5 2.02 6.37 6.98 5.25 4.45 8.63 10.31 6.85 5.44 8.53 10.45 14.49 10.76 20.74 6.39 3.5 4.44 4.93 5.46 3.79 4.58 5.04 4.09 6.42 5.01 6.63 10.27 14.05 11.73 10.26 5.23 7.78 9.53 17.62
