6.06 5.35 6.23 3.63 5.86 6.65 4.57 6.63 11.56 24.41 26.76 9.7 6.7 7.91 14.26 25.63 13.51 10.01 6.14 14.96 8.6 12.66 6.15 4.32 7.25 6.26 10.17 13.1 7.96 2.79 4.51 5.02 7.34 7.53 7.34 6.82 8.53 11.55 13.06 9.91 5.21 4.51 4.0 3.96 7.97 14.33 5.52 4.84 5.14 5.57 2.04 1.79 3.17 1.74 2.63 3.54 3.83 3.36 7.43 5.74 8.5 5.41 9.58 10.94
8.0 4.78 4.18 5.43 4.33 10.48 9.46 3.45 9.91 14.91 25.02 4.91 3.74 7.15 9.03 13.18 14.41 14.27 9.37 11.85 8.19 16.87 5.08 3.36 3.94 5.06 6.86 8.11 6.92 3.05 6.14 3.62 7.56 5.53 10.47 7.18 11.18 15.36 9.42 10.2 5.47 5.33 4.11 7.15 5.86 5.52 4.12 7.16 5.72 2.06 2.3 3.22 3.33 2.93 3.22 4.45 3.69 2.05 4.5 6.19 5.75 9.44 8.2 10.52
4.62 7.29 3.4 6.36 7.21 10.43 10.42 4.75 15.48 10.07 7.95 3.07 4.71 9.68 3.44 11.27 10.37 12.14 9.1 8.93 4.95 6.17 8.86 3.05 3.1 5.1 4.89 10.1 7.45 4.68 5.5 3.26 7.96 6.29 9.94 6.04 21.63 12.56 8.2 9.29 4.01 7.78 3.96 4.56 6.19 3.05 3.32 5.43 5.57 5.02 3.15 4.05 4.27 5.13 2.92 3.38 2.33 3.44 5.66 9.64 4.36 5.68 7.42 8.67
4.4 8.35 6.98 6.04 14.21 10.53 12.52 9.16 11.97 5.08 8.07 7.97 10.8 21.56 3.72 5.93 7.49 8.75 7.83 3.78 5.54 5.26 11.62 4.18 2.26 6.18 5.42 11.84 6.86 7.09 5.18 4.54 4.84 7.65 15.05 11.36 9.95 14.09 4.64 6.48 3.03 3.5 10.15 2.99 8.69 4.1 6.2 8.71 7.78 5.85 6.05 6.54 4.65 4.28 2.25 3.49 2.49 3.01 5.25 9.07 8.3 6.31 6.59 6.73
4.05 9.14 4.36 7.11 11.22 18.43 16.54 9.79 9.11 6.52 12.85 22.44 16.66 26.55 6.25 2.99 6.59 7.58 10.5 3.99 5.13 4.92 7.98 4.56 4.19 4.76 6.65 7.87 8.96 5.7 7.52 6.79 9.0 7.82 6.09 12.12 6.8 9.88 5.6 4.44 4.95 3.77 7.07 4.28 3.19 3.45 7.44 12.18 15.28 7.57 5.09 4.05 4.94 8.94 6.53 4.39 3.32 3.76 6.61 8.49 5.19 8.41 7.9 8.09
6.72 7.29 5.05 7.76 13.93 17.71 18.55 8.88 4.2 9.29 15.26 34.54 14.7 11.4 7.99 6.64 8.93 10.93 7.03 7.42 6.54 3.91 4.16 3.17 7.81 7.46 10.34 6.32 9.53 6.93 17.43 13.95 6.31 11.45 8.01 9.86 6.77 10.01 4.91 3.65 2.96 5.49 4.2 2.95 3.66 2.04 6.04 17.49 24.05 15.88 7.03 5.16 6.46 11.12 11.53 8.64 8.23 5.49 5.1 7.96 5.5 8.51 12.65 7.58
10.99 6.18 6.97 8.92 6.99 15.39 10.8 5.3 4.24 8.64 14.95 16.85 13.95 12.55 8.05 8.52 9.8 6.68 7.82 10.3 7.59 2.3 3.57 2.75 6.01 7.06 8.34 12.26 5.57 13.02 7.38 22.19 7.15 11.12 8.92 8.97 8.4 4.49 4.2 2.52 4.13 5.21 3.5 4.07 3.43 4.97 5.21 9.77 19.72 16.76 17.26 5.93 9.88 16.16 7.75 6.06 5.04 6.99 5.84 8.19 7.38 5.54 14.28 13.67
8.11 10.05 5.46 10.52 7.54 12.53 10.56 13.05 6.46 5.7 10.1 10.67 11.0 14.31 6.76 15.32 11.02 7.83 4.89 4.43 6.13 2.72 3.85 2.43 7.85 4.37 6.48 7.77 7.86 9.28 4.02 10.92 14.02 8.71 10.91 7.04 11.18 6.78 7.86 3.12 2.21 3.27 2.47 6.16 6.29 8.58 8.36 5.4 10.72 11.22 31.2 17.62 6.96 8.72 6.95 10.08 4.73 5.88 8.6 8.73 9.16 9.63 9.95 8.63
11.23 6.6 3.67 12.4 9.84 13.36 6.35 13.95 12.32 6.15 7.26 12.06 7.31 11.96 5.17 7.37 6.46 5.79 3.93 2.45 4.15 2.8 7.61 2.52 6.41 3.77 6.19 6.76 4.32 6.52 3.31 4.7 10.87 7.93 14.38 7.05 7.64 6.56 3.88 3.34 2.9 4.31 3.04 4.89 11.11 4.94 5.81 7.14 7.2 16.82 11.0 16.56 5.52 7.43 10.21 12.17 10.09 4.78 8.96 8.39 11.31 6.86 11.45 5.15
6.41 7.06 5.48 12.43 10.08 5.72 7.96 9.05 9.23 6.22 7.83 9.21 7.86 6.83 5.71 4.32 3.61 4.96 3.54 2.49 10.39 6.03 5.62 3.31 3.07 4.15 4.91 7.78 4.48 5.95 6.89 9.28 14.65 6.87 12.74 8.38 5.21 7.63 3.86 5.12 3.09 5.84 3.84 4.87 8.43 6.11 6.96 12.17 8.97 9.81 20.33 17.73 10.23 9.9 8.27 9.56 5.96 5.2 7.66 12.05 11.7 9.46 6.19 4.95
5.72 3.84 9.32 12.24 9.31 5.63 3.42 6.11 5.07 9.47 4.12 8.98 7.39 7.34 4.4 2.67 2.67 3.75 2.82 3.52 9.0 10.8 7.27 5.72 4.15 4.92 6.03 6.62 8.49 6.45 11.24 12.0 11.9 10.34 7.59 10.65 9.34 5.31 6.8 4.15 4.93 8.98 7.52 6.53 7.74 9.31 7.51 9.43 6.14 15.71 25.52 13.43 9.65 8.36 9.95 4.78 4.99 7.26 5.33 5.53 5.19 8.39 5.95 4.63
12.2 8.08 11.46 7.17 4.45 4.67 4.95 6.01 7.5 7.54 8.05 14.51 5.47 5.41 3.84 4.77 3.47 4.34 3.7 5.46 13.44 27.12 18.82 11.04 5.97 6.8 9.14 7.25 10.38 8.35 13.8 11.33 10.19 10.58 12.35 12.22 9.27 10.9 14.33 4.13 4.79 15.85 22.79 15.69 5.94 12.75 6.31 11.44 5.94 8.4 13.28 12.38 17.89 4.59 7.77 4.64 2.96 4.95 4.94 8.06 5.63 3.75 6.56 2.91
14.36 7.75 3.7 4.87 4.9 7.8 8.08 3.72 7.08 10.61 13.88 12.55 10.42 4.41 5.58 2.7 3.89 8.73 5.76 9.53 12.91 25.83 18.95 10.29 8.2 10.6 20.94 10.94 10.87 7.85 10.7 9.98 5.53 8.33 11.95 17.76 13.67 11.36 16.07 4.12 5.29 10.16 20.33 12.37 7.69 5.13 3.02 3.71 5.78 8.59 9.7 7.39 7.56 5.5 3.68 5.12 2.1 6.61 5.31 7.35 5.92 5.38 5.99 2.9
11.77 12.71 5.71 5.82 3.42 4.56 6.44 5.76 5.41 14.51 20.22 13.38 10.13 3.97 6.48 3.83 3.21 8.47 11.13 10.25 12.6 21.47 16.81 18.6 16.81 16.12 21.9 14.9 10.78 7.49 7.11 12.65 5.18 3.82 12.28 12.19 19.27 10.73 7.81 4.67 5.52 9.54 9.99 5.55 3.5 3.82 4.67 3.7 7.13 3.92 7.21 6.17 4.46 6.6 4.48 4.72 3.32 5.12 4.72 5.4 5.35 10.17 10.08 5.23
11.15 10.23 5.58 5.76 2.42 2.23 2.95 4.47 7.4 18.67 15.37 11.14 11.61 10.1 4.57 2.26 3.24 3.29 16.36 11.45 14.07 11.96 15.08 13.37 12.03 15.28 16.43 16.98 11.63 9.18 4.96 6.93 3.48 3.46 5.22 6.42 4.72 7.23 4.41 7.55 7.68 5.52 5.51 4.09 3.37 4.51 3.25 4.04 5.32 4.88 5.14 4.74 3.16 3.61 3.23 3.22 5.32 4.31 4.45 4.31 3.91 9.23 14.89 15.36
10.61 16.37 5.64 6.92 4.05 2.48 2.81 4.73 8.63 9.38 13.05 14.05 17.46 11.71 5.75 3.26 5.0 3.79 9.79 11.91 12.05 8.95 10.93 10.78 7.66 9.44 6.3 10.91 25.09 15.02 8.74 7.5 2.99 2.3 2.32 4.63 2.93 5.61 6.39 5.88 4.63 4.45 4.96 1.83 3.24 3.51 5.33 3.96 9.65 9.05 3.64 7.7 5.99 2.59 3.02 2.21 3.69 4.58 2.51 7.91 6.15 19.32 17.4 19.66
18.44 8.42 8.79 7.89 9.13 4.22 1.83 5.12 3.53 7.41 7.53 9.82 13.46 21.78 8.37 3.69 4.1 4.85 7.81 5.41 12.37 14.11 10.52 6.5 4.45 5.94 8.44 7.37 12.81 11.95 8.55 6.27 2.91 1.86 2.55 3.32 2.96 6.22 4.99 7.48 3.81 2.01 4.04 1.68 3.32 2.86 3.5 5.99 8.54 11.21 4.44 6.15 10.54 2.96 5.87 2.91 2.53 4.38 4.43 8.31 9.76 15.54 10.02 12.13
13.43 16.36 8.63 7.71 5.44 4.71 2.31 3.12 2.76 4.89 7.51 10.44 11.39 17.47 9.22 4.85 6.73 7.57 13.62 11.17 8.68 7.94 6.24 4.33 4.85 2.66 6.07 5.01 10.28 6.32 14.7 11.19 7.86 4.74 2.93 4.17 3.82 8.4 6.23 6.58 5.14 3.75 3.29 4.11 1.73 5.42 2.27 5.42 7.86 13.17 8.84 8.55 14.08 3.57 7.76 5.83 7.81 5.65 4.26 6.72 8.92 22.24 16.25 5.07
6.55 7.66 7.64 4.86 4.14 4.31 3.9 1.58 2.29 4.04 3.97 9.12 8.96 13.92 8.25 5.88 12.75 10.11 9.12 15.69 9.29 5.7 3.51 3.06 2.1 3.31 4.32 7.51 13.8 7.02 18.95 11.11 7.28 6.67 6.23 4.19 5.39 6.53 6.74 6.39 5.56 6.83 6.34 6.39 3.76 4.09 3.87 2.38 5.42 14.13 9.43 7.98 10.37 9.48 8.73 5.58 6.3 7.64 5.13 10.26 15.95 12.6 8.1 2.79
7.76 6.4 8.3 5.63 4.25 5.19 7.34 2.33 1.33 1.67 3.69 6.05 6.6 8.66 7.42 9.71 10.81 14.26 13.45 21.74 14.41 10.61 5.62 2.71 2.58 5.3 4.14 6.87 11.74 12.6 10.79 11.88 9.8 3.49 5.92 3.6 7.1 8.14 10.55 8.28 5.84 8.01 8.4 12.13 7.57 5.48 2.63 1.76 2.44 8.18 10.2 8.23 17.81 8.46 8.21 7.73 7.12 5.88 6.05 9.63 14.69 12.64 6.96 5.6
13.68 4.83 3.45 7.53 8.94 7.63 4.81 2.16 1.86 2.19 3.07 3.07 4.17 10.47 7.02 9.57 13.54 11.64 12.32 17.72 22.43 8.95 6.35 2.46 3.03 5.29 5.16 4.66 9.84 14.53 18.87 10.97 5.5 2.37 4.05 5.19 5.83 9.31 9.15 5.59 4.03 8.55 7.06 7.72 6.55 3.52 2.11 2.49 3.42 5.99 5.9 7.79 6.09 12.7 6.28 8.26 8.7 7.18 9.53 5.76 5.03 7.04 8.27 8.97
10.49 8.96 5.53 8.77 14.43 6.29 5.69 2.67 2.62 2.59 3.45 2.07 2.78 9.52 10.82 14.81 11.56 9.0 12.37 17.58 15.02 7.21 3.35 5.9 3.21 3.36 6.04 7.41 9.21 11.39 8.72 11.69 14.58 4.62 6.74 3.22 3.32 6.71 6.7 8.22 3.41 4.44 6.13 4.25 8.25 3.2 4.45 4.13 6.79 5.87 4.88 12.94 7.64 9.95 8.75 8.01 9.1 7.51 3.77 5.39 2.15 3.57 6.75 15.41
8.67 5.82 4.04 7.44 11.9 4.6 5.63 5.01 2.75 4.03 3.01 2.64 3.5 7.4 5.53 9.3 17.72 17.97 13.39 7.6 14.24 6.07 4.73 5.0 3.88 4.4 3.88 6.83 6.03 15.14 8.45 5.62 10.61 7.97 7.18 3.16 3.91 8.27 9.75 17.02 5.32 3.76 5.6 4.47 7.44 3.52 4.52 4.67 4.69 5.58 8.21 9.97 11.55 12.25 13.71 15.77 5.22 6.73 5.98 4.3 3.6 3.55 5.91 11.68
5.07 5.9 4.44 5.16 7.92 7.21 3.18 5.39 2.65 3.32 3.48 3.27 5.73 4.9 5.86 10.44 27.31 21.03 18.86 6.84 8.74 9.35 10.28 5.82 2.3 2.34 6.47 13.15 12.66 10.45 6.65 4.92 8.04 9.87 7.23 7.42 5.7 10.91 16.96 13.32 6.24 4.44 5.15 5.23 4.4 4.46 4.08 4.76 8.83 8.54 7.61 10.56 13.42 15.45 14.53 22.68 12.29 7.56 11.63 9.92 7.69 3.78 3.74 4.83
7.66 7.34 5.68 5.61 6.52 4.74 4.89 3.73 2.36 2.31 3.58 3.92 6.08 6.96 4.85 6.9 12.89 15.91 15.56 8.7 14.59 14.12 9.67 7.21 4.6 2.57 6.29 12.76 9.25 16.86 8.23 8.3 4.06 8.41 5.62 6.58 7.29 7.29 16.77 7.29 8.88 6.64 5.29 3.76 8.56 5.99 6.24 3.41 6.41 12.74 9.94 12.99 11.0 16.2 15.72 29.49 9.78 21.89 15.79 13.9 9.84 6.16 7.5 3.76
6.82 11.72 7.05 14.75 6.53 9.88 4.21 4.9 2.52 2.92 4.48 2.5 4.42 6.0 5.81 4.8 14.33 12.2 11.05 8.02 10.99 17.87 8.22 5.25 9.8 5.08 4.96 11.12 9.94 24.14 10.88 4.27 4.36 5.5 5.37 8.54 9.84 7.15 11.72 6.13 7.35 6.58 5.77 5.99 6.13 6.4 10.06 6.14 6.93 11.62 11.45 15.33 10.37 21.21 18.17 25.99 9.02 22.44 21.86 12.9 13.34 10.53 12.6 4.84
7.09 14.11 7.09 12.98 8.81 13.51 6.31 6.79 3.75 3.89 3.85 3.62 3.23 8.32 8.84 6.07 11.36 9.14 9.07 4.27 8.31 6.71 12.51 5.86 12.15 9.9 17.72 14.66 10.88 22.2 11.65 4.82 1.88 5.15 9.65 7.56 7.54 4.32 6.53 7.03 3.91 5.37 3.02 7.21 11.56 9.88 14.91 8.03 12.64 8.49 11.66 9.2 8.92 26.14 14.16 33.42 15.16 14.82 15.26 6.92 13.29 8.55 8.17 5.03
10.76 6.71 6.81 7.27 16.41 29.62 8.37 5.37 4.3 4.47 2.32 4.38 3.84 8.43 14.28 6.4 11.5 8.32 11.82 7.85 7.88 6.86 10.24 8.97 12.77 11.05 17.63 25.77 12.69 18.22 5.89 4.0 2.97 4.36 10.58 12.08 10.9 4.57 5.04 3.05 2.61 4.76 6.7 7.94 8.69 8.43 8.27 9.65 9.24 11.13 6.88 6.35 9.08 17.35 15.52 22.85 23.24 6.64 8.25 6.18 5.97 6.32 4.84 8.48
10.51 6.57 5.9 9.88 14.14 17.28 9.4 6.89 4.93 4.81 2.29 3.33 4.14 6.43 13.43 9.63 7.35 17.77 6.49 7.84 8.16 9.85 7.34 5.67 11.23 13.81 17.61 19.05 17.83 10.79 6.54 4.32 3.74 8.96 16.36 13.62 7.31 4.84 7.08 5.89 3.04 3.98 4.85 6.73 9.14 5.62 5.46 10.03 5.76 5.84 5.65 8.15 6.59 11.21 23.96 28.17 14.07 4.19 4.34 6.49 4.93 9.57 6.82 6.06
12.72 10.91 9.0 10.65 12.92 10.53 3.9 5.99 3.73 2.85 2.52 2.58 8.22 7.69 8.66 7.82 4.25 11.27 6.25 5.0 4.39 6.25 7.23 7.78 7.09 10.24 24.96 14.39 15.97 12.04 10.31 7.37 4.14 8.34 19.6 9.49 8.22 4.68 5.15 5.38 2.82 3.66 3.35 6.81 11.94 10.99 7.79 14.25 8.07 5.43 6.79 7.95 8.92 5.58 11.3 19.34 14.01 4.7 3.36 4.62 8.84 5.55 6.39 5.88
12.58 14.91 19.27 14.97 7.8 5.29 2.27 2.1 2.64 2.49 4.25 4.11 8.67 5.78 6.6 5.87 7.43 10.62 3.56 3.44 4.16 8.59 11.28 10.0 5.92 7.91 17.78 15.3 11.14 9.86 10.67 8.69 7.93 4.84 12.75 4.72 7.55 4.1 6.38 4.76 7.56 5.68 5.14 7.26 7.75 23.77 10.49 15.86 13.68 7.18 7.01 3.99 6.13 7.8 11.84 11.23 6.26 6.36 3.2 8.31 9.56 15.01 9.75 3.28
7.29 18.43 13.77 12.28 6.95 2.32 3.02 1.5 2.5 1.47 2.95 3.84 6.77 7.32 7.91 8.64 6.27 7.82 6.55 4.48 7.07 10.93 7.67 8.48 4.66 12.03 7.38 7.59 9.97 8.56 6.35 7.07 14.53 4.67 4.61 3.84 7.22 6.21 8.46 4.97 6.23 6.55 5.61 7.47 5.52 14.64 16.53 13.94 10.53 8.19 5.18 5.38 5.2 9.36 7.25 6.2 3.52 5.86 4.27 11.02 14.57 13.14 13.29 4.67
7.75 16.78 12.09 11.22 7.5 2.49 2.4 1.72 2.15 1.76 4.38 4.04 5.07 7.7 12.38 6.87 9.14 8.83 6.49 4.63 6.65 13.69 4.82 3.62 7.06 11.3 7.2 4.11 5.03 8.04 7.11 12.89 11.07 5.56 2.27 4.54 3.98 7.8 8.11 5.64 5.17 9.41 8.96 7.87 9.79 9.87 10.72 13.59 14.8 7.67 4.1 4.61 4.96 8.64 7.19 3.91 3.39 4.06 4.78 6.81 11.7 15.86 21.04 14.14
13.38 10.25 15.78 8.74 6.47 5.1 2.22 3.55 3.79 2.14 1.79 2.66 4.88 8.96 9.14 4.57 9.67 5.29 4.5 7.04 5.99 9.7 3.5 5.88 4.99 4.77 3.67 4.36 6.45 5.24 7.37 6.17 11.51 5.54 3.05 3.88 3.9 5.73 9.26 5.65 5.58 9.46 8.82 7.24 9.11 13.23 11.26 7.05 21.28 9.48 5.78 4.79 3.95 7.84 5.63 3.11 2.86 4.97 4.53 9.25 10.74 12.18 9.33 17.81
11.33 6.49 10.6 8.15 10.73 6.4 4.92 5.23 6.12 2.53 1.8 3.55 3.85 6.3 5.54 5.16 6.03 6.41 4.55 6.7 5.86 5.66 4.44 7.17 8.6 7.03 7.1 3.01 5.59 4.57 8.02 5.9 6.14 7.5 3.75 3.6 4.37 4.73 9.89 7.91 4.81 7.63 7.96 7.83 13.51 12.77 15.58 15.61 15.68 8.74 4.07 6.23 6.81 6.14 7.7 6.08 3.49 7.33 6.79 11.45 6.68 8.18 6.36 10.99
7.19 5.89 5.84 6.14 6.6 7.88 4.31 6.78 7.84 3.38 2.15 2.41 3.57 3.8 7.73 5.74 6.53 6.08 6.92 7.8 6.51 5.01 7.34 4.56 6.29 4.64 5.08 3.37 5.89 10.78 7.08 3.94 5.84 5.71 3.83 2.74 6.43 8.03 7.55 17.67 3.21 5.66 5.85 7.07 15.0 13.33 10.29 12.51 9.25 7.32 5.14 6.46 7.96 5.17 6.54 7.92 5.42 3.34 10.04 10.36 5.42 4.57 8.92 14.95
6.43 5.0 6.36 5.97 5.9 6.4 7.02 9.48 4.29 3.48 2.56 3.78 3.6 3.79 6.66 11.56 4.32 10.35 8.1 8.58 9.53 5.05 5.22 3.7 4.91 6.02 5.75 5.84 8.5 5.77 9.0 5.39 3.64 3.38 5.88 7.06 7.11 8.99 8.7 18.22 5.48 5.3 8.87 4.74 9.22 10.44 11.56 8.3 10.81 5.4 4.54 8.62 5.84 5.5 3.32 10.37 13.66 7.08 9.07 8.59 6.62 7.2 9.98 13.66
6.34 3.79 3.6 8.04 9.29 5.0 8.57 5.25 3.23 4.73 6.4 5.45 2.37 4.39 3.21 5.65 7.6 10.72 10.91 5.57 8.55 10.79 9.38 5.77 3.84 5.33 4.34 6.51 10.54 4.68 3.91 3.99 4.15 6.14 4.65 5.35 7.73 6.13 6.86 7.32 6.6 7.13 12.01 10.47 10.44 8.87 10.96 7.9 5.0 7.3 3.04 7.0 4.17 5.79 5.69 7.96 13.86 8.42 6.36 6.02 7.09 8.79 12.4 15.1
6.24 6.95 5.34 4.29 7.37 7.89 10.75 7.77 3.47 9.63 15.58 7.77 3.05 4.29 4.08 4.3 12.67 13.79 15.17 6.37 9.78 13.02 17.14 10.66 4.04 5.48 7.78 6.64 11.93 5.21 5.7 4.54 5.87 3.9 4.01 5.68 3.95 8.34 5.11 14.77 9.26 7.37 13.96 11.22 14.15 9.52 7.49 6.24 7.77 4.94 3.0 6.2 6.05 5.89 6.16 8.81 14.9 8.37 5.11 6.52 6.58 13.13 13.84 13.57
9.67 8.58 8.12 2.69 6.0 16.35 12.92 13.26 5.25 11.74 11.01 8.36 4.11 8.25 5.03 12.26 14.15 10.08 8.48 6.28 10.78 12.14 17.9 20.13 9.37 4.98 5.79 6.61 6.65 9.7 8.07 8.74 9.94 4.66 2.9 3.28 6.33 8.24 12.9 8.39 9.3 4.68 5.82 8.18 7.52 8.11 4.21 2.61 7.35 13.61 4.44 5.61 6.4 5.65 6.42 8.11 8.37 7.97 7.14 7.64 8.07 5.23 11.76 12.73
15.12 13.03 8.4 2.66 5.78 10.02 9.94 16.46 15.78 11.52 15.96 13.96 8.85 15.99 10.07 8.99 14.59 10.4 10.11 6.16 6.22 27.45 15.59 15.01 16.49 6.26 7.04 5.03 5.92 14.11 11.54 8.92 6.88 7.56 8.57 3.82 4.62 5.31 13.34 10.65 7.54 4.48 6.24 12.91 5.79 4.64 3.4 4.38 6.67 11.13 4.53 10.72 6.28 5.03 4.82 12.07 11.12 3.6 10.17 8.62 11.28 10.67 12.85 8.99
10.78 16.53 5.58 4.68 5.12 7.22 6.09 7.37 18.76 16.8 23.9 12.89 12.83 10.44 16.13 6.83 7.95 11.86 13.66 14.2 10.07 9.87 15.36 10.53 7.98 5.5 4.27 9.94 5.27 7.04 9.53 7.81 5.83 5.63 8.2 3.34 4.51 4.53 9.01 13.13 8.19 4.73 4.03 11.16 9.23 2.83 4.54 6.04 6.91 7.22 2.56 5.27 11.48 12.9 7.28 7.19 4.93 3.96 7.65 6.39 13.35 10.02 21.45 15.54
8.36 10.92 13.96 7.98 5.43 7.18 9.9 9.81 12.23 11.61 29.16 19.44 13.2 9.37 7.05 11.02 7.25 10.93 14.52 12.0 21.77 16.55 12.98 13.39 4.84 7.35 3.9 8.74 5.66 5.04 5.55 5.53 4.62 3.33 5.34 2.16 4.31 7.96 15.8 9.73 5.67 6.0 6.48 11.23 13.36 4.55 6.32 6.83 5.09 5.88 2.12 3.42 8.95 20.68 6.2 10.39 5.41 4.08 6.99 6.59 14.61 9.11 21.12 30.06
11.17 7.53 12.91 17.92 6.36 9.57 11.92 15.95 15.5 14.52 17.27 12.08 11.69 11.38 9.99 6.11 13.28 7.9 11.34 10.98 21.21 20.18 10.97 7.09 4.01 6.58 3.5 4.68 4.14 4.71 4.22 3.99 5.39 2.62 3.25 2.49 5.89 6.52 11.21 4.96 5.03 7.34 7.79 8.49 9.49 7.59 6.43 10.1 2.45 4.07 1.94 3.93 6.7 20.51 7.15 6.3 3.23 2.82 4.62 8.8 10.23 8.95 14.99 18.39
7.09 19.79 7.77 18.16 13.37 10.37 17.43 16.42 22.53 21.35 22.05 29.35 17.71 14.02 14.31 8.16 11.32 8.75 8.77 5.44 14.2 12.1 9.39 4.85 2.47 4.9 5.49 5.99 7.26 5.07 6.16 5.81 4.26 3.29 3.0 4.7 3.89 5.26 7.13 4.44 3.95 5.4 6.32 5.16 9.96 9.03 8.41 10.74 5.79 2.58 2.79 6.42 12.31 8.16 7.24 5.19 4.92 4.74 4.04 7.94 7.32 6.68 11.63 8.02
8.86 21.55 20.08 14.89 13.56 12.6 11.96 13.47 15.6 27.25 24.04 37.27 15.34 20.11 12.43 7.28 8.1 7.09 7.55 7.84 11.0 7.53 4.2 6.94 5.03 3.22 5.95 4.41 7.94 5.32 4.78 5.74 3.23 6.38 4.13 4.99 2.96 2.71 2.61 3.69 11.1 7.56 4.14 2.99 6.19 13.39 6.9 10.33 10.76 5.37 5.08 4.61 5.88 9.23 7.57 6.7 6.12 6.83 7.3 3.61 5.52 5.1 8.97 11.77
14.5 15.87 26.42 11.05 9.83 9.99 11.44 16.53 10.21 16.35 16.49 45.8 19.09 10.41 8.5 6.23 6.9 6.55 6.81 13.27 13.71 9.58 2.85 4.02 6.79 5.62 7.61 3.48 7.32 5.41 5.37 5.14 10.36 6.75 7.11 4.21 3.77 3.11 3.51 5.62 6.97 8.54 3.86 7.39 4.98 12.06 8.51 8.14 11.66 3.99 7.65 12.38 6.67 8.7 6.04 9.93 6.93 8.79 8.05 7.96 6.38 6.69 7.53 9.83
22.33 12.01 13.92 10.53 13.67 19.62 7.48 9.29 9.77 9.09 11.03 17.97 15.35 8.67 5.62 3.68 3.94 6.28 8.22 10.7 6.67 6.59 3.54 4.62 6.38 6.51 8.16 4.81 4.72 5.16 8.58 6.41 8.91 10.65 8.18 7.64 7.37 4.44 6.0 3.99 3.11 3.53 2.99 6.43 8.97 14.61 9.31 7.97 10.0 7.4 6.31 10.66 12.57 6.74 14.88 7.98 8.71 7.24 6.06 4.39 3.76 4.41 8.29 12.95
9.47 12.08 13.88 6.98 15.69 22.43 18.8 14.45 12.72 7.27 7.59 10.19 8.56 6.12 4.1 6.51 2.99 3.86 2.73 4.39 7.18 8.35 5.85 6.7 11.76 4.73 8.22 6.2 7.3 4.77 6.25 10.48 8.9 7.26 9.86 5.65 9.0 8.9 6.43 6.44 1.81 3.16 6.84 4.75 6.62 16.72 14.29 10.32 6.51 6.56 3.29 11.18 19.43 12.41 13.45 10.1 8.94 6.94 13.84 5.58 3.51 3.17 5.9 13.11
7.28 7.0 7.15 7.97 11.0 35.17 32.37 27.58 12.3 4.04 4.58 6.82 7.73 4.78 4.15 3.84 3.52 5.23 2.22 2.02 3.62 6.22 6.22 5.98 10.14 10.41 14.63 12.18 6.84 3.26 8.22 5.67 10.54 9.31 11.21 6.42 7.51 14.43 7.61 4.35 2.67 2.46 4.08 3.9 4.53 10.38 10.41 9.71 5.92 9.26 5.19 11.3 9.2 10.54 16.11 14.99 15.0 13.58 21.5 8.99 3.36 3.79 5.2 7.97
4.69 6.45 9.71 7.24 7.34 16.55 32.9 19.92 17.2 3.61 4.57 9.79 7.28 3.41 3.81 3.7 3.08 3.47 2.97 2.04 2.56 8.26 7.52 12.15 7.36 26.18 21.55 11.7 8.28 4.42 14.1 7.02 8.88 15.13 6.32 8.93 8.66 16.67 5.72 3.37 2.76 4.22 5.15 4.93 4.06 9.27 10.46 13.84 7.52 4.54 7.11 7.01 18.78 7.8 22.67 15.56 20.83 15.02 9.07 11.68 3.54 4.77 5.62 4.89
5.65 4.23 10.7 8.26 9.73 14.36 22.27 9.12 11.67 15.0 4.71 13.8 4.57 2.96 2.75 2.86 3.81 3.72 4.09 4.76 5.61 10.2 7.73 8.24 9.01 17.09 17.98 11.47 13.5 4.78 12.91 10.2 12.66 15.73 5.68 9.27 9.0 9.75 5.99 4.85 6.0 6.64 8.13 6.17 5.42 9.51 6.39 9.77 5.74 7.06 6.37 8.1 15.38 8.97 14.81 7.89 11.6 15.3 9.05 6.49 2.82 4.32 5.06 5.95
2.57 4.58 8.02 10.32 11.93 17.26 11.03 11.03 16.55 16.23 15.08 9.49 7.56 3.4 3.73 7.23 4.1 6.93 4.15 5.1 4.19 8.64 6.33 5.41 15.38 11.07 16.61 7.44 26.54 9.53 14.13 8.33 11.13 9.79 6.73 8.4 9.91 8.32 7.46 3.32 5.4 6.86 11.71 9.37 3.8 11.12 7.29 7.74 6.07 5.4 7.21 10.16 16.31 9.26 10.92 7.71 6.78 7.91 7.42 9.34 4.07 5.04 6.81 5.16
4.46 3.83 4.81 9.3 15.48 19.84 10.18 5.99 15.38 19.2 20.59 11.45 6.75 4.51 6.0 3.97 5.71 6.18 7.08 4.25 6.49 13.87 6.87 6.17 7.47 10.09 23.47 11.48 12.37 6.9 6.87 10.25 5.13 10.31 9.01 6.31 9.04 9.32 5.9 4.37 4.36 5.2 5.96 9.56 4.93 6.09 6.45 6.85 12.61 5.89 7.24 8.61 9.41 10.95 8.12 13.75 8.75 6.29 9.46 8.97 6.08 4.59 5.67 6.9
3.67 6.35 3.92 5.45 8.15 11.87 14.08 5.6 9.09 21.59 9.95 10.79 7.59 2.78 2.69 5.64 5.92 8.26 9.06 9.42 9.37 7.79 9.07 8.22 9.38 6.56 9.97 12.06 7.33 5.28 5.14 10.26 10.44 7.04 8.18 5.5 5.94 14.57 8.72 7.23 3.31 5.72 6.4 10.84 4.53 2.35 4.83 4.32 10.37 10.54 5.99 4.62 5.13 8.77 6.7 15.79 23.31 17.58 7.01 10.5 6.33 7.48 4.86 7.43
5.54 4.64 4.07 4.02 10.18 9.49 5.18 6.75 5.75 27.43 10.52 6.24 4.82 4.09 2.5 8.27 7.97 10.02 11.96 6.41 15.2 10.8 10.53 4.37 4.37 8.44 8.47 8.29 8.13 7.36 9.24 8.8 9.19 9.63 10.91 9.75 5.26 8.79 6.31 5.77 3.51 5.58 11.2 5.63 8.71 1.87 5.14 7.62 8.66 12.03 5.35 4.09 3.09 10.34 7.05 9.81 11.72 11.33 11.45 6.59 6.9 6.1 4.95 6.45
8.0 7.83 6.97 4.35 5.44 7.73 7.14 15.19 7.92 14.57 12.29 9.28 5.23 3.37 5.33 7.42 10.64 4.99 12.02 7.23 10.27 11.73 9.47 7.37 4.82 7.23 9.64 8.43 11.66 12.92 8.74 8.12 9.9 9.16 4.66 7.79 5.98 8.04 8.47 4.14 4.55 4.34 6.59 6.24 8.89 7.23 7.79 6.72 9.14 6.43 2.69 4.67 5.76 5.49 7.47 5.03 10.25 10.24 6.83 7.08 4.97 9.99 6.05 8.32
7.92 8.69 7.03 6.0 10.67 9.62 8.86 16.87 6.93 12.75 8.86 11.82 6.63 6.49 6.29 7.6 7.32 7.16 6.96 6.95 15.03 13.65 8.59 6.86 11.58 6.27 13.2 9.4 14.63 16.12 16.93 7.7 6.37 8.9 5.06 11.1 6.55 10.71 8.29 2.8 3.94 6.75 7.85 4.34 5.27 6.71 8.59 7.73 7.16 11.34 4.41 4.44 5.3 3.88 8.81 9.02 10.61 22.31 8.15 8.2 6.17 9.89 7.01 3.2
9.22 5.55 6.84 5.65 5.85 12.51 7.06 10.48 4.69 7.64 9.96 11.17 9.15 9.89 9.81 10.67 6.36 5.76 4.82 4.87 10.61 14.03 6.86 6.75 11.91 9.25 15.04 15.46 25.1 14.98 11.14 7.02 14.66 20.21 6.33 7.3 8.23 5.39 5.01 3.75 5.19 6.06 6.08 6.58 4.13 6.67 5.94 11.79 7.15 9.91 9.12 5.36 5.97 5.61 5.74 10.11 12.79 12.43 12.82 5.56 13.77 4.59 9.34 2.78
10.41 7.29 5.93 6.56 6.04 12.0 8.51 4.98 6.94 6.32 8.97 11.34 15.25 9.1 9.76 7.44 8.05 5.18 4.86 5.83 8.6 14.84 7.71 6.96 11.87 10.77 5.94 17.83 16.22 24.35 12.74 12.92 17.1 15.16 15.67 6.92 12.12 3.53 6.26 5.74 7.26 7.86 3.51 6.83 3.86 7.66 4.95 4.83 8.69 9.44 14.52 9.68 5.56 9.4 6.52 9.5 8.88 5.81 15.71 9.67 14.84 7.7 9.0 6.14
7.11 13.82 11.88 6.73 9.29 10.08 7.46 5.57 7.96 5.72 8.0 7.85 13.69 7.89 5.36 10.41 9.04 4.29 2.42 4.77 7.11 11.07 10.24 11.87 12.47 6.41 4.86 14.36 31.62 15.75 11.1 10.31 13.6 14.83 13.23 6.08 5.01 4.48 9.09 6.05 4.82 5.99 3.85 3.85 3.59 5.37 5.56 4.08 5.53 17.78 8.3 12.53 7.92 9.8 8.78 9.89 15.02 9.4 14.71 15.62 14.03 5.01 4.23 5.37
15.8 17.6 10.58 9.91 12.43 14.21 7.76 12.64 6.97 3.81 4.03 7.06 9.0 10.68 4.88 5.54 7.68 5.94 3.42 3.13 14.79 9.23 9.71 11.86 13.2 11.06 7.59 10.21 20.03 14.55 10.92 10.73 10.33 12.95 15.18 4.97 4.07 5.46 9.28 7.8 3.61 3.83 5.22 5.91 6.74 4.8 2.78 5.47 5.83 23.46 13.25 20.55 15.63 13.74 12.25 15.1 12.79 10.49 17.94 5.43 6.75 3.19 6.0 5.05
9.73 13.68 8.18 10.23 10.69 21.1 5.6 6.38 6.01 6.77 9.22 4.08 4.52 3.18 7.95 6.66 7.12 6.71 5.27 7.28 8.18 8.03 5.1 11.07 12.28 15.44 17.87 14.14 12.04 9.82 8.04 7.31 9.94 10.85 12.64 8.68 10.34 12.87 8.92 8.49 5.84 4.0 7.66 10.69 5.75 3.64 3.61 6.78 10.45 11.29 9.58 10.43 20.6 17.61 21.25 11.34 15.11 9.28 9.48 6.5 2.02 4.58 3.76 5.7
6.08 7.88 13.0 11.2 7.86 10.41 6.31 6.87 6.98 10.23 11.56 9.17 4.99 3.69 10.21 13.99 6.14 7.39 5.93 9.0 13.89 7.18 7.34 7.08 20.22 24.9 26.54 14.81 16.84 6.46 9.85 15.83 9.07 17.2 12.11 18.0 20.45 19.22 10.23 6.07 7.56 8.68 11.41 13.56 9.54 11.95 8.89 5.64 4.23 4.9 6.52 5.49 32.05 20.84 21.78 15.93 10.56 16.41 5.31 8.01 2.08 2.35 3.96 3.95
