7.78 10.66 7.77 10.86 13.52 8.96 7.9 8.99 3.43 6.41 5.86 3.85 3.99 9.82 9.48 7.74 9.03 16.99 14.43 6.6 5.76 6.07 7.5 8.29 10.38 7.64 13.18 14.3 16.81 20.52 29.28 10.86 10.93 17.72 16.93 23.6 10.77 12.92 12.01 7.92 9.7 15.78 18.77 13.11 12.83 9.27 19.02 10.11 10.96 12.95 6.54 5.4 9.42 11.24 6.23 9.33 8.05 4.26 4.78 7.67 9.63 8.58 5.56 9.19
5.2 5.83 19.26 20.71 11.85 4.75 8.87 8.97 10.75 5.51 6.43 2.38 3.12 7.93 7.94 6.71 6.66 8.3 12.41 7.31 5.51 10.55 7.53 15.38 25.56 8.43 8.26 11.2 20.17 21.82 23.83 15.26 10.23 11.1 20.86 25.44 20.78 14.91 6.52 7.96 6.69 20.22 25.62 14.77 6.97 11.92 12.7 11.87 10.59 19.72 5.72 12.11 9.21 9.41 8.38 9.92 5.12 4.41 7.99 10.75 9.92 4.97 4.58 5.74
5.64 9.46 15.5 15.65 10.67 6.07 5.68 10.17 8.47 8.65 6.85 2.92 3.66 5.63 7.18 8.33 8.38 8.38 7.23 6.83 5.79 4.24 6.0 12.84 16.38 12.19 14.96 9.85 5.92 9.41 21.94 21.21 11.93 9.77 21.55 30.56 26.01 29.22 23.06 4.75 9.97 20.62 28.73 18.64 11.53 8.42 12.93 8.31 8.63 8.83 5.13 3.96 4.3 9.25 14.92 10.73 7.59 11.7 13.46 6.84 9.82 4.57 2.49 8.32
5.27 8.5 11.18 8.79 4.95 4.6 4.61 9.89 11.5 13.72 5.91 3.6 3.82 7.25 12.18 21.56 22.88 7.85 7.49 7.56 4.55 6.95 11.05 13.49 10.01 12.88 15.91 11.53 10.49 8.81 11.75 9.29 13.83 14.55 25.54 18.26 36.0 18.8 17.75 14.03 9.22 12.46 14.07 14.91 7.2 4.48 9.53 12.4 4.97 9.06 4.25 1.87 3.42 8.17 17.17 12.73 8.1 14.33 14.86 10.68 11.71 4.33 3.62 9.18
11.95 14.39 12.76 7.62 9.81 5.04 4.83 9.74 21.6 21.0 10.82 18.86 7.59 10.06 13.15 21.89 12.26 10.13 3.13 5.88 7.48 8.86 13.95 16.77 10.14 14.0 8.46 8.2 9.89 13.17 13.54 22.99 15.19 13.57 27.39 34.02 10.11 16.05 14.96 11.03 12.26 13.6 12.8 10.52 5.31 2.87 5.19 5.81 6.81 11.71 5.49 1.8 2.05 5.99 6.64 9.48 12.01 20.78 14.64 10.05 10.76 11.67 7.88 6.7
13.74 9.97 5.68 6.63 8.26 7.69 6.27 15.53 28.75 44.83 32.11 20.89 9.18 10.15 13.49 17.1 27.19 9.12 5.15 8.36 7.59 4.41 12.15 15.1 10.87 6.25 8.88 10.62 7.86 16.47 21.35 18.93 28.68 20.62 23.29 21.77 10.16 13.43 23.95 13.86 10.64 11.01 21.21 7.77 3.96 3.59 3.99 3.07 4.51 9.64 3.89 1.29 2.46 2.78 5.74 10.5 16.07 9.34 15.33 9.81 11.46 10.11 13.65 10.23
10.21 4.12 6.7 4.19 2.97 4.07 5.86 14.21 21.67 18.93 20.06 13.27 10.57 14.81 25.21 17.85 27.51 9.41 7.03 6.46 7.82 5.22 12.49 9.92 11.66 12.65 8.44 10.34 13.5 8.07 14.44 22.98 24.75 32.31 16.91 14.1 15.4 20.09 13.86 34.43 11.75 12.07 10.67 9.26 4.35 5.18 4.04 3.26 5.16 3.19 3.57 1.96 2.69 1.71 2.35 4.64 6.9 3.89 6.47 5.45 4.86 9.18 11.19 9.24
4.35 2.71 6.41 4.46 3.65 2.48 3.11 4.77 10.25 13.44 13.88 14.61 14.57 17.24 23.92 28.99 17.6 13.39 7.73 6.14 9.1 8.95 8.58 13.86 7.71 12.21 12.13 21.47 13.15 8.93 12.58 27.36 14.56 5.9 7.43 10.3 10.99 11.04 11.67 20.77 14.66 21.63 13.17 5.38 2.33 4.15 2.25 5.61 7.66 3.88 5.48 3.26 1.85 3.15 2.7 4.08 3.88 2.57 3.86 3.4 4.36 2.81 12.93 10.54
3.67 3.59 7.63 4.67 2.07 1.38 3.92 3.29 9.67 10.52 14.88 10.57 18.97 25.31 26.16 18.98 20.78 7.26 8.83 7.78 5.53 5.14 8.09 8.65 9.36 16.91 14.58 16.91 11.71 5.1 8.35 16.38 10.29 5.55 5.45 6.78 19.32 15.32 19.17 15.69 19.19 12.84 6.55 3.15 4.05 3.37 5.16 3.77 4.29 3.4 3.6 4.02 2.88 3.4 4.0 6.09 2.95 3.79 2.49 4.86 1.92 3.0 8.63 8.28
2.52 4.78 4.93 4.24 3.78 5.27 7.21 4.37 4.98 4.98 7.44 8.9 18.26 18.94 56.59 43.54 31.75 20.25 7.54 4.97 3.92 3.3 4.93 5.47 7.29 15.86 12.25 9.91 7.53 3.67 5.65 8.97 7.65 5.59 7.24 15.45 27.51 17.45 15.41 12.25 11.71 8.36 8.14 4.47 4.39 3.08 5.18 7.43 4.23 2.15 3.72 6.78 3.41 3.78 4.78 4.86 2.67 4.93 2.25 3.67 4.03 6.1 6.15 7.06
6.29 13.37 5.89 6.38 6.15 7.92 8.17 9.8 7.09 7.35 11.46 27.36 17.36 36.02 23.77 30.32 26.32 15.23 4.07 5.0 4.87 5.94 5.27 5.92 7.87 6.71 12.77 5.77 6.03 5.85 3.49 5.73 9.4 5.28 6.34 11.27 13.1 12.2 11.82 11.52 4.61 6.39 9.91 3.82 2.57 2.81 6.05 4.66 7.43 5.58 5.09 5.19 5.28 5.21 3.58 2.82 3.89 5.16 3.32 4.85 6.24 6.57 4.87 3.66
11.82 8.51 6.28 6.82 10.91 13.01 13.96 21.47 24.16 15.53 15.73 22.45 11.98 14.59 16.19 12.03 11.88 11.93 11.08 3.05 3.35 2.74 3.81 4.91 7.77 8.1 9.33 9.1 10.42 12.78 5.71 6.65 6.59 3.23 4.76 5.52 13.74 7.91 11.67 6.16 5.04 6.26 4.32 4.9 4.05 7.78 4.73 5.11 5.96 8.05 7.03 9.18 4.46 5.59 3.97 3.77 5.56 7.12 7.81 8.67 7.1 5.68 5.71 2.98
13.15 18.29 8.68 13.1 20.13 10.22 13.52 19.92 32.22 13.24 5.22 8.49 12.11 10.65 11.34 11.62 7.48 6.19 4.42 1.88 2.28 2.82 3.11 3.87 6.89 8.61 11.56 8.06 11.54 12.14 4.69 5.25 5.03 8.93 15.02 7.45 7.78 10.68 6.61 3.94 4.69 7.1 4.74 6.1 6.19 6.4 6.52 5.6 2.85 3.15 9.39 4.89 7.3 5.78 6.29 2.77 3.81 5.12 4.37 7.47 6.57 2.65 1.65 2.88
4.66 4.42 6.86 10.15 11.27 7.05 9.61 17.27 26.26 21.78 9.46 6.51 7.14 7.8 5.84 10.54 3.39 6.66 10.3 3.52 1.92 2.22 4.67 3.93 6.65 8.98 12.38 9.48 22.18 11.25 7.78 7.38 5.0 7.04 9.95 6.2 5.83 5.88 6.61 4.13 6.27 5.54 4.96 2.83 5.39 4.74 3.67 2.27 4.57 7.43 9.67 4.46 7.04 7.3 7.81 2.69 4.53 3.08 5.29 10.5 7.39 2.48 3.04 2.63
4.76 3.19 4.62 6.16 7.81 4.47 11.46 12.95 16.14 19.12 12.29 5.95 6.59 8.89 10.21 4.99 1.7 6.31 4.5 2.54 2.69 2.95 3.62 3.39 10.71 8.42 6.05 23.16 16.33 14.31 18.36 12.2 10.28 13.0 13.28 5.36 3.43 5.25 3.81 3.47 6.84 5.76 5.57 6.46 3.59 9.53 4.69 5.44 7.23 4.37 7.6 10.46 6.57 3.37 6.87 3.33 3.04 4.57 7.2 10.51 11.79 4.84 2.88 7.24
1.96 3.37 3.99 8.02 7.42 14.75 14.36 19.33 21.35 15.64 12.41 6.11 12.02 15.35 13.42 5.73 3.12 4.06 3.2 4.1 5.08 2.05 2.5 9.61 7.07 9.0 9.91 13.69 8.38 19.18 9.7 6.05 8.87 16.69 8.7 8.23 5.37 2.63 6.38 6.15 4.96 7.16 6.63 5.84 3.03 7.63 7.1 5.7 4.71 12.22 11.99 7.85 6.07 6.2 4.54 3.08 3.36 2.95 6.65 9.76 11.72 6.82 6.63 7.38
2.53 4.88 5.76 4.35 6.5 6.62 8.7 14.11 15.23 14.77 35.8 16.83 11.47 6.44 11.1 5.57 5.17 6.1 8.18 3.6 4.16 2.12 2.75 6.69 13.49 6.55 5.34 4.65 5.82 8.4 9.77 6.5 5.62 7.58 8.31 10.94 5.45 6.13 7.93 7.86 6.53 4.63 7.53 5.32 4.78 6.65 6.8 9.01 9.49 6.07 10.93 7.09 4.68 5.32 3.7 4.83 5.31 4.81 5.18 5.0 11.42 13.69 4.92 6.46
4.16 6.44 5.06 5.05 4.34 6.79 9.84 7.27 9.22 8.61 21.14 16.09 19.03 14.85 6.11 4.82 11.88 9.99 9.11 6.02 4.16 2.32 1.99 5.78 9.37 4.14 3.75 2.73 2.7 3.28 5.72 7.97 5.0 6.44 5.37 8.92 8.55 10.79 14.09 7.26 3.31 4.58 5.23 5.62 10.44 7.01 10.54 9.62 6.26 17.7 14.9 9.67 5.92 9.45 6.52 7.37 8.28 15.71 6.4 11.33 9.47 8.02 4.19 8.5
3.35 9.42 5.15 7.84 4.16 4.71 3.52 3.63 6.16 8.54 10.32 15.79 29.66 7.23 2.51 7.45 7.55 5.6 3.22 10.82 3.93 4.02 4.66 6.37 6.86 4.85 1.96 1.75 2.5 1.53 4.17 7.46 8.79 9.1 10.53 13.94 13.83 7.09 11.01 8.11 2.58 5.34 8.93 6.71 14.03 12.99 8.78 4.53 7.27 11.97 10.7 4.84 10.77 9.57 9.57 11.94 15.76 11.16 5.05 6.83 7.76 8.47 4.0 6.05
11.03 6.33 3.02 5.81 4.54 2.15 2.73 4.67 5.45 8.83 10.29 7.42 7.84 6.83 3.75 3.35 9.72 16.04 6.21 6.49 6.74 6.94 5.57 6.27 8.16 2.77 4.04 4.17 3.8 4.19 8.77 8.75 9.36 8.99 11.19 8.26 19.87 11.43 8.51 6.05 11.77 6.06 11.38 10.63 15.22 11.33 10.63 5.4 6.01 16.73 8.44 7.23 9.89 11.04 7.41 9.42 9.0 9.04 3.97 5.62 9.63 7.81 8.86 7.05
9.53 7.34 8.54 4.19 3.29 2.62 3.06 4.5 4.76 6.16 5.4 8.3 10.12 9.1 3.5 3.52 11.39 6.4 5.24 9.62 10.49 11.56 8.65 9.09 12.96 7.04 5.25 5.71 4.89 4.86 8.44 12.82 15.18 10.95 10.14 13.13 8.93 7.61 9.16 5.61 4.19 4.81 11.31 16.48 14.04 16.28 8.96 3.76 6.23 10.34 4.48 9.25 25.05 9.03 6.46 12.71 13.27 4.95 4.57 3.62 5.88 7.17 6.55 6.07
4.85 18.0 10.55 6.4 6.17 5.2 4.21 5.25 4.38 7.29 4.15 4.47 6.37 8.22 4.95 5.65 11.34 9.19 4.58 8.32 13.75 14.78 12.48 6.64 9.06 10.84 11.65 9.16 8.09 7.25 7.71 11.65 16.76 16.86 14.71 6.94 5.24 11.78 6.66 5.18 6.87 7.6 9.14 14.79 14.36 10.05 7.71 7.23 7.58 4.35 7.67 11.97 36.97 14.52 15.99 14.11 10.55 9.58 6.44 4.06 10.69 7.84 4.89 8.12
9.77 17.55 26.44 10.7 3.34 5.06 6.29 3.99 8.07 9.65 4.25 2.01 6.62 6.78 5.15 11.61 9.68 12.06 10.12 6.54 12.02 15.21 10.7 9.47 8.87 6.58 11.35 7.02 7.25 14.27 8.12 12.19 17.4 11.92 6.61 10.61 11.16 9.9 11.09 8.52 4.38 10.24 12.44 19.44 8.5 13.07 6.85 9.05 5.16 5.61 8.26 23.3 36.64 11.45 21.93 21.11 14.19 11.2 12.52 9.68 12.08 7.1 4.94 12.89
10.91 16.39 18.88 7.09 7.53 6.63 2.76 4.2 4.93 7.48 3.89 1.84 3.13 6.7 14.02 15.38 17.37 30.62 12.43 8.38 11.92 9.69 4.76 5.31 8.52 10.74 6.0 9.74 6.31 7.25 5.87 12.32 10.01 5.25 6.0 20.73 10.45 11.32 21.64 3.61 3.38 7.42 10.97 12.57 15.16 15.96 13.01 9.33 6.94 14.25 13.99 14.58 17.05 14.51 14.94 22.62 20.35 15.57 13.81 13.55 22.96 14.55 4.3 9.05
12.02 9.65 13.23 7.94 4.19 4.48 3.21 2.79 2.65 2.43 2.76 3.02 2.7 7.19 12.5 9.08 14.58 16.86 8.62 4.84 9.0 9.27 5.68 5.12 5.68 8.87 11.67 10.0 5.76 5.01 7.93 9.03 12.03 16.25 6.15 8.88 13.74 9.39 14.42 8.51 6.28 6.48 11.7 12.73 15.19 9.74 14.49 7.0 9.65 16.4 12.14 6.34 10.86 17.27 13.15 7.04 12.37 9.42 8.13 15.89 17.12 12.42 7.49 15.23
8.33 7.97 5.96 5.47 6.35 6.41 2.23 2.41 4.97 4.25 4.33 3.96 5.39 6.4 8.7 11.68 11.69 9.65 9.09 6.47 4.83 9.86 8.52 4.62 7.12 10.0 7.46 11.02 20.07 8.5 9.45 15.77 5.42 5.31 6.17 13.28 9.07 19.18 17.07 14.43 6.14 8.23 6.86 7.93 7.4 9.23 4.93 6.73 18.78 25.9 7.82 6.7 4.99 6.66 4.55 5.07 7.47 8.18 14.45 21.89 19.84 30.17 13.15 7.37
10.04 3.66 2.3 6.43 3.46 4.51 3.11 2.25 3.98 3.0 6.81 4.32 3.71 5.36 9.55 8.34 20.37 9.91 6.51 14.14 5.52 6.69 5.73 4.78 6.13 6.67 7.84 7.61 12.53 7.4 9.47 9.3 8.09 10.28 23.53 8.51 7.68 16.36 11.61 7.07 3.0 2.96 3.59 5.81 7.83 10.4 9.53 12.41 6.71 9.22 5.6 3.63 2.7 4.71 3.67 3.18 11.2 14.27 9.8 10.1 19.65 11.03 9.4 15.55
3.73 1.92 2.93 4.84 3.35 5.43 3.48 3.03 6.96 4.51 3.54 6.08 7.59 3.35 13.48 17.0 15.98 16.43 17.5 11.96 5.37 4.39 8.31 5.49 4.35 4.26 3.3 2.67 13.08 6.49 8.43 6.95 8.56 12.81 17.79 6.29 8.17 5.16 6.25 7.51 7.7 3.06 4.64 2.97 11.34 9.25 16.1 14.32 16.08 11.85 7.36 13.44 8.89 9.55 5.07 5.77 5.52 16.6 13.17 14.68 14.13 17.89 12.9 16.43
2.67 2.83 3.86 4.91 7.86 5.39 1.96 4.27 5.51 5.68 2.81 7.12 4.65 9.07 20.84 18.41 14.28 21.92 11.57 13.76 7.87 7.55 5.34 9.06 3.43 3.13 2.33 3.85 4.79 8.48 9.73 12.13 8.79 12.55 12.72 7.26 3.98 4.2 3.22 5.39 8.34 7.45 12.4 5.28 7.47 11.62 27.89 25.48 10.96 9.85 20.13 19.65 10.99 10.76 9.01 6.11 6.49 9.17 17.83 19.86 21.63 11.68 18.13 11.31
5.47 2.2 4.08 12.27 13.89 12.38 5.0 7.47 6.63 4.96 3.92 8.12 4.42 13.01 28.21 17.16 12.14 25.25 12.06 11.74 9.41 7.52 3.83 11.03 6.13 5.79 3.8 4.56 3.27 3.16 5.34 4.87 6.87 10.32 5.85 7.39 5.09 4.0 4.44 8.22 6.27 6.35 11.68 14.8 9.04 20.0 39.68 15.38 14.36 12.21 16.67 21.33 14.09 9.7 8.61 9.31 9.48 7.72 14.64 25.58 8.37 8.77 16.5 11.54
4.57 6.27 8.91 9.2 12.27 8.74 9.62 7.74 11.72 11.81 6.09 4.61 6.4 8.03 32.55 19.2 11.5 9.05 10.54 6.66 13.59 6.88 6.62 12.82 13.52 5.55 6.54 5.91 2.8 2.76 6.04 5.35 4.43 3.17 5.21 8.86 3.19 3.31 3.94 9.45 7.18 9.73 9.22 12.79 13.72 31.74 28.38 29.48 12.13 5.08 10.66 26.33 11.83 12.27 5.54 6.11 6.64 7.97 9.48 17.26 10.59 9.55 9.59 6.42
6.41 6.12 9.47 10.9 13.79 10.99 7.33 11.72 5.33 14.9 5.2 3.64 8.25 24.8 8.88 20.81 26.51 7.7 7.62 9.09 12.81 4.65 7.29 12.33 8.8 9.02 9.21 7.86 3.28 4.82 10.27 13.03 4.28 2.4 6.64 9.15 4.19 5.5 5.64 6.01 3.92 6.16 7.67 18.58 16.61 25.01 25.76 27.43 31.5 10.11 17.16 10.41 9.22 5.86 4.91 3.95 6.43 5.89 10.97 12.56 10.22 5.32 6.16 5.87
9.61 6.42 10.06 8.9 12.55 7.49 8.52 10.05 5.49 7.37 6.24 6.09 7.63 13.91 12.33 18.28 13.88 10.59 7.52 6.51 7.93 7.09 7.81 11.25 11.68 9.32 5.22 6.65 5.74 5.46 8.33 11.93 9.14 6.79 10.5 9.36 7.15 7.98 7.63 4.93 3.89 4.73 5.68 14.3 16.02 21.15 14.97 36.45 30.0 11.35 14.22 11.35 13.59 6.91 6.42 6.62 10.11 6.81 7.98 7.94 7.88 3.57 5.51 3.8
20.72 12.22 8.32 4.47 10.39 3.81 9.92 5.44 8.74 8.75 5.69 4.28 14.45 11.97 14.21 17.2 19.86 11.5 9.48 9.64 6.89 6.17 9.28 13.46 8.12 6.85 5.46 8.33 8.18 9.86 19.16 20.82 10.74 8.8 7.3 13.31 14.91 8.62 5.85 9.09 9.06 6.84 11.69 16.46 8.74 12.46 32.12 32.94 22.0 26.13 13.2 19.14 17.61 13.86 4.86 6.76 7.97 16.0 7.22 13.61 10.5 6.15 3.34 2.22
6.63 13.69 6.48 7.61 5.68 3.92 3.69 4.92 5.33 5.34 6.45 7.43 6.94 7.85 12.47 12.39 13.17 9.02 11.78 5.55 6.05 5.21 7.17 16.44 12.28 4.8 4.3 9.59 12.89 19.91 17.77 14.91 14.39 7.98 8.66 7.84 19.25 9.39 7.87 6.21 10.39 17.59 28.44 13.93 8.91 7.94 24.94 15.51 22.21 29.21 10.89 11.79 13.6 7.08 6.54 15.46 13.28 6.95 5.57 5.84 7.11 6.17 2.36 1.29
7.22 10.74 6.95 13.09 4.32 5.09 6.32 4.21 5.39 7.73 6.87 10.37 7.68 7.41 7.39 5.69 6.99 12.93 15.5 6.11 4.49 9.53 7.17 6.36 15.07 5.84 7.07 12.36 10.06 14.02 15.85 11.58 16.12 5.68 5.98 7.35 13.66 7.89 9.22 13.07 7.73 17.45 19.86 13.63 10.17 14.74 15.97 13.83 19.32 12.18 8.61 9.72 7.03 5.29 6.66 10.34 12.31 11.19 4.29 4.49 5.07 6.07 3.43 4.06
6.38 15.0 11.02 7.06 5.59 6.18 8.34 4.76 6.01 9.91 6.41 3.07 5.06 7.34 3.04 6.53 11.58 12.11 8.14 10.01 7.05 8.02 5.81 4.19 5.7 9.61 12.92 15.13 18.13 23.94 14.45 17.82 6.59 6.14 6.52 10.44 6.53 7.86 13.3 13.02 6.11 14.26 19.0 11.67 7.59 9.83 9.68 13.87 7.45 10.21 6.07 6.14 4.76 8.69 4.57 5.69 4.57 9.83 3.84 3.06 5.8 6.38 4.19 3.76
4.5 8.94 13.16 10.84 7.9 6.29 6.19 5.33 5.53 15.3 9.21 3.93 3.05 3.6 4.08 8.31 9.86 10.13 9.67 8.21 8.12 5.13 2.99 2.93 6.3 10.53 16.45 18.08 18.78 24.99 26.39 12.03 4.21 4.29 9.49 8.27 5.94 9.79 21.24 11.86 8.96 7.27 11.54 7.57 12.57 9.39 8.81 9.33 14.93 13.94 12.51 7.38 9.87 6.09 7.72 5.97 3.93 5.46 5.52 3.31 2.96 5.72 6.48 4.49
3.69 8.08 9.55 10.29 8.8 7.89 5.48 3.25 4.94 7.63 9.34 5.2 4.05 5.08 4.59 8.77 13.66 14.48 9.23 8.73 7.01 4.73 3.58 4.88 11.62 31.06 22.04 22.3 19.93 19.52 26.48 12.5 6.69 3.87 7.87 8.22 5.59 11.42 19.27 12.81 7.37 9.16 6.68 9.63 8.53 8.33 15.14 8.28 9.56 12.27 13.84 6.96 17.36 12.2 6.21 2.91 3.55 5.14 6.53 3.27 4.59 5.5 6.78 4.98
5.47 5.83 8.07 6.23 8.97 4.69 5.03 4.32 10.11 11.15 7.05 4.83 4.27 11.04 8.84 11.42 6.94 10.05 6.97 13.67 6.44 5.18 7.41 8.5 7.11 19.16 19.3 41.4 17.11 13.66 13.01 10.35 3.65 2.81 6.37 9.8 8.37 8.88 11.54 17.12 13.87 15.95 11.0 23.37 7.66 11.48 11.98 8.26 11.85 26.55 14.29 5.98 8.86 17.6 7.61 1.99 3.34 6.33 7.86 10.48 16.76 8.32 3.95 3.34
6.35 3.9 5.6 4.91 3.68 4.57 3.69 3.14 7.89 10.08 8.26 3.93 4.53 3.96 8.13 9.39 12.03 8.1 18.79 6.27 7.96 5.5 7.88 5.55 6.98 5.81 10.5 22.14 20.18 11.47 6.9 8.23 4.19 2.45 5.39 9.68 8.71 7.54 12.73 6.63 15.71 20.99 16.96 17.68 16.87 14.69 6.49 9.17 17.16 16.98 7.93 7.33 5.84 7.27 4.86 5.26 3.97 6.7 7.31 13.71 18.54 15.88 7.82 7.44
6.66 3.19 4.55 4.37 2.29 2.9 4.86 6.85 8.64 8.05 8.27 6.04 7.5 6.88 5.23 6.62 11.74 8.37 12.7 4.73 7.86 6.39 10.57 8.37 7.38 3.97 7.94 10.7 10.15 6.97 9.22 8.12 4.78 3.6 5.14 12.86 6.9 4.13 8.47 12.67 11.67 16.14 17.64 19.18 19.41 18.71 9.49 4.23 8.63 8.74 13.24 6.34 12.36 9.07 4.32 3.58 4.2 7.87 9.19 13.78 14.48 26.98 8.21 9.91
2.65 3.8 2.69 4.12 3.28 3.69 4.51 9.18 12.05 6.91 5.01 7.94 6.85 9.77 6.12 9.61 5.44 8.97 6.9 4.36 5.41 9.15 10.49 6.51 5.4 4.33 5.76 9.12 9.72 7.63 9.72 10.37 4.7 7.08 6.38 6.78 5.44 3.14 3.47 9.73 12.7 13.95 13.09 18.5 16.8 13.93 13.91 4.62 5.91 10.61 13.16 8.4 15.08 6.15 5.5 4.7 5.64 5.45 11.37 20.27 35.02 29.15 18.13 10.92
2.8 4.91 4.28 2.84 5.04 4.76 5.7 7.9 12.67 7.93 9.5 7.66 8.01 8.68 8.82 5.87 9.0 15.93 7.59 6.15 9.05 13.63 8.99 6.99 5.59 2.54 2.94 8.9 7.72 7.75 11.91 11.55 11.29 10.37 7.47 3.15 5.04 3.8 4.92 4.06 6.62 15.56 13.74 17.7 20.54 15.66 7.17 10.09 5.43 10.73 11.08 10.97 7.28 6.82 6.5 5.25 6.54 7.22 8.47 15.28 18.34 22.63 38.27 46.13
4.78 5.59 3.02 3.32 4.83 7.37 6.63 7.72 10.96 7.92 6.64 5.27 5.88 13.89 16.4 7.7 13.71 6.91 4.54 14.73 10.65 10.62 12.74 7.21 7.75 5.2 4.63 6.64 7.6 6.05 5.64 13.53 11.32 4.03 4.31 3.08 4.67 4.85 6.1 3.89 6.03 8.91 11.51 13.29 16.02 14.87 10.19 9.14 6.25 11.11 7.49 8.95 8.39 8.08 4.28 6.18 6.99 13.29 9.99 13.19 11.4 26.31 26.83 13.52
8.35 6.18 2.86 3.67 6.84 9.0 7.89 5.62 10.4 9.72 5.98 4.0 3.42 10.48 12.52 5.68 4.38 8.79 4.66 13.66 12.39 9.65 14.09 5.43 4.99 6.36 11.8 6.85 7.44 9.15 5.55 6.51 9.78 4.08 2.98 2.16 3.06 6.19 7.03 1.92 5.91 5.89 9.67 11.08 13.42 10.14 14.2 25.96 24.58 10.85 13.6 5.48 7.23 8.44 9.16 8.18 9.95 14.38 16.12 14.72 22.93 22.17 24.47 12.38
5.51 5.7 5.37 4.12 5.38 14.92 7.9 4.26 7.14 7.19 9.11 2.15 4.88 8.75 5.37 3.3 4.31 4.26 3.77 5.79 7.1 5.11 10.69 15.89 9.64 7.29 11.68 13.49 12.45 8.5 4.82 8.61 7.37 5.43 3.11 3.65 7.12 10.95 7.87 3.75 4.45 6.41 9.39 11.16 8.38 9.0 8.57 20.71 38.19 29.37 10.1 5.84 12.26 9.77 9.78 14.43 10.39 7.47 8.45 15.23 18.22 27.39 23.33 18.46
12.1 6.86 4.21 4.25 5.96 15.01 5.96 4.37 7.66 6.4 10.02 9.9 11.23 8.62 10.07 3.99 2.49 4.64 2.98 2.62 5.11 8.97 9.85 13.62 15.73 13.7 6.05 10.06 8.52 8.1 10.86 11.16 4.47 7.57 8.32 9.91 12.16 17.92 9.01 4.76 5.76 5.83 9.88 18.51 17.04 17.54 9.64 17.97 35.73 23.62 9.73 5.48 9.08 10.09 7.69 5.36 12.44 6.33 11.02 9.19 13.76 19.11 13.24 11.91
9.21 7.13 10.61 6.38 5.25 9.45 7.53 4.4 3.37 5.12 3.97 9.93 13.77 6.83 8.6 9.0 4.75 6.04 6.02 3.49 6.21 7.02 13.63 17.57 19.99 11.03 8.71 6.88 12.65 15.73 10.51 5.29 6.67 13.24 10.83 16.21 25.19 7.89 4.21 4.79 7.58 4.9 8.54 9.39 11.81 13.68 24.84 14.88 24.2 15.8 6.31 2.89 4.21 7.68 9.5 4.99 9.7 6.39 6.14 13.86 11.86 7.64 17.06 10.92
9.7 15.62 25.49 7.26 8.09 7.63 9.4 3.19 3.26 4.13 7.06 6.28 7.74 8.49 4.76 3.9 4.73 6.34 5.13 9.98 10.15 12.0 17.22 20.87 24.87 10.12 5.06 3.6 7.95 14.51 17.21 12.35 6.38 7.45 14.38 25.13 11.08 5.44 3.92 4.8 6.03 13.0 10.71 9.01 9.92 25.47 11.86 10.88 13.52 6.62 3.23 3.41 5.13 7.85 8.99 7.33 9.12 8.75 4.76 6.68 5.01 13.72 11.47 5.5
10.02 15.46 5.73 11.64 5.82 8.07 6.93 4.33 2.17 3.25 5.78 3.79 3.85 7.33 8.36 6.05 7.02 8.56 10.67 23.18 15.51 13.56 14.69 16.79 15.96 11.38 13.8 5.44 8.35 8.85 8.26 6.36 4.67 6.62 9.18 10.75 8.72 9.92 3.21 4.73 5.75 10.37 14.33 7.27 11.31 27.35 9.42 9.23 7.53 3.21 2.48 3.6 3.05 6.6 12.65 7.94 10.77 13.36 10.17 10.33 6.4 6.29 9.2 12.28
4.96 13.03 4.87 3.37 3.44 6.91 4.12 3.33 4.49 5.94 3.55 2.19 3.36 4.22 7.24 7.43 11.2 4.8 13.09 20.46 17.49 15.15 18.77 16.1 10.64 12.48 18.75 5.16 9.75 7.7 5.0 5.9 10.1 4.9 6.44 6.93 8.06 4.54 5.08 6.68 9.24 10.29 18.13 9.62 20.17 16.52 8.0 6.73 5.38 5.86 4.09 6.71 3.61 11.41 15.89 5.86 12.61 10.65 13.03 12.36 7.85 6.04 14.25 12.64
6.66 6.69 6.71 6.37 6.92 5.03 3.43 2.88 2.7 8.98 5.13 2.82 2.97 3.16 6.89 8.73 11.84 8.86 6.48 7.39 15.68 21.21 15.33 19.12 14.07 10.72 11.89 12.91 8.39 7.78 15.7 26.31 9.23 7.22 8.19 5.74 6.7 8.74 6.11 5.43 7.92 8.91 15.45 10.06 14.4 9.53 9.88 5.82 5.21 9.96 13.42 8.81 5.43 6.64 10.01 6.68 7.66 15.08 12.93 10.26 13.26 10.93 20.18 19.52
5.93 4.56 4.68 4.48 4.89 3.56 5.6 5.5 5.85 6.79 6.21 6.36 7.57 5.84 7.05 11.5 9.65 12.99 15.17 15.34 8.8 17.29 9.46 11.67 9.83 8.15 12.68 17.64 14.1 11.43 12.46 20.07 19.52 11.81 6.79 8.74 8.15 8.22 10.69 10.01 10.57 7.68 11.88 14.18 21.36 9.6 7.96 3.74 7.67 11.17 9.35 5.09 5.63 3.34 4.5 7.46 10.83 8.89 11.01 8.76 6.98 13.51 40.09 29.7
4.67 5.71 5.4 2.67 3.85 4.22 5.11 5.34 3.9 6.61 6.03 4.82 8.03 10.21 13.85 21.78 26.87 13.86 19.33 18.52 11.26 7.09 9.53 11.17 11.73 5.41 5.61 20.63 17.26 6.36 9.22 7.73 14.07 7.36 4.8 9.95 9.82 10.72 14.69 11.92 11.57 12.12 12.33 13.17 5.4 7.73 8.95 10.79 8.24 8.04 7.38 5.89 1.52 1.83 3.36 6.37 5.97 10.58 8.14 5.74 13.23 44.29 35.22 37.89
6.94 5.5 5.77 6.31 4.23 2.87 4.48 5.9 4.07 6.37 9.47 6.13 9.8 12.65 7.19 14.11 14.49 7.02 12.09 16.52 13.61 11.77 6.32 13.01 8.78 3.85 3.33 10.57 9.35 6.99 9.63 10.51 10.8 3.98 4.73 8.73 8.18 8.54 17.5 12.34 9.11 12.26 11.72 8.45 5.15 5.2 5.34 7.42 7.7 7.1 4.03 3.94 3.46 2.31 2.75 9.97 12.28 9.8 10.82 4.05 10.57 25.01 37.81 45.89
3.26 2.68 5.1 3.59 4.77 4.65 2.84 5.62 4.61 5.02 5.45 6.87 6.76 12.77 9.8 9.85 4.84 6.03 12.41 6.89 6.72 5.48 4.48 9.2 14.3 7.48 7.82 15.56 13.25 8.23 8.93 10.46 8.1 5.86 7.39 17.62 11.11 7.02 17.23 10.52 10.37 12.24 6.43 3.38 4.86 4.35 9.76 11.69 8.26 3.79 5.61 3.19 3.84 4.76 5.6 13.26 21.21 10.59 12.42 7.71 9.26 19.61 33.56 54.47
3.57 4.62 5.53 4.69 8.61 3.4 3.37 4.78 8.02 5.42 4.14 5.01 7.89 8.89 11.4 7.38 6.27 6.51 6.9 7.96 8.77 7.98 5.23 8.56 9.64 10.65 6.85 12.57 11.06 11.94 7.85 15.87 14.42 12.63 9.44 15.51 9.55 6.98 4.26 7.78 8.31 8.97 4.74 5.89 3.35 5.55 17.34 22.91 5.09 6.28 5.99 2.73 5.53 17.79 20.31 11.0 10.03 10.76 10.43 7.76 11.68 12.53 23.21 31.06
4.54 4.86 5.37 7.74 8.53 4.65 3.02 4.36 5.26 5.33 7.68 9.05 4.88 5.44 10.75 8.15 4.34 7.53 8.01 4.26 6.8 9.1 6.16 9.15 11.17 13.5 7.97 12.0 20.77 14.74 13.81 9.94 13.7 10.63 9.33 15.94 11.65 6.46 5.14 6.32 3.48 6.92 3.96 3.98 4.99 6.21 10.82 7.12 10.68 8.04 4.54 5.65 7.89 16.1 38.93 36.57 19.5 18.61 15.22 14.6 9.18 6.92 11.42 14.62
7.7 6.9 3.72 8.85 4.72 3.33 5.84 3.71 4.38 7.5 10.71 7.74 6.3 8.49 6.99 3.02 7.22 9.46 5.85 4.88 6.98 2.63 4.37 4.27 8.66 5.1 9.24 13.3 25.18 15.6 15.23 15.5 21.79 8.05 14.94 12.84 10.28 10.8 7.17 8.19 10.02 4.83 4.79 2.94 5.76 9.03 13.69 7.74 6.23 4.85 6.77 9.24 8.34 19.41 21.06 35.77 16.23 22.32 23.4 15.83 10.9 8.66 10.23 16.64
4.62 9.01 8.6 6.22 2.83 5.66 4.24 3.4 2.95 7.89 5.97 10.22 8.22 15.26 10.99 11.14 8.23 9.08 10.02 7.99 4.57 2.65 4.53 8.32 9.05 4.75 9.31 12.19 18.17 11.78 4.18 6.97 8.46 8.9 9.17 11.28 11.62 14.46 7.06 6.49 7.94 5.35 4.14 4.11 4.17 10.41 16.04 7.98 6.03 8.52 4.51 9.06 8.64 12.89 24.07 20.58 18.1 15.25 16.47 13.6 19.3 22.68 15.29 9.9
4.25 7.42 8.45 5.07 3.22 3.95 3.41 3.29 3.57 6.33 8.34 10.21 9.15 10.87 12.13 7.51 6.17 5.63 5.01 10.84 6.03 6.78 5.68 11.87 10.61 6.86 4.57 12.06 14.01 8.71 5.82 4.09 4.91 9.55 14.68 5.85 6.59 13.44 6.08 8.26 9.3 6.8 7.64 9.95 12.65 9.07 12.39 9.27 5.27 7.25 9.97 9.15 15.41 9.15 9.68 30.26 18.75 10.96 10.27 7.38 15.33 12.67 14.1 10.18
5.1 8.01 16.94 6.01 9.23 7.25 7.99 3.23 5.76 4.24 8.42 12.43 11.76 13.82 10.82 7.29 9.28 6.21 5.58 8.78 8.1 3.09 5.55 10.97 8.6 8.74 7.96 10.8 9.38 7.26 6.51 8.78 9.32 9.45 12.69 7.56 7.47 12.73 9.68 13.52 7.65 7.23 5.91 5.3 10.24 13.05 21.39 11.56 6.87 8.78 17.1 10.0 8.15 10.61 8.73 11.19 9.75 16.87 12.69 18.67 15.59 14.33 11.4 7.77
7.37 8.55 14.54 18.78 13.48 8.1 4.42 7.5 14.08 8.32 11.24 21.66 10.44 9.45 14.46 16.56 5.92 3.25 4.28 9.26 7.14 4.45 6.29 8.62 4.28 9.99 6.83 8.6 3.23 8.65 9.85 7.04 12.61 16.61 13.56 16.22 11.22 7.33 14.29 13.99 10.83 10.51 5.68 6.62 8.05 17.8 14.17 6.94 7.18 5.85 6.87 10.03 9.91 8.57 13.96 10.48 6.33 6.03 11.79 11.75 22.63 15.87 7.87 6.64
