14.73 18.23 17.89 18.07 8.52 9.1 14.62 11.66 14.81 14.82 14.19 12.33 10.33 12.67 11.53 13.15 14.72 12.95 7.83 8.42 6.87 6.95 8.74 9.68 4.66 3.58 4.65 9.66 14.24 11.95 11.79 10.19 10.36 4.66 7.35 5.6 3.36 3.02 5.83 4.32 6.46 6.82 7.26 3.19 4.25 4.88 5.34 10.81 6.15 4.66 6.1 9.6 14.87 12.48 8.57 7.59 7.38 2.46 5.23 3.92 3.91 6.4 9.78 17.17
12.39 15.02 11.82 13.12 15.18 15.83 10.3 12.05 13.73 27.57 31.28 16.57 12.69 23.7 18.59 11.65 14.83 11.19 6.01 10.68 7.42 9.84 4.83 6.51 5.94 4.48 5.69 8.62 13.66 16.59 17.67 6.71 6.54 6.9 7.02 8.56 2.68 3.53 5.59 5.69 7.07 7.24 4.91 4.51 4.81 3.85 5.25 3.96 4.1 5.03 8.39 8.95 11.08 11.47 7.43 7.67 4.22 1.96 3.36 3.4 4.76 8.8 10.87 20.97
16.61 12.44 15.6 14.9 17.29 14.0 7.57 11.21 17.83 25.06 24.15 14.35 8.56 10.68 15.93 10.18 4.86 9.04 10.46 13.32 5.18 10.18 6.15 5.21 5.74 4.25 4.74 7.42 15.51 21.17 11.04 8.3 7.08 23.15 11.36 3.87 3.94 5.39 7.38 4.05 4.76 3.6 3.58 6.12 7.33 4.67 7.23 5.06 2.83 6.0 8.87 11.89 7.33 4.57 8.26 5.48 1.89 3.33 3.75 3.47 3.56 8.0 15.65 22.07
13.18 15.29 24.58 21.3 9.96 13.55 7.9 7.72 9.38 11.11 16.93 5.69 6.39 7.24 10.02 10.98 10.3 5.92 7.59 5.25 3.94 5.89 3.43 2.34 4.56 3.45 8.21 10.98 9.64 13.68 9.63 7.99 16.83 22.6 8.46 5.87 9.52 7.35 6.27 6.33 3.52 3.47 3.57 7.73 5.6 6.28 9.93 7.21 2.47 3.73 12.03 7.63 8.98 4.68 3.84 6.32 4.69 4.64 4.55 4.45 5.25 7.39 14.69 11.46
8.23 14.46 21.6 13.02 8.72 10.08 7.92 6.81 6.05 6.2 7.5 3.72 3.98 4.54 9.95 13.76 12.46 7.62 8.57 6.42 4.33 5.43 3.23 2.77 6.38 4.09 5.17 5.37 8.18 9.08 7.71 10.04 22.39 18.05 10.57 10.82 8.28 7.52 6.65 4.7 3.88 2.65 3.95 4.23 3.53 6.72 8.6 5.05 3.01 3.05 7.53 11.8 9.98 8.87 4.44 6.01 6.87 5.88 3.25 3.95 3.23 7.66 10.93 8.3
9.22 13.9 9.13 7.79 7.06 9.29 7.38 4.64 7.63 5.24 5.79 3.61 3.77 4.26 5.71 9.65 6.1 7.83 7.95 6.62 12.06 5.13 4.81 3.75 7.28 2.66 3.5 3.07 5.85 6.93 8.45 23.47 14.5 14.27 15.75 6.37 5.13 7.8 4.52 5.48 5.95 6.86 7.04 4.04 5.84 6.58 3.84 4.05 4.04 3.88 7.48 13.63 11.73 12.0 6.56 8.22 8.36 6.16 4.97 3.38 3.44 5.34 8.2 10.67
8.77 18.41 6.44 5.05 6.32 5.2 5.36 6.22 2.39 2.77 4.53 2.9 7.28 10.48 7.03 6.54 3.96 7.08 6.31 3.67 5.97 5.15 4.86 4.6 4.45 5.69 5.48 3.75 4.53 7.93 7.87 9.68 10.82 10.47 10.59 4.85 4.82 8.63 8.32 3.54 2.58 3.85 7.81 3.96 4.84 5.25 8.44 4.48 5.93 5.36 7.43 15.9 12.78 15.05 9.25 3.94 7.73 13.17 5.7 1.85 3.21 5.55 6.88 7.5
18.27 13.16 8.66 7.16 8.42 10.21 4.2 4.19 3.51 2.25 5.53 5.35 6.33 17.46 17.42 7.62 6.48 8.07 4.06 4.8 5.71 3.28 3.74 9.17 6.22 7.09 15.26 4.54 2.5 5.32 3.54 7.02 5.65 13.54 12.67 5.87 7.99 7.24 3.71 3.12 2.18 2.64 4.47 7.18 6.38 6.65 4.51 7.63 6.86 5.71 15.01 7.61 14.01 13.01 10.43 4.17 5.86 7.76 9.22 4.49 5.77 7.68 9.03 6.43
10.53 9.02 7.18 4.91 6.62 7.45 5.46 3.77 5.92 5.22 3.13 5.48 9.36 10.75 9.14 15.24 15.29 13.92 3.46 5.26 4.15 3.66 4.71 7.36 13.37 15.22 14.29 6.87 3.55 5.97 4.08 8.21 8.43 15.94 9.84 10.85 8.58 5.33 3.7 2.28 3.79 5.26 5.14 7.31 5.67 4.56 6.18 8.4 8.61 9.05 6.78 10.65 22.71 20.92 6.97 4.3 4.86 10.0 7.42 3.73 6.09 7.41 6.26 5.01
16.11 8.05 4.86 6.13 10.43 7.47 4.53 4.79 10.22 5.68 6.1 5.59 3.81 4.1 7.46 19.17 13.37 11.11 7.57 6.72 5.45 3.91 6.37 6.9 12.15 23.85 11.3 8.77 6.29 7.47 5.05 8.38 13.5 13.15 13.21 15.81 16.96 5.52 4.37 5.6 6.85 12.78 4.29 3.6 4.66 3.29 3.91 11.96 6.8 12.57 8.05 6.24 15.44 9.03 6.15 6.72 4.93 5.41 6.91 3.45 4.78 5.65 3.47 7.61
9.1 8.55 7.9 18.47 7.85 6.15 6.84 4.36 9.54 6.91 6.05 5.17 4.73 8.56 12.7 11.01 11.49 17.8 8.8 3.37 5.3 3.54 2.92 4.45 8.91 16.96 14.07 10.45 12.62 10.6 11.02 7.82 13.17 8.64 11.62 9.63 8.68 5.87 6.4 4.67 5.82 7.39 4.64 2.82 4.35 2.36 4.13 7.89 6.99 7.09 4.15 6.1 14.75 13.03 7.8 4.7 5.44 6.54 4.64 4.85 3.59 3.87 3.95 8.83
12.72 14.81 12.17 13.45 8.51 9.22 6.94 6.63 5.89 10.64 13.33 6.5 5.16 13.54 17.89 23.06 12.85 15.26 8.36 4.4 3.73 5.33 2.64 2.48 5.35 6.53 11.58 10.01 12.21 10.15 11.95 8.59 6.51 5.5 10.12 13.57 9.03 7.34 5.1 4.97 7.09 4.33 3.23 4.18 2.75 2.36 4.43 4.3 3.94 5.76 6.12 7.35 8.51 8.29 4.58 4.49 6.27 5.64 3.9 5.69 5.54 6.3 4.95 8.96
6.18 5.14 9.08 14.44 16.25 7.1 4.23 6.67 9.7 17.88 7.87 6.65 12.75 18.87 9.24 15.4 22.93 11.45 8.9 4.72 2.81 3.65 6.55 4.33 5.17 6.85 12.24 11.9 9.95 7.96 6.24 4.93 7.08 5.55 11.63 9.34 6.89 6.9 8.0 4.7 6.08 5.27 4.23 3.28 3.11 2.56 3.59 3.93 8.06 5.74 3.98 10.24 11.98 12.0 6.15 3.65 3.95 4.27 3.12 10.04 4.55 4.47 12.09 15.44
10.15 7.93 10.15 19.58 23.81 8.06 3.8 4.89 7.9 12.07 12.8 8.42 10.47 7.18 11.15 22.78 19.09 14.4 5.66 2.53 2.44 2.74 4.27 7.84 6.92 7.87 13.51 8.67 4.83 4.64 4.6 4.92 2.83 5.03 5.5 4.71 5.17 7.01 10.56 8.44 11.62 7.19 5.61 2.33 1.71 2.06 3.28 6.34 5.97 6.86 8.23 13.45 17.12 8.88 12.67 4.37 6.93 5.71 2.91 6.04 6.26 2.74 11.04 15.09
11.94 8.28 4.51 15.39 18.14 9.03 4.0 4.28 11.65 7.68 7.65 10.52 7.39 8.08 12.2 10.32 11.2 8.15 5.8 4.29 6.05 2.77 4.29 6.79 10.1 15.65 14.71 7.01 5.34 5.58 3.49 6.68 3.57 4.93 3.08 5.83 4.03 6.86 7.59 13.48 11.42 7.89 4.81 2.52 1.4 2.26 4.11 10.52 9.92 7.85 8.01 16.03 11.36 10.41 9.58 19.31 7.08 3.6 4.49 6.42 3.23 3.43 5.36 7.47
14.6 7.28 7.5 5.32 6.99 5.92 4.66 5.64 6.0 4.63 5.9 8.18 7.0 12.91 15.14 11.88 22.05 7.91 7.05 6.02 7.27 2.03 3.53 5.15 11.55 19.13 10.62 6.79 6.88 4.53 6.29 9.3 4.21 4.61 5.32 4.55 3.67 5.07 7.62 9.7 6.49 5.71 11.07 4.1 3.79 3.56 4.15 8.42 4.89 5.76 5.19 12.86 10.05 12.78 13.93 12.37 15.39 5.65 7.94 3.59 3.02 2.65 2.72 6.02
13.65 12.05 3.87 7.84 6.3 6.14 4.06 5.7 5.44 4.46 4.49 11.22 7.17 9.45 28.53 15.82 14.35 10.7 6.56 8.84 9.61 3.92 5.38 8.56 8.47 15.77 11.32 7.89 3.9 6.49 10.14 5.36 5.14 6.31 5.81 3.54 4.9 3.99 3.52 6.15 8.11 8.14 18.2 10.63 4.88 6.21 4.77 4.78 3.62 5.53 13.25 15.97 13.77 13.18 15.11 7.54 9.48 6.24 7.98 5.17 2.36 4.42 4.83 7.11
12.29 5.77 8.86 5.04 8.48 7.41 5.85 7.86 5.8 7.78 9.22 6.61 5.75 6.66 9.93 18.76 16.68 12.42 9.57 7.73 6.47 8.65 3.61 9.36 9.14 15.81 9.45 8.45 3.23 8.98 12.15 4.23 2.81 10.58 7.73 3.45 5.09 3.14 7.66 4.85 5.63 13.5 7.91 8.27 9.48 8.28 5.7 5.24 3.34 8.46 14.63 7.84 18.66 8.59 7.64 7.52 7.32 7.7 6.52 7.76 4.54 4.8 5.92 5.29
8.03 4.5 9.71 4.77 4.64 6.66 7.33 8.05 9.56 8.92 8.48 5.33 9.68 9.13 6.97 8.72 16.7 9.46 9.49 10.95 7.55 10.05 9.82 9.86 13.25 15.22 19.24 11.28 7.76 11.41 5.38 4.55 6.26 9.81 9.07 6.36 4.71 5.45 5.98 2.71 4.99 6.07 10.13 13.24 4.22 5.54 5.43 5.22 10.29 9.55 6.03 4.22 8.3 6.95 8.67 7.55 10.08 7.02 9.23 7.76 4.1 2.97 4.87 7.48
6.37 8.13 5.21 3.8 4.01 4.66 4.66 5.77 9.12 4.26 5.78 6.49 11.49 6.98 3.82 7.69 7.96 6.95 7.43 10.05 7.65 10.44 6.77 8.44 11.82 15.25 12.62 7.74 5.45 12.41 15.6 7.52 12.27 10.96 12.28 6.32 3.66 3.99 5.15 3.41 4.94 10.94 8.17 8.99 5.03 5.65 5.1 6.27 10.46 10.47 4.44 2.71 5.75 8.08 19.49 11.49 8.82 8.96 5.2 3.41 4.21 3.11 3.45 7.37
4.51 9.28 5.27 6.11 5.43 2.91 4.62 5.39 6.11 2.88 4.17 6.68 8.72 9.96 8.0 9.02 7.38 9.18 14.49 6.65 5.82 10.09 11.64 10.38 11.0 10.07 13.21 14.42 14.7 11.0 31.97 13.99 16.01 8.11 8.31 2.98 3.11 4.75 4.07 4.38 2.84 11.17 9.27 8.08 3.35 4.26 3.8 4.63 6.94 6.6 6.57 3.6 2.03 4.98 13.74 7.06 3.97 8.2 4.32 6.21 3.71 2.41 3.23 3.67
3.62 4.49 5.62 5.72 12.33 6.35 11.07 5.37 3.76 6.8 7.09 10.0 16.2 14.26 11.37 10.08 5.75 14.96 7.16 8.31 9.52 9.43 18.07 21.23 13.74 17.27 21.66 7.65 18.92 12.96 11.07 15.63 20.86 11.17 10.0 4.21 5.54 4.25 3.81 3.79 6.64 4.34 4.26 2.92 3.23 2.66 3.3 5.2 7.27 5.9 9.22 5.48 1.43 2.89 5.27 3.69 2.24 4.49 4.4 6.91 5.53 4.25 3.65 4.11
3.16 2.65 5.15 5.54 8.94 13.25 15.11 6.24 8.07 21.91 20.38 13.7 17.01 21.05 9.26 9.5 10.95 15.91 11.46 13.43 17.39 7.14 11.49 22.95 21.23 13.18 16.22 23.07 18.49 16.02 5.52 8.26 14.26 11.65 9.92 4.56 4.53 3.3 4.32 7.31 4.48 4.51 3.89 3.44 2.32 2.96 2.08 3.22 10.47 4.72 8.86 3.05 2.29 2.69 2.84 3.68 3.38 2.96 3.88 9.66 6.35 4.63 2.97 3.17
3.56 3.76 3.72 4.96 10.2 11.17 20.29 12.66 20.54 25.71 17.21 25.46 24.31 15.05 10.23 12.19 16.17 24.51 9.34 12.95 16.91 8.23 9.09 13.17 14.0 16.0 10.96 16.85 13.68 8.23 3.46 5.89 8.13 15.11 6.5 6.07 5.73 4.51 3.19 5.56 6.72 6.78 3.51 2.9 2.68 3.02 2.12 2.82 10.69 5.95 5.78 4.38 4.15 4.23 4.28 4.19 4.27 6.21 5.62 6.74 7.65 5.39 5.07 3.23
6.98 8.23 8.73 9.75 10.07 12.35 11.08 12.69 39.68 39.88 23.16 39.59 27.15 14.84 12.75 14.08 14.9 16.53 15.51 13.22 17.3 11.37 19.75 12.11 14.94 12.56 10.13 6.39 6.86 6.36 2.96 3.12 4.64 17.22 6.77 4.63 3.26 3.94 4.1 5.59 2.74 5.28 2.42 3.06 2.54 2.41 2.83 4.58 7.64 9.85 6.08 3.51 4.47 4.12 2.35 7.5 7.04 10.01 15.05 20.56 13.98 5.79 9.58 4.4
14.15 11.04 14.13 8.86 12.9 7.93 8.39 15.96 19.71 35.18 39.88 53.21 16.69 16.62 10.68 9.07 11.21 11.1 15.22 10.97 13.06 10.65 12.91 9.61 13.64 12.92 5.69 10.95 7.14 5.57 6.21 3.78 9.35 15.01 9.32 4.32 5.73 4.55 8.56 10.45 4.57 3.56 2.41 1.7 2.37 1.42 6.22 8.38 6.93 8.93 8.01 7.59 4.51 4.53 3.02 5.0 3.41 7.17 17.07 21.76 13.07 14.97 9.41 8.22
9.28 6.59 10.81 10.74 4.83 8.92 13.87 11.49 17.06 17.09 19.61 36.19 12.99 5.43 4.77 9.93 13.94 8.85 12.61 11.07 5.96 7.36 9.47 7.13 9.59 9.52 6.78 13.85 5.51 6.54 7.75 3.98 6.55 10.78 14.22 6.43 3.94 7.23 10.02 9.62 4.2 2.58 3.11 2.27 1.51 1.35 4.39 8.75 4.99 3.59 11.31 6.33 4.4 5.27 3.43 2.74 3.56 5.18 9.25 9.24 8.82 16.33 8.19 9.41
8.65 5.47 5.25 5.66 5.56 4.83 8.91 16.22 9.47 10.24 10.62 18.8 21.84 5.85 6.24 8.35 9.29 7.99 7.58 6.01 4.79 3.79 4.57 5.68 6.54 4.64 4.89 8.79 10.36 8.16 6.25 4.95 8.59 11.63 10.73 13.13 5.45 3.02 7.36 4.3 2.81 2.71 4.53 4.15 2.42 1.89 5.77 3.51 6.32 4.96 4.38 3.02 4.36 6.73 4.65 4.34 3.82 5.16 5.01 7.21 4.98 4.0 10.61 11.62
7.35 5.72 5.73 4.37 3.07 4.25 4.08 12.91 6.04 6.83 8.24 13.34 11.87 8.23 3.33 3.26 8.84 9.07 5.52 3.03 5.09 6.47 8.72 5.38 8.76 5.75 5.87 4.19 5.93 6.82 3.36 5.91 13.17 12.77 10.18 12.0 12.0 4.82 5.35 3.35 1.59 1.82 4.76 6.89 4.09 4.15 3.6 4.64 7.52 5.05 3.56 3.39 4.03 2.95 3.36 3.9 6.41 4.36 9.29 7.07 9.68 6.66 11.59 11.32
2.74 6.99 3.91 4.44 3.16 6.29 6.53 10.31 5.48 7.46 7.79 10.97 8.96 7.37 2.84 3.45 4.77 6.27 5.69 4.19 5.74 10.71 3.66 4.63 6.42 6.31 5.36 8.87 7.2 5.98 9.77 11.66 23.57 10.6 10.85 13.67 8.72 11.5 4.47 2.53 1.42 2.42 5.44 7.76 5.64 5.66 5.6 6.54 10.61 7.13 3.41 8.44 2.17 2.23 2.92 4.48 6.26 9.34 9.13 13.33 12.54 8.15 8.09 16.41
1.68 3.91 8.78 7.97 5.65 6.44 11.54 8.09 5.44 4.16 8.39 9.37 7.26 4.73 2.96 2.24 6.48 9.23 9.66 5.89 6.58 7.11 4.59 4.65 5.02 6.79 9.25 7.87 4.79 6.2 9.33 6.63 17.56 13.09 10.79 9.57 6.64 8.78 5.86 3.09 2.03 3.12 6.22 7.2 5.64 6.66 5.66 9.1 8.74 8.0 6.48 6.68 3.59 4.46 7.01 7.31 8.12 11.1 12.96 14.04 12.48 17.76 14.76 20.74
1.86 2.45 5.82 6.12 4.97 8.07 15.6 9.85 9.91 9.05 9.89 18.48 7.62 3.76 5.24 3.53 8.3 7.27 4.59 5.59 7.77 5.7 8.86 7.08 4.89 8.96 13.64 12.45 5.44 11.96 13.64 6.62 7.71 12.41 9.35 9.56 11.34 9.09 4.85 2.35 2.93 4.03 6.39 4.35 5.77 5.22 9.6 9.54 7.02 12.51 11.41 7.16 3.79 4.98 6.24 6.55 3.78 5.04 12.3 14.56 13.6 11.25 17.15 25.32
2.95 2.32 7.82 8.34 4.59 8.37 10.46 13.19 10.08 10.16 11.13 6.6 10.64 5.93 7.46 5.1 8.11 9.54 7.77 5.27 5.27 9.86 9.29 10.02 6.31 11.65 9.19 12.01 22.51 11.67 5.74 10.32 7.86 7.94 6.94 9.03 8.29 11.28 3.95 4.74 4.74 4.3 7.48 8.03 5.18 7.77 9.92 5.94 5.51 11.94 8.26 5.27 3.55 5.75 8.19 5.0 5.22 7.21 18.11 14.68 13.36 7.69 10.47 26.84
2.13 3.66 6.43 7.46 4.1 11.03 25.95 24.38 36.71 18.67 12.56 8.45 8.14 5.04 5.8 4.66 5.94 3.24 4.88 6.96 5.78 7.0 6.41 5.12 7.26 7.62 7.57 13.79 16.72 7.71 5.01 8.38 15.5 7.89 6.75 6.78 5.92 7.89 6.78 3.41 2.98 4.67 11.1 13.64 9.38 11.36 10.97 9.06 7.81 4.58 9.65 4.34 3.35 6.46 4.38 3.94 4.77 9.52 18.99 12.92 7.14 8.05 9.84 9.59
3.67 4.22 8.36 4.81 6.38 16.83 35.51 30.87 26.2 22.98 8.02 6.93 10.57 10.17 6.02 7.77 5.09 3.04 5.03 9.77 9.04 6.95 2.74 5.2 7.52 8.59 7.87 8.79 5.92 3.97 2.55 5.67 11.85 8.24 7.52 8.94 6.24 4.7 4.85 3.98 5.13 4.11 7.44 7.13 10.25 9.58 9.24 8.32 6.79 8.94 6.33 5.39 2.94 4.12 4.06 4.83 10.14 14.65 23.06 17.55 19.38 7.71 9.83 7.43
3.8 5.19 5.23 9.3 12.55 19.88 36.57 32.32 16.44 14.99 9.02 10.56 17.23 15.66 12.74 7.05 4.13 3.79 5.09 3.49 4.44 5.26 3.03 7.23 10.44 19.99 8.67 6.86 4.38 2.64 1.82 1.85 4.42 5.12 9.81 8.03 5.35 7.99 6.45 3.71 4.15 3.89 4.74 6.39 9.69 4.66 7.82 9.85 7.58 9.13 4.91 6.46 7.03 4.88 7.79 6.46 5.52 11.78 25.2 18.68 8.89 17.62 11.32 18.84
5.42 4.71 5.26 6.36 13.75 19.17 33.97 14.07 12.24 9.82 12.73 6.59 9.89 22.91 8.88 6.15 5.47 4.57 6.07 4.52 3.27 3.93 6.76 12.68 8.38 6.62 5.39 4.79 4.02 3.56 3.84 2.42 4.2 4.44 5.59 5.97 8.53 7.28 5.41 5.88 6.1 7.8 10.48 6.14 12.33 11.56 5.86 6.35 5.4 4.66 7.78 8.63 20.38 12.63 16.23 13.48 9.58 7.97 20.65 13.15 14.63 13.98 10.62 22.63
2.46 4.1 3.49 6.55 8.26 17.88 20.59 16.81 9.44 8.47 6.66 10.68 8.78 6.99 9.31 3.93 3.57 5.46 4.61 3.73 3.99 6.6 7.3 7.13 6.65 5.19 8.88 5.69 7.42 5.45 6.37 3.04 4.84 6.06 4.7 5.56 9.61 12.18 6.0 7.92 7.73 9.93 16.15 13.48 8.55 21.1 13.64 5.71 7.69 5.51 4.74 5.26 8.81 22.45 13.27 10.5 9.13 11.09 12.54 10.82 23.15 14.25 11.99 12.16
3.16 4.48 3.76 5.01 5.95 7.58 8.61 16.68 7.84 5.81 4.5 12.81 11.2 6.23 6.33 4.98 3.28 3.83 3.22 4.12 3.79 10.38 12.35 10.79 7.4 9.71 17.64 13.63 8.41 4.08 4.96 4.79 5.51 7.21 7.6 7.29 24.8 17.76 8.57 9.24 8.3 11.4 7.94 7.09 8.27 17.37 13.74 13.52 10.33 8.27 4.56 4.22 10.57 11.29 8.58 14.08 10.96 9.87 9.81 11.97 12.77 15.97 11.9 7.02
1.6 3.71 3.67 4.89 5.93 4.81 6.97 6.73 5.37 3.09 3.75 6.09 5.59 8.79 5.31 4.04 2.38 2.06 2.5 2.29 4.11 11.57 16.76 6.94 5.9 15.64 17.92 20.42 19.0 5.95 6.87 6.46 6.27 5.47 11.18 19.69 16.82 18.89 9.81 14.97 7.58 11.16 11.39 12.17 8.42 9.26 6.4 5.67 11.49 10.26 5.38 5.1 5.12 6.44 12.02 11.11 8.02 12.09 8.64 11.27 8.09 6.72 7.08 8.2
2.67 2.08 3.94 4.34 4.88 5.13 13.37 7.37 6.07 3.64 5.81 7.23 6.08 7.02 4.52 2.42 1.63 2.25 3.07 3.44 4.62 10.78 11.42 15.38 7.96 6.47 20.1 26.81 21.26 7.9 10.1 8.35 5.89 4.55 6.56 25.05 13.37 17.23 8.49 8.91 7.79 4.54 8.05 7.18 5.31 3.27 4.87 5.45 6.08 6.71 5.31 8.89 5.6 5.6 7.95 13.41 9.4 6.93 7.7 6.96 6.65 3.61 6.13 9.37
3.93 3.73 5.3 3.95 4.42 9.58 12.43 6.66 7.06 7.5 7.97 8.75 9.64 10.44 3.46 2.58 6.17 3.74 4.36 3.72 4.07 8.7 11.41 8.98 16.16 6.41 8.94 21.17 16.62 13.16 11.05 13.57 8.5 8.6 8.74 13.17 13.27 14.07 7.32 4.12 4.89 3.79 4.26 8.05 6.53 4.47 3.33 3.71 3.73 5.54 4.74 5.58 7.6 7.48 9.18 11.19 10.02 5.86 6.39 8.35 8.59 4.2 7.16 7.72
5.82 4.65 5.47 3.97 7.22 7.92 12.17 9.28 9.44 9.52 8.39 7.19 13.99 6.92 5.58 5.12 7.87 6.84 4.76 6.25 3.5 7.15 13.11 9.32 10.47 19.26 10.33 7.03 24.18 22.52 15.47 14.63 13.87 13.42 6.65 10.03 9.99 7.41 7.27 5.17 4.7 3.59 5.02 4.25 8.97 5.57 5.55 3.39 4.67 7.04 5.67 6.89 7.9 10.86 10.38 9.94 6.5 3.8 4.96 6.58 9.48 5.73 6.74 4.27
5.16 5.85 3.69 4.59 4.71 7.7 7.13 6.31 7.35 15.37 9.37 7.25 13.0 5.66 5.45 5.95 8.13 8.72 11.84 3.89 3.69 12.33 11.91 6.99 9.44 7.98 11.89 10.04 14.59 16.97 15.49 18.77 19.12 17.52 11.52 10.33 11.02 9.17 8.98 4.15 4.44 6.32 4.85 3.85 9.44 12.41 4.14 3.21 7.25 6.81 13.08 9.98 11.38 8.56 11.57 9.38 5.81 6.47 7.1 6.75 6.33 4.07 5.75 3.87
5.59 6.25 6.26 6.03 5.0 6.96 4.86 8.78 5.87 14.94 12.2 12.42 5.43 6.88 6.9 6.19 4.72 8.57 8.48 6.79 5.71 8.41 9.25 12.3 8.17 6.42 9.12 21.33 13.29 12.68 12.15 19.71 8.88 14.28 13.43 7.44 8.8 7.19 8.02 3.81 4.84 4.49 7.89 6.28 8.16 15.61 7.16 6.33 4.39 6.06 14.39 17.38 10.23 11.03 11.02 10.12 9.35 6.23 5.92 4.7 4.49 7.26 3.66 5.15
10.41 7.79 4.09 5.24 3.59 5.1 3.08 5.58 10.61 13.01 14.93 13.84 10.29 7.22 7.37 6.38 6.26 6.88 11.91 16.03 7.05 6.25 15.36 20.01 7.33 3.88 10.15 20.99 28.74 18.65 17.42 18.82 18.13 17.56 14.7 10.38 6.68 14.84 12.21 5.24 5.19 4.61 6.38 8.38 8.48 9.3 6.81 5.83 4.61 6.29 8.02 20.95 17.67 9.53 17.74 9.09 6.5 3.91 4.32 5.22 3.5 3.25 3.24 8.77
7.74 8.33 6.3 5.28 5.19 5.45 6.41 8.73 7.42 7.36 10.0 7.32 10.15 7.62 7.18 10.29 9.01 8.37 10.81 16.88 9.35 13.8 12.43 15.53 5.95 4.04 12.15 18.98 25.28 19.1 28.2 14.38 11.49 17.88 8.5 5.79 7.19 8.31 6.48 6.24 4.56 4.79 8.73 7.98 6.68 6.84 15.65 6.78 3.95 4.22 4.88 9.32 16.4 9.94 15.58 13.77 8.06 9.44 3.41 4.93 5.78 5.02 6.59 7.93
11.03 7.7 7.81 7.04 5.77 7.92 3.96 5.18 11.13 8.07 7.77 8.25 17.16 10.68 14.6 9.8 5.85 7.42 8.1 10.36 6.99 15.1 31.15 12.26 7.8 3.14 7.63 9.34 17.32 17.19 6.74 15.97 15.55 23.6 6.86 4.98 5.92 7.77 7.69 6.74 6.79 5.64 3.86 8.23 5.16 6.88 5.25 8.75 5.74 4.27 7.18 11.1 12.1 12.9 12.14 12.97 7.93 5.67 6.23 6.08 4.63 5.65 6.86 8.61
10.31 10.16 9.62 4.61 3.44 7.45 4.94 4.81 5.31 5.92 7.66 6.67 14.8 7.46 11.17 7.89 6.04 4.27 3.96 6.7 18.74 32.08 23.7 9.99 6.75 3.84 8.77 6.3 8.72 10.05 6.68 12.5 17.2 9.05 7.8 6.08 8.19 10.36 5.73 4.65 11.39 11.23 5.52 6.59 8.46 7.26 7.42 5.04 5.27 4.65 8.25 9.53 13.69 9.9 6.07 12.07 10.82 8.79 7.56 6.61 5.7 7.31 9.64 8.56
8.74 8.8 4.49 3.29 3.7 4.43 7.52 5.46 3.56 3.96 6.22 8.81 6.43 6.3 9.33 12.42 4.3 5.44 5.42 8.33 14.34 8.59 13.34 7.05 6.02 8.0 10.46 5.46 10.62 14.85 11.77 16.89 11.24 12.8 10.84 11.54 10.32 8.21 5.61 8.89 13.58 9.67 12.91 13.97 10.77 13.63 7.26 7.33 5.54 6.37 8.8 10.45 10.74 9.9 12.04 8.88 13.04 6.39 6.44 6.25 4.52 7.62 7.09 5.56
5.46 7.8 6.04 4.42 3.57 2.39 6.37 5.14 2.79 2.09 4.69 7.76 6.05 8.11 5.82 7.95 2.45 6.6 9.08 6.22 5.9 8.19 9.52 6.19 5.31 7.19 6.68 7.25 9.15 10.99 18.33 25.43 7.05 10.47 12.32 11.9 13.99 7.01 7.3 6.77 11.32 17.78 32.11 15.71 17.57 10.08 8.43 12.81 11.42 10.18 7.42 11.09 11.99 43.47 20.96 12.46 11.63 8.83 5.67 6.46 6.43 8.67 10.46 8.64
6.45 7.47 11.89 4.29 3.2 3.38 4.04 5.44 3.98 5.6 13.74 9.98 10.67 6.4 4.68 3.4 5.32 10.07 13.24 7.7 5.94 6.72 5.5 8.58 5.46 5.5 7.9 12.91 10.65 17.25 18.95 23.73 7.98 4.03 9.38 10.89 9.62 4.31 8.12 8.8 9.78 13.91 24.2 9.31 9.76 9.46 13.51 17.47 15.18 10.29 9.43 9.02 12.37 20.85 18.84 11.21 12.7 4.54 6.48 5.5 9.79 15.06 9.75 6.54
4.24 12.04 6.35 4.02 3.08 3.6 1.96 3.06 9.72 13.96 13.88 10.97 11.39 6.84 4.33 3.44 7.87 8.45 6.03 10.8 7.04 5.88 10.52 6.31 5.51 6.54 7.43 20.99 7.65 10.84 12.21 7.49 5.19 6.41 5.6 8.99 15.94 5.95 8.06 8.79 8.51 12.07 10.38 6.88 8.61 9.7 12.21 13.32 13.21 20.98 21.76 10.94 23.4 20.82 17.61 21.73 10.89 6.03 7.64 6.15 7.47 15.22 8.24 6.21
3.7 9.93 5.26 5.02 4.09 3.49 2.19 4.62 11.66 10.9 7.46 6.9 6.02 6.04 3.87 3.2 4.15 7.99 9.71 8.54 5.59 3.78 6.39 4.58 6.56 8.59 7.24 13.58 11.69 6.29 8.41 7.36 3.92 7.08 9.19 5.02 4.48 5.08 15.87 13.55 5.36 10.03 9.93 13.91 10.13 10.26 12.93 13.17 11.63 18.1 9.03 17.53 22.14 16.8 16.47 16.12 4.84 7.43 9.5 5.71 12.3 8.49 11.91 7.94
5.7 8.73 3.19 3.75 3.87 4.4 2.05 4.91 4.52 5.25 3.98 5.07 4.01 5.96 6.35 3.9 3.98 9.76 12.1 5.04 3.93 3.48 4.17 4.32 6.26 11.67 7.04 9.83 8.48 6.3 11.16 9.4 8.82 4.27 6.32 5.16 7.48 5.26 10.53 6.64 7.43 8.54 5.25 15.25 11.66 4.66 6.12 10.17 6.13 12.81 16.38 30.18 25.55 18.26 12.92 11.28 7.46 10.11 10.74 10.55 12.82 10.98 5.51 13.37
6.72 6.33 4.44 4.28 4.3 5.06 6.72 3.1 3.79 2.11 4.11 3.87 4.66 9.02 3.46 2.78 2.88 7.12 10.0 9.01 4.06 3.73 5.49 9.31 11.97 12.15 7.35 7.38 4.88 5.31 9.3 11.67 11.17 6.36 6.86 5.67 4.28 6.21 5.49 6.7 8.84 5.94 10.52 11.06 4.75 3.87 5.66 7.83 6.7 8.16 5.92 9.57 7.96 7.32 7.22 8.03 28.19 16.14 12.17 20.56 13.91 13.6 9.18 15.25
9.34 6.7 2.81 4.13 5.29 3.13 6.06 2.47 2.47 3.94 5.22 3.16 4.57 3.99 2.97 3.47 4.9 4.94 13.57 9.59 6.06 3.73 5.3 7.59 7.64 10.88 7.15 4.82 7.29 8.49 12.16 17.44 21.28 8.69 8.26 7.24 3.71 11.44 5.9 5.03 7.17 10.82 4.78 5.8 4.03 3.19 10.29 5.11 7.49 11.36 8.05 8.99 6.68 4.21 7.58 7.71 19.12 28.29 8.42 15.49 26.33 14.48 9.45 7.08
7.72 5.11 5.68 3.36 6.7 6.62 8.28 6.49 6.86 5.45 2.8 1.59 2.83 2.43 4.69 6.8 7.06 8.95 14.56 8.72 5.75 4.42 7.96 5.53 8.08 9.27 7.93 4.39 5.89 10.59 5.64 4.89 6.83 11.03 11.9 6.66 4.06 7.17 16.54 7.89 5.22 9.21 4.88 4.79 3.12 4.99 3.55 4.96 9.68 9.39 7.72 7.05 10.31 5.45 6.95 5.02 16.58 12.02 17.73 24.42 32.27 29.67 24.21 10.13
6.83 7.42 6.02 5.22 6.46 8.6 9.16 8.97 7.66 3.93 3.7 2.72 2.84 4.19 6.03 11.85 25.25 32.76 8.6 3.86 8.83 5.3 6.51 4.08 4.87 4.38 5.86 5.43 6.86 4.75 5.54 9.72 10.78 8.61 11.86 5.49 6.1 7.73 7.74 6.08 3.34 4.25 5.43 7.37 4.56 7.9 7.18 7.58 10.8 5.45 7.95 17.05 28.92 8.17 5.65 6.76 13.05 12.99 23.43 28.71 32.19 24.56 13.76 6.43
8.72 7.88 6.01 5.27 8.05 4.3 6.4 5.68 5.94 3.65 1.92 3.66 2.72 7.24 6.97 13.55 16.01 15.97 6.07 9.68 8.53 10.54 6.07 6.83 4.03 4.24 2.8 3.97 3.97 3.63 8.18 5.81 5.63 9.13 11.1 10.64 7.02 10.14 6.49 9.93 8.1 3.52 5.55 11.96 17.28 7.9 6.16 8.68 6.21 4.0 7.83 11.07 9.61 9.91 7.36 10.99 7.98 10.0 32.92 28.19 11.53 20.19 7.53 6.57
5.32 9.35 6.18 4.14 6.3 2.32 4.1 4.23 3.74 2.11 2.09 5.56 5.26 5.78 4.95 8.68 10.85 10.42 6.85 9.44 14.03 6.73 5.27 3.83 2.37 3.05 3.33 5.43 4.34 5.37 7.82 7.75 6.93 12.38 6.69 6.45 10.82 7.01 11.95 11.46 5.63 3.53 6.38 11.72 10.08 7.44 8.1 14.43 11.13 7.42 10.58 8.89 5.91 4.45 8.98 6.77 7.04 8.27 8.99 17.09 6.68 10.92 5.7 6.37
7.24 8.34 13.76 5.2 2.77 2.82 2.42 2.94 3.4 2.22 2.31 2.84 4.15 5.97 8.2 5.05 5.77 12.73 7.48 8.53 10.7 12.36 6.08 4.07 2.1 3.84 4.27 4.78 5.01 7.09 8.0 7.75 9.66 8.74 4.77 8.12 20.34 13.41 11.2 15.37 11.12 6.45 7.8 11.34 9.99 4.09 6.78 7.54 8.82 10.04 11.27 5.56 6.27 4.69 6.74 7.36 7.34 5.13 6.23 7.64 5.92 9.62 7.78 5.46
4.48 8.51 8.17 3.44 2.56 2.65 1.97 3.75 3.06 3.86 5.06 3.85 4.55 8.27 4.08 4.2 8.1 8.03 9.96 8.59 8.66 10.68 8.94 4.38 7.35 3.96 6.5 10.28 6.13 7.47 9.44 15.0 16.7 11.16 10.93 16.12 9.24 12.85 12.13 10.17 13.34 10.15 6.05 16.79 6.77 5.95 4.35 5.27 7.0 16.72 15.61 6.02 4.99 3.66 4.87 7.27 4.11 4.65 3.8 10.41 9.78 7.0 4.56 3.86
5.63 5.58 6.65 3.96 5.69 3.28 3.02 4.01 4.19 4.01 6.61 4.55 3.64 8.33 5.61 6.34 8.82 10.32 12.92 11.98 5.37 5.89 11.6 5.48 6.65 4.13 6.38 7.5 8.31 4.69 8.25 24.71 22.39 9.19 9.5 11.2 10.91 7.88 21.81 10.25 12.32 10.63 11.2 9.28 8.68 7.41 4.43 5.05 13.09 14.41 11.12 5.63 2.64 4.92 5.48 5.53 3.04 6.74 6.43 13.47 15.43 6.9 4.7 3.85
