13.27 5.94 4.1 6.77 5.25 4.66 6.57 5.95 9.64 5.74 3.79 4.86 4.43 3.4 9.02 12.09 4.78 5.27 4.67 3.69 7.41 7.14 5.79 7.37 7.09 17.58 5.11 6.82 4.66 4.72 9.37 4.18 3.17 3.08 9.77 10.43 10.37 9.48 5.84 13.63 7.34 4.74 4.78 3.93 12.15 22.52 12.27 8.73 8.06 20.31 9.12 4.56 3.68 5.3 3.99 4.29 3.18 2.87 5.01 3.66 14.46 3.18 9.13 6.95
8.88 4.56 6.54 9.14 8.22 4.41 5.77 10.12 9.84 4.8 6.66 3.92 3.76 3.97 5.87 4.24 7.71 5.36 4.12 4.41 7.88 9.08 7.88 8.77 9.03 17.16 5.82 5.67 3.79 7.63 7.76 4.8 4.03 2.96 6.88 6.35 10.54 15.34 12.17 8.45 5.62 6.49 6.83 4.68 6.54 14.05 16.97 13.31 7.29 14.16 8.1 9.62 3.7 6.14 6.34 5.99 2.49 3.1 5.39 6.81 4.97 7.42 5.79 6.98
9.72 10.22 13.67 11.47 7.72 5.48 7.86 11.48 9.43 6.6 7.85 6.58 8.52 6.5 4.4 4.3 3.15 5.09 6.04 8.45 9.59 9.69 8.14 10.6 13.39 11.76 6.65 6.68 6.31 7.96 5.99 5.21 6.79 6.03 12.34 5.17 7.75 12.92 16.03 4.58 5.25 6.33 14.88 6.93 4.11 8.77 10.12 6.69 8.26 6.04 7.64 5.69 6.27 4.83 6.11 6.4 3.19 6.78 7.42 6.28 8.32 4.09 4.88 4.83
9.99 15.69 18.13 20.08 11.26 8.36 14.15 7.94 11.35 9.98 9.04 7.29 4.48 12.19 3.76 2.9 3.8 4.72 12.83 7.61 10.72 7.96 8.25 7.59 8.78 14.15 4.9 6.65 4.61 4.37 5.94 8.69 8.42 8.38 9.6 6.23 7.37 6.25 4.29 7.09 5.21 5.56 10.44 5.85 2.66 7.49 6.67 6.5 13.02 9.09 9.17 8.97 4.56 4.49 4.85 5.29 3.21 5.62 6.93 4.19 2.76 3.48 2.3 3.29
14.48 17.33 13.39 30.25 10.82 11.82 10.09 7.75 11.73 8.86 8.63 10.21 6.73 8.25 2.8 2.01 5.27 5.52 10.47 8.76 6.22 4.98 4.29 5.71 7.04 6.71 5.53 3.84 4.24 4.82 7.73 7.24 8.99 11.83 10.77 10.94 5.53 5.05 6.62 6.8 6.84 4.47 3.17 2.87 4.61 5.53 4.62 9.39 11.74 14.79 12.04 11.16 8.92 3.65 5.39 2.44 3.98 7.41 3.83 3.95 4.07 2.53 2.98 3.75
13.25 13.2 14.26 15.06 8.22 13.42 7.45 4.46 9.81 9.06 12.76 14.07 5.66 2.5 1.13 2.64 4.43 3.72 5.5 6.77 12.45 6.23 7.6 9.26 13.36 14.34 4.55 5.18 5.06 4.63 3.39 5.18 6.87 12.34 16.13 11.24 4.35 7.7 5.5 9.26 12.36 4.32 4.22 4.79 3.42 4.85 5.55 4.6 8.59 11.1 9.25 15.14 7.82 4.35 4.76 2.62 5.73 8.62 6.24 3.15 3.95 5.96 3.41 3.79
10.73 8.76 13.35 15.8 8.73 9.09 6.43 5.48 5.98 7.24 11.62 9.64 3.81 2.45 2.32 1.91 5.5 4.13 2.49 6.79 7.12 3.81 8.4 17.42 23.43 32.1 7.45 7.93 8.83 4.6 2.39 3.63 5.86 6.97 11.28 10.71 7.92 12.35 13.06 10.09 9.6 3.58 4.47 3.28 2.8 5.8 7.74 4.61 4.9 11.39 10.79 8.25 7.16 5.02 3.45 5.65 6.58 6.61 9.1 4.59 4.14 5.3 4.63 5.04
6.78 9.99 8.58 12.58 14.69 8.72 5.91 3.67 5.89 8.12 5.75 7.44 4.28 1.73 1.49 3.33 4.17 3.84 5.26 8.13 8.74 6.21 6.97 9.38 13.83 13.88 7.64 10.02 7.82 5.52 2.33 3.19 5.61 6.03 5.93 7.01 7.53 13.02 19.37 10.35 8.62 6.58 3.51 4.12 3.36 3.48 2.66 3.72 4.72 10.23 20.62 20.5 9.17 9.98 6.2 11.93 4.09 8.15 3.75 3.68 6.01 7.41 5.3 3.49
6.1 8.67 7.25 11.69 11.15 6.63 5.46 3.74 5.44 10.47 9.09 6.5 3.56 3.09 5.18 3.63 3.94 2.84 3.91 5.16 8.92 4.42 3.11 7.78 12.79 11.47 7.81 7.22 8.74 1.97 1.92 4.08 5.43 4.02 7.81 6.08 10.0 8.45 12.46 8.4 8.94 4.17 6.35 3.23 2.14 3.5 2.61 1.89 5.77 16.54 12.35 10.9 7.8 4.29 4.42 5.34 5.16 7.61 4.0 6.36 10.9 6.97 6.34 5.04
3.78 7.7 3.14 7.98 13.0 8.34 7.5 6.47 7.88 8.46 10.51 6.79 2.54 4.18 2.9 4.76 3.47 2.4 1.84 4.17 4.43 4.9 3.37 5.16 5.33 15.42 7.13 6.91 6.75 2.5 3.26 6.67 3.86 5.49 4.16 7.61 9.79 9.44 7.04 7.14 8.99 4.91 3.01 4.2 2.43 3.16 1.74 3.65 6.38 23.75 49.8 23.75 14.23 3.98 8.15 6.28 4.41 6.29 10.09 9.09 7.19 8.43 6.75 5.55
3.8 6.31 6.96 9.96 17.99 9.54 9.41 7.8 10.09 6.38 10.15 5.87 9.46 4.96 3.04 4.34 4.91 2.4 1.62 3.03 5.42 5.52 4.88 4.88 5.88 9.71 9.82 8.11 5.08 2.78 2.52 3.99 3.47 6.62 7.48 6.05 7.96 6.46 5.39 3.53 5.19 6.78 7.21 7.05 3.21 2.81 2.57 2.86 4.71 28.29 18.58 14.59 17.44 7.05 6.24 7.97 9.36 9.09 13.69 24.43 10.0 3.29 8.76 12.97
4.09 6.34 6.7 9.29 11.35 14.28 8.77 6.87 7.35 3.96 3.87 5.96 4.25 5.63 4.32 4.97 4.41 4.48 2.65 2.88 5.96 3.85 4.72 9.77 6.23 10.8 6.27 6.13 6.27 3.09 1.91 2.09 3.3 4.52 7.15 7.85 5.51 5.39 5.66 4.13 5.53 10.23 12.06 13.03 5.63 2.79 4.11 2.99 3.98 5.38 6.26 7.74 5.93 6.31 7.22 5.67 13.86 16.04 10.62 9.99 8.17 5.12 6.23 11.81
4.77 8.06 9.91 10.49 15.52 17.04 4.99 4.88 4.02 7.18 5.51 3.79 5.98 5.89 6.3 4.81 5.1 3.82 4.14 6.17 3.33 2.73 4.35 4.55 4.13 4.36 8.32 4.52 6.95 4.01 2.21 4.67 2.47 5.09 4.71 6.77 6.54 6.35 7.68 5.18 6.59 6.86 6.07 11.2 8.18 5.48 4.29 4.61 4.84 5.22 2.48 4.04 6.22 8.63 7.23 9.46 11.53 13.59 17.94 22.1 6.81 13.93 5.11 9.08
12.06 27.53 11.44 10.29 17.14 9.52 4.14 2.74 3.39 8.95 7.86 7.88 3.99 6.45 8.94 4.75 6.49 6.96 6.42 8.55 6.76 4.02 4.81 5.89 7.2 6.61 5.48 4.23 5.24 3.99 3.11 5.35 7.04 4.79 6.12 7.79 10.66 10.13 6.34 4.23 5.93 4.53 3.47 6.42 3.97 6.32 7.0 4.91 4.71 6.09 4.31 2.49 6.32 6.14 5.98 8.72 5.19 7.92 17.51 12.66 14.36 12.13 7.87 5.69
14.06 16.39 9.29 16.83 13.35 12.13 7.7 4.14 9.62 12.67 14.88 7.31 6.21 8.55 13.91 6.4 7.92 7.66 4.13 5.86 4.6 5.43 4.38 7.69 12.74 7.49 5.27 5.49 7.43 9.34 3.67 4.51 5.32 4.75 3.03 6.37 10.33 9.84 10.56 4.88 4.99 3.54 2.55 2.24 5.4 8.18 4.76 13.24 8.72 8.33 6.66 3.88 2.9 2.71 4.37 3.6 3.05 5.78 7.24 16.25 9.41 11.33 9.39 6.01
16.73 17.8 9.05 11.72 13.52 15.81 11.28 10.26 12.2 13.75 19.03 15.81 13.33 15.15 7.78 7.0 6.27 4.55 6.85 6.76 5.43 13.63 5.08 8.66 9.8 8.5 3.0 4.43 6.05 10.74 4.71 3.43 6.15 5.21 2.85 3.55 9.53 7.15 3.45 2.66 3.62 2.14 2.73 2.34 4.07 6.37 7.13 14.05 8.17 8.14 11.0 8.75 5.66 3.48 5.57 3.9 2.51 2.15 5.26 6.28 5.65 3.92 5.56 5.78
18.81 10.14 8.94 17.22 20.04 24.87 13.62 16.69 10.27 9.47 14.42 7.78 25.12 17.08 12.58 9.75 8.12 7.64 3.6 4.98 5.47 8.03 8.47 12.92 11.61 8.22 6.23 6.69 10.13 7.43 2.42 4.54 4.58 4.05 4.55 4.36 8.86 8.52 3.38 2.32 2.35 3.18 3.21 2.86 3.4 7.44 8.63 15.7 7.78 9.29 5.75 8.28 2.88 1.82 3.61 4.48 3.63 1.84 3.83 6.06 5.04 4.05 3.21 6.16
16.59 9.67 9.87 15.9 18.92 28.7 16.08 14.31 17.53 9.77 6.85 6.43 10.91 10.5 9.88 8.63 7.25 7.25 8.29 7.37 4.12 6.98 12.04 10.05 6.59 6.94 11.64 15.21 18.42 6.96 7.27 9.44 6.31 3.19 2.6 4.56 14.43 4.55 2.82 2.96 3.82 2.65 2.05 2.92 6.51 10.41 8.48 19.4 7.85 9.61 8.68 4.5 2.21 5.34 4.17 2.8 2.33 3.31 5.05 4.4 5.26 3.88 6.24 10.02
8.31 10.3 14.18 11.02 14.11 19.9 11.97 13.74 14.4 12.11 9.36 10.8 9.5 7.71 7.39 9.91 15.15 12.13 7.6 9.42 6.18 5.7 6.53 7.23 8.12 6.03 13.25 24.81 8.89 12.71 9.0 11.81 7.72 5.67 6.19 8.51 9.21 7.23 5.25 2.85 2.67 3.9 1.42 3.91 4.44 6.76 8.37 6.57 6.33 9.99 5.96 3.37 3.43 8.23 5.66 2.38 1.6 6.2 7.29 7.66 4.09 5.87 5.78 9.66
6.11 7.66 8.28 9.84 11.72 6.93 6.58 15.9 18.96 15.79 13.32 7.31 6.39 4.91 5.09 8.05 15.06 9.85 6.33 5.96 8.49 5.11 4.3 7.37 5.09 9.55 14.66 8.31 12.17 15.2 11.6 7.09 13.58 10.75 6.98 10.19 7.58 7.89 5.98 2.7 3.01 2.01 6.11 2.66 3.81 9.22 8.96 6.42 8.85 9.41 6.65 3.25 4.82 6.97 6.61 2.7 3.07 5.24 8.11 4.22 3.95 7.12 6.61 6.91
4.4 7.89 5.46 10.11 7.7 8.46 5.23 14.22 30.07 29.27 16.32 13.26 10.48 7.24 3.99 5.24 6.38 7.71 3.99 7.01 4.19 5.91 5.89 6.94 9.09 7.41 6.43 15.39 8.44 16.4 15.78 12.01 5.76 20.37 7.83 5.17 8.99 10.27 4.63 2.93 3.29 3.43 6.89 5.31 7.47 14.07 11.9 12.0 11.05 13.16 4.65 4.37 9.52 6.58 5.03 2.66 3.61 4.37 9.66 9.59 4.29 19.57 11.14 8.21
7.78 10.01 5.88 17.96 8.76 4.59 6.85 13.47 14.96 13.2 13.76 10.32 12.41 6.6 7.79 5.95 6.78 4.32 5.24 4.91 8.32 11.7 11.31 4.88 8.79 14.84 8.08 7.42 5.09 15.0 21.21 11.61 12.83 11.71 12.28 16.59 7.42 6.78 6.65 5.07 2.66 4.18 7.92 6.88 14.56 8.28 7.74 12.51 9.79 10.11 3.55 6.72 15.13 9.91 4.19 7.14 9.3 10.36 5.34 10.04 8.97 8.67 15.17 7.25
10.72 9.17 6.11 10.0 6.41 12.11 11.72 25.27 11.58 8.15 8.28 9.25 6.45 6.93 6.63 6.72 10.76 5.53 3.91 7.44 6.73 7.55 14.57 9.79 8.38 7.16 10.6 8.92 7.04 16.43 31.71 12.39 5.91 6.21 7.17 6.67 5.43 7.26 4.98 6.4 4.28 5.31 4.68 6.24 16.42 11.79 5.28 8.29 12.82 7.88 3.38 9.46 5.22 5.41 5.84 4.36 16.46 7.58 5.32 4.81 6.54 7.05 14.52 6.07
10.07 11.49 16.73 5.02 8.23 9.16 9.93 13.84 6.44 6.37 11.01 9.47 6.48 5.51 8.85 9.14 7.79 4.91 4.22 7.25 7.9 10.57 9.05 11.53 6.06 7.36 5.18 8.5 13.74 9.13 18.8 11.12 9.65 7.91 5.8 5.81 6.1 5.35 4.4 4.96 5.09 4.73 6.94 8.81 8.26 23.71 12.1 8.19 6.18 15.54 9.23 12.04 10.45 6.09 3.25 8.08 8.17 5.83 3.16 3.65 5.22 11.54 13.81 6.19
9.21 13.61 9.66 9.81 14.49 10.28 17.81 13.46 9.84 8.24 9.6 4.64 9.22 11.09 6.68 11.67 8.33 11.99 5.31 8.47 5.67 3.49 4.12 11.44 5.36 7.49 9.07 13.36 10.71 6.75 7.49 8.22 9.54 9.99 9.57 7.61 10.48 9.14 9.46 4.17 8.97 9.39 7.23 6.09 4.92 8.45 9.16 8.76 6.22 6.54 10.81 12.73 9.73 5.5 4.38 5.16 8.74 8.93 4.54 3.59 4.8 12.18 12.93 13.74
4.51 9.86 9.46 9.25 11.53 13.91 12.85 9.65 18.2 10.44 7.81 10.75 9.06 9.25 5.94 5.05 14.28 15.73 9.17 5.79 6.63 3.49 5.71 11.18 4.37 9.73 10.49 25.73 22.36 9.72 12.95 13.05 21.96 12.61 8.9 13.31 9.53 9.21 6.39 4.46 6.48 5.23 8.88 5.84 5.83 8.9 11.04 11.41 7.69 9.87 9.38 11.86 11.56 6.2 6.03 3.98 4.78 6.05 4.16 4.89 4.75 8.25 13.64 13.22
3.17 6.83 7.54 11.08 9.44 12.75 7.53 17.0 15.76 8.45 8.22 10.66 11.89 13.08 4.37 6.61 12.77 19.11 10.41 6.24 5.6 5.68 4.52 6.42 5.4 7.31 18.82 32.23 11.23 6.9 13.19 12.3 9.42 10.09 11.96 18.63 9.86 5.89 4.48 7.17 3.83 3.13 4.97 6.74 7.76 5.84 8.18 12.23 10.2 13.85 7.73 12.2 21.15 9.98 6.59 5.04 6.15 4.63 8.59 3.73 5.91 10.29 11.04 13.7
7.24 4.98 3.84 4.44 5.76 6.33 8.61 11.44 6.25 7.49 9.81 6.56 8.24 4.48 9.18 12.3 15.56 8.43 11.8 7.21 5.66 9.46 8.15 5.69 7.3 9.87 12.06 16.98 12.67 7.63 13.51 15.05 6.08 11.77 15.46 22.25 8.04 12.04 4.01 6.62 6.95 2.85 2.78 4.51 8.49 8.33 10.36 16.9 7.72 14.94 9.93 11.87 6.94 8.09 10.89 10.61 7.36 4.98 4.23 4.7 4.72 3.12 8.74 13.1
8.55 7.03 2.58 3.55 3.43 4.61 5.51 6.15 8.2 5.84 7.58 11.26 7.74 5.75 8.13 17.47 18.85 5.19 5.06 5.35 10.59 7.84 6.48 6.39 5.23 10.29 11.49 8.86 12.16 15.36 24.05 14.34 9.43 12.5 18.52 9.19 12.91 11.03 9.63 6.5 3.23 5.1 4.62 4.63 9.73 14.86 22.08 18.39 14.39 11.57 23.04 11.57 7.85 10.28 7.63 8.16 4.9 2.3 2.34 4.71 6.49 4.01 11.22 12.52
19.57 10.03 3.97 3.86 6.39 5.35 4.98 7.48 5.86 9.73 8.04 12.92 4.4 10.21 11.2 9.09 19.67 9.43 6.45 5.85 5.91 14.38 5.03 13.01 7.78 13.87 9.05 6.55 12.6 16.83 24.81 15.16 15.04 19.44 16.28 13.54 6.79 5.34 4.39 5.47 3.82 3.62 6.45 5.25 7.86 14.1 19.25 21.44 8.9 9.41 6.09 12.15 12.52 14.93 10.83 8.7 4.1 3.95 2.58 3.22 5.09 7.62 11.04 12.46
14.91 11.66 3.91 1.68 4.06 8.38 5.22 6.5 28.26 14.55 8.2 4.99 4.84 5.48 7.81 8.54 7.64 8.96 12.22 7.14 7.59 8.33 10.68 17.35 6.25 13.17 5.48 6.28 12.14 9.55 15.14 10.75 11.97 10.79 14.95 4.11 7.61 11.03 8.46 5.05 11.93 4.23 8.9 11.79 5.79 8.81 15.72 16.3 7.44 6.76 4.09 7.35 16.43 16.21 18.48 10.39 5.54 4.64 7.77 5.86 6.21 6.94 6.02 9.05
9.8 12.05 3.29 3.04 5.42 6.58 5.66 6.21 17.92 19.7 8.87 4.86 6.46 13.84 7.35 3.16 10.62 16.89 9.78 6.89 7.31 8.45 6.18 10.99 7.1 8.2 5.49 6.02 6.1 8.3 8.91 10.07 8.67 8.58 8.55 14.28 6.09 7.18 7.3 7.5 8.66 5.3 8.49 10.63 5.88 9.68 8.98 18.86 11.27 11.83 7.97 9.83 22.61 34.29 16.89 6.65 6.98 5.24 7.03 5.79 7.18 5.28 5.84 7.6
7.19 6.27 4.83 3.41 7.05 9.41 8.65 15.5 21.22 13.51 6.05 4.49 6.37 4.61 4.92 6.16 11.67 16.48 20.02 9.96 11.4 9.63 6.8 6.73 6.69 7.83 7.34 6.75 7.0 10.31 5.02 4.0 9.69 5.84 7.77 10.37 7.11 8.71 7.47 13.14 16.87 8.68 6.0 5.97 4.32 5.22 7.39 12.86 15.84 14.25 7.75 15.99 10.19 17.64 11.62 6.34 4.36 4.38 6.49 2.92 6.19 4.23 5.02 6.92
10.73 7.15 5.57 6.14 5.25 5.7 10.94 7.35 10.11 9.33 3.4 6.91 6.85 4.32 2.59 4.76 13.63 10.38 10.34 15.12 13.66 18.01 6.23 9.55 7.24 6.88 6.25 5.08 12.99 7.77 6.02 6.2 5.05 9.29 7.01 4.56 6.38 11.47 9.11 9.19 11.42 9.35 9.07 6.63 4.04 4.84 10.05 9.66 11.33 10.23 9.42 11.11 12.45 7.6 4.71 6.61 4.8 2.65 5.0 6.7 7.22 4.25 6.51 11.31
7.7 6.96 5.23 7.21 16.39 6.58 5.67 9.48 11.0 8.38 5.21 9.14 7.65 4.68 3.58 3.64 15.3 9.85 14.35 13.41 9.3 16.65 13.54 6.49 5.95 6.22 3.62 5.85 13.0 7.61 5.46 7.34 11.64 9.06 6.32 7.12 6.96 8.29 16.14 7.44 4.35 7.41 6.03 5.41 7.98 3.74 4.36 8.35 12.08 9.33 9.69 17.67 13.29 11.56 4.9 3.52 2.36 4.42 2.85 5.12 6.32 6.16 8.22 15.33
4.15 8.04 4.56 7.07 4.03 6.73 8.55 13.82 17.23 12.81 3.31 7.53 4.58 3.76 3.99 3.27 5.5 7.0 9.55 9.07 16.5 19.51 10.91 15.27 9.62 6.18 5.31 4.54 7.15 11.14 8.96 7.22 10.86 9.87 6.9 10.63 12.57 13.93 13.39 5.63 4.03 3.19 3.91 8.5 6.78 3.68 3.06 8.23 17.18 10.23 7.06 9.96 11.56 4.41 4.04 2.41 1.78 4.07 2.9 3.87 4.81 5.99 9.25 8.82
5.42 8.7 4.9 3.55 8.15 9.14 9.18 13.97 26.29 8.1 4.32 5.97 4.39 3.29 4.54 3.91 5.39 8.2 8.47 6.12 31.74 26.33 15.38 9.9 7.68 9.74 4.14 4.87 5.94 9.66 10.65 11.02 7.77 5.39 7.6 8.44 16.29 17.04 8.29 7.3 5.1 3.45 5.14 6.57 5.22 2.87 3.81 5.27 11.53 9.68 6.95 13.55 7.59 5.41 2.9 1.51 2.74 3.42 6.11 7.65 7.05 13.67 14.04 9.91
8.31 8.74 7.48 3.39 4.98 5.72 10.78 11.8 6.25 7.35 4.73 4.73 5.28 4.14 4.61 4.04 9.14 8.43 3.9 11.26 24.73 21.42 7.63 6.73 7.56 17.68 6.28 5.51 8.17 9.43 10.93 15.46 13.16 12.53 6.05 8.04 12.92 10.31 3.76 2.37 3.69 3.7 4.1 5.7 4.6 3.18 6.27 9.85 7.17 10.39 13.46 15.13 6.05 3.4 5.48 4.13 5.65 6.21 17.54 12.69 26.01 18.09 9.33 10.83
10.71 10.38 8.0 3.89 3.51 3.68 8.08 5.37 5.34 4.51 3.89 7.82 11.99 2.6 3.97 4.1 4.95 7.94 4.02 6.67 16.01 22.61 17.48 8.94 12.45 11.83 11.31 10.44 6.44 11.56 8.31 6.78 14.84 8.82 5.76 7.0 8.94 7.28 4.84 4.64 5.21 8.11 7.46 10.97 3.42 3.18 7.19 11.72 10.23 9.93 13.06 25.54 7.68 3.84 3.0 6.12 4.94 10.91 12.84 21.6 33.15 26.45 10.29 9.21
7.81 10.73 13.25 11.15 5.63 3.52 5.33 2.72 3.62 5.67 4.27 9.18 11.87 12.91 5.2 3.73 5.38 5.38 6.19 6.71 7.07 24.47 23.51 14.42 13.58 12.93 30.29 14.28 8.41 5.03 9.51 7.25 11.47 4.81 8.97 10.57 15.38 7.05 6.42 5.1 7.21 7.88 13.73 14.39 8.41 6.38 3.88 7.96 10.04 5.47 12.8 17.03 12.13 6.23 4.29 2.76 6.1 10.96 10.69 20.26 26.71 11.01 16.85 7.15
6.04 10.28 12.65 6.76 7.54 4.34 5.68 8.94 5.68 5.52 5.89 9.15 13.13 11.65 6.0 7.58 5.41 7.89 12.1 5.38 5.89 16.71 10.88 11.4 7.85 11.48 10.47 13.67 7.85 5.26 6.31 7.24 9.11 9.04 14.84 16.55 21.58 12.97 5.05 5.72 3.91 7.14 7.11 12.53 6.52 4.46 3.42 7.51 9.42 10.67 10.57 13.82 15.95 10.3 5.53 3.99 6.24 15.06 10.93 9.04 12.74 11.06 7.91 6.24
7.85 13.33 6.83 5.25 4.36 4.74 6.94 4.98 7.08 4.22 8.73 6.17 10.92 9.72 10.48 14.54 7.4 4.06 3.59 3.31 6.23 6.22 6.99 9.58 11.25 13.85 14.3 16.37 14.8 10.12 9.91 8.8 9.27 14.76 14.05 12.98 31.0 11.87 5.96 3.9 4.15 3.99 7.03 6.5 8.68 10.91 6.48 7.81 13.82 14.9 7.7 10.64 17.12 6.53 8.83 6.5 9.16 14.24 11.28 11.68 12.36 8.06 6.4 4.01
6.18 7.66 6.1 3.63 2.77 4.62 6.33 9.82 7.26 3.42 5.43 9.76 8.64 9.59 11.28 12.78 13.5 5.24 2.53 3.37 4.94 3.25 3.38 5.18 14.57 36.92 12.81 18.45 18.18 22.27 10.37 12.27 10.38 11.8 10.81 11.36 15.41 7.96 4.43 3.34 2.56 6.6 7.94 5.39 10.88 11.07 23.17 13.27 12.4 15.13 10.26 11.96 13.82 6.54 7.06 8.52 7.69 8.85 11.74 15.25 11.81 5.95 4.13 3.23
5.86 6.28 5.73 2.92 2.25 4.05 3.89 8.43 7.95 4.04 7.73 7.24 19.09 10.15 7.95 19.16 14.29 4.6 2.34 2.21 3.03 3.15 3.53 5.49 18.72 21.31 22.46 19.66 16.1 27.06 13.26 11.19 9.14 12.76 16.19 5.87 6.47 5.78 4.15 2.72 3.16 4.61 4.29 4.08 5.02 8.34 22.35 26.24 16.77 10.02 12.07 17.01 9.15 2.8 4.07 9.59 4.62 6.3 6.79 12.5 13.25 6.5 3.7 2.5
4.55 7.42 4.28 3.0 4.62 3.96 7.69 7.76 3.72 8.19 7.77 6.42 10.04 10.17 9.83 10.0 6.48 2.69 3.83 3.08 2.97 2.59 7.84 8.3 8.07 21.06 9.75 15.81 28.62 10.81 13.12 13.53 9.29 5.88 10.78 8.04 6.06 6.5 3.9 4.52 3.27 6.58 12.17 7.2 4.76 14.47 21.2 21.75 17.93 10.09 14.45 27.89 11.61 5.7 4.82 7.59 3.85 3.97 6.02 4.54 13.96 6.39 3.75 5.24
5.42 7.67 4.7 4.56 4.05 5.07 6.55 3.45 4.83 7.06 10.22 8.38 10.6 8.27 13.62 12.18 8.82 3.59 4.89 5.34 3.63 4.08 5.89 5.72 9.23 10.19 12.23 19.84 16.02 7.49 11.56 7.52 7.33 9.09 17.02 7.26 9.96 6.94 5.82 3.18 4.53 5.13 5.73 8.44 11.23 20.11 18.39 59.47 14.66 13.16 28.3 13.07 11.46 6.04 8.19 10.8 6.02 7.22 11.14 10.16 5.33 5.67 5.62 2.12
7.58 9.35 2.47 3.41 2.85 2.94 3.56 2.42 5.58 4.83 7.98 9.85 7.22 17.92 12.59 35.8 15.27 10.82 6.98 8.77 6.65 4.53 2.98 3.84 5.27 4.91 3.05 13.15 9.53 8.14 6.97 9.24 17.09 9.17 12.09 11.5 15.69 15.61 10.71 3.85 2.85 3.61 7.27 6.52 6.37 20.44 21.92 30.7 16.38 21.34 27.23 11.41 11.74 10.41 11.11 6.16 9.51 6.82 4.73 6.52 5.62 1.82 3.91 1.52
5.99 2.45 2.73 2.86 5.85 3.28 4.46 4.42 11.77 6.29 16.64 9.35 7.02 15.69 15.06 18.83 15.13 7.58 8.25 5.94 4.67 2.2 1.8 3.71 4.73 4.74 2.27 8.24 14.9 11.07 7.64 9.37 13.88 11.89 14.8 8.68 21.41 14.05 5.61 2.95 3.4 3.12 7.15 8.0 13.97 37.9 46.85 30.43 18.69 12.63 14.47 24.91 6.96 7.97 14.39 9.24 10.54 11.99 10.18 7.3 4.0 2.8 2.04 1.22
4.06 4.3 2.49 2.9 3.61 3.5 3.23 10.64 17.62 11.49 10.2 6.35 12.28 10.32 6.41 8.07 10.99 8.12 6.56 6.84 3.28 3.61 2.82 2.12 5.81 5.52 3.99 6.47 8.15 6.67 12.12 14.6 12.43 14.24 9.89 13.67 8.83 8.75 5.35 3.53 4.33 2.61 9.39 9.51 10.78 39.71 54.38 22.57 23.15 15.05 9.33 9.98 11.16 8.96 8.5 10.35 10.33 8.76 15.72 9.83 3.65 3.32 2.8 3.29
4.74 5.62 2.5 5.46 4.62 3.96 3.9 7.44 7.35 3.23 5.94 5.85 7.04 12.02 8.24 3.24 6.32 5.16 4.08 3.58 6.8 4.17 8.63 5.75 8.98 10.73 8.57 5.46 8.46 10.4 10.43 18.54 9.43 9.62 11.09 16.55 11.19 10.27 7.87 5.58 8.33 9.51 4.92 15.28 12.32 19.56 23.74 16.96 15.14 7.35 7.24 6.66 6.48 12.21 13.68 11.66 6.08 15.44 11.22 9.02 4.64 3.24 3.71 6.33
4.26 5.15 4.4 5.56 4.86 6.21 8.01 5.37 8.28 6.22 7.0 13.89 5.36 8.39 7.14 4.01 4.48 1.77 3.84 5.23 6.77 7.22 8.03 8.27 11.14 14.75 7.67 6.15 9.34 4.85 9.71 5.87 7.7 6.42 9.03 9.11 8.9 6.52 7.02 9.6 12.0 7.07 6.59 8.04 12.38 16.98 13.85 8.19 8.24 5.74 8.98 4.01 7.31 9.47 13.74 8.93 8.6 8.94 8.19 5.01 4.68 3.18 5.57 5.51
7.18 8.66 4.74 3.87 6.76 5.71 9.64 7.57 4.08 6.29 9.85 6.26 5.46 5.78 5.69 8.33 4.75 1.33 1.66 6.92 7.03 6.43 5.34 6.19 9.17 11.11 2.87 4.36 4.11 6.19 7.3 4.95 4.62 10.15 7.61 7.89 10.93 5.96 7.14 12.24 19.97 7.53 5.34 5.53 6.34 8.69 7.54 7.17 4.43 7.07 7.25 6.28 6.36 5.0 10.38 10.44 4.83 8.48 7.9 4.55 3.89 4.68 3.4 5.83
3.74 4.82 3.29 7.34 7.46 5.59 9.24 4.05 6.1 5.18 6.21 4.49 2.96 3.4 4.93 6.54 4.09 2.14 2.13 3.8 10.07 7.92 4.65 3.8 3.76 4.24 1.77 1.93 4.35 4.99 4.77 8.0 16.7 8.41 15.76 17.26 14.08 6.15 7.39 11.63 17.12 6.42 11.12 8.66 11.66 14.24 7.12 7.31 4.14 7.51 12.12 7.9 10.06 8.26 9.23 7.65 15.24 11.31 6.77 4.57 3.5 3.48 6.39 7.94
2.79 3.11 4.86 5.51 8.34 7.6 6.52 7.37 14.16 8.75 8.54 6.56 5.22 4.94 6.48 6.08 3.43 4.05 2.57 3.47 3.28 3.2 3.92 4.21 7.95 7.88 5.88 3.9 9.47 8.35 7.97 13.68 9.92 16.98 13.76 12.63 16.68 4.13 4.53 8.96 7.3 5.69 6.19 12.61 13.47 7.51 4.69 12.11 8.36 6.12 8.03 10.64 8.22 8.63 8.74 5.77 15.18 16.96 17.43 8.34 4.29 5.1 6.31 3.5
2.61 7.13 9.17 4.95 8.21 5.51 7.27 7.36 8.11 5.23 9.96 4.44 5.67 7.47 6.36 5.84 6.37 3.23 3.0 4.11 4.28 3.55 2.68 4.83 6.19 9.65 4.93 3.01 14.78 7.29 8.04 11.08 12.53 9.72 8.8 8.64 5.35 4.2 7.85 6.23 4.58 7.33 11.78 12.15 6.54 7.77 5.91 5.43 5.27 5.05 3.74 11.51 16.23 7.97 9.3 13.16 20.56 21.0 13.27 5.24 7.77 3.21 3.63 6.36
3.0 5.91 8.55 7.45 10.46 5.92 6.93 9.37 9.02 8.06 7.14 4.99 4.09 4.44 8.9 3.8 3.29 3.84 5.01 5.32 3.63 3.97 2.91 6.44 10.04 11.83 6.52 4.26 12.23 5.38 5.67 8.62 9.4 7.42 4.21 7.51 10.55 15.81 8.71 4.34 6.83 8.37 7.78 13.54 7.61 12.47 10.26 3.05 2.86 3.48 6.1 9.21 5.7 5.49 19.59 20.8 39.13 27.66 14.09 11.65 8.18 4.42 2.2 3.17
6.36 10.98 8.85 5.03 5.58 8.69 5.29 6.67 13.88 11.85 8.08 5.27 4.71 6.48 6.43 4.17 6.12 4.54 6.75 8.14 4.79 4.27 4.8 8.22 8.63 7.53 9.29 6.95 10.72 5.94 11.7 11.03 11.6 6.63 6.64 7.53 12.51 14.46 13.94 3.39 11.71 7.88 8.55 6.22 7.79 13.71 7.68 5.37 3.49 7.23 10.39 7.96 13.32 5.81 13.26 23.8 42.71 24.1 9.38 14.06 8.02 4.05 3.54 3.62
8.86 15.71 14.07 11.01 11.07 11.81 9.6 10.17 9.45 12.26 5.36 3.33 3.75 8.16 6.94 6.82 5.26 8.67 8.15 9.15 8.94 9.02 6.23 7.54 8.09 15.52 8.21 7.07 5.84 11.45 7.06 13.96 11.39 4.75 10.01 14.71 16.37 10.29 12.96 7.34 7.79 9.0 5.46 9.39 11.89 5.77 5.21 4.39 4.3 4.81 7.86 8.85 11.11 15.73 16.28 22.02 34.0 23.62 11.56 6.3 7.81 7.39 4.16 7.77
9.28 16.99 19.02 13.95 9.6 9.9 14.42 8.38 18.05 10.14 6.69 4.45 10.81 6.72 9.19 2.94 11.02 11.82 13.26 8.4 7.28 5.06 5.8 11.8 14.77 9.08 9.71 8.1 6.49 6.57 9.82 9.65 5.98 11.49 6.68 16.52 25.22 9.23 5.83 8.79 12.78 8.28 13.76 10.59 26.68 12.36 4.5 7.0 3.96 7.01 5.25 12.78 18.86 13.7 22.93 18.35 15.47 14.09 11.46 6.84 6.16 6.6 5.64 11.9
6.57 13.11 16.38 14.26 10.46 10.06 9.75 22.23 14.78 10.72 8.12 8.58 11.71 8.77 13.29 5.13 10.82 12.9 10.13 10.62 3.8 3.36 3.21 6.83 22.44 7.3 10.28 6.07 8.37 14.98 7.58 10.8 11.08 9.32 7.62 12.07 21.29 7.3 7.3 10.93 12.66 13.61 10.68 16.68 18.32 8.51 4.52 4.2 2.78 3.26 5.88 8.87 16.92 12.58 18.2 19.33 20.98 7.6 7.37 3.99 7.83 7.36 6.73 7.69
7.33 9.18 18.82 22.54 7.74 7.9 22.57 16.3 9.56 7.12 12.21 7.9 10.69 10.98 8.63 11.13 13.48 12.39 10.47 13.97 8.82 4.59 3.06 15.96 16.12 11.82 7.75 4.03 12.96 22.43 13.06 8.33 12.02 9.04 12.12 18.2 20.69 16.47 8.21 5.89 10.87 12.23 16.44 11.57 11.23 14.2 5.58 5.64 2.0 2.52 4.15 8.49 10.59 9.82 12.33 19.82 13.85 8.39 3.83 5.11 4.26 4.07 5.38 5.63
9.41 8.82 15.51 11.79 18.62 9.91 13.95 26.12 11.41 8.47 11.81 13.31 11.66 8.5 11.81 10.21 14.37 14.95 14.45 17.24 7.25 5.1 4.75 9.82 8.53 14.28 11.44 6.26 26.74 23.52 15.4 5.76 6.58 7.91 8.83 5.52 13.79 10.48 9.7 6.44 6.82 5.32 11.7 5.47 4.42 7.79 5.14 3.67 5.96 5.35 6.31 10.46 9.23 5.0 8.37 11.36 13.16 3.98 7.85 3.86 4.85 6.3 3.22 8.09
9.2 5.22 5.2 8.16 5.79 12.04 11.99 9.04 9.67 18.85 16.07 9.99 21.56 21.83 14.39 8.86 5.81 10.11 19.19 14.68 8.27 5.53 8.8 8.97 6.8 3.9 3.15 7.35 11.34 17.85 19.23 6.45 8.56 9.53 8.29 6.11 2.98 5.09 4.54 2.86 3.72 4.95 7.89 7.11 3.69 3.77 3.86 7.88 4.3 5.74 3.52 3.95 10.29 6.83 8.21 9.9 10.56 6.17 3.29 3.75 3.67 4.33 5.38 9.93
6.16 3.44 3.94 6.39 8.49 10.96 11.55 8.0 10.92 24.75 14.37 13.55 17.19 16.88 14.02 5.78 3.14 4.88 10.64 13.7 5.9 8.16 9.77 11.7 13.72 3.4 3.5 5.08 11.17 15.74 8.59 4.49 7.07 10.39 13.04 7.32 3.43 5.78 6.53 3.44 5.4 5.31 8.29 11.17 5.43 3.86 5.88 5.17 5.1 3.48 2.15 4.33 4.04 6.4 10.25 9.12 15.23 5.95 9.59 7.37 4.25 2.99 5.31 8.84
