8.83 3.44 7.68 22.6 15.35 15.63 15.91 9.83 7.84 11.8 10.32 14.93 18.42 17.64 14.06 13.16 13.62 11.18 5.75 5.64 4.93 4.27 2.88 6.01 6.05 8.09 7.56 5.16 8.58 16.14 36.2 23.02 8.41 3.92 4.82 5.49 7.88 8.25 11.4 8.09 9.4 16.47 12.61 4.54 5.33 8.85 5.73 8.16 3.83 2.58 3.2 5.38 8.26 4.13 6.45 2.75 5.26 4.41 2.65 2.45 2.86 4.56 5.58 5.71
10.25 6.33 8.11 13.57 12.14 8.4 12.24 12.72 10.57 8.76 5.59 9.59 10.79 10.36 15.99 15.95 15.6 12.7 17.78 7.04 6.54 5.03 5.84 8.88 7.07 7.97 7.1 6.44 20.33 36.2 35.73 14.32 5.45 5.73 6.12 5.87 8.0 6.81 8.16 8.8 7.66 13.17 21.63 12.59 6.46 5.89 4.91 7.87 10.87 3.63 3.4 5.92 8.43 5.43 8.73 9.08 5.91 3.9 3.34 3.85 4.63 4.25 5.17 8.46
14.94 6.47 8.47 16.0 10.43 12.02 8.71 7.43 5.72 5.47 8.26 5.66 9.77 8.49 6.67 7.2 8.86 11.33 14.44 12.26 11.8 5.49 4.76 6.43 8.77 11.81 14.83 9.01 26.17 22.44 27.96 10.92 7.89 8.75 5.92 9.67 6.84 4.08 7.12 10.28 14.58 28.76 18.76 11.61 6.45 4.77 7.59 8.16 12.71 5.01 7.07 6.42 6.28 4.62 10.82 6.77 11.85 5.88 9.75 5.99 5.98 5.65 2.47 5.15
10.97 16.51 8.56 16.07 14.05 17.25 6.03 7.84 6.32 5.88 8.97 10.29 5.25 6.66 6.55 9.92 8.61 15.11 10.72 11.36 12.17 5.67 7.0 5.5 7.9 16.78 9.48 16.29 10.52 13.08 15.13 15.21 14.5 8.91 9.97 6.12 8.16 4.96 6.33 5.6 7.8 25.41 24.36 9.16 4.93 3.1 4.36 4.92 6.09 4.58 11.42 6.56 6.38 4.89 5.99 10.94 12.7 9.25 12.29 9.09 5.21 4.12 3.77 5.96
7.44 4.52 7.36 15.49 11.73 5.53 3.34 3.62 3.36 4.09 8.52 21.42 9.38 6.11 7.71 7.12 7.57 8.76 9.08 12.12 7.71 5.72 8.74 6.14 7.64 17.58 9.68 12.55 12.59 23.47 12.32 9.38 17.56 18.84 7.12 10.8 6.01 3.92 5.14 11.31 8.66 14.28 12.98 10.17 8.5 4.05 6.36 6.01 7.28 8.11 7.25 10.02 4.87 5.44 10.25 13.94 7.56 6.79 4.22 8.42 4.47 3.29 2.64 5.0
5.67 3.24 5.72 7.41 13.08 4.09 2.82 2.48 4.68 3.72 13.13 8.34 7.94 5.87 4.16 3.08 5.17 3.79 5.77 10.78 6.4 5.11 7.05 7.52 9.69 11.2 18.09 7.13 6.43 16.74 13.75 22.31 16.47 10.53 2.68 1.94 2.53 2.53 3.72 6.39 9.35 11.18 11.63 7.0 7.34 4.18 4.3 6.37 9.27 6.69 13.67 7.86 8.42 6.98 11.35 12.29 10.95 10.8 9.21 15.0 7.15 7.96 4.57 4.54
3.35 3.25 9.68 11.06 9.57 4.89 2.67 5.11 4.96 6.96 9.07 6.64 3.52 4.06 3.05 2.01 2.76 5.84 3.65 6.07 4.83 3.44 3.29 3.98 6.33 10.85 13.8 9.26 17.52 11.16 16.95 20.11 11.44 9.44 2.44 2.38 2.28 1.83 3.85 3.76 5.74 8.83 11.32 10.34 4.2 2.97 4.14 5.21 11.67 8.72 12.11 9.22 11.99 14.36 15.67 12.66 14.6 14.0 12.8 8.2 6.8 13.15 9.12 6.34
3.44 6.62 22.4 21.47 10.36 5.5 1.85 3.77 4.74 4.94 5.7 9.2 6.29 2.93 1.88 3.71 3.82 7.1 5.99 6.26 3.35 2.42 2.58 3.16 5.23 8.42 16.51 10.24 14.59 22.8 23.73 18.15 14.13 13.78 3.2 2.83 2.32 2.91 4.92 3.84 5.06 7.66 10.13 6.65 3.98 7.75 5.31 7.56 7.39 9.05 7.99 12.13 8.19 18.63 21.95 22.06 14.05 12.41 10.38 8.1 11.53 13.67 9.82 12.23
6.61 9.74 17.26 16.16 9.44 3.55 4.83 3.75 5.19 6.41 6.88 7.22 4.64 3.77 3.33 6.11 5.26 2.82 3.64 4.48 4.23 2.68 3.46 2.46 6.36 7.16 11.07 10.34 10.4 10.92 21.32 12.69 8.5 7.51 5.99 2.94 2.28 3.18 3.66 3.8 11.53 11.57 26.36 16.61 9.01 6.75 12.46 9.76 9.8 8.39 8.82 12.41 17.52 11.14 12.31 11.25 11.04 12.37 11.09 8.56 12.92 17.02 11.41 12.75
5.29 10.62 11.85 23.99 11.05 4.26 4.22 4.79 4.74 6.37 8.91 9.19 5.06 5.27 4.39 5.78 8.94 4.18 8.11 6.67 4.94 5.05 3.2 3.52 5.47 5.87 7.12 7.82 5.74 5.82 6.95 8.64 12.11 6.71 4.86 2.6 1.75 1.75 3.41 3.66 10.54 13.06 28.16 16.0 7.28 4.9 10.05 7.59 7.95 13.08 7.16 12.14 23.38 9.95 12.06 8.78 16.23 17.44 16.36 7.26 8.62 15.31 13.79 10.73
6.25 13.18 20.55 23.03 10.65 5.07 2.24 4.19 4.31 9.14 13.65 13.22 7.41 7.74 4.97 5.23 8.6 8.34 18.04 11.15 4.79 3.38 3.74 7.27 5.3 4.85 3.89 4.25 4.11 9.71 5.69 8.22 6.1 9.44 3.02 2.29 1.66 2.6 3.0 4.1 6.72 18.21 23.43 15.25 5.98 6.08 9.22 11.91 8.11 15.03 15.83 14.46 14.33 14.82 11.55 11.21 15.07 10.22 18.56 24.36 19.85 17.32 15.24 9.78
13.96 10.08 15.68 17.6 9.93 5.85 4.01 3.62 2.73 3.91 6.6 6.23 7.63 6.64 6.52 6.03 5.92 6.72 5.26 7.27 5.56 5.11 2.88 5.9 3.75 6.15 7.2 8.0 4.63 5.29 7.18 11.02 6.15 6.04 3.22 2.37 2.69 4.69 2.79 3.09 6.17 17.2 34.43 18.97 8.23 13.49 13.99 10.52 9.32 8.28 10.22 16.48 15.41 15.18 14.34 12.94 21.42 13.96 24.38 28.98 32.27 35.63 22.16 18.84
21.79 11.42 14.61 34.37 12.77 8.39 7.33 6.52 6.43 4.89 6.74 6.42 11.68 11.02 11.11 7.04 4.46 8.88 7.74 2.83 3.41 4.4 3.5 6.25 5.7 8.34 5.39 5.81 5.7 6.6 5.2 6.95 8.43 4.02 4.09 3.33 4.69 3.6 5.47 6.34 8.2 8.61 15.65 12.98 11.51 10.08 7.24 5.03 5.12 5.02 6.56 10.75 12.95 10.66 17.56 14.36 12.4 19.2 25.3 28.55 31.55 32.56 17.33 17.19
24.44 14.02 8.53 15.3 9.24 8.35 8.75 7.48 6.02 5.48 8.73 6.96 11.54 13.61 14.73 10.21 8.11 6.95 9.64 7.36 6.21 5.14 3.0 6.65 6.92 7.43 4.56 7.63 7.74 16.04 9.2 8.11 8.6 4.79 5.53 8.53 7.18 7.48 8.18 8.24 10.77 6.14 12.05 13.57 11.0 9.65 5.04 2.73 3.42 7.07 4.43 8.23 6.25 9.98 12.92 10.76 14.66 13.17 11.45 12.42 30.2 27.4 15.46 12.81
12.04 13.69 9.84 16.06 14.25 11.07 11.21 6.63 4.22 6.54 11.54 12.34 14.67 14.88 7.77 11.42 6.82 12.9 16.47 11.1 12.62 9.6 2.48 3.79 9.22 9.19 8.52 8.76 7.11 12.31 7.28 9.74 3.53 4.43 3.68 4.91 6.89 6.15 6.27 7.7 4.5 6.52 10.38 10.35 7.58 7.96 4.88 2.31 3.76 9.05 7.25 6.86 5.3 7.84 6.89 10.31 7.34 14.51 13.02 17.73 23.55 30.58 15.96 14.97
11.59 10.33 14.79 12.92 13.22 10.78 10.03 7.08 5.66 4.33 6.62 6.26 5.47 9.34 10.47 7.26 9.04 13.0 16.45 16.31 7.62 8.07 4.06 4.0 9.95 11.01 14.42 6.26 10.54 6.99 6.54 4.96 7.41 5.73 7.2 4.98 6.19 5.42 6.57 9.84 3.26 4.63 6.44 9.26 4.58 5.78 6.79 4.3 5.41 7.03 13.0 13.23 7.02 8.53 4.98 7.66 17.39 17.67 13.18 15.55 15.7 14.07 10.42 7.2
16.17 6.9 8.74 10.99 12.58 17.2 14.2 14.49 7.03 6.8 9.31 5.19 8.56 10.77 12.47 10.46 6.6 12.1 10.67 18.77 16.45 6.18 4.31 7.59 9.98 17.64 21.33 6.22 10.3 7.33 6.69 7.18 6.56 12.12 10.13 9.04 13.93 6.57 5.06 7.65 5.12 3.45 4.62 5.59 3.89 3.82 3.23 4.42 9.02 9.06 11.93 6.47 5.1 5.17 9.35 10.63 17.66 13.65 11.3 9.14 11.53 15.93 11.63 6.58
8.84 7.92 8.65 8.81 10.45 13.59 15.12 12.19 9.09 13.36 6.73 5.07 2.68 4.25 6.32 10.88 7.82 16.22 6.65 13.17 13.44 6.44 3.22 7.91 14.2 18.71 17.82 12.92 7.16 4.29 7.79 12.21 13.15 12.96 9.67 15.56 10.55 12.67 10.26 13.74 7.86 9.53 11.0 5.32 4.5 6.32 6.39 4.65 5.25 5.6 13.9 7.24 8.45 4.3 5.62 6.92 8.76 14.57 6.79 7.78 10.04 8.2 6.69 4.27
6.12 12.29 13.95 32.0 28.03 19.99 16.7 26.57 16.02 6.78 6.78 5.2 4.08 5.64 8.31 7.45 10.42 8.75 11.05 16.51 8.87 7.58 6.71 8.64 10.28 11.36 17.81 5.38 8.01 6.14 7.72 5.32 6.27 7.0 6.97 9.35 6.27 10.96 9.4 14.47 9.71 5.41 6.45 5.6 5.46 4.91 4.27 3.05 2.82 2.96 5.49 6.66 7.13 4.44 6.1 5.06 5.35 4.35 5.9 10.51 7.47 7.83 8.73 4.88
5.38 8.62 12.42 39.08 41.71 33.55 21.53 13.85 16.01 7.56 7.91 6.91 5.78 8.76 8.49 13.07 12.61 10.27 6.95 6.61 5.69 6.12 5.87 7.84 6.0 9.53 15.13 5.98 3.78 6.37 10.63 15.9 6.29 7.64 6.72 3.76 5.4 7.15 8.87 9.3 5.96 11.03 5.15 5.99 4.6 4.68 4.09 5.31 3.29 3.89 5.01 6.18 6.7 3.73 5.94 4.28 7.73 4.59 6.75 9.89 8.24 4.39 10.17 4.53
7.16 5.77 22.87 22.63 27.88 24.44 15.59 25.26 15.04 7.76 9.22 11.64 6.45 6.81 6.6 6.75 6.3 8.29 3.76 2.25 4.62 7.46 6.89 10.12 6.12 14.05 7.42 6.28 3.3 5.58 9.7 20.77 11.81 6.76 2.13 3.09 6.41 9.03 7.63 7.55 6.96 7.75 4.35 3.72 3.69 4.39 4.53 4.44 3.85 5.14 3.72 7.5 2.98 5.2 3.57 8.18 11.92 7.08 13.26 9.29 8.72 7.37 12.24 9.81
10.26 10.63 24.71 32.68 42.98 18.73 23.32 19.61 21.0 13.94 9.48 7.74 11.08 4.11 3.67 4.41 8.1 6.08 2.2 2.29 3.69 5.79 11.07 5.95 10.48 11.63 7.33 4.33 3.35 4.75 9.58 14.42 8.97 7.63 3.06 4.29 8.82 7.37 4.55 5.28 10.87 7.36 4.75 3.43 3.87 5.35 6.57 4.67 2.7 7.13 4.71 4.9 9.32 6.39 6.9 9.27 7.78 6.55 4.67 7.43 9.93 18.89 10.69 9.12
17.69 20.29 28.55 33.57 21.93 13.91 19.45 29.86 21.45 14.98 8.35 11.91 8.52 6.75 6.6 5.55 17.3 6.59 4.33 2.28 3.18 7.44 6.77 6.67 7.78 12.73 12.24 10.12 4.04 7.35 15.89 17.91 8.04 5.52 3.67 4.33 13.31 18.36 9.37 5.52 5.3 3.05 2.96 4.42 8.01 3.34 5.21 6.25 3.85 3.23 4.85 6.21 15.38 8.12 8.16 9.85 6.3 3.06 4.05 7.19 8.67 10.72 9.73 3.74
15.93 19.65 21.58 25.95 15.08 17.04 13.59 33.58 10.53 9.25 6.25 8.75 7.29 14.31 11.34 8.4 11.95 7.23 5.13 3.41 3.22 4.61 4.11 5.23 10.9 16.62 15.28 10.42 12.98 7.24 10.62 15.5 6.09 5.16 3.63 6.56 9.66 9.96 12.19 6.46 4.11 4.15 5.65 8.2 6.83 4.43 10.54 7.42 5.31 5.12 3.95 10.12 16.02 11.14 12.08 10.09 9.38 6.79 4.84 6.87 4.46 7.78 7.72 3.21
16.53 20.55 24.62 12.68 10.14 9.58 10.55 15.25 7.56 5.34 5.86 3.84 4.7 4.81 4.3 6.16 6.4 7.74 11.16 3.21 2.89 3.24 7.21 6.09 11.69 15.37 11.16 7.58 8.7 11.79 14.18 12.46 14.11 4.63 3.26 4.52 8.91 13.71 8.83 5.48 5.82 6.26 6.58 10.68 3.47 4.92 11.93 9.09 7.53 6.36 13.92 15.13 7.9 11.46 12.86 19.14 12.47 10.81 9.92 7.29 5.33 5.95 4.78 3.77
11.16 28.32 21.79 12.59 13.98 8.92 7.55 5.07 6.25 5.3 4.86 7.43 5.52 3.26 4.13 3.96 8.9 10.2 8.22 6.18 9.47 5.69 4.86 4.78 6.34 5.31 6.27 11.57 10.11 19.69 27.33 13.75 11.76 5.79 5.82 6.64 7.59 14.82 9.2 4.54 3.29 7.47 6.72 6.17 5.87 5.11 13.98 7.48 5.41 8.12 16.6 8.93 16.96 9.13 13.19 16.87 26.34 15.24 12.3 4.86 7.29 4.67 4.33 5.51
10.15 12.54 8.48 15.62 8.08 8.98 5.8 3.91 4.86 3.25 3.55 7.17 4.23 4.04 3.63 3.26 4.31 5.28 12.71 7.87 5.05 6.69 3.92 3.4 7.61 7.97 8.4 10.07 7.82 12.21 9.75 10.5 13.31 13.27 7.74 12.0 11.39 6.39 6.88 7.03 6.91 10.69 6.6 7.18 8.85 7.82 8.35 4.96 2.88 6.12 12.96 13.95 13.9 5.23 14.21 13.15 15.48 15.0 7.19 7.8 7.2 6.31 6.97 9.01
12.86 13.09 16.37 14.23 7.4 6.37 5.01 5.23 6.69 7.3 6.61 6.43 4.06 2.61 2.41 5.83 6.84 5.94 10.5 7.7 5.02 4.76 3.37 7.19 8.1 4.68 6.09 7.86 6.3 5.24 5.16 3.94 3.8 8.13 5.7 8.33 8.3 4.34 3.4 7.53 5.61 6.87 5.24 11.05 6.89 6.73 5.1 3.42 4.4 5.06 9.08 7.03 7.44 5.68 7.66 12.8 19.03 19.16 6.64 7.33 3.62 4.98 4.9 9.17
13.15 16.3 16.82 12.75 10.3 3.66 3.99 5.54 4.77 2.9 8.3 4.67 7.44 3.81 4.56 3.79 6.36 5.93 2.95 9.01 8.86 9.77 5.36 4.45 4.54 4.24 3.75 5.65 4.04 2.79 3.04 2.82 6.58 8.06 11.64 4.4 3.06 2.76 5.45 5.7 10.27 5.68 6.73 10.25 4.02 4.91 4.42 3.47 6.38 6.56 9.75 10.6 13.23 8.33 14.27 10.08 11.46 12.02 12.2 6.17 2.79 2.11 4.3 5.23
6.63 12.6 10.07 7.79 6.53 4.64 3.68 3.23 3.45 2.45 7.12 7.65 6.73 3.3 3.38 4.1 5.78 6.32 5.67 7.85 10.45 7.76 3.32 3.55 4.72 3.93 3.54 3.55 3.35 9.47 5.67 6.94 6.99 4.98 14.59 5.37 3.11 3.47 5.64 7.8 7.08 6.56 12.27 8.39 6.87 5.97 5.1 4.11 3.49 6.39 8.78 19.56 20.68 15.64 6.68 7.47 7.11 10.22 5.66 4.29 4.52 2.52 5.66 7.13
10.26 12.6 11.71 9.45 4.9 4.63 6.23 3.3 3.37 1.31 4.44 6.98 5.61 3.82 4.61 4.14 4.9 7.41 6.63 6.14 6.98 7.0 3.8 3.23 2.94 2.73 3.08 4.0 7.01 16.27 5.6 6.08 6.21 13.28 8.25 9.23 6.0 7.71 6.37 9.9 8.73 11.25 9.35 14.08 9.71 4.84 5.54 9.0 5.66 9.58 5.88 14.3 14.28 20.66 10.26 6.39 5.26 6.99 3.89 3.61 2.74 3.53 6.89 4.9
14.21 9.31 15.87 6.56 8.21 9.99 10.14 3.74 2.85 2.48 6.47 8.82 8.14 7.81 8.61 6.27 13.43 12.04 11.63 5.8 6.61 4.26 3.78 5.55 11.83 6.23 3.35 2.3 6.38 7.55 7.8 9.76 10.92 19.75 17.84 13.2 4.87 3.4 6.72 10.41 15.47 15.07 12.11 8.67 6.44 5.79 7.43 7.38 8.82 7.19 7.62 6.1 7.67 12.41 11.77 4.86 2.95 4.31 3.98 4.16 3.61 1.5 1.78 3.72
13.8 9.64 16.13 8.29 5.85 6.11 6.27 6.67 5.33 7.71 9.19 17.13 9.9 8.57 13.46 9.16 17.02 21.35 10.97 4.73 4.64 6.13 7.5 7.75 12.91 3.55 2.17 0.88 3.29 8.11 11.25 10.37 16.75 15.37 11.35 8.88 8.72 3.54 6.34 3.67 9.71 5.57 12.12 9.9 5.51 7.47 12.0 20.06 10.72 8.18 12.42 7.23 6.7 9.23 9.08 4.72 6.26 5.54 4.84 3.9 2.64 1.22 3.12 4.74
9.35 7.98 7.56 3.77 7.54 6.72 5.83 7.23 5.14 5.26 4.39 9.92 9.28 18.42 12.41 10.4 10.51 14.65 10.83 6.25 6.75 6.28 7.71 9.39 6.06 2.61 2.57 1.81 2.49 6.59 8.97 22.19 14.89 23.5 18.86 5.74 5.03 4.77 3.24 3.84 4.23 4.14 9.06 8.88 11.03 11.7 12.43 13.46 7.81 7.4 7.64 6.02 8.86 14.49 10.68 4.91 2.91 6.41 10.04 10.23 4.28 2.35 3.93 4.27
13.91 8.74 6.01 6.53 6.25 4.54 5.74 5.22 6.88 7.46 10.14 14.99 8.4 10.62 16.85 16.97 9.51 13.6 11.43 8.94 8.51 9.98 7.95 6.67 4.59 2.84 1.61 2.39 6.06 7.57 17.06 24.67 15.73 6.42 6.13 7.61 9.67 11.59 4.22 5.31 3.51 2.76 2.36 3.82 8.4 11.72 13.0 13.86 7.91 10.09 8.83 7.5 8.81 10.43 12.64 6.82 10.27 15.49 21.94 13.93 4.98 5.37 5.46 6.88
6.41 9.21 4.79 6.31 4.98 5.96 7.04 5.86 8.83 6.22 5.24 9.65 11.39 14.35 16.84 20.5 17.87 7.99 7.64 8.95 15.1 11.17 11.87 7.78 6.72 5.67 3.09 3.1 6.57 16.86 29.91 34.69 16.81 5.85 11.94 18.33 22.45 15.44 6.97 6.27 4.4 3.32 2.58 3.79 6.33 9.12 6.21 9.56 6.03 14.01 11.25 4.54 5.63 6.09 6.94 5.44 12.17 9.16 13.64 12.2 10.37 7.34 6.45 3.71
12.47 10.12 11.86 7.74 9.05 12.36 21.77 14.59 19.55 11.19 8.62 8.67 9.29 15.73 22.29 29.51 19.24 9.5 11.54 12.79 13.48 11.96 9.72 8.81 7.19 8.54 3.99 4.8 4.67 5.96 12.96 25.28 12.37 16.54 17.71 12.67 11.28 12.69 7.64 6.19 2.23 2.26 2.33 7.8 9.85 7.02 4.7 6.87 4.6 8.74 6.74 7.65 8.43 6.54 5.61 5.37 4.45 5.08 10.67 9.21 21.12 4.84 6.66 9.22
6.32 6.11 9.33 13.6 15.28 27.38 15.7 17.59 26.48 13.62 12.65 6.0 9.2 14.06 24.05 32.73 13.82 9.74 12.9 30.83 17.99 18.27 8.92 6.87 8.93 7.01 4.96 4.74 7.17 15.22 19.76 29.35 12.44 13.62 15.16 20.75 15.84 11.42 9.64 3.51 2.61 2.85 3.75 9.73 10.9 7.01 4.41 6.42 5.45 9.62 6.91 5.75 4.64 7.2 5.1 5.74 5.55 3.56 4.29 7.62 4.35 5.11 4.41 8.96
2.21 3.46 5.97 8.46 19.99 25.18 19.24 17.88 14.24 15.78 13.89 8.01 9.63 10.51 30.17 33.35 14.69 12.21 13.31 26.25 29.86 11.03 10.92 6.17 9.33 10.45 5.24 4.22 7.89 12.92 20.15 19.26 25.08 20.53 16.45 7.96 17.76 11.43 5.3 3.9 2.45 4.29 4.02 6.03 7.2 6.35 6.26 11.37 7.27 7.67 16.06 6.38 7.1 6.81 4.52 5.53 3.81 3.41 4.85 4.85 4.63 4.95 4.33 4.7
4.7 4.46 5.04 8.43 5.87 8.5 11.15 10.17 17.27 18.75 7.61 6.62 5.05 4.69 14.6 10.94 13.68 9.93 11.54 18.99 23.98 16.21 6.31 7.23 15.92 5.7 6.83 9.87 15.97 22.77 26.77 14.91 10.94 18.3 17.13 16.82 25.69 25.54 7.76 5.98 2.11 4.07 4.95 4.69 16.86 21.77 9.32 9.19 6.82 7.93 6.91 5.28 4.86 4.95 5.37 3.15 3.05 3.61 2.85 3.47 5.48 4.05 3.52 3.22
7.35 5.17 4.21 7.63 13.4 17.69 12.19 6.24 9.78 14.34 10.07 6.07 4.62 9.04 11.17 16.25 6.48 8.3 12.69 11.55 10.51 13.09 10.15 6.65 12.92 7.8 6.06 4.18 10.29 13.79 22.89 14.31 7.61 11.34 19.4 28.86 34.31 11.49 5.25 4.91 2.16 5.74 4.54 8.91 13.75 18.38 11.99 7.91 10.02 6.99 5.55 5.01 7.32 4.11 3.68 4.12 2.66 4.74 2.43 5.3 5.02 5.66 5.36 4.83
5.26 5.74 9.25 7.84 7.47 17.8 11.24 8.4 6.32 4.63 4.97 3.13 6.57 7.11 10.16 11.68 13.73 9.78 11.39 9.47 5.53 7.76 8.39 7.26 7.8 7.88 5.19 4.95 7.04 6.35 14.11 9.73 7.54 9.9 14.79 25.48 24.49 11.56 6.71 4.31 4.4 4.0 5.72 18.77 20.34 15.21 16.45 7.75 9.06 5.53 4.2 4.77 4.14 5.07 5.95 7.84 3.71 2.45 2.02 2.52 7.43 5.6 5.41 7.04
3.66 5.29 8.36 10.19 8.33 9.17 6.42 6.39 4.09 4.22 2.99 2.33 4.7 4.44 7.15 8.11 10.15 13.73 3.39 4.64 6.49 8.41 7.53 4.96 7.42 5.83 4.6 6.7 5.33 6.32 3.84 4.81 5.15 8.54 8.12 23.92 10.01 9.4 10.78 6.37 7.04 6.11 13.37 11.07 14.55 11.92 11.31 17.21 10.82 6.45 8.46 3.61 3.62 4.01 5.1 5.67 3.36 4.7 4.9 3.44 5.04 4.9 7.39 9.51
4.27 5.98 5.19 9.59 9.42 8.67 3.89 3.18 4.24 5.28 2.52 3.78 2.61 3.85 3.86 6.59 12.26 13.31 7.06 5.84 5.65 7.48 6.47 6.43 9.67 10.03 7.93 4.38 3.51 3.22 3.19 7.86 6.37 6.04 8.71 17.28 14.19 14.15 10.89 11.87 7.51 6.16 11.75 9.58 9.78 8.61 11.36 13.81 6.42 8.01 7.49 4.06 4.16 6.1 6.6 7.52 7.05 13.96 5.18 6.25 5.35 7.3 8.25 4.62
8.93 7.68 4.2 4.27 3.43 2.54 3.53 3.67 4.11 4.06 2.55 4.64 3.89 3.02 4.84 5.78 10.54 11.52 8.6 4.82 6.3 7.43 7.9 12.04 10.31 6.53 11.79 5.01 4.08 3.97 7.24 9.63 9.44 13.06 8.24 12.43 13.91 15.85 9.82 10.93 7.26 7.02 7.34 11.13 11.6 9.16 8.18 16.67 7.74 8.1 4.22 5.17 4.04 6.0 8.01 7.1 12.53 16.26 5.48 4.37 5.79 12.11 8.15 5.95
6.73 3.83 3.7 3.72 4.09 3.36 4.42 4.39 6.08 5.38 5.01 4.96 4.97 6.22 9.83 8.98 9.69 12.37 9.95 4.37 4.21 4.67 8.11 13.69 20.71 16.0 6.99 7.73 4.05 5.0 5.89 13.45 17.43 13.32 8.02 8.85 5.55 4.26 6.55 4.68 5.89 9.37 8.98 17.18 13.99 7.93 6.38 10.11 9.32 5.94 4.08 7.47 3.3 6.98 9.11 9.05 7.87 7.81 5.34 5.96 10.73 10.51 10.2 6.02
10.06 4.47 3.92 3.08 3.46 3.42 2.41 3.49 5.19 9.64 8.97 7.17 6.59 3.95 5.4 9.24 10.85 7.51 7.53 4.92 4.79 6.17 6.36 6.8 18.89 18.14 7.61 5.21 5.01 10.43 9.81 16.24 23.92 11.58 11.34 11.14 9.04 14.58 3.87 5.85 6.25 5.07 11.26 10.26 10.76 10.98 11.63 11.15 14.8 7.32 5.21 9.42 5.34 8.29 6.06 18.27 9.73 7.49 4.76 4.49 9.06 8.14 4.91 5.51
5.92 4.58 3.01 4.27 3.62 3.05 3.32 3.11 7.12 9.39 6.49 6.36 22.88 13.66 10.13 5.57 8.4 11.42 10.05 8.41 9.09 8.25 11.71 8.82 6.85 5.85 5.58 7.12 8.0 9.48 11.35 18.49 40.58 18.69 14.86 10.04 11.21 14.7 8.2 4.09 3.21 4.38 4.78 7.22 7.04 7.98 8.82 12.62 12.25 15.0 14.46 11.51 7.53 5.55 7.68 11.32 16.39 15.27 7.34 6.1 6.63 6.12 6.11 4.16
4.93 1.55 1.26 1.91 2.08 2.31 2.98 4.59 5.41 13.03 9.03 10.13 5.34 3.88 4.57 4.96 7.63 9.65 19.07 12.17 7.36 6.39 6.8 9.33 10.13 9.85 8.38 6.95 13.98 11.66 11.44 27.56 40.64 17.23 32.01 19.86 22.77 18.92 13.08 5.07 8.71 4.66 5.05 5.39 10.07 11.73 17.48 25.94 15.53 7.75 11.58 7.67 8.63 6.47 8.76 8.74 13.75 8.58 11.13 7.02 5.36 3.15 4.66 4.52
7.45 3.25 1.56 2.78 2.1 2.96 19.12 21.32 20.47 27.57 9.44 7.77 4.35 3.71 4.97 8.5 9.97 15.52 17.92 11.44 7.68 11.3 9.57 9.61 12.51 9.33 7.61 6.37 9.7 10.97 12.09 18.05 18.71 12.42 13.23 15.24 25.83 13.02 16.76 14.21 11.54 5.48 4.03 4.64 4.06 8.54 16.03 23.15 9.1 5.85 8.49 6.92 6.28 11.09 16.06 29.75 19.88 19.4 11.44 6.42 4.25 4.36 4.17 5.53
5.38 3.04 2.23 2.95 2.69 5.16 13.17 20.66 25.36 15.12 15.83 5.57 5.49 6.48 5.46 5.59 10.28 10.48 11.5 7.85 5.15 8.19 10.52 11.0 10.94 10.68 5.22 4.71 5.6 8.63 10.8 15.37 13.26 12.57 22.05 16.5 10.48 14.85 17.66 22.99 10.64 8.66 4.26 6.54 4.05 5.05 7.19 14.09 12.28 6.08 10.57 11.37 7.89 15.31 11.44 17.51 15.64 15.63 7.57 6.53 3.44 7.85 6.84 5.98
4.71 3.89 2.7 4.35 4.3 5.88 7.63 12.23 18.89 15.05 16.97 6.5 8.6 7.9 10.26 10.81 9.67 10.91 7.92 6.95 8.02 9.54 9.32 8.07 10.57 14.06 3.76 3.17 4.59 6.16 6.52 7.41 14.34 6.91 17.03 6.2 6.5 8.03 10.5 11.37 6.22 3.53 5.89 7.52 3.64 5.46 6.62 7.3 9.0 4.7 7.1 5.84 7.21 8.44 12.08 8.24 12.49 11.12 12.7 3.97 2.95 5.12 9.38 6.28
3.44 2.84 3.16 4.36 4.16 5.0 6.42 8.14 8.1 10.21 6.47 8.16 8.67 5.17 8.67 14.73 7.54 5.25 5.77 9.62 10.03 10.47 10.98 8.97 9.86 9.05 6.16 4.02 3.9 7.39 7.79 6.23 18.77 11.82 12.25 6.72 6.27 5.6 4.57 8.5 9.37 7.68 11.23 7.22 5.43 5.73 3.59 9.04 8.43 5.88 6.73 6.74 4.09 4.29 6.73 12.2 9.17 10.42 7.67 3.45 3.5 3.52 7.47 4.19
4.9 3.03 4.18 5.55 3.36 4.04 6.83 7.15 13.24 12.84 9.29 8.06 8.38 7.02 7.0 13.26 18.06 13.5 9.08 19.06 6.96 7.83 3.85 5.44 7.89 5.24 6.27 6.23 11.85 6.29 7.71 16.06 14.32 11.62 9.16 6.33 6.04 6.13 6.11 8.19 4.0 3.55 4.94 6.21 5.0 4.95 3.97 11.08 6.76 7.26 4.63 4.91 6.19 5.56 6.51 9.04 7.61 16.72 6.32 2.38 3.07 4.33 3.82 5.34
6.7 3.22 3.65 5.77 5.43 7.88 6.61 8.45 12.01 12.15 9.82 9.57 14.9 9.66 7.34 9.65 9.46 8.26 14.49 15.71 8.62 5.95 5.32 3.33 4.68 5.81 7.86 6.81 6.5 9.27 19.03 20.24 10.35 8.69 5.6 7.23 11.85 5.77 6.93 4.05 3.74 4.05 6.25 7.14 4.42 4.9 5.9 10.06 20.97 8.69 5.57 4.29 4.02 4.61 4.3 7.0 6.49 9.24 6.43 4.24 3.16 4.82 4.59 6.39
4.68 4.16 11.03 6.52 11.77 10.87 7.59 12.1 12.08 13.74 13.06 9.76 11.23 8.73 8.68 7.65 9.32 8.21 13.77 8.39 8.74 2.48 6.13 4.86 6.03 4.2 7.09 5.2 6.59 7.33 16.67 16.53 11.52 12.11 7.84 6.77 6.89 7.83 4.34 4.18 4.15 5.56 7.83 6.74 7.54 7.53 7.83 10.57 17.15 11.06 8.41 4.69 2.88 6.44 6.43 7.85 6.52 6.75 7.46 3.7 4.66 5.47 5.84 11.05
3.49 4.1 6.4 7.26 14.19 4.73 9.48 12.49 15.98 10.52 9.89 11.92 8.73 11.54 10.3 10.91 12.81 10.32 7.8 5.47 6.09 4.23 7.72 2.72 6.49 3.15 4.26 4.16 4.52 11.71 13.86 15.01 12.47 6.79 11.13 8.43 5.34 10.56 5.39 4.55 6.62 4.78 5.32 5.92 8.09 10.49 8.5 7.94 16.26 13.03 9.08 3.39 3.97 3.53 10.54 14.33 10.67 17.14 16.86 9.09 4.05 5.34 8.44 8.76
3.64 4.42 9.18 4.71 7.37 4.88 5.62 8.69 7.34 9.14 5.98 8.84 4.62 9.72 7.54 13.19 10.9 10.16 9.38 6.66 6.91 7.03 3.48 3.84 2.78 3.72 7.62 6.27 12.19 10.31 9.48 9.77 13.93 5.37 7.22 10.31 10.7 6.21 10.97 12.36 5.5 7.42 8.51 7.31 14.06 7.92 8.69 7.77 8.05 7.81 5.82 2.4 4.13 4.8 9.32 8.99 14.27 19.61 16.96 9.44 6.23 8.18 9.8 9.85
4.43 6.38 13.57 13.49 7.63 9.08 5.79 8.08 6.3 6.76 6.86 7.55 4.66 4.96 7.41 11.46 16.63 16.34 10.92 14.37 8.16 4.91 6.49 5.25 4.1 4.74 8.78 6.83 7.33 9.1 13.47 6.98 3.91 4.68 4.69 10.81 13.99 8.64 20.23 7.97 11.49 7.45 7.3 8.95 15.76 13.95 8.4 7.63 9.02 10.37 7.44 5.07 4.83 4.15 7.87 8.41 14.8 19.81 18.47 14.62 15.28 12.74 12.68 15.81
8.25 7.23 15.62 12.43 9.53 9.39 12.59 6.39 2.53 5.23 7.15 4.38 4.36 6.89 8.8 18.3 12.88 12.7 10.18 7.2 8.21 6.32 5.46 3.32 4.9 5.38 4.19 5.84 4.74 5.03 9.48 10.19 9.16 6.81 9.55 14.44 6.95 6.91 13.7 11.44 12.34 14.34 18.93 13.57 5.78 9.79 13.45 11.5 18.88 10.95 10.75 6.61 5.92 6.33 10.24 8.49 8.01 11.71 19.76 15.02 19.3 10.4 7.06 14.99
7.68 14.33 7.72 15.77 11.52 6.86 6.74 7.91 6.83 11.35 14.6 9.53 5.53 5.91 10.68 15.34 13.14 10.99 11.68 14.42 9.46 6.99 4.54 3.91 5.87 8.92 3.28 2.27 2.91 8.19 8.15 7.58 10.0 4.27 6.03 5.95 5.01 7.87 8.57 10.35 12.75 12.9 15.95 17.29 9.42 8.56 8.41 13.14 5.07 12.76 6.52 8.82 7.94 9.35 10.55 7.86 5.67 5.72 8.33 10.29 17.9 12.74 11.92 16.05
7.19 18.85 9.3 12.81 12.7 6.19 6.1 4.04 5.47 10.28 17.26 6.11 5.81 6.99 4.51 10.42 14.64 9.52 9.28 7.65 15.17 9.12 9.43 8.18 5.87 3.42 2.53 5.47 8.15 16.73 11.63 8.53 4.33 2.04 5.22 8.35 9.69 9.93 15.07 9.74 13.92 19.53 15.29 22.27 13.01 15.11 11.66 8.73 4.68 10.27 6.68 9.96 9.95 18.4 9.65 4.44 4.11 3.69 3.97 5.0 9.74 13.56 7.82 6.52
11.7 11.26 8.28 8.21 16.34 10.5 9.69 7.41 4.42 6.11 13.59 12.28 14.45 7.15 8.0 10.16 11.3 9.74 15.74 10.27 7.62 8.05 9.67 8.36 5.09 5.14 3.8 9.98 9.06 8.51 8.04 7.53 5.5 3.05 4.48 9.92 13.44 9.63 10.72 6.93 6.44 10.87 11.31 14.55 23.43 16.93 15.05 6.88 9.09 5.27 5.46 8.99 15.81 38.14 12.08 6.54 3.73 3.21 5.09 10.04 15.46 14.74 14.63 8.11
9.59 10.21 4.52 6.6 6.74 15.9 9.19 12.71 5.88 8.19 14.47 10.59 11.1 5.89 10.92 12.86 25.25 14.25 4.88 5.24 2.51 3.04 10.79 4.48 6.19 8.19 9.11 4.58 4.89 10.4 12.5 10.11 6.49 3.89 6.23 12.44 12.47 9.9 9.33 5.51 5.65 4.49 8.61 20.45 16.16 19.97 22.42 11.71 13.14 4.85 5.38 3.84 8.61 13.28 12.0 9.72 7.28 9.15 5.71 9.44 7.9 13.54 9.89 21.68
