7.58 7.76 11.16 16.09 6.72 4.86 5.96 12.76 17.69 12.46 7.33 4.55 7.56 5.92 4.53 3.6 7.26 4.26 3.22 3.3 12.75 9.07 11.13 5.45 7.76 16.76 26.44 5.77 5.5 5.46 3.79 7.07 8.35 7.23 9.33 20.03 8.19 8.1 6.58 7.61 11.77 12.83 17.63 24.35 17.44 9.79 10.37 7.98 8.51 4.4 5.86 6.1 8.0 14.92 11.19 10.57 9.82 11.53 6.57 7.88 4.22 14.98 7.44 4.82
6.93 7.58 11.52 11.18 5.95 9.26 13.14 17.64 21.06 11.36 7.36 9.27 10.09 5.92 5.25 4.72 5.03 5.07 4.79 6.23 11.74 8.77 7.91 7.49 5.1 6.02 9.45 6.54 5.11 5.94 5.58 16.91 15.37 6.52 9.38 20.58 6.89 10.89 7.35 12.69 14.3 13.86 17.33 12.15 8.4 11.2 6.96 10.09 9.61 4.39 5.01 8.06 5.8 14.27 20.33 9.3 5.67 3.15 2.54 9.29 14.14 13.58 4.63 2.77
7.03 5.94 6.39 5.89 5.17 7.26 9.28 14.55 8.92 25.36 10.62 6.07 6.51 7.95 8.3 7.65 6.19 12.19 9.69 10.44 14.61 9.6 9.84 10.01 8.48 11.3 8.19 5.43 8.27 9.05 9.79 11.72 13.15 13.14 12.97 17.5 9.27 12.28 15.05 9.24 6.65 10.09 18.46 11.32 8.11 6.67 8.21 8.72 10.34 4.57 8.54 6.71 13.05 15.97 20.17 10.07 4.22 3.28 6.01 6.75 11.16 8.28 5.14 3.28
7.38 5.96 7.99 4.04 5.03 7.56 7.01 7.35 16.23 22.93 19.28 4.57 9.68 6.1 5.65 3.98 4.58 6.26 7.6 10.63 9.67 5.09 9.18 10.11 5.34 12.74 7.55 7.27 9.17 5.4 11.82 8.93 9.87 10.6 18.39 12.7 9.25 15.81 18.58 8.26 7.37 15.19 8.68 5.54 11.31 13.37 9.12 7.22 7.92 4.32 5.69 5.03 7.39 13.43 13.91 7.66 5.03 7.09 7.29 6.77 9.44 10.85 3.71 4.51
3.88 4.89 4.4 3.25 6.61 7.89 3.12 8.01 14.36 21.21 8.76 4.57 3.79 5.76 2.72 4.24 5.47 5.38 3.92 4.88 7.27 5.22 9.06 3.87 3.33 8.02 7.95 11.12 7.16 6.51 7.83 12.66 7.68 8.83 12.03 5.17 8.81 16.69 23.29 10.56 21.15 10.06 13.14 6.22 18.72 14.61 9.59 7.98 5.15 4.67 8.31 11.31 8.33 9.42 7.41 9.26 11.79 9.21 16.76 13.33 10.28 7.39 2.23 2.03
4.49 4.09 4.52 5.2 9.15 3.96 5.83 4.47 9.16 7.7 5.04 2.24 4.14 3.77 7.94 5.81 5.78 8.45 4.79 7.8 5.38 4.28 8.37 3.88 4.28 5.9 8.99 7.8 18.81 7.21 5.72 3.37 10.4 6.81 6.36 5.64 7.69 9.5 9.27 12.99 20.34 26.17 14.57 11.08 17.92 13.37 8.04 14.27 7.09 6.66 8.02 9.81 5.75 6.89 5.73 7.18 4.53 16.82 13.24 9.83 11.18 7.69 7.24 6.28
5.73 7.28 7.15 7.46 9.34 3.18 4.62 6.59 5.39 4.86 1.98 1.71 4.11 4.77 7.56 7.23 5.7 10.12 9.47 9.96 5.24 4.77 9.52 5.75 4.88 9.52 11.1 14.12 9.66 6.9 6.68 3.72 4.02 4.06 6.01 5.36 4.93 9.13 10.55 12.5 24.94 25.27 11.87 14.19 16.88 21.87 23.22 17.37 8.35 9.93 5.22 3.62 3.67 6.03 9.05 8.61 8.67 9.0 6.45 8.1 16.49 6.94 12.95 14.17
5.74 8.11 6.15 7.65 8.45 3.74 8.66 7.7 3.1 4.86 1.9 0.83 2.06 4.07 5.77 6.1 5.62 7.28 5.53 4.9 6.73 9.1 6.91 5.49 8.7 12.12 13.46 12.62 13.63 10.1 5.07 2.46 3.92 2.68 4.22 6.88 12.69 12.92 13.19 16.18 18.34 28.06 18.02 17.84 8.63 12.71 18.61 20.29 20.54 13.85 8.36 5.68 5.17 5.75 8.7 11.99 10.29 11.1 6.56 14.03 8.28 8.15 16.48 7.7
3.26 8.72 6.75 8.03 6.59 4.5 5.9 3.29 2.67 2.31 1.89 1.14 2.33 2.88 3.6 2.36 5.16 2.32 3.35 7.35 15.29 13.62 10.29 4.9 12.71 32.33 25.01 20.08 13.75 9.0 4.43 4.63 6.08 4.55 10.53 11.27 8.31 11.89 20.88 23.22 16.36 15.33 19.08 14.43 11.09 11.04 15.71 24.94 18.53 11.47 8.9 10.93 8.18 3.81 6.77 9.68 10.58 10.35 7.46 13.02 6.31 10.97 15.85 7.95
3.09 2.91 6.54 7.5 5.73 6.49 4.35 4.28 3.46 3.37 2.73 6.51 2.1 3.14 3.6 2.5 3.22 3.04 2.26 8.82 9.77 8.99 11.13 7.88 10.72 15.92 17.41 17.06 9.46 13.46 6.66 6.81 6.27 8.93 10.02 7.81 4.53 14.11 20.45 15.07 14.42 12.19 11.05 9.51 7.41 12.55 11.01 9.53 6.96 9.17 7.99 7.81 5.56 4.7 10.5 8.83 7.7 5.65 15.42 15.96 9.16 7.34 9.27 6.55
4.07 2.98 2.31 7.83 7.26 6.52 6.23 3.97 3.79 6.02 6.49 5.07 3.3 5.71 7.16 2.44 5.01 5.01 6.72 22.13 14.61 7.14 12.34 5.24 11.31 14.44 17.25 9.62 14.19 7.47 6.34 5.1 7.46 6.19 10.64 9.93 6.04 12.1 16.78 11.59 16.92 13.9 11.48 9.03 7.49 6.65 13.93 8.73 11.37 6.77 7.69 8.06 7.71 6.64 6.73 8.41 8.2 14.52 13.43 13.1 6.81 14.37 4.5 5.96
3.17 4.45 4.42 7.81 6.71 7.96 16.59 5.09 4.62 9.89 5.61 7.78 5.03 4.85 4.31 3.22 5.08 7.66 13.38 11.28 11.04 5.75 5.66 5.97 14.15 10.16 9.02 7.31 6.22 10.75 4.5 5.99 9.98 12.76 12.03 15.14 9.3 11.19 9.99 11.95 10.22 14.4 11.55 12.24 9.56 9.86 5.89 12.98 6.82 8.49 7.38 7.0 5.49 6.5 9.08 12.3 10.73 6.65 15.41 8.37 5.36 7.09 4.53 11.45
3.74 4.11 3.97 9.05 6.15 3.14 8.52 5.44 6.52 3.75 3.64 3.5 3.56 4.02 4.4 5.49 3.75 3.56 5.87 11.71 6.83 13.51 10.03 10.97 10.87 7.8 11.92 7.38 6.42 8.11 5.07 9.7 11.71 8.74 7.28 8.25 5.28 6.23 3.93 5.76 5.02 5.46 12.82 9.46 8.04 7.89 6.84 8.97 11.84 9.45 11.85 8.63 8.19 9.07 7.47 11.86 13.5 12.22 7.92 3.85 3.21 4.24 4.69 10.03
2.54 4.1 8.56 6.83 3.92 3.84 4.2 4.28 7.16 5.08 5.86 2.89 4.47 6.56 5.59 4.04 3.74 2.3 4.68 5.55 4.4 5.91 5.2 6.29 5.19 6.04 8.06 6.4 10.67 5.54 7.57 6.79 8.26 5.87 17.98 8.31 5.16 3.7 3.69 4.07 4.65 6.18 8.23 6.09 5.23 9.93 5.98 7.2 10.7 8.28 7.76 8.48 5.54 7.18 11.43 6.35 18.86 19.59 12.37 5.27 5.57 5.72 9.51 16.28
5.98 7.17 8.4 9.23 4.49 3.35 4.77 4.8 7.34 4.81 6.91 3.38 5.73 7.49 9.15 3.03 4.11 3.85 5.11 3.58 4.43 8.12 5.02 3.39 4.58 15.44 6.68 6.1 11.43 8.91 9.09 12.05 5.46 7.8 8.82 6.39 8.04 3.75 3.53 5.66 6.49 8.47 7.51 11.96 8.96 6.69 5.26 6.16 13.18 15.66 6.12 10.95 9.81 19.95 13.62 10.42 9.15 21.66 9.6 5.06 4.87 6.49 9.83 11.67
7.71 5.51 5.28 11.87 3.02 3.43 5.42 2.93 5.07 3.59 1.41 2.63 5.13 9.12 7.62 4.09 3.72 3.02 4.77 5.72 5.59 7.1 2.69 3.53 8.2 11.67 7.73 13.38 9.33 12.21 13.95 11.05 9.03 12.14 5.74 6.91 9.4 5.59 6.31 6.39 6.2 14.39 12.78 6.4 5.19 4.46 4.67 5.36 9.57 8.55 11.15 23.16 30.68 24.03 15.53 7.24 10.04 16.54 9.46 9.25 18.53 12.43 8.83 10.06
13.72 8.27 7.17 7.8 2.82 2.38 4.06 2.56 3.88 3.65 1.86 2.53 4.92 5.61 8.54 5.87 4.5 2.15 4.8 4.94 15.67 9.46 2.34 2.92 9.57 11.53 17.48 24.32 12.49 11.61 8.54 9.04 9.7 5.66 3.46 5.09 6.62 4.65 8.97 5.92 8.97 11.53 14.72 5.82 8.72 8.13 5.3 9.07 5.71 7.89 13.42 16.49 19.55 31.69 6.37 7.72 9.05 16.87 11.31 7.78 10.21 15.18 6.97 8.3
11.15 8.04 7.35 7.92 3.27 3.16 3.55 3.11 4.29 6.01 3.51 4.68 2.84 3.33 3.92 7.38 2.88 2.67 2.79 4.61 8.77 6.96 3.27 3.58 7.27 7.4 13.94 13.03 12.5 7.33 5.19 5.72 4.45 4.68 2.33 5.98 3.81 4.23 4.69 5.72 6.71 12.06 9.62 7.22 8.02 9.32 10.15 15.27 7.74 3.65 6.66 6.89 10.47 22.8 12.89 15.27 12.29 12.78 10.58 9.28 10.58 5.75 6.34 7.07
18.84 7.82 8.28 7.97 4.38 3.34 2.86 2.61 8.19 4.68 5.98 4.71 3.34 4.26 5.74 2.98 4.72 2.99 4.39 5.29 4.65 3.21 3.94 3.89 2.82 7.35 5.33 5.37 6.14 7.5 5.25 6.93 6.82 5.58 6.74 4.02 2.83 4.78 3.59 2.36 5.87 8.18 10.19 11.19 6.53 12.01 12.74 11.53 15.12 11.52 4.1 9.82 12.6 15.27 11.1 10.6 10.98 18.97 8.7 15.24 7.98 3.98 4.02 6.95
13.83 10.91 10.25 7.16 4.5 2.71 1.37 1.54 3.64 4.17 4.34 7.02 4.45 4.58 3.19 4.44 3.47 4.15 8.25 13.23 6.54 3.92 3.35 2.64 3.99 3.71 3.69 3.24 8.57 8.8 6.12 5.55 5.77 7.72 7.84 4.4 3.64 5.78 1.79 2.31 4.31 5.39 10.8 11.25 7.62 10.9 15.41 12.69 20.62 8.81 10.57 12.61 8.27 11.16 24.0 12.54 4.44 8.94 14.0 11.39 7.34 4.48 5.08 5.08
8.11 6.71 11.62 6.36 5.65 3.03 1.85 2.32 3.16 3.88 5.66 3.31 3.19 4.6 3.79 4.61 6.04 6.87 13.84 12.03 14.74 11.68 4.59 3.06 2.28 2.98 3.72 4.46 7.28 5.93 5.91 6.3 7.87 3.66 4.8 3.82 3.62 4.51 1.72 1.67 3.11 6.49 4.84 4.76 2.93 11.24 9.99 14.3 7.74 7.13 10.85 7.86 10.2 24.12 23.97 12.98 3.69 3.79 9.79 6.19 3.93 8.22 4.13 5.91
14.99 6.68 14.87 9.24 6.05 4.27 4.33 7.88 8.4 5.28 4.81 5.66 3.84 3.63 4.7 10.29 5.08 6.61 10.44 7.53 8.98 5.56 3.82 2.32 1.89 2.02 2.96 2.46 5.61 9.17 4.28 2.45 4.44 7.52 3.06 3.67 4.86 6.42 2.79 2.93 2.61 7.0 3.33 3.16 4.01 7.13 3.86 10.14 9.25 5.25 9.38 6.3 14.09 23.31 21.09 8.51 8.59 7.4 13.15 5.13 9.45 10.87 4.72 9.32
8.59 13.1 17.4 9.1 3.45 4.41 7.66 7.41 16.72 12.55 7.09 7.04 7.27 9.47 7.25 6.59 4.27 14.3 7.8 10.46 7.99 4.55 2.47 2.34 2.21 2.42 2.83 4.45 5.81 5.18 2.45 2.98 4.32 6.63 4.42 3.52 4.06 4.43 5.21 3.84 2.41 2.57 3.61 3.42 4.78 3.86 4.41 15.46 10.17 11.36 11.48 7.08 13.13 29.28 26.26 16.98 13.57 14.43 21.01 13.14 14.72 5.28 7.85 15.0
12.59 18.13 15.39 11.77 5.25 5.14 4.91 12.4 21.94 10.44 9.94 8.92 8.68 6.27 13.07 4.73 5.14 7.48 9.05 6.52 6.8 1.91 2.17 2.23 2.19 3.34 5.63 4.0 7.42 8.5 4.38 4.67 8.45 5.73 6.69 5.6 4.52 3.92 4.36 7.33 3.24 2.13 3.37 2.27 5.46 7.8 8.35 13.51 7.05 6.32 14.52 11.28 12.5 13.29 29.56 28.59 20.85 20.11 18.74 13.57 12.47 7.92 8.96 13.73
21.3 17.54 13.28 4.74 10.96 7.9 8.78 9.91 8.4 7.16 18.44 12.19 11.88 10.39 16.27 7.58 3.88 12.1 13.96 8.38 3.83 2.58 2.92 3.6 2.24 5.37 7.54 4.27 6.87 9.03 3.4 6.2 4.12 6.22 8.15 9.56 10.33 8.52 8.44 9.09 6.33 6.46 4.4 2.84 8.36 7.7 6.16 8.08 4.21 6.46 7.0 7.18 7.09 11.77 11.25 20.23 12.81 16.98 13.21 8.58 10.25 8.28 13.6 6.33
16.67 20.76 10.67 15.21 23.46 21.77 9.55 16.98 8.05 7.48 12.15 8.05 10.58 9.38 7.79 2.66 4.91 6.44 9.98 4.47 6.26 5.29 2.59 3.36 4.65 5.84 6.25 4.63 5.42 10.7 6.15 4.27 4.88 7.25 8.1 9.94 11.27 5.98 8.7 13.18 9.7 10.66 4.25 2.14 3.7 4.96 11.06 7.3 3.4 4.37 5.84 4.88 8.98 11.62 15.19 9.86 12.7 24.1 11.11 13.18 7.78 9.16 6.05 5.46
22.04 12.89 10.84 12.02 20.04 12.55 20.57 14.6 14.6 10.58 8.0 3.77 8.28 9.48 8.24 3.05 4.4 5.85 5.03 6.07 3.92 4.23 3.18 7.22 6.29 3.64 5.12 5.26 3.28 6.63 3.01 2.45 4.4 3.54 3.37 7.89 4.24 2.99 5.67 9.58 10.26 8.89 3.88 3.67 8.34 5.38 7.72 9.43 5.56 5.06 3.87 7.63 7.48 13.14 10.8 12.22 10.92 16.41 14.77 16.89 8.89 6.3 7.48 2.39
14.72 8.04 10.29 18.44 11.15 6.47 9.22 10.72 8.78 16.46 6.21 9.65 6.93 4.39 5.11 2.25 2.58 4.92 2.77 4.28 7.95 8.86 11.7 15.3 5.6 7.01 8.96 7.65 5.67 7.17 3.01 2.44 3.3 4.8 8.16 11.99 4.13 2.73 2.81 7.35 6.68 6.19 4.05 3.72 6.18 9.35 8.89 7.62 8.02 3.89 3.17 3.86 11.82 15.41 14.38 10.82 20.44 32.23 21.73 22.51 16.03 7.76 3.55 4.99
10.18 13.62 17.56 14.99 17.29 8.02 9.24 9.55 8.14 12.18 5.7 8.09 7.48 7.24 3.13 3.34 4.03 5.7 4.25 14.67 12.94 7.28 15.9 26.94 6.7 11.39 12.08 4.55 5.67 8.35 9.01 5.67 3.55 3.64 11.21 8.42 8.54 4.4 5.12 10.17 7.11 5.36 3.17 3.33 7.93 11.82 4.46 5.97 6.46 3.64 1.77 3.02 5.82 6.14 7.35 9.09 13.86 15.28 14.23 6.71 6.29 6.66 5.61 5.29
8.3 9.94 16.37 12.1 14.61 11.31 21.48 10.98 8.88 8.01 7.34 6.26 9.02 13.19 5.47 4.33 5.25 4.3 5.45 5.64 4.84 6.01 10.7 6.46 11.0 9.14 7.34 4.04 6.68 9.85 7.96 11.79 4.29 6.06 8.61 6.91 10.85 7.45 8.85 12.55 8.37 6.59 6.0 4.37 4.99 4.76 4.69 6.3 6.12 3.08 2.43 7.66 6.37 5.02 6.62 4.62 8.07 7.78 9.11 7.55 9.02 6.92 4.87 2.21
7.59 26.59 13.6 7.78 12.1 12.33 10.98 10.58 7.47 6.12 12.26 12.82 9.64 12.49 5.07 6.84 4.24 2.55 3.96 11.35 4.55 6.18 4.42 5.92 4.39 9.41 8.53 5.23 7.34 5.65 4.94 6.15 6.62 4.27 5.59 3.43 8.43 8.86 6.87 8.23 8.89 10.92 8.33 8.13 10.27 8.33 7.66 10.86 8.87 4.66 3.87 7.41 6.27 4.99 4.32 3.72 7.09 4.67 7.55 7.09 3.81 4.52 6.45 1.5
9.32 11.82 11.58 6.91 7.66 7.57 7.76 9.25 8.26 5.77 10.67 17.21 25.59 12.44 7.1 5.64 7.09 4.09 7.1 3.52 4.2 3.66 8.64 7.33 5.84 5.64 7.96 6.84 12.67 7.83 5.4 6.16 4.78 6.37 5.13 4.98 4.03 4.09 8.21 11.34 7.39 12.89 7.33 7.09 6.91 6.97 14.39 14.05 10.59 5.19 2.73 3.82 4.14 5.28 4.56 4.68 5.05 8.48 4.46 3.11 3.99 8.79 4.09 2.83
9.25 9.11 3.9 3.53 4.1 6.97 7.52 11.82 8.59 6.95 8.7 18.36 22.53 16.62 6.67 9.44 7.7 7.44 4.96 3.46 2.53 4.61 5.6 12.8 7.55 12.1 7.35 8.77 10.15 7.02 4.24 7.57 5.91 6.27 6.18 5.53 5.88 5.12 4.47 3.78 6.98 10.83 2.51 3.75 3.4 5.14 9.46 6.15 4.7 4.18 2.3 1.69 3.19 2.64 5.04 2.34 4.33 6.17 5.41 2.91 6.44 5.97 5.45 3.53
6.87 10.71 3.92 7.0 4.04 4.72 6.21 10.19 7.91 11.57 11.94 12.0 16.06 10.04 8.67 8.05 4.24 5.61 6.86 3.44 3.17 2.7 3.92 8.63 9.0 13.17 10.39 6.91 7.42 10.9 5.15 7.82 3.86 5.04 6.48 5.92 7.42 6.49 5.95 4.89 12.2 7.99 4.45 2.11 4.77 3.39 4.18 4.3 5.55 2.68 1.89 2.89 3.64 2.52 2.66 3.79 3.68 2.95 2.84 5.7 5.55 4.18 4.83 12.71
6.83 9.87 6.94 4.83 5.3 6.49 6.87 8.58 9.96 8.22 10.18 12.68 11.71 7.79 7.46 6.18 5.35 4.3 2.79 2.95 2.13 1.82 5.43 5.55 7.15 9.71 10.72 8.43 8.21 3.48 4.42 4.15 2.27 1.92 2.11 2.71 6.49 8.46 16.79 11.91 15.36 8.86 4.76 3.92 4.14 3.83 3.98 6.03 4.68 5.62 3.92 3.99 3.06 6.02 4.22 2.14 1.94 1.77 4.08 4.29 3.27 3.07 5.0 3.64
4.55 5.21 7.23 9.84 5.65 8.2 6.22 7.61 9.62 8.95 5.72 6.25 5.46 7.95 7.08 5.15 6.02 5.76 2.94 1.78 2.22 2.24 5.72 6.44 5.79 10.95 8.01 6.67 6.23 3.92 4.44 3.72 1.37 4.03 2.55 5.33 4.05 15.76 20.74 11.66 9.68 9.69 5.38 6.16 6.45 2.77 3.16 2.5 4.71 4.91 5.08 5.41 7.28 6.4 4.81 2.51 2.75 3.36 5.98 7.81 3.71 6.73 7.13 3.76
9.88 8.08 9.45 6.72 6.54 6.29 7.85 10.9 8.11 11.35 9.31 10.44 8.39 13.94 9.86 5.92 5.3 15.39 6.95 3.13 3.83 3.37 4.43 3.48 4.58 8.23 5.47 2.02 5.16 5.64 4.37 2.91 3.32 5.43 3.66 3.74 5.05 15.36 13.92 6.53 7.85 8.43 4.44 7.26 4.99 2.75 3.61 3.27 5.42 5.29 4.66 5.14 5.68 4.46 5.96 4.66 5.17 3.16 3.76 4.77 5.66 11.03 10.16 5.34
16.14 13.87 9.18 11.39 6.71 6.37 8.94 8.96 15.75 20.7 10.51 4.82 8.51 5.8 5.41 7.8 11.5 14.45 9.57 7.84 6.3 5.11 3.09 5.66 5.86 6.11 4.48 5.3 2.9 4.83 6.46 5.2 7.84 5.63 3.91 12.77 5.86 10.46 7.61 8.24 8.43 5.33 4.54 6.99 4.82 2.83 2.87 2.47 10.39 7.28 5.34 5.0 5.23 5.17 4.83 6.06 7.18 6.6 3.76 5.98 5.43 10.08 6.74 7.74
15.07 7.53 11.2 14.31 8.82 6.28 6.35 9.47 11.61 22.15 8.15 4.33 5.43 8.29 5.74 13.15 8.88 17.69 20.81 19.09 6.49 4.96 3.5 5.52 3.85 4.51 3.92 6.43 3.12 2.68 3.95 3.08 12.99 7.87 7.7 16.35 13.24 11.07 7.52 6.61 7.61 9.08 13.18 14.09 3.97 3.2 2.78 3.74 8.14 4.27 6.39 6.51 5.77 6.11 7.44 4.61 7.42 4.1 6.6 4.17 5.61 7.19 8.05 9.21
11.47 7.22 11.98 21.97 10.12 12.07 8.84 5.41 6.09 16.27 12.42 5.71 8.16 9.6 7.49 11.66 10.65 18.84 24.46 18.37 8.31 13.1 7.02 4.4 3.09 7.27 4.72 8.77 4.97 4.55 5.69 4.52 6.71 7.77 8.0 9.77 11.44 4.14 6.35 8.77 7.46 5.83 12.46 6.11 3.8 4.94 3.93 4.18 8.51 2.75 4.4 10.38 8.29 6.39 7.57 6.17 5.89 5.54 5.87 5.93 7.56 6.96 5.63 6.67
13.35 15.42 13.0 11.18 10.58 18.15 15.18 6.0 9.94 13.26 9.23 13.18 13.73 12.31 10.55 13.73 11.72 13.05 11.68 11.15 10.07 6.79 8.48 2.23 1.8 3.8 6.32 5.36 6.04 3.87 12.02 11.71 9.73 3.63 7.29 5.18 7.24 3.34 7.54 5.67 4.79 6.32 7.99 1.92 2.5 4.64 2.48 4.19 3.16 2.79 3.26 4.68 4.67 7.78 9.35 6.54 6.25 8.39 10.1 12.44 14.69 4.3 5.96 8.01
22.73 11.37 8.03 10.75 13.27 9.71 8.77 5.85 14.84 13.29 6.97 5.0 15.75 10.89 15.14 7.2 8.01 16.9 15.22 10.21 14.87 8.05 3.86 2.39 2.31 4.98 6.02 12.4 4.37 6.9 9.72 17.93 10.95 5.89 6.27 5.88 6.41 3.89 6.19 7.42 6.48 7.32 7.56 3.9 5.35 9.53 3.57 3.82 2.21 2.99 3.21 5.04 7.11 13.19 8.83 8.78 6.01 11.34 13.04 8.54 8.53 7.65 5.7 5.42
13.88 6.34 8.44 9.46 10.6 6.11 5.32 4.98 5.42 7.52 6.44 4.36 3.79 8.05 5.79 11.57 7.76 13.68 13.23 15.64 13.52 9.1 4.99 2.3 3.28 4.28 8.75 6.93 4.88 7.6 11.6 14.77 10.44 6.69 7.54 9.06 3.69 13.28 19.09 13.4 11.6 11.99 10.87 12.51 13.49 8.14 2.34 2.79 4.62 3.91 1.69 2.26 7.85 8.5 8.32 9.13 8.2 8.48 15.88 9.64 5.89 5.03 4.77 7.48
9.21 11.39 7.14 14.01 11.19 8.65 4.42 7.53 3.7 7.07 5.58 3.99 3.84 4.32 5.76 11.06 10.89 10.95 11.85 12.6 6.99 12.65 6.33 2.66 4.53 7.75 10.64 18.6 7.37 9.86 15.69 11.52 5.99 6.87 6.39 7.74 8.67 13.72 18.33 17.54 15.41 14.63 9.77 7.04 10.75 7.82 4.14 3.27 5.08 2.96 2.45 3.05 7.15 5.25 7.22 5.5 7.61 15.79 12.21 12.75 10.04 3.9 2.54 6.76
10.62 16.78 9.71 8.44 9.76 12.99 13.27 7.5 3.13 8.08 9.18 9.48 7.5 5.71 8.89 8.23 10.67 15.83 9.85 14.18 8.32 7.8 8.63 6.33 10.18 7.13 9.7 11.88 14.64 10.18 9.42 4.68 5.11 5.63 4.49 5.23 5.69 9.17 8.77 14.58 10.82 11.31 15.21 16.14 10.56 7.33 5.9 5.76 6.57 3.67 3.57 4.62 4.63 3.25 7.77 10.22 11.38 14.59 12.18 14.58 20.14 4.5 3.73 8.94
13.54 23.05 12.42 14.91 11.58 24.75 14.86 9.39 7.19 15.09 6.12 9.46 5.57 7.1 11.38 7.66 4.98 8.94 8.41 9.44 7.61 7.62 6.49 8.07 7.57 13.1 8.43 11.92 11.02 11.7 8.89 9.01 9.49 8.45 8.43 4.04 2.86 3.8 7.45 9.83 17.53 7.23 10.15 7.76 6.51 5.65 8.28 10.83 10.89 4.1 3.97 4.4 4.71 5.54 13.38 11.84 24.47 24.45 15.38 9.4 6.95 5.07 5.83 9.49
11.52 12.88 7.9 7.38 5.79 9.66 7.85 14.69 16.25 7.07 4.49 10.72 5.99 6.27 13.01 5.27 5.66 7.89 9.37 5.64 8.03 2.69 4.9 4.63 4.68 2.93 8.26 4.02 8.04 8.04 8.24 10.08 17.87 15.03 10.28 4.92 3.97 5.21 5.63 7.97 13.92 17.3 11.05 6.89 5.77 10.03 13.49 10.5 5.96 6.69 6.12 4.17 3.84 5.48 6.19 10.33 29.47 12.47 10.68 10.76 5.11 6.81 3.04 4.24
10.73 12.27 6.5 2.92 5.62 9.47 15.42 5.62 19.15 15.87 13.32 9.3 6.83 6.14 10.01 5.3 7.71 9.98 10.58 8.44 6.83 3.33 2.82 4.09 2.47 2.09 5.53 7.57 12.73 17.76 8.99 16.11 17.63 25.37 10.73 7.51 4.47 4.13 3.57 5.68 11.93 22.38 21.64 5.31 9.89 8.78 9.66 10.43 4.95 3.82 3.32 4.13 4.54 8.99 5.19 8.91 14.0 9.59 8.36 6.87 3.71 3.57 3.16 2.94
10.57 12.38 7.11 4.81 4.34 7.82 10.24 16.55 18.68 14.84 16.17 23.57 7.54 5.86 9.36 5.91 9.27 14.07 9.25 9.82 3.7 2.73 1.35 3.05 2.84 4.12 3.16 6.1 9.56 19.98 14.53 11.56 20.13 10.97 5.07 4.67 4.77 2.22 1.83 6.05 12.02 22.44 7.92 11.03 14.36 6.62 7.1 9.49 5.28 2.72 6.01 5.22 4.75 7.91 6.75 6.24 5.65 3.99 7.03 9.63 3.92 2.49 4.32 4.33
8.69 5.68 4.48 3.99 4.91 3.15 3.81 5.59 11.18 9.09 17.47 13.17 6.46 6.85 6.38 10.16 11.79 8.43 10.78 9.23 3.85 2.8 1.72 3.34 1.91 2.74 5.17 8.19 9.77 15.16 13.55 10.65 9.75 5.15 6.19 4.38 3.05 1.16 2.69 4.45 7.48 6.88 13.84 7.67 7.38 10.85 9.43 4.16 5.07 5.96 9.01 10.18 4.68 7.71 3.03 5.33 7.16 8.57 9.37 7.59 5.74 3.13 3.2 3.57
4.98 3.35 2.85 4.95 4.37 4.81 3.07 3.59 3.9 9.34 15.79 13.59 4.44 4.62 5.36 9.97 5.74 5.61 12.41 5.3 5.88 3.88 1.31 1.87 1.74 3.36 7.6 5.32 16.93 24.58 8.09 7.95 12.81 7.98 8.8 5.11 2.9 2.29 5.69 7.99 6.83 12.81 16.04 8.74 5.24 5.36 7.41 6.89 5.99 3.64 10.49 6.0 10.03 5.48 3.99 2.82 7.08 9.11 6.1 2.88 4.45 5.28 5.29 9.49
4.78 6.56 4.51 4.72 2.5 5.72 5.96 4.55 5.45 11.97 19.28 16.9 7.63 7.17 9.44 5.98 6.54 12.01 10.98 5.96 8.79 5.6 3.47 3.46 4.78 3.99 6.68 7.56 16.08 14.71 8.88 5.91 6.33 5.0 7.25 6.01 6.48 2.56 7.69 6.0 9.37 12.25 15.71 6.93 6.83 4.26 5.94 5.44 8.16 7.77 5.33 7.93 9.79 6.87 4.38 5.13 3.9 12.81 5.92 4.35 3.27 2.39 5.59 15.39
10.93 5.04 2.71 3.06 9.63 7.04 8.61 9.25 10.12 13.76 14.43 17.67 18.55 14.22 8.65 5.25 7.37 11.78 13.49 7.28 13.78 3.85 6.77 4.54 5.92 7.34 9.04 7.32 15.86 10.13 3.97 2.82 2.04 4.58 5.25 8.24 5.51 7.15 8.12 4.53 4.82 21.81 22.13 11.09 5.85 4.72 3.47 9.43 9.64 6.91 7.93 7.29 6.07 10.39 7.19 9.41 12.11 12.76 6.56 10.81 4.08 5.61 5.14 10.28
6.1 7.12 3.1 4.16 11.24 7.63 11.16 7.77 5.11 7.79 8.32 8.23 18.86 15.13 8.49 10.48 8.16 11.37 10.24 13.47 12.7 4.59 6.51 9.14 7.94 12.04 9.93 7.11 10.43 6.89 4.75 2.47 1.91 4.21 5.24 4.62 9.21 7.46 8.07 6.21 7.17 9.14 10.98 8.14 4.84 5.0 4.23 9.94 13.28 4.83 9.03 8.59 4.82 5.98 6.04 5.66 13.37 12.05 10.32 6.94 5.06 9.28 6.22 10.49
5.25 3.66 2.04 2.8 5.39 6.13 12.31 6.72 3.23 5.16 5.48 8.48 12.79 14.4 3.86 6.65 9.05 12.6 7.22 7.18 6.25 4.99 5.64 5.58 8.82 7.51 7.55 4.59 10.69 13.69 8.13 4.84 4.08 8.45 4.87 15.31 12.26 16.58 10.89 8.07 4.74 4.03 5.88 6.91 3.51 5.14 4.99 8.68 6.7 4.3 4.64 5.06 2.58 3.14 4.3 4.31 7.15 12.33 14.19 8.87 11.29 10.98 5.56 8.04
7.1 4.28 1.73 4.29 10.5 9.92 8.32 7.31 6.81 5.03 6.19 4.68 12.15 6.75 4.71 7.33 5.3 6.32 8.81 16.43 5.1 9.48 7.99 7.94 4.35 7.57 9.21 4.87 5.81 5.85 12.23 5.73 13.55 6.01 9.7 13.44 17.22 26.8 20.52 8.15 7.93 6.09 4.01 6.04 4.53 7.77 7.91 6.34 4.86 2.18 1.95 2.88 3.63 2.42 3.49 3.5 6.08 7.09 8.99 6.12 9.83 4.97 5.26 5.98
4.55 6.16 3.91 4.53 7.35 22.9 11.99 16.03 6.76 7.61 8.82 6.77 5.84 7.44 6.89 9.24 16.12 12.62 6.72 8.78 11.27 9.94 14.41 8.5 5.85 9.68 5.59 2.66 3.43 4.63 9.08 9.42 9.85 4.71 11.33 18.54 9.18 11.75 25.74 11.2 8.85 5.46 7.06 6.87 4.33 5.05 12.63 5.15 4.52 3.9 3.36 3.24 4.4 4.59 6.18 4.7 8.29 4.78 9.58 5.85 8.84 4.0 5.18 6.21
4.88 5.24 6.01 8.55 9.87 9.13 7.17 7.2 10.71 9.8 13.21 7.86 5.79 4.25 11.61 15.43 27.18 8.66 5.71 7.17 10.11 9.08 22.53 10.78 6.1 10.8 8.12 4.09 9.3 5.2 5.86 3.6 6.52 8.41 13.24 5.24 6.88 7.69 6.36 6.15 9.81 7.83 6.23 4.44 5.7 5.9 3.67 3.45 4.35 5.28 3.98 5.31 5.85 5.63 6.1 7.99 3.54 5.26 9.23 10.33 4.81 7.1 4.78 11.09
4.45 4.8 5.99 8.69 9.77 6.44 3.84 5.5 6.3 14.11 18.88 9.28 6.92 6.4 13.54 9.05 15.88 6.28 7.19 7.04 7.83 4.81 9.82 6.34 9.84 12.74 9.53 8.26 9.41 14.79 5.05 5.61 5.73 7.78 12.25 10.28 9.5 12.94 7.8 7.72 6.24 7.0 8.36 4.51 6.55 5.44 1.48 2.19 3.91 3.14 5.39 5.28 5.0 6.02 4.0 4.93 5.52 4.18 4.88 5.43 5.8 7.79 9.83 21.59
8.61 8.36 8.4 5.82 15.52 5.09 5.11 3.82 5.46 9.28 7.72 5.64 7.86 6.3 11.3 18.74 8.55 3.22 4.35 7.22 6.78 5.94 7.28 9.93 16.35 14.68 13.25 11.64 7.27 11.67 5.65 7.26 13.67 6.82 7.28 8.51 5.8 5.6 5.05 5.61 11.81 5.5 5.3 4.94 5.44 3.31 1.72 3.47 3.08 3.58 6.33 6.66 4.35 7.01 3.57 7.6 3.99 2.84 3.08 2.22 2.64 5.53 9.74 11.43
9.67 15.03 8.26 10.29 6.54 4.14 4.34 6.05 4.14 6.54 8.26 8.55 13.77 9.38 10.26 11.06 7.7 3.77 2.83 4.79 6.43 6.57 9.99 9.23 7.77 9.79 9.59 8.3 3.88 4.65 6.11 11.68 13.02 5.77 6.34 8.39 5.55 6.95 8.02 9.64 11.74 11.85 9.19 6.96 5.24 2.46 4.32 5.02 4.8 3.57 4.85 3.86 5.55 5.86 5.84 9.64 3.75 3.37 4.43 5.78 4.96 6.11 5.86 8.85
11.15 7.27 8.79 9.25 8.48 4.56 3.86 3.92 4.01 7.86 8.94 11.89 12.4 8.51 10.47 7.51 6.5 5.56 10.32 6.35 4.0 6.59 15.71 9.15 10.51 9.45 7.09 6.95 7.33 9.61 6.82 5.92 4.39 5.16 6.19 3.26 5.07 6.96 4.59 4.5 8.93 13.31 13.98 6.8 6.19 5.53 5.52 5.02 7.68 11.21 5.73 4.91 4.57 4.69 11.49 11.73 3.67 7.56 10.19 7.97 7.17 6.88 10.09 11.07
4.37 6.3 8.42 11.75 12.32 7.45 3.77 3.15 6.22 7.47 4.77 9.49 16.78 6.44 5.55 4.17 8.27 12.43 6.26 4.16 2.86 4.99 7.9 9.8 11.13 9.0 12.13 12.66 8.82 6.82 6.25 5.1 5.11 5.92 5.61 3.47 3.91 5.77 5.22 6.18 5.26 7.74 9.01 6.45 9.02 4.37 3.11 3.14 7.96 4.85 5.84 4.75 5.19 3.04 7.68 6.6 4.27 10.95 6.58 17.11 9.15 9.45 11.41 11.06
5.96 3.24 7.55 13.71 12.23 3.24 3.6 2.83 4.56 8.35 4.79 9.08 8.2 4.22 3.77 6.67 7.1 10.33 4.41 4.15 7.39 10.7 6.89 4.01 8.88 8.1 8.43 5.97 3.35 4.62 5.75 4.82 8.21 4.49 4.22 4.04 8.06 2.99 5.82 6.16 4.08 2.96 4.17 9.04 9.07 7.81 2.75 4.11 2.35 3.65 9.64 17.02 2.81 3.37 5.2 2.32 5.72 12.08 9.09 4.21 3.64 6.59 5.26 4.43
