4.1 5.6 7.73 6.18 6.68 10.15 8.13 5.9 6.49 4.24 6.58 11.56 13.49 8.79 10.92 20.05 10.33 16.08 5.78 6.05 7.17 7.91 3.02 1.56 4.23 3.61 2.44 3.32 4.24 3.96 9.28 5.89 5.24 4.32 10.27 14.92 5.13 5.38 6.24 2.95 5.28 6.86 6.81 5.3 9.54 16.91 17.04 16.04 8.49 10.07 7.29 3.89 7.31 9.61 8.56 15.42 15.87 13.9 13.96 16.18 20.99 35.51 17.01 37.1
6.65 3.21 4.27 3.15 12.23 6.11 5.77 3.04 2.17 7.49 13.08 18.38 6.64 9.75 11.45 7.29 10.33 9.01 2.4 4.93 7.11 6.43 2.58 2.79 4.96 5.53 4.47 3.46 2.6 3.8 3.32 4.06 7.03 4.95 7.72 6.6 12.52 12.55 8.41 5.19 5.96 5.8 8.57 10.97 8.81 14.1 14.67 12.27 7.27 6.25 4.71 4.91 4.99 3.8 12.12 21.37 17.18 10.81 6.92 20.39 12.21 23.67 16.69 14.61
5.57 9.09 9.46 4.0 10.55 6.25 7.15 4.74 5.34 8.82 9.68 10.98 17.38 7.96 9.11 7.17 7.12 4.47 4.18 9.32 7.7 5.79 4.41 4.18 7.39 6.9 6.74 5.13 3.6 3.19 3.34 6.33 4.99 6.44 5.95 18.31 10.51 18.74 13.65 11.92 10.4 6.09 8.27 8.49 22.78 14.2 13.51 10.6 10.74 7.72 8.22 5.12 5.44 5.56 9.97 5.18 19.24 6.15 10.48 13.02 11.36 9.65 16.44 14.53
6.38 6.67 5.99 4.24 7.81 5.55 9.96 7.07 11.62 5.48 5.6 11.31 13.69 13.32 10.01 3.97 2.76 5.99 5.15 7.03 7.24 3.72 2.33 6.55 7.9 7.33 5.13 5.0 6.33 2.8 1.94 6.16 6.11 6.12 5.33 6.57 8.96 20.2 23.69 10.76 7.45 9.07 6.82 8.65 10.87 12.62 18.71 6.45 7.63 3.8 4.74 6.39 7.32 11.75 6.62 6.48 6.12 10.37 12.33 7.47 2.59 6.7 3.21 9.24
8.64 7.67 8.96 5.28 12.19 14.69 7.37 9.31 6.49 5.47 7.6 6.93 18.04 15.38 11.16 3.43 2.73 5.27 7.38 8.63 5.19 6.11 7.97 4.41 3.66 6.64 9.36 9.45 4.95 2.72 3.38 4.98 4.62 10.92 6.63 10.45 8.18 11.78 13.46 13.74 11.27 8.07 5.26 7.63 9.24 10.47 9.27 9.19 8.13 4.61 4.7 6.56 13.79 12.28 5.77 5.24 4.62 9.02 17.98 7.94 4.2 4.06 7.51 9.83
10.87 7.82 3.73 5.22 16.6 12.37 13.61 5.65 4.3 6.87 7.31 3.93 9.82 10.18 13.67 4.83 2.89 2.35 7.2 4.35 6.38 6.63 5.73 4.73 4.91 5.37 10.16 8.6 8.28 7.32 3.32 8.76 6.03 8.17 4.11 6.68 6.07 5.79 8.35 9.33 19.1 11.0 3.46 5.17 2.97 7.57 14.04 12.79 5.24 4.14 2.63 6.42 8.14 9.72 4.84 5.35 8.31 12.45 8.25 9.67 6.98 4.94 6.53 8.99
16.46 6.98 5.84 11.21 12.68 8.3 4.48 5.96 5.43 9.19 6.14 8.74 4.93 10.92 6.26 3.57 5.14 7.69 3.47 4.82 9.62 7.06 7.53 9.57 5.28 9.53 10.77 6.7 9.14 9.72 8.58 9.01 8.02 9.14 9.48 6.21 8.46 5.42 11.39 14.33 15.0 6.74 5.63 2.67 3.86 9.76 14.88 7.75 4.83 4.9 4.2 7.19 6.53 6.69 6.92 6.83 9.7 10.17 8.66 16.53 10.66 10.42 8.26 13.06
10.1 7.43 6.15 4.65 4.3 8.75 6.37 4.57 7.62 2.84 4.94 3.52 5.01 5.36 3.06 5.03 5.57 7.76 5.54 5.3 4.38 8.47 10.55 9.48 6.46 7.94 5.92 9.71 13.38 14.42 8.08 4.59 6.82 9.71 7.06 6.59 5.17 7.23 13.63 13.8 18.2 15.8 5.62 4.1 5.84 4.97 13.82 8.58 2.79 3.45 4.43 6.27 2.58 4.22 2.95 10.22 8.02 12.64 16.85 12.94 10.88 14.5 10.1 10.81
9.46 14.74 7.35 5.19 3.32 6.2 4.54 7.26 5.06 4.52 4.33 5.39 3.81 4.46 4.27 6.62 3.46 6.94 4.21 7.4 7.95 10.36 8.89 12.32 5.48 4.47 7.48 10.16 7.96 13.24 7.52 5.84 5.82 5.39 9.46 6.26 6.84 10.76 10.11 12.28 17.28 14.85 17.38 6.6 5.22 7.02 9.5 3.99 2.94 4.95 3.53 5.7 6.32 3.46 4.16 6.49 10.12 23.94 18.39 15.46 14.79 7.8 8.57 11.59
9.72 6.5 11.06 6.7 4.04 2.96 6.37 3.47 2.99 5.65 7.23 4.77 2.41 3.44 3.43 8.67 5.09 4.28 4.37 9.09 8.12 9.24 6.72 4.88 2.84 5.91 5.53 8.41 11.35 9.93 3.43 4.19 4.58 7.91 7.47 5.24 10.94 11.48 9.2 10.32 31.67 21.58 12.06 6.64 5.37 5.11 4.18 6.58 4.34 3.72 5.09 4.84 5.09 3.5 3.76 6.75 19.46 31.78 21.24 18.09 14.31 16.06 12.36 7.64
15.19 11.45 13.53 8.91 9.0 4.72 5.18 4.29 5.01 4.09 6.54 5.47 4.14 4.31 3.94 3.45 7.98 4.47 5.31 8.54 11.47 9.57 7.56 7.84 1.44 3.42 3.88 8.35 11.46 15.25 3.58 2.95 5.9 15.19 7.96 9.12 6.67 9.04 6.69 12.2 31.8 25.7 14.46 7.23 7.34 3.92 6.94 7.87 4.34 4.52 6.52 3.11 4.33 4.39 6.76 10.0 19.78 26.24 22.2 12.22 12.57 13.83 15.05 14.72
11.47 14.39 11.87 6.7 4.68 4.95 7.91 3.98 7.4 6.74 12.7 7.49 4.12 5.7 2.15 2.98 4.76 8.02 5.24 5.15 5.87 6.32 8.14 4.89 1.75 2.71 3.14 10.51 11.47 10.73 7.08 7.39 9.73 9.67 6.77 8.59 5.85 6.42 9.89 19.79 22.76 18.32 11.29 13.62 4.66 4.26 4.86 10.52 7.47 10.44 5.79 4.53 5.56 4.09 4.57 12.4 16.6 16.05 24.75 20.12 21.28 12.85 7.04 6.15
7.79 12.27 8.76 9.17 5.85 11.52 6.84 7.56 8.08 6.89 9.54 8.12 8.46 4.12 2.78 2.7 4.14 4.52 8.51 6.88 7.86 7.44 5.37 4.12 2.91 1.38 3.38 7.78 11.0 9.67 20.26 15.27 17.6 6.5 6.33 5.98 6.67 10.93 14.08 19.38 27.08 12.1 8.07 10.85 7.72 3.93 6.99 5.56 12.3 10.86 8.19 5.52 6.46 4.9 5.29 11.46 11.73 24.67 14.88 8.0 18.78 15.65 4.95 4.81
13.1 15.66 9.78 8.9 8.71 5.76 10.61 10.15 18.26 6.62 10.24 6.12 9.69 8.6 5.82 3.08 4.19 3.56 3.75 6.49 10.86 7.05 7.31 3.97 3.07 3.91 9.04 9.46 10.84 23.48 16.29 13.82 5.56 8.04 6.68 6.05 12.8 12.71 8.35 12.87 20.14 11.64 7.58 7.73 3.84 10.44 8.37 9.74 8.57 15.99 8.55 9.09 7.11 6.39 3.44 9.28 15.1 16.45 21.27 16.47 11.54 5.15 5.13 4.79
10.53 10.36 9.6 16.31 9.93 11.17 14.57 17.48 9.44 22.15 8.76 7.59 5.9 11.81 3.68 6.8 6.23 5.47 3.02 7.04 7.58 8.88 10.01 6.22 4.53 4.09 6.43 9.5 18.25 13.72 18.33 9.16 9.53 4.72 9.56 5.14 8.16 12.35 12.57 5.35 5.1 5.95 4.95 4.28 7.05 8.29 7.13 10.48 11.35 8.96 7.92 8.57 11.94 9.37 6.3 7.64 11.23 12.33 22.3 11.49 10.18 5.54 2.96 5.92
9.49 13.23 7.96 13.04 11.17 8.41 13.89 14.57 13.84 19.63 10.02 9.81 5.94 9.2 4.55 6.61 7.58 11.56 6.86 6.44 6.39 9.72 10.04 5.53 2.94 3.11 7.48 16.63 12.8 16.41 16.31 9.17 14.89 5.13 7.58 3.12 5.82 4.89 4.99 7.08 6.69 5.69 3.97 7.27 22.01 6.55 7.14 7.21 13.15 6.53 7.76 8.38 9.05 11.62 13.91 15.29 8.42 15.04 10.94 17.67 11.34 12.12 4.63 8.24
5.01 8.35 9.29 13.76 9.06 11.92 11.94 14.69 14.65 11.44 7.4 7.84 7.23 7.33 9.16 10.92 9.59 9.71 4.93 8.6 4.95 4.2 6.32 5.39 7.14 5.31 6.4 12.92 12.62 11.06 11.99 7.81 11.95 5.19 5.2 4.7 3.16 4.07 5.35 6.32 3.45 4.98 4.14 5.94 12.44 8.97 6.04 7.18 11.84 13.07 7.79 8.2 13.34 13.87 8.81 8.45 12.22 7.45 13.15 6.85 13.53 16.45 12.0 5.2
3.63 5.68 9.68 11.85 11.06 5.4 9.9 11.07 11.08 13.09 7.7 15.18 7.71 11.66 8.68 14.14 14.79 20.46 5.82 5.47 3.66 7.1 4.36 5.01 8.4 8.93 7.04 10.21 8.65 19.41 18.87 21.94 7.05 6.84 13.17 4.6 2.96 6.02 4.77 3.28 5.74 6.3 4.59 12.37 12.56 8.84 10.1 5.89 6.99 9.7 14.07 16.06 14.93 10.81 12.25 7.56 11.72 11.97 18.21 17.93 23.57 18.97 8.29 8.84
3.5 7.34 9.22 5.75 8.55 6.86 9.55 9.76 6.54 7.06 10.03 15.35 7.89 9.39 15.24 16.88 11.87 11.53 6.75 9.7 6.55 4.18 5.97 9.19 15.8 12.35 9.4 9.04 5.65 9.67 16.55 16.86 8.3 21.63 10.02 6.82 3.3 4.73 3.13 5.67 5.97 6.58 10.1 8.54 6.15 3.46 6.91 7.36 8.72 5.77 7.43 10.19 14.74 21.1 4.39 4.95 15.33 10.93 15.66 17.55 10.26 13.95 6.71 6.01
3.32 10.34 10.38 15.66 9.97 7.04 8.45 8.63 11.78 9.02 12.19 10.02 8.21 13.12 15.26 20.15 14.36 7.77 9.05 10.78 10.95 8.9 7.13 6.62 11.29 15.53 10.13 13.63 12.05 8.85 12.45 23.44 19.99 15.19 10.87 6.81 3.81 4.62 5.53 4.72 5.88 20.92 5.75 7.54 4.92 2.8 3.65 6.48 11.48 9.99 8.72 12.09 12.6 22.94 4.34 7.1 7.84 4.43 15.66 18.72 10.42 8.92 7.47 13.04
3.79 20.56 11.85 13.61 18.68 8.22 4.71 8.76 7.34 9.07 15.52 7.72 10.91 7.58 14.59 15.07 17.3 11.1 7.47 3.73 7.88 4.92 8.58 11.84 13.99 6.32 6.42 12.43 9.6 6.67 10.63 7.82 13.07 15.21 18.06 6.62 6.25 5.88 5.87 10.32 7.17 6.67 5.1 9.04 1.52 2.32 4.58 6.92 10.49 11.93 6.43 11.44 12.34 13.78 6.42 9.18 4.99 7.16 6.75 10.48 8.44 9.28 6.94 5.64
10.45 13.65 10.66 29.17 20.42 10.85 8.93 9.83 7.99 6.08 10.78 22.42 16.03 11.6 7.75 14.5 9.05 13.71 12.51 12.01 4.09 6.23 10.52 12.72 6.32 8.23 7.32 8.8 9.49 11.42 11.03 13.27 9.35 16.2 9.09 12.67 9.92 6.03 7.25 8.14 8.45 9.47 6.46 3.83 3.67 5.07 13.88 11.02 12.12 9.75 7.87 16.25 12.55 15.8 10.4 16.83 6.08 2.95 8.45 12.01 14.07 12.35 18.52 6.78
8.23 10.88 8.2 21.46 19.63 12.57 8.32 10.67 7.36 5.2 12.0 20.41 8.54 14.61 7.99 10.05 10.62 14.51 10.35 12.09 13.19 4.13 5.83 5.2 7.29 6.14 8.5 7.42 11.19 9.11 17.09 11.56 11.37 8.83 15.78 8.26 8.74 4.26 6.76 3.87 4.06 4.15 8.18 4.12 4.72 6.91 11.41 17.91 6.61 6.97 4.21 20.08 12.22 16.25 13.94 9.28 6.4 7.76 4.14 8.09 8.58 10.06 6.4 5.74
10.56 9.47 9.07 17.06 11.53 6.92 7.47 5.92 8.68 5.6 15.12 9.21 14.08 23.68 8.71 23.24 11.41 13.74 15.11 12.72 6.24 8.83 7.46 6.99 5.34 9.64 6.28 8.94 12.31 15.12 20.64 7.4 13.78 9.13 8.79 9.12 13.42 5.4 3.72 5.4 4.11 4.56 4.41 4.52 5.01 7.29 10.63 10.96 5.3 6.42 7.37 12.59 9.29 22.04 12.91 8.31 6.5 3.6 4.02 8.48 8.85 7.32 9.5 10.44
5.5 7.23 8.54 5.66 3.93 7.56 9.74 7.39 8.37 8.8 6.43 10.9 10.88 8.42 4.63 14.58 8.46 12.06 12.47 10.88 7.08 16.76 10.81 6.36 5.98 7.76 4.79 7.56 12.61 17.51 5.34 7.85 15.05 8.48 13.73 7.63 5.44 4.67 3.66 4.37 2.74 3.88 4.68 2.76 4.02 3.21 7.2 8.19 5.41 4.04 5.7 4.56 7.21 7.51 17.76 5.21 3.9 2.66 3.66 3.57 6.28 3.54 11.51 6.4
5.95 12.23 7.99 7.81 4.51 7.86 12.71 5.26 10.15 7.25 11.71 17.89 13.49 8.15 5.17 7.66 11.49 13.97 7.67 6.18 8.5 11.22 14.07 14.87 5.4 3.25 5.35 9.05 11.84 9.25 9.45 16.14 12.06 14.61 10.23 5.56 9.01 4.7 4.11 4.61 3.92 1.76 3.16 3.41 4.75 5.99 5.35 4.36 3.88 7.42 7.53 4.6 3.23 11.66 6.54 6.02 8.09 5.68 4.46 4.92 4.52 3.59 13.87 6.17
8.57 8.5 10.17 10.91 13.47 5.71 6.88 5.42 15.46 10.02 9.45 13.12 8.79 7.85 3.22 5.81 9.9 9.47 9.01 11.09 4.49 8.64 9.39 7.75 5.04 7.23 6.26 5.28 7.26 7.91 8.08 7.63 10.82 7.78 6.55 13.16 6.65 5.56 5.21 6.86 2.75 2.98 1.54 2.04 4.42 5.77 4.86 4.25 2.39 5.07 8.86 4.53 7.16 10.41 6.4 2.94 3.71 7.84 9.71 4.14 6.0 8.55 10.51 7.73
7.25 19.92 8.94 22.48 24.69 13.15 4.31 6.11 12.35 11.56 15.58 11.71 6.16 12.45 6.48 5.42 4.41 8.42 10.69 7.96 6.65 5.59 10.2 4.8 6.33 12.71 7.99 4.79 3.21 6.16 12.44 9.74 9.96 8.64 12.04 10.56 5.16 3.83 2.36 3.2 5.15 2.35 2.83 2.66 4.77 6.16 4.25 5.89 5.73 4.24 3.43 5.45 6.7 7.57 7.48 3.62 4.71 5.08 8.14 6.66 14.38 6.97 8.76 13.8
9.3 12.36 10.49 13.96 13.56 17.49 11.25 6.5 8.52 11.24 9.24 8.91 10.03 6.94 6.12 4.6 7.08 4.84 5.99 4.36 7.87 6.24 6.02 3.55 5.64 6.15 6.57 6.04 3.41 8.26 6.97 4.31 8.34 7.61 10.85 10.06 10.68 3.76 1.77 4.1 2.52 2.23 3.56 3.71 2.53 4.98 3.84 5.41 3.64 6.87 4.4 5.06 3.78 5.48 4.09 4.36 6.43 4.28 7.48 8.81 7.34 9.29 11.86 9.58
23.77 13.91 6.39 16.01 15.5 18.59 13.8 11.27 4.74 9.91 7.87 8.84 5.13 8.08 3.67 12.99 5.13 7.81 4.47 9.54 5.81 8.38 4.57 4.31 4.64 6.76 4.92 2.44 5.68 8.83 6.28 5.82 11.83 7.73 12.08 11.97 8.17 4.7 3.49 2.53 3.04 2.87 4.68 4.28 5.34 4.29 6.71 5.62 6.42 3.64 4.56 4.74 2.27 3.08 5.85 7.2 4.12 4.54 7.59 7.3 10.96 11.42 10.65 22.68
14.76 9.03 6.23 16.66 16.75 17.15 11.09 7.13 6.08 12.79 8.23 5.85 6.28 7.57 4.61 5.96 8.03 7.71 3.72 8.35 9.31 4.39 3.67 4.33 7.14 5.15 4.65 3.91 6.56 4.57 8.11 5.8 5.7 7.61 10.18 11.88 11.56 8.46 4.28 4.19 2.83 2.96 8.17 6.08 4.92 4.76 4.3 5.76 4.94 5.16 7.18 7.06 1.6 5.78 10.7 6.15 3.89 2.9 4.12 5.82 8.58 14.73 11.11 15.59
14.35 11.53 9.04 10.76 7.97 9.72 10.05 6.99 5.46 15.15 4.76 7.35 5.33 9.52 4.7 9.39 11.3 5.58 7.66 14.64 5.15 3.9 4.86 6.08 4.38 5.34 2.39 2.45 2.35 6.29 5.91 6.58 10.32 6.4 19.72 17.48 9.46 6.15 7.0 3.68 2.46 7.64 6.63 6.65 10.29 4.22 3.5 6.37 6.44 6.75 7.21 6.59 4.66 7.87 15.17 3.01 3.83 3.3 3.51 4.66 14.04 10.66 8.5 27.76
10.34 13.09 9.57 6.87 5.11 3.79 5.55 7.14 5.39 4.32 3.48 9.79 5.15 6.46 7.44 8.27 7.34 7.98 8.25 8.77 6.38 5.12 3.34 6.32 6.46 3.32 3.7 2.46 1.99 3.58 4.27 8.29 12.71 11.84 8.27 8.05 16.78 13.72 6.63 6.11 5.95 6.97 6.97 6.81 7.19 6.1 9.4 6.99 11.41 8.8 3.68 6.81 3.94 7.72 11.91 3.41 3.9 2.72 4.73 9.47 7.56 12.21 9.43 16.13
8.88 7.01 8.02 6.32 3.23 3.22 7.42 3.8 5.71 4.53 3.45 7.03 9.79 6.4 6.34 6.98 13.81 5.62 6.94 6.15 5.74 5.08 4.49 6.01 5.05 4.2 4.19 3.11 3.1 5.74 4.68 8.29 6.98 14.43 10.14 11.04 11.19 12.46 9.91 10.91 4.98 5.98 6.4 7.75 9.18 6.42 6.32 8.23 18.54 9.08 5.54 4.74 4.2 9.74 7.11 4.28 5.04 1.69 3.49 5.44 5.42 9.89 13.25 11.83
4.22 9.71 4.13 4.98 2.62 3.28 3.15 7.25 4.82 6.68 4.8 5.57 7.14 9.64 10.26 5.4 5.09 6.21 7.13 5.6 4.89 6.98 12.19 8.91 6.51 2.42 3.15 3.22 7.67 8.24 11.42 6.77 7.2 3.82 8.13 18.97 15.26 13.62 10.56 10.21 8.39 5.79 6.79 8.34 12.63 6.56 5.95 10.84 10.29 6.72 4.88 5.87 4.11 6.12 11.83 8.32 5.37 3.13 2.48 3.53 6.69 13.37 8.52 16.73
2.58 10.14 6.14 9.97 4.95 2.07 2.95 3.47 4.17 4.2 11.54 8.04 6.45 5.77 10.69 4.28 8.34 4.24 6.86 4.24 8.97 6.22 7.12 9.1 10.4 5.69 4.99 5.22 5.66 8.63 11.55 4.43 4.01 3.37 7.63 10.15 13.15 22.58 10.82 8.88 5.27 4.09 4.94 7.94 15.53 6.14 7.51 8.96 8.1 7.62 3.79 5.88 4.75 7.98 3.96 3.45 3.74 2.74 3.51 5.02 5.54 7.39 13.13 11.07
3.69 4.32 4.83 6.92 5.06 2.58 2.94 3.18 4.26 15.45 14.19 7.2 5.42 6.52 3.69 4.14 5.44 5.25 5.21 4.31 9.37 6.09 12.02 10.43 5.85 6.2 5.58 5.4 4.02 7.69 6.15 5.78 6.0 3.15 3.96 9.58 12.52 20.22 16.84 6.48 3.41 5.18 6.51 6.69 8.19 11.98 7.51 10.22 6.32 7.13 5.71 9.98 7.67 4.45 4.86 2.37 4.68 4.87 4.1 2.96 6.62 6.78 7.16 12.9
4.28 7.12 5.66 15.56 2.52 2.98 2.03 6.02 4.03 8.71 5.55 6.84 3.74 4.94 6.92 5.91 4.04 5.24 4.43 3.86 7.89 7.86 6.2 8.19 4.86 6.09 5.78 3.38 4.97 3.0 9.74 1.84 6.62 4.82 6.82 6.94 18.37 10.64 9.88 5.71 7.02 4.96 11.57 7.7 8.83 7.67 8.68 8.2 14.97 7.1 5.26 5.43 8.62 9.85 3.58 3.5 3.04 4.17 4.23 4.44 4.32 4.63 9.38 8.9
5.26 6.8 11.26 5.21 6.43 4.17 3.45 4.96 7.93 5.94 7.38 4.72 6.76 9.17 6.91 4.35 4.39 4.43 4.51 5.3 4.53 6.85 7.56 7.05 6.66 5.29 5.72 4.35 4.56 4.11 6.07 3.23 5.78 4.2 3.96 9.65 7.46 10.79 9.75 8.76 8.06 10.21 14.95 12.31 12.71 7.54 5.81 14.57 9.32 21.32 10.83 11.47 9.97 4.43 7.05 6.36 3.49 2.41 3.76 5.19 7.42 7.5 7.76 6.63
4.83 11.68 7.25 9.11 6.78 3.72 3.65 8.73 5.21 5.07 9.01 12.03 8.75 17.42 7.84 12.9 4.86 4.04 5.63 4.99 5.63 5.5 3.93 11.38 5.23 6.39 4.64 2.67 3.6 4.79 4.03 3.62 4.52 3.04 5.1 10.54 4.86 7.97 6.4 5.22 3.98 5.73 7.6 12.51 17.48 16.92 10.59 5.24 12.6 31.54 12.6 9.8 5.93 5.43 6.98 2.95 8.79 4.58 6.26 5.04 11.19 5.1 9.06 9.37
7.92 3.75 4.65 8.49 5.7 3.95 5.72 6.6 9.35 9.11 14.54 18.32 8.03 14.04 26.24 20.45 5.29 8.31 8.08 4.66 5.17 5.86 5.21 9.99 9.76 9.58 5.71 2.22 2.49 3.43 4.07 4.33 4.91 3.22 2.41 2.76 8.38 6.74 3.7 6.78 3.22 6.92 15.39 13.77 10.75 12.38 7.85 6.2 7.32 19.73 15.92 12.11 6.45 7.05 7.76 8.17 10.97 4.75 8.8 13.65 8.01 6.87 10.03 8.78
5.79 3.73 4.95 4.7 5.63 6.13 10.32 15.44 10.05 6.1 17.31 10.71 8.71 20.4 20.04 20.96 15.0 6.89 7.51 7.19 7.21 7.89 12.3 9.96 7.18 7.04 4.89 2.47 2.16 2.52 4.94 6.37 5.8 3.44 1.32 4.04 4.8 5.57 6.42 4.32 1.75 5.82 6.13 6.62 16.51 8.79 4.39 5.29 12.6 11.01 9.77 5.2 7.23 10.72 10.85 9.99 8.17 7.65 7.82 4.31 11.53 7.55 7.78 13.62
10.3 12.47 4.7 3.7 3.09 7.98 12.49 14.38 8.94 9.28 8.87 10.56 10.05 17.69 25.74 11.61 18.09 8.98 9.29 4.48 7.77 13.11 10.27 9.07 9.83 4.42 4.81 2.88 2.98 2.41 3.88 6.14 9.75 3.13 2.26 4.43 5.25 8.65 5.04 8.03 2.61 5.17 3.24 5.15 4.56 7.13 5.51 7.39 5.03 13.63 4.92 5.11 7.17 7.21 13.32 25.01 13.08 7.37 6.89 8.11 6.28 7.24 12.6 12.97
8.85 9.27 5.74 4.76 4.77 7.99 15.41 10.73 8.95 5.04 8.45 7.8 6.83 10.06 6.63 10.21 11.29 9.02 9.66 6.22 9.19 11.83 9.01 7.19 3.8 3.72 3.38 3.39 3.69 2.5 2.56 3.78 7.34 3.25 4.96 12.59 6.01 7.37 6.25 6.25 2.71 2.05 3.05 2.72 6.98 4.75 4.69 6.54 7.71 5.73 4.25 4.51 3.83 6.47 17.01 12.08 11.45 6.18 5.39 2.57 5.15 6.18 9.26 14.43
6.02 11.61 6.19 6.21 9.74 10.99 9.27 9.54 7.0 6.38 5.41 12.93 7.2 7.86 4.26 9.7 12.09 9.25 7.59 5.42 5.8 4.01 6.0 5.4 4.97 1.91 4.3 4.11 3.7 5.43 3.87 3.02 3.59 5.2 7.93 9.91 6.19 4.56 3.48 4.87 2.68 2.33 4.89 3.84 6.2 3.61 3.51 6.14 4.64 8.02 5.41 4.51 3.8 11.03 9.21 5.52 13.57 5.22 3.7 3.53 5.38 7.67 7.38 10.96
7.23 4.97 6.62 6.22 9.67 12.4 8.28 7.12 6.95 5.41 4.26 11.48 9.37 7.36 8.28 8.41 11.32 6.43 6.34 5.39 4.61 3.55 3.85 2.22 3.57 4.26 5.4 4.19 4.81 5.1 6.43 3.02 4.08 4.95 11.22 4.63 5.49 3.58 4.95 4.53 2.36 3.14 6.64 4.58 2.68 2.06 3.6 6.63 7.27 11.17 5.96 3.57 8.31 11.65 4.04 7.45 7.73 3.94 3.2 3.61 6.09 8.81 12.72 12.44
8.0 6.01 4.53 4.56 14.25 9.26 7.61 7.2 3.07 5.82 10.05 16.03 9.15 7.94 10.49 10.9 9.97 5.18 2.33 4.44 4.04 14.64 3.78 3.3 5.06 6.33 11.37 6.02 6.47 7.18 5.04 3.63 6.61 9.43 6.7 6.36 3.55 3.71 3.99 3.53 1.42 4.22 6.0 8.14 7.36 2.73 4.75 7.77 11.93 8.14 6.53 6.82 6.38 4.87 9.75 7.2 9.73 5.27 5.13 3.74 10.12 13.13 9.09 14.85
4.39 4.64 4.58 4.27 8.96 9.6 11.78 6.98 3.78 4.71 3.53 9.07 6.11 8.54 16.59 12.25 16.67 6.34 3.81 2.24 4.39 5.34 7.79 8.5 7.64 8.48 9.47 10.84 12.21 16.16 6.18 8.13 9.55 5.76 6.02 3.23 3.64 4.26 5.07 2.99 2.51 4.33 7.25 5.56 6.43 3.18 5.86 5.79 11.87 14.72 11.07 5.88 7.65 7.25 7.22 8.47 18.34 5.09 4.59 4.75 6.73 9.32 14.83 11.21
3.5 3.3 5.88 4.29 4.28 5.76 10.75 8.01 4.89 2.14 3.73 6.36 10.83 18.46 13.99 5.56 8.62 6.13 4.93 7.55 7.1 5.63 7.34 6.51 10.21 12.06 12.55 12.23 17.38 11.58 8.69 18.05 13.15 11.62 6.7 3.17 2.94 2.51 4.06 6.29 6.69 8.71 8.5 4.81 5.82 6.57 4.65 6.54 11.83 12.32 6.04 13.96 5.29 10.5 12.61 7.73 8.03 8.01 14.65 4.62 4.95 10.28 15.81 7.71
5.94 3.97 2.57 3.78 5.65 8.51 9.55 8.84 4.5 3.68 3.19 3.89 13.41 31.7 9.22 5.8 9.17 7.25 8.39 9.57 10.01 7.42 10.41 8.36 8.93 7.98 16.19 18.38 9.92 17.08 26.22 18.56 13.74 17.36 10.06 4.53 3.35 3.97 7.18 11.0 7.85 7.74 7.39 3.97 4.64 6.36 10.03 9.26 13.47 8.84 19.89 8.81 5.84 4.37 4.41 5.17 13.63 27.3 13.72 4.93 5.06 6.51 7.84 10.28
5.11 6.68 5.31 2.72 3.25 16.78 9.19 7.47 8.97 8.13 8.85 6.16 16.33 12.8 18.77 14.87 14.79 6.67 11.41 9.09 8.87 8.52 10.81 5.38 6.75 13.22 13.12 17.28 14.31 18.02 30.02 28.78 14.08 10.03 10.6 10.2 5.57 5.23 7.89 11.14 12.09 6.58 4.14 3.7 6.77 8.77 5.25 8.16 7.33 10.24 11.69 8.88 8.91 4.12 4.22 6.63 17.75 17.24 11.56 6.81 6.71 5.97 9.47 10.55
9.13 10.43 2.0 3.8 6.25 10.71 11.37 12.3 9.31 11.96 10.26 7.87 10.82 8.22 19.47 21.39 17.67 7.37 12.81 7.9 12.58 7.72 6.0 5.33 4.48 11.25 8.21 13.76 18.68 15.65 15.14 10.75 21.9 9.56 12.16 5.23 5.78 10.24 10.25 9.07 8.86 7.51 5.12 2.66 5.81 5.16 4.72 7.65 6.92 6.69 14.71 12.35 3.08 5.01 7.52 8.41 10.67 16.7 7.29 9.54 12.26 9.6 11.9 8.03
11.1 7.5 3.45 2.64 3.07 12.82 13.65 9.03 16.3 11.55 6.28 10.6 9.55 10.46 10.19 20.11 8.11 13.71 5.26 5.88 5.26 6.34 8.16 4.8 3.36 6.26 7.22 15.75 21.37 15.9 14.08 7.92 4.96 9.87 7.7 5.61 5.13 5.39 7.51 12.73 11.19 4.31 5.01 3.66 5.77 6.16 5.65 4.11 2.66 6.44 11.81 7.46 6.52 5.71 6.06 8.56 15.2 7.3 14.36 11.32 6.96 4.21 16.49 19.39
6.03 3.62 2.99 1.74 5.46 13.34 5.46 11.92 12.36 9.11 15.65 8.9 4.19 3.91 5.03 4.47 10.04 9.07 8.0 3.95 3.43 3.26 5.51 4.64 5.07 4.62 4.23 14.63 21.8 8.4 9.15 5.59 7.15 7.19 9.38 9.04 6.52 5.33 13.11 9.4 7.68 9.08 5.43 3.34 2.71 9.06 8.2 5.44 3.62 3.11 7.85 11.24 10.54 6.57 6.14 7.54 5.84 14.85 11.88 8.47 5.57 5.57 12.56 17.47
5.55 1.61 1.69 3.06 11.12 11.94 10.13 9.83 3.18 5.25 10.89 7.02 7.44 2.89 4.39 4.58 7.07 11.15 5.19 2.54 2.95 4.82 2.4 4.31 2.87 4.19 12.72 19.16 15.63 14.48 6.77 6.76 9.05 9.79 8.63 8.08 7.92 9.46 8.39 14.13 19.21 10.25 5.08 8.17 5.64 13.39 6.62 6.67 4.62 5.93 4.1 4.71 7.87 6.53 14.15 6.52 6.65 6.88 7.87 8.88 4.36 7.08 18.91 9.29
9.24 2.77 2.06 1.23 4.44 8.85 11.3 6.7 9.55 6.95 13.48 6.9 5.61 3.91 2.66 4.18 5.57 5.9 4.51 3.6 4.32 3.45 4.95 4.68 2.11 4.38 5.96 9.98 33.09 11.81 5.81 8.98 11.48 16.6 10.28 6.25 8.5 12.57 15.32 11.9 9.34 13.97 12.96 8.51 12.37 13.02 6.71 3.52 10.75 8.04 5.08 5.41 6.57 7.25 10.42 7.08 6.47 3.35 6.4 6.93 4.8 6.26 6.38 5.42
7.17 3.52 2.2 2.68 3.1 8.03 6.06 8.5 11.31 9.65 18.06 7.36 6.89 7.23 5.34 3.69 6.89 7.67 4.65 3.11 6.84 3.48 4.79 2.68 3.31 2.95 4.85 6.7 16.3 7.53 7.42 10.42 8.25 12.57 8.67 6.27 9.29 14.96 13.98 16.04 4.66 7.3 7.3 14.95 23.61 12.93 9.04 8.44 16.22 7.54 5.37 5.02 3.42 5.49 15.71 13.84 3.86 3.87 5.76 8.16 9.7 6.42 2.96 4.97
5.13 2.06 2.0 3.25 2.77 8.66 6.44 5.51 11.55 11.22 24.66 5.99 11.4 5.02 4.97 5.12 6.56 5.15 7.21 6.62 5.81 2.37 4.11 3.3 3.16 3.43 4.87 5.09 10.24 6.61 3.98 6.18 8.78 7.83 4.86 5.51 9.73 12.11 10.57 10.82 6.0 6.22 6.87 20.44 14.11 8.93 11.26 8.16 10.27 8.25 9.33 10.66 7.86 6.3 11.6 12.47 6.4 9.97 3.8 3.44 13.41 12.82 5.95 6.12
3.74 3.25 2.58 2.36 5.0 4.47 5.38 8.08 11.16 15.12 10.53 8.69 14.53 11.34 7.96 5.08 7.42 3.11 6.58 6.09 3.88 4.92 3.74 3.37 7.28 6.16 6.13 4.7 5.3 5.06 3.43 10.8 8.44 6.57 8.15 5.0 9.86 9.52 6.54 6.49 4.48 7.81 6.53 5.07 11.31 18.81 12.48 7.13 12.45 8.46 8.23 12.49 11.09 3.81 16.79 6.31 12.29 15.09 7.07 8.06 9.34 11.37 13.43 11.0
2.81 2.13 2.02 5.37 3.41 5.67 6.1 4.91 5.17 8.4 7.98 8.98 10.07 9.71 7.73 3.57 4.54 3.18 8.46 4.38 7.46 4.06 3.89 2.88 5.34 7.33 8.23 5.16 4.06 3.01 4.18 13.17 10.29 11.14 8.37 3.74 3.48 7.04 8.78 14.92 6.72 4.63 5.58 3.36 7.95 8.14 11.91 8.95 9.23 5.44 8.84 12.91 14.52 11.29 8.79 4.85 11.49 10.05 5.69 12.62 15.87 15.12 13.25 9.37
1.88 3.21 2.96 5.84 4.72 4.44 3.2 4.84 5.12 3.79 4.14 7.37 7.98 7.81 7.11 6.12 4.95 6.17 3.09 5.06 2.9 6.97 4.07 4.0 7.99 6.03 8.15 3.97 4.78 5.18 5.81 7.53 18.76 11.51 11.38 5.81 4.2 3.86 9.42 17.56 9.55 4.46 4.9 3.87 14.49 5.88 8.29 8.41 14.59 13.6 5.43 7.25 8.57 5.72 7.23 9.04 6.38 6.35 8.66 7.57 11.82 10.52 14.3 14.51
3.31 6.2 7.57 7.1 11.84 1.88 2.33 2.72 3.26 3.36 3.84 3.49 7.59 4.93 10.81 6.29 6.73 4.25 1.82 2.94 6.76 4.25 3.33 4.02 8.4 3.21 4.37 5.58 2.52 6.85 5.19 13.87 8.19 11.22 11.94 7.35 3.72 8.77 6.74 12.41 5.5 6.62 5.72 10.05 8.74 8.16 5.55 12.81 16.25 11.39 6.69 5.97 6.89 3.25 7.81 6.43 3.59 8.0 11.05 8.68 10.84 8.97 12.44 9.36
4.69 3.25 9.27 13.44 5.13 4.01 2.8 1.96 1.51 6.77 3.51 6.21 6.36 4.24 8.0 7.78 7.9 4.52 2.46 7.21 4.28 5.95 3.63 5.3 4.18 3.92 4.76 4.61 3.73 5.95 7.31 20.5 10.95 12.24 8.32 4.05 5.71 7.12 8.94 9.62 8.07 7.81 9.11 11.29 11.71 7.61 10.97 9.38 18.38 10.58 9.15 7.99 5.45 4.0 5.31 3.46 5.56 12.53 28.22 10.94 8.59 6.83 9.09 5.99
4.41 4.99 6.27 5.44 10.44 4.54 2.96 1.97 1.57 3.14 8.84 7.96 6.67 4.12 4.52 5.28 4.44 3.33 4.49 6.11 7.93 6.33 13.74 6.27 2.53 2.58 5.09 7.15 5.62 7.38 9.1 10.24 12.79 5.4 6.23 8.43 6.48 6.01 10.84 6.86 8.47 7.79 7.67 7.84 6.6 9.09 9.39 9.86 12.58 9.2 8.98 12.69 9.05 5.58 2.66 3.85 4.48 18.0 18.04 8.58 9.63 8.5 4.61 11.01
