16.89 12.8 9.39 6.7 13.0 9.87 8.11 12.88 7.99 5.05 6.7 3.65 7.86 15.62 8.64 11.99 15.92 12.17 9.95 9.22 6.67 3.23 6.6 6.41 10.12 11.64 3.11 4.28 4.42 3.95 9.28 19.48 27.33 5.28 6.15 4.42 3.5 3.06 5.4 5.74 7.64 17.3 30.13 22.91 5.04 6.28 5.49 9.44 15.11 8.41 15.72 7.14 11.17 11.37 8.29 11.38 7.01 5.77 7.47 12.83 12.55 11.58 5.86 12.35
12.45 9.34 10.14 12.98 10.37 10.83 2.86 5.82 4.98 3.48 6.96 6.7 8.12 12.85 13.34 14.16 12.07 10.57 10.0 15.16 5.29 4.64 13.41 3.91 7.25 12.81 5.41 4.78 4.85 4.75 7.99 18.31 14.56 7.15 7.36 5.89 6.45 3.35 4.96 5.45 6.07 17.09 20.16 29.23 5.95 4.01 6.39 7.84 10.08 10.08 9.96 11.48 11.46 11.06 8.61 6.55 7.26 6.53 3.46 25.57 11.39 8.68 6.67 5.88
13.29 11.16 10.9 11.12 14.26 7.39 4.33 7.31 4.25 4.69 10.09 9.85 10.21 31.82 24.47 12.52 14.67 21.34 18.6 21.17 8.38 9.3 9.75 5.09 10.31 6.81 5.75 5.54 8.44 14.22 17.1 22.57 16.47 9.57 7.21 3.85 6.21 7.37 4.51 8.92 7.67 8.26 15.11 12.76 11.77 7.18 10.2 8.34 13.17 14.42 12.0 9.14 11.13 13.29 20.42 7.68 7.53 10.04 5.07 8.32 6.22 4.35 6.5 5.3
6.53 7.35 15.51 17.08 20.79 6.67 5.54 9.33 7.85 6.39 7.52 9.66 17.18 33.56 38.55 20.06 46.07 23.21 18.87 13.34 10.62 9.26 10.06 2.64 6.02 7.63 7.16 7.56 9.42 10.61 11.01 11.63 17.24 24.05 23.14 8.68 7.65 3.93 5.14 8.93 5.26 5.4 9.28 7.81 6.85 7.74 8.29 8.4 16.03 9.51 11.93 11.46 8.35 9.95 7.54 5.45 7.52 12.64 6.28 7.07 12.06 5.72 3.09 5.54
3.5 5.93 7.93 13.62 15.24 11.03 5.86 6.49 5.22 9.17 9.44 6.9 11.59 29.54 31.48 41.71 33.48 29.58 27.8 14.59 10.96 10.6 5.03 8.67 8.82 7.71 11.29 8.07 12.27 15.01 10.32 17.38 8.33 22.14 21.16 12.71 15.72 12.66 6.39 7.57 5.6 13.28 15.29 9.35 5.42 4.37 4.49 5.24 7.92 6.87 10.72 10.61 12.92 11.74 9.35 5.41 4.24 5.47 6.96 11.95 16.56 7.91 5.68 5.33
4.8 3.64 4.8 11.75 17.06 15.42 8.16 7.24 6.4 5.45 3.58 5.06 9.4 17.95 29.97 27.7 41.54 23.01 27.21 14.68 7.14 8.56 6.31 9.12 7.38 8.53 12.74 8.89 11.66 16.72 11.98 4.41 3.93 8.97 16.38 30.47 21.4 15.32 18.91 10.03 5.15 5.65 12.72 8.44 4.85 7.47 6.95 6.93 7.17 7.59 3.36 5.45 13.45 13.08 5.67 4.67 2.68 3.51 9.51 15.27 16.51 6.66 5.66 7.88
4.52 4.93 9.92 10.94 24.8 11.84 12.31 15.62 5.77 5.73 3.8 4.02 5.28 9.25 18.37 17.73 16.52 18.29 17.29 13.33 13.83 9.18 21.49 19.29 7.43 14.99 6.14 8.05 5.91 10.82 10.91 5.25 6.84 13.31 14.13 36.11 39.47 19.39 23.88 19.66 6.13 5.31 8.15 11.94 7.16 7.6 8.84 11.7 8.96 5.6 7.21 8.52 6.81 12.25 5.71 4.19 3.24 4.39 12.02 9.45 14.48 10.17 10.94 6.82
5.11 7.17 6.35 10.31 10.26 8.19 14.56 13.84 6.6 7.7 9.09 2.4 5.8 17.11 16.19 10.07 13.4 10.06 9.5 17.75 29.93 10.22 10.83 11.04 12.99 7.77 2.66 4.51 4.02 6.1 8.87 7.51 11.52 5.67 17.84 17.63 17.06 10.64 22.18 22.95 9.53 8.43 9.24 8.36 4.06 9.31 8.8 11.02 6.24 6.95 12.22 13.0 7.27 7.94 5.47 6.69 5.46 7.3 5.06 8.19 8.19 4.77 5.53 7.52
5.77 5.29 6.36 11.51 13.3 10.5 11.19 9.78 5.97 8.63 9.19 6.67 9.39 23.39 17.11 10.72 17.93 8.9 10.09 19.15 23.81 14.68 12.24 7.89 9.12 5.25 3.69 4.58 4.35 5.83 7.9 6.79 6.02 11.63 37.12 9.52 12.83 10.0 11.02 10.16 11.1 11.57 16.88 9.35 6.13 6.44 4.99 10.15 8.33 4.0 9.42 14.12 8.69 6.75 4.71 6.67 8.22 4.92 4.2 10.1 7.73 4.84 2.6 4.12
5.9 5.12 6.82 5.95 6.15 11.52 10.13 7.3 6.61 4.57 10.26 12.8 8.44 18.81 17.08 8.58 12.11 7.14 11.84 8.42 13.96 17.3 11.83 10.86 10.3 4.86 5.7 3.68 8.28 5.14 5.79 7.03 9.41 7.2 18.97 3.97 13.38 10.01 10.46 8.67 6.33 12.33 13.23 6.55 4.8 5.31 6.44 4.8 16.9 7.49 10.09 13.11 11.06 6.29 9.39 4.25 7.38 7.5 3.57 6.49 4.2 5.53 7.34 4.7
7.9 6.44 3.6 6.82 8.98 7.48 5.5 7.91 9.48 8.98 12.85 18.75 12.4 18.48 9.91 6.93 9.42 11.95 6.2 5.64 9.95 14.66 13.73 7.87 3.41 5.27 9.26 6.47 8.04 7.45 6.26 6.72 5.91 15.4 17.03 9.32 6.92 6.26 9.62 16.05 7.7 8.52 8.61 7.05 5.77 8.2 8.75 11.56 20.78 9.47 19.63 19.69 10.66 10.75 9.98 7.8 13.42 17.99 5.33 5.03 7.04 5.14 4.59 3.29
2.38 3.0 4.33 4.63 9.25 11.64 5.71 9.71 8.03 20.12 12.46 6.08 6.65 8.2 8.29 12.58 11.76 11.41 8.08 6.11 6.37 5.39 10.76 6.09 3.42 1.99 2.61 4.28 10.11 5.81 9.56 7.13 14.5 14.43 6.85 6.92 4.85 6.17 12.79 10.44 8.48 7.58 7.96 4.15 3.47 5.41 8.19 14.41 25.81 12.4 17.01 10.83 5.14 8.04 10.19 11.29 16.38 12.84 8.29 8.32 4.53 6.96 4.61 3.38
3.81 4.32 3.71 7.43 9.35 8.72 7.27 13.86 9.19 16.66 11.64 5.75 4.52 9.92 17.57 14.93 10.8 12.11 12.0 8.83 8.1 5.59 4.2 9.28 5.34 2.88 2.29 5.06 3.12 3.3 6.65 6.61 11.38 8.09 7.46 5.27 3.62 9.5 7.57 12.72 8.51 6.63 9.61 2.68 3.06 3.82 6.15 14.1 15.76 12.1 12.02 11.13 10.15 7.12 10.26 14.34 19.33 15.77 15.24 8.22 5.26 4.71 5.83 5.29
2.77 6.29 4.61 8.34 9.07 7.83 4.8 10.23 10.87 14.36 10.02 5.55 3.67 13.53 13.62 16.07 16.6 19.73 18.51 10.92 4.3 8.68 8.06 6.89 5.02 3.99 4.36 4.52 2.25 6.48 7.39 2.13 4.05 3.94 6.36 9.65 4.19 8.13 7.21 10.58 10.95 5.1 6.93 1.76 2.06 2.04 4.34 9.38 10.14 6.27 8.47 20.3 17.24 10.55 19.17 16.03 14.47 13.25 12.19 5.72 3.6 5.43 4.95 2.97
7.2 5.7 5.69 5.1 6.59 9.24 6.73 8.96 9.51 12.65 9.39 2.95 3.57 7.27 12.31 11.16 18.65 26.33 13.01 7.73 7.51 7.66 8.82 12.63 6.94 6.63 3.24 9.26 7.15 6.8 6.06 2.94 3.6 5.53 8.33 11.5 6.75 7.31 7.1 7.31 8.37 6.94 3.21 1.49 2.71 4.19 5.41 8.18 7.61 14.98 10.18 17.13 12.6 18.94 17.72 12.45 22.99 28.54 13.0 4.77 3.53 3.97 4.93 10.0
10.49 6.55 7.07 7.27 7.86 9.67 5.59 4.94 9.15 9.06 8.23 3.07 3.83 5.54 8.1 17.15 13.7 11.37 10.05 5.79 8.38 9.53 12.17 8.06 4.66 4.7 6.98 9.91 9.32 8.41 7.3 2.41 3.3 3.53 7.55 9.13 8.84 5.26 4.1 3.7 7.73 4.57 3.91 2.48 3.6 2.01 3.16 4.78 15.8 12.06 15.1 26.61 18.13 18.35 12.84 18.18 24.91 15.15 10.25 5.69 6.39 6.43 6.24 5.97
7.6 9.88 8.53 9.53 5.07 7.08 8.28 5.23 6.45 5.43 6.62 4.61 3.52 5.9 10.29 15.15 13.77 14.61 10.51 6.89 6.13 6.12 5.62 5.4 6.54 3.83 4.83 8.85 8.21 11.4 8.42 4.94 2.33 2.98 5.06 8.82 15.22 7.91 9.36 3.66 4.8 7.87 7.12 4.8 2.96 2.39 4.24 8.08 18.1 22.92 21.94 29.0 20.48 13.61 19.64 19.29 22.73 12.72 17.68 14.51 16.79 14.68 10.45 7.71
8.92 8.24 6.08 9.44 6.36 7.01 7.32 10.03 6.41 4.21 3.85 6.51 4.85 6.51 6.25 9.69 9.23 12.79 13.06 7.95 5.62 8.48 7.92 4.54 4.3 5.35 7.07 5.41 6.08 7.73 6.21 5.24 2.57 2.77 6.26 11.52 6.97 4.68 5.08 4.39 4.27 3.72 5.18 5.4 3.98 8.5 7.67 10.57 24.13 22.39 19.16 36.64 18.19 11.14 11.17 11.27 18.32 12.78 17.03 19.35 12.36 22.08 15.57 12.0
5.45 7.7 7.14 7.68 9.57 5.63 11.1 5.65 12.3 10.27 6.4 5.26 7.16 6.23 4.84 6.0 8.98 10.2 9.64 4.17 3.29 6.78 10.1 6.93 11.21 15.92 11.11 9.77 12.74 7.95 9.9 3.62 3.17 3.85 3.77 9.19 3.94 3.01 4.32 4.22 7.54 7.64 5.11 7.97 4.65 7.58 9.41 13.98 34.51 21.68 18.16 27.77 15.15 7.44 5.72 9.69 13.07 8.96 16.81 11.46 9.28 14.5 12.01 9.01
6.33 16.8 5.81 4.7 9.84 8.96 6.16 5.84 9.71 17.71 5.77 12.76 10.79 4.95 3.1 3.39 3.55 9.05 10.13 5.28 6.03 9.04 7.54 5.89 17.06 12.84 16.85 12.75 21.43 15.47 7.68 5.81 4.9 5.23 4.45 4.83 5.29 3.07 5.51 4.1 4.28 5.04 10.27 8.97 9.38 6.47 4.77 6.2 14.92 16.75 11.91 11.44 16.13 6.79 8.2 13.55 27.6 23.72 22.71 18.56 15.8 10.17 10.17 5.91
6.94 12.11 9.8 6.09 7.18 5.23 7.16 6.57 7.53 14.5 5.81 10.82 10.47 8.93 10.85 5.83 5.68 8.19 5.89 13.84 10.74 20.77 11.46 11.36 9.86 8.13 25.43 13.42 6.49 14.47 10.35 6.84 10.61 12.08 9.09 8.64 8.61 9.61 7.4 6.38 3.93 3.36 7.85 14.13 35.07 9.01 4.58 10.37 12.32 16.02 9.72 11.71 20.74 10.04 23.98 14.89 24.9 36.89 33.23 28.04 35.06 16.38 6.15 4.2
7.12 13.45 18.12 8.64 6.22 5.85 9.97 7.65 7.87 14.84 4.24 6.43 7.91 7.09 12.37 11.56 8.54 5.19 7.86 13.27 6.93 8.31 7.25 13.37 12.99 12.69 10.24 8.76 6.99 19.54 13.61 16.02 22.17 17.25 13.24 13.33 6.62 8.31 12.42 7.31 7.27 6.61 8.91 11.04 20.66 8.46 9.19 6.99 8.84 11.6 7.5 12.18 8.59 10.75 20.47 9.67 15.07 15.14 33.53 17.19 10.28 4.28 3.11 4.04
9.79 7.11 9.76 11.77 7.17 7.79 7.01 6.14 15.47 10.36 4.76 3.85 3.46 4.28 8.08 8.58 8.84 6.73 6.47 7.72 7.02 7.48 7.1 4.98 9.62 15.92 18.4 19.48 8.79 10.83 17.25 18.57 15.02 26.55 32.11 20.13 10.09 5.14 6.89 7.55 6.97 3.54 3.59 9.37 10.47 7.47 13.24 12.95 9.54 6.15 7.39 9.16 9.42 6.21 6.62 4.82 7.41 10.43 22.67 13.9 6.06 3.86 3.97 3.24
5.05 8.7 10.74 11.77 5.23 8.54 7.62 7.26 7.63 11.34 5.78 2.97 3.36 3.26 6.98 11.99 5.39 3.89 3.17 6.02 6.22 7.49 4.45 6.12 7.91 16.38 13.97 11.57 6.11 7.28 10.33 20.98 21.59 29.2 22.55 38.38 16.35 9.24 6.12 4.64 3.69 1.7 3.98 4.73 3.53 11.19 8.57 16.81 10.35 8.94 5.94 3.67 6.41 5.19 2.71 6.44 6.26 11.5 15.59 8.47 5.18 6.2 4.83 4.15
6.52 5.93 7.29 4.62 7.59 5.45 9.37 9.81 8.79 5.14 3.65 3.1 4.43 4.86 12.77 13.76 6.02 5.87 6.4 8.67 6.37 3.84 4.14 2.9 4.01 6.57 9.42 12.48 11.4 11.86 18.44 22.33 16.87 26.42 17.27 31.83 11.22 15.29 8.04 5.93 7.07 3.59 3.82 4.55 6.49 14.46 10.37 14.7 9.53 7.06 6.35 3.8 7.29 8.0 5.85 14.58 10.9 13.31 10.19 8.01 10.58 4.02 7.78 9.48
7.62 7.43 6.75 6.39 5.81 4.63 12.73 8.93 11.46 5.77 4.16 4.21 6.72 9.38 18.19 18.68 11.38 13.44 9.04 4.08 4.12 2.47 8.32 5.03 7.29 6.38 9.47 13.35 13.55 11.72 12.81 17.45 17.53 19.48 30.08 23.96 14.17 14.78 7.97 7.77 13.83 6.03 3.71 6.83 6.25 15.82 8.63 17.46 8.18 4.92 4.06 4.21 4.16 4.97 4.66 13.4 9.57 13.67 14.07 9.01 6.04 6.52 8.99 5.76
7.09 6.95 4.32 6.78 8.35 9.08 17.32 7.14 10.86 4.01 8.61 12.76 8.72 11.66 13.46 12.9 8.67 9.68 7.6 4.92 4.15 3.08 5.4 6.72 15.33 9.09 11.99 14.51 22.66 16.63 13.82 15.91 16.15 16.51 18.91 34.75 19.96 17.19 18.04 8.78 13.3 6.03 4.56 9.03 5.97 10.59 10.31 6.31 6.1 7.09 4.05 5.84 5.35 4.59 4.88 5.11 7.93 13.72 6.7 7.45 7.49 11.07 7.83 4.86
5.94 7.48 5.08 7.34 13.95 15.4 13.36 8.72 17.18 8.92 14.16 11.44 9.27 14.92 9.83 10.28 7.82 5.57 8.18 5.65 4.85 3.88 6.69 5.74 5.54 11.46 25.1 9.63 13.91 16.43 22.57 17.66 13.27 15.17 18.8 20.29 20.58 9.21 13.3 9.35 6.11 3.37 3.49 4.67 9.88 6.24 3.46 3.71 3.19 2.55 2.08 3.05 3.71 4.33 5.04 4.67 9.45 9.6 9.59 4.99 7.05 11.43 4.61 3.4
6.61 6.92 14.87 12.31 9.02 10.18 15.7 9.93 10.1 13.52 16.89 11.08 7.8 18.38 7.57 10.45 8.65 4.99 7.99 5.93 3.54 2.94 4.35 4.56 5.25 7.76 13.75 10.28 8.1 15.45 9.96 10.27 16.93 12.27 13.1 14.06 19.72 12.67 8.28 5.75 6.51 3.03 3.63 3.78 5.22 4.16 3.22 2.78 2.88 3.74 6.37 2.83 2.04 4.28 6.27 3.45 9.15 12.93 13.13 5.63 8.28 5.97 6.05 6.69
7.3 14.9 25.62 10.39 12.39 20.57 14.55 7.74 8.92 10.86 10.28 8.35 9.95 15.54 12.05 8.87 8.12 6.51 4.73 4.82 1.91 3.68 4.32 3.11 3.44 5.38 10.03 15.08 6.86 6.92 7.48 9.67 7.09 14.92 15.34 14.25 19.63 10.03 5.91 8.0 8.34 4.15 2.44 3.1 4.46 3.96 2.67 3.46 2.93 4.09 6.4 5.9 2.72 3.26 4.34 4.29 5.72 10.99 11.75 6.48 3.95 4.55 4.13 6.91
12.15 13.63 17.2 9.13 7.43 11.08 6.89 8.31 6.25 8.73 11.72 8.65 4.08 9.21 6.08 3.43 16.5 10.14 4.37 3.2 3.88 6.44 7.5 4.91 8.9 5.9 7.07 15.71 7.64 9.98 11.46 13.1 6.19 20.52 32.59 15.69 14.32 7.83 4.63 6.36 7.05 6.03 4.44 4.21 5.69 4.86 3.66 3.24 3.63 5.82 4.9 8.04 4.48 4.24 5.7 5.35 13.73 11.25 7.29 3.36 3.56 2.51 2.16 4.24
10.98 18.55 10.02 13.32 15.69 8.62 11.32 13.51 10.12 7.9 8.61 14.56 7.29 4.1 6.58 6.05 12.14 6.63 4.42 4.89 3.76 5.66 13.92 4.68 9.5 11.81 10.53 17.28 12.69 5.81 7.44 8.7 13.92 14.75 40.83 14.0 10.82 11.89 6.07 5.74 6.56 5.26 2.76 3.7 7.76 8.23 3.56 4.15 4.85 4.05 4.34 6.3 7.08 3.46 3.18 4.86 6.14 7.03 3.75 3.13 2.26 2.11 2.34 7.63
16.71 13.13 9.93 15.13 18.5 8.94 9.57 16.33 10.95 11.11 24.94 12.55 7.08 5.71 5.61 4.46 6.12 7.71 5.33 3.63 2.79 6.64 11.5 6.58 9.73 7.31 9.22 20.63 5.95 4.18 8.63 20.48 12.04 10.51 29.45 32.63 11.39 11.11 2.49 3.76 8.53 7.21 5.57 6.84 4.68 3.23 2.63 6.61 4.18 2.85 3.91 4.36 5.52 5.86 3.48 6.6 6.93 7.51 5.27 3.41 2.48 2.75 4.71 6.0
35.77 12.25 7.26 11.17 11.91 14.24 21.01 10.14 12.61 8.49 17.19 15.91 11.01 8.02 4.07 2.89 5.8 4.81 5.86 3.27 4.85 3.04 4.75 4.9 11.13 5.21 8.89 6.49 9.91 5.46 7.18 10.65 11.33 5.05 14.4 18.49 15.33 7.14 3.24 4.59 3.66 7.2 12.22 7.37 3.32 4.03 5.6 5.65 5.42 5.48 4.44 3.98 2.05 2.24 1.88 3.83 4.82 9.08 5.63 7.85 3.93 5.45 5.02 8.24
20.6 26.57 10.08 9.82 19.16 13.29 14.1 14.15 14.06 7.21 10.33 9.59 9.83 7.07 2.78 2.28 3.62 3.69 3.67 3.74 4.03 3.27 3.2 3.87 5.17 5.53 11.5 9.41 9.6 6.41 6.28 7.95 9.59 6.41 9.37 8.54 11.94 4.17 4.49 3.38 2.67 4.15 4.06 5.07 6.17 3.83 3.0 3.78 11.67 7.01 5.28 6.02 2.81 2.51 2.14 2.18 3.52 10.15 4.45 7.58 6.7 6.15 16.48 10.23
9.22 17.08 15.76 16.88 15.03 10.22 10.82 19.84 12.81 9.6 9.67 12.24 13.78 8.7 2.97 2.35 2.94 4.81 2.89 4.66 3.63 2.92 3.89 3.31 5.13 6.64 6.72 8.86 12.77 10.15 8.47 8.37 8.1 8.54 5.17 6.55 8.3 2.83 3.37 2.6 2.97 3.17 3.57 2.51 4.72 3.1 2.82 3.38 7.71 7.12 9.25 5.76 5.04 4.05 2.88 5.41 6.46 7.93 4.0 3.68 6.88 5.58 8.59 9.62
8.02 11.99 11.95 15.52 15.12 11.41 7.52 10.3 15.0 14.8 9.0 12.29 10.08 9.98 5.96 3.13 3.47 2.45 3.22 4.15 2.52 3.2 3.29 4.87 3.21 4.99 5.26 9.46 7.18 7.66 8.53 9.95 12.93 8.43 6.21 6.73 6.3 5.53 3.09 5.64 5.76 2.96 3.2 4.2 4.52 8.5 4.22 4.77 4.48 4.59 6.55 6.49 3.21 4.6 6.56 12.71 11.22 7.41 6.23 5.4 6.52 6.36 8.79 10.41
5.65 11.01 13.85 12.36 9.91 8.19 7.5 6.33 12.26 12.67 12.94 10.03 3.43 7.15 5.51 2.95 4.79 2.14 3.34 3.76 2.63 4.09 4.86 5.68 5.84 3.08 6.38 10.88 7.72 3.54 10.8 15.64 15.2 6.88 7.19 6.46 9.09 6.09 5.12 3.15 4.55 5.75 10.36 5.01 6.39 3.42 2.82 2.56 3.91 3.15 3.52 2.89 3.24 5.34 10.71 11.05 3.45 5.67 3.63 3.51 5.29 5.22 9.4 6.59
6.23 8.02 7.4 11.09 5.4 4.92 6.13 5.43 3.9 5.16 8.47 11.0 5.22 6.76 3.57 1.97 2.65 1.2 2.03 5.01 3.58 5.44 5.4 5.43 3.96 2.92 4.7 7.64 8.97 5.92 10.45 16.23 9.29 8.93 5.67 3.31 6.25 14.31 7.21 3.92 3.37 3.15 8.27 5.43 5.79 5.94 2.85 3.02 1.85 1.34 3.36 3.31 3.54 6.76 21.71 10.03 7.08 3.84 3.07 3.47 5.35 3.98 11.52 11.12
6.21 7.24 6.73 6.67 5.31 4.4 5.22 8.79 5.33 10.86 5.4 6.89 5.14 7.5 5.4 2.53 1.88 1.43 2.96 3.61 3.86 6.54 8.41 4.9 3.17 3.18 3.77 10.6 21.99 5.36 15.89 12.15 7.09 7.83 8.73 7.64 6.66 9.78 9.32 6.42 5.63 4.71 4.84 3.51 6.46 5.85 2.75 2.37 3.26 3.11 3.83 8.49 8.06 7.56 9.32 8.4 5.83 3.55 4.37 4.61 4.21 5.58 21.34 11.93
7.54 5.74 5.51 3.35 4.87 3.77 6.21 9.2 6.72 3.29 7.57 5.8 8.05 8.51 5.12 3.22 1.69 2.02 3.7 4.72 8.21 5.92 6.01 11.76 6.61 4.1 3.29 6.71 22.13 14.11 13.93 14.0 9.53 7.16 8.33 13.63 27.96 22.49 11.61 17.55 7.14 9.37 6.94 5.78 4.95 5.24 4.24 2.0 3.04 4.2 5.56 9.62 11.04 11.78 6.63 11.58 12.47 7.2 6.05 11.08 8.34 7.33 14.07 15.07
7.97 12.63 5.49 4.55 2.45 5.43 3.2 4.77 8.17 5.98 7.37 7.47 7.8 9.06 7.5 5.44 4.59 5.91 10.26 17.6 10.71 4.45 6.68 4.11 2.93 3.6 6.6 8.41 15.83 18.97 16.06 13.89 11.77 4.76 6.65 21.34 36.53 21.95 23.08 19.35 11.59 10.56 9.81 6.05 5.51 4.06 2.53 1.33 3.54 3.77 4.48 8.05 13.54 11.26 15.69 14.17 12.51 6.92 6.18 19.96 6.34 3.77 8.82 9.73
4.59 8.06 6.62 4.29 2.77 1.73 2.62 3.81 2.87 4.79 7.32 6.76 9.27 8.19 9.59 7.46 6.6 9.42 9.96 11.11 5.46 5.49 3.02 3.52 1.97 3.26 11.41 15.27 13.58 14.68 18.46 11.5 10.65 8.98 7.41 23.41 29.76 28.44 16.93 16.33 11.96 16.85 8.7 6.18 4.75 2.95 2.55 2.43 3.57 6.49 4.92 4.07 7.47 15.86 16.28 11.3 6.52 9.03 3.83 11.62 8.58 6.61 7.67 12.08
3.26 3.92 3.98 3.39 2.02 2.52 3.1 2.85 3.67 5.72 6.85 9.66 10.88 8.11 7.14 7.59 9.6 5.74 10.87 14.12 4.94 4.23 2.8 5.41 4.99 5.44 16.2 27.06 11.79 19.14 17.33 10.54 13.2 16.43 12.63 16.22 30.49 14.39 12.27 12.62 11.4 18.41 17.25 5.18 7.64 3.3 4.5 4.48 5.82 5.52 5.43 4.43 6.28 6.73 15.57 25.01 7.79 7.84 6.45 8.49 12.83 6.19 9.17 6.42
3.0 2.77 2.56 4.58 4.8 3.46 3.83 4.49 4.84 7.04 6.83 3.87 10.4 10.93 9.41 6.45 7.45 8.99 18.89 13.11 9.28 4.7 3.21 6.27 8.64 7.53 23.08 26.37 21.45 20.05 14.39 9.61 7.94 10.9 15.34 27.56 37.5 11.69 10.28 15.43 14.96 21.66 18.17 9.07 9.42 5.2 5.42 7.57 4.72 3.55 4.46 3.74 4.35 4.72 13.88 13.47 7.68 12.66 11.27 11.94 13.3 9.09 8.69 3.86
4.08 3.43 4.99 8.45 3.33 9.42 4.18 6.65 3.74 6.21 4.89 4.49 20.31 26.11 10.82 10.47 15.13 9.37 9.29 16.97 7.72 5.98 3.4 10.13 10.68 13.04 20.34 15.95 18.1 17.89 19.18 10.14 8.96 6.25 8.55 14.28 39.04 26.81 19.29 15.85 18.29 13.91 9.52 6.17 8.57 5.47 9.62 7.75 4.28 5.56 3.81 5.69 5.87 6.1 11.04 5.8 5.93 7.84 6.51 13.05 17.2 9.48 12.44 4.71
4.21 5.47 8.49 6.85 4.3 7.83 8.69 4.47 4.95 8.54 5.05 5.11 20.58 28.08 22.95 16.3 11.58 10.38 4.82 10.19 4.83 2.56 4.86 6.58 7.76 16.63 20.5 19.54 9.67 7.99 18.14 8.59 4.93 5.08 6.84 10.91 19.77 34.31 9.56 18.12 25.1 16.18 9.97 3.82 9.59 9.89 11.06 9.35 12.84 8.23 5.35 6.35 7.87 9.21 5.14 3.16 3.76 3.35 9.86 18.78 19.59 7.59 9.54 4.2
3.7 6.11 7.29 9.91 7.58 6.62 7.38 13.8 8.46 6.77 8.09 12.83 24.21 14.83 14.5 16.8 6.57 15.03 5.94 4.84 4.49 4.04 3.85 6.73 7.49 10.43 10.49 12.98 16.62 14.28 17.0 9.24 7.48 11.46 8.22 8.47 10.83 19.07 12.38 14.67 18.17 26.49 13.2 8.81 7.82 13.88 11.24 8.74 7.94 3.99 4.07 9.42 8.3 7.43 9.32 8.03 4.98 3.36 6.67 8.84 15.4 5.24 7.91 7.12
4.55 5.39 9.03 12.05 10.29 6.21 11.25 11.95 8.69 4.5 9.04 11.46 18.6 14.19 17.03 15.0 9.71 13.38 8.21 8.36 5.26 5.42 3.15 4.88 3.8 4.03 18.07 14.0 16.38 10.72 6.46 11.64 6.0 11.32 6.2 8.75 13.55 14.29 13.16 26.8 8.87 19.74 12.19 7.97 9.04 8.72 7.91 9.03 5.02 5.37 8.42 13.56 8.03 14.45 10.06 18.89 5.9 5.31 5.0 4.98 6.98 5.06 8.13 15.03
3.76 4.86 8.7 10.36 11.14 7.36 12.17 10.52 12.78 9.74 10.78 11.8 19.47 15.42 19.38 13.06 8.94 17.14 20.16 12.48 7.68 13.5 8.64 4.91 4.32 3.24 7.76 9.59 10.12 9.96 6.37 10.78 6.53 5.17 7.94 28.91 21.33 12.86 17.0 15.96 12.1 25.08 11.39 7.95 8.48 12.16 11.05 5.29 6.18 6.69 9.68 8.75 10.15 20.71 15.12 9.24 7.38 6.18 4.27 3.06 4.21 3.77 6.11 8.69
5.42 2.91 4.91 6.25 9.93 7.68 8.45 14.3 22.63 12.72 11.15 8.22 20.79 8.97 8.01 7.87 12.79 12.37 15.97 12.47 14.48 6.23 8.29 11.22 6.76 2.42 5.0 5.98 6.93 13.11 13.1 6.06 5.84 14.02 7.5 11.25 24.22 15.91 15.93 8.49 14.17 20.79 6.41 8.82 10.57 14.34 22.29 16.09 10.03 7.66 14.97 12.35 11.33 10.25 9.17 7.93 4.93 3.61 3.07 3.41 4.65 2.83 4.77 7.81
7.25 5.63 4.32 6.3 10.05 14.29 18.08 16.91 12.15 9.29 17.88 11.54 13.81 12.21 8.96 12.02 16.34 10.89 15.17 14.46 6.7 4.54 5.02 11.53 8.72 3.46 5.38 6.54 5.97 8.87 5.91 5.49 12.01 12.75 6.06 18.59 32.12 15.65 8.11 7.03 8.23 10.7 6.76 7.83 15.15 14.54 14.81 22.39 15.63 12.45 15.15 18.42 11.36 11.27 7.21 5.06 2.37 2.32 2.58 3.76 3.14 8.41 5.26 4.77
7.03 5.0 3.48 4.98 7.8 10.94 25.89 15.85 6.23 9.3 11.65 12.63 12.7 5.68 4.23 6.67 14.7 8.49 13.95 5.83 8.72 2.53 2.84 5.76 5.72 3.77 4.5 4.07 4.42 5.3 4.61 6.18 11.46 14.06 9.97 6.39 14.49 12.02 10.08 6.78 7.89 5.58 6.82 13.95 35.74 16.62 18.77 28.31 9.6 9.84 13.65 15.04 8.31 7.42 11.93 6.56 3.62 2.74 2.29 3.77 7.48 12.52 7.58 5.49
4.43 6.63 9.29 7.58 6.63 15.36 10.79 9.38 5.38 7.14 7.17 7.06 8.67 6.36 4.95 6.88 6.09 7.94 15.93 11.55 7.57 4.19 2.49 3.12 3.87 4.53 8.87 6.36 3.41 2.7 4.39 4.93 8.55 11.91 20.87 7.01 6.66 7.54 9.32 6.23 6.66 7.04 10.06 20.26 58.34 66.43 23.24 11.22 9.31 9.87 8.38 7.32 9.0 9.72 10.18 10.16 5.7 4.26 8.63 14.56 7.5 8.09 5.84 7.15
2.86 5.25 5.7 8.8 7.12 13.48 12.76 10.29 4.43 3.29 3.59 6.17 5.34 4.22 9.59 7.65 4.12 11.19 7.91 9.22 4.98 3.14 3.06 3.95 4.76 10.57 3.86 4.67 2.61 3.82 10.49 10.89 10.92 13.11 9.58 9.96 5.78 6.44 6.34 7.11 12.43 28.3 23.67 20.72 33.6 36.49 16.27 9.77 8.0 9.81 6.65 12.09 9.31 12.36 11.42 7.35 6.27 6.05 15.6 8.02 4.61 4.03 3.23 3.98
6.66 10.17 7.92 7.19 6.14 5.63 9.52 6.61 6.62 3.57 7.13 8.02 8.74 6.47 8.47 11.33 6.32 5.53 5.82 7.69 7.55 3.74 2.88 4.74 9.96 16.73 8.28 4.68 3.3 3.4 8.48 17.84 27.05 20.53 21.87 13.92 6.1 8.33 7.45 12.66 8.06 29.82 23.82 29.88 40.26 34.11 18.49 11.59 5.05 4.39 6.24 15.81 7.25 3.37 4.8 6.07 6.12 16.3 17.05 15.36 5.45 2.85 3.19 2.69
8.35 10.75 7.93 9.7 3.11 3.01 6.83 4.92 10.99 3.57 12.14 7.21 9.83 7.87 9.72 14.24 11.63 6.2 5.43 5.32 4.12 5.32 4.57 3.76 11.3 10.07 9.36 7.94 5.12 2.54 4.17 9.47 27.31 20.1 20.73 16.62 6.22 4.99 7.2 13.67 10.51 12.9 10.82 19.82 32.87 32.77 16.77 9.51 6.18 7.43 7.52 6.22 7.01 3.82 4.66 6.86 6.2 12.27 11.99 9.9 11.04 7.0 5.48 3.81
7.83 7.23 12.82 7.77 4.32 4.17 5.52 9.72 11.8 3.91 7.11 8.82 11.28 7.26 4.16 11.51 7.94 6.93 6.41 3.35 3.93 3.51 3.56 5.41 7.53 8.77 9.35 6.29 5.88 2.62 3.21 5.1 8.84 18.62 10.27 8.95 2.76 6.55 15.13 18.26 20.08 8.47 10.11 14.71 15.59 26.46 16.97 10.31 13.91 8.15 5.15 8.21 4.67 2.69 5.13 8.58 12.32 9.57 7.26 7.27 5.81 8.3 4.43 6.5
11.47 8.92 9.63 3.87 4.56 3.83 4.79 6.54 6.35 5.67 7.56 4.44 3.87 4.33 3.01 3.45 3.95 2.29 3.98 2.66 2.6 2.35 4.78 6.26 5.33 10.49 10.81 6.8 4.11 4.44 3.64 2.19 4.82 11.92 9.1 9.46 4.18 3.4 8.11 16.95 13.61 12.17 5.43 7.39 6.13 13.39 13.92 10.93 8.63 11.81 6.46 5.5 4.93 5.17 6.08 6.27 8.4 14.35 8.95 4.74 4.61 4.18 4.22 8.79
5.39 7.83 5.89 3.54 7.21 5.8 6.53 4.76 4.74 6.74 3.67 3.46 3.84 1.72 2.09 4.01 4.33 2.54 2.99 2.36 3.7 2.04 7.31 4.67 17.46 28.12 15.35 7.53 7.21 6.67 4.42 3.73 6.78 9.54 12.22 7.31 8.99 5.78 14.73 13.76 10.32 9.73 5.73 4.69 7.67 6.65 8.14 10.22 8.18 13.0 14.2 10.23 4.58 10.51 8.35 5.0 4.4 8.82 3.71 3.52 2.32 9.15 4.77 6.76
3.21 3.86 3.25 4.78 4.8 5.58 6.09 5.13 4.87 10.16 4.28 5.68 2.35 2.02 2.69 3.16 3.46 2.19 1.94 3.06 4.99 3.81 3.99 4.6 11.59 16.01 14.48 13.2 5.29 3.61 4.78 5.64 5.91 16.85 19.51 6.56 13.42 10.15 11.67 8.5 5.41 6.5 5.98 5.37 9.36 6.05 7.06 7.68 4.31 10.33 11.37 12.54 8.46 8.5 13.94 4.66 6.17 5.08 3.31 5.79 2.23 4.85 3.35 6.69
4.29 4.51 3.89 4.96 4.66 4.23 4.78 4.8 5.84 9.66 3.82 6.45 2.25 2.92 3.89 3.32 5.37 2.71 3.17 1.71 2.36 4.34 5.66 5.07 11.94 14.72 9.88 10.49 5.56 3.73 3.29 3.54 5.58 5.7 13.3 8.88 14.78 8.67 10.54 12.04 6.97 7.13 9.55 3.03 5.74 13.15 11.29 6.59 8.15 10.34 10.55 15.47 8.48 6.64 6.07 6.19 4.29 3.02 4.46 3.96 3.38 7.68 3.27 5.06
8.72 6.15 6.88 6.5 3.48 3.14 3.42 2.14 5.59 4.33 3.87 4.98 4.55 4.16 2.58 2.44 3.54 2.04 2.36 2.62 2.8 2.18 3.35 4.53 8.82 12.08 5.21 6.17 4.3 2.63 3.88 3.48 2.95 5.15 8.37 6.29 12.15 12.0 16.75 13.0 5.96 7.89 6.4 5.3 6.01 11.88 8.32 5.59 8.7 7.49 13.4 30.75 19.2 5.66 4.67 4.4 5.59 4.73 3.08 4.77 6.22 5.93 6.83 4.82
7.97 7.88 7.37 5.17 3.42 3.42 3.04 3.38 2.99 8.9 7.46 5.72 8.86 4.08 6.04 4.55 2.13 1.65 3.33 2.86 2.99 5.18 6.71 7.43 8.61 10.06 9.17 5.59 7.48 6.29 4.29 4.74 7.91 8.1 8.71 7.84 26.13 8.93 7.02 6.94 6.0 3.97 4.25 2.78 4.53 11.11 13.9 12.91 6.43 7.75 18.48 13.69 40.29 10.5 7.0 5.12 7.08 9.65 6.88 6.14 7.66 4.19 8.32 5.72
