3.28 5.09 4.05 2.31 5.2 4.59 3.27 4.47 3.88 4.44 5.73 6.92 11.46 5.79 10.28 12.15 9.48 7.69 7.86 5.38 6.63 5.03 5.75 5.39 3.06 4.17 5.65 4.88 6.45 9.25 8.32 4.77 4.78 6.61 19.63 10.45 6.17 8.36 7.83 14.78 9.75 3.59 4.41 4.94 6.93 7.05 13.06 6.52 10.48 20.73 9.15 5.58 7.59 7.93 10.41 7.67 4.14 2.97 5.58 5.5 7.57 11.52 14.9 26.61
4.16 3.09 4.38 4.92 4.22 4.05 3.68 2.0 6.43 4.45 5.35 7.49 5.98 7.11 10.36 10.24 9.47 8.38 9.68 4.55 6.65 5.48 4.75 3.48 1.96 4.35 6.94 5.04 6.59 7.66 9.33 6.44 4.57 7.08 13.93 11.51 7.19 7.58 8.38 11.95 7.36 5.03 4.16 2.74 6.82 8.97 7.25 8.21 8.65 15.25 11.17 6.03 7.88 5.45 7.77 14.05 7.93 4.79 8.36 9.97 11.62 8.55 24.41 11.68
4.1 2.65 3.1 3.3 5.8 6.38 2.78 4.33 4.02 4.26 5.34 8.51 8.59 9.11 6.45 4.68 3.59 8.67 6.03 5.88 5.72 16.23 7.99 2.64 3.92 6.05 5.5 9.83 6.46 6.48 8.81 7.02 5.57 4.03 7.76 7.4 6.52 10.09 7.48 5.49 5.78 3.28 4.84 10.62 8.47 8.34 7.16 10.39 13.07 8.62 9.0 13.68 12.8 10.78 6.29 5.62 7.38 7.96 10.77 16.26 13.25 10.61 28.46 15.55
7.25 7.07 3.62 3.09 7.42 7.47 5.57 3.09 4.43 5.97 7.83 10.33 12.93 8.89 9.69 7.0 2.69 6.23 6.98 4.53 5.27 12.17 7.23 3.68 4.03 2.75 3.21 5.35 8.12 4.98 6.34 3.41 1.62 5.77 5.04 2.95 8.44 13.44 11.3 10.2 6.57 3.99 7.59 13.83 9.38 13.19 5.93 5.85 8.09 5.23 6.11 11.36 13.4 14.33 11.4 5.98 5.58 6.87 10.69 20.49 10.63 10.54 15.45 13.89
11.11 3.85 6.18 2.52 4.47 6.75 3.65 2.99 4.18 6.91 9.89 10.2 6.94 6.76 10.1 5.67 4.53 7.59 7.41 6.09 6.53 9.89 6.66 2.94 2.75 4.0 4.61 4.17 3.72 4.53 5.79 2.05 1.28 3.66 6.74 4.32 3.51 11.05 9.99 6.36 5.83 3.28 5.88 10.03 14.23 11.62 9.71 5.48 5.32 5.81 5.27 4.79 19.66 10.07 11.07 12.6 11.0 7.2 12.39 5.81 12.85 11.59 9.52 9.21
9.64 12.03 8.49 5.45 6.64 8.32 5.22 7.85 5.78 9.92 16.49 13.91 7.44 4.67 5.53 6.95 5.8 11.35 20.55 7.96 10.23 11.09 6.57 4.4 4.17 3.51 5.63 2.2 3.25 3.68 4.04 2.35 1.6 1.93 3.38 3.18 2.88 5.67 8.45 4.11 5.95 7.53 5.02 13.56 13.18 11.63 9.65 5.11 9.02 6.5 5.08 8.93 8.82 8.91 9.67 10.46 10.17 9.4 12.68 12.25 12.5 14.36 7.65 10.95
9.76 12.82 12.05 16.74 6.18 6.5 6.32 5.75 13.34 10.98 7.22 14.97 9.55 6.9 6.74 8.25 10.75 19.58 18.44 10.08 8.08 8.41 4.69 3.58 8.43 7.27 4.49 3.34 3.53 6.2 5.37 4.66 3.16 2.77 4.23 4.05 2.33 4.63 5.46 6.08 6.26 9.57 9.24 16.79 17.94 10.64 5.36 9.75 6.21 4.65 7.45 6.85 4.69 8.74 4.62 11.15 8.89 5.24 8.52 16.39 16.0 11.16 5.76 6.24
7.14 11.13 13.28 10.3 9.49 7.77 4.88 8.71 6.84 10.13 10.25 10.36 9.8 12.51 8.71 7.42 9.32 14.54 18.7 15.94 6.29 11.53 4.82 6.53 17.0 10.48 5.93 8.24 7.93 6.97 12.57 5.06 3.02 3.63 2.96 3.75 5.22 3.43 3.87 1.66 4.79 6.1 6.98 9.9 6.45 4.6 7.05 6.51 7.75 5.6 8.01 11.31 6.07 6.61 11.67 6.38 8.01 7.98 7.06 20.67 21.82 12.37 6.93 7.02
14.73 12.87 10.03 10.03 9.12 4.55 8.56 5.5 7.64 10.15 8.27 7.63 10.37 5.34 9.48 6.87 8.4 17.19 14.36 8.93 10.37 9.53 5.51 7.1 9.6 6.67 8.47 9.01 16.42 19.61 17.24 6.39 3.14 3.66 2.95 3.21 6.06 3.76 2.1 1.85 1.86 4.46 6.1 5.15 4.53 4.9 6.17 8.58 10.26 5.27 5.1 12.06 10.27 17.73 13.46 9.31 11.74 8.06 11.31 12.92 11.13 13.27 13.17 5.42
16.27 10.14 7.73 7.45 6.97 5.42 8.22 5.96 7.19 6.98 7.14 6.63 3.86 3.67 4.62 4.49 9.03 12.92 13.23 18.1 19.14 9.28 8.61 8.4 7.77 7.26 5.0 7.24 8.41 21.28 14.0 6.05 6.91 3.72 1.73 3.35 5.05 3.5 1.52 2.07 2.18 4.98 3.93 4.07 4.8 5.98 6.13 7.13 5.88 6.13 4.41 6.78 14.0 12.97 11.09 10.25 7.02 4.62 8.8 8.52 15.18 12.75 21.42 14.4
11.92 10.87 3.59 5.41 4.18 3.58 5.58 8.01 5.27 4.39 5.65 6.12 7.17 4.8 5.69 14.31 16.23 15.44 19.07 19.31 21.84 10.96 8.04 9.31 8.94 4.23 5.89 4.5 7.12 12.1 7.42 6.61 5.84 2.62 2.6 2.82 4.8 1.84 1.15 2.12 2.37 5.22 3.69 4.74 5.86 8.88 12.17 14.05 10.0 6.26 5.51 6.58 10.46 13.47 6.82 9.45 10.59 8.99 5.38 11.16 17.92 13.57 22.47 10.0
10.52 10.16 4.9 3.45 5.45 5.52 7.04 8.3 6.14 5.1 4.3 5.97 5.38 5.01 14.11 19.38 12.9 10.46 10.12 26.64 14.62 8.55 18.15 10.87 8.09 5.99 2.69 7.06 6.58 4.17 3.59 8.08 7.31 2.44 3.55 6.16 4.06 3.06 1.4 1.57 4.1 5.13 3.79 2.71 5.05 8.81 10.37 14.93 14.3 9.77 14.47 7.08 7.35 11.52 4.93 8.21 9.05 6.57 12.0 8.52 11.65 13.15 13.16 5.32
15.64 7.02 4.7 2.36 5.07 8.34 4.72 8.6 5.47 3.8 10.07 5.54 4.76 8.25 13.93 22.05 20.42 13.32 8.94 7.48 10.02 11.76 6.84 6.72 6.3 5.58 3.88 10.27 4.99 4.44 4.9 6.18 4.28 1.55 2.39 4.83 4.9 3.13 2.96 3.14 4.89 10.39 8.62 3.98 6.05 4.97 8.14 8.82 9.32 8.4 6.81 8.79 9.56 7.8 7.09 11.58 13.57 14.19 14.23 12.41 14.94 17.2 9.13 5.31
14.1 12.0 3.6 3.12 8.82 7.97 12.65 7.69 5.11 4.92 12.49 6.61 6.21 10.16 26.42 16.58 13.6 19.29 8.18 3.18 10.7 9.76 6.56 8.68 3.54 7.02 9.32 11.71 6.59 4.49 3.71 5.44 5.26 2.73 2.36 5.54 6.1 4.51 4.16 6.45 5.45 8.93 6.42 3.51 3.77 4.73 4.16 7.1 11.33 8.08 7.63 9.47 7.52 14.64 8.67 14.99 7.57 12.71 17.0 9.3 9.86 13.25 14.1 3.53
11.55 9.58 4.15 4.23 3.6 7.93 9.05 13.09 6.75 4.45 9.89 7.25 7.16 12.91 13.92 11.03 8.05 13.27 3.88 4.87 5.71 4.55 4.99 4.11 4.34 8.08 9.81 12.81 7.79 7.69 5.53 3.4 1.84 2.08 2.99 1.57 3.84 2.85 4.04 6.02 6.69 6.92 8.5 3.31 4.42 5.38 4.61 7.76 12.02 9.4 11.52 7.34 5.1 7.38 12.33 11.93 6.42 8.44 22.41 8.26 18.46 9.17 5.04 5.73
11.86 9.19 4.67 4.47 4.24 7.82 6.89 6.88 5.87 4.99 9.53 6.27 4.29 13.11 13.68 10.03 10.8 8.76 6.04 3.21 3.21 6.2 4.67 4.25 2.34 3.5 5.99 4.0 6.66 5.28 7.8 8.61 3.24 2.49 5.99 2.72 4.31 5.84 3.44 3.05 12.11 8.78 5.16 3.22 2.83 7.71 10.92 7.01 9.42 13.05 19.29 9.17 3.3 7.15 7.97 6.23 6.33 8.72 11.46 15.99 19.83 10.22 6.14 8.28
16.16 12.8 12.37 3.1 5.27 12.24 6.32 6.74 12.27 8.38 11.49 11.71 7.87 9.16 15.23 8.7 11.5 15.39 4.99 3.36 2.05 3.75 6.65 2.46 1.49 4.67 3.55 3.54 4.35 4.58 5.92 9.12 3.93 4.12 2.5 1.99 3.55 7.83 5.85 4.94 8.4 12.83 8.25 3.83 3.1 5.47 13.14 8.83 9.1 27.95 22.89 14.31 6.25 7.06 6.25 7.98 15.08 14.1 14.18 11.13 10.66 14.78 5.9 7.26
16.57 19.3 13.3 8.28 5.45 17.96 7.82 4.19 9.3 8.3 7.39 8.52 8.63 18.19 12.97 9.2 13.41 7.38 11.65 4.29 3.05 5.51 4.96 4.66 4.11 2.28 4.5 5.06 3.12 5.58 5.5 3.06 4.98 4.28 2.46 3.07 5.0 4.24 7.88 5.62 4.08 8.91 6.83 5.82 6.04 6.62 17.21 8.82 13.67 37.67 19.3 7.51 3.91 4.25 4.18 7.21 9.41 13.41 16.02 8.3 5.39 9.11 8.16 6.0
13.14 17.67 6.45 9.68 7.16 10.14 11.8 11.85 10.55 10.49 8.28 7.26 9.66 10.09 15.62 13.94 10.81 8.37 11.57 9.5 16.07 7.89 4.11 6.14 7.11 3.11 5.46 3.82 4.58 6.69 5.93 3.87 2.72 2.05 2.3 2.92 2.88 3.87 9.35 8.2 3.48 4.29 7.2 5.71 8.44 8.54 11.74 13.88 16.44 24.8 9.53 7.05 5.07 3.11 6.68 9.24 7.8 8.06 7.62 7.78 4.53 5.21 8.91 3.46
15.35 15.35 7.36 10.74 8.56 12.53 15.17 7.27 4.53 10.45 5.11 7.86 7.62 6.88 15.15 13.84 11.39 10.24 11.53 14.84 8.57 11.7 6.48 8.17 11.91 7.42 5.37 3.97 4.25 4.06 5.23 7.36 2.75 1.17 2.09 4.0 4.92 4.59 6.12 6.03 7.23 3.76 5.41 7.08 12.22 10.53 7.72 9.08 16.53 17.72 5.47 3.79 4.32 4.61 6.95 7.6 4.55 3.8 4.89 5.35 3.22 2.84 3.72 6.09
6.94 9.3 9.19 6.31 6.21 9.03 16.04 5.62 4.65 6.15 5.77 8.34 9.37 8.14 15.67 20.19 26.16 23.81 13.6 12.32 17.01 18.26 11.1 11.61 12.03 14.02 8.54 4.41 4.76 4.72 4.35 5.89 3.38 0.94 1.86 3.38 2.18 6.18 3.52 4.33 10.36 5.64 3.86 9.76 13.24 10.95 11.18 9.31 10.58 18.64 6.74 11.37 6.98 5.97 9.75 7.85 4.52 3.11 1.63 3.54 2.34 1.99 2.35 3.74
7.82 11.14 12.32 8.31 13.13 9.68 10.25 5.5 6.6 5.43 3.25 5.81 8.75 9.65 20.31 19.72 28.55 40.94 17.81 8.96 12.34 15.07 16.51 10.1 14.49 15.32 6.25 7.51 3.46 1.2 2.59 6.54 2.65 2.15 2.25 4.14 4.88 5.97 4.26 10.14 10.37 9.42 11.13 15.02 23.0 17.02 12.72 16.11 11.78 11.35 7.83 3.68 5.94 3.09 5.99 5.67 3.57 3.02 1.73 0.85 2.17 2.72 4.15 2.37
3.43 5.16 8.56 7.45 10.81 13.14 6.49 12.18 9.76 5.77 6.4 7.15 8.32 8.58 11.64 22.64 39.44 34.74 33.79 20.39 17.03 10.84 14.34 8.77 13.41 4.89 4.02 7.17 4.11 1.63 2.18 2.05 4.46 3.92 2.6 5.44 6.06 4.14 11.81 13.6 9.66 15.42 14.31 19.99 15.4 7.26 8.39 9.42 12.55 9.08 8.9 3.89 4.91 2.83 3.96 5.32 3.06 2.29 1.24 0.65 2.06 4.12 5.04 4.69
7.64 5.0 7.13 8.98 10.95 11.13 9.11 12.82 7.05 4.85 6.87 5.98 8.23 11.18 9.99 17.97 21.39 19.84 29.66 17.67 12.78 10.83 13.76 12.56 13.54 5.27 3.51 3.52 3.12 1.84 2.21 3.6 4.52 4.26 4.41 7.07 5.16 7.84 8.8 17.03 11.4 7.31 13.45 15.0 20.22 12.97 5.39 9.66 12.2 11.74 10.58 7.05 5.35 3.0 3.79 5.09 2.81 3.12 1.04 0.71 1.59 3.86 3.8 3.59
7.56 6.45 9.12 11.35 10.72 10.0 14.54 15.72 5.97 5.25 3.36 6.96 5.89 6.84 8.02 14.91 11.96 18.18 25.91 15.38 13.15 13.54 12.4 16.91 13.56 10.07 2.3 2.74 1.84 2.28 4.09 4.94 4.97 5.27 4.62 5.91 5.44 6.75 10.55 12.22 9.95 7.13 6.35 8.05 8.01 3.0 3.73 5.68 6.22 3.24 7.98 6.4 3.8 3.31 3.12 3.73 3.14 2.32 1.47 1.28 2.0 3.34 4.18 5.16
3.73 6.59 7.2 9.2 11.27 10.64 12.21 10.97 5.74 4.21 4.87 4.27 10.26 12.35 9.0 13.09 8.37 8.25 9.83 5.63 6.57 5.96 5.69 12.49 11.05 8.49 6.5 5.93 3.64 2.38 4.83 6.28 2.84 3.7 4.07 3.07 3.88 6.68 6.98 11.31 9.77 4.33 5.89 9.73 3.98 3.15 4.93 3.99 5.91 3.27 5.18 4.95 2.96 3.88 4.92 4.85 3.96 4.01 2.16 2.47 2.83 2.46 6.41 4.2
5.59 8.37 9.17 6.5 7.76 6.07 10.58 8.87 4.11 2.85 4.46 5.37 7.89 9.48 8.94 11.84 8.61 10.27 14.34 11.57 8.58 5.17 6.12 5.96 8.23 6.23 4.86 6.85 7.15 5.14 6.42 7.26 2.22 2.81 3.86 1.94 4.65 6.96 8.21 11.16 4.28 5.71 13.64 6.49 2.57 3.97 3.94 6.12 5.83 4.18 11.49 7.75 3.69 5.39 5.09 6.59 7.81 3.57 1.8 2.29 3.69 3.11 3.41 4.9
5.38 5.11 8.91 4.31 3.62 8.83 4.08 6.44 7.94 5.8 7.89 10.4 7.57 15.14 11.42 6.26 6.81 6.06 13.11 12.05 4.29 4.24 5.69 5.33 3.49 6.18 12.64 4.46 10.18 6.66 8.44 5.91 3.21 3.52 3.99 5.73 6.98 4.35 15.56 9.42 4.85 8.42 7.7 6.54 3.27 3.32 4.41 4.31 4.19 6.42 6.08 6.59 8.84 8.02 5.81 7.79 7.85 8.72 2.84 2.3 2.8 3.17 2.53 5.08
5.04 4.73 6.14 7.22 5.41 6.58 9.99 5.52 6.45 11.67 7.44 8.15 5.25 8.16 12.22 8.11 7.09 10.8 10.75 14.22 7.69 5.95 3.81 2.29 3.39 5.5 8.37 6.42 5.41 15.69 9.07 8.74 8.53 3.57 6.11 6.41 4.1 7.7 8.62 8.9 5.74 7.32 7.02 4.53 4.03 3.6 3.57 3.64 5.79 6.03 10.35 8.91 6.13 10.66 9.04 7.85 6.89 4.52 3.45 3.2 3.03 2.67 3.65 3.95
8.95 8.97 5.92 7.71 6.06 5.57 6.01 6.95 10.84 10.05 6.17 11.35 5.78 6.84 13.68 7.77 7.78 12.94 8.06 4.11 8.93 16.22 6.37 3.47 4.04 8.44 7.25 7.52 6.86 6.62 8.82 10.23 5.08 3.8 4.5 8.66 6.27 6.13 13.2 5.06 5.21 12.68 6.06 5.01 5.74 3.18 4.82 4.43 6.05 6.81 9.81 6.46 5.89 7.74 7.81 6.27 6.55 4.88 3.67 2.73 4.54 3.24 2.28 1.74
4.34 12.04 8.18 3.9 5.4 2.6 2.77 7.28 6.95 5.47 7.83 5.88 11.97 7.15 17.7 13.65 13.55 9.43 11.89 6.96 8.53 13.32 12.27 4.62 6.45 5.5 8.07 10.43 10.02 7.65 10.45 16.27 8.93 3.76 3.38 4.1 5.57 13.41 6.42 2.47 3.4 7.77 6.53 6.88 3.92 6.29 7.54 7.15 6.57 5.44 5.4 8.84 3.8 6.01 7.05 2.78 3.51 8.53 1.7 2.9 6.8 5.09 3.12 2.12
9.02 8.04 6.34 5.19 7.28 3.93 4.13 11.91 9.28 13.04 15.44 14.49 15.02 16.17 19.92 11.68 17.01 14.99 8.35 11.09 6.41 5.31 6.6 9.01 4.76 4.6 8.48 11.95 8.42 6.62 9.34 11.33 8.54 5.57 3.72 6.19 8.75 14.39 9.02 3.2 4.21 7.35 5.74 3.52 4.63 4.66 4.77 12.8 11.51 4.2 3.45 7.69 4.83 11.51 8.77 3.38 5.25 5.65 3.94 2.02 4.36 4.29 1.9 2.99
9.0 7.79 6.66 7.03 6.53 9.7 6.33 9.84 10.85 12.3 17.69 18.83 9.1 13.61 7.26 6.48 10.41 10.61 7.58 10.98 6.28 4.91 4.42 8.11 4.87 6.1 7.66 12.84 17.15 11.22 7.38 4.39 11.85 7.05 5.31 9.55 10.15 9.29 14.49 10.79 9.18 9.14 8.3 5.32 6.22 3.53 4.86 8.5 7.98 8.49 4.24 7.08 11.68 6.1 4.85 3.73 2.4 4.15 5.9 3.96 5.32 3.13 2.08 4.36
4.85 5.47 6.85 3.54 7.63 5.23 8.32 5.41 8.73 18.04 18.85 21.05 25.4 9.17 7.18 6.35 7.2 9.4 4.38 6.06 6.46 6.01 7.85 8.48 7.8 7.22 6.15 8.98 6.44 10.64 6.74 3.75 7.77 8.79 6.26 17.04 11.79 9.59 12.2 15.48 14.88 10.36 9.28 20.49 8.86 5.05 3.86 3.04 6.68 8.67 9.09 7.92 8.97 13.45 4.42 2.69 4.66 3.67 7.56 9.5 9.05 6.13 5.91 5.41
5.23 4.2 5.4 5.73 5.18 11.37 10.26 7.89 8.7 7.01 21.69 36.52 18.48 7.39 6.46 7.55 11.46 10.31 3.4 2.54 4.31 3.5 4.47 5.02 4.03 4.38 5.57 9.83 9.42 5.68 9.53 11.66 12.38 16.13 11.7 11.09 15.4 10.98 9.36 10.51 10.66 14.33 15.39 18.21 12.75 6.52 7.26 3.02 3.19 13.05 14.41 7.52 13.33 12.44 7.4 6.07 6.09 3.4 8.03 11.69 9.3 5.11 3.19 5.49
2.98 4.63 3.3 4.24 7.88 5.87 6.11 16.2 9.96 6.85 11.59 19.72 18.36 8.14 3.06 4.17 7.6 7.61 5.79 2.59 2.21 3.25 6.6 6.02 4.69 4.12 7.91 12.86 10.3 5.59 9.13 10.68 12.06 7.31 5.45 6.24 7.07 9.06 8.87 9.79 7.09 7.16 10.78 11.65 9.47 7.42 5.7 3.66 4.92 8.44 6.72 9.62 9.8 9.2 9.99 6.08 6.58 4.04 3.53 20.3 14.19 4.81 7.34 5.91
4.09 4.68 3.62 5.88 5.52 2.96 2.7 7.77 8.95 13.89 9.84 12.0 9.91 9.38 4.27 5.15 4.9 11.06 11.41 5.2 3.79 3.28 3.86 13.05 7.41 4.32 4.7 8.36 8.96 10.27 9.53 9.68 7.31 3.94 4.3 2.79 4.67 5.87 5.86 13.69 11.23 7.46 9.93 4.54 6.81 5.49 6.05 5.81 6.86 4.11 8.34 10.26 9.3 20.64 15.51 12.52 14.67 4.04 9.2 17.7 17.76 10.39 9.91 7.85
4.28 5.59 5.08 11.99 10.52 5.02 3.12 3.43 11.76 9.29 14.3 8.69 5.37 5.57 2.42 3.17 4.06 4.68 10.02 6.91 4.71 5.82 5.55 5.49 12.79 8.4 5.23 6.1 4.72 7.57 11.0 10.25 11.11 4.83 7.71 5.56 4.83 5.61 6.42 8.92 10.29 7.57 7.77 7.12 4.3 4.48 5.88 4.72 3.73 3.19 6.0 11.24 15.51 17.0 15.09 17.47 11.24 13.71 9.21 8.55 8.39 13.5 14.44 11.88
2.43 4.24 8.01 5.43 7.83 7.09 5.1 3.13 7.53 8.59 5.09 6.07 6.91 3.05 3.38 4.64 3.49 6.38 8.52 6.59 4.8 4.26 5.48 6.62 7.96 9.13 11.51 6.47 6.14 8.07 7.07 11.85 8.09 4.45 5.85 6.29 5.05 9.04 6.7 7.66 6.62 5.88 5.43 8.02 4.02 4.41 5.89 5.91 3.98 5.88 7.62 14.53 18.83 23.01 17.44 11.56 10.08 8.15 11.04 7.64 5.19 13.46 14.85 8.5
4.35 4.13 4.43 10.95 5.44 7.29 4.64 4.4 7.98 7.23 3.51 6.68 3.52 4.9 5.34 4.69 4.93 8.79 7.99 7.26 6.02 5.12 9.81 6.66 5.82 8.98 13.26 6.25 6.71 4.49 7.39 11.4 8.8 5.79 11.22 5.85 6.62 11.15 11.76 9.0 9.25 4.66 2.68 6.31 6.7 7.1 5.81 7.18 6.93 9.28 12.84 11.66 31.47 24.12 15.7 19.14 6.94 4.43 8.84 4.99 5.62 11.77 10.07 11.27
4.01 2.59 2.92 5.72 9.69 6.49 7.05 7.07 9.67 7.43 6.14 5.69 4.4 3.98 4.16 4.9 3.05 4.52 9.08 5.03 7.13 10.24 11.73 5.83 5.87 7.68 14.56 9.54 6.05 5.8 7.27 7.39 14.3 7.39 8.75 6.9 11.29 29.58 20.1 18.88 7.11 6.39 5.66 4.68 7.41 6.74 4.51 3.02 4.41 7.29 7.68 8.98 11.9 16.61 18.43 21.24 13.31 7.29 6.31 7.82 9.32 11.62 16.31 10.48
3.84 2.08 1.68 4.22 7.98 6.64 11.97 7.09 7.41 10.46 8.57 4.77 6.57 10.85 4.57 6.7 5.45 3.7 8.37 7.9 8.41 13.33 11.2 8.04 5.75 9.12 16.89 13.01 8.0 10.62 8.42 13.05 15.32 17.32 9.35 5.3 12.55 26.23 17.79 9.85 8.47 4.01 5.87 9.32 5.91 8.53 5.22 2.47 4.9 4.02 11.15 7.23 12.89 25.24 16.72 13.49 11.55 6.84 6.54 3.6 6.55 17.76 17.35 10.01
4.79 2.74 1.9 3.74 4.79 10.95 15.39 9.28 7.92 11.79 16.19 4.31 4.6 8.26 7.41 4.67 7.52 3.72 6.59 17.55 13.89 10.8 8.14 5.58 11.85 11.21 8.45 16.12 5.96 5.14 8.31 8.39 14.43 13.4 4.01 4.89 8.13 16.07 11.21 8.19 5.91 9.12 6.19 8.15 8.11 9.11 6.01 2.54 4.49 12.75 10.74 14.19 20.01 22.86 25.45 12.15 6.05 6.88 5.31 4.37 7.58 16.2 15.96 9.48
6.56 5.89 4.26 3.35 4.86 6.04 10.64 8.85 7.99 6.71 7.0 5.69 5.2 8.24 8.96 5.19 6.3 4.7 9.34 12.87 10.83 11.14 7.44 7.84 6.99 12.37 10.32 6.7 8.22 7.41 7.18 12.28 17.18 17.97 8.56 11.42 9.21 7.42 3.99 5.59 6.89 6.82 8.4 9.21 6.58 6.67 5.96 3.6 3.6 11.02 6.79 7.13 17.29 26.48 15.7 11.61 8.22 2.72 3.45 4.18 6.25 10.21 18.8 11.16
8.56 5.22 7.15 8.16 4.98 5.88 13.49 11.58 10.89 9.7 5.72 5.35 5.63 9.02 9.69 7.02 6.15 7.45 16.64 24.0 13.75 6.83 12.02 8.98 4.95 12.41 7.62 5.9 12.33 5.95 8.53 5.03 8.46 12.24 10.99 7.81 16.68 4.7 4.81 9.62 11.02 10.12 9.5 5.01 7.24 5.6 5.13 5.42 3.92 6.57 8.9 11.2 14.14 14.1 10.11 12.38 8.84 4.49 2.88 3.35 2.98 3.75 8.23 12.3
12.4 5.26 9.24 8.7 5.79 4.57 8.13 7.97 9.03 8.85 7.52 5.32 5.64 10.18 10.66 11.37 7.11 6.04 15.09 19.93 7.57 11.69 4.62 3.6 5.87 7.32 5.59 5.53 8.33 12.08 5.41 7.08 10.47 6.89 10.29 11.88 10.96 9.3 9.04 12.23 11.26 18.56 11.0 4.55 5.88 5.45 4.42 5.09 4.19 2.36 4.03 10.77 9.82 5.81 5.44 8.42 6.82 4.28 2.87 2.7 2.12 1.75 5.35 4.36
6.91 6.0 3.22 3.49 4.24 4.45 9.08 12.76 11.24 22.95 11.58 5.33 5.9 8.4 7.73 11.51 4.85 4.41 6.94 12.7 9.2 8.22 4.18 4.77 3.53 7.99 5.72 6.28 9.45 14.69 6.08 10.32 16.96 12.19 6.85 8.62 7.09 7.1 10.05 11.51 7.4 7.98 8.95 2.45 2.99 4.05 3.43 6.29 7.99 4.33 5.24 11.12 14.51 5.6 7.58 7.02 5.07 3.59 4.27 4.05 3.52 2.81 4.78 6.07
9.28 5.42 6.26 3.7 6.5 6.3 7.98 12.55 11.71 19.53 10.33 3.94 5.54 6.56 15.28 7.69 7.13 3.67 4.44 7.82 10.63 4.97 3.2 3.88 4.0 4.7 6.7 5.96 5.26 9.01 13.48 9.49 17.17 11.42 9.66 13.24 8.84 5.06 6.83 8.77 4.17 5.42 5.28 3.39 4.54 2.78 2.57 6.91 10.17 7.75 4.33 10.81 9.25 7.09 12.44 14.2 3.96 5.72 3.84 3.15 3.38 3.0 5.28 6.26
4.57 3.9 2.74 2.08 5.75 8.43 11.22 15.32 13.21 10.39 13.61 7.12 4.97 4.33 6.43 7.25 6.48 5.0 4.39 7.16 17.82 7.46 5.05 3.53 2.84 5.41 5.22 4.83 4.93 6.38 9.1 13.72 12.34 5.65 10.48 9.75 13.59 11.4 5.46 5.89 6.47 3.2 3.63 2.1 2.04 2.02 3.04 7.12 12.09 5.89 4.6 10.61 6.59 7.53 9.0 11.88 4.93 5.8 6.75 5.19 6.53 2.86 4.96 8.58
4.7 2.48 2.69 2.98 2.24 8.11 8.22 10.78 11.5 9.77 8.92 8.9 7.87 6.28 3.88 3.64 5.26 8.41 4.64 6.02 10.9 8.15 7.18 5.31 2.31 9.09 5.98 4.72 8.89 6.14 6.65 12.79 10.28 8.68 7.71 4.18 18.82 11.74 7.19 10.0 7.41 3.42 4.06 2.74 3.14 2.41 2.78 7.39 8.19 5.27 5.96 6.74 7.46 6.79 5.36 12.33 7.8 9.8 4.3 4.99 8.17 2.61 3.71 6.6
4.13 2.51 3.19 2.76 3.5 8.07 10.66 14.66 21.04 15.45 12.57 5.77 5.34 5.93 6.33 3.68 4.03 7.25 8.23 16.78 7.16 7.8 9.54 6.59 6.67 5.17 4.26 6.05 8.62 16.73 6.51 9.47 15.36 8.92 4.94 8.73 9.19 12.51 11.85 7.1 10.37 7.78 3.6 3.87 2.63 3.95 2.55 3.32 5.85 6.73 6.73 7.84 7.55 6.55 3.83 9.77 7.83 3.89 3.71 3.31 6.59 5.38 3.69 4.16
6.81 3.09 2.5 2.64 4.24 6.61 7.86 13.52 16.51 17.15 12.73 6.41 6.01 3.58 4.92 12.55 6.57 7.37 18.17 7.77 8.91 5.97 8.28 14.83 8.99 7.78 9.21 5.96 7.46 10.21 7.24 6.64 16.52 11.52 5.56 9.36 12.75 10.28 21.13 12.45 4.76 7.46 8.26 5.23 2.75 4.61 3.61 3.67 7.04 4.94 3.96 5.03 6.52 7.79 3.44 6.5 6.88 3.14 2.9 1.82 3.36 5.84 9.45 8.04
5.63 4.63 3.36 3.34 3.27 5.66 10.66 12.76 13.56 14.29 16.56 11.35 7.99 3.69 3.23 8.28 11.6 15.85 35.92 22.4 12.66 8.1 11.99 13.02 13.59 6.17 9.85 9.65 6.54 7.18 5.57 4.0 12.28 17.32 9.4 8.06 8.97 11.38 23.85 7.91 3.35 6.72 4.41 6.03 2.76 1.65 2.59 3.88 9.58 7.69 3.3 3.88 4.17 6.76 6.89 6.86 4.31 5.05 4.73 3.99 3.8 6.16 12.14 13.53
8.5 7.22 4.27 5.24 3.8 5.24 9.86 13.02 10.27 11.28 14.84 11.65 8.05 5.84 2.17 4.14 4.6 10.78 20.98 20.45 15.94 12.37 7.3 8.25 10.21 11.44 7.94 9.1 13.1 13.05 3.7 5.87 4.52 10.97 16.26 8.81 7.72 9.42 15.59 6.98 7.61 7.87 3.66 5.1 3.48 4.48 5.48 2.62 13.18 4.84 3.5 4.24 3.25 5.24 7.94 8.33 6.34 7.05 7.32 4.76 5.18 4.54 9.29 9.99
12.7 9.69 7.44 9.12 2.4 4.75 6.17 3.27 9.57 11.46 8.31 14.04 14.36 5.14 5.81 4.56 6.27 9.09 15.69 30.63 25.69 15.18 13.33 6.75 8.35 16.03 8.14 6.46 14.58 13.82 5.11 7.29 5.78 7.16 9.14 6.49 13.26 10.65 6.47 8.33 8.57 12.6 8.08 2.71 5.12 5.38 8.28 9.1 7.39 7.44 8.64 4.8 4.4 3.53 4.98 6.73 7.43 5.64 7.85 8.15 5.27 12.04 13.36 14.26
11.17 11.58 14.59 8.12 6.69 5.79 7.4 5.06 11.85 11.0 9.68 18.46 27.8 10.37 6.78 3.23 6.67 7.98 12.39 17.11 16.28 13.72 14.35 9.68 12.09 13.17 11.28 11.54 11.63 11.41 8.76 5.07 4.76 10.2 7.7 15.15 12.43 10.1 9.99 6.13 6.42 14.61 7.35 6.33 5.9 5.24 8.34 10.85 14.16 6.74 7.1 12.36 6.27 4.77 3.9 5.85 8.02 4.25 7.32 6.59 4.63 9.19 9.14 5.78
16.95 14.54 9.55 10.07 5.82 9.7 10.93 9.17 7.59 12.63 8.65 19.68 17.15 9.95 6.13 7.45 3.19 7.47 17.08 12.5 12.25 14.03 12.66 9.16 11.42 9.14 7.29 10.62 11.89 16.13 9.3 6.18 10.52 9.07 12.16 10.68 11.01 6.95 9.18 8.86 4.54 14.04 15.84 6.33 10.95 9.09 6.56 6.74 7.43 6.07 5.43 9.5 7.52 2.44 2.18 4.84 6.1 3.92 6.09 11.82 8.83 12.21 17.14 10.48
12.63 19.9 13.97 7.68 6.81 8.72 9.55 13.22 12.35 16.62 14.68 22.45 21.59 14.22 9.25 8.57 6.28 8.3 10.03 13.66 9.16 10.76 12.45 4.03 7.14 8.1 6.9 6.75 9.19 10.66 9.38 6.41 12.23 12.22 12.91 11.1 8.09 7.02 13.0 8.75 6.0 14.9 11.24 13.73 11.52 4.26 9.0 9.49 6.37 6.74 4.63 4.86 7.6 3.04 3.38 7.73 5.67 6.31 4.83 9.32 14.17 11.23 6.99 12.76
12.07 12.42 14.94 6.81 10.69 6.93 5.51 7.3 6.32 18.47 24.14 15.95 24.6 25.23 10.52 9.25 4.88 6.05 8.89 5.15 6.68 8.44 5.54 4.64 6.19 5.94 7.82 13.49 8.49 7.18 9.29 12.95 11.0 8.37 8.63 5.39 3.79 6.66 3.52 5.0 8.14 4.69 8.46 16.09 13.49 4.95 9.32 10.03 8.99 7.11 6.54 3.7 4.87 2.87 6.66 9.26 7.75 6.91 8.08 12.54 14.33 8.71 8.76 6.75
7.14 8.65 8.45 7.2 6.5 7.38 5.18 7.26 9.78 21.47 15.71 16.64 17.88 13.45 10.32 3.78 4.9 6.97 4.99 5.2 6.83 5.29 7.75 2.9 3.84 8.36 6.26 8.58 5.71 3.33 8.29 11.49 7.06 4.56 6.41 6.36 7.45 7.34 2.49 4.47 3.19 3.69 11.39 16.41 10.66 4.8 7.08 11.48 8.19 6.08 6.26 4.2 4.74 5.27 3.73 13.35 22.29 11.8 17.02 18.74 11.4 13.05 8.33 5.9
4.93 6.51 5.66 3.28 4.78 7.7 6.69 7.27 12.77 15.37 16.83 11.78 12.9 18.92 7.0 4.3 4.29 4.31 7.1 3.97 4.88 4.18 7.68 4.26 3.47 9.08 5.81 8.9 7.24 3.71 6.32 5.68 4.84 5.91 7.09 10.92 13.87 12.03 3.61 5.65 4.22 7.39 19.74 28.56 9.3 4.77 6.11 6.74 7.16 5.36 4.26 8.28 7.17 8.82 5.23 6.79 8.98 24.34 27.16 24.33 17.89 9.96 11.34 8.73
6.12 5.47 3.49 2.97 4.64 9.44 7.5 9.71 19.15 22.8 14.67 9.13 10.86 8.57 8.21 5.34 4.34 5.14 3.89 4.53 6.27 4.14 6.82 6.17 5.01 7.24 5.9 4.39 11.91 9.06 4.71 4.56 5.44 5.69 20.02 24.51 16.71 8.63 9.91 5.76 7.16 6.06 10.79 12.44 12.3 6.34 3.41 4.29 8.88 6.61 5.76 6.01 7.46 7.6 6.55 10.15 12.78 22.89 32.53 30.55 17.25 11.47 10.47 9.73
9.84 8.88 5.46 2.9 4.73 9.46 9.15 6.9 20.91 17.21 18.1 12.53 10.4 8.14 6.99 6.62 6.48 3.81 4.18 4.23 5.5 6.68 6.97 7.22 8.62 8.66 5.39 8.08 19.09 15.11 11.28 12.17 11.46 8.06 14.49 33.83 20.82 7.4 6.18 6.49 8.37 8.64 3.8 5.83 11.18 10.13 6.89 4.42 8.64 16.74 9.32 5.43 6.7 6.02 6.81 10.64 11.43 24.66 39.75 25.16 16.26 10.07 7.88 9.09
8.77 10.19 10.3 9.73 4.81 5.82 7.27 10.17 15.48 11.8 11.78 16.69 10.27 9.17 3.05 5.23 5.68 4.33 6.97 4.61 5.88 20.45 5.56 5.89 6.88 5.06 5.4 11.79 11.43 21.22 27.73 36.85 18.14 12.41 12.5 25.41 9.76 13.95 8.52 6.42 9.11 6.93 3.75 6.37 6.71 9.42 5.68 5.82 11.53 9.58 8.34 7.61 5.26 6.09 8.36 5.31 13.56 24.63 27.38 20.33 16.98 6.69 10.39 4.73
