10.77 5.29 9.68 13.56 13.19 21.0 18.79 16.83 18.0 6.88 12.18 12.59 8.59 6.09 4.76 10.59 5.91 2.41 4.93 6.37 5.89 7.38 6.31 11.7 8.02 14.27 9.05 9.23 15.97 23.53 7.51 8.78 8.89 8.55 5.88 2.66 1.72 5.39 10.03 7.1 8.15 11.33 15.88 9.59 12.65 12.33 14.07 12.15 11.36 11.31 9.95 9.6 13.53 10.39 6.14 4.55 7.96 8.27 16.36 24.58 19.17 17.57 29.29 9.94
5.57 6.38 4.77 12.58 14.98 18.65 9.33 20.37 8.52 12.94 16.04 7.28 7.42 4.82 4.62 10.88 3.98 4.7 5.96 6.73 10.23 4.8 7.75 5.01 8.39 7.1 12.97 7.96 13.09 14.92 9.19 10.61 6.54 7.6 5.18 5.95 1.98 4.13 9.81 6.26 7.24 9.27 9.6 10.36 7.4 5.66 5.15 5.23 8.34 16.36 9.39 13.14 8.42 5.52 7.73 4.86 8.92 6.66 21.53 19.1 20.03 24.46 18.78 8.5
4.8 4.87 10.57 9.87 16.76 16.56 33.31 18.99 10.49 14.08 10.91 7.85 8.01 4.86 4.11 10.5 6.22 10.02 8.37 10.25 5.27 5.06 7.8 7.36 6.89 6.24 8.18 12.61 13.91 11.55 7.2 10.73 7.67 5.63 7.12 3.71 3.52 3.52 7.42 6.06 5.35 14.61 8.46 5.71 6.61 3.96 3.84 4.1 9.48 10.85 13.71 8.56 4.43 5.06 4.69 3.23 7.07 11.45 16.38 7.84 11.48 24.56 20.03 9.14
6.05 7.44 6.09 14.21 16.59 26.13 22.51 19.24 13.97 11.87 7.8 8.45 10.7 8.29 9.03 7.06 10.02 8.43 5.89 15.67 6.58 11.01 10.25 9.71 11.7 7.62 15.87 6.55 4.5 7.39 6.82 9.4 6.6 5.6 4.09 5.1 6.41 7.09 11.92 5.09 6.83 16.69 7.67 4.89 4.78 3.54 5.9 3.47 6.61 5.77 9.31 9.23 1.67 3.53 4.34 4.43 5.68 10.69 17.86 10.28 13.7 12.51 12.48 6.36
5.87 8.39 10.31 9.42 20.05 13.56 16.46 8.49 9.29 8.71 7.69 10.75 7.07 12.75 11.38 8.67 7.16 5.56 7.59 13.17 7.35 17.51 8.53 6.75 11.73 6.12 10.64 6.99 5.1 7.07 6.52 10.6 10.16 6.46 6.04 6.32 11.36 17.76 17.73 10.91 11.38 11.39 6.89 9.14 5.49 3.57 8.87 5.8 5.96 3.32 7.95 4.07 3.08 2.14 2.74 3.48 4.81 11.43 15.96 11.17 8.01 9.23 7.6 6.64
4.15 11.19 7.22 10.72 11.74 11.0 9.27 7.9 9.68 3.82 8.98 11.85 10.36 7.17 7.75 8.24 3.73 5.01 14.26 12.43 12.85 21.04 6.59 13.84 13.49 7.68 12.52 6.62 7.55 4.55 4.25 6.06 6.55 3.82 8.25 8.67 13.61 25.28 17.04 19.78 13.32 14.02 13.02 5.77 4.27 5.87 10.1 5.33 4.4 2.78 3.34 2.68 1.04 2.56 3.23 2.09 5.46 16.25 12.32 7.04 7.21 6.69 7.74 5.55
7.39 9.88 8.23 8.68 8.28 5.96 4.99 6.71 5.47 3.1 6.86 8.54 5.87 4.34 3.69 6.25 4.11 6.19 11.23 15.46 16.21 16.4 15.95 7.68 12.69 10.85 6.89 8.0 6.41 5.6 7.24 5.14 5.11 4.72 10.71 8.86 7.48 11.91 13.89 18.88 13.18 13.67 6.76 4.89 4.03 3.06 8.77 4.7 3.53 2.26 2.52 2.07 2.26 2.29 1.98 2.21 6.88 13.37 6.67 8.02 7.03 8.37 10.63 12.45
8.12 7.7 6.39 7.88 5.64 4.45 5.39 8.2 8.99 3.33 8.66 10.67 5.42 4.0 4.37 4.6 2.32 8.27 7.91 15.74 14.5 15.79 17.13 14.04 10.96 6.32 4.52 3.75 5.31 6.98 16.71 5.54 4.75 2.7 5.98 5.62 9.2 10.84 11.33 23.66 16.72 12.34 7.71 4.27 3.5 3.71 5.78 4.27 1.87 3.81 2.26 1.75 2.43 1.53 1.28 2.23 5.76 18.54 14.57 17.36 14.79 13.87 19.44 11.83
7.18 7.38 5.6 8.78 7.11 3.8 3.17 3.95 5.48 3.71 4.97 6.53 8.05 6.2 6.05 5.36 4.62 6.34 7.9 9.65 24.71 15.93 14.18 7.72 5.01 4.44 1.93 3.61 5.87 14.89 17.92 7.24 6.94 2.52 3.12 4.15 5.48 10.35 13.63 16.88 15.11 6.5 5.17 4.82 3.68 3.37 6.24 2.83 2.37 3.46 3.81 2.04 1.73 1.29 2.23 2.34 4.27 11.9 11.44 26.41 17.05 16.35 10.35 8.75
9.91 5.3 5.41 11.18 4.8 3.14 3.66 2.39 3.69 2.88 3.81 8.65 13.52 15.15 6.63 4.06 5.79 8.44 5.92 8.25 16.08 13.73 23.98 6.19 2.51 1.64 2.73 5.19 7.15 10.92 13.58 3.85 6.41 3.07 2.64 3.15 2.4 9.47 10.06 17.49 13.58 7.48 5.93 4.75 4.16 6.73 4.66 4.71 2.24 2.74 4.66 3.65 3.03 2.35 5.93 3.95 5.84 9.95 7.81 13.54 17.17 18.24 6.77 7.68
12.73 8.35 7.46 9.99 3.64 4.02 6.58 2.83 2.55 2.47 6.07 8.47 13.91 22.55 11.5 10.51 8.19 6.65 7.26 8.32 18.75 9.5 7.82 5.57 2.89 2.48 2.17 8.23 11.69 12.97 14.92 5.7 5.36 4.5 3.31 1.93 3.67 7.36 6.26 7.77 12.26 7.06 4.43 3.69 4.01 5.6 3.74 4.59 3.0 3.47 8.29 5.31 6.25 6.89 8.07 8.84 8.33 5.19 4.84 8.51 8.44 18.18 6.51 4.16
8.18 4.73 13.55 10.27 7.17 5.46 5.26 7.09 4.55 4.5 5.55 15.51 14.09 17.05 18.99 12.91 5.96 4.11 5.58 3.81 10.68 5.86 5.49 4.21 5.26 4.1 3.38 5.67 18.05 19.38 13.96 5.22 3.19 4.9 3.96 3.85 5.42 9.07 5.09 6.9 9.34 9.18 5.72 4.52 4.94 9.7 4.85 4.09 3.54 3.52 6.4 3.84 4.11 5.27 7.64 9.76 7.95 7.96 7.65 9.26 9.28 9.93 4.61 3.69
8.51 13.01 14.91 7.93 10.36 4.67 7.46 5.01 5.02 4.49 4.99 8.74 8.73 11.79 15.57 16.58 4.79 4.49 7.45 7.39 11.8 7.98 4.31 5.62 5.15 7.56 7.09 3.82 21.06 23.46 11.75 5.63 2.07 2.46 2.81 5.33 7.74 4.82 6.49 4.93 6.43 6.08 9.65 13.96 9.83 9.28 4.65 6.88 6.87 6.11 6.75 4.95 5.56 4.29 7.09 6.61 7.09 13.81 6.12 8.73 9.89 6.87 5.37 4.1
14.55 14.08 15.02 8.47 10.75 3.67 9.34 7.48 4.67 7.13 5.29 6.04 3.53 5.98 8.37 7.25 9.67 3.7 9.82 7.24 18.12 9.56 6.97 4.39 3.26 8.35 6.76 8.51 15.85 12.4 7.87 6.58 1.9 2.67 1.58 6.53 7.56 4.81 4.82 4.81 7.06 6.59 8.53 18.84 15.22 14.1 5.76 3.77 6.87 9.48 10.98 7.83 4.61 2.73 3.97 4.73 7.58 10.0 6.17 10.29 6.58 8.18 7.77 6.42
32.66 19.76 12.09 7.94 7.85 6.64 15.03 10.19 7.05 4.73 2.81 6.25 3.28 4.31 2.84 4.57 5.39 9.57 11.6 8.74 8.26 10.41 5.96 3.66 6.04 3.33 4.52 7.28 12.18 10.52 9.19 4.67 2.73 2.71 3.01 6.67 4.43 3.76 5.01 6.37 7.36 6.69 11.19 14.44 10.23 12.63 5.75 3.69 4.08 6.88 8.27 12.72 7.94 3.44 4.69 6.27 5.31 7.64 9.68 9.48 5.66 6.75 7.95 4.89
18.84 13.27 17.27 7.53 9.14 7.85 10.43 11.68 8.79 4.48 4.89 6.72 5.12 4.99 4.95 3.34 6.61 8.88 10.68 9.06 10.89 9.56 7.3 3.27 2.96 4.22 4.06 6.06 8.28 11.55 6.09 7.92 5.07 5.84 5.61 6.72 6.32 3.91 8.0 8.65 8.07 7.37 8.27 8.28 9.63 10.15 2.3 2.43 2.77 4.08 6.36 10.49 7.66 5.77 7.24 7.25 5.78 6.79 9.63 10.51 6.48 6.86 5.64 3.3
18.88 8.37 14.94 6.52 5.15 7.07 6.66 8.0 4.38 3.47 2.53 10.43 8.65 6.99 7.14 4.38 7.28 14.03 14.45 13.96 8.81 7.62 6.59 4.32 3.3 2.19 4.93 8.1 7.67 9.15 4.01 3.53 3.67 6.65 10.32 6.08 7.73 14.38 8.77 11.67 13.36 9.93 10.01 9.11 7.35 3.78 3.31 2.69 3.39 8.38 8.92 8.46 12.96 8.85 6.21 7.72 4.46 7.78 6.42 8.02 5.57 6.5 8.1 6.38
10.97 8.74 8.36 5.32 7.23 6.18 4.76 4.22 3.2 2.34 4.85 5.69 9.28 5.18 6.52 7.23 6.0 10.41 15.09 10.3 9.04 14.83 4.9 2.8 3.0 3.6 8.92 8.49 2.95 3.93 3.02 3.9 3.49 11.88 9.86 9.17 31.13 24.62 10.78 14.4 14.3 11.05 4.51 4.98 9.5 2.85 2.01 3.76 4.03 20.23 17.05 8.64 12.06 7.62 9.28 11.97 10.19 5.57 4.66 6.37 6.95 7.16 11.36 12.23
8.73 4.46 4.83 4.53 7.17 7.84 2.97 4.71 1.94 4.22 3.77 7.93 6.13 2.73 6.56 6.75 4.61 8.25 15.79 9.73 9.68 10.18 6.92 4.04 3.46 4.62 5.12 7.27 3.95 2.62 1.83 2.99 3.79 9.15 6.59 6.8 26.55 17.11 10.65 21.28 13.35 8.26 4.05 3.67 5.18 3.25 3.27 2.89 5.62 7.47 16.4 11.73 7.92 10.27 10.22 19.06 11.06 7.66 4.7 5.74 5.13 8.96 14.83 12.44
10.5 8.77 3.53 5.13 8.12 4.89 4.64 3.99 4.44 7.26 5.71 7.23 6.72 5.42 9.71 6.03 5.21 9.08 7.87 14.56 12.28 8.2 6.08 2.92 4.11 4.33 4.86 3.88 4.12 2.07 1.8 2.88 3.98 4.07 3.32 9.99 16.52 15.05 9.69 10.13 7.0 6.74 2.85 3.18 3.04 3.36 4.91 5.26 5.21 5.15 9.38 7.33 7.31 12.48 11.62 20.46 13.92 7.32 11.4 6.05 7.64 4.22 15.71 19.23
11.45 7.24 4.5 6.6 9.74 5.93 4.51 6.77 9.58 15.31 8.96 10.75 11.02 9.06 14.98 11.14 6.45 6.46 8.75 11.2 6.49 9.49 4.84 4.9 4.93 8.36 5.56 7.87 4.3 1.94 1.75 2.62 2.69 4.23 5.14 6.36 15.6 12.2 13.91 5.99 6.18 3.21 4.58 6.66 3.39 6.17 7.12 7.75 9.71 2.84 7.27 4.2 4.34 7.04 3.37 20.78 9.85 7.04 7.55 8.3 6.16 6.63 15.75 11.67
9.87 10.19 6.66 6.47 15.69 11.48 10.73 13.05 10.61 10.63 12.94 17.16 10.61 9.56 7.17 8.33 8.59 5.33 12.19 5.97 3.24 8.7 5.93 8.5 10.7 7.01 6.03 3.31 3.05 3.54 2.17 2.91 7.34 8.86 8.02 20.55 12.16 14.32 5.94 5.44 5.23 2.74 5.26 6.52 4.2 6.28 8.07 9.94 16.82 4.06 7.76 5.71 5.43 5.91 7.82 12.51 7.58 8.16 11.25 6.99 7.15 6.4 20.43 10.89
4.55 5.14 3.79 8.91 14.14 13.24 12.79 15.44 17.48 12.1 13.84 9.07 9.11 12.04 7.62 9.69 5.46 6.12 8.46 6.68 4.91 7.9 6.76 19.71 8.44 9.58 6.02 2.11 3.17 3.19 3.64 4.18 7.07 10.34 10.65 6.4 14.36 8.62 7.99 9.86 6.32 5.24 8.14 9.57 8.96 8.2 11.4 10.01 11.91 12.61 12.79 7.46 6.03 6.3 7.6 9.92 8.59 8.04 9.92 10.09 12.13 14.29 19.64 14.53
9.69 7.56 4.5 7.88 9.24 13.35 18.1 24.66 11.11 7.47 5.62 6.55 11.96 8.27 4.68 3.42 5.14 8.58 8.75 5.75 5.27 5.21 16.16 21.86 10.52 5.32 4.74 2.0 2.62 3.56 4.29 4.54 3.3 8.26 11.69 9.8 12.44 13.53 8.11 8.98 5.27 5.5 4.32 10.55 9.89 6.52 17.28 9.96 13.78 11.33 12.48 10.22 9.16 11.25 5.98 7.02 12.18 9.91 27.21 10.05 10.1 8.68 10.47 16.62
11.95 5.81 6.39 5.83 9.11 11.32 10.66 14.78 10.65 8.68 7.6 5.97 5.06 8.92 6.88 7.04 4.57 7.59 4.52 8.55 3.75 10.13 10.5 10.41 12.49 9.34 11.16 2.76 2.35 2.21 4.41 2.47 4.3 5.04 6.99 8.4 13.6 12.41 10.11 3.2 1.92 3.41 4.36 12.07 10.78 7.54 17.95 9.21 10.53 11.62 7.43 13.96 5.87 7.67 10.27 12.69 12.33 13.02 27.64 20.72 22.22 17.01 7.44 9.2
13.15 13.78 6.57 8.28 12.18 10.19 8.39 9.84 7.52 8.46 6.75 4.29 5.85 4.82 7.2 8.89 9.75 12.11 7.04 8.89 7.64 12.89 16.09 12.45 12.29 11.09 10.82 5.79 3.5 2.77 2.11 3.07 6.47 6.73 8.61 10.46 6.21 5.63 6.7 2.98 1.91 2.01 4.67 8.28 11.47 9.55 21.59 7.82 9.38 9.07 12.08 20.68 7.66 14.25 14.32 12.33 12.56 15.3 25.75 11.57 16.18 18.2 10.27 8.31
14.91 13.55 9.29 10.55 11.43 8.98 6.43 9.58 9.53 7.66 5.05 5.18 5.15 6.17 9.51 12.22 9.54 14.63 9.76 12.81 10.42 8.71 10.1 6.05 20.05 8.61 9.04 4.59 4.57 4.95 2.68 2.3 4.96 5.85 5.09 4.11 3.7 9.1 5.44 4.52 3.17 3.44 8.88 9.18 22.29 14.49 19.61 13.33 10.0 12.5 18.34 18.24 9.0 7.93 6.91 5.93 8.49 6.33 6.78 8.26 9.77 26.53 10.62 12.0
16.87 10.22 10.84 17.76 8.76 7.33 4.09 10.79 9.35 3.74 3.94 2.82 4.54 4.88 6.86 7.81 10.09 13.75 14.19 12.55 17.44 14.02 12.43 8.26 12.48 9.8 6.21 4.41 7.53 5.8 2.73 3.43 4.58 5.23 6.1 4.3 5.98 10.75 3.9 5.49 2.88 3.12 5.99 10.06 34.15 12.65 17.59 19.46 9.69 10.92 13.24 26.66 11.18 4.9 5.83 5.12 7.42 5.05 6.49 4.32 4.31 7.48 12.36 14.27
11.59 10.88 9.54 9.7 8.26 9.18 5.49 17.07 7.45 4.34 4.85 4.07 4.78 10.74 14.24 9.31 6.82 13.41 15.29 12.98 24.68 10.18 9.65 4.89 12.49 5.6 6.18 5.76 6.39 6.61 3.63 5.57 5.15 4.91 4.45 6.55 7.54 6.71 2.48 2.82 3.91 3.68 6.47 8.84 20.11 11.26 11.44 12.34 8.8 10.36 7.29 13.21 14.91 4.63 4.23 8.78 5.83 5.31 6.24 5.63 4.57 8.91 10.57 25.64
9.04 10.17 9.06 12.29 11.9 8.68 9.52 16.12 9.59 4.94 3.47 3.96 5.5 10.44 15.71 17.82 9.8 9.09 14.81 17.0 34.14 13.02 5.67 4.83 4.49 4.94 6.0 7.28 6.28 3.02 6.27 6.09 5.61 4.14 3.34 3.59 4.77 6.35 4.19 3.96 6.53 5.28 5.7 7.23 9.46 6.9 4.74 7.39 6.9 12.09 9.86 7.06 9.91 5.26 6.69 9.81 10.04 7.84 3.73 14.48 10.05 6.92 17.17 14.04
10.09 15.44 8.12 10.7 8.64 14.01 10.82 6.48 6.09 3.28 4.29 4.75 7.19 10.44 16.43 9.26 13.99 12.83 17.68 10.13 12.64 5.55 9.92 7.2 2.3 3.87 3.8 12.81 11.98 7.55 8.78 4.33 4.82 7.48 2.75 3.4 3.88 11.5 11.3 8.15 19.12 5.32 8.91 4.02 5.77 5.63 5.72 11.08 5.85 6.94 8.63 8.63 6.0 4.32 4.6 8.79 12.58 11.34 6.08 16.42 9.88 14.46 10.33 15.78
12.9 11.82 11.32 9.49 5.67 9.45 10.51 4.7 5.79 3.77 6.31 6.35 4.78 10.98 6.2 4.11 7.65 9.43 14.81 12.31 25.02 7.13 12.48 6.41 3.1 6.71 5.75 10.94 8.33 14.11 8.17 6.03 4.99 3.25 3.33 3.18 2.99 12.44 7.7 8.71 11.81 6.52 7.76 5.76 4.65 7.06 7.0 9.5 6.53 6.22 8.59 5.12 10.77 9.39 10.86 10.16 18.18 25.14 11.45 10.74 5.9 15.68 9.6 6.16
8.78 10.26 7.13 5.96 6.43 11.53 7.09 7.13 4.06 6.47 10.38 5.75 8.57 5.16 3.7 1.61 4.07 9.49 15.17 8.7 16.14 12.33 4.59 7.03 4.49 5.36 5.11 6.5 12.92 16.45 6.22 2.89 4.42 5.48 6.28 4.11 3.69 6.21 8.94 9.51 11.24 8.15 9.21 5.33 6.56 10.04 7.34 8.35 5.26 8.67 5.87 9.99 10.61 11.4 6.36 9.43 19.21 25.38 16.43 7.18 7.02 12.48 10.77 11.69
6.86 9.45 13.51 4.62 8.79 6.54 10.34 7.62 5.5 11.59 7.4 7.07 3.99 4.5 3.2 1.34 2.98 5.41 12.66 11.15 15.45 11.54 6.39 4.13 6.3 7.41 4.58 3.63 4.37 11.95 3.94 4.45 3.86 5.56 6.51 5.04 8.06 4.96 7.47 7.82 7.98 10.02 11.97 9.75 15.03 15.44 4.38 10.85 14.37 11.51 6.54 4.94 5.97 9.48 5.16 6.95 15.39 14.4 12.64 7.26 5.81 9.16 8.23 9.27
6.89 7.71 12.66 7.01 9.26 5.05 6.91 8.57 9.27 16.24 7.82 6.66 4.28 3.02 2.92 1.4 4.02 5.35 8.51 9.33 9.97 19.87 6.99 9.8 4.84 4.77 4.84 3.22 7.93 9.9 4.64 4.56 10.16 9.07 6.64 4.52 9.65 4.76 6.42 6.25 6.3 7.9 6.12 8.73 10.53 16.27 6.41 8.51 12.41 11.0 4.84 9.64 5.09 6.18 5.23 12.81 12.98 10.01 8.93 6.61 5.05 5.18 14.48 5.82
5.66 12.94 11.47 4.87 12.87 5.99 11.31 11.88 12.53 15.79 8.52 8.37 5.68 1.98 2.14 1.62 3.36 5.44 8.15 7.99 7.93 17.58 11.43 8.17 4.63 8.56 5.27 5.75 6.26 16.29 9.02 10.32 5.43 13.6 5.29 3.95 8.86 6.13 9.43 4.43 6.34 4.2 6.97 8.24 7.24 11.7 8.74 10.07 13.16 9.74 5.27 9.03 8.86 7.89 6.96 15.31 19.14 6.88 7.38 5.14 3.54 4.94 4.83 3.8
7.61 15.67 19.54 10.19 14.46 12.63 6.54 6.46 7.94 16.05 9.9 10.1 6.58 3.8 2.49 2.48 2.97 3.14 5.6 6.65 5.83 7.8 9.69 8.32 8.04 7.55 12.82 6.51 6.28 10.77 10.6 8.22 11.89 8.13 4.17 6.64 13.0 14.69 9.06 7.57 4.21 3.23 3.29 6.71 5.12 9.03 5.43 7.8 15.24 8.08 5.35 7.67 4.65 6.09 12.29 15.43 18.23 11.38 7.28 7.38 9.73 4.06 5.34 3.05
12.05 12.13 26.92 11.23 5.54 4.26 4.28 3.78 3.61 5.83 15.38 13.33 16.38 5.8 1.91 3.09 5.03 4.9 4.58 11.32 5.29 8.05 10.73 7.87 9.07 8.28 7.21 6.15 4.47 9.62 9.89 6.64 8.64 11.02 3.79 5.98 8.55 9.55 15.49 6.05 4.84 3.35 3.79 7.11 7.02 11.35 7.2 11.35 15.72 10.56 5.22 4.13 5.73 8.26 10.62 9.76 9.37 10.87 12.4 10.04 9.02 5.8 10.15 5.15
16.26 19.28 22.35 8.4 5.12 4.66 3.8 5.35 4.55 6.86 7.12 8.82 7.57 6.65 3.28 4.26 4.66 6.53 6.5 11.9 12.95 9.99 7.64 4.18 9.71 8.38 9.02 3.79 3.9 5.43 7.23 7.88 5.08 4.25 3.04 5.16 6.35 13.67 8.53 9.18 4.47 3.64 7.38 4.65 5.52 10.17 7.37 13.06 10.86 12.38 12.07 8.73 11.63 6.19 9.95 13.09 6.12 6.33 8.77 10.59 12.94 8.17 6.32 7.54
12.27 18.83 15.05 6.41 5.11 6.94 9.84 4.07 5.54 3.72 5.53 3.59 3.32 4.63 5.17 14.61 3.82 8.12 6.87 8.19 8.5 12.54 9.43 6.46 6.26 8.05 5.68 4.71 5.14 5.04 4.96 6.07 4.53 5.02 6.62 8.05 9.91 9.49 6.73 7.13 5.43 5.76 7.41 6.52 7.44 6.66 7.88 7.8 10.95 11.25 14.56 10.42 10.36 5.6 6.54 5.89 5.15 6.32 4.78 3.9 7.75 6.97 5.83 9.67
11.32 13.78 10.73 15.81 6.23 9.85 7.29 5.3 5.87 6.15 5.31 3.59 2.81 5.8 15.05 16.44 5.78 5.01 3.91 7.78 14.56 9.76 19.54 11.18 14.28 16.73 6.71 3.63 3.74 4.45 6.26 5.79 4.29 10.48 7.27 12.22 16.45 8.05 6.57 4.06 5.34 15.49 11.7 8.54 6.1 4.45 8.19 6.18 6.57 5.37 11.16 6.93 4.7 5.82 8.41 10.16 6.02 7.56 8.55 5.71 11.15 7.36 5.04 9.22
9.92 8.72 12.67 18.84 6.52 7.58 7.84 5.08 7.59 7.04 13.03 6.69 4.21 9.36 13.32 23.17 8.15 10.57 9.05 5.2 9.85 22.27 17.14 10.45 14.97 9.3 5.72 4.21 4.49 4.76 5.37 5.01 6.3 17.84 8.49 5.5 4.96 6.89 8.24 5.04 5.74 11.11 8.81 17.94 8.46 6.58 12.28 8.04 8.7 4.01 10.85 5.96 6.79 5.61 6.67 14.09 12.31 8.52 9.14 7.08 9.69 9.66 8.55 7.92
6.66 12.48 9.94 12.84 10.05 9.73 7.51 8.56 5.79 8.49 10.25 9.69 5.49 4.54 6.27 10.24 6.77 8.58 8.91 4.27 9.46 13.19 8.33 10.46 10.62 14.49 5.85 6.37 8.33 6.16 5.87 5.85 8.88 8.77 8.55 6.49 11.12 9.54 13.44 7.43 8.89 12.91 13.15 17.12 8.15 18.81 19.15 9.81 16.29 6.11 13.72 10.96 5.57 13.6 10.29 18.13 11.54 15.59 14.03 8.12 14.29 12.27 10.51 7.22
5.15 7.24 4.7 11.2 7.3 4.3 4.59 5.44 8.26 12.92 9.14 9.93 9.12 5.46 4.09 6.83 10.77 5.94 6.35 9.28 12.26 8.75 5.17 5.61 6.38 9.24 7.7 5.06 8.51 15.24 6.13 7.98 9.66 11.73 16.2 12.02 14.66 13.19 12.1 11.25 9.32 9.06 14.5 13.81 18.43 16.52 17.55 11.82 16.84 7.09 16.45 10.42 12.89 11.07 9.13 16.84 9.88 16.13 12.93 9.96 13.81 12.04 10.04 19.9
4.02 3.64 2.04 6.85 3.54 2.06 3.46 5.42 7.42 14.07 14.13 15.37 7.7 6.78 4.69 4.62 7.14 3.42 9.44 14.23 8.95 6.35 6.85 8.78 4.95 5.71 6.64 7.83 7.07 8.04 9.27 5.71 7.16 5.75 12.97 10.16 19.78 8.57 7.82 9.64 9.42 15.2 9.82 15.78 19.11 12.55 14.27 11.17 12.68 9.73 9.63 12.53 9.98 15.93 13.25 18.2 12.86 17.1 22.26 13.89 12.84 9.39 11.51 15.24
4.54 4.14 4.75 6.84 2.44 2.09 3.14 7.02 6.29 10.44 13.52 16.33 8.55 6.32 15.54 6.82 7.88 4.14 10.53 8.06 9.47 6.54 3.57 4.31 4.19 4.93 4.32 8.75 4.68 7.72 9.08 10.94 7.01 5.41 7.42 10.88 19.15 8.13 6.38 6.02 8.64 13.92 9.44 12.71 21.19 12.89 23.32 9.91 18.19 15.13 11.07 13.37 12.72 15.96 21.38 23.22 8.38 13.73 11.92 5.84 8.41 6.95 8.51 17.16
9.84 5.49 4.96 9.39 3.78 3.33 3.86 7.98 5.55 6.99 11.8 14.34 7.2 12.21 15.16 6.91 7.2 6.4 7.22 5.48 6.78 5.53 8.08 9.67 5.67 7.73 9.62 6.84 5.4 4.97 10.63 7.04 6.16 4.18 9.1 12.95 10.58 8.64 9.56 6.55 5.8 10.23 9.16 7.63 12.37 20.73 20.79 10.5 7.29 12.32 7.53 15.0 10.24 10.24 15.12 12.42 10.63 7.5 5.35 5.77 7.16 8.15 10.66 11.41
10.75 4.47 4.51 7.49 3.32 3.43 5.95 5.43 3.5 8.59 10.83 8.43 8.15 11.28 25.06 5.78 6.36 8.37 10.91 6.89 8.76 4.99 10.34 12.39 6.18 14.55 3.43 5.66 2.34 3.55 9.36 6.23 8.13 4.93 16.75 12.97 10.57 7.37 8.35 8.19 10.85 6.46 8.19 7.42 13.85 17.15 20.58 9.62 7.1 10.53 5.03 13.34 14.74 8.96 7.82 7.68 6.72 4.55 4.86 5.35 4.9 11.98 9.72 11.29
5.95 2.46 4.53 7.25 2.45 4.41 5.38 7.8 6.74 7.98 9.28 6.98 11.59 10.07 13.73 5.08 5.88 9.06 11.2 7.54 7.81 11.78 21.91 11.48 16.41 10.23 4.68 5.59 2.86 2.97 3.27 4.74 10.8 5.93 9.93 9.65 4.28 6.97 8.69 17.41 11.7 14.34 11.43 6.21 25.31 16.14 18.67 17.31 5.93 14.06 7.89 8.78 8.59 10.43 9.01 5.47 3.91 4.7 10.38 3.35 3.92 10.65 7.97 8.58
7.59 4.92 5.02 2.66 3.26 4.98 6.21 4.94 6.6 7.56 4.07 4.66 10.58 5.29 6.99 5.68 6.96 7.18 4.44 4.62 6.38 12.01 14.92 12.16 11.36 13.57 5.15 4.08 4.46 6.86 6.53 6.94 9.16 5.74 8.49 5.45 5.77 3.89 11.67 16.06 10.24 14.66 12.33 11.1 13.86 16.23 13.55 26.85 13.86 13.05 10.75 11.29 8.12 10.01 14.97 4.08 4.19 4.09 5.44 3.77 3.57 8.1 5.79 5.18
6.21 5.24 2.49 3.13 4.05 2.93 6.33 4.95 5.91 8.91 3.9 3.62 4.97 4.45 10.25 5.21 7.26 3.45 2.02 3.56 3.92 8.68 20.95 14.3 6.32 9.81 6.48 3.42 8.7 7.81 7.57 7.54 6.37 6.64 4.21 4.57 6.64 7.29 10.37 11.98 12.45 10.96 7.39 13.25 29.55 20.4 15.53 25.33 18.38 23.01 18.04 15.42 9.28 18.45 13.95 8.54 5.87 5.96 6.17 4.64 10.38 6.01 6.84 5.09
6.08 3.83 2.68 3.45 4.57 3.5 8.78 3.74 5.87 4.13 3.2 2.9 2.93 5.42 7.22 9.59 4.82 4.27 3.28 3.29 4.42 11.21 8.34 8.5 6.82 5.94 4.7 2.87 16.46 8.47 10.2 7.27 6.78 14.6 7.27 4.82 8.08 9.31 17.7 8.78 9.42 5.34 7.43 29.99 21.83 28.36 13.99 31.37 18.98 20.74 14.94 13.56 17.22 20.04 21.06 5.92 6.11 5.43 4.26 6.46 6.12 9.32 9.59 5.43
4.14 6.3 4.28 3.83 7.44 4.34 6.12 3.14 4.81 2.96 3.12 1.99 2.66 5.78 8.35 6.42 6.82 3.96 5.02 5.54 6.55 12.5 7.97 10.62 7.66 12.23 6.59 5.23 7.77 7.54 7.55 5.66 9.7 17.13 8.15 8.37 7.24 10.44 17.12 6.03 5.89 6.29 8.64 18.92 27.6 33.23 15.49 21.54 15.21 12.55 8.16 12.74 16.54 23.87 13.81 6.12 6.25 4.73 2.46 5.35 12.07 9.25 12.42 9.69
6.56 6.19 4.83 4.51 5.22 5.18 4.74 4.06 6.13 3.29 3.32 3.59 3.36 6.38 6.62 8.39 9.62 7.87 5.48 15.31 11.55 10.81 21.4 21.68 17.41 9.44 10.62 5.81 10.79 9.11 5.86 6.68 6.96 27.36 11.9 6.21 5.29 7.44 8.18 7.33 6.05 7.31 9.64 14.18 26.24 21.45 14.09 14.51 6.54 7.55 7.9 9.78 19.56 20.62 17.1 5.88 5.55 2.93 3.55 7.64 12.78 15.31 19.85 14.17
6.44 3.36 5.42 5.58 5.95 4.58 6.96 7.8 7.99 8.18 5.57 3.74 6.24 8.59 10.69 8.01 9.87 9.71 8.94 15.29 12.85 20.96 20.5 15.25 11.82 9.17 10.11 4.7 10.43 10.8 7.6 10.24 7.95 13.52 14.84 7.63 7.46 8.17 7.74 9.21 12.84 16.92 9.91 24.53 22.52 28.26 16.39 16.5 8.89 9.12 15.79 18.98 9.86 13.26 18.65 6.06 4.6 3.22 3.98 6.33 12.69 11.93 12.12 7.23
4.74 5.31 7.79 5.43 5.88 6.7 10.18 11.9 7.9 9.69 5.94 6.78 6.03 10.17 12.25 6.93 7.99 10.64 10.41 12.59 6.26 15.51 24.5 12.9 12.67 5.41 8.85 12.35 29.24 25.55 9.75 12.71 9.27 11.51 10.87 12.11 6.97 8.07 11.16 10.91 10.17 15.49 22.56 24.08 30.07 17.27 21.98 24.54 13.58 14.79 16.94 23.87 9.16 9.52 13.73 9.24 6.02 5.11 4.86 4.04 7.41 9.28 6.5 6.37
9.94 14.1 11.7 5.78 4.4 7.19 10.4 7.83 6.32 6.85 13.82 7.89 6.68 6.3 9.26 10.5 8.57 13.78 6.46 5.79 5.98 20.42 31.65 12.28 7.29 7.62 14.07 12.19 26.6 24.13 8.24 10.55 11.97 10.62 6.68 12.61 16.09 10.74 6.4 8.26 5.38 13.46 10.22 15.85 18.25 12.94 18.91 15.22 13.81 16.45 19.91 19.66 12.89 11.99 16.01 12.05 9.92 4.74 4.28 5.14 4.1 3.47 8.01 8.81
19.71 16.59 11.71 6.72 4.65 14.34 14.1 14.18 12.41 10.65 17.86 13.72 7.71 5.11 8.73 9.17 12.54 14.38 4.16 5.23 4.03 19.38 24.21 7.12 6.85 10.05 13.73 13.93 11.47 20.41 5.21 5.26 8.82 9.69 3.99 5.9 8.82 6.46 8.02 7.02 6.54 4.92 9.68 13.58 17.73 7.67 16.34 12.63 9.1 10.17 19.14 23.6 18.35 21.46 18.14 17.01 9.07 4.51 5.24 7.42 6.2 5.07 8.14 11.81
24.93 16.76 18.35 11.8 11.84 38.95 21.56 23.78 17.51 11.73 23.0 10.74 9.73 7.25 5.79 9.86 16.59 13.06 7.87 4.31 4.62 17.28 21.18 4.7 6.98 6.61 13.71 10.73 8.4 9.2 4.32 6.33 9.11 10.23 4.5 8.38 6.79 8.73 5.37 9.19 6.22 5.9 4.87 10.59 13.05 7.12 10.33 8.19 9.56 6.96 13.74 16.06 25.28 20.93 24.41 11.65 4.85 3.92 5.46 5.89 5.18 3.18 9.59 7.44
13.58 15.49 14.36 18.42 26.79 25.89 12.54 32.5 22.21 10.99 14.65 8.03 8.08 5.89 4.57 8.16 8.08 12.6 7.1 8.86 8.1 20.38 12.66 8.67 6.22 7.49 13.57 15.73 11.93 7.48 6.71 7.05 10.8 8.2 4.8 5.11 6.08 5.5 5.96 4.41 8.63 6.34 9.04 10.64 9.27 15.63 7.89 9.27 9.74 9.3 12.26 15.37 19.5 24.45 20.48 13.15 5.21 4.02 5.12 4.94 4.71 5.16 10.67 8.08
11.76 12.93 9.41 27.57 25.31 14.97 19.11 17.84 21.56 13.96 9.65 10.48 7.22 4.44 4.6 6.71 9.53 12.37 11.54 14.31 21.93 23.47 20.65 7.61 5.04 7.23 6.22 16.41 10.69 5.17 5.48 9.33 11.38 9.36 6.5 9.98 7.7 8.93 8.44 5.73 10.31 8.32 8.01 7.82 12.17 10.54 12.78 19.98 12.61 13.78 18.34 12.2 29.63 27.51 22.12 14.63 6.56 7.02 6.35 6.68 6.31 5.91 9.04 6.49
6.92 5.61 9.0 20.09 13.73 19.51 15.19 14.65 24.18 12.33 15.85 9.17 5.4 8.91 7.74 9.36 5.09 6.33 8.82 24.44 21.37 24.11 10.41 7.55 4.68 8.28 4.26 10.05 9.79 4.35 7.47 4.4 9.45 4.12 5.19 6.61 8.92 9.08 17.08 8.36 11.49 18.68 12.03 9.64 20.05 17.76 19.65 28.6 17.06 9.81 11.47 12.27 11.54 9.63 11.82 12.58 8.41 8.8 6.32 9.06 16.27 14.73 5.31 5.56
8.38 14.11 10.56 20.67 10.21 16.05 15.15 9.81 15.68 6.75 8.5 6.84 8.99 11.41 8.41 4.55 5.4 6.55 12.45 16.81 22.27 28.2 23.84 7.14 4.05 3.46 2.32 8.06 7.56 6.63 3.13 5.29 4.13 2.68 6.23 5.83 7.0 8.78 15.19 10.26 16.83 10.44 8.91 17.53 15.87 14.59 18.96 36.13 25.34 7.83 6.48 8.79 10.64 5.61 8.81 8.7 8.47 7.99 9.29 14.73 15.94 12.68 10.44 7.23
10.0 15.6 21.13 16.38 13.79 15.1 9.68 10.85 7.17 8.77 7.72 9.97 8.52 9.1 11.07 11.85 5.15 7.01 18.84 12.57 33.6 50.13 13.41 9.24 4.32 4.61 6.13 6.8 8.72 8.66 8.02 4.6 5.41 2.42 4.84 4.41 6.62 7.75 6.96 11.69 7.51 11.3 8.94 18.51 15.17 12.32 30.75 43.85 26.68 7.47 5.03 5.7 8.49 5.12 6.78 5.94 6.43 7.41 8.04 12.79 14.43 17.01 9.75 7.44
