12.52 11.95 4.98 6.93 7.22 5.13 4.95 3.81 5.9 7.77 13.6 16.5 12.08 7.73 6.39 5.48 5.36 6.69 5.1 9.71 8.63 10.53 6.74 5.37 5.31 3.93 10.64 6.98 7.14 7.06 6.23 8.91 19.63 10.04 15.31 8.91 8.88 5.72 5.81 11.38 7.35 8.14 18.65 6.3 5.62 6.28 5.02 3.0 8.56 3.11 6.83 9.81 7.21 7.38 6.28 6.19 9.92 5.27 2.49 4.16 8.6 6.34 11.18 13.02
8.24 7.73 4.99 5.59 9.83 3.49 3.24 5.15 5.29 8.54 8.68 9.59 6.14 6.12 6.22 4.92 3.96 8.78 9.06 8.58 11.61 6.38 6.81 9.15 5.48 6.16 6.48 11.38 6.86 6.05 3.21 5.13 33.32 12.07 8.13 5.83 5.06 7.03 6.91 5.79 10.81 8.25 13.66 7.26 5.18 2.62 2.45 2.67 2.89 3.81 6.96 12.28 14.56 8.48 5.18 10.09 8.1 6.54 4.56 4.16 4.04 3.96 7.02 9.56
12.08 9.55 3.11 3.51 5.09 2.89 3.8 13.37 7.61 14.03 7.34 4.24 3.3 8.49 6.08 4.69 5.53 6.03 8.83 10.32 7.5 12.9 10.25 15.61 12.83 5.97 4.62 10.22 13.93 9.33 9.79 11.25 10.38 9.2 5.27 2.42 4.78 4.77 7.13 5.37 8.02 7.16 9.98 15.21 2.8 3.34 2.11 2.69 2.12 3.99 3.59 18.31 10.44 9.17 9.53 10.67 7.62 9.17 8.83 5.56 4.65 2.25 3.87 6.75
7.34 7.66 6.14 3.24 5.34 4.18 3.13 11.79 7.88 9.94 6.71 6.46 8.35 8.1 7.42 6.89 5.92 9.42 9.51 7.7 10.44 6.7 9.5 8.75 6.6 3.26 5.02 17.81 11.46 12.02 9.45 10.23 6.88 7.84 7.52 3.85 8.64 11.36 4.01 5.37 7.28 7.69 8.37 10.71 6.52 3.11 2.26 2.02 1.73 5.25 8.84 11.7 11.0 5.62 11.11 13.67 4.73 9.58 17.18 8.48 5.38 3.79 9.86 7.73
9.83 7.29 6.75 4.42 10.46 9.82 5.18 3.53 5.75 5.12 3.48 3.93 6.93 7.26 6.67 6.63 6.15 7.94 6.95 6.28 8.14 12.16 20.79 5.56 3.55 2.64 4.46 11.63 14.73 17.49 11.2 5.02 5.21 10.44 5.6 5.97 9.39 9.03 6.77 7.23 9.55 16.25 10.98 11.09 13.09 2.62 3.09 3.28 4.97 8.31 10.6 11.12 5.81 3.58 8.82 5.67 9.16 15.29 13.32 12.31 9.25 3.73 13.42 5.28
9.65 10.89 9.2 4.65 8.3 8.14 3.77 3.31 6.4 3.45 2.26 7.63 10.06 4.27 6.85 4.17 6.41 4.44 4.43 5.74 11.11 11.5 10.86 4.24 4.86 7.3 6.07 9.24 13.63 29.63 11.88 8.84 9.03 8.77 5.94 6.63 4.96 7.69 5.25 5.74 8.94 15.55 13.44 13.43 15.81 6.83 7.66 8.47 22.14 16.95 12.21 5.72 6.7 7.48 11.14 10.6 10.98 12.04 14.35 16.94 6.41 8.09 6.9 5.16
8.28 3.21 4.6 5.88 4.4 6.39 8.85 3.41 5.36 2.83 2.14 5.15 7.78 7.79 7.31 5.06 5.24 13.78 8.06 9.06 13.52 24.42 8.0 5.06 7.88 9.06 6.12 10.05 6.92 9.9 10.09 15.08 10.02 8.12 13.49 6.08 5.77 3.81 6.03 7.65 4.1 10.11 14.31 10.53 10.4 10.45 10.65 15.57 20.9 15.99 7.66 6.62 4.79 7.57 10.04 12.28 10.78 8.25 5.53 12.87 6.19 6.81 7.39 6.41
4.88 2.78 8.16 8.22 4.72 6.67 11.31 7.89 5.99 8.31 3.63 7.83 5.11 10.67 4.43 3.66 7.78 7.32 8.78 18.47 44.19 23.18 19.99 17.1 8.99 7.44 6.3 8.65 9.37 9.0 8.31 11.6 14.25 10.59 21.17 7.34 3.22 7.69 9.21 5.78 5.72 6.72 8.08 5.95 6.07 11.47 13.61 11.08 7.93 9.84 5.94 7.29 3.29 7.52 12.75 4.87 8.93 9.09 6.86 9.07 7.38 7.7 8.16 5.83
5.55 7.67 12.27 9.36 7.53 10.66 8.61 4.15 6.84 15.68 9.86 5.16 5.5 9.82 4.86 3.57 13.87 5.93 5.41 8.42 14.61 20.1 29.8 12.23 10.42 8.06 18.29 10.93 8.39 18.01 7.53 7.55 6.92 8.22 19.47 5.12 4.05 4.49 4.18 6.17 7.33 2.62 5.8 5.83 5.63 11.68 8.88 10.31 4.91 6.61 5.98 5.9 4.72 5.37 9.82 3.61 6.04 10.17 8.11 8.62 13.25 10.19 8.32 3.06
5.82 14.63 11.69 8.66 15.53 19.57 8.56 5.3 5.88 9.28 10.61 5.91 5.15 5.13 5.0 5.48 8.57 5.81 4.99 5.27 12.4 18.08 22.66 10.39 7.0 7.32 15.7 14.91 16.24 17.62 10.72 5.55 6.66 6.76 10.03 8.66 6.76 5.58 2.82 7.63 7.12 4.99 10.16 3.6 4.24 10.15 15.09 6.51 5.03 12.05 6.56 4.33 5.3 8.49 8.02 7.65 5.2 11.97 7.46 2.76 4.66 5.28 5.7 4.29
8.19 15.82 9.24 8.38 14.29 18.59 8.08 6.28 5.28 8.4 14.49 11.82 5.99 3.2 3.51 4.71 2.96 5.65 5.17 4.39 9.59 25.44 12.82 7.13 15.61 12.05 19.31 12.17 7.09 12.71 10.97 7.68 5.94 6.89 9.76 10.76 8.0 9.07 5.48 9.93 6.67 9.14 17.36 12.07 8.68 11.44 8.63 5.72 8.16 6.9 6.68 6.92 5.72 6.64 8.2 10.82 10.04 7.86 6.7 4.49 2.3 7.41 10.62 2.68
9.03 9.37 13.11 18.76 20.46 30.29 8.1 4.13 3.93 5.46 8.71 15.4 6.68 2.25 5.38 7.35 3.75 3.73 2.36 1.53 8.39 13.89 8.89 10.93 9.49 18.93 19.08 24.57 10.72 8.58 11.79 8.57 6.09 7.25 9.57 7.28 4.4 10.61 3.86 3.91 6.68 8.92 6.95 4.65 9.49 7.72 7.37 3.79 9.67 10.11 21.41 8.55 6.45 9.06 7.54 13.96 20.43 5.87 7.5 3.27 1.86 10.31 8.03 7.92
9.79 10.92 23.81 32.04 34.0 26.54 8.28 3.85 3.34 9.22 8.55 11.14 3.96 2.09 3.32 4.09 4.99 4.02 4.79 4.55 7.22 17.23 15.85 13.8 11.25 14.09 23.83 21.38 16.28 8.83 7.82 6.48 4.89 6.42 15.32 6.14 12.23 9.27 5.63 4.57 7.14 11.06 4.01 2.4 3.05 4.19 6.02 5.38 5.29 6.55 13.3 14.68 14.94 13.85 13.06 11.92 24.56 7.41 3.61 4.85 2.77 3.22 4.49 5.87
6.06 8.85 15.95 42.12 17.5 13.68 7.34 4.05 3.54 13.62 11.76 7.18 3.54 2.5 2.77 3.73 3.27 4.82 6.7 3.65 8.21 11.4 32.36 29.58 31.63 41.76 17.79 15.45 13.76 11.42 6.79 8.61 5.83 5.27 14.14 12.87 9.25 8.69 5.43 4.79 4.76 8.16 7.94 2.34 3.57 6.44 8.21 5.77 3.04 5.96 5.58 4.72 7.6 17.6 12.5 4.97 10.5 5.87 3.18 4.63 3.64 2.95 3.9 3.82
8.5 12.02 19.05 22.06 29.32 7.07 9.64 2.74 3.42 13.12 9.43 8.33 3.85 4.6 3.45 4.11 6.88 7.51 7.9 7.97 5.4 21.9 19.34 23.52 14.24 39.55 24.0 28.62 21.19 12.87 12.23 10.77 5.65 6.76 17.09 18.29 12.73 5.18 4.98 4.28 3.47 5.06 4.79 2.24 5.57 7.86 3.01 4.27 2.1 7.54 5.66 6.75 5.63 8.03 5.38 6.24 6.86 6.96 2.75 3.52 4.1 2.71 5.34 5.13
7.02 8.33 19.04 19.94 21.51 15.26 13.65 8.4 9.27 12.32 14.05 5.51 3.57 4.01 2.84 2.96 10.43 13.47 3.34 8.66 7.29 10.76 27.22 15.8 18.45 23.55 26.3 16.6 28.99 13.92 11.86 9.86 5.41 8.24 8.02 9.44 8.79 8.14 3.64 3.71 3.92 5.84 3.94 3.92 3.54 2.86 1.71 1.87 2.59 7.11 5.33 10.33 10.38 4.49 9.09 13.1 6.7 10.82 4.49 3.24 3.9 3.22 5.61 3.14
5.92 4.82 7.07 11.78 11.82 8.98 14.87 10.86 11.47 14.45 11.59 4.39 7.36 3.26 5.4 5.99 7.96 5.53 3.61 3.2 6.28 4.72 15.92 13.14 10.09 17.47 12.36 17.1 27.04 11.64 18.87 7.74 4.6 10.67 9.39 10.2 11.88 7.29 5.14 5.79 4.05 3.44 4.76 3.69 3.48 1.66 3.25 3.16 10.52 5.46 3.86 5.89 4.8 8.54 10.93 19.91 13.05 12.69 7.56 5.82 6.81 4.8 4.82 7.97
12.43 6.5 5.05 10.71 6.62 10.52 13.41 15.65 11.05 9.14 5.91 8.75 3.53 2.67 9.65 3.37 5.33 3.85 3.31 4.95 5.58 4.3 10.23 13.31 8.49 12.11 8.31 12.65 26.08 20.54 9.72 5.48 5.93 10.23 12.4 20.08 20.15 9.16 8.99 3.74 5.92 4.54 4.23 5.23 4.15 1.75 4.86 5.27 12.28 13.28 11.35 14.81 6.1 7.35 15.25 12.87 10.08 11.01 11.59 17.47 4.62 4.39 3.65 9.01
9.97 5.83 4.45 8.84 6.27 8.84 6.67 21.99 11.02 11.62 12.95 11.02 5.89 2.76 7.51 3.58 2.88 3.32 3.06 4.32 3.91 3.61 4.59 19.51 14.05 8.82 9.66 18.33 10.82 20.68 7.33 4.36 7.19 8.34 12.49 20.77 9.23 5.58 9.95 6.84 4.08 7.27 6.45 4.52 3.33 1.75 2.98 7.2 11.42 15.17 11.18 10.78 7.41 7.57 10.78 15.36 13.61 9.37 7.69 11.56 7.78 4.57 4.35 3.7
5.75 6.03 6.73 8.56 7.74 3.9 4.76 6.91 15.02 13.12 12.33 11.21 3.31 4.64 8.23 6.21 4.78 4.82 5.56 3.56 5.0 4.21 5.14 7.74 14.37 15.71 8.06 15.37 17.36 16.9 7.67 5.18 6.26 10.92 12.93 15.57 9.78 7.31 8.49 10.19 5.51 3.89 4.52 5.95 6.64 2.73 4.47 6.37 8.62 14.38 6.8 7.2 8.88 5.61 6.13 7.58 8.55 7.75 8.67 12.77 12.28 10.64 6.23 7.31
5.75 2.88 8.02 9.13 7.09 6.46 7.79 7.27 12.22 11.9 7.18 8.2 3.64 3.27 7.0 6.44 6.2 4.82 5.55 4.54 5.58 11.32 7.49 8.29 23.55 7.63 6.3 6.78 13.63 10.62 8.72 4.76 8.51 8.46 11.33 20.8 10.53 6.47 11.88 9.71 5.69 2.41 4.3 4.87 4.83 3.49 5.97 9.36 5.54 7.59 6.45 5.17 7.79 7.42 6.98 7.06 13.07 16.03 9.4 14.45 21.31 10.44 7.08 4.86
4.8 4.49 11.29 8.55 6.38 6.69 3.01 8.75 7.07 4.21 11.06 11.83 6.53 7.26 3.08 4.72 5.79 3.74 8.05 11.16 8.7 7.75 10.86 8.1 11.44 12.8 8.51 6.71 11.86 5.79 2.31 3.72 5.19 12.4 15.45 12.63 8.31 8.58 6.88 10.94 5.7 1.86 3.89 6.99 7.2 4.63 10.34 10.4 11.0 3.34 4.1 5.55 8.17 5.3 5.6 8.0 11.45 11.97 9.22 11.74 13.66 9.9 6.4 6.04
6.8 5.22 7.04 7.69 3.81 3.68 4.37 5.46 5.24 6.77 6.11 7.06 8.09 5.07 5.33 7.98 5.86 5.41 7.66 16.84 5.6 5.61 6.93 7.03 4.22 6.93 4.95 9.97 8.44 3.95 1.69 3.63 4.9 14.98 9.19 9.22 11.71 8.46 16.25 13.42 8.75 2.92 3.34 7.69 9.56 5.53 7.86 8.82 6.58 7.09 5.05 11.9 5.15 4.85 4.23 5.03 5.66 6.56 6.73 6.94 7.02 5.52 3.44 4.23
4.43 3.59 2.85 3.44 6.16 5.18 2.93 5.67 4.85 7.68 5.89 6.05 4.36 4.24 7.27 6.27 6.83 5.18 9.69 12.28 4.43 4.54 8.72 6.26 4.77 2.79 4.96 8.63 3.42 4.71 2.27 2.46 7.37 8.31 8.32 6.1 6.13 7.97 6.99 12.2 8.01 5.11 6.99 4.47 4.66 10.87 4.93 9.68 7.91 5.09 3.76 7.41 3.63 4.16 5.69 4.44 7.18 3.86 3.79 4.31 5.68 3.38 3.06 4.71
5.25 3.07 3.55 5.33 6.19 4.05 4.05 4.49 5.57 5.07 6.71 6.06 5.31 4.67 13.47 6.42 4.21 7.39 5.99 5.15 6.18 4.0 7.42 10.6 6.48 2.71 10.35 6.6 4.66 8.45 4.08 5.04 8.79 7.0 7.69 6.14 4.6 3.99 2.76 3.14 3.99 3.73 4.43 3.14 6.08 6.51 5.63 10.79 12.25 10.4 6.72 7.82 7.18 5.13 5.89 7.17 4.19 4.36 8.84 4.08 3.86 5.23 3.22 2.23
5.41 4.35 4.78 7.21 10.77 3.69 3.22 2.63 2.82 5.74 5.2 4.92 4.79 5.41 9.18 7.15 6.16 6.01 3.53 4.59 7.9 5.41 8.28 5.15 5.69 2.87 6.33 10.92 5.15 5.11 8.96 5.8 4.27 5.54 4.61 6.29 2.03 4.16 2.31 3.13 4.21 2.38 3.23 2.84 5.99 5.63 6.5 6.08 7.41 12.73 7.54 6.52 8.57 6.02 9.48 9.62 3.58 5.48 6.93 6.14 6.08 5.31 3.45 2.5
2.0 3.04 5.27 7.72 5.12 5.38 7.42 3.77 3.67 3.06 7.54 5.37 4.25 3.56 4.43 5.78 5.03 6.17 5.37 4.74 10.32 11.13 4.3 3.88 3.76 6.05 8.47 10.77 9.37 8.86 5.5 5.7 6.08 8.3 4.44 6.23 4.08 3.25 2.25 2.56 5.69 2.11 2.05 5.37 5.91 7.62 10.56 6.5 7.34 8.55 8.39 8.4 8.3 9.45 4.83 8.72 4.52 5.29 6.62 8.05 8.13 5.86 3.63 4.96
1.59 3.87 4.49 4.26 7.98 6.11 7.25 7.96 3.37 5.35 4.4 3.51 5.4 4.49 4.34 6.44 6.51 6.23 5.59 4.12 4.84 7.89 5.19 6.84 5.93 8.46 7.25 8.35 17.12 6.41 9.35 7.85 8.17 5.43 5.28 6.02 4.79 2.62 5.69 7.54 4.78 2.93 2.81 2.87 5.32 5.65 15.94 20.92 11.97 21.78 9.55 6.02 13.26 11.79 8.22 7.35 7.54 9.7 7.47 10.1 5.97 5.83 7.18 5.36
2.95 4.37 5.62 5.43 5.91 9.37 4.9 5.03 3.42 4.97 8.2 8.81 5.55 4.9 10.49 8.21 5.23 5.72 5.36 5.02 2.57 3.42 7.08 7.08 9.51 8.65 6.75 11.82 17.22 10.56 9.21 5.01 4.2 3.87 3.9 2.23 2.86 1.97 8.43 3.79 8.43 4.77 2.41 5.32 4.52 7.92 13.94 11.86 21.18 20.75 6.37 11.06 16.65 10.16 16.73 8.63 6.74 7.65 7.46 12.49 6.78 5.0 14.0 3.65
3.11 5.34 2.33 1.65 3.12 5.27 6.26 3.04 2.98 10.21 5.74 11.7 7.47 6.96 13.6 10.18 7.88 6.65 7.32 6.39 4.01 5.68 8.67 7.78 10.32 6.84 6.66 11.79 6.09 13.88 11.24 5.12 3.53 2.77 4.77 2.13 2.71 5.67 4.67 7.65 6.48 3.93 4.33 6.1 6.48 5.49 6.37 12.58 12.48 13.85 6.93 7.76 9.56 9.91 14.71 6.81 8.18 9.05 8.23 5.25 7.67 10.72 8.82 3.21
4.9 3.1 2.21 1.93 2.09 3.39 2.87 2.71 5.83 11.04 5.09 6.19 6.33 4.12 8.23 10.52 8.47 4.64 5.44 7.38 4.8 6.2 10.56 9.63 9.68 9.91 9.46 6.45 5.58 16.7 9.01 4.92 3.43 4.07 1.66 1.98 3.7 10.85 7.53 4.84 6.98 6.04 5.79 7.39 8.85 7.27 4.28 8.69 6.76 7.67 5.54 5.42 9.07 16.5 16.4 6.67 7.89 20.02 4.05 8.4 13.33 6.12 7.36 4.92
4.62 4.1 1.67 1.66 2.49 4.22 5.57 4.17 5.69 4.95 6.49 4.11 4.42 6.02 7.78 12.79 8.67 4.34 4.98 5.04 5.05 4.56 8.54 8.62 12.38 11.29 10.5 7.64 5.92 18.46 8.36 4.93 5.31 3.55 2.29 5.14 4.42 9.05 9.82 4.9 7.1 7.66 12.09 15.7 10.5 5.27 5.42 3.66 4.92 3.6 7.21 8.01 9.9 17.12 9.18 5.97 9.39 11.19 8.84 11.65 13.97 7.54 8.14 8.43
4.47 2.94 2.43 2.46 3.11 2.14 4.75 5.06 3.78 3.16 7.04 6.89 4.28 4.4 4.11 6.98 9.27 3.05 4.51 4.56 6.43 8.25 5.43 13.33 7.93 7.56 8.52 10.69 12.67 14.12 7.41 6.16 4.31 3.54 4.5 3.58 6.62 10.95 17.16 9.9 9.0 8.67 13.11 4.61 4.9 7.41 5.61 4.22 4.87 4.5 6.2 6.06 9.57 8.28 9.18 6.17 6.93 6.4 6.95 6.57 4.1 5.11 7.24 11.93
3.8 2.09 1.66 2.19 2.05 2.25 2.56 5.01 2.49 4.19 8.36 4.61 4.68 6.64 7.17 6.08 5.52 6.15 5.74 3.83 5.84 7.43 8.2 8.01 4.45 5.78 9.74 10.53 16.65 18.22 8.22 9.48 6.08 5.87 4.7 3.62 4.62 8.97 9.36 9.81 8.75 7.57 5.71 6.76 5.52 7.78 4.6 4.97 3.37 2.85 3.01 6.05 15.6 4.86 11.34 9.14 4.34 8.48 8.48 7.59 6.95 6.15 7.99 9.72
2.68 3.73 2.54 1.41 3.54 4.65 4.41 6.09 4.14 5.25 4.03 4.73 6.55 7.7 9.46 7.67 9.03 8.59 6.87 6.83 13.33 10.52 5.22 11.48 8.35 4.45 7.11 7.59 7.97 18.61 10.75 25.58 8.66 5.88 8.32 2.83 5.41 7.67 6.46 4.61 4.73 4.23 6.45 7.13 4.58 9.2 8.65 4.39 3.84 5.54 1.77 4.91 5.95 7.82 7.03 8.7 6.1 6.84 7.12 11.47 7.33 18.0 14.45 10.29
3.44 5.13 3.99 4.12 5.47 4.71 5.67 8.11 5.13 8.93 5.86 8.51 9.97 10.5 9.3 9.87 7.37 12.81 7.36 7.77 12.9 12.0 14.41 4.76 7.87 5.86 11.14 6.53 5.1 7.41 15.85 18.48 10.89 5.93 13.05 4.53 5.34 12.74 6.15 3.69 3.39 2.58 5.44 6.01 4.96 6.03 2.94 3.33 2.27 5.99 2.93 3.7 11.92 5.89 3.23 9.87 8.78 5.47 7.87 9.06 19.49 18.08 27.16 14.26
5.18 4.5 3.95 6.49 8.0 12.82 10.26 6.2 6.54 4.99 4.86 5.76 12.76 8.98 7.77 12.53 18.08 10.27 11.89 7.41 17.51 18.23 10.81 11.1 11.42 5.25 11.74 5.35 8.89 9.95 11.84 23.78 15.96 13.93 8.5 6.35 5.37 6.7 5.81 3.76 2.19 4.81 6.0 5.73 8.83 4.41 4.62 3.74 4.91 4.09 8.1 4.8 4.21 7.09 4.94 6.46 10.06 8.68 13.6 12.46 18.76 16.18 25.98 11.16
3.77 5.4 3.89 5.63 9.71 12.34 16.27 14.84 14.76 7.82 6.38 7.39 7.96 4.07 6.73 12.47 8.51 11.82 9.84 8.96 26.25 21.56 15.03 13.09 7.95 6.32 10.92 7.33 8.51 16.87 12.51 13.47 16.69 16.18 12.36 12.1 7.95 6.5 3.18 3.09 1.76 2.66 3.58 4.09 9.14 6.07 5.75 11.04 11.17 4.21 7.14 5.05 5.58 12.72 9.21 9.73 12.29 7.19 6.2 9.75 9.02 8.37 7.35 7.14
3.83 3.58 2.29 7.83 3.54 10.9 14.42 19.78 15.79 10.76 8.03 12.84 13.09 16.71 21.84 9.92 12.49 10.31 8.16 8.2 17.19 26.03 14.31 20.5 9.39 10.34 8.76 9.69 12.98 13.91 7.72 13.66 17.27 12.94 16.04 12.26 8.67 5.11 4.5 5.09 2.7 3.16 4.75 4.24 4.48 3.59 5.75 7.91 3.85 3.53 6.87 3.86 6.34 9.94 15.61 9.1 4.38 9.98 6.98 5.53 4.48 11.39 12.88 7.74
5.14 3.52 2.76 6.09 9.42 8.24 15.17 12.76 5.64 11.71 8.65 7.81 16.66 24.85 22.19 15.26 8.05 11.16 17.41 17.09 13.49 17.32 11.72 13.58 8.72 9.54 7.32 16.72 14.36 15.46 12.79 12.06 10.98 10.29 22.03 7.4 7.41 6.33 7.44 6.93 3.73 3.42 6.52 4.03 3.39 2.75 3.8 5.07 6.88 4.79 3.8 3.03 5.49 4.22 12.62 6.8 5.86 18.56 7.17 4.82 5.67 11.99 16.26 7.17
6.42 4.65 4.44 6.53 20.79 9.43 11.89 12.68 6.3 13.27 7.06 6.39 8.37 6.38 9.38 9.87 6.98 18.03 10.42 20.45 27.66 14.8 12.28 8.47 12.95 20.08 12.47 9.43 9.12 7.92 8.1 5.88 8.11 14.58 11.4 5.16 7.01 7.1 10.86 7.66 7.32 4.83 6.32 7.64 5.74 4.23 3.8 8.22 9.71 13.88 6.09 6.01 4.01 3.51 9.06 9.22 7.55 14.47 9.81 5.87 5.98 9.56 17.28 4.0
8.47 8.42 4.32 7.15 14.27 16.45 8.69 7.85 8.8 10.51 6.62 8.03 7.44 11.24 5.83 8.36 15.58 17.47 10.98 12.28 17.52 6.61 20.58 19.51 37.31 17.45 13.7 11.48 6.85 6.72 12.53 11.78 10.52 8.03 4.72 8.37 5.35 12.66 15.01 13.77 8.67 10.65 6.39 12.79 5.02 11.46 15.88 10.57 18.16 18.75 4.94 5.36 5.91 6.44 7.63 14.25 16.83 10.87 8.01 5.04 8.02 7.34 6.63 3.94
8.06 8.78 5.42 7.62 7.03 14.25 8.19 6.73 9.3 4.4 6.59 8.56 9.42 8.34 9.01 8.52 7.72 13.61 21.53 19.4 21.25 10.07 12.46 28.66 27.09 13.83 7.7 7.31 10.53 9.85 10.75 12.75 6.29 9.76 4.1 5.54 7.48 14.92 16.83 9.18 4.57 7.07 10.5 7.2 5.64 10.03 22.47 5.47 12.08 17.85 4.89 5.13 6.24 7.87 6.89 11.42 7.19 10.98 5.83 10.55 10.14 8.01 6.63 7.45
8.08 8.06 8.35 12.69 11.34 25.96 9.91 3.4 12.13 10.79 8.51 16.01 11.01 4.89 7.63 5.59 4.21 11.58 16.65 16.49 22.81 13.61 13.68 32.82 24.8 10.99 8.22 11.41 13.09 9.25 14.34 11.28 11.12 7.75 4.29 4.13 3.77 5.04 11.07 7.53 3.0 2.78 3.37 4.44 4.84 5.14 10.29 6.08 10.39 25.26 17.22 8.29 7.19 9.16 7.94 7.8 12.69 8.18 7.97 7.73 8.12 9.59 9.61 5.27
10.3 11.22 7.01 13.24 13.4 10.81 4.8 3.17 11.98 9.51 18.45 14.47 7.3 5.09 9.67 6.65 7.84 7.56 22.8 13.28 6.97 12.28 11.19 12.56 13.94 6.58 4.95 11.72 14.56 30.32 9.72 6.17 7.22 5.61 8.24 3.78 5.99 9.17 5.71 4.2 2.87 2.89 3.68 3.18 5.42 5.94 9.58 11.76 10.94 15.76 17.01 5.27 10.35 10.6 11.04 8.05 10.99 12.69 6.99 13.27 7.89 5.11 9.43 6.04
14.29 7.02 7.97 6.02 9.15 7.65 8.19 8.16 4.82 12.4 12.89 5.05 5.7 8.76 8.66 12.11 4.9 6.65 13.19 7.1 8.51 14.91 8.14 9.2 11.55 11.48 2.71 3.17 16.34 13.92 8.81 6.49 5.67 4.77 8.15 4.9 5.07 9.27 5.78 5.21 4.17 3.96 7.16 7.1 6.11 4.03 9.28 33.42 14.51 25.74 18.91 5.52 7.35 10.7 6.1 5.45 5.79 10.31 4.98 5.79 5.69 7.36 5.67 7.71
6.64 5.66 2.94 5.28 7.32 6.08 9.14 9.34 2.96 12.25 13.77 10.45 9.51 10.46 6.38 7.03 5.65 5.49 6.38 7.95 10.36 10.02 12.07 4.46 8.81 8.71 4.73 4.09 7.78 15.09 11.91 10.79 5.35 8.99 5.57 4.47 5.1 8.14 12.17 5.35 5.89 8.2 6.34 5.63 7.33 7.47 9.71 15.95 35.15 28.08 21.62 14.62 6.5 9.2 6.0 6.09 6.66 9.37 2.37 2.44 3.28 3.59 4.58 9.1
5.42 4.25 3.31 1.6 2.5 6.1 6.21 6.5 4.69 6.81 16.7 12.23 9.15 9.84 4.68 6.57 7.65 5.98 7.8 6.68 10.83 4.03 4.72 4.47 3.37 4.53 6.3 4.14 8.18 15.37 9.4 11.59 12.19 6.03 4.57 3.93 5.33 14.07 8.96 5.54 7.64 3.65 5.46 6.61 11.14 12.06 13.08 14.71 26.11 12.35 15.86 24.43 16.23 7.28 4.64 9.07 6.35 4.78 7.65 2.23 4.51 6.32 3.36 5.68
4.96 6.23 3.08 1.86 3.45 7.45 5.06 3.93 5.42 10.03 14.08 18.15 24.66 13.98 8.31 8.69 7.56 5.13 7.3 7.03 8.52 6.1 5.91 5.72 4.18 3.67 4.79 2.76 5.49 7.62 12.04 14.03 6.4 7.67 6.21 6.24 11.29 10.22 13.3 7.69 4.49 4.01 4.0 5.35 7.35 8.01 9.65 9.31 17.51 12.39 11.58 15.81 18.31 10.13 4.52 5.59 6.1 4.81 6.16 3.89 9.42 6.44 10.48 9.91
4.6 5.89 3.52 4.72 5.05 6.42 7.5 5.63 5.13 6.73 9.55 24.8 12.46 17.79 15.9 6.88 3.78 6.79 5.39 7.14 4.84 4.69 7.58 4.95 5.77 6.04 5.49 5.31 3.52 8.39 8.28 8.41 9.46 5.88 7.81 12.22 10.68 9.72 5.3 7.82 4.21 5.87 5.2 4.92 5.22 6.99 6.96 8.82 9.71 9.96 6.28 11.48 18.07 10.77 6.53 2.55 3.24 2.11 3.41 2.75 6.68 7.51 9.8 7.7
6.04 6.23 7.12 6.82 6.12 9.52 9.23 7.81 6.72 8.04 6.09 8.31 8.84 13.45 11.28 5.58 3.42 5.87 6.01 4.87 6.5 5.85 3.11 5.6 4.1 3.62 4.76 4.59 2.79 10.54 8.66 10.61 15.47 11.78 7.95 10.38 6.41 10.14 7.37 7.17 5.61 5.03 9.23 5.42 5.41 4.57 3.48 16.84 9.44 7.04 10.04 7.7 8.71 7.55 4.15 3.71 3.63 4.1 3.55 4.58 4.13 7.57 10.27 6.14
5.63 7.13 8.49 7.24 10.65 7.73 16.81 12.34 12.96 6.54 8.13 7.35 6.75 6.41 6.44 4.77 2.36 3.05 4.57 7.7 11.9 7.83 8.13 4.58 4.75 6.67 8.12 5.81 6.29 6.18 4.35 3.53 5.57 12.45 13.77 9.97 15.91 13.08 6.98 5.91 6.68 5.28 4.12 8.22 7.32 1.79 4.32 8.65 8.5 11.66 5.46 9.92 6.69 5.34 4.85 5.59 4.35 8.3 4.41 3.81 6.51 5.2 11.68 15.68
8.95 8.01 5.55 2.8 7.32 8.74 21.9 18.91 11.05 7.45 6.29 6.57 9.4 6.42 5.37 3.58 3.46 2.74 4.26 3.53 4.34 5.89 7.58 5.37 12.23 12.97 9.26 8.09 5.3 3.95 3.09 1.89 6.21 7.87 5.6 16.83 14.2 6.89 5.12 3.06 8.06 2.95 4.86 5.21 2.98 1.49 5.25 7.45 7.74 9.49 7.95 14.09 5.54 9.53 7.88 9.3 9.09 8.72 6.05 6.75 6.37 6.8 7.95 10.03
13.19 23.13 9.32 9.55 7.2 6.64 11.42 12.79 5.5 5.12 5.0 8.24 8.17 4.5 2.61 2.71 2.26 2.08 5.85 9.51 3.42 6.72 7.65 5.4 7.72 5.51 4.09 6.49 3.99 2.22 2.01 2.52 2.9 4.19 8.24 6.8 8.46 6.08 4.48 3.28 2.69 4.82 9.81 7.25 2.93 2.77 3.6 6.3 11.51 13.53 9.83 12.27 8.02 6.36 4.65 12.71 13.15 11.71 9.32 5.82 9.53 9.57 8.07 10.49
7.97 17.37 18.67 14.74 8.97 9.16 8.97 8.91 7.18 12.6 7.04 4.58 3.6 2.62 2.7 1.06 1.5 1.92 3.85 6.26 3.59 3.78 3.92 3.56 4.06 4.31 3.38 7.22 2.26 1.6 1.14 2.33 3.04 2.35 6.13 8.8 3.23 5.17 7.27 4.09 2.05 4.11 6.89 9.92 8.52 3.25 3.45 5.17 7.88 7.09 8.29 8.56 6.14 5.35 5.82 10.27 11.58 9.53 7.15 8.44 3.75 8.6 10.45 8.89
8.4 15.5 21.91 18.81 23.41 8.3 6.17 5.86 6.5 14.71 10.15 4.61 2.5 2.49 2.47 1.63 3.07 2.69 3.22 5.83 3.27 1.6 3.42 3.15 3.58 2.59 3.3 6.14 2.99 3.22 2.62 1.99 4.57 1.79 4.38 4.74 3.39 7.69 7.94 3.73 2.82 2.6 7.62 5.73 6.24 8.98 6.17 6.99 7.82 5.33 4.32 6.49 3.97 4.09 9.93 11.03 13.57 12.39 7.65 6.4 5.5 7.76 6.71 12.02
12.29 11.31 28.13 36.19 22.88 19.13 6.78 6.72 6.2 7.76 6.5 4.41 1.74 1.72 2.43 1.82 2.41 3.76 5.67 2.62 3.18 1.62 4.35 7.69 3.72 2.26 4.98 4.06 4.22 7.89 2.86 2.06 4.07 2.54 3.08 6.11 8.07 5.26 5.34 3.92 2.9 2.53 7.67 6.26 8.53 8.75 8.33 9.82 6.54 3.1 6.37 8.16 8.09 5.42 8.41 8.41 8.31 8.72 9.4 7.61 5.87 6.05 4.4 4.94
8.52 9.4 22.63 12.99 19.7 13.23 6.43 7.96 6.97 4.41 9.38 9.35 2.8 3.4 1.59 2.86 2.02 3.92 6.27 2.96 2.43 1.97 3.03 9.69 3.57 2.77 3.93 6.98 5.09 6.8 4.07 2.77 4.13 4.06 2.24 4.97 9.98 7.38 5.15 8.05 7.89 6.58 8.71 6.41 6.89 7.3 11.54 7.51 5.72 7.39 5.77 6.77 3.26 2.92 8.47 9.04 8.06 7.45 9.39 9.92 3.86 2.23 4.9 2.59
16.4 17.36 15.11 8.79 12.1 5.87 4.94 10.92 5.5 8.93 16.21 18.52 7.42 5.48 3.84 3.05 3.5 3.53 11.19 5.98 3.44 4.34 3.46 4.8 2.43 2.76 7.25 13.62 9.31 5.8 3.98 6.87 4.07 8.35 3.71 5.01 10.11 9.99 5.8 10.78 14.55 6.32 4.66 6.7 5.04 6.5 10.91 9.86 6.08 6.5 6.48 7.09 3.79 3.21 5.65 14.19 10.24 3.58 8.01 9.29 2.67 4.77 3.49 2.38
22.7 21.41 10.64 10.81 7.86 5.58 14.91 10.47 10.97 11.49 9.92 8.41 11.23 5.28 5.88 4.08 7.78 3.21 5.2 5.5 3.94 5.05 3.8 4.31 7.14 5.04 5.84 12.13 4.54 4.13 3.53 5.48 4.86 4.63 6.98 2.62 7.01 7.71 4.95 10.27 9.29 3.9 3.61 3.16 6.03 7.19 8.15 11.93 4.87 4.58 5.5 4.7 8.92 6.14 8.74 9.66 4.51 5.7 5.8 4.11 3.7 3.55 4.13 5.01
16.98 18.61 14.26 7.13 11.77 13.31 15.63 7.09 8.36 15.88 11.21 12.78 12.21 6.69 5.37 6.0 5.8 3.72 3.77 4.07 4.79 3.48 2.0 5.84 4.15 3.45 7.09 5.92 3.92 3.78 5.81 5.87 2.6 2.82 8.42 3.31 3.34 3.57 3.8 3.02 4.18 4.02 4.06 2.42 5.35 6.42 8.61 12.18 8.01 6.96 5.24 3.99 11.85 15.06 11.4 14.32 8.03 4.78 4.66 3.51 3.44 5.29 3.78 4.24
8.98 12.42 8.84 3.43 4.97 8.25 12.94 6.47 4.42 25.46 8.47 12.7 8.69 6.21 5.31 9.24 7.84 5.25 1.91 3.57 5.65 3.96 2.57 2.38 5.54 3.0 2.41 2.33 2.48 2.99 2.41 4.4 3.84 3.27 6.76 5.72 3.37 8.0 4.39 4.18 3.09 4.46 5.37 2.9 3.11 6.21 5.08 10.37 4.64 6.05 4.0 5.64 12.41 16.39 15.16 20.63 19.48 11.22 8.61 3.33 6.54 6.06 4.39 2.33
12.75 9.56 3.72 6.29 5.74 13.29 7.62 5.09 10.12 11.86 10.06 8.33 6.14 5.36 3.51 8.09 7.97 2.85 3.84 2.03 4.77 3.84 3.71 4.94 7.3 4.61 3.12 2.45 2.96 2.36 1.88 3.29 2.84 3.45 2.59 7.85 6.09 8.67 8.09 8.1 4.65 8.39 6.54 3.11 5.18 6.42 6.46 14.39 8.76 5.46 3.96 6.58 13.22 16.92 8.89 20.42 19.83 19.08 6.06 2.64 4.47 6.6 3.83 4.79
10.46 9.72 4.08 3.68 8.96 5.95 8.04 9.43 8.76 8.87 8.84 6.02 5.62 4.85 8.29 9.28 12.97 6.66 5.48 2.75 3.49 4.49 3.44 6.43 9.29 4.76 4.12 1.68 4.86 2.64 3.45 3.36 5.73 4.03 3.83 6.58 15.77 9.52 7.87 8.12 6.73 10.7 10.23 4.22 6.41 6.36 11.23 11.88 6.05 6.44 5.97 17.09 16.51 11.56 7.04 8.42 11.77 8.64 3.88 4.98 4.01 4.21 6.46 3.11
