8.24 16.89 10.42 10.16 4.33 5.95 4.3 4.69 7.66 7.41 9.59 18.4 14.28 10.63 9.26 5.87 5.33 3.58 2.51 5.72 8.81 5.63 13.36 5.45 4.69 5.14 8.14 6.17 5.0 10.53 11.18 12.46 9.08 15.33 10.08 23.77 9.72 18.88 18.69 16.49 17.18 8.08 13.64 7.22 13.6 9.77 19.19 16.5 12.61 4.14 5.43 2.24 2.94 4.4 10.32 4.88 3.43 5.85 3.34 4.57 5.37 5.24 7.7 14.08
4.92 4.73 7.78 9.96 5.23 4.91 11.2 8.78 7.51 8.84 12.05 14.61 11.06 7.34 4.75 2.5 4.26 2.43 1.78 4.81 9.15 5.68 4.49 7.66 5.32 6.92 8.65 6.07 6.48 24.43 13.83 5.66 10.38 15.13 6.85 8.62 10.09 24.95 18.42 20.18 15.15 22.79 17.87 17.82 15.17 14.55 17.13 15.52 10.17 4.87 3.07 4.05 2.94 6.41 7.33 14.87 8.31 4.57 3.66 2.25 2.85 4.73 12.2 10.42
3.92 7.25 18.05 11.53 5.23 4.23 8.27 4.3 6.18 6.87 14.41 14.56 4.96 3.07 2.23 3.75 3.99 1.64 3.15 11.35 6.82 5.38 8.35 4.7 2.73 6.82 6.27 5.43 7.79 10.83 7.19 4.0 6.53 8.0 8.03 10.44 16.99 21.41 14.83 11.41 17.1 19.19 12.64 9.34 15.6 20.98 20.78 9.07 7.2 7.43 7.89 10.22 6.88 7.38 6.87 14.11 9.9 9.2 7.01 6.17 4.62 2.63 3.49 10.18
10.33 10.36 9.36 19.96 6.17 9.06 11.41 4.52 4.88 15.09 13.72 7.39 4.76 3.55 1.8 3.13 3.28 3.57 2.9 10.53 4.67 3.58 8.94 7.47 2.2 6.42 5.23 5.81 3.29 8.2 10.97 4.49 5.85 12.55 7.92 7.15 7.43 6.38 10.69 8.97 10.37 14.77 13.3 6.59 10.5 28.24 15.12 14.04 10.1 11.58 9.12 11.32 7.62 6.91 3.91 13.25 11.23 19.82 19.49 5.81 3.35 6.97 5.01 12.22
6.46 6.71 7.05 15.06 4.99 6.72 10.78 5.32 9.88 13.85 6.74 5.1 7.16 2.14 1.89 3.04 2.31 2.78 5.86 5.86 8.48 10.24 7.72 8.11 4.48 11.42 5.29 7.48 5.23 3.86 6.68 7.03 4.85 17.09 16.63 17.53 9.12 5.05 9.98 3.27 4.77 8.61 14.17 7.52 13.61 27.58 19.54 15.56 14.42 11.88 8.11 7.38 9.18 12.93 6.49 19.61 12.77 15.76 11.99 14.6 7.41 3.58 6.28 13.77
12.01 9.06 11.11 14.66 4.38 8.27 7.88 8.14 8.63 15.83 9.99 9.68 5.98 4.02 2.99 3.74 3.89 6.61 5.98 15.03 11.87 7.64 5.98 9.05 7.04 21.17 9.25 8.0 8.84 15.26 7.16 9.97 10.87 15.12 9.67 12.28 12.18 6.14 4.06 3.27 7.55 14.28 12.84 11.62 11.67 23.13 11.92 10.52 13.42 29.01 6.09 9.2 17.54 6.24 12.38 11.25 8.69 6.17 10.6 8.09 7.6 4.13 6.09 6.18
10.62 5.81 7.39 11.68 9.79 12.26 10.73 12.54 23.91 15.12 6.04 5.51 3.59 2.76 2.24 2.96 2.39 6.56 10.55 11.24 5.74 8.32 5.38 5.24 9.76 22.96 15.23 6.46 6.13 5.72 7.42 5.82 7.4 15.23 17.08 9.83 4.46 3.23 3.96 6.24 5.93 5.41 8.56 4.95 9.75 15.45 6.97 16.01 12.03 21.35 9.96 8.32 10.74 9.74 13.41 7.32 7.76 7.38 6.63 5.9 6.27 4.85 5.67 5.08
8.51 9.0 7.25 11.78 19.13 9.59 8.25 12.15 22.61 21.5 9.31 13.78 7.75 4.31 1.69 2.79 6.61 5.29 8.49 4.64 6.16 5.29 4.58 6.51 7.55 21.61 16.62 4.23 6.32 6.52 10.69 9.97 4.3 11.66 20.55 14.32 7.82 4.97 2.28 2.57 2.19 4.14 7.49 4.25 6.11 8.16 4.91 16.91 26.82 14.36 12.62 12.7 7.56 7.44 13.35 12.78 7.26 5.11 4.31 8.25 7.44 5.76 4.32 6.27
5.46 9.29 9.55 6.47 7.44 8.46 6.98 12.26 13.16 16.4 17.38 20.71 5.61 2.51 4.09 4.71 3.59 6.59 11.62 8.01 6.29 3.56 3.17 2.82 7.06 15.19 7.42 4.96 6.18 10.53 4.94 14.7 12.28 7.89 16.1 6.0 4.64 3.16 1.85 3.21 1.83 3.75 9.44 10.53 13.42 5.85 8.5 10.9 12.04 9.93 13.25 10.01 8.61 10.82 22.53 16.16 10.78 8.15 2.71 7.45 5.74 5.15 3.51 5.79
6.16 12.24 2.59 4.87 6.14 5.57 4.84 9.15 12.62 15.54 11.17 13.55 8.93 7.52 4.4 8.08 5.77 5.01 5.97 15.58 3.74 3.81 5.87 7.32 4.5 5.82 8.18 12.48 4.8 8.56 4.8 10.31 10.17 13.43 14.1 11.08 9.8 3.15 1.98 5.8 4.82 7.28 14.55 12.33 15.27 7.27 3.99 9.77 11.6 15.54 27.49 11.44 13.65 19.37 23.81 13.02 8.7 12.34 2.9 7.59 8.41 5.75 3.58 6.53
5.74 6.38 4.3 2.54 3.53 3.1 4.6 16.77 16.71 21.04 5.77 10.73 10.65 9.81 6.08 8.24 6.93 6.0 3.29 8.85 2.99 4.1 5.36 4.87 8.8 9.95 12.91 14.64 7.23 8.76 5.22 11.49 11.99 11.15 16.78 7.0 6.64 5.39 4.88 4.78 2.61 10.35 9.6 12.77 19.89 12.56 6.48 5.26 7.15 12.85 14.91 13.41 12.01 26.0 29.29 18.8 13.38 6.92 4.21 7.1 5.71 9.92 3.02 4.86
6.36 3.66 3.46 3.75 2.26 2.48 5.36 9.63 4.94 9.33 7.33 11.33 13.91 14.66 8.78 9.15 5.59 3.52 3.25 7.76 4.6 7.05 7.16 7.68 6.57 5.84 6.8 12.44 5.62 7.89 4.05 8.35 13.36 21.23 12.33 11.8 5.25 3.1 1.71 6.09 3.18 7.33 8.14 9.13 9.86 5.99 4.35 2.45 3.42 8.61 8.81 8.21 13.8 22.74 23.98 13.83 10.32 4.69 6.26 11.67 7.95 8.61 2.93 3.75
3.92 2.68 1.64 2.41 1.99 2.77 3.88 6.13 5.55 11.65 4.15 9.64 8.35 12.66 9.31 6.12 6.46 3.85 11.66 4.73 5.01 5.94 10.78 13.28 5.39 5.68 12.65 15.01 7.62 5.18 9.38 11.92 6.25 12.19 7.84 10.57 5.96 5.6 2.2 4.88 4.86 13.69 11.82 7.46 12.11 7.96 3.37 2.61 5.74 7.78 5.21 5.22 10.47 10.32 10.98 18.77 10.26 7.18 4.65 4.58 9.84 8.26 4.37 7.74
3.34 2.5 1.82 3.26 1.96 1.52 2.31 5.19 3.81 6.01 2.81 5.67 4.16 5.0 5.01 5.59 7.68 10.72 6.22 3.39 4.36 5.07 12.84 17.85 8.63 9.43 13.59 10.0 5.5 6.89 9.73 6.34 7.21 8.69 9.15 8.34 8.84 5.67 5.52 6.41 3.31 11.18 14.31 5.98 8.85 4.53 4.2 2.13 7.01 7.54 3.23 5.89 7.97 7.28 8.28 26.13 10.09 9.53 8.69 5.84 5.51 13.7 4.93 7.97
3.88 3.26 2.95 2.85 1.72 2.19 1.44 1.62 2.31 2.97 2.39 3.72 3.03 4.83 3.13 6.66 7.67 5.78 5.73 5.03 4.76 6.91 7.86 8.88 12.27 13.39 7.96 9.56 11.55 8.32 9.25 8.15 4.72 16.28 6.29 6.04 9.98 9.06 5.25 4.84 4.96 17.86 10.01 3.83 9.54 10.68 7.33 8.22 13.73 8.1 5.94 8.39 7.26 7.55 13.33 23.4 15.17 20.76 14.92 12.9 7.54 10.94 8.88 14.24
8.84 4.29 5.69 6.38 1.94 2.9 2.41 2.71 2.97 2.8 3.52 2.24 1.67 5.75 6.78 5.69 5.14 8.19 5.61 6.47 4.76 8.85 7.58 22.48 8.94 7.32 9.42 6.82 10.98 5.95 7.23 12.3 5.04 12.32 10.89 6.99 5.57 5.73 5.3 8.05 3.9 13.11 6.1 5.03 11.77 16.59 14.76 13.37 12.51 4.06 3.42 6.77 6.83 7.46 11.54 17.53 14.78 13.68 27.97 14.66 13.94 24.38 10.32 14.47
11.35 6.61 5.64 6.56 3.89 3.96 2.25 3.88 4.52 3.99 4.88 4.62 3.82 2.65 3.57 6.46 5.27 5.76 5.21 4.62 5.07 12.03 9.93 16.13 12.56 9.08 11.29 5.7 6.46 4.29 3.95 12.17 5.83 12.1 23.21 8.96 4.26 3.92 4.49 7.62 8.76 13.89 8.46 7.43 12.54 19.34 13.06 13.55 15.86 5.16 4.09 6.52 4.54 7.56 7.59 18.22 11.93 6.12 22.59 23.98 19.49 35.48 9.91 16.68
14.38 8.12 6.23 7.13 4.88 4.92 5.21 7.4 4.16 3.88 10.57 2.91 3.74 4.4 2.71 9.18 6.53 2.73 2.35 6.92 6.48 16.27 16.27 28.24 15.98 13.49 4.46 3.15 7.09 4.68 5.77 11.73 9.59 11.7 15.0 4.45 4.8 4.85 4.96 5.62 8.21 15.03 22.96 13.03 16.25 38.6 10.76 14.78 10.06 11.62 6.0 8.03 5.26 10.76 11.16 14.66 13.3 12.32 16.72 13.82 17.24 17.48 14.09 14.95
14.45 12.22 7.51 8.5 11.79 8.31 5.52 3.43 8.42 8.73 9.17 5.43 5.03 2.69 3.51 9.1 5.77 4.12 5.19 9.12 8.35 17.25 12.18 25.04 8.33 6.12 3.25 3.8 5.41 2.35 2.43 9.5 6.88 6.23 6.09 3.52 4.91 5.16 5.23 3.95 6.13 12.01 16.41 13.89 33.04 45.52 20.19 23.7 12.66 24.83 9.73 6.04 4.37 16.44 8.37 10.16 9.01 10.59 11.74 8.03 13.41 14.61 11.54 8.76
8.68 10.88 4.5 8.88 11.18 5.72 6.35 7.36 7.52 16.29 6.92 11.42 4.69 4.09 1.64 6.39 7.1 6.85 4.75 7.26 4.1 9.18 12.59 17.36 8.78 3.98 5.22 2.93 2.45 2.76 3.47 5.88 3.67 6.55 11.1 4.64 4.55 4.28 1.8 1.31 2.56 8.05 12.45 23.65 17.12 49.78 24.35 27.52 31.93 22.07 21.86 8.05 4.99 5.33 8.66 9.25 8.01 5.76 9.83 9.22 10.53 9.48 12.54 9.67
12.2 9.37 4.31 6.99 12.1 9.26 5.75 10.32 7.33 6.23 12.33 12.67 7.85 8.34 2.68 8.72 4.02 5.37 3.64 5.0 4.93 8.06 17.47 17.35 13.2 3.97 4.09 4.48 4.64 4.08 2.51 3.64 4.17 8.17 7.86 8.32 3.97 4.34 2.31 2.11 2.45 4.49 8.98 19.21 8.57 21.91 15.79 20.66 15.52 12.88 7.91 8.01 10.45 9.25 9.11 9.53 5.63 8.57 5.85 13.59 7.01 6.09 7.04 14.0
4.55 5.71 4.97 3.37 7.98 5.09 4.12 9.79 10.26 11.98 6.91 4.44 8.26 11.29 4.27 3.7 1.71 2.69 4.42 5.02 2.83 5.68 10.13 14.98 8.95 4.58 9.33 6.83 4.45 4.4 4.06 4.13 5.59 12.77 7.14 8.81 6.45 2.85 1.45 1.29 2.64 9.14 6.93 11.49 16.4 17.73 11.66 18.14 12.93 8.59 14.13 11.03 14.98 12.35 9.73 8.82 6.34 6.73 9.67 8.76 6.3 5.48 5.51 6.86
4.15 4.18 7.45 3.05 6.25 2.82 3.39 15.24 18.45 9.54 6.56 4.29 6.26 5.18 3.48 3.34 1.93 3.82 4.83 5.79 2.67 5.79 8.46 10.24 7.64 8.78 7.43 9.81 4.61 7.74 5.44 4.82 7.99 8.0 15.03 6.06 4.96 3.53 3.78 6.3 3.86 6.24 8.75 9.55 14.45 8.64 7.85 16.89 10.39 6.84 10.04 14.59 18.42 11.78 15.63 10.34 6.47 11.21 14.65 7.81 6.43 4.27 4.46 4.52
2.99 3.02 6.34 6.61 7.86 5.0 6.08 10.05 10.45 6.34 5.65 5.37 4.08 3.36 2.88 3.82 2.85 4.01 3.7 3.36 5.14 2.79 4.09 11.66 13.07 8.06 7.59 13.16 10.84 18.42 8.5 5.38 8.41 9.46 7.07 4.61 3.51 3.27 3.93 3.96 4.28 8.32 7.59 12.36 9.27 4.5 6.69 12.83 6.44 7.9 8.78 9.75 22.31 19.1 24.64 14.24 7.63 9.0 9.01 5.49 4.2 2.13 2.21 2.8
3.09 4.08 7.88 4.67 5.55 4.51 6.25 20.27 12.93 8.91 8.64 13.22 3.52 2.43 3.07 1.74 1.71 1.68 6.85 4.97 4.59 5.53 8.84 12.86 11.23 10.34 8.84 10.92 14.9 14.1 5.82 9.8 8.21 6.9 3.92 5.0 4.49 3.36 5.96 8.94 8.06 9.68 6.62 9.57 7.01 4.91 7.34 10.41 6.21 7.71 6.47 10.29 6.29 10.04 10.42 30.07 10.25 8.56 6.19 3.88 2.02 2.35 3.33 3.75
4.3 7.02 9.66 4.97 4.53 12.59 6.06 16.93 21.05 12.6 12.29 11.04 4.62 3.88 1.4 1.76 2.78 2.58 6.57 7.89 7.49 7.22 10.26 10.44 7.09 15.3 9.55 9.46 8.59 20.61 8.01 11.65 7.47 8.84 5.91 5.78 4.65 6.1 4.43 14.23 12.34 5.2 16.22 11.75 9.43 6.15 8.23 8.51 6.69 9.11 10.86 8.78 8.98 13.35 12.83 16.42 3.26 4.35 1.54 1.53 1.02 2.58 2.94 4.38
7.99 9.53 8.18 7.13 6.53 11.72 13.55 18.11 13.72 15.59 8.42 11.9 4.8 2.89 1.84 1.61 1.79 2.64 6.76 5.13 6.12 13.69 8.17 7.03 5.01 7.19 8.13 6.42 11.13 10.79 7.69 8.13 7.75 15.45 6.63 4.59 4.26 4.19 3.91 6.61 11.87 13.72 12.94 8.18 4.01 11.78 7.33 6.15 4.26 5.9 9.17 5.59 4.43 7.79 5.98 14.48 4.69 4.79 4.5 5.79 1.88 2.73 2.78 3.35
13.84 19.06 13.77 9.15 13.29 9.7 11.53 10.67 8.38 10.14 5.82 6.88 3.49 4.21 5.1 4.81 2.37 3.01 3.42 5.47 3.94 10.5 13.57 13.06 4.56 7.81 12.33 5.28 12.63 10.01 13.09 13.94 17.98 10.92 4.89 3.33 9.71 7.14 2.51 6.75 12.81 12.16 6.88 5.8 5.46 9.87 10.1 7.44 6.92 5.56 3.83 4.57 5.44 8.67 11.38 10.83 8.27 4.51 5.49 5.35 2.89 3.34 2.82 4.51
8.75 8.9 11.72 10.46 8.95 7.56 6.68 4.23 5.29 6.82 5.46 4.33 5.97 9.92 4.13 2.51 1.45 2.24 2.94 3.67 5.48 16.04 12.05 15.96 3.93 6.61 10.45 6.19 4.46 9.55 20.79 24.41 19.73 16.23 13.25 8.99 6.39 4.15 3.99 6.48 5.29 6.37 5.82 4.43 4.38 10.67 6.54 4.12 3.43 4.08 4.04 5.56 6.48 3.22 6.27 7.3 12.46 4.27 4.22 3.95 2.55 4.48 7.7 5.51
8.21 7.3 4.76 7.43 5.25 2.83 4.9 2.98 4.23 2.76 3.18 1.93 5.0 5.76 5.06 3.75 4.72 4.4 3.99 2.79 4.93 27.51 18.73 20.28 8.35 10.15 6.93 7.03 8.7 11.15 13.78 12.75 20.61 17.85 15.03 24.11 17.24 10.0 13.92 6.1 6.35 5.39 7.94 9.52 7.79 7.45 7.41 5.09 3.26 2.2 5.83 9.82 7.04 9.8 8.93 7.14 10.85 6.4 3.33 4.62 2.99 3.76 5.16 6.46
5.03 7.13 5.35 4.69 4.58 6.0 4.51 2.76 3.2 2.81 3.54 2.21 7.06 8.56 10.96 7.77 8.63 8.06 6.09 4.87 11.7 12.87 17.38 14.74 7.4 11.14 6.62 5.41 10.37 20.74 10.5 16.04 26.05 10.66 11.38 11.43 13.39 14.5 8.74 4.86 9.18 9.16 6.53 7.94 12.65 8.69 6.1 5.84 6.34 5.36 2.51 5.64 4.44 5.89 8.2 10.54 7.51 9.54 5.35 3.7 2.49 3.92 3.63 3.53
10.19 4.97 8.73 7.43 5.99 4.44 5.83 6.42 3.77 3.7 4.29 3.4 9.15 11.46 6.42 14.63 6.25 12.52 11.02 14.01 15.68 21.76 15.97 23.0 16.17 7.85 7.26 5.35 7.28 7.13 6.58 8.41 9.81 5.26 10.21 11.89 16.22 12.39 10.42 8.1 5.72 5.17 4.25 8.97 12.35 8.27 6.61 9.99 6.6 6.73 5.08 5.26 4.26 6.08 6.75 5.82 7.32 10.68 2.37 2.77 4.23 2.78 4.14 3.54
16.35 9.67 8.1 5.41 5.34 5.04 6.21 6.45 5.82 2.86 4.41 8.17 9.58 12.89 5.25 12.96 7.66 10.61 10.0 25.31 13.65 14.08 10.49 20.64 23.6 15.29 7.33 9.21 11.96 8.21 10.36 9.09 11.09 6.37 5.38 8.66 7.05 12.27 15.1 7.24 4.05 4.88 6.2 4.96 7.23 11.16 8.39 8.07 6.3 6.14 7.46 10.37 9.91 7.88 10.45 5.95 2.79 6.02 3.71 3.46 4.21 2.43 2.57 3.43
13.34 8.02 10.1 2.96 4.93 6.73 5.19 3.49 5.46 3.73 5.29 10.67 5.34 4.57 4.86 8.99 6.19 11.51 13.21 18.57 12.84 15.13 16.45 17.22 13.66 11.42 8.21 11.54 10.04 5.58 11.32 11.84 24.3 10.36 6.61 6.16 6.47 10.37 8.18 10.1 10.6 11.05 4.93 4.08 4.53 6.99 13.11 11.85 7.73 7.09 8.77 4.33 7.11 7.51 12.48 8.09 3.52 3.92 5.86 9.42 9.54 2.41 3.09 3.94
12.42 8.06 6.37 3.83 7.43 8.31 7.46 2.57 5.05 2.23 6.19 3.97 5.79 5.83 5.27 8.78 7.89 14.95 15.58 7.83 6.79 9.98 11.45 13.84 6.95 9.02 6.43 17.87 10.99 14.73 30.78 24.57 32.39 17.82 7.96 12.16 11.26 13.36 6.42 8.46 8.84 5.34 6.45 4.75 4.43 8.87 7.38 17.85 10.19 13.06 7.65 9.87 19.04 26.04 18.89 5.92 3.49 5.37 3.23 4.46 10.02 5.85 7.95 4.49
7.89 10.02 13.77 8.09 5.27 5.71 5.86 4.88 8.46 4.22 7.96 7.51 4.4 3.74 7.25 5.2 9.12 20.46 21.08 10.1 7.27 6.24 10.82 14.68 11.03 6.7 13.12 28.47 11.61 8.35 27.22 22.8 24.49 15.98 15.1 9.15 9.92 18.98 10.03 5.99 6.29 2.84 6.91 4.41 5.69 11.19 9.86 8.13 6.56 12.26 7.79 9.23 13.82 10.85 12.79 11.76 6.61 2.73 3.84 3.97 10.09 6.39 5.26 5.58
13.43 15.74 11.89 6.12 3.03 4.89 5.69 7.73 2.97 5.59 8.67 9.03 6.28 3.72 8.41 4.67 4.24 12.65 14.86 8.49 5.87 6.81 14.7 11.0 8.4 7.21 5.86 17.16 14.18 11.24 13.71 24.98 39.41 17.88 6.8 7.31 15.19 8.13 5.16 8.23 4.88 3.35 7.37 3.81 7.65 7.97 13.44 9.99 13.49 12.98 11.22 12.72 7.3 9.1 7.14 8.45 5.88 3.06 3.01 3.36 3.96 5.05 4.88 8.6
13.02 11.34 6.0 4.43 3.03 6.2 4.59 5.55 5.77 8.21 6.72 4.55 4.52 4.26 4.72 2.48 3.34 12.05 21.85 6.09 10.59 2.94 8.57 5.4 5.5 6.51 5.52 9.74 7.8 8.93 13.74 15.86 9.34 17.94 6.76 10.49 16.71 18.72 11.22 7.89 8.89 4.33 7.04 6.9 12.43 11.64 21.38 14.59 9.47 4.15 7.48 9.3 8.57 10.0 6.06 3.49 4.99 7.23 2.61 4.79 5.09 6.78 8.16 12.61
28.28 14.82 8.97 7.01 6.41 6.52 4.66 6.81 7.6 5.16 2.94 4.99 9.31 3.41 3.62 1.74 3.72 10.1 6.48 8.58 6.65 5.42 6.49 6.96 6.76 7.09 7.82 9.45 8.18 8.67 4.54 8.92 6.94 7.9 6.5 7.07 15.76 14.35 14.83 6.03 11.96 9.44 10.57 7.25 8.81 11.24 29.43 17.52 7.98 9.5 6.28 12.47 7.32 6.71 4.15 6.71 5.28 5.37 4.98 6.54 5.39 12.6 6.43 7.03
12.4 27.55 23.47 6.33 8.31 3.81 5.54 4.42 5.28 7.65 8.23 3.46 11.45 5.64 4.11 5.46 8.28 5.77 4.44 8.37 9.35 9.04 11.44 9.02 8.6 8.88 3.87 6.88 8.95 6.77 4.96 4.36 5.6 5.55 4.89 3.59 16.91 11.54 7.67 5.12 13.03 6.88 18.09 10.6 17.06 10.02 18.84 19.04 7.45 7.83 7.34 6.69 3.82 6.89 7.63 2.66 3.22 8.4 7.15 10.6 4.94 15.95 11.05 4.69
13.65 26.26 17.28 17.48 21.47 4.78 5.72 5.16 10.79 13.46 14.43 5.85 9.04 5.12 5.01 7.46 10.38 7.13 9.53 10.62 10.96 12.86 18.06 28.49 14.01 9.82 6.2 4.23 4.93 4.2 3.95 5.59 6.21 6.08 5.73 4.85 9.79 5.78 5.35 4.09 8.63 14.16 11.95 12.56 8.13 8.78 6.46 13.89 10.86 6.51 5.46 9.33 6.35 4.22 5.1 3.16 2.23 3.83 6.25 7.85 3.2 7.08 5.28 3.53
11.12 14.5 9.29 13.87 12.33 5.06 2.84 4.15 11.35 11.11 6.52 9.02 10.42 3.28 7.09 7.97 7.45 3.61 5.37 7.07 9.58 11.46 9.62 10.27 13.14 4.43 4.91 3.2 4.5 7.36 4.89 5.78 2.71 4.3 4.59 2.21 5.14 6.25 5.97 3.47 6.25 13.91 9.71 7.35 7.16 4.43 11.73 6.58 3.33 3.9 7.14 6.48 6.84 6.39 10.57 6.85 7.04 5.49 4.67 4.04 5.37 4.75 3.24 4.7
14.62 14.51 4.6 9.62 7.82 4.68 2.09 5.28 4.57 6.79 8.81 11.77 6.39 7.77 12.22 12.02 7.02 5.17 4.23 10.36 9.02 4.41 8.38 12.83 12.36 10.45 4.36 6.53 4.54 6.55 4.58 4.04 3.35 3.23 4.41 3.44 4.99 4.27 3.79 4.88 4.47 8.89 14.96 16.31 10.38 13.91 11.56 5.41 4.89 7.67 14.26 11.85 11.87 8.11 15.09 8.55 4.79 6.82 4.04 3.66 5.93 4.56 4.84 6.17
14.74 5.47 4.5 3.06 10.88 6.96 3.8 4.69 9.78 7.7 13.25 9.38 5.74 7.47 24.91 13.08 9.19 12.93 8.69 10.47 6.22 3.9 7.22 7.22 11.75 6.31 6.32 7.14 2.47 2.69 3.6 5.7 7.65 4.02 5.88 4.21 9.31 6.92 4.82 3.89 5.57 5.85 6.06 10.91 10.84 8.54 15.31 12.18 16.19 8.76 11.47 7.87 5.78 9.0 5.19 4.63 6.88 9.35 3.62 4.98 5.06 5.03 3.52 5.49
14.5 3.2 6.82 8.0 14.03 5.09 7.8 11.96 8.95 5.44 12.7 10.26 7.09 17.63 31.84 15.66 10.47 5.79 5.85 8.7 6.96 7.59 14.33 11.63 24.45 14.9 8.89 9.32 5.15 3.67 5.94 8.11 5.42 3.59 8.57 9.45 9.02 8.48 9.26 8.32 3.43 7.05 12.41 8.3 11.56 13.84 13.8 9.33 17.36 7.21 6.25 6.55 7.31 5.37 8.03 3.99 7.0 6.05 5.68 8.29 8.73 4.72 4.12 7.5
22.35 12.06 10.84 9.25 25.19 6.39 5.59 7.3 10.69 6.71 10.44 12.59 6.35 6.26 23.15 17.96 8.84 8.31 5.42 4.0 5.15 4.96 8.49 7.65 15.51 12.31 7.86 13.85 17.0 6.42 8.43 5.58 7.17 5.87 5.48 4.53 6.01 5.19 4.64 8.26 10.87 8.07 11.88 7.92 6.75 4.93 13.11 8.51 12.92 8.91 12.06 3.33 6.39 12.13 9.62 6.84 11.82 8.0 6.15 7.88 10.25 3.56 2.36 6.34
10.57 14.59 8.88 7.16 14.63 10.69 16.28 7.16 6.46 8.56 5.44 2.32 4.18 7.77 21.1 10.45 13.12 11.16 4.86 1.81 2.54 2.78 3.77 6.6 6.53 7.49 6.42 9.11 12.33 6.29 9.88 3.68 2.86 4.54 4.46 7.92 5.21 5.41 9.89 6.47 8.2 11.79 9.96 5.09 5.61 6.14 11.63 16.52 26.72 12.29 14.87 8.32 13.32 13.49 3.97 7.12 11.28 7.77 8.8 7.33 5.32 6.08 4.8 7.48
9.65 12.98 12.8 7.83 20.73 14.72 17.81 13.46 5.84 4.71 5.31 3.9 6.13 10.26 26.89 11.63 10.94 6.84 4.05 1.68 1.74 2.29 2.53 3.69 6.25 13.63 7.38 8.38 14.03 4.77 12.75 5.21 3.4 5.79 5.62 8.18 10.33 11.36 12.62 11.4 7.7 10.72 9.5 8.13 5.87 8.52 24.15 22.67 19.31 14.62 13.52 13.37 19.05 11.49 4.75 9.38 13.53 7.89 6.87 8.9 9.27 4.89 8.03 7.27
16.21 17.32 10.4 7.71 6.09 6.85 20.78 11.44 5.16 7.3 5.47 4.54 6.82 12.8 33.78 25.21 10.08 9.32 6.63 4.99 5.02 3.72 2.74 4.25 6.89 6.56 5.7 8.22 11.98 7.26 8.79 10.67 9.58 10.54 8.12 9.89 9.52 11.26 10.84 7.24 5.24 10.62 12.45 18.78 10.66 16.79 26.99 23.71 12.16 13.48 13.08 7.6 13.06 10.32 4.98 6.59 9.23 5.22 10.26 5.24 3.87 7.32 8.69 6.7
15.05 25.72 6.94 4.87 6.25 9.21 11.15 9.85 6.04 9.4 7.8 6.87 4.85 11.81 26.7 15.21 11.07 13.59 18.04 5.87 8.58 6.03 3.54 4.9 7.63 2.7 7.14 8.47 19.09 5.41 8.18 15.59 12.0 11.66 8.06 7.87 11.32 9.4 17.86 13.53 16.32 8.87 13.74 21.23 13.26 9.92 14.22 17.07 25.82 25.58 26.62 12.8 15.86 13.92 5.1 4.58 6.15 2.62 6.21 7.64 5.69 6.98 4.37 10.66
24.67 22.74 8.56 5.24 5.6 9.15 8.05 8.72 4.17 4.37 8.32 3.08 5.16 13.08 39.92 16.89 13.94 15.46 10.45 7.31 9.66 7.23 4.38 3.41 2.9 4.03 4.03 3.3 4.83 5.97 6.8 13.17 12.67 18.08 7.58 7.2 16.11 12.68 17.1 15.54 14.04 6.91 23.2 9.64 17.72 4.76 13.75 8.29 20.05 20.54 18.55 11.91 5.85 5.62 7.11 7.78 7.0 3.44 5.73 6.73 5.28 10.04 4.6 5.99
24.61 31.75 10.69 11.13 7.21 4.08 6.29 2.65 2.79 3.01 7.97 6.66 8.0 9.93 23.95 11.34 10.84 4.56 5.75 3.6 10.1 6.75 5.84 8.83 5.5 2.78 2.4 6.17 5.01 7.31 7.43 12.29 6.21 12.84 11.38 14.22 9.66 8.96 15.89 10.4 13.35 7.27 15.75 6.61 22.87 11.46 11.66 8.99 13.64 14.88 28.49 5.06 6.17 14.07 6.99 7.39 12.7 6.24 5.48 10.24 9.27 8.53 12.08 9.11
14.72 31.0 10.63 9.27 10.89 4.06 4.55 2.3 3.06 3.18 6.13 5.44 4.88 6.58 11.5 7.26 14.25 8.53 5.58 11.57 11.73 10.33 9.4 9.14 6.84 3.88 6.65 4.94 4.26 4.03 4.32 12.79 19.23 12.09 16.98 14.8 15.54 9.33 14.3 8.68 21.02 17.4 15.17 12.74 21.34 20.84 9.59 4.09 11.58 13.16 15.33 14.76 16.23 23.95 15.21 12.63 13.96 6.36 4.66 3.55 4.95 6.3 8.01 7.1
9.59 12.96 20.82 10.63 10.33 8.1 9.95 6.47 5.66 6.46 6.27 7.06 7.65 5.66 5.97 4.68 7.05 4.51 2.46 5.2 13.36 12.68 15.85 9.81 12.12 7.47 11.83 9.33 5.61 6.16 8.58 5.72 8.03 7.72 16.74 9.94 8.2 8.51 16.23 13.94 19.07 20.6 16.88 17.26 13.77 14.77 11.94 4.5 6.9 14.59 17.49 27.82 27.21 27.06 13.7 8.87 12.1 4.19 2.98 3.9 3.29 3.68 7.03 9.54
11.14 15.24 12.75 13.42 16.73 7.53 20.7 6.85 5.27 4.34 3.97 5.03 6.16 8.28 3.51 5.14 5.73 3.25 3.97 5.24 4.08 3.16 4.91 10.06 10.06 10.72 8.33 4.61 5.62 6.95 8.53 3.99 4.87 5.52 7.21 6.93 14.04 12.5 23.17 11.21 9.61 14.6 14.6 6.71 5.29 17.77 4.74 3.47 9.01 11.82 29.76 18.75 23.98 26.06 16.74 16.55 18.19 8.46 6.09 4.27 4.18 2.27 6.79 12.58
2.96 9.37 23.76 9.56 17.44 16.42 16.87 9.79 7.66 6.23 5.04 6.33 8.17 4.4 5.19 4.34 1.96 2.79 4.33 5.15 3.91 2.72 8.2 7.86 6.72 8.29 10.25 7.95 4.94 6.68 5.36 3.48 3.91 7.27 8.91 4.75 8.44 8.39 8.76 5.11 9.63 4.43 4.03 2.45 6.09 11.97 12.58 8.87 12.95 13.97 15.72 15.97 14.58 9.18 13.57 11.0 23.5 10.68 14.32 7.15 5.14 4.94 6.26 10.3
4.1 3.84 6.97 4.93 8.49 6.22 10.19 7.99 3.6 7.4 4.36 8.16 8.86 3.85 3.87 6.2 2.89 2.86 3.7 3.15 3.03 2.23 5.1 8.14 8.75 10.93 9.87 10.01 6.85 5.12 8.08 1.7 3.22 5.04 5.53 10.8 8.29 10.51 9.77 7.39 4.7 4.78 4.61 4.92 11.81 8.46 6.81 6.95 14.48 15.16 11.17 12.19 22.51 14.34 21.48 12.12 25.57 9.54 14.36 10.48 11.88 5.51 5.02 7.76
3.97 4.27 5.86 2.44 7.74 3.91 5.09 4.64 4.53 4.22 6.4 14.55 10.18 6.27 7.82 9.23 5.12 3.85 12.88 4.83 4.09 1.69 3.31 5.5 10.4 9.59 12.06 12.74 11.74 10.6 16.44 8.82 7.42 12.23 5.03 5.34 6.18 10.19 5.43 9.93 6.69 8.29 6.82 5.92 8.35 6.31 18.84 14.93 25.59 18.75 17.27 7.07 8.95 11.67 13.11 11.67 10.54 10.42 11.29 6.75 7.9 9.8 4.56 9.67
2.82 3.66 4.95 5.33 8.52 8.53 4.81 4.34 2.54 5.61 7.42 17.89 16.51 8.09 5.55 10.9 7.97 6.19 15.46 5.65 3.71 1.58 2.91 2.87 5.8 4.35 11.65 13.31 13.25 10.86 10.03 7.12 5.98 7.64 7.05 8.89 9.07 10.33 5.6 7.1 5.34 4.84 4.01 8.26 18.56 7.52 6.99 8.06 30.94 8.49 13.49 4.27 8.73 6.52 10.27 6.06 7.59 4.2 11.39 8.57 5.11 11.63 4.58 8.37
4.82 6.45 3.27 3.87 6.55 8.7 4.97 2.51 3.42 8.92 10.44 12.83 20.15 10.56 7.62 12.0 8.68 8.86 9.61 3.17 3.13 2.5 1.49 2.65 6.22 6.13 10.2 6.9 5.58 4.81 12.0 5.67 9.06 14.61 10.79 4.58 4.67 4.84 5.86 3.71 6.16 5.22 5.89 11.17 17.63 14.24 5.6 7.41 8.72 3.5 8.82 4.42 5.96 9.37 4.36 3.88 4.91 4.91 5.79 5.38 5.35 4.29 2.81 7.19
7.54 2.32 1.73 3.12 4.41 4.43 5.13 3.83 6.48 8.9 18.14 19.53 18.48 8.53 7.29 6.49 5.68 9.23 4.77 3.47 3.69 3.06 1.54 4.09 4.5 3.27 6.65 5.04 8.97 4.31 8.73 9.93 7.0 4.48 9.38 3.47 5.54 9.06 13.46 4.67 9.96 11.11 9.07 10.6 9.72 14.86 9.36 7.33 4.11 5.33 4.13 2.19 5.22 6.25 6.95 9.58 9.94 3.68 4.85 4.02 4.17 3.33 3.04 8.42
7.91 4.18 2.02 1.89 5.81 3.86 4.69 3.23 4.55 4.82 8.85 18.29 14.98 5.96 6.11 4.9 7.07 6.02 7.99 12.01 3.03 4.4 2.45 2.34 1.84 2.48 5.12 3.35 4.69 3.97 7.88 7.71 7.3 5.07 5.65 5.47 17.66 16.05 11.74 6.67 15.5 8.63 10.3 12.81 11.23 11.71 7.28 4.96 6.13 7.94 8.53 6.25 6.42 8.52 6.98 7.47 15.76 3.87 4.82 7.25 6.32 3.98 5.93 7.94
5.52 4.65 3.63 6.53 3.91 3.95 7.28 5.98 7.31 10.24 13.22 9.1 5.79 8.32 6.69 4.37 9.83 5.44 7.12 5.56 4.8 3.7 4.61 2.61 2.63 4.11 5.77 5.86 3.69 4.0 7.87 7.74 6.19 6.81 4.24 5.61 7.67 10.76 8.61 9.92 9.79 6.7 18.6 16.46 9.02 12.95 15.83 7.81 15.14 4.31 9.3 9.08 7.95 6.47 6.38 8.31 23.17 11.11 10.37 17.03 12.86 8.5 10.37 11.01
8.62 8.49 3.67 7.88 8.71 6.62 4.13 4.54 4.81 3.9 5.97 12.53 12.37 6.7 9.17 7.75 6.97 5.86 10.69 4.03 6.28 4.02 4.34 2.74 2.85 2.41 3.29 2.12 5.22 7.33 4.47 4.57 3.58 3.22 2.29 2.92 6.01 6.38 3.39 2.64 4.45 11.41 16.68 18.3 4.71 5.62 7.84 3.61 10.18 8.21 12.29 7.08 5.63 9.07 5.7 7.96 14.48 16.68 14.59 15.25 8.39 6.22 8.89 12.34
