6.55 16.33 6.32 8.15 7.82 5.41 3.87 8.13 3.82 7.93 5.44 6.37 13.17 8.26 10.55 8.15 5.72 10.32 5.52 5.98 7.27 6.9 10.33 9.01 6.08 5.79 8.09 5.65 5.07 7.94 7.53 19.96 10.27 12.06 13.28 8.63 12.44 10.44 9.41 12.83 2.51 2.09 2.27 5.09 12.63 4.94 4.94 6.43 7.66 9.34 9.88 7.3 18.77 9.6 8.88 13.54 8.99 10.21 6.53 5.79 3.43 11.63 10.3 4.01
6.39 9.39 5.96 9.24 7.91 5.31 6.14 2.75 5.3 10.07 18.37 15.02 10.22 9.85 5.77 3.64 4.8 5.87 6.17 3.23 5.27 13.65 3.87 9.67 6.73 8.25 10.61 11.83 12.31 8.4 8.43 17.57 15.02 17.5 16.08 13.61 9.67 12.11 7.72 11.07 3.21 2.54 3.67 7.81 6.28 8.13 4.45 6.59 4.03 7.6 4.87 10.46 11.77 16.15 6.15 11.18 10.5 9.26 5.71 5.97 5.29 6.25 9.11 2.92
6.81 5.29 12.66 6.38 6.29 11.36 9.91 7.15 3.95 10.59 21.47 23.87 10.13 5.36 5.56 6.55 5.04 6.44 6.24 5.82 3.33 7.31 8.99 9.43 9.54 10.92 9.92 8.5 10.31 8.28 9.02 6.23 14.02 5.76 8.61 7.97 9.53 13.67 8.41 6.26 4.12 5.33 4.36 6.69 7.09 3.5 7.66 9.59 6.03 9.03 8.2 9.68 8.25 10.92 9.86 8.74 6.04 5.63 3.54 2.9 4.24 5.66 5.04 4.9
8.69 5.25 5.61 9.89 2.98 11.81 9.02 8.75 6.23 13.3 14.4 20.52 6.77 4.94 4.57 9.51 7.32 9.58 6.16 12.12 3.81 5.34 12.51 12.35 11.15 19.45 9.39 9.2 11.15 5.36 4.93 7.26 5.03 5.61 9.15 12.79 10.97 12.53 9.15 14.15 5.79 4.95 7.76 7.38 8.04 5.29 3.98 6.19 13.44 12.74 14.99 11.52 9.04 13.19 6.9 5.26 4.22 6.12 6.22 2.2 4.15 4.14 7.51 6.61
8.78 10.74 7.29 13.66 13.54 8.42 9.11 16.39 8.21 8.97 21.07 37.88 21.04 5.97 7.8 5.55 7.02 7.85 9.2 12.43 8.12 6.02 6.44 8.55 10.27 19.79 9.76 8.98 12.4 6.86 2.71 1.79 5.14 2.61 7.43 9.82 12.28 30.8 20.27 19.41 7.68 4.2 16.41 7.26 7.74 6.01 3.38 13.38 8.42 11.54 15.51 10.03 7.36 4.27 6.11 3.89 3.68 8.2 3.44 4.47 5.35 4.01 8.41 5.47
9.6 7.6 9.91 19.75 18.75 17.21 11.69 7.46 9.05 16.32 24.53 37.43 24.72 8.37 14.7 9.68 9.57 12.35 8.51 10.99 5.04 9.44 7.61 12.86 13.17 8.76 10.65 11.28 10.94 6.24 5.83 2.38 2.93 3.96 8.42 9.12 13.02 38.86 34.75 21.36 6.01 6.39 6.18 5.92 6.25 4.93 4.96 5.81 10.84 7.27 11.53 6.2 8.98 3.96 4.87 5.57 3.13 5.9 4.91 3.96 5.53 3.72 4.01 10.79
16.36 11.19 6.84 14.94 26.62 20.59 27.66 5.64 13.18 10.92 21.43 16.34 11.06 11.39 12.24 14.47 9.23 7.95 10.73 10.36 5.99 4.12 7.6 6.08 7.11 6.38 9.11 10.81 7.69 6.65 7.12 5.29 4.73 6.43 8.93 10.08 9.63 19.44 27.65 17.2 3.76 2.63 3.25 3.97 6.06 3.51 5.65 9.59 5.38 6.76 6.34 3.01 9.48 4.7 3.4 6.43 3.26 6.09 6.35 6.6 4.85 8.99 4.14 10.86
14.9 9.31 8.71 15.22 33.01 17.08 6.99 6.26 11.99 8.63 13.15 10.58 14.62 7.79 12.54 16.26 9.42 12.4 8.59 9.68 11.44 4.11 11.44 5.35 3.44 5.19 5.84 10.15 12.44 9.56 10.68 3.61 4.23 6.45 7.14 6.46 10.79 10.21 20.13 10.36 7.42 2.56 4.02 5.22 4.36 7.38 5.64 6.64 12.87 3.37 6.53 4.68 9.88 11.69 3.92 5.19 6.69 2.42 5.84 7.56 6.32 5.93 4.58 13.67
7.43 8.89 10.58 18.65 18.08 10.71 5.23 4.58 5.19 6.77 10.31 10.5 14.09 15.68 16.43 24.8 9.61 8.8 8.42 10.85 6.79 12.45 12.9 8.97 6.1 5.56 9.49 11.2 11.89 6.17 5.27 3.95 4.1 6.48 3.34 5.97 8.16 9.64 16.71 8.72 9.64 7.04 5.59 10.45 4.16 6.4 8.54 8.31 8.58 6.91 7.37 6.98 12.19 13.19 7.78 4.86 15.81 7.21 6.34 9.29 12.58 8.75 9.29 12.63
12.42 6.6 5.41 14.21 7.26 6.53 6.32 5.24 3.47 4.45 6.61 9.0 20.03 12.96 14.17 19.71 17.8 18.28 11.9 18.63 13.5 8.91 24.42 5.59 5.08 11.13 13.07 14.28 10.25 5.35 5.87 3.61 6.04 4.49 7.59 10.15 8.33 9.96 13.19 16.55 8.93 9.84 8.73 8.76 6.97 4.95 7.13 12.01 7.27 6.8 4.78 2.87 8.62 12.45 10.82 8.62 13.62 13.75 8.68 10.8 14.95 15.43 16.77 13.17
11.87 11.89 8.71 17.54 15.8 8.22 10.22 4.72 5.45 5.22 5.45 9.8 11.66 12.28 15.6 22.81 19.05 12.83 17.49 18.2 13.28 6.73 10.72 7.42 4.25 9.03 13.43 12.52 12.97 6.69 4.62 9.01 10.96 5.9 4.18 5.5 7.95 11.99 10.75 17.42 6.33 6.41 7.15 6.33 4.86 4.44 10.01 11.43 6.5 6.9 4.24 3.78 9.68 6.98 7.31 17.34 19.09 17.19 8.38 13.99 12.89 18.15 11.42 7.95
7.47 7.41 12.14 10.53 8.14 17.41 14.42 7.5 7.11 4.52 8.45 11.43 11.62 11.12 26.45 26.62 13.22 11.62 25.36 20.76 14.43 7.52 6.49 9.88 8.66 9.17 15.21 12.85 12.83 6.66 4.03 10.47 13.75 11.67 8.65 5.4 8.07 7.9 11.85 17.46 10.92 9.02 4.66 4.95 2.3 3.46 6.7 12.44 12.33 6.26 4.37 9.77 8.35 8.63 7.32 12.09 12.09 17.32 11.49 14.92 13.62 20.0 10.06 5.33
8.11 6.29 10.81 11.21 11.6 12.22 11.02 10.71 12.52 8.05 8.76 8.46 6.48 11.1 10.32 17.68 11.88 11.76 16.89 9.98 5.78 14.9 8.46 5.61 5.21 11.83 8.47 16.95 11.06 5.25 5.68 6.66 16.14 10.62 8.13 11.4 9.73 9.09 5.95 7.47 11.8 14.74 4.78 4.2 6.07 8.08 10.91 8.14 6.92 7.04 6.37 6.85 8.9 7.22 10.38 12.58 9.36 11.53 14.86 10.14 14.5 13.92 10.41 4.94
4.77 5.85 14.27 8.41 12.37 15.97 12.68 10.01 4.65 13.0 13.86 18.53 9.86 13.52 13.66 10.64 16.35 20.39 16.81 12.53 8.75 9.68 6.16 4.81 3.74 11.11 5.68 8.17 13.27 12.43 12.61 8.0 13.29 12.08 7.05 10.17 7.92 14.11 9.64 15.16 6.37 14.17 5.19 6.51 8.07 15.97 12.0 10.67 5.98 3.08 3.99 4.5 6.16 8.05 8.3 10.07 9.64 11.57 9.77 10.93 24.29 14.6 9.71 4.08
4.74 6.01 3.64 11.84 6.67 16.76 11.69 6.11 2.87 9.28 12.24 13.02 9.27 9.95 11.94 7.31 4.6 8.25 7.75 9.29 8.25 11.71 6.87 3.2 2.2 5.62 8.28 14.32 7.17 6.88 10.66 7.74 9.36 9.45 11.58 7.72 6.96 12.81 8.18 15.23 10.05 8.91 6.08 6.0 9.27 12.91 16.54 5.45 3.89 3.86 6.14 4.13 6.72 4.54 6.32 7.66 6.75 18.57 11.62 10.86 19.92 20.04 13.03 5.54
5.06 4.9 5.23 13.52 17.43 11.26 14.79 5.01 8.31 17.62 14.3 10.64 10.12 4.64 8.16 3.06 5.39 5.29 4.52 15.11 10.06 5.4 4.8 2.46 2.5 2.22 4.63 10.98 7.19 4.8 4.53 8.59 12.77 8.23 12.82 7.9 19.26 18.71 9.19 12.87 5.45 6.38 3.51 3.77 6.27 7.34 12.21 5.1 2.24 2.78 4.98 5.03 4.95 4.36 6.1 4.26 7.11 9.96 6.0 11.09 18.12 18.26 9.9 7.14
6.31 6.37 6.38 19.54 20.57 13.95 7.71 7.97 8.03 10.55 18.98 11.13 6.88 4.24 2.76 5.67 4.99 4.31 2.9 11.03 14.46 6.93 4.02 2.54 1.06 1.85 3.16 3.95 14.15 4.26 8.75 6.42 17.84 10.02 5.69 11.97 17.61 12.26 11.71 12.86 10.11 3.08 3.02 3.56 4.77 8.13 19.32 6.42 2.61 2.36 10.02 6.5 6.29 6.56 4.87 5.86 6.8 7.32 6.59 8.02 12.25 10.67 4.72 12.09
7.29 4.47 9.18 9.99 14.61 14.28 10.02 9.73 13.58 12.11 10.73 9.31 8.51 7.78 4.18 7.38 5.53 6.09 5.19 8.75 12.58 7.42 4.57 2.58 1.63 1.21 3.3 6.06 6.34 7.27 9.07 9.23 15.19 17.23 10.91 12.89 10.35 13.28 11.26 8.23 6.7 4.64 6.01 2.11 3.05 6.34 10.1 4.25 2.27 3.91 12.15 13.79 7.43 6.64 4.52 5.77 9.24 7.57 9.6 11.82 13.74 5.26 5.68 9.48
4.96 4.08 6.24 10.49 10.01 8.75 8.4 9.48 8.04 11.22 11.03 6.14 7.4 4.04 3.59 6.83 4.86 7.43 7.9 8.24 9.64 7.72 9.68 2.66 1.65 1.71 1.98 6.49 6.18 3.4 7.07 6.86 20.25 14.21 26.29 26.07 7.96 6.68 12.82 8.26 12.23 6.61 4.81 3.03 2.15 4.28 7.18 5.79 3.21 5.86 16.68 21.14 12.32 9.45 4.97 4.54 6.81 5.71 7.23 7.51 9.62 8.63 6.0 13.99
4.08 5.98 13.46 12.61 7.81 12.96 8.97 6.69 9.79 7.37 6.41 7.48 5.99 3.81 9.22 8.42 5.96 6.34 8.56 21.33 5.13 6.43 11.82 5.46 1.17 1.43 4.93 3.95 5.89 2.7 4.82 8.06 12.45 28.61 18.94 15.95 13.37 10.49 13.36 9.2 6.51 5.21 2.87 1.16 1.57 2.58 5.02 7.43 5.67 8.12 20.15 22.98 9.17 4.46 12.15 3.92 5.46 5.92 5.89 9.45 6.97 6.19 9.68 11.15
4.49 3.86 4.82 6.02 8.12 8.85 6.84 8.86 9.83 3.95 8.27 4.48 5.85 4.05 8.26 6.22 8.98 6.73 11.87 9.89 10.0 9.89 16.6 3.99 2.74 3.06 5.17 3.99 7.49 3.87 6.13 6.45 10.44 13.93 22.74 13.53 14.37 13.76 19.56 14.12 7.05 6.76 3.93 1.58 1.85 2.01 6.93 4.84 7.19 15.8 19.21 13.57 9.03 3.94 6.87 3.4 5.34 11.55 8.97 15.53 7.74 10.64 9.09 14.91
7.8 6.41 4.36 7.65 7.92 8.77 4.86 7.97 16.28 7.96 9.14 6.49 4.47 6.35 7.84 5.81 7.6 8.17 23.62 12.96 7.44 15.31 6.09 3.23 2.24 5.0 4.64 7.76 6.86 3.11 8.02 10.13 7.83 7.63 7.84 11.93 16.56 12.95 19.95 15.58 6.7 5.61 1.77 2.28 3.0 1.52 3.75 3.32 5.43 6.49 18.51 14.75 9.18 6.14 6.25 7.52 8.7 14.99 13.48 9.24 7.67 8.25 10.73 12.73
8.96 5.33 5.03 6.49 6.7 7.05 8.86 6.73 7.34 6.62 14.47 5.15 8.97 10.43 8.02 6.82 7.75 15.89 17.85 15.31 10.53 8.43 5.95 3.14 2.54 5.51 5.42 8.9 5.63 8.17 14.65 17.33 11.21 4.55 8.87 14.8 9.31 17.25 11.7 17.26 9.42 7.39 1.13 2.54 4.21 3.11 3.04 5.55 3.07 8.39 15.2 17.18 14.8 10.73 5.27 8.26 9.63 21.69 12.1 9.81 12.86 20.74 12.39 14.43
7.29 5.62 4.45 5.37 5.01 3.85 7.84 5.59 7.25 5.98 4.52 8.39 8.63 6.84 6.01 5.03 4.74 11.8 7.18 9.75 10.59 7.33 5.97 2.82 4.89 3.55 7.34 11.78 9.08 14.24 17.86 13.54 10.99 5.89 5.19 9.59 11.63 10.5 4.44 11.61 9.4 2.74 1.35 4.39 4.71 8.28 3.73 5.23 7.24 9.03 15.92 9.63 10.08 9.33 6.33 11.35 15.81 24.69 20.18 9.67 14.9 20.9 17.42 17.28
6.39 7.31 3.69 4.94 6.55 6.73 8.67 13.51 6.89 7.25 6.26 11.23 4.8 5.09 2.27 3.47 4.33 5.35 11.2 9.37 7.5 7.35 5.05 5.2 7.71 9.37 4.63 14.06 16.93 17.95 20.72 13.67 7.73 5.89 3.86 9.38 7.25 10.85 7.5 15.43 9.12 4.35 2.61 6.53 6.14 9.15 8.05 6.71 5.22 11.46 7.39 8.54 11.99 6.54 7.73 11.39 22.07 13.59 8.9 18.68 10.83 9.42 6.48 8.33
5.38 5.53 4.96 7.04 7.85 9.95 7.92 10.23 9.03 7.09 7.19 4.99 5.36 5.43 6.11 3.88 6.07 7.14 7.6 5.97 4.27 7.11 9.32 6.1 8.51 7.94 8.92 7.46 11.23 12.83 15.42 7.64 5.41 4.61 4.39 3.14 7.28 6.19 10.33 14.63 4.85 8.54 4.85 4.04 8.73 7.59 8.12 4.95 8.03 10.65 8.07 9.56 8.14 7.13 13.29 9.94 16.37 19.06 5.6 8.47 3.09 8.53 8.71 8.47
7.16 8.57 4.48 8.24 8.4 10.64 11.61 12.66 11.07 8.09 7.84 5.11 3.24 5.79 2.66 11.04 4.94 7.84 6.38 5.3 2.67 2.78 3.84 15.37 8.05 10.75 11.88 5.61 5.43 11.78 16.79 10.03 5.03 4.05 5.29 5.11 3.07 4.02 7.92 5.08 4.03 5.53 3.88 7.3 6.07 10.14 8.27 3.73 6.07 7.69 6.15 5.59 5.78 4.99 11.04 14.56 6.89 10.53 7.3 6.31 5.08 4.71 8.76 9.78
7.2 3.52 7.97 6.28 10.9 11.84 6.85 8.74 8.58 6.43 7.33 7.73 8.43 3.67 3.58 4.04 2.59 3.91 6.32 6.55 3.1 2.99 4.21 6.53 4.09 5.55 7.27 4.28 3.93 3.62 7.24 7.11 6.36 6.17 6.29 6.91 1.31 2.29 3.21 5.77 4.56 4.7 3.6 7.03 5.34 9.25 7.59 3.77 4.33 6.43 5.11 6.81 3.26 6.32 11.7 12.23 6.21 11.21 6.13 8.25 5.11 3.62 4.48 9.83
7.73 5.25 6.46 9.04 8.94 10.4 6.17 6.33 5.6 5.46 5.09 5.53 4.49 3.34 5.89 2.17 2.15 3.05 4.21 8.32 4.44 6.0 10.43 7.37 12.48 7.42 4.55 3.87 6.71 6.05 5.58 4.63 6.86 5.25 7.2 5.08 1.98 1.7 3.04 3.21 4.85 5.64 7.19 4.94 12.53 6.24 4.01 4.52 8.49 10.36 8.99 6.71 4.96 6.37 14.7 8.54 4.38 6.63 8.29 5.97 10.12 4.17 5.57 5.1
6.38 4.44 5.85 10.01 5.68 6.93 5.43 4.1 7.97 6.36 9.14 6.84 4.61 4.14 3.59 2.13 2.97 4.59 4.02 3.44 4.05 4.77 8.27 12.58 7.07 12.67 5.48 9.5 5.06 3.54 6.69 4.89 6.17 5.32 6.03 4.36 2.48 1.78 3.42 8.83 4.77 8.28 6.64 6.02 19.57 12.89 6.33 7.27 10.33 5.8 7.15 8.14 8.33 10.18 16.22 4.41 5.86 3.42 5.91 9.15 13.16 9.95 4.77 2.67
4.72 5.38 9.28 11.48 6.02 8.19 10.62 6.54 6.15 11.42 12.55 7.5 4.65 7.3 6.02 2.8 3.98 3.72 10.23 6.64 4.53 11.66 6.63 7.98 13.43 8.3 14.83 10.08 11.32 3.35 3.94 4.9 4.09 2.87 4.27 2.64 4.13 2.85 6.04 11.9 7.99 9.07 6.23 8.65 25.43 9.68 24.34 8.04 10.81 8.95 9.78 5.66 10.19 8.15 10.84 4.18 5.22 3.53 5.29 13.67 14.37 6.74 2.28 2.3
3.52 4.77 9.01 13.4 5.21 13.24 13.44 11.96 9.55 4.47 11.13 10.91 5.99 4.99 3.64 4.95 5.57 2.82 5.33 6.78 4.61 13.75 10.0 6.91 4.57 9.06 8.08 7.81 9.68 4.62 2.95 6.48 5.14 4.26 7.28 7.68 4.42 3.32 4.7 11.52 12.83 6.96 3.16 5.03 11.79 7.31 9.83 10.11 11.85 9.88 12.92 9.43 12.36 11.64 7.95 2.82 5.18 10.49 10.75 23.89 14.42 7.41 6.22 5.62
5.46 4.2 8.32 13.5 9.91 6.11 13.59 9.04 9.03 4.98 5.24 7.57 7.43 6.01 4.9 4.36 8.01 5.55 5.12 8.04 7.48 10.57 8.49 6.88 6.05 6.34 9.38 11.98 9.44 2.91 3.27 4.44 13.24 4.88 9.83 11.56 4.73 4.81 4.15 14.87 11.41 6.9 5.19 5.08 6.29 8.07 8.13 11.38 7.77 7.3 7.54 9.31 12.38 11.75 6.14 9.12 3.56 12.63 12.94 29.59 18.0 8.39 10.38 9.04
5.9 4.37 7.48 4.35 13.67 5.66 6.99 6.11 3.21 3.5 4.68 10.81 8.84 6.04 3.13 5.16 13.45 8.98 3.71 8.02 9.05 12.43 9.15 4.41 8.44 5.26 6.46 7.18 12.36 8.49 4.15 2.56 7.98 5.55 6.29 7.59 7.36 8.69 5.83 11.58 10.29 8.86 7.78 6.58 6.18 5.23 11.77 15.96 6.23 4.73 11.01 12.24 23.34 14.44 10.83 9.73 13.58 11.97 18.95 28.21 12.75 6.87 9.87 5.46
4.68 8.89 3.21 4.7 9.62 11.41 4.86 5.48 3.61 5.61 3.71 5.28 11.22 8.12 5.75 9.24 17.33 16.64 8.1 13.06 8.29 18.96 13.87 5.26 12.13 4.0 8.34 7.74 3.43 5.62 3.73 5.36 6.28 6.46 6.36 11.27 8.04 7.39 9.43 11.35 12.7 14.69 6.05 7.34 6.8 9.0 12.39 12.02 10.51 13.84 9.73 8.41 12.52 10.08 7.01 5.95 5.78 8.05 12.12 18.63 9.73 8.91 6.33 6.23
6.65 7.15 2.9 5.72 4.58 9.24 4.67 5.86 6.2 4.66 5.12 5.28 4.89 3.45 4.04 11.3 15.2 20.31 13.44 13.75 7.31 9.09 4.98 5.81 5.75 5.27 3.89 4.57 2.38 3.63 6.65 5.42 6.73 9.02 9.37 17.54 6.14 5.28 6.78 8.93 13.04 13.43 10.35 9.28 10.15 10.51 20.38 19.5 18.96 18.99 8.86 14.37 16.1 7.03 10.13 3.25 4.86 5.77 9.71 13.41 6.96 10.97 6.01 4.99
7.06 7.39 6.8 11.27 6.88 7.14 8.97 6.05 7.14 6.41 8.45 6.69 10.44 3.14 6.8 11.82 18.08 18.84 9.73 11.65 7.29 7.3 2.91 5.0 7.87 4.09 4.87 4.43 4.05 2.41 6.29 4.73 2.38 7.68 9.72 11.83 6.72 8.64 6.08 6.41 9.18 10.52 9.06 15.07 8.75 14.62 11.61 6.08 11.07 16.2 6.49 11.06 10.16 11.29 6.98 6.32 3.44 5.23 7.62 7.85 5.27 8.55 8.51 10.19
12.7 7.75 6.8 6.05 5.67 13.13 10.52 7.78 4.93 5.19 10.72 11.51 14.1 7.98 7.84 10.24 7.9 16.88 11.0 10.58 8.49 3.47 10.36 5.53 7.33 9.9 6.86 8.4 4.21 4.42 7.46 6.84 5.87 4.93 17.63 16.79 10.21 14.11 6.7 9.76 9.97 7.98 14.82 8.57 8.74 12.78 9.08 12.28 8.4 14.8 14.58 9.96 11.53 12.47 9.72 5.43 5.11 10.24 4.55 7.1 8.08 6.86 8.41 7.99
16.37 11.93 10.16 6.74 10.51 8.71 14.64 7.8 4.47 10.39 11.16 14.94 22.58 8.71 7.2 7.37 14.44 8.83 13.21 13.36 8.41 4.87 6.29 10.74 10.28 9.16 18.17 6.85 3.3 5.45 7.34 7.06 9.94 7.62 22.46 13.17 6.38 6.61 7.91 10.56 4.29 5.84 6.12 9.22 10.31 11.92 8.93 10.69 14.03 6.95 6.31 7.27 14.24 6.58 9.85 5.69 4.28 7.48 6.91 5.07 6.78 5.04 8.85 8.11
13.95 9.45 8.03 6.11 6.56 15.32 12.11 8.63 4.77 6.31 9.67 12.35 10.15 15.35 13.28 10.08 12.5 8.31 9.41 17.08 10.51 6.97 7.81 19.54 21.5 12.52 19.52 9.68 9.06 13.26 9.74 5.93 10.51 6.63 5.21 10.18 7.2 7.87 6.53 5.04 4.13 4.61 9.07 6.5 8.19 9.46 9.4 15.03 10.95 6.35 8.77 5.2 15.89 9.62 8.9 8.01 3.64 4.45 3.69 3.88 4.2 2.6 4.08 4.84
9.35 4.8 6.79 7.86 9.67 12.27 8.8 10.23 8.24 5.89 5.73 6.84 7.09 12.74 5.02 6.13 5.44 5.35 7.52 10.7 9.32 8.91 12.17 20.09 14.98 32.72 23.27 15.66 10.88 10.83 5.7 3.25 6.53 6.18 4.57 4.62 9.17 7.78 6.63 5.84 4.52 4.0 1.68 5.9 5.06 4.89 8.56 9.01 18.61 3.85 4.88 9.11 10.76 19.63 11.62 5.53 7.14 3.64 4.17 2.59 1.37 2.95 4.97 9.02
6.29 5.17 13.78 5.68 11.36 6.84 12.89 10.79 15.0 5.7 7.0 4.98 7.9 6.3 4.16 3.14 4.27 5.03 5.05 9.85 15.21 9.32 11.73 12.48 20.78 30.16 27.15 14.52 17.58 8.3 8.41 2.31 7.76 6.81 7.71 7.21 12.16 8.22 7.85 6.41 4.62 4.52 3.27 3.29 3.5 5.09 5.71 8.2 29.14 5.5 9.58 12.42 8.99 12.59 10.33 10.15 8.1 6.07 2.83 3.27 1.37 2.63 4.77 8.13
11.18 10.3 19.37 11.9 7.95 5.59 7.37 11.99 7.74 10.32 16.32 4.72 6.35 8.29 3.01 3.79 2.96 4.81 7.0 11.49 11.81 13.82 14.83 13.76 25.26 21.39 24.02 18.07 20.69 9.39 7.78 2.86 6.12 13.09 10.45 6.3 4.71 5.7 10.97 5.35 6.04 4.19 3.91 5.52 4.55 5.96 9.25 8.92 18.94 6.12 8.61 13.29 21.37 12.85 6.19 9.31 8.13 10.08 4.62 3.28 2.26 4.41 4.98 6.07
17.77 8.77 9.38 8.57 9.0 5.69 8.18 5.69 11.77 11.54 13.71 11.95 7.41 9.32 9.85 2.98 4.11 5.11 11.01 31.72 10.88 8.19 13.27 13.26 16.16 15.96 43.22 44.45 15.65 8.59 5.16 6.4 9.77 7.18 15.07 6.94 3.88 5.29 6.77 13.19 8.84 10.23 5.92 6.19 12.58 6.28 12.79 17.13 11.52 9.11 6.77 9.09 12.34 18.31 11.66 6.27 5.42 5.26 4.95 4.7 4.0 3.88 5.56 3.54
18.15 11.98 8.0 14.65 5.58 5.89 9.0 9.68 6.6 18.45 12.98 12.73 9.7 6.6 5.47 4.51 8.81 5.45 13.94 21.14 12.57 12.64 8.34 15.9 7.54 9.13 17.94 26.78 24.66 7.93 5.29 6.57 4.45 2.73 5.96 8.52 1.84 4.67 5.76 10.12 15.19 17.41 13.42 11.16 9.1 7.3 16.0 20.06 13.16 9.44 7.02 11.25 13.26 10.1 15.91 6.2 5.11 4.94 5.33 3.65 4.12 3.35 3.34 5.43
11.89 10.4 4.46 7.38 4.33 8.97 10.35 15.04 8.04 12.9 17.3 7.5 11.67 9.34 8.84 7.01 7.34 7.42 7.32 11.23 9.08 17.29 6.32 9.76 14.86 18.51 21.12 21.1 12.48 17.31 8.79 10.93 3.68 4.35 3.73 8.87 2.62 3.6 5.64 14.74 14.57 28.63 11.32 13.13 8.87 7.72 11.79 11.69 18.8 10.95 9.45 15.22 8.69 15.97 12.74 6.59 6.24 3.73 3.19 5.65 3.4 6.67 2.77 6.07
5.21 5.47 3.99 3.26 4.19 9.34 17.89 12.82 7.36 11.59 13.53 4.06 11.59 7.18 7.0 4.55 5.69 3.09 5.27 7.74 8.64 9.67 9.09 10.42 15.2 13.38 18.3 17.86 18.52 10.45 18.7 8.45 4.1 5.71 7.86 9.13 4.44 2.94 6.38 6.85 21.4 25.69 16.39 19.26 14.57 6.58 10.27 13.45 10.6 8.65 10.49 12.36 9.21 16.04 12.01 7.97 7.17 7.18 3.48 3.98 5.75 9.58 7.17 5.52
5.19 2.77 4.23 4.96 4.1 12.59 9.06 14.47 8.57 13.02 8.21 4.83 8.56 8.18 9.38 6.84 2.16 4.57 3.26 9.36 8.26 16.53 10.76 12.89 6.65 11.5 14.94 14.09 33.19 16.46 18.24 11.3 7.97 7.22 8.11 9.27 4.79 6.56 5.2 15.27 9.08 10.19 12.25 12.37 18.22 8.41 5.77 12.29 7.42 7.46 10.65 11.13 9.17 9.87 14.36 9.27 13.27 10.12 2.99 2.88 6.15 8.38 8.02 2.91
8.34 4.75 4.15 2.78 4.84 4.8 9.24 8.75 5.56 5.55 4.0 5.54 6.44 6.04 6.01 7.25 3.5 2.83 3.66 12.2 13.02 23.88 14.33 9.09 17.76 4.76 11.67 12.19 27.25 29.61 7.91 12.08 11.26 7.3 11.47 4.07 3.78 9.63 3.99 23.65 13.63 12.1 9.01 9.75 5.48 5.87 5.85 12.58 12.46 9.91 5.54 9.9 9.01 6.29 12.36 26.52 11.93 8.73 3.7 5.64 6.91 9.8 12.14 7.08
10.02 4.24 2.74 3.08 4.03 5.04 5.72 9.76 12.32 6.87 6.59 7.76 2.4 6.72 5.61 5.01 3.99 4.11 3.99 10.15 15.12 20.59 12.27 13.54 19.48 7.01 8.53 29.48 18.2 18.72 11.8 12.13 12.72 6.59 10.18 7.71 4.72 6.21 6.09 13.15 16.82 9.35 6.79 14.88 6.24 3.76 4.32 6.16 13.39 5.73 7.82 6.93 4.36 6.12 12.69 21.46 23.97 11.57 8.38 10.67 5.55 7.14 12.03 6.22
11.91 5.89 2.7 1.46 4.69 8.14 10.41 7.89 11.65 9.75 5.96 3.72 4.99 4.38 6.79 4.21 2.97 9.08 6.97 17.97 22.87 12.45 8.78 9.12 10.07 6.06 10.29 33.31 20.15 17.88 15.15 6.91 6.78 7.62 5.5 9.48 4.68 6.2 6.53 6.35 16.56 13.93 9.29 22.05 6.17 3.63 2.09 8.11 7.6 3.92 3.41 6.85 7.84 5.47 9.35 27.08 28.71 21.26 15.7 15.01 11.24 10.51 4.16 8.14
7.74 11.58 6.19 3.99 5.5 8.01 12.27 12.55 6.64 7.11 10.51 4.14 7.67 6.61 6.76 9.31 4.34 7.61 8.45 10.63 28.86 9.21 11.06 12.55 9.29 7.06 11.7 22.64 37.61 14.64 20.01 7.81 13.77 8.25 8.88 7.07 7.47 2.46 7.8 4.81 15.26 11.03 9.04 8.18 4.91 4.05 3.47 3.59 9.95 3.28 7.48 3.07 6.26 4.65 6.14 13.78 22.56 11.4 16.92 17.88 12.28 13.04 4.89 9.54
10.92 9.0 5.32 2.83 6.11 7.67 5.57 11.4 4.44 8.15 15.06 5.58 6.71 8.48 8.14 7.55 4.38 8.79 10.92 10.38 8.28 5.95 13.37 20.08 7.36 4.52 6.98 12.9 10.93 9.43 13.88 9.52 12.89 8.7 7.43 9.18 8.09 13.77 5.79 7.66 14.23 21.0 14.85 5.83 6.04 5.12 6.01 3.94 7.01 3.24 5.0 3.08 3.24 3.73 8.17 12.8 8.07 11.13 20.93 30.18 20.29 15.58 17.35 5.91
10.59 4.97 5.52 4.47 3.83 10.97 5.62 7.21 7.31 6.88 14.08 7.2 7.12 11.54 6.64 4.29 10.37 8.61 9.41 11.28 11.77 12.85 13.42 12.11 8.91 5.06 6.85 4.32 9.8 8.15 10.13 14.65 6.13 10.45 8.51 6.43 9.11 8.98 12.99 7.45 7.12 14.49 8.58 6.48 7.38 5.27 4.51 2.99 3.32 2.39 2.09 4.02 3.6 6.37 6.44 6.89 11.33 17.62 13.05 23.08 15.86 10.83 9.38 5.43
6.82 6.85 3.95 8.07 5.73 6.72 10.1 5.99 5.31 3.47 5.42 7.97 13.21 7.52 5.25 5.54 7.38 7.84 17.83 17.86 12.09 12.59 11.74 8.93 3.36 3.57 8.86 4.53 8.73 12.11 14.31 32.97 16.04 8.75 5.57 7.22 16.46 14.31 10.32 9.62 7.75 12.83 7.48 4.78 3.71 5.26 6.61 2.39 4.17 3.18 3.45 3.25 3.17 5.04 13.26 8.82 14.51 18.85 30.79 14.65 18.67 21.29 8.35 5.86
11.87 7.58 7.17 4.11 6.06 6.02 6.15 11.72 5.09 3.43 4.82 7.19 13.84 8.31 5.17 9.11 9.14 7.71 17.52 14.35 17.48 13.87 10.27 11.86 2.55 3.51 3.89 2.55 8.84 10.41 25.87 30.28 15.04 6.2 6.18 8.47 4.06 8.45 9.89 7.92 5.49 8.43 7.37 6.07 3.65 4.84 6.41 3.21 7.43 4.23 4.08 6.01 4.04 6.0 5.59 6.83 13.07 13.07 21.05 24.16 10.06 13.6 7.99 8.28
6.89 7.1 6.37 5.66 4.39 5.81 4.24 7.14 6.75 2.76 3.49 8.08 16.51 7.32 4.06 5.87 5.29 9.81 12.44 16.93 21.95 21.61 7.29 9.34 5.4 3.93 3.59 2.64 4.97 9.22 13.76 24.29 20.91 4.54 8.39 9.79 9.29 8.54 16.78 10.25 6.29 7.33 7.7 8.47 5.68 2.26 4.94 4.52 16.29 5.63 7.46 15.01 8.28 5.55 8.9 9.29 12.13 14.55 14.59 15.78 19.64 11.22 6.55 7.51
3.44 4.67 5.32 5.3 6.97 5.73 6.36 3.18 6.03 5.56 6.77 10.2 6.83 10.15 4.51 4.9 5.27 7.1 16.32 46.43 12.13 15.81 9.28 7.96 4.43 2.77 2.28 3.16 4.47 5.15 7.72 13.25 16.97 9.87 15.5 9.82 13.8 13.25 11.57 11.37 3.9 10.24 9.7 9.46 6.2 3.89 3.04 11.08 9.45 6.33 9.4 9.82 9.56 4.77 4.96 15.56 11.02 14.39 9.42 11.39 14.94 10.55 9.09 8.03
3.48 7.72 5.66 5.12 8.01 6.67 5.9 4.62 6.72 8.67 8.65 6.47 5.5 10.89 6.17 5.84 8.77 10.02 16.84 27.49 11.07 25.28 8.66 6.95 6.24 3.53 6.44 3.76 4.29 5.6 13.2 18.91 15.26 12.03 13.37 9.58 8.51 15.3 8.67 25.03 5.0 11.68 10.69 12.47 15.78 10.47 8.39 7.84 7.2 9.52 8.16 10.38 5.68 4.86 5.61 10.6 25.86 21.89 14.96 34.84 7.46 9.72 5.03 6.95
4.28 5.24 4.82 9.84 9.22 8.48 11.84 7.68 11.7 8.3 12.48 11.55 5.07 9.59 13.41 4.49 8.58 6.86 16.1 13.09 9.46 11.83 6.14 5.76 10.17 4.04 10.32 5.95 7.83 6.83 5.56 13.9 5.8 13.43 10.64 8.32 5.34 6.95 8.81 12.54 12.42 12.38 8.47 9.29 12.75 8.43 8.25 6.27 6.47 5.85 7.52 9.03 8.02 10.55 7.93 9.64 14.99 22.4 14.16 29.5 10.36 5.01 9.52 8.37
6.08 5.01 5.56 17.56 9.37 8.88 12.45 11.07 7.03 12.06 8.21 6.32 9.13 5.85 14.04 7.19 4.5 8.35 13.41 10.59 13.26 7.73 11.56 6.75 5.72 9.1 9.61 13.13 6.3 7.22 4.71 4.66 6.85 6.69 15.85 9.33 7.91 11.48 8.34 12.6 12.13 7.85 5.63 10.09 13.92 7.5 9.39 8.81 8.1 9.45 9.56 9.09 9.96 8.4 9.9 6.75 7.77 17.36 12.63 8.15 7.76 7.43 11.84 13.07
4.27 6.38 5.65 9.75 13.7 7.07 6.07 12.11 6.47 16.01 9.25 6.29 9.97 6.99 8.13 4.76 5.35 13.57 7.91 15.83 6.28 5.72 6.65 5.35 3.59 4.29 6.59 6.21 17.77 8.6 3.43 6.76 10.04 8.77 4.24 5.61 7.56 9.77 8.49 12.17 14.67 5.72 6.71 8.45 7.13 12.63 15.27 18.27 11.33 4.24 14.71 5.99 11.1 12.17 7.9 13.67 10.15 7.49 16.03 10.05 11.44 7.78 9.54 13.17
3.02 5.17 4.55 7.43 9.68 6.09 3.63 8.07 9.2 10.72 10.21 6.8 18.17 9.45 11.47 13.0 7.19 11.81 11.52 8.53 7.77 11.32 13.82 4.08 6.03 2.79 6.45 6.71 13.25 16.51 6.17 5.63 15.13 5.64 3.45 6.93 8.55 10.9 8.42 19.6 19.14 7.13 9.57 9.0 8.87 9.81 9.73 13.39 10.26 7.35 5.85 6.51 10.59 7.31 8.64 9.99 14.19 11.11 7.41 13.56 8.05 8.26 7.29 8.54
3.7 6.51 6.54 4.94 9.27 5.76 4.66 10.01 14.35 20.13 11.42 7.58 12.75 13.63 11.95 8.56 6.29 11.95 11.09 7.18 5.04 13.56 16.45 8.41 5.53 4.78 7.68 7.19 12.67 18.08 19.22 8.0 14.15 3.87 3.58 8.57 9.54 10.79 13.63 18.57 8.76 9.18 7.83 7.6 8.67 7.8 14.53 12.42 15.76 10.49 5.09 9.84 8.24 11.14 8.04 8.53 5.74 7.13 16.73 16.12 8.53 6.23 5.84 8.06
