4.71 3.67 2.79 6.99 3.21 4.0 4.39 4.38 7.97 3.85 3.12 4.75 4.27 5.94 5.33 4.67 4.29 5.11 6.88 8.96 7.74 7.67 12.68 5.71 11.32 7.86 5.74 11.69 7.42 10.86 4.66 4.9 7.23 4.29 4.91 8.99 8.84 6.65 6.39 7.11 13.01 5.25 4.55 6.12 8.91 13.87 14.85 19.25 15.79 11.94 15.82 12.25 16.42 4.52 4.18 3.34 3.48 2.56 2.73 3.11 9.66 16.97 4.82 2.84
5.19 3.62 8.35 7.03 11.1 4.23 5.05 5.47 6.88 5.4 4.43 8.06 5.59 3.29 3.39 4.85 3.98 4.62 8.04 13.84 11.21 10.69 12.71 4.94 4.17 6.63 6.48 6.63 6.08 5.26 6.69 7.77 11.21 5.85 6.84 12.23 6.56 5.71 9.11 6.25 12.96 7.51 6.71 7.55 5.2 5.96 7.08 13.08 23.88 10.49 11.99 14.36 12.69 12.01 3.23 3.56 2.83 2.7 2.47 4.86 17.09 19.07 3.62 4.48
3.37 2.77 6.48 5.66 7.79 7.25 7.38 4.1 5.44 10.08 4.79 8.72 8.08 7.69 7.99 4.71 2.83 5.85 13.39 8.67 5.37 6.66 9.71 8.16 6.0 4.07 6.54 16.09 8.52 6.84 5.6 10.59 14.81 7.17 9.3 9.66 5.65 6.27 9.77 11.4 10.49 8.98 7.2 4.57 5.98 4.82 7.98 10.38 15.35 6.37 6.81 9.56 8.14 9.29 4.52 5.89 3.51 3.1 2.8 7.34 17.87 15.03 3.84 11.47
2.76 3.26 6.84 5.49 5.46 8.44 7.84 8.58 4.33 10.89 5.62 7.98 10.27 8.11 6.98 5.2 2.89 5.92 8.91 6.9 3.52 5.22 12.61 9.4 6.36 7.92 11.46 12.67 7.79 3.07 8.13 9.33 7.59 5.09 8.99 9.9 5.62 4.65 10.17 9.65 10.19 8.77 7.73 5.0 4.95 5.43 8.74 7.16 11.0 5.83 4.5 3.99 6.77 9.39 6.29 6.82 7.31 9.13 10.91 6.93 11.1 12.88 6.9 6.63
8.53 4.73 8.07 4.26 3.97 9.88 10.68 3.68 6.62 6.16 9.03 7.86 8.45 7.99 5.72 4.81 3.41 8.13 12.31 8.66 6.05 4.83 9.06 9.91 4.26 5.73 7.68 8.88 6.94 5.36 4.66 9.68 6.29 5.58 7.96 7.55 8.5 6.29 7.31 6.37 11.76 12.11 5.9 2.82 3.92 2.7 5.77 11.91 12.66 8.41 4.47 3.81 5.04 5.81 10.92 6.17 12.94 17.3 11.23 9.62 9.13 12.88 9.96 7.87
8.98 7.06 7.5 5.21 11.36 10.43 8.03 6.64 6.64 7.39 8.88 11.14 13.4 4.2 7.02 5.2 6.44 12.12 12.15 4.95 5.14 8.31 7.16 8.08 3.45 5.33 5.81 5.83 8.39 6.64 8.82 13.93 8.4 11.04 7.52 14.02 7.52 6.58 5.93 7.15 10.46 11.99 3.67 3.99 3.51 2.37 4.92 5.7 14.2 8.83 8.4 4.31 7.71 11.77 10.77 10.57 12.4 8.82 9.47 10.24 16.75 18.3 12.46 10.06
5.53 10.35 4.7 5.82 9.79 24.52 8.17 8.56 7.31 5.07 12.82 6.46 4.61 4.92 8.29 8.02 6.8 10.11 10.28 3.73 5.89 7.52 7.49 14.64 4.54 5.44 3.66 5.33 7.76 6.01 5.57 7.71 11.46 12.98 8.0 6.69 10.49 4.35 4.87 5.58 4.7 9.29 2.73 2.95 2.96 2.12 2.76 2.92 5.51 8.83 13.83 8.34 9.61 12.19 11.08 7.76 18.85 8.65 10.49 21.31 32.02 14.7 11.79 16.21
4.07 4.63 4.53 5.08 15.46 13.73 12.94 11.74 11.84 10.78 9.5 7.62 4.09 4.38 5.88 7.43 9.69 8.55 6.34 8.2 9.24 13.8 13.41 10.44 4.36 2.22 3.7 4.27 6.03 2.06 5.77 9.16 8.65 7.34 12.43 13.7 12.42 9.02 4.47 5.87 6.82 4.65 3.34 2.87 2.64 2.21 2.53 2.93 4.06 10.94 9.09 5.93 7.9 11.34 11.49 9.61 12.63 8.35 11.78 11.11 17.04 10.62 13.43 7.14
3.87 2.7 3.75 8.25 4.96 9.25 6.99 8.4 10.9 9.97 19.52 6.99 4.18 4.45 4.99 8.35 10.18 6.82 6.54 7.13 16.11 18.79 10.86 14.61 5.69 3.14 3.68 4.53 7.36 8.39 6.26 6.9 5.75 10.24 17.79 16.99 16.4 15.02 4.91 4.68 6.25 7.47 3.66 2.48 2.18 1.39 2.54 3.32 3.75 7.71 5.04 5.39 10.58 8.64 13.68 9.01 10.71 4.02 3.8 7.41 7.13 15.5 10.67 5.0
4.99 3.03 2.79 9.24 4.11 4.63 6.37 8.48 8.89 9.97 9.78 5.1 5.3 5.94 3.26 3.95 7.47 6.73 5.43 3.69 4.86 15.42 6.93 10.07 8.41 3.92 3.74 3.66 7.63 6.79 2.34 4.05 3.26 9.22 9.3 16.16 12.88 7.26 3.63 5.79 8.62 7.86 5.02 3.29 4.08 4.48 3.02 4.38 3.93 5.12 6.49 4.63 7.83 4.94 11.9 14.63 9.11 4.97 7.5 5.88 9.99 8.74 10.36 4.13
5.2 2.69 4.41 7.33 6.27 6.7 10.55 6.5 5.68 6.32 10.93 4.67 6.36 9.87 5.17 7.49 6.49 9.41 11.01 5.95 12.44 7.32 9.21 3.78 7.49 10.0 8.71 4.38 4.09 5.8 2.1 2.87 3.03 6.34 12.56 16.27 15.15 4.86 3.82 8.01 11.75 11.21 6.77 3.43 5.34 4.53 4.72 4.46 4.65 5.66 5.23 9.11 7.37 6.76 5.85 6.79 12.19 7.96 10.96 8.78 8.61 8.83 7.63 7.93
8.16 3.64 5.08 7.45 10.22 3.6 5.96 5.27 3.6 7.43 4.18 8.13 6.52 7.8 8.21 8.58 26.71 13.76 11.84 8.02 7.26 5.85 5.21 4.26 7.54 9.55 12.03 8.28 4.76 7.31 2.45 3.23 4.44 6.52 16.75 22.07 14.02 4.32 4.51 9.62 10.53 8.95 11.38 7.83 6.84 5.96 5.73 12.83 12.52 17.63 5.58 16.11 9.63 4.88 4.6 7.97 6.58 10.02 11.48 8.07 8.93 12.02 17.38 7.44
7.71 8.11 6.45 12.8 5.65 4.65 4.8 5.84 3.17 3.71 4.73 5.6 7.87 5.27 10.53 18.26 31.02 11.42 6.12 6.68 3.5 4.52 6.85 7.65 7.89 10.72 10.42 6.06 7.39 11.11 3.83 2.0 5.9 6.02 10.02 16.43 13.23 8.49 5.86 8.36 7.62 16.52 15.46 15.07 8.78 10.08 10.62 13.24 12.74 10.85 6.58 6.79 6.1 4.35 4.8 8.94 15.62 11.16 9.06 7.99 10.9 15.02 17.39 7.68
11.76 9.9 9.09 7.52 4.97 4.78 5.86 2.4 5.5 8.43 5.33 5.92 9.17 14.75 12.32 13.24 14.38 8.53 9.0 8.72 7.56 8.36 7.34 5.39 8.81 5.28 10.81 5.82 9.87 9.95 4.59 4.21 5.54 7.29 7.7 11.34 21.77 12.62 11.26 13.41 17.76 14.67 12.84 13.56 8.59 12.87 10.55 15.9 10.6 7.28 5.27 5.03 6.77 5.24 8.07 7.63 7.11 13.87 8.42 11.76 14.51 10.45 18.97 6.77
7.62 12.24 14.57 4.1 5.06 1.92 6.01 3.78 7.57 7.94 7.36 4.74 8.74 12.71 12.18 9.31 6.68 8.94 7.43 8.9 6.63 4.5 5.69 4.89 5.5 6.94 9.02 9.19 5.32 6.37 5.32 5.02 4.43 4.58 5.99 12.66 10.57 17.2 15.28 13.02 15.88 28.3 12.97 9.74 5.62 7.22 10.35 13.3 11.83 6.44 5.32 5.92 7.16 9.53 7.32 7.3 6.02 7.09 4.15 10.13 11.82 14.1 10.44 9.75
9.0 11.38 11.03 3.9 6.36 4.5 5.03 5.18 2.91 4.9 7.09 9.09 7.19 14.33 15.43 9.43 14.44 13.3 13.0 10.98 6.05 5.85 5.91 12.61 10.76 7.97 4.49 6.67 8.44 3.27 6.93 4.3 5.52 2.76 6.23 10.72 9.48 10.25 9.2 8.41 10.98 20.91 8.11 10.36 8.82 5.42 4.19 6.07 9.8 5.45 6.23 4.93 4.62 6.03 8.78 7.6 5.01 5.49 2.32 7.24 4.07 4.61 11.81 13.15
12.7 12.03 5.97 4.88 9.16 10.2 4.89 3.7 3.76 3.21 7.37 10.08 12.46 14.65 14.36 9.11 8.79 20.29 14.98 16.26 9.75 5.25 9.86 7.13 9.04 5.37 3.78 10.93 9.49 5.67 5.32 4.67 8.19 2.59 5.46 10.37 9.56 14.43 8.04 5.33 11.54 7.62 16.04 7.03 10.18 4.2 4.97 4.4 4.73 8.23 7.98 6.98 3.65 5.34 4.15 6.13 5.35 10.66 6.35 5.68 3.42 3.85 6.26 6.69
13.82 11.14 6.28 3.7 6.95 11.5 7.54 3.45 3.62 4.62 4.79 4.56 9.48 10.22 12.15 8.31 12.34 9.19 13.37 11.73 12.88 11.46 5.86 4.83 7.1 6.73 6.52 9.5 5.89 8.0 7.53 8.99 6.82 4.71 4.86 11.24 12.85 7.59 5.71 6.84 12.0 10.96 7.52 6.05 4.75 4.98 4.62 5.11 4.45 9.77 10.2 7.12 5.63 4.81 8.36 5.52 6.65 14.32 9.99 5.73 4.83 5.63 8.04 10.54
13.77 20.24 10.5 6.68 8.69 15.46 6.59 7.93 5.23 6.21 7.8 13.16 16.4 12.03 16.91 14.46 16.54 8.72 14.14 17.68 8.58 11.62 11.7 6.55 9.8 5.32 6.44 8.5 5.95 8.25 11.11 13.06 8.75 4.64 4.97 6.62 7.89 7.55 6.05 8.8 6.08 9.36 13.16 13.14 5.45 2.8 4.79 6.15 8.07 9.76 7.97 4.49 5.62 5.81 6.57 7.22 10.93 8.18 7.36 5.55 7.15 9.39 10.36 15.9
8.55 6.46 9.53 6.42 6.69 9.22 7.29 11.27 6.39 4.05 11.73 18.31 15.13 10.84 10.95 9.19 14.7 18.49 21.35 24.01 16.75 18.11 11.18 12.78 9.59 8.52 10.01 9.0 5.73 5.47 13.6 11.01 11.39 5.91 4.27 7.34 13.56 6.79 5.38 4.38 7.92 5.96 14.05 17.23 6.64 4.5 4.66 5.4 8.84 5.84 4.97 5.67 3.97 5.24 4.98 8.59 10.95 8.63 7.18 11.7 10.79 6.04 6.17 14.0
7.28 4.6 3.84 3.6 5.74 4.05 7.78 6.31 5.83 4.56 10.08 8.12 8.57 18.98 13.54 11.19 17.46 22.18 11.91 15.22 29.75 14.53 10.88 9.99 13.84 8.26 12.67 14.73 5.03 6.53 7.35 12.35 10.82 3.94 5.47 7.87 9.74 8.16 5.96 5.43 7.83 6.74 20.29 11.1 7.79 4.58 7.0 9.0 5.98 5.71 3.88 7.17 5.61 7.09 6.02 8.57 7.04 5.72 10.91 5.81 7.25 8.02 8.29 21.68
6.33 5.12 4.63 3.42 3.8 4.35 5.8 5.34 4.81 12.3 11.89 9.56 9.15 15.78 10.24 7.35 14.54 32.53 17.55 12.7 19.07 28.18 13.52 15.06 9.4 11.31 18.63 18.01 7.73 8.52 18.92 10.38 4.97 4.25 3.46 6.93 7.28 7.85 8.66 8.12 7.98 7.89 11.88 5.71 3.57 6.12 6.6 5.69 4.67 2.38 5.82 2.79 5.78 5.7 6.88 12.18 8.57 6.95 6.52 4.82 6.34 12.02 12.79 12.73
10.41 9.75 4.69 4.15 8.23 10.51 4.89 3.08 3.84 4.29 10.89 13.06 9.26 5.63 8.24 7.03 18.51 33.07 23.73 15.69 11.92 13.94 13.2 10.01 7.73 12.6 13.43 12.74 10.51 12.94 11.36 9.05 4.14 5.37 3.35 4.99 6.22 6.98 8.85 11.25 6.31 4.39 8.36 7.09 4.94 4.62 5.48 5.16 5.56 4.56 8.38 5.87 6.9 3.99 8.54 8.99 11.14 6.51 10.9 7.21 14.63 14.14 14.04 11.01
7.58 4.27 4.83 3.86 13.48 8.81 6.5 2.77 3.29 2.42 7.03 11.7 11.68 7.88 14.49 22.94 15.33 32.82 17.75 13.71 12.81 9.62 21.17 7.66 9.25 14.18 16.3 13.87 12.61 11.86 8.79 6.94 7.76 8.87 2.79 5.1 5.98 7.02 6.07 6.07 8.63 6.7 5.44 8.25 4.91 4.67 3.79 4.39 6.37 4.84 7.5 5.81 7.54 6.6 7.33 5.23 11.45 8.93 9.35 13.17 29.62 35.67 18.68 22.08
6.41 7.0 5.24 5.17 9.24 12.11 4.84 5.81 3.83 4.93 5.96 5.79 6.16 9.54 11.55 26.72 30.93 20.18 9.73 9.42 18.69 12.32 9.61 6.47 7.01 20.75 10.9 20.39 15.59 9.53 8.07 7.77 5.81 5.2 5.02 6.47 8.63 8.95 4.78 5.86 6.87 9.24 6.2 8.2 6.09 2.78 2.79 3.23 7.23 5.68 5.33 4.51 6.18 7.8 8.3 11.67 17.66 8.11 8.8 9.2 18.09 40.71 35.51 34.6
5.23 11.66 8.84 9.01 11.34 11.12 8.05 6.36 4.98 9.16 6.02 5.78 5.24 5.08 8.28 14.66 21.07 14.13 10.15 15.67 16.36 8.08 8.62 7.93 6.49 15.84 13.11 10.03 10.21 5.75 11.23 6.07 5.76 4.81 7.94 9.87 8.71 13.47 11.52 4.99 4.84 6.04 9.84 8.38 4.92 4.29 2.3 4.92 10.1 5.64 6.22 2.71 4.34 6.2 5.13 9.34 10.29 10.5 13.28 12.95 30.71 25.5 32.57 21.09
6.42 9.26 13.63 10.72 8.2 9.32 8.79 8.34 5.57 10.37 9.21 5.23 8.95 6.16 9.52 14.02 9.73 7.15 9.93 15.47 10.93 5.29 6.25 7.58 12.0 9.92 5.05 6.72 11.29 6.42 6.93 10.62 4.24 5.57 7.83 12.43 12.59 15.3 12.73 9.0 4.88 4.63 4.84 6.35 7.39 5.35 5.01 7.59 5.2 5.24 4.45 7.42 4.75 2.92 4.52 5.59 6.35 4.27 13.47 19.51 34.76 26.43 14.97 12.17
4.74 6.56 9.72 8.4 7.59 7.45 8.04 6.7 9.76 9.15 12.38 10.54 6.3 6.33 10.89 12.89 5.49 4.86 6.28 5.69 4.0 4.05 4.32 9.3 15.59 9.97 4.7 7.91 9.32 6.77 5.12 12.08 4.03 4.83 5.57 7.01 7.93 6.38 6.71 8.93 3.64 4.66 4.33 5.07 5.38 12.13 7.49 6.24 3.62 4.49 3.74 4.36 5.57 4.89 6.0 5.7 6.29 5.86 10.38 12.8 21.94 20.69 19.06 9.39
6.39 5.87 7.92 8.95 6.1 9.88 6.37 5.91 7.13 8.98 20.84 10.48 8.53 5.65 7.81 12.54 7.22 5.22 4.65 3.23 5.18 6.56 4.94 11.2 13.48 15.08 5.18 4.63 10.16 5.35 7.19 8.15 6.81 6.65 11.2 4.07 8.02 7.31 7.49 9.98 4.68 6.26 5.49 4.61 4.34 5.74 11.09 5.42 5.87 7.04 4.81 4.3 2.98 2.91 4.14 8.23 12.93 10.38 8.37 7.64 12.45 15.23 11.26 9.93
6.32 5.62 5.78 5.11 10.46 8.45 6.36 3.18 6.3 11.4 11.92 17.05 8.44 9.84 10.01 12.57 4.94 2.76 4.81 4.01 5.18 4.31 4.19 6.65 5.23 5.85 6.38 4.42 6.75 9.14 7.95 10.67 10.45 21.88 18.79 9.12 8.14 12.62 11.27 8.74 5.22 3.84 4.47 2.33 2.46 3.46 9.1 12.49 5.05 9.64 9.01 3.24 1.91 2.4 3.32 7.31 7.52 10.25 9.77 9.78 16.02 12.11 17.66 12.17
3.71 4.83 5.02 6.02 7.41 7.32 3.91 5.21 7.66 11.3 8.91 9.36 14.79 15.37 10.56 5.02 2.78 2.57 2.53 3.63 3.71 6.01 3.73 5.02 5.15 3.31 5.16 6.12 11.27 8.96 7.98 10.95 13.21 28.21 17.9 8.98 12.07 11.45 9.13 14.99 7.23 6.67 3.14 3.06 2.32 3.62 7.79 12.78 7.75 7.08 7.49 7.08 2.74 3.43 4.83 5.85 8.02 7.23 9.7 5.64 12.35 14.83 21.54 14.36
3.11 2.93 3.37 4.97 8.73 8.47 5.92 6.99 22.53 5.99 5.2 9.3 9.83 13.54 4.41 2.95 3.48 5.25 4.12 4.75 6.05 9.64 4.57 8.05 7.0 3.95 4.96 5.0 10.58 5.4 5.49 17.11 16.25 12.83 20.95 12.44 21.86 21.43 23.09 17.55 10.56 6.83 5.28 3.34 3.36 6.78 8.34 13.23 12.24 8.4 6.42 4.4 6.45 8.15 8.8 5.0 5.59 14.71 5.81 5.01 4.84 9.19 21.04 12.63
2.37 1.23 2.33 2.68 5.93 6.88 10.94 9.9 10.7 2.88 2.58 4.88 12.86 9.54 5.13 4.11 4.89 6.09 4.4 2.55 7.15 7.21 5.3 8.05 8.5 7.31 4.48 5.23 5.78 7.54 8.09 11.48 7.21 12.45 18.46 18.44 25.44 44.38 21.59 7.31 5.96 4.29 6.01 3.32 4.22 5.74 8.89 10.0 11.02 8.79 5.05 7.6 14.27 10.52 5.13 5.19 5.09 13.13 4.95 3.78 3.31 9.54 13.46 16.32
2.99 2.22 2.03 3.46 7.75 9.04 15.78 18.87 9.82 3.78 2.57 5.15 8.56 16.53 6.49 4.01 3.56 2.82 3.18 3.49 4.68 3.36 5.46 8.37 5.75 5.45 2.83 3.9 7.23 12.94 14.11 11.84 10.26 9.57 15.86 16.33 13.28 12.9 17.22 8.85 9.09 6.88 9.01 5.2 8.06 9.65 8.14 10.03 6.52 7.13 9.37 11.68 10.29 5.9 4.5 6.4 4.72 5.61 5.09 4.49 2.33 3.45 6.47 6.43
2.66 1.76 3.11 6.54 6.75 9.29 21.96 24.69 9.12 7.4 2.72 3.65 8.5 7.53 5.91 4.91 6.79 5.21 3.28 5.75 3.04 3.83 7.58 3.6 3.14 5.52 3.1 5.63 7.17 12.71 15.79 12.85 20.18 11.59 12.21 12.18 7.47 10.03 12.99 13.86 12.64 7.83 13.63 12.41 10.99 8.01 10.28 5.27 10.08 4.17 6.8 10.84 8.3 6.24 4.17 5.77 8.86 9.85 7.12 4.27 3.97 3.54 3.44 4.47
4.06 4.81 5.33 6.6 8.66 12.78 18.67 16.53 12.91 8.45 5.89 4.12 9.04 3.86 3.45 5.03 16.37 5.37 4.1 3.98 3.31 3.03 4.17 1.72 1.97 3.21 2.61 3.63 3.24 6.47 5.69 13.6 22.23 12.97 9.35 7.35 7.26 12.57 12.63 7.73 9.33 7.92 15.73 19.26 10.03 9.95 7.41 7.4 6.55 10.25 7.53 12.13 10.94 5.83 8.78 6.86 9.76 6.96 10.78 6.28 6.69 5.58 4.28 3.46
7.59 4.03 6.66 7.39 11.46 13.29 18.18 17.92 11.18 11.6 9.41 9.86 15.96 6.81 7.48 9.21 15.51 8.23 4.83 8.81 3.86 5.2 4.13 2.0 2.47 2.67 5.21 4.22 3.32 10.56 11.33 10.44 10.59 9.82 6.0 3.35 4.31 10.98 9.53 6.82 8.63 15.39 20.11 11.86 6.89 8.14 6.54 5.29 8.18 8.62 7.82 8.75 8.04 5.93 8.34 6.54 7.67 6.8 5.67 3.96 4.34 8.04 6.41 8.32
4.68 5.06 4.33 11.48 16.37 19.65 26.11 16.11 13.39 10.46 10.1 11.35 11.17 13.71 9.59 12.59 8.03 5.92 4.68 5.5 5.06 5.69 3.86 5.37 5.38 7.13 5.65 3.61 4.0 3.67 7.97 9.18 9.3 7.13 4.51 3.61 3.56 7.5 11.6 9.89 18.78 24.84 19.36 11.59 7.64 8.79 13.73 4.93 9.93 4.22 8.83 4.82 7.6 6.65 10.93 15.51 8.59 5.52 4.65 8.92 5.82 4.62 6.73 13.66
12.19 7.31 8.82 10.12 13.87 13.35 21.6 19.11 11.11 9.97 5.04 7.05 7.22 8.79 10.4 15.86 9.64 5.06 4.0 3.72 5.31 6.13 7.87 8.25 15.45 10.63 6.66 2.74 2.35 3.03 8.11 9.62 12.02 8.38 6.08 5.17 4.51 8.27 17.11 13.98 14.82 15.1 15.91 8.97 6.47 6.07 10.69 4.82 20.88 12.36 8.82 5.0 6.71 14.82 7.0 6.56 6.47 7.1 7.61 5.02 7.24 2.57 4.18 18.37
12.7 9.9 13.99 8.97 8.88 12.65 16.46 16.5 9.25 8.37 8.1 9.12 11.25 16.55 8.71 19.66 17.1 10.43 5.21 6.47 7.01 8.74 9.12 12.6 18.17 16.5 5.47 3.93 7.78 5.89 7.03 12.17 12.07 8.76 3.58 3.8 4.39 17.15 12.36 8.03 12.31 14.8 12.51 9.52 10.3 6.81 7.42 11.5 16.67 19.73 13.72 8.39 9.82 6.11 7.45 5.09 9.91 6.98 5.95 3.95 4.4 3.64 4.2 10.86
12.56 12.88 15.45 18.63 8.21 20.47 10.82 11.57 8.94 4.14 6.58 12.81 15.93 9.15 14.29 14.22 11.88 6.51 5.19 7.55 9.44 12.22 13.12 13.25 12.32 10.97 9.94 6.45 8.63 8.02 4.67 9.88 8.99 10.65 5.37 5.27 6.83 7.69 7.59 6.87 14.68 13.91 12.5 12.4 13.37 7.39 7.09 6.88 8.33 10.02 13.11 8.26 9.27 7.75 13.78 6.91 8.32 8.32 6.61 6.13 9.29 6.56 9.69 9.28
12.79 15.95 9.26 15.17 14.05 14.82 9.81 9.31 11.4 3.92 7.6 6.4 8.27 10.79 19.06 23.3 8.01 3.74 4.04 6.25 20.81 14.24 21.11 19.32 8.02 10.13 9.44 11.64 10.75 5.11 4.31 6.75 22.35 13.95 6.15 7.85 14.25 7.4 8.97 8.9 14.74 13.1 9.65 16.04 10.29 6.69 10.52 12.3 8.56 5.43 4.75 5.33 9.81 5.06 10.6 6.92 7.95 6.26 8.19 14.1 18.61 11.19 7.47 7.98
13.82 7.9 9.39 9.16 11.01 9.63 7.06 15.46 6.07 5.24 5.87 10.03 8.2 18.43 15.09 18.68 7.72 3.25 4.76 12.07 15.51 11.86 23.72 17.77 6.45 7.1 10.9 22.08 11.26 6.34 5.37 9.5 13.04 9.03 6.64 9.55 13.01 6.82 12.98 16.43 10.78 12.46 8.78 19.04 11.56 9.48 6.81 6.31 11.21 7.28 3.08 3.37 5.28 7.97 8.46 6.05 13.89 4.49 14.37 14.88 16.4 7.82 7.69 9.52
4.9 4.67 5.89 9.56 6.28 5.5 6.35 9.0 3.73 8.18 11.96 7.73 5.89 12.6 9.42 5.15 4.06 5.04 6.21 18.91 10.36 6.54 9.54 15.17 8.58 9.83 10.03 15.68 21.86 5.69 5.97 6.0 11.16 9.38 7.57 3.58 4.27 6.11 9.54 11.46 13.35 11.91 13.97 21.65 13.67 8.44 7.01 4.52 9.44 7.51 3.08 5.84 8.53 5.45 4.52 7.42 12.82 6.82 25.81 23.4 12.59 7.56 8.17 5.18
8.98 6.19 8.93 12.15 8.08 5.96 9.07 10.96 7.33 10.58 9.65 5.68 6.79 12.01 13.29 6.34 5.62 5.66 4.73 6.93 9.14 9.41 15.12 17.83 10.21 9.1 13.86 15.01 8.12 3.77 2.79 6.02 9.1 6.55 5.48 6.08 6.17 3.59 6.89 11.84 14.76 13.71 10.49 11.32 8.0 7.55 6.74 6.03 6.12 9.14 9.1 6.34 8.19 5.75 7.25 6.0 5.09 8.5 35.53 27.9 11.92 6.87 5.82 3.82
11.62 7.83 7.36 10.61 9.99 4.67 10.04 6.37 6.56 9.71 7.62 7.66 6.02 19.15 12.63 9.41 6.6 5.0 3.35 4.51 9.89 11.22 13.28 10.83 11.88 10.78 10.77 10.95 7.1 6.09 8.31 9.49 10.0 16.23 8.05 10.02 6.07 3.18 4.16 10.97 12.52 8.76 9.78 11.46 10.13 4.27 4.02 4.82 4.93 11.03 9.08 12.9 11.71 9.93 7.17 4.22 5.02 8.51 13.58 13.71 16.58 10.88 7.18 3.62
13.18 6.0 6.69 11.06 12.5 7.84 10.16 13.04 10.05 6.61 5.33 9.39 7.41 13.73 9.33 4.33 4.21 6.1 4.99 6.94 5.58 5.98 3.81 9.7 13.51 12.91 17.78 15.59 10.53 7.67 8.84 12.81 14.21 11.52 8.73 5.03 8.24 2.6 6.73 10.55 17.43 21.79 19.93 15.73 13.27 7.21 5.59 2.53 7.04 7.97 12.05 18.22 13.51 10.79 7.97 7.33 6.62 8.65 8.47 11.73 13.23 9.13 3.96 2.66
9.78 6.53 7.67 14.23 11.22 6.59 14.31 13.83 10.69 6.87 7.03 10.39 8.95 14.21 8.68 6.36 4.73 4.77 8.53 9.02 8.47 6.15 5.68 10.86 13.02 16.66 16.05 8.81 6.43 4.22 5.71 6.92 10.53 7.88 7.02 6.18 6.73 8.2 7.64 13.02 18.77 21.68 15.32 8.5 13.96 9.94 11.1 6.07 9.7 8.47 7.67 13.59 14.91 15.65 11.89 9.77 6.83 10.96 9.84 8.57 13.09 7.15 2.73 2.07
7.95 7.54 13.09 11.19 6.75 7.98 6.21 11.05 14.53 14.53 6.4 10.03 16.41 10.35 10.01 5.59 6.15 4.57 6.45 6.34 6.98 6.79 5.88 8.8 12.43 8.83 11.7 8.19 6.01 4.61 4.06 7.62 7.47 4.85 6.58 7.08 9.93 9.35 7.81 13.85 14.25 21.13 15.26 10.06 11.11 7.28 8.85 16.42 7.98 9.35 13.83 26.1 25.26 23.06 12.35 13.58 7.25 11.1 7.23 7.14 10.16 6.55 7.16 4.71
4.68 11.47 8.49 10.53 6.55 9.26 19.62 9.81 12.84 5.19 6.38 12.02 16.38 7.02 5.03 5.6 9.72 10.61 5.77 6.62 4.22 6.83 4.83 12.06 15.14 12.32 14.66 7.6 7.1 4.98 6.27 6.3 5.51 7.76 10.08 8.05 5.97 6.5 8.3 12.36 12.74 9.4 22.76 11.96 16.82 9.16 8.16 9.71 4.72 11.41 16.45 36.28 38.99 15.37 13.09 9.68 12.31 10.92 4.01 6.6 7.99 3.87 4.08 7.07
6.36 11.05 5.81 5.21 7.5 10.9 14.78 6.62 6.97 3.38 8.54 6.78 9.15 9.38 9.81 5.43 6.17 5.9 4.52 5.32 4.45 4.99 4.11 12.25 14.31 5.63 7.44 5.48 9.25 7.5 4.41 4.66 3.34 3.78 8.31 5.76 6.22 4.66 12.55 12.43 10.45 9.39 9.72 10.26 14.25 12.68 10.71 6.88 4.47 5.07 19.09 21.72 47.26 14.31 10.99 11.26 8.96 11.54 5.4 15.94 7.09 2.96 3.48 5.56
6.04 5.26 5.52 4.4 5.52 4.68 6.18 7.71 7.9 5.01 5.84 6.21 6.36 10.44 7.84 7.15 8.93 6.76 5.32 3.42 3.81 4.88 9.89 11.99 5.42 3.98 4.76 14.68 7.92 11.41 10.33 3.71 2.23 1.9 6.85 4.16 6.43 7.41 11.84 12.5 10.01 6.4 11.1 5.6 6.75 7.61 10.55 7.14 3.43 7.96 12.89 22.03 20.67 16.75 13.26 8.13 8.35 9.06 10.79 11.73 4.99 4.36 3.09 2.98
3.96 10.23 7.9 5.96 6.43 7.65 7.61 10.18 9.37 6.73 6.43 7.14 9.86 8.31 8.36 7.29 11.76 16.69 4.7 4.47 3.56 4.36 5.9 6.14 6.04 3.79 5.17 9.24 7.57 12.38 8.05 3.93 2.73 3.48 5.72 3.77 4.0 7.92 6.19 7.72 11.0 12.86 18.27 12.6 12.62 6.33 10.3 5.44 6.19 8.47 16.57 14.56 10.43 7.72 13.04 10.14 8.07 6.75 9.41 7.21 3.5 3.17 3.58 4.08
6.43 15.19 6.41 6.96 8.85 8.1 8.23 9.22 9.48 8.59 5.98 10.16 14.91 6.01 5.4 3.94 7.96 7.99 17.11 7.0 5.35 5.8 6.97 3.04 7.48 3.86 6.67 8.61 5.39 6.37 6.05 3.31 4.21 5.85 6.98 6.6 5.19 6.83 3.44 3.2 10.13 8.52 15.14 10.89 6.02 5.83 6.31 4.59 4.21 6.02 8.86 4.59 7.45 5.69 6.94 7.12 10.35 7.4 9.67 13.75 9.01 6.93 3.65 4.16
5.43 13.97 11.95 5.0 11.32 7.54 4.3 7.38 7.18 7.84 8.4 9.36 7.54 6.28 6.93 4.51 7.39 7.13 11.41 9.92 8.22 8.0 5.79 4.63 15.06 6.23 6.67 6.78 4.85 8.74 5.18 4.32 4.48 8.19 13.55 12.67 13.47 4.65 2.75 2.93 10.51 7.95 6.83 7.91 4.33 5.84 4.21 4.54 6.56 5.22 8.66 6.07 8.13 8.18 5.55 7.8 6.94 3.36 4.57 12.83 7.55 4.51 3.0 4.18
4.16 6.97 10.49 15.43 13.87 5.83 3.16 5.66 7.34 7.18 5.4 9.81 6.9 6.91 4.58 5.89 6.59 9.21 13.27 13.27 8.95 5.42 6.61 17.71 14.87 4.4 3.53 5.5 3.98 4.52 6.78 5.2 6.48 5.53 12.36 10.45 4.94 2.78 2.97 5.22 8.45 6.44 9.29 5.63 5.33 4.48 3.77 2.88 10.32 6.75 9.9 9.57 7.6 10.26 11.18 8.88 6.57 4.39 5.68 4.24 4.35 4.17 5.82 11.19
6.34 10.36 17.29 15.59 10.95 4.99 5.39 5.08 4.2 4.98 5.84 8.73 8.15 7.04 4.93 7.76 7.39 11.39 14.24 9.67 15.73 6.83 8.62 7.93 8.48 3.61 4.4 4.83 3.93 2.87 4.32 5.21 6.87 8.56 11.37 10.07 3.93 3.34 6.83 4.44 7.61 5.01 4.54 4.33 4.7 2.59 3.14 4.0 18.56 8.8 10.41 6.61 5.73 7.19 8.73 16.46 8.97 8.58 8.53 5.96 5.94 3.92 4.32 8.55
23.44 13.29 20.59 11.09 8.92 8.89 4.84 5.28 5.71 8.34 5.5 5.27 5.38 7.69 17.02 16.63 7.87 4.16 10.87 7.28 11.38 10.76 8.09 5.38 4.25 5.88 4.05 7.33 3.78 3.12 7.11 5.23 15.95 11.04 14.62 19.38 5.1 4.05 3.35 6.69 7.69 8.2 5.98 3.73 2.34 3.58 2.92 8.99 10.04 7.52 8.84 5.56 5.79 4.44 13.67 14.52 9.81 8.13 8.54 7.04 8.41 5.49 5.9 4.19
10.96 10.72 16.94 9.37 8.38 11.31 5.24 8.45 5.86 7.69 6.58 2.83 3.3 5.14 24.19 25.22 11.37 5.29 6.13 9.46 7.32 11.12 8.87 3.21 3.11 4.54 6.06 3.68 4.22 3.99 5.51 7.89 7.71 7.37 8.01 11.17 5.08 3.21 2.93 5.37 11.51 8.11 5.3 4.45 4.22 2.73 2.66 4.5 7.75 5.66 9.51 10.56 10.69 11.7 21.27 14.33 11.63 7.81 11.54 10.76 14.28 6.59 9.1 6.62
8.3 15.66 12.54 17.9 11.51 14.77 6.23 13.52 19.02 4.99 5.24 3.39 7.67 6.42 14.13 22.6 8.65 7.9 12.02 13.15 8.42 7.24 5.85 4.95 4.22 3.63 4.99 3.4 4.4 3.16 4.58 4.76 6.54 5.26 10.85 11.74 7.16 3.96 4.28 7.33 4.24 3.38 5.25 6.62 10.78 3.57 4.54 5.87 8.53 7.87 6.4 12.56 17.13 11.83 21.6 8.84 11.7 9.2 19.93 18.97 11.53 5.33 4.29 5.43
9.27 11.16 19.56 10.64 11.68 7.98 7.78 21.15 9.42 5.68 4.35 8.68 12.41 17.39 9.21 18.98 8.51 7.74 9.37 12.35 10.42 5.68 10.5 6.01 4.22 4.38 4.37 4.36 5.72 4.69 5.59 3.21 3.3 4.42 8.84 6.58 7.56 4.85 7.58 5.33 2.9 5.36 4.75 11.27 5.12 3.85 4.74 11.36 10.35 7.21 7.65 13.02 26.73 21.88 14.96 8.1 12.58 13.69 20.94 23.38 21.32 8.35 5.08 4.86
8.59 8.93 22.22 7.32 6.76 13.12 12.6 12.54 7.06 11.87 6.23 8.45 11.38 17.31 12.59 11.36 5.29 5.97 6.81 8.27 4.93 5.86 6.2 5.85 3.37 2.28 2.97 5.25 9.05 3.32 6.27 2.67 1.74 1.9 4.64 4.32 3.18 3.64 4.07 4.68 3.93 6.6 6.57 5.58 4.55 2.16 4.36 8.88 6.66 5.82 8.28 23.44 24.01 35.45 22.16 13.9 15.02 21.56 19.92 32.37 45.2 23.19 18.68 8.51
6.02 9.34 8.21 8.65 7.53 13.59 20.48 10.36 6.22 7.91 9.09 7.15 11.83 10.06 17.22 12.08 6.2 5.41 7.05 7.21 5.43 12.89 11.79 6.22 7.61 3.37 6.12 9.47 9.16 3.43 6.32 4.49 1.27 3.91 6.79 4.41 2.04 2.31 5.24 4.04 5.54 3.16 5.99 6.94 4.83 2.4 2.32 3.22 3.36 5.82 8.87 15.41 16.4 26.35 11.25 15.53 13.71 13.37 20.8 16.02 51.86 30.33 15.32 10.03
10.99 6.29 5.73 5.87 8.05 10.45 14.01 7.61 8.63 6.05 8.25 8.53 6.73 12.65 18.71 20.36 7.39 6.12 10.53 7.79 10.85 11.47 9.16 5.66 8.53 5.21 3.72 7.76 9.57 4.22 3.45 3.05 2.58 6.37 6.66 3.39 3.26 2.65 8.18 6.27 3.83 2.43 4.35 6.54 7.64 5.26 3.26 5.91 5.52 9.35 9.09 14.84 11.84 11.77 16.35 14.64 11.82 8.81 8.24 23.79 29.18 34.17 12.79 12.88
