6.14 4.74 5.31 2.59 8.77 11.81 6.88 3.44 5.12 9.75 13.4 7.47 7.87 12.58 13.66 18.17 7.24 7.59 6.64 6.85 4.83 5.75 9.47 6.07 25.83 8.77 10.59 13.69 4.66 7.61 9.06 9.31 9.12 11.95 3.37 6.02 4.35 7.74 7.11 9.33 14.45 11.43 8.96 4.16 6.62 6.31 9.49 6.5 3.92 6.37 8.49 8.32 8.2 9.76 8.46 15.66 23.8 54.2 64.3 44.92 22.84 17.15 18.87 12.85
5.46 6.44 3.05 2.73 9.07 6.43 7.93 6.98 10.23 5.71 7.02 7.11 8.18 7.82 9.65 14.79 9.6 7.23 7.38 7.71 2.94 3.8 12.4 15.66 24.56 12.37 16.46 11.46 13.35 30.79 18.5 7.01 7.13 5.64 6.92 3.47 4.82 6.24 8.97 6.48 10.34 10.23 9.38 6.85 8.07 12.47 14.81 9.74 11.98 10.33 6.75 9.91 14.24 4.37 6.58 19.31 33.21 21.43 28.63 24.56 18.08 17.64 14.47 15.41
5.28 5.69 4.56 4.7 6.87 8.73 11.24 6.46 7.88 5.41 3.21 6.94 7.92 7.66 10.41 7.63 11.02 10.41 9.53 5.1 6.43 4.16 23.29 17.94 12.97 12.41 11.13 9.2 16.27 20.6 17.58 18.27 8.73 12.45 6.13 3.52 6.18 7.02 10.59 12.15 8.39 7.63 8.24 7.35 11.19 8.68 8.87 7.44 9.6 10.61 19.53 33.8 13.72 6.98 4.86 6.06 15.18 11.58 22.36 17.35 14.72 18.73 8.0 4.78
3.11 5.16 2.03 6.65 9.85 5.96 12.58 8.66 5.66 4.08 3.2 2.24 5.9 6.76 8.57 12.51 8.72 9.07 13.38 9.52 4.55 11.34 14.2 12.47 8.19 9.82 10.68 9.74 12.94 10.07 10.07 7.3 8.52 6.26 5.79 3.22 4.49 8.44 3.92 6.8 11.32 5.42 4.73 14.0 11.37 7.68 6.24 5.21 7.74 4.87 16.9 15.5 17.34 4.17 2.96 7.32 10.62 26.4 35.93 15.77 14.88 21.31 7.84 8.28
2.6 2.68 4.0 9.76 9.96 11.67 22.46 12.13 6.0 3.77 3.64 2.29 4.29 15.3 8.86 6.09 8.3 8.88 12.26 4.18 3.26 4.97 10.58 8.97 10.48 5.42 13.78 9.9 7.75 7.23 3.77 6.29 6.4 8.73 5.14 4.62 6.89 7.63 5.21 5.18 12.47 5.64 6.43 13.15 6.53 5.53 7.67 4.66 5.96 4.78 9.63 11.7 6.01 7.07 6.55 13.25 9.59 21.04 26.27 14.96 19.27 16.82 17.37 7.13
4.52 2.07 5.76 9.96 7.19 8.82 10.9 7.09 9.35 2.96 4.15 2.69 4.15 13.57 11.67 7.07 5.46 5.0 9.83 4.72 3.19 6.43 11.61 6.25 7.25 5.09 5.67 8.57 7.06 9.96 7.23 4.52 6.61 10.31 5.81 4.98 9.75 4.71 7.63 10.87 13.21 11.67 11.61 9.23 8.83 17.18 12.96 7.23 7.63 6.63 11.75 4.8 11.85 2.28 3.95 9.31 12.25 14.19 25.36 24.08 26.11 25.92 13.06 7.39
2.33 3.15 3.14 5.23 10.32 9.53 11.97 8.6 6.31 4.44 3.84 4.76 3.59 5.66 5.88 6.89 2.39 4.5 9.44 6.72 6.8 3.52 7.47 10.56 6.29 11.04 4.35 5.95 12.3 13.72 10.07 11.6 8.55 9.19 11.46 10.92 9.84 7.27 12.76 10.03 14.89 9.22 11.55 11.73 8.01 17.34 9.22 9.33 7.7 12.95 14.89 5.34 5.68 3.73 2.99 6.78 11.31 13.09 12.01 14.59 17.6 28.4 13.58 4.59
3.19 2.93 2.39 3.76 11.21 6.43 5.9 5.47 10.92 4.19 4.79 1.8 3.04 5.26 9.64 6.81 3.8 3.16 6.64 12.98 11.24 4.78 6.61 14.51 13.85 12.71 6.28 6.28 8.06 9.64 10.99 19.42 12.57 9.32 17.5 13.55 19.4 19.85 7.09 8.64 8.28 13.39 20.55 9.34 7.7 11.47 9.61 9.54 7.78 7.04 12.04 4.98 8.13 6.4 2.92 2.96 7.45 11.53 6.0 9.11 10.16 23.98 11.2 7.04
6.04 2.06 2.88 4.78 7.63 4.93 6.7 13.19 5.78 3.73 5.31 1.44 1.17 4.14 4.49 5.89 3.86 3.79 9.48 13.95 10.09 18.29 17.92 8.47 21.75 12.1 5.33 6.85 5.52 15.37 7.28 5.61 13.13 15.58 19.46 11.28 16.57 13.74 10.1 7.81 20.22 12.66 20.39 15.46 13.79 7.48 19.56 15.66 9.42 11.73 6.99 6.06 9.36 4.32 2.73 5.65 5.45 9.0 6.56 5.89 13.47 16.08 10.48 6.98
6.73 2.4 2.35 6.39 5.61 7.52 7.45 6.93 5.05 5.71 6.28 2.96 2.31 2.36 7.63 6.58 4.85 4.61 6.35 6.0 9.16 15.62 11.44 10.86 12.81 8.31 4.74 5.33 5.17 13.38 9.62 9.96 7.84 12.02 19.4 10.02 12.08 14.3 14.91 14.16 18.29 25.53 21.88 30.03 18.13 20.93 17.97 11.88 18.66 19.32 13.73 7.89 6.75 8.6 4.0 2.68 4.58 10.28 5.25 6.97 8.54 15.21 14.39 11.09
6.95 3.75 5.84 6.37 9.12 5.22 4.53 7.55 4.37 7.47 2.67 3.6 2.29 3.49 10.51 9.82 5.13 4.93 5.21 6.73 6.33 7.46 10.14 10.04 7.01 5.86 5.18 6.14 5.87 8.52 7.47 8.76 4.96 11.35 31.46 14.04 17.65 15.48 12.0 23.16 27.37 32.97 38.12 21.84 23.94 16.57 14.09 10.3 18.7 14.44 15.43 6.93 4.95 6.48 2.78 1.8 3.17 5.87 4.91 6.28 4.61 11.64 15.43 12.59
5.3 8.57 6.59 6.21 7.49 6.71 6.58 4.31 2.83 3.48 4.23 8.03 4.16 6.03 10.06 6.48 10.01 7.04 4.91 3.29 5.67 9.05 5.49 9.06 8.37 5.45 8.49 4.7 6.49 6.24 6.7 8.33 15.48 9.86 23.27 12.79 11.27 19.96 13.44 16.22 15.06 26.78 24.21 21.96 16.92 10.38 14.34 15.47 16.14 19.19 16.88 9.06 6.03 3.84 4.18 4.26 2.33 3.42 8.8 8.23 4.45 6.52 12.26 14.21
5.78 6.2 11.55 11.55 4.07 6.21 4.74 4.08 3.07 5.25 4.29 9.92 4.87 8.49 10.59 7.89 7.68 4.24 4.54 4.74 4.51 8.54 8.2 9.35 6.5 7.54 6.24 7.13 5.18 3.57 5.25 5.65 7.91 20.93 13.73 17.66 31.29 24.07 19.71 17.67 23.4 28.21 23.82 22.71 15.25 9.17 10.53 11.99 15.45 26.14 28.55 17.25 8.65 5.11 5.64 5.06 4.33 3.92 8.19 3.83 5.45 4.6 4.67 15.79
4.55 15.41 20.84 12.62 6.62 6.13 3.39 5.35 3.73 6.8 6.52 4.2 3.29 7.5 6.93 11.28 7.65 3.6 3.46 4.64 3.98 6.55 6.39 7.83 10.62 10.34 13.3 13.12 9.99 3.11 3.2 5.89 9.45 12.55 17.24 20.83 27.86 15.65 17.92 17.46 12.25 22.91 24.36 21.31 8.21 8.65 7.97 22.91 10.61 30.31 20.13 10.08 12.73 8.41 6.68 7.74 5.06 5.53 3.69 1.79 5.34 3.62 3.41 15.49
5.7 15.8 14.0 11.84 7.18 3.4 4.46 7.03 4.96 6.75 4.83 5.26 8.43 4.67 5.43 21.02 7.0 4.5 5.55 3.3 13.99 5.16 7.65 16.32 11.85 13.01 22.43 9.96 6.49 7.54 6.29 18.43 17.18 12.05 12.55 12.56 17.9 10.54 7.86 8.89 16.53 10.23 23.38 15.85 8.65 10.36 6.78 9.52 8.9 12.49 21.62 23.46 7.69 7.74 14.96 8.82 7.62 6.7 3.05 2.04 5.2 2.19 7.84 9.75
8.28 13.02 14.84 8.23 2.92 4.01 6.13 6.16 7.48 10.91 5.85 8.01 6.41 12.14 5.36 30.55 20.69 13.74 12.02 8.13 17.12 14.46 9.99 6.72 6.43 6.67 11.32 18.73 11.2 5.67 8.7 26.33 14.93 7.81 9.55 6.18 6.54 5.99 6.65 14.05 11.88 14.19 17.91 10.2 9.98 13.22 8.06 7.21 5.93 8.47 11.35 11.79 6.13 6.44 9.43 14.52 5.13 2.58 2.6 4.24 2.17 2.15 10.14 12.27
8.5 7.81 9.93 7.0 3.98 5.22 6.45 9.62 13.28 8.27 10.64 5.5 3.95 8.23 11.6 20.97 16.79 20.86 26.32 16.32 16.79 16.6 8.66 3.54 4.94 6.0 7.19 23.33 10.49 5.12 11.49 15.42 19.58 10.43 8.37 10.72 6.53 5.15 5.28 6.4 7.26 16.12 8.35 8.75 10.72 7.71 6.6 7.22 4.39 6.2 7.78 5.71 6.52 8.34 5.55 11.62 3.49 3.36 2.96 3.01 3.61 4.18 8.52 19.26
11.19 5.52 9.65 7.15 3.72 4.44 5.46 11.66 10.25 6.82 8.27 9.45 6.88 9.59 14.98 12.17 15.82 42.45 48.94 22.18 14.98 14.18 8.96 3.93 2.91 3.57 4.32 11.48 8.44 4.48 7.31 13.17 16.83 12.04 11.54 12.66 12.34 4.91 3.25 9.33 9.98 10.34 12.75 7.63 6.58 6.18 6.21 3.94 5.62 7.71 6.87 3.17 4.65 4.71 4.72 9.83 5.47 4.95 2.73 4.12 4.99 3.9 6.63 27.56
3.53 5.4 4.42 4.32 5.95 6.1 3.2 8.62 15.19 12.7 9.39 8.87 10.54 7.16 7.14 13.42 31.85 26.78 26.4 14.94 16.02 15.95 8.0 6.69 5.34 5.22 6.83 10.75 10.97 6.19 4.88 10.84 15.91 8.51 11.79 15.94 17.19 6.55 5.54 14.08 7.66 6.09 6.58 7.55 3.75 3.54 7.73 4.85 3.21 6.59 4.87 6.03 5.02 4.95 8.13 5.92 3.95 5.3 3.68 4.52 3.21 3.52 7.25 8.42
2.32 4.86 2.73 6.09 4.8 10.24 7.41 9.51 11.53 19.91 5.43 5.12 14.3 7.28 9.43 13.11 20.28 16.55 19.24 10.33 10.93 11.01 5.82 8.83 4.46 4.7 4.6 10.37 4.78 4.95 4.28 15.65 17.03 14.43 16.93 13.63 9.81 7.65 5.24 7.34 4.49 3.0 3.71 8.31 6.73 6.23 5.24 3.7 7.91 5.73 3.74 9.83 5.01 7.12 8.77 8.05 5.07 5.85 4.46 5.95 8.1 4.61 7.82 16.58
7.41 5.45 5.14 4.75 5.17 7.44 7.68 7.41 14.31 17.36 8.52 6.52 8.39 6.65 7.3 4.46 6.76 14.6 10.16 15.39 9.87 5.61 9.57 4.05 3.34 3.74 6.89 6.66 7.8 3.21 10.72 11.94 9.54 22.29 11.17 6.72 8.27 6.99 4.73 7.1 3.34 4.92 3.11 4.55 12.6 9.39 10.77 12.07 14.34 5.23 4.18 6.24 5.01 11.79 7.14 7.41 6.4 5.28 6.17 6.11 5.35 10.78 8.25 7.27
10.67 6.43 7.42 5.59 3.65 4.89 4.13 5.97 10.1 12.16 11.2 8.68 6.92 5.91 6.56 6.24 7.72 5.1 6.24 15.74 15.43 10.46 5.84 12.36 6.97 3.53 8.0 10.07 8.48 7.52 14.16 13.48 5.43 20.43 12.89 8.59 5.08 4.09 14.27 7.13 3.36 8.17 6.94 4.02 10.36 16.12 17.44 23.53 11.51 16.68 7.34 4.74 10.11 12.53 5.86 4.77 5.0 4.7 4.84 3.71 6.98 4.88 7.06 6.91
7.03 5.41 5.85 3.78 4.98 3.72 6.07 4.04 3.81 9.69 6.74 5.66 9.52 10.14 9.56 17.5 6.06 5.85 7.81 17.02 16.64 23.24 17.83 14.84 8.53 7.74 14.74 6.06 13.89 10.96 10.39 14.91 5.91 10.07 8.8 10.86 6.4 9.37 11.88 9.52 9.67 8.06 7.44 13.79 7.75 12.67 14.33 15.84 11.03 12.45 3.93 4.19 5.2 6.53 7.05 3.89 1.8 3.62 4.75 5.31 5.32 7.92 13.3 10.64
2.28 3.81 3.55 4.9 6.31 4.4 5.48 6.57 8.56 4.03 8.8 4.24 12.69 10.72 10.65 9.65 4.12 11.53 19.07 11.97 9.09 14.84 10.64 11.9 7.01 12.31 8.64 8.68 16.43 12.37 10.86 6.93 3.53 2.28 4.59 6.57 7.08 6.7 11.43 9.19 17.13 18.41 8.5 9.94 8.99 16.62 11.29 13.12 8.63 8.71 3.28 5.4 10.64 5.53 5.35 3.88 3.76 3.04 6.11 6.43 7.87 7.31 9.35 9.01
1.33 2.1 2.15 4.15 5.7 3.05 9.16 5.58 8.0 5.86 9.25 10.15 13.9 9.68 8.92 12.51 4.87 14.73 16.79 9.15 11.87 12.03 7.75 6.08 7.87 10.18 10.87 13.14 11.79 15.46 15.04 5.97 2.81 3.28 1.9 3.14 5.87 7.56 6.28 13.19 19.52 16.18 15.48 6.36 5.34 7.39 9.73 7.81 10.74 10.31 5.46 6.12 9.53 15.1 11.05 6.01 3.08 10.52 9.0 9.92 10.79 9.66 11.11 14.1
2.02 1.28 2.16 5.09 6.68 12.38 6.45 6.1 10.88 9.02 10.07 18.35 12.71 7.68 6.95 4.67 8.02 6.43 7.55 15.91 20.85 11.09 6.51 6.77 4.88 11.83 7.79 14.6 10.4 15.81 15.35 13.81 5.2 3.75 3.62 3.13 6.86 5.43 5.53 10.76 6.17 9.96 14.2 6.63 4.7 10.95 8.72 20.23 19.07 16.33 9.66 4.29 7.16 24.28 16.66 4.48 8.56 8.61 11.21 12.85 8.79 13.93 10.63 11.41
3.67 2.85 9.6 4.87 6.68 14.77 8.56 9.33 7.12 8.85 15.9 15.95 15.17 7.65 5.29 6.59 9.61 4.88 6.85 7.92 13.57 6.75 6.65 7.74 3.9 4.7 8.05 21.96 11.89 19.61 15.53 8.91 8.23 7.46 4.46 5.71 3.43 4.0 5.01 4.35 4.2 6.69 7.62 9.25 9.86 6.47 10.66 22.27 19.85 10.34 10.2 7.81 7.85 20.88 30.55 9.17 7.22 11.92 10.82 15.73 6.56 12.95 8.02 7.24
4.4 11.12 11.66 11.79 6.47 6.53 9.81 11.41 6.72 10.67 11.64 11.95 9.81 4.13 5.62 8.31 12.82 7.06 6.19 5.27 9.15 9.96 7.32 8.27 8.38 5.54 9.45 23.03 17.42 15.67 8.13 6.09 7.23 3.18 5.84 6.7 3.35 4.66 3.89 4.83 6.49 5.89 5.5 11.46 6.06 7.21 15.44 11.86 19.66 13.44 10.86 5.45 10.4 8.82 28.87 10.79 9.56 12.28 16.68 13.75 6.55 6.17 8.83 6.58
6.94 5.9 15.47 17.47 10.43 5.64 8.36 12.82 10.95 5.51 7.7 14.59 5.16 2.73 4.39 12.24 8.68 9.92 6.58 10.54 7.47 8.65 19.12 12.16 11.16 6.12 6.23 19.95 10.25 10.13 11.39 7.59 4.97 11.16 5.5 4.4 3.68 5.05 5.42 4.44 4.33 10.21 9.25 13.36 16.5 12.85 22.13 15.95 22.04 13.93 7.9 8.19 4.77 7.57 9.98 12.0 10.36 8.21 12.15 10.49 6.15 5.19 5.86 5.77
14.91 7.16 6.43 15.91 5.94 8.68 9.09 9.77 9.93 6.34 8.18 10.15 9.74 6.13 8.6 9.21 7.59 5.58 9.49 11.44 12.95 9.36 10.64 8.83 7.09 6.46 5.7 17.15 11.58 8.52 13.79 15.2 15.04 13.89 7.72 4.77 7.35 5.9 10.51 12.04 10.68 21.3 27.81 23.19 15.94 12.55 15.17 12.77 8.75 9.26 7.1 6.26 8.49 6.09 9.03 4.97 6.34 9.46 11.43 5.7 10.59 3.45 2.03 7.09
12.45 10.84 7.9 4.99 6.43 7.64 14.11 7.71 12.42 12.96 5.69 16.08 20.34 7.7 6.55 6.91 5.6 11.29 8.77 18.34 20.34 7.13 8.81 10.67 5.0 4.53 8.05 11.94 13.44 10.09 13.95 18.32 12.87 10.88 6.68 7.42 8.04 7.27 11.11 12.31 14.34 9.0 11.21 7.27 8.46 5.99 8.19 7.63 11.06 8.89 11.16 6.72 3.84 6.54 8.37 5.28 7.85 8.78 8.92 8.13 11.51 2.65 2.66 4.01
9.1 9.9 7.72 6.26 5.03 8.72 15.39 13.77 7.78 17.26 19.98 12.18 22.65 12.5 15.29 12.38 4.53 7.55 9.38 9.9 9.99 11.94 8.3 6.52 7.88 4.85 3.4 5.23 8.25 13.84 10.0 10.04 19.68 19.23 8.14 9.91 15.49 11.37 10.2 7.35 13.61 9.37 6.59 6.74 6.75 5.78 6.02 7.62 10.06 8.25 7.81 8.04 5.85 7.16 7.31 9.87 9.48 8.63 8.54 11.38 11.5 5.1 5.04 5.2
14.85 12.55 8.24 6.16 10.27 7.37 10.39 8.75 13.13 11.13 11.08 12.26 12.52 16.0 8.1 10.75 3.19 6.13 9.93 13.19 7.67 4.65 7.19 7.12 11.24 7.17 6.33 4.54 13.14 14.98 10.53 29.58 16.71 13.86 8.47 11.38 11.94 14.23 21.51 12.06 18.24 10.13 6.36 8.45 9.21 5.76 9.71 9.87 12.57 5.12 5.77 7.23 8.97 8.09 5.41 6.98 9.16 14.65 10.8 9.98 6.73 6.08 4.8 2.54
9.88 7.6 3.77 3.31 6.66 8.97 11.59 9.12 17.26 8.66 13.99 17.91 9.53 7.42 8.84 3.73 4.95 8.22 5.8 7.02 5.51 4.38 5.72 7.6 16.41 13.8 7.06 12.1 19.73 8.02 15.52 22.73 21.61 7.01 8.52 5.35 12.57 7.78 25.75 21.63 14.79 7.9 8.2 7.86 6.01 8.79 5.63 25.92 12.59 3.19 8.74 4.48 7.63 7.47 5.04 5.81 7.74 10.51 12.81 7.89 4.51 6.67 3.0 3.26
4.3 4.1 2.3 1.26 4.02 4.14 9.5 11.73 6.81 11.52 8.66 11.52 9.03 11.56 4.16 7.67 6.79 3.1 5.62 7.85 10.0 6.2 7.63 11.97 20.02 9.14 5.22 10.99 6.56 6.29 10.49 15.97 22.81 20.92 13.07 7.52 4.33 5.07 11.63 15.17 29.26 10.71 6.54 6.12 5.23 7.46 12.59 18.4 15.16 6.47 4.37 4.48 10.98 5.24 4.3 6.27 4.58 5.74 8.51 10.47 6.5 8.77 10.3 9.05
6.34 3.31 2.03 2.47 2.13 2.25 7.23 9.39 7.91 7.2 5.87 6.53 5.74 10.15 8.56 8.17 6.3 4.21 8.01 3.69 5.21 9.86 8.73 11.94 11.74 11.04 7.92 4.89 5.65 10.77 11.93 13.08 30.11 8.09 13.52 7.49 5.61 4.81 13.4 13.68 19.26 18.86 11.76 8.63 6.24 13.02 11.79 10.55 8.76 6.95 2.49 5.7 9.21 5.76 5.48 3.57 4.44 6.62 3.94 8.84 6.2 6.3 13.86 12.3
4.97 2.33 2.41 1.83 3.25 6.13 5.42 5.86 7.67 8.82 3.47 4.16 5.52 8.28 9.3 6.44 5.5 5.08 5.04 3.04 5.74 4.17 13.53 7.33 10.63 7.94 7.75 7.37 7.18 9.04 9.21 7.5 10.74 12.52 11.99 20.29 22.23 13.09 15.68 11.43 10.74 11.29 12.01 5.36 11.27 8.45 8.76 7.56 7.24 3.92 7.37 9.23 5.21 6.2 5.49 4.57 3.03 5.89 5.43 4.91 10.31 9.43 16.81 6.57
6.24 4.42 4.47 2.95 4.97 7.07 7.36 5.35 6.44 5.93 4.82 5.46 2.57 4.91 7.38 4.66 3.15 8.02 4.24 5.21 6.56 4.61 8.88 9.7 9.7 12.27 21.83 10.06 18.92 11.04 7.06 9.12 14.07 13.12 26.22 16.99 15.62 18.9 10.76 15.23 6.81 7.81 6.94 7.76 13.2 9.91 7.22 5.48 4.22 2.73 10.64 5.61 3.18 5.09 2.97 2.35 2.12 3.79 7.34 10.52 8.08 9.46 9.73 6.35
3.84 4.53 10.62 5.79 7.03 7.71 8.61 6.95 6.32 8.22 3.85 3.64 4.12 12.89 9.27 4.96 8.11 4.99 3.72 5.83 8.92 4.08 8.74 10.54 16.12 20.5 28.35 13.56 15.67 13.69 13.98 13.77 17.45 20.31 30.57 14.54 12.28 14.89 4.68 8.1 7.46 9.79 9.72 8.24 10.54 5.2 3.14 2.94 1.74 1.98 6.35 10.41 2.87 3.75 2.89 3.4 3.07 2.35 4.92 7.3 6.53 6.83 11.82 4.24
4.55 7.93 17.57 6.8 12.19 6.71 6.44 10.41 10.03 9.64 9.46 3.66 7.51 11.11 4.69 6.43 13.32 4.18 5.92 5.65 3.74 8.39 9.09 12.77 18.9 17.07 20.48 13.53 10.06 8.63 15.34 7.61 16.61 9.92 23.88 37.11 12.56 8.79 7.03 6.01 4.99 16.07 13.47 13.98 10.04 5.66 7.1 2.31 1.93 3.98 4.57 3.73 5.5 2.12 3.79 5.32 6.01 4.14 3.76 4.24 11.46 9.97 5.56 5.26
9.89 14.7 11.63 12.93 13.36 9.13 6.14 8.53 20.52 12.24 5.52 5.37 7.72 2.77 5.17 8.41 6.44 7.22 6.72 5.44 6.21 12.39 11.59 16.97 20.25 15.86 22.32 8.0 6.85 10.08 18.59 8.4 9.71 7.46 18.31 28.29 20.88 9.11 5.47 3.6 5.68 12.63 12.17 12.19 11.94 10.97 3.91 2.8 4.77 5.99 4.42 6.96 3.6 3.08 2.72 3.56 7.68 8.74 5.04 3.81 7.58 3.87 5.71 4.67
16.7 14.37 10.87 20.71 18.37 10.83 7.98 5.4 25.48 15.73 7.7 10.7 11.15 7.78 14.86 7.28 6.42 7.88 6.46 7.61 6.91 8.49 12.5 18.04 22.69 15.28 10.98 8.51 6.73 17.61 9.79 23.54 14.78 9.12 11.64 15.53 18.82 10.46 3.58 6.59 9.46 10.85 21.84 12.98 10.3 8.51 3.07 3.98 3.49 4.22 10.94 5.48 3.22 5.3 3.38 3.91 7.39 8.14 6.67 7.25 5.97 7.87 6.34 3.91
18.89 10.66 9.09 12.89 16.76 12.49 7.88 8.79 32.79 28.89 19.33 14.32 9.85 17.52 16.53 9.82 9.08 8.99 10.82 5.44 12.6 9.61 18.89 21.47 10.85 12.36 13.57 5.93 4.77 14.89 10.51 10.77 15.98 8.2 11.28 15.65 26.4 11.13 9.24 2.92 11.81 15.29 8.64 10.55 10.41 6.58 3.99 4.9 6.07 4.67 6.03 7.41 6.73 5.05 3.44 4.29 5.8 5.17 5.23 7.97 5.71 5.78 7.83 5.24
20.04 6.81 6.29 13.18 10.8 8.25 8.51 12.66 24.68 12.38 13.67 15.17 9.56 16.61 16.8 6.59 9.65 5.76 9.71 6.61 7.54 8.81 11.81 10.57 9.53 13.43 6.43 9.85 4.51 9.79 10.15 15.77 18.57 21.91 16.71 22.01 28.81 9.43 5.35 5.24 6.7 13.63 9.51 8.93 7.63 5.23 4.64 3.57 5.51 4.74 4.34 4.26 7.44 4.47 4.49 6.69 5.42 7.74 4.84 5.62 14.08 9.78 10.79 10.81
13.68 9.08 9.2 9.07 11.75 6.34 5.77 9.25 13.2 10.95 10.95 6.5 6.64 16.31 9.46 10.86 11.13 9.25 9.51 15.82 11.34 10.95 17.33 15.34 15.53 10.09 4.12 7.13 7.63 6.52 10.28 15.88 26.17 20.55 8.46 14.95 15.59 13.64 9.25 9.12 8.0 12.57 11.73 6.81 6.81 3.77 5.15 4.89 5.69 6.74 7.6 3.91 5.2 4.45 3.93 8.4 3.74 8.86 4.08 5.2 9.02 17.48 14.61 8.79
19.14 7.73 6.23 14.01 5.61 3.27 7.82 12.79 14.99 14.01 6.45 4.19 10.31 16.29 14.53 9.88 9.16 11.91 13.38 5.84 19.12 20.47 14.23 25.23 20.85 12.2 5.3 3.52 9.62 10.26 6.36 15.05 20.45 14.86 12.11 19.96 16.66 11.81 9.7 10.14 9.74 6.68 6.92 4.87 4.21 5.31 3.47 6.33 10.36 7.66 7.93 7.95 2.84 3.47 6.24 5.18 5.61 7.04 2.37 2.89 9.96 9.38 28.87 9.1
21.34 5.8 6.74 10.49 5.81 4.98 5.98 9.78 8.87 8.39 4.06 4.05 8.82 11.57 14.07 11.36 11.43 14.27 13.26 10.68 13.72 19.71 25.36 19.48 11.59 14.34 5.03 2.92 2.62 4.02 7.95 11.2 15.66 21.58 15.18 8.96 14.33 12.88 7.64 7.28 7.17 8.76 4.29 2.98 5.08 2.92 3.08 3.47 6.57 10.03 8.12 5.91 7.12 8.84 13.57 8.79 11.71 10.0 3.53 5.23 7.86 11.96 19.06 17.88
25.63 12.89 10.52 9.66 6.1 5.59 1.44 4.31 5.25 8.82 5.23 5.76 6.31 8.84 12.21 14.26 12.97 17.67 14.73 9.85 12.92 17.51 19.26 11.93 6.83 8.73 3.75 3.82 2.44 2.72 5.33 5.09 14.69 14.31 7.11 6.37 11.59 11.07 8.28 9.32 7.7 15.64 4.55 5.64 7.77 3.29 3.27 5.29 4.18 19.38 8.06 4.13 10.08 13.56 9.23 14.18 12.68 13.96 9.52 3.57 7.89 10.33 12.84 19.93
20.94 14.56 12.5 4.37 5.51 3.96 4.36 3.78 4.82 8.26 4.9 6.73 13.71 10.03 6.98 6.02 16.89 20.3 7.25 7.86 10.83 12.1 21.43 24.09 8.03 5.59 4.33 2.22 2.74 2.04 2.95 9.5 8.89 17.28 12.31 8.39 15.54 14.84 7.93 12.64 8.45 10.68 8.16 4.53 6.99 4.81 5.74 3.99 5.61 11.63 9.28 7.29 8.58 15.04 14.44 20.04 16.24 10.94 9.43 6.38 10.19 14.98 18.16 17.74
16.94 17.74 10.33 5.38 7.3 5.87 3.6 6.07 2.18 5.06 5.59 11.55 10.05 10.66 8.3 6.59 11.12 11.15 8.89 8.43 9.96 19.46 22.9 16.29 6.73 4.73 4.41 1.94 4.8 8.82 7.73 15.92 12.18 11.24 11.82 8.47 17.1 16.33 12.25 8.42 14.22 11.89 6.1 3.65 7.27 10.05 3.83 4.77 7.4 7.28 5.58 9.5 8.1 7.19 7.74 11.67 20.54 6.36 12.44 11.34 11.56 10.27 18.06 24.9
9.18 20.73 14.61 13.9 12.36 5.73 14.43 6.73 2.3 6.7 14.88 10.21 9.53 5.54 5.39 9.24 8.8 7.78 6.78 4.91 13.29 21.67 7.64 8.47 4.52 2.87 2.28 3.34 5.1 7.0 6.84 11.69 5.99 9.98 11.48 11.92 6.92 12.51 10.02 9.18 12.82 7.91 2.45 3.94 3.08 3.83 3.32 6.69 13.39 9.97 5.45 12.28 12.08 9.76 11.27 8.64 10.48 11.99 11.76 10.46 10.62 6.47 11.85 21.12
19.65 30.34 16.54 27.4 15.72 7.62 8.52 8.46 3.27 2.7 6.27 15.93 4.27 4.08 3.51 6.48 13.57 5.95 10.49 6.74 9.27 9.63 8.52 5.62 3.42 3.84 2.13 2.31 3.85 6.6 4.36 7.82 5.83 10.38 11.7 8.16 12.54 8.5 10.23 11.32 8.64 6.42 3.86 2.93 5.56 2.78 4.71 10.87 11.59 15.15 10.59 5.7 8.87 11.33 7.29 14.1 15.89 10.69 11.99 9.08 8.43 7.1 15.24 17.7
13.05 37.12 58.77 23.12 16.29 10.26 5.93 6.0 6.35 3.83 6.65 7.28 4.53 4.08 2.12 4.52 8.29 8.32 10.55 8.18 16.94 9.86 10.66 6.82 5.7 4.0 2.99 3.84 5.93 7.69 6.06 6.01 7.82 10.08 7.45 18.14 6.39 6.28 11.34 18.19 5.82 4.78 4.4 5.7 8.82 4.23 8.2 13.71 18.81 10.85 10.37 6.72 4.78 8.89 8.63 16.18 12.23 9.43 12.61 4.55 3.31 4.7 10.14 7.41
13.82 31.86 41.84 34.21 10.41 9.25 3.6 3.73 3.84 5.19 7.63 7.45 4.22 5.4 4.5 5.91 6.31 6.34 8.33 6.49 8.96 8.38 9.01 8.13 3.67 6.94 3.44 3.33 7.21 10.76 7.52 12.48 7.83 8.22 12.39 12.02 3.84 7.98 7.26 6.48 5.76 2.28 3.76 7.13 7.45 7.02 11.09 8.2 17.39 12.13 9.59 10.54 6.33 7.92 9.79 6.98 9.05 12.99 9.82 5.89 2.45 5.36 7.42 4.64
10.35 15.84 21.08 8.74 6.83 3.79 3.65 4.79 4.23 4.57 7.78 6.9 5.91 10.43 7.53 9.12 7.08 8.96 6.04 8.57 4.75 4.39 9.28 6.64 5.19 4.46 4.7 4.07 7.33 6.33 10.63 10.27 7.86 7.02 7.43 11.44 6.39 17.94 9.14 6.03 2.95 4.76 3.62 6.29 10.46 8.04 9.69 10.35 17.0 22.81 25.1 9.94 10.01 8.18 9.87 9.81 12.68 19.18 5.27 5.71 3.37 5.7 5.01 6.18
13.81 10.62 7.41 6.79 8.94 4.66 3.19 6.71 4.19 3.34 4.96 5.43 15.25 9.04 9.23 21.51 21.4 8.85 5.92 6.88 5.59 6.06 6.39 4.0 2.55 4.3 4.02 9.37 5.38 16.42 20.65 8.67 11.99 8.72 10.6 8.83 15.75 12.0 12.23 5.19 3.77 3.69 4.37 8.14 8.1 8.57 10.47 15.91 15.97 12.77 13.18 12.1 20.03 14.01 24.85 12.84 9.29 11.22 7.12 3.25 5.2 4.8 4.05 7.25
10.71 8.44 17.07 8.41 5.87 8.38 3.1 2.2 4.55 5.09 3.87 7.14 10.65 12.41 5.32 7.97 11.18 13.3 3.1 7.21 9.8 8.31 6.59 3.96 3.55 7.0 3.6 5.8 10.46 18.88 15.55 9.91 9.86 5.06 5.04 13.65 26.37 14.28 11.85 11.13 5.96 5.24 4.26 16.74 13.26 6.58 8.61 13.12 24.31 12.72 11.34 31.24 19.0 21.86 16.5 11.23 13.84 10.01 5.44 10.49 2.15 4.51 10.16 4.9
14.24 12.0 12.75 12.7 16.19 8.93 4.41 2.69 5.2 6.21 3.55 6.29 9.58 6.43 10.08 4.73 7.98 7.23 3.12 5.24 6.04 9.3 6.28 4.83 5.87 13.09 7.24 10.33 6.14 13.83 15.44 9.65 10.31 2.69 4.76 10.74 12.43 8.89 8.68 3.47 3.93 4.96 6.47 14.31 11.62 7.89 8.5 22.06 23.91 21.19 7.94 23.47 28.43 22.59 11.04 10.49 12.61 12.63 7.04 6.84 3.08 3.36 14.78 5.39
10.53 7.9 6.92 13.12 28.21 4.43 4.85 3.76 2.76 7.15 4.04 10.69 11.12 8.01 7.29 9.75 14.43 10.29 1.76 2.93 4.76 4.18 4.79 6.24 7.69 16.54 19.3 8.37 6.56 5.0 8.25 8.42 3.85 3.31 5.31 7.31 5.15 5.79 7.96 2.98 4.16 7.37 16.62 15.48 11.14 6.85 19.54 7.19 14.95 20.35 6.06 18.41 27.47 37.03 12.08 13.66 7.91 9.51 6.16 8.77 7.71 6.28 7.5 5.24
22.26 12.22 5.89 6.7 7.23 5.2 1.9 2.99 3.51 4.47 5.32 9.35 7.26 4.6 4.47 3.53 9.99 7.18 3.04 3.03 2.79 5.46 4.85 5.23 5.9 15.72 13.65 17.43 12.67 4.65 8.37 8.13 5.39 4.54 3.65 4.59 9.45 4.3 13.98 15.94 4.4 9.61 19.05 19.19 8.3 7.99 10.53 12.04 6.83 14.84 13.49 14.83 9.11 8.71 7.15 10.06 5.23 6.68 13.49 6.34 7.88 16.46 10.61 12.04
7.76 8.34 5.2 7.45 8.49 3.33 2.85 3.05 3.99 7.51 6.23 5.58 6.56 6.6 3.8 5.39 6.41 8.59 5.24 5.31 2.56 6.06 5.95 5.41 5.27 9.72 17.63 18.64 17.74 7.14 11.14 4.52 4.81 9.8 3.95 4.24 4.48 5.35 10.37 9.5 9.66 13.91 12.51 12.87 9.85 6.83 9.27 7.18 5.18 4.77 6.29 9.9 10.83 9.88 4.75 15.17 5.48 9.38 5.17 3.61 10.29 10.72 8.71 14.23
4.89 8.95 5.39 14.36 8.37 3.87 6.6 7.87 6.61 8.59 9.02 8.92 8.33 4.68 8.68 7.78 9.88 14.95 9.54 3.02 3.05 5.38 7.93 9.75 3.68 9.55 18.03 6.43 13.77 8.61 7.43 3.48 6.76 8.25 4.94 3.14 3.55 6.86 9.38 5.97 8.35 11.36 8.76 8.35 7.52 9.9 4.65 4.37 3.5 2.71 3.19 6.22 6.66 7.92 7.78 9.23 11.13 4.14 4.48 7.93 11.41 7.8 16.75 22.24
9.97 10.31 6.38 12.2 13.62 9.23 11.52 21.71 13.68 19.59 15.54 12.54 10.71 9.9 5.33 8.23 8.7 9.43 8.03 1.92 2.44 3.96 4.96 8.28 5.91 9.85 12.26 9.77 10.7 10.03 9.11 4.2 4.94 8.3 6.7 4.18 3.59 13.4 11.89 4.9 5.11 4.5 7.24 4.5 6.05 8.3 4.9 4.18 2.24 3.88 2.6 4.33 6.25 5.75 6.28 6.45 9.58 6.92 5.8 5.29 10.09 15.03 10.84 6.43
11.34 14.64 11.81 15.82 8.62 13.67 6.58 14.62 12.01 11.87 13.32 8.96 10.48 9.71 8.27 8.39 17.27 9.65 8.02 2.45 2.07 1.97 3.48 4.94 4.46 9.76 7.48 10.09 9.37 9.19 5.55 3.66 5.13 5.02 8.46 4.96 4.96 14.76 7.94 4.66 5.68 4.27 5.79 13.69 4.64 6.06 3.96 7.92 3.28 3.46 2.98 2.99 5.96 5.73 5.91 5.25 7.83 5.85 8.76 7.1 10.19 24.94 8.43 5.06
