13.68 8.6 12.18 8.01 3.36 8.36 7.94 9.08 5.72 3.36 5.67 4.84 3.65 3.98 4.51 8.78 19.27 12.23 10.67 12.84 7.1 4.77 5.66 8.65 17.58 10.17 5.67 2.75 5.98 4.92 6.37 5.55 8.86 6.41 4.89 8.74 3.97 6.64 3.36 4.95 8.88 2.88 6.73 5.53 9.48 9.37 6.58 6.15 5.67 6.14 5.9 5.64 8.74 7.21 4.39 8.42 4.49 14.88 20.81 12.29 8.55 10.49 13.86 5.26
16.42 7.51 8.34 7.76 7.51 13.84 12.78 6.12 6.42 6.6 5.12 4.03 2.21 3.8 6.82 10.74 10.19 5.41 12.2 6.83 8.15 5.39 3.42 9.83 11.94 8.89 4.56 4.02 5.07 5.02 4.61 4.38 9.87 5.54 5.81 4.63 6.26 4.86 3.54 3.53 2.22 2.49 3.49 5.27 6.84 18.88 6.63 8.3 8.53 7.92 7.05 6.79 5.52 11.27 7.85 11.9 9.98 13.4 15.04 7.18 6.6 7.34 4.48 9.48
12.16 12.43 8.31 5.69 10.68 7.07 12.99 18.65 14.36 9.05 10.4 3.53 2.24 3.26 9.86 7.51 7.25 5.75 4.74 6.97 12.88 6.22 4.36 3.83 5.11 3.13 5.25 4.93 6.36 7.64 9.73 7.36 6.36 4.38 2.63 2.99 3.62 7.1 3.14 3.97 3.13 2.99 3.19 3.74 6.16 14.09 13.17 7.45 5.79 10.22 8.12 22.71 20.59 12.45 11.85 15.28 9.64 12.31 15.21 9.66 12.01 6.23 7.67 6.35
8.3 7.99 14.59 7.78 10.13 7.42 9.17 10.57 11.09 11.23 9.33 3.83 4.89 6.2 12.87 13.93 5.44 4.75 5.55 7.51 8.2 5.42 3.87 3.25 3.99 3.89 7.97 8.28 10.07 13.85 17.35 7.34 6.0 2.85 2.21 2.67 2.2 3.5 4.61 1.92 2.45 3.44 2.26 3.35 5.12 3.85 6.98 5.88 5.84 11.81 8.67 10.99 14.51 15.97 11.14 15.08 6.68 15.61 10.79 19.98 22.6 11.33 8.44 4.42
15.59 13.63 14.34 12.56 15.63 9.48 8.17 3.1 9.32 16.2 15.96 5.76 8.09 4.67 10.83 7.94 13.88 4.29 11.51 9.14 4.78 2.41 5.82 3.77 4.45 6.34 7.41 5.52 13.63 11.03 11.08 10.73 2.69 3.07 2.64 2.66 6.05 3.59 2.33 3.16 2.52 5.59 3.27 3.35 2.91 3.19 5.04 4.66 7.53 7.89 6.97 8.1 24.1 20.78 18.55 9.17 20.3 17.88 13.33 9.8 20.33 12.84 7.41 3.25
11.96 14.99 25.79 17.63 17.0 14.19 12.24 6.82 12.57 9.45 5.07 6.61 3.35 3.77 5.04 5.86 6.32 9.11 19.37 16.29 6.14 6.56 4.22 5.57 8.63 5.13 10.19 4.62 7.77 7.73 10.92 7.78 2.44 2.89 2.13 1.78 5.94 3.86 3.44 3.96 3.83 5.2 5.37 4.12 3.14 1.69 4.66 7.11 7.35 8.66 6.11 6.17 23.07 16.88 7.02 7.53 18.31 19.25 27.36 13.97 11.55 11.93 7.48 5.15
11.11 8.73 12.57 15.78 14.68 26.03 15.73 11.58 6.23 9.94 11.97 5.24 13.03 4.66 6.15 8.46 10.43 9.02 17.99 9.32 10.46 12.74 8.06 10.21 8.03 6.78 5.71 5.68 8.54 6.39 9.62 4.76 3.95 6.88 3.68 2.74 2.63 5.51 2.26 2.98 3.36 4.93 2.86 2.69 6.62 5.53 9.71 6.2 5.6 5.55 9.53 5.18 15.6 9.06 7.36 8.88 6.92 12.91 13.98 10.92 14.63 6.23 13.74 7.0
6.03 4.72 6.52 7.19 9.27 9.84 17.17 11.72 11.44 10.29 5.91 12.16 8.21 9.19 5.91 5.93 18.01 14.21 13.53 13.57 7.54 8.1 6.93 7.56 7.61 6.68 6.12 5.12 7.23 7.25 6.83 8.7 6.63 14.39 8.21 3.44 6.2 7.96 4.32 4.0 2.41 6.5 3.65 5.1 5.55 4.64 6.73 8.68 5.56 9.78 9.95 11.74 10.1 9.08 24.89 16.12 10.06 9.07 12.84 12.95 10.82 10.62 7.7 8.99
4.93 5.24 4.51 3.99 5.1 8.42 22.86 16.84 11.54 7.94 6.77 6.57 7.89 8.34 6.31 4.46 6.14 9.71 17.64 10.34 6.54 6.3 6.02 4.49 10.67 13.03 6.22 3.61 5.33 3.64 8.93 10.82 5.8 4.43 6.59 5.41 8.3 10.62 9.5 5.43 5.14 5.18 3.92 4.25 3.22 3.31 14.23 11.76 10.16 14.96 10.56 10.64 6.97 12.02 28.12 25.83 14.4 6.44 6.27 15.75 7.5 17.19 5.93 4.51
10.2 6.15 7.51 2.36 2.24 6.63 12.01 17.06 14.34 8.81 7.86 3.74 15.63 10.27 9.23 4.25 3.68 9.43 10.88 11.15 6.67 10.08 11.84 12.71 15.63 15.8 4.9 7.49 7.22 4.62 8.18 7.3 8.94 6.62 4.39 9.85 7.12 8.21 7.73 5.88 3.69 4.14 4.34 5.24 5.12 6.82 9.31 6.27 8.59 6.37 7.77 11.02 15.6 16.32 11.67 7.58 5.91 3.7 4.91 10.11 4.51 7.84 10.88 5.15
5.04 9.61 9.13 3.96 7.78 7.95 6.72 23.65 11.02 17.31 5.4 6.72 10.28 6.77 11.11 11.25 4.04 4.39 11.03 10.58 22.16 6.4 9.99 10.61 6.78 12.06 4.91 7.89 7.98 3.37 5.88 5.16 9.02 4.9 5.25 7.03 9.91 8.72 9.44 5.59 4.55 3.78 5.85 9.84 7.05 7.19 8.32 5.12 7.78 9.12 13.43 11.27 10.53 8.59 9.36 7.59 3.02 2.35 2.61 5.38 4.36 5.36 2.35 6.48
6.19 11.81 13.3 6.81 6.29 8.77 11.56 11.33 10.49 6.61 4.63 6.07 8.81 3.22 5.38 12.42 6.22 8.67 7.04 9.78 7.91 8.83 7.52 10.38 3.08 4.15 4.44 5.48 8.96 5.62 3.45 12.2 5.39 5.82 8.45 7.13 10.21 10.85 7.6 15.2 12.29 10.54 10.04 7.05 18.02 14.15 12.34 11.21 5.63 7.91 8.45 6.4 5.63 11.02 6.43 3.22 4.44 2.49 3.59 4.7 4.4 2.32 2.28 3.64
8.51 9.94 5.28 7.85 7.7 19.59 17.96 19.44 5.46 5.99 4.23 3.91 4.36 6.28 6.81 13.6 15.56 4.0 4.54 10.61 13.7 11.33 13.77 10.99 4.16 3.37 1.45 4.34 4.86 3.9 9.94 6.16 6.92 5.81 6.16 7.57 8.43 11.45 7.88 20.34 14.18 8.98 5.84 15.56 22.71 18.57 7.21 5.48 5.19 4.87 7.33 6.8 6.38 4.19 4.33 3.82 2.43 3.94 2.37 5.5 5.45 4.04 3.17 3.76
3.39 5.67 9.4 12.52 13.3 15.35 10.56 9.43 6.18 8.47 2.58 3.17 4.05 6.48 6.2 12.55 4.56 5.25 5.92 6.16 10.62 9.56 9.63 9.91 6.02 4.87 4.11 7.93 3.22 3.99 4.5 8.93 9.28 7.61 14.03 6.94 17.2 24.06 18.43 13.03 12.7 4.74 5.64 14.05 10.99 10.81 12.06 11.21 3.48 3.35 3.51 6.56 5.83 4.89 3.82 4.87 2.47 5.44 6.1 6.7 8.19 7.17 3.09 3.69
2.48 6.61 5.48 13.13 14.21 6.41 8.34 4.89 14.17 12.77 4.5 3.56 3.65 5.02 9.58 6.83 5.12 3.56 7.44 8.09 6.81 7.42 3.72 6.64 9.03 5.71 6.39 5.34 3.68 4.12 4.01 11.29 12.24 17.51 19.97 16.22 24.05 18.67 8.24 15.03 16.39 10.84 5.28 8.03 15.04 26.43 19.69 18.08 3.88 4.27 6.3 5.75 9.24 11.21 4.85 2.52 4.15 5.65 9.2 9.1 5.98 3.41 1.26 2.83
3.65 3.38 2.51 8.33 11.89 13.45 7.26 7.12 5.5 6.57 7.6 5.03 3.86 3.71 8.27 3.83 5.8 8.82 4.97 5.47 8.76 4.51 9.68 7.96 6.64 6.54 5.25 8.51 6.31 3.95 8.91 6.37 34.81 23.68 18.88 17.85 31.64 20.01 10.19 6.46 14.82 8.31 10.17 18.52 13.05 16.25 10.02 6.61 7.86 8.23 6.79 9.32 6.6 9.64 6.91 8.83 3.75 7.42 5.96 5.61 6.03 4.97 4.25 5.81
4.12 1.94 3.14 7.97 7.5 6.02 7.71 4.54 5.12 5.85 7.12 5.17 5.26 4.77 5.96 5.57 10.35 10.35 9.5 4.86 6.25 4.71 10.41 8.89 10.35 9.53 7.14 7.8 4.92 6.01 8.17 8.84 11.31 24.05 16.53 32.75 18.46 8.48 9.03 4.1 10.01 6.57 6.19 19.06 20.61 15.22 7.3 10.08 8.92 8.47 6.21 6.31 8.57 10.14 10.71 7.01 5.81 5.65 6.82 5.96 8.46 6.1 4.98 8.66
3.95 6.3 4.91 6.09 5.95 4.74 5.48 8.37 4.33 6.67 5.54 3.73 5.71 6.29 6.48 13.06 10.8 5.9 11.31 5.93 5.78 7.81 3.79 8.57 11.35 8.25 13.54 4.45 3.71 6.08 10.54 11.21 16.61 15.74 22.84 16.12 12.77 12.85 9.77 8.86 10.84 7.78 9.21 10.83 10.24 8.2 11.61 8.63 10.8 9.04 7.27 10.25 8.46 13.94 11.77 8.23 13.36 9.74 6.2 5.49 9.71 4.75 8.93 7.46
5.54 4.36 5.92 8.18 12.06 8.09 5.17 4.47 7.53 7.17 6.58 4.47 2.49 6.63 6.61 12.9 10.59 8.45 13.29 8.12 11.83 6.64 4.54 16.07 17.75 14.49 7.96 2.96 3.34 4.89 3.93 8.03 6.32 15.59 15.9 11.06 15.45 9.3 8.21 10.83 8.77 16.01 11.77 12.17 5.09 10.84 10.4 8.68 10.07 15.3 7.67 8.14 8.85 14.0 17.73 10.81 9.6 6.89 5.78 11.39 7.79 10.35 9.76 4.67
4.97 4.62 11.28 9.64 8.36 6.32 6.2 4.7 8.35 7.91 4.49 2.53 3.8 7.51 6.55 9.2 15.44 12.66 8.51 10.36 7.44 9.78 15.36 19.1 14.95 20.4 9.63 7.7 3.66 2.89 4.56 4.15 8.4 9.43 4.59 8.89 11.64 8.8 7.01 3.94 7.29 10.87 14.58 8.65 7.33 7.8 13.46 10.88 8.85 6.41 7.9 5.02 10.34 12.2 9.74 11.46 5.5 4.72 16.86 5.71 9.61 7.7 4.87 8.77
6.4 7.33 6.9 8.38 14.71 6.72 5.38 3.51 3.2 4.11 2.2 2.73 5.75 9.59 6.89 5.59 18.5 18.36 16.48 16.52 9.74 8.31 18.12 12.71 14.56 8.82 17.93 7.71 5.16 7.77 5.51 2.5 6.99 10.26 5.67 7.84 14.17 10.99 5.63 10.44 10.93 10.44 14.09 13.24 16.14 16.65 11.09 6.21 5.44 9.35 10.41 8.09 3.09 9.06 10.74 9.82 7.67 9.64 10.44 7.55 7.14 6.21 7.51 6.03
12.57 5.5 11.9 9.1 9.04 6.05 10.06 4.66 4.07 2.6 2.94 3.16 3.45 4.44 4.22 7.62 14.13 10.2 6.64 10.16 8.06 13.35 15.47 13.79 12.32 9.65 14.06 9.75 4.03 9.2 4.35 2.52 8.73 6.78 10.99 4.78 7.51 6.13 5.1 6.79 11.08 5.62 17.31 7.66 11.35 14.27 14.23 4.02 3.77 3.54 12.79 8.02 13.6 6.08 6.65 6.03 10.93 12.9 30.14 10.45 5.12 11.62 13.23 10.87
5.06 4.47 7.96 7.38 4.33 5.4 14.38 6.77 4.03 9.6 5.3 3.09 2.85 3.31 9.64 10.27 6.8 5.88 4.17 7.61 11.01 5.66 14.07 5.56 8.88 9.2 17.82 13.86 5.7 5.31 7.91 5.52 10.51 11.33 5.56 7.96 5.25 7.52 7.03 6.21 3.53 6.2 6.24 5.17 15.74 21.32 13.1 5.42 5.33 5.08 12.7 19.05 9.22 8.57 5.65 4.98 6.19 10.6 28.66 8.18 5.97 7.19 15.42 17.74
14.44 10.89 9.83 2.6 5.64 12.03 10.04 7.0 2.98 3.87 8.22 7.41 3.12 3.66 4.18 4.31 9.35 7.05 6.93 7.32 6.7 4.33 4.54 7.15 10.57 11.87 13.52 7.96 5.23 6.01 14.89 12.46 9.11 8.69 9.93 8.63 27.77 5.45 3.76 4.51 1.83 4.91 3.79 3.54 9.26 12.05 16.1 5.18 9.09 8.76 7.58 8.28 11.88 7.31 10.06 7.55 1.83 14.86 15.8 8.1 8.59 9.38 6.74 9.2
18.42 13.45 6.41 6.91 7.38 11.94 10.75 5.63 4.9 5.71 8.98 10.25 5.73 4.29 3.45 6.8 8.55 8.63 7.87 9.95 7.94 6.08 6.87 8.7 10.43 6.51 14.71 7.5 3.74 9.45 10.68 12.71 10.52 8.69 12.12 16.79 9.61 4.44 3.9 4.54 1.99 4.53 6.69 9.89 13.62 16.7 15.18 8.84 7.6 11.93 5.87 6.92 14.0 10.27 20.58 6.93 6.78 12.35 10.07 12.18 9.4 5.38 6.51 4.66
15.0 6.79 7.03 6.21 3.96 9.62 12.64 4.76 6.5 5.26 7.17 9.24 10.86 6.78 4.24 6.01 9.85 8.66 8.58 8.4 11.16 9.93 21.26 8.36 7.38 13.99 28.66 9.14 7.34 4.17 9.61 15.28 6.58 6.56 7.74 10.39 16.56 6.58 3.1 2.3 2.36 4.87 9.44 7.89 12.4 20.85 14.35 13.85 12.62 6.33 7.12 11.23 12.74 22.28 14.92 12.64 9.99 18.11 7.31 6.82 7.65 11.46 8.19 5.16
5.25 5.73 9.06 5.36 3.51 9.59 5.11 5.83 11.2 6.45 5.63 11.65 11.81 9.28 12.51 13.33 8.67 8.68 6.79 7.9 8.0 16.12 11.19 14.92 8.84 10.62 10.12 8.44 7.53 8.34 10.48 13.53 10.3 5.32 7.13 9.02 13.31 12.78 3.19 3.33 3.81 4.69 11.76 7.04 9.13 9.49 11.39 21.9 17.38 4.86 6.81 4.04 21.68 11.24 13.41 8.99 4.2 8.41 12.23 8.3 10.57 9.47 5.83 6.85
5.23 4.39 4.54 5.94 6.3 7.28 3.73 3.04 10.83 9.37 11.72 7.78 12.73 9.96 19.9 22.76 21.63 11.74 16.21 4.99 7.94 10.67 9.53 5.35 4.7 7.15 15.39 13.46 9.13 9.9 12.24 19.47 12.28 7.39 9.53 6.51 11.79 9.4 7.49 6.13 3.69 4.23 7.78 9.11 10.35 9.52 11.17 11.8 10.81 10.21 5.89 7.78 13.54 6.74 12.77 6.51 5.5 6.39 10.11 16.39 14.48 18.19 15.24 9.55
7.38 6.5 6.65 12.75 5.44 6.09 2.71 5.65 6.7 7.88 5.97 11.06 10.22 15.13 10.58 16.85 26.33 30.98 11.42 5.38 5.33 3.8 2.02 5.29 7.0 22.89 13.47 12.33 7.6 6.44 11.59 10.21 10.09 10.31 5.51 9.2 10.47 9.59 9.98 5.83 4.11 6.36 8.69 7.39 14.43 8.22 5.81 5.63 14.01 6.74 7.0 7.56 7.49 6.97 15.89 9.38 8.32 10.6 24.28 17.86 28.13 16.22 24.71 9.59
8.84 10.0 13.1 11.5 5.4 5.09 6.74 5.57 5.62 4.73 6.71 6.3 13.55 7.62 5.18 10.14 11.07 19.05 6.8 5.76 11.03 4.93 2.79 5.42 8.38 28.59 11.57 12.93 17.93 10.9 9.61 11.87 5.26 11.09 8.69 5.23 4.99 6.88 7.44 6.05 8.45 8.92 5.82 12.11 11.53 7.45 5.8 4.49 8.57 4.24 13.72 14.76 5.88 4.75 5.61 7.0 6.34 9.61 25.31 18.27 9.01 23.84 16.63 27.89
7.86 11.8 15.84 10.7 6.04 7.62 5.22 12.54 6.82 8.7 8.28 7.07 16.02 10.3 6.02 8.85 10.69 16.94 9.42 5.01 3.73 3.62 2.11 5.15 5.32 16.5 8.07 11.95 12.04 10.54 6.63 8.66 10.13 9.05 5.08 4.39 3.9 5.67 7.24 8.34 8.21 13.2 4.09 9.74 9.28 5.76 3.34 11.75 6.55 7.3 14.88 13.71 12.97 6.04 6.75 3.08 4.96 8.34 8.83 8.88 12.82 10.18 21.71 15.77
9.75 16.87 14.22 4.47 9.32 3.06 4.85 7.17 7.96 11.79 11.5 11.35 21.36 17.1 11.4 14.03 9.81 14.32 8.62 3.93 3.92 4.9 3.17 6.16 5.63 10.53 8.22 10.44 4.85 6.72 5.05 20.98 13.17 3.76 3.84 3.85 9.66 8.36 8.53 6.65 9.69 5.68 6.79 6.16 6.11 7.67 4.76 7.85 7.25 8.66 5.78 11.39 13.3 8.2 8.71 8.87 3.91 5.84 5.06 6.23 18.25 12.76 5.64 14.09
13.66 18.99 18.68 5.42 2.43 3.14 5.7 6.31 9.76 15.31 10.64 25.88 33.15 17.26 11.83 9.09 8.28 11.9 6.49 3.91 5.42 5.36 4.02 7.22 3.91 7.81 14.3 13.12 10.93 6.85 7.18 13.53 7.8 5.12 2.77 3.39 3.0 5.23 8.79 7.83 6.22 6.35 3.68 5.69 8.59 5.77 3.29 4.78 6.73 5.07 13.24 5.65 8.51 12.43 5.28 5.15 6.55 6.13 6.0 6.1 12.25 13.49 27.61 16.15
9.92 24.74 15.83 8.56 4.2 3.42 4.25 9.08 7.95 13.54 18.87 18.92 13.29 18.9 7.61 7.48 7.11 7.11 4.97 7.15 3.31 6.1 3.67 7.89 6.57 10.95 9.49 12.59 6.26 12.14 9.2 10.74 12.87 6.76 5.02 2.13 3.1 4.36 9.87 8.37 6.36 5.72 6.2 8.93 15.71 8.42 5.85 6.26 5.44 5.8 6.36 7.29 8.8 10.91 8.54 3.98 7.24 9.36 4.53 6.14 16.22 19.19 18.37 18.48
8.83 12.14 10.23 7.32 5.39 6.3 6.63 9.29 8.98 14.55 15.01 38.05 8.98 11.95 4.88 4.69 2.76 4.87 5.71 6.82 6.78 9.09 6.67 10.21 7.48 8.23 8.4 9.52 6.93 11.64 8.17 14.82 9.82 7.92 5.8 3.43 4.16 4.36 9.56 3.89 4.45 6.95 6.82 14.37 10.67 15.02 8.31 4.8 5.82 3.34 5.06 12.21 20.4 8.1 8.33 5.14 11.45 7.46 9.19 6.17 14.39 19.32 22.45 13.31
4.05 5.49 3.6 4.73 10.95 9.9 11.67 12.6 6.49 20.39 16.13 22.02 17.15 9.62 4.31 6.1 2.15 6.85 7.68 7.91 5.32 8.85 11.78 9.4 9.44 10.22 7.98 8.03 5.29 7.33 9.14 15.56 4.73 11.8 10.38 8.04 3.94 4.33 6.94 3.88 3.94 7.08 7.72 11.58 10.74 6.21 5.29 15.82 12.3 8.08 10.43 23.95 12.11 7.1 4.94 5.95 7.35 9.91 11.31 12.59 12.43 12.79 11.13 11.92
4.98 4.74 6.32 7.56 11.28 16.36 7.1 17.75 9.08 13.39 11.54 20.64 6.27 8.17 6.53 4.12 2.82 7.92 3.41 3.57 3.36 6.73 18.83 15.47 8.01 4.89 6.65 4.88 2.44 2.25 8.03 11.76 18.44 12.77 10.35 6.4 9.05 4.25 8.02 5.51 4.81 3.56 5.21 11.06 11.25 7.68 7.13 9.45 13.77 8.24 15.11 17.77 11.79 7.25 9.93 4.75 9.45 8.58 4.74 10.23 5.3 7.59 7.12 7.79
8.42 6.06 17.93 8.52 10.92 7.95 11.96 25.29 14.22 8.13 13.28 13.39 8.9 7.62 7.14 4.91 7.64 5.63 5.36 8.32 4.32 5.74 8.38 9.74 10.57 6.54 4.83 4.03 2.23 4.13 6.44 13.93 11.97 13.28 9.18 13.43 5.56 4.13 5.14 8.07 7.46 4.92 4.35 8.24 14.43 8.73 8.52 7.74 4.08 14.11 8.72 11.55 16.11 5.25 12.25 7.73 11.96 8.55 4.98 6.17 8.09 4.56 7.91 6.36
5.43 7.79 14.43 13.6 13.26 12.42 11.42 20.56 7.15 6.9 11.99 10.98 11.38 14.58 6.74 14.29 7.63 6.98 11.94 5.47 7.67 5.62 7.59 10.85 17.92 7.39 9.62 3.22 5.26 4.41 6.06 6.85 5.96 5.95 13.07 12.21 5.69 4.22 7.9 3.39 7.54 5.83 7.26 6.18 10.07 4.75 7.37 11.0 8.22 5.45 8.05 12.84 7.81 7.8 12.92 9.52 25.71 15.67 6.59 5.11 9.54 5.05 5.17 5.51
8.04 5.71 12.2 12.09 19.46 21.14 9.37 13.31 10.88 5.22 6.93 5.36 10.67 7.72 8.88 5.46 4.83 10.67 10.32 4.87 5.86 4.78 6.62 9.83 13.19 8.3 2.22 5.41 5.4 3.57 5.54 5.47 4.03 11.72 7.19 5.78 3.42 6.86 3.68 5.28 4.46 5.89 15.03 18.9 17.01 5.76 5.27 5.14 6.82 4.48 9.49 8.8 10.57 8.44 8.75 12.49 31.21 13.19 5.62 3.93 3.28 5.02 5.41 6.58
6.28 7.52 7.36 13.54 13.81 8.04 14.26 13.87 11.57 8.39 2.25 7.1 4.68 6.13 9.78 6.67 7.32 10.5 8.43 8.15 8.17 2.98 10.05 5.91 10.21 4.75 2.68 5.7 5.5 7.1 11.49 8.94 9.86 6.7 4.52 3.83 4.14 5.34 10.28 5.81 5.49 6.17 12.02 22.91 18.31 6.01 7.35 8.5 5.22 7.36 7.41 5.51 11.23 5.71 10.25 10.49 18.42 5.55 4.9 3.97 5.83 4.01 5.79 6.75
5.55 9.91 7.12 17.5 12.82 6.99 8.78 12.75 12.05 8.79 6.38 3.09 5.12 9.2 11.49 7.86 6.04 10.83 5.05 13.74 4.36 3.6 7.07 7.88 4.65 2.94 3.59 5.91 6.09 7.89 8.14 6.25 4.62 7.1 5.66 4.33 2.22 7.56 12.56 12.28 8.02 3.68 5.77 8.11 11.98 6.21 4.76 2.95 4.73 4.23 7.25 6.31 6.14 9.07 11.74 8.46 8.51 15.24 8.51 5.88 8.26 4.71 5.85 9.79
3.57 7.11 13.19 8.59 12.55 9.34 16.3 16.14 14.96 10.48 4.33 4.49 6.88 4.97 5.75 3.21 6.55 5.46 4.89 9.24 5.71 2.04 2.83 5.3 7.61 4.28 5.74 6.91 4.31 5.48 7.48 7.04 8.66 7.31 5.19 3.71 3.61 13.43 11.36 9.77 19.73 5.89 4.88 6.79 6.16 2.94 4.67 2.72 3.08 5.24 10.89 11.24 11.22 6.84 8.49 5.51 11.74 12.71 8.21 4.1 6.48 10.06 14.76 14.5
4.63 6.72 9.89 20.54 9.44 6.06 13.54 8.78 11.29 8.0 3.32 3.88 5.26 6.19 4.2 3.66 5.17 5.41 4.06 5.13 3.53 2.07 2.86 3.38 4.23 6.71 3.7 3.26 5.15 4.33 7.16 7.95 8.49 9.83 6.23 3.8 6.78 5.08 19.29 10.79 8.54 4.82 3.58 3.01 5.66 2.4 4.87 6.11 2.68 5.79 21.1 10.0 10.71 10.89 12.91 11.68 7.0 8.11 7.66 6.57 4.76 5.88 15.27 18.06
11.91 16.36 17.67 14.76 14.86 10.42 12.92 4.58 8.13 2.28 4.9 5.11 4.25 7.07 7.66 3.28 5.41 6.29 3.71 5.13 5.68 9.32 4.51 4.36 5.68 6.11 4.4 2.55 6.16 3.57 5.35 6.68 7.26 10.23 5.81 5.17 4.7 3.62 10.18 9.5 6.21 3.81 3.61 1.82 5.69 3.31 3.43 2.58 2.8 8.08 15.24 13.08 26.21 9.45 10.21 10.77 9.94 15.55 12.29 4.95 5.9 7.72 21.24 17.65
8.73 14.51 12.67 23.07 13.94 15.84 9.66 6.82 2.8 4.37 4.98 3.54 2.64 4.94 4.48 5.34 4.05 4.19 3.96 2.42 4.86 4.52 4.69 12.82 5.65 10.25 6.93 8.18 8.15 9.93 7.4 7.34 8.91 6.37 4.7 2.88 2.43 4.79 7.15 6.63 6.64 3.95 4.24 7.18 4.26 3.08 4.54 2.72 11.56 12.9 11.98 11.73 16.55 13.89 11.32 10.86 14.19 10.54 6.58 10.77 9.98 10.86 23.2 16.43
5.2 10.73 7.37 10.32 8.64 6.74 15.6 3.96 3.96 6.26 8.67 3.26 2.0 4.91 3.98 4.17 6.95 4.43 2.43 4.2 2.04 5.24 6.99 8.14 8.43 7.26 11.5 5.36 7.74 21.27 14.49 6.97 5.92 7.27 6.91 6.34 4.04 3.68 4.45 6.23 4.97 4.69 6.86 5.76 4.57 9.51 4.98 11.01 6.59 13.25 8.52 10.51 10.66 14.55 9.0 9.62 16.09 10.41 6.26 9.12 7.41 13.12 10.74 12.93
3.08 10.37 7.71 9.48 7.78 9.08 9.36 4.81 6.13 12.73 6.9 3.33 5.71 7.74 6.07 4.37 3.8 5.07 5.94 8.99 3.0 4.58 5.18 16.9 10.74 11.54 6.05 3.94 5.62 9.48 10.03 8.37 5.27 9.18 5.59 4.3 5.29 8.84 8.77 9.05 3.96 6.58 7.4 5.52 7.74 5.81 5.44 7.19 7.22 11.23 10.22 8.48 8.24 7.56 5.75 14.14 19.33 8.07 15.09 8.06 12.34 19.37 17.07 16.18
4.89 2.69 9.03 10.64 9.12 10.97 5.21 3.83 3.59 10.74 10.75 5.94 6.57 3.93 3.43 4.59 4.76 4.58 4.84 5.13 6.42 4.42 8.19 13.17 9.46 14.11 17.2 7.03 7.68 5.52 10.17 5.39 4.62 5.39 6.86 5.03 10.6 14.57 11.08 6.82 6.94 9.94 4.82 7.88 6.3 8.76 5.66 8.27 4.38 11.65 10.87 11.72 3.08 5.24 4.5 13.76 12.01 9.26 18.08 25.9 26.52 67.13 18.7 7.8
6.68 7.21 7.32 9.22 11.75 5.79 7.82 6.27 4.01 10.93 8.8 7.91 4.49 3.56 2.1 2.0 3.14 4.74 3.39 4.3 6.86 8.22 8.39 13.36 9.35 18.54 14.12 12.9 8.46 10.69 6.13 2.99 3.59 8.12 6.03 7.65 8.69 8.91 14.35 11.15 11.2 6.78 6.29 6.4 7.06 6.07 7.85 4.97 12.21 10.23 9.88 9.53 3.55 3.82 7.06 5.8 11.38 5.45 17.28 15.01 14.68 13.65 7.38 7.11
16.78 11.07 8.96 10.74 12.68 13.2 7.23 5.67 3.03 10.02 13.05 7.26 6.87 2.26 3.86 3.58 3.73 3.9 4.31 4.71 8.31 9.33 9.6 16.82 16.01 18.4 7.95 5.57 15.68 6.63 6.47 3.93 3.98 4.21 4.75 4.13 6.51 9.29 11.43 28.25 5.79 4.01 1.96 4.01 6.12 8.42 5.12 5.67 8.97 11.33 9.25 15.34 5.11 4.57 3.62 14.99 7.97 5.13 8.6 9.68 15.85 16.67 12.67 4.72
15.15 11.37 12.53 14.3 12.15 7.64 5.54 6.28 3.2 6.72 8.54 10.05 8.02 9.13 4.99 8.12 6.86 4.42 7.82 8.6 9.86 11.16 10.89 13.68 23.2 11.9 4.89 8.97 9.11 11.11 3.08 3.92 4.07 3.91 6.56 4.8 5.59 11.1 18.75 13.8 7.01 6.19 2.43 2.23 7.65 7.93 6.82 13.01 6.45 5.48 12.45 18.46 13.94 6.95 4.97 3.5 6.69 4.83 7.87 6.87 6.02 15.98 8.75 5.4
10.32 14.67 17.21 13.58 14.77 10.98 5.8 4.8 4.43 5.99 5.47 8.88 6.19 7.42 6.14 4.37 4.16 6.3 9.18 18.93 13.24 8.79 6.72 8.02 14.58 11.93 8.22 12.1 7.49 6.56 3.82 8.14 4.64 4.93 5.55 6.74 4.64 16.26 6.58 9.85 12.95 6.65 3.55 3.2 3.13 9.86 8.06 6.31 8.99 8.51 6.64 18.93 7.0 4.51 3.23 4.2 5.18 6.86 5.52 4.31 9.18 12.49 14.54 5.61
8.12 19.41 19.27 18.99 21.65 14.98 9.51 4.86 6.03 5.64 7.08 16.35 11.25 9.47 8.17 3.53 7.32 7.65 8.21 5.99 5.8 8.46 10.84 16.62 16.95 8.75 5.56 9.0 9.15 7.96 3.72 6.54 5.31 2.77 4.38 3.52 5.3 8.92 4.74 6.81 4.08 6.23 4.42 5.48 5.42 8.23 7.17 11.33 14.36 21.24 10.14 7.76 10.23 4.27 3.43 3.76 3.21 5.95 6.46 8.78 10.36 14.47 14.81 5.99
11.95 7.21 17.09 9.29 30.6 13.45 6.86 7.05 4.01 2.89 10.61 11.41 12.96 14.9 5.69 11.36 7.34 6.04 4.36 4.8 6.48 8.18 6.53 11.61 15.11 13.78 4.02 8.65 5.43 9.14 6.43 5.65 3.54 2.18 2.49 5.16 3.36 6.84 4.81 3.71 4.61 5.24 6.27 4.41 4.16 7.78 4.37 7.09 20.52 14.66 15.66 11.64 5.86 8.31 5.98 5.24 5.15 6.07 8.96 12.28 16.0 10.31 7.23 7.99
7.88 8.52 12.67 7.34 11.35 17.83 7.34 6.55 6.55 3.9 9.49 11.37 19.39 10.94 10.23 11.47 11.28 7.31 8.95 6.0 9.93 4.16 8.92 9.79 8.91 7.88 7.99 6.05 6.18 6.25 7.2 6.55 3.58 4.15 2.66 3.52 4.67 9.95 10.74 6.64 7.16 5.69 6.07 4.4 6.4 5.14 5.16 6.82 15.89 15.94 12.86 11.74 8.05 9.16 5.73 4.19 7.9 8.87 7.05 8.96 7.25 6.05 13.39 7.52
13.1 12.53 8.19 10.66 11.52 4.78 6.16 5.26 5.95 10.15 6.56 13.26 9.16 12.76 10.31 25.77 10.14 9.5 8.74 7.96 6.53 5.77 4.51 10.54 6.19 5.72 2.98 3.97 4.56 6.65 6.1 9.05 6.35 5.14 4.63 2.94 5.73 10.66 6.96 4.38 7.01 6.98 4.88 5.28 3.06 3.26 5.51 6.19 11.81 11.01 13.55 14.21 17.07 9.51 9.8 8.32 8.18 17.41 11.63 13.84 9.07 8.4 7.48 6.28
10.85 10.26 8.18 13.1 15.61 8.56 5.91 7.92 8.9 6.07 13.03 11.66 11.36 14.76 12.53 15.91 14.74 37.07 16.6 6.02 10.1 7.08 5.88 4.23 6.75 4.23 4.92 5.02 2.79 2.89 6.46 9.77 5.13 7.12 4.4 4.91 9.53 14.27 9.12 3.52 5.94 7.55 6.67 3.07 3.02 2.19 4.45 5.62 6.62 9.07 8.88 12.37 9.45 7.0 22.2 10.37 7.45 10.37 13.93 17.54 9.69 10.28 6.55 5.97
28.59 9.63 10.01 8.81 9.73 20.21 11.68 10.02 7.34 6.67 20.03 28.98 11.38 21.93 7.03 9.44 18.2 17.75 16.85 9.83 10.84 12.9 4.64 7.08 12.68 8.24 10.35 10.2 4.63 4.56 12.12 6.64 6.85 9.28 6.49 9.79 12.17 11.92 4.81 4.75 7.82 7.88 3.57 4.61 3.45 3.88 4.5 3.88 3.65 11.16 6.4 5.82 5.59 5.62 9.23 24.14 6.12 16.86 18.8 9.11 9.27 5.84 4.23 5.34
11.03 8.74 7.26 7.13 5.89 8.33 23.12 15.02 10.69 14.58 25.26 31.25 24.66 11.26 11.96 8.3 7.5 10.21 7.4 10.51 22.53 12.01 13.48 8.88 8.57 6.71 8.96 6.48 5.63 3.59 5.2 6.13 11.84 4.39 6.93 9.45 9.11 8.12 10.49 5.35 6.33 6.21 8.25 5.66 7.25 4.08 5.5 4.28 6.38 7.9 10.53 4.96 4.49 6.45 6.85 11.51 9.28 14.03 10.34 7.86 3.04 2.84 3.75 4.81
5.53 7.45 7.75 4.01 9.97 10.37 23.5 16.78 14.98 18.74 16.53 15.21 13.47 11.3 22.87 13.75 6.62 7.76 8.68 10.51 24.75 20.5 21.35 13.61 19.25 12.82 6.45 5.09 4.85 2.63 4.4 6.37 3.93 3.87 8.5 8.35 9.99 9.84 13.15 9.79 6.98 4.93 6.7 8.07 5.94 8.26 7.72 5.62 6.12 11.48 6.15 5.8 4.47 3.81 5.89 9.74 8.85 8.98 14.88 5.89 5.45 2.47 5.81 5.47
6.41 7.46 4.73 5.26 7.78 8.47 14.77 9.65 21.21 17.1 15.47 15.99 17.66 16.1 22.4 10.15 2.97 5.31 7.54 13.58 25.94 19.11 19.98 10.55 21.73 7.54 5.97 6.03 3.34 2.22 7.79 5.75 7.89 7.12 6.49 11.58 9.41 12.48 16.64 7.57 10.23 5.66 7.54 17.86 9.14 4.86 21.0 7.35 8.98 5.59 6.77 3.77 3.28 2.05 2.69 13.11 7.31 8.1 9.52 8.36 7.13 3.27 9.89 13.39
4.67 7.62 4.21 8.07 9.14 7.64 16.21 13.09 18.48 20.85 17.98 26.06 28.07 28.88 15.23 4.98 5.21 2.91 9.76 18.36 10.23 19.83 15.39 8.94 12.4 7.8 6.23 7.54 4.2 4.14 7.15 11.13 9.79 14.61 8.69 6.5 12.0 6.35 22.98 16.85 5.52 7.25 6.68 15.83 11.8 10.36 8.01 6.86 8.79 9.92 15.27 6.55 3.77 1.99 7.59 10.65 8.4 5.98 6.93 8.94 5.89 5.78 10.14 8.64
4.11 9.64 7.08 7.85 7.98 13.61 23.12 18.63 22.17 15.71 14.19 17.21 38.45 38.85 29.01 5.52 4.08 3.95 7.13 9.19 11.63 9.79 9.83 5.95 6.41 5.8 7.11 4.88 5.69 5.23 5.92 10.07 10.88 13.12 18.0 13.49 12.44 10.83 8.82 14.62 7.51 5.63 6.04 8.88 15.56 13.72 7.48 9.34 7.93 18.17 23.76 17.73 9.85 4.96 6.36 10.36 9.92 5.35 9.26 9.07 6.79 3.22 5.87 7.03
