10.98 8.45 8.04 12.86 13.0 7.48 6.04 5.53 7.62 1.96 4.26 6.95 6.27 8.91 7.46 10.61 6.79 6.44 2.79 5.91 2.25 3.91 4.42 3.02 3.89 5.41 14.66 10.48 7.22 5.6 3.75 5.08 2.97 3.14 4.7 9.6 9.56 19.96 11.9 7.13 16.03 11.65 17.38 19.34 15.61 9.77 10.34 8.3 6.98 8.97 3.55 5.93 3.17 4.01 7.68 10.58 15.57 19.94 14.18 4.32 5.2 7.55 4.28 7.3
7.7 8.91 5.15 8.66 11.08 20.08 9.82 7.35 10.29 3.31 6.59 8.07 10.4 4.02 3.61 7.55 6.84 5.61 4.82 5.18 2.5 3.77 3.53 6.3 3.8 7.54 11.03 8.15 4.13 4.62 4.64 2.42 2.31 4.09 7.86 10.75 12.28 14.52 23.44 8.66 18.25 13.7 12.16 11.31 9.08 10.46 15.1 10.73 6.63 3.92 3.63 3.5 4.18 5.11 6.39 9.8 10.14 6.15 7.26 4.24 5.72 3.95 3.99 6.85
9.37 5.47 7.14 10.0 9.38 13.21 14.2 12.58 15.65 6.61 4.51 6.05 3.98 2.29 4.51 9.16 8.79 6.87 4.28 5.62 2.33 2.85 4.12 3.22 6.44 7.12 10.26 6.2 4.33 3.15 2.14 1.75 2.74 3.11 4.54 9.86 15.94 31.86 14.75 12.28 7.5 8.69 7.93 9.58 12.46 7.82 4.37 5.71 7.81 8.95 8.09 5.94 9.81 6.03 4.56 6.98 7.71 6.79 5.68 3.43 2.89 1.62 3.44 4.53
7.0 3.2 5.55 7.97 6.24 11.04 8.61 16.93 15.33 13.57 5.83 6.9 4.41 2.47 4.12 3.17 3.35 3.48 2.66 2.3 4.41 4.26 3.29 5.76 3.62 8.11 11.23 14.03 6.03 3.21 1.27 1.64 1.44 3.62 4.47 9.82 14.29 9.38 11.58 7.53 5.64 10.23 12.82 9.35 9.32 9.11 3.98 5.68 6.54 11.54 7.32 6.05 4.09 6.31 3.92 9.69 7.55 4.96 4.84 2.09 3.64 1.93 2.73 5.91
6.63 4.99 2.61 3.82 5.63 8.18 12.16 10.47 8.39 12.64 8.94 6.74 5.24 2.55 3.59 2.34 1.72 3.42 6.27 2.86 1.66 3.83 5.1 8.2 4.97 7.22 9.19 8.39 10.34 6.7 3.02 2.17 2.82 4.35 5.81 7.97 8.78 7.72 11.29 11.08 10.19 8.92 9.97 12.06 10.58 8.33 7.08 9.09 5.19 4.67 5.26 4.23 6.59 4.46 4.87 4.69 7.1 3.77 2.62 3.7 2.54 3.44 2.71 3.37
12.78 8.1 6.68 6.48 4.28 4.43 3.73 6.37 10.9 8.09 8.28 14.04 6.7 2.97 2.55 3.04 2.97 5.65 5.26 2.5 3.03 2.34 6.49 10.65 5.99 5.08 10.55 9.78 13.97 10.31 4.61 3.32 3.21 7.98 5.01 7.94 12.96 10.6 7.74 9.97 4.56 4.73 8.47 11.58 18.3 7.9 6.35 12.14 11.3 7.72 6.7 8.13 7.21 5.85 3.4 4.4 1.89 3.93 2.36 4.68 3.67 3.85 3.81 4.76
8.63 10.89 6.41 9.23 8.23 7.67 5.17 11.93 14.26 9.42 3.9 5.07 6.19 3.24 2.13 6.14 5.58 3.76 5.56 5.14 3.64 4.79 4.3 6.61 1.66 1.95 9.9 11.27 10.03 10.09 7.45 5.5 8.53 9.14 6.97 5.16 5.57 8.69 6.32 6.12 3.61 5.08 3.83 11.95 11.87 6.61 6.01 13.42 12.2 8.59 7.49 11.99 4.58 5.88 4.02 3.33 4.6 1.4 2.72 7.72 4.96 5.61 5.0 4.83
8.24 9.12 9.45 8.52 9.91 11.31 6.73 9.75 6.84 8.96 3.19 3.91 3.86 5.99 5.03 9.5 12.01 7.36 3.93 2.97 4.53 2.77 4.77 3.78 3.85 2.62 7.04 8.04 10.86 11.96 9.57 7.33 10.76 14.54 6.36 10.34 7.51 15.05 11.3 4.11 3.24 2.3 3.2 4.84 5.6 6.37 7.77 10.2 11.93 9.91 7.45 7.21 7.94 4.74 4.69 3.19 4.19 2.27 2.59 4.74 5.6 4.13 4.7 4.93
6.93 4.79 7.06 11.19 12.67 9.65 4.9 7.35 8.2 5.82 5.7 5.07 2.93 4.19 3.38 5.43 7.31 5.11 4.79 2.42 3.73 3.71 3.48 4.38 3.94 6.03 6.93 10.07 7.34 13.6 8.53 10.65 6.86 8.06 13.4 8.62 10.69 9.14 7.85 2.58 2.66 2.39 3.04 4.65 3.59 5.4 4.88 10.7 17.61 11.66 6.66 9.47 4.28 3.35 4.69 3.5 5.04 3.59 3.4 4.89 2.72 4.52 5.85 5.99
9.11 5.31 15.58 16.05 17.79 8.14 9.18 11.09 4.84 3.67 3.48 5.03 1.71 1.83 5.14 6.96 5.41 4.66 4.41 5.4 5.58 4.44 4.06 4.87 3.2 8.96 6.99 8.45 3.76 10.67 8.68 6.83 12.26 8.78 15.69 14.58 10.28 10.28 8.32 4.73 3.09 2.19 2.21 3.62 3.03 3.9 6.42 4.84 10.78 7.68 17.45 9.8 6.83 3.61 4.53 3.67 4.05 7.85 3.34 6.19 3.17 5.54 4.69 7.12
10.96 8.76 15.04 30.5 11.64 13.56 12.37 9.02 7.23 10.03 4.66 6.35 3.9 2.32 6.35 11.5 14.36 4.67 5.54 4.67 5.81 7.62 4.29 5.52 9.51 11.29 14.67 8.48 5.99 10.95 12.72 10.06 10.57 15.23 14.47 11.32 11.18 12.26 8.13 5.09 4.34 2.49 2.81 3.83 8.64 7.49 11.6 6.53 7.49 9.41 11.58 7.96 7.29 3.68 2.86 4.01 4.57 6.06 6.37 4.31 4.46 4.91 3.84 5.78
12.83 13.23 10.52 19.19 17.68 13.17 30.18 20.65 13.3 11.91 10.16 9.63 4.0 4.33 5.73 17.34 9.97 10.16 5.65 8.48 7.0 4.75 4.75 3.69 8.9 7.6 15.38 13.36 12.72 9.14 7.55 5.54 7.86 11.48 5.41 6.11 9.97 10.19 5.56 6.68 4.25 4.98 2.9 3.85 8.22 10.88 4.38 16.66 14.9 14.6 13.97 6.32 8.46 4.25 4.52 1.4 4.93 5.48 4.7 3.5 3.28 6.37 5.35 8.76
14.67 14.46 25.76 11.57 24.2 23.75 55.01 20.95 9.5 7.66 6.68 10.82 5.93 9.46 11.0 17.44 17.53 13.99 16.47 9.8 9.63 3.32 3.01 2.59 8.73 14.59 8.12 11.89 13.26 13.24 9.57 14.06 8.9 11.53 9.6 4.51 7.8 9.74 8.41 4.41 2.98 2.61 2.63 3.98 8.87 18.62 12.87 10.21 20.22 23.27 11.87 6.41 7.82 4.98 3.57 2.96 7.77 5.9 8.76 6.13 5.99 5.65 7.36 11.82
8.27 8.3 12.61 14.28 19.12 19.0 33.24 14.76 16.87 15.88 20.9 8.76 7.93 7.88 28.8 14.04 21.41 13.5 12.18 7.04 4.9 5.27 3.04 6.5 10.44 27.67 17.98 16.8 33.34 15.08 21.51 19.17 14.12 8.55 11.13 6.79 14.28 7.02 9.05 7.85 3.91 4.6 3.7 4.7 15.88 15.62 10.95 15.73 18.56 36.51 14.87 11.82 6.67 3.02 4.81 3.88 6.28 3.44 6.38 8.15 13.07 10.06 16.9 20.38
8.67 6.67 12.41 21.09 18.96 25.3 20.77 23.99 14.91 9.34 16.98 10.13 9.67 10.35 15.24 31.88 15.05 9.81 6.89 4.22 7.22 5.55 4.93 8.48 7.25 8.85 12.95 19.03 26.28 15.41 22.5 28.89 10.85 9.4 8.51 9.05 15.85 13.87 10.09 6.02 5.7 6.64 8.52 7.53 15.65 20.18 12.61 16.82 24.37 24.99 16.54 7.05 5.1 5.88 3.34 5.93 6.82 5.47 4.33 7.3 14.4 19.74 14.49 20.76
7.42 9.08 10.39 17.52 18.67 17.6 13.9 12.36 10.86 10.63 14.84 17.49 18.95 14.08 18.66 15.68 19.51 6.63 6.79 3.9 3.42 4.33 6.51 5.67 6.54 9.72 12.83 10.28 8.6 19.7 23.17 27.28 22.08 6.75 10.99 8.58 11.64 8.3 5.39 4.42 6.36 10.57 12.42 12.83 23.06 19.19 19.92 12.54 18.55 17.04 9.46 9.45 9.98 10.23 6.16 4.98 5.88 4.84 4.14 7.92 17.53 10.32 21.7 12.52
5.33 6.61 19.79 11.93 9.43 8.87 9.61 9.68 17.09 16.64 13.73 9.09 11.08 8.39 11.61 9.64 11.31 11.26 10.91 4.14 6.19 7.12 5.04 6.34 8.46 9.37 14.31 6.83 9.23 5.22 13.7 15.11 19.15 11.05 9.13 9.52 9.43 7.4 4.44 7.2 5.57 5.37 11.03 16.92 25.77 22.07 11.27 6.69 12.59 8.79 17.1 10.5 12.16 9.71 6.83 5.14 3.2 6.5 10.99 9.45 14.13 12.36 10.77 13.45
4.64 7.34 12.41 12.26 10.84 8.57 9.78 13.34 10.17 5.91 10.78 12.78 7.97 11.19 7.63 10.01 13.44 9.52 6.99 6.43 3.35 7.75 10.37 6.25 5.11 9.02 13.8 9.71 3.8 13.03 12.68 14.8 14.88 8.69 13.2 11.22 7.93 7.65 8.68 5.3 12.61 5.4 16.44 13.99 19.95 10.47 6.4 6.91 9.41 9.25 10.27 18.44 9.27 11.95 7.79 10.13 10.59 5.4 5.75 9.15 6.44 6.11 12.07 5.33
3.11 3.4 5.86 10.61 11.15 9.67 13.13 10.65 12.23 8.04 13.09 20.18 6.78 6.25 8.25 7.56 9.99 13.55 6.41 7.05 3.68 4.51 5.17 4.3 7.49 8.92 11.19 7.16 4.36 10.16 17.78 14.84 16.2 8.67 13.57 8.38 7.01 5.55 4.53 4.61 11.74 16.03 21.94 15.34 17.13 10.3 10.9 9.23 10.07 10.34 9.92 17.28 25.92 11.39 7.92 7.67 4.84 2.9 4.22 6.33 7.66 6.4 9.63 10.09
4.02 3.93 5.12 14.77 14.09 10.17 7.88 8.36 14.15 12.72 8.57 12.62 5.07 5.39 9.4 5.15 10.66 6.88 4.51 4.01 5.49 5.68 5.42 6.36 11.65 10.23 12.95 5.63 5.89 6.81 7.68 7.59 11.19 7.41 5.84 6.66 7.17 11.02 7.91 4.28 5.13 14.38 17.67 36.37 23.1 10.1 14.04 15.15 13.59 8.96 13.24 15.84 15.25 13.77 7.67 7.82 4.35 2.74 4.32 4.64 3.67 3.34 7.1 10.34
3.43 6.41 5.37 8.93 18.38 14.94 12.08 11.38 10.35 11.45 10.77 8.42 4.24 3.62 11.09 7.45 4.68 2.54 2.11 4.32 3.11 7.7 9.62 7.17 7.56 13.85 10.78 12.2 7.67 7.8 10.15 5.52 15.24 9.3 5.8 7.98 10.28 9.29 5.54 6.79 4.39 7.26 17.48 26.41 15.57 10.91 11.85 20.45 15.2 11.76 20.32 9.84 11.14 10.13 7.64 4.33 3.53 2.34 2.71 3.68 5.34 3.88 10.6 3.74
5.13 6.48 11.72 11.95 21.58 25.16 9.59 5.45 6.47 8.13 6.03 5.41 4.93 4.18 7.72 4.92 6.33 2.04 3.23 3.88 2.24 2.73 6.64 7.27 6.32 11.5 6.35 8.34 9.33 7.49 11.6 8.13 4.97 8.8 7.8 6.65 6.29 6.2 6.69 7.08 5.73 8.91 9.49 14.22 15.67 8.71 17.02 5.56 7.11 4.69 7.11 8.51 5.33 6.9 6.93 5.59 2.11 3.09 4.29 6.26 4.75 3.86 6.06 6.89
5.64 4.88 8.67 7.82 21.07 10.91 9.66 7.75 4.95 4.19 3.8 3.71 4.4 5.65 9.33 3.77 2.77 3.27 3.55 2.6 4.04 3.53 8.81 12.19 6.22 7.37 6.25 9.22 8.26 6.25 7.83 6.59 5.68 8.33 8.88 7.57 7.34 6.49 7.4 9.63 9.54 5.88 10.48 15.69 19.78 15.51 6.9 9.22 4.81 2.9 3.57 8.48 3.44 2.47 4.26 6.69 3.09 4.49 4.22 3.32 2.57 2.98 5.56 13.86
6.25 2.89 8.35 10.9 12.18 8.68 10.3 11.09 6.4 5.47 2.78 2.48 1.68 4.24 3.87 6.43 3.61 1.78 4.2 3.87 6.37 4.24 5.58 5.28 11.79 15.39 11.42 10.76 13.05 9.63 7.36 7.69 10.31 5.5 8.79 5.82 2.94 5.87 9.37 13.76 14.4 10.59 7.43 17.06 15.3 15.49 7.71 3.62 4.8 2.3 3.17 2.8 8.25 3.25 6.03 9.33 4.59 2.56 2.26 4.2 1.83 4.35 4.51 5.93
3.97 4.2 6.26 10.65 14.14 11.03 6.77 11.95 8.94 7.79 3.14 2.17 2.29 1.69 4.47 4.37 4.25 1.95 2.76 2.74 4.34 2.64 5.27 5.78 8.23 16.12 9.83 6.13 6.36 11.37 16.46 5.08 4.8 3.11 6.18 4.04 5.71 7.39 6.02 11.69 5.71 4.93 4.06 9.87 13.64 11.22 7.39 2.65 2.12 1.52 1.6 2.14 2.99 5.95 15.94 8.64 3.89 3.8 4.22 3.7 3.39 2.82 4.59 8.22
3.96 3.28 3.83 2.23 7.41 10.01 20.5 14.12 6.96 4.44 7.04 4.31 2.43 2.46 1.95 8.48 4.76 3.12 2.82 3.73 3.09 4.3 8.1 4.37 2.97 3.82 7.91 7.31 12.17 15.98 14.47 4.65 3.73 3.06 6.59 6.66 10.46 14.0 6.54 4.39 4.41 3.13 4.61 8.21 6.61 13.43 5.76 4.95 2.35 1.69 2.6 2.63 2.5 6.4 9.92 10.17 9.74 4.39 5.83 3.61 3.69 7.66 8.09 12.53
4.66 6.53 5.8 3.44 3.69 8.65 14.04 11.4 6.05 6.1 7.92 7.95 2.7 1.5 2.41 5.09 5.68 3.43 6.73 6.46 4.65 3.97 5.58 3.55 3.07 7.02 7.86 9.45 4.65 8.52 6.39 4.97 7.49 4.86 8.97 4.13 8.83 6.73 13.67 6.45 3.86 2.61 1.95 4.83 8.68 5.22 6.67 4.05 6.16 2.76 3.28 7.29 11.67 6.08 12.73 21.13 10.44 9.99 6.91 14.4 4.94 5.37 8.47 5.52
4.41 6.66 10.53 6.13 2.71 5.0 7.13 9.85 7.52 9.29 13.75 5.31 6.17 2.58 3.3 3.4 4.38 5.15 6.33 7.12 6.45 3.18 4.04 6.05 5.64 4.37 2.46 3.53 4.91 3.0 8.0 9.8 6.1 3.97 4.45 4.08 9.1 7.3 4.61 5.58 2.4 1.75 2.11 4.79 6.08 5.74 4.05 2.73 6.97 5.14 7.72 9.3 15.88 28.41 22.47 18.26 7.83 10.02 19.07 10.92 8.22 2.8 5.02 5.33
11.16 7.05 5.22 4.43 2.63 4.32 10.11 13.85 5.17 4.74 7.52 8.68 4.56 7.73 6.09 3.11 4.55 6.76 6.39 8.04 7.39 5.32 7.15 5.46 7.97 3.68 3.46 1.58 3.53 9.28 5.94 8.2 4.51 6.05 3.02 5.87 6.19 5.12 3.76 4.86 6.52 5.1 2.07 2.33 4.07 4.44 4.49 3.72 4.84 6.95 10.0 12.41 27.16 24.43 20.53 16.01 11.86 8.62 9.32 7.45 6.7 3.76 3.35 4.27
12.04 7.5 5.06 4.2 2.86 2.77 8.23 7.64 5.49 4.9 14.91 10.44 7.79 7.36 8.74 4.65 2.32 6.64 11.11 5.3 3.86 6.13 6.6 4.56 9.21 17.17 5.89 3.51 3.18 4.36 8.68 9.85 7.22 6.88 3.02 3.8 5.61 2.62 3.13 5.68 15.04 6.22 3.09 5.03 5.98 5.86 3.16 3.51 4.66 6.1 11.11 9.07 37.08 16.61 16.71 11.77 10.03 5.58 3.43 4.31 3.53 4.03 2.65 2.33
6.66 5.28 6.37 3.48 6.89 2.67 5.99 10.11 14.69 8.19 12.8 12.68 9.43 13.48 9.85 6.57 4.59 4.89 3.88 6.12 5.56 5.08 8.19 5.44 4.75 8.06 9.5 7.86 4.83 4.79 7.15 9.69 7.13 6.97 3.8 5.15 6.04 4.21 4.7 7.93 10.06 12.67 10.43 12.31 7.13 5.22 4.98 5.53 5.7 9.88 9.63 6.26 12.28 25.32 17.97 9.02 4.47 2.97 2.72 4.62 3.82 2.88 2.12 3.71
7.26 5.31 4.83 4.71 3.85 7.19 7.73 15.23 10.27 4.69 7.76 10.47 13.32 12.53 17.48 9.41 9.26 7.85 4.95 4.96 2.69 4.7 3.88 7.96 5.8 10.84 8.08 5.61 4.44 4.0 4.67 8.91 9.93 5.79 10.3 7.95 4.26 4.73 4.43 8.06 16.65 11.28 10.59 12.17 10.2 8.27 9.72 14.16 8.24 13.52 4.99 6.29 6.64 11.39 8.73 10.68 6.29 4.73 4.62 5.72 5.49 3.29 2.01 1.87
5.28 5.1 3.88 8.19 2.53 5.14 10.02 7.52 9.35 6.13 9.21 7.39 7.05 13.51 15.7 9.99 9.67 16.88 5.83 4.84 3.49 2.63 2.47 4.54 11.25 7.31 8.7 5.17 7.52 4.11 6.99 8.99 7.77 6.98 4.04 10.81 6.74 8.19 6.17 5.36 14.46 14.44 6.51 9.53 19.32 11.15 8.68 9.48 8.56 10.46 7.45 11.48 10.77 11.98 7.4 10.3 6.75 3.5 4.83 5.08 4.76 4.02 3.37 3.64
3.86 5.99 5.02 11.24 6.52 10.73 13.97 14.77 6.38 7.55 5.17 2.3 5.6 13.34 24.77 12.45 5.66 9.76 9.57 6.42 7.93 6.43 3.37 3.3 6.51 5.16 5.89 7.28 3.83 5.85 4.67 8.57 9.52 7.47 5.71 13.81 19.12 16.86 6.13 9.55 7.94 8.78 8.2 5.97 9.48 6.64 4.39 11.45 8.52 8.68 7.41 9.93 5.5 10.43 6.7 12.29 5.42 5.18 6.14 5.31 4.69 4.64 5.66 4.02
6.59 4.96 5.01 9.99 10.01 12.41 13.0 9.66 7.49 5.17 6.98 3.6 5.36 13.11 15.28 12.28 7.48 7.14 9.67 10.35 3.14 6.35 3.59 6.34 5.99 8.7 5.41 5.88 6.11 3.81 4.81 7.39 8.13 5.36 6.71 15.76 13.76 6.53 8.09 7.04 6.96 6.47 4.98 5.66 5.59 8.14 9.9 11.18 10.99 4.19 3.37 4.74 3.73 8.9 4.83 6.33 5.69 3.13 3.35 6.55 6.0 5.74 4.79 3.96
10.97 5.49 5.8 15.33 23.87 14.83 5.46 6.83 6.38 7.89 3.58 5.16 5.06 5.35 11.69 11.03 4.59 6.27 9.52 5.71 6.73 5.37 10.08 7.1 6.91 10.6 14.39 14.67 9.04 11.95 7.98 4.53 1.91 4.0 4.54 13.07 17.59 9.85 12.19 10.96 9.21 3.47 7.24 7.97 12.75 9.95 14.11 16.16 9.07 4.18 4.49 7.5 8.06 6.48 5.65 7.56 3.17 3.88 3.31 5.09 6.98 7.49 3.62 6.55
12.4 12.07 9.82 19.52 15.27 20.68 7.61 14.01 8.71 5.51 3.59 2.14 4.59 9.25 8.36 9.44 7.71 6.08 4.84 6.13 6.6 10.5 7.59 5.36 4.78 14.84 20.59 19.76 17.25 12.69 7.19 5.89 4.98 5.19 7.41 15.24 13.59 11.52 7.77 7.39 2.96 3.76 6.18 13.97 10.46 13.37 9.65 16.74 10.54 5.46 6.82 6.06 5.03 6.58 9.23 6.56 5.39 7.46 6.33 5.88 3.94 5.66 6.02 4.37
12.84 9.81 8.2 5.77 11.98 14.53 16.65 13.17 12.06 10.91 4.67 6.31 6.57 4.52 3.91 6.53 12.61 18.28 6.73 4.44 3.86 6.45 3.75 3.87 7.75 11.82 21.76 23.68 20.92 10.42 9.18 5.01 5.62 10.39 6.65 8.0 5.6 8.47 9.94 6.81 3.07 6.35 7.27 12.07 8.36 3.78 10.73 10.74 7.42 3.37 5.83 8.75 7.25 4.75 12.26 11.68 3.56 3.92 7.96 5.36 3.54 5.92 9.33 7.08
8.73 6.69 7.58 12.57 9.08 20.42 26.39 9.18 5.56 8.99 15.64 5.94 9.06 1.94 3.21 5.26 12.87 18.34 11.28 6.89 5.1 7.27 5.46 9.17 4.9 9.23 15.64 27.24 21.7 11.28 11.22 3.83 6.02 9.44 8.97 9.89 5.5 10.26 23.35 15.84 8.49 5.24 18.73 18.15 12.54 5.96 6.89 5.88 3.55 3.99 6.11 12.76 7.49 8.5 9.66 9.5 6.71 9.41 9.52 7.22 4.72 3.02 11.41 8.97
7.09 5.95 9.01 9.55 8.85 11.57 23.21 14.45 6.36 5.25 8.7 8.77 6.0 3.55 2.48 7.75 6.25 12.24 9.06 7.9 4.82 8.84 5.59 6.74 11.93 9.17 12.73 15.32 18.37 15.79 9.38 6.75 7.56 12.32 4.29 3.58 5.83 6.6 15.38 14.6 6.36 13.45 14.8 12.6 12.23 7.25 5.13 4.06 3.09 6.06 5.34 13.62 5.52 6.76 9.02 6.35 10.69 9.14 5.59 7.04 2.76 3.04 9.48 16.47
7.8 5.86 8.93 9.15 9.66 13.88 17.67 26.06 8.62 10.89 4.38 4.81 2.87 2.44 1.96 2.97 4.1 3.28 11.91 5.96 9.22 7.01 6.28 5.73 17.95 19.34 8.09 16.46 16.9 10.44 4.89 4.94 5.39 5.55 3.85 3.68 4.7 3.49 4.68 8.35 15.92 17.27 12.94 12.83 3.37 4.03 5.67 4.27 3.94 2.93 4.34 8.14 5.01 3.42 6.24 5.63 5.94 7.38 7.27 11.66 6.83 7.51 8.78 12.32
5.08 7.44 5.87 7.2 7.02 11.12 7.45 8.49 9.3 9.25 7.09 6.5 6.07 3.53 3.43 2.56 2.81 1.7 4.38 7.63 7.09 5.51 6.46 15.22 10.01 6.89 14.03 13.57 24.5 8.97 7.8 3.18 4.14 6.5 5.51 3.87 3.14 4.58 4.47 15.25 8.55 24.64 10.83 9.29 4.02 4.21 3.26 2.37 3.4 2.9 4.87 3.1 3.64 3.69 10.9 5.16 4.66 7.95 8.1 8.87 6.5 10.41 10.72 9.69
2.59 2.6 3.45 3.29 3.38 6.06 6.51 9.88 4.54 8.31 7.58 5.2 5.87 7.24 3.39 8.08 2.6 2.42 4.56 6.3 4.85 9.0 10.37 11.57 9.61 5.26 9.14 13.53 11.77 13.53 10.12 6.88 5.8 8.46 6.94 3.55 1.42 2.76 4.38 9.53 13.73 14.4 8.77 7.67 8.87 4.21 2.71 3.1 3.16 4.26 3.85 2.9 1.91 3.6 5.85 5.46 4.36 3.3 7.48 9.12 9.91 23.09 20.1 7.28
2.62 7.69 6.13 5.16 2.98 3.33 6.54 3.89 4.26 3.11 5.77 3.43 4.83 10.71 9.6 6.55 4.03 4.38 2.49 9.67 6.03 8.21 5.2 12.61 11.7 12.17 9.97 11.0 12.61 6.71 14.18 13.96 6.78 6.86 7.08 5.05 5.26 1.83 2.64 9.48 17.22 9.41 13.04 13.38 11.32 6.83 2.44 2.11 1.64 2.59 4.27 8.36 3.52 3.59 4.82 7.07 4.63 4.42 9.2 11.09 14.21 8.02 6.21 12.29
3.95 5.24 5.43 4.05 5.97 5.71 5.52 5.19 3.19 2.29 3.51 4.39 5.21 11.2 7.86 10.7 3.36 3.25 2.65 2.7 3.19 6.69 10.75 8.61 11.07 8.27 6.59 3.68 8.72 17.38 10.75 21.87 9.42 8.5 9.03 7.34 5.84 3.54 2.37 7.64 9.61 9.1 17.62 11.12 7.3 3.36 2.05 3.85 1.74 3.78 4.89 8.38 10.03 4.75 5.67 9.21 6.34 5.64 5.18 3.39 4.28 5.28 7.74 13.74
2.89 4.34 3.84 8.35 8.02 13.42 10.17 9.72 1.98 1.45 1.94 5.65 4.19 6.76 11.98 10.12 4.72 2.58 2.49 1.66 2.74 6.54 5.79 6.98 5.2 8.63 4.33 3.27 3.53 10.7 6.51 12.26 10.09 7.85 6.44 4.21 4.29 2.34 2.52 3.87 11.55 15.1 15.09 11.45 11.03 10.04 5.5 5.27 2.38 3.03 1.94 3.48 10.21 10.28 8.37 8.06 12.31 10.17 7.53 1.88 6.1 5.81 10.84 11.38
3.17 5.1 6.95 10.11 8.96 5.45 8.23 4.67 3.93 4.66 4.17 5.56 8.58 7.77 14.45 9.97 3.72 2.5 2.5 4.42 3.31 6.65 4.62 6.02 7.17 4.52 5.64 1.97 2.24 4.76 5.37 6.89 5.89 6.21 3.99 3.0 4.12 5.77 2.2 4.12 4.13 5.15 8.78 7.38 14.48 12.53 12.58 8.23 3.58 3.02 4.31 5.07 9.28 8.72 9.62 11.52 4.69 6.44 8.16 4.13 4.14 4.56 3.72 6.14
2.62 5.52 6.79 6.36 4.31 5.28 11.96 10.45 8.65 8.44 6.62 2.93 3.3 11.09 11.02 7.28 4.51 2.57 2.3 2.26 6.38 6.9 5.96 6.83 4.79 3.09 3.21 3.77 4.55 5.89 3.54 6.71 4.91 3.82 2.55 5.78 3.03 3.27 4.83 2.79 3.24 2.94 7.25 10.66 8.06 5.76 6.3 8.49 5.86 6.57 5.46 8.75 6.35 9.2 6.25 5.49 7.69 10.69 5.64 5.59 4.72 4.37 2.71 1.75
3.06 3.66 2.91 3.91 5.18 6.07 11.87 12.38 13.4 8.53 7.33 6.84 7.16 7.12 5.94 3.76 3.31 2.72 2.23 4.07 5.81 8.22 4.68 3.95 5.91 3.62 2.53 3.53 4.62 2.84 2.62 3.54 6.42 4.43 4.68 8.95 8.35 4.76 3.26 3.66 4.91 4.39 6.23 9.93 10.47 7.67 7.28 5.33 5.99 8.06 7.68 9.2 9.92 8.79 8.27 11.36 21.61 8.22 8.94 5.3 3.94 3.89 2.94 1.4
5.81 4.15 3.89 4.62 5.0 8.82 12.21 11.6 12.25 10.98 13.76 8.15 7.73 8.85 9.21 3.82 5.59 4.57 5.14 4.28 5.64 2.99 4.62 2.29 4.49 3.17 2.7 1.66 2.93 3.64 2.77 3.67 5.83 4.93 2.24 12.04 7.52 5.85 3.8 3.16 4.21 2.29 5.57 7.42 8.09 5.18 7.64 4.62 4.6 6.72 8.57 16.86 9.16 9.16 9.7 8.33 22.97 9.71 7.17 5.11 4.98 2.08 2.17 3.16
4.88 6.46 6.29 3.82 3.28 6.11 17.57 11.2 15.12 7.92 9.23 9.2 5.41 5.9 8.48 5.82 5.25 4.25 1.69 1.84 4.78 5.13 5.48 3.07 4.36 4.61 3.91 2.45 2.27 1.68 2.08 3.54 2.71 2.6 2.95 7.31 9.9 8.15 5.74 2.52 4.82 3.72 4.96 6.96 6.8 6.57 4.88 5.82 4.22 5.19 4.5 12.26 13.56 12.12 11.85 7.67 20.69 15.15 17.25 7.55 5.92 5.32 3.12 2.85
11.23 3.95 5.2 7.22 8.69 10.26 12.97 10.94 8.52 5.93 4.22 5.92 5.13 4.01 5.34 5.35 5.59 4.02 2.19 3.94 6.66 4.77 4.19 3.9 3.34 4.52 4.84 6.19 1.85 1.78 4.37 3.4 6.14 1.51 4.71 11.12 11.49 9.14 9.49 7.16 8.29 8.71 10.8 9.39 14.55 6.53 10.62 6.17 4.68 3.77 11.12 8.13 15.1 16.38 11.16 19.13 12.36 24.7 19.51 11.91 6.65 5.38 2.92 1.94
8.81 7.35 7.86 7.23 7.0 17.52 13.61 15.74 13.29 9.13 3.9 3.79 7.5 3.07 6.75 3.75 5.34 2.51 2.66 4.39 5.49 6.59 4.6 10.33 3.54 3.55 5.99 5.96 6.15 4.46 6.26 3.32 2.23 2.42 6.94 8.15 14.05 10.77 10.97 11.5 4.52 6.01 15.07 9.31 15.79 7.82 13.11 5.87 6.26 6.94 13.07 12.3 4.72 9.03 5.34 7.13 6.91 18.78 14.17 7.98 9.59 4.98 3.21 2.19
10.3 11.31 8.46 5.37 5.37 10.54 14.48 18.86 12.74 10.33 5.63 4.92 4.7 11.68 3.97 3.18 3.43 5.39 3.23 3.38 6.27 7.67 6.46 2.76 5.49 4.05 5.51 3.19 7.16 8.36 4.81 3.02 3.02 7.03 11.39 8.98 4.43 7.55 6.65 6.8 5.4 4.97 10.22 14.77 21.72 14.36 14.06 10.52 4.86 6.42 13.92 6.96 5.85 4.88 8.21 11.93 10.6 11.02 11.06 5.97 8.92 6.91 4.6 1.59
7.47 9.16 7.73 6.26 5.26 7.23 9.97 10.05 17.3 22.22 8.21 9.82 4.31 6.08 7.19 6.67 7.19 8.58 7.32 2.18 6.12 4.53 3.9 7.83 6.36 4.47 3.1 2.95 4.76 7.03 4.02 4.98 4.47 3.66 12.05 6.98 6.55 6.88 8.39 8.31 4.55 6.3 11.72 17.86 18.56 18.22 16.11 8.0 6.53 10.19 14.97 4.25 6.9 4.72 15.4 13.79 7.83 6.93 9.37 8.02 9.71 10.54 4.61 3.44
8.79 7.71 9.5 3.37 7.05 3.96 8.96 13.09 19.73 9.65 7.36 5.47 6.42 6.33 10.96 19.4 11.71 8.64 4.51 3.62 3.04 8.83 10.22 13.16 6.09 3.08 2.29 2.64 4.75 7.35 5.51 4.03 6.68 5.48 8.6 5.73 4.43 8.12 6.8 3.46 1.55 5.39 9.97 21.46 19.57 25.3 23.37 12.26 6.38 7.97 12.5 4.95 2.36 4.11 7.71 6.43 10.75 5.39 8.94 11.5 7.32 7.36 12.43 7.66
13.97 13.97 8.51 6.43 7.1 6.92 11.14 7.67 6.18 4.27 4.97 5.91 10.43 16.11 12.38 16.44 11.81 14.12 9.89 4.54 6.29 6.42 4.87 7.0 7.46 5.83 3.33 6.24 5.95 6.36 6.86 4.52 8.7 14.56 10.96 7.39 6.34 5.06 5.58 2.8 3.93 4.44 7.06 13.7 15.06 15.44 13.6 8.98 6.29 5.77 8.12 9.62 5.18 5.35 5.93 6.62 6.31 6.49 3.66 2.87 8.09 14.44 21.0 12.16
9.22 12.42 20.4 13.28 13.44 10.75 6.55 5.48 9.63 5.56 4.2 3.9 13.96 10.47 13.99 20.62 23.88 12.0 8.25 8.93 8.48 4.87 6.27 6.7 7.99 6.76 4.35 5.48 4.37 5.47 6.14 7.31 11.12 9.85 19.04 9.09 12.7 11.18 6.15 3.61 4.34 4.0 3.61 4.44 7.15 16.47 15.17 5.64 5.04 4.61 4.38 6.55 4.64 6.03 8.06 3.8 3.08 4.4 4.17 4.64 3.59 6.62 18.69 8.78
10.68 14.06 20.17 5.81 6.74 6.54 4.14 4.56 6.46 8.18 5.39 5.46 10.12 19.39 22.62 19.03 20.74 14.21 9.39 5.88 9.03 6.1 11.12 6.81 11.73 6.16 4.83 6.99 3.86 3.86 4.86 5.78 5.07 8.55 9.58 17.0 8.0 9.05 11.44 4.22 2.09 4.53 3.92 3.97 2.82 12.12 13.45 4.82 5.62 7.41 11.18 9.06 5.07 6.02 6.57 4.47 4.58 4.68 2.78 1.77 2.21 3.24 10.72 12.77
10.85 10.02 20.28 10.92 5.62 5.4 7.27 4.48 6.36 8.98 9.26 11.21 7.74 11.0 15.89 10.17 15.18 14.45 17.85 18.07 11.03 9.42 11.82 8.74 9.03 8.07 7.06 7.73 8.55 6.38 3.84 4.04 4.55 3.97 14.58 9.14 9.43 8.0 11.88 6.21 6.18 3.33 3.92 4.87 4.9 11.8 9.7 6.88 6.11 8.95 10.19 8.3 12.38 5.93 7.37 13.28 6.9 5.01 2.57 0.99 1.26 4.23 13.09 6.77
12.44 8.63 16.32 5.51 5.0 2.74 4.57 3.47 6.06 6.21 9.49 9.42 4.42 9.59 13.55 12.18 5.5 9.58 10.55 10.7 9.78 6.16 17.93 10.91 10.33 6.16 8.41 5.83 9.01 12.01 8.35 3.85 5.62 3.78 6.85 11.47 13.37 8.16 17.15 9.8 11.25 3.84 4.52 7.19 11.01 10.12 9.09 10.84 7.39 9.17 11.61 8.4 8.37 8.1 10.75 15.2 11.25 6.69 4.13 1.56 1.33 2.97 3.22 5.89
5.02 10.97 3.52 2.63 3.09 4.32 8.48 6.43 8.19 14.51 10.08 8.43 5.12 6.12 5.28 6.94 8.81 6.94 10.01 9.8 7.06 5.83 10.11 11.94 11.05 6.58 9.71 7.09 10.46 14.68 6.18 3.54 2.91 5.88 9.81 9.11 10.6 9.83 10.7 9.68 15.96 14.35 8.59 11.4 11.68 14.94 8.89 17.44 14.76 14.93 14.4 7.86 8.04 5.61 5.33 7.58 10.41 6.68 8.59 6.13 3.63 7.63 4.26 4.08
9.47 8.87 4.85 4.26 7.94 9.84 9.52 6.12 13.36 12.65 13.55 14.76 7.88 11.45 7.67 9.04 10.22 11.52 10.77 7.85 10.07 4.97 9.82 8.71 7.85 10.38 13.45 8.81 10.81 11.85 6.44 2.69 2.53 4.55 5.81 4.98 9.2 8.92 12.1 15.0 15.31 10.55 11.35 8.75 14.05 21.25 10.98 16.7 9.28 7.1 13.19 6.6 8.49 3.75 4.37 4.08 7.65 7.42 12.1 5.62 6.41 4.48 5.36 4.3
8.63 6.24 3.31 3.18 5.31 9.29 11.46 8.07 11.55 15.59 11.2 5.2 4.83 6.62 14.45 10.75 6.16 4.77 14.13 8.02 13.6 7.73 8.03 8.71 5.32 8.15 8.33 7.85 6.73 9.12 6.41 7.62 3.7 2.93 5.79 7.35 8.97 8.89 10.59 10.69 10.4 4.39 12.24 11.42 17.38 17.45 13.95 9.8 18.74 21.83 15.71 8.49 6.28 6.06 3.44 2.59 9.6 8.17 19.72 10.12 6.66 5.07 3.42 5.69
