4.66 2.94 2.23 8.68 6.63 8.28 4.26 5.84 5.62 6.98 5.9 11.2 6.04 7.04 3.88 2.92 2.56 4.79 3.25 3.61 4.22 7.6 5.99 8.18 6.21 5.58 4.27 9.84 12.68 15.63 8.86 14.49 10.5 6.16 5.97 4.01 10.22 6.82 6.65 11.6 7.34 8.76 6.86 6.47 6.58 8.06 5.47 7.35 22.57 13.8 5.13 8.61 6.27 3.9 5.36 3.48 4.26 2.48 2.39 3.2 3.92 7.33 3.24 5.25
3.74 4.92 7.1 11.93 14.82 15.57 5.73 5.11 4.25 6.04 6.99 9.81 6.25 11.58 5.6 3.74 1.67 2.55 3.88 3.79 3.07 4.59 9.61 7.9 7.17 12.12 3.71 6.45 6.42 9.15 4.86 8.84 14.88 16.17 5.93 8.27 6.1 3.35 6.75 6.82 7.81 6.93 7.67 8.61 9.37 7.33 12.08 7.97 26.25 16.47 6.66 6.48 5.51 7.14 3.53 4.51 6.35 7.14 6.46 12.08 10.27 5.81 4.82 6.64
5.28 8.27 10.61 12.65 14.94 14.29 16.19 5.33 6.93 6.74 7.97 7.44 6.08 7.4 8.56 4.03 5.05 2.85 5.19 4.68 2.91 3.41 12.02 6.33 6.35 7.57 3.27 1.84 3.39 5.99 7.87 6.01 5.61 7.0 7.14 5.27 5.77 2.83 2.7 5.68 13.98 10.97 6.75 3.56 9.06 7.62 5.8 11.84 14.53 9.06 13.07 11.39 12.81 7.96 9.76 12.78 9.87 7.14 9.15 7.28 11.13 11.96 5.74 8.78
4.34 4.31 7.84 19.23 8.3 11.31 17.13 11.36 6.82 12.39 9.22 15.39 6.64 9.54 6.98 4.3 9.91 8.87 7.07 3.58 4.34 6.85 7.72 5.29 5.24 3.06 3.33 2.67 3.8 5.41 5.63 4.16 4.57 5.41 5.42 5.18 5.33 4.89 2.88 4.25 9.82 11.5 5.37 3.98 14.32 11.93 16.5 8.67 12.23 9.71 3.49 15.6 12.94 8.97 8.02 14.01 12.5 21.43 19.95 20.85 11.1 11.61 8.13 6.9
5.43 3.9 13.95 16.28 18.23 22.43 15.96 8.22 8.3 6.12 6.02 6.22 4.9 10.96 11.12 8.43 17.2 17.58 7.66 7.66 8.21 11.54 7.84 4.39 7.04 3.89 4.08 4.48 6.24 6.81 4.6 5.37 6.22 3.32 3.83 2.67 3.87 3.54 7.21 6.75 7.94 3.1 3.85 7.64 19.85 7.8 11.13 7.66 5.44 4.41 5.75 11.19 11.81 11.9 20.98 9.49 11.8 14.78 16.94 16.39 11.03 6.24 5.65 11.87
7.3 4.57 10.89 10.99 23.09 24.17 20.8 11.03 15.02 17.41 16.89 7.63 5.99 6.48 16.28 11.22 15.7 14.71 7.57 9.65 17.55 18.08 10.24 6.04 4.29 5.42 13.08 4.96 6.75 5.71 6.26 7.34 4.57 5.43 4.32 4.08 4.08 6.17 8.12 5.18 3.08 3.48 6.6 7.14 24.5 18.5 13.33 6.61 5.72 6.29 10.17 6.83 10.88 9.06 25.71 13.84 5.91 14.55 20.1 14.5 11.41 21.96 6.79 4.86
6.33 11.28 18.15 12.2 33.13 12.45 20.62 10.36 16.15 11.6 7.67 5.27 5.58 5.98 14.57 15.52 14.4 10.5 10.11 5.66 8.28 7.41 5.52 12.39 11.03 6.51 9.32 11.95 9.35 6.62 6.64 6.76 9.41 7.35 7.03 8.55 5.2 8.29 9.66 3.17 3.6 5.42 6.81 6.45 10.59 22.79 9.67 4.93 7.21 14.75 7.15 9.61 11.39 12.11 19.06 14.78 10.26 8.97 11.21 10.22 19.95 18.62 9.46 4.57
6.61 8.91 15.25 12.21 13.9 8.9 18.57 12.32 12.8 7.59 7.83 5.11 5.64 9.2 10.17 9.59 7.58 8.98 11.77 10.43 5.59 3.92 6.66 22.28 22.14 10.08 8.53 7.59 6.82 6.37 9.16 7.65 10.05 10.79 17.54 9.62 4.74 5.46 9.82 8.52 4.08 10.24 7.08 5.69 11.02 6.34 8.26 4.49 5.28 5.17 12.94 11.56 16.85 18.35 11.89 13.44 10.43 15.06 8.68 7.74 13.42 13.42 11.65 7.24
8.97 11.97 15.66 10.1 13.58 15.03 11.17 11.67 6.49 5.46 5.8 6.15 13.42 15.39 12.71 7.07 11.43 14.16 8.16 9.95 5.08 7.35 13.41 14.97 14.12 14.08 10.99 6.02 4.96 11.74 11.31 9.63 5.48 8.59 15.09 7.55 6.74 4.58 6.89 5.56 5.58 5.34 9.57 11.43 11.79 11.93 8.89 7.54 5.3 5.42 8.88 15.77 19.78 18.18 18.15 5.92 12.24 9.8 11.6 9.49 10.37 9.85 14.85 7.33
13.16 11.09 19.03 10.19 15.51 10.18 8.17 14.64 12.32 7.6 6.69 10.42 12.1 11.27 7.67 12.5 22.0 15.22 10.11 12.76 6.54 22.44 16.04 20.87 10.33 7.89 12.9 6.19 4.32 7.25 7.63 5.22 7.73 10.0 5.89 8.8 6.11 6.18 4.47 3.87 4.23 5.89 12.14 14.3 7.9 10.95 9.8 4.09 7.04 10.32 12.42 14.84 16.69 25.49 19.61 6.62 10.42 13.68 12.03 10.78 5.8 12.38 9.92 4.68
7.34 11.27 9.78 9.51 6.99 8.37 7.24 6.92 10.58 5.85 10.62 15.0 10.77 10.1 11.08 12.4 17.77 21.4 16.01 14.28 18.23 7.75 9.13 21.27 8.84 6.42 3.51 8.82 4.91 4.19 4.53 5.56 7.12 14.89 6.28 8.36 8.2 4.24 4.79 2.57 3.52 4.93 9.07 28.46 21.8 15.53 11.89 12.03 16.63 14.07 13.43 11.77 13.7 17.68 16.83 20.52 12.84 15.5 21.79 10.94 7.17 4.92 5.59 6.53
8.05 7.73 5.47 12.21 7.81 4.91 7.13 3.46 2.71 2.68 6.46 11.25 16.91 9.93 8.63 10.89 15.58 14.06 17.59 20.71 22.54 8.79 14.63 17.54 18.24 5.26 4.31 2.97 2.32 2.87 2.69 5.63 9.53 6.15 10.48 10.36 9.41 5.24 4.96 6.15 6.57 6.93 11.14 15.05 14.87 19.11 16.15 11.64 31.75 12.71 16.05 9.71 13.75 11.97 23.2 21.16 10.66 11.95 14.07 8.96 4.48 3.89 8.37 13.89
5.07 6.75 3.5 11.01 10.08 6.77 4.46 6.39 2.83 2.62 3.1 8.02 12.29 9.59 5.56 7.21 12.43 7.53 11.1 13.82 12.51 23.48 20.42 20.26 9.17 3.86 4.6 2.62 1.93 7.34 5.03 11.63 10.7 8.27 5.56 10.39 6.87 2.65 2.04 5.1 5.12 9.04 19.24 13.09 12.29 13.4 18.29 14.05 15.63 16.76 10.64 14.86 9.86 24.23 19.95 12.79 7.38 9.61 19.58 12.76 10.81 9.05 7.87 19.0
4.23 4.75 6.17 7.63 9.89 5.43 4.94 4.24 3.0 5.36 5.17 7.42 6.08 6.72 8.14 10.06 7.69 3.22 5.96 7.64 7.55 12.55 10.63 19.9 7.83 6.51 5.07 3.84 2.34 2.65 6.43 7.45 5.56 7.42 9.87 15.51 7.43 3.08 3.44 4.81 2.19 8.51 15.03 15.23 14.98 12.78 10.03 17.57 25.77 16.91 22.73 14.61 9.7 16.56 14.58 4.92 4.5 7.67 10.19 20.61 10.92 15.06 12.08 13.45
3.82 4.32 2.51 3.98 8.07 9.12 12.5 3.6 2.31 7.79 11.97 4.07 8.2 6.02 4.42 6.11 7.13 4.0 3.66 3.76 15.02 10.83 6.92 9.55 6.18 5.93 5.34 3.68 5.21 4.76 5.15 9.13 3.75 13.67 11.41 8.03 5.45 8.27 4.73 3.44 4.74 6.29 22.82 12.31 16.33 27.78 8.61 11.12 23.47 19.42 8.76 7.49 5.02 12.38 13.31 7.76 6.32 6.9 7.95 21.82 17.01 14.35 10.6 20.11
7.23 6.07 4.57 4.51 7.38 7.16 6.84 4.37 4.33 5.37 5.11 6.54 10.8 4.25 3.91 3.87 7.24 2.86 2.05 5.14 6.78 7.9 7.13 9.33 7.01 5.25 7.3 8.92 8.63 3.3 4.48 3.6 3.83 9.25 12.11 4.65 6.65 8.18 5.28 10.0 6.53 9.75 11.67 11.85 14.12 33.73 24.79 24.17 16.18 15.04 13.74 6.01 3.89 4.81 10.09 9.74 4.97 4.73 5.61 9.93 26.55 14.49 5.86 17.49
4.93 5.86 6.36 8.21 7.08 7.6 5.58 8.33 14.15 11.52 4.83 9.09 5.11 4.9 4.92 5.11 3.97 2.28 1.97 5.48 6.36 7.47 7.15 11.5 6.41 6.43 11.21 11.95 5.51 6.5 2.65 4.19 3.47 10.94 10.18 7.41 9.52 5.88 6.08 15.88 12.88 12.0 12.03 13.22 11.64 21.33 27.69 24.38 16.66 13.11 10.94 6.52 2.87 5.06 3.74 7.96 7.48 8.27 9.43 9.32 11.67 10.42 9.41 3.44
5.18 6.81 4.89 3.55 8.93 7.79 4.94 7.11 15.01 13.71 5.29 3.04 4.73 6.32 11.08 8.47 2.93 1.92 2.25 4.78 8.05 11.56 6.64 7.83 5.9 7.04 9.63 8.12 4.63 5.25 7.35 7.49 5.91 5.32 7.89 9.54 9.68 7.2 8.09 10.28 8.48 6.91 6.6 11.37 6.4 15.39 12.41 27.01 19.01 12.76 8.65 2.98 4.39 3.53 11.89 17.18 13.31 11.93 14.73 5.93 5.02 5.54 8.34 4.57
5.08 3.64 5.08 5.19 6.79 12.54 7.57 7.32 12.25 10.94 5.66 4.82 5.0 8.17 9.04 5.79 5.07 2.0 3.13 8.18 20.87 19.69 8.92 6.68 5.43 6.47 11.23 11.67 5.7 2.87 3.8 5.23 9.75 5.96 3.69 17.87 23.73 13.03 10.21 5.95 4.34 7.87 10.91 7.07 10.45 8.04 8.66 12.24 7.78 9.24 2.7 4.47 7.27 6.71 9.86 20.69 6.09 8.62 10.61 5.5 11.87 6.98 6.27 3.33
12.27 5.94 3.48 3.73 8.22 7.65 6.79 11.09 12.61 6.29 7.14 9.87 4.71 5.81 7.75 7.63 8.52 8.0 8.07 12.28 29.27 18.83 6.58 5.94 5.3 8.08 9.53 12.99 8.47 6.17 5.73 7.39 21.42 11.2 5.15 4.3 15.08 6.01 14.37 10.56 4.51 8.36 16.08 9.08 4.19 4.55 5.63 5.4 3.87 4.47 7.69 3.7 7.99 14.54 10.66 8.59 5.33 3.79 7.4 6.31 9.46 6.4 5.83 6.43
10.64 10.84 3.15 3.4 6.83 16.21 8.26 6.52 5.71 5.82 10.09 10.62 8.27 4.36 6.91 9.4 9.86 6.69 8.22 11.17 16.32 24.14 13.11 3.45 11.15 8.21 10.84 6.0 8.12 9.74 5.67 6.88 9.84 12.18 6.16 6.96 10.57 9.98 32.97 11.92 11.08 6.8 5.36 2.86 4.61 3.06 5.35 3.69 6.21 6.83 4.9 1.77 5.4 4.62 5.75 6.38 4.55 5.26 6.15 4.78 17.32 4.12 6.21 7.03
12.5 7.45 10.48 5.99 5.58 9.31 5.65 5.41 3.48 5.23 10.18 10.94 13.91 9.96 6.32 8.23 12.81 8.52 7.68 11.99 27.89 14.84 7.3 8.78 9.98 7.86 13.99 14.74 16.71 9.16 6.94 6.24 5.76 4.95 6.48 9.12 17.55 20.41 30.06 10.66 13.19 8.91 3.62 4.04 6.83 8.44 3.03 3.84 6.77 8.2 2.51 2.31 4.98 3.56 4.29 5.38 3.73 3.4 3.12 6.38 12.45 6.05 6.39 6.78
8.44 6.53 8.86 9.06 5.32 5.09 9.86 7.41 5.86 4.5 10.75 12.87 8.84 8.32 9.78 8.96 4.06 8.1 11.56 7.68 33.78 9.19 10.72 16.67 14.06 17.51 34.84 11.46 8.23 5.32 5.9 4.21 3.15 4.55 7.93 10.17 16.41 25.11 19.35 8.03 5.04 4.76 4.91 3.74 8.73 8.98 7.57 4.72 8.91 8.82 7.39 4.97 4.8 6.58 3.16 4.74 3.21 5.59 3.29 8.64 6.98 7.04 5.09 5.99
6.92 5.44 8.24 8.54 11.99 22.06 21.78 12.56 7.86 3.6 6.77 14.69 14.37 7.43 5.79 10.36 8.84 6.95 10.22 8.01 11.05 5.95 11.47 12.91 24.85 44.57 47.19 13.61 6.37 7.19 9.53 2.86 3.04 4.36 5.29 4.85 13.65 14.57 15.37 6.44 7.09 4.23 4.87 9.35 10.55 10.53 10.57 6.45 10.57 14.96 12.85 10.99 9.27 10.82 6.09 6.94 6.12 4.27 8.18 6.46 9.19 8.49 5.36 9.09
5.84 3.52 8.11 6.44 13.82 14.17 25.19 13.87 6.22 7.51 9.6 14.09 15.56 8.25 5.99 4.88 10.88 15.24 15.45 13.45 10.33 10.46 7.67 8.61 11.28 10.43 29.51 12.94 7.5 3.83 5.17 2.3 1.83 4.5 8.09 7.13 7.88 16.51 9.53 7.8 5.88 6.35 5.35 4.04 14.68 10.81 12.69 10.6 19.75 13.32 23.16 14.61 13.51 10.93 4.92 16.69 6.66 4.86 8.07 7.18 11.0 11.73 5.87 6.78
6.8 4.79 6.7 10.17 19.32 18.78 13.79 16.3 10.71 5.23 6.72 8.01 4.61 12.79 9.05 5.54 6.81 13.17 13.6 10.41 8.92 12.28 5.43 13.02 4.53 5.65 12.85 14.88 5.58 3.71 1.97 3.08 1.93 3.32 4.75 7.55 6.18 11.79 13.6 10.27 6.06 8.02 6.45 8.25 5.83 16.55 10.68 20.65 14.96 15.21 6.73 11.07 7.84 6.07 9.24 11.62 11.28 11.84 13.36 19.4 10.85 15.25 8.19 6.25
9.37 6.36 7.8 10.09 27.98 29.18 8.41 11.13 13.58 4.04 6.78 3.31 4.29 11.01 10.53 15.62 9.53 11.65 12.38 13.5 9.83 9.12 3.8 5.17 5.05 7.18 10.82 6.2 4.71 3.86 4.37 2.63 2.87 4.04 3.39 4.3 4.93 20.75 12.47 9.24 11.37 10.14 9.21 8.61 6.66 8.98 9.11 8.66 16.89 29.04 20.3 11.51 8.75 11.95 7.25 4.0 3.79 13.47 11.43 16.35 12.9 15.92 10.94 9.2
5.93 10.54 9.44 19.46 44.8 35.02 22.69 15.41 9.88 6.34 4.35 5.72 5.9 7.61 12.03 18.86 9.85 10.19 7.62 10.94 10.15 5.11 2.04 3.91 4.15 11.16 6.86 6.71 5.95 4.85 3.67 4.11 3.85 3.17 3.46 2.75 9.69 9.11 9.0 8.83 7.98 6.93 4.42 6.33 8.32 6.91 5.74 10.56 15.13 20.99 15.15 16.99 15.1 8.57 5.55 7.33 5.38 12.31 15.21 15.88 27.17 11.22 6.21 9.51
13.25 28.82 23.69 29.19 34.36 18.91 20.87 10.97 6.25 4.24 2.36 4.97 5.88 12.42 16.38 20.05 6.1 7.15 5.97 10.63 5.87 8.72 2.18 4.32 4.0 8.04 14.8 14.53 6.46 7.59 3.46 3.17 4.42 3.68 4.22 3.25 4.09 4.52 8.22 13.58 9.83 3.73 2.75 5.92 5.87 5.41 7.25 7.86 15.92 14.02 23.71 25.22 23.86 10.79 7.41 11.5 7.09 9.06 8.67 12.23 20.18 13.37 13.5 9.64
33.92 43.64 18.24 20.6 14.02 17.54 22.01 15.47 8.65 7.33 4.61 3.58 5.38 7.54 6.56 6.18 5.77 6.97 3.73 5.55 9.42 16.18 5.43 6.46 4.78 10.53 12.33 12.65 5.11 4.29 3.46 5.42 2.78 5.03 5.04 2.77 2.61 3.51 5.23 9.06 10.5 2.81 3.4 5.32 8.01 8.93 6.95 10.06 10.54 20.72 18.2 12.02 11.12 11.64 14.45 11.14 8.06 5.06 6.52 9.14 13.86 10.96 13.83 8.87
24.38 31.56 29.91 30.89 15.27 12.9 13.22 19.14 10.2 4.87 5.85 6.66 7.5 3.98 5.2 4.58 3.84 3.71 2.4 3.8 7.82 7.73 8.2 6.92 9.03 22.73 16.13 13.0 10.91 4.37 8.48 4.82 4.16 3.4 2.52 2.05 4.17 4.09 4.46 8.8 5.04 3.72 4.48 3.49 5.53 15.52 8.01 6.66 9.99 19.34 20.76 7.78 7.43 14.51 16.28 8.63 6.39 3.94 2.3 7.58 7.98 7.88 8.64 9.51
7.86 18.95 18.96 18.8 13.97 20.6 15.02 15.92 23.68 8.6 5.12 5.57 4.43 5.07 3.12 4.09 3.81 3.69 4.98 9.1 13.65 6.84 6.13 4.83 7.38 12.81 15.31 6.44 5.75 12.68 6.62 6.27 7.03 5.65 2.71 2.06 9.47 7.17 7.03 6.75 6.87 3.86 6.71 2.19 3.58 10.3 6.93 7.31 6.78 5.88 8.94 13.76 10.69 11.19 5.77 7.98 4.49 3.34 3.36 4.0 7.17 5.63 4.52 6.91
13.68 16.5 12.92 23.02 17.75 20.06 23.6 22.95 29.68 7.24 4.45 4.04 3.79 5.76 7.36 3.17 3.38 4.49 3.92 10.63 11.98 6.19 5.57 6.62 8.81 11.6 7.8 8.64 6.91 4.58 7.74 6.56 5.34 6.17 5.06 2.81 4.41 7.42 10.38 9.17 7.33 6.61 4.76 3.3 5.83 11.92 14.88 10.45 14.66 3.78 8.81 5.77 12.74 6.46 3.98 6.96 4.92 4.18 5.21 3.07 5.61 5.73 3.47 5.4
11.16 4.45 18.86 31.73 28.42 29.76 34.26 17.12 20.76 5.92 3.0 2.93 2.64 3.1 4.34 3.11 4.68 2.99 6.06 9.07 19.77 11.67 15.54 7.69 9.98 5.87 4.49 6.02 4.75 6.61 7.98 13.15 11.17 6.61 8.51 8.29 4.11 7.41 10.06 11.5 13.1 6.73 5.04 3.04 7.27 13.09 19.48 23.22 16.3 9.74 10.64 8.76 9.58 9.93 8.04 4.22 6.65 5.39 2.75 2.4 9.86 5.79 6.13 5.39
7.38 3.61 17.12 23.6 28.06 31.55 28.65 16.46 18.27 6.29 6.9 2.83 3.77 4.53 2.35 4.32 6.32 4.61 10.45 10.69 15.53 17.57 11.99 17.23 7.04 8.21 12.35 6.65 3.19 5.45 11.63 9.62 10.49 10.99 9.84 7.65 5.38 9.75 8.14 12.81 6.55 12.4 6.82 6.82 12.16 9.24 13.67 30.38 14.18 9.81 10.08 9.53 5.28 8.07 7.77 3.36 4.22 9.16 4.41 3.91 3.34 7.2 4.11 5.4
9.66 10.63 9.83 14.57 25.55 31.8 17.41 12.31 11.16 4.59 3.67 4.55 4.2 5.46 4.8 4.87 8.21 7.55 16.51 9.04 18.17 18.51 11.35 10.14 15.39 10.54 6.57 5.05 3.13 3.3 9.08 5.27 5.11 9.38 8.22 10.48 6.72 11.13 13.76 6.36 8.56 6.82 4.01 4.55 11.65 9.23 14.72 15.5 16.72 10.01 6.43 6.64 6.48 8.18 6.48 3.64 3.39 2.13 5.26 4.34 5.01 4.98 6.13 7.24
8.88 7.75 15.25 15.39 19.54 15.47 18.04 12.55 6.9 2.64 3.22 6.94 5.12 4.31 5.61 7.92 7.9 9.67 13.43 14.76 13.13 13.22 7.38 11.95 10.21 7.54 6.15 7.29 4.8 3.16 6.77 4.68 4.21 4.05 7.21 8.46 6.95 4.89 6.78 9.3 11.67 5.1 4.94 4.18 3.12 10.39 13.4 8.57 9.09 6.53 8.28 6.83 8.95 12.14 13.55 5.41 5.19 3.48 3.96 6.65 9.51 4.61 5.92 7.24
6.94 9.2 17.88 16.35 11.92 8.42 8.92 4.65 4.46 3.27 5.99 8.22 8.27 8.59 14.62 8.64 8.98 14.57 8.8 8.33 7.18 7.63 12.37 9.55 8.78 7.81 8.86 8.8 4.33 3.67 2.76 3.99 4.73 8.62 6.8 8.51 8.25 6.12 5.69 9.93 12.53 6.81 5.71 2.36 4.07 10.46 13.55 13.37 12.2 14.86 13.87 12.34 14.61 9.16 7.91 3.36 3.65 7.04 4.25 4.99 7.93 5.35 6.91 7.03
4.18 12.27 12.16 10.71 10.84 12.68 3.53 2.7 3.38 1.81 4.95 7.72 8.85 13.54 10.43 8.49 11.96 8.27 11.69 13.95 7.82 8.4 11.8 9.56 4.45 6.37 8.03 8.32 7.13 10.07 4.56 6.72 12.14 6.32 5.44 6.23 9.25 8.28 8.69 14.63 9.58 6.15 5.49 6.12 3.81 8.69 5.78 5.74 7.07 13.46 8.5 13.21 15.27 11.0 9.69 5.69 7.57 5.3 3.61 4.03 2.11 3.96 5.69 8.55
3.72 12.41 12.97 9.39 6.18 4.32 2.93 1.99 2.14 2.07 4.26 11.15 13.52 12.58 9.4 13.02 10.62 6.56 8.81 8.27 17.39 6.87 9.86 9.78 9.53 5.81 11.2 7.35 8.75 7.51 7.06 5.69 7.28 4.59 5.8 8.26 7.16 8.27 10.31 7.76 8.46 5.87 10.46 9.11 10.95 6.47 7.27 6.72 6.93 6.14 6.35 7.78 6.94 7.78 4.51 5.48 3.57 3.88 3.96 2.47 6.63 5.39 5.49 10.9
5.25 10.59 9.74 12.33 4.41 3.57 3.97 3.03 3.02 2.14 1.93 7.78 7.26 5.93 4.71 4.86 7.14 6.11 5.23 6.91 6.73 9.2 6.02 7.18 7.65 6.88 5.75 7.85 5.15 5.9 7.84 7.86 8.63 4.62 9.06 7.33 3.91 6.83 19.09 7.65 6.72 16.28 20.61 14.32 8.29 6.34 5.26 12.62 7.66 5.54 5.07 7.2 5.91 4.46 5.18 4.76 2.16 6.13 5.72 3.29 4.72 7.2 7.87 13.16
5.17 6.24 7.99 5.74 5.29 3.66 1.8 3.73 3.64 2.35 2.92 5.31 11.39 9.84 3.21 3.62 2.32 2.08 3.56 6.62 5.43 7.55 8.1 5.56 9.11 4.11 6.02 7.19 9.05 21.19 16.41 12.0 8.47 7.45 4.14 7.36 5.97 16.93 13.45 12.23 14.16 7.24 9.06 9.45 12.11 10.06 8.34 9.71 7.74 9.94 8.37 5.72 5.25 9.11 5.35 5.6 6.72 8.21 7.46 8.07 4.58 8.65 9.02 11.08
6.79 7.93 11.12 8.76 6.9 6.47 2.26 3.06 5.17 3.93 5.17 6.42 10.93 6.06 4.81 4.33 3.05 2.38 4.04 6.81 8.15 7.82 6.9 5.4 7.42 3.55 4.35 7.27 6.37 10.51 20.13 13.02 8.62 3.53 5.22 10.77 15.85 19.14 10.42 14.55 15.32 9.92 5.82 8.0 7.26 8.72 6.87 7.84 4.32 10.7 9.68 7.09 3.32 3.76 8.13 6.57 5.74 11.62 10.67 14.7 7.56 9.5 11.05 9.0
5.65 9.53 11.42 10.82 5.48 6.32 6.38 5.35 6.15 7.24 5.27 6.39 3.73 8.04 4.4 4.53 2.88 6.48 7.17 4.29 8.14 10.51 8.2 6.67 7.57 4.06 8.23 10.44 8.6 8.81 11.77 9.57 7.36 2.66 2.62 6.0 3.78 7.9 6.99 12.73 10.01 10.81 8.71 6.8 3.73 4.69 4.11 3.94 6.27 7.43 6.35 7.73 3.4 6.14 5.8 7.21 4.25 7.24 6.89 17.2 10.44 8.94 8.62 7.47
4.28 8.62 5.84 10.62 9.02 9.6 11.02 7.49 7.13 10.06 4.06 6.9 6.63 11.85 3.98 3.96 7.2 12.31 5.38 7.29 14.55 10.31 5.33 14.15 12.05 9.54 5.45 9.25 8.38 7.75 7.11 7.18 9.46 4.21 2.83 3.87 4.62 5.39 3.14 6.95 8.46 5.45 4.62 6.25 4.32 5.51 3.3 6.06 7.75 5.81 5.92 5.46 4.32 5.1 5.15 7.08 8.1 5.8 7.23 9.92 23.15 18.81 6.72 10.01
5.97 6.62 10.04 6.23 3.51 7.78 9.12 5.88 5.66 9.94 6.68 10.71 10.05 8.21 4.86 6.61 10.25 17.18 9.18 13.87 13.13 12.14 7.03 7.95 12.22 8.64 7.51 10.78 8.19 5.45 10.82 5.68 5.91 3.13 2.14 5.37 4.28 6.17 4.67 10.52 7.89 7.91 7.82 5.68 4.57 3.74 2.77 2.81 3.32 2.6 4.31 6.38 5.93 4.73 4.18 5.37 5.67 3.35 5.57 7.46 14.6 16.87 9.12 5.83
7.08 7.27 9.62 4.04 2.96 3.36 4.69 4.92 7.81 11.41 6.98 9.94 16.55 5.44 6.32 10.64 10.82 14.3 25.59 23.27 16.85 16.39 9.58 9.98 7.12 5.68 7.2 10.25 8.37 9.49 7.75 8.15 7.48 2.15 4.28 3.86 4.12 3.55 4.9 7.1 7.79 6.03 7.97 3.18 3.49 4.59 2.45 5.71 3.01 2.65 3.35 2.67 4.38 4.79 4.32 3.62 4.85 3.18 4.08 7.31 6.0 9.31 7.73 5.55
4.7 5.76 4.2 9.88 5.91 6.68 4.84 4.98 6.98 5.82 7.34 8.51 10.6 16.28 7.28 8.43 7.33 10.13 15.25 18.92 10.28 8.58 4.92 7.59 3.87 4.73 7.97 6.68 10.22 8.16 6.87 4.14 3.15 4.87 3.57 2.14 3.03 3.88 3.76 5.49 8.41 14.03 7.96 1.6 2.68 3.24 1.97 2.72 3.18 3.07 3.89 2.86 6.0 7.45 5.58 3.09 4.16 4.14 3.9 3.82 2.35 5.68 7.12 4.81
4.05 1.68 3.13 5.08 4.26 9.3 7.52 6.74 5.51 5.32 13.54 22.15 9.63 8.9 10.78 8.89 7.57 9.25 15.63 8.85 8.05 4.58 4.75 4.7 2.93 3.52 3.91 6.0 5.52 4.58 5.89 3.0 4.41 4.76 7.13 3.63 6.86 1.9 2.55 2.67 7.89 4.77 7.38 2.64 2.5 4.93 4.23 4.32 4.16 2.7 4.61 4.74 8.76 7.0 3.05 2.45 4.85 2.58 2.94 1.85 4.45 5.04 8.78 6.03
6.68 3.5 6.13 7.02 9.7 7.79 10.28 7.86 7.6 6.81 15.58 23.17 19.99 8.84 14.58 12.86 6.8 10.12 8.94 8.55 4.54 6.37 9.94 6.33 4.18 3.94 6.49 4.91 3.09 3.46 2.94 1.87 4.22 6.31 10.5 6.36 6.22 2.39 3.25 3.14 2.6 2.78 4.38 3.27 3.98 5.5 8.62 5.53 2.82 3.51 7.45 7.11 10.3 10.16 4.44 3.72 5.1 8.63 2.4 2.39 3.67 8.24 6.42 5.95
16.44 4.88 4.89 4.19 7.48 9.81 7.36 10.8 13.64 15.95 19.7 10.45 18.17 22.11 27.65 10.05 10.11 5.34 8.32 8.46 8.96 7.89 9.98 7.74 6.67 3.68 4.6 3.37 2.01 3.01 2.76 2.86 4.5 5.14 8.05 5.79 3.84 2.44 8.39 2.78 3.11 3.02 3.65 2.67 5.34 6.12 8.72 8.6 4.38 8.31 6.31 14.45 9.06 3.77 4.84 5.8 4.81 2.65 2.38 2.41 3.14 6.4 10.59 13.19
9.86 5.74 8.23 8.19 6.21 8.46 15.38 14.4 10.17 8.57 16.38 13.58 16.66 22.78 16.56 9.84 7.35 4.23 7.63 12.23 17.2 13.42 6.43 5.65 5.11 5.46 7.19 4.66 5.31 2.69 3.97 4.33 5.87 3.67 5.13 6.66 5.7 5.08 3.39 2.12 1.41 2.0 4.83 2.97 5.09 9.01 11.09 7.89 8.73 7.7 10.04 15.51 14.08 10.24 7.88 8.52 4.82 4.07 2.26 3.16 3.69 5.29 9.25 8.11
8.13 10.45 14.0 5.68 4.38 5.78 8.38 9.76 15.7 12.49 8.01 15.41 29.09 22.9 8.3 5.89 9.83 6.85 4.68 7.86 15.48 8.67 8.41 4.03 7.81 9.82 6.53 8.92 6.04 7.08 5.22 4.51 5.4 5.04 3.98 6.69 5.8 3.71 3.58 2.12 3.4 2.37 3.01 4.14 3.87 5.39 6.85 10.25 5.81 9.97 16.87 15.47 16.25 18.36 13.05 4.58 4.19 4.87 3.25 3.86 7.12 7.58 6.9 6.6
7.76 8.37 12.25 3.41 3.47 8.2 8.5 10.18 17.03 14.63 9.09 10.42 21.21 13.85 5.9 4.81 10.43 9.49 3.36 21.18 7.88 5.54 8.19 8.18 8.58 6.3 4.9 6.8 4.31 6.44 9.63 17.34 9.13 7.32 5.84 6.44 2.61 2.81 2.8 6.64 4.1 5.17 2.59 3.98 4.38 4.55 4.44 5.9 5.83 8.96 7.53 10.13 7.95 5.67 4.97 6.71 5.37 7.87 3.67 3.46 4.74 6.94 7.15 6.91
8.02 6.25 11.3 4.24 5.27 10.46 13.97 11.48 8.66 8.64 7.67 13.72 11.53 13.71 8.36 3.0 3.3 6.13 4.4 6.21 10.11 5.48 11.77 16.32 12.86 8.09 8.16 9.98 6.53 7.3 9.2 16.82 8.12 7.14 5.34 2.21 3.31 5.34 3.2 5.75 5.95 3.91 2.28 3.57 4.99 5.49 3.79 2.72 5.72 6.89 4.71 7.73 8.77 5.08 4.69 8.25 4.47 4.13 3.96 3.68 7.31 8.21 7.96 6.01
2.81 4.22 6.82 4.07 5.88 11.55 14.56 14.31 17.19 5.14 4.89 7.29 4.75 12.09 10.89 4.67 3.87 8.26 8.35 8.75 9.42 10.07 6.66 8.51 7.26 11.74 9.25 7.65 4.85 7.0 11.69 15.1 26.83 12.53 11.41 4.67 3.87 10.72 4.02 3.57 7.19 5.15 2.47 3.02 3.4 3.54 2.73 2.42 2.84 3.46 5.4 5.92 7.65 4.21 6.58 5.25 2.96 4.69 5.89 7.52 9.2 8.67 5.55 4.25
2.4 3.59 3.52 4.76 9.5 10.07 9.11 18.82 11.24 7.93 3.37 4.52 4.08 13.37 10.98 12.33 5.65 6.56 5.37 11.56 22.33 16.81 11.5 21.15 16.79 28.77 8.7 3.98 3.96 6.11 3.92 9.6 17.93 16.51 4.69 13.15 8.0 8.33 4.63 5.18 4.93 4.95 3.7 2.29 3.1 2.61 3.33 3.84 2.68 3.02 2.2 4.73 5.65 5.71 3.93 4.37 6.26 4.12 9.62 9.45 10.31 7.86 5.52 6.36
2.33 4.29 5.21 8.56 16.75 16.08 7.44 14.78 7.12 7.0 6.45 6.32 7.58 3.55 10.29 10.34 6.03 7.74 13.94 34.84 25.74 23.63 17.86 22.05 19.32 16.14 6.51 3.96 4.02 7.04 6.39 5.9 12.24 7.46 5.06 6.85 6.43 4.01 2.67 3.33 2.6 3.84 4.56 5.25 1.41 3.12 4.49 4.07 5.89 3.45 4.75 5.45 5.22 3.8 4.44 4.59 6.88 6.08 6.27 4.49 6.69 8.05 6.19 8.74
2.99 2.85 7.5 6.94 11.52 16.05 14.06 18.74 8.66 8.81 10.67 6.49 8.47 8.13 6.23 6.47 6.01 8.16 13.85 21.64 16.02 18.98 29.04 12.28 18.2 4.61 8.58 5.01 4.05 7.96 4.78 5.65 7.29 7.4 3.9 3.5 4.06 3.71 4.1 2.03 4.04 2.69 3.67 2.69 1.67 3.68 3.92 4.14 4.1 5.49 3.86 5.6 5.33 5.68 5.11 5.0 8.22 9.48 5.13 5.45 4.65 4.1 4.57 5.53
4.9 5.16 3.46 11.82 9.63 11.01 15.69 15.25 10.73 7.26 11.02 7.59 12.92 9.63 13.62 7.1 9.41 7.56 11.61 23.51 24.16 19.47 15.32 13.67 5.31 4.17 5.34 7.63 8.14 4.19 5.68 9.02 8.84 4.7 5.81 4.14 4.23 5.28 5.96 5.57 4.3 2.9 3.87 2.6 3.0 4.84 7.83 4.88 4.27 4.65 6.69 4.13 5.19 9.8 9.7 3.92 6.98 10.2 4.98 9.68 9.43 5.38 4.1 6.76
4.2 7.46 6.84 11.22 11.49 14.37 13.4 10.57 9.34 10.7 8.43 9.47 7.55 11.58 7.93 16.42 8.79 7.54 18.32 14.06 28.39 26.63 18.0 7.31 2.95 3.28 9.29 10.15 11.17 14.17 7.87 9.21 6.12 8.58 11.92 9.16 7.09 12.35 10.16 10.11 5.03 5.35 7.36 4.49 2.51 3.93 5.37 2.8 5.07 5.63 6.26 9.14 7.23 13.55 14.49 7.03 8.94 10.59 6.07 3.68 9.05 3.85 2.78 3.32
3.19 4.17 8.27 7.36 12.23 11.37 8.95 11.13 18.93 17.13 14.03 7.8 12.57 4.66 17.75 9.82 9.38 18.28 10.83 8.72 16.64 15.66 15.12 8.81 5.72 5.36 12.23 11.39 8.64 10.02 11.58 6.52 5.08 14.2 30.66 13.67 10.63 10.68 14.77 7.57 7.49 11.82 7.33 6.45 3.78 5.19 5.3 3.74 6.26 7.71 7.34 7.16 6.87 5.33 5.49 10.15 14.54 9.61 5.31 2.81 3.82 3.81 3.58 5.16
3.75 4.28 8.44 12.12 11.25 10.3 13.72 12.38 10.74 11.59 5.89 8.75 6.24 3.28 13.45 7.62 8.8 19.78 10.7 18.58 16.67 9.95 6.91 3.96 7.62 4.78 11.36 14.94 20.8 7.98 9.72 14.74 8.95 13.74 11.23 11.67 9.48 11.11 10.43 14.71 6.81 14.38 5.63 3.46 10.65 9.38 5.23 4.93 3.99 8.55 10.67 15.15 15.12 17.35 8.72 11.33 15.15 9.94 3.35 2.12 1.71 2.45 4.17 4.67
2.85 4.28 6.38 8.09 6.28 6.21 8.26 9.94 6.62 8.23 8.43 6.79 5.64 6.31 5.31 5.98 5.26 4.59 9.4 10.56 17.86 7.26 5.26 9.89 8.6 5.87 8.92 11.54 8.06 5.51 10.28 9.42 15.49 10.33 10.14 4.6 13.09 6.43 9.05 18.07 8.75 8.04 6.11 6.92 10.82 11.02 14.13 11.74 5.98 8.0 14.64 6.53 6.17 7.93 16.32 11.33 14.18 10.86 8.1 3.77 2.83 3.7 6.95 4.08
