8.39 9.55 3.57 6.88 8.87 3.16 3.76 6.44 5.76 11.64 14.71 11.26 5.91 10.54 11.26 11.61 5.94 17.5 6.96 9.93 5.45 4.03 5.01 6.05 8.31 4.52 7.04 8.85 8.17 5.78 12.36 21.25 14.61 28.14 26.56 12.82 7.87 7.85 6.56 5.04 6.85 7.48 7.11 12.31 7.63 4.88 8.16 6.79 4.51 6.55 4.75 3.47 3.88 6.28 6.44 7.12 3.87 7.55 3.88 12.12 4.77 6.02 2.2 3.41
5.58 5.54 5.32 4.7 3.84 4.64 6.44 6.31 9.18 12.74 22.5 17.05 16.03 13.48 8.89 7.0 6.4 8.11 7.17 6.56 8.29 2.83 4.45 2.58 6.07 6.37 7.81 4.12 6.72 6.58 12.06 7.73 12.03 13.78 31.74 12.1 6.56 3.99 4.28 2.75 8.09 5.57 21.75 13.02 11.32 6.59 7.75 7.3 7.87 3.92 10.26 7.08 6.51 8.7 8.33 7.31 5.95 5.25 5.65 6.08 7.02 7.7 5.58 1.77
5.46 5.72 4.95 4.67 3.06 2.94 4.38 8.5 9.84 15.24 10.75 25.92 26.41 28.08 10.16 8.5 17.22 8.81 9.11 5.12 7.61 6.28 3.02 5.43 9.19 5.85 8.48 6.91 6.69 10.2 17.26 18.89 16.87 23.11 26.97 16.25 9.71 6.31 5.04 3.13 5.86 9.16 16.85 21.61 7.03 7.98 7.69 5.84 8.55 6.85 12.89 6.15 5.41 13.92 4.18 5.25 6.88 6.86 9.69 5.67 10.26 6.32 2.22 6.16
8.03 6.15 3.51 2.11 3.11 3.81 3.34 5.29 3.69 4.5 9.36 20.13 11.32 13.91 13.12 10.24 13.33 5.8 7.17 13.9 6.03 7.13 2.75 3.22 6.31 4.02 9.53 5.06 6.85 7.39 11.55 11.47 9.48 10.63 19.43 10.89 14.48 10.11 4.64 5.08 3.98 9.71 23.26 11.98 5.86 4.98 7.24 6.4 7.69 4.01 4.0 6.04 10.86 6.8 4.66 5.18 11.13 4.53 15.48 13.01 11.85 10.65 4.82 5.3
7.33 5.56 10.09 5.12 3.33 8.03 4.66 5.54 2.97 3.21 8.67 11.2 16.36 19.03 17.81 16.53 7.9 5.66 3.77 6.56 4.34 4.67 4.9 6.19 7.72 5.56 6.56 6.77 5.49 8.36 6.22 12.71 9.89 8.75 17.07 20.97 11.71 12.51 3.16 8.51 13.3 21.53 30.54 14.76 6.22 9.0 4.61 11.2 3.65 4.71 3.21 5.97 6.25 3.34 4.16 4.03 7.66 14.87 8.0 6.98 5.68 9.84 7.7 8.62
7.08 6.79 6.09 7.19 6.21 6.17 2.69 3.42 4.22 4.14 14.76 11.21 15.2 9.75 11.36 17.18 11.25 7.51 6.3 7.07 5.24 2.48 3.47 4.93 7.85 4.92 7.86 16.39 11.66 5.21 5.07 6.62 7.18 4.9 6.69 9.49 9.67 6.35 7.65 7.61 8.49 11.49 10.2 5.6 6.63 6.42 7.73 10.02 4.16 3.8 2.24 3.48 9.42 4.17 4.44 2.77 4.46 9.58 9.65 6.5 6.16 10.5 14.48 7.97
9.82 6.36 2.9 5.17 5.14 3.77 2.94 2.05 3.72 4.84 7.57 13.44 12.42 17.16 14.15 14.85 19.25 9.55 7.4 6.61 4.87 4.07 6.96 5.3 4.21 5.55 5.94 15.19 14.59 7.17 5.82 6.67 5.08 5.28 6.48 13.64 6.85 5.19 18.48 12.92 6.33 7.71 11.71 13.03 7.5 7.04 5.72 9.62 6.59 5.0 2.79 7.07 8.42 3.9 4.61 5.43 4.74 12.54 12.91 9.42 9.4 5.37 16.18 5.08
9.2 10.38 3.46 7.35 9.23 3.85 2.42 2.34 3.04 8.44 13.84 14.7 13.81 13.45 15.1 6.74 16.6 6.47 5.4 7.09 5.37 3.4 3.73 5.42 6.71 6.24 9.48 17.61 17.92 6.57 7.46 3.79 5.99 3.73 7.33 8.99 5.92 6.22 11.48 9.18 8.36 9.25 8.83 24.07 12.96 10.32 11.71 6.9 8.53 6.2 5.18 9.2 6.74 4.3 4.95 4.17 10.43 9.27 6.66 4.9 8.82 4.56 8.79 4.47
8.12 9.42 6.13 5.14 6.9 6.35 3.35 5.95 2.85 6.87 7.1 7.56 11.48 10.41 12.05 8.07 9.05 4.79 3.15 5.28 3.3 2.56 4.64 6.61 7.36 8.25 7.82 12.18 6.68 5.5 2.91 2.89 3.71 4.09 3.18 8.44 7.44 9.72 3.02 6.93 5.15 10.9 13.11 16.88 13.28 22.39 7.27 8.7 8.06 13.34 7.08 9.72 5.32 4.61 2.81 10.22 13.35 6.55 4.11 3.95 2.58 5.63 11.91 4.9
26.89 9.21 6.53 5.5 5.27 4.04 4.69 2.73 2.97 6.79 7.76 7.39 8.31 9.51 14.87 6.02 8.44 6.06 7.23 3.52 6.48 5.71 8.0 3.71 5.88 4.89 8.2 6.16 12.53 5.97 3.73 5.3 3.74 2.99 2.26 3.72 9.47 8.83 7.56 4.19 4.65 5.33 11.55 8.74 7.4 16.18 12.94 6.49 13.11 11.42 14.39 9.33 9.11 5.83 3.3 8.63 12.77 5.42 7.09 2.59 6.22 6.74 3.9 3.84
9.68 14.63 6.49 6.52 4.79 4.7 5.68 2.83 5.45 8.89 11.04 8.46 11.23 16.76 14.63 11.62 7.13 7.88 7.84 5.41 3.05 4.98 5.69 5.15 4.43 5.59 7.55 5.94 6.19 4.09 2.16 3.48 3.19 3.07 4.42 5.34 6.79 5.87 5.65 4.35 4.28 5.98 4.28 6.08 10.18 12.84 8.77 8.01 8.2 16.96 13.04 10.53 13.93 4.29 4.12 7.87 9.87 8.53 4.49 2.5 3.11 4.2 2.12 2.26
5.94 6.28 4.65 3.32 3.56 5.09 5.44 3.67 6.65 8.83 9.17 4.91 5.29 13.07 13.62 19.77 13.24 7.79 8.72 6.87 4.11 6.08 11.61 9.25 5.38 5.56 6.67 4.83 7.17 3.99 3.01 5.68 5.28 2.55 3.48 4.76 9.5 8.58 6.38 3.95 3.1 3.42 4.64 3.75 10.95 12.36 15.0 11.75 10.58 11.4 17.45 12.51 12.71 7.35 6.71 6.76 7.34 7.85 6.23 8.63 11.32 3.73 3.88 2.56
6.71 6.65 3.41 1.77 3.71 2.59 3.11 3.3 2.98 5.87 3.49 6.39 4.18 7.4 21.88 34.32 16.45 30.63 11.6 18.61 10.13 21.1 16.92 17.61 10.31 7.75 6.88 7.92 5.77 2.2 2.5 7.7 6.91 4.25 3.42 4.21 6.04 7.79 2.27 1.96 1.31 4.2 4.0 5.62 12.35 10.97 11.25 9.01 10.5 14.56 9.51 11.53 17.71 15.95 13.03 6.08 5.84 6.96 5.26 14.33 17.77 9.99 5.23 6.08
8.78 4.9 3.04 1.96 3.25 3.01 1.86 2.05 2.88 4.87 5.01 4.59 3.99 5.57 13.42 16.08 9.83 24.22 14.92 12.5 8.91 19.86 20.94 17.67 6.7 6.47 4.91 6.22 4.72 1.99 5.05 7.18 15.97 14.37 3.97 4.71 6.7 7.0 3.0 2.12 3.9 3.14 3.94 4.89 8.68 9.57 8.81 11.07 14.37 21.1 16.83 19.17 28.61 11.89 19.16 21.29 4.87 3.47 6.63 12.05 16.66 6.21 6.77 6.99
6.37 4.33 4.67 4.91 4.41 5.36 3.87 4.81 5.03 6.96 9.41 6.97 5.93 10.52 16.06 15.79 15.57 34.77 13.32 13.43 8.82 15.33 13.82 10.67 6.71 9.98 5.65 9.95 6.0 4.56 4.69 9.29 14.14 11.59 7.93 7.13 4.82 7.94 7.9 4.79 6.57 2.51 2.9 5.48 6.62 13.57 15.92 29.05 16.08 8.73 6.65 13.76 16.6 12.61 20.44 14.36 7.07 6.92 7.17 10.5 14.1 11.91 4.5 5.88
7.24 6.75 10.68 4.48 7.31 3.7 5.04 5.46 9.73 6.3 10.62 5.68 11.02 5.92 10.98 25.1 20.22 27.16 18.16 11.24 8.2 16.66 13.88 5.01 2.08 5.07 7.07 8.37 7.96 5.65 6.72 11.53 12.04 3.23 4.05 3.28 3.81 6.38 15.23 7.84 8.97 5.2 4.99 4.07 6.88 7.96 10.03 14.95 31.1 8.81 9.5 5.43 16.15 9.45 12.67 10.91 14.67 11.89 20.54 17.94 24.43 8.08 7.18 11.67
9.08 12.36 13.8 13.11 17.61 5.69 12.01 9.15 7.41 9.07 7.75 10.08 7.33 10.43 8.95 17.79 15.8 21.26 21.33 16.88 5.67 19.83 6.92 3.56 2.01 4.26 5.45 10.3 13.48 21.03 6.53 12.71 7.7 7.0 4.14 3.35 4.6 10.48 19.62 13.61 7.81 6.33 6.14 3.62 5.92 6.57 10.2 14.25 15.18 6.61 7.29 8.19 7.05 11.32 4.3 7.17 7.18 7.95 18.64 11.22 14.11 7.82 5.55 18.28
11.47 11.36 20.45 13.31 14.0 16.11 18.97 19.39 12.82 7.86 5.09 3.83 5.95 5.39 8.45 8.51 7.26 6.29 8.82 8.2 7.62 11.79 7.7 2.78 1.02 2.64 4.05 12.2 14.57 17.66 15.31 14.02 14.39 7.01 6.08 4.29 4.92 14.49 16.35 17.35 12.36 4.49 8.78 4.46 9.21 5.86 6.32 6.43 12.3 19.29 9.97 9.4 7.86 7.82 5.25 3.05 4.27 10.31 16.95 12.89 12.82 9.69 9.57 17.3
9.56 12.21 12.83 14.89 15.33 21.03 19.87 27.28 18.58 7.45 5.78 2.74 1.84 3.28 6.5 5.43 7.25 5.61 8.21 5.03 5.07 8.89 6.32 4.11 2.19 4.86 11.86 12.78 16.3 13.35 7.3 11.75 12.91 7.93 3.7 4.58 4.71 10.42 9.68 14.99 12.51 5.8 9.87 9.09 10.12 12.39 9.28 8.46 11.79 28.53 9.0 11.0 7.84 9.87 3.63 4.8 4.88 9.95 9.74 12.99 7.62 10.14 9.94 19.55
8.04 13.14 17.28 11.07 17.31 12.85 26.02 35.25 22.98 6.59 4.72 5.23 5.08 5.08 4.19 1.72 6.21 4.08 3.42 2.77 5.16 11.37 8.4 3.62 5.75 4.54 6.85 9.12 17.92 13.21 8.35 7.7 9.26 7.39 6.5 6.21 6.57 4.39 8.79 12.87 10.98 5.59 7.0 12.79 10.4 10.74 8.83 6.22 11.23 13.13 14.58 9.71 6.28 7.22 8.02 3.76 7.24 5.94 6.16 10.24 10.52 18.41 13.98 14.74
8.95 25.34 21.15 12.04 9.66 13.42 15.67 13.49 20.08 11.24 3.64 3.57 4.6 4.83 2.7 2.8 4.24 3.55 5.62 4.84 3.93 4.42 7.75 6.08 6.12 4.39 4.28 7.29 7.89 8.73 9.69 7.75 5.69 8.31 7.92 8.7 5.28 5.16 5.33 6.67 6.84 3.63 3.69 6.49 5.02 9.38 11.23 9.07 7.11 8.36 8.55 6.92 7.67 6.15 2.45 3.13 4.79 9.89 3.7 7.47 7.0 9.62 14.09 12.35
9.65 9.19 10.13 9.55 12.78 13.07 10.77 11.06 5.35 11.57 9.1 4.52 3.28 4.19 3.51 3.5 2.92 3.11 4.37 5.39 7.74 4.74 9.59 3.72 6.56 8.56 7.59 10.97 5.55 8.53 10.06 5.77 4.97 5.43 4.25 4.17 2.94 4.6 4.09 7.06 8.64 6.53 4.94 3.93 3.68 6.42 16.03 13.38 8.51 9.6 9.25 5.48 4.71 7.93 3.8 4.35 4.28 7.48 6.16 5.46 4.57 7.02 9.95 18.56
6.23 6.55 7.24 11.56 7.72 11.22 8.08 11.14 18.93 19.67 14.28 5.14 3.69 3.12 4.19 3.22 3.97 3.23 3.96 8.72 7.14 5.33 8.22 5.56 6.2 19.54 12.33 13.16 13.18 8.55 15.9 7.72 4.41 3.65 3.57 4.62 4.56 4.92 4.76 6.05 4.61 8.25 5.19 5.96 3.52 8.45 11.89 16.56 6.29 7.52 9.35 17.33 6.51 8.51 6.75 5.58 3.89 6.66 6.06 3.73 6.16 7.12 5.77 17.97
3.58 2.89 2.85 12.61 10.4 7.04 7.34 5.17 5.75 7.54 11.01 7.89 6.87 4.27 4.18 2.27 4.3 2.84 3.56 4.49 9.23 7.51 11.37 7.94 11.08 6.91 13.9 8.57 11.65 8.72 31.12 12.19 10.74 8.71 15.33 6.43 4.24 2.49 6.47 10.28 20.13 11.25 7.94 7.06 9.35 5.45 12.94 13.48 8.74 5.08 7.57 13.95 6.07 8.29 22.22 8.4 5.53 8.06 8.43 2.23 6.71 10.08 12.57 19.36
5.32 6.52 4.14 11.18 9.51 12.88 4.57 4.53 4.89 12.51 14.84 7.61 6.35 4.44 2.91 5.94 4.41 3.32 4.11 5.21 12.12 13.85 17.84 10.63 18.44 12.56 12.25 19.97 13.1 7.35 12.05 9.26 13.24 5.69 10.58 8.44 3.05 3.71 3.3 11.28 14.73 13.36 14.64 10.92 12.86 11.11 11.21 24.17 6.42 7.83 10.53 15.86 13.18 9.31 18.49 9.81 7.8 26.28 9.97 5.9 3.68 7.5 5.38 5.9
5.78 9.88 4.71 6.14 9.63 18.84 8.14 6.29 6.13 8.85 7.94 8.12 6.63 3.26 4.11 3.84 3.02 1.82 2.54 2.34 8.87 13.37 18.06 15.36 10.25 10.19 7.93 9.07 11.17 5.55 7.95 11.77 7.35 4.02 8.0 3.97 2.56 3.0 6.95 17.01 25.26 13.63 10.13 17.25 21.21 28.28 14.31 19.89 16.35 9.35 14.41 10.59 14.61 14.75 9.85 12.52 12.7 17.1 11.5 5.46 8.05 5.93 9.63 6.83
8.9 14.46 18.55 17.49 19.04 15.24 12.7 14.39 11.24 11.63 8.14 6.29 6.11 6.92 6.6 2.44 2.89 2.96 5.68 4.5 6.94 13.93 12.56 13.95 9.1 9.85 13.86 16.88 13.69 11.34 7.13 12.8 5.33 7.69 6.8 6.8 8.79 5.81 4.4 7.96 15.42 19.73 12.23 19.27 16.94 15.86 12.53 12.44 10.45 9.24 8.17 7.75 4.79 10.42 8.17 12.42 11.83 13.09 14.19 5.32 9.2 8.56 14.04 11.36
4.06 10.18 25.84 12.21 13.66 21.22 10.32 8.72 8.73 9.69 7.87 3.75 6.43 5.35 5.67 5.6 5.79 6.55 7.46 6.44 5.58 7.93 10.44 8.15 10.0 14.67 10.09 7.25 9.56 7.96 12.53 11.15 6.5 6.39 7.79 8.39 5.95 3.75 6.59 15.02 12.79 13.69 21.67 21.61 20.96 19.75 19.98 16.85 22.7 8.1 5.22 7.51 12.49 10.94 6.82 9.43 18.55 8.4 5.34 4.94 6.69 12.31 13.6 12.23
12.45 11.5 9.76 11.32 23.32 15.07 9.47 14.37 10.31 12.12 10.66 6.75 6.61 3.15 4.26 6.91 5.13 16.04 8.51 7.33 11.97 11.8 9.78 6.19 7.11 9.27 14.35 12.52 12.04 10.68 9.49 12.51 6.46 6.13 8.19 8.8 6.66 7.91 7.06 19.27 14.35 16.51 18.24 19.73 24.07 11.96 16.9 9.47 8.5 7.72 4.14 6.53 8.63 7.0 7.11 6.8 6.71 4.51 2.75 4.73 7.62 18.34 10.96 6.06
10.04 21.63 12.26 6.86 7.22 8.38 14.37 9.79 5.46 6.42 4.92 10.54 6.39 2.61 3.01 6.9 11.59 10.97 9.35 9.4 8.57 5.59 8.88 11.51 9.32 9.54 5.31 9.31 12.38 10.89 8.71 5.75 6.43 7.75 6.25 8.13 6.05 6.77 15.94 8.2 10.05 18.28 16.7 19.96 13.14 14.21 13.0 7.32 5.51 5.15 7.58 3.94 5.05 4.97 3.97 7.55 5.42 6.65 7.68 4.24 11.49 13.29 12.77 9.52
6.57 8.07 7.7 5.18 5.42 9.34 9.37 4.91 4.17 3.43 4.6 15.32 7.05 5.81 4.74 6.87 12.09 14.43 13.75 12.59 4.47 5.18 6.14 14.32 10.04 9.72 9.74 19.4 10.03 7.93 9.35 7.09 3.4 7.9 8.39 8.03 8.15 14.05 7.24 6.15 5.21 11.22 8.97 16.84 9.36 6.59 10.98 8.73 11.53 7.1 6.3 5.96 4.22 6.33 3.92 4.96 5.16 3.59 3.01 9.27 10.97 4.9 5.0 8.25
13.56 5.0 4.51 2.92 7.23 5.96 8.25 5.67 3.99 2.34 6.94 5.0 6.99 8.88 9.78 11.06 6.85 8.37 12.15 8.22 4.89 4.8 9.24 15.09 22.37 8.15 6.68 9.87 7.45 11.02 7.39 2.45 6.25 4.21 6.43 4.88 4.82 13.09 4.09 9.13 10.36 3.79 8.38 12.56 9.14 5.33 6.24 7.28 8.23 11.86 19.73 12.04 17.16 5.31 5.13 5.15 8.9 4.48 4.63 7.9 6.89 5.24 4.69 7.6
9.42 6.79 8.68 5.03 5.56 4.76 5.51 4.56 3.25 3.1 9.09 5.11 11.82 14.82 7.5 6.07 7.53 5.82 5.88 5.08 5.27 4.8 4.18 13.78 16.79 20.24 19.43 12.07 10.74 8.99 5.58 4.2 4.34 7.11 6.03 3.83 4.77 7.14 7.25 6.77 8.96 6.54 12.86 15.36 13.73 8.46 3.69 2.73 3.75 5.36 14.0 11.66 11.73 6.64 6.12 8.06 11.28 4.65 7.58 8.22 15.22 14.0 8.11 10.63
22.31 13.75 5.65 3.26 5.13 5.0 4.74 5.14 6.32 5.87 7.45 4.19 5.06 16.64 14.65 8.93 4.99 6.44 4.57 4.06 5.92 4.26 5.97 14.6 17.76 22.88 33.39 15.64 13.4 14.56 10.8 8.96 4.25 4.77 4.64 3.6 4.4 6.23 4.81 2.69 7.91 5.19 16.64 14.17 15.5 6.98 4.45 3.58 5.37 4.03 9.07 8.49 8.65 5.08 5.59 8.58 9.37 13.11 8.34 7.85 18.88 6.13 7.86 10.42
27.98 21.2 6.64 4.75 6.25 14.84 7.5 6.43 4.97 8.39 9.23 4.79 7.38 12.7 12.34 17.52 6.02 6.43 7.86 7.42 3.5 5.69 6.9 10.04 8.05 19.11 14.12 27.35 28.27 16.91 18.67 11.41 10.04 6.11 5.87 8.41 8.36 3.52 6.95 3.78 4.23 8.37 12.35 20.05 16.22 16.49 9.87 3.16 7.82 7.55 5.77 7.46 6.45 5.33 5.99 8.91 8.95 6.24 10.15 16.75 13.77 11.3 7.85 7.48
42.35 30.37 8.86 5.62 7.87 8.77 4.6 8.13 5.11 6.7 4.3 5.2 6.06 8.83 15.18 9.08 4.32 5.66 5.73 7.1 3.07 5.2 7.84 7.11 14.37 19.26 8.66 29.22 22.38 16.82 16.95 16.11 8.74 13.01 14.88 6.1 6.41 5.04 4.47 4.27 4.18 12.76 10.74 14.18 15.96 9.3 6.64 2.93 5.91 7.86 5.53 11.1 3.48 3.29 5.54 17.39 24.19 13.33 11.64 22.95 14.02 21.86 14.12 7.46
11.85 8.29 5.18 8.43 7.52 5.97 9.46 8.39 6.22 7.3 4.28 14.41 13.38 23.71 17.41 6.4 6.84 5.57 5.87 5.66 5.69 4.69 6.46 4.03 7.38 10.09 10.51 18.32 24.96 18.44 10.0 7.06 6.14 5.39 3.01 7.3 7.4 4.86 5.12 2.31 3.61 3.27 3.94 8.19 10.0 9.78 9.96 3.2 12.77 8.1 5.98 7.76 3.24 2.64 5.53 23.02 30.08 18.3 22.83 15.25 16.89 32.87 29.26 13.11
4.76 7.0 4.35 5.51 4.06 6.22 5.46 5.75 5.83 5.77 4.48 10.24 11.6 20.17 12.09 3.94 6.0 9.09 9.88 8.78 2.89 2.69 4.65 3.95 9.69 8.84 6.36 11.71 15.41 17.15 6.59 5.14 4.83 3.56 5.07 6.75 5.17 3.05 3.71 3.0 2.63 4.93 8.77 4.08 5.51 5.43 6.97 7.19 18.15 19.72 14.71 5.86 2.48 1.12 5.45 10.36 26.07 24.95 20.44 14.94 21.21 28.65 23.93 21.05
7.55 9.78 6.91 7.43 5.82 11.48 5.47 7.47 3.53 2.35 3.83 9.73 7.12 12.04 7.09 6.37 4.15 13.43 16.68 8.5 3.97 5.08 8.9 9.7 9.5 8.51 4.23 5.78 8.94 14.61 7.63 3.45 2.41 3.65 6.16 5.31 4.3 5.83 4.1 6.72 4.81 2.78 3.54 2.17 3.33 7.47 3.82 5.93 8.3 12.87 12.16 3.97 2.82 2.43 4.53 9.53 9.37 18.2 12.83 10.84 20.45 26.87 38.04 47.95
9.39 6.22 9.68 4.79 7.84 9.1 11.85 6.92 3.16 7.8 6.31 6.99 6.81 12.33 6.65 6.83 4.46 4.29 13.74 11.26 4.29 5.44 4.99 8.76 6.69 7.24 9.8 4.78 6.15 6.17 5.89 5.7 2.82 4.65 5.13 9.93 15.24 5.43 4.84 6.63 6.14 7.84 4.47 4.75 4.03 6.85 4.73 4.19 8.77 20.9 18.48 7.4 9.48 5.93 3.99 9.62 6.66 11.84 17.32 16.21 38.65 38.2 48.64 37.96
13.79 6.31 16.29 4.95 15.03 14.61 8.0 12.34 8.38 7.85 10.43 8.42 10.62 9.74 12.88 17.46 9.3 14.75 20.44 5.76 4.57 5.5 7.99 4.94 4.75 8.24 9.8 2.7 4.83 3.58 13.63 8.66 4.13 4.09 5.13 6.13 8.29 8.21 10.06 15.37 6.78 4.67 3.85 3.68 2.74 2.47 3.44 6.62 11.87 10.8 11.44 4.54 3.84 3.84 2.98 5.26 5.62 8.91 5.27 14.54 26.3 20.85 26.86 18.89
25.44 10.08 13.95 14.84 8.84 11.42 7.82 6.6 3.97 6.76 6.59 2.75 6.07 5.36 6.04 7.99 10.74 24.12 18.39 4.81 3.56 4.0 10.1 5.18 2.63 7.39 10.77 6.82 7.19 4.32 5.34 5.78 5.98 5.55 10.96 12.27 10.71 5.23 9.64 20.57 11.01 4.37 3.24 6.25 2.94 3.31 2.44 4.19 4.9 6.01 4.51 8.33 6.09 5.46 8.07 3.02 5.05 4.8 7.51 18.63 26.28 36.88 44.56 25.53
12.29 15.73 10.02 10.26 9.0 14.0 14.13 5.37 4.12 4.58 5.4 2.42 4.61 4.21 8.24 14.03 22.6 13.31 9.07 4.86 5.73 5.66 13.71 8.47 6.57 4.45 4.7 16.81 16.88 5.35 6.24 8.63 9.32 8.4 15.4 16.12 8.04 6.84 15.14 12.98 9.95 6.32 1.52 2.8 2.37 3.28 1.94 5.28 4.09 4.15 4.54 5.29 3.02 4.51 6.71 2.98 4.61 8.9 9.46 7.63 8.54 16.14 17.63 25.92
9.09 25.04 9.75 16.81 16.68 4.91 5.07 1.9 6.43 4.7 6.24 9.55 3.72 8.2 7.2 13.18 15.97 11.73 10.14 6.73 4.12 6.79 4.16 3.88 3.14 3.3 8.85 16.9 11.68 4.89 4.59 8.96 9.06 13.63 11.05 14.66 5.8 7.57 6.7 8.02 9.06 5.74 1.88 4.58 2.59 4.55 2.47 7.13 10.85 6.63 4.49 3.02 2.47 9.09 7.56 5.34 3.68 4.88 6.13 8.42 7.62 11.74 16.84 29.66
13.08 13.66 14.06 8.2 7.96 5.02 6.17 4.21 4.15 5.01 5.32 4.76 7.88 8.54 17.57 9.96 14.84 11.15 12.38 6.81 6.62 11.13 9.44 10.29 7.76 5.04 11.03 23.22 15.75 14.86 7.52 8.96 16.34 7.44 11.21 6.13 7.52 9.72 7.68 14.76 10.28 5.96 5.2 3.96 2.48 1.73 1.73 7.03 16.07 19.39 4.04 2.35 2.04 4.3 4.07 5.23 4.32 4.01 5.27 6.43 7.06 11.29 6.03 7.69
6.89 7.92 14.67 11.19 6.85 4.73 2.57 4.4 3.49 3.7 5.95 7.45 9.15 5.41 7.63 8.38 9.54 6.01 7.59 5.21 10.6 12.6 8.16 9.83 11.41 8.33 10.05 14.94 14.54 6.91 8.46 7.93 5.15 9.18 10.09 4.03 7.06 10.64 5.49 7.53 5.69 3.63 4.91 2.54 4.85 2.6 3.12 7.28 7.79 9.36 3.8 2.49 4.5 11.21 6.92 6.4 3.32 5.39 8.16 5.14 5.95 8.54 9.18 8.13
5.97 6.41 9.32 7.92 6.39 5.09 10.21 7.15 3.75 3.98 5.93 6.11 8.65 8.21 9.07 7.32 12.83 4.82 4.72 4.86 5.41 7.87 10.52 13.46 7.38 7.72 17.48 10.62 11.84 6.15 6.73 7.69 6.65 13.58 7.75 5.21 6.92 4.71 8.14 13.29 8.91 6.23 6.48 10.2 5.07 4.53 8.95 7.55 6.82 11.45 6.3 2.87 4.21 4.42 5.49 6.73 9.55 12.09 11.3 6.66 7.48 6.43 10.64 9.12
6.01 25.48 15.13 6.89 6.52 7.52 5.65 7.62 4.3 2.82 4.83 5.51 9.5 5.18 3.63 6.52 4.63 7.04 6.27 3.13 3.97 7.26 11.71 11.07 7.65 5.95 6.81 10.04 11.61 11.05 10.55 9.51 6.26 5.01 5.74 10.81 5.28 6.18 14.91 10.28 4.56 4.25 2.91 7.23 7.25 6.45 8.1 6.26 6.43 6.0 5.24 4.7 7.02 6.34 9.97 3.97 6.33 13.59 8.93 16.52 19.69 13.26 11.0 13.27
12.29 14.68 16.52 6.35 7.47 4.67 9.12 12.65 11.66 4.4 3.94 4.47 6.71 5.74 3.05 4.71 5.99 7.08 7.41 5.43 8.58 4.58 8.82 9.37 13.23 6.48 5.45 6.96 6.64 14.47 12.46 7.4 6.31 9.67 9.34 10.21 8.71 9.28 12.17 14.56 10.33 5.84 2.99 3.46 3.37 4.2 6.83 4.68 9.09 3.91 3.89 6.82 6.57 7.65 7.23 3.8 7.34 8.01 10.2 17.94 12.64 14.19 14.34 11.35
6.68 12.34 19.5 19.05 8.53 6.05 11.48 8.72 16.57 13.33 8.64 7.71 5.88 6.99 5.15 5.62 6.72 6.45 6.21 7.1 9.39 9.32 6.78 6.35 10.14 15.31 6.09 8.07 6.87 9.71 10.1 5.27 5.27 9.14 10.98 19.72 11.58 13.71 23.8 33.53 14.9 4.03 3.75 5.46 3.93 7.42 8.08 4.28 4.62 2.2 1.91 5.11 7.12 8.48 5.74 3.92 5.03 6.09 12.5 11.17 8.73 7.96 7.89 12.08
7.14 16.63 19.8 13.57 9.06 5.17 12.22 7.17 24.49 9.46 12.92 10.61 6.7 8.08 5.2 6.02 13.41 7.64 9.15 9.27 8.3 15.72 6.75 9.72 13.71 13.57 11.72 9.21 13.03 6.34 7.29 4.26 8.65 13.53 15.64 12.99 7.92 10.12 21.19 21.19 19.63 5.86 4.51 3.3 4.22 6.79 11.97 6.45 5.47 2.66 5.46 5.71 8.2 4.58 5.81 4.02 4.0 2.23 4.28 5.15 9.17 6.42 6.69 7.83
7.67 10.55 16.37 20.44 7.74 9.35 10.02 9.49 5.3 12.95 13.31 10.42 5.97 6.6 5.14 7.36 11.36 11.05 3.82 15.36 13.21 10.92 9.51 17.17 17.69 14.33 10.89 12.33 7.59 10.76 6.6 8.7 11.99 16.79 35.31 28.87 17.83 15.58 12.47 19.57 13.88 9.38 7.96 4.54 5.47 8.95 8.73 15.8 6.89 8.73 8.03 11.09 15.63 15.36 17.06 4.89 3.19 4.95 2.93 3.67 4.3 5.5 10.5 12.49
15.06 12.95 12.73 14.93 12.51 16.86 14.24 8.33 8.53 20.1 17.97 13.56 7.52 5.27 4.01 10.64 6.39 6.76 7.7 10.73 14.22 6.02 8.41 14.47 14.35 17.94 9.7 12.27 15.91 5.82 4.8 8.13 4.08 9.73 24.45 27.96 23.54 17.95 21.08 13.23 16.9 33.65 10.45 5.97 8.04 13.83 10.92 18.38 11.36 8.04 9.58 9.91 13.34 14.69 11.44 4.84 2.18 8.9 3.3 2.79 6.48 4.12 3.8 6.9
15.06 19.47 11.35 11.42 13.31 13.26 23.64 12.17 10.66 12.94 14.59 19.53 10.32 7.01 4.17 5.09 5.16 2.2 3.66 9.38 10.09 9.39 6.89 6.94 10.81 15.98 10.83 11.25 10.87 5.32 3.23 2.74 2.75 12.36 11.75 7.83 22.79 13.24 22.93 18.67 14.67 19.59 14.65 23.55 15.96 7.0 7.51 15.79 14.39 15.58 8.07 10.4 11.34 14.5 5.73 6.41 9.25 8.52 5.5 5.41 9.85 6.34 7.24 5.57
14.57 16.51 35.71 24.54 17.83 14.45 10.55 12.11 10.16 14.19 18.58 16.59 20.25 9.52 6.64 3.91 5.3 6.75 10.23 10.06 11.92 9.04 10.0 7.12 11.92 13.61 6.26 7.85 8.09 3.91 4.15 4.29 7.23 7.68 11.87 5.68 10.34 5.24 13.42 10.1 11.78 9.78 16.81 9.38 11.52 4.45 8.66 7.93 11.14 10.51 6.89 17.67 10.41 5.22 6.64 4.77 10.85 5.69 8.2 8.38 5.94 8.08 4.32 3.7
9.22 12.69 19.76 19.19 18.45 21.98 12.97 9.52 5.48 14.01 14.94 15.86 10.61 9.19 6.85 10.19 5.59 7.94 6.95 11.96 5.44 5.58 4.38 7.76 12.12 4.32 4.98 4.79 5.94 5.1 2.09 2.41 5.54 8.75 10.74 6.48 8.55 11.73 6.18 7.98 10.89 8.65 13.77 7.95 13.33 5.51 8.16 7.14 7.11 7.4 3.52 7.15 7.9 5.59 3.97 2.98 8.39 9.5 5.47 9.13 3.77 5.27 2.3 5.18
6.45 5.52 6.45 13.27 15.7 19.69 13.57 11.2 7.81 10.96 23.15 18.16 8.88 7.81 4.9 7.37 8.51 11.47 12.77 6.21 5.72 7.81 10.38 8.49 12.65 10.42 5.01 5.31 8.24 4.89 3.31 3.06 9.05 9.85 8.84 6.05 8.37 8.71 9.2 8.8 28.61 6.25 9.89 5.21 5.44 12.05 9.33 7.86 6.12 5.83 7.78 5.08 5.74 5.34 2.08 2.29 5.86 10.68 5.88 6.72 2.9 1.7 1.98 4.35
4.0 7.61 2.46 4.79 5.01 8.45 6.1 5.3 8.24 13.56 12.28 16.15 3.93 6.67 6.13 12.68 10.48 11.83 16.75 5.39 4.35 10.19 6.27 12.84 11.02 9.44 6.01 4.35 4.5 2.8 2.57 6.59 8.89 16.37 17.53 4.56 3.92 7.13 7.83 5.56 7.77 10.07 7.63 4.52 3.82 9.92 10.7 10.5 7.72 5.21 6.71 5.5 4.61 7.11 3.43 6.14 4.34 9.21 3.81 4.67 2.41 2.76 3.08 4.34
4.21 3.46 4.99 4.54 7.13 2.59 4.46 6.69 6.38 7.55 9.36 6.64 3.03 4.38 13.17 12.1 6.86 8.92 13.21 8.35 10.89 10.11 11.54 10.4 16.48 4.93 6.14 5.12 2.54 2.97 8.92 7.92 21.62 14.9 21.17 6.31 15.47 8.8 6.61 7.08 9.98 10.24 8.77 4.65 6.08 6.45 10.5 8.89 10.97 7.48 7.6 4.65 7.86 6.51 3.58 3.53 4.11 3.89 5.08 2.92 2.16 1.74 1.79 2.87
10.86 6.65 3.44 5.43 5.18 6.72 3.55 3.11 7.13 10.1 10.56 9.89 2.62 4.64 9.95 12.12 6.67 11.06 12.62 11.26 9.98 16.09 9.76 11.71 6.54 7.65 4.45 8.19 7.49 3.71 4.69 11.21 19.55 26.18 15.37 12.85 10.98 6.29 5.78 11.4 9.06 11.5 8.88 5.6 4.64 7.84 9.95 8.0 14.37 14.78 7.57 7.04 4.15 3.19 4.49 3.16 3.61 5.15 6.0 2.31 1.66 1.91 2.1 2.52
22.51 14.69 3.99 3.41 3.37 4.77 5.73 4.98 9.59 10.14 11.26 4.97 4.49 5.46 13.08 26.58 18.41 15.74 13.7 13.48 11.55 14.23 8.49 6.92 5.03 6.31 8.27 9.84 5.09 4.05 6.67 15.34 15.32 16.92 12.91 12.16 6.22 5.81 3.09 4.27 11.35 9.38 7.12 3.33 4.4 7.83 9.0 6.6 10.05 17.38 14.3 8.57 6.26 4.09 3.27 2.75 5.2 7.13 5.35 2.75 1.28 1.05 2.27 3.93
20.95 18.69 5.61 8.37 5.34 8.25 4.94 6.13 5.79 5.01 9.81 4.09 5.06 13.32 24.4 33.57 22.41 24.12 30.17 21.43 15.15 25.24 10.08 6.16 3.53 7.37 7.48 11.45 4.68 4.91 5.05 15.09 11.7 13.45 8.42 10.51 10.04 6.35 4.93 3.34 3.78 8.13 4.97 4.34 7.4 8.22 5.8 8.64 11.3 14.16 9.7 7.49 7.63 7.2 3.83 3.14 6.55 3.57 2.63 1.52 0.84 2.33 3.38 3.21
12.08 15.98 9.86 6.93 6.0 2.59 4.19 4.65 14.49 7.62 5.07 3.33 7.33 4.39 15.7 19.25 25.89 18.17 23.16 18.01 17.44 19.75 11.22 3.31 4.72 5.96 11.02 4.85 3.4 5.86 5.29 10.34 15.66 7.02 5.41 3.96 8.16 5.26 5.53 4.56 2.29 7.49 6.4 5.91 5.67 5.24 4.77 5.8 14.82 20.93 11.76 6.61 9.51 8.16 7.27 3.41 2.74 2.74 1.88 1.49 1.55 1.88 3.89 5.27
6.43 8.36 6.22 7.96 5.73 2.26 2.33 5.51 5.58 3.95 5.19 5.37 6.18 6.26 11.94 15.82 12.21 10.68 25.19 16.82 13.22 11.03 8.27 4.69 5.96 6.25 5.54 5.39 2.39 6.57 5.74 11.4 16.63 8.51 2.59 3.57 4.62 8.64 8.18 8.16 3.75 6.17 6.83 7.51 5.86 9.37 11.61 7.29 10.46 17.56 10.36 16.19 17.2 9.4 7.74 6.48 3.51 2.95 2.68 2.09 2.35 2.27 6.81 3.82
