25.01 12.45 19.42 16.01 9.79 13.82 8.54 17.69 11.42 5.4 8.13 6.78 10.59 17.83 17.65 16.27 7.38 7.83 9.45 10.98 7.86 8.31 12.1 10.15 14.1 8.0 3.4 6.38 15.25 10.29 6.97 8.24 10.65 11.38 6.36 3.54 8.15 4.71 4.23 6.03 2.13 2.64 1.18 3.14 5.26 4.68 6.1 8.47 19.21 10.04 9.62 12.9 17.1 11.11 11.24 17.21 13.51 15.95 11.56 9.65 6.53 6.1 5.58 5.94
12.03 11.0 6.87 6.99 5.69 8.09 9.51 10.01 8.12 3.36 4.12 8.76 9.62 10.15 8.23 12.44 14.58 9.17 9.3 8.33 7.01 8.76 12.17 15.36 8.9 5.88 6.74 8.26 5.94 4.79 7.01 5.84 6.52 13.06 13.42 9.68 9.39 8.94 10.99 10.46 4.51 3.68 3.45 3.34 4.96 7.62 8.07 16.05 16.66 12.61 10.91 11.66 8.88 12.66 8.06 8.27 12.18 8.86 5.91 9.31 11.94 6.61 3.72 4.99
6.42 12.3 10.37 4.95 11.24 10.6 7.35 11.78 8.24 6.0 7.12 6.33 7.76 8.55 13.76 8.39 8.69 14.96 5.73 5.44 3.56 7.73 10.84 6.35 10.1 8.85 7.43 9.66 7.18 4.42 4.31 6.17 8.79 19.41 15.42 9.76 8.9 6.41 11.99 6.3 3.36 3.47 3.42 6.61 4.99 4.78 6.03 15.83 13.55 14.19 13.89 12.28 10.05 11.19 8.7 4.91 4.94 3.6 7.65 4.12 5.97 4.7 2.65 2.83
9.79 7.69 10.74 5.28 6.87 10.32 15.68 10.05 7.42 10.16 8.38 10.13 6.64 4.33 4.91 9.08 3.77 7.24 5.34 3.25 4.42 5.59 6.28 5.55 8.71 9.16 15.55 9.99 5.47 7.01 8.9 7.61 17.03 16.56 16.2 8.63 6.06 15.12 14.35 9.12 7.91 3.44 3.71 3.87 3.45 4.63 6.45 4.89 10.07 23.18 12.04 9.78 11.02 15.91 11.85 9.06 6.26 4.38 5.47 4.9 4.58 3.53 5.33 4.7
7.71 12.54 6.85 8.17 10.66 8.32 24.26 12.44 11.67 11.12 9.04 9.03 8.35 5.38 3.86 4.43 4.17 9.46 6.38 3.65 9.5 4.99 7.1 10.87 14.26 10.79 10.43 8.51 10.31 5.0 4.73 8.07 9.58 8.91 6.47 5.17 5.98 22.15 14.15 6.35 6.14 4.41 3.62 4.02 5.42 4.95 6.31 6.15 11.07 15.44 12.43 7.66 5.59 5.11 10.59 4.78 3.07 4.49 4.45 3.99 6.64 6.81 8.45 4.54
18.97 6.03 5.31 4.54 7.97 17.02 18.46 11.08 6.52 5.81 8.53 16.43 8.23 5.11 6.37 8.59 5.58 4.71 3.4 3.9 4.54 7.15 6.73 7.24 8.94 9.4 17.42 5.96 12.71 7.88 4.77 6.97 10.5 12.09 7.5 5.82 7.88 11.64 13.4 8.7 7.13 7.61 4.33 2.86 4.88 7.16 6.59 7.16 8.93 13.77 7.51 10.69 14.21 7.61 6.93 8.84 3.99 6.1 6.68 5.59 13.31 10.32 3.66 3.83
11.74 8.22 5.07 6.42 8.11 13.14 9.46 10.25 6.1 6.88 13.19 7.86 10.62 8.0 2.63 5.56 8.36 4.13 3.67 3.21 5.04 6.12 5.75 4.86 9.12 8.13 5.78 17.79 8.14 6.17 6.98 12.11 13.73 17.49 10.5 9.24 8.51 16.34 19.71 23.42 8.01 9.79 5.58 3.09 8.15 3.65 7.02 13.45 17.38 10.58 7.84 14.93 10.41 15.92 7.22 5.18 7.18 6.1 7.9 8.22 4.37 10.09 7.23 4.95
13.89 11.67 4.72 6.11 6.32 13.65 7.58 4.29 7.53 6.57 4.92 7.64 7.67 2.53 3.14 7.63 7.73 5.59 6.01 3.54 5.41 10.32 5.97 7.31 3.29 11.5 5.98 7.35 11.75 7.15 10.92 11.81 10.06 7.9 8.97 12.82 13.67 14.31 9.61 9.05 8.66 9.03 5.94 2.87 8.66 13.65 10.45 25.16 17.76 19.11 15.32 18.25 15.19 9.41 12.2 8.06 4.03 6.18 6.1 7.44 4.66 6.49 7.1 9.81
20.83 13.74 7.55 3.61 4.73 15.42 8.67 7.71 11.83 5.29 4.87 4.87 7.77 5.07 4.76 6.78 12.82 12.96 5.74 7.16 4.44 5.22 5.71 6.34 7.78 8.79 4.85 7.11 14.55 6.67 8.34 12.2 16.16 10.91 10.13 4.85 11.49 16.34 9.29 8.78 3.64 8.41 8.1 5.6 6.54 11.45 15.07 13.31 17.42 8.88 16.2 9.66 7.91 17.35 10.13 7.51 5.94 5.55 6.1 6.63 12.12 5.4 7.04 6.16
9.25 11.39 4.78 1.49 4.33 6.57 7.59 6.29 5.63 2.75 6.11 5.83 5.75 5.02 4.17 7.72 6.75 11.15 6.4 3.01 2.73 3.64 3.21 3.56 10.55 12.66 5.37 6.56 9.9 16.3 10.56 8.55 9.9 6.42 11.77 5.95 12.8 11.9 11.2 5.41 7.61 9.42 7.36 5.73 20.66 11.33 12.8 14.44 22.56 15.78 11.29 12.6 6.8 6.96 6.58 19.37 5.0 5.21 12.71 9.27 9.99 8.04 5.81 6.14
12.36 8.17 4.16 4.25 4.53 9.44 8.21 4.5 6.8 4.08 3.22 5.48 6.16 3.95 5.91 5.06 6.47 5.65 6.04 1.99 3.56 3.83 7.2 7.8 6.89 10.25 20.37 17.23 13.41 10.03 7.65 10.15 6.51 3.86 6.5 9.05 8.99 18.82 12.51 6.76 5.42 9.45 12.29 11.85 9.62 16.6 21.08 19.33 23.78 21.45 8.41 7.72 9.63 6.25 9.84 7.32 6.8 4.94 8.03 4.15 5.45 5.09 3.51 3.48
7.72 4.95 8.35 5.88 11.66 17.28 18.29 9.2 6.34 7.49 6.03 3.92 1.71 5.76 5.85 5.77 2.8 5.25 7.47 6.17 3.69 10.06 8.46 7.37 8.19 8.38 14.01 7.85 7.43 5.96 6.2 3.93 2.65 5.03 14.35 8.55 8.96 11.75 12.9 11.55 7.27 11.98 13.74 21.13 25.82 24.69 12.92 14.26 21.96 13.43 9.67 8.82 4.03 5.37 7.18 8.24 3.96 11.66 8.35 6.93 3.89 7.52 6.27 5.99
3.57 9.04 6.79 19.78 15.38 13.73 17.58 13.51 6.84 6.81 6.26 2.76 4.27 6.49 6.35 4.58 3.09 5.75 12.9 6.74 8.64 11.57 12.16 7.71 8.41 8.62 14.54 10.78 2.86 9.71 3.02 3.97 2.6 4.61 9.5 15.38 5.74 13.17 11.84 8.97 6.06 18.2 32.68 17.49 36.91 21.13 18.7 15.14 13.36 12.52 12.09 5.35 4.59 4.72 7.85 9.89 7.93 9.86 10.26 4.88 3.88 10.88 6.98 12.59
7.54 8.01 7.07 14.9 29.55 15.51 14.29 11.58 10.54 13.5 9.98 11.29 6.32 10.68 5.07 2.49 4.01 6.23 8.36 8.45 6.66 6.42 7.65 9.32 15.38 11.66 7.8 8.94 4.17 4.25 3.54 2.56 2.9 6.6 11.23 7.41 6.11 9.92 11.08 8.76 10.17 5.14 13.17 12.88 15.44 23.44 12.14 17.4 8.21 6.91 15.59 7.74 9.38 10.76 14.86 23.87 6.21 8.09 5.17 3.8 2.38 4.07 6.84 10.01
6.51 5.62 3.97 8.35 22.45 12.1 9.14 15.15 32.15 10.47 12.55 17.18 13.95 7.05 6.2 4.71 8.0 8.56 11.96 11.02 9.97 4.88 8.85 9.93 9.48 6.24 3.68 6.04 3.04 2.58 2.43 3.32 4.49 7.19 9.93 7.89 8.04 10.84 11.52 7.36 7.1 5.89 13.75 15.6 16.73 18.23 12.8 16.05 20.71 8.01 19.29 8.96 16.97 18.19 8.91 7.37 7.04 4.94 3.26 2.9 2.63 5.19 4.86 13.39
5.8 2.93 7.27 11.14 7.35 9.03 7.49 7.14 19.6 13.82 13.56 9.67 9.61 10.05 9.09 3.57 10.8 15.78 9.84 9.31 8.31 4.64 2.84 7.83 6.53 4.75 2.39 4.35 6.31 2.14 3.12 3.47 5.6 5.23 6.78 8.52 7.03 2.97 4.28 10.12 12.27 4.0 11.59 12.78 9.97 12.93 12.29 15.68 25.25 23.76 12.42 20.64 10.47 11.14 12.84 5.92 9.31 5.85 4.34 4.59 2.88 4.78 5.54 9.99
6.22 8.0 5.74 10.85 6.87 4.03 5.31 9.51 25.22 13.97 21.68 10.37 13.37 14.71 11.81 8.37 5.14 8.2 11.35 8.5 8.75 6.4 4.41 6.36 4.12 4.27 5.87 3.5 3.67 3.11 4.05 5.83 5.36 5.04 4.1 7.12 5.99 7.39 3.31 5.81 12.1 8.43 7.28 11.98 14.3 11.21 15.48 24.02 24.28 19.57 11.69 19.86 11.06 4.3 4.87 5.26 13.69 6.68 5.4 4.58 2.82 4.47 3.89 5.81
8.27 11.66 4.8 4.98 4.07 3.58 7.61 7.01 16.8 20.86 10.99 16.41 16.53 36.22 16.76 11.32 4.14 7.13 13.58 8.73 6.03 10.48 10.5 10.36 11.81 4.82 4.26 3.07 4.31 4.47 3.68 5.01 3.21 4.79 4.18 5.9 2.46 3.86 4.98 5.18 6.52 4.8 14.04 12.25 16.9 24.76 13.98 21.74 35.96 29.27 17.05 11.47 4.66 4.12 2.93 4.08 5.96 4.8 4.19 3.53 3.29 8.22 6.19 7.55
3.05 7.61 5.81 4.45 2.63 3.29 4.42 3.68 6.6 14.71 8.55 13.13 13.07 19.62 27.94 9.39 8.25 8.77 9.64 6.82 7.46 6.86 12.84 10.94 15.15 9.63 5.6 6.17 2.77 4.57 4.82 4.62 4.2 4.21 4.68 8.24 2.66 4.16 3.75 2.96 6.87 15.49 10.75 7.41 13.65 17.3 18.1 11.46 11.16 19.35 29.19 13.4 5.94 4.51 4.87 5.97 8.08 5.64 11.82 6.87 6.25 8.07 5.69 6.89
7.95 10.25 7.28 2.92 3.06 5.96 4.82 5.12 5.67 9.97 11.58 7.28 9.61 12.65 32.24 21.33 7.32 9.58 9.03 9.21 7.45 8.95 8.78 11.92 18.92 6.66 4.23 6.01 6.69 4.46 2.07 2.12 3.73 3.42 4.56 3.09 1.93 4.27 4.51 2.56 3.36 6.92 13.47 8.51 9.21 14.66 18.33 9.22 7.58 7.81 15.89 11.15 6.14 7.56 9.07 7.81 4.66 10.36 12.67 8.08 5.68 7.01 6.13 3.95
7.19 9.5 10.03 5.13 2.01 2.77 5.32 8.54 4.8 3.17 12.54 10.37 6.28 9.45 20.79 16.56 13.83 6.99 10.95 9.7 10.29 6.98 7.65 7.47 13.37 8.9 4.81 4.46 3.99 2.91 2.78 1.6 1.37 4.54 2.39 2.77 2.25 5.41 2.55 3.66 5.02 5.45 12.37 6.9 11.63 11.34 18.56 8.94 10.5 6.06 7.87 13.6 15.38 17.51 11.65 9.59 8.48 5.19 5.08 11.55 6.74 4.14 3.37 2.34
10.15 10.41 11.67 8.86 5.65 4.51 4.15 9.14 7.2 6.73 5.55 6.79 7.89 7.87 8.77 9.29 12.29 9.08 15.25 8.4 8.54 10.36 4.39 9.78 10.33 3.31 3.9 4.52 3.9 1.62 2.05 4.05 2.73 4.14 4.82 4.46 4.81 4.75 6.97 3.85 5.02 8.88 13.45 17.52 8.61 9.24 7.7 8.31 8.37 5.67 7.56 9.49 13.63 14.19 8.1 5.54 5.01 6.34 5.91 10.22 8.93 4.8 3.22 1.34
14.85 14.07 19.44 13.15 4.72 11.09 7.52 7.36 10.23 8.45 8.45 5.74 6.16 7.13 9.71 5.89 9.6 11.91 6.94 9.42 6.8 4.34 5.65 8.58 6.06 8.02 4.43 3.91 5.69 4.09 2.91 7.51 10.9 5.05 5.86 5.87 9.5 6.43 5.52 7.97 8.56 12.55 15.51 21.69 7.81 8.95 11.54 14.43 28.8 7.6 6.51 13.93 8.24 8.76 20.27 8.33 5.69 4.19 3.66 6.29 5.23 4.72 4.73 1.97
8.2 9.36 8.64 18.93 15.17 5.87 7.8 7.96 5.72 9.52 8.25 7.27 6.11 4.37 4.78 4.98 7.32 6.27 8.31 3.34 4.36 5.67 5.31 11.9 12.55 9.36 8.25 9.01 8.46 6.62 4.74 5.69 10.37 10.05 4.07 5.18 5.79 13.56 7.9 4.45 7.24 15.27 12.25 14.93 13.3 8.75 15.82 19.47 28.42 10.75 6.82 6.13 13.07 10.2 15.1 12.63 4.62 4.36 2.37 2.76 3.74 4.29 4.31 2.94
5.32 6.4 5.37 10.23 10.37 4.47 8.46 9.82 5.85 10.92 5.64 8.91 5.54 3.25 3.7 4.24 4.21 3.89 3.35 2.99 3.91 5.79 4.51 6.06 13.6 7.46 8.3 4.57 7.18 4.91 3.49 6.97 11.19 7.74 6.03 5.11 3.23 8.31 6.7 3.14 7.59 11.09 11.77 19.44 16.27 24.01 14.51 26.57 18.33 12.11 9.74 8.86 6.8 5.55 8.87 9.56 4.9 4.14 3.87 3.46 5.73 5.31 5.71 5.63
11.86 6.9 8.9 4.72 9.43 7.0 8.87 14.01 17.47 11.92 9.53 10.25 8.7 7.78 3.93 4.03 6.47 6.12 3.58 5.15 4.37 4.8 6.6 9.57 10.72 5.32 7.0 12.4 6.06 5.03 5.64 9.4 7.65 12.61 6.18 2.68 2.73 7.37 8.08 5.51 5.94 7.31 15.2 13.57 18.17 7.84 9.35 23.41 16.0 9.88 13.3 8.46 5.92 8.46 10.44 6.05 6.19 10.35 8.32 3.27 4.42 10.64 4.21 5.86
6.53 13.33 8.65 6.34 4.73 8.13 20.99 22.49 10.59 9.66 11.4 10.37 2.79 10.49 5.32 2.75 5.13 6.15 8.97 2.86 7.51 12.22 17.44 9.0 8.85 7.31 11.17 15.61 9.9 9.91 9.38 7.34 6.43 6.91 6.1 7.75 4.4 6.09 5.67 6.11 8.05 8.19 13.13 12.67 13.25 12.03 6.45 14.45 10.19 10.86 12.48 11.72 6.21 8.16 22.34 8.92 9.08 11.77 19.63 12.13 4.69 6.31 8.79 4.43
19.71 11.21 12.86 9.96 9.13 7.13 17.06 14.85 9.24 10.66 11.29 9.3 6.14 7.88 6.25 2.33 3.67 6.67 7.04 7.61 6.14 14.46 22.5 17.7 7.2 7.5 25.69 16.56 10.21 6.17 6.98 5.23 4.39 16.07 7.84 3.68 8.05 5.16 4.71 3.86 9.22 23.77 43.48 25.65 11.06 9.46 8.99 8.24 8.87 9.15 13.92 9.75 10.86 6.86 9.08 12.48 10.33 15.56 18.14 12.97 5.29 3.68 6.94 6.51
15.94 18.33 11.14 6.68 8.26 9.39 11.56 17.41 18.26 17.68 28.09 16.11 13.27 14.58 4.23 5.76 5.26 4.77 4.81 4.23 6.54 10.28 13.33 8.7 19.91 6.77 8.7 11.87 9.91 9.55 7.53 3.37 4.39 5.86 10.71 7.05 4.53 8.75 6.44 8.62 8.17 24.76 49.5 28.41 9.14 3.83 6.11 6.5 7.02 12.28 21.8 19.76 14.31 13.0 20.44 17.89 14.87 16.94 20.35 6.45 6.72 4.28 3.48 6.04
9.74 8.43 8.69 9.04 5.45 4.13 7.29 28.83 27.06 16.35 17.49 18.84 22.29 9.15 9.49 6.74 6.15 4.75 3.55 3.36 6.24 8.96 8.68 7.27 7.4 14.51 10.04 7.12 9.11 17.22 5.47 5.62 5.83 4.42 9.02 16.71 7.33 14.55 10.65 5.11 14.21 8.03 13.57 11.8 7.24 7.63 5.77 8.12 10.84 12.54 16.91 32.05 17.8 13.96 24.78 27.69 22.93 15.89 7.87 6.17 6.08 5.26 6.48 6.5
17.19 18.57 10.12 10.09 9.83 8.75 6.65 24.05 14.12 11.79 14.48 21.73 18.62 8.02 10.19 5.33 3.97 5.23 2.78 3.73 5.15 6.8 3.36 7.6 11.94 13.35 15.6 7.78 9.26 7.76 7.8 6.18 6.91 5.23 5.68 11.06 7.45 7.75 7.01 5.55 5.61 6.48 6.32 13.75 8.22 9.89 5.28 7.59 12.28 13.34 16.88 36.75 26.9 33.01 24.35 35.08 15.05 10.29 12.69 5.23 8.66 4.22 3.09 4.73
14.12 11.92 9.85 6.75 8.6 7.31 8.6 18.0 19.74 7.31 11.26 19.21 17.14 5.46 5.17 8.62 5.87 8.01 4.46 5.19 4.96 10.05 5.32 9.18 15.62 8.33 10.24 10.02 5.3 7.3 11.13 12.09 5.32 6.61 5.17 5.52 5.89 5.82 8.53 9.11 10.84 7.46 5.74 13.71 13.1 6.96 8.16 3.01 9.77 8.04 7.19 21.89 23.56 21.38 16.63 29.09 16.87 7.81 9.11 6.76 5.91 5.17 4.74 5.22
9.91 8.93 6.57 5.66 6.36 7.73 4.72 6.96 9.09 10.74 10.4 11.0 6.98 6.41 2.83 3.54 5.24 6.48 7.02 6.72 11.02 11.66 6.44 6.68 17.25 9.74 12.34 7.88 5.13 4.5 10.08 6.7 4.79 3.76 2.99 5.14 7.3 3.28 7.48 13.67 6.82 4.29 5.34 7.41 14.27 10.63 7.43 9.92 3.42 4.7 7.24 11.57 12.44 23.68 14.77 13.43 17.6 4.68 7.6 7.18 6.37 4.28 10.76 5.23
10.95 4.92 17.72 7.27 6.67 6.21 8.45 7.25 10.08 10.65 18.08 9.46 4.06 6.22 5.53 1.87 4.49 6.81 6.39 12.42 10.18 16.0 16.17 8.03 10.8 12.03 9.23 6.93 5.58 5.6 4.41 6.22 4.54 3.7 5.3 3.77 6.88 6.14 7.23 5.5 6.23 3.64 4.71 7.94 10.15 7.96 8.44 4.97 5.75 2.29 5.08 13.25 21.53 15.36 11.46 26.05 7.46 6.08 7.75 5.14 5.73 4.94 7.31 4.87
8.17 9.87 17.67 6.9 5.02 6.94 5.07 11.71 12.59 17.07 7.16 7.36 4.17 5.81 7.44 5.64 10.59 7.54 12.34 25.09 19.45 13.6 32.58 14.34 12.01 6.58 6.58 3.63 3.7 5.42 7.52 4.35 4.07 4.0 3.64 3.28 2.04 4.73 6.3 9.43 6.25 8.71 8.96 5.15 5.92 14.48 7.64 6.94 7.75 3.43 2.84 5.87 9.39 15.77 14.41 11.27 8.28 6.05 6.79 7.51 5.83 4.33 5.55 3.4
9.13 7.41 15.65 7.4 3.77 2.55 5.06 9.67 7.01 10.61 8.63 4.68 5.16 5.8 8.64 6.66 7.73 15.02 14.01 11.99 9.78 27.68 12.26 14.45 8.86 7.09 3.03 4.77 3.72 5.91 9.14 4.68 3.1 2.22 1.84 2.44 3.28 5.19 9.44 8.44 8.43 7.1 5.24 4.56 7.9 13.04 11.79 6.34 3.92 4.99 5.44 7.57 10.79 15.69 14.33 19.65 8.03 9.16 4.61 5.82 7.73 4.9 2.27 2.89
5.96 7.34 6.23 6.77 4.28 6.98 5.39 5.45 15.86 12.15 9.46 6.81 4.2 6.56 6.36 7.85 7.98 11.8 13.7 6.31 8.88 10.05 12.03 13.34 5.92 3.97 2.13 3.75 3.53 5.18 6.6 7.4 3.18 2.17 4.1 4.96 4.01 10.0 10.05 4.26 5.46 9.67 4.95 8.78 7.55 6.92 10.22 7.16 5.88 5.09 4.59 8.33 10.57 7.92 12.98 12.14 9.17 13.33 10.8 12.15 10.5 6.26 4.42 2.8
9.15 10.28 7.4 4.65 5.16 5.11 7.18 7.43 4.26 4.64 7.73 5.18 3.61 6.4 4.74 6.2 9.1 7.52 7.67 3.51 5.4 12.8 13.88 14.01 8.35 5.32 5.74 6.84 3.38 4.76 7.88 11.0 7.39 5.01 4.98 4.23 7.92 5.99 9.08 8.25 10.42 9.22 6.52 9.26 12.15 9.64 13.33 7.74 10.0 6.51 6.73 7.47 3.08 5.05 6.82 7.61 9.75 12.4 17.22 17.62 8.26 6.95 3.73 2.06
29.98 19.89 7.12 9.54 7.11 4.94 9.51 4.84 6.75 4.22 3.52 4.1 4.25 3.88 6.79 4.51 2.81 4.14 3.89 3.22 4.49 5.94 9.68 22.66 17.27 9.98 11.35 14.1 5.1 5.89 9.15 6.2 7.56 2.49 3.48 3.63 7.62 7.72 11.03 5.11 9.64 13.05 5.76 4.54 6.92 8.05 10.27 6.34 5.35 5.34 2.52 4.63 4.87 5.37 8.67 9.68 9.15 8.57 17.6 12.06 8.22 7.08 4.91 4.71
10.91 12.9 12.45 7.55 4.74 4.89 19.09 6.75 8.19 8.71 11.33 5.03 6.72 5.7 3.62 4.87 7.77 5.72 2.72 5.16 4.71 3.79 7.48 7.78 13.55 10.92 8.08 13.62 10.36 6.15 4.13 5.28 5.33 4.79 3.88 6.1 9.06 6.5 4.81 7.21 10.4 8.48 10.99 6.81 8.85 6.64 7.66 11.34 5.69 3.57 2.56 3.15 3.86 4.86 6.24 5.97 8.13 4.42 8.82 12.96 9.75 8.97 12.32 10.26
10.36 7.91 14.18 15.45 7.28 3.08 8.1 12.47 10.48 8.34 4.86 13.18 4.84 9.87 10.39 6.82 12.04 9.79 4.81 8.22 4.25 2.3 7.7 6.21 11.23 8.1 6.36 8.8 8.41 9.06 10.38 10.15 4.12 5.43 6.3 7.37 6.67 5.63 4.11 7.42 13.18 8.8 9.17 6.79 12.27 11.87 5.26 12.39 9.77 5.27 3.43 4.41 3.25 6.18 7.2 8.48 5.75 8.26 10.4 12.04 15.93 10.26 10.34 22.9
13.0 11.04 15.45 14.27 10.77 9.11 5.05 6.16 8.91 6.71 7.79 7.94 8.73 9.88 10.78 8.88 7.37 8.79 3.78 9.63 3.3 1.65 5.4 3.06 3.7 4.66 4.23 10.33 6.69 13.39 9.05 18.37 9.98 8.18 7.19 7.53 12.15 4.91 6.76 7.52 7.92 10.39 8.04 10.89 12.19 9.63 9.16 6.67 10.7 7.19 4.96 4.4 5.21 10.3 16.04 19.0 9.52 9.6 10.68 19.99 36.9 20.87 20.78 31.75
8.51 12.11 7.44 13.27 7.89 5.87 5.27 4.39 5.13 6.0 12.57 9.0 11.84 19.72 13.82 10.15 5.98 8.1 9.16 6.99 7.95 2.47 1.6 3.42 3.19 3.33 4.85 6.59 5.25 10.09 10.28 6.02 9.58 11.14 9.15 11.14 8.6 9.52 6.79 5.86 7.36 9.35 13.64 16.01 18.94 13.0 12.02 5.71 9.0 12.77 8.8 9.24 10.18 13.04 14.76 7.46 4.56 5.6 11.19 28.27 28.01 28.94 26.03 19.3
9.24 11.37 5.69 7.67 8.4 9.05 7.67 5.86 4.65 8.42 5.88 6.38 18.41 7.29 12.6 11.39 12.15 6.25 4.67 5.35 9.28 5.71 2.35 2.97 4.8 7.23 6.47 5.73 5.29 6.61 13.2 12.84 9.72 16.59 7.14 8.41 9.4 4.45 8.55 5.93 5.82 7.54 12.69 15.48 12.73 10.26 15.12 6.35 10.5 28.53 19.71 11.98 10.76 9.64 7.65 11.68 5.19 6.02 11.35 11.67 10.78 14.79 22.35 10.67
9.25 6.44 5.71 8.05 12.27 8.3 7.03 11.59 6.08 4.28 10.18 5.98 13.66 11.77 14.79 8.23 11.19 13.71 5.97 9.1 6.49 7.53 3.91 2.62 2.65 4.69 4.99 3.62 6.37 16.44 16.44 12.22 23.99 22.18 11.63 8.3 7.43 5.35 7.21 4.96 5.63 6.0 8.61 12.1 13.42 6.5 7.77 6.99 8.01 12.05 6.58 4.92 6.35 5.69 5.3 10.52 9.23 9.91 11.12 7.08 9.25 12.18 10.41 23.36
10.74 14.78 4.44 6.8 10.08 5.77 7.16 4.68 5.19 8.34 7.69 7.57 10.73 9.11 13.04 14.32 19.48 19.45 9.27 9.38 17.96 6.98 6.08 3.24 2.35 4.46 3.52 6.17 8.33 11.54 18.16 19.29 18.7 10.97 10.81 11.75 4.82 11.37 12.98 12.71 6.05 5.58 9.53 15.78 21.89 13.47 6.0 4.33 9.06 8.06 8.8 10.23 8.85 7.75 8.11 6.93 12.03 8.69 7.0 5.05 5.38 5.32 6.96 8.87
7.64 7.43 8.33 8.43 8.5 6.51 7.49 5.53 6.01 7.81 5.49 7.01 7.13 12.36 13.77 14.12 16.71 19.62 23.6 17.08 11.46 9.17 7.79 5.34 3.96 6.38 2.86 4.96 7.14 14.16 27.03 21.46 18.8 18.64 7.63 6.57 11.48 6.65 16.29 14.67 9.75 4.41 6.63 7.27 12.62 8.83 3.27 5.08 7.42 9.36 10.43 11.28 7.29 10.29 6.87 10.24 10.43 10.7 6.94 7.39 4.45 3.79 6.36 8.34
10.11 6.75 6.92 11.34 11.44 9.09 4.47 4.71 5.16 5.32 7.58 8.05 9.09 8.68 19.72 20.19 12.98 17.5 17.57 11.91 20.33 6.57 6.42 6.59 4.19 2.49 3.14 4.46 4.5 12.67 16.19 20.33 13.37 12.22 8.08 6.25 6.75 11.77 11.94 14.61 5.58 6.55 4.86 6.69 6.4 4.15 9.24 4.33 7.14 6.02 4.86 8.07 7.85 5.65 6.44 3.74 9.7 6.4 6.25 6.56 6.43 6.27 6.29 18.1
8.92 9.09 13.37 5.9 6.69 7.5 5.57 4.92 6.03 5.18 6.61 22.13 9.23 23.15 10.55 12.01 16.53 23.03 17.67 10.99 17.8 5.71 4.35 5.72 5.52 7.74 3.76 5.63 13.56 7.7 13.02 15.84 9.27 12.32 15.56 7.25 9.56 10.05 6.61 14.66 6.85 2.5 6.76 4.98 5.01 4.9 4.21 4.13 4.87 9.51 5.14 7.31 7.81 6.04 6.81 3.77 4.23 8.01 3.54 6.68 2.84 5.06 7.99 9.81
8.43 7.23 4.92 10.09 10.32 7.7 5.19 4.08 5.27 8.06 12.87 17.21 21.69 12.92 12.54 8.39 14.35 11.36 18.18 9.59 7.95 4.65 3.25 3.98 6.34 9.56 8.33 12.95 7.16 16.58 18.77 28.89 23.18 19.14 10.14 12.96 7.78 8.41 8.28 4.14 6.73 7.04 3.99 3.93 4.56 3.95 6.38 4.82 3.62 7.73 8.13 3.39 5.4 2.85 3.07 5.94 4.78 5.39 8.21 4.86 4.17 9.0 7.93 5.4
10.21 16.19 13.49 11.24 9.82 7.6 6.64 4.4 4.82 12.53 16.38 19.19 22.29 19.12 10.57 9.04 5.77 14.02 9.53 3.04 5.78 4.09 3.16 3.44 6.35 7.38 7.21 12.11 13.37 26.65 28.62 26.61 43.66 10.96 5.88 4.21 6.7 7.91 10.18 6.3 4.13 9.74 6.42 4.05 3.92 4.24 5.18 7.23 8.74 4.89 3.18 4.13 3.13 1.77 2.42 3.25 2.81 3.96 3.89 2.78 4.66 4.72 5.32 10.96
8.72 18.1 18.23 13.37 10.93 8.72 4.9 7.74 8.32 6.69 15.94 9.1 15.88 28.27 8.94 4.48 6.02 6.88 7.6 6.53 5.74 3.24 4.25 2.04 3.88 7.07 6.26 10.54 13.1 29.61 47.08 33.56 12.89 9.53 8.81 5.63 4.23 5.58 9.84 6.9 4.85 7.77 7.96 5.39 7.01 7.77 6.34 6.49 7.93 4.92 5.18 3.24 4.04 2.6 3.85 3.24 3.85 2.47 4.83 7.32 5.77 11.0 8.84 10.24
7.79 14.19 9.51 9.46 7.16 5.64 6.17 4.94 7.67 8.2 6.84 4.95 14.57 21.5 8.8 3.12 3.58 6.73 9.14 5.57 3.85 5.55 2.7 4.09 3.36 3.42 5.23 7.75 18.75 28.23 70.7 47.11 19.76 19.31 10.98 6.92 5.43 3.75 8.34 5.57 6.7 5.32 5.84 6.42 5.32 6.11 5.45 8.21 3.54 2.82 3.01 2.27 2.66 4.38 4.94 1.91 2.16 4.74 8.18 10.14 9.12 12.0 12.9 9.86
7.48 7.09 10.97 15.91 4.63 7.6 10.59 3.88 6.32 8.23 5.73 6.81 5.59 8.02 10.46 4.38 2.56 3.89 8.76 5.84 4.11 4.16 6.06 2.76 2.52 3.03 5.35 5.6 15.99 40.67 31.95 36.09 13.2 18.09 6.56 3.55 2.78 4.73 5.25 7.78 6.89 6.31 4.8 4.02 4.3 5.45 3.66 3.34 5.05 5.83 2.68 2.37 3.32 5.22 5.17 2.66 3.18 3.76 10.03 8.03 7.29 7.62 5.27 11.6
5.45 3.71 8.77 10.66 6.04 6.45 9.27 5.72 4.07 7.82 3.02 5.55 4.19 7.44 5.2 6.21 8.02 7.1 5.21 13.78 6.22 3.43 4.4 5.44 3.2 2.31 7.99 10.58 12.85 27.58 25.9 24.75 19.69 8.18 3.49 5.25 3.49 3.33 6.34 5.07 5.73 3.58 7.19 5.26 3.99 4.14 3.37 4.67 4.36 8.7 2.26 2.45 3.41 6.83 6.95 3.01 2.45 5.1 6.5 11.18 7.03 6.03 6.18 7.14
3.92 6.9 8.1 14.1 10.26 3.81 3.58 5.03 7.5 8.63 6.15 2.61 2.85 4.12 6.48 8.52 14.3 10.07 8.2 10.58 4.07 1.93 5.62 4.35 2.48 3.27 3.99 6.02 6.7 11.13 9.47 24.06 19.04 7.27 6.45 6.88 4.89 3.85 3.05 8.58 8.68 4.31 9.34 6.75 1.98 2.38 2.78 4.14 6.47 3.62 2.26 2.03 4.61 4.6 13.48 8.69 4.89 4.48 7.67 7.77 10.96 5.97 11.01 8.04
5.66 5.92 13.52 18.18 10.02 7.55 14.28 9.16 8.1 18.38 6.03 3.21 2.6 3.86 3.68 6.86 11.61 10.96 12.41 8.52 3.13 3.03 5.34 3.56 2.76 1.99 4.22 4.17 6.3 5.69 15.27 15.45 21.44 8.31 5.74 8.42 5.14 4.05 5.54 9.32 12.3 4.95 7.99 6.48 2.31 1.78 2.61 8.73 6.44 3.32 2.27 2.3 7.26 6.66 9.09 15.37 8.46 8.78 9.75 7.06 4.82 5.43 10.27 8.5
6.51 3.99 8.73 8.68 6.46 8.26 8.84 11.19 7.18 8.21 5.09 2.28 2.37 2.03 4.41 3.95 8.37 13.47 17.48 7.1 3.94 5.54 10.1 8.43 4.99 5.55 6.22 6.63 7.77 9.16 11.86 7.08 11.31 7.74 4.93 11.73 6.16 6.05 13.69 10.55 8.31 5.54 3.34 3.03 9.3 4.08 4.28 7.89 9.71 5.08 4.36 4.08 3.16 9.41 13.9 11.7 9.09 7.58 14.4 15.36 7.08 6.43 8.2 10.1
5.8 8.24 5.73 5.28 4.94 6.61 5.82 6.98 10.4 6.37 2.53 1.5 2.01 2.0 1.8 3.59 7.49 7.16 9.18 10.56 8.21 7.39 10.69 19.87 6.82 9.48 11.17 14.98 9.68 4.24 6.6 3.67 9.42 11.61 6.24 11.86 13.28 8.87 13.76 11.49 6.26 10.8 5.81 4.47 4.69 8.19 9.17 9.69 6.19 7.05 4.78 5.16 5.03 5.83 5.4 4.78 6.95 5.3 12.43 7.92 5.81 12.95 8.61 9.23
4.78 9.14 5.57 5.03 5.31 7.11 10.92 11.53 6.56 5.36 4.01 2.41 1.39 3.74 4.87 3.66 8.07 11.95 7.76 12.76 13.19 10.36 5.11 5.68 5.78 11.89 4.86 5.89 10.14 4.4 6.02 5.43 7.86 11.23 5.37 4.84 9.11 8.19 5.57 15.6 13.3 6.39 4.21 8.0 4.58 7.7 8.29 5.72 7.08 8.36 3.13 4.38 5.01 6.27 7.45 6.24 6.09 6.71 12.65 17.16 11.63 14.6 11.82 9.14
6.72 8.1 12.59 7.93 6.31 7.7 7.69 8.66 5.36 3.75 2.16 3.11 2.08 2.67 6.93 6.56 6.04 11.07 12.14 14.23 12.09 11.37 10.01 8.01 9.2 11.98 11.67 14.04 7.14 9.81 6.37 6.18 5.94 5.04 3.96 5.17 12.66 7.74 7.36 10.05 13.62 11.18 7.54 3.14 3.36 8.36 8.6 5.22 5.39 3.58 3.73 5.43 10.34 11.34 5.5 10.21 11.31 12.75 11.31 14.48 14.16 11.8 10.43 5.76
9.31 15.7 8.97 10.09 11.98 8.27 17.8 10.29 5.33 7.6 4.49 3.8 2.92 3.62 6.56 12.13 8.64 9.76 8.34 15.32 23.57 9.58 21.47 13.53 10.51 11.99 14.78 10.79 7.53 6.76 3.73 3.2 8.35 3.97 5.49 7.2 7.19 11.13 13.7 5.44 5.55 7.08 5.84 5.4 4.13 4.81 6.06 5.28 2.58 3.23 3.21 4.79 9.57 7.24 10.18 7.09 8.03 10.35 17.18 11.12 18.75 12.96 7.05 6.18
8.08 5.54 14.26 3.86 9.16 4.88 13.63 17.15 6.27 5.42 4.26 7.4 3.65 5.05 12.04 11.15 21.35 10.92 10.94 12.6 19.46 24.57 18.23 16.81 7.92 14.0 8.29 3.51 8.2 5.81 6.18 8.59 7.85 7.77 4.82 5.64 11.47 10.41 22.06 9.42 6.53 3.97 11.69 7.86 5.65 10.93 7.71 5.24 4.19 2.94 3.78 6.96 5.88 3.06 6.22 9.01 6.69 12.12 11.62 12.95 11.05 10.64 11.62 5.55
5.63 4.0 6.98 7.71 6.65 6.38 8.52 15.73 5.49 4.84 3.81 2.55 5.56 6.26 9.37 13.4 9.54 6.84 8.4 6.59 15.16 27.13 14.59 10.0 14.67 8.04 8.41 9.55 6.52 10.25 15.83 13.07 8.75 10.81 3.43 3.43 17.62 12.17 26.74 14.63 4.41 6.13 6.32 10.85 8.26 7.7 6.33 5.74 3.4 3.84 4.68 7.8 6.5 7.24 8.71 10.31 6.95 7.02 13.16 10.21 6.47 6.71 5.57 4.29
