13.38 8.59 8.96 4.78 3.21 8.6 10.09 5.81 7.36 5.74 7.9 11.58 10.84 15.32 10.76 16.27 7.91 6.72 2.3 2.89 4.66 5.48 3.53 5.54 3.32 6.32 3.49 3.13 2.83 3.02 2.53 3.11 4.48 5.17 7.6 7.34 5.04 3.27 2.83 2.84 2.28 5.29 8.82 5.95 2.58 3.47 3.5 4.69 3.37 3.03 2.91 2.51 3.3 3.31 3.75 2.8 3.85 6.94 9.78 12.58 4.98 10.49 7.65 11.46
9.02 7.61 8.73 7.45 3.73 6.1 5.84 3.64 4.9 4.45 5.09 11.27 6.85 6.7 7.9 6.53 5.37 7.29 3.54 1.57 2.54 5.63 3.84 5.03 4.94 4.4 5.9 5.25 2.93 2.88 1.68 3.36 4.35 7.62 8.08 15.82 6.75 5.15 2.08 6.75 4.54 5.37 8.3 5.4 4.48 1.81 2.78 3.12 2.88 1.42 2.18 2.58 1.26 2.06 2.71 5.52 4.58 6.44 7.84 10.17 8.1 13.38 6.2 5.33
14.27 15.86 19.7 12.65 6.89 6.54 5.31 4.9 5.08 7.09 5.72 6.66 7.15 10.18 9.15 11.34 7.31 6.18 3.14 2.46 1.74 3.67 5.9 5.71 8.36 8.76 7.74 4.93 1.97 2.53 2.21 4.82 3.74 4.72 4.55 7.46 7.99 3.62 5.22 5.98 5.87 5.91 4.76 2.92 2.55 2.64 3.57 7.38 4.38 3.66 2.36 2.31 1.76 2.53 3.05 5.7 4.27 8.84 10.51 6.76 8.92 20.67 14.79 7.55
12.71 10.78 8.5 8.59 11.3 7.78 3.26 4.33 6.07 7.02 4.66 9.93 4.31 4.25 5.66 7.47 7.99 5.26 2.89 3.3 2.36 3.29 4.01 6.05 5.39 8.94 6.96 5.5 2.68 3.08 3.59 2.43 6.66 6.02 5.36 5.83 7.18 7.28 7.48 5.01 5.9 9.25 5.71 3.43 4.99 7.21 5.34 5.73 3.19 4.92 7.47 3.88 4.51 7.74 4.14 2.34 4.27 9.91 9.27 8.73 5.56 12.49 10.74 8.38
8.9 5.99 3.72 7.87 7.79 9.66 3.99 4.49 6.25 6.25 5.36 4.48 4.6 5.48 5.68 7.56 5.11 4.28 5.42 5.74 3.11 4.24 13.61 9.63 4.54 4.35 5.16 5.91 3.67 4.38 4.0 3.67 5.15 6.27 5.41 4.82 4.29 4.03 4.2 6.52 7.02 7.76 6.14 4.84 4.25 5.74 6.44 6.34 7.15 5.42 5.32 3.47 3.69 2.6 3.41 2.72 3.83 7.91 4.85 7.69 9.46 6.64 6.22 10.19
3.88 4.31 6.3 13.41 9.95 8.22 7.63 6.15 6.21 6.46 3.17 1.92 3.21 5.12 3.2 3.33 3.68 6.56 8.53 3.86 2.81 5.1 3.74 4.31 4.03 3.07 2.5 3.23 3.66 4.57 6.7 2.89 3.58 5.13 5.82 4.84 2.78 2.84 3.03 2.83 8.83 5.87 5.64 5.29 4.37 5.97 6.63 6.02 5.67 7.42 6.23 3.67 3.01 4.83 3.88 4.01 3.12 3.46 6.13 8.35 5.37 7.94 7.16 7.77
3.56 5.15 9.76 15.33 9.99 6.16 13.2 9.95 8.35 4.98 4.3 3.15 6.16 5.89 2.77 5.98 5.16 7.43 9.54 3.48 3.79 3.39 2.07 3.23 5.32 3.23 1.79 1.89 3.17 4.84 2.69 2.23 3.95 3.21 3.31 2.0 3.65 2.59 2.29 3.05 3.29 5.68 5.79 4.28 12.02 13.21 8.0 8.64 10.04 6.81 4.34 2.75 3.17 2.63 3.93 5.29 6.37 4.43 5.46 6.31 4.79 7.27 5.32 5.47
6.91 7.69 19.63 27.81 30.39 5.74 9.33 10.57 5.18 6.73 3.88 5.86 5.9 6.01 6.28 9.04 3.98 10.37 7.29 3.83 4.05 4.38 3.65 2.87 4.26 3.37 7.73 4.58 4.89 3.6 2.7 3.56 5.85 3.53 2.27 3.03 2.93 3.09 2.32 2.05 5.2 7.97 10.92 6.38 14.03 12.11 13.12 10.28 12.29 7.69 5.68 5.57 3.91 2.57 2.86 11.81 9.23 5.08 5.06 6.11 9.67 5.6 3.58 8.54
5.09 9.01 12.19 32.95 14.89 7.13 6.81 8.29 8.33 6.79 6.99 9.52 7.79 3.76 4.22 5.21 4.45 5.32 3.52 2.78 4.43 5.53 2.24 3.62 3.57 6.83 7.0 2.97 3.39 4.64 4.32 7.62 6.35 5.84 4.37 3.28 3.05 4.64 5.91 3.85 8.18 8.74 14.91 5.41 12.62 24.69 22.7 8.78 8.86 8.05 3.47 2.53 2.56 3.03 6.07 15.67 8.05 7.78 6.92 5.86 8.6 4.52 4.53 6.99
6.59 10.39 12.06 14.65 5.22 7.34 12.15 11.49 7.1 7.64 12.31 19.22 12.74 4.04 7.51 5.52 7.69 8.01 2.53 2.58 3.77 4.5 4.12 14.88 8.6 9.34 4.07 4.26 3.04 4.14 5.74 5.34 3.47 5.84 9.92 4.04 3.38 5.76 8.7 6.53 7.74 5.64 6.1 8.24 8.28 24.48 10.96 9.38 13.56 10.65 4.35 3.42 3.84 1.89 4.69 6.51 14.21 14.85 6.5 6.37 10.86 8.86 6.2 7.96
11.0 12.82 13.53 10.1 8.26 8.21 16.33 11.21 11.21 9.52 11.55 10.61 6.08 10.49 4.67 4.71 3.31 3.63 2.63 2.4 1.69 4.04 8.46 12.83 11.55 12.29 7.08 4.72 2.9 2.43 5.1 5.95 6.25 7.25 9.83 6.43 6.55 5.49 4.51 5.48 6.25 6.33 5.09 13.09 10.08 15.28 5.97 10.18 14.12 7.59 4.69 4.72 3.67 3.3 6.29 9.17 14.94 24.45 9.32 8.39 6.55 5.44 4.37 6.52
9.17 8.87 11.59 8.65 18.82 11.4 8.11 7.55 9.32 7.33 15.24 16.16 8.19 13.92 7.71 3.48 2.95 2.28 2.38 3.72 3.13 5.61 10.23 9.14 12.72 12.22 9.37 4.4 2.46 2.54 4.23 4.38 5.99 10.77 5.04 6.79 6.04 4.29 3.8 3.96 4.53 4.21 4.0 6.26 16.33 8.23 11.63 13.56 8.62 3.65 2.92 5.07 3.39 4.12 5.53 7.03 5.25 10.74 9.26 15.79 4.67 3.83 3.8 3.55
12.74 14.56 12.69 10.33 11.1 12.38 8.58 8.76 8.87 9.88 14.15 11.16 10.79 7.81 5.65 4.75 5.66 1.86 2.92 3.23 3.45 7.5 10.1 6.19 11.92 10.02 6.15 8.9 3.97 5.61 6.35 3.68 4.55 3.65 6.1 3.16 3.54 4.27 5.6 5.22 6.22 8.09 12.45 10.34 15.47 18.36 14.05 10.72 9.2 5.21 7.02 15.12 15.26 14.15 10.9 14.9 6.27 4.17 4.7 7.16 4.28 2.31 4.7 3.22
9.33 6.97 7.59 7.01 15.75 6.85 4.31 6.18 7.35 7.43 10.94 8.05 14.93 8.62 9.11 5.79 4.02 2.79 3.46 3.9 2.97 5.02 4.66 7.73 7.91 6.56 9.22 15.79 12.35 7.46 7.07 6.79 5.72 4.93 6.08 2.85 3.73 4.13 5.93 3.74 15.06 21.18 19.88 11.01 10.61 11.39 16.79 7.18 6.97 6.63 6.82 8.72 14.61 10.27 10.63 15.0 10.32 3.88 4.55 3.25 4.17 3.6 3.35 3.73
7.37 9.4 9.1 10.32 14.89 6.21 5.55 5.28 4.17 8.8 9.7 8.05 7.3 7.53 7.68 5.68 4.76 2.89 5.14 4.04 2.47 3.18 5.49 5.96 8.79 9.38 14.4 19.52 8.04 5.71 9.21 5.55 4.95 4.53 5.21 6.39 3.81 3.63 6.65 7.7 22.22 26.32 23.37 7.82 11.32 8.71 9.15 11.41 8.24 7.08 21.67 13.67 13.39 8.82 10.99 12.27 7.16 3.76 3.84 1.97 5.89 4.21 3.72 6.16
8.75 14.23 8.0 15.73 12.9 7.51 6.06 5.95 4.23 8.49 28.9 6.85 5.26 4.22 5.7 7.76 7.37 4.47 2.03 2.62 3.1 3.56 4.77 7.02 9.35 11.58 7.75 6.32 8.23 5.01 7.07 4.02 1.91 2.65 2.39 4.6 4.25 3.64 4.79 3.38 11.94 17.6 12.38 8.05 9.06 7.28 8.51 5.19 4.5 5.04 14.68 11.6 18.88 18.97 16.08 7.1 5.93 7.76 7.09 3.32 4.12 7.86 4.26 6.28
5.71 6.12 5.59 17.2 24.2 5.97 12.02 4.8 7.51 5.94 4.85 3.15 2.85 2.78 6.7 9.9 9.04 5.6 4.31 5.18 4.99 6.85 5.35 8.21 7.52 7.34 4.46 5.81 6.4 7.22 4.78 4.41 2.46 1.72 1.52 3.32 5.86 4.44 5.4 2.06 6.27 9.28 9.82 7.76 5.99 4.0 7.83 4.02 4.71 6.94 13.8 16.67 23.25 20.98 18.54 8.76 5.59 5.38 4.41 6.3 7.13 10.48 4.06 5.34
6.86 4.08 7.72 16.04 18.4 10.9 12.88 10.79 10.92 9.19 2.92 2.92 3.99 3.47 3.4 4.53 4.97 10.38 12.72 6.17 7.64 6.5 9.84 4.94 6.53 8.59 6.32 5.18 7.98 16.4 10.84 8.55 2.83 2.84 5.09 4.32 3.99 4.29 8.16 8.24 7.07 4.91 6.82 9.09 3.49 2.58 4.82 3.83 4.08 13.14 20.59 23.28 19.98 15.92 32.99 19.77 9.09 5.28 3.47 3.89 5.31 5.63 5.33 10.16
4.61 4.12 10.45 20.99 17.95 10.66 8.61 9.49 13.33 9.06 3.21 7.24 9.49 4.71 5.69 5.51 11.13 15.05 17.39 13.71 12.01 7.34 6.33 3.96 4.94 11.01 7.61 9.19 13.2 13.79 7.52 12.37 6.9 5.83 6.44 5.53 6.37 6.42 10.4 7.53 6.66 4.1 4.72 4.49 3.89 4.63 6.97 3.75 5.07 16.67 25.85 27.91 16.05 29.11 16.65 9.51 6.47 5.64 2.99 3.07 2.54 4.09 4.55 4.53
5.86 7.21 11.95 20.01 22.3 14.2 11.46 16.25 17.78 5.77 10.35 8.4 7.75 5.07 11.79 7.51 11.79 12.33 13.52 23.1 9.13 12.02 7.16 7.51 5.75 6.71 8.54 9.49 10.07 7.47 8.23 12.5 10.23 7.11 9.02 7.05 9.34 12.31 9.19 5.74 2.93 4.47 4.83 2.89 2.97 4.5 5.77 4.9 7.77 10.83 19.18 30.41 38.4 28.07 13.03 13.53 7.37 9.33 3.65 5.44 3.84 1.91 2.55 4.44
8.43 5.26 11.83 11.12 24.05 9.28 10.05 8.59 6.09 4.19 5.97 10.19 12.35 11.29 13.11 7.58 4.21 9.75 12.89 9.7 5.52 12.69 7.67 5.12 4.96 7.01 6.18 7.09 7.91 5.53 11.6 7.41 8.2 10.25 13.15 12.8 11.52 14.62 8.7 5.02 3.96 4.25 4.4 5.25 5.46 6.82 4.52 4.64 9.54 10.9 14.68 15.46 23.23 28.18 8.6 17.21 12.24 6.89 6.09 6.59 3.37 3.98 4.23 5.2
8.63 9.34 13.55 13.51 16.71 17.57 15.73 10.54 7.01 3.4 4.03 7.52 12.41 9.06 7.25 5.81 6.08 11.69 11.31 8.89 11.45 11.53 6.32 5.34 6.58 6.19 8.11 7.06 5.35 5.89 5.25 10.4 7.82 7.78 6.42 9.82 9.64 12.18 6.63 5.99 7.88 5.17 3.67 3.51 6.62 6.67 5.29 5.69 9.32 16.32 10.29 9.42 16.4 20.7 21.55 15.88 12.48 8.48 8.05 5.52 3.98 10.25 7.78 10.81
8.08 18.97 16.68 12.2 10.63 18.1 9.41 6.71 6.19 6.89 5.42 3.74 8.0 2.86 3.93 3.03 3.75 6.21 5.05 4.92 9.91 8.31 6.93 6.63 5.39 7.38 9.26 10.89 6.64 10.19 7.99 12.84 11.02 5.88 4.06 15.97 10.12 16.93 22.28 8.7 6.34 6.41 6.48 8.8 9.48 6.43 8.08 5.1 5.04 7.03 9.29 11.13 13.15 15.62 9.2 10.67 11.42 12.76 13.14 9.97 10.13 7.65 7.9 9.69
14.27 15.28 11.45 8.13 9.38 11.83 7.54 4.96 6.14 3.61 7.58 5.33 2.47 3.63 2.89 3.57 4.31 6.95 6.63 7.87 8.53 10.32 9.36 6.95 4.01 9.64 7.4 9.07 11.42 18.92 9.62 14.27 10.5 3.63 4.88 9.89 18.81 10.06 16.34 6.79 6.21 4.15 3.78 10.21 5.86 5.58 4.72 4.98 2.72 4.26 4.73 6.1 7.33 8.36 7.4 6.52 8.31 8.4 12.26 9.37 7.42 8.77 6.44 12.33
9.26 6.71 10.1 9.11 13.37 10.66 5.5 3.71 3.13 4.61 6.66 8.03 3.92 2.16 2.5 1.99 2.26 4.31 6.38 9.26 12.81 9.21 5.37 6.16 6.04 8.42 9.06 6.98 12.47 25.66 7.93 10.71 6.71 4.82 4.57 5.54 10.61 18.16 12.66 6.68 4.71 5.3 4.38 9.25 6.94 5.66 8.28 3.54 3.18 3.56 4.85 6.94 7.5 9.18 14.32 6.64 7.18 5.63 13.73 12.74 8.61 12.84 18.04 14.96
6.89 6.97 6.46 16.82 14.04 7.99 6.17 4.88 4.86 4.32 4.22 5.97 9.58 6.57 5.69 6.09 5.83 8.84 9.96 11.43 6.36 5.0 3.5 10.78 10.64 7.03 5.91 6.23 12.43 19.66 10.14 9.37 4.92 5.02 4.4 2.54 5.05 28.08 15.35 5.34 4.81 5.22 5.59 6.06 5.79 5.23 5.47 2.95 3.68 2.66 3.97 6.1 12.27 9.36 7.96 11.8 6.51 12.56 13.16 15.39 23.8 32.46 23.35 16.51
6.39 8.21 8.62 9.39 12.25 10.12 5.74 5.16 4.05 2.6 2.1 4.17 5.1 6.73 10.01 6.1 4.43 5.61 4.92 5.91 4.67 4.29 4.31 12.89 3.25 3.11 4.59 7.97 12.67 19.78 9.76 7.24 4.0 3.8 4.84 5.2 7.77 16.04 13.97 6.66 4.79 5.82 8.17 9.16 8.69 3.92 4.72 5.04 3.59 3.05 2.78 5.17 6.59 5.65 7.42 17.39 14.88 15.91 10.84 19.51 22.0 24.62 15.75 9.11
6.62 6.4 6.04 6.86 11.71 11.83 5.07 5.9 6.34 6.58 3.97 5.29 9.94 10.32 9.43 4.39 6.39 7.21 2.05 2.13 3.13 3.68 4.37 5.26 4.15 6.21 7.36 11.19 9.64 21.17 14.74 10.87 6.54 4.4 6.89 9.57 12.09 15.02 8.05 6.42 4.79 8.57 21.13 13.04 5.08 5.3 5.36 7.66 3.69 3.22 5.36 5.32 2.18 3.81 12.69 18.38 18.74 19.87 15.7 14.56 23.52 25.57 15.06 10.53
5.1 3.95 10.24 8.55 10.22 11.77 4.8 7.3 10.45 6.78 6.74 7.34 18.48 10.58 5.8 4.93 6.49 5.64 2.68 2.97 4.93 3.29 4.63 6.1 4.35 5.06 6.91 11.02 9.97 14.25 14.97 13.95 4.75 4.52 4.44 11.02 19.8 13.95 7.22 5.49 9.49 7.82 11.07 17.21 13.44 5.8 4.55 3.89 2.88 5.31 2.93 3.11 2.73 5.32 8.25 18.23 23.3 20.87 15.99 10.91 16.77 40.02 12.84 6.67
3.47 6.57 5.5 5.31 6.53 7.5 10.8 6.37 12.53 5.33 8.06 4.95 16.82 12.43 14.77 7.88 5.03 3.92 3.95 3.07 2.36 2.81 10.41 13.28 6.54 3.96 6.63 12.21 7.03 13.69 13.47 12.49 7.16 9.39 6.08 9.41 15.21 14.1 9.0 5.24 7.98 6.34 5.34 7.73 14.2 5.18 3.13 4.05 5.24 4.66 4.08 3.03 1.88 3.97 9.88 20.11 31.81 25.47 21.45 26.84 27.49 24.04 9.48 6.45
3.94 3.45 5.98 7.44 8.28 7.81 4.83 6.28 9.86 7.23 11.15 10.62 27.01 20.14 14.84 10.93 7.92 7.74 7.38 3.93 3.49 5.24 9.36 9.92 6.72 5.26 9.17 4.97 6.94 9.12 10.12 7.57 13.08 13.07 10.55 11.06 16.21 17.48 7.97 5.39 5.56 12.18 4.55 6.63 9.52 6.91 8.33 3.47 3.41 5.32 6.71 3.24 3.34 7.13 22.59 31.32 27.13 25.4 23.79 23.78 28.69 13.55 10.86 10.82
3.8 6.36 9.5 5.74 6.85 5.78 4.69 5.22 7.87 9.5 14.72 20.48 14.2 13.11 10.42 10.09 9.51 4.46 5.57 3.78 4.27 4.08 3.98 9.84 11.85 6.13 4.48 3.95 4.14 5.96 7.17 12.77 15.02 17.0 10.97 15.58 13.11 14.03 10.54 7.83 12.46 25.04 21.66 16.98 15.67 7.3 8.28 6.69 11.07 7.28 6.25 2.65 6.52 16.8 35.02 54.65 58.93 49.94 24.09 18.96 15.29 14.12 8.05 6.75
7.47 7.07 7.93 5.45 3.1 6.84 4.03 4.21 6.52 9.1 18.23 21.44 16.95 12.4 10.7 9.26 10.87 11.63 9.3 6.39 10.44 5.76 3.8 7.57 8.98 6.32 4.29 7.48 8.71 12.63 8.23 19.95 14.72 23.81 18.98 17.5 16.67 22.77 23.77 28.46 15.18 11.96 38.72 16.07 21.96 7.5 5.03 5.32 3.92 6.7 3.83 3.45 7.72 16.87 36.37 42.17 27.88 11.99 15.43 13.45 13.72 11.7 9.39 7.98
16.93 10.56 7.72 8.04 3.21 2.77 3.08 7.11 6.97 8.37 10.16 13.29 20.44 10.41 10.06 4.6 5.31 5.36 5.21 3.51 5.12 5.11 3.47 8.73 8.07 10.46 3.44 9.18 8.65 11.38 9.2 10.08 11.57 10.45 15.41 12.28 24.05 19.65 39.15 49.78 24.27 12.66 9.63 16.91 13.37 11.8 7.18 6.36 3.64 3.79 6.15 4.3 6.46 11.56 38.53 27.64 14.16 9.67 8.59 6.18 12.09 11.3 6.6 8.04
13.7 15.57 9.16 6.54 4.77 2.37 4.37 5.52 8.3 7.22 14.56 16.12 12.22 9.74 9.61 8.09 8.63 5.1 2.01 2.84 2.96 3.53 4.28 13.37 14.24 12.53 14.87 9.74 9.27 11.12 8.84 5.29 5.48 7.3 7.93 12.76 15.69 19.79 29.57 30.82 12.87 15.17 12.01 8.11 13.04 7.82 7.99 6.98 5.23 3.62 5.44 3.21 5.9 5.62 11.08 7.54 7.01 8.84 6.35 7.13 12.68 22.32 9.52 15.63
28.06 15.46 5.03 5.4 7.74 5.98 7.75 6.0 5.67 10.36 15.01 15.0 8.69 4.11 4.06 5.31 3.45 4.28 1.94 2.8 4.62 5.41 13.7 10.41 24.99 13.23 15.65 10.04 6.23 5.8 8.08 4.77 2.92 6.47 7.12 9.9 13.36 25.96 37.55 23.0 11.27 18.59 28.7 17.19 34.51 11.79 10.4 11.29 15.64 6.87 5.56 6.91 6.11 8.39 6.46 7.89 15.51 12.25 7.35 13.65 21.12 11.93 14.58 9.36
17.45 6.16 3.78 7.07 9.16 10.39 12.24 7.75 11.62 13.32 11.87 9.39 7.98 5.58 7.04 2.77 1.78 3.03 4.71 3.28 2.93 6.66 15.7 25.64 20.13 21.43 23.09 27.3 14.13 8.26 7.54 6.03 3.17 3.03 7.72 14.38 26.59 22.53 26.79 18.13 19.18 12.04 36.03 37.18 41.74 22.47 11.34 9.58 11.41 7.85 8.66 7.92 7.62 3.31 2.69 7.77 12.63 9.5 7.56 15.08 12.36 9.55 13.76 9.55
9.2 5.31 4.78 9.87 9.21 17.12 32.75 21.01 21.9 17.38 9.42 9.47 6.84 3.65 5.86 4.03 2.74 2.98 8.04 4.43 7.82 6.75 7.09 18.11 23.95 18.96 12.21 22.19 20.94 9.12 7.78 3.98 5.22 3.74 5.79 12.71 20.27 24.76 42.83 26.89 20.76 34.63 35.09 50.16 57.06 32.7 14.32 13.41 11.75 12.78 13.95 7.21 7.93 8.87 8.8 5.54 9.97 11.07 11.36 10.3 8.36 9.12 20.93 12.42
11.86 4.64 3.13 7.79 6.94 12.9 20.87 13.79 11.09 6.84 7.66 6.3 4.12 3.42 4.58 4.48 3.36 2.2 4.78 5.78 8.84 7.39 13.76 23.8 43.74 16.2 19.27 18.54 21.42 8.74 5.64 4.43 7.04 5.49 8.47 12.5 11.53 32.41 40.87 28.36 22.57 19.2 34.65 26.9 16.66 12.33 8.55 11.21 9.57 9.05 5.21 6.0 5.86 5.25 5.79 5.97 11.64 10.31 14.95 11.44 9.22 9.87 10.62 12.37
15.8 5.59 4.31 9.12 11.41 8.06 12.66 9.15 11.71 7.78 5.87 3.35 4.01 5.8 9.49 4.12 2.64 4.42 8.46 5.45 10.36 7.13 7.32 9.16 13.58 9.84 20.92 17.49 12.14 7.61 6.37 7.92 6.25 6.72 13.4 15.99 18.99 26.17 32.37 14.37 17.83 21.51 32.23 19.54 9.05 5.06 5.7 5.86 5.56 8.63 9.78 11.8 3.58 4.46 7.97 8.62 14.12 12.07 13.14 10.91 9.84 10.47 10.93 16.72
15.18 4.53 4.26 10.49 6.8 6.79 12.77 7.58 11.17 8.43 8.07 6.47 8.12 6.22 7.44 4.63 4.19 4.71 5.69 9.3 10.41 10.29 7.84 5.64 10.23 10.83 11.91 8.57 6.23 3.23 4.29 4.62 9.53 10.89 17.33 11.42 13.29 15.73 13.4 21.2 22.84 21.82 34.01 31.51 12.18 11.23 7.19 6.7 8.53 11.58 13.32 7.86 6.53 7.85 19.16 11.04 14.53 27.81 14.45 8.65 7.73 15.96 12.89 12.33
13.39 10.61 15.05 7.24 5.32 9.62 11.11 8.18 7.85 10.97 8.42 9.16 7.08 6.34 7.77 6.83 5.28 5.88 7.17 4.56 3.72 5.02 11.61 9.6 4.53 6.27 11.27 9.16 4.6 2.88 5.04 5.87 5.73 7.74 10.38 10.88 8.74 9.06 10.73 19.97 17.9 12.0 16.88 27.6 18.89 6.74 8.05 8.95 8.82 5.38 10.19 16.63 9.8 11.29 13.2 23.65 23.29 26.01 7.69 8.83 18.57 12.96 14.0 11.93
9.35 24.06 7.02 4.84 5.63 8.84 9.59 10.73 12.73 14.16 10.39 11.15 9.97 9.75 8.1 5.05 10.06 5.54 8.97 6.33 5.0 7.66 15.95 9.73 4.24 5.16 8.87 6.61 3.82 7.11 5.14 7.61 5.74 10.3 8.57 26.28 12.96 10.09 14.74 12.87 16.4 22.21 31.46 30.81 12.12 11.75 9.81 9.61 8.45 8.57 12.89 19.24 14.24 12.04 24.78 29.04 36.2 28.13 11.14 8.36 12.34 8.39 11.67 12.51
17.86 21.28 6.42 6.79 7.74 10.3 9.78 14.93 15.58 8.85 13.49 18.71 23.18 10.34 6.24 9.25 10.69 4.09 3.7 6.86 7.81 10.69 4.11 6.26 5.3 10.09 9.56 10.47 5.26 4.08 5.52 4.7 5.45 5.48 13.58 14.04 12.79 17.79 11.08 15.71 12.06 19.99 30.25 25.67 10.74 8.12 7.81 9.22 6.8 19.97 16.37 12.55 13.14 18.81 20.62 18.55 13.22 19.07 11.99 6.47 6.8 8.83 13.78 10.64
13.48 18.85 12.75 7.69 7.9 11.41 12.75 11.2 15.55 20.95 14.5 12.48 12.07 7.88 6.99 12.12 16.73 8.91 5.46 13.15 9.24 5.65 4.92 6.93 5.43 5.38 6.36 8.23 5.09 3.12 8.03 7.04 4.27 5.79 11.54 8.85 6.49 19.93 21.16 33.94 16.29 17.72 28.74 30.17 6.93 9.27 5.38 5.58 7.51 9.47 14.12 16.86 18.79 17.95 18.0 13.25 11.47 19.77 20.87 10.66 6.02 9.45 9.96 13.74
17.29 14.19 12.2 11.95 8.02 8.1 6.42 10.3 13.56 18.53 9.89 8.04 6.02 8.83 9.21 7.81 9.21 6.54 9.77 7.76 10.31 7.8 9.57 8.63 8.94 3.43 6.65 9.88 7.99 7.16 4.49 6.91 4.79 10.92 10.8 12.18 9.52 36.87 25.0 23.94 17.12 12.99 20.38 21.39 15.17 11.6 9.78 7.6 5.13 9.77 13.89 20.27 14.64 15.05 18.2 9.22 8.23 14.53 20.12 10.98 14.89 11.35 6.99 9.76
14.26 14.94 6.05 7.09 10.54 9.61 8.09 10.84 8.38 9.15 14.45 7.6 6.56 7.45 8.87 13.05 14.19 11.92 7.93 6.24 6.3 9.15 13.14 5.07 9.22 10.57 9.0 7.73 9.15 11.63 6.78 5.4 6.21 9.75 7.69 12.15 10.53 9.52 13.64 13.93 22.06 10.32 19.84 23.97 11.92 13.79 9.42 9.75 9.18 13.25 18.17 19.71 13.54 19.04 15.23 13.94 7.72 12.65 19.57 8.13 6.63 6.09 6.74 7.42
18.49 16.98 6.47 4.38 9.89 11.49 4.61 5.16 7.55 7.93 8.21 7.1 3.13 5.08 7.41 11.16 16.51 6.75 7.34 6.33 11.05 11.69 11.44 13.03 13.17 16.7 16.56 11.68 17.49 15.88 14.6 12.68 10.99 8.41 8.79 8.44 7.99 6.65 5.46 8.28 12.18 12.73 18.08 35.41 13.55 14.66 14.24 11.05 10.66 8.9 9.84 9.38 16.89 16.07 11.65 6.67 10.13 9.19 9.02 4.37 4.82 7.14 6.96 6.08
16.52 26.63 8.49 4.97 4.81 4.86 3.57 5.68 9.11 13.87 4.94 4.18 3.71 5.82 7.23 17.96 20.51 6.14 7.68 8.06 5.55 6.01 11.54 11.77 8.67 10.99 13.99 23.33 31.9 17.41 20.32 15.38 7.42 7.61 10.92 6.07 5.65 5.43 5.71 8.07 7.84 9.75 16.53 22.38 4.42 7.19 9.12 7.39 10.86 10.18 9.73 9.26 13.35 6.32 11.32 6.22 5.3 4.66 5.19 5.61 7.34 7.03 9.53 9.83
7.57 12.62 6.47 4.58 4.6 3.9 3.44 5.28 10.83 8.86 9.55 5.48 4.26 8.94 8.94 9.39 24.49 10.52 6.13 6.88 4.75 5.63 4.57 6.27 4.9 7.64 8.29 22.31 36.84 24.31 15.59 9.49 4.08 7.14 9.39 9.14 4.47 9.29 8.41 9.19 6.53 9.58 39.53 27.61 11.37 7.36 13.99 9.43 9.43 11.97 23.73 16.26 11.23 7.31 9.45 6.27 5.43 7.16 8.61 7.03 6.09 7.4 7.46 8.58
6.75 8.07 8.17 6.46 8.05 4.01 7.32 13.77 8.76 10.8 14.8 8.71 7.86 8.72 7.1 14.28 21.25 11.29 5.34 8.14 5.07 5.73 4.8 5.76 8.65 6.51 7.29 17.05 22.5 13.81 8.9 12.04 7.21 5.82 6.13 8.13 8.79 7.8 5.56 9.24 4.29 13.8 20.87 17.04 11.1 9.74 12.88 16.03 17.89 12.48 9.95 12.63 8.1 7.25 6.86 6.61 11.6 16.25 10.42 6.21 7.2 12.43 21.2 7.4
11.45 5.94 6.14 5.32 10.48 7.09 7.77 12.27 5.97 16.59 14.43 8.59 4.55 6.32 9.52 8.97 8.83 11.2 9.18 10.42 7.07 9.64 13.57 9.45 10.48 5.89 8.83 14.27 8.85 6.64 13.18 11.91 7.16 9.96 6.5 6.2 5.59 12.8 7.12 7.12 6.89 6.65 13.03 15.02 11.02 8.65 6.1 11.76 5.52 6.03 4.91 8.12 13.36 5.91 4.47 15.13 6.43 3.59 10.45 5.13 5.76 6.87 10.34 9.59
25.47 11.72 7.96 8.69 7.97 9.05 7.7 7.17 8.16 13.99 12.81 5.55 4.78 4.49 8.46 7.31 7.41 15.13 14.5 10.53 9.46 9.24 11.0 12.59 9.68 12.88 8.56 9.55 9.01 8.69 10.87 8.81 5.31 10.75 6.12 6.24 7.31 4.55 5.98 4.58 6.9 8.85 8.73 9.93 7.08 5.96 4.67 4.11 4.77 7.19 9.37 10.82 11.75 6.53 4.05 6.86 3.82 3.57 7.75 5.75 3.69 5.0 7.82 9.56
15.14 22.59 12.38 13.78 12.08 9.37 13.24 8.17 8.97 7.47 6.84 9.69 6.4 6.18 10.28 9.06 7.01 15.53 7.3 20.59 16.42 12.06 11.33 12.79 9.61 8.6 13.38 11.35 16.79 10.71 13.37 9.2 6.1 7.12 10.76 12.22 10.63 4.7 3.82 5.48 9.65 6.49 7.43 10.39 3.44 3.71 3.53 3.31 4.47 14.3 14.99 13.27 8.63 6.39 5.22 4.31 4.48 5.45 3.6 2.0 4.62 5.97 6.73 8.71
41.35 32.61 16.42 6.5 11.99 10.57 8.08 8.75 10.89 9.99 9.94 11.04 10.1 15.36 10.19 9.75 6.79 10.9 9.07 11.55 12.75 8.71 10.48 14.82 7.02 16.08 17.02 11.3 9.62 7.39 13.42 8.03 9.2 8.61 13.54 12.86 10.65 6.64 9.22 8.31 5.56 8.73 6.73 10.46 5.51 6.61 10.16 6.42 7.33 10.45 19.59 12.36 8.51 4.96 7.84 7.54 5.65 5.41 3.6 3.33 6.05 7.92 6.83 6.57
68.29 22.84 16.47 13.05 11.89 10.25 7.76 16.36 10.88 12.75 10.63 18.27 7.71 14.19 19.82 13.15 10.73 6.62 6.2 8.0 17.11 12.17 10.52 9.4 9.7 15.05 11.18 8.03 12.76 10.05 13.93 13.26 15.1 13.01 11.31 9.72 14.73 10.65 7.46 11.78 12.09 10.16 5.01 7.23 12.01 18.07 17.86 9.42 7.69 13.79 23.06 14.16 9.71 7.98 11.54 5.14 5.59 5.05 4.95 4.06 2.3 6.54 7.36 7.8
36.75 17.07 22.31 15.48 10.45 13.0 18.93 21.6 19.8 15.31 7.26 11.47 9.97 10.02 13.15 16.51 10.13 5.92 4.95 4.04 6.81 7.02 8.64 6.26 8.52 9.07 5.87 4.63 8.64 12.15 6.51 9.09 11.57 12.55 16.28 7.17 11.54 8.06 9.92 10.97 23.04 12.23 10.06 7.12 14.15 14.19 19.1 10.51 7.18 18.54 17.9 19.1 6.42 8.95 8.96 6.46 4.79 5.63 9.3 4.52 5.27 2.46 8.06 6.61
16.86 24.66 19.75 12.74 21.82 24.13 16.72 14.38 11.57 6.89 4.89 6.86 14.35 14.27 17.24 8.3 13.94 10.87 6.28 9.02 7.35 7.58 7.95 11.62 6.69 6.43 11.84 6.55 23.59 32.16 18.67 8.2 9.11 10.4 20.23 11.76 7.55 11.39 27.25 15.82 20.08 7.19 5.77 9.56 8.27 6.38 9.62 8.31 9.63 8.85 12.9 16.88 12.56 8.65 6.01 2.81 3.79 2.55 3.57 4.69 9.66 3.61 4.74 4.9
24.08 27.91 22.24 21.65 23.53 31.44 22.05 22.78 15.93 13.37 6.28 7.31 11.25 14.2 17.84 12.87 11.87 6.98 6.09 11.2 8.81 5.14 6.44 7.5 6.99 4.69 9.24 7.48 14.8 20.24 22.22 10.02 8.87 5.33 20.03 16.44 10.0 10.53 12.96 26.98 12.05 8.05 6.66 9.81 8.26 3.89 4.2 8.58 11.39 11.35 16.84 15.23 29.66 16.52 9.91 3.1 5.77 5.19 5.91 5.64 6.92 4.59 4.38 3.13
19.42 16.64 16.41 18.78 23.7 16.65 13.96 24.49 18.76 12.39 11.14 8.58 12.16 12.62 12.1 14.44 9.35 9.31 3.55 12.71 13.31 5.53 6.51 4.96 4.92 4.45 12.54 19.15 18.91 10.94 17.05 11.47 7.13 7.19 10.18 20.05 11.41 8.92 13.25 13.7 20.13 6.65 6.34 8.79 5.1 6.87 8.65 7.41 11.96 19.48 17.97 9.45 12.9 19.07 8.98 4.82 4.52 9.32 7.35 6.17 5.57 5.35 3.5 2.11
18.78 17.55 16.66 15.14 11.77 17.05 22.49 25.65 34.27 16.06 11.93 19.28 9.54 8.85 12.39 23.81 11.67 4.58 8.8 13.18 15.5 5.66 9.52 11.37 5.2 4.45 11.2 17.1 14.89 13.28 11.66 8.52 9.19 7.8 12.87 22.56 9.43 5.92 11.04 11.1 11.91 10.32 7.32 12.31 9.46 5.78 6.75 12.32 14.32 26.18 8.73 7.65 9.14 20.39 8.43 7.98 14.4 20.45 12.14 6.84 9.99 5.41 4.12 2.67
20.53 9.67 13.23 8.71 10.07 7.97 8.76 22.17 25.57 13.44 10.06 12.82 9.31 8.5 12.63 16.45 10.12 7.86 6.47 8.62 9.11 4.71 14.05 12.0 8.03 7.5 9.8 10.21 12.17 14.7 7.85 4.75 6.82 5.84 14.91 14.27 11.53 6.87 7.49 4.84 7.1 13.84 9.11 15.73 8.69 12.06 12.48 8.96 8.13 17.18 8.1 9.53 4.06 5.6 7.8 8.22 13.81 17.89 15.63 10.91 4.75 3.95 4.78 4.94
17.81 8.68 15.11 14.46 12.0 10.79 10.94 25.76 34.19 12.68 11.26 16.4 12.02 12.97 20.57 14.74 25.45 14.85 9.94 7.91 14.49 8.85 10.27 11.02 10.32 7.49 8.22 4.15 11.84 10.88 6.85 10.5 8.77 3.19 4.94 7.21 4.28 6.15 5.59 4.77 6.35 12.25 10.12 9.77 6.79 7.77 12.59 5.79 5.0 10.09 9.84 9.17 4.44 6.79 8.33 11.89 15.43 13.35 16.37 8.07 3.86 3.46 5.52 4.56
8.55 9.19 12.36 8.19 5.95 9.05 12.26 13.84 19.67 15.12 20.21 9.57 5.58 8.96 22.33 24.05 27.69 13.34 11.99 15.27 10.73 10.29 17.98 14.66 13.51 5.5 6.05 7.21 9.14 6.0 14.55 13.95 4.63 3.16 4.52 3.54 4.64 5.45 6.38 8.11 5.56 7.79 11.49 19.74 9.57 6.52 9.13 13.93 8.1 6.68 5.98 11.51 14.92 9.5 12.9 15.05 24.77 25.65 21.52 10.15 6.01 4.34 6.95 3.48
