4.77 8.17 3.83 4.71 8.1 7.17 5.44 4.97 6.67 5.2 6.67 6.85 4.1 5.45 5.79 4.11 9.98 6.25 12.27 8.76 10.08 7.5 7.39 8.5 8.2 17.02 9.67 4.36 4.14 8.88 8.31 9.47 14.6 11.25 12.29 8.63 8.73 7.1 6.7 5.33 7.03 5.85 3.61 8.28 6.4 6.52 8.75 11.47 12.28 6.84 6.96 5.28 6.08 5.06 4.07 4.14 4.33 7.8 12.71 13.89 3.31 2.64 1.85 5.28
4.04 4.48 10.1 8.13 15.4 6.43 7.64 3.97 10.43 8.05 5.03 4.98 3.1 4.64 5.66 7.7 7.92 6.86 5.97 14.44 15.1 7.26 4.2 2.38 6.41 7.38 10.33 3.72 3.71 3.57 4.6 11.9 8.94 16.38 10.12 7.88 4.95 10.16 4.51 7.02 8.57 10.27 12.43 11.7 7.1 8.41 6.96 12.09 9.36 10.17 10.66 10.16 3.96 4.25 8.29 6.61 3.7 6.96 11.68 7.34 6.39 2.32 2.2 3.82
6.11 4.48 7.07 9.52 6.6 7.17 14.57 7.5 6.36 7.98 3.56 6.55 4.82 6.12 8.47 7.22 7.41 5.05 5.73 5.77 6.71 8.56 4.19 3.09 8.03 13.78 16.77 11.42 12.47 4.06 4.09 11.34 16.98 19.98 10.98 4.52 3.78 6.62 4.26 4.8 11.45 8.91 12.17 10.63 6.92 3.43 7.29 9.64 10.89 5.6 7.54 6.56 4.66 2.23 6.03 7.13 4.56 3.82 8.03 6.39 5.61 3.65 1.98 2.44
4.98 3.81 4.05 8.99 9.2 6.65 9.58 5.92 8.14 8.9 6.3 12.72 4.86 5.08 8.91 10.21 9.57 9.71 9.06 7.88 5.09 9.93 6.64 6.32 5.81 8.28 18.43 8.22 9.58 3.53 1.84 7.63 19.83 6.68 9.16 3.3 3.43 4.52 3.76 4.18 5.85 11.01 6.12 8.81 6.52 5.15 12.53 12.34 8.72 9.65 7.85 3.35 8.42 1.9 5.3 8.18 7.53 1.91 6.81 8.16 9.96 4.08 4.01 3.79
7.51 4.27 3.88 5.86 5.22 10.39 6.83 8.83 7.6 11.6 10.39 17.93 10.12 7.34 9.41 11.44 16.42 7.05 5.33 3.55 3.59 3.3 8.44 8.26 3.35 6.16 10.81 12.02 5.42 5.49 1.29 7.9 6.7 6.84 7.11 8.54 5.16 5.86 5.13 7.17 8.82 9.78 7.74 7.52 9.97 12.9 14.9 11.37 6.19 11.09 4.89 5.53 5.48 5.81 5.39 4.6 4.34 5.12 5.96 12.2 8.46 2.87 3.59 6.27
10.01 3.97 8.96 8.12 5.84 5.95 11.08 9.0 7.98 10.59 10.33 11.43 12.74 11.81 12.22 9.39 13.56 10.29 4.18 3.09 6.32 4.31 4.17 7.44 4.13 7.66 11.17 11.67 7.64 4.19 3.62 7.11 4.61 4.06 12.02 6.76 6.05 2.6 4.15 7.21 9.95 7.82 7.64 4.73 4.67 5.62 8.99 10.51 6.42 9.81 6.15 6.93 4.78 5.28 8.31 3.96 4.58 3.38 5.55 6.51 17.75 3.35 4.7 3.99
10.06 15.52 6.73 6.48 5.26 4.49 9.44 10.11 7.06 3.42 3.09 3.79 16.7 9.5 16.55 8.29 10.68 10.31 7.48 6.86 5.02 7.66 6.19 5.17 4.49 5.56 5.5 8.57 5.18 3.94 8.01 9.53 5.94 3.75 13.39 6.9 3.86 5.45 3.84 6.76 9.18 11.76 8.82 5.23 2.66 3.27 18.36 8.59 14.04 11.15 8.52 5.4 7.24 6.52 6.7 11.07 4.52 4.2 3.75 8.11 11.92 5.63 3.09 4.97
14.36 16.82 8.19 8.5 9.1 8.46 3.27 8.45 9.01 8.78 1.9 4.79 9.62 10.08 9.22 18.32 13.98 6.42 8.31 13.99 11.43 8.1 10.92 4.7 4.24 5.49 7.92 7.49 5.41 4.11 5.82 6.45 10.21 4.28 11.11 4.51 4.15 5.69 6.31 4.49 7.13 10.51 5.47 5.43 3.1 6.28 6.85 12.79 7.15 28.33 7.16 5.41 7.35 7.03 6.9 11.02 4.51 2.65 3.62 6.43 8.02 4.65 5.28 4.79
17.08 23.96 14.76 16.46 12.85 11.37 7.5 5.89 8.09 4.83 3.73 2.0 5.68 6.65 9.04 14.39 27.89 6.66 5.96 7.56 8.82 14.44 12.13 8.29 7.31 5.37 5.94 5.63 10.66 6.84 5.34 5.16 5.21 3.44 6.89 9.95 4.56 8.15 5.55 8.95 6.16 4.52 4.34 4.63 6.74 8.0 4.8 7.65 5.91 12.94 6.31 5.35 3.69 7.44 4.39 4.98 3.98 5.37 6.12 9.41 14.46 6.58 9.68 5.86
15.29 8.3 15.05 11.81 10.01 8.7 7.29 8.54 5.58 8.88 3.38 3.16 5.15 8.28 6.85 20.77 15.05 8.75 4.6 4.69 17.86 28.06 12.83 8.64 7.62 8.3 9.86 9.56 16.3 10.53 9.4 7.39 7.22 7.09 7.72 15.64 5.8 8.76 8.67 14.9 4.81 6.61 2.43 2.52 5.03 3.36 2.85 3.96 5.01 9.47 8.99 6.15 4.8 9.07 5.7 7.41 6.21 11.12 7.81 9.77 13.63 7.74 8.87 3.69
15.49 10.56 14.63 16.19 10.6 12.18 11.34 13.54 10.42 7.44 5.0 5.72 6.73 7.18 6.77 19.41 12.94 7.37 3.78 4.3 10.12 12.79 12.53 11.6 5.33 9.37 10.93 13.43 14.62 18.19 9.21 5.98 4.28 5.38 6.89 11.58 5.58 6.36 14.15 16.07 17.08 5.43 3.45 2.98 6.6 3.17 5.4 3.74 7.78 12.48 10.32 3.69 11.57 7.54 9.03 18.58 9.9 10.41 18.48 11.99 7.68 12.41 9.83 5.66
14.22 12.93 15.01 14.48 10.33 8.43 11.04 17.09 15.13 16.35 7.48 7.3 7.15 7.43 5.78 11.7 9.0 6.46 3.22 5.55 5.77 7.56 10.03 7.17 5.74 20.63 19.7 13.52 18.85 8.04 9.13 6.41 9.92 8.26 9.62 14.92 13.22 9.12 15.68 28.56 29.1 8.66 6.9 9.66 4.3 2.97 6.1 7.38 6.99 8.19 6.04 6.22 6.36 7.22 4.24 13.61 11.37 17.84 13.12 8.73 9.8 13.6 17.9 6.62
17.58 11.97 19.16 12.93 9.3 7.95 15.11 20.44 15.16 22.67 12.51 8.58 8.54 17.05 8.96 17.06 14.56 5.29 7.2 5.64 5.22 5.57 6.75 9.64 8.59 20.9 13.54 16.82 12.87 16.54 7.83 14.71 7.67 11.71 12.83 13.67 12.43 8.01 17.52 32.49 18.93 6.21 7.86 7.09 4.65 4.22 6.01 11.54 7.14 3.62 4.42 8.83 4.63 11.9 4.78 9.01 7.46 13.48 6.7 12.5 15.95 6.61 11.55 7.54
21.7 22.3 15.74 13.52 11.15 5.62 13.02 13.22 9.41 8.44 12.68 6.94 11.61 12.39 6.75 11.05 8.03 6.05 4.41 7.03 7.01 10.18 4.55 8.46 10.54 19.63 16.19 16.69 11.51 6.97 15.75 11.43 8.29 8.83 8.97 7.59 13.64 12.54 22.21 22.84 12.99 20.89 10.73 10.78 8.28 8.97 9.07 10.38 10.33 5.13 9.13 4.83 4.16 6.92 8.33 10.96 8.05 10.53 5.47 11.28 16.77 8.6 15.38 13.28
10.38 14.18 12.59 10.34 9.57 9.14 7.64 15.88 13.0 20.33 11.89 6.81 13.11 10.78 6.03 6.06 8.14 6.13 7.52 4.5 11.12 9.51 5.87 10.71 6.61 9.98 7.18 19.8 14.33 7.97 5.72 10.95 6.86 9.29 7.75 8.4 15.43 8.18 26.61 11.63 10.26 9.62 7.94 10.21 15.07 9.5 15.52 15.8 20.35 9.98 6.53 4.24 4.17 8.26 7.61 8.75 7.72 9.04 11.44 9.75 12.49 27.25 14.45 17.48
10.83 16.43 17.78 10.2 13.04 9.73 15.12 20.85 17.49 45.27 9.7 4.9 5.95 6.7 2.95 4.42 7.81 3.09 3.41 3.43 5.92 6.28 11.58 3.56 3.95 5.06 8.29 16.16 13.61 6.1 5.18 7.16 6.77 6.16 3.81 9.88 10.88 11.61 11.16 12.85 10.2 18.75 18.38 30.5 16.35 21.17 29.94 11.3 27.8 22.35 8.43 5.5 2.88 5.95 6.56 11.2 11.28 7.84 5.15 6.75 10.2 18.99 11.99 11.82
10.84 14.4 12.03 9.89 7.65 6.12 16.97 14.04 21.44 13.75 5.91 2.05 6.08 5.63 3.18 4.2 3.73 2.75 4.54 5.63 5.01 6.37 13.03 8.09 6.37 4.76 9.29 14.88 13.71 9.23 8.61 6.06 7.5 5.35 4.63 9.38 16.7 18.57 11.31 15.86 13.33 27.88 13.87 20.07 16.3 23.39 24.1 9.57 14.3 5.78 8.29 3.44 3.49 9.0 7.1 9.67 11.11 11.9 7.15 17.2 10.21 20.73 7.17 12.78
10.38 7.37 7.83 13.49 9.38 9.51 13.82 13.91 16.7 25.56 17.45 8.97 7.35 14.78 4.92 3.97 3.29 4.85 3.03 7.1 6.21 10.99 8.78 8.28 5.69 4.76 4.18 8.32 5.84 7.7 4.5 8.86 3.61 2.76 3.9 8.82 7.95 9.5 8.19 11.74 12.18 25.83 15.18 28.22 25.18 20.75 14.61 15.25 10.81 6.72 5.96 5.49 8.74 12.2 14.82 8.14 9.32 8.17 21.38 12.01 7.69 15.76 5.09 7.18
5.88 10.4 7.53 7.47 14.01 6.68 9.52 15.21 10.77 15.4 27.27 10.9 14.82 9.99 4.43 2.13 4.24 7.33 6.46 4.65 5.97 6.95 9.18 8.7 4.4 3.22 4.22 6.41 9.89 10.2 11.4 8.96 8.35 4.6 9.05 8.69 11.26 6.55 10.51 13.5 12.3 21.37 21.64 30.89 41.84 15.26 13.93 8.79 6.45 4.25 4.27 5.4 9.68 7.35 4.67 6.36 7.38 9.2 7.67 7.92 6.15 11.08 6.44 8.94
4.49 11.9 9.78 9.0 8.71 4.54 8.2 13.79 12.79 14.13 15.01 17.99 11.39 9.77 3.39 6.51 5.16 6.0 7.02 7.67 6.19 5.96 14.48 9.24 7.47 3.72 6.45 11.26 12.58 19.53 18.98 6.19 7.82 8.93 9.75 6.02 9.09 7.36 7.58 5.24 8.55 15.66 17.8 25.33 22.72 9.25 5.94 4.71 4.22 5.6 4.81 3.66 3.79 4.18 8.64 5.33 7.98 8.7 8.14 9.77 5.69 8.11 11.91 17.73
8.3 14.53 10.14 14.89 4.98 3.77 13.59 12.39 12.08 12.65 11.28 7.78 8.67 3.61 3.44 4.73 5.2 7.37 6.24 6.65 5.41 10.13 9.27 11.34 8.31 7.3 6.07 20.42 24.05 20.84 11.13 5.67 3.99 5.44 4.3 5.82 3.45 3.7 3.26 7.91 7.06 16.15 15.77 19.05 20.44 14.46 7.56 6.72 5.09 6.72 9.21 4.44 3.41 4.51 5.68 3.79 4.13 6.69 5.79 5.13 4.92 13.39 17.27 12.6
6.89 13.57 10.85 14.47 6.01 3.59 3.82 10.12 8.42 11.37 7.33 7.51 5.37 5.88 5.36 4.43 6.33 7.6 15.67 14.46 22.03 19.87 11.18 7.64 11.48 14.06 11.51 25.7 29.91 14.36 5.61 6.76 7.79 3.62 3.31 2.28 1.17 1.97 3.2 7.07 4.4 6.79 13.34 25.19 27.23 9.56 6.53 5.59 4.21 2.83 5.71 3.81 5.32 3.08 3.78 2.7 6.94 5.49 7.05 3.94 5.19 16.41 14.69 8.71
6.79 28.32 9.94 9.71 15.12 6.25 4.46 8.26 7.73 8.38 12.42 5.5 3.39 2.48 2.39 3.54 5.42 4.27 13.39 29.17 23.42 11.25 14.13 13.1 15.1 30.89 9.1 21.83 16.83 14.74 5.3 6.56 6.1 4.79 2.72 1.81 2.08 2.95 6.11 4.8 5.36 6.13 11.98 14.31 25.31 9.99 4.9 6.14 4.06 4.68 4.16 5.95 4.96 2.6 3.9 6.14 5.53 4.26 4.02 4.18 8.17 8.01 15.58 8.15
11.84 17.74 9.91 8.46 11.3 6.32 6.52 3.68 6.18 6.69 6.51 3.99 4.01 1.76 1.94 3.5 8.94 7.86 11.6 24.69 29.7 11.65 29.32 23.85 45.33 14.69 19.96 15.67 24.77 9.5 7.36 4.35 9.38 5.77 1.47 2.04 2.73 4.83 5.01 6.58 5.44 5.67 10.3 17.29 12.92 9.27 5.97 4.71 7.48 3.7 5.89 2.94 4.61 5.86 9.28 8.26 8.99 7.35 5.29 9.52 9.35 10.54 10.82 12.3
23.98 16.16 10.89 9.37 7.81 8.24 13.62 5.55 7.09 14.54 5.43 4.51 3.25 3.08 3.32 5.27 11.58 24.58 8.95 17.39 12.57 16.66 20.18 22.13 28.01 16.29 10.34 10.64 13.28 11.42 10.24 5.52 6.62 3.14 2.84 2.22 3.51 3.65 4.16 7.14 13.23 4.26 6.19 13.66 7.93 9.95 5.81 9.84 5.46 7.08 4.6 5.67 4.55 10.13 11.19 10.37 14.52 7.5 6.56 6.64 16.66 9.31 8.11 6.44
30.65 16.42 11.36 11.83 9.48 6.17 6.81 5.13 4.45 3.96 5.11 5.22 5.09 5.94 4.66 3.78 10.69 17.43 20.49 20.47 14.64 20.83 15.27 11.37 22.0 30.08 12.93 9.53 7.72 11.88 8.49 6.84 9.48 3.59 4.69 3.44 5.98 11.92 5.8 5.29 6.57 7.51 6.39 18.24 10.21 18.5 3.28 14.39 4.7 6.07 5.75 3.07 4.09 5.57 7.49 13.36 10.3 3.38 5.43 8.05 15.0 8.53 10.33 8.95
17.95 17.4 10.13 11.28 16.54 7.49 4.37 4.15 6.17 4.62 7.55 8.47 4.1 7.05 5.24 7.14 14.64 22.66 24.41 30.69 16.17 8.35 14.65 9.41 14.93 11.77 12.53 4.52 10.18 8.0 6.75 6.1 4.78 3.55 6.4 4.52 6.37 5.52 9.44 5.04 12.26 9.91 10.27 9.23 17.63 10.45 6.93 7.27 2.72 3.86 4.3 2.51 4.48 7.3 6.89 8.8 4.61 4.39 6.13 8.34 10.37 8.12 16.03 12.29
16.45 6.9 16.58 13.54 8.32 8.51 2.41 2.56 2.57 5.38 3.02 5.18 4.34 4.17 6.24 6.96 12.59 13.15 14.76 12.7 21.61 9.3 11.61 12.38 8.51 14.92 15.12 6.8 5.36 10.2 6.16 6.56 3.45 4.59 7.21 6.01 5.25 7.53 7.58 11.54 8.7 8.51 7.82 8.37 12.33 7.59 5.47 6.04 4.8 4.23 3.7 3.85 5.55 8.48 8.94 3.11 2.88 5.64 4.62 5.03 10.88 5.3 11.57 12.79
32.53 7.34 17.92 12.95 7.18 4.77 3.68 1.7 2.62 3.01 4.04 4.94 4.36 4.1 6.23 9.99 8.17 9.72 11.53 13.61 20.37 19.8 29.2 24.42 10.41 27.3 8.8 5.84 2.88 5.62 5.88 3.03 2.44 5.02 8.73 5.65 11.16 13.66 17.75 21.98 23.17 9.03 3.66 6.45 6.02 8.98 6.54 5.27 5.62 2.94 3.7 9.43 6.43 6.79 5.34 3.71 2.05 5.15 2.97 6.14 5.88 3.79 3.86 6.32
20.07 19.79 14.54 23.63 14.32 6.31 2.47 2.68 2.17 3.39 2.96 3.13 4.14 6.3 2.63 5.03 4.33 3.45 6.21 11.53 12.25 19.3 29.09 12.96 11.42 10.63 6.41 8.33 5.68 4.86 4.12 4.77 2.46 10.06 16.01 16.92 20.21 17.71 16.3 15.42 15.37 7.58 6.78 3.25 7.98 7.56 6.62 3.48 5.08 3.04 5.75 4.14 5.95 9.61 6.57 3.7 2.68 2.5 4.9 7.15 6.26 3.6 7.1 4.15
17.58 14.04 11.39 15.28 13.96 4.86 2.55 2.48 3.6 4.71 3.32 2.26 8.41 8.17 4.24 4.28 6.19 3.83 4.44 12.93 18.48 26.79 23.36 28.45 9.65 12.65 9.11 12.35 5.39 4.29 3.94 4.5 5.18 4.72 14.0 16.43 10.73 6.51 15.46 13.22 13.49 6.82 6.57 4.43 6.28 6.19 5.66 6.66 4.76 7.29 5.58 4.82 7.29 28.05 6.35 6.9 4.54 5.85 3.89 8.79 8.18 8.62 13.68 6.64
9.24 9.6 11.13 17.7 8.81 4.54 4.34 3.36 5.92 4.81 3.75 4.75 9.41 21.18 12.27 10.01 9.95 5.84 5.9 8.91 30.18 13.86 14.18 12.45 6.9 4.8 9.83 4.0 5.13 5.74 4.5 3.9 6.38 10.5 12.94 9.53 10.6 14.76 15.97 10.2 10.75 7.6 7.37 7.79 6.95 2.31 5.26 9.31 14.18 8.23 9.02 7.47 9.67 11.78 17.01 7.5 5.26 8.73 3.98 4.76 9.94 8.31 9.51 5.21
5.84 2.97 4.23 4.82 3.91 3.58 5.41 2.43 6.71 4.13 5.6 8.97 6.22 14.02 9.91 12.41 10.1 9.64 7.44 11.44 15.07 13.68 10.31 11.31 11.36 5.73 3.98 5.33 7.71 9.57 11.09 12.97 9.0 12.58 8.7 8.34 11.85 12.03 7.53 6.87 9.05 8.3 3.93 7.0 5.01 6.51 4.61 16.68 10.72 9.14 8.72 18.74 8.3 7.74 11.0 7.22 8.57 14.23 7.45 6.08 7.55 11.73 12.3 7.76
2.39 7.48 3.38 3.22 2.77 4.59 5.61 6.72 13.6 5.42 8.54 6.7 10.17 27.83 15.44 15.96 14.24 8.53 9.26 12.01 10.22 11.25 13.1 7.47 9.92 5.93 4.42 3.81 9.35 3.87 5.9 13.56 4.7 6.62 8.1 12.78 10.98 9.63 4.09 4.23 4.01 3.67 3.22 6.1 6.46 5.46 5.81 12.61 15.82 18.5 16.1 16.03 10.22 9.13 5.39 5.93 9.09 10.83 8.08 9.58 5.16 13.94 9.69 7.5
3.69 6.09 4.13 2.0 2.0 3.76 9.38 8.02 6.7 4.91 7.27 7.56 12.58 40.81 23.48 15.98 15.03 8.65 8.93 10.47 7.82 8.74 9.57 9.91 6.16 6.22 3.75 3.61 6.99 8.71 3.6 5.82 4.36 6.36 10.25 7.76 6.62 5.26 5.15 2.54 2.94 2.91 2.41 2.74 3.97 3.24 6.12 15.95 29.61 16.06 16.42 15.01 16.4 8.79 5.93 7.71 6.94 7.59 4.4 6.76 7.41 8.87 17.88 8.19
3.26 4.16 6.23 3.84 3.56 4.76 19.47 10.69 8.56 5.07 7.08 5.99 9.87 27.26 27.95 14.02 12.38 8.8 9.35 10.77 16.42 7.96 14.84 9.75 5.0 3.68 4.8 4.38 9.17 9.64 2.09 3.81 2.74 8.35 4.63 4.19 3.92 4.71 6.39 3.58 2.09 5.09 2.58 2.42 2.7 6.09 8.11 15.72 16.81 15.02 21.55 19.47 12.57 7.38 9.02 4.48 2.53 5.18 2.38 8.99 7.34 10.17 7.08 16.95
6.21 6.79 7.32 5.88 6.0 8.8 15.65 6.35 7.22 8.45 8.63 7.17 10.8 17.96 16.12 16.23 10.7 14.78 5.3 6.68 3.66 10.06 7.52 7.12 3.2 1.62 3.27 5.61 7.93 5.33 5.11 5.87 4.0 7.34 4.47 3.74 5.07 3.16 7.82 6.52 3.47 2.93 3.23 1.31 5.32 5.3 8.26 7.04 12.47 9.7 17.46 17.66 9.55 12.38 10.75 2.41 2.56 4.55 2.62 5.72 8.03 8.63 17.5 14.49
4.85 5.75 6.04 7.68 7.75 12.68 8.55 19.29 5.53 13.66 5.43 9.47 7.32 14.4 17.1 16.88 11.23 8.73 6.21 4.42 5.85 7.78 7.07 6.74 6.43 6.02 3.33 4.68 5.12 8.49 7.01 12.07 5.44 5.5 3.82 4.08 2.88 4.02 6.99 5.55 1.95 1.75 1.6 4.46 6.95 5.43 6.49 4.99 9.99 16.44 22.15 9.29 11.07 9.69 8.77 5.89 4.44 2.92 4.1 7.76 4.98 8.79 12.19 15.68
4.34 6.52 7.22 9.01 12.59 6.78 11.0 13.81 10.18 7.37 10.76 10.03 9.94 14.17 14.01 16.96 9.14 6.74 2.86 5.29 5.95 5.22 8.23 5.66 5.32 3.69 5.88 3.64 7.83 5.76 3.67 6.63 7.4 4.08 3.17 2.22 1.97 5.09 8.35 5.79 3.49 5.3 3.35 8.47 5.29 6.03 10.31 5.99 4.7 11.02 11.11 7.98 7.66 8.63 8.39 7.06 6.32 5.08 2.68 4.22 6.18 14.26 11.42 31.31
5.19 4.95 3.64 6.57 7.3 7.33 8.07 9.7 8.16 9.23 8.88 6.93 26.03 18.86 25.5 9.12 6.56 4.07 1.92 4.32 6.79 3.05 5.91 4.7 3.78 2.85 5.16 6.26 5.21 5.01 2.79 5.18 3.99 2.41 2.74 2.99 2.1 4.93 8.34 10.28 7.37 9.3 5.02 6.44 9.87 9.02 6.99 5.54 5.01 6.04 9.43 6.18 5.39 6.33 18.27 4.95 8.23 6.15 4.92 4.22 13.57 10.73 7.74 20.03
9.32 7.62 4.11 3.3 4.78 9.32 11.28 7.08 6.33 4.49 7.02 7.42 24.64 20.03 25.21 14.47 6.78 6.34 2.83 3.54 5.97 9.01 8.62 3.84 2.56 2.84 3.93 4.67 4.72 4.66 5.3 3.95 4.94 2.06 3.26 3.71 2.45 2.74 4.98 9.16 10.31 11.67 3.56 5.37 4.9 10.43 7.75 9.67 4.87 3.05 4.04 8.11 7.24 7.26 13.79 5.12 6.32 6.14 7.28 6.8 8.73 9.42 11.29 14.99
5.75 5.96 1.72 2.95 3.37 8.39 4.81 4.99 4.15 3.36 3.19 6.51 15.25 15.7 29.55 24.24 6.49 4.16 2.3 3.55 4.89 8.37 8.5 5.57 4.02 4.76 3.28 3.19 4.24 9.04 4.08 3.08 5.82 2.56 3.5 3.06 3.75 5.45 12.91 9.94 12.02 11.86 5.12 5.53 3.25 5.09 7.42 7.05 3.64 5.93 6.07 7.05 13.69 12.96 15.15 12.76 4.99 4.12 6.7 8.28 6.16 9.98 7.14 9.95
13.19 8.83 4.53 3.07 3.52 5.02 4.11 3.89 2.79 2.33 6.06 6.06 14.51 11.66 13.68 11.7 6.92 4.71 1.71 2.61 4.35 4.26 12.64 9.41 5.17 8.59 8.61 4.1 3.93 7.24 4.87 4.72 7.66 2.68 4.68 6.52 5.02 7.13 11.55 8.47 14.99 9.78 5.22 6.12 3.17 5.87 5.89 8.95 3.28 17.56 16.28 16.0 20.17 19.93 14.02 8.87 6.21 2.91 4.09 3.46 4.18 7.4 5.56 10.11
17.0 10.94 5.89 7.62 3.72 2.73 3.73 3.18 2.5 3.51 4.49 2.62 7.63 10.2 8.93 6.93 5.49 6.2 2.91 2.86 5.94 6.22 7.91 10.58 8.37 11.1 12.06 4.41 6.07 7.15 11.41 3.65 5.65 4.38 4.01 12.34 8.56 12.84 7.79 11.28 9.23 8.31 4.47 4.14 5.39 1.44 2.43 7.0 7.63 5.83 19.05 13.47 15.32 24.76 18.43 8.66 3.82 8.39 3.85 6.26 5.33 8.21 9.13 11.55
16.24 12.91 10.35 5.78 4.58 5.38 4.11 6.13 2.15 4.1 3.17 5.91 3.09 5.51 6.51 10.24 7.18 5.91 4.02 3.98 9.27 6.16 6.66 11.91 9.85 13.34 10.3 12.93 7.2 9.41 8.08 3.88 6.74 5.1 6.72 7.89 9.44 7.35 17.08 10.65 11.83 7.7 3.96 4.7 4.57 2.69 2.49 7.82 6.19 6.54 19.37 18.32 26.3 24.82 30.23 12.71 14.78 9.18 12.52 4.01 4.66 5.47 11.01 8.45
8.18 18.84 7.32 5.72 5.88 9.17 4.96 6.64 3.51 2.15 2.03 3.42 3.9 5.83 6.12 9.83 5.08 5.12 4.15 5.41 7.19 4.08 7.33 8.8 8.71 9.18 16.14 21.48 11.91 5.78 5.78 5.89 5.66 7.97 5.79 11.43 6.99 7.98 21.85 20.06 15.86 7.52 6.31 4.08 3.64 3.55 5.52 6.47 6.14 13.91 13.14 13.28 15.62 22.24 14.17 13.08 13.01 14.88 8.46 6.32 5.64 10.21 5.46 6.27
5.31 5.9 4.95 3.77 6.51 4.77 8.71 2.99 1.88 2.51 5.16 4.32 6.11 6.0 2.98 4.14 6.64 9.98 7.67 4.12 4.18 4.58 6.29 9.42 10.59 9.84 12.58 11.94 12.27 5.61 6.28 6.08 7.95 8.95 12.49 19.49 3.68 3.91 13.67 20.47 13.41 4.39 3.79 6.58 3.07 1.52 1.9 8.17 13.28 12.67 18.91 16.2 13.58 28.48 16.04 16.29 15.05 15.13 21.56 8.89 9.01 9.63 10.75 6.07
4.49 10.8 7.76 9.21 4.77 3.14 11.69 5.41 2.46 3.67 6.31 3.43 6.28 3.32 3.31 2.3 6.76 6.08 6.52 3.19 4.76 5.16 3.58 6.79 8.93 13.97 4.76 13.33 8.26 15.33 7.0 7.26 8.02 10.97 15.77 10.73 6.64 2.39 19.09 5.66 9.92 4.39 7.61 9.39 4.45 1.83 2.09 10.09 12.28 10.99 23.03 25.86 16.61 21.4 25.83 16.77 19.67 10.45 17.97 6.9 8.25 8.54 10.04 5.41
5.42 11.49 7.93 3.15 2.66 2.71 4.44 2.62 3.76 3.19 3.23 3.93 2.18 2.19 2.22 2.99 4.51 5.66 3.86 6.78 3.72 2.66 3.77 13.37 15.12 7.77 7.04 8.14 7.4 10.05 8.22 10.11 14.92 15.36 20.63 10.42 7.0 4.95 7.58 2.49 3.86 3.79 6.95 8.99 5.16 4.95 3.4 9.87 11.17 12.96 16.04 12.5 20.3 18.18 18.02 18.32 23.74 13.71 14.93 7.15 8.79 13.65 14.59 16.04
4.7 6.43 3.48 1.44 3.27 4.19 5.36 3.62 6.41 4.91 4.28 5.98 2.12 5.04 5.11 3.01 7.37 4.95 5.17 7.5 4.89 1.47 3.88 5.3 9.5 10.15 9.41 4.72 5.02 11.36 11.6 22.81 15.92 10.47 9.18 8.23 10.52 7.05 5.56 1.97 3.57 2.88 7.77 8.3 7.55 10.65 7.93 9.42 15.67 24.32 8.83 14.02 14.34 20.11 17.95 22.79 13.91 9.25 8.25 8.53 9.78 11.63 10.37 11.78
5.38 6.79 3.57 6.73 6.47 4.8 4.12 4.39 4.3 4.35 6.16 4.31 1.99 3.54 2.63 3.05 6.7 6.76 11.78 7.75 4.15 3.41 4.43 5.68 11.88 8.97 10.05 5.11 9.85 13.27 11.29 12.34 17.43 14.94 9.06 4.12 11.66 10.02 4.91 5.69 3.17 5.17 4.89 6.95 7.07 7.5 6.34 12.99 14.9 8.37 4.74 6.13 8.57 19.66 17.69 16.63 12.73 12.12 6.75 16.5 11.81 14.73 14.52 12.31
9.13 6.02 5.25 4.36 5.97 2.89 3.49 3.47 7.3 6.11 9.39 3.89 1.95 1.88 3.61 3.88 6.23 5.86 11.52 9.94 7.29 4.66 5.97 5.35 8.6 4.46 5.51 13.17 10.11 10.38 9.07 17.71 6.84 12.03 6.94 6.2 9.9 15.92 7.79 3.52 2.99 6.28 4.82 5.31 16.35 12.08 10.86 15.56 19.18 7.84 11.44 9.51 14.98 19.35 34.08 15.94 16.58 18.59 12.13 34.56 15.63 29.59 17.1 12.03
12.94 16.4 8.78 4.55 6.89 6.31 3.99 8.28 6.53 8.07 5.4 3.74 1.79 2.14 2.07 3.46 4.4 8.7 7.58 5.23 4.95 4.78 9.22 5.96 4.67 2.26 6.86 13.35 15.34 4.5 5.47 11.19 5.34 6.84 6.81 12.11 11.44 10.24 10.5 8.52 5.62 7.48 11.43 6.41 21.91 20.0 19.16 14.52 15.98 13.28 12.64 18.46 15.83 19.53 23.86 12.0 12.87 10.76 13.25 10.48 11.14 12.6 18.9 10.47
3.65 11.68 5.67 3.86 6.65 3.25 5.3 8.58 8.9 3.98 4.08 4.36 3.3 2.76 3.05 3.38 5.86 8.32 6.21 10.7 6.01 8.99 9.16 5.58 3.97 3.91 5.3 5.68 5.49 8.77 5.58 6.36 5.38 3.57 4.44 20.28 19.71 15.3 12.06 9.73 7.06 6.83 18.72 9.86 19.42 11.84 33.87 16.23 14.82 11.42 18.97 18.31 15.01 20.77 20.0 16.08 7.32 14.22 9.55 21.97 11.51 17.5 15.65 8.37
2.42 4.96 4.4 5.37 5.36 4.88 12.14 11.86 8.62 5.74 6.9 4.94 5.25 3.5 2.65 3.96 3.62 4.0 5.84 9.8 5.3 8.44 9.22 4.8 5.62 4.08 5.58 8.26 10.51 8.85 6.01 6.92 8.66 10.02 8.25 19.09 17.76 14.97 13.72 17.44 9.9 10.82 14.41 10.28 12.24 28.05 25.22 49.39 13.76 14.91 12.19 15.66 17.32 12.58 21.09 8.93 7.45 7.9 14.45 9.0 7.13 5.82 6.07 5.79
4.55 6.74 4.31 6.5 4.09 11.27 17.12 12.66 15.98 9.37 7.13 3.04 3.33 4.89 3.75 2.76 5.29 4.86 5.76 10.39 5.69 8.35 3.81 4.87 5.01 3.3 3.54 15.18 16.11 7.74 5.76 17.15 11.3 6.66 6.38 11.56 10.15 9.23 8.15 14.21 17.54 10.25 23.34 10.0 15.7 21.27 44.67 31.45 14.41 13.34 14.9 16.25 15.54 9.22 13.3 6.79 4.59 6.59 12.37 7.32 4.06 3.58 6.52 3.32
3.81 11.42 11.76 4.29 10.12 10.79 23.12 25.91 20.39 10.24 8.16 4.39 4.81 9.89 3.56 3.07 4.63 5.41 4.39 7.16 8.65 4.05 3.87 2.6 5.83 3.16 4.62 8.6 17.83 5.14 5.91 16.29 10.18 7.58 8.29 13.52 9.92 11.07 9.58 18.87 16.45 14.65 20.82 14.98 12.16 18.54 26.66 19.68 14.34 20.91 20.81 14.68 8.96 6.06 9.19 6.03 4.9 10.0 6.9 3.73 3.59 1.89 3.95 4.03
3.19 28.81 14.45 17.79 9.48 15.85 14.37 30.59 26.47 8.88 12.8 4.48 5.19 4.35 4.03 3.47 4.99 2.28 2.27 6.42 6.57 5.23 4.69 3.72 4.73 4.35 9.64 6.49 13.86 9.41 9.69 6.08 11.95 6.24 8.35 11.45 12.87 8.68 9.66 11.68 13.63 21.21 17.28 15.68 14.39 16.34 10.72 15.81 14.58 13.64 14.44 6.36 6.43 4.4 4.22 2.62 4.48 5.8 2.04 6.76 6.06 4.61 3.54 5.11
6.65 15.76 19.65 19.86 12.76 24.97 13.91 16.52 16.97 11.4 6.81 4.52 3.45 4.57 8.73 5.05 4.07 4.01 2.44 4.14 3.47 4.21 5.64 5.3 3.18 2.45 4.7 6.43 13.54 7.11 5.73 4.13 6.06 14.66 11.95 17.33 8.22 8.29 7.44 18.86 17.61 27.2 13.53 26.07 17.71 15.01 5.39 17.42 8.81 6.3 6.41 6.63 5.22 3.73 3.19 4.77 7.2 9.08 3.14 3.65 5.65 5.52 7.64 7.19
16.55 9.07 25.59 7.29 8.26 15.52 14.47 15.19 14.5 4.1 3.32 2.85 5.49 5.18 11.42 7.35 8.01 3.77 4.28 3.44 5.45 8.9 6.35 7.02 10.21 7.23 4.4 5.85 12.73 7.74 4.48 7.91 5.12 15.52 16.25 16.52 7.88 8.16 6.44 8.12 9.09 14.05 13.23 8.5 7.57 6.9 7.2 9.16 7.44 3.65 3.95 10.54 5.3 4.25 3.48 5.74 4.42 5.67 4.82 3.86 5.58 7.26 9.49 6.05
8.05 8.92 14.06 5.39 5.65 11.02 9.76 22.08 4.79 3.09 4.24 10.77 8.54 8.74 5.2 16.89 7.66 7.03 3.34 10.22 4.59 4.77 8.66 15.88 15.4 11.12 7.43 4.68 18.14 7.98 7.55 2.61 3.61 5.68 10.78 9.78 6.55 8.81 7.63 4.42 4.15 15.3 11.47 6.97 7.31 8.09 14.5 7.39 7.0 3.33 7.28 6.44 12.45 2.82 4.51 5.11 8.35 8.34 7.31 8.09 9.58 10.47 8.38 6.99
12.69 12.87 10.96 6.0 6.18 7.49 7.38 12.01 5.0 5.03 9.13 5.49 8.3 6.62 7.38 10.07 6.64 6.49 5.79 14.36 6.05 4.79 8.03 24.04 11.29 11.76 9.07 7.24 17.56 12.81 13.03 5.49 5.12 5.08 4.42 5.1 7.75 9.74 11.21 3.83 3.44 7.29 6.32 5.93 6.02 8.69 7.42 8.85 4.96 4.33 5.75 10.91 6.25 11.74 5.54 4.6 6.49 8.32 10.95 11.63 13.38 11.49 7.44 13.54
20.1 8.54 10.37 14.82 5.68 6.94 4.27 9.58 5.94 13.63 8.17 11.58 9.12 6.73 14.98 7.64 10.07 12.5 9.45 7.32 8.67 11.18 15.88 21.73 8.95 9.41 7.23 13.18 13.97 10.85 6.6 4.55 6.75 2.79 2.4 2.41 5.23 3.91 5.72 5.33 2.89 2.8 1.96 6.09 5.16 7.02 6.53 7.8 5.06 4.86 6.77 9.71 3.26 6.81 14.22 6.5 7.42 7.17 14.61 10.35 16.39 11.49 12.88 14.46
18.18 7.32 9.6 16.63 5.8 5.58 9.56 16.82 13.8 7.52 12.28 11.61 12.5 9.27 11.05 16.03 13.13 19.35 11.35 5.92 10.15 20.53 9.99 11.15 7.91 6.29 3.18 11.28 6.19 6.99 3.6 6.12 5.87 5.75 3.67 2.54 3.23 4.58 8.7 9.07 7.83 2.82 3.34 5.04 5.32 5.54 6.0 4.35 4.52 4.05 3.39 4.83 2.89 4.75 7.92 6.61 3.4 8.42 21.03 10.6 11.13 10.75 13.71 11.63
