4.06 7.11 5.6 8.39 17.25 8.32 8.16 6.4 5.94 9.0 8.31 14.38 7.44 8.64 8.15 4.11 5.87 12.64 17.72 21.3 9.05 11.11 8.5 5.82 8.22 6.13 11.34 20.92 13.15 8.84 10.2 10.89 5.41 7.97 8.64 4.66 7.01 3.97 5.24 7.7 6.81 5.59 9.39 4.31 4.46 5.77 15.54 12.65 17.34 15.1 9.2 8.52 8.6 6.98 8.27 6.12 5.15 11.16 12.96 10.77 6.04 10.82 5.3 7.83
4.16 6.24 7.37 9.09 11.38 20.65 8.97 5.4 5.82 5.8 8.76 10.14 9.86 8.45 4.98 14.3 12.43 9.54 12.43 13.54 12.46 12.23 11.22 3.45 8.02 9.26 6.53 14.77 21.54 12.69 9.0 15.71 13.72 10.23 9.4 4.38 4.17 3.76 1.63 4.45 14.63 10.8 10.17 5.13 11.2 11.97 24.3 11.98 10.44 5.52 7.05 5.06 5.75 5.97 6.1 8.41 5.01 10.19 7.38 5.67 11.09 9.8 10.57 8.25
6.65 8.0 13.56 18.39 7.23 15.22 28.16 14.0 5.99 5.82 4.96 7.07 5.5 15.41 7.38 8.42 16.13 17.02 9.25 12.8 12.79 11.75 10.76 4.02 11.7 7.94 10.41 6.32 9.49 15.44 7.35 9.0 6.92 10.74 9.78 8.08 7.4 3.11 3.25 5.41 7.33 9.38 13.04 8.26 18.24 32.85 16.04 7.32 5.61 6.53 6.37 9.15 5.7 4.95 6.82 6.86 5.17 7.74 7.97 3.53 7.02 5.5 6.3 7.92
9.6 11.15 22.36 31.37 33.96 24.45 52.11 11.8 6.45 8.03 4.59 6.79 6.75 10.8 6.01 11.94 14.66 12.29 10.1 14.35 18.38 19.57 13.31 8.06 8.77 7.65 9.9 9.29 5.62 10.12 11.95 11.14 4.59 8.74 12.15 7.98 7.47 3.91 4.69 5.44 11.09 11.43 11.01 11.06 5.31 11.23 21.59 9.27 6.09 14.77 7.3 10.08 6.96 4.96 5.5 4.81 6.91 5.24 8.11 7.4 5.8 7.06 12.01 9.49
7.89 16.35 16.67 42.41 49.13 15.55 19.6 10.83 12.37 7.69 7.52 3.92 5.49 7.39 10.94 7.57 9.87 10.22 14.31 9.63 6.44 15.45 6.8 7.75 9.6 10.09 12.79 7.14 5.18 14.2 8.83 7.15 6.57 11.92 9.01 4.65 5.42 5.53 5.43 4.79 6.08 17.13 16.8 8.67 6.58 11.82 15.98 12.34 11.0 10.74 10.92 11.68 4.9 4.8 8.33 5.19 10.23 5.25 4.53 3.33 8.88 8.01 18.67 19.77
10.07 18.32 17.29 41.81 18.91 23.32 13.39 8.64 14.31 4.15 8.23 2.49 4.03 6.07 7.91 5.7 4.74 7.12 11.66 7.79 3.96 10.72 10.74 6.39 7.46 4.64 7.81 11.88 11.97 10.57 8.37 6.04 5.73 13.27 7.4 4.63 5.63 3.1 5.77 8.28 6.15 12.8 17.05 11.29 5.77 8.13 12.56 17.13 17.24 15.74 6.4 4.01 4.8 6.85 8.61 7.88 9.65 4.66 6.47 3.38 6.54 9.21 9.68 7.1
12.8 19.27 23.98 39.79 20.98 31.64 10.24 5.57 5.27 2.78 5.94 3.62 2.54 3.73 4.78 6.27 4.9 4.72 9.61 7.2 6.69 6.59 5.39 8.2 6.59 6.68 9.08 11.73 7.21 7.62 9.27 10.08 10.2 5.99 13.1 7.74 4.18 3.62 5.31 6.98 9.47 12.22 12.18 11.65 7.43 4.88 4.05 9.66 13.72 13.44 6.51 3.9 3.06 5.46 7.47 8.73 7.16 8.8 6.87 4.22 3.1 4.04 11.59 12.49
16.1 25.92 13.65 29.2 22.26 17.77 14.68 12.45 4.52 1.85 3.26 3.89 4.03 4.41 15.85 14.47 7.89 6.73 8.15 12.47 9.99 5.86 6.61 6.6 4.17 6.8 10.18 7.37 7.85 8.58 9.43 10.27 5.65 7.12 13.41 9.2 5.5 3.67 3.97 6.97 7.11 10.32 8.2 5.54 4.39 3.76 5.57 9.7 15.5 10.42 5.75 7.33 2.67 4.82 12.86 8.84 6.87 5.58 4.5 5.65 3.22 7.17 6.17 11.58
12.48 30.15 44.22 22.96 16.28 22.2 19.97 9.95 5.52 2.61 3.45 5.63 12.53 9.25 8.45 21.45 14.74 9.32 18.59 9.31 13.37 9.81 4.64 3.99 5.79 4.85 7.44 9.45 18.03 10.82 10.35 8.3 8.94 7.15 5.97 8.91 7.16 5.91 4.16 6.97 8.18 11.98 6.15 5.19 4.69 3.72 5.61 8.45 12.43 16.03 8.44 4.74 4.79 5.38 9.53 14.54 14.79 10.64 8.26 12.85 12.66 11.45 6.02 11.69
21.86 26.85 34.05 32.45 15.97 23.19 21.83 14.08 8.49 5.13 5.71 4.42 14.67 13.22 9.45 21.28 12.92 10.25 15.01 9.83 10.1 8.14 5.27 6.0 4.79 3.49 7.44 6.88 15.73 9.68 11.2 4.48 6.11 6.19 4.5 5.67 7.03 8.66 5.95 7.4 7.02 9.81 7.87 6.89 7.39 7.82 6.62 6.2 11.33 6.31 5.04 3.19 6.16 11.88 4.66 7.89 16.89 13.68 11.76 27.24 15.95 4.93 5.38 9.79
16.1 13.5 24.19 20.66 16.82 19.56 13.25 22.13 19.41 7.54 5.73 3.0 6.49 14.43 12.13 16.72 19.74 18.84 10.9 19.91 11.84 4.41 5.57 9.22 4.11 3.9 4.55 2.74 7.39 7.97 7.27 4.41 3.69 6.93 7.12 8.91 9.03 5.05 6.98 5.85 5.66 5.9 4.82 13.67 17.62 16.58 10.82 12.24 14.21 5.12 8.65 4.81 5.64 6.15 3.31 7.05 8.82 8.47 7.08 8.32 6.73 4.51 4.94 5.96
7.89 12.27 12.42 5.26 14.61 13.7 13.5 20.42 10.49 5.26 3.47 5.59 5.7 14.65 17.24 10.21 18.44 19.86 9.23 9.36 10.15 10.63 10.54 8.37 2.64 3.22 2.02 2.72 4.21 6.37 6.65 3.36 5.96 7.54 6.9 7.35 5.26 4.91 8.04 7.14 8.09 5.9 4.24 11.15 15.62 17.64 14.34 7.24 6.63 7.49 4.39 4.44 5.41 3.84 3.76 2.4 2.55 7.0 3.43 4.05 4.72 4.91 5.92 6.5
4.06 6.63 6.26 3.35 4.1 6.65 11.07 19.18 12.59 7.27 2.83 2.87 4.91 9.25 14.92 12.91 11.36 13.2 11.59 5.22 7.78 7.07 11.73 9.72 3.63 6.37 4.51 3.53 2.62 3.42 3.56 3.83 3.62 3.96 6.32 8.13 7.7 5.17 6.39 3.94 14.81 15.15 9.64 8.66 12.51 14.62 8.25 3.76 3.05 6.89 3.85 5.7 6.83 5.62 2.84 2.03 3.67 5.66 5.48 4.2 4.38 6.2 6.81 5.51
7.74 5.33 7.54 4.11 4.21 15.75 10.39 11.38 8.44 12.01 4.12 2.04 4.05 5.0 17.63 15.68 8.16 10.21 13.23 6.35 9.39 5.88 7.08 4.33 5.95 6.27 5.63 6.41 3.06 4.7 2.91 2.64 3.79 3.71 7.53 10.25 7.5 6.45 7.36 6.84 16.79 9.54 5.82 5.78 13.53 10.66 3.72 5.25 4.57 5.46 8.77 9.45 6.75 4.25 4.85 5.18 4.52 7.99 11.73 8.47 6.28 7.95 2.68 2.49
12.21 21.47 18.47 8.51 7.76 9.75 14.82 13.79 7.0 5.88 2.42 2.82 3.71 7.74 11.7 14.72 22.79 8.3 8.41 8.28 4.3 3.44 5.19 6.07 6.08 4.83 6.83 5.82 4.48 2.85 1.69 3.09 4.26 10.69 9.33 5.53 5.62 9.16 11.86 11.34 16.44 7.04 3.74 10.5 6.46 4.35 5.4 6.68 9.22 7.41 11.26 7.48 6.01 10.89 4.77 6.24 6.69 9.98 12.99 11.59 9.29 5.26 4.68 3.33
13.55 11.89 22.53 11.1 18.11 15.11 24.51 17.9 10.54 5.44 3.79 3.17 2.98 6.92 9.82 10.29 16.24 14.85 8.78 11.53 6.86 4.46 4.03 4.78 5.74 6.81 6.93 5.85 3.9 3.06 1.82 2.4 2.33 8.23 4.84 5.07 8.85 8.46 8.37 7.04 12.28 9.17 5.05 8.21 5.66 11.97 9.16 6.21 10.38 8.04 7.88 7.59 10.68 11.33 8.36 7.59 7.8 10.15 12.56 12.11 10.13 7.14 9.4 8.63
7.21 16.9 30.98 18.82 19.18 6.13 20.35 17.19 11.15 9.84 4.49 3.25 1.96 3.56 10.38 7.55 6.34 11.98 14.87 7.6 6.94 6.14 3.86 4.3 5.34 3.68 4.3 4.93 1.39 2.62 3.4 2.93 3.87 4.11 5.6 3.15 4.03 8.23 4.64 7.7 20.02 20.53 8.32 6.77 6.37 10.29 8.6 7.21 5.57 6.63 6.42 8.33 14.48 6.77 18.25 8.28 16.64 17.9 9.68 8.84 7.37 11.5 7.82 6.22
11.55 14.62 11.5 13.34 6.32 8.11 13.15 12.32 11.39 8.18 2.92 2.45 4.22 3.4 3.84 7.49 9.21 11.38 9.32 6.49 11.6 13.32 4.81 6.71 4.31 2.93 4.38 1.87 3.05 3.77 3.34 3.19 5.26 2.15 6.26 4.79 4.39 8.5 10.21 15.62 16.11 23.41 11.73 6.6 10.69 12.38 7.84 8.86 5.73 4.65 6.51 14.84 11.84 13.22 14.86 6.77 25.17 13.5 9.63 8.16 6.41 6.91 3.26 4.66
15.98 13.04 4.67 4.49 4.95 5.32 6.46 9.5 16.68 5.68 6.02 2.6 2.74 3.8 5.13 7.47 5.99 8.12 9.0 19.76 16.37 18.09 7.38 3.61 6.67 6.88 3.78 2.19 4.07 7.73 9.3 4.11 3.5 3.67 4.75 11.76 8.71 6.69 13.28 10.53 11.47 15.46 31.32 12.07 12.0 24.61 12.15 18.61 17.28 12.77 7.32 12.02 17.43 8.6 4.97 15.28 12.72 15.62 15.66 5.41 5.76 6.36 6.16 7.16
9.35 8.2 8.23 9.79 7.9 2.43 4.73 4.91 5.16 6.77 6.75 5.77 7.0 5.0 10.29 7.05 5.53 4.66 14.82 11.48 13.07 12.24 6.68 6.53 6.06 5.83 2.58 7.3 13.36 6.54 4.71 4.67 1.61 5.66 13.26 10.33 5.25 7.47 8.17 12.22 8.73 13.3 24.57 17.66 18.52 18.76 18.55 11.86 12.31 15.82 5.54 9.04 8.75 9.93 8.69 6.38 9.22 14.09 9.18 9.62 6.31 5.1 10.67 2.82
7.69 11.68 9.91 11.59 5.21 4.41 4.22 4.1 5.82 8.65 2.25 5.06 9.49 6.44 11.55 5.63 5.61 6.32 11.07 5.46 6.51 6.8 5.2 9.8 11.38 6.74 5.83 5.61 8.51 4.97 3.35 2.45 1.15 5.37 5.76 7.78 6.68 6.93 9.88 17.42 8.21 6.07 12.36 13.88 10.91 13.3 8.9 5.34 13.96 11.61 7.51 10.0 4.4 11.39 11.3 12.1 11.75 7.3 9.54 6.74 7.37 4.83 3.7 5.58
11.22 10.57 11.67 8.08 6.31 7.74 4.54 5.35 4.63 4.37 2.29 8.51 10.06 7.4 4.12 6.6 4.75 5.0 6.81 4.23 5.73 5.08 2.65 3.87 5.13 4.95 7.71 6.74 5.53 4.15 3.13 1.53 2.02 2.24 2.8 8.17 6.82 6.63 4.62 7.37 10.63 5.41 7.2 6.06 9.63 7.28 13.13 11.15 11.07 8.96 6.75 6.45 7.36 9.42 5.87 10.64 11.67 6.47 3.43 10.09 7.62 4.99 6.43 6.99
26.32 11.62 10.26 14.02 6.4 3.92 5.2 4.4 1.93 2.15 3.13 3.95 6.48 12.52 6.28 6.03 8.19 6.21 5.5 4.65 3.91 3.21 1.74 3.66 5.63 5.78 4.48 3.15 9.11 6.16 5.13 2.57 3.18 3.01 2.42 7.94 3.68 7.52 6.15 7.9 12.15 7.73 16.78 11.61 17.91 10.02 7.0 11.11 13.84 8.96 13.37 7.8 4.02 9.13 9.64 9.55 10.68 9.91 5.08 7.64 7.55 5.73 7.72 10.93
14.33 11.73 10.74 11.51 8.39 5.61 4.46 3.8 2.56 1.98 2.74 2.86 4.44 4.53 9.99 5.93 7.27 12.35 10.12 9.61 5.68 2.99 4.01 5.88 5.47 4.8 5.95 6.1 11.16 7.97 8.97 2.22 1.59 5.22 5.74 8.42 6.76 5.17 8.93 13.69 7.26 12.01 23.22 31.07 17.89 11.03 2.45 5.68 10.01 11.04 9.48 6.51 5.43 6.12 11.9 13.21 11.22 12.45 7.2 6.25 8.02 7.5 6.11 7.2
7.92 6.52 13.01 15.36 6.99 9.98 4.69 2.49 5.71 3.96 2.08 4.31 10.22 5.11 5.51 7.55 9.09 8.95 20.72 5.94 3.65 11.22 7.95 9.35 4.45 7.0 2.68 2.95 15.39 14.1 11.77 3.16 4.25 2.81 4.72 9.35 7.59 6.23 7.14 9.06 11.78 16.12 12.89 17.64 9.44 7.38 3.23 4.66 7.48 10.11 6.41 5.2 5.85 6.64 5.67 6.63 8.22 7.26 4.16 6.41 14.44 8.38 13.42 13.84
7.82 4.8 10.81 20.77 10.0 9.89 3.54 5.01 4.69 4.72 5.13 4.46 8.17 10.84 11.09 4.63 7.17 12.89 11.89 12.28 7.23 7.79 7.9 10.15 3.0 5.15 3.32 3.56 12.71 36.62 7.62 3.28 6.47 3.54 6.19 7.52 5.09 3.66 5.94 5.97 8.38 8.03 9.9 9.62 8.9 8.47 4.27 3.14 4.79 7.87 9.41 8.32 5.65 4.28 3.11 3.17 5.44 2.5 4.89 6.15 13.71 11.85 10.4 16.97
13.98 5.72 10.99 16.12 7.53 4.86 4.52 4.7 3.51 3.82 4.95 7.15 6.5 5.76 8.01 7.2 7.53 8.64 9.97 12.22 8.3 5.43 4.97 9.85 3.31 1.85 3.14 7.1 9.03 16.82 10.15 6.6 2.96 3.37 4.65 3.3 4.08 4.18 4.67 4.33 6.41 4.98 8.98 8.57 6.6 8.29 10.52 12.33 9.05 7.56 8.4 3.39 4.31 5.72 4.27 4.61 6.8 3.81 3.87 5.24 8.09 13.4 20.64 11.93
10.16 7.74 8.12 10.69 12.74 4.2 6.36 4.62 1.98 3.25 4.73 6.7 6.86 6.9 12.05 15.05 10.45 12.34 11.46 5.09 6.51 5.56 5.8 8.86 3.91 2.82 3.97 4.32 7.13 10.5 11.38 6.26 3.49 5.31 3.01 2.94 3.79 6.24 4.91 5.07 6.25 3.26 4.54 6.22 12.64 11.94 12.56 18.84 16.81 11.57 14.23 8.72 5.1 5.35 5.27 4.58 3.92 6.27 4.87 6.89 4.33 5.11 13.5 10.79
9.28 8.17 7.68 5.27 7.98 6.51 6.56 5.21 3.96 3.04 2.99 4.0 3.43 9.99 16.98 15.49 7.84 16.59 11.19 8.33 16.22 9.12 8.55 5.8 4.79 2.49 2.68 3.25 6.68 10.53 15.02 12.38 7.38 7.54 3.55 5.94 4.51 4.66 4.15 3.4 2.87 4.67 3.96 2.93 8.79 8.1 7.07 19.96 30.57 25.97 24.41 8.23 5.27 5.15 8.38 4.9 3.73 4.41 2.32 4.44 3.93 3.62 4.45 7.11
25.77 11.67 22.51 8.08 6.36 8.26 7.54 2.53 3.3 4.67 5.47 8.0 5.55 13.56 5.71 12.98 11.22 17.97 14.47 13.79 14.2 8.75 15.31 7.07 4.32 3.99 2.61 4.12 7.09 10.29 8.11 11.51 16.8 8.23 8.62 3.85 1.21 4.35 2.46 2.61 3.44 3.74 2.64 4.38 8.24 7.99 8.12 12.88 14.19 15.06 14.35 8.61 8.09 4.59 8.23 4.16 5.73 4.32 3.2 4.26 1.74 1.87 2.74 4.95
39.73 16.8 23.94 10.24 7.74 2.63 9.96 4.51 5.2 5.89 4.16 4.76 6.52 10.76 17.51 13.0 11.15 13.23 4.57 10.09 7.88 4.98 15.02 16.3 5.08 5.89 4.43 3.22 6.54 15.66 8.91 7.27 7.43 5.17 4.24 2.91 2.02 4.44 2.68 4.88 2.66 2.67 5.21 5.54 6.39 6.76 7.02 11.28 11.77 6.52 6.13 14.6 12.19 5.98 5.91 5.53 8.7 3.49 6.62 3.21 1.18 3.07 4.5 5.74
22.57 22.64 19.3 6.97 7.11 3.95 14.51 5.02 5.78 5.8 5.16 6.07 6.13 5.41 9.56 11.67 15.95 12.76 8.39 4.13 4.1 8.86 7.03 4.63 9.45 5.72 5.89 3.63 4.61 7.97 7.24 11.67 3.71 6.72 2.92 2.23 4.62 3.36 3.64 3.57 3.49 3.98 5.41 5.48 4.48 6.4 11.45 14.05 4.0 5.89 5.3 12.27 14.22 5.77 3.78 3.8 6.49 6.38 7.86 2.55 3.67 6.74 6.47 6.68
11.16 36.98 21.05 9.52 7.38 6.72 7.85 11.72 4.91 4.17 9.11 21.25 6.22 8.23 14.15 15.32 18.49 15.68 9.27 1.67 4.12 5.29 7.74 7.13 3.81 7.08 5.2 5.78 7.47 6.43 13.59 8.04 6.05 7.18 2.67 1.51 2.51 3.46 6.29 4.74 6.08 4.86 8.89 8.67 13.84 25.04 12.24 13.15 6.0 6.4 3.44 7.59 9.76 8.33 4.06 4.27 5.08 8.08 11.67 8.44 7.02 5.34 10.06 6.96
12.62 9.99 12.03 11.74 6.39 15.06 6.65 9.8 7.26 7.56 9.36 19.81 12.91 10.31 17.25 17.13 15.69 7.91 5.21 4.12 2.3 3.22 8.55 4.91 4.78 12.4 5.25 7.68 10.55 9.73 7.65 10.65 8.87 4.86 5.63 2.13 2.19 1.92 2.35 8.43 11.1 5.99 16.69 10.14 23.9 22.13 12.18 16.86 7.91 6.37 3.3 6.29 4.32 4.63 6.79 4.74 4.18 7.17 7.98 8.4 3.82 6.7 9.67 8.35
14.04 7.07 4.87 6.27 5.35 13.17 8.05 4.08 6.78 10.84 16.02 12.45 6.96 8.67 11.82 8.19 8.3 4.22 9.06 6.97 5.89 3.51 4.34 4.05 4.6 7.38 5.13 9.41 10.07 9.05 8.18 7.15 7.51 7.67 4.56 3.43 2.34 2.86 2.75 6.09 10.26 3.53 4.28 16.69 14.97 14.84 27.72 15.31 10.02 5.95 4.31 5.62 6.45 5.94 5.56 5.78 5.76 8.67 7.45 8.61 4.72 5.39 7.49 8.87
9.14 6.17 7.75 7.89 6.2 6.3 6.14 7.94 5.8 10.55 12.15 11.8 10.3 7.97 7.14 6.85 5.82 4.85 8.67 5.38 7.27 4.08 3.11 4.33 4.01 5.42 11.76 11.93 13.47 5.29 7.04 4.33 6.9 12.3 5.92 3.83 2.36 2.9 2.55 3.77 3.99 3.53 5.51 8.45 10.62 11.0 10.5 8.49 8.5 9.85 6.89 7.25 8.94 6.52 5.25 8.48 14.3 13.74 8.23 3.71 5.11 6.11 9.34 9.96
4.45 6.06 11.28 5.46 6.42 13.41 8.3 9.65 6.29 10.35 13.32 18.48 13.65 10.47 6.02 4.51 5.2 8.16 3.84 7.28 3.84 5.14 2.97 2.05 3.78 18.44 21.42 13.24 12.66 4.91 9.65 11.88 7.32 7.89 10.59 5.16 6.41 2.07 2.58 2.38 3.37 5.94 2.61 4.99 11.13 9.55 11.66 13.0 13.05 3.94 4.81 5.05 9.55 10.19 15.21 16.09 17.01 8.49 9.7 6.63 3.99 12.86 8.27 9.64
4.61 9.37 14.48 19.0 22.44 12.09 6.44 11.33 15.67 17.32 23.35 17.02 15.37 14.1 7.24 7.42 10.4 9.12 3.49 10.27 5.24 5.59 3.97 8.25 4.74 19.45 18.33 20.84 18.37 10.24 13.04 9.42 16.12 8.13 6.9 6.25 6.88 4.48 3.87 7.29 3.62 2.38 1.89 5.53 11.7 19.08 18.81 3.98 10.56 3.62 5.38 5.57 11.29 12.74 15.33 23.15 27.04 15.97 19.24 19.63 15.01 9.08 5.66 5.95
6.76 6.52 6.12 15.16 18.84 25.36 15.25 14.84 22.98 13.7 18.46 15.14 15.92 9.35 6.87 4.83 5.75 7.54 6.64 13.93 8.14 4.79 7.01 10.22 7.79 14.66 11.17 21.08 21.31 15.21 13.13 5.42 13.11 8.52 7.24 7.58 6.51 11.68 5.13 5.01 2.78 2.2 3.83 7.82 6.24 13.25 8.26 3.01 3.93 3.52 6.7 6.12 7.86 13.73 18.95 24.33 19.13 14.57 18.81 22.16 28.3 13.03 7.85 4.2
3.3 3.75 11.46 9.11 14.42 20.18 12.82 8.74 11.7 11.73 18.8 23.64 7.14 3.27 8.7 5.06 2.53 8.84 13.91 7.85 11.0 6.23 6.03 9.87 13.72 8.93 9.35 27.41 13.74 11.97 15.92 8.2 11.24 14.37 10.31 6.44 6.25 7.41 4.91 3.12 2.46 2.44 2.63 4.04 6.39 9.52 6.94 6.04 2.55 2.3 5.73 6.53 11.51 14.79 6.26 8.33 10.12 24.11 19.14 12.3 13.05 15.29 13.03 5.47
3.29 3.92 5.92 7.14 15.17 12.67 13.44 6.06 5.47 10.27 4.21 5.31 8.66 8.29 5.68 6.93 6.44 3.8 7.39 9.38 10.41 6.9 5.32 7.26 8.12 17.02 13.04 20.21 31.29 19.41 10.02 12.37 5.26 4.45 6.57 9.12 6.25 8.9 4.62 2.77 2.55 2.78 3.06 3.55 10.94 6.97 5.01 5.89 3.83 2.39 11.38 6.53 5.17 17.23 9.56 9.11 15.61 16.4 13.13 10.3 15.52 20.36 18.6 9.25
2.56 3.96 4.95 4.12 14.62 18.7 11.16 8.71 6.96 4.45 5.1 7.7 7.99 8.67 5.65 4.61 5.8 8.86 5.12 10.56 9.9 8.19 9.87 4.5 12.97 18.76 20.27 25.09 11.54 19.11 8.74 10.52 8.42 4.85 3.73 7.56 6.14 7.14 5.98 6.9 3.64 5.42 5.08 5.69 14.19 6.91 5.6 4.12 4.35 4.72 9.44 8.6 8.88 9.7 6.25 12.01 15.64 7.02 12.54 16.52 17.61 14.64 16.51 17.78
8.57 4.99 9.15 8.4 11.11 8.47 9.42 6.46 5.53 7.82 8.96 11.77 10.43 11.04 7.63 5.95 10.7 9.06 4.74 8.69 14.38 11.39 19.86 7.63 13.76 11.88 13.65 16.6 7.76 14.61 11.87 13.69 18.3 6.3 6.76 8.23 8.69 8.43 5.2 5.97 3.56 5.32 7.91 8.69 11.42 13.41 9.59 5.62 5.23 12.84 12.7 10.99 13.08 6.62 4.8 9.65 8.6 13.35 13.44 14.86 11.79 17.82 24.32 10.41
7.06 10.87 16.14 18.46 8.85 12.65 14.37 5.99 6.28 7.97 6.66 12.19 12.26 31.96 28.0 3.96 8.83 9.7 5.05 10.73 17.36 6.91 12.78 10.43 10.32 11.97 11.82 4.16 5.77 10.66 18.3 14.14 13.18 8.61 10.32 5.67 6.01 6.33 7.6 7.34 5.02 6.88 6.91 5.3 13.4 14.04 7.53 11.37 5.35 11.58 20.32 11.12 5.62 5.45 4.53 11.08 12.47 8.84 5.56 5.82 13.02 13.95 11.14 11.52
4.56 9.63 12.7 12.52 13.34 12.51 13.75 14.8 7.02 4.98 7.43 12.28 10.07 15.24 10.12 7.53 7.77 10.83 7.51 4.11 9.2 11.61 9.39 8.74 9.41 7.51 7.06 4.22 5.38 9.6 11.57 8.52 8.77 11.33 5.63 2.89 6.54 7.06 12.75 6.83 9.47 8.6 13.21 10.78 13.98 16.55 8.08 19.35 5.45 11.54 8.14 5.68 14.3 6.13 5.29 6.56 8.43 8.0 4.31 5.53 17.71 7.08 5.4 5.72
5.2 11.33 11.45 10.53 5.52 4.64 10.04 9.56 5.5 4.5 7.85 7.95 9.82 10.13 6.35 5.93 9.74 7.86 6.17 4.89 5.86 23.36 8.99 4.16 8.58 9.78 4.89 5.71 4.89 7.54 6.38 13.47 10.87 3.35 4.48 3.8 4.38 10.79 14.21 4.99 9.83 21.0 18.5 7.69 11.3 9.88 9.42 13.77 5.38 8.0 7.89 9.06 7.63 3.78 4.62 4.33 11.67 18.14 11.5 5.82 5.28 4.13 7.65 3.53
6.31 4.34 4.17 6.28 2.93 12.83 6.89 5.56 7.93 2.75 4.93 6.96 9.51 10.03 19.23 6.46 4.83 11.75 9.42 9.49 5.6 8.0 11.62 7.7 11.53 6.87 6.48 8.78 3.47 4.44 10.14 13.48 7.08 6.89 6.41 3.69 7.88 8.54 10.16 9.93 9.67 22.0 18.73 8.29 11.41 9.96 18.07 10.36 6.69 6.94 2.81 3.18 4.09 3.85 4.62 5.45 15.02 15.09 15.64 10.12 6.11 7.84 4.6 3.31
11.5 6.32 3.05 4.27 4.62 14.8 6.06 7.04 8.44 7.08 6.27 6.62 7.02 17.45 15.62 10.24 12.29 12.43 6.14 11.6 4.65 8.83 20.2 11.65 11.08 6.94 11.76 7.97 10.89 12.29 10.28 12.97 9.81 5.98 7.35 3.71 5.68 8.0 12.83 9.61 10.24 12.73 15.26 26.47 22.93 11.49 16.94 7.52 7.71 6.22 3.29 1.41 1.87 1.78 2.24 6.84 9.13 21.53 17.85 18.38 11.61 8.7 9.62 4.95
12.81 8.65 2.38 1.91 4.51 10.25 12.3 8.6 7.17 6.22 8.37 11.36 6.71 15.18 9.63 11.05 7.06 7.04 5.16 6.46 10.89 19.29 5.25 7.96 8.44 11.66 10.8 3.31 10.81 12.68 8.45 9.88 3.84 4.19 6.91 7.64 4.49 3.64 7.75 7.73 14.11 18.63 18.68 18.85 21.2 10.26 11.17 4.84 6.52 5.23 2.94 3.1 3.89 2.9 3.9 4.51 5.8 8.88 14.42 19.8 16.83 10.63 10.27 9.82
6.46 4.67 4.01 3.67 3.62 5.27 6.1 7.69 10.63 7.18 14.47 4.57 6.08 7.2 3.73 7.79 11.79 6.31 5.33 11.32 10.31 9.79 6.99 7.14 9.77 6.38 4.11 2.57 2.46 4.79 4.68 6.26 4.2 5.06 4.72 7.3 5.01 3.86 5.42 6.77 6.76 14.77 12.58 18.78 18.96 19.67 12.6 7.42 6.39 4.28 4.18 3.36 8.79 3.78 5.03 5.49 4.88 5.66 14.37 10.35 6.57 9.17 6.23 7.13
2.96 4.36 4.36 3.7 3.2 6.58 5.48 3.64 4.73 2.2 5.77 5.82 6.23 4.87 5.05 6.85 7.25 6.25 4.94 5.08 6.0 6.93 7.94 5.07 5.31 4.74 6.51 5.11 4.44 2.7 3.42 5.29 9.07 7.45 2.81 3.25 5.56 4.0 3.0 6.02 3.55 7.12 11.43 31.03 17.97 17.79 24.28 12.26 8.35 3.86 2.83 5.11 4.59 4.22 6.81 8.31 4.92 4.28 7.12 15.44 10.85 4.51 4.63 3.0
2.48 3.9 6.95 6.04 4.2 7.33 2.95 2.87 5.89 4.01 8.6 11.99 11.83 6.0 4.44 9.05 6.22 9.44 6.99 3.41 4.87 9.41 8.08 6.8 10.61 15.13 6.99 6.31 7.44 2.29 3.38 9.4 6.72 8.54 5.22 2.84 8.02 4.84 3.57 4.04 7.59 10.72 13.93 19.02 11.69 14.08 32.4 15.18 9.25 4.14 4.29 6.98 4.65 10.35 6.39 11.18 10.29 5.41 4.07 4.25 11.05 6.37 2.88 4.2
5.44 4.43 12.53 6.78 7.91 10.7 5.49 5.17 4.73 10.65 16.6 12.22 12.43 7.47 4.7 11.6 9.78 7.27 7.98 4.19 9.5 12.85 18.81 21.63 21.48 18.7 4.27 4.18 2.66 3.61 2.0 6.21 9.81 12.03 12.12 11.54 10.38 3.82 4.75 3.78 9.28 14.52 10.6 15.61 23.67 19.09 14.46 11.43 14.5 12.17 10.18 10.46 9.5 8.68 12.15 12.05 8.06 6.29 4.8 8.09 16.57 9.2 5.23 5.18
9.27 8.36 13.18 10.46 14.6 9.6 5.58 9.14 4.93 13.52 10.65 16.65 20.02 7.62 14.61 15.25 13.24 4.8 7.7 6.18 8.61 7.33 14.69 18.89 14.83 7.02 5.13 4.65 3.12 4.68 3.52 4.62 14.89 27.08 11.73 8.47 10.02 2.52 2.95 9.43 12.19 11.3 10.04 23.41 18.69 13.29 10.56 10.01 19.95 24.19 8.19 9.55 10.0 11.36 8.91 8.31 7.36 4.93 13.19 23.25 13.16 24.04 13.03 7.68
5.28 9.12 4.8 7.73 13.22 8.95 4.31 7.29 6.85 7.22 11.33 12.3 21.58 22.13 13.02 13.19 18.44 9.52 5.93 7.4 7.05 4.35 13.2 4.9 7.93 5.23 6.14 8.04 5.56 5.17 7.67 8.09 20.01 17.2 9.25 9.24 7.36 2.58 5.93 7.95 16.86 18.89 15.09 25.06 14.03 13.31 15.94 17.21 14.64 10.24 11.67 13.33 8.06 10.94 6.3 6.48 6.79 12.57 10.2 21.91 19.9 18.0 12.0 12.88
7.78 8.89 6.68 5.67 6.37 4.62 6.71 10.8 5.33 6.05 5.58 5.72 9.7 10.57 8.02 13.4 12.84 10.56 8.71 7.24 9.35 5.98 8.51 4.19 4.77 11.1 9.99 14.5 6.96 3.96 11.89 10.87 20.45 36.38 12.89 5.66 7.76 9.12 7.86 5.55 21.6 16.37 14.88 18.4 9.3 22.56 13.11 11.23 17.39 7.84 11.63 4.82 5.6 3.31 4.74 8.61 6.28 14.6 5.57 9.92 16.73 8.61 8.33 8.76
6.99 7.88 8.0 6.69 8.31 9.26 14.05 8.47 1.95 2.87 4.74 6.43 11.75 8.61 5.76 10.1 23.16 18.51 7.25 10.73 7.39 9.07 11.4 6.86 6.13 14.07 11.95 11.43 6.63 5.76 8.46 17.57 37.86 32.46 18.44 6.45 5.91 13.13 10.39 8.26 10.64 19.62 13.95 9.56 12.7 16.95 8.42 19.85 14.43 4.92 9.39 4.17 3.89 3.5 9.12 6.96 4.78 4.83 5.43 4.65 8.89 11.31 6.6 6.76
4.29 10.45 12.12 4.31 10.33 10.42 10.72 8.8 4.8 3.99 3.97 8.34 7.78 7.31 23.24 30.86 26.89 20.92 10.82 13.74 10.61 14.01 8.43 7.39 18.89 11.94 13.54 12.66 2.86 7.22 14.66 20.0 34.46 15.41 14.65 9.78 6.67 3.96 9.38 16.38 15.19 11.39 6.88 10.39 10.4 15.44 12.38 14.68 10.16 5.34 4.8 6.0 4.9 2.67 8.17 6.88 5.98 5.38 5.22 4.56 5.01 9.07 3.96 6.39
6.37 10.01 9.99 9.31 11.98 8.53 6.49 9.95 4.83 5.93 7.13 8.58 16.33 11.11 17.72 22.64 13.16 12.16 12.3 13.55 6.37 10.13 13.44 8.82 17.64 9.14 19.1 11.11 4.47 10.65 18.33 17.68 23.55 10.72 18.54 10.77 5.57 6.74 8.38 11.99 31.66 17.98 18.72 10.09 8.25 15.04 13.14 6.68 5.32 5.65 3.81 3.82 5.38 4.51 5.24 5.26 4.88 7.94 7.0 16.12 9.57 6.86 8.51 3.2
6.89 10.15 11.33 14.81 7.38 4.76 8.59 9.77 6.01 10.67 13.5 7.78 8.58 17.87 29.6 17.87 12.28 14.96 8.65 16.23 4.92 7.15 24.59 9.45 10.61 6.84 16.27 11.74 7.38 11.55 14.73 24.09 20.57 14.05 10.96 12.39 18.52 13.07 12.42 12.81 14.95 17.69 25.42 12.7 15.73 17.38 14.68 13.0 6.86 2.98 4.01 3.66 3.16 5.5 4.91 5.17 4.16 8.94 7.11 8.28 10.41 4.44 6.57 5.79
11.7 8.33 6.84 11.37 14.63 5.92 8.76 6.38 5.7 4.59 10.86 9.91 7.1 18.23 26.27 25.7 16.31 8.75 14.27 18.11 10.81 9.56 5.4 8.77 5.22 2.84 10.38 14.19 16.77 12.87 9.75 21.41 8.69 19.41 17.31 19.9 16.42 15.21 7.62 11.99 19.33 10.8 11.49 19.55 18.93 14.94 16.0 12.53 7.83 4.54 4.03 2.11 5.95 5.8 1.6 3.72 2.23 8.51 6.49 5.0 7.89 3.09 5.14 2.11
11.14 12.57 5.82 10.2 18.43 8.41 10.17 9.16 8.72 7.37 10.38 16.82 13.26 19.92 31.49 16.63 17.48 10.83 13.92 17.19 14.42 10.41 7.54 6.36 7.61 8.17 10.1 7.15 16.99 16.97 7.66 19.82 13.76 11.49 18.73 30.43 6.21 10.93 11.44 15.42 20.64 17.65 17.52 17.24 24.75 9.43 5.5 6.3 6.21 4.39 2.69 3.16 3.09 3.8 3.25 2.78 3.2 3.74 3.01 4.66 5.58 2.93 5.85 5.42
3.6 8.72 7.24 9.72 7.06 11.62 9.73 10.68 7.46 8.58 16.27 25.44 14.39 14.45 24.48 18.31 11.29 11.04 9.67 16.32 21.34 28.85 16.46 6.25 15.0 7.93 10.69 8.87 9.37 12.78 9.7 11.93 14.92 13.73 24.03 12.01 13.11 8.41 8.02 16.24 14.12 18.37 15.16 10.15 16.4 7.92 10.22 3.52 4.15 9.7 1.99 3.33 4.69 1.71 3.33 3.21 3.22 3.12 5.96 12.53 3.87 5.02 3.47 3.2
3.79 8.48 10.17 8.75 4.9 10.24 12.87 5.93 5.62 9.62 8.94 9.63 16.31 13.66 16.08 28.78 18.99 9.97 7.92 14.06 17.48 30.25 11.23 9.09 11.2 10.36 12.88 7.96 13.18 10.77 10.23 13.76 12.55 15.12 18.36 14.56 21.39 14.29 11.43 6.86 7.04 12.02 12.65 7.88 11.04 10.31 9.6 3.82 4.97 4.45 4.79 4.34 1.97 2.41 1.79 2.12 4.09 5.67 8.37 8.64 5.68 4.46 5.47 5.92
