9.67 12.42 8.1 10.73 19.03 12.13 8.85 7.18 8.32 6.55 6.64 11.33 10.55 12.27 10.48 8.9 8.12 6.95 4.94 7.9 13.75 17.31 22.95 14.68 4.0 4.64 8.31 15.38 17.79 15.98 12.58 10.91 8.17 11.3 6.68 6.17 7.69 10.72 10.1 12.02 7.76 11.08 17.31 13.4 10.38 7.27 18.56 13.47 9.96 12.21 20.5 22.68 21.21 33.56 19.43 13.35 7.39 7.12 8.09 6.12 14.38 8.01 10.12 7.22
12.23 12.9 7.26 6.6 11.81 18.29 6.55 6.37 8.86 5.38 10.68 9.91 11.11 11.28 13.96 13.34 19.85 12.62 13.63 10.32 18.27 14.42 10.45 10.21 6.01 4.97 8.04 10.43 15.82 16.89 19.8 7.95 4.55 8.2 9.44 6.91 9.15 8.09 8.56 6.47 9.99 5.66 9.7 10.26 6.26 7.86 16.59 23.51 14.61 17.78 23.04 43.72 39.91 26.81 12.01 13.3 4.88 7.59 8.27 8.38 9.18 7.6 9.76 10.93
12.43 6.24 8.49 5.91 3.99 5.62 4.44 3.33 6.62 6.56 7.13 7.67 13.38 9.8 9.11 9.86 7.56 7.13 8.32 9.51 10.51 8.56 13.83 7.11 7.52 5.47 5.95 5.88 17.71 18.32 21.36 8.0 7.85 3.79 6.0 7.47 6.98 5.37 5.06 9.41 17.02 12.66 9.48 3.95 6.34 13.3 7.88 14.81 11.48 14.75 21.81 56.19 28.06 14.52 11.89 8.63 4.06 10.64 11.7 5.13 7.17 6.42 10.72 4.78
8.91 9.77 5.76 4.25 3.69 3.64 5.36 4.72 7.52 10.0 8.87 7.96 8.45 13.81 13.54 8.8 8.02 7.63 4.31 10.31 11.79 6.65 11.67 11.37 14.1 6.52 13.31 12.09 7.22 23.3 12.73 10.4 6.13 7.31 8.02 15.45 10.59 7.18 4.91 6.08 15.1 14.73 12.31 5.03 6.85 9.12 7.97 14.59 15.71 25.24 18.9 40.77 29.94 18.96 9.96 10.77 7.57 9.73 9.83 9.14 7.55 5.36 6.22 4.14
5.37 9.87 4.89 2.1 3.92 5.14 7.99 4.93 12.46 10.92 12.85 5.17 10.3 20.94 13.4 7.39 11.44 8.47 5.89 19.95 11.16 7.79 6.23 11.45 10.28 7.56 10.44 13.66 8.03 14.19 12.73 7.83 5.38 8.37 10.01 18.6 8.55 3.32 2.05 5.97 12.13 12.92 18.76 14.51 13.59 9.41 14.35 15.37 13.31 20.62 14.41 17.59 13.94 27.45 7.66 11.24 10.48 10.12 7.58 9.05 10.38 6.91 6.56 4.83
5.67 3.23 2.35 1.53 2.15 2.25 10.99 10.18 8.03 8.33 12.93 7.26 11.17 12.02 10.71 8.67 5.91 8.65 4.88 7.66 9.46 9.53 5.01 4.38 9.36 12.11 7.05 6.9 15.77 10.54 8.89 5.09 4.77 13.08 12.54 10.77 5.81 3.2 2.39 7.02 8.79 13.15 22.13 10.48 14.07 17.13 12.84 15.79 11.54 7.83 7.08 6.14 7.58 7.64 12.01 9.83 15.13 13.93 13.77 8.09 7.98 2.15 2.26 2.66
3.29 3.66 2.37 1.54 1.73 2.38 6.71 22.64 7.95 14.09 10.35 9.99 10.52 7.33 7.75 4.33 4.18 6.79 5.02 5.74 13.42 18.76 4.76 8.71 14.11 7.34 7.22 12.5 10.12 11.52 8.53 7.42 4.32 9.71 9.59 6.29 3.1 3.0 5.03 8.63 17.69 20.2 18.49 12.41 25.0 8.85 11.3 8.63 9.02 12.6 7.28 6.07 6.98 6.6 8.14 7.78 10.77 16.65 10.91 9.32 6.74 3.06 2.45 2.71
4.08 4.03 5.91 2.4 1.63 2.15 3.71 5.9 8.03 6.13 6.61 14.62 12.66 11.37 4.2 5.63 7.76 9.21 5.65 13.79 13.42 17.82 6.62 5.56 7.35 6.8 7.72 5.95 8.72 8.29 3.89 6.38 7.4 9.65 4.54 3.48 5.87 5.02 7.89 6.58 15.63 11.27 29.51 24.44 14.46 10.47 8.04 7.17 5.94 13.57 7.01 10.79 4.0 5.68 15.12 16.96 12.56 15.45 14.25 14.74 6.34 3.91 3.94 2.85
5.62 7.58 4.4 4.97 5.69 1.32 3.28 3.77 7.62 3.86 7.24 12.44 15.18 15.82 7.04 8.61 5.15 7.68 15.2 10.85 9.01 5.47 3.92 3.19 5.28 8.28 9.22 5.49 11.94 7.47 4.28 7.07 8.68 5.88 3.81 3.66 6.43 5.11 6.15 10.86 15.25 8.41 19.8 16.87 11.69 8.66 5.99 5.04 7.43 9.98 15.07 8.67 6.84 10.95 15.08 9.58 15.51 15.53 9.39 7.12 4.39 4.7 4.51 3.41
6.49 7.92 7.27 15.35 7.62 3.12 9.12 4.64 6.42 3.97 10.99 7.07 6.2 7.92 13.02 8.31 6.35 15.25 18.19 11.24 9.15 4.61 2.74 3.12 6.83 6.76 9.35 10.07 4.94 6.13 3.06 3.76 5.52 4.96 3.27 9.53 10.51 6.3 7.73 7.25 13.27 7.24 4.83 6.94 13.63 6.71 7.49 7.24 8.08 8.3 13.33 10.7 13.5 10.14 11.17 7.82 10.05 11.99 7.9 7.05 6.57 8.2 6.06 8.34
5.67 4.49 6.96 13.83 9.34 5.49 8.65 3.41 8.41 8.51 7.68 5.42 7.71 16.36 13.51 5.78 14.03 21.84 20.77 22.95 6.95 3.34 4.82 3.04 1.87 3.46 4.8 7.86 6.07 9.25 8.91 4.13 2.76 3.49 4.03 8.42 6.56 6.76 6.94 7.89 9.22 4.17 2.27 7.74 11.79 8.38 5.68 11.89 6.92 9.61 11.28 16.87 12.12 7.78 5.16 8.99 12.53 4.55 11.37 5.48 6.76 14.45 16.86 11.02
2.57 4.01 5.49 10.06 16.31 9.22 7.74 4.14 8.78 11.4 12.72 7.88 15.34 18.21 20.08 13.58 11.08 7.9 14.19 16.68 9.73 4.63 5.65 4.99 5.54 4.18 3.35 4.63 7.22 6.87 6.76 7.04 4.29 3.92 5.39 9.57 9.26 10.25 6.81 7.86 8.43 6.88 7.35 14.41 19.32 12.12 7.5 10.04 6.82 6.97 9.76 10.86 5.65 5.38 4.15 4.36 9.78 13.06 10.42 6.57 9.64 12.34 15.14 11.79
3.11 3.8 5.2 13.14 16.74 9.0 10.95 6.19 6.38 9.67 17.12 6.91 9.45 24.58 15.04 18.04 11.79 18.64 14.8 9.81 7.41 6.81 4.26 5.21 7.02 4.37 5.56 5.2 4.17 4.56 9.23 6.19 5.74 7.36 10.74 15.03 16.15 7.57 11.82 11.73 9.92 9.39 9.43 15.16 24.26 11.01 10.89 6.31 4.57 9.41 7.08 6.54 6.93 5.25 3.54 4.88 4.75 11.69 11.08 6.33 13.64 13.52 7.89 11.31
2.63 1.95 6.43 12.84 8.12 12.27 5.7 6.74 8.03 13.72 18.36 15.71 5.97 13.83 20.5 17.59 13.22 17.13 9.39 8.48 8.2 7.75 6.36 13.29 7.79 6.68 5.88 5.38 5.49 3.78 5.25 7.56 8.34 8.24 7.15 6.34 16.12 17.47 10.91 8.96 10.98 13.16 8.09 13.24 11.9 19.38 11.55 8.11 8.12 4.39 4.27 5.41 3.6 4.44 3.16 4.98 3.15 4.1 7.74 15.04 10.65 10.53 8.86 7.25
2.92 2.6 4.2 4.36 6.55 10.01 13.22 14.44 16.3 17.83 20.55 17.67 9.43 9.36 13.51 21.89 21.07 10.9 10.2 5.85 7.58 6.96 8.09 15.33 9.39 6.24 3.71 7.36 6.83 5.53 4.48 7.02 6.07 4.7 7.72 7.21 8.01 32.19 28.82 18.14 15.52 14.03 15.87 18.7 27.78 25.41 7.03 6.7 11.3 3.88 3.52 6.83 2.79 6.43 7.39 6.36 3.03 4.34 5.69 7.72 16.79 13.28 10.73 4.46
3.69 4.49 5.12 4.4 5.49 8.35 25.72 17.67 15.38 14.49 30.52 18.11 6.03 8.16 9.77 7.42 5.86 6.09 3.56 3.61 8.77 8.21 9.73 12.08 6.92 4.26 6.12 5.99 8.55 9.21 6.88 4.54 5.91 3.59 3.74 6.97 16.15 15.07 23.63 30.42 18.81 16.06 25.77 32.27 23.44 18.72 9.01 7.83 7.9 6.55 5.87 3.85 5.41 5.64 8.36 9.01 3.63 3.88 5.52 5.89 13.39 9.9 9.91 5.88
4.93 4.36 3.89 8.92 6.85 15.01 14.45 17.33 9.57 3.67 7.83 12.7 4.32 4.3 6.04 6.96 6.21 9.04 6.22 3.46 4.7 17.98 21.28 8.08 6.53 6.05 7.93 3.62 7.28 11.24 5.8 2.66 4.15 9.51 6.8 9.87 7.67 12.46 12.33 11.54 16.98 21.63 17.74 17.21 17.77 11.01 6.66 3.09 5.73 6.51 4.24 3.16 3.03 4.25 5.81 11.3 5.18 3.37 3.49 6.64 8.33 8.23 11.38 6.1
4.75 3.59 4.31 8.25 5.64 6.78 8.34 9.51 4.22 4.07 19.13 13.81 9.14 4.36 4.69 9.22 7.39 8.13 5.97 4.12 4.92 11.13 11.67 12.28 5.1 6.8 4.94 4.52 5.8 5.34 5.72 4.83 4.67 7.6 20.7 11.47 9.26 14.6 15.08 8.72 14.42 10.69 8.56 12.03 9.65 8.59 5.38 4.33 8.87 8.6 7.14 4.19 2.54 3.84 5.49 11.88 7.46 7.06 3.6 3.68 4.73 12.75 12.39 5.84
2.83 3.14 5.94 7.38 8.2 3.78 8.42 10.25 3.94 4.73 11.53 8.56 10.47 4.6 3.35 6.38 5.3 9.8 4.34 2.91 5.82 5.91 5.66 8.28 4.34 6.58 6.16 3.5 4.54 2.46 9.01 4.22 4.22 7.23 16.7 7.92 14.37 11.51 15.48 17.19 7.03 5.12 8.99 12.75 14.75 10.45 8.39 5.83 7.77 11.76 15.43 6.24 3.11 4.39 5.57 12.79 8.84 6.39 4.46 2.67 6.95 13.8 10.65 7.53
4.15 5.55 10.29 3.97 2.58 3.9 2.42 4.54 4.75 5.28 6.36 12.15 11.41 6.4 9.15 6.02 4.2 5.32 7.11 5.89 5.4 6.03 7.07 3.86 5.69 7.39 5.59 5.23 8.24 4.22 9.31 5.0 4.41 8.99 4.5 7.06 6.96 7.21 12.7 12.46 4.23 6.33 13.37 10.98 16.8 11.86 12.8 7.91 5.21 5.61 6.27 7.28 4.71 5.44 5.93 10.51 7.31 11.44 7.63 4.84 13.75 14.02 11.52 7.09
3.32 8.39 8.39 2.96 2.23 2.52 3.4 5.34 5.25 2.92 7.87 11.04 9.08 8.31 15.5 7.83 4.52 4.68 9.14 9.3 4.56 12.38 7.57 7.64 8.47 10.12 7.79 7.33 9.43 5.34 8.59 3.25 4.89 7.36 5.34 6.77 3.27 10.8 11.85 8.8 7.03 10.26 8.75 14.31 13.38 18.79 15.5 10.85 6.7 5.85 2.52 7.06 5.49 11.88 8.99 13.29 8.08 12.58 11.41 6.35 8.75 8.92 11.54 6.64
5.1 6.71 8.28 5.92 2.79 3.68 5.22 5.45 6.1 5.24 8.16 4.98 7.43 7.8 10.17 10.3 5.94 6.98 6.04 11.61 7.68 8.49 8.73 5.69 4.43 4.84 10.19 4.51 5.08 4.77 10.3 4.98 6.83 6.43 6.12 5.01 3.37 14.73 12.16 9.52 8.78 7.66 8.95 11.08 6.86 29.45 20.57 11.73 10.76 7.36 4.61 9.2 5.49 7.92 8.9 6.66 5.96 11.52 9.37 6.39 4.39 6.19 20.64 13.99
7.46 6.81 8.89 9.77 5.48 5.08 7.41 9.93 9.04 8.29 6.73 4.93 5.15 5.71 7.83 11.25 8.08 4.66 3.96 9.87 6.43 7.53 9.91 4.7 3.84 5.26 5.66 6.79 5.32 5.41 6.81 4.09 7.82 4.9 1.87 2.43 3.94 9.23 9.55 7.97 8.45 8.53 9.93 6.54 13.49 23.64 13.89 8.07 5.52 4.85 6.31 6.68 11.06 9.47 8.69 10.81 9.65 10.57 8.57 4.3 3.42 5.59 19.69 19.17
8.26 8.11 4.83 5.8 8.39 5.09 4.74 6.33 12.67 6.74 8.39 6.68 3.13 6.58 12.08 15.93 7.84 6.76 3.48 12.39 9.02 21.12 7.73 8.75 8.12 6.63 4.75 5.26 3.9 5.98 4.08 3.12 3.2 2.17 2.13 3.21 4.79 12.55 8.68 7.09 16.17 12.58 6.87 5.55 11.49 6.28 8.9 9.03 4.94 4.39 7.74 10.6 12.81 18.11 9.42 10.33 9.45 10.7 7.73 7.92 7.71 5.33 11.57 10.18
8.66 7.36 2.58 6.52 8.82 5.43 8.56 9.45 9.62 12.09 17.28 9.63 10.91 10.77 17.31 30.47 10.56 8.93 8.96 10.54 10.96 9.79 6.83 10.64 7.89 6.5 6.33 3.9 6.19 8.37 5.93 4.34 3.35 3.11 4.36 4.13 6.75 11.37 6.19 7.38 10.93 12.52 9.95 3.23 6.88 7.44 6.11 6.48 7.98 4.94 6.32 18.3 18.02 6.83 7.48 11.8 8.07 3.33 4.99 8.57 9.32 11.45 5.05 6.35
8.42 7.39 3.92 7.0 8.15 8.51 5.76 7.61 17.88 20.88 29.31 12.06 22.49 8.88 18.57 16.0 11.16 8.82 7.86 13.21 13.76 5.87 2.72 4.64 10.76 9.08 6.69 5.2 14.45 9.3 13.61 7.33 3.54 3.29 3.86 3.27 4.04 4.68 6.73 6.11 3.71 9.82 8.42 2.1 6.14 9.66 9.24 12.18 8.51 6.18 10.51 11.2 7.92 3.96 3.4 5.05 6.11 3.48 8.58 8.94 9.87 12.08 9.39 8.78
5.49 7.43 5.58 2.79 4.12 6.03 6.22 5.0 9.42 19.0 18.54 15.24 8.83 9.53 9.91 6.53 9.41 10.53 14.14 12.44 10.43 5.63 3.46 4.42 11.68 7.28 4.99 7.72 16.94 17.42 7.72 7.57 6.97 2.71 1.84 2.73 2.27 1.83 4.08 6.78 6.65 9.55 6.04 4.07 4.5 5.83 8.84 11.16 4.68 6.78 12.46 13.62 4.29 3.71 3.98 5.64 5.76 5.68 7.09 7.44 13.98 5.89 7.92 9.96
5.96 11.74 2.03 4.54 12.49 4.88 7.14 9.85 15.49 11.77 15.39 8.35 7.63 6.09 4.82 6.99 14.11 15.98 15.98 18.01 13.06 3.82 3.49 5.35 7.68 7.33 7.6 4.4 9.81 15.28 5.57 7.66 4.97 2.53 3.4 5.66 3.54 3.8 3.93 6.57 7.01 10.83 11.21 4.77 1.61 6.93 9.21 5.91 8.93 15.85 12.99 13.13 9.67 7.05 5.58 6.26 3.55 6.08 3.95 6.26 6.13 4.21 9.53 6.42
7.56 7.85 4.62 5.19 12.58 9.74 17.11 7.97 24.91 10.28 11.99 9.89 9.07 4.27 6.05 6.35 9.22 16.49 18.25 17.22 6.3 3.6 2.61 3.26 4.91 3.73 5.24 9.72 9.54 5.53 8.83 9.73 4.55 3.1 3.07 5.33 4.94 6.47 6.9 7.4 4.3 12.78 12.29 4.31 4.54 6.53 9.13 7.61 9.36 19.5 17.26 9.17 8.1 7.97 13.45 8.58 8.94 6.78 5.21 3.8 4.88 5.26 7.71 6.86
6.63 3.22 6.93 15.86 7.13 10.43 11.87 10.45 25.35 10.55 5.38 8.25 5.38 5.33 6.66 6.22 8.84 9.66 9.24 14.04 5.34 2.95 3.0 3.45 5.36 9.99 12.89 13.93 9.17 5.98 5.41 6.16 4.05 2.66 1.81 4.43 5.46 8.74 8.19 7.07 4.37 7.6 4.36 5.38 3.42 3.07 7.22 7.36 8.59 12.59 17.1 7.85 8.75 4.65 7.37 5.72 9.28 14.8 8.82 5.12 7.15 7.64 6.17 4.61
5.92 15.33 8.58 8.95 8.69 10.54 7.01 15.12 18.29 11.72 8.24 5.26 3.91 5.22 4.21 9.22 9.02 10.22 20.32 16.49 7.23 4.55 3.13 4.09 4.41 6.36 18.98 15.97 8.91 13.04 5.04 3.76 4.13 2.12 1.49 3.81 4.73 7.4 8.94 7.83 5.47 3.81 4.84 12.22 2.04 3.44 5.25 7.53 8.71 10.03 6.17 5.44 6.11 3.78 5.16 5.69 3.68 7.12 7.97 13.24 13.67 10.62 10.24 7.14
5.8 6.97 8.83 8.57 10.52 9.73 8.07 16.98 18.47 7.51 5.19 9.37 11.34 4.82 5.27 13.24 7.53 6.55 6.38 6.98 6.18 4.77 3.83 3.39 7.84 7.18 12.57 8.79 5.76 5.0 8.69 6.61 2.21 1.48 3.21 3.01 5.84 7.66 8.84 8.64 7.25 8.96 7.99 4.18 3.37 5.01 3.32 9.06 9.09 9.0 5.33 3.59 4.49 4.05 7.08 5.1 5.69 9.24 12.25 13.51 11.42 15.19 10.57 7.57
6.01 3.09 3.33 4.99 7.71 10.28 11.65 12.15 13.46 11.32 3.63 6.86 5.62 5.34 5.46 6.89 7.67 6.05 5.24 4.93 5.1 4.47 4.11 8.28 6.09 8.94 20.27 10.65 6.26 2.41 4.66 4.62 3.11 1.81 3.06 2.31 4.75 10.66 7.23 9.02 4.79 7.01 4.35 3.5 5.88 3.15 4.79 6.02 12.92 7.07 8.61 5.54 3.64 6.1 7.6 5.71 6.44 6.31 8.84 8.23 3.63 4.58 12.28 12.6
3.05 2.68 4.14 5.7 8.0 5.75 3.96 6.61 9.18 4.78 4.2 4.93 6.12 7.99 5.9 10.87 17.02 4.4 5.4 7.29 4.36 4.6 4.23 8.15 5.98 16.02 13.96 10.32 7.26 4.51 2.31 2.92 3.25 2.03 2.75 4.07 3.33 3.9 8.37 8.77 5.07 4.88 3.27 5.83 6.22 6.79 6.42 7.23 16.73 10.62 8.62 6.64 4.22 5.07 5.74 7.29 6.9 9.47 11.32 5.3 3.48 2.94 12.22 9.48
6.38 3.03 4.97 3.57 4.23 3.76 5.25 5.72 6.19 6.63 7.38 4.98 7.15 5.83 7.46 7.5 16.92 6.54 6.05 5.42 3.66 3.53 4.37 7.69 6.11 11.37 6.66 15.12 14.89 3.54 4.34 4.44 4.43 3.06 3.17 5.16 3.58 2.17 3.94 11.04 5.62 6.59 8.34 8.95 7.04 5.91 6.66 10.75 13.91 22.3 16.44 3.56 6.14 5.84 7.84 6.14 5.25 8.73 17.6 7.79 5.24 4.78 7.21 4.72
6.46 4.65 7.52 6.45 4.68 4.75 9.65 7.72 7.5 5.07 4.88 5.48 5.17 6.7 7.0 5.64 6.37 6.64 6.24 5.91 4.79 3.26 6.62 14.8 11.33 8.31 10.46 10.88 9.32 3.53 6.61 6.98 4.9 5.61 12.82 8.15 3.61 2.51 3.28 7.01 6.62 5.73 10.14 15.59 6.5 4.22 10.44 8.67 12.57 12.83 7.0 5.77 9.71 6.0 3.93 2.74 8.16 8.53 4.98 11.35 12.84 6.2 9.36 5.85
5.97 9.15 6.27 7.22 4.43 9.74 8.77 7.88 4.4 3.97 3.4 3.35 5.31 7.47 4.54 6.73 8.02 7.36 8.17 7.92 7.08 5.67 4.64 7.67 5.94 8.8 6.59 7.98 8.27 6.04 8.46 5.17 6.6 6.75 15.87 8.59 2.32 2.16 6.22 9.5 5.68 5.34 5.12 13.97 7.26 8.54 10.61 10.62 12.09 6.71 6.25 8.4 6.17 6.19 3.66 3.97 3.72 8.11 7.97 8.7 5.59 9.41 8.35 7.54
3.78 5.8 6.75 8.14 5.23 4.92 3.56 8.3 4.45 2.59 5.92 8.16 9.59 7.4 8.89 11.42 8.32 12.26 6.64 5.03 4.77 5.87 4.99 4.52 5.41 16.3 8.1 5.6 6.82 5.9 7.44 3.34 3.99 7.75 9.01 6.14 3.69 3.26 4.87 9.63 8.68 5.68 5.37 11.61 9.21 15.59 10.18 15.65 10.36 4.45 6.19 3.72 2.71 3.88 2.78 6.21 7.66 5.63 8.26 9.81 8.66 13.51 4.6 10.09
6.43 5.05 8.25 4.55 7.62 7.9 5.71 7.42 5.23 7.39 11.11 16.69 12.07 3.95 7.98 12.67 10.31 16.11 18.34 7.56 4.95 5.67 5.18 6.61 7.36 14.69 10.53 9.83 6.72 6.28 7.02 3.35 6.57 6.03 6.38 8.28 7.85 8.25 11.74 10.56 7.42 7.52 7.0 4.37 5.91 8.04 7.16 7.51 10.98 10.42 6.05 2.34 1.77 3.35 5.06 6.88 14.41 7.85 5.33 7.59 24.63 9.04 5.49 11.78
4.97 5.87 7.24 7.62 8.53 8.37 4.4 5.17 4.28 7.67 11.22 8.56 7.72 5.76 4.41 8.82 8.95 12.94 16.07 18.08 8.77 5.89 6.52 7.84 8.47 13.39 12.3 7.13 4.77 6.8 5.16 5.94 9.74 6.56 4.41 11.1 6.23 9.38 9.24 7.44 4.25 5.4 6.29 3.98 4.92 9.34 9.54 9.2 13.79 8.2 6.62 3.93 3.71 3.53 5.34 8.0 6.78 4.57 4.16 5.1 10.74 7.58 14.79 6.7
3.03 4.67 6.21 4.74 7.37 9.4 2.95 3.53 3.06 5.1 7.02 6.04 6.01 5.06 5.67 7.58 9.63 12.89 15.52 18.76 6.31 6.39 4.95 8.58 5.72 7.21 9.74 10.52 5.03 3.37 4.22 5.5 7.77 4.95 2.54 5.05 7.01 8.88 3.49 6.28 8.43 4.87 4.55 7.77 14.28 10.59 11.3 9.73 8.06 3.87 4.42 2.98 4.58 8.57 7.42 5.79 4.52 3.75 5.05 5.96 5.4 5.25 6.52 5.48
5.57 5.02 6.06 6.96 10.87 11.25 4.53 3.19 2.78 8.68 9.32 4.49 7.25 7.63 7.27 5.53 6.79 12.57 14.5 12.19 4.54 6.63 7.74 6.91 5.18 16.92 15.12 10.56 7.02 5.32 8.92 4.23 8.71 4.25 3.52 3.85 19.93 11.96 6.59 6.78 7.84 5.75 9.42 13.17 10.07 8.42 16.41 10.81 9.92 3.19 3.47 3.86 8.64 7.44 6.49 8.46 3.9 4.01 3.39 6.89 11.3 4.96 6.07 13.08
8.19 8.19 7.91 10.95 15.03 19.24 13.51 6.12 2.54 4.41 4.33 4.17 3.69 5.22 6.52 6.48 6.56 20.33 12.39 8.11 12.67 11.92 8.33 7.72 10.14 13.34 17.19 13.17 9.21 7.57 8.63 9.3 21.47 5.59 2.8 5.89 12.88 14.29 12.86 8.57 9.77 8.02 13.83 11.83 7.87 7.25 7.92 8.0 9.87 4.72 5.97 2.39 4.52 4.32 7.03 5.93 3.86 5.72 6.82 6.64 7.65 8.59 9.14 8.79
11.38 8.48 10.98 15.21 9.28 12.88 7.51 4.41 6.6 4.82 3.17 3.6 4.69 5.42 14.87 6.98 6.81 13.11 8.66 12.74 13.21 8.88 6.58 6.62 9.39 8.47 7.93 14.27 6.98 5.86 5.43 9.28 9.56 8.63 5.09 5.04 7.92 11.59 7.82 9.94 17.31 8.16 6.75 4.99 3.87 4.42 4.78 7.48 2.78 3.4 9.07 8.06 7.44 2.32 5.32 6.81 5.96 6.95 5.72 6.37 3.0 11.98 5.65 10.31
10.35 9.51 10.07 11.75 13.69 11.31 7.46 3.8 7.54 6.16 5.94 3.92 6.93 5.45 8.85 8.25 9.21 4.61 6.94 17.17 9.25 6.37 7.17 7.23 5.84 4.2 8.89 10.89 7.87 4.53 5.65 4.9 8.1 9.9 7.1 7.7 8.44 9.32 7.64 11.01 10.43 14.75 6.14 4.53 3.33 3.3 3.41 5.41 3.66 6.0 7.75 17.62 17.92 5.7 5.03 7.66 10.05 5.6 10.26 9.39 5.38 4.36 3.57 11.27
12.68 8.35 8.73 10.16 7.47 5.7 4.99 4.19 4.66 6.52 5.48 4.09 4.79 5.36 6.97 6.78 4.23 4.31 10.77 9.8 10.92 5.36 4.0 4.67 11.6 9.35 9.57 5.99 10.82 13.42 5.71 5.25 8.1 9.38 9.73 11.75 13.99 9.5 6.13 6.28 7.75 21.64 6.3 8.25 3.25 4.31 2.72 4.34 5.73 4.94 15.28 18.3 26.6 5.92 8.28 5.64 8.09 7.89 10.75 10.48 8.87 3.61 4.4 6.84
9.96 9.16 6.79 8.09 4.26 5.46 5.18 5.88 2.83 4.62 6.18 5.66 2.78 3.48 5.21 5.23 2.71 2.57 4.26 9.06 10.43 7.66 4.11 7.42 8.74 15.61 9.37 7.1 6.91 7.02 5.94 9.7 5.49 4.35 5.36 8.53 6.87 7.75 5.19 7.25 10.26 8.04 9.81 7.0 5.82 5.3 4.14 6.93 6.05 8.97 7.97 9.44 21.67 9.91 4.3 5.19 8.89 14.86 10.22 10.2 3.91 2.88 3.26 2.97
10.36 5.49 7.6 6.66 6.87 7.9 6.73 5.1 4.11 4.02 2.41 3.25 1.95 5.0 2.9 5.29 6.7 3.29 2.92 8.27 7.87 6.81 5.39 7.01 9.8 12.92 5.94 5.97 5.4 5.15 10.08 5.78 3.76 3.71 7.27 4.75 5.9 6.05 7.41 18.86 13.47 7.89 5.55 4.3 5.77 7.83 6.92 5.68 5.62 8.75 7.15 12.98 18.87 10.81 4.35 3.31 7.28 9.94 13.01 9.43 3.79 3.55 6.72 5.09
9.15 5.46 6.9 9.18 5.78 7.28 8.85 4.69 2.35 2.57 2.34 4.34 3.15 2.19 2.06 4.87 6.87 3.11 3.51 4.26 5.29 6.31 7.39 6.8 7.57 10.21 12.51 8.39 9.68 20.0 21.46 8.59 11.36 4.45 4.26 4.71 7.42 8.11 10.23 12.74 8.82 9.91 3.48 5.52 10.24 6.67 6.22 3.93 11.36 5.22 6.12 7.28 16.2 9.68 7.16 3.28 5.63 10.26 5.5 4.46 7.09 4.76 3.72 7.77
6.82 9.25 6.35 9.22 5.68 6.91 4.44 7.71 2.08 1.19 2.85 4.64 1.87 2.88 3.61 2.68 3.62 3.72 3.71 2.63 6.44 6.19 5.97 9.08 10.93 17.84 19.73 11.68 11.93 27.07 15.48 12.15 10.58 4.32 3.4 4.55 11.32 11.06 10.26 9.03 13.84 5.35 6.19 16.31 8.48 9.17 6.09 8.0 17.43 15.73 10.11 4.71 8.56 8.58 5.09 2.73 5.75 13.96 4.3 5.77 5.67 5.68 4.21 4.94
4.53 7.38 9.93 10.46 5.98 5.29 4.51 7.03 2.68 2.2 2.86 6.46 3.87 4.27 6.13 5.41 5.16 3.81 4.41 3.57 8.32 6.52 8.47 6.87 7.65 15.74 15.67 9.7 10.56 7.94 10.22 11.88 9.93 4.98 7.05 5.27 8.12 9.86 6.0 7.29 6.83 8.16 9.25 12.47 10.4 13.65 7.11 22.84 14.67 16.81 10.55 9.0 5.68 7.3 9.12 2.76 3.85 4.91 5.9 5.39 3.62 5.85 4.6 4.85
3.41 7.05 10.41 11.96 9.88 6.53 8.0 4.81 3.4 3.72 3.24 2.82 6.58 4.92 5.09 10.79 7.62 4.12 6.4 5.59 5.34 3.51 11.53 9.67 7.38 7.55 12.4 8.09 10.0 9.48 5.64 10.84 9.44 6.59 8.88 4.87 7.48 5.92 4.28 4.53 3.66 5.82 3.53 5.11 22.24 13.83 13.65 21.83 21.9 7.17 5.49 5.53 3.9 5.88 11.42 4.38 2.05 3.64 5.04 4.15 3.65 5.9 5.95 3.7
4.24 8.05 11.28 5.69 10.53 11.18 6.83 4.92 3.0 2.35 2.53 2.94 2.84 4.69 4.45 8.11 9.15 4.98 6.18 5.84 3.12 4.79 9.31 18.79 7.83 5.97 8.65 4.53 5.2 8.68 9.4 8.96 8.92 12.19 5.7 3.29 6.11 3.76 5.96 4.18 2.63 5.24 4.5 12.61 36.11 17.74 18.59 10.68 8.77 9.02 6.19 3.61 7.85 10.69 9.23 8.21 6.01 2.78 3.1 7.6 6.7 3.9 4.28 7.38
8.34 4.41 7.96 19.03 10.41 9.94 7.39 6.37 3.66 3.87 1.6 1.54 1.86 5.08 5.95 6.88 9.27 6.41 9.56 7.39 4.66 5.89 11.25 15.66 6.01 8.55 4.1 4.68 4.82 3.24 7.41 6.37 5.21 6.2 3.59 4.17 6.06 6.91 4.88 7.18 3.95 5.84 4.37 14.92 27.14 36.45 15.57 5.99 7.43 7.81 8.1 8.21 7.98 6.44 6.95 6.73 4.58 4.52 4.11 4.95 3.7 3.9 5.43 4.95
6.94 3.53 10.36 22.93 15.99 5.91 4.08 4.08 2.49 3.31 2.28 2.19 2.33 6.14 10.04 9.65 9.14 4.43 9.0 6.18 7.13 5.16 11.63 13.13 5.69 2.42 2.42 7.5 4.03 4.18 5.93 3.57 7.04 8.12 3.74 2.51 3.42 7.04 5.89 4.39 9.05 12.38 8.03 15.8 15.41 14.18 7.9 4.33 4.5 2.73 3.18 8.41 6.69 5.08 5.82 3.71 3.23 6.22 4.89 3.02 3.63 3.91 4.64 4.45
3.6 3.99 9.23 8.61 6.81 10.21 2.97 2.11 2.74 4.86 3.68 5.02 3.98 10.99 10.78 6.69 6.32 5.38 3.28 4.09 2.99 3.7 9.25 14.78 19.9 3.98 5.06 14.65 9.44 3.62 8.03 4.05 4.17 4.94 7.26 7.86 6.22 3.88 7.68 11.22 8.47 10.91 6.73 12.7 10.4 9.0 5.01 4.79 7.27 4.62 4.09 4.95 8.97 11.17 5.93 3.63 6.04 7.6 4.37 3.83 5.55 5.39 3.45 3.9
5.94 4.24 3.05 7.85 4.32 7.13 7.02 6.2 3.01 6.26 6.54 9.87 6.02 7.13 6.13 7.71 9.58 9.01 4.88 4.03 6.03 5.78 11.32 18.28 12.63 11.99 9.52 10.96 13.09 7.04 4.06 5.93 5.43 4.08 4.5 10.88 7.65 9.37 7.63 5.04 5.98 6.81 9.77 10.77 10.75 15.27 8.41 8.14 10.27 7.13 6.26 7.04 7.4 9.44 5.07 3.61 4.62 2.55 4.09 6.49 4.55 6.87 5.02 7.42
8.79 3.31 2.69 3.95 3.86 4.26 5.06 6.47 6.75 5.07 8.65 10.39 15.28 11.47 14.41 12.9 6.87 7.3 7.51 3.91 3.86 7.39 12.37 18.62 8.49 8.13 5.15 9.76 10.39 10.7 4.07 3.89 3.23 2.37 5.08 9.85 11.48 8.52 9.34 6.95 14.19 6.31 4.46 6.53 11.75 21.55 14.01 10.27 7.9 5.1 7.13 4.9 4.25 3.07 4.13 2.59 4.85 6.57 6.69 5.85 5.19 4.39 4.07 7.42
6.54 2.05 4.11 2.08 3.0 4.01 4.93 6.99 4.15 5.07 11.82 10.76 20.55 16.84 11.03 16.12 13.12 7.26 4.01 3.51 4.9 10.15 11.74 16.41 15.17 4.57 4.33 7.27 14.96 9.43 3.65 2.83 3.31 4.59 4.98 9.4 12.49 9.33 7.76 8.81 20.49 8.53 7.09 3.63 13.89 18.61 12.1 10.54 4.75 7.9 12.33 3.64 7.08 4.88 5.21 3.15 6.04 3.18 12.81 6.89 3.32 3.18 3.2 4.51
5.0 5.78 6.52 5.74 3.75 4.19 3.61 5.19 3.16 5.66 4.59 7.83 41.26 26.53 13.67 13.05 18.98 11.49 9.75 5.14 6.1 7.26 12.02 17.99 9.26 4.54 5.07 6.79 7.92 6.89 3.03 4.2 2.84 3.24 5.82 9.9 6.58 9.33 5.12 8.3 14.13 5.24 5.19 3.88 14.47 18.32 13.77 7.39 5.78 10.97 12.59 4.53 4.17 5.01 3.8 5.48 6.39 3.45 4.44 3.85 3.93 3.6 3.98 5.46
6.52 7.03 4.59 7.7 6.87 3.73 7.58 8.52 6.34 4.77 4.02 7.21 11.23 6.39 15.77 28.06 20.25 8.21 9.33 12.31 7.51 6.81 7.65 6.33 4.71 4.8 3.39 4.56 4.07 3.29 3.38 4.12 6.78 5.18 6.04 3.78 4.7 7.14 4.26 4.25 4.87 6.43 6.23 9.22 8.79 11.14 9.97 8.21 5.96 8.82 7.44 4.48 3.12 2.69 2.3 3.56 4.61 8.24 3.25 1.78 4.46 4.05 2.68 7.41
9.4 12.4 9.08 8.59 7.83 5.2 7.6 14.12 13.69 6.92 5.26 5.7 4.57 7.76 11.29 12.5 25.24 14.3 9.35 7.98 15.96 7.24 8.89 4.65 4.31 4.5 5.37 7.95 5.22 4.31 5.49 2.86 3.28 8.72 11.59 9.62 8.05 4.12 8.18 8.76 4.92 5.41 9.68 9.94 5.34 8.36 5.23 7.59 5.17 4.17 7.35 4.06 4.33 2.04 2.8 5.09 8.96 6.58 2.98 2.6 2.97 4.54 4.07 5.43
6.87 7.99 19.31 10.96 9.27 16.01 18.12 12.74 11.22 13.12 5.96 8.69 8.91 9.32 10.23 12.63 32.27 17.68 9.0 8.82 35.0 10.14 6.7 6.25 5.39 6.76 4.07 14.46 10.78 11.66 5.26 3.42 3.45 7.58 9.95 14.95 7.75 13.99 11.92 7.42 8.57 10.81 6.62 4.75 4.18 2.13 3.48 8.61 4.72 6.62 11.1 10.7 8.0 3.33 10.13 8.5 7.18 5.11 3.59 1.95 2.3 3.47 4.4 5.53
14.74 14.43 18.37 12.02 13.54 14.88 16.66 11.39 10.29 7.95 7.88 9.14 13.57 19.45 11.43 24.79 27.71 19.31 6.67 10.65 14.65 6.79 8.6 5.05 6.9 10.42 8.67 14.28 7.15 10.07 2.81 5.73 4.27 4.01 6.6 10.31 6.92 14.96 14.45 11.21 8.04 11.75 9.79 8.79 4.25 3.53 5.44 5.36 5.16 11.13 10.91 11.73 7.73 5.16 13.17 3.58 4.47 7.21 2.47 0.94 3.69 5.76 5.56 4.1
