5.87 18.66 8.4 12.57 9.68 2.51 8.81 6.95 8.04 14.02 23.13 11.8 5.57 8.52 7.94 11.44 6.82 5.62 4.82 6.33 7.41 8.88 6.9 12.16 17.39 10.7 11.54 9.31 4.74 4.85 7.35 8.56 29.71 24.34 31.96 21.53 8.73 11.53 13.18 9.51 13.14 4.4 4.02 5.68 11.57 9.42 14.51 23.56 11.52 14.9 4.51 7.13 5.19 11.1 44.43 21.78 17.19 15.27 9.84 20.07 16.22 18.98 15.44 5.53
9.77 19.04 13.48 15.75 12.16 6.79 5.13 4.71 7.13 12.96 15.35 11.88 8.46 9.25 11.45 9.06 13.53 13.27 9.46 8.1 8.17 13.0 9.8 10.26 6.72 8.21 12.13 8.45 6.03 3.75 9.49 10.87 14.02 16.48 19.61 17.03 27.12 9.91 11.46 7.59 6.81 5.0 5.84 4.64 10.2 10.64 14.44 10.85 15.0 13.48 6.36 4.78 10.76 23.06 17.99 19.92 10.51 14.21 9.42 12.29 29.45 33.47 28.25 8.21
16.82 10.93 8.3 10.16 7.77 6.14 5.14 9.8 9.12 9.07 13.59 13.33 12.93 12.28 18.72 16.86 21.92 24.52 8.19 6.32 7.6 5.46 2.98 8.79 13.05 7.64 7.24 7.28 4.88 8.09 5.69 9.53 6.83 12.6 14.57 15.68 26.11 9.76 4.22 4.18 4.25 3.24 8.17 5.79 10.79 8.15 16.28 14.48 18.4 11.27 5.24 4.52 7.43 23.78 7.43 11.64 10.28 7.98 16.93 16.93 27.48 37.97 12.32 10.82
13.92 7.37 7.92 19.66 12.69 8.29 7.81 7.41 8.29 8.64 10.41 11.13 5.88 4.7 12.33 9.48 10.73 14.6 12.64 7.71 6.19 3.61 6.81 6.6 10.77 5.6 4.31 6.37 5.93 6.73 8.31 4.73 3.41 7.84 11.71 9.69 10.17 6.44 9.37 2.72 3.2 5.02 6.21 10.49 12.31 12.44 18.85 10.82 12.57 14.46 4.24 5.71 5.69 7.95 9.88 8.23 7.96 4.77 9.52 18.9 23.49 67.43 14.86 17.06
16.55 8.06 16.83 13.74 6.95 6.27 9.24 9.08 10.16 8.27 8.75 8.81 5.03 4.38 5.45 8.02 17.2 13.19 12.16 3.06 6.38 2.92 5.69 5.97 7.31 5.17 2.5 4.22 5.18 8.24 7.15 4.6 4.37 6.41 8.8 10.81 11.31 7.68 8.19 4.17 5.34 3.11 4.68 4.57 12.07 12.07 23.55 10.12 8.01 16.28 6.22 3.83 5.87 6.07 8.39 10.12 7.45 10.25 22.5 26.88 23.49 30.82 15.63 12.25
20.81 9.79 7.5 7.45 4.16 4.69 7.67 8.36 9.6 11.18 9.28 12.88 8.0 11.42 9.26 7.65 4.43 6.29 9.68 4.48 1.58 3.26 2.19 9.27 5.45 2.4 2.72 2.57 3.25 9.27 8.06 9.71 9.35 6.25 8.62 10.84 10.08 7.78 6.6 3.61 4.74 3.87 6.48 19.47 17.77 8.28 12.18 8.76 9.19 7.43 6.63 3.18 9.66 9.32 6.08 6.3 6.81 9.52 14.84 16.26 14.05 10.83 16.51 16.38
13.96 5.67 6.13 7.15 7.52 6.63 5.84 7.59 6.72 8.32 8.25 11.04 11.19 14.12 10.18 4.64 7.05 5.96 5.75 3.53 3.62 3.12 2.84 3.43 4.09 2.67 2.73 2.86 3.57 4.78 14.07 14.5 7.81 6.43 5.26 9.81 9.5 8.48 10.35 3.71 3.15 3.82 3.95 14.49 21.0 9.59 13.85 7.23 5.44 2.95 3.54 4.16 7.7 8.93 5.92 8.83 6.81 9.45 4.76 5.61 7.74 7.63 13.28 24.79
17.29 6.51 10.63 5.68 8.39 9.11 6.3 7.14 4.62 5.96 12.93 9.34 12.65 5.82 9.74 2.99 4.24 5.73 6.26 3.58 4.94 3.12 2.88 3.76 3.07 2.56 3.36 4.57 3.75 7.16 9.46 7.91 6.61 5.61 8.95 8.32 8.21 9.23 7.26 6.03 4.9 3.91 4.99 19.71 21.31 8.44 12.95 5.18 4.81 1.84 2.97 3.75 15.03 10.87 9.02 5.38 8.03 11.76 5.65 5.91 7.02 7.15 9.8 21.96
11.15 14.11 10.04 10.86 10.19 12.1 7.23 7.31 8.85 3.84 4.21 7.24 5.64 8.01 8.29 8.83 2.22 4.07 3.68 5.53 6.31 3.88 2.64 3.01 3.57 3.98 5.02 6.77 5.76 7.72 7.12 5.91 4.56 4.64 8.58 5.57 4.32 21.03 11.16 5.87 3.16 5.23 11.02 16.21 13.41 12.28 7.33 6.79 4.21 3.11 7.03 7.57 6.41 9.72 11.65 7.96 10.28 12.64 11.88 9.84 9.3 14.71 13.53 15.41
12.9 13.86 15.39 9.14 12.13 9.62 8.13 4.15 4.9 5.82 7.78 6.12 8.66 13.38 22.11 10.46 9.05 5.88 3.94 3.9 4.55 1.6 2.26 3.24 5.19 4.62 5.37 5.12 5.36 3.92 4.32 4.44 5.98 11.75 11.23 11.12 8.79 16.81 7.24 5.3 8.3 6.99 8.17 12.53 9.38 8.57 7.09 7.17 3.43 4.11 6.89 10.19 16.09 11.25 12.67 11.34 8.35 22.67 14.0 9.76 10.06 7.26 10.85 17.45
11.9 13.52 19.55 7.72 7.58 11.87 6.78 5.08 6.09 6.87 6.23 5.31 8.38 15.08 26.56 10.14 5.79 9.22 6.14 5.65 2.97 2.35 2.38 2.47 3.04 2.86 5.46 3.4 4.53 4.83 7.72 4.93 5.34 10.29 12.68 8.93 15.31 18.2 8.97 5.27 5.81 8.48 9.16 13.22 9.62 5.27 14.19 6.89 3.93 3.45 5.64 8.24 14.73 9.1 12.74 8.66 12.65 11.4 12.86 3.43 6.05 7.47 15.12 12.59
7.66 12.51 7.67 8.03 6.81 13.89 4.85 4.99 7.72 7.0 9.27 4.75 10.32 18.12 21.05 11.88 4.6 6.03 5.83 7.71 5.26 3.28 2.65 3.96 3.25 2.4 3.65 5.9 7.6 8.21 7.17 7.57 7.41 7.73 9.25 7.22 8.58 8.88 4.78 3.99 6.58 6.59 7.22 10.66 10.97 8.65 9.87 5.46 4.63 3.6 5.93 19.92 6.72 10.07 6.56 7.53 8.31 18.71 8.38 5.42 3.63 9.67 8.78 22.75
3.73 6.68 7.39 6.13 5.73 5.17 5.82 4.35 6.49 4.08 8.95 8.98 6.5 8.23 12.61 9.73 8.44 5.76 12.44 5.91 10.05 2.67 6.63 2.38 3.96 4.97 4.22 7.51 8.58 7.41 5.99 5.77 5.55 12.51 14.77 12.57 9.4 10.69 3.99 4.57 4.65 7.45 9.88 7.65 7.82 7.95 7.09 9.31 3.39 8.1 9.27 13.33 8.49 7.07 8.03 7.45 14.15 6.49 13.37 7.97 11.61 8.83 6.68 13.77
3.56 12.04 7.75 6.25 3.54 3.13 4.28 3.14 5.06 3.9 5.19 15.75 11.43 8.87 9.54 8.11 8.16 8.06 12.09 7.87 7.58 4.66 3.32 3.91 6.82 7.16 3.3 9.56 15.31 6.28 5.82 7.02 6.38 7.74 23.25 13.38 27.09 12.23 8.2 1.66 3.75 3.37 4.01 6.54 9.51 11.93 5.56 6.18 8.3 7.99 10.89 13.21 12.03 6.92 15.84 9.93 13.96 16.41 9.06 7.43 8.21 8.92 15.54 12.53
4.98 10.69 4.48 5.97 1.4 2.26 2.25 4.8 5.16 8.72 12.6 22.45 12.15 16.25 7.11 5.46 7.59 7.64 11.75 14.41 7.12 2.43 3.34 2.95 5.08 3.59 6.69 16.22 22.1 6.25 5.55 4.71 4.6 7.15 14.49 14.66 23.43 9.38 5.79 3.85 3.58 4.42 7.35 8.93 11.69 8.38 4.82 6.04 10.08 7.1 14.54 15.52 9.16 7.0 8.06 14.89 11.02 27.75 14.2 10.13 10.81 7.48 11.63 11.75
5.96 6.58 5.32 3.09 3.22 5.59 3.82 5.56 7.01 8.37 19.35 14.03 8.92 10.34 7.25 4.28 10.21 6.2 5.43 6.92 5.45 6.4 4.76 4.25 6.53 7.13 5.75 9.89 18.24 8.14 6.95 4.79 5.21 5.69 7.8 9.91 12.36 10.13 5.97 5.07 5.61 6.54 6.73 6.09 9.72 10.95 6.38 6.67 9.32 9.07 8.86 7.47 10.06 17.84 17.57 14.21 17.58 13.65 15.57 9.77 10.09 3.68 4.42 10.44
7.3 6.53 4.89 5.81 2.44 8.19 7.4 10.2 7.17 14.71 25.06 14.35 6.68 8.87 6.53 6.44 8.11 9.91 7.86 7.15 7.93 3.97 5.6 3.0 5.52 9.87 5.11 15.1 12.35 6.95 7.46 4.76 5.85 12.2 10.2 8.04 8.91 11.59 15.72 7.0 7.01 5.34 7.33 5.64 11.13 6.8 6.77 5.86 11.1 8.9 10.63 10.53 16.25 17.0 19.86 16.07 11.96 19.79 7.49 18.5 6.58 4.21 2.14 8.51
5.59 10.57 6.63 6.28 6.33 11.91 9.75 16.2 5.45 8.12 12.01 15.15 8.53 20.28 6.24 5.85 5.33 4.94 7.81 6.61 6.69 5.02 4.29 4.65 4.38 3.49 6.55 19.34 13.86 9.52 16.68 6.55 9.52 11.11 13.23 16.4 14.91 21.0 14.1 9.27 6.16 5.32 5.45 5.91 6.17 14.88 9.64 10.8 8.84 8.46 11.65 9.45 15.7 10.95 28.53 17.32 7.84 11.68 8.13 8.05 3.85 1.5 4.65 8.64
12.32 16.49 9.99 4.99 7.47 13.75 12.03 8.48 2.34 4.66 9.07 19.71 9.46 11.31 5.26 4.81 4.16 4.88 9.38 12.13 4.82 6.69 3.8 6.18 6.39 4.16 7.21 13.49 20.39 15.86 13.3 9.57 8.97 12.1 8.95 13.01 7.72 12.33 8.1 8.34 13.44 7.08 9.37 4.79 9.3 7.51 7.92 8.53 15.38 5.22 8.96 10.55 13.03 16.49 20.15 11.86 10.3 7.4 6.77 6.45 4.52 2.3 5.0 12.26
8.9 8.66 6.35 6.17 5.05 12.21 7.03 9.55 2.34 6.77 4.66 5.32 5.74 7.06 5.73 8.43 5.73 7.08 7.1 10.8 3.55 6.15 8.97 5.54 8.24 6.54 12.65 9.39 21.42 12.04 9.91 6.97 6.11 16.65 10.36 8.64 8.75 7.09 9.3 12.68 6.8 9.95 8.69 6.5 5.5 7.79 10.37 11.15 9.57 7.78 8.4 7.99 8.84 12.17 10.81 10.54 13.74 16.84 5.98 7.34 3.65 3.42 4.04 7.05
9.38 6.08 5.54 5.37 10.35 9.11 7.16 5.49 3.94 2.8 4.94 3.36 4.98 6.22 3.54 9.1 7.33 9.74 4.94 6.48 7.64 16.51 8.21 7.61 10.38 7.31 6.41 13.05 21.87 29.69 13.35 7.15 6.16 13.38 15.64 11.67 10.23 7.26 4.78 8.06 9.35 9.68 5.77 4.56 6.85 6.61 14.07 17.34 21.46 17.05 11.34 13.42 8.5 11.98 10.64 8.31 14.68 12.83 6.4 4.09 4.61 2.61 2.39 4.11
8.36 8.04 4.97 5.13 4.97 8.45 6.35 6.44 4.63 6.76 3.76 6.35 3.68 11.69 14.33 9.17 9.83 11.66 7.3 9.89 8.32 10.75 9.98 6.13 6.79 8.71 5.47 10.33 16.3 16.82 8.06 7.73 5.59 19.61 13.59 11.21 11.01 18.9 12.72 9.97 7.52 9.39 10.08 4.69 5.57 10.5 7.08 21.59 24.71 14.42 28.03 11.57 8.42 9.71 12.64 5.7 15.66 7.1 8.5 5.16 5.78 7.6 2.32 2.07
4.76 7.23 3.96 3.34 8.71 7.51 12.21 8.42 6.22 5.38 6.12 5.54 7.79 12.37 19.92 13.84 7.12 6.04 3.24 4.77 6.88 13.16 12.17 11.56 10.44 4.75 7.35 10.54 18.14 19.3 8.71 7.84 8.34 10.46 8.84 4.34 12.13 11.82 20.67 9.13 8.57 10.02 3.51 5.86 4.54 16.55 13.28 19.6 7.85 19.05 23.92 14.2 6.78 5.47 9.57 8.28 6.61 9.93 4.21 2.4 7.61 6.74 2.61 2.81
4.78 3.69 4.31 6.03 11.39 11.14 8.44 5.57 7.58 5.53 6.09 5.68 5.91 9.6 19.64 13.93 6.22 4.03 4.92 8.35 5.85 9.7 6.82 8.51 5.94 5.08 13.09 13.7 13.16 7.41 15.53 6.31 5.09 5.13 5.69 5.97 8.34 7.62 6.73 6.01 4.46 6.46 4.11 6.55 8.37 5.9 9.09 13.33 10.2 9.42 25.55 8.95 4.8 3.88 8.79 6.43 9.09 7.63 8.54 2.37 9.52 6.4 2.93 2.03
5.5 3.89 8.82 13.4 21.31 15.85 6.26 4.06 6.36 7.22 5.52 5.25 4.45 9.83 11.26 10.56 3.65 2.96 3.52 10.46 10.36 15.79 8.16 4.28 5.12 8.99 11.85 9.85 9.82 12.05 14.26 8.76 7.45 6.46 4.04 8.2 6.93 7.0 4.75 3.39 3.51 4.89 3.61 3.96 7.25 9.0 7.32 7.02 7.39 9.28 5.44 10.5 4.18 8.64 8.37 12.06 10.83 6.28 3.45 2.67 6.41 7.69 3.21 1.92
6.59 4.09 7.16 19.45 15.73 7.86 7.61 5.89 10.92 6.46 9.47 4.39 5.37 6.17 10.35 6.93 4.1 3.53 9.69 8.99 11.65 7.21 6.48 8.2 5.56 19.84 10.56 14.38 9.15 15.51 18.96 18.61 12.8 8.54 6.99 5.52 10.21 4.46 6.22 5.07 3.27 3.32 3.51 11.6 7.07 11.29 4.77 8.98 4.25 5.25 6.47 6.03 6.73 8.26 9.2 19.12 13.68 6.35 3.8 3.14 7.27 8.91 4.07 3.59
4.19 3.28 8.89 10.35 8.81 10.4 10.59 11.83 9.4 5.41 4.91 9.26 8.5 15.31 10.21 6.45 7.21 4.18 7.62 13.02 10.87 7.57 7.04 6.15 9.15 15.7 10.45 16.83 18.84 14.86 36.79 14.33 20.59 7.5 11.01 7.85 6.31 5.83 9.41 8.31 3.76 4.46 5.74 6.28 11.07 7.96 10.32 7.55 11.92 6.15 7.05 6.31 6.62 5.05 11.77 17.83 9.51 7.55 4.93 3.99 6.34 5.95 7.1 5.25
5.46 6.69 6.53 15.58 12.98 15.63 10.93 6.62 3.51 6.87 5.6 4.62 4.63 13.61 17.96 5.15 7.21 9.7 7.91 15.49 11.44 8.37 5.66 9.5 10.44 9.73 14.82 18.79 29.91 16.2 24.51 26.72 14.16 10.57 10.88 8.52 4.63 7.73 8.49 7.88 6.52 5.41 4.98 6.31 21.22 15.83 11.07 20.52 18.0 11.92 2.77 7.81 4.82 11.86 14.96 17.21 6.42 11.23 7.82 4.52 3.36 6.84 6.06 2.83
8.54 10.39 19.45 10.89 8.47 20.86 5.35 5.77 5.39 7.0 10.4 5.73 12.94 21.13 10.69 12.78 7.11 5.7 10.9 16.41 14.34 8.43 7.07 4.71 8.05 8.82 22.77 22.03 8.27 20.13 17.15 24.44 13.75 12.0 10.34 11.24 5.65 8.97 7.87 6.26 8.67 7.55 5.86 9.73 21.06 14.49 17.92 13.43 5.51 6.22 3.42 10.27 7.25 16.93 26.02 23.49 7.23 8.7 15.03 9.51 7.64 7.62 6.67 3.98
7.56 16.09 14.65 10.81 13.26 30.79 8.29 9.97 7.4 12.87 7.43 11.67 13.83 17.57 10.83 8.67 9.5 5.68 7.38 13.74 9.71 11.5 8.79 8.11 5.8 17.15 15.93 26.72 17.01 21.45 35.32 13.09 23.02 11.61 14.01 9.46 9.34 4.28 9.58 11.5 8.81 6.4 9.02 5.04 14.91 8.02 11.86 12.83 10.22 8.16 3.34 6.25 8.03 9.22 14.34 23.59 18.76 16.33 10.33 6.39 3.36 9.6 4.66 5.66
8.74 17.14 14.42 18.62 13.06 8.37 6.2 19.29 6.91 11.45 10.2 11.57 14.03 14.51 12.66 7.08 6.84 10.27 9.64 8.78 7.9 9.19 6.39 7.8 7.66 13.07 37.37 25.12 14.85 25.37 17.11 13.22 12.7 21.75 10.83 6.71 3.49 6.01 8.87 11.04 11.01 9.29 10.62 12.66 6.89 7.73 7.94 8.52 9.09 6.38 4.61 6.92 4.95 7.14 7.65 12.92 11.01 12.27 6.79 9.16 5.94 7.51 8.34 7.26
13.69 9.4 14.11 12.1 13.63 5.95 5.68 9.8 11.04 18.17 10.26 10.1 8.25 5.94 5.66 11.51 13.5 10.33 4.72 3.59 4.59 8.79 7.65 6.12 13.13 15.13 24.58 30.67 17.29 16.66 8.33 9.19 6.4 8.0 6.87 4.16 4.05 3.65 7.05 9.91 16.73 10.67 10.48 6.36 12.12 12.14 7.1 6.77 12.69 7.51 7.24 3.21 5.11 6.84 5.18 5.6 8.44 6.64 9.01 7.29 4.32 10.91 7.57 6.25
10.28 5.45 8.6 16.91 12.1 6.11 4.07 8.1 9.97 21.54 6.76 8.36 5.2 5.82 4.04 7.18 10.6 8.06 2.73 3.04 3.91 5.27 5.1 8.45 17.92 16.04 16.57 12.31 13.9 7.57 11.82 7.66 6.32 7.03 6.55 3.98 7.41 3.0 3.79 9.27 8.7 10.22 10.72 10.95 10.27 6.85 9.65 14.43 14.84 9.92 4.81 7.12 5.59 7.1 4.8 5.85 7.66 10.6 15.81 5.37 3.38 8.37 7.75 7.38
7.97 6.32 4.74 9.2 9.0 6.69 4.11 5.12 15.7 22.51 7.62 3.51 9.59 10.81 4.86 7.27 4.52 8.29 3.21 3.23 5.07 8.9 6.06 7.55 7.74 17.29 15.41 10.24 9.26 14.62 9.42 8.83 5.19 6.38 2.38 4.59 4.38 4.06 5.29 10.23 16.49 16.59 6.37 8.44 8.93 12.68 15.44 16.06 28.88 12.58 10.94 3.83 11.11 4.67 3.01 3.91 8.97 23.63 18.83 11.79 8.15 10.96 8.7 11.47
10.41 3.95 4.86 3.73 6.0 4.12 6.14 5.6 12.22 16.27 10.89 7.12 6.84 15.71 4.59 11.91 10.48 9.76 4.91 5.6 3.66 6.29 7.95 5.71 11.12 19.33 10.17 12.83 7.2 15.0 13.92 8.84 8.0 4.02 3.47 4.18 4.6 2.94 13.59 11.24 8.96 12.61 12.02 12.67 17.64 15.08 20.51 20.61 20.04 8.91 13.47 4.61 8.37 7.2 4.25 7.61 10.29 14.67 22.28 18.11 11.24 10.77 9.49 6.52
8.81 4.86 4.9 4.61 5.44 3.28 7.36 6.11 7.22 11.22 7.1 10.05 8.32 10.02 8.76 6.58 14.97 13.61 17.65 6.67 6.65 6.5 6.02 8.06 5.43 15.02 13.26 11.92 10.88 13.71 17.58 3.78 5.46 4.11 3.7 4.52 6.36 7.62 8.64 11.24 10.84 19.02 14.46 13.23 10.9 10.35 10.97 18.81 8.08 12.04 9.36 5.71 10.89 8.88 7.32 10.01 8.87 18.98 18.44 17.43 10.68 7.98 5.05 10.34
5.72 3.45 6.43 9.59 13.89 6.3 7.4 9.22 11.32 6.98 5.36 3.23 4.94 7.21 9.24 13.22 7.74 17.07 10.48 9.86 7.42 9.33 5.82 7.46 10.13 9.43 17.78 12.52 6.57 17.9 17.16 10.6 5.12 3.65 2.3 11.26 5.37 8.37 9.06 15.49 13.16 13.09 8.33 5.43 9.45 9.21 13.45 18.34 17.27 8.13 5.72 2.18 7.1 6.95 13.98 10.4 18.84 23.84 19.0 10.85 10.21 2.46 3.94 4.22
11.19 6.84 5.85 12.29 8.91 6.95 8.19 7.49 10.87 8.08 6.79 3.55 3.97 13.72 9.3 9.07 7.57 14.8 11.67 8.97 6.62 6.04 5.43 6.91 6.81 11.3 16.34 40.65 9.34 19.66 22.87 12.42 9.9 3.45 2.99 9.65 12.39 5.46 9.6 15.28 15.17 10.53 7.44 7.89 14.02 9.12 14.04 14.75 5.65 6.6 2.67 6.18 4.81 7.79 6.57 9.02 10.92 21.77 31.4 16.49 9.32 4.0 6.24 5.12
10.96 7.44 9.95 8.41 5.98 8.13 8.65 5.95 9.37 10.25 4.71 3.36 8.1 9.65 16.39 13.45 10.87 13.8 13.31 5.96 8.26 5.66 6.24 15.55 9.63 13.89 17.09 37.26 13.76 12.44 10.29 8.1 9.1 7.17 7.33 6.07 6.68 15.75 8.31 16.9 11.33 12.04 8.74 11.56 9.39 11.42 7.59 9.91 7.07 6.56 3.37 4.86 6.71 11.2 7.54 17.01 24.48 19.9 24.36 15.89 9.14 5.96 3.05 5.03
3.97 5.15 14.71 12.54 5.64 8.17 9.54 4.12 7.47 7.65 8.5 3.43 9.99 9.22 16.01 13.53 12.08 8.19 6.62 9.3 7.88 11.29 8.18 8.73 11.42 14.11 18.04 32.25 13.01 18.75 11.46 4.62 12.0 11.49 7.86 6.61 7.17 9.18 17.12 11.75 12.8 10.8 10.04 11.52 10.22 5.6 8.28 7.23 5.05 10.79 7.28 5.56 10.07 7.63 12.51 16.77 13.57 17.38 24.99 18.54 9.31 7.37 4.47 4.46
3.92 7.91 6.1 8.27 7.14 6.64 8.57 2.95 3.03 5.61 9.35 8.17 10.7 10.18 15.97 19.91 13.58 5.42 3.73 4.63 11.4 8.1 9.98 9.8 11.53 13.0 18.95 12.78 12.29 24.51 9.57 8.24 6.57 11.0 6.41 7.52 11.76 19.98 11.4 11.39 17.1 12.92 8.33 8.5 9.96 7.91 9.22 6.8 4.98 11.42 5.18 6.51 4.32 9.63 7.5 13.64 14.75 17.35 24.54 35.95 18.34 21.05 9.94 7.28
5.85 7.16 8.64 12.41 5.14 4.48 5.42 4.98 7.84 14.16 19.6 15.56 13.78 21.06 23.63 16.12 10.33 4.24 4.36 4.47 5.65 4.72 5.21 12.91 11.4 6.29 12.2 8.46 7.67 9.14 7.15 13.21 11.8 13.9 14.28 18.12 15.18 24.84 10.9 7.05 10.61 12.21 6.42 10.91 6.1 6.34 4.12 8.34 3.84 10.45 12.37 10.1 5.76 5.85 12.37 11.22 14.14 15.83 26.08 14.92 15.19 26.26 10.97 7.43
3.73 12.41 8.29 14.03 10.55 7.6 6.15 5.4 6.84 13.61 37.77 23.0 23.95 14.99 23.43 23.97 15.08 6.63 3.28 4.36 5.61 6.73 6.76 8.21 9.84 6.6 12.39 4.03 6.14 8.57 4.71 5.33 11.37 19.32 15.11 17.61 29.45 11.92 19.98 7.42 18.06 9.57 6.26 6.06 9.5 5.67 7.48 2.8 7.76 6.3 13.64 5.58 6.25 6.16 6.56 10.11 5.74 12.92 6.67 13.81 13.15 18.06 7.93 6.13
9.69 8.63 6.75 6.48 16.89 9.89 7.46 8.0 11.96 17.41 20.19 70.23 17.19 11.95 14.76 15.0 17.19 8.3 5.21 5.78 14.85 4.83 6.49 7.27 6.2 5.44 4.39 3.23 7.08 5.57 8.48 9.3 8.18 8.45 6.69 9.9 16.03 22.06 12.32 13.41 6.27 7.45 6.36 7.67 4.5 4.23 3.56 8.66 11.14 11.19 7.14 5.16 5.34 10.07 7.22 9.71 5.92 7.77 4.59 7.43 18.44 18.71 8.14 6.95
10.06 5.14 11.9 8.09 11.97 8.84 13.85 8.59 9.81 20.94 24.21 44.48 9.6 6.29 10.61 10.24 25.37 11.67 7.83 8.35 12.12 6.34 2.98 4.77 5.55 6.73 8.32 6.06 7.27 7.99 5.78 7.32 7.29 7.74 5.65 5.89 11.88 16.46 11.99 7.88 11.17 4.06 6.44 2.79 2.82 6.14 4.85 5.55 8.69 8.95 10.56 5.15 6.49 5.17 6.21 8.44 6.9 11.55 9.36 12.98 12.35 23.27 9.04 7.2
12.89 8.07 2.84 5.68 5.38 19.51 9.25 11.27 14.32 17.4 24.08 33.16 6.83 6.43 14.16 11.86 12.09 8.03 5.37 15.67 22.82 6.45 7.3 6.58 15.85 8.04 6.27 3.23 4.92 3.46 9.13 5.28 4.93 7.68 6.5 6.27 10.76 7.37 10.37 11.67 11.42 5.95 3.15 2.03 1.96 3.21 6.64 6.25 11.73 7.88 9.07 4.17 14.4 3.35 7.16 13.76 13.77 20.22 14.82 15.01 18.69 14.0 16.79 14.01
8.81 9.6 6.34 2.93 6.47 18.28 19.86 10.86 15.57 28.05 32.36 22.72 8.48 11.25 7.4 14.49 7.84 13.43 8.22 18.59 21.74 12.82 6.53 6.36 6.21 6.58 4.19 3.04 3.53 3.58 5.03 6.41 4.07 6.55 4.99 5.5 10.38 19.68 11.63 16.16 11.05 4.88 2.58 3.19 2.94 2.22 7.96 7.21 6.22 9.08 12.34 11.55 6.81 5.14 4.47 11.09 12.75 15.5 9.47 8.28 25.29 10.99 14.99 9.34
20.13 7.22 8.16 5.36 6.12 20.03 8.62 9.55 11.04 20.86 28.02 23.65 9.12 11.42 8.01 9.99 11.2 6.28 8.65 10.8 9.7 21.72 15.42 6.22 3.33 3.44 1.92 2.83 2.78 4.35 6.89 3.21 4.92 3.79 4.97 4.83 7.46 10.95 21.38 21.81 26.25 6.46 4.64 5.71 4.23 3.89 5.39 5.17 6.93 12.65 6.14 6.37 10.84 7.33 8.41 6.62 11.68 5.78 6.83 10.98 12.82 15.98 11.81 13.22
12.56 10.37 11.23 6.61 8.89 16.55 19.23 20.46 17.74 15.73 31.05 18.02 9.31 4.67 7.92 6.26 9.85 7.99 4.04 6.77 5.36 9.23 6.73 5.34 4.91 2.83 1.99 2.59 4.63 2.84 7.74 4.08 3.94 2.81 6.26 4.69 4.53 5.63 10.5 21.52 15.19 16.64 8.35 7.2 3.47 3.58 4.61 7.11 7.92 13.37 14.36 14.69 12.93 5.71 6.68 6.45 8.44 9.29 11.84 18.54 12.41 7.35 8.9 13.76
9.17 10.48 14.19 11.66 12.78 17.04 23.38 9.9 12.16 7.38 12.36 7.39 9.78 13.54 7.22 10.21 9.31 6.19 2.88 7.77 4.06 12.35 9.65 9.29 2.0 3.26 2.89 4.16 3.38 4.7 3.06 7.55 4.2 6.11 6.24 6.48 7.18 9.28 9.56 21.66 14.57 13.53 11.3 4.82 5.41 3.38 6.42 4.81 5.8 6.98 9.33 13.41 7.55 7.52 5.6 2.68 16.38 12.1 14.63 13.28 16.36 7.69 9.7 9.11
16.62 11.16 13.9 13.82 9.52 10.22 9.89 9.34 10.84 13.67 16.05 14.31 9.85 12.44 6.03 9.62 7.81 7.34 4.02 11.71 8.15 6.92 10.5 6.45 4.42 1.16 4.28 4.96 7.1 6.15 4.69 4.74 4.73 8.33 13.76 6.91 10.34 11.31 19.41 17.67 16.1 9.12 6.71 6.72 2.53 2.67 4.59 4.38 6.03 8.25 7.17 11.91 6.18 6.91 5.69 3.3 11.69 14.18 13.46 8.94 7.78 3.52 6.68 8.51
13.0 14.03 11.28 8.59 13.78 15.99 13.62 6.06 11.71 8.08 19.34 9.97 16.82 10.69 15.52 5.8 8.62 5.95 3.52 4.98 9.49 6.87 3.96 4.86 4.5 5.26 3.61 8.15 6.83 12.81 7.33 5.47 6.44 11.35 11.12 4.74 15.17 17.34 14.8 17.58 11.04 12.13 8.75 9.56 5.73 2.66 2.91 5.49 9.78 5.92 3.56 4.51 2.65 5.05 2.58 3.02 6.66 6.96 6.85 4.37 6.46 6.16 2.79 5.01
8.51 7.82 11.09 5.09 16.47 11.29 13.52 11.69 9.6 4.48 6.58 10.44 13.36 10.99 5.34 5.56 5.38 3.13 2.58 4.64 9.14 9.54 3.13 4.29 3.44 6.66 4.81 6.18 9.03 14.48 11.38 4.87 7.72 9.47 4.92 6.81 13.69 21.74 22.03 13.74 8.29 7.5 14.64 15.37 6.58 2.16 3.57 8.0 11.03 5.42 2.99 2.99 2.51 2.53 2.56 4.67 6.07 7.63 7.16 4.56 6.56 4.45 3.35 5.76
5.35 6.05 13.94 8.75 13.45 12.29 16.34 11.13 8.73 6.75 8.15 9.61 8.62 4.38 4.46 2.35 3.6 3.94 6.51 5.14 7.52 5.48 2.95 1.66 2.01 2.79 5.55 7.21 8.03 10.04 8.83 5.3 4.22 8.29 7.74 6.12 16.63 23.72 25.18 10.65 13.9 5.97 11.14 15.93 6.66 5.19 5.06 8.58 4.39 4.61 4.67 2.08 3.63 5.85 5.53 4.51 5.3 13.03 7.37 6.97 4.62 5.7 5.18 4.94
9.2 3.89 6.31 6.77 6.33 9.02 13.09 11.91 15.1 8.26 7.01 11.36 10.0 4.69 6.39 2.31 2.3 1.56 5.99 8.76 10.09 4.09 2.25 2.11 3.83 3.88 4.32 9.38 9.82 8.87 5.46 10.32 3.36 5.59 2.19 4.38 13.34 17.19 21.03 12.73 11.09 8.84 12.2 11.94 5.63 3.45 7.03 7.83 7.25 3.89 6.59 2.22 2.92 7.6 4.43 7.99 6.67 6.0 6.43 6.25 6.59 5.8 6.83 6.76
5.11 2.8 3.61 5.16 5.23 8.62 11.2 23.35 13.5 10.62 8.84 7.99 9.39 6.46 5.13 3.57 3.15 3.98 6.48 5.83 11.58 3.75 2.57 3.19 3.13 7.69 9.08 10.7 8.78 4.2 6.5 7.69 8.66 3.98 3.2 2.37 5.84 8.22 9.89 7.0 11.74 7.61 13.7 7.37 4.42 1.7 6.1 7.02 8.55 7.33 6.51 4.44 3.94 5.89 5.81 4.02 10.22 7.43 4.52 4.97 4.93 2.72 4.63 9.93
9.86 3.0 3.11 3.64 4.15 7.2 9.89 15.79 14.68 7.44 5.07 8.48 10.31 5.33 6.77 3.14 6.65 3.95 7.49 8.68 11.37 4.4 2.98 2.6 4.47 10.8 7.39 6.9 10.31 7.27 14.43 11.85 7.21 5.26 4.23 3.49 2.26 6.53 8.17 10.77 8.27 11.6 8.23 7.81 4.21 1.64 3.23 15.25 4.48 4.67 2.75 2.23 4.67 6.76 5.78 5.18 5.24 7.58 3.07 5.24 4.79 2.91 2.17 7.67
11.63 6.39 3.94 3.42 2.98 4.84 8.14 15.05 19.3 13.64 8.46 8.83 7.76 6.69 5.39 2.93 4.62 4.89 7.81 10.2 7.68 6.59 3.22 3.11 4.24 9.0 5.1 7.56 6.29 6.9 9.3 11.63 17.03 9.16 6.2 5.1 2.11 4.93 7.29 10.48 14.71 18.59 13.78 8.65 7.0 3.08 4.5 5.32 3.37 1.2 3.37 3.43 4.34 2.83 5.63 7.56 7.28 4.23 2.8 3.28 2.46 3.63 2.76 8.58
3.65 6.13 5.33 3.24 3.76 10.55 12.46 13.13 15.21 8.21 11.79 10.9 7.3 9.46 10.32 5.64 4.56 7.21 4.59 9.82 7.92 3.95 4.65 1.85 4.4 3.13 3.69 2.27 5.17 6.61 9.51 9.33 15.7 17.77 12.53 5.76 4.82 4.74 8.78 9.05 21.78 27.15 21.12 8.06 11.54 4.23 8.1 3.33 2.04 1.71 2.88 2.68 3.19 1.94 5.32 3.56 1.85 2.47 2.67 4.09 5.52 2.15 2.74 6.14
3.88 6.1 8.23 5.15 5.66 12.75 7.08 10.43 9.99 7.79 11.19 8.08 8.2 11.11 8.67 11.41 5.14 4.82 7.16 6.98 5.98 2.88 4.97 4.89 9.75 4.62 5.64 4.1 3.05 6.68 4.07 9.69 10.44 14.07 10.99 7.5 3.37 3.45 5.62 10.2 11.95 22.07 12.83 18.57 14.35 7.58 8.48 6.25 2.29 2.26 1.89 1.78 1.37 1.59 4.75 3.02 1.57 1.06 3.41 2.5 3.97 3.35 1.89 5.27
5.39 8.61 13.21 6.07 5.96 9.99 7.15 7.16 13.69 11.45 9.97 8.76 7.77 6.67 4.8 6.07 6.79 10.41 5.66 6.83 5.43 5.72 5.78 5.29 5.59 9.23 7.99 6.26 3.3 3.7 6.75 4.8 12.03 10.97 8.31 7.87 4.1 3.98 2.69 8.92 19.18 13.49 15.87 27.56 16.98 14.69 9.94 2.53 2.29 1.46 2.7 2.47 1.81 3.35 5.62 2.42 2.97 1.37 2.27 5.22 5.24 3.69 2.48 4.66
3.66 7.76 9.56 5.25 11.22 14.08 9.39 10.55 17.89 6.08 4.77 5.74 8.98 4.19 5.53 8.13 7.62 9.92 7.1 4.9 7.3 8.8 10.02 6.12 9.44 9.47 9.63 6.34 6.95 2.66 4.36 4.73 8.34 8.9 14.62 6.67 4.36 4.02 7.55 10.75 20.58 16.88 15.9 14.58 12.75 9.14 7.7 3.93 2.88 2.4 1.97 2.32 3.44 5.51 7.27 5.45 3.63 2.64 2.78 3.73 6.3 2.47 3.05 5.5
4.55 2.84 8.04 5.82 9.04 10.35 12.54 12.56 16.41 14.29 8.57 7.47 4.56 6.69 4.08 13.15 11.89 11.25 8.53 8.0 7.35 9.77 6.21 4.49 5.61 5.75 6.04 7.01 6.28 6.03 3.54 9.23 5.31 18.28 13.89 6.69 6.17 10.06 15.19 11.62 17.27 17.3 10.66 9.5 9.6 10.18 4.2 3.72 3.93 2.66 7.47 3.24 4.38 4.11 7.06 6.16 3.65 1.72 4.48 2.55 8.06 7.12 7.68 3.77
10.16 6.07 4.22 6.34 6.69 11.61 11.48 11.13 17.37 14.86 5.62 7.07 10.92 7.45 6.33 10.27 15.83 6.98 6.53 8.62 7.37 2.47 4.13 3.59 5.42 7.39 4.88 10.07 11.17 10.26 7.34 6.24 7.11 5.26 8.17 4.09 15.98 9.21 9.66 11.97 21.81 8.34 5.93 8.38 11.11 7.47 4.56 4.24 5.37 3.61 4.1 5.04 3.12 4.93 4.74 3.54 3.88 2.19 3.5 5.49 8.66 7.24 10.28 8.74
