7.42 18.5 15.42 18.39 8.15 5.57 6.33 6.14 8.28 9.84 10.77 8.4 9.37 12.97 13.47 21.53 28.28 15.52 9.62 9.68 18.09 15.84 7.45 7.57 6.25 4.67 5.88 4.68 2.7 4.49 1.98 11.03 14.92 20.25 19.61 15.7 12.68 7.83 8.92 8.67 5.38 8.83 7.49 11.3 11.5 13.57 13.73 8.57 4.9 7.24 3.07 6.12 11.15 8.75 5.76 11.2 11.61 10.9 8.55 5.12 6.66 13.04 5.11 6.56
7.1 26.16 28.67 10.59 6.61 5.66 6.7 3.5 8.93 13.03 7.19 8.9 8.86 14.77 9.95 17.98 15.59 15.3 7.02 5.77 10.22 9.09 7.59 3.04 2.12 3.61 3.83 1.71 1.8 3.59 5.41 12.26 39.27 69.49 21.89 10.81 16.16 7.06 8.33 10.34 4.5 9.63 8.91 13.79 6.94 19.27 25.27 13.71 5.29 10.4 6.55 11.75 11.25 14.91 9.7 8.66 11.28 10.33 23.65 9.26 7.83 7.55 5.91 7.91
16.81 11.94 13.84 10.08 4.82 4.75 10.04 4.76 3.96 6.25 13.0 10.63 16.89 16.07 10.22 9.97 10.39 9.1 10.05 5.85 8.77 9.33 5.78 2.59 2.26 2.67 2.8 4.11 1.42 1.96 7.06 18.95 36.88 27.62 33.3 13.63 8.08 9.82 10.84 7.72 7.41 8.98 10.61 11.45 26.35 24.0 64.78 35.62 15.27 4.94 5.98 15.1 14.04 21.52 7.58 7.38 10.33 13.29 8.31 15.12 11.7 5.97 5.82 6.34
13.27 10.61 8.43 8.9 5.85 5.03 8.9 4.35 3.42 5.73 10.32 26.22 13.05 13.95 9.97 9.07 5.77 10.19 9.82 8.86 6.19 12.4 7.52 7.57 2.79 3.65 2.78 3.44 2.07 1.68 4.2 17.01 15.34 15.18 28.03 13.26 11.13 7.21 17.11 12.09 10.11 10.6 13.5 10.43 14.58 18.44 29.29 12.9 5.59 5.97 6.5 18.34 13.51 17.4 3.29 6.85 10.51 10.76 11.1 16.43 11.76 5.33 2.58 5.06
13.54 13.05 13.3 11.95 6.42 6.75 4.86 8.22 4.65 3.85 14.23 17.14 15.96 10.52 7.1 6.78 8.55 8.54 8.65 7.44 14.24 9.41 5.17 8.96 3.5 3.27 3.68 4.84 2.97 2.56 5.9 10.48 13.18 18.2 12.57 8.63 12.48 17.65 18.18 20.19 9.07 9.7 7.11 7.33 7.19 7.65 13.49 6.76 4.4 4.43 8.82 12.66 12.91 10.57 6.88 9.23 9.97 8.8 9.92 7.89 10.18 4.37 2.55 6.54
7.52 6.27 6.74 6.28 4.89 5.32 5.97 4.54 4.01 4.08 7.54 11.38 31.63 10.96 9.91 12.88 4.51 2.62 5.25 11.43 19.62 13.82 10.62 6.09 5.29 2.74 3.44 4.91 4.79 6.46 3.9 13.8 20.2 14.06 7.23 12.18 29.52 32.81 16.71 14.96 18.1 7.37 5.07 5.5 6.38 6.99 7.52 6.52 3.74 3.93 3.8 8.27 13.99 10.93 8.75 5.51 8.67 7.63 4.16 9.16 7.91 3.68 5.57 4.6
6.99 8.02 10.14 7.6 3.76 6.92 4.96 2.72 8.21 8.13 7.33 10.45 17.42 17.96 10.23 8.51 5.81 3.31 9.35 9.32 18.69 29.02 26.16 11.5 4.57 8.45 4.77 5.13 4.31 6.8 5.94 9.69 17.23 15.11 7.64 5.45 15.98 18.59 16.54 8.53 8.32 5.65 4.39 6.3 5.78 7.55 8.14 8.56 5.21 2.85 5.21 15.96 7.94 12.05 7.05 7.05 3.12 2.64 5.38 10.2 10.58 4.17 5.18 6.93
9.28 15.84 11.26 7.26 7.38 8.23 3.78 8.19 6.54 5.42 8.01 12.75 10.86 13.84 11.86 19.23 5.76 8.54 5.43 8.1 15.93 27.06 30.32 12.35 6.83 5.12 5.71 6.23 5.11 5.96 4.6 12.39 20.08 15.61 4.93 6.53 10.94 15.11 10.75 9.16 7.24 7.46 5.68 4.43 6.23 4.81 5.63 7.78 12.06 10.54 8.57 6.33 9.7 4.9 3.33 7.73 2.67 6.29 7.24 13.6 13.31 13.43 8.15 8.16
12.71 10.21 9.56 4.06 6.61 11.53 6.86 5.36 5.26 5.4 7.21 10.79 15.66 13.43 13.65 21.02 10.01 9.66 7.74 7.86 13.5 26.71 22.99 10.38 6.97 5.49 5.92 9.55 9.03 13.01 10.14 8.14 12.42 8.38 8.63 6.44 14.86 16.43 12.5 8.31 7.31 5.13 8.34 9.64 6.73 5.72 14.25 5.71 3.7 6.97 6.44 3.54 4.4 4.58 4.59 7.27 5.11 5.64 6.38 14.0 23.37 16.32 23.3 8.1
16.56 9.06 6.61 6.37 8.7 19.62 9.63 5.12 5.98 5.95 15.95 10.95 18.02 18.97 11.04 12.55 6.72 10.55 11.92 11.67 16.84 20.28 17.28 12.86 12.51 9.69 9.49 12.64 11.05 9.58 12.92 10.95 6.54 7.36 6.56 9.42 11.91 13.4 13.34 10.81 11.31 8.47 8.82 8.45 6.32 8.96 8.54 9.79 5.23 2.61 9.33 4.63 5.38 8.56 10.83 9.52 5.88 6.09 4.64 8.76 25.43 36.45 16.75 9.03
10.52 11.14 10.49 5.27 5.5 5.37 4.18 6.51 5.97 12.84 10.04 14.61 15.33 13.51 22.42 14.19 9.19 6.13 9.64 21.09 16.97 8.18 9.67 6.58 10.32 9.71 8.27 8.45 13.53 11.2 7.12 11.57 10.82 4.72 4.59 10.77 12.7 13.15 9.62 13.0 12.54 14.44 5.84 3.15 6.65 17.51 7.36 13.07 8.67 7.31 7.32 5.15 5.87 10.19 13.74 11.55 11.21 10.21 5.86 5.09 21.28 36.32 22.36 7.48
11.18 13.46 10.87 5.17 3.35 7.4 3.0 4.68 5.74 9.06 20.02 9.67 16.09 12.4 17.88 7.37 4.03 5.84 10.85 12.93 7.48 7.97 6.33 3.96 5.02 8.4 17.51 13.93 10.01 12.26 11.17 13.3 5.39 7.64 7.0 6.17 6.35 12.78 8.54 8.64 12.63 5.94 4.09 5.74 9.24 13.28 17.81 11.2 10.27 6.47 7.87 4.94 6.01 8.62 15.36 11.33 13.2 10.23 7.26 7.15 10.7 17.5 12.77 13.13
27.59 4.45 5.23 3.68 5.55 8.09 5.47 4.92 5.13 9.76 39.6 31.44 33.58 15.47 7.97 7.03 1.88 2.73 3.99 6.08 4.13 4.97 5.59 3.33 3.83 5.86 11.3 12.07 12.38 11.64 9.73 8.16 10.03 13.45 7.37 8.32 7.44 6.84 6.36 4.07 9.53 4.29 3.97 3.62 9.69 22.55 14.65 8.41 7.69 5.9 5.27 3.41 9.26 11.83 12.05 7.09 5.52 8.57 6.74 4.8 10.22 6.53 14.63 11.23
21.95 8.41 4.8 10.28 5.57 9.49 7.21 8.21 4.48 18.38 28.49 29.45 20.1 22.0 15.81 5.07 3.18 2.42 3.07 4.68 3.69 5.04 7.81 4.4 2.82 3.33 7.44 8.45 9.71 16.66 8.82 15.26 13.06 16.97 9.59 9.37 4.05 3.97 5.18 7.16 5.08 3.29 1.71 4.45 6.46 14.78 12.33 16.07 16.14 5.68 8.14 5.5 4.02 4.96 7.45 7.22 4.29 3.92 4.25 4.23 6.29 9.28 8.07 10.1
11.15 6.68 12.37 8.5 7.49 6.19 6.07 5.21 6.62 7.85 24.22 32.63 22.07 21.34 16.34 5.1 2.46 3.5 4.4 6.46 6.63 9.3 4.17 3.76 4.69 4.25 7.05 10.09 16.26 6.28 7.18 13.0 9.5 6.1 6.34 3.36 3.76 3.51 4.7 7.54 6.56 3.53 2.03 8.25 8.33 15.51 16.42 29.99 28.04 10.73 6.39 7.77 3.7 4.09 6.48 11.66 2.38 2.57 4.96 4.87 5.23 8.41 17.8 11.54
9.83 5.79 11.93 9.38 9.18 9.1 4.05 7.55 9.37 14.6 13.47 26.39 25.57 11.66 6.13 2.62 3.99 2.84 5.96 4.89 6.25 4.03 2.48 2.27 7.05 6.91 6.41 11.48 12.27 6.95 10.21 8.39 12.46 8.07 6.01 5.78 4.7 5.02 3.84 5.15 11.76 5.18 2.98 10.21 16.12 14.42 25.58 32.99 17.41 6.11 9.77 10.07 8.27 11.23 9.63 6.28 2.82 3.69 5.41 4.17 7.81 8.21 13.49 13.2
15.5 13.49 8.73 9.71 8.66 7.38 8.99 7.15 6.88 10.47 10.29 9.15 11.75 11.19 6.31 3.61 5.15 7.58 7.94 6.39 2.59 2.43 1.86 5.27 4.36 4.73 13.59 9.5 8.95 6.92 11.36 14.28 6.47 6.28 6.61 6.34 9.27 3.78 6.88 6.56 12.46 7.18 5.13 25.34 29.79 15.47 19.78 25.99 10.22 5.24 10.03 7.17 9.99 7.49 4.08 2.96 3.76 5.32 5.31 5.95 9.55 10.3 7.69 15.31
16.15 13.89 6.09 7.45 14.65 13.17 6.0 9.78 15.29 7.75 3.27 9.92 13.06 9.84 6.24 6.35 7.33 8.04 3.1 4.15 2.05 2.11 1.75 4.65 5.27 12.31 16.83 13.19 6.86 10.61 6.44 7.44 5.91 9.94 5.9 6.0 8.3 3.23 3.33 4.42 8.54 6.58 11.86 24.6 14.9 45.58 22.72 11.17 12.22 12.1 8.75 4.78 7.05 8.86 4.23 2.7 6.46 7.48 8.17 4.96 6.06 12.36 10.81 8.9
7.61 6.62 6.46 6.1 13.88 13.62 7.71 6.14 10.64 5.46 4.99 3.24 10.13 15.72 7.38 6.33 5.34 4.07 3.03 5.23 4.49 6.03 6.19 5.8 7.84 12.45 29.89 17.86 4.99 5.73 4.03 4.68 4.73 9.29 10.32 7.4 6.11 3.07 6.62 6.31 10.2 7.93 14.34 24.07 15.83 36.29 14.34 7.67 7.16 9.63 9.29 4.34 9.11 7.45 6.15 4.59 6.84 8.2 4.52 5.35 3.78 9.12 12.23 13.61
7.19 4.69 6.35 8.25 11.22 15.18 25.5 7.91 5.07 6.37 2.11 2.89 7.58 15.4 8.27 7.24 6.34 2.76 4.99 8.41 6.85 6.73 6.58 5.09 6.45 12.04 19.75 7.03 4.63 5.58 5.87 4.25 5.14 8.89 8.64 8.3 10.05 6.88 12.42 5.63 9.09 8.14 10.16 15.48 9.57 13.02 8.6 5.67 2.89 7.32 5.27 7.47 6.34 11.09 5.82 6.36 3.46 3.63 4.0 9.56 15.25 12.38 19.19 15.21
9.1 4.91 8.67 13.44 12.01 18.06 20.04 14.38 5.41 5.33 3.68 3.33 8.0 11.74 8.12 3.15 4.9 7.83 6.16 8.49 10.47 5.25 3.9 5.38 5.8 5.23 7.23 5.37 3.12 6.12 7.28 2.38 2.45 8.67 10.85 9.34 13.82 10.58 8.17 7.28 13.27 13.88 6.77 5.53 6.51 9.77 5.45 4.95 6.74 7.09 6.69 5.8 10.25 10.4 13.54 9.22 5.24 3.72 5.42 8.98 10.81 23.7 11.34 9.75
12.55 8.41 16.35 10.24 6.81 10.17 9.25 10.47 5.47 4.27 3.67 3.57 4.53 3.95 5.0 2.5 4.12 6.6 8.04 10.55 5.58 8.81 6.51 6.91 6.06 5.32 4.8 4.81 2.3 2.59 2.28 1.7 2.0 4.42 7.98 13.92 9.04 15.42 12.61 10.38 18.33 6.54 8.28 5.1 12.65 7.25 7.06 4.14 6.03 7.81 8.24 11.36 20.27 13.17 15.64 9.38 6.57 5.38 5.99 10.45 10.53 9.98 9.27 12.21
42.14 10.26 12.47 12.66 12.38 13.27 9.67 6.97 6.13 5.96 2.79 2.21 5.21 4.06 2.89 1.92 4.53 6.2 7.53 6.81 11.56 13.3 8.15 5.07 8.3 9.36 5.5 5.44 3.67 2.69 3.22 2.64 1.16 2.82 5.64 4.95 4.97 12.41 13.32 6.98 10.24 6.92 6.98 7.09 9.69 7.86 6.44 7.64 6.23 3.89 12.89 7.84 14.28 9.04 12.87 3.9 5.05 6.09 9.56 7.63 11.86 8.57 6.56 7.53
23.24 15.66 12.59 7.29 11.91 12.22 10.98 9.28 4.73 7.46 3.47 4.01 6.4 4.2 9.91 5.75 8.54 7.95 4.79 4.93 6.15 6.47 5.19 4.99 3.23 3.4 2.71 5.11 2.44 2.53 2.53 1.65 1.69 2.82 2.93 6.72 5.21 4.26 8.23 15.52 9.88 15.36 15.58 14.54 10.61 5.45 5.51 6.27 3.44 4.89 6.1 4.67 6.29 4.72 6.18 4.08 6.5 14.0 18.72 23.07 8.43 6.75 3.5 6.11
10.42 11.31 12.07 5.95 7.76 12.22 7.8 9.55 3.5 8.64 5.39 7.58 4.82 3.24 4.61 4.66 7.78 4.87 5.24 3.11 8.16 4.89 7.4 4.83 5.27 1.88 2.22 3.46 1.29 2.66 2.36 2.27 3.03 2.74 4.37 5.42 4.61 8.63 9.75 23.73 25.6 14.4 15.58 15.71 8.46 7.81 9.27 8.15 5.0 5.79 4.38 5.22 5.17 2.34 3.16 3.75 5.37 5.84 10.02 23.85 3.05 1.69 4.14 5.59
10.38 7.28 5.64 3.8 7.13 11.26 13.92 8.63 4.94 5.57 6.39 7.99 5.02 2.55 3.0 4.85 3.62 4.78 8.61 6.63 7.28 5.77 7.48 4.34 4.86 4.06 2.82 4.3 6.58 4.99 5.26 3.87 3.42 2.92 4.1 3.85 4.8 3.65 5.6 13.69 16.05 10.52 17.99 9.98 9.45 13.74 7.12 5.05 5.89 7.84 5.71 5.69 10.69 3.74 2.36 3.63 3.6 2.89 6.36 16.54 5.05 2.36 7.87 8.32
12.58 8.53 7.86 7.08 9.97 6.66 11.37 9.62 5.23 5.29 4.42 7.32 3.37 3.11 3.39 4.61 5.03 2.7 4.73 6.9 7.56 3.35 7.86 4.09 5.23 3.33 4.55 6.07 6.1 8.7 6.98 6.64 5.73 3.23 1.82 4.23 2.98 2.41 4.77 15.45 9.52 11.88 9.77 9.34 16.97 7.77 4.78 4.89 9.59 5.93 4.32 4.23 8.66 2.29 4.59 4.34 7.1 5.9 5.86 9.65 11.38 7.76 5.84 10.89
10.05 12.29 7.81 5.66 18.21 8.74 4.55 8.59 9.03 7.36 5.69 4.26 5.2 3.85 5.12 2.85 3.44 3.13 4.34 7.85 11.49 18.31 7.87 9.85 8.87 8.37 3.3 4.34 3.23 5.67 5.75 6.05 8.58 5.09 3.97 2.36 2.44 4.02 6.02 11.85 16.53 13.11 7.66 10.41 11.17 7.54 6.31 5.35 5.86 11.66 5.6 2.51 2.48 3.87 8.06 3.85 6.4 9.0 4.67 8.02 6.77 12.8 7.79 10.51
7.71 13.8 16.9 3.5 5.59 13.26 7.18 5.67 9.74 9.99 3.93 7.84 9.11 8.94 6.29 4.18 3.52 3.7 7.27 9.59 20.47 22.52 14.65 6.13 8.91 5.73 3.75 3.38 9.71 4.9 8.73 4.04 5.91 9.24 8.33 3.64 3.51 7.53 7.36 8.26 6.36 4.26 5.45 6.03 8.8 5.96 5.86 5.68 5.15 13.61 10.48 4.84 4.19 6.13 12.79 4.24 3.9 9.76 11.45 11.56 6.39 4.59 4.36 6.59
16.32 21.4 8.51 4.16 2.67 10.42 21.13 11.03 6.05 9.87 6.56 7.16 6.49 20.45 15.77 3.3 4.83 6.56 7.73 7.84 12.84 7.71 10.19 7.37 8.3 10.96 12.17 8.59 11.15 8.85 6.87 5.66 5.49 8.13 11.97 7.27 4.44 4.0 5.71 5.23 2.93 3.62 4.98 5.91 11.03 9.84 5.0 8.38 8.84 11.44 12.76 7.46 8.5 6.58 10.58 4.96 7.24 14.99 29.73 20.43 12.72 6.15 3.51 9.34
14.03 14.46 7.5 3.62 3.12 9.0 23.33 16.12 7.49 7.56 5.79 5.14 4.26 12.34 8.95 5.1 3.17 5.45 6.29 6.89 5.54 6.45 7.85 11.7 6.27 6.25 10.37 5.73 10.73 11.7 10.61 6.7 9.08 13.7 14.99 9.9 4.41 3.71 4.18 4.8 3.41 4.35 3.61 7.02 11.24 21.72 19.77 16.5 13.76 28.65 12.74 10.72 9.17 9.26 22.08 13.36 13.59 11.41 18.82 18.78 9.63 9.08 9.4 12.12
12.94 9.31 8.57 5.3 5.17 5.85 11.94 9.55 9.94 9.39 6.64 7.95 4.06 4.21 3.33 8.59 5.51 5.69 9.05 6.44 7.37 5.94 9.87 11.45 6.39 4.39 6.04 8.59 7.78 7.53 10.65 6.12 10.25 11.92 15.95 15.19 7.22 5.79 3.0 6.42 5.17 3.72 3.14 12.8 14.84 25.17 17.38 20.88 20.12 17.86 13.41 9.67 17.58 18.55 12.83 13.09 12.71 11.09 13.15 9.13 13.56 7.72 9.58 6.73
29.73 17.27 10.46 5.79 9.35 8.72 9.87 4.63 7.55 8.35 5.74 6.79 7.56 5.58 6.78 6.76 9.92 3.99 9.8 7.01 5.21 5.0 5.97 8.12 5.86 12.77 12.26 6.72 15.4 6.03 11.06 4.86 7.29 6.83 8.46 8.76 7.01 4.61 3.85 6.15 5.61 7.24 6.4 9.6 23.28 14.35 19.2 15.0 12.57 17.28 15.73 17.32 22.32 30.63 23.58 13.09 8.44 16.82 16.58 10.58 10.37 7.25 9.11 8.2
23.57 14.58 9.26 3.94 7.37 11.06 10.26 9.12 7.76 8.6 7.35 11.11 7.12 18.94 9.28 6.8 3.75 3.16 5.08 3.96 4.32 4.15 2.23 6.95 8.23 11.26 10.06 6.76 9.24 7.21 15.93 9.49 17.51 7.97 13.66 7.97 10.71 8.77 6.63 8.33 8.57 7.1 5.57 10.33 8.68 10.2 7.94 8.93 10.14 11.3 15.18 29.4 21.64 32.42 26.73 19.55 8.51 9.42 8.74 6.46 5.05 9.07 8.78 4.99
9.13 7.5 5.62 7.07 9.6 12.89 6.48 11.53 5.08 6.15 15.6 12.79 7.61 8.93 10.97 5.5 3.19 6.57 6.84 6.08 7.02 4.01 1.77 6.24 8.0 10.38 5.17 7.81 9.88 9.49 18.07 9.79 15.27 13.52 15.25 16.48 18.2 11.07 8.93 8.1 13.52 7.11 7.04 6.91 10.92 9.91 9.99 11.13 6.56 10.18 20.47 16.23 19.47 13.19 10.08 10.78 5.26 7.9 9.25 6.95 3.64 7.92 4.92 8.37
5.13 4.2 3.89 9.89 17.43 14.75 14.67 5.72 11.1 6.32 9.51 9.8 3.92 7.28 5.4 9.18 8.64 5.83 8.35 5.74 1.75 1.78 3.2 2.87 4.38 9.77 9.63 11.95 14.8 11.73 9.02 6.2 6.56 15.17 20.67 17.59 7.5 4.51 8.76 12.06 12.94 11.66 5.6 8.95 6.83 5.74 11.35 11.26 5.39 5.93 17.19 16.42 15.3 8.82 8.9 4.79 4.39 5.43 6.89 5.06 5.08 1.53 2.58 8.72
8.63 3.87 5.98 8.8 21.14 16.59 14.26 8.53 8.91 3.96 5.17 3.29 6.0 4.25 7.62 10.05 8.53 3.34 4.59 5.57 3.52 2.28 3.57 10.3 3.17 5.35 7.59 11.8 9.8 9.66 8.65 11.69 12.32 15.19 11.8 7.65 7.96 3.57 3.87 9.44 10.23 6.05 7.73 7.76 7.03 9.59 5.72 6.83 11.06 7.98 6.02 11.19 13.67 10.82 3.95 4.25 7.8 7.63 5.94 4.06 3.56 3.72 3.75 4.9
5.95 6.55 7.13 8.18 14.15 18.86 12.9 10.45 11.08 5.71 2.79 3.56 4.16 5.25 6.92 5.71 6.84 12.22 10.61 11.66 9.63 4.23 3.86 7.13 3.48 3.65 5.11 4.36 5.28 12.96 14.59 8.69 15.43 11.95 12.38 6.49 6.48 6.58 3.49 7.5 3.56 6.53 9.98 8.01 7.78 8.99 7.56 6.25 7.16 9.61 4.23 6.38 9.39 5.34 1.96 4.59 4.02 6.46 5.68 7.17 4.59 7.99 6.0 4.78
9.13 9.73 8.71 12.74 10.46 17.56 27.66 13.39 11.03 11.57 6.75 3.1 4.76 8.57 7.72 4.37 8.96 10.58 19.7 11.72 8.06 6.97 3.71 3.96 4.29 6.57 8.25 7.6 8.68 6.65 8.2 5.77 8.87 10.55 15.44 5.21 5.76 5.28 6.06 2.66 7.03 11.66 11.06 8.69 11.61 4.36 5.47 7.13 8.59 8.34 5.13 8.54 8.29 6.42 2.71 3.98 4.25 8.67 8.3 4.97 4.63 4.08 4.64 7.48
5.76 5.66 9.11 8.54 14.52 17.65 27.34 12.16 7.41 11.91 8.82 4.32 5.53 8.8 9.02 10.74 5.24 6.54 9.13 14.15 5.56 10.22 4.06 3.39 6.25 8.86 7.41 4.71 5.62 5.41 4.93 4.28 16.81 14.72 14.51 8.86 15.96 11.8 10.2 3.87 6.18 14.1 16.79 9.3 8.62 7.12 5.58 5.94 7.06 5.02 6.35 13.64 10.12 9.89 7.31 4.34 5.78 8.52 10.92 9.68 5.73 7.82 6.17 9.33
1.85 5.69 11.81 10.08 22.68 31.34 17.83 7.97 6.15 8.74 11.47 4.46 3.57 4.11 10.92 6.16 6.7 6.59 9.41 11.23 6.11 7.73 3.53 5.68 4.48 5.14 8.47 9.74 4.0 11.56 7.32 14.23 12.53 18.64 20.28 6.54 11.54 11.48 6.09 5.9 5.54 7.93 12.22 8.78 11.74 3.87 6.94 13.47 9.2 7.11 9.49 21.13 8.37 7.43 7.53 5.5 2.97 6.15 7.57 13.9 8.39 11.21 6.23 6.14
4.88 6.89 10.86 10.21 12.0 20.8 12.0 7.02 14.43 9.12 6.66 4.13 4.35 3.55 7.68 6.52 12.51 9.86 8.4 14.81 9.9 8.36 2.51 4.15 5.93 7.11 4.78 11.77 12.01 8.15 12.82 14.94 10.54 20.85 11.76 8.17 11.28 12.96 6.9 4.81 5.04 8.11 9.91 13.87 11.33 5.67 9.48 10.98 7.84 10.77 10.34 8.51 7.6 9.33 9.65 7.05 5.33 6.74 11.62 13.93 8.42 8.06 5.18 9.01
6.79 10.86 9.43 5.15 11.9 16.3 14.74 5.92 8.36 7.89 7.81 4.98 9.38 12.27 7.95 3.9 10.74 8.26 12.94 19.95 15.88 7.49 4.64 4.51 9.45 4.53 5.61 8.67 5.83 15.42 11.35 9.22 7.78 9.84 8.78 7.32 8.96 6.98 8.47 7.59 3.47 3.43 10.81 8.47 7.06 3.95 11.88 10.59 8.91 3.35 5.68 6.15 5.95 11.49 12.92 8.74 4.94 5.26 8.73 13.7 11.97 7.72 2.73 4.24
6.29 14.48 6.42 9.62 12.92 15.54 10.75 7.32 4.19 8.21 10.59 10.01 9.85 9.89 8.03 6.05 12.62 9.15 12.68 34.73 34.81 9.49 5.3 5.82 3.84 2.47 4.55 7.47 10.19 21.14 6.89 8.24 6.98 11.11 7.4 6.77 8.95 5.55 4.91 5.96 2.44 2.83 7.98 5.53 4.58 6.91 13.51 9.45 9.34 5.67 4.49 6.0 6.82 11.8 8.13 5.85 9.27 7.45 10.81 13.47 9.49 12.13 5.01 10.3
6.74 3.7 4.58 9.16 7.59 14.68 7.75 5.68 12.89 9.6 10.35 13.41 9.16 9.28 10.28 15.51 15.43 9.89 7.48 14.16 18.83 5.45 5.66 5.71 5.85 4.83 5.05 6.49 11.27 8.2 13.27 5.85 4.97 12.12 7.78 4.28 4.02 8.47 3.4 3.83 2.57 4.63 3.58 4.63 2.63 5.22 8.86 4.66 6.56 6.66 5.36 4.14 4.98 6.11 6.47 11.07 12.97 10.85 11.91 8.27 8.96 6.59 11.59 5.1
6.45 3.1 2.81 6.19 5.33 10.86 13.29 10.09 4.35 7.19 16.94 13.29 13.41 11.39 25.66 9.6 11.65 4.65 5.22 9.29 10.64 4.95 6.66 13.52 9.13 4.06 11.16 10.49 5.03 4.05 4.14 4.24 2.34 5.84 6.31 4.49 2.19 5.0 2.88 2.41 2.87 3.72 4.59 3.61 5.39 4.36 5.12 5.36 10.83 5.62 3.27 4.77 6.49 8.42 8.62 10.02 7.41 4.95 8.34 13.59 21.96 14.47 7.1 8.74
4.63 3.15 1.54 3.85 5.59 7.68 10.68 12.92 8.81 11.63 17.58 11.47 17.29 17.29 14.05 15.35 10.17 3.59 2.78 4.55 11.05 7.84 4.94 7.28 4.55 4.28 5.65 4.46 4.26 3.56 3.26 2.03 3.9 3.9 3.61 2.85 2.18 3.29 3.47 1.67 1.88 5.32 4.95 6.28 7.37 9.64 5.5 4.79 9.74 4.76 3.51 7.32 6.0 12.35 7.56 7.12 6.65 7.03 14.21 16.33 24.41 19.51 5.02 5.02
4.75 3.72 3.94 3.92 2.31 12.25 6.87 9.54 8.72 11.22 13.37 12.49 9.12 13.32 11.02 18.75 7.6 7.22 3.81 3.59 3.6 3.36 3.91 3.41 5.96 5.15 3.67 7.46 4.81 5.67 3.09 2.18 2.2 2.77 1.4 3.43 2.53 4.26 4.15 3.03 3.66 3.76 5.57 8.86 9.61 9.94 5.68 5.31 4.39 3.7 4.21 2.48 5.93 5.56 5.07 10.36 5.52 6.65 5.45 12.52 11.12 9.75 4.37 6.02
5.93 5.54 3.85 1.93 3.54 11.49 12.92 5.64 11.11 5.18 9.31 12.08 9.32 9.52 7.28 12.6 6.65 6.5 4.26 3.65 3.09 3.83 5.99 5.59 6.06 9.65 3.48 4.68 8.99 7.88 3.35 2.45 2.26 2.78 2.65 2.9 4.47 4.55 6.93 2.98 3.32 4.99 3.97 6.62 6.19 5.15 5.21 3.31 3.54 2.54 3.91 4.27 4.28 6.61 9.17 8.43 6.88 5.11 6.28 12.78 9.68 4.78 3.59 6.26
8.34 8.58 3.49 2.82 3.22 6.29 6.83 4.59 6.7 6.52 8.23 4.22 6.52 8.53 5.55 6.16 4.76 5.81 4.41 3.4 5.16 2.68 4.76 4.36 5.15 5.53 4.49 3.93 6.2 7.46 5.83 4.36 2.82 5.76 3.34 3.22 2.63 5.39 4.61 3.71 2.6 3.15 5.61 5.51 7.56 11.72 4.81 3.14 3.35 3.48 5.76 5.62 4.74 8.68 5.87 8.51 10.3 6.59 13.67 11.5 8.74 4.24 3.85 4.24
3.78 5.63 5.87 3.55 2.4 4.34 3.53 4.01 4.18 4.51 2.84 2.33 3.81 5.61 13.4 10.92 7.94 6.42 3.64 4.98 4.43 2.9 5.18 7.06 7.82 5.48 7.7 8.89 4.75 5.23 9.48 2.87 6.68 5.92 1.95 2.71 2.35 5.86 5.26 15.52 5.93 4.22 5.54 7.25 6.07 10.25 8.28 4.57 2.54 9.24 6.59 4.92 7.95 6.39 5.09 7.73 10.29 7.94 10.75 11.74 9.54 4.17 5.69 5.97
3.87 8.19 5.23 7.11 3.26 7.24 2.57 3.24 10.05 9.73 6.45 2.72 5.26 11.14 8.6 7.29 6.93 7.63 4.88 4.05 2.96 4.53 4.86 5.68 5.61 9.97 9.45 4.31 5.42 4.83 5.2 3.92 3.02 3.15 2.32 2.13 1.19 3.88 6.47 8.03 6.56 5.14 4.23 5.72 4.78 6.83 10.97 5.14 3.84 3.84 7.14 8.25 6.89 13.49 14.18 8.93 7.28 6.34 6.5 6.93 4.99 4.86 4.93 7.43
4.57 5.2 8.47 7.34 6.46 4.55 6.55 6.66 5.22 12.6 8.52 9.12 9.49 7.89 6.78 8.27 2.8 8.96 6.49 4.83 1.52 1.67 5.75 5.58 4.05 9.34 4.84 3.04 7.55 4.94 4.97 5.24 6.2 2.45 3.93 3.5 4.37 3.66 6.38 6.45 5.74 3.4 5.47 7.54 7.27 8.31 5.37 9.86 5.59 4.3 5.68 9.77 9.69 14.79 20.94 8.53 7.12 5.67 12.66 10.02 9.36 4.96 4.04 3.9
4.38 3.63 3.56 5.75 4.53 5.03 6.67 9.4 7.37 5.94 5.17 10.68 5.52 9.39 12.83 10.3 5.87 12.64 6.53 4.05 1.58 2.59 3.68 6.01 6.6 5.82 6.27 8.4 5.09 9.91 6.07 4.65 5.01 2.93 2.81 4.66 7.5 8.7 6.13 5.49 4.07 6.1 4.49 6.6 9.29 5.22 4.33 6.45 6.16 5.02 3.77 15.38 14.72 8.42 14.13 13.31 5.5 7.75 8.31 6.57 4.54 9.09 4.28 2.25
4.09 4.22 4.01 5.73 8.42 4.8 7.11 10.3 11.02 4.35 4.34 3.71 6.27 12.97 11.92 10.6 6.28 5.16 5.36 3.28 2.74 4.39 3.64 6.16 6.95 8.11 5.55 5.72 5.73 7.68 5.56 4.46 5.27 4.71 3.72 7.43 7.17 9.47 5.7 3.23 4.92 9.3 4.09 3.38 5.09 5.04 4.75 3.0 4.26 9.8 15.13 27.65 19.16 12.27 9.16 13.77 8.31 9.16 7.54 2.87 3.44 5.31 5.69 4.78
2.77 4.63 3.45 5.12 4.41 2.06 5.78 7.39 7.28 9.59 4.36 3.38 8.18 7.84 8.48 5.85 6.73 4.48 4.92 6.29 6.4 3.63 3.37 3.21 3.85 5.77 4.44 4.97 4.16 2.76 4.98 5.77 7.89 5.71 9.98 10.21 9.77 9.36 4.89 6.25 6.57 10.72 4.26 2.8 5.99 5.38 4.59 4.8 5.94 4.6 11.02 20.33 14.1 12.21 8.17 7.85 11.33 10.19 11.96 3.93 6.07 8.69 6.25 4.32
2.91 4.46 2.17 3.26 4.36 4.85 6.45 6.65 11.26 11.82 6.77 3.93 3.47 9.04 10.02 3.09 5.0 5.18 5.44 4.48 8.28 4.96 4.29 2.25 2.95 4.36 6.13 5.25 3.26 4.22 6.86 10.66 5.18 10.18 11.5 14.33 15.98 6.15 6.45 7.78 5.83 13.98 7.54 3.43 3.93 2.77 5.18 3.46 4.72 3.05 7.38 9.66 11.05 6.64 10.96 5.9 10.04 12.63 11.48 6.49 4.18 11.85 9.41 5.6
2.34 2.87 2.47 4.2 3.2 4.7 5.53 7.45 13.21 17.62 14.53 11.89 9.04 10.21 6.86 7.48 6.96 5.7 6.01 6.02 5.86 8.75 7.72 8.09 3.74 7.39 4.48 6.02 3.35 5.41 7.52 5.74 6.76 9.1 13.01 16.78 19.6 10.2 6.28 7.43 9.03 6.52 3.81 4.49 1.67 2.12 3.81 4.54 3.33 3.01 7.49 11.43 11.07 11.72 8.48 8.46 14.46 11.29 10.95 12.3 11.0 8.35 9.62 7.43
2.63 5.13 3.02 6.72 6.64 5.66 8.11 13.12 15.93 25.82 17.73 14.36 10.82 9.32 7.95 7.97 3.81 4.58 6.13 6.85 6.45 6.81 8.86 5.31 5.24 5.22 10.63 3.93 5.99 4.96 5.95 12.04 7.62 8.27 9.95 7.41 9.9 4.69 3.25 6.63 7.16 4.7 3.24 2.55 2.48 3.1 3.91 8.14 7.96 6.6 8.29 14.15 20.38 12.04 9.51 12.58 20.99 12.87 10.54 13.66 12.93 12.04 5.66 8.05
1.73 6.85 4.85 6.08 8.74 11.69 9.65 18.3 22.05 14.93 9.13 12.52 17.87 18.85 11.47 5.53 4.48 2.69 5.36 9.47 9.77 6.29 6.89 5.95 6.43 12.52 11.56 7.26 9.06 10.25 8.55 7.12 6.06 3.41 2.74 4.54 8.08 4.02 6.37 4.26 5.96 7.16 8.16 4.2 4.45 6.11 5.44 5.38 9.31 12.9 6.1 25.28 15.25 18.95 18.46 15.09 9.99 12.65 13.07 9.75 23.43 13.09 8.73 11.92
2.99 5.94 8.52 11.88 13.06 20.48 8.8 8.0 9.87 7.9 12.19 19.31 38.27 32.17 11.06 8.62 4.22 5.65 4.34 6.06 13.69 6.69 4.83 5.68 11.11 8.22 7.71 8.31 5.73 3.66 6.16 5.93 3.56 1.96 1.8 3.09 4.77 6.45 3.96 4.21 9.78 10.11 5.48 4.24 2.93 3.79 4.02 6.19 11.67 7.99 11.83 16.69 32.41 37.69 21.85 6.51 7.9 19.53 15.85 14.47 14.97 18.19 12.23 5.15
6.2 8.95 15.96 10.75 15.75 19.59 19.08 5.63 8.88 15.6 10.68 12.14 17.11 27.67 13.14 5.16 5.89 7.56 5.31 7.34 13.62 13.29 5.51 7.2 4.83 9.8 9.72 5.62 3.02 4.49 8.65 5.43 2.01 2.24 2.53 1.34 3.0 4.03 4.2 6.11 7.87 8.68 10.2 4.3 3.76 2.53 11.44 9.71 4.95 9.01 24.94 21.75 25.8 45.68 22.77 17.54 8.19 16.55 23.08 9.14 8.45 4.97 7.64 9.42
4.01 4.26 6.95 7.68 11.83 14.41 24.4 27.97 14.9 15.61 29.58 10.67 23.26 26.82 14.23 6.73 9.88 4.92 3.42 5.32 9.44 6.32 8.36 7.71 4.6 6.11 12.22 6.69 3.43 7.32 10.82 3.96 3.98 3.82 2.96 2.21 2.32 2.82 3.58 4.14 5.33 4.16 7.36 6.25 5.0 3.71 8.57 6.37 9.34 7.73 18.46 24.63 40.84 34.27 41.93 21.66 9.07 14.34 15.87 7.15 10.72 3.25 2.69 5.31
3.75 1.64 4.11 7.3 12.86 18.62 27.34 33.94 9.45 14.07 18.58 20.77 22.98 20.13 17.68 12.0 7.26 3.66 2.96 8.97 15.25 11.71 15.54 15.02 7.19 5.37 10.71 9.46 4.19 4.55 5.83 2.53 4.95 6.4 4.9 3.24 2.8 3.95 2.02 5.44 5.72 5.56 6.95 3.54 5.8 8.11 7.46 10.67 15.47 23.25 17.5 16.45 30.47 15.5 7.32 10.25 8.61 7.73 6.9 7.56 5.42 2.57 6.57 5.23
