3.08 4.04 6.85 6.61 6.77 8.13 7.24 13.11 12.89 18.03 13.77 14.33 12.12 12.65 20.52 12.93 10.69 14.7 15.23 5.6 5.48 14.31 9.54 7.33 3.48 3.25 7.57 11.74 13.25 8.51 10.7 8.41 8.54 10.52 4.22 10.04 9.85 7.5 8.72 5.23 2.9 4.28 3.66 2.68 2.2 3.42 5.94 11.52 13.73 3.77 4.48 5.45 3.76 4.03 4.32 5.86 8.38 16.65 7.78 14.94 12.28 7.05 9.02 10.57
7.57 9.54 7.92 7.18 6.61 7.36 8.68 10.87 12.26 21.2 15.46 9.6 6.47 8.4 8.44 12.95 7.05 8.36 17.16 11.65 12.44 14.87 8.7 8.83 7.53 3.8 9.54 8.4 8.42 16.37 10.63 13.1 10.0 8.53 5.07 4.81 11.54 5.93 6.87 6.36 4.19 3.61 3.57 3.24 3.25 3.47 6.08 8.93 4.71 3.08 4.62 3.59 4.65 4.71 3.03 9.25 4.06 5.28 18.75 19.61 17.08 18.24 9.91 10.43
10.79 16.92 12.97 7.4 12.17 7.07 9.85 12.04 24.37 26.01 17.4 17.06 6.76 21.09 15.55 12.96 16.34 9.74 13.87 9.7 6.42 9.13 8.06 8.11 7.57 7.95 8.87 14.82 13.86 14.92 12.72 10.64 14.19 8.84 11.66 12.18 11.4 10.14 6.03 5.42 5.65 3.28 2.77 5.52 6.57 2.43 2.33 8.53 12.53 5.28 5.8 3.21 3.34 7.43 4.37 4.82 5.51 6.65 11.35 11.89 10.24 11.1 6.13 7.36
6.28 8.8 11.36 14.29 15.97 10.62 15.64 17.37 18.87 23.54 18.07 18.47 12.63 11.86 10.45 11.18 7.3 5.54 6.32 4.4 5.37 7.48 12.98 8.22 12.37 13.72 10.77 15.19 11.25 8.81 11.78 8.43 13.44 11.51 4.09 10.04 19.83 13.9 9.06 4.05 3.55 4.74 3.36 3.95 6.29 6.36 2.97 8.68 8.79 6.97 6.67 5.15 7.72 13.16 9.49 4.47 10.94 7.78 7.54 11.24 8.34 6.37 3.25 3.16
7.9 17.43 10.02 9.72 12.3 13.52 18.05 10.61 10.2 27.82 33.89 13.5 10.09 6.98 8.86 7.99 2.88 5.01 6.5 8.49 16.13 10.28 12.72 12.8 14.88 8.35 23.18 23.0 15.52 8.64 9.53 4.39 5.52 8.73 12.16 30.4 41.34 17.42 8.42 4.59 1.92 4.43 3.26 7.85 7.06 4.61 5.24 4.8 9.06 6.37 6.19 5.08 10.61 14.75 6.7 3.48 3.68 7.88 6.22 9.3 5.07 4.59 6.33 3.22
8.52 9.57 7.88 8.09 4.78 7.25 13.02 6.19 14.34 18.93 28.48 19.22 8.23 8.74 11.41 8.32 4.38 5.16 5.36 5.91 8.49 11.76 16.07 27.19 14.72 10.1 17.34 23.77 10.66 5.22 5.64 4.58 7.74 9.29 19.19 31.06 21.75 12.13 4.6 2.81 3.86 4.21 4.54 11.14 10.64 4.94 3.92 14.82 16.22 10.1 5.79 4.13 5.58 6.1 6.08 3.83 2.52 4.56 13.56 12.38 6.81 8.57 4.68 1.89
9.21 10.77 6.43 5.66 6.49 8.76 6.88 6.34 2.78 10.46 14.5 6.83 11.54 8.24 10.51 19.71 10.86 3.53 5.69 11.88 8.12 14.24 21.59 28.52 13.94 10.14 11.69 8.78 9.21 7.81 5.7 6.71 3.78 7.56 6.87 19.94 17.42 10.32 4.12 2.96 4.17 5.33 8.72 12.23 12.72 4.6 4.1 9.58 12.25 9.32 6.39 6.16 8.78 17.8 13.22 8.25 4.63 3.57 9.27 10.84 7.95 7.96 5.76 2.58
7.55 12.15 6.05 3.96 3.77 4.43 2.48 1.88 2.39 4.66 9.59 11.7 14.32 12.39 10.51 9.07 9.7 10.31 5.79 7.07 9.75 11.24 16.19 13.56 16.44 6.78 6.51 6.23 5.66 5.83 4.29 4.95 6.39 9.82 10.46 19.78 14.99 4.77 7.57 2.22 1.9 4.5 5.48 9.35 8.19 4.81 2.87 3.56 6.16 7.59 4.89 6.57 5.27 11.47 13.87 4.02 9.12 3.65 7.21 9.48 8.91 3.61 4.64 5.76
8.81 5.96 4.82 3.52 4.28 4.57 4.27 2.46 3.48 4.31 9.37 8.73 7.82 7.8 13.81 16.25 14.23 13.88 10.94 5.85 7.7 9.72 9.14 9.31 13.39 11.49 13.09 14.45 7.25 5.37 5.14 6.73 6.32 6.35 22.25 15.71 13.52 11.49 8.27 3.02 3.76 7.11 8.39 3.67 5.97 4.33 3.58 4.1 6.64 6.63 5.52 11.5 9.53 12.1 7.7 7.04 7.93 3.94 5.67 6.05 9.45 5.67 4.06 5.37
13.87 4.76 6.58 6.13 5.23 1.59 3.19 2.99 1.81 5.84 5.43 4.86 4.2 5.25 6.62 7.86 13.89 7.09 9.06 7.84 5.11 12.75 9.34 15.7 8.66 7.68 5.2 4.79 5.15 6.03 5.1 6.14 4.39 10.33 26.19 22.52 12.2 14.24 9.47 3.06 3.24 3.84 3.18 6.91 6.22 5.78 6.54 6.16 5.41 5.56 9.82 10.23 16.04 13.73 8.96 9.61 5.88 7.65 10.59 10.73 6.73 3.72 3.4 7.78
8.62 6.58 6.05 8.7 5.57 2.84 2.84 5.07 2.35 3.76 4.63 9.17 8.41 3.76 5.28 6.18 9.28 12.35 7.06 5.92 6.85 14.34 9.85 14.28 5.56 4.86 4.88 4.84 5.92 3.04 2.72 8.16 12.48 17.12 10.88 15.84 21.24 24.26 4.94 1.77 2.36 4.44 4.22 8.19 5.88 5.25 6.75 4.29 4.71 5.25 7.91 9.47 14.81 17.35 11.16 6.14 4.58 14.17 11.51 9.26 9.24 6.67 11.26 13.78
6.74 10.14 7.2 5.21 12.5 5.85 2.56 3.4 3.93 5.9 5.93 7.93 12.5 8.76 6.57 8.79 15.61 17.12 10.74 7.59 14.71 17.0 12.25 10.26 7.62 7.7 6.55 7.71 6.33 2.37 5.05 6.43 9.07 6.29 7.53 8.06 21.36 9.14 8.28 5.18 2.09 2.24 3.52 3.31 2.95 3.2 6.4 7.51 3.24 2.89 5.74 9.6 10.54 9.37 11.92 11.16 9.79 9.29 5.51 6.93 10.65 7.37 8.49 5.82
9.41 7.22 9.6 5.08 5.55 3.27 5.56 3.44 4.61 3.41 4.37 7.7 7.71 17.14 13.64 13.01 18.97 19.03 15.89 12.27 16.29 11.71 7.96 6.59 5.36 4.97 8.14 11.99 18.37 4.54 2.05 2.92 7.65 4.98 5.3 9.94 17.58 10.41 9.11 6.09 4.49 1.91 4.01 4.59 3.47 2.94 3.56 4.41 5.16 4.96 5.71 7.49 11.43 16.69 10.9 22.72 9.8 6.39 5.39 4.47 7.03 5.75 8.63 10.45
7.56 7.68 8.65 9.31 5.55 4.55 6.78 4.03 5.29 4.06 6.36 8.74 10.43 10.84 6.62 14.82 15.33 17.95 20.87 13.32 6.99 9.88 6.66 4.12 4.52 6.32 9.79 15.65 9.56 4.47 1.89 2.74 2.89 2.63 5.71 7.38 14.72 23.72 8.54 6.83 5.0 4.18 3.24 3.59 1.8 4.2 4.47 3.9 8.66 8.98 5.68 6.32 8.14 6.63 4.47 8.47 8.98 10.41 6.75 4.42 12.23 11.25 4.91 11.26
6.89 13.05 5.03 12.04 5.37 5.63 7.66 7.06 7.27 6.96 5.39 8.28 5.4 7.47 8.7 6.58 11.67 15.64 18.62 27.76 21.28 9.07 8.59 4.44 5.48 10.29 8.87 12.48 10.11 5.62 4.83 3.73 2.57 3.55 3.54 6.18 5.73 12.71 13.72 6.67 6.91 7.49 6.29 5.24 2.98 4.68 4.06 4.12 7.22 7.29 9.8 12.37 6.46 5.09 6.26 3.63 6.81 8.18 5.7 12.26 10.15 10.07 9.72 6.19
8.35 7.91 5.55 5.38 4.7 8.06 7.27 8.15 11.15 5.01 4.11 7.97 8.3 5.05 8.95 8.85 4.47 6.0 13.46 14.49 17.74 9.12 5.63 5.7 5.21 7.16 17.02 10.64 8.23 5.53 4.9 2.96 4.99 5.11 3.37 5.33 10.33 13.29 19.23 6.75 5.5 4.02 4.62 5.79 5.08 6.8 6.75 9.69 11.02 5.29 6.82 7.6 10.02 5.87 6.22 3.54 3.64 11.06 9.35 8.69 8.16 13.77 10.68 4.41
8.16 7.3 7.31 3.68 3.4 8.99 7.01 8.11 12.77 7.63 4.85 3.65 7.89 5.92 6.85 6.79 5.39 3.25 8.49 13.97 9.82 8.95 4.81 2.71 4.92 7.51 8.89 10.28 10.66 5.83 4.91 8.53 2.78 4.85 5.47 4.26 10.03 6.73 5.07 8.97 6.2 2.74 4.56 8.55 7.33 3.42 3.85 5.51 7.44 7.8 10.73 14.68 8.28 8.67 5.02 4.01 4.74 8.74 11.34 5.24 7.69 13.68 7.51 6.32
17.8 24.62 6.01 3.65 2.81 2.67 4.12 7.29 6.99 4.28 7.12 5.59 4.94 11.79 9.47 5.22 8.78 13.96 9.11 7.67 6.25 6.56 5.93 3.82 8.81 17.94 10.74 9.85 8.86 7.07 4.12 5.96 4.17 4.7 3.1 2.83 3.55 8.21 4.61 5.27 4.25 2.71 4.8 6.45 4.35 2.37 2.18 5.53 10.27 10.22 6.07 10.5 5.54 9.41 7.15 5.22 10.91 6.8 6.43 5.86 6.12 5.6 4.76 4.68
26.25 13.51 4.07 2.04 2.71 3.46 5.28 9.49 8.65 5.68 2.38 5.64 9.82 7.69 12.37 10.88 6.06 10.61 8.69 5.77 10.58 8.59 5.99 6.26 9.42 14.83 20.97 7.39 4.22 11.74 11.26 4.97 3.89 4.04 1.77 2.95 3.35 4.6 5.94 3.2 3.64 8.15 11.19 4.14 3.8 2.76 2.4 3.68 6.65 8.16 13.89 17.24 8.1 5.71 5.99 7.63 9.76 8.63 8.14 4.43 4.07 5.34 9.1 4.83
16.62 7.42 4.9 2.81 3.98 4.33 8.2 6.85 5.37 6.29 4.0 4.13 6.39 10.07 9.96 5.61 4.82 3.9 6.29 12.65 8.72 7.21 8.64 9.62 12.15 15.82 16.24 9.6 7.21 4.23 4.79 5.32 2.62 2.89 4.4 4.02 3.58 3.01 3.44 3.54 5.45 6.62 6.1 10.18 5.45 2.11 1.42 1.93 8.86 5.38 9.13 12.05 8.76 5.13 12.35 11.14 7.75 6.69 4.71 3.86 4.22 6.39 9.35 9.45
9.65 3.9 4.4 3.5 3.05 2.61 4.1 12.5 5.31 6.48 5.75 5.68 6.99 9.51 12.49 9.58 21.07 5.19 4.34 7.94 10.7 8.96 6.51 14.23 21.0 17.71 7.46 12.42 10.42 4.5 4.17 6.06 5.29 4.86 3.84 3.07 5.25 7.05 3.93 4.49 6.7 13.14 9.9 5.82 3.88 2.02 1.65 3.19 4.33 4.46 10.38 9.97 9.43 9.44 7.77 7.17 5.51 7.82 9.59 6.59 3.68 4.85 13.01 14.07
3.64 3.82 3.89 1.93 2.78 4.44 11.18 7.46 3.68 8.42 3.91 6.74 11.27 10.92 20.62 23.91 18.22 6.06 3.61 5.29 5.77 5.06 4.37 9.48 15.81 19.79 12.12 11.68 11.24 3.83 5.44 5.51 5.75 4.28 2.65 7.41 11.34 5.86 6.74 5.96 9.88 10.85 4.83 4.6 4.6 4.8 4.78 4.53 4.21 3.84 8.39 9.53 6.08 7.47 8.49 8.5 7.1 7.5 6.41 12.64 8.05 6.84 24.11 16.92
5.93 6.52 3.99 3.55 4.72 5.74 4.84 4.61 8.77 4.89 3.41 4.78 6.16 15.11 16.64 19.29 12.65 7.22 4.87 5.26 5.68 5.51 5.75 8.55 8.61 15.95 12.93 5.78 5.96 4.34 6.72 5.51 7.8 5.6 5.89 6.58 7.48 6.35 9.58 6.22 6.76 13.03 9.95 5.27 5.72 6.34 7.6 5.92 6.94 6.56 9.41 10.99 6.24 7.33 7.12 8.54 10.95 8.13 9.01 12.14 23.86 8.28 13.22 14.35
4.2 10.8 11.01 6.36 6.57 3.93 4.6 6.28 12.37 5.24 4.78 4.33 5.01 19.06 19.06 49.58 20.62 9.15 5.17 4.26 7.64 9.06 6.37 9.19 14.2 8.62 9.0 8.14 4.81 4.81 6.11 9.94 7.03 4.57 5.53 3.72 7.02 12.89 6.5 6.21 6.94 10.66 11.97 4.93 4.22 9.15 11.67 9.18 6.8 13.87 15.83 8.35 6.65 4.79 4.13 7.47 6.45 5.51 9.82 7.41 6.52 9.96 9.34 8.96
5.44 4.77 5.52 12.29 5.7 5.41 8.6 8.87 11.2 10.91 7.83 4.44 3.27 5.47 7.8 20.68 19.18 9.15 9.72 11.55 15.34 22.32 11.82 5.12 8.01 6.2 5.23 6.59 8.74 8.38 8.61 10.08 7.75 3.98 3.27 6.77 6.94 11.24 11.23 9.9 12.88 11.69 6.76 8.18 5.76 10.61 8.0 11.04 13.26 12.7 14.38 10.4 8.69 5.09 5.69 16.29 9.61 6.55 9.89 6.94 3.81 5.64 7.18 8.66
7.38 6.9 13.27 7.95 10.57 7.63 2.79 4.24 9.33 6.27 5.39 4.7 3.03 3.85 7.81 13.15 20.61 17.73 8.81 10.29 15.23 10.85 8.44 5.4 5.44 7.22 7.56 4.25 5.24 4.32 3.51 5.31 9.97 7.88 4.98 6.39 11.04 6.54 17.74 11.89 8.1 9.82 6.96 5.67 5.32 11.92 6.78 11.84 9.06 5.25 13.22 10.03 7.03 10.77 14.4 8.87 8.9 6.22 4.32 5.6 5.12 8.45 7.81 6.48
4.9 8.67 10.03 4.14 3.61 6.83 5.35 5.13 6.53 7.09 6.02 3.9 3.76 6.55 19.02 11.61 10.3 8.85 7.17 8.26 13.5 15.13 8.92 5.84 7.4 5.78 4.07 7.39 8.69 4.64 5.32 5.14 2.92 4.26 3.51 3.66 3.6 3.35 8.77 17.23 19.13 10.23 6.94 8.01 6.98 4.81 6.93 6.5 6.22 10.29 7.63 5.12 4.94 4.72 7.8 8.4 11.93 10.43 4.91 6.23 13.66 9.9 4.83 7.55
10.58 8.42 10.72 14.52 5.34 4.78 5.05 3.34 5.27 8.74 7.79 5.31 6.81 10.63 10.33 12.58 4.72 5.7 9.92 10.32 16.17 16.05 12.92 12.85 11.94 10.53 13.21 13.9 12.44 6.05 3.51 4.74 4.46 4.08 5.6 4.26 1.68 4.88 6.54 11.34 10.2 8.96 5.0 5.47 9.14 10.15 6.34 5.68 7.03 9.56 3.75 1.67 5.91 7.47 4.12 10.11 10.33 8.71 7.63 3.49 4.9 7.64 6.27 12.13
7.39 10.96 8.91 6.94 3.44 3.18 2.54 3.38 9.01 6.23 6.27 5.52 6.06 6.5 10.54 9.54 7.04 6.82 6.73 9.22 6.4 6.99 6.57 8.57 9.84 11.01 22.63 15.32 9.98 8.93 9.34 4.83 5.91 7.17 5.25 4.14 3.44 4.7 6.5 6.68 4.97 6.18 7.85 6.37 8.2 12.83 15.04 8.38 5.83 6.53 5.68 6.3 2.41 3.48 3.15 4.3 7.0 5.48 5.51 3.15 5.33 3.89 6.52 9.81
13.0 5.85 11.46 8.95 8.07 3.74 5.17 5.78 7.66 6.09 5.35 12.22 4.77 4.9 26.85 13.61 8.17 4.32 6.37 12.58 7.75 4.79 4.67 6.94 9.25 13.4 15.77 13.13 12.2 10.37 6.18 4.88 6.86 8.8 4.74 4.58 3.83 4.22 8.11 7.58 17.37 10.67 9.6 11.06 10.65 6.34 7.79 4.5 3.65 3.83 8.17 5.07 2.78 4.68 5.08 3.75 3.71 4.36 7.07 6.85 3.47 4.97 5.01 5.11
16.11 14.44 18.42 11.76 8.21 5.11 4.93 11.78 11.6 9.57 5.45 3.86 4.94 6.78 14.81 9.93 7.99 6.45 9.0 11.55 8.06 8.25 6.01 7.08 4.55 6.05 7.93 9.66 14.97 14.8 3.49 4.59 8.25 10.15 6.49 7.69 5.63 5.87 10.27 6.96 8.07 8.59 11.56 14.82 10.21 8.23 3.85 2.87 3.49 3.44 6.2 5.18 3.31 2.01 4.83 6.02 2.99 4.02 13.03 6.22 2.54 3.07 5.14 3.23
6.98 12.04 16.14 22.41 9.16 7.94 14.59 11.16 7.7 8.81 3.41 5.36 3.66 6.01 12.04 15.49 13.77 4.49 4.31 3.82 6.23 7.82 4.33 6.06 7.65 10.5 4.83 12.19 15.56 8.88 4.56 3.89 7.84 10.68 9.59 6.61 8.8 5.8 5.76 6.7 9.3 16.53 14.54 13.39 11.89 10.22 4.8 2.25 2.59 3.68 5.11 6.17 1.88 2.02 2.88 3.53 2.51 3.76 6.27 5.4 6.83 3.95 5.56 4.89
4.62 11.99 10.91 13.84 14.96 8.15 15.48 9.24 8.43 9.97 3.26 1.98 2.47 5.32 9.16 10.22 4.18 3.45 3.96 5.35 7.29 6.38 7.76 12.48 6.72 4.49 5.83 6.03 12.62 9.96 4.25 3.04 7.32 4.37 12.67 16.14 6.09 8.06 7.16 3.71 12.28 14.02 5.37 6.85 14.81 5.84 2.99 1.67 1.22 3.36 4.0 2.18 1.77 4.59 3.87 4.01 6.49 7.01 4.51 3.13 5.29 4.38 3.38 4.96
6.84 9.7 12.17 9.15 14.81 7.09 12.4 10.52 8.05 4.52 3.18 2.75 4.16 3.7 6.17 7.05 3.78 6.29 5.29 7.34 8.39 5.16 7.13 12.69 6.95 6.97 10.62 11.02 9.4 7.58 4.75 2.95 5.29 9.8 11.19 16.09 11.48 7.85 8.72 4.71 6.46 16.15 9.39 4.81 5.04 3.7 2.15 1.69 2.41 3.26 4.42 3.22 2.85 2.27 3.47 7.38 3.87 4.96 3.07 5.79 5.6 5.06 5.75 6.28
5.95 7.57 3.41 8.32 7.39 7.95 7.37 8.16 8.88 3.34 3.67 3.47 3.96 2.94 2.38 8.04 4.77 3.35 9.11 7.99 9.57 8.08 5.96 8.92 12.16 8.06 6.47 9.1 7.71 5.6 4.04 7.6 4.02 6.83 8.52 7.41 12.61 13.17 7.1 9.1 11.83 8.82 8.6 7.82 4.0 3.35 1.09 1.32 2.22 2.93 5.1 3.26 3.53 2.46 3.25 9.68 7.33 6.19 8.61 9.76 7.19 8.24 9.66 6.57
4.2 7.99 6.65 8.35 10.3 11.49 8.65 4.44 2.06 3.13 2.09 3.55 6.7 7.04 2.99 3.02 4.55 4.72 10.83 12.07 17.54 10.64 8.18 5.76 5.61 5.07 6.79 6.89 7.23 6.32 3.93 5.47 11.25 6.37 6.2 9.25 10.7 10.52 13.37 7.27 9.77 7.71 4.42 5.52 4.68 1.57 1.23 1.54 1.15 2.54 6.49 4.88 5.3 6.07 7.36 10.49 9.17 9.58 12.0 9.54 5.62 6.5 10.67 8.03
3.54 6.43 9.68 10.21 8.85 10.87 15.37 8.16 3.37 2.97 4.03 5.07 6.46 4.12 6.41 2.92 3.54 9.36 9.76 21.22 39.24 13.45 6.5 5.32 5.12 4.71 7.5 7.99 7.55 4.16 2.62 2.87 8.84 7.79 5.68 13.09 13.29 6.2 12.46 7.38 10.95 7.64 3.31 5.18 5.93 7.24 4.06 1.78 2.7 3.67 3.62 5.88 4.75 3.29 5.89 6.79 9.44 7.42 10.8 13.9 6.99 10.15 9.65 10.14
5.48 7.05 7.66 14.07 7.45 11.9 10.86 8.46 7.32 5.64 4.56 2.35 6.52 8.69 6.49 7.67 5.18 5.19 16.13 19.03 17.8 20.51 9.55 8.93 10.75 5.73 3.71 4.93 5.5 5.26 2.94 2.99 3.17 6.53 6.1 6.09 5.26 9.04 12.14 11.3 6.79 8.72 5.87 7.92 8.15 6.81 5.17 4.33 4.7 4.32 4.04 4.94 4.66 4.52 5.54 16.25 9.63 9.88 15.79 19.0 11.27 7.23 12.07 19.45
7.1 8.8 8.04 9.05 4.68 6.59 10.59 4.28 4.59 8.65 4.38 5.17 9.06 10.11 5.93 6.44 4.35 3.11 7.17 12.9 11.35 21.02 13.95 12.06 6.24 3.36 5.26 3.75 4.95 3.56 3.88 3.66 2.73 3.25 4.31 8.44 5.19 8.25 6.16 8.71 3.79 4.44 6.04 8.33 9.13 4.6 4.75 8.41 5.91 5.37 8.02 5.24 5.67 5.05 5.02 7.54 8.49 12.03 17.55 11.13 12.05 11.11 13.28 16.04
12.27 3.18 7.82 7.0 11.28 15.18 4.2 3.91 8.5 9.35 6.36 10.2 10.07 8.4 6.44 3.29 5.0 5.3 9.75 22.25 29.79 21.15 6.72 7.23 13.78 6.85 3.79 2.45 5.91 4.16 4.09 5.44 6.44 5.45 4.42 6.02 4.14 5.42 6.34 9.75 15.62 5.19 9.25 7.88 7.24 7.03 7.49 5.91 8.19 7.79 12.05 5.07 3.58 3.97 4.68 6.96 8.9 4.57 9.76 9.55 9.67 9.82 11.14 9.91
7.27 4.52 6.62 4.28 6.36 6.4 5.76 5.15 6.08 5.53 3.86 5.82 9.63 8.36 6.07 3.18 3.94 5.84 7.16 11.17 21.02 17.58 11.28 11.14 19.72 8.1 3.16 5.27 11.63 9.57 3.81 5.48 10.97 13.72 4.69 5.07 5.17 5.24 10.47 9.32 7.19 6.85 8.08 6.33 9.06 9.43 8.08 10.35 10.32 7.47 7.89 4.85 4.3 8.84 9.25 6.02 11.45 7.3 8.14 14.94 12.55 7.31 7.51 10.86
7.91 4.11 3.44 6.84 8.05 5.71 9.81 5.61 5.03 5.33 2.63 6.9 9.37 10.94 4.17 3.28 3.45 3.59 6.88 8.05 18.38 18.84 8.8 9.42 12.38 9.69 6.47 16.04 11.3 15.51 8.85 13.65 14.27 8.97 6.21 6.86 5.14 4.27 5.62 13.27 13.58 10.71 7.38 6.44 5.53 13.75 14.15 9.44 8.46 8.35 4.17 5.24 7.52 9.58 5.88 9.16 7.22 12.18 9.69 5.79 12.7 14.36 6.6 6.7
9.92 7.4 6.28 7.16 5.24 4.11 5.3 4.02 6.58 9.2 5.66 10.75 7.48 8.36 7.04 5.2 3.08 4.44 9.74 14.54 15.49 13.52 13.36 16.96 10.18 9.05 5.44 7.73 10.9 5.93 10.75 10.45 14.02 9.43 7.95 4.41 3.99 6.4 8.22 15.49 17.45 15.17 7.58 5.38 7.76 15.04 10.83 6.07 4.47 4.16 4.7 2.9 5.82 6.88 4.38 4.88 4.63 6.71 14.12 20.3 17.89 12.23 10.33 3.36
6.29 10.93 7.82 9.0 7.81 3.49 3.75 3.64 5.04 4.6 5.54 7.0 5.35 7.38 12.51 5.59 5.48 5.22 6.49 17.67 17.79 12.18 26.43 24.33 10.33 12.91 9.62 8.43 8.06 5.03 9.17 8.35 14.42 9.61 6.07 5.3 6.6 4.05 10.66 11.48 20.02 21.2 12.84 5.53 8.83 10.57 6.96 6.61 5.92 1.65 3.32 5.14 3.52 5.55 10.76 4.74 8.33 17.28 15.24 28.41 15.84 7.3 10.38 6.23
7.05 7.37 5.53 14.46 8.37 3.93 3.7 1.81 4.34 5.11 4.78 3.78 5.16 4.69 4.01 5.27 4.17 4.08 2.98 3.97 7.22 11.26 12.95 12.25 15.42 12.28 5.56 4.05 8.14 9.12 5.82 4.68 7.77 8.49 4.62 4.19 6.14 4.38 4.15 7.5 13.21 13.92 12.09 9.3 7.65 10.98 5.46 4.15 4.28 2.85 3.96 4.07 3.48 4.86 6.62 5.52 3.43 6.58 10.74 16.9 11.36 10.06 10.8 13.03
4.24 4.61 6.93 8.7 5.84 5.92 4.29 3.66 3.5 8.18 9.56 6.4 4.47 3.92 3.38 4.68 2.98 4.38 5.12 2.26 3.35 9.57 10.19 6.97 6.84 10.39 5.03 4.77 7.4 8.86 7.55 9.03 5.97 7.15 9.25 5.41 8.55 6.58 5.75 4.08 4.23 8.39 11.5 15.98 8.0 8.23 5.69 6.41 3.35 5.11 3.96 4.48 5.15 8.53 5.2 5.15 5.89 5.8 6.06 8.51 9.12 5.05 5.69 5.49
6.79 5.36 3.72 5.72 3.74 4.5 6.39 6.18 5.77 5.34 7.98 6.83 3.15 3.68 3.65 5.79 6.54 5.3 3.55 3.33 3.83 6.11 5.96 6.3 10.65 6.92 8.14 5.93 5.73 12.15 14.72 9.55 7.37 6.69 6.01 8.09 9.76 7.19 5.26 2.89 4.09 7.15 7.94 4.49 4.72 7.42 3.67 2.72 6.07 8.21 10.38 14.63 5.91 7.33 5.62 3.67 5.43 4.25 7.48 5.8 6.74 3.95 1.99 2.22
4.05 4.89 2.63 3.83 5.14 5.49 7.46 7.67 7.54 10.18 4.75 1.94 4.52 4.94 4.9 4.86 7.23 4.88 3.34 5.28 5.31 7.58 16.64 9.21 4.99 4.43 6.66 5.22 5.68 12.3 18.63 7.92 7.72 11.6 9.22 6.09 3.48 4.52 5.79 5.01 4.88 6.93 6.83 6.22 4.83 5.91 4.62 5.9 8.4 5.71 6.99 5.37 6.4 6.82 11.73 7.11 8.58 5.72 5.12 7.76 4.38 3.43 3.99 3.37
8.64 6.74 5.66 4.47 6.83 6.62 5.2 8.38 13.06 8.1 4.98 3.28 5.1 3.96 5.2 11.85 11.86 7.99 5.79 4.77 3.57 11.03 17.51 9.04 6.68 6.5 6.17 3.53 7.54 6.53 14.15 14.16 8.74 13.72 8.0 5.62 5.93 5.94 4.99 6.98 3.12 4.4 6.58 5.38 3.13 4.52 6.27 14.96 8.02 3.59 6.62 9.11 7.98 7.35 9.44 5.88 3.58 6.47 7.16 8.77 6.85 2.8 3.1 1.98
13.87 6.17 4.02 3.59 8.97 9.53 6.21 9.12 7.01 8.55 4.9 3.47 5.96 4.26 7.94 18.35 17.63 8.25 14.19 3.31 2.49 10.77 6.06 12.59 13.78 12.25 9.87 4.41 6.44 11.94 14.22 10.91 7.76 12.08 7.85 7.63 6.95 3.85 3.61 7.19 6.68 4.14 5.87 4.55 6.53 6.17 8.33 22.65 25.36 12.2 8.79 7.85 12.25 9.51 6.7 15.66 4.3 5.27 6.89 6.18 5.66 2.31 1.58 2.47
5.21 5.35 4.98 4.72 13.69 4.87 9.36 8.23 6.46 8.88 7.1 3.67 7.14 12.56 6.09 6.6 11.42 8.77 7.76 6.67 3.36 6.2 11.4 10.52 11.93 11.44 7.77 7.38 6.01 7.34 9.66 10.34 7.35 7.86 4.35 6.15 3.38 4.74 9.01 6.48 6.11 4.27 6.57 5.84 6.55 3.4 9.65 35.41 29.87 14.82 9.48 7.86 8.81 13.53 11.43 7.32 6.87 4.07 5.86 13.0 10.44 2.56 1.72 3.72
7.11 8.32 9.81 9.58 5.89 6.71 8.25 4.93 6.76 6.61 8.08 7.92 6.75 9.26 6.15 5.63 7.6 6.19 11.5 6.72 6.67 8.97 6.41 8.73 9.01 6.73 3.43 12.58 10.09 11.77 12.71 10.32 14.0 9.21 5.16 4.51 4.54 5.1 6.53 4.16 4.02 5.76 7.39 4.54 3.96 7.51 9.65 20.28 25.57 15.69 13.38 9.75 5.77 11.27 6.81 3.55 4.46 3.55 5.52 8.32 7.8 2.94 3.03 1.45
13.91 9.91 8.69 9.13 8.11 6.58 7.26 3.33 4.28 8.11 8.18 9.65 5.94 9.15 5.34 10.87 7.19 5.95 15.42 7.1 8.73 13.71 11.38 8.16 8.51 4.06 5.08 12.81 10.18 15.02 32.19 11.81 8.7 9.54 4.94 2.14 3.96 4.5 7.84 8.42 4.54 6.45 11.39 6.19 3.96 7.08 13.18 13.51 17.96 24.85 10.12 4.26 8.46 5.82 2.52 3.41 2.38 3.37 6.59 7.0 5.56 3.19 3.07 2.06
11.63 10.87 11.81 13.36 10.89 7.89 6.77 4.09 3.1 4.87 8.37 10.53 9.72 8.9 5.96 3.24 9.11 5.9 8.35 21.0 12.24 12.82 12.16 11.85 6.98 6.01 4.38 8.07 9.68 6.8 7.55 6.63 13.16 6.87 7.13 6.53 5.52 3.19 4.17 5.51 5.01 4.91 5.9 4.65 4.58 9.0 14.08 12.77 14.22 4.44 6.98 6.96 5.76 7.34 7.12 6.06 5.29 5.62 4.91 9.26 7.11 6.68 4.45 2.98
18.37 27.51 13.09 12.12 10.68 9.91 6.32 5.86 6.42 10.05 10.74 9.15 11.05 10.63 4.47 4.23 7.18 6.59 6.02 8.47 15.65 18.48 12.06 8.94 12.67 13.08 5.65 8.65 9.68 10.49 5.0 5.12 7.96 11.02 5.18 8.47 3.39 2.09 3.94 3.17 4.18 5.32 5.12 3.5 4.67 7.5 6.56 12.64 10.88 6.81 11.13 9.07 5.72 4.08 3.85 3.43 2.19 4.29 6.37 13.88 9.04 7.85 4.55 2.65
9.77 23.31 9.69 22.35 11.38 11.19 6.47 5.67 5.7 14.26 14.6 11.76 13.94 13.9 6.45 6.04 3.6 7.5 12.46 8.92 23.26 38.14 18.79 12.28 16.43 9.79 10.32 16.47 12.01 10.95 8.05 4.67 4.3 8.17 7.25 9.07 4.05 2.05 2.72 4.91 4.32 9.55 10.48 6.13 6.73 6.67 9.54 14.11 10.05 7.18 4.42 4.51 5.96 6.35 3.19 4.98 4.75 4.72 7.14 7.37 7.5 6.26 3.86 4.07
9.52 12.12 19.17 19.16 11.45 9.17 4.9 3.11 6.85 10.13 21.03 14.13 8.81 9.75 4.95 8.95 12.16 15.57 11.51 11.15 19.28 16.13 17.04 6.14 10.19 11.09 15.23 9.07 12.27 15.89 10.08 6.55 4.21 5.26 13.22 7.06 4.96 3.01 3.66 4.61 5.93 5.91 7.95 5.2 7.59 12.64 11.72 10.9 9.97 4.88 4.73 11.89 9.39 9.23 11.42 8.48 5.17 3.4 5.51 7.58 17.54 9.16 3.57 6.04
13.86 11.31 7.91 12.55 8.48 6.05 6.79 5.91 7.6 7.63 13.76 8.23 12.12 7.71 12.78 12.07 15.97 9.04 7.88 18.01 14.72 9.5 14.8 10.59 9.37 9.93 8.49 7.75 9.98 7.29 9.62 9.49 7.85 10.94 12.92 8.71 5.11 3.16 3.26 5.63 8.72 7.08 8.53 13.82 17.07 10.2 7.22 10.03 6.36 4.8 10.82 9.75 7.89 14.89 27.42 8.86 5.01 4.8 5.96 11.97 13.39 12.95 8.18 4.12
10.3 14.48 6.97 7.0 8.75 4.69 4.26 7.55 9.67 9.2 5.78 17.97 15.55 14.01 22.62 13.63 18.47 21.82 11.91 10.53 12.52 23.22 15.63 12.49 8.64 5.62 8.73 5.95 6.04 7.56 7.25 9.29 10.93 14.0 7.88 18.26 9.69 5.78 8.78 13.64 12.29 6.69 4.74 20.68 5.4 4.88 4.5 7.92 5.41 4.82 13.35 12.46 12.53 11.3 11.56 12.96 18.97 12.86 5.23 8.02 7.61 6.85 7.52 6.65
7.64 16.55 8.0 3.25 3.66 5.3 5.73 9.66 8.57 20.25 11.74 10.29 15.81 10.26 11.66 14.21 18.28 20.56 10.22 7.31 10.85 25.91 13.94 10.87 5.84 12.95 8.38 2.6 5.95 4.75 6.05 7.35 13.31 24.64 15.89 18.04 17.49 6.18 6.01 10.31 4.97 5.71 9.35 10.78 5.97 9.97 9.38 3.54 3.83 10.21 12.54 15.36 19.32 8.82 19.54 26.92 15.34 17.27 7.02 4.09 8.25 4.64 8.02 22.49
12.93 9.42 8.88 4.07 6.11 4.13 11.0 13.7 7.23 9.13 9.63 5.3 6.89 15.19 11.36 14.05 23.1 13.54 12.47 7.19 7.65 10.14 15.85 14.16 9.02 10.19 4.93 2.56 5.45 5.02 6.38 9.4 9.59 7.4 15.29 13.39 10.41 8.59 6.33 5.72 6.9 5.7 12.04 10.42 11.21 5.76 7.37 4.11 3.34 6.05 9.49 15.11 15.64 11.82 12.23 10.72 13.08 9.9 8.54 5.68 6.45 4.63 11.72 12.27
11.38 9.66 4.91 4.19 5.16 3.5 8.71 8.5 15.99 3.29 3.06 10.85 17.22 16.27 9.98 11.49 23.87 16.32 10.11 6.5 7.3 12.1 13.11 12.69 6.98 5.27 5.89 4.61 6.56 9.31 9.16 7.82 7.85 8.5 14.36 16.43 8.28 18.52 5.97 2.76 4.8 7.62 12.04 9.82 7.74 7.6 5.01 4.45 6.83 5.75 9.46 9.02 7.45 10.04 9.62 18.15 18.22 8.2 6.43 6.53 9.0 4.51 13.59 21.38
6.46 7.86 7.79 4.97 5.59 7.55 8.02 8.08 11.0 13.63 5.67 9.73 8.81 13.36 12.0 24.91 21.42 11.91 14.72 15.91 8.98 5.95 14.81 16.86 7.0 5.68 3.86 5.14 8.91 14.82 10.23 9.45 8.16 7.87 5.76 7.68 14.11 21.25 4.55 4.03 4.38 5.56 8.56 9.75 6.28 12.51 8.17 8.33 13.64 8.65 7.04 14.69 12.57 8.47 16.64 19.9 11.28 7.64 5.12 7.09 8.99 9.07 14.32 17.09
7.1 8.2 8.39 4.82 3.67 6.19 5.48 7.34 6.06 6.93 10.07 11.9 13.3 30.24 15.11 17.8 15.01 8.56 12.49 11.7 9.37 11.45 14.98 16.01 9.34 6.21 2.51 2.62 6.52 10.17 7.85 9.2 10.02 7.21 7.51 5.94 10.85 12.27 3.47 2.85 5.82 2.93 3.67 10.97 13.86 9.37 11.23 13.2 12.38 8.59 11.67 15.1 22.93 8.04 16.47 36.2 12.33 10.15 6.66 7.95 8.66 9.64 14.98 16.17
