20.46 17.38 22.61 10.94 10.62 10.05 10.5 7.07 14.0 3.76 9.17 9.84 9.26 5.66 4.94 2.83 3.79 5.84 5.14 4.2 7.18 4.95 9.9 9.29 14.12 8.65 4.12 8.51 6.97 4.32 4.63 4.45 7.88 14.34 11.75 9.95 11.97 24.49 13.41 12.8 18.23 9.29 9.3 11.2 7.63 9.7 10.59 21.77 13.45 12.17 10.14 13.13 11.17 9.3 11.28 11.2 7.38 10.73 7.16 10.09 14.83 8.95 5.3 10.34
11.98 13.41 25.09 17.12 8.9 12.91 12.46 8.34 14.75 4.7 4.6 3.52 3.01 5.45 4.5 3.7 4.83 4.78 4.41 3.51 12.02 7.42 8.81 10.35 5.14 4.74 7.17 6.29 6.0 3.64 3.33 4.44 5.95 9.53 4.32 5.49 8.73 14.04 12.88 13.45 8.53 6.09 13.02 9.96 5.77 12.15 9.97 14.87 12.8 6.51 7.53 8.65 6.53 7.5 6.01 23.52 13.5 12.11 12.2 6.57 12.03 15.86 9.39 8.27
10.61 7.3 12.25 10.83 12.16 18.59 13.38 14.11 16.01 8.29 6.53 3.56 5.25 4.04 3.38 6.23 3.83 6.34 7.77 9.36 9.63 6.5 8.07 8.37 4.58 4.61 4.95 10.15 7.07 3.24 4.87 7.66 4.27 4.13 5.08 10.27 13.95 12.94 30.92 20.05 10.84 7.74 9.12 8.07 7.62 18.35 15.35 18.51 15.05 7.7 7.73 3.63 3.58 3.91 3.44 18.37 10.52 12.77 12.7 10.17 14.07 13.46 13.01 8.57
9.02 7.06 10.95 8.22 21.52 15.64 10.58 8.33 10.06 12.91 15.05 4.35 6.49 6.24 7.37 6.6 3.16 5.64 15.67 9.65 7.67 10.73 7.61 14.89 7.81 4.62 5.42 4.44 9.03 4.02 4.97 4.62 2.72 3.4 6.83 7.07 10.74 15.5 14.71 9.13 13.03 12.68 20.0 4.93 12.22 15.57 16.4 21.95 12.59 11.47 9.63 4.66 4.81 5.66 5.16 8.29 14.29 14.91 23.68 15.27 18.45 16.01 13.46 9.68
9.56 11.41 11.47 19.49 26.82 7.09 5.09 9.64 15.39 6.52 10.85 11.42 10.6 6.12 6.55 4.21 3.54 4.54 6.14 5.53 8.4 7.02 10.99 12.95 12.04 4.86 3.64 4.48 6.93 5.49 6.55 3.29 3.76 4.67 3.5 7.73 21.1 9.51 10.99 12.6 15.85 13.67 15.64 11.52 7.13 8.98 9.25 8.78 14.18 8.88 8.75 5.37 3.6 3.9 3.02 3.43 7.8 11.04 15.69 11.64 20.09 21.53 15.11 13.5
7.26 10.96 11.18 14.01 12.67 5.74 6.48 7.34 14.93 8.89 13.66 8.9 8.21 13.33 8.77 5.74 5.78 6.3 8.39 5.76 6.05 13.64 17.98 13.14 4.81 5.54 5.96 5.34 5.55 6.01 8.24 5.67 9.14 4.31 2.59 8.24 10.85 11.76 7.15 11.06 10.55 17.35 23.18 10.9 7.34 7.0 5.7 12.4 10.01 7.6 7.34 6.33 3.6 2.55 3.82 3.62 3.15 4.63 7.02 5.42 17.45 29.97 9.44 9.29
9.05 8.32 16.03 14.66 6.75 6.64 4.93 4.39 8.89 6.7 7.04 9.34 10.25 7.18 6.81 9.91 6.13 6.63 3.87 3.3 4.99 11.71 9.72 9.32 7.12 6.83 3.85 3.2 6.31 8.44 12.93 10.46 7.63 4.99 4.72 9.81 11.62 5.9 6.55 9.99 16.18 15.23 11.79 20.28 11.84 5.26 4.53 10.26 12.47 10.46 11.68 5.07 6.74 8.59 4.92 3.53 2.51 5.44 7.22 5.35 14.33 12.95 23.4 10.74
12.44 6.76 23.86 20.67 11.2 12.02 5.4 7.66 9.3 7.83 9.78 8.89 11.59 14.75 6.64 10.04 10.64 9.52 5.73 3.79 5.91 12.6 8.38 9.35 6.53 4.66 3.31 3.52 4.96 9.74 10.6 11.54 13.54 10.18 9.3 12.61 9.93 11.26 7.9 11.76 12.71 18.02 21.59 16.74 7.87 8.09 3.92 12.05 9.38 5.26 6.66 3.42 6.52 5.62 3.75 4.99 2.72 4.35 8.67 10.67 8.85 8.59 16.51 10.81
15.65 19.38 16.1 13.05 12.8 10.16 7.36 3.35 10.47 9.74 10.2 3.15 10.01 14.31 6.31 8.4 20.13 15.01 11.78 3.57 10.34 7.69 9.05 11.43 8.58 3.24 2.77 2.52 7.25 9.6 8.72 7.11 12.85 11.56 11.81 10.2 11.72 17.75 15.63 10.58 11.36 21.76 20.3 19.72 15.56 9.29 6.94 11.79 18.31 5.12 5.27 4.89 9.29 6.39 3.37 4.36 4.83 6.69 7.57 6.76 7.89 8.02 10.04 10.06
15.21 12.26 9.43 9.35 5.36 7.34 4.39 4.78 6.25 7.2 3.79 2.7 4.47 8.03 3.57 8.57 16.16 8.29 8.11 3.6 7.6 10.12 8.81 12.74 3.82 3.14 3.02 9.47 11.97 7.36 5.92 11.1 12.43 8.61 8.54 23.06 19.29 24.81 9.94 9.41 12.52 13.0 7.56 11.97 11.42 25.23 9.84 9.69 8.61 5.43 5.21 6.62 3.7 4.82 3.51 4.85 4.24 5.02 5.82 13.84 9.08 6.02 7.43 13.74
10.42 18.98 9.31 9.47 9.32 7.88 6.73 7.79 7.25 4.9 5.37 3.95 3.52 8.67 6.52 8.08 6.85 6.61 10.22 5.8 11.21 11.95 8.39 4.13 3.3 3.94 3.48 6.46 18.06 12.96 6.24 4.31 5.17 5.39 5.75 9.54 18.28 18.84 11.84 15.42 11.14 7.38 6.55 8.29 7.2 13.87 17.85 11.74 5.71 11.25 12.4 9.72 6.77 7.67 6.76 7.2 4.93 3.64 7.46 7.25 5.15 5.55 3.61 8.91
10.32 10.56 5.62 9.8 5.04 3.27 5.1 8.61 7.03 4.45 3.56 3.65 2.72 14.67 4.48 2.49 4.33 4.62 24.34 20.88 13.11 23.88 10.51 10.76 4.34 6.41 8.51 6.11 14.62 13.53 6.86 8.88 5.48 5.24 7.48 28.54 22.49 14.43 22.3 22.19 17.38 3.99 4.5 9.01 8.7 16.66 13.88 13.52 13.26 10.84 20.44 6.95 11.8 12.96 9.74 5.43 2.35 3.38 7.64 5.21 3.94 3.56 2.56 8.02
5.64 7.24 14.07 13.99 4.55 3.75 9.15 7.47 7.32 5.49 3.67 3.43 6.86 9.47 5.22 2.24 4.63 5.72 19.33 14.55 12.07 15.43 11.86 6.78 4.18 5.87 3.64 5.37 9.12 9.54 5.16 4.68 2.71 5.26 9.4 11.71 19.43 17.69 19.68 17.88 17.6 7.91 4.34 6.25 10.6 14.44 21.7 16.56 10.23 12.48 19.31 8.79 9.75 12.92 4.77 5.72 4.56 4.29 3.6 3.24 3.74 4.03 5.25 10.08
4.34 4.39 7.78 8.42 3.68 3.85 6.26 7.37 7.09 3.08 3.11 4.04 8.39 9.58 3.64 3.42 7.04 9.73 11.78 9.24 16.47 19.36 7.14 4.56 3.8 3.62 6.57 8.12 9.17 10.32 6.48 4.71 3.47 5.41 4.85 6.36 7.42 15.39 20.89 24.16 22.98 9.64 3.15 3.53 9.82 20.92 24.89 14.8 5.65 9.23 8.28 6.82 7.18 4.13 4.39 5.11 4.55 2.69 3.19 3.19 1.68 2.65 7.92 6.24
6.49 3.43 4.41 4.52 4.23 5.09 9.37 10.85 6.44 4.08 4.37 6.67 13.13 9.34 5.65 7.8 9.38 14.83 18.1 10.64 15.6 10.57 6.12 6.78 3.1 3.7 10.23 12.35 5.84 9.36 7.84 6.66 5.02 5.84 5.0 4.14 4.46 7.96 7.52 17.81 18.54 14.86 4.39 9.18 20.64 21.66 15.48 10.14 4.76 4.44 4.11 7.69 3.69 3.54 5.45 13.95 8.13 5.22 4.1 5.11 3.54 3.5 8.34 9.9
9.48 4.08 4.44 6.03 4.62 4.85 6.78 6.02 7.05 3.44 4.08 6.36 13.2 9.96 5.52 4.61 7.7 9.06 22.1 13.43 6.01 7.77 3.65 3.55 5.52 9.5 12.93 10.39 5.59 8.97 7.91 5.23 3.81 4.93 6.36 4.54 4.44 9.57 14.85 10.55 21.32 12.19 14.75 21.63 23.46 16.84 15.17 8.03 8.62 9.12 5.07 5.27 3.42 7.43 5.72 3.99 4.75 4.02 6.22 6.74 3.49 4.25 12.19 15.59
7.79 4.59 7.53 14.76 8.32 6.37 7.56 6.78 7.28 3.82 7.69 14.58 10.85 6.69 4.83 7.28 8.0 8.33 28.26 14.63 8.46 8.3 2.7 4.33 8.03 11.27 9.82 10.66 14.52 8.59 7.45 5.51 5.12 4.78 3.54 3.37 3.8 8.72 6.08 6.24 18.37 6.88 9.02 12.1 6.73 9.5 17.35 14.56 11.83 14.25 10.21 5.05 4.19 4.49 1.78 5.24 6.42 4.53 4.11 6.31 5.98 6.17 13.79 28.13
7.78 4.71 7.71 17.64 12.52 9.89 6.71 4.93 6.44 6.56 6.87 4.62 7.62 8.94 4.95 2.74 4.48 6.24 6.41 4.39 4.05 6.32 4.81 3.86 4.28 11.88 13.71 7.24 17.92 16.24 9.81 12.53 9.05 10.6 4.84 4.29 5.33 6.72 7.31 7.73 8.94 5.14 6.51 9.26 4.81 11.92 9.63 17.27 18.49 23.93 14.37 6.68 4.8 2.79 1.94 3.77 4.65 12.51 5.15 2.96 5.86 8.46 20.68 21.86
6.23 5.43 7.04 10.26 13.65 17.03 8.07 3.23 10.25 6.39 5.87 6.65 11.13 6.8 3.71 3.39 6.2 4.5 4.28 3.86 6.34 6.82 4.65 8.68 6.07 6.95 13.74 10.48 13.41 10.19 9.6 18.96 8.65 8.23 8.5 4.09 4.51 3.11 2.38 3.53 8.17 8.41 4.81 5.3 6.23 7.55 4.59 14.61 18.95 15.09 13.62 10.15 4.69 3.75 3.06 8.1 7.37 8.89 6.12 3.87 7.12 8.68 10.26 21.37
13.5 8.83 12.76 11.24 9.85 14.36 7.14 4.01 7.82 14.74 7.74 15.92 8.71 4.82 3.53 2.57 2.93 7.86 4.67 4.76 5.83 7.85 3.88 14.23 7.89 7.53 21.44 19.5 9.9 9.2 15.9 15.26 5.32 13.08 8.1 3.52 3.82 3.73 3.02 3.36 5.87 13.28 6.3 7.43 3.88 5.15 5.63 10.24 15.52 15.36 15.36 18.63 8.86 8.9 7.09 14.64 4.96 7.65 5.97 4.66 4.04 3.95 12.76 17.6
13.06 6.44 6.95 8.94 9.31 6.93 6.09 4.66 21.34 22.52 17.28 10.31 7.3 4.65 2.35 2.08 3.71 8.56 6.4 4.29 4.31 5.74 10.52 10.06 12.52 10.82 32.94 30.06 10.73 11.83 20.84 13.22 6.5 10.34 16.79 5.38 5.84 2.89 2.09 3.7 4.95 7.18 5.52 7.45 3.38 4.01 6.64 10.23 20.78 15.12 11.83 17.24 8.83 9.5 6.68 8.19 9.12 4.43 6.02 5.14 2.8 4.08 11.34 17.7
5.95 5.48 5.48 9.75 5.66 4.39 6.22 8.14 15.63 13.43 14.29 10.28 6.42 5.24 2.81 2.63 4.47 4.92 7.69 4.28 2.66 5.49 11.74 7.53 8.04 13.0 9.89 16.68 19.82 13.96 14.13 10.26 6.66 6.85 6.16 5.34 2.67 1.48 1.74 3.43 3.52 7.95 5.48 7.08 4.57 4.62 9.75 14.23 24.23 16.91 16.12 26.25 14.13 8.23 5.27 9.97 7.5 4.64 3.27 4.4 4.99 3.15 6.04 9.74
7.92 4.87 8.19 4.52 4.46 4.18 3.58 7.82 13.92 6.2 11.99 12.54 5.29 3.89 3.07 3.25 6.17 4.51 7.37 3.23 5.65 10.49 8.49 5.23 14.24 7.18 7.23 15.67 27.35 14.72 11.65 12.98 9.87 6.9 8.14 3.5 1.78 1.99 1.12 3.21 4.42 5.7 10.64 8.25 5.3 8.34 9.7 16.16 13.87 11.8 12.94 17.41 9.82 11.98 6.1 6.88 4.12 4.37 3.59 4.4 5.3 4.53 3.67 9.47
7.58 6.69 4.66 5.74 4.92 5.87 3.12 9.37 11.37 6.56 6.15 9.02 4.09 7.76 4.54 4.83 7.43 8.79 6.61 5.11 7.25 9.42 6.11 5.94 5.91 6.64 7.38 9.45 16.15 6.87 13.37 11.24 8.63 6.89 4.84 5.76 3.79 1.81 1.71 4.24 5.0 4.93 19.16 35.22 21.14 12.09 10.57 19.43 12.88 11.15 12.65 15.42 15.16 9.83 10.45 6.22 4.32 3.46 3.51 3.32 4.95 3.05 2.42 6.13
4.44 4.41 4.86 4.58 3.06 5.28 4.9 6.38 6.05 9.7 8.0 4.97 5.27 5.31 3.63 6.36 7.88 6.56 8.0 6.07 5.97 7.1 7.37 10.88 7.0 7.24 7.8 9.4 10.48 8.04 9.71 11.59 8.77 9.0 9.47 7.26 3.2 4.13 4.06 2.61 3.85 4.97 10.77 17.5 18.52 9.76 10.43 25.89 18.12 6.71 14.03 8.67 9.69 15.3 6.71 3.32 2.33 4.08 3.5 3.67 4.0 5.33 6.93 7.97
4.25 6.2 3.57 2.72 5.35 8.41 9.76 9.71 9.41 17.73 10.46 4.97 7.21 4.34 3.88 6.1 11.79 6.6 6.15 5.16 5.37 5.59 11.48 14.4 8.81 6.52 8.08 5.54 11.5 11.98 8.19 16.47 10.84 15.99 13.11 7.03 10.35 4.42 3.54 1.52 4.18 11.15 5.85 6.44 26.28 15.43 15.58 11.97 17.71 5.07 9.79 7.27 8.25 12.47 7.03 3.13 4.53 4.07 5.84 4.1 4.15 2.76 7.43 16.89
4.07 10.21 3.83 3.1 3.22 8.51 10.47 9.85 13.82 9.25 13.84 7.58 4.66 8.79 6.72 6.7 9.26 9.41 8.72 4.15 3.65 8.56 11.88 10.91 5.6 6.43 8.66 9.3 9.05 9.01 8.89 8.51 14.1 15.75 9.76 16.88 6.6 5.62 3.03 2.48 3.27 8.06 4.38 7.62 14.1 24.65 9.06 12.08 12.96 4.48 5.92 12.58 9.05 11.21 2.94 4.32 8.06 4.66 4.89 2.75 3.33 4.36 3.71 8.36
8.12 10.61 4.06 6.35 9.28 9.45 10.2 5.94 7.03 11.51 11.53 11.13 5.77 11.98 13.66 5.7 4.69 4.98 7.1 4.82 3.72 4.61 2.67 3.67 5.93 7.35 6.78 8.07 10.5 14.06 10.22 12.13 16.88 16.38 7.48 12.48 8.83 6.46 4.22 3.01 4.13 6.43 4.51 4.74 11.2 16.63 5.33 5.58 7.66 8.42 5.1 4.36 3.5 4.25 3.85 4.13 4.9 7.14 7.04 5.08 6.65 6.37 2.63 8.05
6.9 6.02 11.99 15.29 5.62 7.93 10.27 4.54 6.85 10.06 20.0 17.89 6.03 15.9 20.53 9.61 4.59 4.03 7.13 3.92 2.13 2.26 1.89 3.98 6.11 8.21 4.96 17.64 16.98 11.08 9.43 13.15 12.42 8.08 7.42 9.4 7.57 12.15 8.2 6.55 7.44 7.7 6.24 5.53 11.21 8.31 11.62 8.07 6.37 9.6 5.85 4.26 2.43 5.07 2.89 2.89 5.07 6.87 7.78 10.28 6.8 5.49 3.84 15.48
4.21 3.46 7.85 7.29 9.17 5.65 4.77 5.58 6.92 14.84 14.32 5.8 7.77 10.81 13.44 6.91 6.46 7.24 5.39 4.82 2.32 3.36 4.28 4.86 5.38 6.94 13.71 12.33 14.48 14.35 11.46 15.43 10.42 5.72 6.71 8.71 6.11 6.97 8.84 7.36 5.77 6.84 4.92 3.93 6.64 7.52 7.13 8.11 4.89 8.23 5.72 2.97 4.17 7.06 3.81 3.12 6.22 14.89 12.12 9.97 6.65 11.71 11.09 14.33
5.28 8.07 8.5 6.81 4.37 6.4 8.66 5.54 10.05 12.12 17.06 9.49 11.28 11.94 7.48 7.65 10.16 3.63 4.71 6.87 5.34 4.09 4.74 4.07 6.98 5.46 8.59 8.17 9.83 11.69 8.85 26.27 14.36 5.17 6.67 7.57 4.78 5.42 9.15 7.2 9.93 7.81 2.75 4.98 4.27 7.42 5.2 7.52 6.74 4.74 5.67 9.22 3.8 6.64 3.87 5.88 9.3 12.54 9.05 12.77 10.88 13.52 9.91 10.91
5.1 7.88 4.96 5.98 5.02 8.9 5.11 5.7 7.08 14.23 14.29 8.47 16.24 13.32 7.66 16.68 8.44 6.11 3.98 9.22 5.29 4.05 4.0 5.52 7.52 10.03 7.99 9.74 6.24 6.83 10.95 18.41 9.43 6.32 7.67 10.65 4.87 6.24 5.99 4.56 6.39 4.82 3.99 6.3 5.35 8.49 4.43 6.39 5.7 8.4 10.74 7.1 2.16 5.51 4.43 7.61 6.4 10.98 11.58 13.13 6.4 10.39 7.85 8.65
9.1 5.01 3.2 10.82 15.74 5.0 7.35 4.65 11.79 11.4 9.69 11.61 9.3 15.2 8.02 11.17 7.05 4.35 4.88 5.39 3.95 5.58 2.72 3.29 9.24 9.3 6.59 10.73 9.34 7.74 9.37 8.45 16.05 7.99 9.77 7.11 4.26 5.43 5.74 3.09 2.48 3.05 6.15 10.39 6.35 4.42 4.63 4.98 5.07 5.73 7.76 8.83 3.66 4.47 5.85 10.13 9.93 7.48 10.49 11.95 8.94 6.39 7.37 21.88
4.11 2.42 2.97 16.94 7.37 3.6 6.69 10.64 11.36 10.0 29.39 13.74 9.28 12.63 5.98 6.42 3.86 4.57 5.26 7.16 8.39 9.34 8.84 6.39 5.1 5.63 5.75 5.26 7.03 6.15 7.05 12.33 16.95 10.23 10.76 10.09 9.36 9.24 6.85 3.21 2.1 4.67 12.39 9.69 5.47 5.99 6.58 6.38 5.17 4.63 8.35 6.44 3.36 4.08 5.01 7.12 5.65 7.56 16.19 3.88 9.6 7.88 10.0 20.68
2.19 2.83 3.73 6.99 6.86 3.93 13.71 6.53 11.36 8.09 15.92 16.8 6.34 8.59 12.13 8.28 11.45 4.52 6.18 10.58 13.45 15.14 10.82 4.86 5.55 3.96 3.14 3.95 6.7 3.78 3.38 5.64 11.98 6.72 5.95 11.4 12.1 18.42 6.45 3.79 4.75 13.69 9.81 8.83 5.91 6.98 5.3 3.48 2.99 8.5 9.54 7.16 5.22 6.85 5.8 7.39 7.89 16.07 11.14 11.58 9.08 10.94 11.98 23.66
1.93 3.92 5.03 6.33 8.89 5.86 8.15 8.53 7.17 8.05 7.22 9.82 7.5 7.21 10.56 9.5 12.77 7.92 4.04 6.98 8.78 10.16 6.75 4.3 5.32 4.79 8.0 3.79 7.09 3.53 3.52 3.69 5.54 5.1 6.99 10.24 14.4 13.8 11.63 8.46 15.45 15.79 10.9 15.99 5.47 3.6 4.06 2.04 3.66 6.37 5.99 9.59 9.53 5.63 4.2 4.67 8.7 7.12 7.72 8.17 8.86 19.43 13.99 9.57
2.78 6.38 5.05 6.07 9.4 10.36 8.24 6.14 6.7 13.82 6.56 7.69 7.29 9.13 15.43 11.58 8.45 7.38 6.78 10.73 4.22 4.89 7.37 8.22 5.89 5.67 7.64 6.65 8.92 5.56 4.06 2.9 7.06 6.11 5.01 5.63 5.18 13.97 9.33 11.3 20.71 15.59 14.23 14.54 8.08 3.68 2.45 2.12 2.39 6.14 4.68 7.85 5.5 5.13 8.19 5.73 9.06 6.14 8.17 8.73 5.66 12.57 13.06 10.21
3.98 7.0 5.38 5.47 4.15 5.26 6.55 5.4 10.45 9.62 4.86 4.98 7.82 6.92 6.46 7.37 10.83 6.14 6.72 4.77 4.58 5.9 7.2 7.23 10.08 3.58 7.36 9.03 8.57 10.68 7.0 4.29 10.4 6.37 6.28 6.4 10.99 10.43 7.82 7.11 25.39 28.58 17.09 11.42 8.35 5.34 3.46 1.83 6.37 2.54 6.82 6.33 5.7 6.35 11.23 7.4 8.51 6.17 10.96 10.27 8.43 18.74 15.31 9.75
4.93 5.31 4.39 5.06 2.91 5.51 6.37 8.04 9.06 7.65 7.03 5.58 6.06 6.45 10.34 5.86 4.15 8.48 6.7 4.95 6.46 10.44 12.79 7.28 7.12 4.69 5.43 10.24 4.91 6.87 7.87 5.3 8.92 10.43 14.26 8.69 3.83 6.11 4.69 7.69 12.67 14.85 15.21 10.23 6.18 6.12 2.96 2.8 2.48 1.74 4.7 6.32 3.24 3.0 4.04 5.56 4.3 6.04 6.94 12.37 22.49 14.96 12.59 14.23
6.98 10.34 6.79 5.08 2.17 3.02 4.86 8.75 6.89 4.93 6.93 7.13 5.25 9.04 11.12 4.18 5.69 4.96 2.37 3.66 10.77 11.25 10.38 7.76 9.58 8.95 7.22 6.58 6.4 5.82 3.89 3.29 11.18 11.8 10.6 7.0 8.71 7.29 4.89 9.36 10.5 9.17 10.15 10.94 11.29 9.1 2.79 3.63 3.76 4.12 6.06 7.73 8.28 3.2 4.16 3.04 4.63 5.24 4.37 14.81 15.81 16.34 13.93 7.53
9.22 13.12 8.52 3.67 2.82 2.44 5.94 7.13 4.58 4.59 3.04 9.76 6.23 8.94 10.46 5.64 4.97 3.75 3.83 3.91 5.44 7.18 10.7 17.55 6.79 15.62 10.8 8.56 12.99 4.32 3.75 5.03 6.63 14.41 6.37 8.86 6.41 8.39 10.38 6.92 4.87 5.07 8.79 9.2 6.0 7.02 3.5 3.79 3.6 5.16 7.01 7.3 10.36 4.31 5.45 6.02 5.37 7.65 6.21 9.84 12.51 15.35 14.18 21.32
15.33 20.63 6.58 3.47 3.49 3.37 5.44 4.47 6.31 3.19 3.24 12.95 9.79 10.79 12.07 6.8 9.96 6.69 3.1 3.02 4.8 8.26 9.47 10.85 6.1 6.93 5.01 6.8 6.26 5.85 4.34 3.86 5.56 6.53 5.08 3.38 3.44 8.39 10.34 6.67 6.34 5.92 11.3 8.75 4.92 7.47 4.71 4.07 5.65 3.78 3.18 9.45 11.94 9.24 7.88 8.04 7.4 7.68 5.99 7.91 7.82 18.09 7.46 11.75
15.67 11.36 3.55 2.95 3.0 2.34 3.89 5.69 6.57 3.91 3.58 8.3 8.13 6.92 12.48 7.42 9.44 6.1 7.07 4.91 5.0 8.82 15.29 11.68 6.14 5.69 8.42 7.63 5.07 4.25 10.73 5.77 5.09 6.56 3.66 3.21 4.21 3.98 9.14 5.41 5.44 4.99 5.52 8.5 6.71 11.19 8.4 5.99 4.51 2.93 5.29 6.58 4.46 6.38 8.99 10.11 9.07 15.5 11.14 7.83 8.28 8.14 3.95 6.25
17.13 12.73 3.15 3.24 2.62 3.0 3.8 10.07 5.67 4.11 5.96 5.9 5.15 7.04 9.3 5.57 3.87 4.28 3.3 6.77 4.15 4.68 10.63 5.52 9.78 4.41 8.77 8.57 3.5 9.1 7.25 3.25 3.0 3.65 2.47 2.25 2.89 4.89 9.34 5.41 5.22 3.9 5.06 8.17 7.55 13.66 7.75 6.19 4.78 3.05 4.76 6.73 3.57 5.0 11.09 10.31 9.08 18.17 12.62 10.23 7.73 7.39 7.43 6.35
8.21 6.49 3.47 2.11 3.7 3.84 4.67 6.53 6.36 3.97 8.05 10.74 7.08 7.82 5.81 4.27 4.54 3.42 3.24 6.8 8.24 9.74 6.66 13.28 14.01 10.64 6.04 3.88 4.73 7.19 5.29 3.47 2.58 2.62 2.17 1.19 2.78 5.03 13.06 10.75 4.61 5.1 6.28 4.74 7.22 8.34 6.29 7.96 3.03 4.3 7.32 9.88 4.87 4.36 9.36 10.7 10.61 11.5 4.76 8.96 9.98 8.12 5.61 5.12
7.92 7.15 3.19 3.19 5.59 7.16 6.56 8.55 6.62 4.62 7.69 6.69 3.64 7.01 7.48 6.09 2.78 4.32 5.07 7.43 6.82 8.72 11.3 20.61 17.07 8.96 3.96 6.95 8.1 6.52 6.29 3.31 5.06 2.59 2.05 2.18 3.36 5.67 12.85 7.04 4.45 3.01 7.29 3.37 3.72 6.19 6.35 4.94 3.16 4.82 7.89 10.77 8.25 6.85 13.35 12.71 12.62 7.28 7.05 9.05 7.45 8.05 8.67 3.68
5.13 6.61 3.09 3.87 7.76 10.79 13.84 10.23 6.45 7.11 9.91 8.69 4.96 2.62 4.64 6.89 3.04 3.78 3.49 5.09 6.24 4.31 5.5 8.5 13.44 9.38 4.69 5.47 8.63 4.61 2.95 4.34 4.36 2.94 2.88 3.27 6.14 7.77 7.16 4.69 3.43 4.23 3.96 4.21 6.25 7.21 7.89 6.97 5.74 7.12 9.05 10.02 8.51 10.68 16.81 11.03 8.57 5.38 4.95 6.27 10.87 16.22 10.36 3.45
4.78 4.88 5.02 10.46 15.91 9.61 14.12 12.28 10.97 5.79 11.94 9.91 9.49 3.98 5.67 5.22 3.95 3.8 4.08 5.22 6.49 4.43 9.01 13.61 10.11 10.04 14.55 11.27 8.89 4.26 10.04 5.79 4.46 3.42 3.35 3.52 4.26 3.75 6.74 2.73 2.95 4.15 3.0 4.4 3.39 4.74 5.23 7.58 6.98 2.86 7.88 6.46 8.56 11.92 10.68 8.59 6.39 3.72 3.75 4.55 9.79 5.66 6.57 3.43
5.24 9.24 8.59 5.99 11.97 11.71 7.56 7.15 8.06 14.66 15.5 11.41 9.73 5.72 4.43 5.2 4.25 4.07 3.2 4.75 3.93 6.88 9.16 14.0 11.7 16.38 23.89 11.07 7.56 9.63 9.5 6.87 5.01 4.73 3.14 3.66 3.64 6.38 8.48 6.4 4.97 6.14 2.96 4.31 2.88 3.4 2.47 11.5 7.44 8.25 9.05 9.08 8.34 11.65 5.72 10.32 5.53 5.05 2.22 2.95 7.56 6.08 6.86 7.87
5.33 6.02 6.19 9.74 4.14 4.87 4.11 5.78 11.92 8.23 8.98 18.23 11.92 8.23 4.54 3.94 7.62 4.49 4.55 5.44 9.03 8.12 14.08 17.92 19.33 14.82 13.58 9.36 10.47 5.02 7.44 3.77 9.64 5.0 3.93 4.48 4.24 5.84 8.76 5.63 6.1 6.07 3.72 2.94 3.78 2.58 4.22 10.06 19.95 13.82 5.96 6.17 10.64 9.08 9.33 7.41 6.37 3.9 2.99 3.46 4.38 6.24 8.37 6.82
7.69 21.93 20.92 9.66 6.88 7.57 4.18 2.55 3.89 12.02 15.52 14.57 12.35 9.42 3.74 5.2 9.06 6.97 4.92 4.43 8.35 12.2 15.32 18.39 20.41 12.84 7.56 8.98 9.24 4.41 3.87 4.33 5.59 5.13 5.44 3.05 3.08 3.89 8.03 4.71 2.54 5.55 3.16 2.24 2.86 2.29 6.68 14.63 14.7 6.49 4.87 5.43 8.73 6.62 11.81 9.27 6.29 3.69 3.43 4.87 5.86 5.19 7.31 11.73
7.93 14.34 12.1 9.51 7.06 4.56 4.21 4.12 5.55 7.96 10.94 11.06 9.12 4.55 4.63 3.04 8.54 7.0 4.44 4.0 15.13 14.7 13.42 9.5 13.66 8.21 10.64 15.27 8.89 3.68 4.39 7.78 7.08 4.83 7.85 5.84 5.42 2.68 10.23 11.02 6.6 9.54 4.27 6.96 6.64 7.12 23.34 15.49 27.14 11.97 2.95 5.7 8.94 9.57 6.6 6.7 7.28 5.94 3.73 4.59 4.74 4.61 5.4 6.03
9.98 8.48 12.55 7.27 3.87 6.68 4.66 8.81 4.47 9.76 12.88 12.79 5.8 4.79 6.4 5.46 4.42 5.04 7.29 5.2 12.64 10.13 7.96 13.98 14.87 13.58 15.78 12.14 9.06 5.39 5.97 6.5 6.3 5.62 6.0 4.44 2.92 4.38 8.77 13.25 8.78 6.98 7.8 7.77 3.56 8.82 14.43 18.94 13.85 9.05 8.58 7.97 9.08 11.11 9.04 7.42 4.41 3.96 4.28 3.68 4.77 10.63 11.55 7.89
8.44 6.37 6.5 5.15 3.57 4.82 6.84 11.09 6.25 6.72 3.49 8.13 7.8 5.56 4.95 4.74 4.84 7.11 6.67 5.39 5.3 5.82 5.62 7.6 21.11 21.97 13.73 11.54 10.04 12.46 8.61 5.45 7.31 7.77 7.49 5.2 3.58 4.54 11.22 15.77 22.82 10.16 7.75 7.93 4.98 7.8 14.24 14.17 13.05 13.83 9.23 4.78 11.08 8.51 7.48 3.65 2.79 3.73 2.79 4.82 7.85 13.9 7.29 5.45
7.44 2.86 4.35 4.61 3.68 4.0 5.48 10.55 8.11 5.16 2.59 3.26 7.68 3.68 4.35 6.02 6.93 9.92 24.26 9.23 4.62 4.17 6.77 8.74 9.19 15.78 14.96 22.5 19.43 12.04 7.16 6.72 8.58 6.35 10.21 4.35 3.88 5.86 9.17 10.17 25.48 17.64 13.95 7.15 11.0 7.42 23.77 15.08 10.85 8.3 6.27 4.54 6.39 5.88 5.12 2.98 3.05 3.12 4.34 4.47 9.64 7.23 7.12 6.53
7.26 6.42 5.67 6.19 3.61 4.82 7.97 10.6 5.27 2.3 2.35 2.59 3.46 1.94 1.8 3.44 5.74 7.16 16.09 13.48 10.83 3.47 4.27 3.15 6.55 9.21 12.11 14.28 12.14 8.26 8.55 7.17 7.06 14.84 10.13 4.22 5.11 4.03 7.79 12.78 14.91 13.81 10.88 8.18 13.61 22.8 20.98 13.51 8.5 9.66 6.39 5.38 12.49 5.64 5.76 3.47 1.66 5.6 7.6 9.11 10.24 6.93 12.4 7.89
7.78 5.3 8.34 13.83 5.94 6.35 6.72 10.23 5.0 2.61 2.72 2.7 3.8 3.0 2.35 4.74 7.93 9.12 17.89 18.86 11.3 4.78 5.02 3.56 3.91 4.55 12.96 16.48 17.83 9.91 18.46 20.0 10.37 15.9 9.5 6.89 8.38 7.64 13.07 9.74 10.94 13.28 10.82 8.0 9.48 20.32 13.96 5.48 5.44 5.62 4.3 9.37 9.16 5.54 6.16 3.77 2.02 6.28 12.41 9.8 7.7 7.28 8.75 10.82
5.89 6.85 5.07 9.17 5.31 6.9 9.18 6.54 4.54 2.31 2.53 5.01 3.53 3.76 3.94 3.48 4.15 10.32 9.22 8.63 11.09 5.7 3.65 2.83 3.3 6.97 5.96 11.13 15.21 13.34 19.76 9.94 5.93 7.82 12.11 8.4 8.08 6.45 21.06 8.48 13.12 4.82 9.9 9.53 10.27 11.26 10.69 5.47 6.0 3.87 4.49 9.95 19.22 10.73 5.73 2.75 4.83 16.64 17.8 11.94 9.35 8.43 15.09 7.62
3.07 3.14 5.15 5.48 7.68 7.84 9.37 7.86 2.92 1.49 1.51 3.64 2.2 2.77 2.92 3.28 4.85 7.65 4.08 4.87 7.74 8.53 3.8 4.15 4.45 7.38 7.09 9.62 12.84 15.76 11.16 8.79 7.8 6.21 4.43 6.15 7.63 6.49 7.03 5.54 9.52 5.4 6.82 10.63 16.25 11.3 8.56 3.62 3.58 3.15 3.34 5.92 10.97 12.26 5.42 2.58 6.11 13.08 15.51 10.19 11.38 8.96 7.42 4.31
4.75 3.89 3.17 4.81 10.89 19.87 12.38 8.99 8.19 2.72 3.67 2.53 2.66 2.07 3.83 5.94 5.94 7.66 5.97 5.46 12.47 4.06 2.88 3.17 6.51 7.07 11.03 6.45 9.33 19.05 11.11 6.28 8.36 3.38 3.35 4.68 7.3 4.99 7.08 11.92 6.62 3.85 9.26 16.26 15.53 11.4 12.86 5.35 3.65 2.58 4.35 6.62 9.53 5.82 3.0 4.49 3.54 5.95 21.74 8.93 15.44 5.36 5.77 3.33
5.15 2.38 2.83 3.25 5.31 13.01 4.62 5.03 9.34 6.14 2.5 2.08 2.27 1.94 2.37 5.16 6.96 12.04 7.7 7.88 8.61 7.69 2.97 1.9 4.4 9.11 9.59 14.96 8.44 22.36 22.31 12.42 7.46 5.02 6.45 5.34 6.74 9.96 11.64 15.38 5.75 5.93 9.72 14.91 16.17 25.21 15.46 11.4 5.47 5.48 3.98 7.82 5.38 5.11 4.59 5.25 4.4 11.48 18.86 12.28 6.21 5.43 6.54 2.4
5.66 3.86 8.34 5.61 7.27 4.23 4.07 6.94 6.78 4.57 5.87 6.64 5.07 3.01 4.74 9.25 4.84 6.65 9.21 8.84 5.96 2.54 3.01 4.98 6.96 6.39 6.88 11.1 11.47 7.93 25.72 15.65 9.15 7.02 4.73 3.02 10.29 14.4 10.37 13.39 6.06 6.71 9.84 9.62 16.25 13.42 20.98 12.41 4.81 4.51 4.85 8.76 5.43 4.23 3.18 5.76 4.35 9.6 20.51 8.58 5.29 4.71 7.3 3.58
6.11 7.25 6.69 7.4 5.7 5.68 6.17 9.3 6.35 6.29 6.33 8.58 5.6 6.54 4.42 5.51 5.69 9.66 6.25 5.19 5.96 2.5 3.56 5.59 4.24 9.33 4.22 5.22 8.11 7.59 24.0 8.34 8.04 7.95 4.58 6.88 4.38 11.24 10.98 8.48 8.4 10.84 13.61 9.22 12.33 14.03 9.67 12.37 8.57 7.26 6.27 7.29 4.01 3.03 6.03 3.06 4.91 9.79 10.03 8.34 5.91 3.95 2.59 1.85
4.15 4.83 4.55 8.35 10.06 5.79 8.46 10.73 9.0 4.76 7.58 8.68 4.51 4.34 4.43 5.56 11.08 10.07 9.72 4.64 8.87 3.21 3.6 4.65 4.28 5.28 3.95 3.93 7.2 6.13 17.73 11.5 10.81 6.8 6.37 8.89 5.04 5.23 8.9 11.4 6.33 3.64 9.66 9.49 8.13 8.07 4.64 10.39 7.08 2.93 6.67 6.87 6.48 5.65 3.97 8.46 6.71 8.41 5.02 7.37 16.06 4.91 1.43 3.33
