6.75 5.79 2.4 3.69 4.03 6.7 5.1 10.93 10.16 7.93 5.84 5.13 2.82 6.63 4.02 5.01 13.99 12.24 20.28 11.49 10.31 8.88 13.1 6.07 6.07 10.62 9.63 13.6 3.85 7.66 4.55 11.01 9.93 10.48 11.71 10.39 13.14 10.46 8.6 4.92 3.01 2.05 3.1 4.26 3.31 6.46 3.13 2.39 2.33 2.65 1.84 5.46 8.58 20.14 17.27 18.61 13.37 5.9 6.05 6.01 9.11 10.42 6.9 13.55
15.26 3.54 4.38 2.09 3.89 7.5 6.08 10.24 14.45 10.47 5.08 3.58 6.33 9.04 7.79 7.16 5.78 9.29 8.58 9.31 8.85 10.59 22.01 6.98 10.73 9.17 11.47 16.52 6.38 7.39 6.36 9.17 8.65 6.61 13.46 13.4 7.0 8.52 10.22 4.02 6.36 4.46 3.43 4.48 2.88 4.76 3.26 3.15 2.58 2.62 3.76 4.75 8.57 9.37 35.36 14.8 10.52 6.12 8.6 7.04 7.02 14.49 5.52 4.28
11.87 9.98 7.53 4.01 4.49 3.59 6.93 7.96 4.47 5.56 3.81 2.03 2.32 9.37 10.13 4.0 6.54 2.84 5.02 8.08 6.09 8.08 12.89 25.56 10.68 13.22 13.85 13.78 14.85 10.48 15.26 10.78 7.23 6.25 9.06 4.28 8.01 8.9 16.99 15.19 5.05 7.48 3.3 7.0 2.27 3.15 5.42 4.11 3.67 2.7 2.63 6.91 6.12 6.78 16.01 8.74 8.08 5.87 5.9 10.05 7.68 3.6 3.97 3.83
14.52 7.03 10.18 6.42 2.63 4.55 5.64 5.44 4.35 3.99 5.31 4.13 7.57 10.46 14.27 5.72 5.17 3.73 4.83 3.97 12.35 27.75 27.29 29.12 14.69 20.82 11.68 11.95 19.71 10.95 16.8 5.52 6.56 5.52 8.31 5.3 6.23 9.93 10.01 10.75 5.01 8.76 2.83 3.72 2.4 4.07 3.14 4.07 4.18 1.67 5.89 3.96 9.2 10.71 7.3 10.0 5.69 11.77 7.61 8.38 10.78 5.78 4.22 3.23
13.19 12.21 13.97 4.72 4.12 5.58 6.53 4.94 6.21 6.29 8.69 6.91 9.11 9.65 6.33 4.9 3.88 4.65 4.31 5.08 4.8 17.07 16.64 17.4 16.47 18.77 15.85 6.87 12.3 9.72 15.29 8.51 7.45 5.04 13.67 6.63 10.56 15.33 6.99 8.89 7.41 7.52 5.05 3.86 4.28 7.02 7.08 3.19 2.89 3.27 6.23 5.72 6.0 10.12 5.32 11.84 8.55 8.55 11.93 8.87 4.48 5.59 4.71 5.88
13.61 17.43 8.8 5.6 6.27 5.34 4.49 8.8 4.95 1.82 3.56 5.48 6.98 10.78 6.07 9.67 5.62 7.8 5.83 5.77 5.13 5.31 10.89 27.7 18.41 13.16 5.51 6.22 10.2 12.32 10.82 11.14 9.25 8.45 4.59 4.03 7.51 11.48 8.01 8.57 14.39 15.41 7.14 5.41 5.22 10.7 6.6 5.42 5.57 2.64 5.15 7.34 11.29 15.0 6.43 7.07 8.75 17.32 11.23 19.24 11.58 6.12 4.13 7.14
18.44 10.51 9.74 5.05 10.05 4.58 4.61 2.5 2.75 4.31 4.79 10.29 9.71 7.85 7.81 5.68 9.31 9.87 16.3 6.16 5.77 9.62 11.5 11.53 12.49 9.73 8.83 9.55 7.67 12.14 17.24 9.2 9.96 5.1 4.45 5.38 6.32 16.59 6.86 13.06 11.07 14.95 8.12 2.45 2.98 5.56 9.85 12.03 5.5 2.92 5.5 6.9 6.55 5.76 4.7 8.07 21.49 18.88 15.01 12.74 5.85 7.75 5.55 7.18
12.04 13.22 14.6 18.8 7.31 4.56 5.28 3.56 3.52 6.76 10.91 12.69 7.67 6.84 7.44 7.44 6.59 9.13 8.1 6.01 10.45 7.85 10.98 13.43 12.28 11.04 4.67 9.65 11.14 9.23 12.2 11.21 8.4 3.81 6.04 7.85 6.9 6.59 8.32 4.85 10.33 4.39 4.89 7.03 4.74 4.5 8.99 6.33 4.53 6.07 6.79 10.54 4.11 7.07 9.33 11.4 9.25 8.0 8.33 10.54 12.94 8.56 6.74 5.82
16.87 8.96 23.51 14.3 12.82 5.95 5.14 14.03 3.03 5.81 8.19 17.36 7.22 3.26 2.62 3.42 12.28 6.63 7.42 3.5 11.19 6.86 3.69 8.38 16.72 7.67 5.33 14.65 8.07 7.64 11.35 15.33 7.14 11.43 6.82 9.52 11.47 10.56 7.85 7.23 4.64 3.83 8.91 5.56 5.59 3.64 7.31 7.54 4.15 7.15 4.86 7.87 6.33 9.48 17.26 6.3 13.21 14.73 8.56 11.17 9.45 8.49 7.85 8.59
5.93 3.19 13.7 15.36 6.14 8.1 8.01 5.62 5.1 5.04 6.11 7.72 5.94 3.9 4.0 4.04 6.02 4.53 19.27 5.02 7.24 4.76 6.4 11.92 10.68 7.2 10.15 10.18 6.99 6.94 10.2 19.44 11.08 6.07 15.04 14.49 8.5 4.16 5.79 4.91 3.67 5.36 3.88 4.5 3.23 3.57 3.77 4.75 5.26 3.78 8.47 5.18 11.24 13.81 10.2 17.27 13.38 14.64 9.7 6.58 8.84 14.05 8.98 8.94
4.08 7.57 10.57 11.92 11.28 16.89 5.77 12.8 2.58 3.52 4.29 5.18 10.29 7.55 4.38 2.21 3.76 6.55 11.14 14.44 12.39 9.17 6.71 9.46 12.98 6.58 8.15 9.11 9.99 6.09 11.1 9.67 10.62 5.59 8.91 7.28 8.75 13.54 7.7 6.72 5.67 4.81 4.95 5.89 5.7 4.97 4.43 5.77 7.71 6.16 5.69 4.83 11.74 12.73 14.68 11.92 7.53 7.04 3.2 9.13 6.8 12.73 9.3 11.26
6.47 14.2 9.59 12.41 8.31 8.97 4.67 5.44 4.4 4.58 3.95 3.72 10.5 7.76 4.55 3.36 2.87 4.47 6.85 12.68 17.74 20.06 8.21 14.39 13.92 10.19 14.02 6.55 8.84 3.17 5.13 5.22 7.99 6.56 11.81 7.19 7.69 7.17 10.44 9.71 3.56 5.5 7.41 12.86 8.06 3.52 5.09 7.23 13.96 6.05 6.3 8.9 11.97 14.45 7.74 7.6 7.45 3.23 3.01 4.4 8.81 13.93 8.39 10.67
6.75 8.04 6.22 10.67 7.01 6.99 6.6 5.16 6.01 6.46 3.0 3.79 8.21 4.68 4.43 4.23 2.9 5.62 4.88 13.29 9.88 13.56 12.7 19.33 22.57 18.04 9.13 9.25 6.84 3.09 6.37 6.84 6.73 5.44 7.05 5.44 6.17 4.89 5.51 7.24 5.51 4.97 5.42 5.43 8.15 7.56 7.71 7.01 21.7 10.1 13.49 8.71 21.95 10.38 5.03 8.28 2.84 5.57 4.05 3.59 6.36 5.84 7.92 5.21
4.71 11.53 7.16 6.34 11.1 9.42 6.98 14.71 10.05 6.08 2.98 3.81 4.83 5.35 3.65 5.5 6.41 9.43 4.03 7.79 6.34 13.03 5.4 10.75 13.19 10.96 11.0 6.28 8.25 4.09 7.19 6.25 4.39 4.99 3.1 5.95 4.02 5.44 3.71 5.04 11.01 5.75 4.06 3.73 6.3 11.94 11.01 8.47 8.49 7.96 9.25 11.21 12.84 10.19 7.7 8.12 5.13 3.43 2.49 4.77 5.04 3.95 6.3 9.38
5.44 5.02 11.82 6.78 8.38 5.93 5.96 8.1 15.63 9.37 4.48 6.06 7.6 11.34 3.2 8.48 8.45 8.33 4.24 4.87 5.27 4.55 6.99 7.22 6.16 5.92 3.43 7.18 5.4 5.14 5.95 6.72 8.66 3.82 2.72 4.45 4.36 6.46 6.02 8.3 6.56 10.65 5.96 4.03 6.7 8.7 7.69 7.21 8.38 4.5 5.19 6.74 7.08 9.53 6.28 7.15 6.78 8.93 4.49 3.5 4.3 2.48 7.2 4.74
8.15 4.66 11.6 3.02 5.57 5.56 5.54 4.77 12.75 10.01 6.72 4.37 5.59 13.46 7.67 5.81 6.73 5.84 5.2 3.64 3.38 4.56 4.26 8.1 11.72 4.54 3.79 4.91 4.55 12.65 5.7 7.34 3.54 3.34 5.46 3.57 10.47 14.33 12.1 5.98 14.14 10.02 7.86 3.5 2.94 10.63 9.57 5.24 4.72 7.76 5.57 4.25 4.82 7.69 6.23 7.38 7.14 10.01 6.41 6.96 5.96 7.04 6.13 3.72
5.39 8.24 6.34 3.91 3.61 4.74 7.08 5.05 5.11 8.08 7.49 8.45 7.68 7.13 5.23 6.69 6.25 8.33 5.3 2.48 6.25 2.83 6.83 7.29 10.23 10.59 3.34 3.57 3.59 9.36 7.1 4.09 2.92 4.06 4.0 4.19 8.46 9.07 11.21 7.61 11.0 7.62 5.76 1.41 3.02 3.3 2.46 3.2 8.24 5.28 5.42 4.6 3.9 4.88 3.29 3.85 11.56 9.55 7.19 9.37 9.47 6.89 4.9 4.2
12.05 8.37 5.72 3.87 5.87 8.8 7.92 8.65 11.39 12.05 11.24 11.9 4.62 3.22 8.42 6.63 11.1 13.0 5.28 2.89 6.23 3.75 4.25 4.3 5.28 15.07 7.64 3.27 4.21 9.82 7.6 4.02 2.08 4.62 5.5 8.91 13.02 9.6 6.84 7.72 5.81 9.39 3.77 2.45 6.44 2.11 5.7 4.87 5.8 3.51 2.3 2.71 5.84 5.98 7.53 9.0 9.77 6.69 6.82 5.3 7.37 6.64 9.16 2.82
5.46 5.26 5.2 6.68 5.14 5.64 9.03 11.26 10.59 10.28 10.99 8.07 5.15 6.4 5.13 12.04 10.64 9.62 9.33 3.66 4.11 5.14 5.64 5.86 3.43 8.87 5.7 4.53 5.51 6.36 5.64 2.85 2.71 4.1 5.26 8.34 11.64 8.9 3.73 5.19 4.34 8.63 10.36 5.45 4.29 2.49 3.31 3.41 6.97 3.81 3.87 3.5 6.35 7.94 11.13 19.99 7.18 7.3 7.22 10.52 7.68 5.96 6.56 5.35
5.42 3.52 6.36 5.04 4.4 4.41 4.49 17.1 9.55 10.13 8.65 8.02 10.74 3.99 6.57 6.29 9.65 12.09 4.03 3.07 3.64 8.51 4.67 7.54 4.31 5.27 4.94 6.59 4.17 5.91 5.9 3.66 5.0 4.77 5.4 12.0 6.89 11.63 4.05 5.23 3.49 8.56 6.47 8.36 5.54 3.83 6.82 5.3 6.58 4.52 6.23 3.23 3.78 10.78 10.3 14.89 12.96 9.89 7.59 10.4 6.13 3.66 7.12 2.78
4.33 2.51 7.1 4.71 6.02 4.15 8.58 8.5 8.53 9.76 15.04 9.2 20.41 9.61 7.25 3.59 4.99 3.44 5.71 6.12 6.12 9.13 9.3 16.3 5.46 3.79 9.42 4.79 4.61 4.99 5.04 5.1 5.28 5.09 6.1 13.24 3.03 4.26 3.45 8.62 3.52 4.49 6.74 12.46 8.69 9.38 10.1 6.33 8.33 7.96 10.06 11.22 6.47 16.03 7.31 11.03 5.97 6.4 10.3 10.33 7.23 5.12 6.52 1.7
3.55 6.59 5.58 8.2 6.84 4.16 13.09 14.45 20.26 9.48 10.08 15.43 8.86 7.01 5.78 4.45 2.85 3.34 3.57 7.34 7.12 5.39 8.52 4.66 7.2 5.91 11.82 5.64 2.56 2.6 4.64 8.85 8.81 8.39 8.59 12.06 7.53 5.65 4.69 4.55 5.5 5.46 11.48 17.21 7.48 6.95 12.28 12.79 5.87 11.37 7.71 10.52 6.52 15.42 9.98 9.02 3.83 4.49 3.87 5.38 5.02 5.78 8.49 1.82
4.84 3.31 4.99 3.65 5.3 6.21 18.56 19.77 16.95 14.45 6.1 5.39 5.3 7.64 6.36 5.06 3.75 3.72 3.92 5.3 6.63 5.4 8.9 4.68 7.37 14.58 17.6 4.65 2.75 3.21 16.97 21.91 19.37 16.16 13.88 22.99 11.7 3.79 4.03 3.21 4.29 6.4 7.13 9.39 10.29 6.46 7.61 12.04 3.84 7.47 11.58 15.05 5.97 9.1 11.03 10.79 6.81 5.11 9.48 6.39 8.89 6.96 7.37 3.73
3.72 5.19 12.39 3.48 6.5 7.44 15.37 18.54 13.92 10.3 7.53 6.11 5.36 5.17 4.01 3.52 4.41 3.48 3.08 2.5 3.94 4.27 5.35 9.49 6.93 6.26 3.98 5.3 6.17 4.81 8.12 16.4 19.89 12.08 9.23 10.13 12.56 4.63 3.0 3.95 9.92 7.93 6.91 5.75 8.06 5.58 9.99 10.94 4.68 15.53 6.62 8.93 11.36 5.11 6.56 11.06 4.99 7.68 6.54 3.7 5.25 4.09 8.28 3.06
4.53 7.28 7.0 7.38 4.8 4.16 8.48 9.84 10.24 12.14 13.22 7.58 6.64 7.55 2.83 3.73 3.81 4.86 6.5 2.84 3.54 4.78 6.56 12.69 19.76 6.9 4.3 3.27 7.69 5.2 7.02 27.59 14.65 14.23 9.11 5.2 6.78 6.16 6.21 6.15 11.8 6.17 9.41 6.15 6.78 7.45 8.07 16.44 4.59 8.86 5.37 10.26 8.89 7.91 8.15 9.33 6.12 3.87 3.87 4.19 4.35 4.56 4.25 4.1
5.21 4.63 8.19 3.69 4.29 4.05 5.74 10.69 6.21 12.08 15.97 12.1 6.73 6.58 6.43 2.61 2.65 3.7 5.21 3.53 4.95 6.01 11.61 7.68 9.55 12.1 5.74 5.7 7.51 6.57 10.38 17.21 20.23 6.23 10.55 8.64 3.92 2.7 3.18 6.54 15.09 6.81 6.28 4.51 5.51 6.89 11.13 15.47 11.56 7.11 7.1 4.51 5.28 7.94 7.39 7.52 5.61 6.06 3.59 3.29 4.88 3.64 2.05 4.27
5.82 5.76 5.23 5.83 3.92 4.5 7.87 11.71 18.01 12.31 7.53 6.28 7.65 6.44 8.03 6.11 6.36 5.49 2.19 2.95 3.18 5.92 7.24 6.56 10.89 8.51 6.44 7.72 6.18 9.54 7.21 7.8 6.26 5.82 5.06 2.91 4.19 2.18 2.47 6.62 5.61 6.61 4.48 10.01 5.32 10.99 17.64 4.83 17.08 7.72 8.08 4.58 5.38 11.85 7.77 8.42 6.74 11.41 3.38 8.79 2.36 3.2 5.01 5.6
6.89 6.05 8.03 6.26 2.64 7.17 5.1 12.49 21.81 11.56 10.36 11.28 10.91 6.53 8.24 9.8 8.87 4.7 2.55 3.92 3.53 6.74 11.81 5.84 4.01 3.52 7.31 8.86 9.36 3.39 11.67 9.48 4.46 3.6 3.9 3.87 2.08 5.71 6.22 4.91 6.72 6.99 8.29 9.81 9.54 8.7 16.06 16.74 15.12 7.12 4.8 5.08 7.77 10.25 5.0 7.01 7.12 10.66 4.51 5.85 5.35 4.55 3.15 7.56
6.84 8.34 3.69 5.2 7.13 5.23 5.14 8.89 9.85 9.88 12.97 11.34 10.34 11.58 8.83 8.62 4.72 6.67 2.75 6.18 6.71 5.23 8.36 4.15 4.35 3.72 8.2 14.02 5.2 5.47 10.0 4.77 3.25 3.55 4.82 4.9 5.35 7.69 4.45 4.92 4.97 12.38 10.17 5.89 8.26 11.56 17.78 6.19 12.84 10.98 4.35 8.04 7.49 6.22 4.08 7.28 7.94 7.06 6.81 7.63 12.28 4.15 11.47 9.9
11.33 7.83 8.99 7.66 8.15 5.0 5.98 9.94 6.52 5.87 8.04 10.21 12.55 13.55 6.55 6.12 4.28 7.15 4.95 3.42 9.2 8.74 5.42 4.66 4.2 3.34 4.62 8.27 16.51 11.44 6.61 6.87 3.53 5.88 6.52 4.16 8.98 10.08 8.69 6.79 9.33 12.42 21.48 9.82 9.08 7.27 8.85 16.32 18.99 13.88 5.41 6.51 7.3 8.12 4.98 8.91 5.75 10.56 9.56 21.41 12.67 5.28 8.45 13.28
10.16 6.76 7.17 8.99 16.96 5.97 7.36 5.65 4.1 5.04 4.91 15.7 5.19 4.95 3.0 4.62 6.63 7.11 6.12 4.36 8.07 10.09 6.77 6.02 6.84 4.01 6.09 7.64 11.63 8.44 8.29 8.1 7.29 5.45 11.07 11.44 17.13 7.91 5.39 5.34 5.24 6.52 11.81 10.42 19.16 11.22 14.35 13.04 13.26 7.77 6.86 7.36 6.44 4.71 6.74 5.97 9.34 7.19 12.86 6.64 8.98 5.32 19.2 6.88
11.02 13.88 12.33 14.3 18.67 4.98 6.34 3.39 5.06 4.92 5.3 6.18 2.84 6.07 4.35 4.12 8.07 10.06 7.95 7.2 8.29 4.68 8.34 14.91 9.22 8.44 9.83 14.45 6.32 8.8 11.48 9.13 7.5 12.63 9.48 10.11 12.63 3.89 4.98 6.49 11.88 5.16 5.07 9.33 12.13 21.2 6.96 9.46 10.81 13.61 15.55 10.09 4.33 3.71 8.7 9.74 6.48 3.03 9.07 4.91 12.55 4.83 18.99 7.42
10.31 10.46 16.52 11.8 13.52 5.52 7.85 5.51 3.41 4.92 2.29 3.56 4.07 6.9 4.2 7.01 7.26 5.24 4.74 4.22 5.24 4.54 4.3 10.2 12.98 10.32 11.0 12.4 5.82 11.35 21.56 11.06 11.63 9.69 7.2 6.8 12.72 7.04 6.63 7.23 10.75 9.59 5.21 5.16 12.27 12.28 6.89 12.94 9.75 12.09 5.32 11.14 4.78 4.06 9.82 6.65 7.16 3.63 5.9 9.09 4.52 5.13 10.19 5.35
5.97 6.8 7.44 12.66 7.45 6.48 5.61 5.04 4.59 2.98 5.74 3.08 3.38 8.66 6.16 7.82 5.62 4.46 4.36 4.64 5.11 7.15 7.3 12.37 8.33 9.09 8.61 7.35 5.39 9.74 17.05 12.08 15.55 6.72 6.33 6.94 8.39 6.55 9.81 6.95 7.88 13.34 5.52 5.53 3.99 6.35 10.73 11.95 16.73 15.82 11.1 8.39 3.62 3.44 5.4 10.24 10.59 10.13 12.95 7.35 4.72 7.96 15.38 6.19
6.99 7.02 9.56 8.61 7.33 5.24 3.65 7.67 2.39 5.72 9.44 4.38 6.67 5.51 15.15 11.78 9.43 10.29 10.23 11.78 5.11 6.08 4.12 11.02 9.8 7.93 7.4 5.01 5.34 9.04 8.75 5.4 14.48 7.85 4.01 7.22 8.58 17.1 7.29 15.72 11.21 9.84 10.71 3.85 7.31 9.23 6.22 4.53 8.95 15.4 13.0 3.46 3.93 4.76 6.02 7.71 7.63 9.35 5.1 7.64 6.32 11.95 5.92 4.16
3.85 5.68 6.44 6.4 4.53 4.04 5.65 4.23 4.54 5.54 3.25 5.73 5.94 16.14 13.04 17.41 13.19 18.6 24.93 12.06 4.24 7.15 7.66 7.33 8.59 18.82 9.5 3.7 7.6 5.56 5.22 3.35 7.99 11.4 12.44 9.27 8.32 10.15 6.48 12.45 8.4 18.16 10.63 7.19 5.0 3.1 3.99 2.57 6.51 10.74 6.4 3.6 3.51 4.97 6.19 5.0 6.23 4.94 7.4 9.37 7.24 17.98 5.88 6.0
8.11 5.31 6.21 8.17 5.1 9.74 8.92 6.58 5.01 5.68 5.95 3.62 8.66 17.71 16.07 17.36 14.98 23.32 14.27 18.66 4.79 5.86 7.38 7.65 10.58 9.43 10.34 6.51 4.43 4.71 4.67 4.59 6.48 6.03 6.06 8.46 8.74 5.27 9.82 16.08 16.52 20.28 7.7 2.87 2.92 2.66 4.29 9.71 10.07 6.33 11.65 7.32 10.43 5.22 5.94 9.72 6.0 9.05 5.13 4.57 10.01 8.84 14.69 7.77
6.57 3.74 6.83 4.97 7.07 7.3 12.18 5.14 4.94 6.54 2.99 6.22 6.08 17.15 26.98 14.03 18.77 13.09 5.38 12.62 18.56 19.71 6.36 6.67 7.66 7.4 8.55 10.44 10.6 10.47 4.35 5.64 3.61 8.83 5.08 11.19 3.61 5.55 5.76 7.5 10.23 12.22 6.34 1.88 1.8 2.67 6.37 4.38 5.35 9.65 11.07 11.17 11.52 9.31 12.33 10.43 7.64 3.83 2.89 3.88 7.68 7.09 6.63 6.26
6.4 3.3 13.39 3.28 3.94 5.41 19.45 7.46 9.14 12.07 13.9 7.55 8.94 6.81 5.33 21.76 13.09 9.23 7.3 6.01 22.0 19.35 19.12 3.39 4.81 6.85 14.24 11.86 8.09 7.67 5.23 13.75 5.94 5.16 14.37 12.04 7.5 6.06 10.43 5.22 3.3 6.04 4.6 4.46 1.72 5.93 6.2 13.45 8.11 8.88 8.41 12.34 19.77 11.11 9.6 6.02 5.86 4.68 3.06 4.5 5.8 5.46 8.6 5.33
9.23 4.7 6.02 3.91 4.51 9.57 12.49 17.72 13.53 5.99 4.61 6.72 5.96 5.92 13.43 12.49 18.0 6.85 8.16 7.68 11.33 10.26 7.29 8.51 9.68 8.82 21.26 7.28 9.46 9.06 5.38 7.5 4.79 7.43 15.66 11.63 9.91 5.95 4.04 3.66 4.01 3.14 4.43 4.22 5.53 7.82 7.51 6.11 4.68 9.27 9.6 10.83 16.6 19.14 11.28 3.83 4.48 1.12 3.01 3.87 8.86 11.94 10.96 10.3
8.55 5.56 11.92 6.3 6.16 16.82 20.63 8.55 17.28 5.06 4.66 7.08 7.22 7.46 10.23 14.97 8.61 9.66 13.16 12.23 5.73 7.38 11.96 8.39 5.67 12.33 11.76 9.63 9.74 15.42 12.78 5.59 5.5 4.33 12.2 8.57 4.13 9.02 9.06 4.84 4.13 4.89 3.11 7.58 7.37 18.81 9.15 8.1 6.83 6.02 13.59 9.42 7.23 13.1 11.05 6.46 1.64 1.04 2.72 6.82 12.78 6.72 7.12 5.27
7.48 15.59 12.17 10.94 10.23 15.57 11.01 9.76 15.53 7.35 10.07 6.38 5.97 7.38 9.69 6.37 7.65 6.68 10.17 11.88 7.02 6.75 10.44 9.51 8.29 10.02 10.37 14.57 13.3 12.6 17.32 12.3 6.0 3.82 6.28 5.07 8.63 6.94 8.26 4.88 4.87 4.94 3.2 8.43 7.78 9.39 6.64 3.27 5.21 8.48 5.68 6.27 10.87 7.08 9.07 3.73 1.43 0.98 1.31 7.85 11.38 17.95 8.34 3.9
11.28 27.59 16.23 12.29 9.9 23.85 13.0 13.13 14.26 12.25 8.89 8.82 10.45 8.59 5.01 4.77 6.23 7.2 9.78 6.12 8.42 7.57 4.1 8.44 5.29 5.04 4.95 15.07 18.19 10.91 13.89 9.03 10.55 3.98 2.71 6.25 3.84 10.12 8.88 8.98 4.14 13.63 6.35 10.58 6.96 8.47 4.55 3.08 5.57 4.2 7.75 10.08 15.52 4.62 3.81 2.1 2.01 2.51 1.83 8.25 10.57 5.16 5.35 3.5
4.93 18.53 13.31 10.14 11.26 7.95 11.68 13.55 16.43 10.0 9.42 8.35 9.18 4.21 5.73 7.75 6.73 11.74 5.89 6.99 9.73 5.84 8.29 13.23 8.52 5.3 5.96 8.51 10.73 7.14 9.04 13.32 14.11 5.95 13.51 5.17 4.93 6.68 3.89 15.94 4.77 14.12 11.54 12.14 6.24 5.24 7.09 6.31 4.42 4.67 6.97 9.27 9.92 5.09 1.74 3.29 2.67 5.59 3.63 10.57 6.28 6.08 6.64 5.95
5.74 12.63 11.45 14.72 11.84 7.93 5.49 7.06 13.6 8.71 8.61 4.88 10.89 7.02 4.69 6.69 11.05 9.93 8.02 8.1 6.92 5.3 8.28 8.51 18.03 8.44 12.97 4.92 9.79 4.54 6.78 7.54 10.06 13.25 6.28 3.69 3.59 3.66 5.75 7.83 7.84 11.32 9.0 6.09 6.09 4.27 5.15 4.82 6.65 9.88 8.16 6.01 6.79 4.35 2.85 2.23 2.31 2.17 5.59 4.76 2.6 6.44 8.8 6.83
5.96 20.28 24.13 11.29 9.57 9.64 6.89 11.77 11.13 7.95 8.18 8.3 3.13 6.18 4.11 6.59 19.03 8.45 9.39 7.86 9.36 5.33 5.41 8.22 15.1 7.64 16.13 9.98 7.96 6.78 5.57 6.54 8.91 7.73 9.02 3.39 3.5 6.11 2.5 6.36 7.15 10.93 10.64 8.15 10.71 7.35 8.27 9.07 11.69 8.87 8.9 5.77 4.98 3.72 2.79 2.99 4.13 3.44 3.2 3.29 6.74 9.96 7.3 5.06
11.13 9.74 11.29 8.82 6.3 8.52 9.05 10.13 6.59 8.98 8.51 10.53 3.2 8.6 2.42 5.42 15.94 5.1 9.88 8.45 6.09 5.87 7.28 7.09 10.38 5.73 8.21 6.25 3.55 4.94 10.91 4.14 6.62 7.16 6.7 4.03 3.36 3.25 4.09 5.03 9.88 11.34 9.6 8.09 5.13 9.96 12.76 11.97 19.98 8.44 4.54 4.29 4.64 3.42 3.05 4.49 6.51 5.37 6.28 9.18 9.99 22.24 7.3 4.87
8.54 8.53 6.84 6.51 13.52 10.41 10.4 14.37 2.77 11.45 16.18 10.04 6.05 8.56 4.39 7.18 7.23 10.89 9.56 7.95 9.34 10.29 8.34 3.15 4.17 3.77 5.96 4.65 7.94 10.82 11.84 2.91 2.82 4.36 7.34 6.69 5.97 5.43 3.24 4.57 19.75 24.28 10.35 5.88 5.3 6.68 11.91 7.1 13.84 7.59 3.64 4.63 5.68 4.56 6.01 5.57 12.77 11.2 5.36 8.88 12.43 16.7 11.06 5.88
5.94 5.66 9.45 19.46 16.72 6.81 11.44 13.6 8.02 9.07 9.67 10.88 5.37 4.57 3.81 5.66 7.5 11.41 6.13 11.02 11.36 14.28 3.52 5.83 2.92 3.87 4.43 2.22 5.04 4.98 4.74 4.84 3.1 13.06 7.09 4.88 7.55 3.56 3.68 7.33 16.77 26.5 18.97 10.38 9.72 9.2 8.08 12.91 9.87 4.79 4.66 3.36 7.08 4.12 7.05 5.11 8.02 9.54 9.48 8.77 11.78 16.19 8.03 9.23
15.14 10.61 7.1 12.71 13.11 9.42 7.6 8.2 13.91 18.13 11.86 4.06 3.15 3.41 6.77 10.85 8.99 4.84 4.97 9.85 9.65 6.31 4.9 4.72 3.96 5.91 3.47 4.07 2.26 1.97 4.61 3.13 3.63 5.13 10.4 10.62 6.95 3.68 3.4 12.61 16.06 16.65 12.5 8.6 5.52 9.78 10.22 11.55 8.63 4.09 4.17 3.62 6.98 4.68 7.52 9.54 5.32 7.52 7.2 10.39 7.36 10.88 6.44 5.96
9.77 15.61 8.43 19.82 8.5 18.86 7.77 8.29 9.95 10.83 9.24 3.74 5.86 4.49 11.53 11.94 7.68 5.39 4.5 11.3 4.77 5.15 4.86 11.64 7.24 4.75 6.41 3.03 3.07 3.28 5.03 6.02 8.61 11.34 12.82 6.82 3.34 2.77 5.61 14.52 11.98 11.61 4.76 4.38 5.71 5.76 7.71 4.52 6.2 8.64 15.57 5.32 5.89 5.21 6.74 12.92 9.15 8.72 7.4 7.38 3.51 7.59 6.51 4.4
16.09 18.15 14.41 9.69 5.05 9.67 11.91 14.67 17.93 4.66 6.61 5.27 3.98 6.56 5.67 7.53 7.1 3.71 3.77 5.55 3.35 5.88 3.79 4.01 2.79 4.21 3.39 3.01 2.29 2.81 4.44 11.05 14.7 9.7 9.51 9.48 2.74 7.62 8.04 20.27 10.39 2.88 4.1 6.22 4.31 5.05 12.17 11.7 11.68 5.96 10.49 10.51 6.5 3.86 6.41 7.07 5.44 11.08 5.79 4.67 4.04 4.84 5.0 5.25
12.33 15.6 6.7 7.51 5.26 4.28 12.13 6.29 6.3 5.55 5.85 3.03 5.67 7.66 9.99 10.88 6.76 5.59 7.5 5.03 5.61 3.4 1.94 2.2 7.82 5.5 6.19 4.09 2.76 4.97 5.13 10.1 27.99 13.33 12.68 12.43 9.48 4.95 6.89 25.66 19.85 6.33 5.9 6.99 4.69 6.91 6.11 5.06 8.72 5.94 9.05 10.18 9.25 7.24 10.61 4.61 4.67 5.65 3.8 5.93 3.55 11.59 8.47 3.34
6.71 7.65 6.81 4.58 2.54 6.32 8.07 7.55 5.13 5.74 4.41 4.5 5.56 6.51 10.41 11.04 10.02 20.01 10.12 3.53 6.82 3.9 2.96 2.57 4.74 5.03 4.42 3.26 5.05 4.42 3.82 10.99 18.52 25.18 16.87 10.39 5.03 5.14 10.56 14.53 15.52 15.1 8.56 7.62 6.38 6.74 10.78 8.87 11.38 4.54 9.66 5.34 5.1 5.32 13.27 5.61 7.17 7.77 8.15 6.97 5.35 4.99 5.59 7.27
9.96 6.07 6.72 3.17 3.77 6.02 7.25 4.65 4.9 5.99 5.28 7.18 6.13 8.52 4.91 7.25 11.33 13.74 4.69 3.93 10.35 9.86 4.01 3.78 5.01 3.55 3.69 3.91 6.35 8.63 6.99 22.36 17.56 22.15 14.47 12.76 12.74 7.02 11.11 23.73 16.54 28.12 11.02 4.99 9.38 6.28 7.67 11.34 12.69 4.99 4.21 7.68 7.6 4.02 3.36 4.82 8.85 11.19 19.24 16.16 11.06 4.89 3.9 9.62
10.08 9.46 13.96 11.55 5.55 8.49 6.63 3.59 7.02 15.46 14.92 6.54 6.71 8.02 2.62 6.59 8.26 8.05 5.13 6.2 13.78 7.1 4.18 2.21 6.5 3.35 2.89 4.01 9.88 18.54 12.29 20.95 14.31 16.98 6.43 8.82 7.46 9.67 21.55 21.01 33.52 44.95 8.06 5.79 3.49 7.87 10.06 6.89 12.05 7.62 11.79 4.41 8.02 8.23 5.71 7.98 9.19 16.18 25.47 20.62 9.06 3.66 3.13 6.1
5.23 8.23 16.52 9.06 6.92 7.28 8.3 7.81 7.72 7.13 6.51 11.33 6.3 2.85 2.45 2.46 3.16 4.21 6.83 15.11 9.67 5.18 3.33 4.31 5.25 4.45 3.11 5.73 10.4 10.87 17.39 14.6 18.11 13.48 17.2 27.95 3.67 11.43 13.78 24.1 12.29 22.23 8.11 7.13 7.78 5.88 5.85 8.03 9.14 8.97 7.01 8.68 5.52 7.88 11.97 6.87 10.25 16.72 21.85 39.18 17.95 9.41 3.64 4.7
8.08 25.66 11.97 12.45 9.2 7.03 10.82 9.66 12.02 4.36 8.08 9.9 13.2 7.95 1.71 3.38 4.63 3.78 5.39 5.41 8.27 6.83 4.39 4.59 2.97 3.82 5.06 5.25 9.27 17.95 22.25 20.63 21.13 21.15 27.37 15.48 18.5 13.65 11.33 19.03 10.0 18.67 11.61 7.38 6.35 8.07 4.42 3.77 17.6 11.62 7.09 9.08 9.12 13.56 5.0 7.26 8.29 31.0 15.82 19.06 14.45 27.1 10.89 4.79
9.12 13.65 21.49 12.14 10.67 9.04 11.81 7.31 6.48 7.66 4.72 7.18 9.6 3.62 3.31 2.79 3.7 2.42 7.58 5.14 3.2 2.99 4.29 3.35 3.48 4.25 3.92 5.46 11.3 27.01 55.72 28.44 26.6 17.23 30.21 17.85 11.45 24.82 24.49 10.12 9.5 8.75 11.11 5.82 11.41 11.25 5.09 7.49 7.91 6.12 11.86 5.81 7.15 7.32 5.7 10.11 9.73 15.24 10.85 18.22 8.72 19.83 15.25 6.28
4.99 12.6 17.05 17.13 9.64 4.62 6.01 7.77 5.71 3.36 6.23 12.61 11.19 7.67 2.99 2.08 3.53 3.68 7.78 7.1 3.99 5.1 4.37 5.65 3.5 2.9 2.85 5.39 15.53 26.55 35.26 46.73 17.26 19.53 15.45 16.4 25.72 35.97 36.39 17.36 8.4 5.75 8.9 6.64 15.67 9.93 8.58 9.04 12.15 5.68 5.16 4.3 8.2 6.58 6.68 5.18 6.26 7.9 12.55 17.41 15.37 22.49 12.75 13.61
6.98 4.98 11.96 13.47 7.52 12.24 7.42 2.52 3.7 4.67 11.24 7.17 9.66 8.16 3.84 2.77 5.05 7.54 11.38 4.0 3.73 4.63 2.41 1.92 2.02 4.03 8.38 10.56 8.42 23.33 33.77 33.7 25.22 15.29 12.98 29.93 34.09 35.2 23.17 13.43 12.88 6.57 4.37 4.52 13.42 12.93 10.13 7.46 3.6 2.87 3.2 3.69 5.87 7.03 4.39 4.88 8.3 7.37 6.16 6.61 11.32 16.63 26.44 15.46
5.17 7.09 7.86 10.69 12.87 11.92 7.84 6.01 6.44 5.72 11.6 11.96 6.28 4.1 4.38 3.07 4.12 4.09 5.22 5.82 4.06 2.37 4.36 2.59 2.78 2.51 5.24 7.92 8.21 13.62 14.43 34.6 23.68 21.56 33.7 34.89 20.98 18.75 15.38 15.15 24.22 5.26 4.03 18.93 22.59 14.88 15.02 8.98 6.16 6.7 5.89 10.11 4.84 3.71 6.17 11.35 10.63 4.04 7.18 11.81 11.88 18.57 11.56 16.08
10.62 7.54 4.6 5.77 10.55 9.49 5.69 4.91 7.17 9.59 8.07 10.06 13.28 2.96 3.39 3.49 4.67 5.17 4.87 4.77 4.04 2.29 5.71 3.2 2.23 9.15 6.85 6.93 4.2 6.77 11.38 23.85 17.79 41.52 30.89 31.0 31.54 25.26 18.98 13.08 10.79 5.03 6.04 10.53 15.68 11.61 10.72 10.69 6.0 3.83 5.67 9.06 5.57 3.72 7.43 8.96 10.7 7.75 8.17 7.35 3.65 6.25 11.24 21.72
5.33 6.97 8.55 7.57 7.12 6.07 7.05 7.29 6.53 8.32 7.41 10.73 7.09 6.58 8.72 4.2 5.04 4.93 9.97 4.86 4.79 2.32 2.66 2.49 4.49 4.77 10.98 4.83 4.76 7.06 15.68 17.92 18.77 32.13 16.4 14.21 17.6 15.0 10.8 14.41 8.95 8.84 5.8 6.15 5.1 4.57 15.52 8.15 6.42 7.43 4.22 4.37 8.35 10.91 12.03 13.95 13.35 10.57 8.04 6.48 3.18 7.46 13.29 19.68
