5.3 9.63 3.84 4.87 7.02 3.3 4.92 3.38 3.7 10.88 7.69 6.68 5.07 13.89 10.77 8.4 8.58 10.4 3.94 3.58 2.68 6.57 3.76 5.46 10.0 5.14 14.46 11.76 13.08 8.93 18.7 19.98 5.01 8.19 5.66 5.27 3.46 3.56 4.22 4.31 6.61 8.64 8.9 6.0 6.94 5.36 10.11 9.42 26.42 14.08 12.51 21.26 7.18 6.31 11.18 11.11 21.13 15.22 6.6 4.98 4.71 7.9 4.57 4.51
8.64 4.35 5.31 5.63 2.44 7.54 3.23 5.09 4.62 9.97 4.69 8.33 12.7 14.07 9.99 5.75 5.65 6.7 4.14 5.35 2.9 4.2 3.79 8.27 9.02 6.45 13.41 13.71 14.26 16.53 24.4 10.58 7.64 12.68 9.74 10.86 10.06 3.93 3.79 6.65 10.0 4.93 9.86 4.83 4.84 3.63 6.38 6.81 18.55 10.44 21.73 19.09 7.83 12.84 9.33 5.48 6.87 8.54 8.58 4.47 11.3 6.61 4.32 8.12
6.76 4.29 5.3 2.61 4.69 5.56 5.18 5.46 5.28 9.82 6.12 8.45 14.4 20.95 12.12 14.29 8.17 7.59 5.21 5.82 5.38 7.82 9.97 13.52 12.53 5.84 13.3 22.28 14.04 15.15 16.73 10.73 7.81 7.85 5.24 4.62 10.07 6.76 4.07 7.99 7.39 7.42 6.91 1.57 5.93 3.6 3.28 4.36 9.76 8.02 11.75 4.96 7.02 15.99 11.33 6.26 8.09 4.21 7.57 4.9 5.22 8.21 11.86 11.41
6.09 7.35 7.41 2.41 6.69 6.67 3.84 9.23 5.36 7.33 7.73 7.65 7.99 7.14 12.28 9.65 5.19 5.2 9.51 6.84 7.37 6.68 5.43 10.95 7.06 6.33 8.27 8.91 9.26 13.44 4.91 7.21 6.8 8.27 2.93 5.99 4.79 3.43 3.42 6.53 8.49 4.45 3.37 2.61 2.99 2.52 5.36 5.42 4.93 6.44 5.14 4.06 6.71 10.73 12.6 5.81 8.55 3.89 9.73 8.72 13.58 14.53 17.52 9.48
6.39 7.01 8.32 4.8 3.91 5.54 6.17 5.63 6.47 4.21 4.15 6.49 9.23 4.29 10.43 6.24 7.43 11.17 7.15 11.1 11.2 8.41 10.81 9.52 7.53 4.29 6.66 8.86 12.17 12.58 9.07 9.79 8.06 10.2 6.94 4.64 3.28 3.84 5.25 7.94 8.31 4.78 3.34 3.39 2.65 4.08 6.97 10.75 7.58 8.68 4.79 5.17 6.1 6.24 6.06 3.06 8.02 6.19 11.63 5.08 10.64 19.06 23.51 31.68
10.54 7.29 10.04 7.73 4.59 7.85 3.48 6.68 4.82 6.03 5.4 9.4 9.17 6.82 13.98 7.99 8.32 12.25 11.51 26.57 15.68 23.21 15.66 11.61 8.01 5.41 6.83 16.7 24.52 10.46 15.8 12.43 5.51 7.36 3.55 5.94 6.41 5.52 4.73 6.06 3.75 3.57 7.37 5.09 2.16 4.59 4.09 5.44 3.25 5.74 3.75 4.27 5.04 9.87 9.25 7.41 7.72 6.31 9.27 13.71 9.53 14.37 29.33 29.62
5.27 13.07 13.31 7.52 5.75 6.09 5.26 4.39 7.32 5.07 4.7 5.71 3.18 8.06 5.53 8.56 6.45 5.58 14.66 31.95 9.23 16.55 18.66 9.15 6.57 3.96 6.93 15.85 8.4 7.66 5.36 6.32 8.82 4.98 3.98 1.36 4.02 2.89 5.17 3.67 4.82 7.28 5.64 5.47 2.9 2.34 6.67 5.1 4.33 6.7 2.94 3.89 6.17 8.86 17.98 4.33 7.25 9.92 10.06 21.84 8.32 10.64 16.11 21.5
7.9 13.48 18.61 9.85 9.17 4.25 5.42 3.47 4.45 5.47 5.75 5.48 6.53 6.19 6.11 7.36 5.65 11.83 9.73 23.03 10.83 13.62 15.13 14.72 11.8 4.18 3.9 11.57 20.87 21.82 11.13 15.25 8.87 5.63 2.41 2.14 2.95 4.69 6.38 2.97 4.63 6.27 5.34 5.7 2.0 2.89 4.62 5.72 7.7 4.92 3.8 5.49 7.05 8.66 11.19 4.75 7.64 8.47 10.67 14.51 7.53 16.47 19.22 30.61
6.83 19.22 26.78 13.01 11.85 3.63 5.75 5.39 8.66 7.74 3.64 5.73 6.74 4.46 7.27 7.5 9.25 14.15 15.44 32.69 14.11 7.76 12.76 8.09 12.83 8.24 5.31 10.35 11.51 17.66 9.4 7.8 7.6 11.82 3.73 1.21 2.77 4.84 6.07 4.38 2.53 4.24 11.82 6.05 1.76 2.94 2.73 4.19 4.13 2.22 4.34 5.34 7.92 5.36 9.09 3.2 4.77 7.26 12.54 15.93 11.79 12.72 15.81 14.75
8.88 7.62 18.43 15.08 15.21 9.88 14.05 10.72 8.56 5.11 5.21 4.52 5.47 5.89 4.96 4.11 9.58 8.72 11.42 12.31 15.98 6.99 6.34 6.06 15.94 15.57 7.95 22.46 11.9 8.42 11.42 10.65 13.77 8.69 5.69 3.31 2.98 5.35 5.31 8.44 2.69 5.65 12.24 4.09 2.25 3.22 2.88 8.12 8.44 3.54 3.94 5.35 8.49 5.34 8.68 6.28 3.64 4.14 6.38 11.66 12.56 10.92 19.6 14.94
9.28 9.03 11.53 9.94 19.08 5.13 5.72 7.31 4.6 6.54 4.74 7.8 8.22 4.27 4.71 5.29 5.84 9.06 14.87 6.64 7.46 3.11 6.58 8.03 11.28 9.6 12.46 30.14 15.36 17.19 15.61 11.91 17.46 8.44 7.65 6.1 8.87 4.23 7.8 10.28 2.75 8.05 10.66 4.14 3.65 3.09 2.87 3.36 7.55 9.4 7.54 2.63 2.94 3.71 4.03 5.53 2.36 3.93 4.46 9.0 9.16 20.33 24.57 19.09
17.63 16.72 12.03 8.12 5.71 7.27 4.08 5.63 2.89 4.34 2.57 6.74 11.34 5.69 8.33 8.61 7.59 13.5 6.54 4.83 4.99 2.95 5.63 6.9 8.31 11.95 14.74 24.32 23.5 12.19 18.44 9.39 19.19 19.79 8.62 5.64 5.49 6.07 10.56 5.3 4.47 7.19 10.03 2.94 3.35 3.11 2.47 8.53 8.88 7.13 5.46 5.81 4.58 6.91 3.98 6.58 4.14 5.05 11.81 8.78 10.71 19.04 15.72 18.24
15.17 9.7 13.96 14.28 7.95 6.47 2.82 7.77 3.74 3.55 3.41 4.41 5.51 4.11 18.28 5.81 6.55 7.78 3.15 6.04 4.18 4.74 5.67 4.92 9.67 9.51 17.81 21.18 15.43 13.42 12.08 7.82 18.05 13.92 21.6 16.25 9.05 23.74 9.6 7.22 4.63 4.78 15.7 6.15 5.64 2.67 4.31 11.17 8.33 10.86 8.5 9.08 11.88 7.92 8.22 3.98 4.29 6.81 6.6 14.98 23.03 38.45 21.7 16.53
10.71 14.85 17.28 9.69 5.31 5.56 2.81 4.28 5.33 4.14 3.96 4.78 7.39 9.19 7.02 5.3 8.98 6.96 4.12 10.82 3.09 4.09 6.18 10.52 12.36 9.97 14.47 17.78 6.19 13.18 7.2 9.44 15.05 15.21 5.88 7.17 10.32 14.95 11.97 7.7 5.21 4.7 5.87 5.36 6.59 1.92 3.35 8.67 6.1 8.55 5.66 7.03 6.24 9.22 6.86 2.61 3.53 5.15 8.01 10.05 20.58 20.35 12.74 9.29
13.31 10.65 6.36 10.59 6.08 8.54 4.56 5.0 7.76 4.22 9.03 10.06 11.1 12.14 5.88 5.15 4.08 4.05 7.23 5.73 6.09 5.28 5.26 7.2 8.01 9.89 18.46 8.57 10.28 3.68 6.62 13.84 14.29 10.61 8.31 5.61 2.75 5.95 16.62 10.73 6.0 2.97 2.35 2.43 3.11 8.61 4.66 12.27 4.8 3.07 4.12 4.89 10.71 7.7 6.98 1.52 5.57 3.79 8.27 14.82 14.78 17.36 12.39 7.2
9.55 14.93 8.48 9.97 5.05 9.52 4.07 7.75 12.38 8.61 16.91 6.92 10.72 17.96 9.57 10.04 4.36 9.98 4.75 9.85 8.1 4.97 12.31 4.43 7.84 9.08 11.08 8.37 6.74 7.79 7.96 10.77 9.69 9.31 13.69 9.82 3.2 8.94 9.12 4.65 8.56 3.61 8.27 9.86 5.65 5.14 5.56 13.0 7.32 7.08 4.89 4.93 6.62 5.38 4.18 2.16 2.82 3.71 7.48 13.15 14.87 20.17 6.76 6.92
6.95 9.35 9.91 10.48 6.38 8.44 5.93 10.95 11.4 11.78 20.0 11.85 7.32 16.83 13.05 9.41 8.08 3.64 2.81 16.39 7.52 16.56 18.11 4.46 6.89 7.97 9.28 10.39 14.87 8.12 14.87 7.95 11.86 6.85 17.14 6.52 4.99 6.17 20.64 5.12 5.07 4.72 11.41 7.42 7.43 7.9 6.88 10.46 6.25 7.27 7.66 5.27 8.49 6.69 5.12 3.62 4.09 4.05 4.83 6.68 10.9 15.74 8.87 9.03
11.58 17.05 7.49 6.51 11.09 8.7 12.92 10.93 13.58 8.72 11.33 12.77 10.45 19.27 12.96 14.76 6.11 11.35 14.8 12.35 13.32 25.13 19.38 3.13 4.95 7.56 7.27 8.69 11.18 16.17 11.84 11.89 11.15 9.58 13.52 6.05 5.36 7.85 9.32 14.09 5.42 3.11 6.69 6.47 10.36 15.74 6.67 7.1 8.18 5.76 9.29 3.67 8.98 8.44 8.07 6.57 3.73 7.12 4.36 5.72 7.51 8.85 11.4 5.94
17.01 8.27 5.75 4.79 5.65 4.91 8.98 6.14 14.97 10.02 9.91 4.24 5.83 10.33 6.44 7.78 12.06 10.85 10.58 11.21 12.68 24.26 18.03 9.01 7.01 5.51 4.02 13.92 7.79 15.74 17.86 14.65 4.66 4.59 4.54 4.64 4.63 5.52 8.55 9.86 11.17 6.22 4.85 5.31 13.33 11.22 8.78 5.96 5.56 11.62 6.44 4.75 9.51 3.16 7.37 6.27 5.07 11.48 7.71 4.12 8.82 8.46 8.43 8.93
7.08 2.79 3.97 4.66 6.43 3.85 4.63 9.16 7.6 10.78 14.53 3.32 5.09 3.5 3.02 4.7 4.06 12.63 9.15 14.77 14.81 14.69 11.98 5.98 7.8 7.85 2.73 6.94 11.2 16.16 20.55 10.49 4.0 3.6 2.43 3.09 2.26 4.65 7.4 7.78 6.38 6.84 8.13 7.97 14.81 21.98 7.27 7.92 5.65 16.05 16.46 8.02 5.31 2.78 4.02 7.64 8.01 10.55 4.55 8.62 10.0 6.5 7.21 7.15
5.41 4.37 2.78 5.72 6.3 5.25 8.17 5.95 4.76 9.98 8.88 6.01 5.07 2.35 2.62 3.48 10.46 13.08 16.14 9.61 20.4 8.99 8.62 9.78 4.47 4.21 5.41 9.47 9.03 13.35 26.16 11.36 4.57 4.53 3.27 1.96 2.21 5.48 3.72 4.5 3.79 5.41 7.55 10.09 16.26 13.46 6.21 13.79 8.89 18.25 26.83 12.15 2.98 2.38 3.98 7.92 11.78 11.45 5.06 5.6 4.34 6.28 9.23 8.63
4.28 3.72 3.49 6.19 2.52 4.15 6.91 6.48 5.44 6.86 6.46 4.01 2.36 2.97 3.09 4.85 6.95 9.38 15.24 14.24 21.36 10.13 7.13 4.31 1.86 3.03 5.0 7.64 5.08 6.24 10.96 6.49 5.13 2.46 2.92 2.42 2.49 1.49 1.99 2.42 4.17 4.23 3.58 6.79 7.08 9.09 8.49 9.63 7.29 11.26 16.24 4.45 4.04 3.33 2.42 6.61 4.62 8.71 3.34 2.92 5.17 6.01 4.65 9.13
5.36 4.92 4.8 5.94 4.69 5.6 5.17 6.95 11.39 3.34 3.61 3.93 5.58 3.35 2.87 4.65 8.4 8.42 12.01 15.58 20.94 11.24 10.48 4.57 2.31 4.11 8.3 4.48 9.7 6.43 7.82 5.25 3.52 3.08 3.03 1.94 3.74 1.09 1.69 2.95 4.96 5.81 5.48 5.16 6.6 7.57 9.84 8.13 9.29 13.94 9.51 5.16 12.28 11.15 6.84 4.65 9.18 12.8 6.53 3.47 2.08 2.54 2.18 2.85
7.99 5.11 7.77 9.53 11.06 19.37 8.73 6.83 7.67 4.1 7.37 5.04 4.86 4.74 3.98 4.87 13.75 16.6 15.71 19.45 23.74 19.28 9.17 4.37 2.77 4.47 3.65 4.86 9.4 6.0 7.59 6.4 4.46 4.86 3.46 6.3 4.06 5.46 3.01 2.92 3.78 3.83 5.59 5.08 10.38 15.77 9.32 5.75 8.09 6.76 10.11 7.2 8.96 5.34 7.69 4.84 14.14 11.89 7.05 4.55 2.2 1.73 3.67 3.41
7.9 8.52 7.89 9.92 11.75 16.8 8.75 5.58 11.32 5.0 9.0 4.34 5.19 4.93 4.92 8.23 11.01 5.52 16.72 18.28 27.38 13.42 11.01 4.97 4.04 4.05 4.55 10.9 12.09 6.49 5.37 4.38 9.49 9.92 5.53 4.25 3.12 3.45 4.84 7.76 6.98 4.63 3.97 6.34 8.48 19.97 19.32 7.81 7.43 5.1 15.95 6.69 10.68 13.09 5.98 8.48 10.69 9.98 8.76 6.1 5.33 2.91 3.91 2.28
7.63 6.67 19.5 10.98 7.2 13.45 10.56 9.68 8.63 6.33 6.0 6.41 4.58 9.42 2.79 5.17 5.3 3.42 6.37 11.48 20.27 14.2 20.26 8.42 6.81 3.05 4.0 9.19 10.2 8.78 13.26 6.34 7.91 9.67 7.15 11.33 7.13 6.31 6.16 10.11 10.69 12.87 6.27 6.6 5.67 10.33 6.54 16.8 7.03 15.2 6.45 6.36 14.62 14.21 5.73 23.98 8.56 14.45 11.58 9.79 5.08 4.86 9.64 5.52
7.32 13.56 14.5 13.35 6.84 13.17 4.8 9.4 8.02 7.03 5.47 5.46 4.59 5.18 4.61 8.52 5.81 4.49 8.36 4.32 8.44 8.91 10.93 4.03 3.88 2.97 4.58 4.99 13.33 13.59 6.7 8.96 11.27 8.8 13.21 13.05 7.01 4.83 4.47 4.33 6.47 7.19 11.0 10.62 4.54 8.25 7.64 6.11 5.54 10.81 6.04 11.33 8.02 8.85 8.08 4.92 9.2 24.66 15.63 11.89 3.29 5.06 6.06 8.35
6.42 14.46 11.55 8.24 7.73 8.12 11.15 11.57 5.12 6.04 4.71 5.7 6.23 5.79 6.0 6.42 3.81 3.76 4.62 6.05 6.14 5.51 4.1 2.78 2.97 4.95 3.63 6.43 8.19 4.37 8.92 5.5 10.95 21.29 10.89 9.95 9.6 8.96 5.38 2.77 6.46 4.7 10.39 5.5 4.51 6.84 6.28 5.0 4.25 5.62 5.6 15.05 15.18 17.36 4.55 8.09 7.29 20.27 14.08 10.99 4.95 12.74 9.07 13.91
15.07 17.28 19.98 26.47 12.37 7.87 10.23 7.77 5.23 8.45 5.57 6.71 4.61 7.24 5.56 4.29 6.48 5.92 9.2 6.79 3.62 3.67 4.83 3.65 6.0 4.85 2.25 5.08 8.07 8.34 11.2 6.14 7.87 11.74 11.64 12.2 20.6 6.29 9.46 3.88 5.01 9.99 9.87 4.78 7.25 7.68 4.91 3.04 3.54 5.01 7.14 6.97 16.58 11.77 6.4 7.86 7.95 10.69 12.4 4.75 4.76 7.52 11.37 7.24
8.21 21.14 12.06 16.11 7.44 8.6 10.06 6.69 16.42 7.77 5.02 4.84 6.47 4.49 4.65 5.67 3.31 8.23 7.17 2.92 4.12 1.94 3.3 5.25 5.0 5.54 5.45 3.75 4.36 7.7 7.07 8.12 13.19 9.67 7.05 8.86 10.37 8.6 12.72 6.46 7.11 4.28 6.48 3.6 6.28 3.47 2.85 2.92 5.21 4.38 4.31 7.08 13.87 8.5 12.5 6.52 7.38 6.84 9.03 6.64 5.84 6.91 2.84 15.26
16.54 6.77 11.11 10.42 8.63 18.27 8.37 9.75 16.1 3.66 9.52 6.6 6.19 4.17 4.19 4.05 3.4 10.79 6.76 5.87 11.58 2.81 2.98 3.94 5.42 5.49 6.52 5.54 5.81 4.55 12.32 10.32 7.21 14.35 10.69 20.53 13.3 5.31 22.04 8.74 9.93 7.14 12.6 7.51 5.65 5.62 3.83 5.43 7.73 6.93 4.26 8.81 18.65 15.28 15.28 9.27 4.2 5.05 9.93 11.77 14.33 8.17 5.59 8.66
9.0 27.2 12.51 9.89 9.3 10.55 5.52 11.95 15.01 7.88 6.91 8.99 2.86 5.41 3.94 5.3 3.65 5.97 6.02 8.19 8.95 4.37 8.76 6.4 5.15 10.4 7.49 6.71 13.96 9.98 15.44 11.79 10.29 20.12 9.55 13.43 13.42 9.7 15.66 15.21 14.92 15.43 14.71 9.96 4.75 7.4 2.6 7.94 8.6 6.15 10.75 6.22 15.32 22.06 19.74 15.74 5.61 7.96 13.2 8.68 6.87 6.89 4.71 8.15
6.48 15.9 9.74 4.37 10.35 9.42 12.81 11.32 11.71 8.47 11.49 6.62 2.38 8.04 3.72 4.08 3.19 4.0 4.27 6.27 16.61 5.45 4.62 4.6 4.13 4.54 3.71 9.67 6.5 14.81 21.24 18.8 11.03 13.2 12.59 12.12 8.24 9.9 14.89 12.68 15.36 16.64 9.06 5.84 4.7 4.95 11.32 10.08 8.46 3.73 6.03 5.85 18.89 20.17 22.46 15.48 4.55 13.99 13.88 9.85 6.88 5.96 2.87 3.82
11.92 11.94 10.77 5.26 7.17 3.79 5.84 7.4 8.41 6.62 4.25 3.05 2.26 6.63 2.19 5.18 3.38 4.55 4.11 6.81 9.29 7.08 3.56 3.57 4.66 5.22 2.97 6.54 4.27 27.66 12.76 10.0 5.89 11.21 9.71 11.9 10.29 7.83 8.82 18.56 19.36 19.69 11.82 11.99 7.25 5.71 5.0 6.08 12.01 9.44 8.65 13.19 20.97 23.96 46.6 10.61 17.99 23.4 8.73 13.84 8.19 6.22 1.94 3.12
5.27 5.82 8.86 8.62 6.47 5.98 5.65 4.36 11.29 6.23 2.33 2.89 4.05 3.97 2.47 3.82 7.83 3.74 5.21 6.85 18.74 6.39 4.34 4.16 3.47 3.82 2.34 3.82 11.71 11.64 17.73 6.31 5.21 13.93 6.11 16.61 9.42 11.59 11.38 25.26 18.41 11.35 11.5 7.87 11.56 9.12 5.49 8.38 14.59 4.92 14.91 12.02 15.07 26.2 29.86 27.64 25.72 10.53 14.32 13.05 7.23 3.13 4.28 2.56
7.55 4.81 7.49 6.82 12.88 6.9 5.54 8.97 7.94 7.18 5.83 5.34 5.17 3.49 3.93 1.89 5.12 6.29 12.92 14.07 22.49 6.7 6.81 2.86 10.15 6.01 4.37 11.25 7.05 12.09 7.3 4.01 7.91 3.91 6.02 19.1 6.82 14.91 23.8 27.79 16.13 18.49 8.17 12.5 12.9 13.35 7.89 8.42 8.72 6.88 9.94 10.64 11.86 22.8 12.03 36.42 17.53 10.45 13.41 11.92 8.66 2.77 2.68 2.86
8.79 5.38 4.44 5.84 8.66 4.84 6.71 7.76 11.6 8.59 5.47 5.23 4.09 4.5 3.76 3.5 5.78 2.12 9.53 10.15 12.72 11.39 13.16 8.69 7.33 4.21 10.83 8.68 5.99 7.19 8.46 8.74 14.03 3.81 6.17 15.9 15.56 16.54 20.01 17.67 16.53 10.39 6.61 10.14 8.8 6.69 8.02 6.49 11.13 10.42 11.56 14.63 4.62 9.3 5.44 10.34 10.53 6.91 7.8 4.46 8.64 4.59 5.39 8.47
11.48 6.69 5.9 14.9 3.97 4.24 5.34 5.27 6.97 3.51 3.64 7.69 4.41 11.76 11.74 4.92 4.13 4.22 9.51 10.52 19.14 15.42 9.51 5.17 5.92 8.59 13.56 8.83 11.22 8.39 13.3 13.16 9.47 8.0 7.07 11.15 9.93 8.33 8.49 7.38 7.43 7.76 14.85 11.81 12.59 31.5 9.03 10.56 6.7 12.64 13.82 10.9 8.76 5.56 4.71 9.09 7.47 5.9 4.6 9.34 12.78 10.89 6.14 8.06
19.07 11.21 9.81 7.71 5.48 12.26 8.26 10.35 9.06 4.27 5.1 7.4 10.05 8.52 4.42 4.55 6.32 10.31 10.08 6.72 11.12 11.31 7.25 17.04 6.54 12.13 10.93 6.79 6.72 8.45 13.13 10.19 8.86 13.43 10.63 21.34 10.92 7.11 7.26 4.91 5.03 6.6 11.4 16.06 28.35 18.71 15.16 12.4 14.89 9.39 15.2 24.46 6.95 9.41 5.83 6.99 9.3 5.98 8.8 5.68 11.67 14.14 7.24 11.36
12.32 12.63 21.67 8.55 8.69 11.47 5.14 6.35 4.5 6.03 3.98 3.01 3.82 6.74 9.13 7.06 6.46 13.84 5.11 7.56 9.48 8.8 6.99 8.71 4.33 4.65 5.8 10.5 3.36 6.45 18.51 11.11 10.26 9.43 9.43 10.25 11.22 7.3 7.1 4.31 2.4 6.9 3.87 18.74 38.35 31.28 13.81 11.01 9.17 8.99 12.95 9.87 11.33 10.23 6.89 11.09 5.79 5.27 3.29 4.01 13.17 11.77 7.82 10.17
16.27 24.03 8.22 9.65 8.4 7.04 8.94 4.76 10.37 5.19 3.32 4.19 3.62 5.3 8.95 5.75 8.83 15.58 8.78 5.79 13.89 4.63 10.89 6.43 4.93 5.28 5.93 6.11 6.98 5.31 6.72 7.36 4.76 5.32 6.74 8.6 5.0 5.94 2.91 6.66 3.59 4.69 8.35 15.61 15.18 12.01 11.82 21.66 12.34 12.67 9.56 6.31 8.85 13.86 14.62 11.12 8.73 5.0 11.85 11.68 18.74 12.34 7.06 7.29
10.78 19.8 8.79 8.85 7.36 12.29 14.63 9.91 11.61 6.32 6.72 4.07 2.61 3.11 4.38 5.52 14.33 10.31 7.42 10.66 9.24 6.42 7.62 5.22 2.75 3.88 9.12 5.52 6.16 5.04 5.7 4.07 1.24 2.1 4.09 4.21 4.55 4.4 4.18 4.53 3.48 6.14 9.99 13.83 9.15 10.85 11.22 34.5 11.78 13.86 11.66 4.97 7.12 7.05 8.73 10.14 10.93 11.65 11.0 12.66 7.65 11.26 10.8 8.56
9.86 8.31 11.73 4.31 7.3 7.72 6.37 6.89 8.57 4.01 8.13 7.1 1.7 4.3 3.56 5.01 8.72 6.79 13.24 19.1 9.2 6.9 3.39 1.52 7.27 5.37 10.71 8.38 13.92 4.82 4.29 2.11 2.45 3.28 2.31 3.31 6.29 1.81 7.09 6.45 3.91 8.47 7.05 5.05 6.52 6.31 19.78 11.7 10.36 13.38 10.89 8.61 15.47 21.19 7.79 7.06 6.55 7.75 17.65 16.42 16.26 10.36 7.85 9.89
7.06 12.76 8.41 7.91 16.36 14.21 25.63 11.22 6.93 8.07 3.57 6.44 4.43 5.58 4.3 7.68 12.93 12.04 28.17 24.87 27.85 15.46 7.89 6.13 5.5 6.03 6.57 12.67 7.32 10.85 2.61 3.57 5.81 3.86 3.49 1.38 2.93 3.66 5.98 8.69 6.81 8.17 5.1 4.66 5.92 13.31 19.93 18.87 26.79 15.83 11.89 8.48 10.97 11.63 9.72 5.59 7.99 13.39 21.41 19.52 8.02 25.42 9.44 10.12
11.31 12.12 11.07 10.02 16.81 11.97 15.96 9.54 12.84 6.73 6.68 5.37 4.73 9.74 3.05 6.89 12.04 13.9 17.11 16.11 19.66 17.39 10.53 11.02 9.19 4.47 7.57 17.4 14.17 7.64 2.04 2.63 3.45 3.34 2.68 2.12 4.76 4.22 7.29 5.04 5.76 4.45 2.92 4.69 4.26 4.75 6.19 5.6 12.86 22.21 21.36 9.2 14.65 13.34 12.06 9.13 14.46 8.6 12.28 9.8 6.06 10.93 7.59 10.06
5.92 4.68 12.82 8.02 7.55 11.07 11.12 21.96 7.99 3.49 3.69 8.73 6.03 5.58 5.13 9.77 19.34 6.67 16.11 24.88 15.4 10.05 8.22 11.54 9.96 7.14 9.62 17.37 8.74 4.8 1.68 3.03 5.96 7.67 2.45 2.76 4.33 3.9 5.14 6.9 3.59 4.46 2.39 3.35 1.88 3.47 2.53 6.72 7.6 10.74 8.74 8.82 14.52 12.29 8.31 10.58 7.97 7.53 9.05 13.04 8.62 6.78 20.71 17.04
6.33 6.44 16.96 11.52 10.61 12.36 24.66 21.49 5.53 3.76 4.49 7.99 14.87 7.22 14.03 22.06 12.88 11.99 12.83 16.94 29.58 15.67 6.75 16.82 15.48 10.3 7.93 15.13 7.32 5.1 3.93 5.56 5.55 2.73 3.05 3.4 5.38 5.83 7.88 8.97 3.77 3.81 2.05 3.95 2.8 4.06 5.52 5.0 14.42 9.48 7.62 12.36 13.21 17.6 14.13 13.44 9.61 5.75 13.75 8.35 7.59 12.34 25.36 20.53
7.58 9.52 10.41 10.87 9.8 8.93 23.25 21.91 13.17 5.36 4.82 12.4 4.61 5.92 10.14 14.95 6.48 5.62 9.71 6.98 8.18 7.57 10.83 14.19 11.08 12.22 6.9 12.88 4.09 3.43 4.44 5.63 7.18 3.98 5.32 4.74 8.29 6.95 8.96 10.63 3.13 1.96 1.21 2.82 2.39 2.46 4.09 2.9 6.83 10.28 8.55 9.64 9.4 11.61 4.85 3.24 3.66 3.87 6.89 5.23 5.29 8.25 14.78 11.53
4.97 3.99 12.33 6.6 4.54 12.21 18.46 7.28 6.07 4.77 5.36 9.48 8.96 9.59 12.39 8.1 12.31 7.55 6.32 9.45 3.97 5.48 7.59 14.53 20.1 20.82 13.3 9.25 6.66 6.54 10.13 9.14 4.89 6.78 6.16 5.48 9.02 5.15 8.39 4.57 2.75 2.51 3.06 3.09 4.98 4.03 2.71 3.13 3.08 4.29 4.58 4.64 6.06 4.16 5.46 2.54 2.9 2.3 5.03 5.23 3.78 9.06 11.93 11.04
2.92 7.48 22.02 8.54 7.73 8.03 8.86 9.33 12.02 8.37 7.39 13.37 11.88 6.93 16.86 11.8 10.76 8.22 10.3 8.49 4.37 9.05 6.76 12.79 24.05 21.69 11.59 10.58 9.41 11.7 9.87 9.91 7.29 13.08 14.74 11.59 11.63 7.27 6.45 3.97 0.66 1.92 2.67 5.77 7.04 3.02 5.53 2.93 4.61 10.04 4.86 3.76 3.48 4.01 4.0 2.09 1.82 1.05 5.55 4.61 8.79 6.65 7.89 16.1
7.93 16.03 29.86 6.43 8.69 10.13 8.81 8.11 3.89 4.09 12.38 7.64 12.96 5.6 18.5 16.49 18.84 7.9 11.8 6.56 8.14 7.27 7.68 8.58 10.1 10.96 12.55 14.28 13.74 14.3 12.82 9.64 9.7 19.59 18.9 13.09 7.16 5.94 5.24 5.74 1.22 2.44 2.55 4.16 4.5 4.42 6.79 8.56 7.39 4.18 2.53 4.25 4.95 3.65 4.29 1.89 0.96 0.62 3.04 4.79 6.72 5.58 6.35 7.98
4.53 9.9 9.55 10.8 8.76 5.39 7.35 5.69 4.54 5.21 9.45 11.45 6.43 7.23 14.1 8.32 10.87 6.6 6.38 5.2 8.18 10.96 6.34 8.71 11.76 13.31 14.01 19.26 16.61 16.09 13.19 6.59 5.6 14.35 18.41 12.83 5.19 3.43 4.51 8.65 1.56 3.21 2.0 3.25 4.94 4.79 2.55 4.77 2.68 5.95 4.58 7.65 6.74 3.62 3.7 2.53 1.72 2.12 2.76 2.61 6.52 12.71 11.57 11.38
3.7 7.46 9.47 10.23 6.16 6.96 4.0 5.69 7.06 8.1 8.39 5.47 8.88 7.82 10.37 10.74 7.14 12.45 10.16 6.54 8.34 11.4 7.6 11.34 16.28 11.8 25.84 9.09 15.03 10.85 17.22 5.87 4.9 12.28 8.69 6.71 4.61 4.09 7.89 6.75 5.36 3.11 3.27 3.74 3.99 4.62 5.62 5.73 3.05 10.4 11.96 10.27 4.52 3.69 4.84 2.89 2.31 4.08 8.45 5.28 4.48 13.14 6.44 16.84
6.28 7.71 8.48 7.41 6.32 7.13 4.66 7.41 3.77 13.3 17.77 6.06 10.72 10.05 9.48 10.34 6.06 9.09 6.45 8.42 7.62 10.9 5.98 12.9 19.41 18.51 32.06 22.73 15.4 18.98 9.29 5.91 3.78 7.71 8.11 2.0 2.77 5.28 12.26 15.19 6.09 4.86 2.23 2.53 3.13 6.62 14.02 5.03 7.05 14.29 10.07 17.67 7.36 11.51 4.85 3.06 2.44 2.85 5.71 7.56 9.4 9.91 6.21 14.38
5.84 8.06 8.94 4.21 6.08 8.09 6.51 6.17 13.71 11.67 7.63 9.54 11.33 11.35 16.25 20.96 7.72 9.62 4.87 4.3 6.77 7.5 11.93 8.77 10.46 16.28 8.68 12.35 16.11 10.49 13.42 4.15 6.9 7.34 3.0 2.5 3.45 4.4 10.21 11.77 7.57 3.09 2.88 4.65 3.64 4.34 5.92 7.14 16.78 13.77 13.8 7.57 7.33 5.85 3.13 3.31 5.07 5.03 6.88 7.0 8.88 8.37 5.45 9.09
10.35 6.64 10.6 5.68 11.7 5.9 4.56 5.13 8.73 12.36 3.83 5.28 12.13 11.32 23.03 13.87 7.16 5.88 2.92 3.07 8.78 8.1 9.1 6.17 13.48 10.17 6.86 13.6 5.54 8.95 8.6 5.47 5.06 3.75 4.35 4.06 3.14 7.06 12.06 13.34 9.43 5.09 2.81 1.89 2.07 4.77 4.93 12.86 21.39 20.68 14.21 16.34 13.0 4.89 3.45 3.31 7.23 8.59 7.14 8.96 6.69 4.37 4.29 5.81
23.88 11.98 17.34 16.17 16.32 8.43 8.82 9.05 8.32 5.94 5.79 5.83 11.04 14.98 24.45 10.65 9.16 5.38 6.06 7.51 6.74 9.92 4.73 4.3 14.64 9.14 8.34 8.05 5.45 6.58 10.48 9.34 5.72 3.62 6.01 6.93 9.6 9.82 10.56 14.74 12.36 5.44 4.82 4.84 2.45 2.48 5.83 11.73 18.68 14.87 16.75 11.8 6.6 3.33 3.46 3.92 8.28 6.39 5.17 10.95 8.09 4.77 4.65 8.7
19.48 9.28 19.12 19.75 8.51 15.27 7.01 4.08 4.87 6.9 6.2 13.34 9.04 17.64 20.81 18.93 15.03 3.12 4.03 6.05 6.76 7.91 9.79 9.65 6.92 9.93 7.46 9.26 9.76 9.83 23.33 9.19 4.76 2.98 6.01 8.09 14.08 9.78 10.49 15.27 12.21 8.79 7.56 4.77 5.12 2.76 6.29 4.72 6.84 10.99 14.86 11.46 3.11 5.27 5.15 13.24 13.9 11.45 6.83 8.82 7.25 11.16 10.21 5.53
10.51 11.36 11.22 11.77 8.74 14.21 9.32 7.56 4.18 5.75 10.5 17.32 19.35 24.14 15.92 16.84 9.35 8.77 9.29 5.42 12.27 11.99 13.86 16.49 12.47 12.85 5.98 14.41 12.23 13.64 28.36 9.0 8.99 7.24 12.89 9.49 11.25 6.92 15.5 15.22 10.01 11.38 5.45 4.69 4.94 4.28 4.96 5.51 9.9 7.73 10.11 7.4 2.95 2.78 3.97 6.22 7.07 5.78 7.63 8.87 15.08 29.58 6.37 12.41
8.36 11.83 9.42 4.8 4.89 5.75 4.87 5.04 3.13 8.04 6.72 24.88 33.32 24.0 20.75 14.29 24.75 19.71 9.01 8.74 4.32 18.22 8.97 9.84 6.69 7.62 12.14 22.53 7.45 18.15 28.56 13.76 6.24 20.08 7.4 6.8 9.09 6.93 5.89 6.83 9.06 6.99 8.3 6.06 6.02 3.58 5.76 7.57 10.86 6.07 7.37 4.45 6.31 3.83 6.58 5.17 5.34 7.76 5.35 4.14 7.26 11.97 9.86 14.77
5.91 5.13 5.14 5.43 2.48 2.25 2.42 1.59 3.41 11.15 11.17 9.47 14.74 13.87 16.24 12.32 18.16 19.9 9.17 6.21 6.93 8.97 6.41 6.25 5.06 6.9 7.57 16.37 8.13 8.63 8.61 9.07 13.9 13.64 7.26 8.54 12.25 5.05 3.65 4.43 4.3 6.32 5.01 4.39 4.41 7.82 5.54 7.02 6.97 6.4 6.28 3.44 11.54 8.14 10.27 7.53 3.93 2.86 6.8 4.66 13.21 7.64 14.47 14.07
5.86 8.06 6.36 3.53 2.31 4.85 2.86 3.0 4.16 7.6 7.2 15.02 18.79 18.74 35.17 43.28 21.86 19.44 23.95 11.05 8.49 7.35 6.14 9.59 5.57 7.19 6.77 14.04 9.39 7.57 11.32 9.27 16.82 14.71 5.64 6.84 6.13 6.47 3.58 11.36 3.41 10.1 5.9 4.91 5.77 6.74 14.45 12.47 7.44 7.88 12.02 5.66 18.75 15.39 13.34 6.64 4.38 4.08 8.57 5.31 9.2 8.19 12.9 10.24
6.64 11.52 23.99 4.15 4.74 5.49 6.11 6.02 7.38 10.04 9.77 10.17 15.52 23.08 29.67 35.89 23.22 18.9 24.25 12.17 9.83 6.11 4.89 5.93 8.51 5.88 5.32 8.81 6.45 8.35 9.47 3.94 13.72 7.22 8.45 7.78 9.05 4.23 5.52 4.36 6.39 5.59 5.25 5.53 3.04 6.69 8.64 5.15 8.38 6.28 10.17 8.74 28.86 16.93 4.72 4.53 3.1 5.1 2.49 3.65 5.0 4.54 13.16 13.01
3.64 5.01 10.2 7.69 8.07 5.56 5.2 7.64 8.27 9.09 4.72 9.44 8.8 10.88 22.77 26.48 22.56 31.27 15.44 11.47 6.31 7.7 3.88 5.48 7.65 7.22 10.86 4.96 12.01 5.75 5.1 5.65 21.54 14.52 11.58 10.63 4.76 7.18 6.21 5.27 4.21 5.1 6.15 3.36 3.19 7.62 9.37 7.7 5.94 9.02 8.51 8.46 14.57 18.38 5.61 2.93 2.88 3.62 4.11 3.15 3.95 5.97 7.09 9.31
