2.13 5.66 6.32 6.26 3.62 7.91 3.87 4.44 8.49 10.01 10.38 6.99 7.51 7.23 3.6 4.37 10.15 5.37 4.42 4.37 5.14 9.36 7.43 7.33 8.67 12.3 9.11 4.29 2.97 2.68 5.58 5.76 5.38 5.73 4.55 2.77 4.14 6.53 3.59 2.6 3.19 3.33 6.73 8.06 7.56 5.86 5.27 4.59 4.16 8.24 6.46 7.52 12.55 8.42 10.76 10.28 7.53 9.72 13.69 16.37 8.48 2.56 4.06 6.49
2.57 5.45 4.48 6.99 4.9 1.87 2.78 5.93 9.26 7.43 7.8 6.36 6.69 4.6 3.49 9.42 11.21 2.15 2.49 5.25 7.69 12.42 15.4 8.29 6.98 9.04 7.09 5.15 3.42 7.1 4.47 2.82 4.31 8.92 6.97 3.44 4.99 3.91 2.06 2.26 3.85 4.89 8.88 4.88 4.16 6.69 10.06 5.04 9.54 6.32 5.36 5.78 11.23 8.14 10.58 8.44 4.2 5.6 8.95 9.99 8.79 7.08 3.29 4.29
3.35 4.03 6.5 5.06 4.1 2.9 3.28 3.14 9.24 9.43 8.37 6.1 8.16 7.53 7.18 8.7 9.76 9.21 2.76 8.04 9.53 7.9 10.59 6.31 7.87 4.25 6.16 3.41 5.32 4.46 5.49 3.02 6.22 7.65 10.48 6.93 7.96 2.49 1.51 2.49 4.4 5.52 7.72 5.54 4.39 6.28 9.65 7.64 5.93 4.69 8.79 7.12 6.43 6.71 5.82 5.76 2.14 3.88 7.3 6.47 5.92 4.16 3.24 2.85
2.5 2.29 4.08 2.95 1.73 2.45 3.76 1.95 3.59 3.28 6.26 5.15 10.61 14.37 13.31 9.81 7.65 4.65 4.33 9.03 7.45 8.57 10.46 6.19 4.98 4.4 10.12 3.25 5.31 7.1 4.26 3.03 8.32 6.07 9.92 6.57 4.57 5.53 2.53 1.94 2.88 3.06 3.26 6.86 7.35 12.09 6.25 15.38 7.31 7.0 11.52 14.59 13.07 5.93 3.52 3.76 3.08 4.41 10.32 5.7 3.74 3.6 3.45 2.34
2.17 1.4 2.41 1.6 2.16 1.9 5.82 3.63 2.49 3.25 5.44 4.72 21.55 10.53 19.61 14.82 15.15 7.92 6.21 10.04 19.68 11.35 7.29 13.1 6.32 6.56 7.2 4.18 5.15 5.98 5.72 7.89 5.55 12.84 10.0 6.13 2.97 3.6 4.54 4.67 5.64 3.34 4.27 6.09 11.17 16.05 20.22 13.35 11.22 10.09 12.17 22.86 18.4 4.32 2.72 4.28 5.06 5.48 7.55 8.36 7.11 3.16 4.08 6.08
5.05 2.48 1.76 1.35 1.09 2.26 4.86 4.82 3.53 2.23 2.06 4.02 11.69 15.38 26.44 20.06 6.18 6.93 8.11 11.43 30.1 22.69 13.67 16.92 14.29 13.42 5.49 4.65 3.02 10.02 14.29 6.61 8.16 15.92 5.38 3.72 4.19 2.33 4.23 2.17 7.67 6.08 4.48 5.63 17.26 7.95 10.73 8.97 13.16 9.27 6.56 15.52 9.21 4.79 4.33 5.69 5.25 6.14 6.25 6.62 8.26 2.73 2.95 3.59
2.74 1.75 1.86 1.29 1.96 2.83 2.37 2.88 3.47 5.91 3.26 4.67 5.48 15.27 9.06 9.75 7.32 10.79 10.62 6.55 16.06 11.95 13.41 13.23 16.91 9.91 7.06 5.3 2.48 3.67 14.95 14.24 7.27 6.9 8.2 8.37 4.83 5.21 6.69 4.71 7.76 6.57 10.01 11.66 11.12 9.29 8.0 6.08 13.4 10.69 14.79 9.34 4.53 3.13 4.28 12.72 7.4 5.82 8.16 7.21 3.82 3.1 8.18 5.36
3.61 2.48 1.4 3.95 4.45 3.15 4.81 3.43 6.21 7.02 7.61 8.95 14.63 9.45 8.14 9.58 8.06 7.03 8.88 10.25 14.95 12.93 9.26 6.14 13.05 7.53 5.6 4.54 5.95 4.88 12.22 12.3 5.08 4.86 4.93 5.16 11.27 9.84 7.55 7.57 7.58 14.69 15.09 12.96 13.26 8.43 3.9 5.55 19.63 9.34 13.2 7.42 13.56 4.81 4.54 9.05 16.71 9.38 8.72 4.31 4.28 3.37 4.27 7.33
2.63 2.8 4.34 6.45 7.26 4.49 3.23 2.8 6.55 13.12 10.36 12.28 10.12 9.66 12.59 8.62 7.8 5.77 4.5 5.4 15.35 19.63 9.56 8.98 9.95 10.91 4.55 4.88 5.52 6.95 6.31 3.76 4.27 2.51 2.45 2.69 8.85 10.0 10.54 3.46 7.32 11.04 14.17 10.16 7.06 8.84 3.89 6.16 19.02 24.65 6.99 7.94 5.17 5.73 9.47 8.5 8.78 7.14 5.3 4.71 5.52 6.43 5.23 4.62
3.22 1.89 2.95 9.47 8.03 9.54 6.29 5.97 5.24 4.76 12.54 10.41 9.14 7.91 13.05 9.47 6.79 5.13 6.28 6.26 5.72 8.72 7.79 13.43 8.44 5.83 4.93 6.8 5.61 6.25 4.98 3.76 2.39 0.97 2.51 4.64 4.79 10.07 11.13 6.48 9.09 8.42 19.3 7.87 6.5 10.95 3.57 5.59 9.81 22.28 5.1 4.99 5.8 10.62 4.54 5.6 8.23 11.49 10.5 7.6 11.5 7.86 10.25 10.56
5.66 5.49 3.98 6.16 9.96 9.31 4.58 4.35 7.26 6.13 5.99 8.05 11.09 12.1 7.53 5.37 7.3 8.6 10.54 9.57 10.39 6.39 7.71 12.4 13.0 8.4 5.15 11.19 4.54 5.97 4.55 3.72 1.58 0.98 1.29 4.07 7.26 15.92 7.47 4.08 5.94 8.72 18.33 6.55 6.77 8.8 4.05 3.15 6.42 14.95 6.59 1.72 5.79 7.43 4.29 4.12 10.69 16.05 15.58 6.19 17.88 11.71 6.65 10.6
6.52 10.02 5.41 5.53 6.33 10.03 5.16 5.01 4.06 5.81 8.87 12.25 6.92 8.1 19.03 13.09 3.46 8.67 5.37 8.45 7.33 7.87 4.99 5.4 8.03 7.1 6.25 6.79 4.73 3.56 2.58 1.82 2.22 2.63 1.43 1.98 6.04 13.01 10.19 7.85 6.31 11.36 10.86 5.48 8.55 7.58 6.59 3.08 3.54 4.77 9.24 3.45 3.94 3.36 2.41 3.92 7.84 20.12 12.25 15.09 8.75 7.95 9.91 9.33
3.88 8.66 4.37 5.71 4.94 13.16 8.76 6.57 5.23 3.79 6.8 11.77 8.56 14.73 17.12 8.74 3.59 6.67 5.19 5.48 7.62 3.36 3.9 4.48 6.7 6.19 5.22 4.91 3.33 3.24 2.97 2.54 2.74 1.81 2.28 2.34 7.14 9.13 8.58 3.33 3.09 7.59 18.19 14.26 5.76 7.8 7.99 5.19 3.96 5.29 8.32 4.38 2.3 5.53 7.38 7.53 9.4 13.56 16.25 27.0 11.02 9.21 7.02 8.51
5.74 9.08 7.46 5.56 5.58 9.63 11.4 11.47 6.8 9.57 9.67 6.09 13.32 23.9 21.2 12.31 6.87 8.3 8.04 3.09 5.61 8.58 4.04 3.55 5.4 8.99 9.18 7.88 5.67 5.34 3.98 3.38 3.55 2.44 2.81 4.29 4.42 7.77 11.4 6.03 2.11 3.67 11.0 11.82 5.49 6.58 5.24 5.74 4.66 5.6 6.19 2.47 1.35 5.9 8.16 8.23 9.08 20.62 13.14 11.71 28.52 20.66 11.24 7.08
4.93 9.46 8.55 3.61 5.64 7.19 9.49 7.17 10.39 15.56 6.87 8.75 19.85 21.11 8.24 5.16 4.53 6.56 5.51 7.02 7.4 5.85 4.05 3.63 2.12 2.37 6.64 12.94 6.72 10.33 4.11 3.96 3.63 3.27 6.66 6.95 6.18 6.16 7.96 3.28 1.76 6.49 9.33 5.6 3.24 2.82 2.68 3.29 1.71 4.97 2.73 2.84 1.5 2.29 4.7 13.04 8.53 10.93 18.86 14.27 21.35 23.38 17.92 9.85
8.34 8.78 11.51 5.63 3.89 3.82 4.76 6.94 4.71 6.8 13.97 16.23 6.02 12.75 15.42 9.85 3.98 2.94 10.38 12.69 8.01 5.26 7.01 6.66 3.11 4.14 5.32 6.57 7.06 6.74 5.6 5.93 3.6 7.27 7.64 7.28 7.55 6.42 4.55 3.02 1.76 5.53 7.72 5.54 5.3 1.93 2.88 3.27 1.73 4.33 2.73 2.63 2.17 3.59 7.85 16.92 11.42 6.86 9.82 17.69 17.51 12.74 12.73 4.81
10.87 12.96 7.63 9.81 5.86 8.01 7.6 9.46 5.99 6.17 11.68 17.03 16.02 13.54 11.91 7.47 7.15 6.09 8.87 15.95 12.87 6.87 5.64 7.12 4.94 5.64 3.74 8.99 9.62 9.0 5.62 6.5 4.74 6.67 9.2 18.2 13.06 6.55 4.41 3.57 2.95 3.65 7.85 6.57 2.46 1.87 2.23 5.57 2.9 3.3 3.95 2.21 1.71 2.97 7.18 7.97 6.39 6.09 11.64 10.13 9.71 11.2 15.36 5.18
11.32 15.99 8.09 4.92 6.11 5.79 14.48 9.19 2.86 5.48 5.64 12.66 11.57 9.73 10.86 6.22 6.83 9.72 11.52 10.61 12.42 11.53 5.67 5.89 4.66 6.36 3.77 4.67 3.18 6.67 11.36 8.39 6.35 4.02 6.96 6.32 6.77 4.26 6.46 5.77 4.93 2.4 4.44 5.81 3.45 2.18 2.11 4.34 2.99 2.45 1.83 3.93 2.7 4.39 4.72 7.67 7.1 6.41 11.06 18.52 10.07 8.72 17.13 7.46
15.04 13.95 9.33 11.82 8.05 5.29 8.75 8.13 2.46 3.45 5.23 12.52 10.78 9.91 14.53 12.16 7.71 7.43 10.26 16.23 12.7 10.11 11.98 8.04 5.4 4.21 5.52 8.02 4.47 2.88 5.76 8.19 9.66 4.97 7.29 11.26 6.9 4.99 6.84 11.17 11.6 6.96 3.0 3.6 2.54 4.3 4.0 3.17 1.85 1.92 2.16 4.77 4.39 3.67 3.0 6.41 8.68 9.31 22.15 18.61 18.1 9.93 10.86 31.0
15.64 17.18 14.76 12.75 11.12 6.15 4.86 6.84 5.81 5.05 6.86 5.49 5.99 12.22 11.78 10.11 9.57 6.71 11.37 18.61 10.6 7.15 8.9 5.81 9.86 8.95 3.72 6.38 4.36 3.95 9.24 10.07 11.96 5.35 5.28 12.25 8.44 10.19 6.8 13.92 11.82 11.12 4.1 4.99 3.17 5.83 4.32 4.3 2.81 1.72 1.98 3.24 4.71 5.02 8.03 7.1 7.18 9.01 25.18 15.46 13.97 11.86 11.87 21.68
13.05 9.42 14.48 12.79 10.26 4.92 2.49 3.25 5.92 5.47 8.92 6.7 8.63 7.28 9.97 7.75 12.01 9.25 7.87 17.73 6.92 12.92 9.28 9.22 5.41 7.46 4.27 2.9 6.2 6.31 9.89 7.95 6.06 2.54 5.19 6.58 8.67 9.16 6.76 6.48 12.83 15.02 11.8 7.02 3.29 6.65 7.29 10.29 8.03 4.15 2.53 4.22 7.42 6.88 9.61 10.49 16.56 16.57 25.44 10.09 7.21 17.03 9.36 12.86
14.02 7.72 8.88 12.15 9.46 5.99 4.29 8.89 6.68 5.15 9.24 11.56 14.2 9.51 10.89 8.09 5.89 10.04 11.6 13.92 10.8 10.04 6.37 4.72 4.65 13.02 5.78 4.23 7.88 7.91 13.21 12.37 5.65 3.01 3.86 3.78 8.77 6.98 5.96 7.15 19.95 15.03 10.39 10.43 6.3 6.1 5.0 9.54 7.74 5.47 2.86 9.27 14.77 8.82 7.04 8.58 18.15 15.28 17.77 17.77 11.57 8.89 7.2 21.91
18.71 7.42 6.09 7.61 9.39 7.09 5.31 8.53 11.73 14.32 6.95 8.61 9.04 10.21 12.62 12.04 4.8 4.18 14.83 12.12 13.92 18.43 11.81 4.36 3.75 4.38 10.93 8.53 14.21 9.69 6.01 5.75 7.01 4.07 3.35 6.96 5.95 7.32 4.49 7.04 15.68 17.28 7.6 7.66 18.36 9.24 6.24 5.92 3.21 4.83 8.3 8.66 14.37 11.62 9.91 6.57 8.23 24.76 15.42 13.14 9.16 10.29 10.21 6.32
18.33 15.24 9.83 8.44 7.0 7.15 10.84 7.81 9.34 11.09 9.37 6.26 4.7 13.27 8.51 6.03 4.11 6.23 11.4 11.21 10.82 11.67 7.75 3.02 5.83 3.13 9.66 10.45 14.22 16.02 7.08 3.95 3.11 4.16 7.01 12.82 11.9 7.33 8.9 9.77 8.95 12.89 9.08 8.72 7.83 5.56 5.64 3.41 3.44 3.16 6.09 6.26 12.16 15.8 10.94 7.81 6.4 8.0 9.63 9.66 7.53 13.14 14.29 6.2
33.33 18.83 9.89 4.6 7.67 11.57 8.89 10.67 14.69 11.56 5.98 7.17 9.05 10.39 7.02 7.66 5.27 3.42 7.51 16.3 14.01 14.24 7.86 4.67 6.73 2.62 5.53 9.28 13.69 15.52 15.63 8.05 3.57 3.73 10.03 15.38 22.02 13.51 8.11 12.47 7.07 10.63 8.77 9.42 8.47 5.77 6.01 6.72 5.97 2.39 4.8 9.22 13.66 10.49 7.74 9.39 5.89 3.81 2.97 3.61 8.98 6.59 5.43 5.35
28.39 14.24 7.35 6.76 10.53 10.08 9.46 6.03 3.88 6.42 10.53 11.03 13.97 7.19 8.09 7.56 5.13 7.9 10.9 10.31 5.26 10.08 11.99 4.52 4.42 4.28 7.84 4.68 7.11 8.34 13.27 5.44 2.98 4.36 12.64 8.87 14.94 9.0 6.88 9.32 14.57 12.33 11.17 7.36 10.01 12.49 7.12 10.44 7.08 4.65 7.78 9.71 5.76 5.68 10.12 5.59 4.77 5.62 5.26 2.75 3.0 1.9 6.51 7.85
27.08 12.43 6.0 6.15 8.49 11.47 11.65 9.55 3.8 5.33 3.7 7.53 7.35 9.01 13.2 5.0 3.53 3.85 12.62 6.82 5.41 7.65 10.7 7.48 4.4 4.83 6.13 10.83 8.81 5.44 11.78 8.06 4.56 3.22 8.9 9.8 11.92 9.89 7.15 6.37 16.8 10.92 10.12 6.57 7.14 5.46 5.58 11.29 9.38 11.19 7.59 9.19 7.06 9.72 9.59 7.96 3.05 3.9 5.87 5.18 5.04 3.56 6.06 9.16
9.64 10.83 7.9 5.72 5.94 5.19 3.95 8.45 5.78 4.95 5.37 6.79 8.56 5.59 9.3 7.02 7.3 4.22 11.71 9.9 12.6 11.2 10.11 5.57 9.45 6.22 6.8 14.13 14.79 6.2 7.74 10.57 6.96 9.63 7.87 8.89 6.59 10.5 6.01 5.72 14.91 12.75 10.95 9.06 5.08 5.73 8.88 11.13 23.08 23.15 8.35 8.81 8.32 14.04 20.67 14.44 7.77 4.72 3.76 2.34 6.21 7.53 7.67 9.52
13.65 11.84 7.32 4.69 3.48 2.8 2.53 4.07 4.5 3.86 5.53 6.73 8.45 6.04 8.04 9.98 3.97 3.45 7.34 8.45 14.83 4.62 6.97 8.01 4.97 6.14 5.26 8.55 13.61 9.23 8.76 7.21 3.39 5.26 10.7 9.84 9.25 8.63 6.66 3.2 6.59 21.0 9.38 8.47 5.04 4.52 6.8 8.99 25.4 16.87 14.81 10.44 18.16 18.45 23.14 20.67 13.45 2.81 4.74 6.42 8.94 7.36 14.82 11.58
10.6 10.3 8.12 8.05 3.39 2.11 1.62 2.18 3.71 5.13 12.11 17.59 6.43 6.44 9.58 6.15 4.71 10.59 5.4 17.27 10.27 4.82 4.02 4.42 5.22 9.7 9.18 5.47 7.35 5.65 7.14 4.04 4.6 4.17 6.32 15.57 14.74 8.07 5.94 2.48 9.81 13.39 9.54 20.78 12.95 9.88 7.03 10.66 33.44 19.97 13.39 12.91 35.1 30.78 22.78 28.49 12.14 4.19 7.76 7.62 7.32 5.86 11.92 12.55
21.43 11.68 5.22 6.67 3.92 3.58 2.78 4.83 6.7 6.48 8.25 16.95 13.26 8.87 11.06 6.8 5.09 7.53 13.07 14.1 10.82 4.76 2.21 3.9 10.35 4.93 11.96 7.1 3.7 3.41 2.51 3.06 5.24 2.86 5.16 11.66 15.98 8.7 10.34 6.98 7.79 8.92 12.51 20.6 14.96 15.83 12.21 14.41 19.87 11.38 11.08 19.94 49.18 37.35 12.94 10.48 16.83 10.47 12.16 9.26 10.44 7.07 6.76 5.38
20.32 18.04 9.42 5.77 5.75 7.16 9.05 7.33 9.45 7.96 8.83 9.65 11.76 7.68 4.17 3.3 5.18 10.68 14.75 11.88 11.78 5.45 2.16 5.48 10.52 7.14 7.79 2.61 2.4 2.21 3.24 3.62 4.47 3.78 2.69 4.69 8.81 13.95 9.98 11.02 7.13 14.04 19.67 7.8 17.19 11.55 7.4 11.19 9.76 8.19 8.77 18.88 36.57 35.58 12.36 14.4 24.45 10.38 7.48 10.9 11.67 6.31 7.18 11.2
13.31 13.6 5.77 5.86 9.76 9.55 7.57 6.2 13.17 7.13 12.79 8.2 9.81 8.55 5.44 6.2 5.65 11.3 18.46 16.04 8.62 9.65 7.97 7.91 10.22 8.52 3.24 2.66 1.73 1.41 2.75 3.18 3.68 5.22 6.22 6.04 5.33 9.86 13.61 14.94 10.84 14.4 16.1 14.37 18.54 24.15 11.64 11.3 6.71 6.88 9.0 14.25 22.18 21.84 10.46 9.02 12.96 12.96 5.8 9.1 7.39 4.16 9.17 14.29
10.18 7.82 5.07 10.85 16.37 12.83 10.24 6.93 8.12 7.99 4.39 7.96 12.69 11.98 3.84 3.86 7.41 8.51 11.62 12.82 11.24 9.05 6.55 3.75 10.3 9.02 3.45 3.2 2.48 3.82 2.7 3.29 3.1 3.81 4.62 7.1 6.4 9.93 5.66 12.51 13.71 9.11 16.92 12.23 13.82 25.72 9.08 6.08 14.65 7.69 6.8 8.59 19.53 18.42 8.38 7.19 10.09 17.12 11.47 6.35 11.75 6.98 10.99 9.92
9.35 8.01 3.66 6.16 13.05 18.4 9.64 7.4 7.59 12.86 5.3 10.01 12.35 13.63 3.54 2.61 2.87 8.94 6.89 8.53 8.46 8.6 6.09 4.62 7.06 6.76 3.77 1.9 1.41 4.37 2.7 3.87 3.37 6.5 4.22 3.78 4.87 5.38 7.07 5.01 7.39 10.93 14.17 10.65 11.27 10.13 10.98 8.91 12.83 11.74 12.13 9.13 19.91 10.42 5.43 9.33 8.01 12.23 12.01 12.24 10.44 9.55 14.2 10.63
5.17 4.66 7.19 7.42 10.64 11.59 14.99 18.04 7.38 7.9 7.8 15.3 8.19 20.49 4.86 4.64 3.62 4.36 6.69 7.21 5.85 4.16 7.61 3.9 2.93 6.04 4.22 1.73 2.65 4.73 3.83 5.58 7.29 6.03 9.76 8.91 6.3 3.88 4.19 2.91 5.93 8.82 12.93 9.66 9.42 8.7 8.43 6.38 10.7 20.7 12.87 10.27 12.19 14.87 5.79 13.75 8.77 9.89 16.74 16.99 18.61 17.37 11.2 10.62
5.23 6.83 5.35 6.35 10.35 8.76 10.53 18.53 15.77 16.68 10.72 8.92 9.73 11.17 7.44 5.14 5.85 6.0 6.86 5.44 4.18 2.94 6.16 4.26 2.61 3.29 4.63 3.02 4.9 5.65 7.0 4.57 7.53 14.31 11.21 7.68 4.42 3.5 3.2 6.23 4.9 5.32 4.58 5.24 5.93 12.44 7.07 6.34 6.0 13.36 8.84 9.04 14.13 28.07 10.06 7.56 11.9 8.07 13.84 8.63 14.42 25.55 20.65 9.51
1.72 3.09 8.33 4.34 3.29 6.19 8.05 7.7 14.26 12.41 10.75 14.89 17.13 12.59 10.28 4.74 5.3 7.1 9.05 4.84 4.58 3.2 3.79 6.13 2.28 3.03 2.11 3.94 3.72 9.53 7.49 11.76 6.61 5.25 10.48 10.19 5.78 3.95 4.62 4.91 2.94 4.34 3.56 3.7 5.09 6.27 8.47 7.26 3.9 11.04 7.75 9.45 5.09 12.23 7.77 7.61 15.34 10.75 5.82 7.21 12.22 9.64 10.47 8.98
2.46 3.8 5.25 6.63 4.1 5.54 4.52 7.71 9.49 10.85 10.42 13.59 22.91 13.57 9.66 9.69 6.95 6.45 9.66 6.1 3.39 3.69 5.58 14.96 3.83 6.9 4.72 4.23 4.03 10.5 15.24 15.31 12.0 11.95 8.3 8.39 6.37 7.05 10.86 4.72 6.24 5.33 3.33 1.48 3.84 5.36 9.0 9.06 4.09 8.78 7.43 13.82 9.41 9.32 7.44 19.61 18.75 12.12 5.78 10.6 10.73 6.55 8.01 7.34
2.92 5.43 4.72 15.2 8.79 10.01 4.89 6.72 4.85 15.62 13.97 35.42 21.92 16.23 9.74 7.32 7.26 10.16 17.57 5.33 3.58 6.35 14.1 10.81 7.11 6.21 4.2 3.44 3.54 13.13 10.69 5.42 5.77 16.03 8.94 11.84 15.06 9.74 5.72 5.87 10.02 8.06 2.73 2.29 3.46 6.41 5.37 9.84 7.66 8.15 7.11 5.67 9.76 6.23 4.96 7.6 10.37 19.06 11.98 7.2 6.34 2.8 3.87 3.7
3.39 5.06 6.01 14.14 20.18 10.39 6.99 3.73 6.08 11.71 12.31 27.7 18.9 12.69 10.15 5.87 7.45 12.59 11.59 11.76 5.94 7.82 12.25 12.38 12.93 5.69 3.91 4.61 6.7 6.73 12.26 5.6 5.65 9.11 6.72 14.84 10.85 10.88 9.5 11.0 4.49 4.11 5.04 4.66 2.94 3.57 6.95 9.0 12.55 5.94 9.78 5.91 4.74 5.98 5.98 4.63 7.72 11.51 11.57 8.54 4.19 7.55 4.28 3.44
2.44 4.77 10.12 11.84 14.69 11.55 7.62 4.31 7.11 9.33 17.11 12.0 14.16 13.75 8.77 7.69 10.83 8.11 6.63 18.29 12.57 11.7 16.75 16.61 14.1 9.27 4.54 5.3 7.41 7.99 9.69 8.21 10.05 4.93 10.17 7.55 8.47 6.27 5.82 7.19 9.23 4.51 7.82 8.94 3.51 9.09 6.47 9.71 9.8 8.49 8.45 7.4 6.98 6.41 5.54 7.61 11.74 13.67 7.73 6.76 7.12 4.99 1.65 5.55
4.2 9.83 4.86 8.4 15.13 11.56 8.55 10.43 11.11 12.63 10.85 7.53 15.67 10.29 8.96 9.05 12.04 4.15 6.31 11.95 15.54 11.8 11.15 17.49 24.02 19.76 9.02 6.51 3.73 5.49 9.92 9.05 8.5 6.79 9.22 7.78 7.25 8.94 4.0 5.55 6.24 4.62 6.29 5.64 5.89 13.03 9.11 16.51 7.42 12.53 6.16 7.06 4.01 9.24 6.62 7.23 6.64 10.71 8.17 4.56 7.15 3.59 3.29 2.83
4.74 5.07 11.57 9.58 16.46 17.16 8.7 5.96 11.15 9.07 7.33 4.11 4.98 4.13 6.07 5.98 8.64 4.87 6.48 9.0 13.61 15.08 16.69 13.61 15.03 22.94 18.91 20.05 7.25 7.25 8.84 16.37 7.91 9.45 6.35 11.88 5.59 3.92 7.26 5.48 7.75 4.06 3.27 5.28 11.13 8.9 17.63 22.96 8.45 7.93 5.91 11.21 13.16 9.19 6.23 3.11 5.2 8.96 8.95 7.3 4.39 2.63 2.69 3.6
8.14 6.33 14.15 14.02 19.66 15.15 8.08 9.77 6.65 6.45 10.28 9.75 5.48 8.37 4.19 3.81 3.42 3.42 4.86 10.15 16.44 12.09 13.33 8.75 11.6 20.81 19.91 21.59 9.32 6.5 6.23 7.83 9.46 11.03 5.96 9.06 9.72 9.18 4.59 6.13 6.4 3.13 5.63 5.68 10.47 11.66 28.3 16.02 10.32 5.34 11.99 13.24 10.85 11.88 5.25 2.28 3.19 6.07 5.39 6.24 3.31 4.43 3.05 2.98
6.74 13.48 19.92 24.95 12.58 15.23 9.59 9.33 14.48 11.02 6.92 9.61 10.23 14.67 8.03 3.94 3.37 4.01 3.97 4.99 21.61 16.05 9.64 9.35 17.21 14.03 20.73 13.35 17.91 8.58 8.98 8.77 6.63 11.09 10.73 5.78 10.24 8.88 3.45 3.81 3.0 3.69 4.13 3.87 7.09 16.46 17.86 17.32 8.9 10.85 17.16 10.3 13.55 8.66 10.25 5.19 3.74 4.53 6.15 7.08 4.4 2.5 3.37 4.01
6.5 6.55 12.6 16.74 12.21 8.73 8.52 6.64 11.44 10.84 13.13 15.75 21.55 13.42 11.18 3.4 3.84 4.42 5.55 5.14 11.32 14.99 9.1 11.08 19.17 16.98 16.11 8.92 6.97 17.43 9.02 6.22 9.51 7.96 13.22 6.63 8.69 4.04 5.09 3.44 3.26 3.04 2.88 5.58 5.46 8.61 16.65 9.99 10.05 10.48 14.0 12.08 8.57 7.13 10.22 6.9 7.2 10.05 7.43 2.77 2.08 1.56 5.85 5.09
6.48 5.56 13.9 13.13 14.36 10.52 9.26 10.14 10.81 14.28 14.93 12.58 23.25 18.15 11.01 3.66 5.94 8.95 6.04 3.44 5.27 16.85 10.81 21.85 23.31 11.85 7.85 5.28 6.76 13.01 10.16 9.07 8.76 4.86 10.29 9.06 10.77 4.91 4.45 4.25 3.7 2.54 2.59 4.18 5.66 4.21 8.34 18.24 11.39 11.07 8.85 13.28 8.35 4.26 4.12 6.85 13.59 9.82 6.49 3.9 2.41 2.5 4.67 10.26
9.62 9.12 14.2 9.71 8.55 14.12 7.11 9.27 6.64 10.17 11.71 10.39 12.8 12.63 7.56 4.5 7.73 4.65 10.18 4.97 5.03 7.43 12.75 10.3 17.8 11.8 7.51 5.14 5.41 7.16 10.18 6.54 7.49 8.94 5.74 6.61 9.39 5.88 4.61 4.53 3.57 6.21 4.62 2.7 5.73 7.17 4.07 10.6 13.98 15.43 12.56 7.16 5.86 3.86 4.52 6.32 6.39 4.74 4.58 2.57 3.8 3.82 5.35 6.66
7.13 18.68 26.02 10.58 5.54 5.92 12.95 17.73 8.21 9.36 10.87 8.66 8.48 7.44 17.61 6.03 3.71 4.58 5.15 3.06 3.59 4.33 8.89 7.89 5.68 7.74 5.13 3.83 3.77 4.61 5.6 3.67 5.54 10.27 6.61 11.31 8.71 10.38 6.25 7.9 6.14 3.91 6.76 6.43 10.17 6.92 7.09 6.66 15.06 8.43 8.17 4.19 6.06 3.75 4.68 5.58 5.09 1.9 2.92 9.98 8.06 5.59 8.2 9.34
7.72 19.4 15.87 20.79 8.71 5.34 10.7 13.11 15.12 13.64 10.18 8.56 4.97 3.95 7.55 5.63 6.07 10.05 3.61 4.99 3.76 4.23 8.37 7.0 6.33 5.08 4.01 4.48 7.4 6.98 4.38 2.87 3.24 4.9 9.0 11.15 9.96 4.73 5.71 6.46 6.59 2.62 3.74 8.04 5.22 4.64 7.04 9.1 18.29 5.95 6.18 6.13 7.27 5.74 9.96 8.24 8.03 4.13 2.01 7.91 14.29 16.26 11.78 11.51
4.82 11.61 17.72 12.42 5.88 9.97 4.19 8.77 12.07 16.61 12.55 4.29 3.17 6.2 3.78 3.9 4.73 10.78 7.26 3.44 6.34 5.75 10.02 5.69 4.82 2.73 6.66 4.2 7.77 7.32 9.29 3.76 4.2 4.89 7.71 11.09 6.36 5.52 5.62 3.34 3.21 3.03 3.91 9.14 3.63 5.56 6.84 2.76 6.53 5.14 6.74 7.65 7.66 5.86 7.29 12.35 10.44 4.7 4.6 8.06 13.93 16.11 21.41 10.01
4.8 10.15 14.48 9.76 10.76 9.95 5.14 6.42 7.3 10.04 14.13 6.28 3.7 3.98 5.88 5.45 4.9 4.64 5.55 7.3 5.17 3.65 7.67 4.99 6.0 4.32 6.89 7.47 10.24 6.17 4.25 5.25 4.39 8.7 6.6 11.04 6.78 7.32 3.91 4.92 5.43 2.72 2.65 4.09 4.64 5.59 3.86 2.42 4.03 3.76 9.18 6.61 12.63 6.52 5.59 9.71 7.68 6.76 7.42 10.69 13.36 13.04 12.8 23.01
7.9 7.09 7.55 9.37 7.18 7.99 8.0 6.23 8.09 7.37 6.8 7.76 5.26 4.24 6.31 6.35 9.12 4.7 6.44 9.65 4.97 3.57 5.23 3.33 3.83 5.82 5.31 6.67 8.57 8.08 3.24 2.8 5.06 9.85 11.49 7.73 6.34 7.2 4.37 4.76 5.45 6.84 3.5 2.61 5.63 2.7 3.95 3.2 5.14 4.02 4.64 9.98 8.43 7.86 7.84 6.08 4.47 7.91 8.13 8.15 7.67 10.71 8.61 10.78
7.57 6.53 6.78 15.62 3.55 5.96 8.56 6.53 4.95 6.26 9.92 11.72 7.22 6.4 5.53 11.24 9.42 4.73 5.51 3.3 5.03 4.68 5.68 5.76 4.04 4.22 4.82 3.58 6.23 6.88 2.95 3.43 4.09 4.75 14.47 10.73 5.52 7.12 8.57 10.16 5.27 5.71 7.15 2.49 2.55 3.53 5.31 5.91 4.77 12.31 10.81 8.89 4.85 8.13 9.05 5.35 7.99 7.06 5.47 4.3 10.21 16.16 10.66 5.74
7.71 10.1 7.87 8.65 4.24 7.84 7.68 7.19 4.2 5.3 3.34 6.75 10.23 8.08 6.68 8.1 8.73 5.81 7.46 5.7 14.89 6.51 6.63 7.59 8.55 5.87 4.81 4.43 1.85 3.89 1.94 4.39 3.34 4.78 5.44 5.61 4.29 6.03 3.97 5.36 6.15 4.57 2.22 2.13 3.65 3.87 6.75 6.08 9.77 15.18 25.26 12.73 12.75 6.52 3.8 9.38 7.15 5.53 6.21 5.79 8.12 8.84 11.5 7.66
7.88 10.91 10.05 9.36 7.34 4.55 5.0 7.48 5.05 4.15 3.65 5.86 5.03 8.03 13.42 12.45 5.43 3.27 8.55 16.89 9.93 8.36 10.32 5.62 10.19 4.76 5.8 3.84 1.71 3.07 3.06 5.88 3.88 6.94 4.44 4.94 6.01 12.68 7.68 5.07 3.73 2.96 2.34 2.02 4.19 4.02 5.04 4.67 13.28 11.64 17.76 10.17 8.33 4.6 4.04 4.74 5.76 7.19 4.86 4.62 10.73 9.94 6.89 7.61
5.97 10.62 12.7 12.44 7.53 5.45 3.12 4.08 4.12 7.34 4.72 5.29 3.24 4.09 7.12 6.54 7.3 7.35 5.89 9.27 9.82 13.98 9.85 5.58 5.2 3.68 4.31 4.97 3.63 4.84 3.85 2.65 4.18 10.3 9.92 5.5 5.6 6.54 8.42 9.52 5.58 6.25 3.2 2.29 1.41 3.36 6.24 15.74 12.54 5.77 12.7 17.42 7.6 3.41 2.4 2.51 2.25 3.16 6.96 8.46 7.14 5.04 7.92 7.57
4.63 10.54 15.41 14.52 10.16 8.49 6.62 3.67 5.95 5.34 6.26 7.19 5.59 3.75 4.79 6.42 7.7 9.79 10.74 7.7 8.59 17.5 9.32 7.85 4.29 4.12 2.63 3.52 6.24 5.54 6.82 5.71 3.61 6.29 12.2 9.47 5.6 6.11 3.93 9.56 6.65 5.08 6.99 5.21 2.78 2.17 4.95 12.25 9.23 6.64 10.17 17.98 6.92 4.69 3.14 2.18 1.42 1.67 5.32 5.0 11.17 5.56 2.48 5.8
8.31 11.2 9.84 18.02 17.5 10.41 8.52 6.44 5.37 9.01 4.47 5.7 8.47 4.02 5.16 9.1 11.5 11.53 11.95 5.53 5.79 7.58 8.41 12.94 6.09 5.67 3.58 5.52 7.32 7.8 8.67 7.17 4.7 7.77 12.76 14.04 8.84 6.01 5.04 5.56 5.48 4.58 3.11 4.44 6.48 4.33 3.6 4.73 11.15 11.54 10.2 11.7 6.55 3.48 3.14 3.44 2.78 3.2 5.26 3.65 5.14 8.02 4.89 9.0
6.49 14.45 8.04 5.61 6.79 7.87 5.28 9.61 7.04 7.83 4.79 4.37 4.5 6.28 8.21 11.61 9.4 13.5 12.89 6.17 7.12 6.04 12.34 14.07 7.63 6.36 5.72 7.06 8.87 7.24 8.32 10.81 4.5 7.5 6.71 11.92 4.33 6.15 6.32 6.08 4.22 3.71 2.63 3.77 4.27 2.4 6.48 5.19 7.1 11.63 11.02 12.88 5.06 3.93 2.6 3.26 3.55 8.64 5.86 6.24 4.61 4.25 4.72 8.98
9.14 17.15 10.06 5.48 5.86 4.85 7.31 9.04 13.25 6.8 7.14 12.33 6.29 5.06 8.42 15.39 17.22 10.31 6.99 8.29 8.67 8.59 13.1 14.82 12.01 7.18 6.32 7.93 10.08 7.33 9.73 17.06 12.37 24.03 10.38 13.8 5.79 8.04 6.98 8.82 10.5 3.67 2.51 4.22 3.61 3.41 4.46 5.27 5.0 4.82 10.42 6.64 6.59 2.11 3.15 5.29 5.92 11.9 9.92 11.39 3.73 5.96 5.57 14.55
10.81 12.11 13.11 7.7 5.94 5.71 5.51 5.71 8.83 6.14 4.79 15.79 6.29 6.28 5.58 12.19 13.05 11.4 6.75 7.95 5.71 10.02 11.56 14.03 13.86 6.02 8.68 8.85 7.46 6.55 9.9 13.95 12.68 23.66 15.21 8.0 6.86 11.48 10.04 12.67 12.68 7.36 3.88 4.67 5.07 5.31 3.24 3.93 7.68 9.34 9.72 8.33 8.45 3.71 2.36 4.02 7.38 9.25 6.18 8.01 6.42 3.22 4.34 20.01
11.59 12.54 6.37 10.35 10.17 6.31 8.08 8.0 6.48 6.01 3.11 7.13 6.06 6.4 5.88 6.13 4.01 7.7 10.14 10.24 8.37 7.82 14.64 13.32 6.69 4.29 8.87 7.93 5.05 5.15 5.48 11.86 26.42 17.73 8.62 7.0 6.26 7.67 14.05 17.74 10.59 5.05 5.16 7.83 10.2 4.55 2.67 5.53 4.02 7.51 15.32 15.65 3.91 4.92 5.13 5.23 6.5 7.87 10.54 5.83 5.64 8.25 7.79 18.35
