2.76 2.82 3.52 4.14 6.23 12.66 18.2 12.09 8.38 12.82 19.02 10.86 7.89 9.03 13.12 6.22 15.43 18.93 10.52 4.86 9.82 3.75 3.57 8.51 9.17 6.63 6.96 13.97 6.47 6.36 11.22 6.81 8.83 10.54 12.46 6.86 7.97 6.43 8.16 4.48 4.31 3.83 6.75 7.06 4.71 5.46 6.42 22.04 19.13 16.28 7.24 4.62 4.27 1.56 3.41 3.2 2.58 4.7 6.14 4.29 5.3 9.11 5.61 3.52
1.41 1.86 2.85 4.44 12.39 7.3 7.64 7.56 7.11 6.79 8.84 6.18 8.23 12.74 8.39 17.63 10.18 5.36 7.8 10.32 16.2 4.04 5.07 11.12 5.22 4.99 9.48 13.16 15.04 8.48 4.7 7.07 4.57 8.99 6.88 11.71 5.9 10.32 8.52 6.61 5.51 6.73 5.11 8.09 8.3 7.34 11.17 15.63 20.27 13.04 11.51 5.99 3.6 2.18 3.72 3.04 4.49 4.99 7.37 3.88 2.64 6.22 5.58 4.98
2.05 2.9 5.04 6.08 7.95 14.56 7.7 7.4 5.31 6.26 3.8 9.15 10.48 13.77 8.58 7.4 4.82 3.84 3.41 8.13 20.56 8.7 5.71 8.73 5.31 3.36 7.1 11.07 6.66 4.26 5.89 3.53 4.98 4.31 3.71 3.7 5.9 10.2 6.18 5.06 5.94 8.53 8.74 14.88 15.38 10.74 9.85 10.67 10.34 12.04 11.62 10.05 6.63 8.09 8.38 5.43 4.2 5.51 6.36 3.86 3.23 5.85 5.07 3.57
3.18 3.86 2.75 5.13 10.46 10.44 20.76 13.52 4.12 6.17 5.39 9.36 11.12 6.77 7.24 10.71 4.78 4.25 5.81 6.96 8.14 10.22 6.73 4.25 6.24 13.63 7.71 14.61 13.42 7.47 5.94 5.98 2.94 1.67 7.51 3.26 4.52 6.11 4.68 3.48 9.86 12.08 13.91 10.79 10.45 10.8 7.63 12.6 10.72 18.69 11.15 5.41 8.57 8.87 10.04 6.99 7.37 6.01 6.73 4.89 5.28 7.02 2.95 4.32
2.97 3.8 2.15 4.61 10.87 18.2 19.67 11.21 6.87 5.96 6.66 7.98 19.84 7.91 11.89 15.15 8.34 5.77 4.52 4.28 12.26 8.02 8.83 3.97 7.76 15.84 11.52 14.25 16.19 6.49 7.34 5.67 5.86 3.7 2.86 5.78 5.37 4.66 6.03 9.17 8.47 7.39 10.47 12.79 9.11 9.32 6.64 4.35 4.0 3.79 4.26 4.4 10.25 9.57 6.82 7.9 6.75 5.77 7.85 4.91 4.83 3.3 5.29 11.15
2.64 3.27 2.67 3.68 8.72 8.32 8.54 8.35 8.75 11.55 6.66 4.46 10.7 13.26 15.65 12.38 18.33 9.93 6.95 5.65 9.39 6.39 6.26 2.5 2.03 10.39 11.69 12.43 12.95 13.42 7.92 12.69 6.95 2.86 5.0 7.77 6.48 6.97 11.77 10.88 5.72 4.02 6.27 16.62 12.43 8.96 4.71 3.94 2.05 2.16 4.14 5.27 8.37 15.62 6.9 8.5 6.95 4.97 4.09 5.03 5.69 4.92 6.75 13.85
6.26 3.67 4.22 3.82 7.25 7.76 7.27 5.47 9.81 6.99 5.46 8.95 9.11 12.42 11.22 8.75 12.98 14.94 8.15 8.05 5.4 4.88 2.97 2.97 4.13 12.1 23.77 11.1 12.39 13.03 7.95 12.59 18.48 10.16 6.02 8.88 6.43 4.81 6.09 11.01 6.01 8.73 13.46 25.39 20.6 13.87 7.04 2.84 2.32 5.19 3.46 5.38 12.52 7.93 13.65 3.36 6.05 3.22 5.44 3.54 6.19 6.62 7.15 10.36
4.94 5.17 3.38 5.46 8.56 14.51 7.96 8.23 5.41 12.88 3.55 5.47 8.4 6.6 3.48 8.21 10.51 18.1 13.97 4.12 2.26 2.76 5.61 4.29 4.15 11.18 8.55 7.99 17.28 12.34 8.38 12.97 19.72 11.65 8.63 3.95 7.85 7.96 3.85 5.76 3.86 6.65 19.84 26.1 17.57 8.78 7.46 5.53 3.61 4.95 7.79 4.83 6.92 6.07 4.86 4.23 3.07 8.03 5.46 5.62 5.61 5.09 5.09 13.56
2.07 5.08 4.01 5.85 10.79 13.8 8.45 5.22 8.22 5.7 4.66 6.94 5.01 10.4 9.85 5.76 8.13 9.41 7.04 3.89 2.86 2.35 1.9 4.91 3.5 5.86 12.57 16.14 11.71 18.39 12.72 22.52 21.24 10.59 12.36 9.77 13.87 7.27 6.11 6.35 7.02 4.08 18.0 20.94 15.57 8.9 14.42 11.34 4.06 5.23 6.18 13.66 5.2 3.62 5.81 6.6 3.73 6.07 5.89 3.64 6.91 9.97 8.46 16.3
2.26 4.65 5.09 13.95 13.82 10.73 11.98 5.36 6.45 5.28 5.69 4.73 9.64 9.29 8.82 2.67 4.59 8.9 6.99 3.05 5.54 2.59 2.97 2.54 5.63 10.33 21.74 16.09 20.42 12.5 11.27 15.22 17.7 12.65 13.5 12.0 26.46 20.68 10.4 12.74 5.13 19.94 9.85 13.22 17.59 12.42 15.33 10.9 8.79 5.82 7.9 7.15 5.36 1.83 3.5 3.93 4.49 3.12 7.04 3.02 4.57 7.72 11.17 24.77
5.07 5.32 7.43 7.31 14.06 14.86 8.93 6.84 3.9 5.71 3.6 2.83 8.94 12.27 7.71 2.58 4.47 8.21 2.95 2.92 7.01 4.56 4.81 6.23 4.07 9.69 16.25 22.13 10.46 11.22 12.83 16.68 16.39 10.09 15.35 14.89 17.47 14.28 15.03 15.87 11.29 27.29 31.43 12.68 15.28 17.96 19.93 14.39 7.22 10.59 6.76 8.05 5.96 2.24 2.45 2.81 3.42 5.19 4.37 4.81 5.96 9.75 10.25 14.86
4.03 5.06 4.93 6.52 8.31 13.85 21.78 11.08 5.47 5.31 8.14 4.63 4.1 6.65 3.96 6.96 5.59 8.02 3.56 3.73 3.08 6.38 11.51 7.31 10.32 15.73 12.49 18.48 16.37 6.31 7.89 19.81 8.6 9.46 14.71 6.37 11.76 12.42 13.24 15.98 20.97 23.34 9.64 14.04 9.88 10.67 16.96 25.74 14.22 12.48 5.73 4.44 5.64 6.37 4.79 4.06 2.03 6.47 14.39 9.95 13.53 5.65 10.1 4.86
4.67 4.6 7.85 7.0 6.67 21.74 8.65 20.29 7.72 6.79 4.58 4.24 2.18 2.57 7.02 5.32 4.32 9.23 7.14 4.25 6.61 6.92 9.45 12.44 17.18 19.23 24.04 12.09 9.52 7.35 7.39 8.13 11.33 15.64 14.39 10.74 9.74 8.01 5.27 11.37 14.71 15.46 5.77 9.72 8.98 17.45 18.78 14.2 25.44 10.74 4.98 5.61 7.37 8.1 4.04 3.25 2.59 6.95 14.82 11.15 10.29 9.19 8.39 15.53
4.4 12.95 9.92 7.14 7.73 17.1 19.19 8.14 8.02 8.58 4.8 2.23 5.56 5.6 10.71 7.25 9.7 17.97 10.85 5.78 12.02 13.69 9.71 10.13 23.39 24.15 16.43 23.37 11.92 7.36 5.19 12.87 7.95 11.3 9.05 13.02 15.86 6.24 7.82 8.85 8.13 5.37 8.62 9.03 12.54 7.8 13.18 9.33 6.65 5.4 9.06 6.85 9.34 6.45 6.18 2.29 3.68 8.94 12.14 15.78 17.04 17.65 13.08 13.34
9.46 12.9 13.09 11.41 10.7 7.6 7.88 9.95 6.79 4.95 6.26 2.98 4.62 8.21 17.29 10.44 12.67 9.59 8.14 13.03 10.45 10.2 8.97 18.94 17.32 30.18 24.56 10.97 19.42 9.54 10.15 7.17 10.33 16.3 11.11 8.13 13.94 11.6 6.43 7.97 7.22 10.32 10.49 10.33 5.94 12.22 9.86 4.72 6.29 11.61 9.59 12.19 14.58 8.83 8.23 3.72 3.27 6.31 13.17 15.53 17.9 18.75 22.46 10.86
18.6 13.81 23.0 12.65 10.86 9.45 11.07 8.31 3.18 6.94 7.77 8.42 5.72 9.93 8.18 12.38 13.98 16.03 8.76 8.17 5.83 7.12 11.5 13.11 12.03 30.35 25.3 22.29 16.35 7.04 10.97 9.53 8.91 9.9 9.0 4.22 8.13 4.88 4.64 5.31 10.11 13.46 13.1 12.28 4.98 8.03 11.59 16.51 7.45 12.98 12.44 12.33 10.89 8.79 5.75 9.05 5.61 9.51 16.48 21.47 17.04 8.88 10.94 20.09
8.17 20.81 16.91 16.55 5.72 8.8 9.04 7.63 5.75 5.65 11.97 10.08 8.69 11.76 12.61 7.69 14.7 14.73 10.66 5.25 11.12 11.37 7.78 7.29 9.78 13.03 15.51 16.65 18.2 11.62 7.29 11.98 8.14 6.04 3.52 7.67 8.56 3.21 3.08 7.51 6.75 6.74 10.67 9.97 9.96 6.54 11.13 9.04 8.51 11.1 16.88 25.79 8.77 6.91 8.59 11.14 9.94 20.41 20.28 11.41 13.77 11.07 10.5 16.15
5.45 14.96 12.93 6.9 5.44 10.5 11.8 9.73 6.91 10.34 8.31 13.65 19.2 20.51 9.27 11.51 10.5 9.06 10.58 8.49 7.25 9.25 7.1 4.12 8.09 10.61 11.58 16.62 11.78 7.3 20.57 12.51 9.51 9.9 6.62 5.4 5.07 5.42 3.23 4.52 3.24 7.45 8.29 12.41 8.55 10.31 8.5 7.69 11.64 16.82 22.58 11.29 5.4 9.92 16.03 8.67 10.0 13.7 13.42 12.0 15.46 14.24 13.15 12.7
5.74 16.68 21.57 7.93 8.54 9.43 11.33 13.49 5.59 6.59 30.47 15.25 13.37 14.89 10.24 5.42 10.96 17.22 6.72 7.98 11.63 5.93 10.34 7.91 8.94 8.17 7.31 7.6 6.79 7.24 12.04 17.99 10.69 5.39 5.22 5.8 3.64 4.74 5.17 5.0 9.8 13.13 16.32 8.57 8.32 9.3 4.79 4.12 17.18 9.8 15.47 9.48 8.92 7.22 9.81 12.27 7.36 6.32 13.1 14.23 18.0 6.71 9.17 14.01
5.54 8.41 11.63 22.64 10.09 10.39 10.63 7.46 4.06 4.95 18.97 10.02 17.59 5.56 11.15 15.54 23.76 8.98 6.84 5.34 7.37 10.1 6.27 6.83 4.94 7.46 2.93 6.04 19.59 5.7 4.14 7.64 5.39 2.51 4.67 7.04 9.94 4.22 11.31 8.68 12.57 19.49 13.08 11.36 5.82 10.72 9.83 5.77 8.07 12.22 12.54 11.44 8.57 22.23 10.0 11.05 6.02 5.51 12.76 12.07 10.52 8.61 16.25 13.88
3.8 5.42 12.05 8.73 10.92 8.2 8.13 6.39 5.28 13.32 7.82 9.23 12.46 15.79 8.52 21.41 14.72 9.93 4.6 5.64 4.42 6.28 4.7 2.89 4.5 4.09 6.46 6.77 8.29 8.1 5.15 4.21 3.18 2.35 2.91 3.23 8.39 9.24 16.53 10.1 7.27 9.82 8.33 8.91 5.82 12.93 9.33 7.63 6.39 7.63 7.57 15.73 16.08 24.49 18.43 12.0 7.62 6.41 5.7 5.84 11.02 10.64 13.73 11.35
3.31 8.45 7.17 6.01 6.95 11.03 6.93 7.99 6.48 8.45 5.27 10.86 9.07 9.7 25.82 23.38 18.54 13.35 10.8 6.45 4.63 7.16 4.52 2.48 7.9 5.76 5.35 5.25 4.94 6.17 6.68 5.82 1.34 2.06 1.57 5.32 5.1 16.28 7.7 7.29 5.68 7.32 11.71 5.01 7.89 5.63 10.34 14.09 8.01 8.13 10.15 6.92 20.53 16.24 19.14 36.0 19.82 7.81 2.73 7.54 15.98 9.84 16.45 11.36
3.41 6.1 3.83 2.63 5.83 7.11 2.83 5.15 5.41 5.88 7.1 14.66 12.76 13.44 15.4 23.56 30.84 16.38 13.34 11.8 9.57 9.29 5.98 8.86 4.06 5.19 8.14 6.56 10.4 7.97 4.78 3.0 5.51 3.04 2.53 3.49 8.93 7.48 8.61 8.9 7.67 8.72 15.35 13.09 3.31 6.13 13.72 17.47 12.9 4.91 12.1 8.5 11.05 8.7 13.95 15.28 8.41 9.42 7.49 9.82 13.17 7.5 9.6 7.41
2.82 3.19 5.07 4.65 6.18 7.05 6.51 2.82 5.42 9.9 8.94 9.02 10.24 10.43 20.63 34.42 32.83 14.51 12.26 13.7 7.37 8.37 7.11 6.48 5.6 3.1 16.78 18.6 8.72 5.77 5.26 2.81 5.13 10.36 8.62 3.61 6.96 7.95 4.84 4.77 13.61 12.89 19.04 12.81 12.26 8.12 12.41 28.09 17.58 14.41 8.47 12.88 14.48 5.19 4.79 9.05 17.78 10.21 6.73 8.33 9.88 6.64 3.52 4.99
3.36 6.99 4.77 4.52 6.82 6.91 9.26 8.52 5.2 6.92 12.87 13.86 20.22 28.47 32.44 39.07 35.23 11.82 20.9 11.29 16.45 10.51 5.82 5.39 5.51 7.85 13.06 18.49 7.84 10.88 3.91 4.82 10.4 11.06 6.85 2.83 5.0 6.03 2.7 7.6 14.06 17.68 24.53 13.32 11.86 12.72 7.35 24.68 19.85 29.62 12.81 14.33 5.76 5.14 4.27 11.95 9.18 13.99 10.12 9.43 9.3 7.7 5.68 1.63
4.04 2.5 4.56 2.92 5.22 13.96 17.97 8.05 5.45 5.8 8.2 13.93 39.15 60.75 42.52 41.71 14.53 16.27 18.08 15.07 12.23 11.05 9.0 5.51 5.32 5.47 5.01 5.37 4.22 3.06 4.37 3.41 4.15 8.85 4.89 8.2 8.07 6.23 3.14 5.31 12.81 9.81 16.48 16.29 9.39 7.1 10.95 26.91 17.47 16.59 26.2 17.34 6.78 6.56 13.48 21.47 21.86 16.87 19.22 12.35 15.11 11.26 6.7 3.28
16.36 8.79 3.11 4.0 7.98 11.39 15.36 14.38 4.69 6.21 12.48 21.28 37.1 57.77 24.26 33.73 18.41 18.01 9.55 18.89 34.2 16.55 15.01 12.58 5.86 3.93 8.18 3.82 2.53 1.81 2.99 6.4 5.7 7.61 9.31 6.42 3.35 5.82 5.07 6.55 5.17 14.84 9.26 8.0 11.46 10.74 12.53 14.62 37.67 17.96 29.14 17.57 17.96 12.73 12.29 12.06 23.45 22.87 15.12 23.85 39.65 17.38 7.7 6.27
40.76 11.78 4.04 6.67 8.76 16.63 8.64 20.86 9.32 9.6 15.28 10.48 12.71 25.03 17.01 24.77 18.58 10.9 10.17 7.37 19.91 26.28 11.76 11.75 22.6 13.91 6.14 3.36 3.37 2.99 2.1 3.78 4.4 4.81 6.86 4.5 6.37 4.55 7.81 3.48 4.65 5.02 4.71 6.92 10.92 11.59 13.63 18.24 21.26 39.08 17.67 18.16 23.32 12.72 10.72 14.33 29.27 19.17 20.37 23.21 15.86 13.88 13.56 7.66
33.66 17.22 5.73 3.23 12.07 10.56 30.42 14.39 7.03 7.81 18.87 6.25 15.78 21.44 15.62 12.34 8.03 8.09 12.41 9.45 9.31 17.51 15.78 9.57 6.81 7.17 7.23 3.62 3.32 4.67 3.05 4.66 5.35 4.96 4.41 7.46 8.85 3.9 7.67 6.15 3.4 2.44 10.0 3.89 8.02 13.65 15.6 37.28 24.46 19.37 18.62 32.1 29.74 36.39 19.72 23.01 22.09 31.15 15.54 16.45 25.51 16.47 10.89 5.82
25.81 10.05 7.6 8.04 13.94 25.59 18.13 17.03 14.26 18.48 17.23 24.88 21.29 15.72 12.02 11.36 7.46 7.22 20.21 18.16 6.97 7.55 9.28 13.35 13.43 4.57 6.47 5.18 5.48 4.37 7.26 11.18 3.88 2.67 4.44 7.27 4.92 7.19 5.68 6.63 4.11 4.03 7.22 5.86 5.11 16.11 23.76 22.03 11.89 9.86 12.67 16.96 25.58 36.3 27.34 25.09 24.15 29.56 7.46 9.69 21.29 11.94 9.3 5.09
17.18 16.97 7.75 10.74 16.35 8.79 8.93 18.35 12.72 18.86 17.07 33.26 18.1 10.73 9.01 12.64 4.48 7.93 24.17 20.55 15.58 11.93 14.89 13.62 6.78 7.39 9.18 4.53 5.22 4.41 4.89 8.51 4.42 4.57 4.03 4.46 3.94 5.82 5.76 3.89 5.87 6.44 8.0 4.35 3.71 11.59 10.4 14.85 7.31 5.85 7.19 11.38 18.51 18.26 10.87 17.23 25.57 9.94 14.64 11.48 15.19 14.3 8.66 17.42
5.52 9.78 19.16 9.53 13.83 8.0 10.39 9.44 7.96 12.54 14.57 34.28 33.74 20.55 9.87 12.62 6.05 9.16 11.94 18.68 18.78 13.09 7.8 9.18 10.02 7.87 12.43 7.91 4.32 3.6 7.23 8.01 6.51 7.04 4.42 4.27 4.88 7.09 3.71 3.84 6.05 8.99 7.1 5.83 6.0 13.52 15.99 9.83 5.26 5.01 5.21 11.03 17.69 9.63 6.91 11.57 37.97 16.21 10.98 10.81 10.27 14.04 9.14 6.09
7.79 10.76 17.18 16.93 13.4 7.4 16.84 10.59 6.15 11.11 22.79 15.68 22.12 31.21 14.86 9.26 8.18 5.11 6.65 8.52 22.7 7.44 6.51 7.02 5.82 7.35 7.66 5.01 6.15 5.69 9.97 10.9 5.8 6.71 3.48 3.76 3.95 4.65 7.38 4.21 6.33 10.83 10.37 2.01 6.99 9.39 9.56 9.92 9.77 8.48 5.61 15.58 11.97 7.08 9.05 11.79 15.7 12.59 8.3 5.81 5.08 7.57 5.81 6.41
10.59 14.75 18.63 15.07 18.83 13.65 9.46 5.78 7.04 3.5 9.6 10.58 15.9 14.38 18.6 15.14 4.52 5.36 13.4 11.13 9.56 5.82 4.1 6.64 2.54 3.2 7.62 6.52 4.11 6.27 10.56 13.16 4.77 4.0 4.73 6.22 4.43 5.44 4.76 5.05 11.09 10.55 14.33 7.79 7.09 12.37 15.2 18.25 24.92 11.64 6.58 20.19 14.84 12.6 8.31 24.93 19.35 9.61 10.06 5.41 7.05 6.58 4.83 8.64
21.84 25.31 13.56 13.76 22.56 16.78 9.75 6.94 6.15 9.38 5.48 13.55 13.75 31.35 22.21 17.35 8.14 8.67 8.98 12.5 20.58 9.19 3.4 2.39 1.87 1.91 7.8 6.69 6.34 7.42 4.58 5.28 7.57 4.09 4.06 5.84 4.76 2.68 2.83 4.63 7.38 23.8 12.7 9.83 13.81 11.44 8.91 16.22 11.45 13.09 20.08 44.4 38.79 20.13 11.35 8.33 15.53 11.0 13.52 10.56 6.35 8.01 2.59 5.0
20.45 20.07 10.21 7.84 21.05 11.97 8.29 6.92 6.17 6.17 3.34 7.36 14.76 34.35 28.17 24.18 8.73 9.53 7.42 6.28 13.03 9.27 4.17 1.75 2.63 2.69 5.75 8.18 7.62 4.51 4.57 6.76 9.03 8.79 6.03 3.23 4.8 6.06 4.26 4.52 6.67 5.79 12.65 6.87 10.87 18.41 12.64 10.6 11.8 26.73 17.36 31.3 20.93 15.18 3.89 4.92 7.83 6.62 9.01 4.72 5.17 3.85 3.78 3.11
8.36 15.64 12.71 7.77 9.45 5.55 9.11 4.43 3.68 3.87 3.49 4.97 16.16 26.9 26.91 20.96 8.6 9.43 4.95 7.21 8.79 8.07 6.13 3.13 2.68 2.03 5.32 6.47 6.08 5.55 7.6 9.47 8.01 4.98 4.23 7.04 5.67 7.02 4.66 9.15 7.35 4.3 8.89 5.77 7.75 15.04 16.71 15.98 12.36 10.14 15.92 9.66 14.99 6.42 3.03 4.74 4.51 3.68 4.78 3.14 7.67 4.92 3.89 4.61
6.16 6.75 8.06 5.41 5.27 5.31 5.74 2.41 3.62 2.01 2.54 14.39 23.95 14.99 15.16 13.46 13.86 11.33 9.23 6.28 11.47 6.88 4.0 2.82 2.05 2.35 3.81 6.37 6.39 11.1 8.42 6.62 5.52 5.53 6.56 7.07 10.79 7.8 4.69 6.77 8.68 5.01 6.87 5.64 6.44 8.8 23.85 10.67 7.45 9.75 13.66 11.82 14.13 8.59 3.39 3.54 2.63 3.0 3.06 4.61 6.03 6.67 1.9 3.4
7.74 9.93 4.84 6.66 4.48 3.47 3.35 3.77 7.73 9.16 4.75 8.38 17.28 7.37 7.1 20.87 21.31 10.37 7.47 11.03 9.38 4.98 6.85 3.94 2.68 3.91 7.57 6.74 7.73 10.99 8.74 5.35 4.45 4.59 5.14 6.48 6.17 6.6 7.17 5.22 7.5 6.3 6.98 6.28 8.24 11.79 11.48 15.03 2.75 7.18 12.63 16.13 10.11 7.98 2.82 2.26 4.78 5.79 3.9 4.19 9.42 5.24 3.03 2.84
6.69 9.95 18.51 5.26 4.84 3.94 3.52 4.24 5.71 6.27 5.94 12.82 8.86 7.34 5.73 17.54 12.92 9.04 8.88 8.76 18.32 13.78 6.77 3.93 7.58 8.16 14.25 9.26 5.94 6.22 8.47 5.54 4.21 5.11 6.57 3.28 6.09 14.99 3.98 5.54 8.71 7.41 6.22 5.6 7.34 15.08 8.41 5.2 3.71 7.62 8.55 6.57 8.0 9.11 6.27 4.2 7.45 6.91 4.04 3.68 10.39 4.55 6.04 7.26
8.25 7.42 16.11 10.96 3.78 3.9 3.6 2.15 4.47 5.8 19.64 17.26 16.17 17.78 6.28 14.22 9.75 13.77 9.79 14.61 17.31 11.13 5.56 6.25 6.78 11.86 13.49 10.2 9.94 12.31 11.22 8.74 3.04 4.8 5.17 8.79 8.42 7.81 7.11 7.19 9.31 8.59 5.57 2.92 6.94 11.88 13.73 4.82 3.25 6.84 6.71 7.83 7.6 9.9 5.87 2.65 2.74 4.68 7.16 5.38 5.28 7.25 6.09 8.76
8.85 12.1 8.71 13.85 4.51 3.14 6.5 3.49 4.6 6.85 20.5 29.0 15.14 14.23 9.39 12.83 16.86 9.78 5.82 6.42 10.28 8.87 7.58 11.93 5.16 4.26 6.32 10.31 8.26 10.22 16.5 10.06 5.16 4.89 9.09 7.71 13.01 9.41 6.45 11.22 12.73 12.09 10.75 4.77 14.56 22.24 12.31 5.69 9.02 5.25 6.92 12.3 18.45 7.44 5.24 2.57 2.32 4.08 5.69 6.85 5.78 7.3 7.07 11.62
13.9 10.71 8.42 10.95 6.91 3.48 3.2 5.53 5.07 7.89 14.33 24.5 16.08 13.79 14.61 17.54 24.28 9.57 5.23 9.78 10.74 6.89 6.97 3.32 4.1 3.02 4.53 2.67 6.0 9.81 10.18 14.85 10.9 6.12 11.3 7.1 5.03 9.94 13.85 7.5 11.26 33.38 16.1 4.7 18.72 37.55 13.15 10.53 7.7 9.87 13.21 14.5 15.69 12.76 7.28 3.27 4.84 5.21 6.47 14.44 15.81 11.8 9.46 12.57
9.46 10.04 12.34 6.08 6.57 11.83 3.67 5.79 6.13 7.83 14.7 25.79 23.97 24.93 16.33 20.32 11.36 8.53 7.32 5.18 8.64 8.98 10.75 3.06 3.55 5.07 3.26 3.89 4.67 6.43 12.61 14.63 14.38 9.59 6.14 5.85 5.64 7.46 6.35 5.47 8.55 9.75 11.2 13.38 9.41 16.65 12.9 12.18 8.26 10.46 7.73 19.54 6.49 10.6 7.6 7.11 4.3 6.52 11.6 10.99 12.71 6.77 11.76 9.74
18.28 7.4 8.11 14.12 10.53 5.69 11.73 8.52 13.2 7.64 16.0 19.66 16.43 12.84 13.56 18.14 11.58 5.66 4.9 5.61 4.72 8.14 8.38 4.45 1.98 3.76 4.38 7.57 7.27 8.17 19.14 27.26 12.19 4.82 6.87 6.89 5.13 3.09 5.66 7.2 6.46 8.05 4.55 4.73 7.37 15.57 21.39 18.93 11.22 9.52 7.74 11.52 9.28 7.98 7.38 8.36 7.53 6.79 9.21 8.06 14.09 13.26 16.38 11.83
16.63 9.55 10.35 5.82 11.4 6.65 5.24 6.04 11.0 8.89 14.05 23.64 14.71 14.49 10.69 18.52 11.55 9.16 6.37 3.82 7.37 10.47 3.81 3.69 3.44 3.21 8.84 8.44 9.03 13.88 11.89 29.07 13.27 6.33 7.34 11.01 6.05 5.31 5.59 18.64 9.86 6.63 7.66 4.12 4.83 8.6 15.44 6.3 10.82 7.09 8.93 5.3 7.58 8.02 10.03 3.71 11.0 6.73 7.59 12.22 11.93 21.93 12.47 13.32
15.83 10.21 6.38 5.73 4.74 11.38 5.95 9.06 8.53 8.22 11.14 17.87 20.17 9.0 6.9 12.35 14.64 10.77 10.16 13.71 8.89 6.0 5.45 2.33 1.86 4.42 8.19 8.41 5.29 10.04 12.56 10.87 15.84 7.78 8.47 12.35 16.19 9.1 12.77 11.81 21.43 12.7 5.34 5.04 6.69 5.61 8.18 14.89 22.87 13.85 9.19 7.27 7.52 7.34 4.98 6.22 10.65 12.69 9.43 11.45 12.15 13.45 9.78 6.68
14.23 10.82 4.9 6.15 8.92 11.67 8.45 9.95 8.08 4.49 5.2 18.5 18.14 7.39 6.01 19.94 22.02 9.61 6.6 8.35 11.84 7.82 6.03 5.48 4.26 3.79 5.86 4.6 3.29 5.91 16.45 10.52 6.78 7.86 10.75 4.62 11.06 8.48 8.99 11.94 7.34 12.87 7.59 8.54 5.28 12.64 11.91 18.22 15.15 19.48 9.51 8.11 3.07 7.11 9.25 6.34 9.35 10.06 18.02 7.18 5.42 12.13 13.75 8.26
5.56 5.29 6.98 4.22 5.89 9.57 9.89 9.32 6.44 4.25 5.86 8.16 6.14 7.92 5.96 9.3 13.61 6.38 6.76 7.34 12.3 10.45 9.22 4.31 5.71 4.32 3.64 4.31 4.88 5.92 5.57 9.77 6.68 6.14 9.68 9.27 5.34 5.62 8.09 10.09 9.23 8.47 5.28 6.65 5.72 5.12 17.67 12.9 14.3 16.83 14.83 12.95 4.57 6.28 6.07 6.17 9.3 12.11 20.92 16.63 7.88 11.61 7.6 4.16
5.71 4.72 4.99 3.71 10.61 9.6 6.2 7.26 7.86 3.63 3.93 6.32 8.19 4.99 11.56 10.46 8.83 11.72 4.45 7.42 10.52 11.87 4.92 10.55 7.12 3.84 4.54 8.37 3.37 12.03 12.08 9.29 12.53 13.01 14.92 16.03 18.65 4.15 4.54 4.86 7.27 6.29 9.61 6.0 6.71 13.51 8.2 7.43 12.63 16.18 22.58 25.87 14.52 4.58 2.34 3.85 8.83 20.18 16.45 30.6 15.65 6.82 4.36 3.78
21.97 8.71 4.69 6.47 10.63 9.99 5.04 8.1 3.94 3.87 3.65 3.91 3.13 7.03 7.5 7.44 10.16 7.72 3.87 6.48 9.77 12.06 7.24 5.53 6.8 4.99 8.16 6.67 5.52 12.44 12.93 6.04 6.71 6.23 13.84 22.19 11.51 7.79 5.91 4.82 3.37 10.31 7.14 7.49 5.98 17.94 10.67 6.71 14.96 11.63 21.73 15.6 9.28 3.61 3.11 3.11 6.6 9.12 24.7 28.3 19.23 8.33 5.95 8.18
11.59 11.93 11.64 12.53 13.69 10.43 5.99 5.63 1.92 3.12 6.38 4.55 3.78 4.94 7.99 7.44 5.66 8.19 12.76 7.13 7.99 7.09 9.37 3.58 7.44 11.44 12.54 5.87 4.31 7.05 9.34 8.27 7.37 4.32 13.21 20.76 17.06 9.27 5.38 3.28 3.02 2.94 6.91 10.43 5.85 20.8 13.43 13.76 12.53 7.44 12.83 7.37 5.45 5.42 2.13 3.53 5.75 5.79 15.48 14.01 13.32 25.83 12.1 10.98
11.89 11.89 18.47 7.64 10.17 7.86 11.16 6.22 6.95 7.98 4.72 6.81 7.39 3.7 3.4 10.11 20.29 4.47 8.35 9.65 5.36 6.62 6.23 5.68 4.83 7.78 5.15 8.07 5.12 7.67 7.48 8.29 6.78 3.81 8.45 14.56 13.91 9.27 4.02 1.6 3.58 2.36 2.18 5.28 5.44 6.7 8.58 16.77 6.84 5.83 5.93 4.71 2.36 3.78 2.64 3.03 5.47 6.44 12.43 16.43 13.52 8.95 10.51 5.19
12.75 13.08 11.85 9.99 6.17 6.69 6.58 5.07 7.47 7.26 7.1 5.01 4.41 2.98 4.05 7.48 8.26 11.45 7.75 7.73 7.27 8.79 8.39 9.73 7.49 3.27 4.71 4.04 3.56 6.6 8.55 10.02 7.11 9.12 6.36 7.61 11.89 5.27 4.97 3.26 2.76 2.55 1.53 1.44 3.05 6.98 6.14 8.03 5.52 2.47 4.11 2.63 2.66 2.86 3.22 3.25 4.09 6.57 6.55 12.76 10.29 12.54 11.24 9.24
13.0 12.74 18.62 13.28 5.7 5.85 3.08 3.69 3.42 7.12 11.66 5.04 3.73 4.04 1.92 4.17 15.25 9.46 13.57 9.12 5.87 10.34 9.44 5.1 2.88 6.13 6.24 5.36 3.06 6.9 6.79 11.19 17.97 6.78 9.17 6.24 7.46 10.62 5.22 4.39 4.3 2.26 2.5 2.3 2.7 5.54 7.06 5.47 7.29 3.24 3.75 1.74 1.63 2.29 3.14 3.93 5.09 8.98 8.3 9.18 8.66 9.21 6.09 5.61
6.56 10.88 10.47 12.49 7.48 7.86 3.65 1.78 3.2 3.57 3.82 3.9 2.84 5.23 2.11 2.4 7.79 6.79 4.24 4.59 6.2 4.04 3.38 4.29 3.92 4.05 12.02 3.09 1.24 4.32 11.89 9.61 6.56 6.39 8.36 4.27 5.96 4.36 4.93 1.85 2.24 3.71 2.87 4.43 4.31 6.02 4.38 6.81 3.75 4.33 4.99 3.47 2.4 1.9 5.45 7.81 10.59 5.07 8.71 5.96 5.54 4.32 10.75 6.37
6.81 4.2 5.04 3.65 5.35 4.47 2.82 3.11 2.56 3.63 2.24 2.48 2.18 2.54 2.05 4.8 5.03 3.91 2.85 3.12 2.81 3.38 3.86 5.32 4.95 2.29 5.85 4.74 4.12 3.13 10.06 15.66 6.68 2.99 6.93 4.16 3.53 3.25 3.34 3.49 2.99 2.96 2.8 6.46 6.37 10.14 5.25 8.3 7.59 4.37 5.54 7.02 4.6 4.26 3.75 6.54 7.4 7.95 8.98 9.2 7.37 14.43 11.93 4.77
4.52 3.24 2.81 3.07 3.37 6.26 2.41 3.52 5.2 4.56 4.32 3.26 5.1 1.8 4.36 2.95 4.06 4.8 5.19 2.99 4.96 5.1 2.24 3.84 3.92 2.79 4.35 7.92 2.52 4.62 3.29 7.33 6.08 5.81 4.49 5.0 4.86 2.25 1.91 2.45 4.41 2.13 4.75 4.92 5.9 9.95 5.61 4.12 4.55 3.18 8.93 9.32 7.77 3.89 3.31 9.61 9.5 19.79 8.52 7.25 11.52 18.18 9.58 4.96
5.86 3.46 2.58 2.72 3.27 4.36 4.0 5.2 6.52 4.67 6.09 6.15 3.81 3.05 3.59 3.05 2.72 2.67 5.84 3.74 3.13 4.22 3.61 3.75 2.26 3.17 7.02 7.47 6.59 4.24 4.86 4.57 3.38 5.76 8.03 5.01 2.99 2.71 3.42 0.84 1.72 4.85 6.5 8.7 4.48 7.53 5.81 4.46 4.58 5.57 7.24 8.36 8.85 5.18 3.31 6.56 12.02 8.85 14.98 12.38 9.94 9.62 4.78 3.94
10.02 5.17 3.58 2.9 6.58 4.6 8.23 25.47 5.97 4.11 3.88 11.92 3.73 4.47 4.69 2.68 1.91 2.75 3.41 4.32 3.12 3.79 4.49 7.06 4.21 5.44 8.43 6.25 6.0 6.15 3.52 3.78 4.86 4.01 2.26 5.04 2.8 1.62 2.31 1.89 1.88 5.23 6.67 7.07 5.17 7.18 6.89 6.38 3.42 3.54 6.66 6.36 10.39 4.31 4.21 8.96 16.53 6.85 12.87 19.99 6.52 9.16 6.37 2.8
9.45 5.92 6.06 10.06 15.83 7.39 7.89 11.81 10.76 3.6 4.33 7.64 9.17 3.79 3.03 6.41 6.3 4.15 5.37 4.9 2.69 5.4 3.31 4.01 6.36 8.06 6.38 3.82 6.31 5.76 2.87 4.36 6.79 3.83 2.49 1.9 2.06 1.73 1.56 2.3 6.07 4.21 5.52 3.99 4.99 9.0 5.78 6.39 3.62 5.14 8.7 10.22 6.97 4.56 9.04 9.76 22.0 16.79 10.2 18.59 13.1 6.15 5.4 2.92
10.63 10.26 13.08 10.58 9.9 12.81 5.48 7.32 13.95 10.86 6.43 12.49 11.83 6.71 7.4 10.95 6.05 5.78 8.79 6.06 6.89 6.06 2.98 6.88 4.3 5.46 8.73 5.5 9.21 6.69 9.91 5.7 8.73 3.32 3.12 2.29 1.64 1.53 2.38 2.72 5.59 6.42 4.72 5.27 6.43 6.43 6.78 4.63 3.64 7.74 9.09 11.38 10.05 7.38 7.64 13.32 21.02 25.76 12.54 15.8 12.24 13.32 5.01 7.25
7.85 7.74 7.39 12.39 9.11 9.8 7.42 6.17 5.25 12.76 9.8 10.19 5.84 4.35 8.52 9.64 14.99 8.77 26.9 7.3 9.75 11.16 9.09 4.32 6.09 10.7 7.1 5.83 5.46 15.37 7.99 10.45 7.36 7.23 5.41 3.35 4.71 5.75 2.92 3.81 8.46 6.46 5.77 4.07 8.11 8.19 10.01 10.5 3.91 3.51 3.68 5.9 11.7 7.7 8.9 16.45 16.07 11.32 18.84 30.42 9.85 9.96 7.37 6.37
7.15 9.52 6.2 6.47 7.85 5.61 6.22 3.87 5.9 8.54 13.26 11.53 4.98 5.06 9.32 9.98 18.19 25.26 12.1 11.49 12.21 8.2 7.75 8.09 6.43 7.61 8.94 4.49 4.25 8.96 8.34 10.17 15.55 8.98 5.75 7.52 5.58 5.16 3.01 5.86 6.85 7.31 8.3 6.62 7.24 7.51 7.41 9.53 3.74 4.16 3.25 4.39 3.99 6.43 8.02 21.22 18.11 8.42 20.83 24.03 8.06 3.26 6.88 6.65
