9.97 5.39 6.39 5.62 7.92 2.41 3.27 6.85 8.23 8.1 12.8 15.68 11.48 7.49 7.55 18.01 15.95 13.13 18.06 10.73 12.78 11.2 13.56 13.9 15.46 4.94 4.78 7.69 4.19 5.41 6.08 4.7 5.71 7.22 4.89 3.86 3.14 3.12 6.47 8.54 11.6 7.16 6.06 3.96 6.2 6.56 10.8 9.88 17.94 8.73 11.64 10.31 9.5 11.82 6.02 2.14 3.64 4.05 4.2 3.33 2.95 5.58 14.46 6.48
8.27 5.48 4.12 2.81 5.22 2.01 2.31 2.82 3.36 6.43 13.86 15.99 8.62 5.97 5.01 12.48 5.16 7.05 14.67 12.71 12.59 8.94 6.02 10.04 8.35 3.52 3.21 3.63 3.37 4.17 5.98 8.01 9.15 4.43 4.28 2.3 1.89 2.78 4.19 3.76 8.19 5.44 7.82 5.38 5.63 3.96 8.34 10.68 26.44 17.42 17.59 14.04 9.33 8.55 3.89 1.87 3.81 4.92 4.4 6.53 4.46 5.3 9.07 6.87
5.95 8.98 4.5 3.09 4.36 3.1 3.33 3.16 3.6 8.63 16.28 14.53 7.3 7.86 8.14 9.35 20.52 11.08 19.43 13.71 11.59 7.48 5.57 4.25 3.31 2.81 7.77 5.57 3.71 2.37 3.16 7.7 7.62 7.13 5.76 1.53 1.86 2.73 2.05 3.17 4.18 3.07 5.94 8.63 4.92 4.89 4.39 5.6 13.2 11.13 13.35 11.44 4.86 6.63 4.32 2.3 4.51 4.69 2.61 3.43 4.45 4.85 10.44 9.46
6.16 5.04 3.63 2.27 4.38 4.68 2.86 3.86 4.55 11.4 18.72 7.57 4.22 4.24 6.72 10.71 10.75 12.31 19.94 7.58 17.56 5.97 2.95 2.2 2.55 3.16 3.0 5.5 2.99 3.35 5.17 8.66 10.08 6.0 3.27 1.97 1.64 4.08 3.58 3.68 1.54 1.56 6.15 8.63 5.99 4.63 4.79 10.04 8.99 8.76 7.94 8.76 5.48 6.16 5.99 4.73 4.44 2.37 2.21 3.62 4.94 4.26 9.97 7.05
8.55 5.97 4.23 5.92 6.67 4.61 7.4 4.34 8.41 28.81 13.18 8.35 6.03 8.58 6.56 10.56 6.16 8.07 9.65 7.16 9.28 13.05 4.49 3.7 3.3 2.43 1.3 4.49 2.68 5.67 7.37 7.04 6.38 5.68 2.85 1.84 2.81 4.23 3.72 3.29 1.79 1.77 6.06 6.88 8.87 4.7 5.72 8.91 5.4 8.35 12.69 9.5 4.97 3.46 2.92 6.79 3.66 2.94 3.34 2.78 5.06 5.67 10.47 9.31
6.59 5.01 3.43 8.41 4.97 8.26 15.13 3.19 5.75 9.53 10.52 9.35 7.94 9.57 11.9 9.77 5.11 6.28 7.06 3.44 6.88 8.71 3.62 5.48 5.05 2.66 2.79 4.92 5.37 13.9 6.74 3.41 6.79 4.37 3.7 2.02 2.36 5.4 5.76 5.02 3.31 5.06 5.75 10.79 10.65 5.94 8.41 9.43 6.59 10.85 13.38 12.59 5.1 3.54 4.2 5.35 4.06 4.88 3.69 3.68 6.86 8.18 13.4 9.76
4.89 3.68 7.05 8.21 11.32 20.49 11.35 4.73 6.32 7.88 7.68 7.37 7.65 11.88 12.21 8.21 3.73 5.72 10.4 8.92 5.38 4.52 2.53 4.93 6.16 6.35 3.75 7.91 7.28 15.54 10.83 5.58 3.57 2.86 2.39 2.88 2.45 4.26 4.05 5.01 3.79 8.76 6.39 11.93 10.24 9.91 9.96 9.83 7.7 7.34 8.34 10.18 11.83 4.34 2.39 2.16 3.9 2.81 7.96 5.72 5.86 6.32 9.86 8.9
5.45 3.57 7.62 9.69 12.87 20.17 11.73 7.8 6.35 7.94 7.71 11.37 7.76 6.95 7.21 7.35 4.29 6.85 13.6 9.61 9.04 4.78 2.09 3.36 4.8 3.42 5.31 10.26 8.38 15.08 7.63 3.12 2.28 1.74 3.67 3.52 3.33 4.76 7.96 6.96 6.97 8.78 10.21 15.6 20.18 13.17 23.66 9.85 11.88 9.77 9.32 18.79 7.25 2.96 2.55 2.31 5.98 8.0 3.95 6.42 8.42 7.4 7.98 12.31
4.31 6.88 9.15 18.79 11.23 15.32 12.4 5.74 5.69 5.18 10.76 9.56 7.66 9.76 7.22 9.67 8.89 4.92 16.84 9.41 7.29 6.04 3.16 3.45 4.2 4.37 4.42 16.36 11.79 4.74 4.62 2.84 1.38 3.66 2.72 3.35 4.41 4.56 6.54 7.67 5.96 11.34 15.02 15.01 10.48 12.03 23.47 7.4 11.18 10.1 11.58 14.78 5.97 6.78 4.76 2.91 4.94 9.01 7.86 8.24 8.19 6.05 11.74 18.08
6.77 11.53 23.9 22.47 14.42 11.86 9.02 5.63 4.52 5.65 8.11 3.45 5.9 3.26 5.44 10.6 5.93 3.78 7.97 6.17 7.97 8.32 5.01 4.58 4.76 4.38 3.66 9.69 6.1 3.98 4.44 1.89 2.59 3.07 4.9 7.4 6.84 6.69 5.85 6.09 9.33 8.96 11.92 25.09 13.23 21.53 18.51 13.88 14.11 9.87 15.5 9.55 6.04 8.07 6.8 7.25 7.63 12.0 6.08 5.5 10.94 7.42 13.65 10.13
11.08 14.1 21.62 38.57 27.01 15.53 5.31 6.32 3.76 5.11 5.71 4.11 4.66 4.6 7.61 6.24 3.63 5.36 3.74 6.44 9.19 15.14 16.18 8.21 4.56 3.19 2.33 5.65 9.64 2.94 1.68 1.59 4.63 2.97 12.28 5.56 5.18 5.93 7.27 6.98 10.83 6.93 5.14 10.26 20.64 15.82 13.71 23.04 10.11 12.45 14.46 7.59 5.63 3.97 4.74 9.51 8.35 10.77 10.41 8.48 10.67 9.26 7.26 6.09
6.84 8.37 26.85 29.96 18.68 12.6 6.31 4.24 7.78 2.81 3.12 4.15 6.1 5.19 7.21 4.17 5.42 3.89 4.34 4.56 9.37 8.13 12.22 10.13 6.25 7.22 6.04 4.02 9.23 4.68 3.46 3.38 5.56 6.46 6.07 6.33 3.98 6.2 7.06 9.59 10.5 9.16 4.61 10.69 11.46 13.5 11.28 19.38 14.01 12.65 8.94 8.23 5.64 4.09 6.3 8.79 8.95 8.83 7.61 10.38 8.95 4.49 6.22 4.65
6.8 7.72 12.65 22.52 13.75 10.12 6.44 4.3 7.09 6.64 5.85 4.77 4.98 6.21 4.95 3.66 5.07 2.04 3.43 7.21 6.28 10.17 8.63 5.25 7.07 7.66 5.26 6.52 10.66 4.43 3.94 4.43 8.19 11.65 6.23 5.09 2.87 2.8 3.38 6.77 9.06 8.0 4.85 14.03 18.4 13.26 18.93 6.23 8.34 5.79 7.46 5.01 6.21 6.08 10.12 12.27 14.98 3.6 8.36 12.13 18.24 11.61 5.52 2.29
6.32 5.69 6.31 11.22 7.53 4.9 6.78 5.36 5.4 5.23 5.21 4.79 11.24 12.35 2.88 2.14 2.81 2.92 4.59 6.52 6.6 11.67 7.06 5.74 4.57 5.72 5.44 9.69 15.92 5.57 5.22 8.59 14.71 11.2 13.56 8.42 4.45 2.99 2.92 4.21 6.16 4.65 5.39 12.64 22.03 21.03 18.4 8.65 5.32 4.61 4.25 5.16 12.31 8.12 9.49 16.94 11.52 15.22 9.95 13.76 12.96 13.7 9.09 4.9
6.62 8.55 11.58 9.36 4.62 4.61 5.79 7.3 4.25 4.12 5.81 4.18 9.38 7.83 3.56 1.79 2.75 3.67 4.31 6.08 6.83 6.95 6.32 3.2 3.1 3.24 5.77 10.37 13.26 10.7 9.09 8.75 19.08 10.33 9.24 9.87 5.33 3.44 2.63 2.96 3.9 4.01 7.48 9.66 10.68 7.55 10.92 12.19 4.32 8.05 16.92 5.5 6.66 6.89 8.2 22.25 17.18 11.55 6.33 9.39 9.11 10.14 10.08 3.69
8.51 9.77 7.21 6.96 5.76 3.8 10.3 9.02 5.1 4.14 2.55 3.12 7.28 5.09 4.69 2.77 3.7 7.37 8.58 5.65 5.4 9.03 7.93 4.45 5.15 4.55 8.22 12.05 8.42 12.76 10.56 14.67 20.81 17.16 13.38 21.62 4.73 6.53 1.86 3.78 4.6 8.58 15.38 10.04 7.53 9.6 9.56 12.91 4.86 9.13 16.64 8.95 9.44 10.7 13.17 13.49 12.13 9.56 6.0 6.43 6.84 7.99 12.33 5.8
6.78 12.9 6.59 6.75 4.14 2.99 5.34 9.28 4.8 3.5 1.43 4.18 5.08 6.35 3.36 3.02 4.41 7.84 13.57 8.18 3.44 6.19 5.61 9.2 7.68 6.16 8.18 6.13 11.68 12.11 13.16 17.91 13.42 18.21 17.91 8.76 7.07 7.24 3.6 4.04 6.1 9.91 7.64 5.86 5.36 7.39 14.27 5.89 4.27 8.61 13.28 17.66 13.43 11.17 9.54 14.71 11.43 12.92 8.47 5.43 6.1 11.96 13.8 17.78
12.05 11.68 7.65 8.7 3.64 3.71 2.53 6.28 8.34 2.85 3.63 4.48 3.85 4.39 3.07 4.74 7.49 11.7 8.83 6.69 4.37 3.03 6.1 6.04 5.25 11.84 8.11 12.97 14.38 7.18 20.35 30.73 16.52 15.05 10.7 6.27 6.6 12.93 8.44 6.66 11.22 8.3 6.04 8.83 5.88 10.99 14.33 5.79 5.78 14.55 11.32 11.1 7.85 13.73 16.03 20.19 10.96 8.09 5.51 8.42 11.59 14.5 11.53 11.56
6.64 5.54 5.33 3.59 2.5 3.35 2.7 4.11 7.2 3.94 6.57 6.21 6.1 4.05 2.65 8.32 9.03 8.76 10.47 6.76 3.9 3.74 4.8 3.99 6.45 6.25 7.22 12.57 11.23 10.47 20.28 14.69 12.75 8.64 6.37 10.67 5.71 6.98 7.34 8.06 8.45 8.19 5.39 7.35 9.62 26.74 20.85 9.75 4.11 6.59 7.9 13.16 12.41 13.37 11.19 14.24 23.51 21.92 11.56 22.58 23.84 12.69 18.24 11.0
3.84 3.7 4.21 3.74 2.88 2.95 3.07 5.64 4.71 8.77 8.65 8.84 7.84 7.87 4.4 6.04 6.55 11.85 8.26 4.26 3.51 5.49 5.83 4.57 5.68 2.94 14.13 13.46 29.02 15.95 10.46 9.6 11.44 7.75 8.81 6.88 8.48 5.11 6.19 13.57 9.17 7.24 5.02 7.89 17.89 16.81 15.16 7.23 4.08 6.92 7.04 10.07 6.5 10.5 16.06 17.94 24.45 25.46 10.74 11.14 12.5 7.71 7.98 8.26
4.25 2.93 5.13 3.07 3.14 2.83 4.97 4.58 5.34 7.33 11.02 11.85 8.73 5.78 6.6 4.86 8.91 9.27 7.76 4.64 11.58 12.13 6.86 2.5 4.59 5.91 18.09 26.75 24.27 18.73 11.71 12.83 10.69 7.85 4.87 5.84 6.8 9.76 7.87 13.33 12.58 12.66 6.85 13.16 15.23 10.79 11.57 8.42 5.51 5.63 5.02 11.58 9.51 8.88 17.3 27.75 30.1 27.39 12.52 8.87 8.12 5.24 5.2 4.99
4.93 4.3 5.69 3.69 2.9 3.37 3.46 4.98 5.46 4.77 7.28 6.47 8.71 9.21 8.55 5.64 6.17 5.94 9.42 7.7 11.1 15.99 22.18 7.02 7.79 7.57 6.09 8.59 12.86 26.41 12.3 10.47 11.89 11.07 10.28 13.08 9.09 6.11 5.09 5.89 18.2 12.09 10.72 11.85 14.21 9.99 10.36 4.91 4.93 3.4 8.23 11.94 15.13 13.2 11.29 11.54 19.98 20.76 22.18 16.72 11.42 2.64 4.68 3.71
5.93 11.18 10.81 9.01 2.88 3.45 3.18 4.59 7.71 6.45 10.26 6.73 7.48 10.55 8.02 9.48 6.37 5.01 8.6 9.92 21.79 26.79 19.64 6.24 6.95 10.88 8.6 9.73 12.34 6.43 7.51 7.19 8.58 24.98 22.57 9.44 10.58 6.82 8.7 6.17 8.33 6.79 8.34 11.49 10.97 11.35 4.7 3.3 5.72 7.22 10.75 25.85 14.22 19.1 8.5 7.97 12.85 25.83 18.03 17.07 10.23 3.77 3.07 2.51
7.57 14.2 14.67 6.76 4.22 3.79 2.58 2.78 5.43 7.18 12.74 7.83 6.18 4.89 8.01 7.98 12.92 9.45 13.09 20.14 19.96 13.57 14.14 8.46 12.46 13.21 8.22 7.35 8.63 7.93 13.59 8.97 8.5 14.01 14.72 14.53 11.83 6.93 10.77 6.73 8.93 10.98 4.86 8.26 9.66 7.94 6.11 4.69 2.59 7.52 17.14 15.69 19.9 14.21 6.23 10.54 14.93 18.37 15.73 9.07 11.22 4.26 3.19 2.5
9.06 8.65 13.84 9.48 2.8 3.4 2.67 3.61 5.94 9.48 7.02 8.33 3.86 4.49 7.5 11.13 15.05 13.85 11.67 15.18 10.84 13.6 21.0 12.63 12.66 6.6 3.09 5.94 5.99 16.3 17.92 14.21 9.48 12.78 26.47 17.96 7.01 4.85 6.61 14.41 7.83 4.08 4.23 7.86 8.93 10.25 9.15 6.24 3.4 5.83 10.26 9.11 14.24 7.82 9.11 6.03 23.31 29.0 19.38 8.11 14.44 3.69 3.77 3.56
6.81 7.42 6.53 7.07 3.35 3.71 2.16 3.19 3.86 5.86 7.11 8.81 3.86 4.83 7.35 13.93 8.88 7.44 15.52 11.0 12.95 15.09 26.57 11.07 14.43 6.77 4.33 5.39 6.07 9.64 23.71 12.07 14.47 11.54 24.02 13.59 4.58 3.95 8.76 7.38 5.88 3.92 4.12 6.11 6.31 8.52 9.23 9.7 3.32 6.11 8.2 7.62 5.77 4.25 4.22 8.74 10.38 25.0 13.63 9.4 7.66 5.16 5.02 4.44
5.17 5.04 4.28 6.08 3.22 2.39 2.91 4.6 3.1 2.95 3.07 5.74 7.01 6.79 7.54 12.39 12.61 8.62 13.33 24.14 9.96 18.38 33.39 9.31 13.43 11.04 4.16 5.91 5.95 9.98 13.19 9.28 5.54 7.2 14.89 7.6 6.98 7.62 6.56 6.42 4.29 3.17 3.72 5.59 5.2 7.79 10.58 11.57 5.11 5.39 6.89 5.29 5.12 8.94 7.35 9.06 11.3 24.83 15.37 12.01 8.34 8.75 8.9 7.25
6.96 3.92 4.13 4.12 5.94 4.14 3.56 3.46 3.13 2.89 3.5 4.46 7.91 6.18 11.48 18.57 10.18 3.74 9.16 14.37 15.12 18.99 19.34 9.52 9.25 5.27 4.29 5.56 4.0 9.56 5.79 5.5 7.93 5.11 8.28 8.28 5.3 8.31 8.71 4.07 2.57 6.69 2.89 4.0 5.16 4.71 4.76 7.47 5.36 8.87 4.47 4.3 5.61 9.38 9.39 6.11 8.24 14.77 13.27 16.02 6.67 7.17 3.12 3.63
8.21 7.06 5.31 8.74 5.51 7.22 4.41 4.05 3.74 6.95 3.47 8.54 11.78 13.18 13.38 32.47 6.47 5.41 10.23 7.23 15.45 17.13 20.05 13.33 6.13 11.51 6.53 4.73 7.98 5.19 6.53 8.85 6.74 10.4 9.17 6.1 8.94 5.33 7.51 7.96 5.05 8.33 10.51 9.55 6.68 10.16 2.65 2.89 5.96 9.1 8.9 10.88 10.36 16.91 7.83 4.94 7.55 11.22 24.13 11.79 7.57 6.71 4.14 3.74
14.28 13.09 8.05 8.11 3.46 4.69 7.06 2.41 4.16 5.27 7.56 6.79 11.18 8.22 7.36 12.55 8.85 5.56 4.53 2.69 9.73 11.74 21.1 13.1 7.88 9.92 2.85 3.14 3.69 6.48 10.0 11.52 12.27 12.71 6.83 5.01 8.49 10.11 7.03 10.04 7.14 16.03 20.29 18.22 13.02 8.07 4.12 4.98 4.16 13.14 11.43 8.2 13.63 12.49 8.99 14.0 8.92 19.76 14.18 8.61 14.15 7.99 4.81 7.15
10.24 19.46 7.7 12.39 6.67 5.69 11.0 5.33 10.65 11.77 11.21 11.46 6.99 8.17 10.68 5.85 8.26 6.28 3.06 4.8 5.57 14.42 25.49 16.22 10.53 11.43 2.83 2.16 3.21 6.89 5.5 12.15 12.34 12.65 11.8 6.2 13.11 6.96 4.3 10.4 9.98 12.59 9.42 11.32 20.32 11.82 12.74 5.06 8.84 10.03 8.19 5.24 8.66 7.03 16.58 9.26 16.4 22.33 19.2 16.55 6.41 5.52 5.61 4.02
14.21 20.45 16.06 7.15 3.01 7.2 11.08 11.56 10.9 6.73 9.55 12.88 6.65 7.69 6.9 4.9 4.62 8.03 5.65 4.48 4.62 8.29 24.77 14.29 15.24 9.0 6.45 3.9 2.95 3.71 5.2 6.4 23.61 11.35 11.28 6.58 10.14 4.81 8.34 12.85 10.78 18.66 12.25 18.4 19.24 10.9 10.03 8.86 8.99 12.5 10.2 6.38 5.66 6.97 9.57 12.03 27.49 21.69 17.68 11.5 4.44 9.27 7.71 7.24
35.12 22.19 20.51 14.39 7.77 9.59 13.39 9.2 21.07 9.22 6.97 8.25 8.47 11.91 9.35 7.24 4.9 6.42 7.1 3.31 4.95 5.85 14.18 9.42 8.32 6.73 9.96 4.5 2.32 1.56 4.74 6.61 22.32 15.56 10.63 6.7 4.37 3.32 7.64 11.84 16.55 22.57 15.5 17.25 13.1 9.53 6.81 8.63 7.25 7.3 6.66 4.69 6.53 12.84 22.13 26.42 17.28 17.01 11.06 5.25 8.07 7.63 9.8 8.46
15.47 14.47 21.58 9.69 10.53 13.21 10.62 12.42 18.37 9.01 6.26 6.72 15.04 15.41 6.19 7.57 6.93 6.58 7.42 6.89 6.48 5.99 12.11 9.72 8.97 10.39 8.67 6.67 4.05 3.29 4.67 9.28 22.11 26.07 14.6 7.99 3.93 4.12 8.54 15.7 16.13 10.62 10.38 14.84 8.27 9.21 13.77 3.84 8.75 6.55 7.8 6.91 9.85 12.04 24.19 20.93 22.61 30.65 10.37 4.11 8.21 7.84 9.85 7.46
8.14 12.81 15.26 8.28 10.23 13.24 5.73 9.11 10.0 7.31 5.52 6.46 12.28 12.43 10.95 9.91 8.97 5.38 4.13 5.2 7.12 5.16 14.37 10.62 10.38 7.63 10.58 10.56 7.1 3.76 4.82 14.31 24.53 10.03 15.88 6.03 4.7 7.66 7.65 13.88 14.6 9.56 11.96 9.18 5.12 6.95 6.21 5.43 8.29 7.83 14.6 13.29 10.57 23.52 17.08 20.06 16.12 18.47 8.12 11.97 7.38 14.33 11.94 7.68
8.94 11.24 10.43 6.89 9.26 4.96 4.92 7.27 7.86 6.46 7.16 9.29 13.96 17.07 10.26 11.5 8.41 5.44 4.89 6.31 3.59 4.58 6.24 8.75 10.85 13.92 13.87 13.99 8.81 7.74 5.82 11.29 9.22 6.02 7.87 5.76 7.11 6.8 9.34 13.28 8.55 5.81 7.48 5.62 6.03 5.46 4.04 9.15 5.42 5.23 13.23 13.44 11.51 12.68 9.5 13.33 19.27 24.2 9.24 8.71 6.67 6.5 7.47 5.0
10.37 10.47 8.04 7.57 8.83 8.63 9.74 4.71 6.2 8.72 8.55 14.22 15.43 14.66 11.27 13.88 10.76 9.2 6.76 6.25 3.33 4.45 6.08 12.71 10.58 21.59 21.59 17.31 11.5 7.42 5.77 4.58 2.94 4.87 3.64 6.48 13.69 8.38 6.42 5.11 5.02 4.98 6.15 8.29 5.04 6.03 6.42 5.06 7.59 6.58 7.65 10.38 5.7 7.49 8.09 12.81 16.47 10.87 6.5 5.03 10.88 6.77 2.6 4.47
5.16 9.2 7.58 10.31 9.62 6.18 4.94 8.01 4.12 5.18 4.68 7.47 8.7 11.11 10.07 10.71 6.98 6.96 10.15 8.34 3.87 3.72 8.17 7.65 14.43 31.94 16.72 13.61 8.26 2.98 5.48 4.42 4.0 6.09 4.45 4.35 6.76 13.42 8.95 8.66 7.62 6.13 8.06 9.85 5.84 4.43 3.62 6.74 8.01 8.27 9.85 7.28 11.2 7.13 8.11 17.96 7.58 4.49 5.51 3.96 6.52 8.07 4.14 2.86
6.75 6.11 16.07 10.83 11.13 10.99 8.6 7.43 3.73 6.73 5.39 10.74 15.35 8.0 7.46 6.32 4.52 12.64 14.86 10.2 4.32 4.37 11.44 16.72 18.98 14.79 6.88 8.42 4.33 5.52 4.11 4.65 5.44 7.55 4.62 4.1 5.34 6.64 6.1 8.9 4.52 8.19 6.48 5.68 8.44 2.89 4.06 3.71 2.63 8.77 10.39 9.04 16.23 4.9 8.25 9.53 4.14 4.84 2.57 4.3 5.95 4.06 2.94 3.39
3.39 4.93 9.56 10.01 10.34 8.59 9.8 5.71 6.77 8.01 4.91 6.96 7.63 10.01 6.92 5.22 6.07 8.83 15.22 15.4 8.08 8.64 13.1 10.95 16.99 21.97 11.98 9.77 7.75 6.47 6.52 5.39 7.37 13.75 8.58 6.93 11.51 10.81 8.56 6.12 10.34 5.26 9.7 10.47 12.1 6.46 7.16 3.58 7.56 13.88 9.91 7.16 7.54 6.51 8.83 5.77 3.7 4.5 2.25 3.69 3.19 4.84 3.08 3.41
3.54 4.95 11.85 15.06 9.02 7.05 6.03 4.94 6.44 7.0 4.71 10.14 7.85 14.62 7.5 4.2 6.86 5.57 18.97 13.8 4.1 6.88 6.47 6.95 15.47 10.22 6.54 6.49 12.92 9.77 7.57 6.42 5.98 11.03 7.18 5.1 7.8 7.12 6.23 10.02 14.27 9.03 7.3 7.18 3.89 7.75 7.46 8.18 13.02 12.87 6.98 11.59 5.14 8.78 5.67 5.76 3.31 3.58 3.34 2.85 4.49 4.48 4.76 5.75
7.84 5.91 7.72 8.36 8.13 2.46 3.13 5.86 7.36 9.07 9.09 8.46 13.21 10.26 6.62 8.39 11.4 6.36 12.41 7.27 6.88 7.82 7.71 5.34 8.06 11.41 9.72 14.92 22.7 19.7 23.25 15.08 8.82 10.39 11.61 6.64 9.39 6.71 4.75 11.14 10.02 7.88 7.82 5.07 8.07 7.29 6.8 15.16 12.33 12.6 6.77 8.29 5.36 5.33 5.6 5.04 3.86 3.67 3.61 4.0 6.0 5.7 6.44 7.51
6.42 4.17 3.91 6.43 4.51 1.67 3.27 3.6 7.81 12.5 3.74 8.76 10.24 6.5 7.36 10.75 3.82 2.83 3.0 5.16 5.81 9.96 5.23 2.94 3.99 15.84 8.37 20.18 15.06 25.34 23.95 20.2 10.61 13.79 12.31 9.98 12.11 10.84 7.04 5.61 6.09 5.49 12.42 7.44 8.07 7.83 13.97 11.42 19.52 9.93 6.53 5.8 5.47 3.88 12.4 7.69 4.95 5.51 5.13 3.32 10.51 14.37 10.44 10.77
2.63 3.84 4.35 5.47 3.54 3.78 2.97 5.08 10.61 5.93 5.02 10.79 19.99 15.15 9.08 7.9 6.04 2.39 1.95 3.85 3.87 4.1 8.7 3.92 5.74 15.8 15.4 11.66 30.25 22.63 21.71 22.54 14.98 11.0 29.23 11.19 10.48 8.1 10.49 7.14 5.36 3.81 6.19 4.57 8.24 7.7 10.83 8.18 7.13 6.71 6.1 4.59 4.24 9.12 11.71 10.9 7.85 5.82 7.37 4.59 3.86 6.97 6.52 9.84
3.17 4.18 7.88 5.92 4.87 4.03 4.8 9.15 11.09 5.77 6.67 10.44 16.97 12.67 12.58 11.33 6.15 2.29 1.26 3.53 6.38 6.55 5.36 6.19 5.67 15.38 23.09 15.62 26.6 26.94 23.78 44.08 29.61 16.92 20.41 7.51 10.44 10.38 12.88 9.18 3.9 3.79 4.95 6.49 8.95 7.35 7.2 8.72 8.85 5.83 6.5 10.3 5.63 8.21 12.69 6.41 5.94 7.75 15.91 5.41 5.9 3.83 3.38 7.03
3.09 4.02 8.34 4.34 2.99 2.61 5.94 9.54 8.83 7.27 5.77 5.23 10.65 11.33 10.69 5.85 3.39 1.82 2.0 7.69 6.74 5.88 6.75 4.59 7.94 22.61 18.49 21.89 16.52 21.58 36.41 40.19 36.59 25.88 14.68 9.69 12.66 8.29 10.76 10.87 5.8 4.18 6.22 5.55 8.78 8.94 6.14 4.62 9.94 8.61 17.6 8.03 6.95 10.21 7.79 6.18 6.92 5.53 17.35 8.0 4.9 4.02 6.43 7.54
5.04 11.83 5.26 5.46 1.89 1.65 4.31 9.06 5.02 7.68 11.47 7.19 12.38 11.61 4.35 6.31 2.45 1.48 3.93 5.3 5.83 4.16 6.26 4.72 6.51 11.94 16.52 17.23 22.11 29.69 31.34 19.1 15.34 20.0 12.98 10.18 8.28 8.52 8.71 10.5 7.1 3.87 4.33 5.69 5.39 5.82 5.28 6.64 16.72 9.77 11.22 7.49 9.73 15.04 13.76 11.09 8.34 6.5 12.62 12.98 6.02 3.47 7.07 11.75
7.68 10.91 4.21 3.44 2.6 1.44 3.84 6.77 4.05 4.9 8.01 4.94 11.52 8.03 7.6 7.91 3.07 2.44 2.32 4.83 7.54 6.3 3.72 4.56 4.22 12.09 29.34 24.85 19.42 21.5 21.37 32.29 19.21 20.82 9.83 12.67 15.19 8.76 11.06 9.0 5.12 7.53 3.57 5.36 9.02 7.15 5.56 10.78 16.73 7.82 10.2 9.83 6.28 11.22 7.27 14.5 12.57 6.9 7.47 10.19 6.23 6.25 7.07 8.5
8.5 9.58 3.33 3.1 2.04 3.64 6.94 5.39 3.08 4.17 5.67 7.57 15.69 6.19 5.93 7.08 2.92 3.76 2.18 6.5 4.15 3.28 2.47 4.32 3.4 10.82 10.87 10.66 11.04 24.13 17.23 20.55 16.22 13.26 16.96 10.44 13.8 7.12 8.26 8.61 7.44 5.26 5.82 4.85 7.14 6.66 4.45 6.26 14.04 13.1 10.79 11.94 5.13 6.92 11.31 15.24 21.13 15.44 6.31 11.37 7.65 9.98 14.84 14.35
10.63 10.25 7.72 2.85 3.5 7.47 6.14 5.59 2.96 4.55 13.67 11.57 15.33 11.47 6.75 6.01 3.52 2.59 3.27 8.08 2.66 3.58 5.71 4.73 7.54 14.67 8.96 11.61 9.7 14.6 19.17 28.93 26.59 18.61 17.94 16.85 13.68 7.8 4.58 9.6 8.53 11.03 10.61 5.01 3.84 4.45 1.65 5.65 6.1 6.05 5.8 6.71 6.43 9.7 18.4 13.94 9.52 8.24 5.07 5.38 5.77 7.07 17.15 9.15
7.22 16.45 4.3 2.35 6.59 5.01 6.87 4.76 2.81 6.98 8.25 7.32 10.81 9.69 3.48 4.33 2.49 2.19 1.91 6.77 3.58 7.4 5.96 5.03 9.07 9.74 10.99 6.95 6.19 10.44 16.18 32.7 22.56 15.22 14.96 12.09 16.47 11.92 7.84 16.42 14.03 10.9 8.99 7.65 6.72 4.57 3.04 3.39 8.97 4.92 4.77 8.28 12.41 10.8 15.8 13.43 18.18 14.8 8.9 5.46 10.97 10.83 7.93 7.04
12.27 11.34 2.67 3.34 3.75 5.09 6.76 2.94 7.47 8.45 7.05 9.28 9.67 11.2 5.89 4.05 2.83 3.05 3.15 10.14 5.21 5.65 4.44 5.94 9.92 10.1 9.68 7.22 7.82 13.8 21.11 12.53 8.74 8.26 8.36 11.1 26.75 15.88 8.9 4.75 7.94 9.65 9.56 6.05 5.26 1.82 2.33 2.29 7.32 4.72 6.2 3.93 7.91 10.27 15.32 16.76 12.59 15.88 9.79 13.81 14.9 13.44 3.96 7.02
10.66 10.18 4.84 4.01 4.7 6.08 4.23 4.63 8.68 5.45 6.73 6.68 13.44 8.94 11.47 8.14 5.16 4.24 4.99 4.47 6.39 3.0 2.57 4.78 9.79 8.61 27.21 18.63 13.35 25.16 13.9 6.11 6.69 4.81 8.5 28.76 21.57 15.15 11.71 3.56 5.16 10.03 10.29 5.92 4.13 3.49 2.35 2.69 6.34 4.62 3.73 5.05 7.57 18.72 24.13 14.7 13.99 11.32 6.48 18.24 15.16 12.19 4.75 5.56
12.24 8.77 5.54 3.7 9.56 9.33 7.44 5.01 7.46 4.32 4.82 6.92 18.03 13.93 12.65 12.85 7.3 6.04 5.06 3.35 5.91 2.87 3.36 6.22 7.65 6.9 21.66 18.24 13.18 15.13 8.86 6.6 6.61 6.95 6.55 10.08 19.19 15.48 5.59 4.87 4.16 4.76 10.43 4.0 3.08 3.17 1.55 2.08 5.47 4.41 4.23 8.55 9.67 9.38 11.05 10.5 24.03 18.1 11.95 10.91 17.04 10.93 4.52 5.06
10.84 9.27 4.02 4.86 11.32 5.3 12.16 6.35 9.56 7.62 5.61 8.22 15.87 24.21 12.5 9.77 7.33 7.36 4.83 4.21 4.65 4.57 2.31 5.29 7.46 8.46 17.22 6.96 6.41 11.86 8.65 7.36 4.13 6.41 6.64 11.71 17.86 8.63 4.4 4.21 3.67 6.0 5.3 2.47 2.62 1.61 2.23 3.18 6.33 5.38 7.24 8.18 10.63 11.48 9.11 18.33 24.56 15.81 15.89 13.92 17.51 16.23 5.52 4.47
8.74 9.36 5.13 6.6 5.72 7.68 10.72 8.16 7.26 4.7 8.45 14.01 18.82 15.5 11.78 11.64 10.44 12.15 6.02 4.21 4.19 3.99 9.14 6.55 9.22 11.93 11.32 8.36 6.45 7.76 5.17 3.37 5.12 8.62 7.87 7.34 10.12 7.35 5.76 4.7 2.51 3.59 4.67 2.87 3.2 2.36 3.28 3.4 6.48 3.98 5.53 12.89 14.58 7.91 13.54 14.48 18.01 9.54 11.87 25.8 19.61 12.44 8.12 7.39
6.35 4.27 4.15 4.78 5.0 6.43 12.09 8.49 8.83 6.31 8.32 10.87 10.94 8.04 8.26 12.86 8.41 15.61 6.32 2.78 5.61 8.35 6.79 6.16 5.16 9.1 9.59 9.99 4.36 4.81 3.29 2.27 3.24 7.66 4.34 8.82 14.54 10.98 6.34 3.2 2.53 3.16 3.49 2.72 4.66 5.52 2.68 8.2 10.25 4.17 4.19 7.01 9.26 10.23 13.27 19.22 18.29 18.64 15.23 16.33 38.79 17.76 14.62 18.45
5.34 3.49 4.86 3.06 2.83 6.96 11.5 13.17 10.55 10.76 12.95 15.17 12.93 13.14 4.2 6.48 5.18 14.71 7.4 10.11 6.41 5.02 4.74 3.65 6.88 14.81 8.07 8.78 8.34 4.47 3.93 2.01 2.1 6.19 8.74 5.92 15.0 12.02 10.62 3.42 3.14 2.04 2.76 1.79 5.01 4.83 4.12 5.44 12.61 5.66 3.5 4.2 4.76 8.03 14.84 18.03 13.39 10.96 6.87 13.57 47.73 26.25 14.94 15.65
2.42 3.41 3.95 1.89 2.88 4.68 9.28 11.92 7.83 5.71 8.34 15.98 13.1 8.58 3.49 4.47 7.66 10.64 6.92 3.34 2.41 3.72 5.64 6.49 8.17 5.91 8.58 8.66 8.11 5.44 2.78 2.57 2.82 4.34 4.46 6.01 5.84 10.14 13.58 5.45 1.62 3.14 1.96 4.37 5.77 5.16 7.6 7.69 11.52 6.13 2.44 5.74 5.6 15.24 30.42 19.61 12.45 9.35 9.6 19.58 21.82 29.02 15.95 14.14
1.78 4.69 4.28 2.57 2.63 2.75 7.54 15.1 10.03 6.55 6.47 6.89 9.67 14.97 5.12 4.76 5.14 3.4 5.99 4.9 5.75 5.18 3.49 4.43 8.25 6.02 4.76 4.31 7.05 6.4 3.41 8.19 2.83 2.94 4.96 2.71 2.89 7.32 6.2 4.24 1.94 1.49 2.4 3.75 2.83 6.8 7.77 6.38 10.14 3.17 2.62 5.25 6.78 10.9 19.09 16.72 15.92 23.79 32.55 25.96 17.67 20.18 13.43 7.77
3.01 7.54 4.59 4.17 2.96 4.88 9.21 13.71 9.69 11.49 6.53 6.35 10.4 10.55 3.32 3.67 4.14 5.27 7.41 7.34 5.4 3.87 5.71 8.36 7.73 9.16 3.81 4.24 4.23 8.11 6.29 6.66 4.43 5.3 3.8 3.33 4.21 5.14 6.82 3.55 2.3 1.51 3.65 3.16 4.29 6.71 5.16 7.34 6.05 5.66 7.87 5.8 6.14 12.45 14.06 21.65 10.2 30.94 33.08 26.09 10.6 10.31 13.2 8.49
5.81 14.39 9.6 6.69 5.56 2.9 8.07 12.14 10.51 22.51 15.64 6.29 9.83 3.07 6.07 5.36 9.43 6.74 6.01 5.62 6.97 4.29 9.4 10.94 10.38 6.51 5.9 5.77 3.75 7.36 6.66 5.37 4.12 2.97 3.44 3.91 2.91 5.97 6.98 5.73 2.84 1.67 3.97 4.43 2.22 4.42 2.97 6.09 6.18 5.79 5.83 11.99 10.64 13.14 12.47 13.22 9.47 24.19 41.39 23.46 7.33 7.75 16.62 8.96
11.95 14.3 8.34 5.23 7.31 4.36 7.68 10.01 14.76 38.31 16.29 10.41 9.54 5.3 6.87 6.06 7.01 6.12 6.71 8.7 5.24 5.03 5.75 12.09 9.64 6.6 6.75 7.38 4.38 7.69 8.44 10.57 3.84 2.53 4.1 3.02 5.08 7.55 5.75 10.09 2.75 2.95 3.77 3.85 3.12 5.75 2.6 3.55 6.49 5.41 6.18 9.43 14.18 10.49 13.15 15.03 16.98 9.68 33.38 8.01 6.71 8.56 15.87 9.12
11.39 11.36 4.34 2.78 7.08 8.13 15.09 10.08 10.72 22.34 21.59 15.17 14.11 10.56 4.13 5.83 9.04 7.75 6.72 4.68 5.4 4.25 7.05 12.14 6.85 9.57 7.39 5.47 8.18 6.96 10.34 6.84 3.81 2.87 3.56 2.52 3.67 4.06 10.46 8.2 4.49 2.36 2.35 2.73 3.75 5.95 4.86 4.79 5.95 6.5 7.55 4.89 10.59 9.24 11.37 15.51 16.61 14.02 10.91 5.11 4.17 6.51 11.64 9.36
