12.0 10.58 4.14 3.94 9.94 9.74 3.62 10.5 9.02 10.96 8.79 4.79 8.62 16.04 10.91 20.72 33.92 20.92 13.38 7.92 7.83 6.84 6.54 6.26 9.5 11.0 26.17 9.35 5.98 4.89 3.19 6.96 6.51 4.22 5.38 5.7 7.28 5.22 9.5 7.25 6.79 2.83 2.39 3.68 6.2 19.65 15.75 11.23 12.0 7.34 5.95 6.02 7.56 11.79 9.25 6.71 6.75 10.17 12.37 5.79 4.84 7.09 3.94 1.88
10.84 7.46 5.29 8.09 9.96 10.59 7.98 12.44 13.45 10.98 10.65 7.26 8.28 7.13 8.92 13.12 12.61 9.04 5.28 5.1 3.33 8.1 4.16 4.16 8.75 14.63 17.99 13.42 5.48 4.19 3.34 5.77 6.45 10.19 6.58 7.13 5.79 8.43 7.15 7.48 3.35 3.21 3.11 2.45 6.31 15.67 9.91 8.68 11.51 3.3 6.44 5.73 5.91 8.7 4.66 6.95 7.34 7.9 6.44 6.37 4.9 5.97 2.73 1.6
31.82 11.61 7.7 9.95 8.3 15.81 12.63 8.24 8.91 7.87 12.81 11.45 11.34 8.44 11.37 12.0 11.01 4.41 6.44 4.27 3.89 9.44 12.38 7.26 5.89 9.44 8.37 10.53 8.08 3.71 5.25 3.86 6.8 10.29 11.53 14.79 5.5 6.94 4.27 9.51 5.57 3.8 5.1 6.26 7.06 7.39 11.8 5.32 3.42 2.15 4.32 4.36 11.06 10.38 4.14 7.86 4.94 8.13 5.62 5.38 4.55 3.7 2.83 2.62
26.59 26.73 10.75 12.05 8.23 8.82 13.35 7.03 4.83 9.67 5.57 12.26 10.19 16.16 24.78 27.37 17.32 7.14 6.03 4.91 5.18 6.92 5.92 4.23 4.95 8.78 8.17 9.02 6.92 4.03 7.91 5.92 7.46 8.76 16.55 9.18 5.66 4.26 7.24 8.56 8.87 10.3 14.4 9.21 8.93 5.36 10.37 7.19 5.07 2.95 2.49 2.7 4.02 6.33 8.31 6.18 11.55 11.34 6.4 5.81 5.53 4.09 3.92 2.98
23.79 52.61 20.79 8.93 7.99 4.88 9.78 7.67 5.34 2.47 6.88 5.36 8.13 17.01 22.89 25.82 9.51 6.2 7.14 8.66 8.48 7.78 8.94 6.08 4.98 7.56 8.05 10.81 6.65 6.34 5.63 6.42 9.85 18.55 14.27 13.31 4.07 8.49 4.58 11.83 13.41 25.97 16.18 8.88 2.72 2.91 5.39 7.23 6.88 5.84 1.9 4.42 3.26 4.95 5.36 7.22 9.82 5.61 4.31 3.7 5.79 1.62 2.51 2.65
23.09 29.81 27.64 7.69 5.02 3.15 5.3 4.85 2.67 2.19 7.43 9.32 7.15 17.85 45.83 16.69 6.83 5.02 2.67 2.97 5.45 3.28 7.48 9.19 5.02 6.72 10.42 14.27 11.94 15.74 6.06 10.87 13.47 13.61 14.7 11.29 10.63 7.28 6.72 17.79 11.3 22.8 20.37 3.77 4.59 2.7 5.9 6.05 6.88 2.89 2.46 4.06 4.54 1.84 3.76 9.84 12.6 5.62 7.88 4.16 2.28 2.32 1.51 2.19
16.15 29.93 25.79 7.21 3.02 7.32 6.74 3.81 4.46 4.24 5.66 9.04 9.25 11.9 10.42 8.05 6.87 3.87 3.24 3.37 5.47 2.91 5.86 4.9 4.86 4.86 5.66 7.41 11.59 15.05 10.32 10.88 12.62 7.44 6.25 11.35 15.11 9.69 14.48 21.05 19.35 12.96 12.62 3.98 5.43 5.57 7.15 5.99 9.75 7.26 6.16 6.82 6.55 1.7 6.74 12.58 16.62 8.37 4.85 2.51 3.62 3.33 2.51 4.37
13.51 15.56 18.02 10.17 6.95 7.21 6.82 7.2 4.09 4.44 5.5 4.7 10.09 9.35 9.19 7.52 6.17 5.67 4.56 9.26 5.35 6.37 3.8 3.29 1.8 2.09 4.83 6.56 17.81 12.08 12.3 17.74 9.35 4.38 5.72 10.73 7.97 20.45 6.78 15.72 28.62 18.74 9.26 10.55 5.63 9.69 7.52 7.27 8.3 11.01 6.31 10.01 4.37 4.14 6.47 10.36 9.05 7.0 5.04 4.74 2.51 3.93 6.45 2.97
10.57 7.88 18.82 13.67 5.49 7.55 15.16 8.34 5.33 7.33 3.99 2.38 6.65 6.02 8.28 3.7 6.09 3.55 4.96 4.89 3.84 4.36 3.45 2.01 1.9 2.97 4.13 4.2 11.64 15.72 15.97 15.39 9.37 6.86 4.99 6.15 9.9 12.09 10.08 14.02 24.56 19.51 8.82 8.1 5.25 7.13 9.67 16.4 10.02 7.6 8.46 6.1 13.75 12.13 14.47 15.65 11.78 10.39 6.03 5.73 4.75 3.3 4.35 3.99
4.7 13.92 7.62 6.36 8.28 11.01 6.42 7.72 3.7 3.97 9.78 6.13 7.53 4.43 4.73 6.38 6.17 4.15 5.36 2.98 4.46 2.61 2.97 1.89 3.09 1.7 3.04 6.23 12.58 11.68 7.6 18.17 14.2 4.96 5.44 5.35 4.71 8.27 8.92 15.24 13.7 10.37 7.34 7.02 6.51 7.87 18.51 20.51 13.13 8.49 8.62 10.46 13.17 8.91 17.95 16.82 12.75 4.26 9.81 7.54 4.58 3.81 4.24 7.94
2.37 13.05 6.46 6.31 6.26 5.8 4.51 3.76 4.84 5.39 15.58 11.58 5.45 5.8 3.21 5.84 3.85 5.28 5.14 4.13 4.38 5.32 3.14 3.79 2.43 1.79 4.33 4.74 5.31 7.3 7.34 15.48 16.72 8.39 5.65 7.89 5.88 8.12 7.24 16.06 5.44 5.45 7.75 8.4 11.37 16.67 16.37 10.08 7.83 5.5 8.86 9.59 6.94 6.33 6.85 23.74 10.39 3.85 3.32 3.41 3.23 7.09 10.65 15.6
3.37 10.68 8.08 5.07 3.5 3.31 4.48 5.0 7.96 10.07 11.65 5.27 4.12 3.95 4.14 6.51 3.68 3.18 4.76 6.98 4.03 5.97 4.77 2.67 5.69 3.47 4.96 9.68 5.28 6.84 8.99 8.98 11.84 6.62 5.95 7.03 8.73 4.74 6.12 10.53 3.8 7.7 8.14 7.81 15.67 19.51 18.55 12.18 7.98 4.34 3.3 6.93 5.8 8.15 10.86 14.22 8.65 2.84 3.25 2.85 6.24 8.84 18.53 23.62
6.62 8.5 5.28 5.89 2.59 4.26 4.18 5.01 10.12 5.25 7.64 4.18 3.04 4.03 8.19 9.23 8.15 3.34 5.25 10.13 9.68 4.33 4.55 2.06 2.55 2.61 8.2 9.57 9.81 4.26 10.65 12.12 11.91 10.89 8.92 7.12 7.39 4.25 6.79 5.79 4.63 5.82 4.56 11.76 13.64 10.85 11.11 12.9 4.64 4.85 3.31 5.46 4.88 12.82 6.2 8.7 8.77 3.65 7.14 9.48 10.0 9.87 9.57 14.47
4.65 6.44 3.23 2.3 2.31 4.96 7.09 11.98 5.72 6.91 5.24 3.91 4.18 6.34 5.82 5.59 5.45 7.01 3.8 4.89 5.21 4.23 3.13 2.41 3.23 3.35 7.35 5.02 5.19 7.14 10.0 23.04 13.28 16.8 8.6 4.79 8.51 9.87 6.41 5.44 4.12 4.02 4.15 6.62 18.53 8.26 6.25 7.9 6.89 3.69 2.97 5.25 5.41 5.69 8.04 6.1 12.17 5.34 5.7 10.81 12.54 11.44 15.1 15.51
4.16 6.04 5.85 4.76 2.73 9.06 7.77 10.98 8.44 6.96 2.8 3.86 3.08 4.16 3.67 4.94 5.07 8.04 4.36 2.56 5.37 2.75 4.34 4.19 1.88 5.56 3.83 2.93 8.65 7.09 14.57 8.91 12.08 16.68 17.37 9.46 15.38 9.02 5.35 4.35 8.57 6.06 11.73 8.85 12.76 10.4 8.99 16.23 6.79 4.43 3.94 2.83 5.12 6.64 10.02 8.6 12.59 17.66 11.65 11.84 7.23 11.31 20.79 14.36
7.74 5.52 10.06 4.34 7.23 4.78 13.57 16.84 37.56 12.4 4.63 4.94 2.89 3.4 6.29 3.08 4.07 3.7 3.42 2.48 6.06 9.19 4.13 4.73 2.61 7.09 6.37 5.52 9.61 16.82 14.99 12.98 8.35 9.0 9.66 11.2 9.14 5.85 4.69 3.65 5.16 13.98 17.94 23.1 16.22 10.15 5.92 7.37 7.86 10.8 4.78 3.73 10.1 8.44 7.59 5.85 7.03 13.0 14.87 13.49 9.63 24.82 20.76 12.39
8.73 11.47 14.05 16.51 6.8 5.77 14.49 17.23 10.54 7.64 5.43 2.8 6.29 4.99 4.21 5.74 2.65 3.31 3.86 3.52 9.7 5.56 7.94 9.06 7.38 14.74 9.08 4.12 6.78 12.43 14.7 8.14 7.75 5.81 6.31 10.78 9.12 28.14 5.26 4.94 7.07 8.21 23.84 23.21 10.98 7.03 4.33 4.36 4.39 5.6 5.99 7.73 9.76 5.1 7.68 4.81 4.62 12.29 9.87 17.77 26.99 16.08 11.92 12.72
3.73 12.49 11.18 10.62 9.65 18.71 13.04 21.13 5.98 6.93 6.03 6.22 3.76 5.76 4.82 3.68 2.88 6.63 9.83 6.9 5.09 6.62 3.99 6.16 9.04 10.22 7.7 3.94 7.43 12.98 9.88 7.79 11.84 4.59 5.9 6.27 16.87 19.7 16.22 7.45 9.67 14.54 13.71 14.03 10.06 4.68 7.67 3.88 6.2 7.23 11.88 11.46 6.05 3.89 2.28 2.67 6.89 9.27 12.37 16.94 14.11 22.89 14.85 24.22
13.04 10.32 12.39 13.79 13.62 8.65 17.33 8.58 5.73 3.85 6.1 6.47 8.29 6.35 6.83 8.2 5.11 10.77 8.87 9.44 13.54 9.0 7.15 10.97 16.69 6.54 5.61 8.0 5.41 9.19 7.78 9.38 8.84 7.95 9.13 9.87 19.3 17.59 10.08 11.75 6.52 11.24 13.64 6.79 9.53 7.52 5.9 7.94 5.49 7.05 9.03 5.57 3.68 3.0 2.06 3.52 4.97 7.89 10.97 6.7 16.14 26.39 16.57 18.28
6.86 5.45 14.26 13.64 16.63 11.64 7.89 6.34 7.27 3.22 4.16 6.27 6.82 5.33 9.74 26.02 17.24 12.04 12.86 15.46 6.37 7.33 7.58 5.39 9.81 5.22 8.67 16.15 12.13 7.35 11.28 12.15 9.5 11.04 9.06 13.31 13.16 9.28 6.16 8.09 5.63 12.12 9.09 5.66 10.43 4.57 8.28 6.34 9.82 11.28 9.42 7.73 5.29 4.68 2.93 5.5 6.01 6.99 10.64 8.76 35.67 21.01 18.45 18.72
6.52 10.99 8.73 8.95 14.0 11.25 11.5 7.46 4.47 7.73 5.21 8.87 10.16 8.91 12.3 11.54 10.48 9.18 22.85 10.78 5.93 10.55 5.61 7.3 10.46 11.92 13.37 9.05 5.78 7.29 7.42 7.67 8.47 6.61 6.3 6.91 9.86 19.36 6.61 4.94 3.08 6.25 6.15 7.43 7.57 5.57 4.45 2.91 7.48 6.36 13.66 13.01 9.53 6.5 4.69 1.98 13.2 8.45 7.76 26.03 22.02 15.12 24.98 16.91
6.48 4.37 4.04 4.95 15.2 13.08 14.46 3.55 3.23 4.3 10.79 17.53 13.14 14.16 8.42 9.01 20.31 18.75 19.08 10.27 6.13 6.39 8.25 9.51 11.04 17.67 11.96 11.03 11.33 6.27 9.25 6.36 3.67 7.8 5.09 5.12 7.02 12.0 6.78 3.7 1.87 5.35 4.92 3.47 4.64 5.69 1.58 3.93 1.92 4.31 9.99 10.77 9.69 8.01 5.59 3.93 9.56 11.25 15.89 19.96 27.7 36.94 16.71 15.15
4.01 4.07 2.41 4.07 13.42 14.06 9.65 4.94 4.02 3.96 7.19 17.79 12.58 11.88 11.68 12.24 17.41 27.99 22.9 12.71 14.82 9.28 11.78 23.56 13.43 11.56 23.67 10.25 7.31 4.48 8.87 5.54 6.9 7.76 13.07 9.07 15.56 4.15 4.92 1.91 4.26 4.75 3.81 2.96 5.94 2.64 4.46 5.26 3.04 5.4 8.5 9.76 6.79 7.97 10.97 8.37 10.41 19.1 5.92 13.18 17.36 17.46 11.99 18.15
6.78 5.18 1.38 3.51 6.74 14.45 13.95 9.22 4.41 3.86 6.65 16.38 10.42 20.0 28.82 14.22 10.01 20.33 24.16 7.09 8.44 14.23 16.04 13.43 11.78 20.7 12.56 12.06 5.76 7.17 14.46 8.09 5.77 8.97 16.6 17.19 15.81 7.15 4.45 3.97 2.61 6.29 6.11 5.04 1.93 3.54 3.31 3.18 4.48 5.34 5.93 9.31 14.17 9.31 13.9 7.72 8.95 8.28 9.64 12.67 9.99 7.89 8.61 9.03
10.99 3.78 2.22 4.34 6.51 11.99 12.46 4.86 3.77 6.49 12.37 11.39 14.87 16.2 12.2 20.47 9.98 14.43 13.36 6.54 6.46 14.02 14.75 21.05 12.92 16.96 7.68 9.35 8.28 5.36 6.79 9.54 6.78 12.4 13.63 13.33 7.22 6.58 2.43 2.67 2.63 4.5 2.8 4.99 2.38 3.77 3.69 3.26 3.89 6.63 9.09 7.53 12.65 9.56 8.62 7.37 4.68 7.52 13.57 7.2 7.38 4.56 6.5 9.02
7.04 4.01 3.39 4.53 5.48 5.69 8.04 4.86 4.18 4.65 8.37 19.77 41.71 8.31 23.84 13.49 13.73 12.23 15.81 12.9 5.54 6.54 12.77 13.56 7.88 6.63 5.24 4.65 9.23 3.49 3.73 8.84 7.71 9.19 16.01 11.67 10.15 2.7 3.19 4.37 3.18 4.1 3.96 5.4 7.4 5.81 9.46 5.25 5.89 9.55 15.6 8.13 8.01 7.41 2.1 4.68 5.24 6.34 7.65 6.56 5.97 3.29 8.22 12.06
8.03 6.16 3.6 10.06 7.94 13.12 6.73 10.08 2.46 4.83 14.56 11.71 22.6 14.15 9.56 8.83 11.88 13.14 14.69 13.68 10.65 7.43 6.53 14.02 5.86 3.6 2.71 2.64 4.93 4.55 5.89 8.23 9.86 5.07 12.19 12.87 10.17 5.12 2.56 1.72 5.35 4.56 5.41 5.68 4.1 7.16 5.6 6.35 10.19 8.91 9.58 13.05 6.81 5.31 3.39 6.91 4.9 12.56 6.86 2.98 2.57 2.72 4.88 11.52
11.95 4.07 7.35 4.94 6.5 7.41 5.25 3.69 5.02 6.33 4.88 13.96 12.23 12.17 9.33 8.46 10.28 11.26 6.24 13.22 15.41 12.26 6.2 10.36 5.83 3.44 3.7 4.25 2.75 9.22 8.68 17.71 7.34 6.13 4.7 6.07 7.26 4.95 2.55 3.23 2.71 5.45 5.69 2.87 4.94 4.24 2.84 4.06 6.96 8.6 9.6 6.74 3.59 5.08 9.63 6.99 10.23 10.42 6.8 1.34 1.61 3.22 5.04 6.45
3.59 5.56 7.5 8.95 9.48 5.82 8.34 7.98 7.14 6.73 8.0 7.66 8.01 5.4 4.91 11.46 11.9 5.97 9.72 6.9 19.35 10.52 7.92 4.58 3.68 1.71 2.31 4.27 4.09 6.64 20.34 6.79 9.45 5.84 4.0 6.68 4.35 7.71 4.25 2.36 3.29 2.81 5.28 2.35 5.16 6.08 6.19 5.99 5.97 15.79 6.24 5.62 6.42 4.13 11.5 6.55 6.09 8.7 5.54 1.87 2.06 2.71 3.47 2.73
2.45 5.96 6.39 10.27 6.06 4.48 9.01 9.75 11.24 14.72 10.1 7.7 7.39 2.65 4.71 6.86 12.43 5.23 10.06 14.66 12.93 14.32 8.15 7.93 3.12 3.01 1.45 2.06 6.9 5.3 5.23 7.37 5.35 4.39 3.95 5.49 6.24 8.2 3.93 2.67 2.36 2.89 2.95 3.02 5.92 8.43 10.76 8.39 6.82 8.42 7.52 9.35 5.0 4.51 3.63 4.32 5.55 3.15 3.65 3.47 1.02 4.57 5.82 7.94
1.72 4.51 10.64 8.25 5.72 5.74 5.82 14.6 7.87 8.7 9.94 5.23 4.78 3.83 4.73 9.14 15.25 7.96 12.77 12.3 11.78 15.19 10.48 3.78 3.22 2.85 2.58 5.1 3.95 6.26 5.63 4.26 3.3 5.14 3.23 6.08 5.44 6.38 3.84 2.34 1.28 3.12 3.14 4.74 14.83 8.09 7.09 7.63 2.91 10.93 12.97 5.04 5.0 4.32 4.15 2.13 5.53 8.13 3.54 2.16 1.66 3.14 8.2 7.43
1.84 3.71 5.94 9.57 7.56 5.24 4.77 15.44 11.74 10.02 10.23 8.23 3.87 2.64 5.47 7.86 21.51 10.66 8.18 12.92 17.55 11.45 9.48 3.69 2.84 2.53 4.13 2.93 8.58 4.08 4.99 5.25 4.92 6.16 2.66 3.56 7.4 3.9 3.6 2.16 1.19 2.17 2.89 6.82 11.59 11.64 8.24 4.95 5.0 7.47 7.35 6.12 3.68 5.09 2.43 3.4 6.4 3.67 3.51 2.34 2.01 3.19 5.69 5.72
2.04 1.76 5.04 6.81 4.4 5.13 5.33 11.7 5.81 6.66 6.74 7.03 3.56 3.4 8.74 7.59 16.73 14.91 11.12 18.73 10.64 8.22 3.52 4.9 3.74 2.57 2.71 5.21 5.54 4.08 3.86 5.0 6.42 5.64 2.75 4.58 9.03 7.2 4.54 4.08 2.14 2.63 1.33 3.78 6.38 7.64 9.43 6.84 9.75 3.61 5.36 5.66 6.44 4.57 4.75 3.74 2.27 3.04 2.25 2.67 2.03 3.41 4.41 4.44
2.03 2.43 1.64 2.68 3.89 6.71 9.33 5.91 2.67 6.82 4.01 10.07 6.0 2.76 3.23 5.52 16.63 19.73 14.93 11.93 9.13 4.0 4.12 6.01 5.7 4.62 3.97 3.19 14.08 6.57 4.4 4.9 4.66 7.95 4.78 5.7 9.65 7.08 3.9 3.54 4.46 2.79 3.97 6.57 3.76 13.04 11.0 5.09 6.91 3.62 3.33 4.62 4.4 5.59 3.17 4.01 2.57 3.51 1.49 2.27 1.53 1.94 4.19 5.16
6.45 2.83 2.47 4.18 3.57 8.18 5.91 5.06 5.45 5.07 3.92 4.65 6.23 2.54 3.04 4.6 16.01 16.16 7.33 8.59 6.86 4.06 6.18 5.85 6.77 5.63 6.82 4.17 12.24 5.04 4.55 3.45 5.34 7.11 6.81 11.29 13.2 10.82 7.58 4.29 5.0 7.39 4.67 5.46 6.94 7.05 12.03 7.48 5.25 8.08 5.29 4.72 4.89 4.15 3.44 5.66 3.19 2.13 2.46 1.14 1.32 2.33 2.97 4.49
2.64 2.45 3.97 5.49 3.94 8.22 10.72 7.52 11.97 9.56 3.89 4.44 6.68 3.75 2.67 4.79 6.56 12.73 12.85 6.42 12.25 8.16 4.25 5.1 3.57 3.38 7.54 5.19 8.52 11.03 5.12 3.54 6.21 8.88 10.92 12.81 8.38 9.79 4.76 7.3 9.87 9.41 9.46 11.39 3.04 5.98 5.16 6.91 5.28 6.12 6.09 5.04 6.19 5.98 10.82 5.66 3.72 2.39 3.0 2.06 3.61 1.97 3.26 5.84
3.25 3.24 2.97 3.39 5.32 13.42 8.4 12.42 6.79 5.26 6.6 6.9 5.34 7.36 1.65 4.01 4.29 12.4 9.57 16.24 26.17 8.42 5.12 5.55 8.47 4.66 5.1 6.37 4.0 8.33 4.42 2.99 6.43 9.99 18.81 12.45 10.49 10.78 16.06 10.09 13.63 5.14 12.79 6.36 4.04 3.34 4.62 3.74 3.21 4.91 6.32 6.89 5.66 5.04 11.22 12.47 5.58 3.81 4.61 2.17 1.52 3.89 2.67 6.15
8.45 5.03 3.01 6.58 6.7 8.64 12.19 7.23 6.19 3.49 4.91 6.64 9.06 6.31 4.42 5.18 7.98 8.92 18.73 20.76 12.52 5.96 5.28 4.48 5.86 4.78 5.49 4.47 4.6 10.79 7.22 3.4 3.75 5.45 8.67 10.63 7.45 7.39 11.83 8.15 5.98 12.96 12.28 6.96 3.03 4.73 4.69 3.57 3.7 5.31 10.77 8.38 4.67 8.38 9.55 13.43 10.39 9.59 4.61 2.04 1.55 5.37 4.64 6.47
13.84 6.62 8.88 8.86 8.35 6.48 3.87 8.35 6.89 5.86 9.04 7.65 5.26 7.25 4.69 5.08 7.03 9.18 9.15 16.54 9.83 12.98 15.22 5.01 5.88 6.9 4.3 4.15 5.81 5.58 8.3 3.7 5.7 7.89 17.54 21.99 13.82 6.08 8.11 5.04 4.21 19.52 16.41 11.72 3.5 3.62 3.56 11.03 7.33 6.86 10.26 4.91 9.52 7.45 8.52 12.82 10.08 10.83 4.47 3.54 2.84 4.49 6.02 7.27
7.6 13.23 12.47 8.12 11.99 6.18 3.19 6.2 8.02 15.15 7.23 4.09 4.25 5.58 6.11 6.24 6.58 5.41 5.79 9.72 7.83 9.97 8.48 5.59 4.99 6.57 9.22 4.82 7.17 6.35 2.84 4.69 7.08 10.23 23.25 29.05 33.22 9.65 12.98 7.54 10.06 13.22 11.63 10.66 3.79 3.88 4.63 6.84 14.9 10.31 10.31 5.47 7.19 9.17 11.3 7.43 14.59 7.31 3.73 8.08 7.91 5.85 7.54 7.15
15.48 9.86 6.27 10.43 7.65 6.17 3.89 4.48 9.65 9.36 4.19 4.2 4.07 3.11 5.59 5.34 5.88 9.83 11.44 12.83 5.88 7.67 5.91 4.46 5.83 5.86 4.67 9.61 4.99 3.17 5.5 5.61 2.23 9.67 11.75 18.69 24.26 10.73 7.84 9.75 7.17 12.04 16.32 11.22 6.03 5.8 3.83 7.22 10.7 13.11 17.29 5.04 5.62 4.93 7.54 9.34 12.21 5.94 4.24 4.5 6.78 7.03 5.57 6.58
9.71 9.43 11.54 9.76 9.83 5.99 7.21 6.42 10.04 6.45 4.5 2.22 4.59 7.21 12.14 8.59 8.51 19.61 14.51 8.87 5.47 5.06 5.71 6.35 7.82 8.55 9.3 8.42 5.18 4.39 6.7 3.58 2.86 5.5 10.18 15.0 23.77 29.48 8.14 5.9 6.88 10.65 10.7 13.89 5.57 4.37 8.01 4.44 8.73 16.4 10.95 9.1 9.2 5.51 5.63 12.56 11.38 9.24 8.59 6.06 3.8 4.76 7.38 8.76
7.37 8.92 8.05 17.37 16.05 12.8 21.88 18.29 19.2 20.11 7.78 4.51 5.76 10.14 11.07 6.77 12.22 22.13 14.79 6.4 6.3 5.92 14.37 9.11 10.32 9.09 12.18 8.67 10.48 4.88 7.59 4.22 5.37 4.64 19.22 21.22 25.64 17.2 7.08 6.06 7.39 8.34 8.8 8.33 7.24 4.71 3.47 7.49 10.85 9.8 5.62 15.46 11.1 12.02 14.48 17.51 15.37 7.89 10.31 5.74 3.5 3.97 3.61 2.8
4.84 6.66 6.98 12.14 9.48 25.08 20.76 30.51 29.68 22.06 21.81 12.61 8.88 14.64 9.25 12.92 10.69 12.77 6.74 8.39 4.23 9.33 12.53 15.3 8.23 9.86 16.98 9.51 5.05 3.66 4.0 4.04 5.38 6.05 13.65 27.03 15.78 8.34 10.18 9.12 10.18 7.75 7.9 9.65 5.23 3.92 4.42 5.33 5.15 4.91 6.59 13.38 11.71 11.79 16.3 26.38 15.88 13.8 12.2 5.62 14.98 4.12 3.83 6.78
5.81 7.54 10.13 7.83 10.84 50.73 49.39 40.67 34.01 25.3 23.11 16.32 10.73 11.55 22.96 10.47 10.75 16.78 10.15 9.87 12.87 11.12 15.16 16.14 8.73 7.8 8.46 7.2 3.91 5.94 2.67 5.68 8.85 8.03 12.21 13.36 11.48 5.45 4.91 5.24 3.34 7.22 8.02 7.31 5.42 3.96 4.24 3.9 4.94 4.3 12.49 18.76 22.14 10.91 16.82 21.39 18.57 11.8 18.63 9.83 8.12 6.06 6.64 7.62
7.01 7.3 11.49 12.31 13.46 31.93 73.05 40.9 44.1 48.83 25.82 35.73 14.53 16.74 15.43 11.43 13.54 6.68 13.82 4.77 8.49 9.26 21.24 17.66 19.01 5.39 7.37 7.21 6.26 4.23 3.62 5.06 6.6 6.07 12.59 8.53 10.66 5.75 8.01 5.79 8.74 4.09 5.76 14.48 2.54 6.54 3.79 7.26 7.55 12.65 13.85 24.48 14.29 10.68 8.68 14.95 15.23 28.4 26.82 10.15 9.08 12.09 7.78 10.94
9.23 8.97 21.6 19.47 18.37 28.83 28.27 52.38 78.35 48.86 46.73 33.0 14.06 27.51 11.83 10.28 5.04 6.24 5.13 5.23 5.9 18.19 12.55 18.21 8.58 9.89 5.68 8.8 7.57 5.36 5.44 13.11 11.96 6.65 7.84 5.69 4.23 8.96 8.99 10.13 10.21 4.27 3.3 6.57 5.09 6.18 3.74 5.53 8.27 12.49 12.58 12.99 18.97 15.06 9.65 28.15 33.06 18.28 16.61 17.42 13.19 15.56 12.63 5.25
8.81 12.25 15.88 18.1 23.45 23.66 24.32 29.53 27.08 53.43 21.58 18.67 13.48 22.32 9.4 4.73 6.75 2.62 6.79 8.44 10.67 23.58 14.24 13.09 9.59 14.57 12.86 8.65 8.5 4.49 8.68 14.52 20.69 5.61 4.82 7.51 8.11 7.03 16.13 9.54 10.18 8.17 4.65 9.9 13.56 6.45 7.38 9.78 12.97 8.23 8.5 4.86 6.49 7.35 11.67 29.4 15.15 18.18 11.99 15.43 13.51 14.79 16.65 7.19
16.28 25.75 33.09 13.26 12.58 30.21 18.28 30.26 28.31 31.85 21.03 9.42 9.39 9.84 5.93 7.64 4.96 3.09 3.0 6.02 17.99 21.87 19.54 7.43 8.07 10.72 7.58 11.6 10.62 8.52 8.68 9.87 18.97 7.72 12.22 8.31 8.96 11.08 20.67 16.27 26.65 12.95 11.93 8.09 11.22 7.38 7.01 8.05 10.2 7.66 8.9 10.97 7.87 14.06 18.19 20.22 19.13 15.46 12.78 8.0 7.76 10.06 11.1 9.68
12.02 30.27 45.76 18.84 14.09 20.37 12.1 13.51 19.24 13.48 18.03 10.68 5.66 5.58 4.28 11.38 6.42 3.63 2.73 9.11 16.38 24.23 22.24 20.75 9.98 8.89 9.4 22.76 13.07 16.59 16.89 11.95 15.72 18.01 11.46 12.95 13.94 9.87 7.65 18.81 13.46 16.28 8.35 9.38 11.32 5.59 5.54 7.45 9.2 7.57 7.22 10.22 10.57 16.54 11.32 23.12 24.0 22.23 23.89 13.06 17.45 5.66 11.4 8.4
11.8 9.56 32.29 18.47 25.96 12.21 10.96 8.41 6.71 15.03 21.93 11.02 5.83 3.13 7.44 11.98 5.95 6.73 5.5 8.88 13.07 15.51 31.35 10.11 12.45 11.46 6.26 22.75 14.08 10.1 19.49 18.41 15.0 18.83 23.98 16.89 22.86 15.35 11.02 17.56 8.35 7.7 5.68 5.52 6.66 3.0 3.63 8.96 10.21 7.87 7.43 11.84 12.09 9.04 13.02 38.49 16.29 17.55 13.17 12.95 8.89 8.45 17.92 5.62
8.34 10.2 24.39 13.02 15.47 40.05 22.06 6.67 10.31 9.15 13.75 5.69 2.32 2.35 6.41 6.35 7.98 6.95 5.77 6.39 19.45 14.11 15.51 9.11 8.77 6.98 8.16 19.3 36.09 21.13 14.6 20.05 21.72 32.08 22.48 14.7 18.3 13.48 11.76 8.82 11.29 7.49 4.49 7.17 7.41 4.01 5.18 7.34 6.16 4.59 9.32 7.13 7.35 9.28 11.88 24.01 15.47 8.16 7.69 8.22 9.4 11.07 8.19 8.33
8.38 14.08 10.23 8.04 17.31 22.35 16.0 17.23 4.93 4.77 4.12 7.59 3.13 2.6 5.2 12.43 5.25 7.32 6.07 11.96 7.34 14.62 13.69 21.3 10.22 6.18 13.57 17.46 41.22 32.34 8.22 19.42 22.3 14.01 27.01 19.05 14.8 8.86 6.87 8.04 5.93 5.26 7.51 4.62 4.72 6.5 5.49 4.45 4.98 5.49 10.55 13.23 8.85 8.39 14.39 8.7 12.56 10.34 5.39 10.1 7.7 4.58 6.75 9.03
10.6 7.14 9.17 12.91 13.61 16.42 30.18 11.03 10.22 5.87 4.05 5.19 3.41 4.72 8.89 7.55 5.82 9.78 9.21 6.87 5.56 6.9 12.1 17.19 6.41 11.94 10.65 17.46 40.6 34.29 20.7 11.93 10.96 8.58 9.68 8.93 8.13 6.52 8.15 5.49 7.09 6.28 7.09 5.73 3.3 3.65 4.14 5.16 3.64 7.64 11.63 17.27 12.84 10.48 7.02 5.7 6.18 6.03 4.93 5.91 8.67 5.65 3.34 13.01
7.52 9.66 11.66 9.68 16.63 15.33 16.06 5.17 9.3 8.99 5.21 5.92 4.62 5.29 7.12 2.62 9.33 12.12 16.3 4.88 7.01 9.54 9.48 10.67 6.19 7.64 11.74 9.88 9.73 26.78 13.05 8.8 13.65 11.71 8.88 9.71 6.12 8.46 8.84 8.43 6.04 8.39 3.4 4.9 2.58 3.87 5.68 4.14 4.11 14.46 11.92 16.55 12.01 11.7 13.52 6.61 10.12 5.61 5.78 4.07 5.49 6.42 7.32 11.11
3.99 5.69 3.82 8.9 9.48 10.55 9.42 14.3 7.42 9.43 7.65 5.77 6.85 9.82 4.29 9.4 13.9 18.16 15.98 8.37 9.74 12.0 9.19 6.66 3.48 9.36 16.58 13.1 17.67 13.11 17.09 7.79 10.68 7.04 7.96 4.88 2.35 6.8 8.66 9.09 9.04 5.1 3.11 1.95 2.48 3.21 4.93 2.72 4.51 7.31 11.96 14.06 17.19 15.87 13.52 13.47 6.97 6.52 3.21 2.9 5.94 6.79 7.73 9.56
5.92 5.5 8.63 5.09 3.16 4.99 5.81 13.37 7.07 3.92 4.35 4.0 8.07 7.84 8.08 5.65 7.06 8.94 16.36 9.93 5.42 8.6 4.59 5.12 5.07 6.1 6.62 10.13 12.25 12.97 25.17 9.13 10.59 8.67 7.55 3.99 2.82 5.14 10.64 5.01 4.32 7.4 3.37 2.57 4.97 4.26 4.42 2.93 3.08 4.55 5.65 13.66 9.7 13.96 13.36 16.83 8.61 3.89 3.3 5.69 3.1 2.25 1.73 4.45
8.93 5.85 7.25 4.47 4.03 4.32 7.12 6.44 7.85 8.59 4.61 4.48 10.03 9.67 6.67 3.5 3.55 6.68 7.09 6.98 2.46 3.06 2.7 3.47 4.98 8.2 6.48 8.54 8.62 18.93 29.93 10.47 6.62 9.18 4.25 3.38 6.51 5.78 12.27 6.41 9.42 4.44 4.49 3.61 4.02 6.33 1.93 3.72 3.5 4.92 8.64 9.65 8.96 12.23 11.61 11.62 10.25 7.5 5.42 5.12 4.88 2.72 2.52 4.95
7.5 4.57 8.37 6.47 5.0 3.71 3.62 9.15 19.99 11.24 9.97 8.47 9.86 8.02 7.04 4.89 2.84 3.63 3.41 7.6 4.58 6.75 7.56 1.75 3.64 7.73 5.65 10.07 11.31 11.27 14.64 10.85 6.74 13.62 6.37 10.05 7.93 7.15 7.74 5.08 10.01 5.27 6.95 3.94 5.67 5.72 4.21 3.47 4.54 6.31 3.67 5.02 7.7 10.2 11.44 10.82 20.75 9.76 4.62 6.07 7.9 4.57 3.17 3.61
5.7 7.29 7.3 6.06 2.84 1.63 3.62 15.67 13.07 16.21 9.22 11.79 6.29 6.65 9.7 3.82 3.81 2.97 3.94 4.32 6.87 6.42 4.25 1.93 2.72 3.92 11.08 15.17 7.19 4.04 6.31 4.21 6.49 12.16 6.07 7.29 9.94 7.73 6.78 4.42 9.6 8.11 6.58 5.36 5.45 5.9 4.23 7.81 8.82 8.24 4.78 6.13 3.95 8.53 12.1 7.35 12.26 13.75 4.12 11.54 9.52 5.22 4.13 4.52
6.38 9.86 7.95 3.55 4.3 1.88 5.55 11.55 14.59 10.33 9.0 6.78 5.78 6.41 5.43 4.86 3.72 5.38 4.83 6.68 9.39 6.93 4.28 3.77 3.58 13.14 5.57 7.23 5.65 7.07 4.64 5.03 6.11 6.09 6.22 11.16 9.25 5.65 4.87 4.96 5.92 3.94 7.83 6.07 7.81 6.49 3.65 7.33 7.15 9.37 7.88 6.67 5.98 5.7 7.03 6.14 8.77 9.61 5.1 4.08 4.78 3.37 4.02 7.06
5.97 9.25 7.29 6.93 4.57 3.81 11.27 8.05 14.34 16.12 12.95 11.45 6.11 3.83 9.62 5.21 5.31 6.81 5.56 3.48 8.39 9.36 5.82 8.27 12.54 16.23 13.92 8.72 8.14 11.04 7.68 4.98 2.42 3.26 9.26 10.33 8.51 9.19 6.35 5.32 4.63 5.45 9.02 5.79 8.64 4.93 3.99 3.03 6.56 7.68 7.27 5.84 4.61 5.55 5.05 4.95 8.5 12.3 8.23 5.48 6.09 7.29 6.78 6.3
8.8 6.12 13.0 8.91 5.23 7.82 5.0 8.37 9.8 12.91 12.69 9.98 4.05 4.49 6.42 8.02 14.95 6.32 4.72 6.16 7.69 10.08 11.09 7.75 14.54 10.79 12.19 28.2 5.14 9.99 6.35 3.63 4.17 4.55 10.27 10.94 11.0 6.72 4.84 8.05 6.75 6.07 6.96 15.36 7.13 5.8 6.56 5.73 11.46 8.61 5.19 5.14 8.55 6.73 8.39 7.83 8.51 11.99 8.84 8.34 5.92 9.19 5.92 4.25
7.59 7.51 7.86 9.16 6.27 8.3 13.12 9.12 6.43 7.87 10.24 5.06 4.13 5.86 3.26 10.93 11.8 6.5 6.28 6.99 10.37 7.68 8.53 13.7 9.42 6.63 6.94 10.04 6.5 8.59 3.25 2.8 3.45 4.66 13.35 13.09 6.15 7.01 6.19 6.75 12.21 6.87 11.51 27.92 12.5 8.19 14.54 11.67 14.7 10.44 9.63 5.62 7.01 5.67 8.0 7.53 10.84 9.12 10.72 17.07 10.89 18.9 6.98 2.43
