8.75 13.46 17.09 9.47 16.2 11.69 13.39 10.68 13.02 5.79 3.59 6.19 7.76 10.13 11.72 12.83 10.75 12.2 12.76 22.3 9.27 6.0 5.58 5.03 6.72 8.17 15.16 10.95 8.4 24.84 16.12 8.61 12.78 19.23 17.49 7.9 8.14 15.46 6.95 8.25 10.11 14.1 12.41 15.01 20.51 9.34 8.76 19.99 12.19 9.17 17.57 22.25 12.27 7.93 12.85 9.45 6.42 6.67 4.92 7.27 8.83 10.05 7.2 7.92
7.06 8.97 5.69 8.29 12.44 9.97 10.87 19.92 10.37 6.67 7.22 6.97 9.56 12.83 11.34 8.94 8.45 11.62 18.53 20.28 8.74 7.76 6.26 6.37 2.43 7.04 10.15 9.41 15.03 21.09 13.0 29.89 25.05 24.09 20.61 6.92 11.51 11.35 6.49 8.14 5.26 10.92 6.94 11.46 26.41 9.75 8.95 11.78 7.07 10.8 11.11 15.78 6.75 4.71 9.99 5.61 8.06 5.6 3.74 4.13 4.9 7.93 9.11 7.36
4.86 6.1 5.14 7.89 6.44 9.97 11.21 28.0 9.59 5.91 13.13 6.84 6.46 7.27 17.8 10.55 8.02 12.68 16.15 17.74 11.98 8.13 4.82 2.56 4.43 6.2 8.59 10.64 13.89 10.23 17.19 17.48 25.02 19.48 10.08 6.62 9.49 6.94 9.16 5.23 3.97 5.09 14.22 16.92 11.95 11.49 15.41 4.61 4.28 7.38 8.47 5.55 8.22 6.69 13.77 9.29 5.39 6.26 4.04 2.87 5.76 8.99 6.0 9.19
7.4 11.61 5.92 8.19 5.29 6.24 6.82 17.57 6.57 5.61 7.5 7.33 4.76 4.62 12.12 7.2 6.81 8.68 14.25 11.69 12.09 8.78 6.57 2.8 6.26 10.11 7.17 10.21 8.51 10.62 10.12 8.56 9.79 11.51 11.97 9.23 12.33 5.18 12.3 4.25 3.88 5.21 12.47 17.05 15.14 11.72 7.62 4.33 1.65 9.15 5.21 2.48 6.62 6.76 14.26 12.77 9.09 4.7 4.12 3.69 9.16 5.66 5.37 9.75
10.63 20.35 10.36 11.79 5.17 3.29 7.66 19.83 12.71 5.3 5.21 8.04 13.04 11.05 9.55 4.95 16.09 12.96 7.92 7.8 5.91 4.74 7.26 5.01 2.7 9.24 8.21 16.58 8.05 4.78 8.65 7.85 5.67 6.87 7.44 9.12 6.49 9.54 9.71 3.27 2.06 6.9 6.64 15.0 10.38 11.26 4.41 5.15 4.06 9.42 4.85 3.77 6.5 6.49 5.99 15.59 12.06 8.23 6.39 5.06 10.23 4.79 6.23 7.58
18.03 27.25 13.55 12.76 14.1 10.3 9.73 11.55 10.25 9.21 2.72 3.01 5.13 6.41 6.9 4.2 21.16 12.46 11.31 8.79 8.25 6.59 8.72 5.71 3.53 7.91 8.72 10.0 5.73 4.63 6.34 8.58 4.28 4.4 4.93 6.5 6.89 15.14 4.17 3.24 2.7 2.35 4.87 11.88 8.1 6.64 2.63 3.69 3.81 13.71 3.04 2.59 9.16 7.17 8.69 16.15 11.31 8.89 12.84 5.3 5.32 4.42 9.98 6.15
13.97 31.29 6.01 19.93 14.25 26.62 10.21 5.42 6.61 7.37 5.2 4.3 3.76 6.84 7.04 10.32 25.95 9.89 9.14 8.85 7.51 9.12 8.26 7.89 4.62 5.85 9.98 5.55 3.95 5.92 8.41 5.77 8.44 3.66 4.0 5.68 14.27 14.47 7.33 2.88 2.74 3.45 2.44 13.36 8.95 5.29 3.46 2.7 6.0 4.19 2.48 3.01 10.9 8.08 30.36 8.97 13.79 12.25 17.59 5.99 3.25 3.04 7.11 7.55
4.95 7.02 6.53 9.05 6.56 8.75 4.21 7.17 7.96 7.54 5.75 5.0 3.83 9.3 6.31 9.67 15.18 13.94 10.51 6.19 5.98 10.0 18.47 10.81 8.56 3.74 9.67 7.97 8.51 9.6 8.17 5.54 14.63 9.2 7.2 10.11 5.55 13.06 8.74 2.67 2.81 2.61 7.02 15.97 10.67 13.17 15.29 5.63 7.15 4.19 3.97 4.9 5.16 7.31 16.04 9.88 14.06 15.98 16.3 7.27 5.33 4.15 7.43 5.76
6.59 5.89 11.57 18.91 10.7 9.5 7.9 13.45 9.43 8.88 4.24 2.47 3.52 4.2 7.8 8.0 10.5 14.07 10.6 4.85 6.16 12.05 9.99 5.8 7.45 10.7 11.14 5.72 11.24 7.28 7.25 10.05 6.39 3.84 11.97 8.58 6.05 13.19 6.66 5.16 2.76 3.37 9.41 15.39 8.14 8.71 9.86 8.38 2.92 5.65 3.13 3.26 4.52 7.02 8.27 9.27 18.02 11.46 14.3 8.66 6.83 9.45 8.38 12.95
10.12 6.58 16.03 8.84 12.61 15.21 16.91 9.63 7.59 8.94 3.11 2.65 3.54 4.97 7.97 10.0 7.0 10.88 6.36 8.7 10.99 7.76 10.17 5.83 8.85 9.93 9.29 7.94 7.55 7.03 11.46 10.03 5.25 5.45 7.56 8.8 15.57 20.8 18.08 8.89 7.4 5.28 9.45 10.76 5.78 6.9 4.94 6.89 5.52 7.42 4.18 2.67 3.0 5.59 12.54 6.27 4.22 7.0 14.77 7.72 8.78 6.61 7.59 16.18
6.71 5.92 17.73 8.63 14.27 22.88 25.49 10.26 8.48 9.5 3.38 3.39 3.99 6.93 7.91 6.66 7.76 5.27 5.6 8.37 9.81 9.56 7.46 8.13 11.57 10.63 4.52 8.08 5.74 14.48 8.92 6.26 5.78 4.54 6.67 4.6 13.78 25.99 11.41 7.76 8.14 8.73 11.81 7.65 9.46 11.12 6.17 9.88 6.48 6.01 4.13 5.11 3.79 4.91 10.44 13.47 7.64 5.44 14.74 8.18 10.2 11.36 15.43 6.6
11.31 6.95 15.62 17.42 18.61 24.17 29.42 12.8 7.17 4.68 4.73 4.68 7.2 7.45 5.71 9.01 6.89 5.29 8.03 12.15 7.98 10.03 8.92 10.21 3.95 7.45 4.25 4.81 7.92 7.32 4.05 5.15 5.48 7.89 6.07 4.1 14.57 32.02 15.06 11.34 9.27 18.91 10.45 15.19 11.19 11.14 8.14 9.3 6.14 3.69 3.36 3.71 3.41 4.45 5.82 10.66 8.31 4.18 6.68 11.35 10.7 18.74 26.21 10.55
7.9 8.36 13.91 9.66 12.28 22.45 15.97 13.91 3.98 4.5 5.63 11.41 11.78 7.17 7.74 11.27 7.5 6.26 6.33 6.52 6.8 5.58 5.58 4.11 3.25 5.81 5.32 5.24 7.0 6.17 6.38 4.91 4.6 8.34 7.27 5.42 9.27 13.58 18.47 13.33 17.58 5.76 14.87 13.52 6.73 6.95 14.24 12.71 9.99 9.99 7.7 6.3 8.46 6.31 11.03 12.81 5.56 4.94 9.09 10.45 19.35 21.32 20.14 9.04
5.6 6.22 4.42 7.25 7.29 21.88 12.04 7.75 4.29 4.77 8.24 8.03 6.0 7.67 8.98 7.16 8.21 5.81 7.89 5.35 5.1 7.8 5.07 3.39 5.66 6.31 9.75 8.74 7.44 4.73 5.05 6.32 7.58 5.29 6.6 4.85 9.23 9.4 18.76 13.99 13.96 7.59 8.45 12.89 10.05 3.55 9.43 13.6 10.26 7.52 8.91 8.01 15.26 11.05 12.2 9.67 7.73 10.08 17.07 9.75 15.74 18.55 30.9 19.84
6.03 4.91 7.79 6.31 9.83 8.7 5.23 6.81 6.11 4.42 7.95 9.38 7.16 15.03 14.64 10.57 9.37 5.15 11.46 7.94 7.24 11.58 14.68 7.12 9.45 13.51 11.43 10.23 14.28 8.52 5.85 7.33 9.84 10.37 3.21 5.59 5.25 8.97 16.12 13.11 9.53 15.41 13.12 15.21 9.92 4.79 7.88 11.17 5.85 6.88 5.79 12.13 21.43 36.19 15.08 12.47 14.31 20.96 8.53 7.68 9.82 6.19 17.7 16.1
8.96 5.55 8.16 7.89 6.16 4.21 2.32 2.7 4.28 5.2 3.53 10.75 9.25 11.74 18.85 8.46 11.19 9.23 10.79 4.83 8.59 15.32 22.9 13.59 11.87 26.26 12.88 13.14 12.01 10.74 6.75 7.39 6.72 9.22 6.24 3.92 8.17 9.92 7.05 11.87 14.63 17.53 9.42 9.15 5.27 7.05 9.57 10.85 6.27 11.35 6.01 8.37 14.94 17.28 9.62 6.15 12.59 10.37 9.5 6.26 6.62 8.67 10.09 6.34
21.22 11.32 8.29 12.12 5.26 5.35 2.52 2.94 4.36 6.3 8.25 13.61 7.0 10.94 12.22 15.87 9.42 18.24 6.71 7.86 16.82 11.43 21.27 21.99 28.5 28.13 29.26 9.24 10.87 10.2 9.18 6.38 3.55 11.47 7.71 9.17 6.46 5.95 6.25 9.42 15.67 15.7 8.13 5.05 5.29 8.12 9.04 5.02 8.8 3.84 4.17 5.5 10.43 9.49 8.23 5.38 5.24 11.49 13.69 9.21 4.64 3.88 8.77 6.3
13.09 9.83 13.97 7.32 11.66 9.03 3.07 6.73 4.85 7.59 8.09 9.65 3.66 12.45 7.17 8.28 15.84 21.75 13.38 10.96 24.83 13.83 32.83 19.17 42.59 21.41 29.87 22.22 8.17 17.2 14.31 6.74 8.11 6.35 7.48 11.92 4.93 6.46 7.15 13.43 25.23 16.03 22.02 7.44 3.41 9.59 5.85 4.54 7.77 3.63 3.6 7.84 11.08 8.96 5.53 4.33 4.74 6.59 10.53 4.29 2.14 4.0 5.8 4.26
14.83 7.59 11.52 5.96 8.54 9.25 5.88 6.76 6.42 9.7 8.02 10.98 8.34 16.53 12.38 12.41 26.53 23.14 29.69 16.7 18.54 16.77 44.11 19.14 34.15 12.9 23.68 12.82 13.0 15.39 15.24 7.93 7.65 7.53 6.96 5.79 5.29 4.23 2.59 14.86 25.2 17.27 16.47 9.83 7.19 7.2 7.41 5.71 4.66 7.36 7.39 6.95 11.2 8.62 3.21 8.18 6.3 6.49 5.04 3.22 3.29 4.54 4.85 4.66
18.91 8.65 9.24 6.82 6.33 11.53 7.33 11.91 8.85 9.91 11.17 22.75 5.78 9.79 15.3 19.12 19.25 23.89 19.52 16.8 23.19 21.15 31.22 14.23 16.17 10.13 11.78 11.6 11.52 12.88 15.31 7.95 4.77 7.92 5.64 6.35 3.21 2.27 3.29 10.04 16.78 19.12 16.28 8.33 9.77 17.82 15.48 6.46 6.58 23.07 7.99 6.18 5.69 5.94 7.49 9.25 5.66 3.92 3.28 3.35 6.25 4.79 5.38 6.13
10.11 12.31 15.97 10.93 11.57 13.56 9.37 17.39 12.59 7.15 13.61 16.08 6.51 14.93 17.92 26.48 25.48 32.72 15.42 13.05 15.96 18.17 11.0 11.77 8.85 9.17 7.63 12.23 13.19 19.39 10.11 7.11 4.67 2.89 4.18 3.01 2.88 2.99 5.51 9.12 6.39 19.38 12.87 10.26 4.28 10.73 15.68 10.15 9.59 13.16 10.85 6.7 6.41 7.61 6.3 7.41 6.44 3.61 9.71 2.73 3.88 6.87 6.29 8.63
9.92 9.77 14.43 7.63 14.23 12.59 13.32 16.2 9.34 5.64 18.43 7.94 14.62 19.83 18.06 37.34 49.61 28.63 15.4 16.6 12.27 9.71 8.43 13.28 5.99 7.66 11.67 10.53 15.05 9.41 7.07 4.67 4.2 3.05 2.63 3.34 3.85 6.84 8.64 5.69 6.14 12.62 10.89 9.66 6.72 8.17 13.96 14.19 11.88 7.5 14.92 10.82 5.95 5.05 3.22 5.86 3.44 5.05 10.86 4.9 3.21 5.5 8.05 8.47
2.64 7.4 11.23 5.97 15.13 14.93 18.46 19.27 12.91 10.37 12.79 9.93 19.42 21.13 16.2 21.25 21.19 31.77 12.25 16.28 17.75 5.68 4.99 13.11 10.58 4.63 9.21 9.17 9.09 12.6 8.06 3.77 2.65 3.54 3.15 3.1 4.97 7.33 7.23 3.93 8.25 4.8 9.85 9.01 9.94 12.59 9.43 7.06 10.52 11.11 11.32 12.3 6.11 3.2 5.68 6.7 4.63 4.86 9.39 3.57 2.68 5.48 3.72 4.29
1.68 3.86 3.76 6.07 11.67 14.95 14.34 13.38 15.26 8.25 7.87 13.28 14.56 16.06 21.99 22.94 15.41 28.26 23.69 14.14 16.76 6.22 4.04 9.41 7.33 5.67 9.29 4.47 7.62 9.75 5.22 7.37 5.09 3.28 2.6 6.62 21.38 17.07 11.09 6.52 9.6 8.9 11.01 7.75 11.43 11.41 13.66 10.32 15.22 13.11 14.16 6.35 7.61 5.7 5.36 7.51 3.28 7.94 5.98 4.08 3.26 3.0 3.83 4.26
2.31 2.91 5.31 3.97 11.11 7.19 9.0 12.4 10.05 6.3 15.13 16.81 12.74 16.62 15.02 19.9 29.14 18.17 25.94 6.68 12.43 3.79 6.06 6.69 5.32 8.38 9.29 10.0 18.03 24.97 8.38 8.68 6.81 6.49 5.09 11.08 16.94 22.73 21.82 8.52 4.88 5.41 8.98 5.95 7.42 6.72 12.24 20.64 16.14 18.37 14.36 19.34 10.75 13.15 8.65 6.58 4.3 10.17 7.62 4.18 4.16 4.04 4.95 6.76
2.43 3.42 5.91 9.62 10.51 8.44 7.07 7.91 11.95 20.17 19.57 13.45 10.52 13.29 13.14 9.93 12.06 17.25 16.68 7.79 9.22 6.28 4.86 4.21 6.52 14.0 8.53 11.58 20.78 24.89 18.41 11.9 3.88 7.27 10.62 18.45 19.01 13.28 14.66 28.8 9.98 4.54 4.38 8.55 11.6 9.79 11.06 11.36 8.11 10.28 13.42 8.67 8.05 6.36 6.47 7.38 5.24 10.79 10.31 3.94 4.71 5.56 4.26 4.53
2.45 4.26 5.96 19.39 4.6 4.95 5.24 7.86 10.47 10.4 8.44 17.75 11.03 13.57 14.05 9.9 8.23 35.85 17.55 12.08 5.74 6.17 5.79 4.42 6.22 13.29 7.1 11.23 16.11 15.77 20.84 15.02 6.68 8.12 7.04 17.11 12.73 5.93 6.33 14.25 11.25 9.86 6.53 4.92 8.33 7.51 10.79 8.44 4.6 5.01 7.56 8.75 10.92 7.07 9.06 4.79 4.95 11.72 7.18 7.86 8.24 3.0 6.63 3.58
3.65 8.45 12.21 12.31 7.54 6.19 5.06 10.84 10.65 10.23 14.75 17.73 17.09 12.85 5.25 4.45 7.58 21.75 11.53 9.55 5.52 4.48 7.31 8.44 11.4 7.46 7.05 5.26 9.2 10.88 13.05 11.6 8.69 7.4 11.39 13.33 9.0 5.66 3.79 7.79 7.29 9.54 5.45 3.02 4.48 7.04 9.18 9.12 6.1 5.34 4.42 4.46 7.33 12.02 6.04 2.25 3.04 4.95 9.78 11.72 6.34 6.35 4.2 5.65
9.56 7.85 12.7 9.93 8.89 7.06 14.27 18.35 11.84 14.72 29.11 20.98 14.34 9.91 4.0 5.68 16.6 15.96 16.11 14.29 13.45 9.38 11.3 9.22 18.47 5.28 5.27 5.92 15.01 6.23 14.23 9.72 8.53 7.89 14.48 8.61 6.6 8.82 6.6 5.51 9.73 10.66 4.67 2.98 4.79 4.88 4.93 6.47 3.09 3.74 2.85 2.51 6.06 5.86 3.81 4.99 6.62 4.04 7.95 8.63 3.93 4.03 5.4 6.65
10.18 7.35 13.35 10.81 9.07 5.98 4.65 14.66 17.09 14.85 19.43 13.05 12.28 13.96 5.29 6.57 10.57 13.37 13.31 12.87 7.9 6.11 8.46 7.71 9.89 3.75 5.59 7.41 9.56 8.52 21.28 9.55 14.67 18.14 17.75 12.24 10.6 11.03 7.91 4.57 6.19 10.07 5.35 5.39 4.59 3.64 3.86 4.7 4.7 4.64 3.13 6.12 6.37 6.24 7.91 6.37 9.0 4.8 3.39 3.5 6.51 4.68 5.99 4.59
8.3 11.66 7.25 4.53 4.89 5.48 3.13 5.67 12.05 17.63 15.53 16.88 12.46 10.4 5.8 5.47 5.07 12.43 10.49 9.51 4.41 4.09 5.3 5.21 2.95 3.44 3.86 6.42 9.88 15.94 16.85 12.64 31.9 28.12 11.18 16.12 18.11 12.83 7.72 6.13 6.37 9.79 4.33 9.2 2.63 3.9 3.08 7.67 4.96 3.81 5.85 7.12 9.65 14.09 7.54 5.88 7.69 5.5 5.27 4.1 10.33 12.03 7.07 6.57
11.2 6.82 3.37 2.53 3.52 2.49 6.58 4.63 4.7 9.24 17.68 12.53 7.89 9.8 5.99 6.78 5.14 10.2 6.8 7.94 3.47 3.11 4.68 3.82 2.55 3.25 3.69 3.74 11.08 12.2 11.54 11.66 28.37 24.08 16.99 17.41 20.87 18.47 16.05 12.07 7.25 7.87 5.01 4.15 4.45 4.61 4.77 14.15 5.69 5.85 5.92 4.46 8.81 15.99 9.57 6.2 5.63 5.79 11.82 9.65 16.5 4.62 6.94 7.04
7.45 6.55 2.63 2.11 2.7 3.48 5.26 3.85 3.12 5.22 7.31 7.27 6.72 8.65 14.42 8.12 7.96 8.01 6.33 8.45 4.14 3.41 1.55 3.43 3.33 3.05 4.75 4.33 10.28 9.84 16.28 12.51 14.82 18.12 19.31 11.86 20.55 12.31 17.24 8.45 4.43 3.76 3.75 2.1 1.99 3.59 5.25 3.99 4.49 7.09 5.55 5.06 7.14 8.65 10.47 7.3 7.78 6.61 7.5 7.35 11.01 7.02 5.49 6.31
5.05 5.77 5.09 4.77 2.78 3.45 5.44 2.7 6.64 5.16 4.6 6.54 8.6 12.33 10.19 7.16 4.77 4.75 6.29 10.85 7.45 3.75 2.23 6.71 4.01 3.25 7.19 8.56 6.02 6.36 14.11 10.05 9.12 17.58 12.57 11.77 23.65 26.55 19.4 6.94 3.79 4.74 2.51 2.25 2.42 2.76 4.32 4.71 4.36 6.72 3.52 4.37 3.19 4.83 6.75 5.05 3.94 8.18 7.83 8.4 5.73 7.58 11.44 7.12
4.28 4.55 6.23 2.65 3.49 3.55 4.95 4.78 4.31 4.06 6.12 7.47 12.9 7.13 5.34 6.55 9.68 5.14 10.1 10.4 11.28 5.83 8.29 9.82 3.66 6.14 12.77 11.18 7.05 10.01 15.16 11.98 12.81 20.35 13.44 12.59 23.47 22.9 19.15 6.52 2.89 4.24 1.74 1.99 2.84 2.91 4.11 3.17 3.7 8.58 6.41 5.55 3.49 8.21 10.05 7.33 6.73 7.57 9.15 11.68 7.59 9.58 7.38 4.58
7.19 9.09 4.31 3.93 4.51 3.56 3.76 4.48 2.82 2.92 7.16 8.88 13.01 4.97 9.82 9.7 8.56 12.85 16.05 9.15 6.31 8.3 8.62 5.45 4.34 9.09 8.68 9.13 10.02 6.66 8.77 9.19 14.18 14.29 7.17 18.13 18.82 17.03 14.95 13.33 5.62 1.61 1.45 1.69 2.77 2.24 3.8 2.32 3.31 10.75 12.46 4.94 17.93 17.49 9.56 6.43 5.12 6.53 12.62 7.78 10.19 9.82 8.65 5.83
15.13 6.74 4.84 12.88 5.29 3.08 2.73 4.47 2.5 2.8 5.8 13.21 8.2 12.12 14.29 17.22 8.45 14.02 13.17 11.09 3.99 6.13 8.43 4.04 5.09 5.22 7.96 12.53 8.17 9.26 3.29 6.95 15.69 10.51 3.8 10.33 9.02 10.72 15.79 14.49 4.53 2.03 1.63 1.84 2.19 1.62 4.05 4.09 4.98 10.38 8.68 6.94 20.91 6.86 12.84 5.32 6.44 15.76 7.11 7.77 16.21 7.27 10.39 3.89
13.06 9.96 9.09 17.99 9.98 3.38 3.24 7.0 4.91 3.76 3.9 6.49 9.08 14.47 8.14 5.97 7.12 12.06 11.11 5.12 5.54 4.16 4.56 5.81 3.83 2.5 4.81 5.68 5.98 4.15 3.57 7.8 13.47 5.87 3.07 8.22 5.82 5.13 13.95 10.44 4.76 4.46 3.83 3.29 1.78 2.32 4.89 5.12 7.52 12.37 5.62 10.27 14.21 7.35 6.49 5.29 11.14 11.85 7.47 7.37 10.53 13.86 11.61 4.39
18.85 12.87 11.22 15.3 10.29 7.16 10.37 3.81 4.24 6.94 5.56 5.62 7.84 4.96 5.33 9.79 8.98 9.63 5.72 3.83 6.09 3.79 3.8 3.52 4.99 2.91 3.87 3.83 9.56 4.65 7.01 4.83 6.54 3.64 4.83 7.2 4.82 5.91 9.59 12.99 5.83 5.17 4.39 3.86 2.5 1.89 4.86 5.65 5.94 11.29 11.08 7.78 12.11 13.19 5.95 7.41 8.11 7.66 10.44 15.8 9.4 6.13 10.68 10.11
12.52 5.88 11.87 11.06 10.78 14.15 10.37 5.84 8.83 19.18 8.68 12.58 6.07 5.34 5.65 6.98 9.14 6.13 3.43 1.6 2.66 4.78 4.0 4.35 4.53 2.72 5.35 5.62 6.55 7.66 8.63 6.08 5.22 4.67 7.76 4.27 4.52 6.33 15.27 9.75 4.83 5.93 3.49 6.91 3.04 4.88 4.82 4.62 11.42 12.58 10.32 12.85 14.03 10.22 6.91 3.93 12.05 14.17 10.98 14.07 5.63 5.43 15.58 13.22
8.44 4.34 8.59 9.24 6.19 8.43 9.53 4.6 9.13 10.59 9.34 5.16 3.1 6.87 12.21 13.12 7.99 9.36 5.13 5.02 5.1 5.54 1.95 5.07 4.99 2.53 6.35 6.15 5.12 4.69 10.75 10.45 13.62 6.99 6.76 4.89 4.66 15.95 11.3 10.32 5.86 9.04 3.34 4.85 2.84 5.86 3.9 2.93 11.39 9.35 10.36 16.49 7.63 6.84 4.17 10.03 15.65 15.48 10.64 8.04 4.14 8.04 17.44 8.07
18.58 7.63 7.54 7.53 4.28 7.56 12.99 9.59 4.56 8.5 5.72 10.82 5.35 8.58 11.38 18.13 10.24 6.78 5.24 9.69 5.21 4.7 2.61 3.04 6.41 4.63 6.73 3.87 4.07 7.99 15.59 20.02 12.63 14.26 8.03 8.29 14.18 17.11 15.41 12.97 10.37 7.7 3.59 3.17 3.36 2.98 4.0 5.42 8.34 12.34 10.21 13.57 5.67 7.3 9.21 12.31 19.5 10.82 7.07 7.24 6.1 7.61 17.72 7.49
11.24 9.75 7.19 4.78 5.4 18.41 8.76 6.22 4.42 7.35 4.5 12.26 10.69 14.0 15.07 17.93 8.91 7.5 4.98 6.85 8.99 8.57 5.03 8.69 8.57 9.77 7.45 5.92 7.91 6.65 20.86 11.34 9.99 15.75 7.74 5.57 17.8 11.34 15.01 13.06 10.03 3.12 2.97 3.56 3.73 2.86 3.36 5.53 7.93 8.51 9.88 7.09 4.03 3.81 7.61 8.25 11.52 5.33 8.25 4.46 7.48 15.55 11.37 6.24
12.25 6.45 11.6 4.8 6.77 14.35 11.26 5.8 9.86 7.75 5.4 8.3 7.47 10.09 16.78 13.07 5.55 7.89 7.61 7.79 15.96 12.48 16.21 5.42 10.37 8.55 7.36 11.43 6.68 6.63 11.74 9.03 9.7 8.03 6.37 5.93 9.34 12.96 13.77 6.49 6.18 2.38 2.79 3.98 4.05 3.21 3.83 6.45 5.12 5.9 6.27 13.87 6.67 6.18 4.1 11.55 8.63 7.83 4.27 3.97 4.84 8.4 22.94 7.57
6.45 5.42 7.64 6.29 13.84 12.13 9.6 10.8 10.94 4.53 6.47 4.87 6.8 13.07 19.74 8.75 4.69 3.23 11.16 8.65 9.21 6.29 7.63 6.82 6.72 8.32 9.27 10.96 6.51 8.63 13.0 10.67 8.52 6.62 9.53 6.97 5.6 12.58 13.43 6.17 4.9 3.59 2.63 3.89 4.84 7.51 4.37 5.03 5.17 6.24 4.44 9.14 6.21 9.28 6.67 12.38 8.8 7.82 3.21 4.67 2.27 6.35 15.69 15.62
9.29 8.14 8.29 8.44 13.34 16.02 16.32 9.86 9.16 5.17 5.6 10.48 15.9 8.66 8.59 6.78 2.18 3.11 4.26 6.81 7.69 7.8 14.86 12.0 6.72 6.36 5.87 9.74 5.19 4.64 11.96 10.32 8.95 11.7 9.33 6.81 5.86 7.95 5.63 10.68 10.2 5.65 3.26 4.17 9.94 8.63 9.42 5.61 5.67 4.84 11.56 4.51 5.61 7.83 10.78 10.22 7.62 9.65 4.38 3.8 3.19 9.14 20.68 14.06
13.35 7.3 6.36 11.81 9.63 16.16 10.85 7.62 5.56 2.14 4.11 12.52 7.02 7.11 6.58 3.38 2.34 3.3 4.93 5.06 4.68 13.12 14.6 8.27 4.64 2.86 5.96 9.0 9.91 10.49 3.67 9.39 10.02 18.03 6.77 6.04 6.08 5.79 8.45 10.76 6.77 4.27 4.5 4.61 8.16 4.17 5.12 3.74 6.83 6.84 7.15 4.03 4.73 11.76 25.61 8.75 15.22 15.56 3.78 5.0 5.53 8.96 30.56 15.45
8.2 8.53 6.25 9.45 14.11 14.65 6.49 8.48 5.07 1.82 5.2 6.38 4.94 11.7 10.95 4.31 2.3 3.07 5.09 3.47 8.94 9.33 7.18 8.14 3.75 5.86 9.22 7.49 15.9 10.5 4.36 4.29 8.53 6.36 3.8 7.72 5.86 3.4 5.02 14.0 5.59 4.98 3.29 6.17 5.96 6.42 6.56 2.29 9.29 10.19 7.1 3.66 5.16 13.45 10.84 4.97 11.82 7.4 2.52 3.32 6.11 17.53 13.73 42.7
6.09 5.13 6.17 8.67 7.98 5.29 8.07 8.08 2.67 3.31 2.68 4.48 4.12 5.4 11.81 5.31 4.51 5.34 5.69 8.91 13.06 11.0 13.33 7.34 10.35 7.88 11.18 18.84 14.52 8.59 10.3 8.69 12.3 11.86 6.61 8.06 6.7 3.94 4.34 9.0 6.56 6.47 4.97 5.09 6.02 6.33 7.88 4.77 5.52 7.87 6.9 5.92 7.01 9.28 6.53 6.96 7.57 3.05 2.9 5.06 11.13 7.4 11.37 31.68
6.43 5.94 4.31 7.34 4.72 6.56 13.53 7.6 5.86 3.74 3.62 4.72 4.14 4.0 4.09 2.64 5.77 6.26 4.57 8.28 5.96 7.94 7.99 11.44 9.36 4.17 7.86 19.02 11.95 9.41 19.04 12.33 9.7 16.26 18.8 7.51 4.84 3.93 6.87 12.69 4.51 6.18 3.53 3.88 5.01 7.79 3.25 7.21 6.38 5.12 7.32 10.94 11.73 6.87 8.93 7.06 8.6 3.79 3.55 6.27 8.71 9.79 8.61 24.55
5.59 5.17 8.33 4.4 6.16 8.21 14.99 5.11 5.5 3.66 4.86 5.17 4.77 5.32 5.07 7.05 3.96 5.84 3.96 6.25 5.72 4.73 7.84 9.15 14.38 4.36 10.05 16.8 18.96 17.34 14.33 10.9 10.06 8.66 11.47 7.31 4.06 4.42 6.16 12.37 6.55 7.42 5.95 4.04 3.27 4.09 5.0 8.31 4.87 3.98 7.52 9.12 10.71 9.74 5.82 10.35 8.25 7.73 6.67 8.53 7.39 9.14 20.01 27.34
7.82 5.69 7.41 9.66 8.77 7.35 14.28 11.36 3.5 6.49 9.72 4.31 4.12 10.36 8.02 10.65 8.07 3.21 4.81 6.38 4.5 8.1 3.56 6.47 7.9 7.17 15.21 12.13 16.25 21.04 12.59 6.83 8.58 5.7 12.67 6.45 4.81 7.46 11.58 6.4 7.94 6.37 4.89 2.94 2.86 3.07 3.29 5.1 4.0 6.43 8.73 12.01 12.2 8.62 9.45 11.99 16.67 11.1 12.43 9.88 13.05 19.19 33.63 29.6
8.27 17.51 14.86 16.74 12.02 9.6 15.27 21.21 6.14 6.75 6.24 3.63 3.94 13.72 9.29 17.81 6.29 10.63 7.86 13.09 14.9 12.02 5.68 7.66 6.06 7.11 9.45 17.62 12.3 7.77 11.14 7.75 13.27 15.93 8.1 6.28 7.52 11.36 23.41 7.13 7.04 6.84 6.19 4.04 4.64 5.13 3.15 2.49 3.18 5.83 5.55 7.26 10.22 6.75 8.7 10.11 9.86 8.52 7.21 3.94 8.85 15.24 22.67 14.88
9.57 13.56 15.85 15.62 10.83 11.17 20.86 22.5 14.27 8.08 5.16 6.55 6.44 8.05 15.78 12.75 12.02 8.8 9.41 11.95 13.69 16.82 13.47 10.76 8.77 9.1 11.84 21.87 9.91 7.41 9.1 7.0 26.96 15.45 12.02 5.99 10.78 10.55 25.63 12.77 7.43 4.75 4.59 7.94 6.21 5.56 2.95 5.88 5.42 10.98 13.89 14.78 9.92 8.79 6.53 7.43 5.08 5.8 5.1 6.27 8.37 10.7 25.48 8.78
7.14 11.89 7.4 6.42 10.24 10.55 11.21 6.56 12.39 5.21 8.71 3.59 7.17 7.5 12.52 15.93 12.59 4.6 8.99 14.29 16.75 14.1 9.58 19.11 6.07 11.71 22.78 9.78 7.57 4.85 8.02 7.55 31.32 12.41 16.69 11.2 19.29 13.57 10.86 12.08 6.31 4.92 3.1 11.26 8.87 7.52 5.28 10.95 8.2 11.67 12.72 15.12 7.49 9.21 6.79 7.68 7.08 8.18 7.53 12.11 7.49 11.5 9.66 10.06
4.01 4.88 6.11 8.24 10.98 10.54 7.71 6.54 8.31 7.94 6.21 4.67 9.07 7.82 13.96 20.47 7.05 13.4 8.24 19.14 17.17 17.96 7.66 10.64 7.65 8.97 10.75 13.11 10.21 6.52 8.43 13.19 13.27 13.07 9.57 17.09 16.19 13.19 9.77 10.16 5.96 4.78 7.35 12.58 9.6 9.84 9.61 16.66 15.82 13.82 8.07 14.63 15.0 13.47 10.97 10.93 12.29 10.07 12.02 14.94 5.94 11.21 15.39 14.72
2.19 2.68 3.68 5.93 6.03 8.13 7.24 5.71 8.48 8.98 7.2 8.6 11.45 9.68 9.79 11.44 9.98 21.66 13.75 16.28 9.14 23.93 13.79 7.91 5.02 6.69 8.89 11.08 9.39 7.55 12.3 14.35 10.88 10.27 9.81 12.97 17.52 11.78 9.11 8.16 6.05 7.07 10.14 8.86 9.83 11.94 8.21 10.7 15.74 8.13 7.56 10.04 13.21 14.41 17.62 5.15 14.43 11.86 10.87 12.21 7.47 10.75 15.9 19.3
2.37 3.51 5.3 3.44 8.56 12.75 6.5 5.48 9.82 15.97 18.58 8.21 7.35 4.58 7.35 10.66 8.29 12.06 11.49 15.89 27.54 21.56 26.1 9.9 7.17 6.57 11.27 7.1 5.56 4.85 9.66 8.04 6.97 7.36 9.49 11.28 16.4 10.34 8.4 14.62 10.82 7.05 10.22 8.41 17.59 9.04 7.95 5.87 11.05 11.56 11.45 5.26 11.62 19.43 12.97 7.56 8.26 14.83 16.33 10.84 8.38 10.8 12.29 13.46
2.43 2.97 4.59 6.71 8.68 8.23 9.62 6.89 5.1 25.88 13.68 12.44 5.15 3.78 12.1 8.13 8.84 5.38 13.95 17.25 15.71 15.9 15.4 6.86 9.87 8.88 6.44 8.68 3.76 5.56 12.71 16.54 12.66 9.17 9.75 9.89 21.85 13.45 10.69 14.83 18.26 16.02 10.74 17.15 12.58 6.2 10.26 15.39 7.89 17.2 10.89 5.55 16.01 9.48 12.31 7.93 13.7 14.21 23.51 12.22 10.27 7.57 11.28 15.97
2.19 3.52 3.82 11.82 9.16 10.89 9.7 12.2 16.58 8.64 11.13 10.72 8.03 6.96 10.87 5.95 7.66 7.33 14.17 15.03 4.01 7.25 8.94 8.99 11.57 9.91 7.77 7.41 7.08 6.61 13.56 18.58 17.9 14.04 8.19 13.97 23.47 18.97 12.3 21.16 11.45 17.1 6.55 14.51 7.22 7.71 11.87 19.36 14.21 16.22 10.2 12.01 21.52 7.65 6.12 7.37 17.34 21.81 9.15 10.97 16.42 7.69 13.15 14.93
3.69 4.97 8.41 8.05 6.43 10.66 10.91 6.96 6.78 7.61 10.21 9.02 6.42 4.07 6.76 3.09 4.95 4.43 5.77 8.46 6.63 4.36 6.12 9.4 11.62 8.35 3.73 3.89 4.45 5.53 16.54 20.02 14.41 13.77 16.62 25.14 42.15 23.34 23.48 23.89 20.92 19.14 7.45 17.69 10.41 15.78 10.39 17.4 7.05 9.09 6.44 9.7 9.61 6.07 8.78 13.1 22.64 11.24 12.31 15.22 16.04 10.4 12.47 11.18
3.49 3.86 5.14 4.99 3.15 3.76 8.97 9.21 4.21 12.47 15.41 12.03 11.77 11.27 5.95 4.34 3.9 3.25 3.9 4.13 3.89 3.72 3.08 7.25 5.84 6.5 3.97 2.45 4.09 5.32 18.05 18.91 17.11 8.64 21.77 18.03 20.87 26.49 23.16 13.74 14.08 12.78 12.94 18.39 10.84 11.98 10.79 19.25 11.98 9.98 10.16 5.72 9.02 6.63 8.69 12.88 20.98 6.84 15.63 10.62 17.15 8.27 9.23 14.77
3.97 5.96 7.19 5.49 6.27 4.93 3.88 7.52 4.22 9.18 6.97 8.62 10.91 11.21 12.74 11.11 3.56 5.55 3.76 6.24 4.66 4.01 3.12 11.69 13.26 11.54 6.9 5.52 5.36 5.56 12.69 16.13 19.46 9.91 15.5 23.68 18.65 22.63 21.97 11.47 12.2 12.55 23.69 10.34 6.36 12.02 20.98 21.23 9.76 11.49 8.09 8.45 9.46 4.68 5.94 10.0 11.3 8.86 7.45 6.43 14.24 5.93 8.32 13.22
4.04 7.88 9.86 9.73 9.1 8.91 7.26 4.1 5.93 6.26 4.39 12.8 9.37 8.55 11.28 10.94 7.38 4.65 2.91 6.1 7.58 10.53 10.21 7.62 16.27 15.77 7.51 7.84 3.99 6.18 12.17 12.73 19.66 13.17 15.91 12.21 16.31 19.54 25.84 12.38 9.3 6.68 7.29 10.49 6.9 9.38 13.01 12.81 8.7 11.46 8.38 14.13 9.89 6.38 8.34 13.66 18.25 17.65 4.88 7.14 8.52 5.69 8.36 11.79
