6.07 9.36 4.87 12.39 15.33 14.35 14.41 15.52 20.53 13.54 12.1 8.06 12.52 20.12 9.75 8.93 12.79 15.52 14.21 13.3 15.84 10.05 7.38 12.39 7.94 7.56 8.07 10.2 4.91 2.86 1.81 2.67 6.24 4.53 4.23 4.61 8.17 4.08 8.43 7.69 15.98 7.78 8.24 4.98 4.92 4.47 7.02 5.69 3.87 3.33 7.6 5.28 3.91 2.43 2.32 4.7 3.6 4.39 4.48 8.17 6.54 7.47 4.73 8.42
9.68 5.65 3.41 4.57 14.75 10.49 23.92 19.45 24.81 13.6 11.77 8.93 10.96 13.78 15.43 9.88 14.37 19.97 12.66 11.7 11.84 9.12 8.83 12.01 6.28 11.88 6.47 11.05 3.89 1.74 2.42 4.69 6.33 4.1 5.99 6.22 5.23 6.38 5.97 6.37 8.2 8.04 5.61 5.19 5.93 6.79 10.73 9.11 3.36 3.17 5.44 8.32 9.07 7.57 4.45 4.02 4.58 2.87 3.4 9.85 7.59 8.11 8.54 6.57
17.71 4.08 3.08 4.46 8.3 12.72 20.26 16.53 27.24 16.22 11.79 12.91 14.42 8.95 21.95 19.58 9.86 15.47 16.32 33.23 17.35 15.85 8.71 10.01 5.08 7.65 8.86 13.79 7.03 4.16 4.31 2.98 5.25 10.39 6.05 7.89 5.64 3.93 5.68 8.34 7.66 7.48 5.86 4.88 3.04 4.43 10.03 12.23 4.45 5.69 8.29 6.46 6.43 6.01 11.09 3.55 2.7 4.65 3.54 4.1 7.89 6.42 3.83 5.04
7.45 4.38 5.41 8.81 11.61 9.74 13.95 7.17 14.6 21.65 29.87 20.02 19.66 10.65 12.31 20.16 10.5 13.98 24.94 29.14 11.23 12.87 12.69 9.38 12.42 15.13 6.77 14.71 8.74 3.25 4.68 6.92 4.05 5.87 4.88 3.31 2.89 3.17 2.45 5.04 7.66 6.44 4.03 3.85 2.65 5.41 5.54 9.8 6.62 5.79 15.06 5.66 5.22 6.86 6.16 3.03 4.99 2.47 4.18 6.11 5.19 5.84 5.42 7.75
3.94 2.55 4.42 10.29 8.65 15.53 10.55 7.33 8.84 7.17 6.77 12.72 13.87 14.52 14.9 14.55 10.37 16.53 10.33 8.95 13.69 10.29 14.91 16.56 9.7 5.74 10.81 11.11 4.72 3.29 2.42 4.94 4.07 4.76 6.36 2.56 1.98 5.6 2.92 3.91 10.68 15.02 6.23 7.41 8.18 8.6 6.4 8.74 8.24 6.93 11.47 5.4 8.99 4.66 8.15 4.37 4.52 2.89 4.27 3.63 4.23 5.16 4.43 7.86
3.45 2.93 2.92 9.7 10.04 14.87 10.62 12.09 13.12 6.23 7.03 9.32 17.09 10.53 18.0 18.63 15.86 7.9 14.11 7.0 8.01 16.79 14.75 16.07 16.0 8.28 11.13 12.09 6.11 5.39 3.08 2.29 3.59 4.95 4.59 4.35 3.95 2.49 2.05 4.24 12.45 13.88 11.74 9.98 14.3 11.47 9.02 11.3 6.52 11.2 9.3 8.43 6.01 9.04 7.34 5.22 6.47 8.16 3.71 4.41 3.4 4.59 4.78 12.98
3.48 7.27 4.35 6.12 7.64 6.44 11.65 11.61 12.82 5.54 11.91 8.68 13.87 14.02 41.46 18.32 13.09 8.52 10.66 9.95 8.5 21.46 11.5 10.14 8.24 13.24 6.95 15.68 9.04 5.44 4.87 3.44 3.73 5.66 5.67 4.51 6.37 3.42 3.13 5.9 10.26 8.46 13.43 7.28 6.32 12.77 9.22 14.06 6.63 13.85 4.99 8.69 6.66 5.16 6.73 6.93 6.68 6.44 6.36 3.97 6.19 5.44 3.24 5.72
1.3 3.48 5.29 7.84 7.87 4.58 6.93 4.23 6.15 4.73 9.66 5.35 13.78 21.55 11.35 12.27 7.38 7.22 5.39 9.25 11.07 9.03 13.27 17.37 9.44 9.08 9.11 9.01 10.53 12.39 6.67 6.61 7.76 9.9 14.0 4.97 5.94 6.83 5.27 8.21 8.62 24.66 8.1 3.68 6.7 5.53 4.2 11.29 8.24 8.68 8.98 5.03 4.51 3.67 4.97 6.24 9.41 5.46 5.21 5.36 7.63 6.48 8.86 9.38
1.63 3.59 6.31 5.33 4.91 7.05 8.35 7.55 7.76 8.09 9.96 8.33 7.3 19.79 11.55 16.9 7.77 4.12 3.92 9.39 7.15 6.35 8.51 7.42 5.79 10.08 11.58 4.02 13.9 13.12 6.23 8.64 7.14 15.03 15.47 10.36 3.78 8.47 5.31 6.35 8.28 13.9 9.39 4.02 7.53 5.87 12.88 10.48 10.92 8.79 7.5 6.18 8.4 4.86 6.26 5.96 5.28 4.73 3.23 4.48 6.59 13.05 7.64 7.84
3.87 4.54 5.22 6.39 3.73 10.1 8.75 10.43 8.45 5.74 9.78 11.1 10.9 9.29 14.21 11.65 6.81 3.05 1.82 4.45 7.14 12.15 7.73 5.56 5.62 3.42 4.47 5.08 12.05 14.49 7.59 7.34 8.74 10.77 7.55 10.91 6.11 5.8 11.51 6.03 3.96 6.61 5.61 4.38 5.59 4.32 6.84 8.49 5.9 5.74 6.64 7.53 3.58 3.69 6.28 5.84 5.95 9.18 4.56 6.48 7.78 9.31 6.16 8.9
4.68 6.25 8.8 5.44 2.98 4.37 5.77 4.35 8.35 9.25 10.46 8.12 21.4 9.16 9.66 14.18 4.77 3.15 3.42 5.6 4.47 9.4 7.58 8.44 6.88 4.22 2.63 3.78 8.85 8.87 9.26 5.9 9.08 8.14 12.05 4.31 9.85 3.6 3.68 4.26 4.56 8.49 5.06 9.38 4.4 5.23 5.8 9.86 6.76 11.98 5.8 6.2 5.21 3.88 11.87 5.74 4.84 7.89 5.21 7.67 12.85 10.95 4.98 3.83
7.21 6.88 12.46 5.48 5.84 5.38 2.58 4.76 8.98 6.18 6.72 11.35 6.8 10.91 12.91 17.87 5.18 8.78 7.45 7.53 3.81 11.07 11.8 19.84 10.06 5.54 4.42 4.46 5.07 8.89 8.57 5.88 11.88 5.02 5.75 8.67 6.99 4.05 6.56 3.55 2.83 9.23 5.45 9.97 5.82 3.68 4.88 9.02 7.53 6.09 5.96 3.34 5.11 9.29 12.14 5.6 4.99 3.17 4.86 7.27 7.23 11.71 8.23 2.72
3.85 6.32 5.17 7.08 6.67 3.33 3.89 5.74 3.57 5.24 6.14 6.92 6.2 13.29 13.2 14.92 20.27 12.86 13.65 8.76 6.6 10.65 10.54 23.55 15.07 10.38 3.84 6.74 5.86 4.97 4.41 3.77 4.37 4.98 4.14 5.83 4.88 5.46 3.23 3.03 2.66 2.64 12.07 5.22 10.99 7.71 5.99 4.23 12.4 3.75 2.9 4.12 3.6 13.17 18.36 5.02 10.84 6.05 2.88 3.92 7.76 8.53 4.99 6.44
2.94 5.79 6.43 2.99 6.38 4.54 4.21 5.47 4.05 3.32 10.84 5.22 7.57 6.88 11.37 11.59 14.66 13.86 10.62 9.08 5.53 6.1 4.54 15.82 14.21 18.44 12.71 7.45 3.37 4.78 3.8 5.51 3.12 5.71 5.91 5.05 5.83 5.98 3.73 4.8 4.0 4.57 8.68 7.93 11.82 24.54 13.27 4.65 4.69 4.72 4.08 5.17 10.86 6.89 8.62 6.95 5.51 3.61 3.61 1.96 5.01 8.52 3.03 4.68
7.71 4.85 5.51 5.41 4.57 2.94 8.0 6.28 6.09 3.13 7.8 6.17 7.89 8.98 13.17 18.44 13.36 12.34 4.98 7.06 12.56 8.29 6.27 10.08 15.56 14.23 13.9 4.14 4.23 4.42 4.63 3.66 2.92 4.0 8.17 5.0 3.42 4.63 4.59 5.19 4.69 7.74 8.51 10.7 11.78 21.82 6.4 5.31 6.47 3.68 6.15 5.47 8.7 7.23 8.36 8.81 6.76 2.87 3.26 3.93 3.82 9.84 4.62 4.31
12.16 6.39 8.35 4.77 3.77 3.1 10.52 6.33 7.45 5.08 8.48 5.66 6.59 11.39 21.3 21.46 13.36 9.65 4.75 11.08 10.03 6.38 6.19 9.35 13.27 11.83 8.84 4.32 3.63 6.73 5.06 2.68 1.36 4.68 6.35 7.0 1.77 3.39 4.38 3.76 4.76 6.23 5.85 10.25 10.98 10.48 6.38 2.43 3.86 10.5 6.79 5.42 8.8 6.09 4.63 5.21 4.4 4.48 3.59 2.58 6.66 9.68 6.29 7.98
10.2 7.88 8.3 3.95 6.02 6.27 6.62 5.11 6.03 2.93 5.29 6.91 9.62 11.51 12.71 8.78 7.42 12.67 11.03 20.89 15.08 9.25 8.53 9.09 6.79 10.46 9.98 4.14 3.59 7.2 5.37 3.73 2.26 3.41 3.1 4.53 3.29 2.66 5.25 6.92 4.05 7.04 7.75 4.87 9.65 8.37 4.75 4.61 4.76 6.38 7.66 7.44 7.28 8.91 6.86 4.91 6.17 4.34 5.48 3.62 6.53 7.5 12.32 6.8
6.26 2.7 4.36 3.79 3.13 7.82 9.72 5.21 5.57 5.27 3.18 7.01 13.24 9.06 10.72 13.43 5.54 17.24 18.45 8.77 7.03 15.55 6.71 9.16 9.89 7.73 13.02 7.36 6.36 7.06 8.93 4.32 6.76 5.74 3.9 3.05 6.1 4.99 3.44 7.66 15.91 8.51 7.44 4.64 5.8 6.97 5.75 6.56 10.39 8.4 8.3 8.32 8.66 7.55 7.76 4.93 4.03 4.78 4.75 3.15 7.28 18.95 8.32 5.67
4.93 3.96 3.74 2.11 3.08 9.69 9.62 7.28 4.65 2.89 4.73 3.98 8.05 11.64 8.94 14.68 9.85 9.59 12.7 10.13 11.03 16.78 8.6 6.59 6.66 7.9 12.22 9.64 7.38 8.93 13.61 4.34 7.87 4.96 6.2 6.93 5.01 4.01 4.07 10.21 22.51 17.65 12.93 3.92 5.22 7.01 9.92 9.64 12.04 7.0 4.7 10.74 9.99 14.4 5.16 3.97 5.4 3.76 2.4 7.32 8.9 20.35 15.33 6.54
3.21 4.02 4.54 3.77 4.6 7.9 5.82 5.49 3.59 3.31 4.78 3.77 5.24 4.53 8.36 13.54 13.62 6.38 5.19 5.79 9.69 16.44 11.7 8.31 5.76 8.61 4.87 8.82 12.99 7.51 11.29 7.79 5.1 6.08 7.14 5.07 5.04 8.65 6.23 8.59 15.86 20.34 24.6 10.5 8.06 6.68 7.64 7.02 15.28 8.55 7.74 17.83 14.39 4.43 5.02 4.15 6.24 5.72 5.31 9.3 15.51 12.73 14.41 16.17
2.53 1.58 2.96 1.95 7.97 7.73 6.95 5.8 3.64 2.14 3.66 5.99 7.74 5.83 10.33 7.7 6.24 8.74 7.49 11.37 11.53 12.41 10.6 9.38 5.31 8.44 8.29 7.79 9.78 10.34 7.36 7.07 7.12 11.51 6.03 6.68 6.7 8.04 6.63 12.12 12.77 17.88 10.75 25.85 10.21 10.22 10.22 11.01 10.43 6.72 19.45 12.55 23.74 8.85 4.66 3.4 4.88 7.08 7.29 9.85 9.9 16.55 7.89 8.92
4.16 3.17 5.73 3.47 4.52 10.11 8.18 6.45 5.03 5.46 3.03 10.49 12.04 4.56 3.73 8.28 2.52 8.17 9.74 10.09 8.9 11.43 10.54 7.41 12.75 14.43 14.65 8.99 8.96 8.35 7.85 7.96 9.29 9.87 11.38 8.2 12.1 12.97 8.78 10.8 9.96 11.0 12.29 18.28 9.78 6.9 20.86 10.2 13.09 5.87 7.91 3.2 11.66 11.48 5.66 4.31 7.13 4.87 7.36 7.91 5.76 10.69 6.78 7.64
5.58 3.37 4.99 2.14 2.97 6.78 8.5 12.0 8.46 4.71 6.19 9.55 12.05 9.19 5.03 6.51 5.08 5.87 5.26 9.68 6.99 7.04 7.14 10.69 21.71 9.39 9.49 14.99 7.96 6.74 9.35 12.21 10.46 8.8 8.93 7.2 8.21 10.08 6.93 8.99 8.25 4.62 5.84 6.49 10.47 6.78 10.19 7.96 9.74 5.11 3.07 2.83 6.16 9.75 8.7 8.74 5.8 3.54 11.15 8.17 4.96 6.86 4.88 4.58
5.83 3.29 4.84 3.76 3.9 3.6 4.72 3.17 5.51 9.49 7.27 11.6 10.55 11.69 6.27 3.36 4.77 6.38 4.51 9.22 7.9 6.25 7.18 15.06 13.68 13.64 7.78 11.02 13.38 8.63 7.94 7.73 11.78 8.7 10.16 16.7 11.64 7.26 5.53 4.82 6.44 3.79 5.97 4.34 8.9 4.51 4.31 3.55 3.31 3.76 2.6 2.75 3.12 5.71 7.72 7.89 14.26 5.06 5.3 6.64 9.93 8.04 7.56 7.88
6.06 2.6 3.89 3.32 2.66 1.45 3.33 3.89 9.19 10.24 9.5 10.97 9.72 5.73 9.36 6.75 6.2 13.16 9.28 7.24 5.23 9.19 7.93 20.24 19.59 12.16 6.53 13.21 10.96 10.97 7.57 7.72 9.61 14.12 6.27 14.06 7.07 2.86 6.31 4.24 2.64 3.93 6.4 2.43 4.08 3.71 2.85 3.2 2.93 3.92 2.76 3.12 3.1 4.57 4.98 4.75 10.15 8.63 6.74 6.56 8.29 7.84 7.03 5.89
9.9 3.84 4.38 3.19 1.73 1.33 4.98 4.34 14.69 17.73 29.55 12.92 16.92 11.14 5.09 5.93 6.0 7.19 7.0 13.99 6.65 6.23 5.3 6.37 10.08 6.62 4.68 8.18 18.22 15.87 6.25 10.62 4.01 5.44 11.74 7.0 6.04 6.47 3.79 4.23 3.38 2.22 2.38 2.6 3.6 3.38 2.87 3.28 4.07 2.59 3.46 5.94 4.46 3.35 2.6 2.84 6.35 6.3 6.07 3.67 11.99 5.94 4.48 3.83
6.12 3.11 5.22 2.22 1.47 2.45 2.8 3.65 8.44 24.08 17.56 31.42 17.44 15.92 3.73 6.06 6.4 6.33 10.86 19.91 8.66 11.24 7.33 5.28 11.62 8.29 10.25 5.61 13.31 14.7 13.82 8.14 5.5 4.74 4.73 4.8 2.48 4.51 4.06 4.36 4.94 6.76 1.74 1.62 2.22 2.43 4.27 2.77 3.91 2.91 4.59 2.73 3.45 2.15 2.36 2.59 4.06 6.07 4.96 4.94 16.13 11.38 6.62 4.53
6.78 2.5 3.57 3.28 2.85 2.74 3.13 8.16 11.55 15.6 15.98 24.05 21.85 14.12 9.89 7.75 5.75 3.57 7.53 13.3 10.01 7.82 8.33 5.7 8.65 5.41 5.34 5.05 9.35 8.1 13.5 11.68 7.26 5.77 7.15 5.34 2.69 3.04 3.65 4.9 3.91 7.77 2.83 3.07 4.57 2.11 2.82 1.93 4.35 2.89 5.69 4.62 1.93 3.94 2.57 2.76 1.66 3.37 1.71 8.12 5.33 9.49 15.51 7.64
5.61 3.73 4.88 4.16 3.76 5.25 3.83 6.89 11.4 13.76 12.65 8.39 12.05 9.37 8.72 5.78 5.33 5.99 7.14 10.63 6.87 11.83 5.55 9.62 5.27 4.3 4.46 4.19 4.19 6.99 8.33 7.01 5.75 6.31 7.47 4.37 3.64 3.33 3.29 3.63 5.21 5.12 3.29 3.86 4.91 3.11 4.39 2.3 2.22 3.5 5.04 4.88 3.57 3.17 3.91 4.21 2.47 3.74 4.49 5.31 4.66 7.94 14.27 13.68
5.48 4.4 7.31 4.02 4.49 4.15 5.45 11.8 11.42 9.8 7.86 8.81 8.6 12.92 9.62 6.58 4.82 5.6 6.01 5.57 5.12 10.82 10.04 8.6 3.49 3.81 2.83 3.07 3.71 2.83 8.38 13.64 11.88 4.89 4.0 3.1 4.13 5.47 6.74 6.76 5.47 4.56 4.35 2.54 2.21 6.13 9.05 3.22 2.77 3.5 6.24 8.68 6.26 4.67 4.61 2.74 3.75 3.31 6.8 8.71 3.83 5.74 8.69 11.01
7.46 6.64 7.59 8.3 11.84 4.71 4.8 10.1 3.72 12.36 3.03 5.2 2.9 11.38 5.98 3.7 2.43 4.85 4.17 3.48 6.32 8.87 5.98 6.57 3.04 6.49 7.65 5.81 3.52 3.7 6.17 15.36 21.16 6.71 3.91 7.96 4.87 4.12 8.72 8.75 13.07 6.57 6.09 2.07 3.64 5.1 10.06 3.01 4.33 2.78 4.74 7.32 8.85 3.82 4.19 4.02 3.48 3.57 4.23 5.26 6.04 8.14 6.83 7.66
5.95 6.93 9.04 9.49 10.41 11.53 7.6 10.37 8.74 6.68 4.5 3.18 2.95 4.98 6.92 6.11 5.5 4.07 3.08 3.37 3.92 5.42 4.9 4.36 4.96 8.68 11.41 4.54 2.03 9.01 6.13 9.66 9.71 6.34 2.66 7.93 6.05 2.23 13.77 13.23 12.29 9.11 9.07 2.88 5.72 6.55 6.63 7.36 7.6 2.93 5.09 3.95 3.44 8.45 5.95 6.03 4.14 7.87 3.35 3.91 6.76 10.26 16.49 16.19
13.04 10.0 8.12 11.77 14.2 6.0 13.02 6.17 10.12 5.88 4.84 4.67 4.43 3.84 4.92 5.02 4.82 5.58 5.36 10.41 3.9 2.72 4.52 5.3 6.55 14.15 7.48 5.76 5.22 5.72 8.64 11.01 5.89 4.22 3.37 5.59 4.57 4.1 14.5 14.06 8.74 4.76 4.85 8.09 7.64 10.37 7.29 4.2 6.4 4.57 4.09 5.36 4.78 4.45 8.13 6.66 3.6 6.9 13.27 4.37 5.41 7.27 9.4 13.98
18.5 6.03 13.21 15.99 13.13 4.93 8.81 6.5 6.26 9.61 3.81 9.72 8.06 11.27 4.43 5.09 3.01 4.28 4.69 9.81 5.59 7.47 9.07 5.61 6.97 6.56 5.72 7.14 6.9 8.78 13.6 7.05 4.77 2.56 2.43 5.6 3.43 7.85 13.71 18.46 9.45 12.87 5.8 6.29 5.94 6.21 6.25 4.0 4.82 4.54 7.29 5.07 2.78 4.3 8.39 4.36 5.57 5.07 6.58 6.14 7.98 7.49 21.78 18.55
13.25 9.21 12.78 17.19 9.25 4.69 3.93 4.65 2.16 4.2 4.89 16.86 15.83 18.03 5.81 7.63 3.8 3.68 6.03 8.45 4.91 10.34 8.91 5.8 6.58 4.98 7.35 9.43 6.89 6.18 6.68 8.0 6.42 5.15 3.16 4.33 3.67 8.86 10.02 18.89 20.14 10.65 23.73 5.7 5.56 9.06 10.6 2.45 4.1 4.72 6.04 5.09 6.18 6.14 7.78 4.77 3.72 3.78 4.73 6.51 10.26 13.31 18.35 14.79
8.92 15.87 16.58 5.85 6.39 5.03 1.03 2.33 3.22 2.28 6.55 16.6 9.51 14.33 10.76 10.3 5.19 6.28 4.15 7.51 5.0 6.38 7.65 15.29 7.33 8.57 11.91 10.66 7.5 9.45 7.21 7.09 4.95 4.58 3.0 5.2 2.76 5.88 8.7 12.83 32.16 12.61 16.64 7.01 6.81 10.83 14.24 6.64 3.74 3.05 4.1 3.4 4.78 6.34 8.69 9.85 5.59 3.65 4.08 4.31 8.85 28.12 23.28 12.98
11.9 11.73 7.8 7.08 6.05 6.23 1.87 1.26 1.39 2.42 4.29 16.69 23.06 19.49 16.34 7.64 4.33 3.81 5.18 4.11 10.78 6.12 6.32 10.56 7.65 8.7 14.12 12.33 11.72 11.28 10.1 5.68 9.16 4.72 2.91 1.91 4.19 4.98 5.44 15.85 22.92 14.51 13.67 9.16 8.8 20.58 32.23 11.08 6.45 3.42 3.93 5.4 7.1 10.02 4.25 11.65 5.92 6.4 3.28 7.34 7.65 14.03 20.77 12.72
16.38 16.42 20.22 10.43 4.17 3.26 3.73 4.19 1.75 4.39 4.54 7.28 17.22 28.62 36.65 9.73 6.76 3.98 4.5 3.47 5.29 6.26 4.56 8.44 5.97 14.28 13.11 19.44 8.01 7.07 5.97 5.03 6.15 8.06 5.08 3.19 3.23 3.83 7.59 13.14 10.61 26.46 14.72 7.14 9.68 16.11 15.8 11.17 15.79 7.21 3.49 4.86 10.36 10.44 3.74 9.28 5.99 5.32 4.31 7.76 10.1 11.8 24.18 8.83
11.1 13.43 13.08 10.37 5.58 3.34 4.37 6.48 3.35 6.52 3.03 5.39 9.65 12.64 32.5 18.1 6.77 5.59 1.65 3.0 8.76 4.5 4.07 7.1 6.0 13.74 19.16 13.47 10.36 7.96 6.65 3.58 4.49 6.34 3.85 2.87 4.67 4.96 7.46 9.59 8.91 12.28 8.26 7.73 11.24 21.1 14.63 12.03 8.38 4.97 4.22 5.16 6.09 7.39 7.77 11.92 13.06 6.95 5.3 7.03 13.09 13.88 19.29 16.71
6.48 9.37 7.49 4.38 3.69 2.85 3.27 5.6 3.95 9.1 4.2 6.96 4.48 9.49 8.85 22.24 9.1 11.41 5.5 4.2 2.87 3.27 3.23 2.95 7.97 17.58 17.18 13.44 12.62 9.52 5.05 2.98 11.33 9.96 4.89 5.85 16.85 10.33 7.11 13.15 16.64 9.51 7.39 5.77 8.95 13.64 18.59 8.74 6.91 6.93 4.23 2.53 3.6 4.28 7.99 11.8 13.12 12.57 7.38 6.37 8.97 17.41 6.67 19.53
5.22 3.92 5.42 6.72 4.12 2.58 2.84 4.63 6.03 10.04 3.99 4.44 2.0 5.55 6.61 10.08 7.12 7.98 7.31 5.28 2.35 2.94 4.14 5.21 14.1 11.9 7.02 11.46 13.7 11.96 9.3 5.77 7.35 5.96 6.16 6.85 14.06 11.89 11.94 9.41 14.22 4.99 6.87 6.36 8.53 11.68 18.59 12.19 11.88 5.04 4.67 2.5 1.58 4.39 7.68 9.77 13.68 12.69 4.77 11.3 4.55 10.95 15.92 15.68
4.37 7.3 4.03 6.96 5.36 2.75 4.44 4.27 5.62 10.78 2.68 3.44 3.09 4.09 3.14 5.66 5.45 4.75 3.88 4.21 2.26 1.81 2.4 3.46 8.62 7.8 3.15 6.36 7.21 5.26 6.01 4.96 6.05 11.43 8.35 10.67 16.61 9.74 7.95 4.73 13.31 4.39 7.3 7.33 8.21 6.59 17.25 11.05 10.09 9.07 4.48 4.15 5.67 3.77 6.98 6.82 6.62 11.96 9.48 5.79 5.79 9.4 8.67 17.6
5.91 8.81 11.02 4.16 5.39 5.41 4.76 8.54 15.56 7.08 3.09 3.62 1.01 2.2 3.55 3.72 3.39 7.4 2.57 2.3 1.9 2.34 3.29 3.86 4.45 5.74 3.13 3.22 4.83 9.63 3.79 9.2 4.71 5.32 6.98 10.33 10.1 7.09 8.38 6.54 6.91 5.56 7.52 5.82 6.26 6.3 16.32 14.01 7.03 9.08 8.57 5.07 10.36 12.36 7.26 12.7 10.72 8.26 10.06 7.27 10.16 14.55 22.55 10.82
8.99 6.3 5.9 9.43 6.08 8.21 7.16 8.19 12.16 11.14 2.98 3.41 2.1 4.36 4.73 5.15 4.76 3.68 2.71 1.84 6.14 12.83 4.01 4.55 5.2 3.08 3.1 6.26 5.88 13.08 8.51 5.07 2.84 2.32 6.88 7.59 7.24 4.38 4.8 5.79 8.01 5.22 7.05 3.58 6.93 8.31 16.38 12.07 12.16 8.1 11.92 8.12 5.14 10.62 4.66 11.73 11.07 7.71 5.65 6.52 9.03 10.37 32.08 15.37
8.95 10.36 9.77 8.0 8.19 10.84 8.78 7.72 9.67 6.73 4.34 3.14 2.56 3.88 5.28 5.24 9.33 3.05 4.07 5.53 4.81 9.92 5.13 6.19 5.21 5.74 4.7 4.98 6.21 10.6 12.16 5.69 4.12 5.41 5.26 4.43 2.9 2.54 4.01 6.63 7.71 5.05 4.73 3.49 6.25 4.84 11.02 13.2 13.64 10.65 10.62 5.07 7.15 13.36 6.78 7.22 9.9 9.06 3.89 5.81 10.57 8.05 28.89 21.23
14.45 13.03 7.05 15.09 7.64 7.63 8.07 9.59 8.54 5.93 3.11 4.36 4.19 4.83 9.52 7.99 4.63 4.27 6.72 8.03 7.85 6.48 7.13 7.76 7.76 5.86 5.68 2.94 7.84 6.03 8.39 7.71 4.84 4.41 5.28 3.31 2.61 3.1 5.68 13.36 7.15 7.86 4.96 4.34 6.03 5.87 23.82 25.99 9.22 8.86 7.81 4.73 14.84 14.81 14.47 9.2 6.44 4.56 3.04 5.56 9.21 10.11 18.41 18.94
13.61 15.89 13.46 11.02 7.33 8.46 10.23 14.25 5.06 3.37 2.94 3.28 5.23 6.18 8.04 11.42 9.65 5.24 6.1 7.09 8.95 7.75 6.55 11.04 8.24 5.94 6.52 5.54 3.91 4.59 8.34 8.04 7.9 8.21 5.36 3.64 6.77 5.75 5.3 10.07 9.92 14.53 7.24 3.62 2.13 4.83 11.05 16.76 11.24 5.39 6.47 7.42 15.64 13.31 18.08 11.43 6.52 11.98 4.37 4.39 5.31 10.13 12.22 11.2
10.38 19.8 18.62 11.4 9.5 6.47 12.9 9.23 5.61 3.72 3.93 4.74 5.13 7.6 6.3 15.32 7.61 3.64 5.91 6.14 9.15 12.25 10.91 9.77 3.91 9.46 4.91 7.38 6.56 5.79 7.43 5.56 5.41 5.0 8.88 7.88 13.3 8.03 6.12 6.18 7.76 12.4 7.87 4.59 3.0 3.18 5.66 9.68 7.87 3.51 4.44 5.23 13.38 11.86 18.64 12.01 8.31 7.86 7.06 6.55 7.96 8.46 25.07 17.37
9.85 11.74 14.39 22.53 16.02 13.45 9.18 8.19 4.13 4.74 3.99 10.32 3.33 9.19 9.44 10.27 8.28 5.59 6.93 6.9 15.6 6.21 5.29 3.56 10.17 10.18 7.82 4.37 6.49 5.54 7.93 7.46 6.36 4.55 5.11 7.57 11.37 7.36 11.76 5.72 6.07 6.12 4.55 3.49 6.93 5.04 5.04 5.28 6.49 5.21 6.04 9.21 10.86 7.34 9.73 9.38 8.98 16.92 13.4 14.38 12.57 10.41 11.58 34.01
9.79 12.16 8.03 16.51 15.34 19.57 10.35 5.97 3.64 6.97 3.15 5.23 6.05 9.26 8.82 6.25 8.95 5.17 11.03 15.37 19.12 5.11 9.78 4.98 7.4 9.3 12.69 9.79 9.65 7.6 4.13 9.27 9.46 9.6 7.89 8.51 10.18 10.75 15.43 5.91 15.29 4.24 3.65 3.31 8.0 4.04 6.44 8.54 6.29 4.41 5.08 10.82 7.41 15.51 9.4 8.35 6.09 15.02 8.01 18.6 17.64 19.15 13.84 29.89
5.19 22.15 18.35 13.92 25.31 23.23 9.14 8.62 11.63 5.75 3.5 3.4 5.54 6.31 8.1 5.69 5.47 6.22 17.88 18.66 18.69 9.53 8.01 7.42 7.23 10.07 11.97 15.89 11.56 12.07 8.01 3.37 8.75 16.15 14.67 7.62 13.88 9.85 13.08 7.16 17.15 6.1 5.69 6.5 8.73 5.65 5.07 15.64 6.78 5.62 3.78 15.04 6.28 9.96 12.13 8.45 4.46 13.08 10.93 16.66 18.44 16.16 23.78 17.42
27.87 28.1 22.01 17.88 16.64 14.46 28.5 15.04 13.11 4.88 4.82 3.14 2.44 4.24 4.58 9.63 5.15 7.99 9.67 22.39 27.19 13.47 6.21 6.33 6.54 4.48 7.28 10.29 12.68 8.4 4.06 1.88 6.34 5.34 16.54 8.75 9.11 9.61 11.88 7.59 20.0 16.41 8.85 9.29 8.16 8.1 8.08 20.69 8.51 6.77 10.15 11.41 7.76 10.03 17.19 8.0 11.35 13.21 12.31 14.66 22.46 19.5 15.38 15.65
40.53 36.51 29.66 17.8 14.39 17.06 13.09 15.26 13.71 10.1 6.91 7.06 3.41 7.27 3.24 7.02 5.33 13.4 13.24 22.62 29.28 20.32 4.87 5.12 8.65 3.98 6.45 13.51 16.14 9.2 3.8 2.02 3.39 3.0 6.52 8.72 5.85 4.54 5.56 5.31 8.64 9.43 15.48 7.38 7.97 9.74 15.3 11.36 13.77 8.97 17.59 7.25 14.22 10.5 8.87 13.06 18.33 9.27 21.02 35.27 23.11 18.68 11.17 13.53
47.63 31.41 13.26 21.47 19.95 14.55 9.03 21.95 12.54 6.84 7.65 5.22 5.81 8.46 9.16 12.92 6.66 6.61 12.73 12.55 28.35 17.05 6.87 5.49 4.21 3.53 4.21 7.05 10.38 4.83 3.14 3.06 4.2 3.71 6.27 5.12 5.87 3.16 4.29 12.54 10.84 9.06 22.16 4.12 7.97 11.11 15.42 9.08 20.44 7.08 13.58 12.59 6.65 6.51 9.84 12.53 6.81 12.82 13.49 17.63 14.82 14.92 10.89 10.1
27.82 28.31 14.11 15.66 26.47 12.09 9.72 10.43 12.55 5.7 7.02 5.17 7.79 4.62 7.39 9.06 6.42 5.87 9.17 11.15 17.94 15.11 8.6 5.8 3.13 4.17 6.18 15.3 10.61 3.73 2.74 3.01 3.62 4.23 9.26 10.62 10.97 3.35 2.37 10.74 8.6 9.38 14.64 12.76 9.83 8.89 17.22 8.79 6.9 6.64 5.82 8.11 10.43 7.42 12.7 16.56 7.75 11.97 11.71 7.52 18.35 23.1 12.35 7.79
32.69 20.4 19.15 11.47 15.31 15.96 7.67 7.26 10.6 9.13 7.88 8.38 9.16 3.69 7.89 3.64 6.06 7.95 13.32 14.79 24.76 7.94 7.84 6.9 5.32 8.07 16.22 10.28 9.69 5.59 5.32 4.22 4.75 4.42 7.28 18.0 10.82 4.85 9.9 8.53 8.99 24.58 17.12 6.64 9.77 15.91 11.16 11.47 5.07 4.76 5.31 8.09 6.18 4.99 11.59 14.95 9.69 12.82 6.92 9.9 9.36 15.6 8.2 6.4
48.36 28.53 14.41 10.93 14.72 8.29 5.94 10.73 5.11 6.61 8.57 4.84 7.19 3.1 4.8 5.6 6.5 4.6 10.56 13.06 17.99 11.07 11.85 9.37 5.52 8.46 5.65 12.43 13.08 14.58 13.05 13.83 2.72 4.0 9.34 13.7 18.06 11.71 9.37 5.11 13.36 13.53 13.11 5.77 8.62 6.08 6.13 4.17 4.25 2.92 3.92 7.21 6.83 4.59 9.34 11.08 6.88 11.77 10.57 7.76 6.42 12.32 7.44 6.93
15.24 15.81 14.16 7.51 10.43 10.39 4.57 6.95 10.9 3.67 5.98 7.99 4.56 4.2 5.21 5.29 5.25 4.92 8.79 10.09 11.65 5.65 7.71 4.14 5.89 5.95 6.26 8.37 9.05 26.8 11.38 7.17 5.76 4.91 10.95 9.13 9.5 7.41 12.78 6.29 8.29 9.43 8.94 7.82 6.55 8.96 9.51 6.69 6.52 5.97 5.8 9.88 14.88 18.62 10.02 7.21 9.88 11.08 11.96 8.07 4.2 7.67 7.68 8.88
10.63 7.01 7.1 13.33 6.14 3.79 4.87 4.12 10.59 5.56 3.39 7.26 4.12 1.91 3.96 10.21 4.35 6.64 13.55 7.24 11.65 5.88 7.97 3.65 9.59 5.89 7.7 11.53 12.87 12.5 22.45 15.43 15.34 7.26 15.08 10.36 14.8 10.16 16.48 9.3 8.32 9.94 5.3 4.67 3.34 10.89 10.99 8.8 4.14 4.14 3.43 6.33 10.85 27.77 14.98 11.92 19.76 8.07 9.16 7.44 1.81 5.43 13.67 8.78
5.18 6.2 10.87 6.32 7.22 2.59 3.45 3.37 8.41 7.11 7.37 6.12 5.3 2.39 3.29 5.47 4.98 9.47 8.78 5.36 10.18 13.23 11.49 8.92 4.38 6.72 15.73 19.5 15.96 9.19 12.26 8.3 9.22 6.61 7.77 9.76 17.39 11.01 6.68 6.85 7.0 7.36 5.78 3.66 3.17 7.46 7.92 11.64 5.05 4.76 2.52 3.73 4.75 9.09 9.48 9.0 15.32 9.36 6.12 2.49 2.72 5.5 7.92 7.53
3.67 6.77 6.53 12.36 9.64 4.32 2.69 2.61 4.37 5.97 5.13 4.69 5.32 3.23 2.96 4.53 3.3 3.5 3.9 3.03 3.4 10.14 14.54 7.35 9.0 5.22 9.46 5.96 10.73 12.16 12.83 8.04 5.08 6.25 10.04 9.26 16.37 7.3 4.59 7.09 5.4 5.12 9.46 3.78 3.76 10.3 7.66 7.11 7.34 6.22 4.49 2.84 2.96 7.05 7.26 8.94 12.45 11.22 8.87 2.49 2.47 4.45 6.98 13.08
3.18 4.11 5.0 6.5 7.01 9.35 4.1 3.57 4.28 4.72 4.04 5.28 3.32 5.39 4.96 4.6 4.58 2.79 2.55 3.09 4.69 6.88 7.65 5.96 13.39 6.93 8.46 6.22 7.16 7.9 6.11 5.85 3.38 9.41 14.04 16.34 12.73 9.07 4.56 3.34 6.19 4.13 7.86 9.12 10.17 13.88 9.12 7.69 10.7 6.76 3.21 5.32 8.52 6.68 7.88 15.29 6.84 9.01 9.78 8.26 3.73 9.25 5.91 6.35
3.1 4.84 6.43 10.34 5.6 12.02 6.29 6.28 5.88 7.19 5.52 5.24 7.18 5.31 3.99 2.06 3.38 4.21 5.54 3.68 4.75 4.62 5.62 5.28 7.39 7.38 10.04 4.55 6.67 9.4 6.58 4.27 7.19 9.29 15.96 12.01 13.62 9.79 9.99 4.12 5.04 6.69 9.25 7.25 13.27 7.38 12.34 17.78 11.99 7.57 4.73 3.67 4.45 8.39 5.91 14.65 6.27 9.56 5.28 6.74 3.76 4.51 5.89 7.94
3.52 7.86 9.73 11.68 5.04 5.51 4.77 6.75 6.98 3.89 9.01 5.46 5.74 3.65 3.16 2.04 3.14 2.99 5.82 7.42 5.77 9.35 7.92 5.64 7.24 14.64 5.03 2.85 4.12 3.58 4.68 7.11 6.43 5.34 11.0 9.43 10.84 9.17 8.42 8.26 4.48 9.71 11.69 7.32 7.03 4.92 9.25 9.36 12.39 12.57 5.23 5.6 7.33 7.66 6.69 12.22 5.58 13.3 9.9 13.48 14.88 7.58 5.58 7.49
