21.27 9.78 18.45 14.91 12.38 7.26 13.53 12.38 15.77 12.41 10.82 12.08 9.0 11.1 12.38 12.6 9.59 8.02 3.78 8.18 8.11 4.4 3.73 9.06 11.8 8.05 7.33 5.67 4.7 5.24 4.54 3.37 4.56 4.93 3.02 4.14 10.82 6.39 4.61 6.3 10.26 10.73 11.82 7.73 10.91 17.49 7.26 6.32 4.01 9.16 10.69 8.13 7.82 9.02 5.96 5.26 6.84 9.17 4.52 4.47 2.52 3.77 5.48 2.72
33.2 19.9 11.39 16.55 4.57 5.44 9.05 5.21 8.71 10.9 8.08 10.83 18.28 13.91 6.9 6.89 7.31 17.57 7.75 15.94 10.52 9.5 6.87 7.22 10.68 9.89 4.76 6.53 12.82 4.93 4.99 3.81 5.56 4.06 4.65 4.39 8.47 8.47 7.37 7.32 5.97 10.16 11.38 7.15 4.79 11.12 7.79 3.85 4.59 14.52 15.71 24.45 4.6 3.49 4.06 6.4 5.52 7.95 4.82 4.1 8.17 3.62 6.21 2.58
24.76 16.32 13.45 11.72 4.24 4.38 8.6 5.39 6.57 9.19 8.98 6.74 7.58 8.6 6.71 9.29 22.16 16.22 15.95 6.51 10.04 5.57 9.98 6.23 5.76 8.66 2.91 8.49 11.7 9.35 5.37 11.96 9.92 5.98 6.65 6.99 8.1 12.86 12.5 9.13 7.08 7.68 6.23 6.0 4.2 7.24 7.29 4.42 4.94 7.83 4.94 10.28 2.63 5.18 6.34 9.07 9.87 6.16 5.72 5.64 4.09 4.65 10.89 6.97
12.05 12.34 5.68 5.86 5.56 5.54 2.99 5.98 5.36 5.94 9.14 6.77 13.36 12.93 4.14 5.82 12.03 9.15 11.64 12.88 10.01 5.11 8.34 6.42 7.98 2.62 3.41 4.75 14.17 7.94 5.85 8.91 15.05 5.63 6.57 5.52 8.27 15.71 13.09 13.82 6.6 10.6 5.53 3.24 5.99 6.43 7.08 5.25 7.41 5.22 9.25 8.12 2.97 3.17 3.82 11.57 9.88 6.9 6.92 5.44 7.49 9.25 7.04 5.01
5.06 5.37 7.26 4.02 4.39 7.76 4.9 8.02 9.57 9.59 7.91 7.07 9.09 7.96 6.28 5.01 20.12 22.69 8.96 13.93 7.47 6.55 5.41 7.51 3.56 2.51 2.51 5.6 5.68 5.46 5.97 10.29 8.58 7.47 6.2 4.97 12.61 12.62 13.72 13.5 11.18 11.43 10.0 4.98 4.48 6.76 5.46 11.77 12.63 4.84 5.33 4.77 3.73 4.21 4.97 7.06 13.6 4.38 5.74 7.67 7.37 5.87 8.67 4.33
8.3 5.74 4.97 4.24 4.16 5.05 2.87 5.7 6.98 7.22 10.21 8.0 18.61 7.38 8.59 5.68 10.66 10.23 13.48 32.43 12.66 10.51 2.78 4.22 1.77 1.81 3.51 6.87 4.46 5.01 4.42 8.64 7.49 8.75 4.59 9.91 14.29 10.39 15.09 10.03 10.16 6.42 11.91 5.45 4.44 6.24 8.15 13.42 10.63 5.63 8.1 6.84 3.5 3.9 5.81 7.33 8.17 6.49 2.97 11.84 12.16 7.88 4.97 5.03
7.08 5.6 5.61 5.64 5.49 3.36 1.84 3.3 10.35 6.68 6.67 10.02 9.14 6.21 9.31 15.22 7.54 12.05 16.13 10.58 8.84 8.42 1.93 2.69 3.55 2.16 4.47 7.55 5.5 7.24 6.49 6.39 4.22 6.33 5.01 9.06 10.92 13.56 8.05 12.51 9.16 5.15 8.37 7.6 3.9 5.69 11.84 13.9 15.42 8.47 12.44 7.03 6.6 4.77 3.57 7.67 9.32 7.02 4.71 7.71 6.46 7.26 6.49 3.19
7.45 12.54 8.41 6.0 4.52 1.15 3.38 3.75 7.57 5.43 7.64 8.39 7.05 6.13 6.94 6.41 7.77 8.53 11.08 7.4 4.75 6.65 3.08 4.34 2.85 3.81 7.05 14.26 13.54 8.81 6.43 4.69 3.82 3.88 10.36 8.92 9.63 17.4 13.81 11.06 9.07 5.0 5.11 7.2 3.59 6.41 7.64 9.87 12.17 9.59 14.16 7.41 11.05 3.14 5.99 5.92 11.12 7.64 14.39 12.43 12.61 12.36 5.01 3.17
13.76 6.93 10.06 5.46 4.23 4.05 5.18 2.47 4.88 7.74 5.87 9.94 4.07 4.0 4.27 4.26 5.4 14.81 5.13 8.86 6.64 3.55 3.31 7.17 5.4 10.91 7.76 9.43 21.99 14.05 8.57 12.64 3.39 3.17 8.41 21.53 12.04 9.46 13.28 10.39 10.39 3.66 4.11 2.7 4.57 4.54 8.06 8.77 13.08 11.1 4.88 8.6 5.42 3.19 4.44 6.45 15.0 16.98 11.34 9.67 11.19 6.74 9.26 3.66
14.17 3.96 17.37 7.89 4.18 7.0 6.76 4.88 12.03 12.9 6.58 13.81 6.54 6.34 6.04 5.24 5.78 8.06 5.1 6.27 3.21 1.85 4.74 10.09 6.88 7.46 5.81 8.96 21.01 9.2 4.26 9.44 6.91 4.05 18.71 32.94 7.62 9.14 10.73 6.46 6.05 4.07 4.7 6.58 5.67 6.77 8.57 9.58 8.97 6.18 3.49 7.4 5.67 2.95 5.76 5.36 7.65 12.16 4.73 11.17 12.68 11.36 5.54 4.66
13.65 8.32 12.21 8.73 6.63 9.96 10.57 8.11 10.56 9.65 6.24 16.29 12.61 9.63 3.39 7.16 5.0 4.26 3.09 5.16 4.63 6.49 6.52 8.65 8.35 4.25 6.15 7.46 7.77 7.44 8.53 6.52 5.38 3.65 11.54 19.54 10.19 5.07 8.49 4.58 6.1 4.36 5.9 4.6 7.1 6.12 5.58 11.76 12.23 10.55 8.68 6.9 3.72 5.21 4.84 8.67 13.37 12.5 8.87 6.93 5.98 8.92 8.15 6.97
19.03 15.01 5.59 8.24 8.23 11.12 4.31 5.53 9.68 17.0 9.48 19.74 15.36 14.09 7.4 11.0 9.62 5.52 4.13 5.56 12.3 7.39 6.0 8.74 4.55 3.59 3.93 8.85 3.92 4.83 3.84 4.87 7.68 10.25 18.39 11.93 8.14 3.6 8.15 2.94 8.86 10.93 19.52 9.42 8.51 5.38 12.42 13.39 10.43 10.56 8.02 9.49 8.37 4.83 4.58 11.07 6.52 5.98 8.43 11.94 12.15 15.02 10.45 6.84
16.42 16.29 8.78 9.18 6.25 4.85 4.06 7.85 15.54 12.53 17.12 14.96 10.06 16.56 8.47 6.63 10.55 7.5 6.52 8.53 9.76 9.27 9.4 10.9 4.57 3.68 3.35 8.78 5.56 6.91 9.32 15.48 7.0 8.67 13.66 10.14 5.33 6.54 4.22 4.25 5.09 4.48 13.28 17.05 23.6 9.1 15.23 8.45 8.94 10.3 16.71 9.95 8.09 4.2 4.41 6.35 14.16 8.65 12.44 15.08 10.61 11.71 11.99 11.9
11.57 7.88 7.51 12.79 13.84 3.44 4.33 5.65 8.41 6.92 12.65 15.18 13.88 6.52 9.03 11.32 15.59 15.34 9.03 8.41 15.23 10.81 10.15 15.89 6.85 4.97 9.47 9.87 4.28 11.02 5.74 9.87 19.64 6.81 14.47 8.81 6.29 6.21 3.44 1.83 5.71 12.31 23.18 35.15 20.36 11.27 9.18 8.23 5.77 7.19 7.04 11.25 8.37 10.75 4.39 4.67 8.61 11.47 20.6 17.06 28.87 31.73 12.77 8.96
4.93 9.14 4.49 8.08 5.15 4.87 2.74 4.79 13.95 7.92 10.94 5.81 15.63 9.99 11.09 6.88 7.03 12.51 12.5 9.38 22.2 15.06 7.29 10.57 11.51 6.09 5.97 5.94 6.04 17.34 15.04 11.77 16.02 6.64 10.38 4.35 6.49 7.46 5.24 3.31 7.01 11.26 12.96 19.06 17.77 10.45 9.07 4.78 6.62 3.91 6.76 7.19 4.71 5.65 3.25 7.22 10.7 18.3 23.41 26.3 32.82 28.58 17.23 11.56
5.49 4.71 6.93 11.9 5.66 5.51 4.36 8.93 9.07 10.07 10.2 9.68 20.8 21.51 9.1 7.15 6.47 5.06 9.8 8.67 11.43 6.03 4.19 6.53 5.36 3.68 8.59 10.71 10.59 20.06 16.62 14.18 9.61 10.46 8.77 8.46 5.56 5.87 4.09 4.02 2.84 9.61 24.55 16.34 12.54 10.71 7.82 6.16 7.41 2.91 5.22 7.57 4.94 5.51 6.03 4.95 6.92 13.23 16.52 24.73 36.76 19.5 10.29 11.43
8.51 7.18 16.38 7.61 2.85 6.2 5.15 9.34 24.14 16.7 10.32 10.88 14.1 16.59 11.27 9.33 19.87 8.18 7.86 9.2 3.86 6.56 4.01 3.46 4.87 2.91 3.93 3.9 9.17 7.53 10.77 10.19 6.72 6.59 7.81 8.89 9.62 10.36 3.98 6.47 4.17 7.45 21.0 26.68 11.94 19.24 8.03 5.11 7.23 3.05 7.88 6.8 7.58 6.77 5.59 3.84 10.01 13.3 11.17 22.32 13.1 12.82 6.92 14.8
9.68 16.34 14.23 9.3 13.95 10.33 9.14 6.46 11.64 12.67 15.85 10.26 15.93 12.27 14.93 10.86 9.57 6.66 21.56 11.23 6.17 2.58 2.67 2.86 4.57 3.07 5.8 4.9 6.57 7.86 8.97 7.8 4.06 9.41 12.41 13.55 10.71 18.38 6.81 6.67 5.89 10.46 21.43 19.04 16.52 13.07 6.67 3.59 2.91 3.66 8.41 7.38 13.01 13.19 4.53 6.02 12.85 15.08 14.45 25.37 12.76 13.25 9.15 5.84
9.23 15.84 11.54 7.62 6.89 7.67 6.37 10.07 12.95 15.74 15.06 14.61 15.36 8.54 9.07 6.67 9.37 14.62 18.29 9.71 9.31 2.6 4.28 5.77 6.79 3.64 6.3 5.72 4.56 4.71 8.0 7.58 8.61 8.86 8.81 5.95 7.74 9.03 12.48 6.23 6.69 11.18 12.78 20.99 30.89 9.15 10.25 4.64 3.72 5.18 10.9 5.96 16.28 8.41 4.66 10.08 7.84 20.31 15.31 26.66 7.58 7.38 5.82 6.52
12.16 10.07 7.52 9.35 10.71 7.5 5.08 8.68 10.65 9.62 10.86 12.17 10.92 12.18 10.6 10.79 7.16 9.18 9.43 17.18 14.26 6.29 4.87 5.92 6.3 4.64 6.99 9.72 4.96 4.41 5.75 4.47 5.25 9.21 7.8 12.61 8.42 12.68 8.01 7.09 5.42 7.12 7.44 5.92 10.7 11.98 7.4 3.25 3.41 4.04 4.21 6.67 6.34 10.67 8.02 10.5 16.98 25.04 17.28 12.8 12.72 5.21 6.31 7.01
9.91 6.75 10.51 13.88 6.88 4.51 6.11 5.03 6.08 10.08 7.9 8.52 9.05 4.3 13.59 9.66 16.19 8.11 21.97 15.97 13.69 8.9 9.48 20.44 12.67 10.01 3.55 3.19 3.71 4.21 4.99 5.39 6.37 12.87 9.62 11.24 5.71 6.64 6.93 5.63 6.49 6.87 4.01 4.31 5.06 8.16 4.04 4.92 3.07 7.12 4.38 6.39 3.88 9.81 11.77 16.14 17.39 23.21 10.73 8.13 16.95 17.67 6.42 5.65
14.95 11.16 13.33 15.45 7.99 4.26 5.09 7.8 13.66 15.6 7.76 6.36 18.27 11.32 14.41 11.75 9.37 10.43 19.08 18.94 9.49 8.36 12.46 16.54 9.51 4.37 6.25 3.76 10.78 11.75 6.79 10.13 5.58 7.98 8.46 8.81 9.65 8.54 7.62 4.76 5.79 4.04 4.4 4.42 6.56 15.35 5.37 3.94 4.09 7.0 3.28 5.5 7.81 6.37 10.74 13.87 7.84 20.87 13.54 11.99 23.13 17.27 8.38 8.77
13.42 16.91 13.56 18.1 5.92 4.81 12.17 7.45 13.24 17.21 10.57 13.5 18.19 13.14 12.32 9.9 10.75 11.29 17.62 18.29 13.41 5.62 9.08 10.45 15.03 7.45 7.04 5.01 6.76 9.59 14.89 19.57 14.74 5.03 8.51 8.95 7.85 5.3 6.4 7.34 7.86 9.59 4.98 7.47 10.98 20.47 6.37 11.79 5.25 9.35 4.42 6.33 9.51 6.27 8.83 13.69 18.18 10.71 24.54 23.37 45.03 22.52 14.32 6.29
8.68 8.24 9.82 15.33 5.57 5.58 8.0 13.36 23.86 12.83 10.1 10.17 8.96 18.83 15.63 12.28 13.37 8.77 8.31 29.43 10.32 3.84 6.65 15.91 11.59 7.35 7.58 10.88 10.73 11.61 9.42 7.5 12.98 6.7 8.65 9.27 6.2 10.38 8.95 9.64 8.91 5.62 5.53 8.25 9.33 24.14 10.71 11.79 14.65 7.8 4.24 6.98 10.96 14.59 11.09 5.95 11.85 10.46 24.37 38.28 57.45 27.15 11.5 3.94
5.32 2.59 7.07 8.36 11.0 13.09 9.38 12.49 18.49 15.36 12.26 13.41 18.04 13.41 7.17 8.42 11.96 7.16 7.98 4.76 10.48 6.29 6.99 12.75 13.13 11.8 8.49 7.9 9.16 16.09 11.98 14.0 14.82 12.73 4.59 4.71 5.65 11.27 3.19 6.56 7.17 10.04 8.21 9.88 15.02 16.15 6.68 12.82 15.08 14.33 6.2 6.07 4.06 6.35 4.49 4.52 10.66 7.0 15.68 25.37 36.01 19.97 10.07 8.9
4.97 5.33 5.53 6.89 8.67 9.31 4.97 7.01 20.41 12.33 16.84 18.14 14.63 10.52 12.82 15.81 11.35 6.45 6.57 4.37 12.05 8.33 7.54 13.38 14.74 5.41 13.44 12.6 8.99 17.45 15.23 8.15 6.86 7.34 4.69 3.48 2.71 4.16 2.76 4.72 5.8 7.43 3.67 10.69 11.54 12.2 14.98 9.36 17.63 11.31 8.83 5.76 9.61 4.64 3.33 4.06 4.41 5.88 10.25 9.68 9.08 18.99 12.26 9.26
5.14 5.28 3.79 6.5 8.87 8.89 5.98 5.39 8.01 10.07 13.39 16.94 25.31 20.34 21.79 22.06 9.73 7.97 8.07 9.0 9.62 10.74 9.34 11.57 16.41 5.34 7.22 6.96 8.19 23.82 12.26 10.34 5.42 9.23 5.76 4.98 2.58 2.56 4.65 5.95 9.18 5.31 4.33 7.09 11.97 9.48 12.25 9.75 13.01 8.51 9.46 9.0 7.93 5.62 5.76 8.1 7.43 7.25 6.93 9.32 10.69 19.16 8.81 9.19
5.63 4.83 4.97 6.66 7.27 12.19 6.39 8.22 11.75 11.94 7.94 13.27 13.16 18.7 19.08 10.42 6.53 4.75 8.12 5.88 9.47 15.72 21.83 13.39 9.91 11.46 10.33 13.25 10.65 12.92 13.55 6.82 6.47 5.81 6.86 4.5 3.07 2.83 3.66 8.17 10.89 9.04 5.06 2.96 9.42 10.63 18.46 12.79 14.24 9.86 12.2 11.52 16.02 17.45 8.96 6.34 6.18 8.85 6.49 16.46 21.44 24.77 10.68 6.43
4.47 3.13 5.41 5.3 5.84 6.38 24.74 8.3 14.89 20.24 7.7 15.59 15.96 12.12 10.06 13.61 5.16 6.18 5.27 7.39 11.41 13.26 16.45 16.18 12.15 16.97 6.71 4.25 7.53 16.39 9.08 9.17 4.78 5.32 7.96 5.91 3.22 4.45 3.53 4.81 8.8 5.99 8.7 6.37 18.71 12.13 9.2 7.94 11.36 10.52 18.17 10.54 8.48 9.01 9.37 10.44 8.12 7.5 7.19 11.1 24.87 19.59 10.51 8.39
6.49 5.3 4.8 7.64 5.21 10.64 9.77 6.03 12.44 15.3 9.91 19.28 19.05 7.41 10.09 5.27 6.2 8.76 4.74 9.43 13.59 8.77 12.44 8.54 3.5 10.41 6.87 6.97 8.11 8.96 6.21 6.23 7.58 9.79 18.21 7.9 4.43 5.81 5.99 3.1 2.86 3.64 3.15 5.22 4.8 8.11 7.69 4.41 9.75 9.0 10.16 9.13 10.56 9.14 9.53 11.13 6.64 5.52 8.57 9.74 27.36 17.9 8.6 7.0
4.03 5.42 4.89 7.07 5.12 8.24 6.16 7.79 5.13 5.72 9.02 20.0 17.92 13.83 5.89 10.05 16.0 24.04 11.45 8.86 11.93 8.53 12.35 5.98 3.71 6.74 9.08 6.71 6.97 6.86 6.99 12.54 7.27 8.49 17.63 9.18 8.17 8.58 4.6 2.96 1.54 2.43 3.22 8.02 8.97 11.08 4.83 4.54 6.62 5.22 7.44 10.19 7.95 9.01 8.27 8.55 5.78 4.99 7.08 8.91 10.32 6.45 5.58 7.82
5.97 4.39 8.91 5.49 6.54 7.64 3.32 4.99 3.82 6.74 12.31 30.35 20.48 14.23 12.96 10.99 19.16 16.35 14.55 15.52 11.6 13.09 8.05 5.69 3.57 4.86 14.19 6.75 12.2 7.12 13.85 9.06 7.71 13.21 22.21 8.99 8.19 5.59 5.38 4.82 3.61 4.21 4.85 5.78 10.33 6.65 4.29 11.31 4.4 5.35 6.23 6.61 14.19 13.99 12.14 9.39 7.98 3.93 6.14 7.52 10.97 11.18 5.4 7.17
4.49 13.83 5.87 6.85 4.75 3.81 2.39 4.54 4.55 7.6 7.2 21.36 15.47 11.11 17.99 16.35 22.86 31.17 17.49 12.35 9.58 11.94 10.31 9.03 6.15 6.38 13.14 8.04 9.41 5.8 13.29 7.57 15.58 11.99 20.35 7.58 5.56 5.71 4.3 4.33 4.74 5.57 6.32 10.28 7.13 4.57 4.74 7.64 8.76 5.91 6.07 9.07 18.8 20.84 28.37 18.1 10.31 8.64 10.88 12.48 11.21 5.22 5.6 4.55
8.02 7.28 7.38 11.98 6.95 3.08 2.1 2.67 3.3 5.66 6.03 8.35 6.8 7.51 13.1 14.85 7.67 10.07 16.32 16.37 15.99 14.74 9.63 10.62 7.84 4.94 11.6 18.76 6.73 8.96 9.02 5.59 7.17 11.85 9.01 8.6 6.06 4.5 6.43 3.08 7.5 6.49 10.42 10.33 4.82 4.66 4.65 9.8 10.56 14.45 12.06 8.44 14.53 11.46 28.05 27.91 18.96 13.86 10.9 12.32 7.4 8.18 5.28 5.31
8.05 6.9 14.53 14.07 5.22 2.44 2.91 2.55 3.71 5.33 7.28 3.42 4.94 4.22 5.46 12.71 10.95 14.12 7.95 10.66 5.6 7.78 6.73 15.71 9.45 11.57 15.65 8.67 8.92 13.88 5.22 5.81 12.49 8.38 8.73 7.18 4.27 6.68 4.73 4.3 5.64 4.65 7.48 11.32 7.8 4.88 4.5 4.18 14.83 10.08 9.67 11.28 10.1 18.69 39.53 43.02 25.82 20.6 9.64 8.67 7.63 7.23 4.31 11.05
8.73 7.91 9.69 8.45 4.64 2.36 1.42 1.01 3.38 5.04 3.79 3.21 4.9 7.26 9.72 15.73 12.39 8.16 8.57 6.74 6.97 6.81 11.1 16.46 19.29 13.25 7.36 9.87 10.23 11.85 7.91 7.81 15.16 16.52 6.47 3.51 5.13 7.0 6.26 5.17 4.19 2.98 5.66 11.12 9.8 4.45 2.52 3.11 11.48 15.16 10.51 18.04 14.34 26.29 27.9 29.77 40.8 15.88 11.84 5.66 5.68 6.04 4.95 13.67
9.94 5.63 9.0 10.55 4.6 1.89 1.86 1.52 3.91 11.62 3.61 5.67 7.16 3.85 9.34 14.13 17.92 20.23 10.62 5.86 3.65 4.58 7.46 25.25 16.54 13.19 12.68 6.76 8.05 7.11 7.27 16.71 19.86 15.99 7.72 7.81 5.62 8.5 5.01 3.76 6.96 3.32 3.62 4.87 6.89 4.61 5.15 2.89 8.55 10.8 10.26 11.55 11.43 9.77 25.33 15.75 16.04 10.9 11.39 9.32 8.47 4.67 8.21 10.37
4.89 5.85 8.32 4.15 4.26 2.2 3.89 6.04 9.14 5.1 6.36 6.52 3.79 7.01 12.41 25.42 18.47 13.74 11.84 11.5 7.64 8.98 13.32 15.24 22.7 6.85 6.18 6.94 6.42 9.45 8.75 12.58 6.53 9.76 5.31 2.96 4.01 6.67 4.77 6.5 4.95 2.79 3.89 6.35 10.85 10.01 3.89 5.74 10.58 12.06 10.63 7.97 8.3 11.46 8.54 10.25 7.87 10.96 9.43 12.15 10.56 6.09 5.48 6.15
3.18 4.38 1.5 3.34 6.38 4.48 8.91 12.39 7.26 10.36 9.08 5.79 7.68 6.15 11.67 23.8 24.48 15.76 13.95 7.35 9.87 8.23 7.46 12.06 13.31 5.06 3.98 4.76 5.06 5.37 5.13 6.23 4.21 4.87 2.44 1.92 5.6 6.43 2.93 3.66 11.26 5.55 5.28 4.17 10.93 14.7 7.56 10.49 8.15 7.62 12.89 4.03 5.16 8.03 8.28 8.68 10.72 9.72 9.75 15.03 11.2 14.11 4.4 5.55
3.13 3.75 2.22 3.32 4.87 4.6 7.9 9.87 4.46 5.44 2.8 4.43 4.33 9.77 11.81 30.95 16.5 10.79 6.75 6.43 12.14 8.69 19.02 11.46 6.01 7.2 3.67 2.76 4.61 7.79 8.28 3.89 2.06 3.11 1.83 1.38 3.14 6.7 4.14 4.38 10.37 9.27 8.37 5.73 14.62 10.32 21.11 6.61 6.22 13.52 20.5 9.34 6.27 11.81 6.55 10.12 11.53 20.1 21.05 15.87 19.07 8.11 3.71 5.57
2.79 3.74 1.37 2.82 2.64 4.7 5.36 4.58 2.83 5.54 4.0 5.8 4.08 4.67 5.3 23.78 14.48 17.77 8.89 4.7 9.91 6.41 10.84 13.62 4.1 6.58 5.38 2.26 3.93 12.07 5.99 3.05 2.7 1.39 3.75 3.33 8.14 8.44 6.47 8.91 10.3 9.65 9.84 9.8 10.59 12.25 11.39 4.92 10.01 19.76 11.69 9.55 8.87 4.93 8.36 10.81 17.04 24.21 20.65 12.68 18.31 7.4 3.55 6.28
2.34 2.14 2.23 3.51 3.84 3.31 6.37 4.72 4.55 5.77 5.69 4.5 4.81 4.02 8.31 16.13 15.26 7.65 7.01 8.79 8.06 10.32 11.94 9.74 4.35 8.87 8.2 4.68 8.08 9.83 4.52 4.46 3.96 3.71 3.7 6.5 8.45 12.39 6.86 6.85 8.02 13.66 10.86 14.16 11.65 10.83 5.79 4.01 5.57 7.28 3.77 10.42 19.27 8.68 10.6 11.42 14.26 14.76 12.17 6.79 20.02 8.63 3.71 4.74
1.63 1.6 2.02 4.4 7.98 4.76 4.36 6.24 5.32 7.87 7.74 6.05 9.77 5.04 5.37 6.95 8.55 6.47 6.38 6.12 8.37 8.9 21.48 10.38 9.55 9.63 11.03 6.84 11.99 6.73 5.08 4.44 8.57 4.51 6.84 6.83 13.32 6.36 7.96 7.03 6.99 8.59 8.54 14.39 14.06 20.57 4.19 3.82 5.91 5.48 4.69 10.17 5.31 4.49 12.99 11.18 7.62 13.0 8.16 9.3 10.0 5.68 5.23 8.67
1.5 2.61 3.47 4.3 3.91 8.19 7.84 8.98 14.76 9.09 11.59 16.96 8.34 7.51 11.4 15.49 6.88 7.31 2.99 4.52 4.71 12.75 12.69 8.54 7.73 8.32 8.26 8.63 11.23 5.32 8.65 3.78 8.62 8.84 12.99 5.38 6.59 11.16 7.97 8.81 10.24 11.32 12.86 30.13 20.09 12.99 11.5 6.65 7.55 5.88 3.19 4.1 11.85 6.24 12.24 6.82 4.64 5.59 8.64 5.25 6.0 6.99 10.61 9.88
2.67 2.63 3.04 4.62 4.88 5.95 8.81 13.28 17.41 17.51 14.8 15.75 5.98 7.98 8.4 7.35 5.74 6.07 4.6 3.75 4.12 5.86 15.16 14.35 6.78 5.55 8.9 9.19 7.46 6.82 5.65 7.02 10.94 7.85 10.85 7.58 6.34 10.77 4.68 6.39 7.29 6.72 9.91 34.73 9.88 15.28 11.27 8.34 9.57 8.58 7.95 13.16 10.35 8.67 13.95 7.61 7.58 5.77 8.89 5.45 4.46 3.37 7.13 8.06
3.09 5.31 5.35 5.65 4.62 7.58 8.21 13.27 8.82 9.29 8.0 12.17 10.05 5.31 10.09 10.16 5.78 8.95 5.85 4.11 6.25 4.44 8.18 7.24 8.42 4.9 7.76 3.54 4.49 4.52 6.05 5.56 10.57 12.27 9.48 11.85 5.2 3.81 3.48 5.7 5.24 12.26 6.99 37.33 18.13 7.43 9.23 9.09 6.56 4.97 4.07 6.12 21.03 19.99 10.04 9.3 4.57 2.66 3.05 3.87 3.76 5.08 5.6 6.8
9.41 6.49 12.88 4.92 7.75 6.12 10.45 6.13 6.54 8.01 7.34 10.08 11.15 3.61 7.03 3.97 7.11 6.4 8.2 4.1 6.35 5.65 10.67 6.96 6.64 3.93 6.12 3.03 4.72 5.92 8.39 16.74 25.53 15.67 6.93 6.32 3.45 4.24 4.45 3.64 4.66 4.28 5.73 18.59 12.28 5.46 7.97 6.4 4.83 5.63 3.66 6.83 12.01 9.43 6.76 4.49 3.08 6.05 7.24 8.26 5.61 3.12 5.7 5.4
9.38 8.57 11.27 11.06 4.91 8.9 8.97 8.86 5.95 6.86 5.84 8.25 9.02 3.39 10.81 7.84 6.98 5.93 11.08 12.43 6.68 8.77 8.36 7.97 6.5 6.22 8.94 6.08 7.53 14.63 9.13 12.49 17.88 12.38 10.58 4.71 3.04 1.98 6.03 3.8 10.02 8.76 9.44 8.77 10.17 5.3 5.61 4.44 4.73 3.17 3.17 4.41 5.77 6.06 6.07 9.75 4.52 6.01 4.32 5.58 7.49 3.65 4.42 5.78
11.74 14.73 13.14 9.06 5.79 4.6 8.14 11.92 8.25 9.41 7.78 9.47 9.28 5.54 4.44 5.46 7.17 9.85 10.92 8.24 11.55 13.14 11.71 13.26 8.9 9.65 8.31 15.16 22.18 13.3 4.51 9.45 16.3 27.44 6.91 5.14 3.04 5.7 7.73 8.71 21.08 7.96 7.12 6.87 9.46 6.78 3.08 3.22 3.27 4.59 2.1 6.65 4.3 3.57 4.09 13.42 6.89 12.19 10.71 9.67 7.35 5.78 3.6 3.84
10.6 13.59 7.6 8.94 10.32 3.6 12.68 15.29 5.39 6.6 9.49 5.6 13.44 9.15 6.98 9.82 16.53 7.9 8.91 5.34 4.06 8.49 10.82 15.43 10.69 16.3 10.47 10.53 25.76 15.02 9.01 5.61 8.13 17.39 11.65 5.03 4.24 5.86 11.69 8.55 13.82 13.21 6.52 8.23 9.75 5.93 2.83 8.83 2.44 5.49 6.21 4.74 4.17 4.56 6.55 14.5 8.7 10.94 6.7 6.01 4.33 5.54 3.5 8.29
7.15 12.69 7.83 7.51 12.15 7.79 10.73 11.59 14.34 8.77 14.32 9.82 10.52 16.06 16.03 10.18 11.15 13.14 8.51 7.39 4.42 5.91 10.54 9.31 8.5 11.59 12.92 11.21 12.0 11.45 7.39 5.08 15.67 15.5 8.03 3.61 4.73 7.38 13.68 14.09 12.43 8.29 5.7 6.94 4.6 4.47 13.54 16.29 4.88 7.09 7.59 11.76 5.82 7.17 7.84 16.39 12.24 5.36 5.04 5.16 6.97 3.04 3.09 3.28
5.34 11.27 12.67 10.48 15.93 10.79 16.61 16.06 15.9 6.74 5.9 9.09 9.92 16.17 15.83 19.05 12.97 16.95 12.7 4.85 5.87 6.2 10.7 11.52 13.49 18.93 12.42 7.75 7.67 10.09 5.97 4.14 14.89 13.03 6.15 3.14 4.12 11.87 10.41 10.61 11.69 11.13 6.43 7.84 4.23 4.6 10.36 7.82 9.8 14.75 6.73 4.94 8.19 11.95 16.98 12.95 18.16 4.84 5.72 4.49 5.57 2.68 3.1 3.89
10.28 7.04 9.48 10.49 24.77 11.16 8.32 11.86 20.81 11.53 12.34 10.38 9.18 10.17 12.12 24.21 9.54 20.34 4.81 8.13 9.05 13.33 9.75 13.09 18.1 25.07 18.57 8.09 8.58 4.74 3.94 4.88 13.98 10.19 3.73 5.76 5.84 8.81 6.35 8.1 5.51 15.45 14.49 13.0 6.49 9.16 17.29 18.03 15.65 11.02 6.13 8.92 13.15 10.12 17.42 11.3 5.54 5.41 4.77 3.99 7.29 6.45 4.54 4.06
10.13 8.74 8.09 11.93 16.26 9.62 12.0 13.52 15.05 13.09 7.71 9.7 10.1 14.22 14.34 11.89 7.85 8.61 17.76 7.85 7.14 10.11 7.92 6.49 26.38 18.03 10.73 11.59 8.77 5.51 5.65 4.53 8.56 9.96 6.02 6.74 5.84 10.67 8.24 5.82 5.33 12.44 11.21 13.71 9.84 14.94 12.02 19.2 11.22 13.1 7.76 15.37 14.5 7.76 12.48 8.32 6.69 5.12 6.05 4.4 8.4 7.86 3.66 5.29
8.43 14.42 9.69 20.16 7.44 8.56 7.04 5.8 8.73 8.11 5.56 7.78 5.21 10.36 9.0 6.03 10.26 25.01 23.53 16.79 13.3 10.27 11.58 5.45 13.83 17.81 13.7 6.16 4.97 3.68 5.34 5.74 6.44 11.41 8.25 8.08 4.94 14.33 9.54 7.63 7.18 10.19 8.85 20.4 11.27 8.97 20.24 14.63 12.58 7.96 12.36 21.69 16.49 9.82 12.81 7.61 4.46 5.76 5.74 5.61 4.7 4.35 4.88 3.7
10.08 15.14 19.1 7.5 5.33 6.56 5.98 6.08 10.08 9.44 6.81 5.45 3.49 8.19 6.69 10.95 14.93 32.72 14.33 14.04 8.79 7.03 8.99 5.41 5.87 12.05 7.12 7.19 4.73 7.63 4.47 4.95 8.35 9.59 17.14 8.89 13.73 11.56 13.15 9.98 10.15 9.29 10.07 15.0 12.99 11.26 26.35 13.38 14.07 6.47 7.42 19.98 12.41 7.15 8.29 5.85 6.14 12.46 8.33 6.45 4.79 2.49 3.34 6.3
6.45 5.82 8.94 11.09 11.0 6.74 7.7 4.1 9.67 8.25 7.39 5.44 5.89 4.54 4.83 8.39 12.43 30.51 13.4 9.25 5.53 8.89 5.23 12.52 13.82 20.26 5.71 10.53 4.91 10.64 5.71 6.46 17.77 13.78 13.01 10.26 15.08 7.02 9.82 7.31 11.06 10.37 15.03 18.35 19.88 8.12 17.61 15.47 11.2 14.81 13.51 9.03 10.0 6.05 6.11 8.66 10.56 8.88 10.39 4.53 5.97 6.13 5.89 4.39
8.25 5.18 9.57 3.69 6.44 5.66 6.48 8.64 4.87 7.1 12.26 9.38 5.8 2.13 2.43 5.59 19.5 28.03 20.07 17.28 6.73 17.33 9.1 10.71 7.45 12.8 9.65 11.75 7.15 6.46 4.51 7.47 11.09 13.31 9.47 15.08 13.3 7.99 16.0 8.43 19.54 8.1 12.25 17.1 14.73 6.32 13.65 9.62 8.57 9.53 6.37 6.84 8.11 8.65 5.06 4.48 4.39 10.07 8.24 5.58 9.07 6.05 7.37 8.11
6.35 7.19 8.41 3.92 6.8 6.33 3.61 9.84 5.19 9.96 13.92 6.89 5.5 3.62 2.58 4.16 7.36 15.8 22.63 13.2 8.84 18.95 7.78 14.15 11.59 18.03 8.49 10.17 6.17 5.18 9.47 13.99 12.41 12.89 8.58 5.89 17.36 7.79 9.33 13.26 12.54 8.01 10.38 22.93 8.91 5.38 4.86 5.18 5.43 5.31 7.37 6.62 13.49 3.87 1.68 2.81 6.72 6.22 6.5 5.46 5.38 6.48 8.33 8.46
6.66 14.13 6.32 5.15 4.03 2.27 6.31 8.28 10.86 15.51 18.39 5.94 5.29 4.62 3.06 3.3 11.94 20.94 12.74 12.36 11.53 11.38 10.67 10.95 6.56 11.42 14.47 11.59 14.0 11.35 5.36 9.25 7.19 10.22 13.37 10.54 8.39 6.08 7.04 6.9 14.93 12.22 11.42 13.77 12.29 8.03 6.27 9.22 6.56 9.38 5.21 4.68 9.03 5.9 3.35 3.69 3.05 3.49 4.01 4.19 6.11 6.53 5.85 5.96
7.56 13.59 9.81 12.99 5.57 2.48 3.85 9.43 7.62 13.95 7.84 6.63 8.19 6.88 6.02 3.74 12.75 17.76 12.85 13.2 6.5 7.01 9.84 13.1 9.01 12.6 9.81 8.92 6.6 7.89 7.97 9.8 20.06 11.27 8.57 8.81 12.55 4.71 11.63 7.89 13.0 9.35 15.91 14.24 17.49 5.37 3.87 5.92 11.89 5.01 7.4 6.37 12.2 8.67 4.89 3.13 4.19 6.32 3.93 3.92 2.94 6.62 5.66 9.52
11.4 10.0 16.7 14.28 6.62 5.05 5.99 6.02 10.62 17.31 8.36 6.08 4.76 3.73 2.87 4.27 4.17 8.71 7.33 5.52 4.2 5.64 11.67 12.33 7.02 6.37 5.04 4.79 9.59 12.08 9.26 6.46 19.37 11.32 7.12 14.0 13.01 7.53 5.4 6.94 12.15 8.71 8.38 7.9 21.14 9.0 5.39 5.12 9.17 6.54 4.53 6.86 11.16 13.89 7.78 5.95 8.47 6.85 3.06 4.21 5.77 9.79 6.79 7.39
7.1 10.99 23.46 10.82 8.33 10.44 4.45 9.53 14.43 8.01 4.5 7.03 7.22 4.98 2.89 1.42 2.78 3.99 3.69 3.55 2.22 4.07 7.07 9.67 6.23 7.52 4.18 4.05 9.52 7.76 6.61 6.31 10.85 10.26 5.53 5.61 10.01 5.25 6.19 10.32 7.93 3.16 9.49 12.61 15.81 17.24 9.71 8.32 10.09 3.31 2.86 5.97 9.84 12.51 7.49 6.39 5.17 7.58 5.84 5.28 4.58 5.02 8.83 15.77
9.79 14.04 9.88 15.04 13.51 18.41 8.28 8.15 13.7 5.02 4.33 6.06 4.83 3.84 3.97 2.86 3.74 5.45 4.77 2.87 2.43 4.78 6.84 3.88 6.79 4.86 3.42 7.21 13.14 10.86 9.34 12.58 10.93 14.51 6.87 14.31 11.44 6.49 6.91 8.39 3.42 3.91 5.53 9.4 10.06 8.3 10.16 4.99 5.84 4.45 3.61 5.86 15.88 15.27 9.84 8.8 4.23 8.07 8.24 9.05 7.27 8.56 7.97 10.65
