5.32 6.17 7.64 2.72 1.82 3.59 6.12 4.25 4.17 2.6 2.05 3.21 9.45 5.56 6.55 7.45 7.21 6.07 7.8 3.13 3.88 3.18 5.98 8.31 6.29 3.36 3.07 3.14 3.28 4.0 4.31 5.74 3.33 3.41 3.92 9.66 7.24 5.65 9.84 5.7 9.35 11.44 12.24 11.49 8.01 8.78 21.07 12.74 19.45 7.58 4.43 5.52 15.75 15.64 10.98 4.77 2.83 2.18 1.75 1.95 2.94 5.43 5.82 8.12
6.69 9.72 6.25 4.37 3.5 3.65 4.36 2.53 2.57 3.48 3.76 3.34 6.7 5.75 7.5 7.56 6.28 5.35 4.3 3.17 2.59 3.28 2.32 4.9 6.33 4.52 4.0 3.12 2.13 5.55 2.88 3.03 4.56 3.31 9.18 10.47 8.32 7.92 11.76 5.2 4.65 9.03 13.76 18.9 12.22 10.95 18.84 15.28 15.77 11.25 6.18 3.95 7.07 20.34 13.8 5.85 2.37 2.49 2.49 3.83 3.48 9.72 7.45 8.98
5.43 4.74 11.38 4.62 1.93 6.42 4.88 2.78 2.86 1.96 3.46 5.29 5.84 11.42 9.62 6.33 5.72 7.07 6.83 2.16 1.17 3.14 4.87 7.55 5.86 2.87 5.62 6.39 5.92 5.03 3.32 3.04 4.34 5.56 9.35 7.52 6.62 10.07 12.52 8.03 7.25 10.77 19.1 22.67 19.83 25.95 33.34 21.61 11.18 4.69 6.2 5.59 4.21 7.99 9.94 7.22 4.13 4.05 4.72 8.14 8.82 7.15 8.15 19.88
6.46 3.34 4.94 3.97 3.32 4.28 5.71 4.2 2.77 2.38 3.85 6.31 8.31 6.87 9.93 10.95 7.03 6.43 6.44 2.71 1.75 1.57 5.84 8.0 6.25 5.72 6.26 6.98 5.27 6.3 4.29 6.36 19.71 10.46 13.67 10.07 9.75 8.26 12.32 9.44 14.64 13.33 12.46 24.21 28.77 24.19 25.74 14.16 7.68 7.08 7.37 5.5 6.14 4.61 6.89 8.47 6.52 7.64 8.45 11.43 8.95 12.32 18.06 15.65
3.65 2.26 4.27 5.47 6.92 8.76 5.55 7.29 6.72 5.1 4.83 7.87 4.3 5.99 6.05 6.55 5.66 11.38 5.27 4.63 3.26 1.92 3.44 8.63 6.63 3.72 2.63 2.72 6.06 7.3 4.41 6.04 10.86 10.6 21.8 13.42 14.25 12.89 13.25 14.8 7.75 9.06 11.85 32.53 23.1 18.69 19.57 14.67 17.41 20.71 11.85 8.63 9.26 8.5 10.43 12.67 9.24 10.62 10.15 6.5 3.65 12.91 14.99 15.4
2.89 1.96 3.89 6.79 9.71 4.72 5.84 18.29 8.2 8.39 6.23 7.28 6.4 5.34 4.76 7.3 6.52 9.28 6.85 4.7 10.61 6.8 10.54 7.4 4.66 4.78 5.03 5.17 7.07 8.66 11.09 10.27 18.38 9.07 8.88 16.96 17.02 19.03 20.44 11.54 7.53 9.25 9.98 16.54 24.86 12.11 11.44 17.3 20.45 16.56 11.36 8.11 10.22 9.68 14.42 14.3 6.36 9.01 11.27 4.01 4.2 11.35 17.54 21.99
9.08 3.84 3.68 10.44 6.95 3.27 9.95 6.29 6.93 6.84 6.15 3.33 2.75 4.45 7.48 5.68 4.83 3.23 3.63 6.05 10.28 10.02 10.49 7.79 6.87 6.0 6.73 3.63 4.01 10.1 10.92 8.56 8.43 5.19 16.45 14.47 12.02 11.71 12.6 13.22 8.48 8.27 15.11 17.48 22.07 15.93 9.06 12.95 24.57 13.43 13.04 8.66 11.45 11.92 21.64 16.64 12.45 5.84 4.21 5.52 5.3 9.3 9.09 16.1
7.61 5.61 4.77 7.64 4.46 3.71 6.52 3.81 4.82 7.03 6.61 4.52 2.85 7.35 7.34 9.31 5.39 4.44 6.94 8.74 13.7 29.74 19.74 15.49 5.56 5.42 6.97 7.41 6.53 6.3 10.88 17.75 8.95 8.02 9.41 10.03 12.7 14.85 13.8 14.43 8.96 8.99 11.0 28.93 34.25 9.8 6.43 6.7 14.08 12.32 13.18 11.22 22.3 18.84 13.89 17.83 9.87 5.59 4.28 5.29 10.42 10.26 5.46 11.3
7.96 12.12 8.6 4.26 4.17 3.21 6.24 4.2 1.84 3.15 5.17 4.57 5.8 6.78 5.45 4.98 5.59 9.33 5.68 4.98 18.25 32.41 22.48 10.89 3.53 8.86 4.02 5.63 5.95 10.07 15.23 10.9 7.56 7.46 8.69 10.27 11.73 8.41 7.52 7.98 7.93 8.36 13.42 14.79 15.87 15.55 12.81 5.4 11.39 7.91 10.85 16.01 18.56 12.15 16.82 8.4 5.33 6.91 2.39 3.83 10.09 16.19 16.74 19.0
18.39 13.68 5.76 4.05 5.7 2.94 5.4 2.88 2.16 5.99 8.28 4.05 5.03 9.39 9.08 5.11 4.3 5.68 7.1 12.19 12.44 20.47 23.73 17.35 4.2 5.72 5.17 7.16 6.58 10.14 14.13 5.3 3.85 6.62 9.89 7.94 9.84 6.39 13.01 16.43 14.3 10.96 14.86 5.23 7.79 12.02 20.06 12.46 10.83 5.9 10.17 9.68 11.55 8.05 5.56 6.23 4.87 5.89 4.91 11.51 13.21 6.61 4.71 24.92
11.88 6.39 5.63 3.79 4.16 2.87 3.28 4.59 3.19 6.27 6.45 9.13 12.37 13.91 8.95 9.26 6.69 4.18 4.84 6.27 7.63 15.84 16.55 14.71 7.21 10.28 9.47 7.64 5.77 8.06 6.57 5.8 5.42 4.49 8.01 7.44 10.18 8.24 13.04 17.03 16.17 16.87 18.81 5.19 5.6 8.67 13.03 13.74 8.95 6.68 8.67 11.49 15.42 10.52 5.47 3.67 4.43 11.51 5.15 5.39 13.75 4.37 6.44 9.61
5.8 4.33 4.46 5.13 5.32 3.92 5.85 3.43 4.01 7.0 5.99 11.24 7.83 8.99 18.86 14.73 11.04 4.24 3.15 6.2 8.78 12.63 16.32 8.84 5.92 10.23 12.65 10.94 8.91 10.0 3.33 3.3 4.12 5.67 11.34 8.45 7.89 9.68 15.91 21.51 14.43 9.82 8.09 4.78 5.22 8.06 18.66 10.99 10.08 7.73 7.83 11.49 11.03 6.36 8.0 7.27 10.39 8.72 3.73 4.91 5.31 5.59 8.12 10.96
9.36 4.14 4.67 5.73 4.93 5.39 4.36 7.92 6.24 2.65 5.85 13.05 6.57 10.06 13.87 10.66 10.57 4.39 5.87 7.71 7.58 11.15 11.69 12.11 6.57 6.04 6.6 13.36 12.61 12.8 8.91 5.64 8.85 9.14 9.5 13.54 9.48 9.03 12.04 13.62 27.45 7.38 5.44 7.82 10.1 10.01 13.13 5.67 10.09 10.83 13.23 14.56 5.22 9.3 5.69 6.96 11.62 8.6 5.94 5.0 6.7 4.95 6.95 9.69
9.25 7.48 8.32 8.5 5.42 7.23 3.7 4.56 5.4 5.48 5.89 4.92 4.43 6.61 12.01 15.83 12.93 9.34 4.34 4.95 5.93 6.89 9.07 10.55 5.87 5.61 5.24 7.68 12.82 12.98 19.31 12.4 9.18 6.65 7.0 9.37 8.61 6.59 5.23 8.95 7.71 4.72 5.23 7.9 5.1 10.22 13.62 8.36 7.64 11.36 10.08 19.92 10.89 5.87 5.23 7.56 8.6 10.27 5.66 4.77 10.96 7.89 12.88 7.24
7.05 12.28 13.36 10.59 6.78 5.72 7.3 7.58 8.51 11.05 14.67 8.52 5.14 7.43 13.98 7.03 8.91 6.72 5.21 5.84 4.29 2.94 6.22 6.54 6.46 6.8 9.11 8.43 12.23 17.36 18.34 14.77 14.42 9.09 6.87 15.14 11.72 8.51 5.25 9.5 7.68 5.83 4.73 10.2 9.04 5.59 7.92 9.53 10.52 14.02 16.48 20.13 15.59 7.73 6.85 7.22 6.27 4.63 6.27 9.02 11.44 8.51 8.48 5.11
7.13 9.67 14.11 7.76 7.6 9.31 9.51 5.67 7.94 14.82 14.84 7.07 9.46 5.64 15.77 5.73 3.9 4.13 4.56 2.64 4.87 6.09 7.07 9.31 5.47 8.12 8.5 8.66 17.2 21.59 18.11 12.55 11.8 6.05 15.31 15.77 10.99 10.1 4.4 4.7 5.38 6.12 6.13 8.57 10.25 4.92 7.13 7.96 5.86 6.2 9.56 7.1 12.67 9.16 9.76 5.66 3.52 5.11 9.32 11.42 29.71 7.41 11.5 6.49
10.5 22.99 12.61 4.69 5.06 9.04 10.32 5.04 10.27 21.62 13.2 4.2 6.32 7.98 10.51 6.31 3.0 4.05 4.78 2.57 2.47 8.2 9.31 18.32 8.52 4.87 5.69 7.1 13.95 20.97 23.78 17.41 11.13 15.26 24.05 25.08 16.94 15.36 9.15 9.09 5.03 6.95 9.68 12.58 6.51 4.91 8.17 8.36 3.96 2.7 4.56 4.61 4.78 5.43 6.86 7.91 8.96 5.15 10.08 29.7 23.37 30.96 9.73 3.28
9.95 9.87 6.96 3.59 4.8 7.56 4.81 3.31 7.44 16.46 30.67 15.39 6.13 5.63 5.25 3.37 3.4 5.28 4.32 1.92 3.4 8.75 9.13 22.18 8.49 4.17 3.01 5.02 8.68 16.92 15.83 11.22 10.66 14.88 28.08 25.85 15.6 12.44 8.78 6.17 4.43 4.0 11.04 11.25 4.96 7.93 7.7 6.23 4.5 2.6 2.86 4.39 3.99 10.01 9.81 8.53 8.17 8.52 16.46 24.03 14.23 15.71 8.21 7.0
9.58 3.74 3.99 3.74 10.91 8.93 6.34 6.1 8.98 12.1 23.91 15.62 10.2 6.81 6.08 4.96 5.59 6.7 6.7 6.63 5.38 11.46 17.79 20.47 8.15 2.07 2.47 4.47 11.8 17.51 13.86 5.44 7.88 6.47 44.34 31.15 15.7 12.09 5.97 3.43 3.11 4.05 5.48 3.61 5.34 10.61 4.38 6.29 5.18 1.65 2.02 3.26 5.11 9.52 9.24 5.41 5.11 6.17 9.93 14.1 13.35 12.26 14.62 6.44
6.44 2.51 1.98 6.96 8.84 5.75 5.42 6.88 12.28 15.47 8.38 9.23 7.21 6.98 6.77 3.74 4.36 12.65 7.77 6.08 7.3 9.79 24.26 26.41 10.39 2.55 2.91 5.45 17.96 14.57 16.37 8.65 5.81 9.92 15.9 36.35 18.38 13.49 6.76 3.24 4.43 6.18 4.28 5.11 4.61 5.58 4.39 4.33 4.98 3.67 1.98 3.94 5.71 9.89 11.42 3.75 3.41 7.28 10.0 11.0 18.85 18.35 14.93 10.6
3.65 3.41 4.11 8.94 8.86 9.52 8.3 6.09 6.93 10.97 13.09 10.16 5.99 5.22 8.03 6.05 4.58 6.19 6.19 6.33 14.79 13.83 13.26 12.63 7.43 4.95 7.84 14.03 15.34 10.36 11.46 7.19 5.26 6.67 14.93 17.77 12.19 10.78 8.79 6.12 5.88 3.31 2.89 8.16 10.79 4.47 3.57 5.14 5.47 4.01 3.7 3.36 5.54 7.35 7.82 7.05 5.84 9.21 12.37 15.37 25.38 20.57 16.91 11.49
3.26 2.95 4.66 8.49 12.67 15.02 10.61 10.75 10.0 10.98 10.39 8.07 4.17 3.8 8.21 3.98 2.23 3.52 5.33 12.44 16.26 11.52 20.58 17.3 5.43 4.18 11.56 15.29 38.66 7.4 6.53 7.91 6.22 7.21 9.62 12.01 19.68 8.94 8.56 11.19 5.76 3.84 2.82 5.62 13.25 3.75 2.6 3.95 6.98 12.02 7.65 7.23 9.72 6.18 8.38 14.59 10.14 14.89 9.18 16.59 23.58 15.9 18.4 9.74
4.12 7.1 3.57 9.0 10.43 24.99 12.32 14.71 10.58 8.09 6.1 3.69 2.83 3.4 3.18 2.27 2.54 3.64 4.32 8.16 13.5 19.08 21.08 13.03 7.41 6.82 10.47 15.16 12.65 4.77 6.1 7.04 5.31 9.77 12.84 24.29 18.65 17.6 9.85 9.5 7.09 3.7 3.39 4.81 5.58 6.35 2.72 3.69 6.05 8.46 6.59 7.83 7.73 9.94 8.2 14.64 10.17 6.67 6.84 6.55 8.22 8.71 8.93 12.76
7.7 7.81 3.37 3.78 6.1 10.94 16.61 8.76 11.24 7.87 6.17 2.91 1.91 4.08 5.83 2.27 2.45 3.41 6.31 17.97 17.42 18.82 14.28 5.21 9.09 12.31 8.77 6.63 6.98 9.8 9.17 9.78 9.02 10.62 22.63 14.43 22.54 31.34 22.28 8.53 5.62 4.28 4.34 2.56 3.26 4.81 4.32 3.63 3.96 2.3 12.08 17.58 8.35 6.69 9.4 11.54 6.52 6.38 6.8 7.18 7.11 6.57 6.06 15.01
6.17 3.17 8.09 4.75 3.71 6.8 11.86 10.28 6.87 5.86 5.87 3.47 3.37 5.95 3.73 2.17 2.85 3.25 4.54 7.37 6.84 14.92 16.55 9.09 4.89 7.84 10.84 7.74 11.74 7.86 15.27 17.02 10.68 8.74 12.01 7.31 17.16 29.92 40.58 8.19 6.5 4.57 5.85 4.06 3.75 3.61 6.35 2.42 2.24 3.12 5.48 10.45 6.77 10.34 11.13 11.68 4.48 2.37 3.2 6.83 8.06 8.09 12.22 16.76
5.39 6.16 6.63 4.09 4.59 12.15 13.03 15.64 11.74 8.27 6.88 9.78 6.68 5.4 5.57 7.73 5.32 13.11 4.23 13.01 11.78 8.78 11.87 9.3 7.23 10.57 7.76 9.2 12.24 8.53 18.94 20.01 11.32 7.21 10.02 9.48 14.99 37.47 23.56 7.32 8.93 6.32 6.99 5.41 2.86 4.35 6.31 3.38 2.68 4.95 3.93 7.74 5.81 6.84 5.57 7.11 6.67 6.78 3.39 7.75 12.83 14.38 12.23 7.72
6.14 4.62 7.99 7.06 7.36 7.68 9.85 7.42 11.69 8.13 6.67 10.87 5.62 4.86 2.87 4.04 6.2 17.96 8.32 10.5 10.75 10.23 10.51 8.12 7.98 4.36 6.16 5.57 11.42 14.39 13.14 19.41 14.65 10.77 17.92 12.01 28.77 30.64 20.65 6.4 4.71 5.16 8.04 4.43 3.66 8.1 9.41 2.73 2.86 5.08 4.36 9.45 8.46 5.69 5.74 6.68 4.13 8.04 5.08 9.07 16.77 16.08 6.81 4.41
9.7 11.85 11.59 8.68 6.42 4.98 10.75 16.97 13.37 13.19 18.97 16.59 9.35 7.71 3.53 6.18 7.93 9.54 8.42 8.38 7.51 11.9 11.19 8.67 4.3 4.51 9.41 8.98 9.83 6.14 12.59 11.38 17.11 14.08 22.43 17.73 19.33 21.23 15.01 8.16 5.69 5.54 4.76 4.55 4.8 9.05 14.92 5.92 4.32 2.78 1.95 8.05 13.35 8.37 3.1 3.32 6.77 7.6 7.55 8.33 9.33 5.07 7.14 5.2
13.33 9.04 8.67 6.24 3.73 9.74 8.99 7.49 15.77 20.92 24.19 19.86 8.7 4.57 2.25 4.35 2.75 7.17 6.96 5.58 4.95 12.6 14.0 8.14 7.07 5.25 13.38 14.2 10.51 5.53 7.68 16.75 19.09 12.29 23.75 29.19 10.08 8.91 5.97 8.71 7.25 5.23 4.1 3.69 3.86 6.66 8.47 4.68 4.67 3.83 4.29 7.09 7.93 5.9 3.7 4.19 8.87 6.45 6.6 10.46 10.73 8.44 4.4 6.22
7.53 7.32 14.72 9.32 6.68 12.01 9.34 10.07 18.73 13.78 15.8 14.11 7.77 5.32 2.38 3.33 3.26 5.75 9.65 4.48 5.38 11.23 15.17 10.43 10.47 9.58 15.46 17.09 11.82 3.95 7.1 18.82 25.92 20.3 17.65 19.19 13.42 6.31 5.99 4.56 4.24 4.45 4.94 4.79 3.29 5.74 4.73 4.31 5.25 3.86 4.07 6.09 9.61 4.98 4.33 4.77 6.58 7.13 14.39 15.36 11.21 7.86 7.48 9.6
8.27 6.67 5.28 7.83 14.37 9.44 7.49 6.94 9.45 16.22 11.43 13.96 4.96 2.91 5.08 6.13 5.59 11.48 8.07 3.69 7.21 12.21 14.89 6.45 8.93 14.2 17.92 23.85 17.72 9.53 11.24 15.21 33.89 30.09 26.54 21.68 15.01 17.74 3.79 3.97 2.42 3.34 4.2 4.52 3.76 9.11 7.87 6.03 9.19 6.31 6.78 5.03 7.31 4.94 7.28 4.54 7.73 11.08 19.94 19.18 18.2 11.67 12.5 6.61
2.92 3.76 4.3 10.0 13.04 6.94 5.16 3.8 6.93 15.36 8.7 6.02 4.57 6.3 6.41 4.74 6.38 7.08 7.8 4.72 6.62 22.94 24.6 7.97 11.31 12.99 16.72 16.06 11.88 17.36 8.77 14.84 11.5 38.63 27.22 29.11 18.17 9.39 5.93 5.5 1.71 3.91 8.49 3.91 11.12 11.56 8.35 9.59 10.24 8.07 8.95 5.49 6.3 6.31 9.99 5.22 6.73 8.33 24.84 27.46 16.52 15.83 8.38 5.39
2.4 1.3 3.44 3.8 5.3 4.47 7.69 5.49 7.16 8.51 9.63 5.15 4.36 4.96 4.57 6.23 3.99 6.56 9.44 3.97 9.96 15.16 13.17 19.06 12.59 25.4 17.19 7.61 12.01 16.34 9.13 12.89 22.12 49.18 24.11 26.38 33.3 10.72 15.08 7.58 3.81 4.82 12.55 7.45 8.67 8.08 6.43 7.79 7.71 4.31 8.33 11.44 5.88 4.87 5.86 3.22 5.76 12.73 20.46 19.09 10.97 11.3 6.95 3.18
3.56 2.75 4.22 3.97 4.04 2.77 3.65 4.43 9.14 14.1 5.88 4.43 2.21 3.45 4.08 4.6 2.29 3.6 6.78 12.89 14.15 8.02 8.16 6.63 16.15 17.43 7.31 5.28 9.01 7.75 8.87 9.78 10.94 24.69 31.65 36.21 32.96 11.39 6.45 4.79 5.11 6.86 9.98 7.61 7.41 5.56 4.56 5.7 9.29 7.75 12.41 15.46 6.36 10.41 6.44 3.65 3.76 5.59 9.49 14.8 10.35 6.76 4.28 2.36
6.24 5.29 2.97 3.75 4.1 6.07 3.9 6.51 17.01 13.4 4.93 4.28 2.58 2.61 2.85 3.38 7.39 7.91 8.29 10.43 10.78 8.97 7.63 7.21 13.76 12.94 20.32 8.37 6.11 13.26 11.04 12.74 10.5 12.81 20.29 40.91 24.65 15.33 6.26 5.73 6.76 3.62 8.16 10.31 6.25 6.0 3.58 6.77 12.98 15.23 8.52 9.84 6.54 10.11 6.07 5.37 2.67 4.3 11.78 8.49 9.15 5.09 2.56 2.98
7.61 6.75 4.27 2.86 5.29 5.31 4.05 4.68 8.18 9.47 4.84 2.57 1.66 1.91 2.55 2.34 5.8 13.3 8.79 7.42 7.87 3.03 6.18 8.21 14.66 17.66 15.7 7.96 5.0 9.27 15.49 13.25 11.3 12.61 14.7 20.83 15.66 7.25 4.86 7.68 6.27 6.83 9.15 7.32 5.14 4.07 6.78 14.51 12.38 16.38 14.37 13.85 9.61 4.38 6.65 8.97 2.69 2.27 2.74 6.67 9.63 5.73 5.81 2.25
4.51 6.0 4.12 3.8 3.8 5.48 3.46 4.27 4.51 4.2 3.03 3.31 3.15 2.61 2.6 2.53 10.73 10.04 13.43 12.38 7.18 3.63 10.31 10.41 15.52 19.3 19.7 8.9 8.08 8.91 8.96 12.7 12.42 23.55 37.68 32.36 11.37 4.0 4.38 5.18 6.41 7.39 2.69 3.66 6.26 4.06 7.44 9.64 10.35 11.38 9.88 17.32 7.43 4.69 9.55 7.17 2.97 1.7 3.63 5.33 5.45 4.12 5.09 6.16
4.09 4.37 2.55 2.89 3.0 5.82 4.33 2.57 2.63 4.49 5.66 5.22 8.33 3.46 2.08 2.26 6.54 6.86 8.66 7.58 8.04 4.42 6.39 7.05 8.03 9.92 9.23 10.53 14.48 14.74 15.8 14.06 9.24 25.6 25.82 19.41 10.69 6.64 4.01 3.72 3.07 4.52 3.43 3.95 3.45 5.19 10.22 10.93 4.85 7.36 6.64 12.56 10.14 7.03 6.75 4.77 2.82 2.85 3.76 4.3 5.17 7.53 7.32 7.54
2.38 2.4 2.99 2.48 5.32 9.01 3.98 2.47 4.3 5.86 8.83 9.18 7.94 6.61 3.69 2.73 7.24 8.77 10.38 8.43 8.5 5.26 10.2 6.13 8.76 7.64 8.02 10.84 8.61 17.6 13.24 9.94 9.88 18.99 19.05 9.56 8.54 9.53 4.56 3.66 3.39 4.31 3.47 2.69 2.69 5.13 5.08 5.73 2.61 5.03 6.86 4.98 4.91 6.94 10.59 7.56 3.89 2.39 5.45 11.23 6.16 5.57 8.53 9.28
1.44 1.23 2.67 3.98 3.63 7.37 5.91 3.36 5.21 4.95 12.03 13.8 6.75 4.56 3.73 2.41 6.37 6.5 13.89 14.71 12.9 7.43 6.93 4.5 5.59 11.13 16.22 11.84 12.78 22.84 12.83 7.01 14.88 26.29 18.68 12.83 10.73 17.63 11.29 4.91 3.42 3.06 4.16 3.83 2.38 4.2 2.92 2.52 5.01 5.8 5.47 5.23 6.8 8.09 13.47 8.78 5.97 3.24 10.27 9.39 6.8 5.67 6.09 4.78
1.73 1.2 3.36 3.77 5.26 4.02 2.06 2.08 4.46 4.0 6.98 6.86 4.1 5.82 3.83 4.13 7.42 7.08 5.73 10.38 14.54 13.7 10.86 4.8 3.3 6.14 9.76 14.77 18.51 20.59 14.92 10.31 10.79 22.95 18.24 9.3 10.71 13.99 6.91 4.51 3.5 2.52 4.69 2.51 2.59 5.78 4.5 4.16 6.25 10.09 9.3 10.13 11.5 10.96 11.42 8.92 5.53 3.91 3.56 10.36 6.4 8.77 6.97 2.85
1.77 2.81 3.41 4.54 3.43 2.71 3.56 3.32 4.46 5.33 2.86 6.72 8.17 7.21 6.48 7.05 7.62 13.86 7.23 6.5 10.49 14.91 14.22 8.56 7.82 7.94 11.96 12.84 13.48 16.32 15.51 7.99 14.99 15.9 14.23 7.37 7.13 6.03 13.39 5.75 5.04 3.13 2.8 4.44 4.68 6.31 6.22 8.07 6.08 14.46 13.44 10.17 6.26 7.92 14.16 8.48 7.5 5.55 3.38 9.44 6.37 7.66 7.59 3.38
2.72 4.32 4.34 2.93 2.23 2.66 2.91 3.92 3.88 5.12 3.37 6.72 10.52 8.76 5.14 4.89 3.3 4.99 7.89 7.28 11.4 11.54 14.92 17.56 8.51 4.78 11.42 10.89 11.29 9.83 12.93 10.59 12.64 6.26 6.02 4.82 6.36 7.2 6.61 7.57 5.82 6.4 6.26 4.72 3.82 8.1 8.11 13.31 4.95 4.14 5.69 3.13 8.18 11.46 3.78 8.87 8.83 4.59 4.75 14.46 9.55 5.98 5.99 3.37
1.66 4.99 4.9 3.95 7.24 4.39 2.33 6.11 7.15 7.5 2.8 5.62 11.42 11.64 7.08 4.61 2.65 3.76 7.76 6.69 10.13 16.02 17.13 24.42 12.72 4.59 4.81 5.64 4.71 7.58 13.95 19.31 8.19 6.67 5.99 6.63 17.24 11.31 11.93 9.22 6.45 6.17 5.84 7.09 6.32 9.37 12.7 12.27 4.41 4.45 2.1 2.76 9.21 14.39 6.59 8.78 8.38 7.23 5.52 8.16 4.91 6.5 4.92 3.23
2.99 5.59 4.78 3.51 7.19 6.42 2.17 4.28 3.4 5.94 8.33 5.61 7.5 9.25 2.8 2.19 4.3 5.12 7.65 6.65 8.06 16.49 20.36 12.82 9.34 5.0 3.83 3.73 4.91 3.42 7.84 11.01 7.62 4.78 6.18 4.95 10.87 8.89 14.25 7.49 4.88 3.38 5.9 5.65 3.44 13.73 11.71 11.86 10.06 2.51 2.68 4.32 6.06 13.09 11.18 5.5 9.87 6.53 12.74 11.52 5.48 4.57 3.49 3.84
8.83 7.36 4.16 4.37 5.65 6.3 2.52 3.21 2.65 4.58 6.68 8.04 12.23 18.67 5.07 2.09 4.51 6.51 11.04 8.48 8.58 8.34 16.53 6.09 6.3 3.51 4.55 5.52 2.85 4.15 4.49 5.83 8.26 8.68 7.49 5.19 5.55 10.49 16.7 13.78 8.34 5.22 5.17 4.33 6.79 17.2 12.64 10.86 4.98 1.97 4.12 3.15 4.68 5.52 4.16 6.74 9.34 10.54 7.73 6.56 4.7 2.78 3.93 4.91
2.74 5.82 4.59 4.3 3.27 2.69 2.17 3.34 4.21 7.23 9.47 9.4 13.36 9.92 4.83 2.99 4.95 5.17 8.41 7.05 5.89 7.27 5.83 3.24 5.38 6.62 3.38 6.49 4.17 5.78 5.28 6.14 2.76 6.39 6.64 4.46 6.63 10.83 18.72 14.32 7.34 7.66 8.03 6.1 6.36 8.4 9.88 10.09 7.46 7.1 4.03 3.12 3.78 4.94 5.02 6.78 15.7 18.72 6.51 3.95 2.46 2.67 3.32 5.52
5.03 5.57 5.02 5.39 5.39 2.7 3.31 3.54 4.98 7.55 10.23 9.02 7.31 5.05 6.19 3.64 4.0 3.78 1.82 3.6 5.07 4.88 4.44 2.57 5.18 11.05 4.29 4.52 3.85 6.29 8.39 6.2 5.32 7.88 4.17 2.93 5.55 7.49 8.07 8.5 6.9 11.62 13.67 6.45 6.81 7.56 12.33 9.54 11.81 9.4 6.83 4.81 3.37 2.87 6.0 11.3 12.94 12.93 6.57 3.22 2.19 2.45 5.29 9.92
7.5 5.34 4.69 7.56 8.07 3.51 3.66 5.83 6.57 5.09 8.22 4.14 3.22 4.05 4.27 3.09 2.64 4.44 3.14 3.4 5.52 7.19 4.42 4.15 7.61 14.05 6.45 5.53 4.92 7.3 9.6 10.82 8.77 12.55 4.0 1.71 6.3 5.05 6.22 7.41 6.27 9.72 13.36 7.57 6.83 5.05 8.42 11.36 13.89 14.77 15.03 7.6 4.47 5.68 15.39 20.04 14.03 10.07 4.8 5.17 3.65 2.26 5.02 8.36
16.47 12.63 9.79 8.31 7.41 5.57 3.79 2.34 3.83 4.76 5.81 3.61 3.41 3.49 1.79 2.17 1.43 2.51 3.24 5.84 10.44 10.57 7.8 9.38 8.36 15.42 5.53 3.75 6.19 6.37 14.08 8.92 12.75 7.79 4.12 2.46 3.41 3.72 6.95 6.99 8.0 12.07 10.58 8.86 4.27 4.64 6.04 8.76 9.74 9.01 19.72 12.27 6.07 9.94 18.75 24.43 16.7 7.15 3.5 3.28 4.93 3.77 3.72 5.55
14.1 8.25 8.91 7.97 8.2 5.88 3.06 2.82 2.69 4.65 4.2 4.78 4.17 4.49 2.68 1.84 1.56 2.11 5.73 11.85 11.54 13.93 12.71 7.62 16.54 15.15 6.72 4.93 3.85 8.05 17.73 13.42 18.26 4.74 5.17 8.96 8.78 6.49 2.99 7.26 8.06 11.28 10.3 11.63 6.72 7.78 6.38 12.44 9.59 12.73 34.86 10.01 5.79 12.59 23.87 25.11 10.69 4.72 4.85 4.7 5.71 3.87 3.42 2.98
15.22 13.98 7.7 7.11 6.07 5.05 2.85 2.64 3.41 2.56 2.99 5.58 5.77 3.25 2.23 2.5 3.73 4.97 12.43 13.09 9.21 14.04 10.49 13.98 22.37 15.6 5.56 4.51 5.04 8.97 9.32 10.47 9.82 7.21 6.35 8.76 6.89 6.74 3.26 4.15 8.13 17.49 5.95 10.52 7.63 5.48 7.6 16.4 9.82 12.99 19.75 7.92 8.35 12.1 19.59 7.13 9.48 5.48 6.56 15.6 9.77 6.89 7.81 4.71
17.7 11.85 10.57 4.88 4.75 3.74 2.05 1.05 2.29 2.9 2.9 4.32 4.8 5.76 5.09 7.15 8.28 11.51 21.97 15.63 16.08 10.1 7.81 12.77 21.15 33.67 15.76 7.15 5.21 12.11 14.89 8.55 11.14 10.3 9.28 18.88 12.95 5.28 2.73 3.1 7.02 17.86 6.72 7.39 5.61 5.41 7.8 7.06 5.07 5.72 17.7 10.53 6.58 8.05 11.79 8.34 10.59 6.62 15.8 37.68 30.41 18.01 12.88 6.9
4.46 7.3 8.32 3.36 2.47 3.45 2.39 1.44 1.51 2.3 3.81 3.2 3.11 5.02 4.63 5.83 18.39 11.47 18.74 16.81 14.86 11.09 10.73 14.56 21.66 22.44 17.9 9.21 12.05 22.88 18.74 10.83 7.27 9.48 10.0 16.66 14.77 6.19 4.38 6.6 6.23 10.28 4.13 6.86 6.2 4.43 4.79 3.99 4.16 6.67 15.82 10.58 12.21 8.34 8.69 4.18 7.5 9.72 20.51 25.03 34.4 11.86 11.27 7.9
4.33 7.38 4.04 1.85 3.8 5.84 4.91 2.14 2.05 3.69 6.27 3.51 8.52 6.12 7.82 19.42 23.08 11.05 21.9 13.39 13.2 19.93 35.38 20.21 16.91 23.69 17.37 11.47 8.64 9.78 13.74 14.27 9.91 11.92 4.48 6.95 5.16 10.1 6.75 7.76 9.24 11.86 5.93 4.59 6.98 4.97 4.44 5.0 5.63 4.85 24.89 14.97 14.98 10.56 6.01 4.25 7.87 8.43 14.47 19.46 23.58 16.79 12.53 13.18
3.3 3.04 3.27 1.72 2.93 3.45 2.85 1.75 2.73 3.56 3.47 5.14 7.53 3.97 7.03 11.38 21.99 13.0 11.06 11.07 10.2 15.1 25.76 13.51 14.82 18.73 10.74 21.18 8.32 15.67 13.89 9.72 7.7 11.85 13.15 14.77 7.95 9.49 5.63 9.29 11.14 8.38 6.1 6.13 9.0 8.53 6.47 4.35 5.59 8.38 18.4 7.63 7.72 10.92 4.11 5.7 8.42 6.08 5.67 11.65 12.78 17.35 15.32 10.38
2.96 3.52 3.3 3.92 4.05 5.07 1.7 1.98 5.84 6.52 5.79 9.68 13.4 8.88 8.45 7.35 7.31 6.51 9.66 7.66 13.99 37.95 11.34 14.19 8.55 7.2 14.13 10.54 10.15 14.52 9.07 9.92 8.5 13.31 11.89 7.83 7.65 14.57 8.8 9.06 6.4 7.22 6.64 7.89 7.58 5.01 7.18 5.14 3.78 3.31 5.73 5.27 8.24 10.6 4.37 4.58 5.27 4.86 9.09 6.86 4.18 12.24 10.75 13.73
7.22 3.69 2.39 3.64 5.88 4.17 2.6 3.82 5.08 7.13 7.63 7.83 14.58 8.79 6.27 5.4 5.3 4.46 6.49 5.53 8.92 13.22 23.95 9.03 7.71 15.88 13.75 15.16 14.7 5.81 9.42 16.37 12.06 14.6 13.61 11.79 11.2 6.9 6.34 7.49 7.16 7.15 7.42 5.43 8.7 4.51 6.07 4.93 6.05 4.86 3.55 5.49 5.5 6.69 4.63 5.09 5.36 6.6 7.31 7.6 5.13 10.45 8.94 7.5
10.93 11.5 4.89 6.16 8.54 2.36 2.53 8.75 8.75 10.11 6.26 7.78 23.13 13.42 6.83 7.15 8.41 4.7 7.92 9.26 13.22 14.69 12.78 9.67 11.87 8.89 8.81 17.01 14.0 6.49 6.1 7.23 13.29 18.91 15.16 5.24 5.16 5.57 7.74 7.11 4.83 7.89 5.76 5.48 8.83 8.25 3.7 6.52 7.57 9.5 7.82 5.88 3.18 6.71 3.94 4.43 5.71 9.35 10.68 8.98 7.85 12.2 7.12 7.43
12.85 9.39 6.68 6.31 3.59 4.01 3.25 8.77 9.4 10.96 7.92 8.9 16.74 20.12 13.76 12.62 10.81 8.46 14.65 8.52 6.47 7.38 9.61 15.77 17.8 15.05 8.06 10.33 18.88 5.19 8.75 14.13 13.53 20.73 8.06 6.18 5.47 9.52 6.8 8.63 4.19 4.86 7.89 8.53 10.93 8.5 5.29 9.16 8.06 7.46 10.33 10.53 3.53 5.72 5.98 7.69 11.92 26.76 23.69 11.63 10.17 8.81 12.39 13.99
5.69 6.0 5.79 5.72 4.37 3.04 2.63 7.7 10.88 10.67 12.19 4.44 8.18 13.55 10.26 11.17 11.79 5.47 5.89 7.85 7.46 7.31 11.42 15.48 22.21 13.49 7.08 6.28 7.49 7.88 7.67 12.93 12.74 10.04 7.41 7.79 8.81 7.84 6.47 10.13 9.84 5.89 6.81 6.2 11.01 7.99 6.3 8.82 13.59 26.33 10.62 8.99 5.87 3.42 4.95 10.08 14.14 26.16 31.83 15.17 8.42 8.75 13.38 13.3
7.33 9.69 4.37 3.71 5.07 7.79 8.61 12.18 20.91 12.47 9.86 9.68 9.92 20.69 13.6 6.35 10.39 9.43 7.94 11.56 9.51 20.29 26.59 27.39 25.71 9.4 4.67 4.85 5.86 6.08 6.43 5.2 8.33 10.79 9.07 9.06 8.1 11.89 10.39 10.3 6.38 4.97 8.48 7.07 3.59 5.51 5.3 4.48 11.64 16.52 12.65 11.84 6.47 4.19 6.9 7.38 6.77 17.87 25.43 15.54 9.11 13.26 12.87 13.5
6.55 7.4 6.02 4.4 3.28 5.27 7.38 12.55 13.76 12.76 9.95 6.3 7.96 10.21 13.82 7.41 13.32 9.88 9.77 18.71 20.7 20.63 17.32 17.47 11.7 7.81 4.28 6.5 7.96 8.44 9.93 4.89 5.99 6.41 5.33 11.38 5.69 8.85 14.24 9.64 4.69 4.68 4.65 1.74 3.94 4.38 6.73 6.35 10.03 13.13 16.7 11.99 7.99 6.42 6.9 6.41 3.83 10.18 12.2 7.42 10.18 20.38 19.75 13.88
11.85 10.27 4.3 6.04 4.55 3.05 12.55 12.32 16.59 9.72 10.57 8.58 13.28 9.73 14.91 10.7 13.77 14.25 12.93 38.83 20.46 26.98 11.32 12.26 12.46 13.22 14.99 14.62 13.28 17.7 15.14 7.17 7.32 13.16 8.34 6.94 8.19 6.47 12.04 4.59 5.6 7.6 5.18 3.06 3.39 2.72 5.39 5.82 10.55 18.58 12.43 9.19 5.72 5.72 7.4 4.71 4.62 6.05 5.64 9.56 6.87 18.19 15.67 17.19
