10.54 10.57 8.86 7.0 3.71 6.3 12.99 7.41 6.59 10.71 18.58 10.63 5.01 9.29 19.08 43.85 24.31 22.08 46.36 27.83 13.11 7.45 6.21 4.34 12.51 14.56 6.25 5.7 9.03 13.71 13.3 19.86 9.69 6.99 13.98 6.87 8.87 8.04 2.66 4.7 5.73 6.78 6.16 5.18 9.45 8.07 16.25 8.8 7.87 10.35 7.11 9.5 7.39 5.15 10.2 4.78 2.65 1.68 2.15 2.47 5.48 3.86 2.6 1.45
8.12 4.45 7.57 10.09 5.11 5.51 9.5 8.96 9.78 12.65 9.68 8.01 10.15 11.49 18.77 23.63 24.68 20.97 25.44 21.24 10.93 7.39 8.16 4.81 10.85 14.74 7.12 5.23 9.46 25.44 11.74 22.64 14.23 6.73 8.47 13.0 8.18 5.39 4.4 2.98 7.2 7.98 8.07 6.07 9.72 8.03 12.93 17.81 16.06 11.87 8.42 10.33 10.73 6.47 6.46 2.5 2.4 1.5 1.77 3.28 6.51 4.12 2.46 1.14
8.21 7.76 6.47 7.17 7.45 5.5 6.29 7.33 8.87 10.9 17.2 15.76 22.38 15.44 9.23 24.56 24.48 20.1 12.45 12.74 7.65 6.35 7.35 5.11 5.19 9.94 11.89 8.69 9.9 14.98 14.32 24.51 23.55 13.63 9.04 7.53 10.26 3.97 3.46 3.31 8.29 11.6 9.07 9.67 6.87 11.54 12.81 17.3 17.43 6.85 7.12 21.94 13.0 6.56 5.71 3.21 2.43 2.48 0.75 3.41 16.72 5.81 2.78 1.3
6.94 7.91 9.23 15.66 8.15 5.68 3.95 4.68 6.2 16.74 21.21 15.83 14.25 24.02 20.68 27.8 19.35 9.0 6.42 10.66 7.1 5.06 5.47 4.84 6.3 10.7 11.09 5.07 9.05 13.27 14.21 14.63 13.28 11.25 7.36 5.18 7.91 5.37 3.59 3.32 9.96 7.96 5.58 9.47 10.37 14.99 9.88 26.4 26.71 7.0 4.43 8.31 11.61 8.4 4.51 3.62 4.43 3.91 1.8 5.04 8.88 5.92 2.96 3.25
6.41 7.63 5.61 12.56 9.22 16.29 6.71 5.67 6.21 7.9 13.35 13.28 17.68 23.34 13.3 25.96 20.05 13.56 9.93 10.37 10.43 6.8 10.22 5.04 5.33 6.28 8.74 6.62 9.23 10.68 6.14 9.25 12.49 5.69 5.08 7.59 5.27 4.72 4.1 2.74 5.39 6.2 3.39 7.03 16.73 13.26 11.62 10.39 13.66 5.78 10.06 7.78 7.06 7.05 2.43 3.54 2.6 2.69 4.69 6.68 16.41 17.03 5.16 3.39
11.18 6.5 6.21 8.45 6.66 11.75 9.19 8.08 12.42 10.06 11.28 14.29 11.11 12.19 10.18 10.49 9.61 6.71 15.84 8.37 4.33 5.94 6.93 12.15 6.53 6.81 11.72 6.43 4.34 4.16 5.99 13.05 13.88 7.2 5.43 9.88 4.13 3.49 4.85 1.66 5.9 5.5 5.8 5.0 16.56 25.28 8.68 10.21 10.97 15.13 11.34 4.71 4.73 4.88 3.25 2.87 2.5 2.9 7.7 10.73 11.2 6.04 3.39 2.81
8.22 17.56 18.47 14.57 6.85 5.15 11.15 15.96 12.97 6.73 24.8 38.53 11.43 12.99 6.05 6.22 7.78 6.05 9.09 6.65 4.89 6.22 5.71 8.61 8.33 7.35 11.19 7.02 6.41 6.18 8.92 9.92 10.3 9.57 5.24 11.31 4.4 6.32 4.94 3.28 4.08 5.11 6.74 6.72 9.9 21.28 29.21 24.08 11.5 10.1 16.49 4.33 4.49 2.63 3.35 3.7 6.16 7.86 5.8 13.68 10.13 5.8 4.36 3.77
8.39 10.49 36.41 17.96 8.92 3.48 5.92 13.64 15.84 12.71 15.51 21.7 14.55 16.86 12.15 5.48 4.21 3.94 4.05 8.13 8.36 9.34 7.61 10.8 7.73 3.68 4.69 3.69 5.29 11.11 12.45 8.19 8.44 13.71 10.18 8.08 6.45 8.22 6.8 4.37 3.93 3.91 9.72 12.86 6.62 9.48 31.38 30.18 16.38 11.06 17.4 11.12 5.22 9.73 4.51 7.26 7.16 17.1 8.52 16.53 17.98 8.01 4.41 3.61
13.32 10.04 14.59 9.9 5.63 4.01 6.58 6.9 6.38 20.02 10.77 19.79 14.56 13.36 17.19 10.85 7.8 5.3 5.11 4.98 8.81 11.36 18.31 12.73 9.7 2.4 5.75 4.62 4.42 6.8 8.76 11.17 15.9 12.23 8.07 8.96 8.55 9.54 6.48 3.78 2.86 6.23 7.44 10.4 10.13 5.44 18.77 43.25 15.42 17.05 18.19 12.8 8.24 15.12 5.89 7.22 9.13 8.22 9.92 14.01 15.57 11.06 8.66 5.0
11.6 8.04 6.66 6.87 4.82 3.99 6.18 8.0 12.44 29.04 11.8 12.24 11.32 6.12 18.6 9.77 8.28 3.19 7.42 8.92 8.62 7.41 9.85 15.91 21.03 4.81 2.77 3.72 4.25 10.58 7.79 11.15 13.4 6.05 5.66 5.33 8.15 7.76 7.31 5.08 7.76 5.33 5.33 8.19 11.62 8.88 10.85 25.15 12.58 12.6 12.7 9.35 9.99 9.44 10.45 5.69 2.42 3.93 8.91 9.76 7.88 9.57 9.32 14.96
25.97 12.38 6.03 3.79 4.12 3.95 10.38 8.88 16.31 14.08 9.31 13.38 14.36 6.88 5.26 7.05 4.44 4.51 3.63 6.24 7.33 9.89 20.77 15.52 10.81 5.74 3.06 5.68 4.87 9.36 7.82 8.31 12.51 3.2 3.59 4.03 4.24 7.49 16.11 13.46 11.46 3.15 2.46 6.63 10.82 8.18 18.31 23.66 19.53 8.18 7.63 9.09 6.19 7.9 4.85 7.01 4.13 2.45 6.05 5.15 5.59 8.45 7.16 9.72
12.42 7.92 15.26 7.64 2.83 3.6 2.91 11.54 15.52 17.67 11.33 12.46 9.71 8.29 3.13 5.52 2.95 2.38 3.9 7.88 13.74 12.0 16.4 7.11 11.14 10.15 8.43 5.7 4.2 8.4 4.16 6.59 8.69 4.03 3.15 5.59 6.67 4.44 6.24 15.58 11.73 3.42 2.11 4.76 5.24 4.1 7.96 12.34 19.36 5.69 7.05 15.78 10.62 6.3 3.71 2.99 1.93 2.74 4.49 5.87 10.89 7.79 6.16 10.77
9.05 15.49 11.08 5.9 2.22 5.52 8.16 7.66 17.01 17.48 12.27 13.62 12.42 7.75 3.86 5.14 3.35 1.03 3.45 2.73 7.05 14.63 14.28 23.14 11.39 5.84 6.11 12.36 5.11 3.52 3.15 4.82 8.33 5.78 2.6 3.95 6.19 5.63 5.62 8.99 7.86 2.82 3.01 2.34 4.28 6.36 6.08 9.4 8.18 6.46 9.0 19.24 8.19 8.45 10.64 11.18 2.83 3.32 3.6 7.19 9.13 11.73 11.44 7.37
21.53 9.03 5.1 10.0 9.55 12.02 11.89 12.59 20.17 16.99 24.7 10.44 7.06 8.08 8.06 6.13 2.78 1.98 4.0 4.18 5.43 12.8 16.3 16.0 12.76 5.45 8.0 8.31 10.65 2.8 5.46 4.88 3.14 4.06 2.52 2.15 4.66 15.55 11.04 7.87 4.22 4.43 3.29 5.78 3.33 5.04 4.77 12.16 8.7 11.23 5.87 8.15 13.71 6.7 16.59 13.66 6.05 3.6 6.16 4.09 8.8 17.07 10.28 7.71
20.22 7.74 8.95 25.88 18.0 11.63 21.58 9.15 17.78 11.52 32.66 32.44 14.66 5.55 4.32 2.87 3.14 5.15 3.7 6.56 9.65 16.07 18.17 5.98 7.72 3.3 7.42 8.67 4.94 5.33 2.9 7.96 2.71 3.17 2.73 2.27 5.93 10.56 8.56 5.98 6.47 7.27 7.07 7.36 5.07 4.43 4.47 6.68 10.44 9.18 16.73 7.39 14.67 11.75 11.53 24.94 5.12 4.39 5.78 3.65 7.25 20.87 24.61 9.09
16.87 9.71 11.44 22.45 28.0 11.35 11.32 7.93 7.76 9.66 20.56 21.63 11.8 6.96 3.54 2.81 4.0 4.07 2.59 11.92 10.36 15.98 15.38 5.36 8.41 10.01 7.4 7.32 4.22 5.34 4.12 4.38 3.37 3.17 5.73 3.88 6.7 7.65 7.11 8.11 6.02 5.23 6.28 4.97 4.79 5.07 6.37 3.93 9.67 9.08 6.85 5.31 6.28 24.54 10.7 12.32 3.95 2.11 4.69 5.84 8.21 12.38 26.04 22.64
10.1 11.9 6.75 8.96 16.45 23.37 5.63 10.67 7.98 3.92 9.7 8.55 6.15 5.87 2.3 4.53 6.11 4.9 3.78 4.58 5.2 13.26 15.67 7.12 9.35 7.68 9.28 6.84 5.33 4.98 3.58 3.28 4.74 8.48 5.01 3.94 6.97 8.98 6.92 8.48 5.98 3.32 6.52 4.83 3.83 3.03 2.57 3.85 6.06 8.43 5.05 10.16 5.73 10.99 9.94 4.26 4.96 2.19 2.74 12.12 8.83 8.59 8.46 16.13
6.17 12.32 10.54 16.39 15.9 25.87 7.82 6.82 10.1 5.29 6.6 4.2 3.94 6.72 6.19 4.05 3.13 3.05 8.16 6.52 5.67 6.69 12.24 10.36 12.36 4.4 5.89 14.25 11.26 11.61 2.94 3.13 4.14 3.9 4.57 5.51 10.74 14.11 4.04 3.83 4.53 4.87 4.3 6.37 5.64 4.98 4.82 5.2 3.89 5.15 6.28 3.51 3.69 6.6 8.24 6.53 3.79 2.38 3.75 11.18 6.14 8.26 6.37 16.55
13.74 12.8 22.75 10.84 15.43 18.0 16.73 7.35 4.92 5.4 3.84 6.45 3.9 4.23 4.81 3.72 3.68 3.53 10.54 10.58 4.9 7.59 12.14 12.4 9.33 3.53 7.62 11.28 13.17 12.27 3.21 3.23 3.65 5.03 6.92 10.31 9.26 8.56 10.52 7.71 6.7 5.61 4.63 5.55 6.91 7.69 5.5 6.03 3.79 5.22 9.95 3.14 2.06 4.69 9.25 9.49 4.87 3.07 5.04 6.49 10.96 5.01 9.2 12.17
9.48 9.34 13.02 16.33 15.23 16.96 16.52 6.28 5.57 7.13 4.77 7.41 7.47 8.98 6.92 7.35 6.0 2.03 5.15 8.21 7.22 7.06 8.41 11.76 9.67 10.08 5.82 5.79 11.73 16.27 8.05 4.55 3.96 7.31 13.38 20.46 7.99 7.74 15.42 8.0 4.32 2.76 7.89 6.71 7.13 4.86 3.31 4.09 4.47 4.73 6.53 5.52 3.82 5.2 9.09 5.52 7.19 4.08 10.23 10.58 7.65 4.19 6.3 12.36
5.78 13.06 14.44 11.83 16.77 15.4 9.87 14.42 5.23 2.65 3.96 5.54 7.54 12.56 6.95 8.99 12.82 3.21 3.03 6.37 3.69 6.75 14.41 9.52 5.27 8.41 6.67 12.74 13.82 9.55 7.75 5.55 4.73 4.65 15.07 27.51 13.67 8.24 13.09 5.81 4.23 2.85 9.97 11.04 5.89 6.61 2.87 3.41 3.68 4.33 8.06 9.21 4.63 7.17 7.87 5.54 8.25 6.91 5.23 5.55 12.17 10.11 10.04 12.26
5.05 11.2 15.54 30.39 11.86 14.74 10.99 10.3 6.61 3.09 3.67 5.9 12.42 13.59 18.88 11.4 18.26 7.5 7.86 9.38 5.66 11.0 12.14 12.49 6.17 6.22 8.8 9.18 6.0 12.51 6.12 3.53 7.29 4.09 4.52 8.17 5.62 8.4 8.33 5.15 5.82 6.45 7.15 8.47 9.26 9.69 2.62 3.96 3.08 2.26 5.56 4.6 2.39 7.57 7.68 8.86 8.67 9.22 5.41 7.25 11.61 13.6 13.45 16.8
9.5 7.31 8.09 23.11 12.87 16.18 17.49 5.65 4.63 6.22 4.62 4.46 7.57 15.14 7.84 8.32 21.54 12.8 12.92 9.28 7.53 10.1 20.91 10.04 6.12 6.72 6.85 8.58 4.76 7.54 2.88 2.81 5.47 3.37 2.39 3.16 3.94 10.04 8.0 6.53 3.74 4.5 6.91 11.02 13.54 12.92 3.03 3.07 2.82 1.75 3.88 3.9 4.9 6.37 7.23 3.82 5.85 11.86 12.71 8.52 15.05 19.02 13.24 16.53
8.81 5.85 8.57 19.57 12.09 10.61 10.14 7.23 14.48 10.53 4.71 5.19 6.72 14.48 9.16 5.61 6.52 8.29 11.34 11.9 12.06 7.57 15.93 13.2 4.06 9.58 5.08 6.83 5.38 11.34 4.75 1.67 6.41 3.5 3.37 3.67 2.21 7.02 6.6 7.11 9.19 6.99 11.14 5.99 10.29 6.34 3.32 3.09 3.42 1.9 4.02 5.78 8.19 8.12 2.83 1.88 4.4 8.14 12.5 9.92 12.04 21.58 8.96 14.92
7.68 16.43 13.96 18.94 12.55 10.34 9.49 15.77 9.26 4.15 7.02 12.86 13.1 11.31 3.84 2.97 3.15 6.07 3.53 9.38 11.64 9.33 12.52 4.62 2.9 5.49 5.42 7.41 9.83 6.45 4.54 2.61 7.18 8.29 6.18 3.33 4.08 5.62 8.94 9.57 17.12 10.12 7.04 10.1 7.91 7.5 3.78 2.63 2.79 2.32 3.82 5.1 5.97 9.51 7.62 3.2 3.59 4.44 12.33 17.19 10.91 9.98 9.59 11.88
8.57 21.17 12.08 11.78 29.43 17.41 10.86 9.15 10.77 5.22 7.99 8.77 7.06 13.55 6.96 3.39 2.68 3.07 6.11 9.6 10.6 9.39 3.99 6.15 5.16 3.75 7.99 5.51 4.74 7.18 9.58 6.73 5.72 5.35 3.4 6.47 12.89 7.7 12.81 13.66 13.73 15.41 7.06 11.21 11.11 7.38 4.79 3.35 2.03 2.04 5.15 4.82 5.11 12.99 13.36 4.82 3.08 8.09 12.2 17.82 6.64 6.03 21.36 20.37
13.02 23.47 15.15 10.54 11.99 14.67 12.04 6.51 4.63 5.28 7.71 12.89 10.26 6.19 4.31 3.87 4.29 4.31 9.74 13.39 10.99 8.33 6.28 6.13 7.1 1.97 4.17 8.27 4.0 8.37 7.8 6.89 3.51 4.47 4.14 4.12 11.59 14.12 14.54 8.69 10.92 9.45 8.47 11.38 7.28 8.65 3.02 1.12 1.59 2.73 4.77 6.08 4.09 5.79 9.55 10.98 5.93 6.29 14.11 10.43 8.66 9.28 11.93 14.45
15.49 17.73 14.1 9.54 8.1 13.17 7.9 4.47 4.93 7.23 7.98 14.04 9.7 5.42 5.08 4.82 5.11 6.92 8.19 7.85 7.47 7.36 7.43 3.89 8.83 3.55 4.99 4.84 2.26 4.85 4.69 8.81 4.77 4.42 5.04 3.61 4.96 6.84 6.29 3.67 6.9 9.12 7.67 6.16 5.52 5.16 4.34 1.79 2.29 3.81 8.25 9.3 11.11 8.62 5.28 7.52 4.12 2.94 14.92 10.9 10.33 4.32 8.9 7.78
18.36 14.66 10.19 10.93 7.63 13.25 7.78 4.15 9.6 8.8 7.96 11.09 6.9 4.02 4.67 5.19 9.07 7.37 7.2 4.78 2.78 7.8 10.55 8.21 9.68 6.03 6.68 4.41 2.19 4.45 4.17 6.79 2.62 3.06 4.15 1.78 2.07 2.97 5.2 3.08 5.65 3.25 6.82 3.65 5.85 6.01 5.65 4.94 3.09 2.42 3.68 5.65 9.68 8.9 4.29 6.79 6.79 4.35 5.4 6.68 7.57 6.71 6.67 7.91
12.62 10.35 18.15 10.7 8.75 6.37 8.08 10.56 6.95 10.85 10.26 5.96 3.44 6.44 3.46 8.93 10.88 8.34 7.17 10.14 3.62 7.55 8.19 5.44 8.98 9.05 6.75 5.25 10.87 5.23 4.16 2.37 1.92 3.68 3.22 2.37 5.03 4.97 2.89 1.77 2.77 4.22 5.45 3.16 2.22 5.13 3.62 5.81 3.97 3.09 2.79 3.97 7.57 11.21 7.23 7.81 11.86 9.35 6.22 6.25 7.23 6.41 9.04 7.03
6.61 6.19 6.36 4.68 3.26 16.88 5.58 11.35 5.59 6.52 6.38 5.71 6.1 5.83 7.97 11.08 16.35 7.46 7.67 5.04 7.18 7.95 7.7 5.38 5.11 11.05 14.88 14.95 13.36 15.41 3.98 4.96 3.59 3.28 3.19 3.44 3.78 5.12 3.6 3.49 4.4 3.73 4.67 2.79 2.44 3.08 2.3 4.4 4.61 4.87 3.09 2.27 3.78 6.78 9.56 10.2 10.02 9.03 6.41 6.16 8.5 9.95 4.98 4.94
8.38 5.12 3.96 5.57 3.64 6.67 6.37 7.69 14.51 10.33 4.28 4.94 6.81 5.25 14.39 17.06 17.53 10.98 12.1 7.16 4.91 9.94 5.22 3.88 6.47 16.19 16.75 14.75 9.67 15.89 7.48 7.17 4.5 3.2 7.99 4.86 6.15 6.12 7.19 6.02 6.54 3.54 6.34 5.88 4.16 7.6 2.96 6.25 8.28 4.31 1.91 3.86 6.83 7.65 4.91 5.8 9.05 9.73 11.41 5.59 8.69 8.11 5.37 4.62
7.0 4.09 6.03 9.12 6.59 8.12 7.79 7.36 13.31 6.87 4.7 11.56 6.82 5.83 14.64 16.81 19.69 10.01 11.86 7.77 6.21 7.46 7.05 5.89 5.64 7.65 12.37 17.09 20.29 9.51 4.03 2.91 6.16 3.61 5.69 7.17 8.11 8.78 10.17 9.0 5.58 4.6 6.71 9.57 8.28 17.38 10.3 6.64 6.89 4.26 4.16 4.82 5.19 6.24 8.64 6.8 8.65 6.02 9.26 10.4 7.32 18.79 6.81 4.8
5.15 4.86 6.42 12.66 11.53 7.56 3.47 5.59 10.19 7.06 8.65 7.82 7.38 7.66 7.39 13.07 31.19 11.87 12.29 19.4 6.96 4.3 7.46 3.82 5.41 7.9 12.99 28.35 18.81 7.33 6.42 4.65 4.96 6.53 8.3 8.8 13.37 11.31 7.96 10.2 5.7 5.33 15.59 9.34 5.43 10.43 20.17 6.25 8.04 5.71 4.44 5.72 4.41 9.79 14.14 13.39 7.87 6.36 8.5 10.04 4.93 9.22 4.44 8.26
5.6 6.88 3.86 4.06 7.2 10.69 3.39 5.48 10.45 7.77 15.12 12.42 6.51 7.08 7.58 13.55 29.0 17.65 9.54 10.58 5.56 3.49 5.1 6.02 5.56 12.78 25.92 23.83 14.73 13.8 10.08 4.92 9.85 8.03 18.54 11.17 8.07 4.13 4.96 5.86 6.74 9.13 7.45 13.64 8.57 5.9 4.79 4.67 3.74 10.33 11.84 3.34 3.82 8.17 9.73 12.9 13.1 9.03 12.78 8.88 4.95 6.1 3.85 4.06
2.08 4.74 2.74 3.79 7.06 9.45 4.63 3.93 4.56 7.21 8.56 8.62 10.16 11.41 8.75 11.06 14.95 14.28 20.11 6.6 8.48 6.08 6.48 7.55 4.36 6.69 18.54 29.87 25.18 22.32 17.11 7.54 9.05 9.58 13.75 20.59 19.57 15.4 5.66 8.93 8.31 6.86 5.01 11.51 16.15 8.09 5.47 3.94 7.84 4.38 10.11 6.26 4.27 10.63 12.83 9.08 14.24 18.24 25.2 5.72 5.62 4.93 4.89 3.78
3.26 2.86 4.37 4.68 7.67 4.49 6.99 3.96 5.16 8.59 18.32 12.82 11.71 8.27 8.06 11.36 15.39 18.68 8.33 7.45 9.24 10.05 7.65 8.52 3.5 6.1 22.57 25.8 41.06 19.07 12.54 10.55 9.62 12.52 12.27 22.17 21.58 20.75 9.62 5.73 10.26 7.34 7.01 5.43 6.07 8.9 8.0 6.71 4.78 5.31 11.07 11.14 5.38 5.77 6.91 10.18 15.99 15.63 13.83 9.19 8.7 6.18 3.18 3.15
5.45 6.1 11.92 11.19 11.13 6.53 5.29 2.86 3.91 5.28 9.02 8.43 6.6 11.62 8.97 8.11 6.33 10.79 4.82 10.48 11.27 5.12 9.77 6.63 11.02 18.81 27.98 27.09 28.03 34.51 7.09 6.68 8.64 14.24 17.02 19.39 25.47 16.56 15.18 15.61 13.99 10.97 8.35 6.59 4.01 6.51 7.65 8.36 4.77 2.06 4.47 9.39 6.53 8.46 4.36 8.74 11.92 16.09 8.39 11.72 7.87 4.66 4.83 4.12
12.77 9.91 6.33 10.18 12.32 19.42 5.4 2.95 2.56 4.24 7.33 6.01 8.14 5.53 8.26 13.18 12.0 10.63 5.97 10.01 9.0 4.2 5.83 9.15 10.71 21.78 21.15 28.06 26.02 18.94 7.0 6.19 12.12 13.08 13.91 14.46 20.19 14.2 22.66 21.82 6.71 7.99 5.17 9.68 8.02 3.58 2.71 4.14 3.39 2.42 2.9 5.48 3.59 5.87 4.43 7.48 11.0 12.41 5.38 8.1 5.34 2.77 4.13 3.28
4.87 9.5 7.07 14.82 9.54 12.04 3.67 5.14 5.76 4.02 8.62 4.14 6.04 6.8 6.7 12.25 9.46 6.85 7.02 5.75 14.08 6.66 7.43 8.56 9.64 15.08 17.19 11.87 9.49 17.32 4.77 6.53 10.85 7.37 11.82 13.75 17.53 10.19 7.91 7.61 8.19 11.82 8.96 7.66 10.87 3.22 1.7 5.28 4.47 3.66 2.9 7.2 4.06 2.21 4.81 6.32 11.79 20.8 8.33 4.12 3.52 2.75 4.38 7.37
8.08 9.53 9.84 7.67 4.58 4.34 5.87 6.24 4.73 7.12 9.25 5.39 6.72 3.36 2.42 4.64 11.06 12.19 9.82 5.54 18.68 11.9 9.71 5.84 5.91 8.18 16.8 10.51 4.72 5.35 3.21 4.59 6.47 4.47 12.31 11.83 8.6 8.32 5.44 8.93 10.67 6.67 6.01 6.58 11.03 13.08 2.24 3.13 4.55 3.32 3.05 9.42 8.54 1.89 9.09 7.73 6.6 7.5 4.7 2.28 4.94 9.97 5.96 4.14
9.31 3.78 9.02 5.56 4.07 3.15 4.66 5.79 7.06 5.82 10.6 5.79 3.6 2.45 2.47 4.19 6.6 9.62 8.62 7.46 13.43 9.02 9.85 12.1 9.8 13.48 9.92 4.42 3.95 4.77 3.75 5.85 6.93 5.64 5.95 4.5 5.48 16.16 17.82 7.4 8.1 11.74 14.67 3.96 4.08 6.39 2.77 3.81 2.84 2.3 2.28 5.23 12.97 3.05 5.16 6.25 11.99 13.1 5.04 2.15 2.17 4.65 5.03 3.3
9.19 6.54 5.27 6.27 6.83 4.65 5.8 5.58 5.31 5.74 6.97 4.04 3.37 3.62 4.23 4.74 4.68 7.03 14.16 14.12 5.34 10.99 6.75 6.72 6.58 11.6 10.59 7.81 7.07 3.83 6.52 5.93 5.69 8.73 4.55 3.79 10.84 12.84 12.9 7.02 8.71 15.96 13.13 2.97 1.82 6.11 2.37 3.39 4.61 3.01 4.94 4.63 7.5 4.21 5.22 7.41 9.13 10.86 3.18 2.1 3.63 3.77 5.67 2.17
6.58 8.69 3.66 2.7 4.88 5.22 4.15 10.05 10.62 9.87 7.52 3.06 3.48 6.78 8.1 2.56 4.6 8.18 14.43 18.91 10.0 13.31 6.36 9.05 4.83 13.05 14.52 6.75 7.71 2.93 7.02 11.59 7.14 5.64 4.09 5.43 8.55 5.95 11.73 7.99 10.21 11.57 5.22 5.14 2.25 4.31 5.57 6.35 3.25 3.33 2.48 2.69 14.04 11.85 6.52 5.07 7.43 7.64 4.66 2.23 4.34 6.65 8.75 3.2
8.59 9.15 6.3 6.46 5.1 5.35 2.95 5.69 7.64 5.49 9.44 5.59 6.27 4.37 7.58 7.05 7.95 4.94 6.08 9.15 18.18 26.08 7.68 10.52 7.05 5.12 10.87 3.97 3.62 5.28 4.28 7.73 4.48 6.42 4.44 5.97 9.4 9.15 9.67 9.54 4.91 5.51 4.73 5.47 4.6 6.83 11.02 5.25 4.11 3.9 3.32 3.17 9.88 11.52 7.82 6.07 6.9 8.85 4.25 2.52 4.03 5.92 5.44 5.14
7.69 4.67 8.9 6.61 5.36 3.56 4.19 3.71 9.3 9.11 3.42 4.66 4.05 6.07 7.23 9.04 6.37 6.05 6.34 4.72 8.77 13.56 7.91 9.47 7.86 5.43 6.35 4.82 3.48 5.56 3.54 4.55 3.92 4.82 9.64 7.49 10.69 9.0 5.17 12.27 9.31 10.42 15.33 14.43 5.28 5.64 5.74 6.0 5.47 3.93 3.22 6.11 10.38 5.25 2.4 5.01 6.14 6.04 4.9 3.24 3.18 3.39 5.3 6.29
14.68 16.34 6.72 4.46 5.84 7.1 5.26 7.02 5.01 7.75 6.11 7.18 8.07 7.1 6.41 9.25 5.71 3.67 6.18 3.98 3.29 7.41 5.89 5.98 5.59 5.48 4.27 5.97 4.86 3.84 6.95 7.13 6.69 8.2 9.1 7.04 6.32 7.48 4.63 27.32 15.1 12.01 19.27 15.34 10.94 6.9 5.99 3.74 6.62 6.24 8.33 7.87 4.41 2.5 2.83 8.25 8.13 3.42 2.3 3.18 2.99 2.9 2.69 5.54
8.73 13.78 6.68 5.62 5.54 8.79 11.33 8.64 11.69 9.47 12.92 8.04 10.77 10.42 6.87 7.2 2.23 2.83 5.7 6.9 3.99 3.74 2.71 5.66 5.67 7.06 4.74 6.9 9.1 5.84 8.89 7.2 9.81 5.69 5.45 2.61 6.86 8.32 8.77 10.81 14.79 14.01 15.86 25.35 15.99 8.04 6.78 6.47 4.05 10.44 8.93 10.94 8.2 2.93 3.25 5.47 4.19 2.74 4.94 6.43 3.28 4.39 6.59 10.28
9.24 9.19 8.85 6.95 6.99 7.02 8.61 8.46 15.85 14.31 10.4 7.52 13.15 16.43 8.31 10.27 4.99 3.28 6.82 4.97 8.46 6.05 7.51 6.62 5.61 5.14 5.08 7.22 6.29 8.18 8.76 9.61 13.12 5.57 6.0 4.51 5.18 9.13 16.13 18.06 17.23 22.64 9.61 17.15 20.21 5.3 7.88 6.4 2.63 6.42 9.1 8.18 7.51 3.35 4.82 6.56 6.39 3.28 5.28 5.2 11.12 8.34 5.6 4.43
11.63 13.38 32.17 16.17 5.87 4.82 3.85 6.05 14.11 30.77 13.69 8.86 20.01 12.52 20.45 16.34 11.92 4.25 11.11 7.17 7.31 4.34 6.06 8.02 6.42 8.37 6.65 9.05 7.42 12.95 5.28 8.38 7.86 15.9 8.87 3.67 3.44 7.1 22.16 12.65 22.94 21.11 11.98 11.83 9.04 5.65 6.37 7.83 13.11 5.82 6.39 7.04 8.85 3.5 5.24 4.77 3.19 5.19 4.62 6.54 16.63 7.8 3.93 3.48
11.01 10.17 33.0 20.93 10.43 5.74 5.27 6.65 10.84 17.34 30.57 14.19 12.1 11.56 14.65 25.84 14.76 7.74 3.87 11.62 10.07 6.26 5.53 12.9 16.67 27.08 9.99 6.17 14.69 16.92 9.63 11.5 11.25 13.86 9.49 2.56 3.21 7.07 24.5 18.05 19.3 22.58 19.53 18.68 12.88 7.68 6.61 8.23 18.47 9.06 5.48 6.89 8.92 7.36 3.34 5.09 4.38 2.89 3.69 2.62 6.05 5.26 4.79 3.28
13.29 15.05 23.66 36.89 12.89 6.65 2.34 11.71 21.32 28.0 19.11 10.2 16.44 19.9 11.75 13.16 6.17 11.33 5.56 11.26 10.18 4.89 7.57 13.98 31.08 14.61 19.04 10.07 14.89 23.54 17.33 12.84 9.63 8.22 8.02 6.05 7.23 6.0 12.07 15.58 7.08 14.27 14.23 20.42 13.98 12.95 6.73 7.99 17.07 7.59 10.48 7.19 9.94 7.39 3.69 4.85 8.74 4.17 2.85 1.95 2.42 5.15 4.05 7.41
21.08 16.6 8.4 10.33 9.72 7.44 3.23 10.13 32.89 25.45 23.03 9.14 12.51 12.68 7.03 7.98 6.4 11.94 8.39 7.21 8.72 7.99 8.09 11.84 6.22 11.9 32.48 17.38 9.37 11.62 15.83 22.99 16.44 10.34 15.43 10.29 12.39 6.75 14.82 18.85 14.01 21.71 10.85 11.52 23.95 11.18 4.66 5.5 8.02 18.53 11.13 9.75 10.84 7.5 5.13 8.78 5.06 4.46 2.86 3.54 3.82 3.27 3.58 3.4
11.57 8.87 6.26 9.21 10.79 9.55 3.15 10.26 26.53 32.1 24.29 13.07 14.41 23.14 20.67 8.75 6.26 6.71 7.26 6.69 7.6 8.37 4.72 10.48 6.77 6.05 10.69 3.81 6.4 14.57 12.36 18.15 14.8 11.2 11.48 13.09 12.65 12.92 21.85 23.22 14.72 15.38 7.98 8.13 12.74 15.83 8.11 19.27 8.47 7.65 8.51 10.31 23.82 4.72 8.68 9.49 3.23 5.87 5.16 2.67 3.88 2.08 5.01 7.95
7.88 14.53 9.84 5.54 10.79 13.18 13.84 13.2 18.16 19.55 37.54 25.91 13.42 10.26 17.29 12.8 8.07 17.14 6.03 7.88 10.81 5.12 5.6 11.39 6.17 5.17 6.95 6.51 6.08 10.01 5.27 4.46 4.65 7.22 8.1 9.2 9.48 23.66 32.06 19.95 13.99 12.02 19.69 9.33 7.87 10.89 11.88 15.38 15.14 11.6 17.67 13.77 13.88 4.39 6.98 11.32 3.77 3.1 4.94 4.23 3.88 5.51 5.04 6.78
9.15 12.14 10.82 7.05 12.48 13.28 18.19 16.87 10.42 11.37 45.18 21.26 16.65 13.28 7.24 10.24 6.19 14.21 9.9 9.39 12.71 8.55 5.82 4.98 4.57 2.97 7.47 8.66 4.41 6.08 9.18 5.21 3.4 2.97 4.68 5.57 15.59 13.22 12.69 17.18 7.95 12.69 20.2 11.86 10.14 8.74 15.55 15.75 17.32 10.18 12.98 8.76 8.74 11.55 8.44 8.41 3.18 2.33 3.62 6.7 3.44 5.22 8.12 13.7
9.28 12.85 10.83 6.72 12.63 22.37 27.48 30.54 21.8 10.45 16.94 19.79 9.77 8.68 3.73 6.87 9.95 3.62 5.83 6.29 12.92 11.25 7.84 8.03 6.52 2.75 7.25 6.02 5.6 5.22 13.44 7.21 5.69 4.88 5.66 4.78 5.92 12.98 11.29 11.66 7.88 8.31 20.3 12.63 10.63 9.84 12.9 16.49 8.0 13.5 11.7 7.53 4.58 5.51 14.47 8.46 5.93 2.81 4.91 10.51 5.51 5.54 4.03 9.36
7.68 6.71 5.77 10.86 17.61 44.15 28.27 29.79 27.78 9.38 10.83 6.61 7.96 9.82 6.33 3.94 4.37 1.99 4.51 4.93 9.02 9.82 8.54 11.02 5.21 2.63 3.47 4.77 4.46 5.05 5.29 6.48 10.07 6.91 9.86 6.02 4.25 8.4 11.79 7.46 6.3 10.68 15.96 14.53 12.38 5.76 7.61 14.38 9.0 12.34 12.88 10.81 17.82 7.39 9.71 11.34 11.05 6.81 6.3 9.39 5.2 4.6 3.81 7.29
5.04 5.08 6.73 12.13 22.16 39.41 19.97 17.15 21.36 18.56 13.3 17.94 8.26 10.44 5.46 3.52 3.31 3.25 4.24 6.11 10.61 15.73 7.13 7.22 4.83 3.29 6.88 7.31 6.27 5.6 2.85 4.11 6.57 3.92 7.08 7.75 7.53 10.88 10.33 13.09 4.77 4.93 10.82 7.22 15.76 6.95 4.04 6.09 11.34 10.69 10.96 17.83 14.51 9.64 13.02 17.59 10.44 6.15 5.24 6.46 11.38 3.9 6.47 7.37
6.78 18.62 8.76 9.56 12.04 14.3 28.72 19.53 12.92 14.41 10.73 10.69 9.02 7.32 5.86 6.89 3.58 3.44 6.05 16.76 11.0 9.97 5.33 6.07 8.34 6.15 3.64 4.24 6.72 5.29 5.22 6.61 4.25 4.42 4.73 3.44 5.47 9.03 13.81 22.2 10.15 7.25 11.81 3.32 4.23 6.7 2.63 3.02 8.73 10.22 10.49 16.46 10.59 7.76 10.6 16.04 6.88 5.4 5.95 10.25 5.21 3.94 5.99 10.92
8.37 17.94 12.48 8.63 19.95 13.01 20.8 12.69 4.83 6.81 9.39 13.0 10.34 10.01 7.45 7.59 4.27 4.11 15.55 17.69 10.28 11.17 11.23 7.79 7.09 9.18 3.54 3.1 6.8 5.78 13.06 11.19 9.53 9.71 6.97 4.22 4.62 9.24 18.96 24.52 8.5 4.24 5.02 7.44 5.27 9.27 2.35 2.59 6.77 6.34 10.89 11.97 10.87 7.95 9.49 14.33 4.72 5.59 3.56 8.18 6.93 7.72 4.04 3.49
6.93 14.03 13.61 26.01 13.88 12.36 9.56 8.87 11.03 8.71 10.72 6.33 19.17 12.14 13.05 7.1 7.52 8.87 12.19 11.8 9.15 15.67 12.89 10.54 10.68 9.58 6.19 5.32 4.82 6.47 15.12 14.39 12.56 6.29 8.9 6.43 6.04 7.38 10.45 17.82 7.38 5.87 3.11 7.02 3.81 3.6 5.01 7.93 9.04 7.63 13.71 13.41 10.32 10.25 7.78 15.14 6.3 6.9 7.93 3.68 4.5 6.13 6.28 2.94
9.6 11.24 7.39 15.53 11.38 10.33 6.89 9.63 12.06 9.79 21.8 12.07 27.63 26.21 13.67 13.41 14.2 8.78 9.06 10.88 16.52 15.37 14.18 9.69 18.74 10.1 10.0 10.23 4.48 6.97 7.03 9.38 7.66 9.64 10.43 4.32 4.2 4.92 9.0 13.65 9.28 12.47 4.79 6.17 3.64 5.65 10.26 5.64 6.7 6.83 28.12 13.17 8.64 8.11 19.16 24.47 9.67 5.84 8.91 5.85 10.49 7.29 7.59 7.17
9.86 10.02 8.4 4.19 11.15 12.22 9.94 7.9 12.09 7.74 22.72 14.21 19.45 42.0 10.08 19.13 17.3 14.77 10.62 8.97 17.7 11.22 11.29 19.42 12.18 13.21 9.24 7.53 6.04 3.86 7.14 4.44 6.93 10.54 9.27 5.86 6.16 9.61 10.02 11.86 9.69 9.38 8.01 7.34 7.17 6.43 7.84 3.72 4.44 5.21 11.27 19.5 14.03 8.0 11.9 17.47 12.52 6.15 6.98 10.72 4.36 8.21 5.03 4.57
