8.08 13.38 10.95 7.57 4.47 9.62 5.45 5.18 3.43 10.74 13.45 6.22 2.56 9.89 8.21 8.25 10.11 10.95 7.97 8.37 11.18 4.84 9.37 8.73 6.61 3.87 3.85 4.75 9.56 7.83 11.36 8.67 15.52 15.3 22.91 19.03 23.93 20.97 16.52 16.69 13.41 20.68 12.35 8.76 7.84 8.67 10.81 7.63 20.38 4.09 7.04 8.16 11.79 11.17 4.21 4.66 6.3 6.09 5.87 3.56 6.83 5.22 3.75 1.97
10.0 13.23 10.1 5.03 4.87 7.5 4.86 5.49 4.92 4.92 5.41 6.48 3.13 12.47 12.5 10.36 14.07 10.21 5.44 5.6 8.51 10.52 7.2 13.02 4.49 5.23 1.87 3.82 7.91 10.19 12.9 7.93 10.85 12.48 11.66 14.78 14.18 20.24 18.24 24.24 8.48 37.82 24.69 10.21 7.97 8.74 12.45 7.1 8.71 20.99 5.7 6.67 17.51 19.25 4.3 2.46 4.63 5.57 3.31 2.84 5.4 4.0 6.01 4.02
13.84 19.99 12.35 7.44 14.49 8.46 4.42 3.96 4.88 5.04 5.12 5.62 3.39 4.05 11.39 10.92 14.47 12.32 5.09 4.7 12.4 13.28 7.7 8.56 4.95 3.2 2.47 3.59 9.37 10.68 9.42 7.89 6.55 3.87 7.64 17.3 22.57 17.75 19.65 24.25 10.96 24.58 29.05 21.84 13.25 16.91 10.11 11.05 8.5 19.71 5.36 12.16 18.58 18.1 3.77 1.9 2.97 4.99 1.85 1.97 5.06 6.41 6.68 9.77
16.78 14.74 21.48 11.02 10.89 9.58 3.9 5.94 5.71 7.15 3.93 6.11 8.63 4.8 9.49 10.34 18.86 14.86 8.69 6.96 7.89 6.21 6.78 11.16 8.19 3.71 7.82 6.16 6.43 6.61 11.39 11.13 5.16 2.88 8.68 10.39 8.34 10.84 9.38 10.81 14.81 15.18 13.71 20.38 24.94 13.97 5.89 9.33 8.48 8.94 6.47 15.32 19.52 4.28 2.69 2.4 8.21 5.94 4.19 3.31 3.74 7.17 4.82 12.08
10.96 9.62 17.87 18.61 15.86 9.16 5.43 5.0 5.99 3.91 3.91 7.11 11.21 5.09 10.7 7.76 12.26 12.09 8.16 7.37 7.36 6.36 12.51 5.29 7.09 3.62 7.34 3.93 3.62 4.89 6.26 8.23 5.99 3.49 3.19 5.9 12.31 5.82 4.64 14.98 10.32 6.61 9.25 9.88 12.56 7.38 5.69 6.38 12.13 9.99 6.73 8.52 9.62 7.44 3.47 4.21 10.64 8.87 4.17 5.62 4.09 3.44 5.33 6.01
12.63 24.7 14.82 17.83 9.32 6.11 4.61 7.52 10.16 7.72 6.04 9.26 7.42 6.66 21.73 34.05 15.86 16.43 7.22 14.22 13.2 4.96 7.38 12.39 12.64 9.77 8.9 4.74 1.45 2.45 4.94 8.39 6.92 2.21 3.78 9.15 8.39 2.53 4.76 5.7 4.6 5.99 13.52 12.18 9.27 6.03 5.25 6.22 12.83 14.45 7.7 4.87 10.43 7.4 7.44 7.64 7.43 13.1 8.75 9.15 9.29 4.43 6.48 4.22
14.82 13.53 12.88 8.36 10.14 14.29 6.75 5.74 10.27 10.64 9.31 6.98 6.52 15.06 19.41 25.06 10.76 39.71 14.76 11.27 19.03 13.97 16.13 20.69 23.47 18.95 5.52 4.0 1.57 2.99 7.13 13.07 8.04 4.61 5.76 7.18 9.2 9.06 6.98 8.36 7.01 14.53 9.29 12.49 6.65 5.14 5.56 9.46 12.13 15.44 8.79 5.52 7.45 15.81 14.01 12.98 7.7 12.21 29.19 11.29 12.02 4.56 7.75 9.22
8.71 11.22 16.09 11.7 12.97 21.69 8.91 6.01 11.91 11.51 9.03 7.64 7.96 18.43 24.55 22.82 15.74 26.67 23.04 11.1 18.7 12.02 12.53 20.32 14.92 7.79 11.35 7.74 3.58 3.09 5.01 12.85 12.32 9.42 9.93 8.59 10.27 11.06 6.63 6.69 8.96 8.34 7.33 18.14 8.04 7.84 10.1 10.32 13.26 12.88 7.27 7.53 27.18 30.4 15.89 10.08 12.53 11.58 10.56 11.86 17.22 17.96 9.91 17.98
8.84 10.56 8.82 7.03 7.75 8.79 10.5 7.46 10.34 5.09 5.96 4.22 7.56 16.82 16.62 13.08 13.29 16.16 26.72 11.51 11.25 19.8 21.8 14.45 13.14 9.87 9.8 7.92 4.97 9.25 4.78 10.12 13.51 17.19 5.99 11.03 14.99 16.56 8.94 6.38 6.72 6.97 7.2 7.82 11.93 8.79 9.14 8.34 18.38 16.48 6.04 8.88 15.51 31.96 29.14 18.36 27.56 8.15 9.14 10.08 15.82 22.47 10.57 21.76
7.88 17.35 10.35 12.8 15.46 15.65 12.88 3.31 8.7 4.63 5.79 4.76 15.39 10.16 8.12 9.11 12.72 14.92 13.28 7.06 24.71 19.01 17.55 11.89 12.28 13.33 8.35 8.04 7.91 7.9 6.28 14.06 12.5 8.15 7.71 10.18 20.68 9.84 9.65 5.13 3.89 4.05 4.79 10.39 11.56 12.74 14.16 6.38 17.46 14.87 8.33 9.9 9.41 26.66 20.92 25.55 16.77 13.4 13.97 14.86 6.7 12.51 12.26 17.12
8.36 12.96 11.12 22.48 14.21 8.23 9.54 8.39 9.02 5.41 8.32 6.81 7.91 12.33 7.16 8.12 6.69 14.71 14.48 11.38 17.0 17.18 11.7 12.29 12.6 22.19 14.89 11.28 6.26 4.06 8.05 11.46 12.89 8.16 6.68 10.94 19.22 6.52 10.61 8.25 4.99 2.12 4.85 9.35 19.25 7.27 12.24 4.53 10.03 10.87 7.29 12.09 17.19 17.49 16.72 13.22 23.26 16.12 12.8 7.29 7.43 8.57 10.89 9.13
9.73 5.53 8.45 15.79 15.39 14.51 18.79 10.76 8.49 6.29 6.47 10.04 9.33 17.17 9.22 5.94 8.15 12.56 12.43 15.54 5.24 7.63 7.04 9.73 11.72 16.69 12.86 14.52 6.92 7.66 6.9 10.52 13.39 8.21 5.62 7.8 8.71 10.04 10.76 8.64 3.69 3.28 3.8 5.95 7.93 8.65 6.26 7.94 6.03 9.06 8.37 7.12 15.92 14.44 10.64 10.24 26.29 15.52 8.77 7.93 10.71 8.19 8.8 14.71
13.88 6.44 6.72 6.27 10.69 11.04 9.93 10.85 6.24 10.52 10.4 11.42 12.87 8.21 9.25 8.72 6.11 12.55 23.77 17.36 4.53 5.69 4.35 4.44 12.06 10.76 13.52 23.03 6.18 8.8 6.74 6.42 9.06 5.63 4.91 7.65 5.75 12.08 14.01 13.33 12.13 5.65 4.33 5.1 8.68 10.14 5.1 6.21 4.59 9.97 10.66 4.9 7.74 16.8 9.04 7.69 19.39 16.34 7.14 7.87 7.35 9.61 5.53 12.75
9.08 8.88 9.98 3.6 8.95 15.7 11.44 7.59 4.01 5.41 10.45 8.75 17.12 10.78 17.98 5.78 3.99 11.42 15.02 8.51 4.62 2.97 3.91 2.86 4.8 9.75 7.99 8.32 3.88 6.25 10.25 6.64 6.0 8.08 4.55 5.45 4.02 8.55 14.78 12.94 11.97 10.39 7.71 6.99 9.24 5.79 10.73 8.99 17.24 14.74 12.63 7.89 5.97 5.51 8.41 8.34 5.57 4.85 7.34 10.62 9.12 5.73 5.86 7.92
6.63 7.84 7.09 6.77 7.1 10.24 7.66 3.96 4.59 8.47 15.44 14.4 25.15 14.37 8.35 4.52 3.38 5.13 6.56 4.93 3.24 1.89 4.34 4.27 4.09 6.36 6.16 5.86 9.63 5.32 7.74 7.86 9.11 8.14 5.33 8.72 9.65 4.06 5.53 10.14 11.02 7.52 11.38 7.56 7.52 9.88 16.85 23.6 14.58 9.93 8.5 6.86 6.6 5.54 5.83 3.87 4.78 6.67 2.82 3.97 5.9 4.65 7.48 6.13
5.13 4.2 7.25 9.98 6.65 12.53 7.9 7.74 10.21 8.66 16.31 17.71 15.27 9.64 6.02 4.15 2.11 4.09 3.21 4.73 2.07 2.81 2.86 4.73 4.88 2.85 6.65 7.53 5.7 3.21 6.7 5.96 8.05 7.9 13.17 9.5 8.34 5.14 5.44 10.56 8.21 8.43 9.55 7.8 9.66 25.4 13.75 15.83 14.07 17.9 18.65 5.78 5.94 5.33 2.71 3.97 8.61 7.98 4.36 3.03 5.03 6.35 7.85 7.15
6.65 8.51 6.9 9.62 6.74 13.7 6.53 6.85 6.1 12.36 13.6 20.02 12.24 10.44 7.12 5.57 4.83 7.95 2.81 3.24 9.7 6.49 3.6 3.42 9.53 5.53 6.64 8.79 4.59 3.81 5.26 4.49 3.63 5.86 11.1 14.72 13.41 6.02 9.8 12.48 7.17 10.78 14.23 16.51 10.04 13.54 10.05 11.38 15.11 12.2 15.11 7.94 6.38 6.37 5.03 4.72 6.27 8.96 10.99 6.47 5.29 8.62 5.31 4.03
4.49 9.23 11.5 9.59 6.22 12.72 5.32 9.36 6.93 16.11 9.45 13.24 9.55 6.09 7.33 9.12 7.49 5.11 5.41 6.96 7.29 5.53 6.07 5.87 5.56 10.05 12.01 10.49 4.1 4.37 3.33 3.34 2.69 5.17 4.68 11.9 20.69 12.73 10.08 10.84 10.37 15.93 19.94 23.32 23.1 11.6 21.03 10.99 18.43 10.62 8.95 13.27 9.51 7.86 6.8 2.79 7.07 13.36 6.77 8.24 7.01 8.68 6.43 5.37
4.37 7.11 9.33 6.81 13.23 9.1 10.1 7.45 14.68 7.75 7.44 12.8 13.44 10.97 13.93 8.64 12.89 7.01 9.95 4.51 4.21 5.76 5.74 5.01 6.13 10.56 13.37 10.56 4.12 3.07 1.79 3.03 4.63 3.67 2.73 4.49 13.48 6.95 4.02 9.46 8.87 11.27 29.78 29.16 16.33 11.57 11.55 14.44 13.23 6.17 3.89 14.29 14.64 10.09 5.75 11.03 12.36 15.41 9.28 11.5 7.63 5.13 4.37 3.08
8.02 8.56 4.62 8.78 10.15 7.84 8.33 9.44 14.17 8.25 8.2 14.47 13.15 5.83 7.37 10.22 9.44 7.41 3.81 7.28 5.3 2.91 2.28 4.27 6.48 3.39 19.15 19.82 12.37 4.33 2.93 2.55 4.2 2.52 5.24 4.06 6.03 3.77 2.49 6.95 9.2 10.31 16.48 8.77 11.66 25.91 12.3 8.48 12.03 7.08 3.8 7.94 12.61 13.5 7.16 12.29 15.16 13.53 7.54 4.34 4.55 5.66 3.79 3.44
26.75 8.77 7.6 8.35 9.49 15.88 8.14 6.49 5.0 12.53 13.13 22.74 12.98 8.42 9.09 14.54 12.88 10.87 4.35 4.49 3.51 4.85 5.68 4.6 6.68 6.14 15.51 16.06 14.81 10.32 4.46 3.16 2.73 3.76 4.15 2.56 2.79 2.16 2.95 8.19 12.65 8.58 6.72 16.23 9.59 11.98 8.77 6.71 4.43 6.77 5.89 5.71 5.67 5.36 12.3 11.31 14.92 16.06 9.45 6.73 11.36 8.38 3.46 7.3
9.77 6.47 8.15 8.0 8.22 21.59 6.23 4.03 5.27 9.59 20.2 16.23 12.37 9.98 11.45 13.91 10.83 13.42 8.3 4.42 4.74 8.05 12.1 5.49 7.8 12.88 22.95 16.67 8.28 8.33 11.37 5.89 3.36 4.05 5.59 2.03 3.25 3.38 7.46 12.63 11.53 8.72 8.47 10.83 5.21 4.91 4.75 4.24 4.64 4.78 3.32 6.71 9.29 9.96 7.46 10.98 9.21 13.41 10.57 9.35 4.33 7.78 7.51 8.55
5.92 6.53 12.04 9.2 8.38 6.65 7.56 7.68 3.97 3.6 10.82 13.45 8.49 14.28 20.62 24.85 9.25 12.0 13.03 6.56 4.86 5.44 5.88 6.61 8.78 18.96 15.47 18.42 6.91 8.28 6.86 4.29 4.96 7.17 7.63 3.45 3.6 3.99 10.78 11.28 14.54 11.2 10.9 12.2 4.82 3.82 3.4 2.3 3.67 2.16 1.62 9.56 14.46 10.57 6.05 7.0 5.4 7.16 12.44 4.87 10.15 11.04 9.56 8.48
7.2 7.06 6.22 4.61 5.84 6.67 5.55 3.55 7.35 6.02 8.9 9.73 8.57 9.47 13.85 20.03 8.84 9.4 12.4 4.98 6.8 7.45 9.72 6.05 7.88 24.16 21.05 14.22 12.91 9.49 6.24 3.44 4.7 9.01 7.57 6.28 4.86 8.33 12.26 22.85 22.33 13.21 10.13 20.05 7.24 2.88 3.44 2.24 2.26 2.97 3.19 7.17 10.68 13.91 8.16 9.28 6.16 8.28 12.09 4.21 5.65 10.09 7.79 7.49
8.5 7.82 9.48 8.38 3.88 6.9 3.23 4.09 5.03 6.39 8.25 6.25 10.54 10.98 11.23 10.34 8.15 7.54 6.16 5.78 6.8 8.54 10.58 8.57 8.78 12.12 21.27 7.29 8.19 8.12 6.43 6.19 4.31 5.97 6.73 4.49 4.89 9.55 9.55 21.16 32.37 11.97 18.77 17.98 6.74 6.72 8.25 2.09 3.59 8.37 6.14 5.36 13.79 10.63 7.39 5.69 12.62 15.25 15.29 8.07 5.76 9.01 7.27 7.01
7.19 10.49 7.04 4.08 3.29 4.94 9.52 5.66 7.6 8.89 11.96 5.27 9.95 20.27 9.79 4.63 7.83 11.84 5.69 5.33 3.94 5.4 13.96 9.82 11.23 12.91 18.46 11.09 2.85 4.14 8.95 6.08 4.69 7.55 7.49 8.25 5.84 10.33 8.6 13.89 24.7 36.62 24.07 19.36 9.95 7.28 4.91 5.18 5.53 9.26 5.7 11.18 23.82 11.35 4.12 6.64 16.24 12.47 15.33 8.68 6.61 7.98 3.93 3.04
8.36 12.12 6.7 5.92 7.82 6.62 5.91 8.66 13.12 15.42 7.39 7.16 13.14 15.08 17.41 9.42 9.92 10.52 7.37 11.01 7.84 5.51 7.38 6.99 13.7 12.97 6.75 8.41 4.51 3.24 12.37 11.01 5.6 5.11 8.43 11.49 13.87 9.45 10.36 10.67 23.39 25.0 15.93 13.81 8.14 13.3 15.85 13.98 9.26 21.28 12.68 8.81 8.3 12.79 11.91 8.73 14.49 17.55 16.68 7.25 5.29 12.81 6.13 7.66
7.05 11.83 9.25 4.12 5.69 7.76 8.83 11.12 18.78 11.53 7.79 7.9 10.66 16.6 12.16 12.8 11.24 8.87 15.62 22.87 18.64 14.02 5.45 10.27 18.85 16.06 9.37 6.4 4.94 10.6 13.21 12.88 5.94 9.09 8.9 16.44 12.28 12.07 14.28 18.51 29.06 13.4 15.76 19.56 23.84 10.6 11.94 11.12 11.86 17.97 12.62 6.35 13.06 6.34 15.49 17.02 10.33 11.19 20.83 15.39 9.38 12.37 12.12 12.44
7.3 8.75 5.55 5.23 6.45 14.05 9.4 5.74 9.24 6.17 10.51 4.28 6.34 7.62 13.62 13.88 14.59 10.36 18.04 34.42 26.13 14.17 17.05 7.27 8.37 5.44 7.04 7.47 6.16 11.27 8.25 19.28 11.53 9.01 14.37 14.84 10.33 11.61 14.11 23.61 11.37 9.77 20.91 17.65 14.47 11.59 11.91 15.41 18.96 13.27 17.89 11.62 18.28 12.29 15.48 15.5 7.09 9.92 16.41 16.29 10.16 14.56 22.73 14.18
3.29 5.7 6.29 5.21 7.2 5.87 6.61 6.35 8.5 12.84 6.37 6.44 12.37 5.6 13.56 13.08 5.62 10.88 25.58 50.95 28.62 20.36 21.78 7.69 5.47 5.55 10.78 11.97 6.42 13.12 13.94 8.22 7.55 9.23 9.98 10.11 7.27 15.93 16.11 5.8 7.43 13.42 21.42 18.55 18.44 15.82 10.94 6.14 10.51 8.01 8.53 6.06 22.09 33.95 15.17 11.48 17.23 9.1 9.83 16.59 22.73 31.48 43.93 15.39
4.58 5.44 9.08 4.28 4.55 12.03 9.36 6.87 7.44 10.66 6.92 5.24 8.54 7.81 9.24 4.68 6.72 16.64 22.58 34.12 23.01 13.9 10.2 9.25 4.25 6.7 5.52 6.74 3.85 8.91 16.81 6.86 3.63 9.03 12.75 16.05 14.42 15.27 11.93 14.07 10.86 21.13 23.02 29.58 17.02 9.87 7.73 6.94 8.14 9.24 10.0 9.18 18.31 46.33 22.84 16.45 19.74 14.98 24.08 22.03 19.28 30.36 20.25 9.91
5.52 7.04 11.73 5.82 7.03 13.62 7.61 5.16 11.46 13.16 7.76 8.9 11.15 16.21 8.15 7.01 9.89 7.69 7.46 11.84 14.77 10.37 5.73 7.75 7.26 6.46 7.96 2.88 5.18 14.61 8.46 6.3 3.51 8.59 12.12 6.67 12.16 12.59 7.88 12.3 19.44 21.57 17.12 17.36 26.34 15.38 4.28 4.22 4.49 7.56 10.1 13.57 16.0 19.58 17.9 25.91 22.96 22.23 24.89 24.26 22.42 25.96 18.02 12.05
6.11 7.84 7.77 5.11 8.18 10.97 8.67 7.37 15.34 10.21 14.37 11.35 7.07 13.03 9.4 5.74 8.44 9.25 9.48 3.78 4.12 5.69 4.73 4.25 10.54 6.99 5.61 5.11 3.22 4.67 5.53 7.38 9.93 6.11 10.28 7.87 21.29 12.81 5.61 11.92 14.22 12.63 8.13 14.1 30.15 10.69 3.27 2.12 3.91 5.19 9.15 11.45 19.14 23.97 21.84 19.9 19.17 19.07 18.27 16.62 26.34 24.38 17.36 11.08
5.84 5.24 3.48 6.74 8.31 18.7 12.65 8.8 9.1 12.08 14.49 13.6 14.18 11.66 19.4 12.02 5.34 6.09 3.72 3.82 4.18 3.87 3.54 5.16 6.73 3.2 3.54 2.65 1.72 4.03 6.38 10.25 12.19 6.42 4.3 4.01 6.2 5.08 5.93 7.35 14.88 10.21 5.48 5.04 11.52 11.67 9.33 3.13 6.15 3.09 4.59 8.21 9.03 21.06 18.59 12.5 15.51 19.92 21.79 10.87 8.75 20.65 17.02 6.34
5.9 3.82 4.49 4.93 4.69 10.81 15.38 9.25 9.76 12.19 7.58 4.71 7.38 15.36 10.5 9.82 5.17 3.98 7.21 10.39 6.14 5.54 3.23 6.91 2.96 4.69 3.09 2.13 2.27 5.06 5.44 5.35 9.17 5.26 3.99 4.25 3.91 3.98 4.29 5.67 6.67 9.84 5.82 4.03 8.81 16.14 10.87 2.84 4.8 5.47 3.01 6.23 7.96 17.07 16.59 7.95 8.39 4.75 6.87 8.71 10.98 13.5 18.67 10.24
7.58 5.83 9.52 4.64 6.83 15.64 12.44 8.1 10.01 10.94 6.13 8.32 7.5 16.61 12.31 6.47 4.31 5.3 6.35 8.03 7.52 6.05 6.64 9.84 5.17 3.35 3.74 2.39 4.21 4.47 10.35 8.52 7.44 3.54 3.04 1.79 3.46 2.13 1.55 2.75 2.54 6.94 5.36 4.17 6.09 10.91 7.61 8.17 5.59 6.63 3.67 5.95 6.33 7.38 3.83 7.74 7.79 3.91 6.43 7.14 11.68 7.99 11.65 14.49
3.09 5.46 9.38 8.82 12.38 15.0 8.21 16.41 11.0 16.25 9.15 13.34 9.16 10.83 6.08 4.85 4.07 5.68 5.1 10.15 13.09 9.55 8.82 16.3 10.22 4.5 7.1 5.78 4.91 4.38 10.18 7.99 5.87 4.52 2.58 2.47 2.22 2.75 1.93 1.72 2.27 3.59 4.3 4.44 6.16 15.55 9.08 6.16 3.5 4.47 6.9 6.86 8.89 6.52 4.4 4.35 8.91 7.76 3.33 2.35 6.09 15.08 5.18 8.9
5.75 6.15 9.11 10.89 5.52 12.35 9.39 8.24 14.46 17.22 14.42 5.6 8.02 5.67 6.29 9.05 7.73 5.1 5.48 12.13 15.72 3.93 9.06 10.08 20.09 9.15 7.92 11.19 4.23 4.23 4.24 11.02 11.75 5.68 3.17 5.22 2.52 1.64 1.93 1.39 2.52 4.63 4.71 8.75 6.78 6.24 7.06 4.07 4.22 6.19 9.38 9.03 5.65 6.31 4.26 4.98 4.48 10.5 5.54 4.8 6.57 12.57 4.0 6.05
4.46 7.5 5.31 11.41 5.29 5.42 7.73 8.97 13.92 18.01 13.75 4.75 5.55 4.77 7.71 7.51 5.82 7.64 6.1 7.61 7.99 5.47 7.3 10.31 19.94 20.53 15.22 8.43 6.92 5.53 10.7 9.36 7.02 3.42 7.85 5.21 3.26 1.67 4.48 2.94 4.94 7.25 13.35 6.74 5.67 6.84 9.97 3.02 5.93 7.3 6.35 4.16 5.93 5.74 4.41 3.56 2.58 7.95 6.86 4.41 3.18 5.87 8.23 10.48
8.79 19.95 11.3 4.53 6.35 5.7 6.59 7.96 7.57 10.36 8.14 4.99 3.44 5.23 4.98 8.37 6.36 11.13 9.49 7.1 3.94 4.44 5.05 12.9 10.09 15.12 21.57 15.51 5.73 4.96 8.2 5.27 7.92 8.75 7.17 2.82 3.78 3.87 3.52 5.45 6.01 11.07 9.18 6.4 9.52 8.13 5.52 4.5 9.08 6.23 4.49 8.99 9.34 5.77 4.22 4.63 5.44 6.15 10.91 6.08 8.57 4.22 11.08 8.86
11.24 11.94 8.1 3.31 3.42 9.23 7.25 4.94 4.96 8.87 6.38 3.99 3.64 7.02 10.31 11.28 8.07 7.51 4.38 3.37 4.1 5.95 7.37 13.87 13.52 10.94 23.99 27.76 10.42 5.6 9.05 16.91 13.86 14.78 8.25 3.05 3.13 3.53 3.16 5.88 10.44 17.03 7.71 3.82 3.56 8.72 4.74 6.83 7.53 10.42 6.22 6.54 9.6 14.99 5.35 6.36 10.89 12.68 6.23 5.73 6.12 7.8 5.51 4.97
11.39 23.53 10.64 5.02 7.8 13.52 5.41 3.73 9.85 10.64 5.41 4.85 5.7 8.7 9.59 8.72 7.37 5.86 4.81 3.89 8.28 9.18 11.49 11.32 11.33 14.66 13.75 39.81 9.67 11.47 6.26 6.67 10.76 12.33 11.27 6.43 5.41 4.47 2.25 6.41 15.08 13.53 9.19 5.19 10.03 17.11 12.06 5.47 5.68 9.52 7.35 11.77 9.69 10.69 10.4 21.17 15.72 10.2 7.42 9.38 8.79 12.53 14.56 13.98
7.02 12.61 12.51 6.71 7.91 7.6 9.02 6.32 9.24 7.28 11.05 4.7 10.3 8.81 16.0 9.11 13.23 7.4 3.94 6.27 8.42 9.89 19.92 14.04 21.22 9.79 13.78 18.95 9.21 7.65 9.86 8.99 13.78 12.93 9.49 11.4 6.49 2.58 2.36 6.66 11.56 11.54 10.79 7.25 8.71 9.44 6.34 5.04 5.74 6.72 7.74 12.23 9.94 5.71 5.55 21.63 13.31 11.31 7.15 5.03 8.61 11.52 6.76 11.73
6.45 6.35 14.88 13.13 11.66 6.35 9.63 12.43 7.45 9.67 6.82 4.2 8.58 10.4 8.03 9.29 7.9 6.33 9.84 6.95 6.23 9.43 9.03 14.23 16.37 6.24 12.62 15.34 16.8 7.73 15.75 11.66 9.54 8.55 10.9 11.57 11.63 4.48 3.49 4.08 7.48 7.79 11.54 4.91 9.82 17.5 8.37 5.53 6.08 5.13 5.28 7.62 7.86 2.77 4.58 6.48 8.6 3.0 3.49 5.33 7.45 9.76 15.65 19.23
6.94 6.34 14.23 9.81 5.63 7.63 8.58 6.52 5.63 7.23 8.6 8.31 7.99 7.51 4.84 9.57 9.41 11.78 15.19 9.0 5.94 7.75 5.44 15.74 16.54 7.17 10.95 17.66 16.3 16.3 13.15 14.2 8.35 9.31 10.07 6.67 10.15 5.36 2.7 7.04 4.79 7.98 8.65 10.22 7.79 10.64 7.74 4.25 7.69 9.67 5.07 4.62 7.3 2.92 3.19 5.12 4.68 4.25 6.92 4.35 7.38 7.34 22.06 11.07
6.08 5.33 5.31 11.8 13.13 13.72 10.56 7.24 6.03 5.69 3.51 7.07 3.65 5.72 8.75 5.56 4.49 6.11 11.43 8.62 5.76 5.65 11.5 17.77 18.8 10.71 13.43 23.61 17.46 23.63 24.28 21.24 9.88 10.29 7.48 4.5 8.43 7.45 3.51 8.16 8.47 9.07 12.24 9.62 6.28 16.04 13.07 13.45 10.91 8.92 8.7 6.83 3.86 4.0 6.08 4.17 5.11 5.16 7.79 3.22 3.75 7.4 16.06 15.42
14.27 8.32 11.71 8.61 8.8 10.92 11.19 10.99 12.12 7.49 4.31 5.05 7.49 8.78 7.25 2.38 2.48 8.91 15.82 4.89 2.54 4.35 9.31 13.89 23.99 14.86 12.94 38.5 25.04 29.9 26.89 23.69 7.03 8.32 7.48 8.04 7.4 7.92 4.0 3.99 7.65 18.57 10.42 7.68 5.46 13.73 22.25 9.23 11.12 6.2 5.19 7.69 6.17 7.41 7.24 5.4 10.98 8.44 6.65 3.0 4.83 6.11 5.37 12.46
10.93 3.47 7.59 6.25 7.38 14.85 10.91 12.29 20.46 11.57 8.72 4.87 16.02 7.32 5.98 3.29 4.39 4.31 10.13 3.12 1.73 2.83 6.7 18.18 21.19 13.22 20.12 27.32 35.53 27.81 30.06 35.4 7.33 11.42 6.52 12.59 16.19 4.41 4.16 6.09 8.86 19.59 8.57 3.44 4.7 13.15 23.69 13.18 8.71 13.86 6.74 7.11 9.56 10.83 7.36 8.68 14.11 23.25 10.0 3.75 2.55 9.89 5.84 8.53
7.92 6.76 8.8 8.65 7.68 10.4 4.8 5.03 9.11 10.89 10.69 6.59 13.4 13.51 7.28 3.22 3.22 3.31 4.97 4.6 4.7 3.96 3.42 5.43 15.03 15.28 18.48 13.55 54.51 59.6 25.2 17.92 8.87 6.42 12.28 9.96 10.5 7.32 4.47 7.92 9.78 9.74 8.48 4.33 6.12 13.2 32.15 7.23 7.8 8.48 4.58 4.81 9.03 6.82 11.85 23.68 26.95 17.13 12.45 8.33 13.45 12.1 10.41 10.28
8.04 5.89 4.87 8.09 5.96 8.6 5.48 8.63 7.82 7.06 5.65 6.64 6.88 11.97 13.36 9.57 7.76 7.38 3.49 4.18 3.59 3.2 3.72 3.28 17.23 10.23 12.05 35.08 31.24 34.83 36.73 17.39 9.93 9.61 20.54 13.94 12.49 9.05 4.37 4.88 15.58 9.29 6.33 10.97 5.3 8.98 7.45 5.9 7.05 4.44 7.76 4.4 7.86 7.2 14.34 15.74 14.98 7.35 17.94 11.7 11.25 8.78 23.29 10.03
4.74 7.73 12.22 9.66 3.7 6.08 7.13 6.14 5.67 7.67 7.7 9.84 10.88 16.2 14.25 16.12 5.95 9.85 3.22 3.8 5.22 2.02 2.48 5.6 6.08 11.17 9.4 55.61 48.17 54.41 62.36 29.24 9.08 7.74 15.38 14.28 13.35 12.52 6.54 5.65 4.89 4.51 5.75 11.5 7.03 7.85 9.84 5.9 6.19 5.16 4.83 4.94 8.62 11.0 8.47 16.07 25.89 15.96 12.54 11.75 15.74 15.15 14.21 17.02
14.23 9.67 7.57 3.85 3.79 4.52 6.48 6.72 7.32 4.78 7.49 7.85 18.91 9.29 6.57 8.7 4.4 4.58 6.89 6.1 3.62 2.23 3.0 8.9 7.06 14.33 12.49 29.71 58.9 55.28 29.54 49.72 23.52 13.6 11.08 32.22 33.53 10.19 11.02 10.84 4.62 7.43 6.99 9.79 9.2 4.25 4.05 3.29 3.28 11.02 5.51 7.21 17.45 23.76 8.26 13.09 10.51 24.85 30.59 13.84 16.95 14.8 9.53 8.83
7.57 3.12 3.98 3.02 2.91 7.14 6.06 3.94 4.37 5.14 5.52 4.9 7.21 11.28 10.61 4.57 7.5 6.13 2.83 3.01 3.83 4.7 6.12 11.44 13.96 9.72 14.12 21.71 60.44 26.66 35.18 48.52 25.25 12.89 14.76 20.06 14.25 8.69 6.83 5.12 9.39 9.65 8.69 4.83 9.26 7.51 4.72 3.21 4.97 11.26 9.46 9.19 21.74 19.39 6.89 10.31 11.44 16.21 17.21 15.06 9.93 18.81 13.09 9.9
2.95 3.2 3.16 3.28 4.05 4.57 4.39 5.63 6.57 7.6 5.63 2.78 4.59 5.68 6.78 3.97 6.43 10.54 4.36 2.2 3.0 8.15 11.71 12.73 10.2 13.77 35.26 43.17 17.9 14.26 25.01 18.47 11.05 5.43 10.46 12.98 7.67 8.82 8.64 6.13 8.31 7.64 7.11 11.38 10.97 6.27 4.5 2.19 4.03 3.9 9.39 11.04 13.13 9.55 5.77 11.58 14.28 8.33 6.7 8.29 9.7 12.5 14.24 7.79
3.07 2.56 2.32 2.65 4.29 6.02 7.64 6.61 8.5 5.77 4.82 4.81 5.41 3.98 6.08 12.18 8.56 9.17 5.35 3.02 2.0 1.92 5.79 8.58 6.7 9.98 18.13 17.63 17.51 9.35 12.42 17.17 16.27 4.89 7.01 6.71 7.65 6.83 8.45 5.64 5.69 7.13 8.74 7.49 7.05 6.48 9.73 6.76 4.06 8.81 8.76 8.91 10.61 12.55 7.19 11.84 9.88 9.81 6.77 7.8 7.77 8.21 8.93 6.01
6.33 2.7 3.09 3.45 4.65 4.78 4.74 10.77 5.42 9.73 5.22 13.64 7.73 7.86 9.83 12.16 3.99 7.92 4.29 5.37 2.7 3.94 2.81 6.65 4.79 5.88 10.47 12.72 17.21 22.77 14.37 12.51 7.86 4.32 7.09 2.47 4.2 6.76 10.3 9.23 7.56 5.79 6.57 6.29 8.35 8.19 9.57 8.08 6.49 8.12 5.56 4.93 8.74 11.77 14.67 13.42 10.27 7.61 8.85 5.95 7.05 10.96 15.01 6.62
11.85 7.36 8.04 2.41 5.34 5.05 6.61 17.31 10.51 8.42 10.0 15.14 9.59 9.21 20.12 13.76 7.6 7.0 4.03 5.05 2.18 3.38 3.15 5.13 9.69 5.34 6.93 7.43 11.06 17.43 11.53 11.12 7.88 11.16 3.41 2.66 3.63 7.03 5.32 5.38 3.87 6.32 11.2 9.01 9.59 11.66 5.93 8.84 13.15 19.14 11.14 7.61 12.99 17.78 13.38 12.95 8.16 6.73 5.32 7.49 10.84 12.75 14.13 8.49
5.19 6.63 10.87 5.27 3.47 4.95 8.96 16.61 20.48 16.58 15.85 15.25 17.08 7.37 17.77 11.43 6.01 3.42 5.41 3.18 1.99 3.77 7.47 6.82 7.69 6.03 8.37 7.36 7.56 11.54 14.04 6.02 5.63 3.78 2.17 2.09 3.93 4.43 4.21 5.58 4.39 4.95 8.25 6.38 15.18 11.72 7.37 8.72 14.39 13.99 9.64 14.11 21.39 22.74 8.76 10.41 16.9 12.25 4.67 6.35 9.03 11.61 7.62 10.06
3.72 5.61 6.98 4.04 2.84 4.99 5.95 11.28 30.83 21.88 20.15 11.26 8.98 7.2 9.81 8.76 9.09 9.09 7.05 3.51 2.42 3.13 3.51 9.43 11.24 4.65 7.94 11.15 4.86 5.7 9.51 7.83 4.39 2.92 3.14 5.65 5.33 4.32 6.17 6.45 6.69 2.95 3.73 9.01 14.76 8.73 6.15 7.86 18.45 22.43 14.32 28.38 35.13 19.15 12.8 13.48 10.6 8.88 8.54 9.24 7.33 6.56 12.15 9.74
4.12 2.85 2.93 5.94 3.77 4.29 3.95 21.07 21.38 18.7 24.79 22.2 10.84 6.63 10.26 10.66 8.22 10.97 6.05 3.85 5.29 3.44 4.08 9.33 19.01 8.88 9.68 4.96 5.71 9.04 16.42 9.3 3.66 3.37 2.44 3.69 7.33 3.72 9.51 13.15 11.33 5.07 4.84 12.54 7.59 7.3 6.66 10.29 17.72 18.03 15.43 16.19 15.79 11.49 16.49 9.45 11.58 15.41 16.39 13.15 4.6 8.85 7.27 10.81
3.4 4.41 4.55 5.69 6.85 9.6 7.46 13.66 13.46 23.75 12.87 14.95 15.3 13.21 8.32 13.55 6.94 11.8 11.17 6.53 8.41 7.75 8.68 11.63 17.13 10.28 13.06 8.23 7.07 7.13 9.41 21.39 5.23 5.84 3.04 5.27 9.44 4.19 16.52 19.07 12.73 8.3 8.22 11.18 8.74 10.9 8.17 6.38 13.57 17.85 19.78 20.71 15.12 11.15 12.76 9.6 15.86 6.84 8.68 10.25 6.19 6.29 5.84 8.44
3.54 3.49 4.59 6.57 3.61 6.07 8.8 8.6 22.05 13.72 15.86 19.81 13.3 11.62 23.7 21.72 11.65 6.35 10.28 6.25 6.61 14.01 10.64 5.89 13.74 17.82 17.82 21.54 9.89 12.02 9.69 24.46 15.41 10.05 3.84 4.01 7.58 7.34 18.81 19.05 6.28 8.37 15.35 17.23 8.42 20.56 14.35 7.91 10.73 22.12 20.1 15.4 16.21 17.35 18.51 16.63 10.45 11.75 7.94 6.63 3.87 12.26 10.4 8.57
2.94 5.44 8.64 8.91 5.7 8.48 13.24 6.93 15.28 21.16 20.79 16.43 10.53 17.15 36.98 11.41 6.27 3.96 5.76 9.68 11.44 9.09 7.28 9.34 18.55 13.48 13.82 27.74 16.71 13.87 11.41 18.11 19.09 9.8 5.99 5.49 8.34 12.76 20.24 22.65 10.56 7.89 14.05 14.63 11.11 17.14 25.11 14.33 17.5 15.49 23.73 19.47 21.79 20.37 15.76 20.14 11.61 12.28 9.29 4.4 5.43 5.13 9.3 9.18
9.31 10.87 12.74 5.33 7.28 6.45 7.29 5.64 8.61 14.55 18.35 10.6 14.48 12.3 18.3 15.32 5.48 4.57 7.65 9.09 10.35 4.92 5.54 6.53 8.95 10.71 12.03 20.77 18.03 12.43 12.07 7.71 11.83 18.08 11.46 6.31 9.65 10.25 7.48 8.29 7.64 11.67 8.44 13.84 9.76 14.22 18.78 13.07 7.11 8.72 15.22 23.17 19.03 16.46 23.51 15.18 13.07 16.71 11.0 6.63 11.19 5.3 8.95 7.3
