4.76 8.67 7.68 12.71 11.57 8.0 7.03 7.24 5.62 4.15 9.3 9.76 12.61 12.85 12.31 9.71 7.4 12.27 8.35 5.34 4.56 5.13 14.46 12.3 28.02 8.89 6.49 5.02 8.35 4.91 7.03 13.35 11.78 7.67 4.32 6.01 8.39 6.31 7.08 10.13 21.41 19.04 8.11 9.37 3.67 5.05 5.12 6.41 11.1 6.43 5.65 5.83 11.83 8.04 4.62 7.61 11.28 11.02 6.97 7.1 5.89 5.86 12.96 7.71
8.2 13.74 4.41 7.48 13.1 13.78 4.75 6.55 7.61 5.3 5.26 5.37 11.85 13.71 10.51 3.14 5.26 9.06 7.12 9.96 7.57 4.26 14.56 22.09 19.51 15.42 10.96 14.88 7.5 7.06 4.6 10.76 9.98 10.02 5.16 13.55 7.86 8.12 8.04 11.29 18.01 9.74 10.06 6.08 3.11 4.48 3.2 4.3 10.85 9.51 6.25 7.18 10.52 7.69 6.29 6.35 8.84 10.13 8.78 7.98 4.66 6.16 5.9 5.83
8.85 7.41 6.19 5.81 7.07 10.3 10.44 8.16 7.61 5.27 9.9 6.0 10.08 12.87 21.41 6.13 6.07 7.24 11.29 5.69 2.62 5.51 13.3 14.13 12.57 11.5 12.74 6.88 9.47 7.98 7.78 6.29 16.62 13.33 8.35 12.94 12.35 9.61 5.89 9.1 13.2 5.3 6.37 5.72 2.89 3.78 5.3 14.55 6.87 9.49 15.37 7.98 3.8 4.5 4.24 8.05 11.15 6.85 8.95 9.1 7.11 5.34 4.45 5.54
3.86 3.12 9.53 8.05 4.21 9.97 5.94 5.09 7.72 5.27 10.53 5.43 8.94 11.54 8.84 14.17 9.11 10.28 8.3 5.74 4.5 6.38 11.68 15.43 7.97 9.04 16.1 10.22 4.24 5.03 8.73 23.47 10.27 17.32 14.25 12.11 11.52 9.97 20.59 12.56 10.58 2.98 2.25 2.98 4.83 3.62 5.19 13.19 10.08 11.43 10.0 11.64 4.56 4.27 5.62 9.69 13.18 8.0 5.18 9.95 9.32 3.79 4.18 6.09
4.24 3.69 5.3 4.75 7.61 5.57 6.69 4.54 3.21 3.71 6.53 6.19 10.44 9.67 9.08 9.78 7.26 20.36 15.96 5.81 5.9 9.25 11.89 7.87 7.96 7.69 11.48 9.29 8.49 3.67 5.27 5.18 19.08 18.93 22.83 17.74 8.52 5.37 8.6 14.6 8.97 3.33 4.34 3.72 3.12 5.15 6.97 8.51 12.32 9.26 7.28 6.67 7.07 11.41 7.69 11.37 10.46 7.12 7.36 4.51 6.52 7.26 8.4 5.67
3.34 5.04 2.94 7.88 10.31 5.21 3.94 9.29 5.98 3.24 6.1 6.11 14.35 14.59 5.29 7.67 8.64 8.62 5.31 6.12 8.8 10.58 6.4 8.01 7.98 8.32 7.86 4.19 6.08 6.78 10.12 8.01 7.59 17.54 13.94 10.86 4.59 6.3 10.42 9.17 6.57 3.98 6.34 4.2 5.26 5.53 6.3 9.29 18.55 19.88 8.04 11.51 9.69 16.87 6.73 14.1 8.31 5.38 8.92 10.25 6.35 4.39 8.28 6.69
5.63 4.35 4.05 2.48 4.9 4.06 3.88 6.41 3.03 3.55 4.14 7.85 13.48 11.44 9.0 4.7 5.97 7.74 7.26 8.78 15.4 11.53 11.22 7.26 9.36 8.17 6.05 4.6 10.35 7.88 15.78 6.73 14.23 6.27 12.19 9.58 8.64 12.26 19.27 12.1 7.36 3.31 4.88 9.7 4.66 5.48 7.26 11.46 11.57 11.63 14.79 9.64 8.11 10.0 8.86 7.54 9.78 11.86 6.38 5.28 6.48 8.94 6.2 4.21
4.12 2.9 2.24 2.31 1.24 3.77 3.5 7.91 6.12 3.73 5.3 6.32 10.53 9.26 8.85 7.22 3.26 4.36 7.53 9.8 9.07 7.23 6.29 7.93 8.54 7.85 12.83 8.64 10.77 10.55 7.29 15.2 6.87 7.04 9.72 7.71 16.14 17.85 12.36 17.58 10.92 8.01 7.64 6.2 7.31 7.44 8.01 14.72 22.68 11.1 10.9 8.01 7.98 5.98 4.05 9.58 6.67 5.14 7.14 7.29 8.32 8.73 11.28 9.53
8.04 3.85 2.85 2.05 1.85 2.67 3.88 3.08 2.36 3.11 5.45 5.37 6.46 10.01 6.65 5.45 4.42 13.18 11.42 4.66 11.09 2.5 4.29 7.55 16.38 6.49 6.16 9.25 13.72 12.44 7.45 8.89 11.85 7.89 11.35 6.83 13.15 14.33 15.91 12.01 7.85 8.87 8.8 12.69 6.97 8.92 21.43 10.25 9.31 13.14 7.83 8.53 9.09 5.94 6.03 5.26 6.95 4.37 6.55 7.02 10.47 8.16 9.56 8.0
5.57 8.76 2.81 3.92 4.51 4.22 1.82 2.6 3.94 5.29 3.96 4.29 6.72 9.4 7.66 6.31 3.65 7.73 13.03 8.62 8.74 6.18 5.31 3.77 5.82 11.12 5.04 8.38 12.73 21.49 9.84 8.13 8.43 14.16 23.99 14.01 15.31 18.48 6.96 3.43 5.03 6.87 11.7 8.37 13.58 7.34 8.54 5.73 7.41 5.59 11.07 11.06 6.96 12.22 5.04 7.62 7.57 3.68 5.44 6.49 6.66 8.78 5.95 9.72
8.41 9.3 7.18 5.97 4.63 6.47 5.02 1.44 2.34 4.55 6.78 4.15 4.59 11.24 5.94 6.33 5.44 14.26 16.56 7.78 9.87 7.79 11.43 6.88 7.69 7.57 7.72 5.47 10.58 6.11 7.61 10.66 16.91 21.57 28.49 15.39 25.03 14.98 8.44 3.39 4.33 11.59 21.04 11.53 25.36 17.5 8.21 3.3 3.88 5.67 10.37 8.51 4.64 5.87 8.5 5.4 5.45 4.89 5.97 6.62 8.77 7.57 7.18 4.92
4.11 4.26 4.82 5.64 7.99 5.4 1.88 3.52 3.7 5.78 9.7 13.47 13.08 9.36 9.41 9.9 10.84 15.47 9.88 9.85 10.22 6.24 5.34 5.04 5.62 9.34 10.78 10.86 8.71 21.79 15.86 10.99 6.52 22.27 36.71 17.43 42.69 13.81 5.22 5.31 6.4 6.25 15.09 22.05 11.0 11.93 8.11 8.16 6.58 5.0 9.51 6.52 6.06 4.02 3.71 5.78 4.04 7.94 5.57 12.58 12.32 13.91 9.47 4.88
4.52 6.58 6.97 9.95 6.43 5.54 4.12 3.05 9.16 13.95 13.73 9.62 9.33 10.3 6.04 7.05 10.14 15.88 8.79 9.75 9.37 5.79 3.76 2.85 6.45 8.22 15.38 11.31 17.87 7.46 9.25 16.69 9.56 9.73 18.19 11.92 26.51 15.19 11.34 8.52 8.03 9.11 9.84 16.99 16.82 14.97 8.58 4.87 5.09 5.72 6.25 5.08 5.64 5.59 6.43 4.39 3.81 4.95 6.25 5.14 10.72 7.6 12.95 10.25
2.48 4.61 4.69 4.96 5.8 2.0 4.41 7.78 7.83 21.63 8.96 11.22 9.44 7.04 6.47 6.95 6.28 4.72 5.11 8.72 9.5 3.02 2.59 4.37 6.32 14.74 9.47 14.78 9.48 10.43 8.57 11.66 7.21 12.5 18.89 26.45 38.27 14.76 12.79 6.53 7.99 10.98 9.73 8.93 9.02 8.62 6.81 8.27 4.97 4.34 6.71 4.83 7.23 3.82 8.33 4.67 4.46 5.31 8.75 5.0 3.56 9.39 7.47 8.15
4.93 4.36 4.41 2.78 2.73 2.66 6.08 4.53 11.56 7.7 11.39 17.27 5.26 7.5 8.66 3.37 2.94 3.34 5.51 4.13 4.51 6.71 5.38 3.69 8.75 9.77 16.29 15.8 13.83 6.29 6.1 5.17 4.44 6.55 13.38 24.57 54.46 33.49 10.17 7.15 12.89 8.8 7.08 8.34 15.78 14.37 11.03 8.13 6.1 6.27 4.33 4.37 5.18 6.03 5.11 2.79 9.37 3.65 6.56 7.1 4.27 5.18 14.76 20.62
4.15 5.0 3.04 2.43 1.75 1.37 3.93 5.82 12.21 7.88 9.88 10.86 8.69 7.95 9.84 8.55 3.6 7.47 10.74 8.52 4.82 3.52 2.89 4.8 11.84 21.87 11.31 7.49 5.23 6.41 4.4 9.53 3.25 11.33 14.36 22.16 72.45 43.07 36.83 23.83 15.55 13.97 8.24 3.5 17.77 15.31 12.91 14.24 5.19 6.82 5.47 6.22 6.1 6.44 3.99 4.54 7.42 5.74 4.32 5.31 7.12 7.85 15.79 28.44
6.1 3.83 2.99 2.65 1.06 2.26 7.27 6.07 11.34 8.96 6.01 4.94 6.28 10.79 13.15 9.09 7.85 11.17 9.24 10.22 5.85 7.15 8.58 6.32 13.86 18.01 19.1 15.7 10.42 7.58 7.78 6.61 17.21 12.9 11.91 12.32 36.01 28.66 16.43 27.85 19.26 16.29 10.99 9.03 9.37 9.8 16.72 5.52 12.56 8.44 3.62 5.73 3.67 5.35 3.91 3.74 9.09 6.33 3.57 2.71 10.82 7.45 10.69 10.01
3.74 6.95 2.73 2.21 3.23 2.32 4.91 6.34 9.58 7.82 5.72 4.99 10.02 10.83 8.9 11.38 12.01 7.56 10.01 8.13 7.94 4.55 4.43 9.41 9.69 13.2 6.14 11.2 12.75 5.3 7.9 11.1 13.09 20.37 15.17 11.09 21.07 23.31 21.32 24.03 16.73 13.83 6.25 5.58 16.29 8.15 11.71 4.72 4.98 4.23 2.87 4.51 3.29 5.01 3.18 6.89 11.92 13.92 4.45 2.97 5.98 12.49 9.72 9.69
13.34 12.03 4.92 2.57 5.65 3.75 7.15 3.28 8.91 9.0 4.43 9.78 6.02 8.22 12.4 3.93 11.65 6.5 6.81 3.85 3.64 4.01 10.56 6.38 10.04 10.42 3.35 6.36 5.36 5.53 11.57 7.13 20.74 9.95 11.87 9.52 11.33 16.84 17.61 11.8 9.45 6.37 4.61 9.39 11.84 7.04 6.42 8.61 5.45 2.38 2.33 4.11 4.31 10.53 11.23 4.78 4.78 5.22 4.2 7.0 5.29 10.54 10.55 6.92
9.53 11.01 7.77 7.19 4.31 5.56 5.49 2.8 6.58 5.09 5.32 6.48 6.04 9.47 7.72 4.81 4.52 2.7 6.44 3.91 2.84 5.89 7.16 16.75 7.5 5.29 3.13 3.21 3.03 9.27 7.8 10.29 9.32 10.24 11.04 7.01 15.84 14.93 11.52 13.34 8.68 5.97 6.44 4.46 5.27 4.83 6.03 11.42 5.64 3.07 3.24 5.54 6.08 6.53 5.48 11.63 6.0 3.21 6.05 15.02 6.25 6.05 10.34 12.23
9.35 7.94 6.48 5.16 4.73 3.88 9.86 4.89 5.57 8.19 7.78 7.85 4.35 6.79 4.29 3.08 2.66 4.73 3.32 2.62 2.86 2.94 7.96 4.74 12.76 5.21 4.16 6.62 5.2 10.16 18.55 16.09 20.88 7.21 6.79 6.31 19.41 10.18 13.37 8.42 5.62 6.76 6.59 6.31 6.42 6.42 6.57 6.94 12.33 9.67 6.94 7.31 8.26 18.34 10.83 3.45 5.04 5.57 12.05 6.28 5.49 2.9 6.58 5.52
9.45 8.19 4.57 5.89 3.36 5.86 6.22 7.75 17.28 9.38 4.97 4.22 6.45 6.7 3.69 2.83 2.87 3.06 8.71 5.39 4.12 5.39 5.77 5.66 6.85 6.35 5.6 6.32 8.41 20.44 16.52 8.33 9.51 9.31 11.75 7.13 14.14 13.55 9.18 5.51 4.86 9.74 7.1 6.25 15.75 8.77 8.98 4.94 6.73 4.47 6.44 6.9 7.38 16.38 5.58 6.17 4.72 7.51 15.92 10.36 6.15 4.72 4.78 7.74
6.56 11.2 11.51 8.31 6.41 6.89 8.07 9.21 10.03 9.22 5.63 3.81 7.9 11.33 5.63 4.74 4.07 5.54 8.29 4.8 5.15 4.26 7.8 5.18 6.47 3.6 5.39 8.05 11.97 10.4 20.35 16.87 10.62 7.81 11.62 15.93 17.45 10.19 6.04 4.69 2.75 4.98 10.82 17.09 14.36 12.32 13.82 10.08 6.77 3.65 3.04 3.33 4.41 9.35 4.06 4.06 12.9 7.91 7.44 3.6 2.57 2.16 4.76 9.12
7.55 14.94 10.94 20.18 7.14 9.48 9.49 13.92 9.25 4.48 4.56 10.86 11.93 8.32 12.3 4.7 5.11 6.49 10.0 9.51 5.31 5.44 4.58 7.99 6.03 5.45 5.27 11.65 8.57 17.82 12.87 9.63 17.1 11.69 11.68 13.58 11.94 7.58 3.48 7.2 6.21 5.35 7.93 12.22 20.01 17.76 22.86 20.07 7.29 1.69 2.8 2.04 3.94 2.73 3.15 13.89 7.1 6.04 6.73 3.57 3.69 4.35 4.74 10.37
11.14 9.39 23.99 20.64 13.92 17.96 13.95 10.56 7.01 8.85 10.84 7.57 16.98 12.78 7.28 4.65 3.96 5.71 10.25 5.39 8.15 5.58 4.91 4.67 4.1 4.55 5.36 6.76 14.51 13.66 9.35 20.64 21.86 7.8 13.34 12.0 6.01 2.3 5.2 7.51 3.08 5.46 7.26 8.6 11.05 14.04 21.64 12.65 9.01 2.86 3.51 1.92 7.42 9.06 9.23 10.14 14.76 12.85 10.34 3.49 4.72 5.21 8.87 11.19
11.39 11.51 9.55 10.56 21.89 6.99 11.8 7.21 9.22 15.51 12.52 15.6 18.91 7.25 6.98 3.54 3.0 4.92 13.0 7.43 4.91 2.95 6.38 5.3 4.11 10.06 3.75 6.4 6.53 19.59 11.03 10.0 12.3 13.36 7.9 5.31 3.34 2.67 5.35 5.08 4.63 4.33 4.55 4.38 8.68 14.25 27.17 22.63 7.01 4.45 4.96 2.71 4.74 5.82 9.26 12.25 5.89 8.63 10.27 7.35 6.17 11.29 9.88 11.53
5.05 5.7 10.83 5.26 7.78 7.0 7.15 3.25 7.35 7.66 7.93 13.4 9.27 8.55 5.61 4.68 5.41 4.5 3.91 5.13 9.13 9.56 5.45 7.55 5.37 6.58 11.06 9.07 8.18 8.76 13.29 7.6 3.83 6.56 5.41 4.13 3.65 4.46 5.87 4.62 4.68 2.89 2.16 1.75 3.58 8.81 12.77 12.84 4.98 5.49 4.22 3.59 10.05 8.7 5.11 5.64 8.35 8.58 8.18 6.16 5.8 6.24 4.04 6.19
6.22 7.12 4.81 6.62 9.48 5.1 6.62 4.14 7.22 6.76 8.25 7.72 5.64 3.8 6.02 4.96 4.38 4.99 2.69 7.58 6.96 4.34 5.59 10.85 6.14 12.59 12.9 7.55 6.63 9.3 8.29 7.05 4.4 3.98 2.17 3.5 3.22 4.1 7.21 9.97 12.47 2.49 1.87 0.72 4.71 7.91 7.06 9.74 6.92 7.06 4.86 4.48 4.69 6.0 7.92 8.98 3.72 7.62 6.12 3.7 5.46 4.48 3.47 4.92
9.24 4.66 5.43 7.96 7.54 8.84 9.07 10.31 6.97 7.66 8.57 5.65 9.75 4.61 5.04 3.83 5.04 5.3 3.63 5.35 8.96 4.36 3.36 6.38 16.32 15.63 11.59 5.44 8.92 6.55 14.13 8.23 9.28 4.73 3.28 2.66 3.23 3.04 4.8 6.72 5.99 8.89 4.41 2.65 3.7 5.69 5.64 4.93 6.18 6.0 3.04 5.22 8.94 5.69 3.36 9.13 6.25 6.57 6.28 4.93 7.61 3.03 3.72 5.2
9.5 4.94 4.27 4.58 4.68 8.47 8.05 9.68 10.57 4.11 3.94 3.86 11.18 7.57 7.1 3.83 3.44 6.39 7.14 7.06 6.91 6.08 6.1 4.24 7.77 20.12 6.44 6.68 8.02 6.68 14.05 8.0 6.01 4.79 5.47 5.29 4.67 4.58 5.45 5.06 4.46 8.87 8.42 11.22 7.1 3.49 6.38 3.14 2.57 7.87 5.7 6.64 3.29 2.6 2.76 8.61 6.02 8.26 7.83 8.32 8.88 6.36 7.56 5.62
4.43 7.4 10.08 3.53 5.41 8.52 12.68 11.22 3.25 5.66 3.61 3.79 4.97 7.91 7.65 2.59 3.23 4.74 7.94 16.26 13.27 3.44 5.93 4.23 4.0 11.47 8.02 6.18 5.31 4.77 7.41 3.87 5.29 4.45 4.24 5.96 5.49 8.47 9.28 8.99 8.17 19.78 16.11 9.39 7.32 5.14 2.72 3.2 3.31 4.28 4.77 3.36 3.5 2.68 6.67 6.77 7.53 5.11 7.36 7.34 9.36 14.03 21.31 11.95
7.28 4.45 3.12 12.36 6.23 9.84 10.69 4.53 4.27 2.83 3.22 3.97 3.55 8.91 9.32 2.49 6.69 7.55 10.5 13.01 8.62 5.41 9.51 6.56 5.01 6.59 4.62 6.09 4.2 5.69 4.87 2.16 4.72 4.7 3.68 7.06 3.92 8.14 11.99 7.37 11.58 7.39 11.27 7.56 6.55 3.89 4.66 2.81 3.22 4.63 5.7 4.82 2.75 3.02 7.15 5.96 8.82 9.38 5.41 5.0 4.77 12.57 15.48 14.11
4.85 4.1 5.26 7.48 7.44 8.95 8.0 6.11 4.23 4.28 3.59 3.88 4.59 7.05 5.74 5.53 6.07 9.03 11.59 8.27 9.62 7.83 10.92 5.43 7.27 10.22 8.32 4.01 4.48 4.9 4.48 3.31 9.7 8.48 8.28 7.2 7.74 10.71 9.23 9.44 12.11 8.89 10.07 5.01 5.53 4.5 3.47 4.73 4.03 5.33 4.75 4.14 7.02 4.77 5.46 5.5 10.88 9.58 2.91 1.99 3.79 7.66 7.86 15.49
7.75 7.86 6.0 11.19 5.41 6.29 5.4 4.94 8.75 4.08 7.28 3.63 2.47 3.55 3.52 5.79 7.56 11.22 11.75 13.25 11.5 13.87 13.53 11.28 9.42 10.66 5.56 6.21 3.9 3.91 3.3 2.91 7.3 12.41 6.68 17.07 19.61 14.79 13.96 10.18 9.6 9.64 11.21 8.69 9.08 5.6 7.94 3.44 6.13 4.99 2.71 5.11 4.91 6.41 10.55 6.6 5.7 2.81 2.67 3.65 3.8 9.72 7.4 8.99
4.77 6.99 8.73 12.09 5.45 5.99 4.65 9.04 5.19 5.7 7.34 4.29 4.26 5.64 4.7 6.11 9.68 4.57 4.98 16.92 14.01 8.57 6.69 7.91 9.02 5.32 5.55 5.34 6.51 3.91 4.38 3.48 5.82 6.99 7.04 11.2 8.47 25.22 11.07 10.95 7.47 8.79 15.35 13.51 9.08 8.63 10.77 9.44 8.45 2.78 3.04 4.22 7.55 4.29 3.98 6.14 6.7 2.87 4.29 3.38 4.85 10.46 13.05 14.26
6.43 3.94 7.85 10.94 8.53 10.43 5.66 9.79 6.13 3.75 3.56 2.97 4.11 6.48 6.86 6.15 15.53 7.22 8.14 16.54 8.68 6.7 6.05 5.89 4.27 7.23 5.62 6.49 3.98 4.07 3.91 4.29 5.5 5.85 6.99 7.37 7.87 13.7 14.43 9.94 12.27 8.07 10.93 11.29 10.56 10.55 13.57 9.86 8.21 2.19 3.83 6.51 5.45 3.42 2.78 3.25 4.18 3.74 6.46 8.12 4.74 6.11 5.75 8.08
5.53 2.65 7.84 5.29 6.12 7.12 10.81 13.59 4.88 3.52 2.4 2.29 3.9 6.99 9.75 17.44 17.1 11.16 11.46 20.6 16.03 7.97 4.38 8.36 6.81 5.31 3.51 3.48 4.99 6.68 3.72 4.22 5.9 6.93 7.28 7.57 6.8 9.27 5.62 5.84 7.57 17.2 11.03 7.16 6.09 9.57 6.78 6.06 5.21 3.2 10.0 7.23 9.77 7.77 4.56 2.85 3.96 5.0 8.31 8.81 11.6 8.84 3.65 7.3
12.46 2.48 5.05 6.25 10.05 10.55 10.37 8.02 5.07 3.24 5.77 5.26 6.25 21.46 9.82 10.65 10.33 9.05 17.64 18.92 13.96 13.64 11.14 9.77 10.11 8.32 4.08 3.28 2.6 9.03 2.79 3.79 7.98 14.44 6.66 3.7 5.3 5.53 3.76 6.67 12.22 15.04 7.99 5.6 13.04 15.27 8.29 6.76 7.32 7.23 6.37 8.97 12.14 7.2 4.75 2.58 3.48 6.87 16.01 12.33 7.02 7.34 7.18 8.09
5.42 9.08 5.68 4.76 6.01 4.78 9.67 7.87 3.18 6.37 6.37 8.74 14.57 45.92 19.99 16.72 6.89 11.85 19.84 14.21 16.15 10.49 10.56 12.43 7.85 4.68 4.44 5.0 8.65 2.81 3.74 5.21 5.87 14.52 7.96 6.91 7.72 6.26 5.14 8.4 7.44 15.21 8.12 3.12 6.27 12.47 7.62 4.81 4.84 12.15 9.95 11.13 17.91 7.73 2.43 2.51 5.14 3.9 11.13 8.17 3.65 8.89 7.02 12.3
4.44 4.03 3.04 5.42 4.83 5.1 16.24 8.32 8.12 5.33 6.29 5.71 6.9 18.1 20.75 13.88 9.45 5.05 11.08 19.12 8.59 11.3 9.9 7.13 5.19 5.63 5.87 6.45 4.02 6.23 4.23 4.49 8.25 8.76 7.96 13.29 6.11 7.18 6.2 9.11 11.48 6.6 7.32 6.3 7.24 3.65 2.79 5.75 8.44 10.12 16.98 17.82 7.72 5.06 3.97 2.62 2.72 4.57 6.4 6.84 4.1 5.98 4.54 11.06
2.22 4.99 3.5 2.9 6.41 11.37 10.81 6.93 4.49 10.21 14.23 5.05 8.64 13.5 10.32 14.78 7.67 4.41 12.21 13.7 12.97 3.18 2.33 6.81 4.15 3.96 4.74 3.17 7.15 3.61 2.84 6.18 8.6 23.21 7.61 10.06 12.26 7.51 6.05 15.23 7.09 10.45 5.25 5.83 5.5 5.14 4.21 7.26 4.35 10.78 8.41 5.33 6.72 5.55 5.6 2.42 2.49 4.34 6.12 3.96 4.69 7.55 3.66 9.57
4.27 3.29 2.11 3.84 5.4 7.56 8.57 5.45 9.19 14.59 9.11 4.83 4.96 7.56 19.52 14.87 12.71 7.86 5.76 6.71 7.07 9.06 4.86 3.04 3.63 6.27 5.04 6.76 5.8 6.29 5.26 3.55 5.36 11.26 9.12 13.56 17.45 6.9 5.13 4.41 4.69 4.41 5.11 13.0 8.62 3.79 10.05 10.25 3.95 5.43 5.35 6.03 5.15 5.09 5.25 4.12 2.37 4.88 8.06 5.29 3.86 8.43 8.24 4.77
4.28 4.34 4.58 2.5 5.89 10.62 9.7 3.22 3.57 8.96 4.85 3.61 4.2 7.49 9.52 14.92 14.5 10.5 6.36 6.1 6.01 6.03 8.24 13.86 5.59 4.7 6.14 4.94 6.86 5.19 7.11 10.85 7.15 6.58 7.0 15.94 11.36 6.37 4.97 6.28 7.07 19.01 11.72 7.11 7.52 5.41 4.22 6.46 4.94 3.96 1.62 4.8 8.78 4.89 5.47 6.3 6.02 4.75 6.82 5.19 9.01 8.11 4.57 9.26
5.17 3.31 2.2 5.47 8.0 4.49 7.4 3.41 4.75 4.94 2.43 5.63 3.7 4.89 15.82 10.82 6.92 3.81 4.07 5.63 5.74 6.53 11.26 9.23 6.65 6.65 4.62 8.55 6.38 7.6 15.47 13.33 8.16 3.75 3.1 8.99 4.06 2.43 5.06 6.06 8.22 15.05 10.37 13.63 6.85 5.53 8.53 6.23 6.43 4.18 1.44 2.96 4.77 7.02 7.65 6.72 9.68 10.03 7.25 7.72 5.67 6.99 4.23 5.23
6.68 4.33 1.46 3.89 3.79 5.67 4.38 2.23 4.08 3.99 1.65 4.29 3.03 6.17 5.99 12.13 8.12 6.04 5.43 4.21 4.06 6.27 13.84 10.4 8.41 2.98 7.88 6.02 4.15 4.48 14.77 9.71 4.46 2.71 2.54 3.13 2.35 5.45 3.12 6.49 11.49 17.73 6.95 8.47 17.71 11.24 8.44 5.92 2.89 6.64 3.2 3.54 4.27 5.2 3.97 5.44 10.83 13.42 11.39 11.59 8.53 4.01 4.31 8.64
11.22 5.14 2.55 3.99 3.66 5.97 3.12 2.45 4.99 2.45 2.71 2.7 2.61 7.16 7.34 7.73 10.15 7.08 8.22 3.47 3.39 9.63 11.89 8.46 4.48 4.8 5.52 4.24 3.04 5.11 11.53 9.88 5.09 2.95 3.3 6.05 5.26 2.56 4.17 8.41 6.39 10.84 10.48 9.92 7.35 8.62 18.61 7.06 6.96 6.37 4.48 6.67 2.68 2.46 4.36 3.41 6.59 13.77 8.86 6.26 4.95 3.98 2.11 3.77
11.76 9.0 4.02 5.04 3.61 6.03 6.29 3.61 3.14 3.18 2.74 6.91 8.89 11.51 6.69 4.94 10.35 5.66 4.56 4.52 5.51 7.44 15.11 5.69 4.52 4.83 3.85 3.29 4.9 5.59 8.59 5.47 5.21 4.85 2.87 5.64 3.09 6.04 3.27 6.3 3.89 14.61 6.97 8.96 12.32 15.81 10.39 7.65 9.81 6.68 2.58 4.82 6.18 2.89 4.81 6.82 7.31 10.59 13.88 7.91 5.33 2.91 2.91 5.74
7.72 3.83 5.04 8.69 8.94 13.28 6.94 7.42 7.05 5.72 5.29 13.01 8.7 13.52 9.37 4.61 9.34 5.47 4.74 3.24 4.3 5.75 5.36 4.92 6.52 8.47 4.06 3.2 4.32 6.08 5.24 6.48 7.22 5.38 4.76 7.08 3.53 4.37 4.47 2.54 5.36 6.09 8.19 22.08 9.08 5.42 8.54 6.74 10.97 4.07 3.37 5.48 4.68 4.86 5.34 7.21 19.58 22.86 12.27 10.7 4.81 3.88 2.12 2.55
9.42 5.15 4.56 4.64 8.85 10.22 5.02 8.69 13.01 10.27 6.79 25.06 9.44 6.11 5.36 7.52 9.69 6.79 5.03 2.53 4.84 10.81 7.17 6.77 8.9 6.37 5.85 5.45 4.89 10.54 6.23 4.48 4.44 3.96 2.43 2.77 3.33 5.1 4.09 3.38 5.21 6.07 6.85 12.4 13.76 6.02 3.75 6.54 9.17 5.28 3.99 4.0 5.9 3.26 3.64 7.39 6.97 12.06 11.55 11.37 6.59 5.39 4.89 5.19
7.27 3.61 7.74 4.94 3.75 4.64 6.58 7.96 11.38 9.92 15.93 17.44 14.54 9.07 6.18 4.58 9.92 5.79 3.98 5.42 5.37 12.97 5.51 6.44 11.28 8.92 10.88 7.64 6.71 15.69 7.43 2.47 1.91 3.03 2.98 3.67 2.69 2.69 7.08 5.74 3.9 3.16 9.5 13.06 6.5 2.88 6.97 13.69 11.85 5.61 4.46 8.31 5.21 5.21 3.71 7.41 6.27 13.93 8.63 8.53 6.74 3.91 7.92 5.41
5.92 6.38 10.35 4.21 3.33 4.63 4.96 10.95 11.17 16.29 12.28 25.44 15.42 17.57 7.45 12.0 9.47 5.66 5.27 4.86 4.23 8.12 6.93 6.6 8.08 7.49 14.96 13.42 12.21 6.23 3.59 2.96 2.58 2.69 4.32 2.48 2.54 4.69 6.58 8.71 4.93 6.67 9.09 13.9 3.62 4.14 3.51 8.83 10.58 13.42 15.37 10.31 4.79 6.02 4.51 4.84 4.66 10.16 7.78 7.1 5.58 7.86 10.59 11.27
3.52 7.37 14.85 3.39 2.01 3.74 7.92 10.94 7.39 8.68 10.81 17.16 19.15 14.5 8.75 9.44 9.21 12.0 9.84 10.64 5.47 10.79 7.06 9.22 12.28 12.96 5.03 6.48 11.89 6.88 4.68 3.02 2.72 2.43 5.04 4.07 3.52 7.01 9.76 3.59 4.34 7.24 11.42 7.97 5.79 4.78 5.59 6.51 7.87 10.21 15.9 21.05 7.19 4.05 8.97 11.17 6.21 10.09 6.39 7.51 6.77 6.83 15.66 11.13
11.4 12.24 6.15 2.61 2.33 2.69 2.99 6.01 7.69 4.37 9.25 16.9 9.97 14.15 4.19 4.93 9.05 16.6 21.05 15.26 15.48 8.2 8.0 10.14 11.88 9.26 10.84 6.52 8.3 8.88 2.96 2.49 5.77 8.13 9.03 7.32 4.22 9.05 8.3 5.05 4.05 6.47 8.2 7.69 3.58 10.01 6.59 11.31 10.31 17.32 7.89 9.36 10.27 6.52 11.57 6.61 4.87 2.76 5.07 4.41 7.49 18.85 11.24 17.7
5.14 7.38 9.57 3.3 3.58 4.07 3.96 15.2 5.52 3.73 7.4 10.63 9.5 7.72 7.32 5.69 4.39 10.86 27.79 37.02 17.01 8.46 5.41 15.83 15.46 8.65 6.74 5.72 8.42 4.82 3.03 3.77 10.1 11.1 9.59 6.37 8.22 12.65 8.07 7.66 4.92 4.02 5.17 2.93 5.26 8.13 6.66 14.93 7.55 17.63 13.38 9.13 9.76 5.84 7.14 10.74 4.6 3.59 4.42 10.16 14.89 8.13 14.32 12.67
5.26 2.52 7.63 5.19 4.27 6.06 6.62 11.06 4.68 8.72 6.44 13.94 7.87 5.27 4.86 16.88 11.51 18.28 24.98 46.64 21.81 9.2 7.84 7.98 9.75 4.46 5.4 6.85 9.07 4.82 4.45 6.92 10.25 15.39 6.58 11.09 8.8 17.75 15.14 5.74 4.63 3.72 3.36 4.55 6.24 8.18 5.06 9.57 10.29 18.04 12.6 17.3 10.78 7.29 7.5 4.78 5.99 4.32 5.33 10.18 14.73 7.64 7.83 12.82
2.87 3.4 4.8 4.12 7.0 5.44 7.81 13.17 5.11 11.51 14.04 11.59 6.57 3.82 10.84 9.53 9.23 15.41 35.81 30.71 13.32 10.02 6.81 5.69 4.48 4.17 6.43 8.43 10.04 4.16 5.2 5.37 8.85 26.63 24.59 20.57 9.18 7.03 5.66 7.94 9.42 3.06 5.49 7.15 12.44 9.96 7.55 9.9 7.71 6.98 7.78 8.65 15.45 11.4 10.0 7.28 3.92 4.57 5.49 11.07 11.98 7.02 11.91 8.52
3.63 6.24 5.71 6.36 8.25 9.77 4.68 5.68 3.35 6.97 8.05 7.35 5.11 5.5 9.15 9.34 12.42 9.89 14.44 14.35 15.98 14.28 9.86 5.36 8.27 4.33 4.4 2.79 4.6 3.91 5.84 3.87 5.81 10.55 11.5 13.14 6.25 21.39 7.97 7.61 8.42 8.08 5.64 8.95 19.92 11.73 4.79 8.76 14.38 18.78 9.58 9.11 11.28 20.99 19.57 9.28 4.5 10.15 15.98 20.05 10.07 6.93 7.61 5.78
7.96 10.01 9.93 7.88 9.39 11.47 6.64 3.79 3.16 7.84 11.65 5.58 5.16 8.21 7.66 5.37 7.65 7.39 10.3 11.89 9.86 9.14 4.43 4.84 4.64 8.09 5.1 5.35 6.14 10.2 4.98 4.53 9.51 11.48 9.98 9.19 6.59 6.56 11.22 13.74 15.13 9.97 9.69 4.31 9.42 9.58 10.05 9.2 11.6 20.34 19.35 11.36 7.78 9.26 16.39 13.6 4.83 16.57 21.39 12.0 12.88 16.37 5.71 4.8
14.17 13.52 20.92 7.16 4.52 12.18 5.75 4.69 3.01 9.58 8.52 4.1 7.42 6.77 7.7 7.39 10.2 13.69 8.89 9.92 11.77 8.9 5.58 3.72 3.51 6.19 8.43 16.21 10.32 12.45 8.94 9.25 10.1 10.14 15.08 10.17 10.32 8.93 4.58 8.27 15.68 16.05 8.54 7.96 7.14 7.13 6.71 6.44 14.55 16.54 14.35 9.89 12.37 7.48 7.36 10.95 10.25 11.99 12.73 12.88 10.59 10.73 11.31 7.52
7.95 11.73 10.26 6.81 12.1 11.39 10.25 6.56 4.48 7.56 8.99 6.5 9.54 9.31 12.27 17.4 7.38 23.11 19.9 15.89 10.04 6.0 6.04 5.91 4.81 3.41 5.47 16.2 23.22 10.37 6.9 11.96 11.43 10.71 15.5 19.47 14.89 4.25 12.29 5.9 17.73 7.75 7.77 8.86 7.8 5.98 13.99 15.73 5.01 7.24 7.5 7.26 6.28 8.0 10.94 12.95 25.42 19.27 12.16 7.6 12.72 7.36 4.81 5.0
16.26 12.58 15.82 9.31 14.95 20.1 7.16 7.58 8.81 14.12 6.59 8.43 6.87 8.91 11.42 17.29 13.56 15.88 15.22 27.55 9.54 8.75 7.56 5.53 5.78 5.66 12.47 11.09 7.63 9.94 8.23 4.52 8.17 5.89 6.49 7.27 6.59 15.16 11.85 7.86 12.66 8.91 7.62 7.65 8.28 20.03 15.12 9.93 4.54 2.55 2.11 3.28 4.81 5.9 10.02 14.97 13.39 19.67 9.97 10.34 7.82 8.95 10.61 7.67
10.53 10.92 6.34 5.2 7.45 6.25 6.44 5.44 6.47 18.38 13.52 6.16 7.2 14.64 28.23 33.02 21.73 21.93 11.32 9.63 3.03 8.17 8.02 8.59 3.97 5.42 10.25 9.16 6.91 6.1 11.53 10.06 4.62 5.21 5.76 6.35 3.58 6.29 15.01 11.25 8.72 4.69 11.74 5.01 7.99 12.37 10.71 6.22 2.2 3.83 4.44 2.91 3.69 7.8 13.84 14.7 18.55 20.23 7.53 3.13 9.23 9.67 11.31 9.0
19.5 5.29 6.71 4.32 6.64 9.75 3.76 7.72 6.64 10.13 6.81 8.45 6.54 13.77 24.39 20.55 17.66 11.2 7.92 6.15 3.99 7.6 6.47 3.66 4.2 10.33 25.74 10.78 7.34 8.9 12.45 9.55 6.54 6.12 6.86 3.46 3.17 7.98 10.35 9.28 10.0 10.24 5.51 6.92 2.58 6.04 3.09 3.33 6.4 5.31 4.54 6.62 10.67 5.22 10.14 8.7 23.73 18.24 3.26 3.61 5.98 7.03 9.68 6.77
10.46 5.44 7.63 3.43 4.96 4.85 5.35 6.01 6.14 13.45 10.06 5.18 10.57 10.65 15.67 18.43 22.29 27.3 8.63 7.74 4.99 6.99 4.45 4.89 4.92 11.29 14.09 11.72 15.36 12.96 14.23 14.24 8.73 5.23 3.36 3.43 6.73 7.47 10.78 8.76 9.0 3.42 3.21 5.86 4.52 6.28 4.07 2.01 4.8 10.05 7.0 6.72 13.69 8.04 8.58 12.88 19.64 7.93 2.6 3.48 6.92 8.19 5.33 4.51
