7.45 3.99 6.82 4.25 5.05 6.56 3.76 8.28 10.11 11.34 14.8 11.48 8.55 4.62 4.17 6.87 12.7 4.09 3.05 3.6 2.42 4.57 4.82 8.81 8.57 7.32 4.96 6.81 22.63 12.47 17.41 16.94 6.99 9.18 8.87 13.63 11.64 19.09 25.13 24.58 22.63 14.36 12.61 11.28 10.65 8.79 19.64 11.04 13.34 11.11 9.7 14.5 6.91 3.85 10.27 17.11 11.03 13.46 9.73 10.15 11.33 17.09 16.13 9.41
6.52 3.89 4.66 3.03 4.88 3.97 3.1 5.11 9.33 9.29 9.33 11.94 7.95 8.83 9.78 7.41 9.89 8.56 3.4 2.35 3.05 5.34 7.1 6.88 6.7 2.52 3.8 4.07 14.52 13.4 19.78 11.83 3.59 8.91 6.65 8.65 9.67 16.68 17.34 17.24 11.61 9.69 18.25 13.35 26.8 14.04 11.94 19.36 22.18 10.99 10.03 6.26 4.25 9.29 7.92 9.51 8.03 9.22 9.74 9.2 9.8 21.13 10.48 5.75
3.77 3.97 4.43 4.78 6.93 4.19 3.73 7.65 4.77 9.48 7.77 13.21 11.4 13.93 10.35 9.73 10.38 9.52 8.04 5.7 7.81 17.0 17.02 10.48 3.62 2.73 5.06 4.66 7.68 11.2 12.24 9.33 4.59 6.65 12.87 10.4 9.4 22.27 9.49 11.4 13.6 6.86 10.37 18.41 10.49 14.34 18.26 35.48 11.95 9.02 8.37 9.05 7.53 6.73 10.72 7.11 8.1 9.29 5.25 6.58 8.09 5.61 14.68 17.03
2.98 3.93 4.06 8.12 6.44 7.31 3.67 3.91 3.21 6.33 7.02 6.6 9.39 19.37 5.85 8.8 8.5 8.03 14.23 7.38 8.73 32.81 33.97 13.96 6.63 3.72 4.73 4.02 4.7 13.51 13.59 7.69 6.6 6.61 6.96 8.26 6.43 17.46 16.63 14.86 13.28 19.58 3.82 13.61 11.04 17.36 42.32 28.5 14.85 14.14 12.44 11.31 20.52 12.29 18.5 8.98 9.18 7.34 4.1 6.02 3.64 9.77 11.7 16.93
6.23 7.1 10.41 8.1 9.87 10.84 6.49 5.79 8.15 3.9 4.05 4.63 5.87 11.29 7.05 7.88 8.4 11.36 12.04 7.58 10.7 21.65 33.81 18.3 5.39 4.26 4.34 4.8 7.07 10.58 8.96 9.76 7.11 7.71 4.9 6.69 8.0 14.61 13.61 21.75 17.26 30.26 10.97 14.22 16.73 27.68 27.65 16.65 14.93 9.24 20.53 26.46 45.66 41.88 14.47 10.66 7.96 10.93 9.87 5.46 7.11 15.12 5.97 15.4
8.03 17.37 6.63 11.44 21.38 15.94 9.3 9.79 12.36 7.3 5.51 4.61 5.33 13.18 13.7 8.52 5.96 9.93 5.31 5.2 6.41 10.12 18.87 11.32 6.84 6.54 9.49 9.6 6.94 8.65 6.74 7.7 11.13 6.85 5.93 4.22 5.42 13.22 10.61 17.45 25.67 16.45 20.44 31.43 45.21 35.99 19.62 11.74 22.35 20.23 18.91 24.23 36.71 26.84 13.17 9.39 5.34 8.99 9.57 6.76 8.3 17.04 8.55 8.11
8.45 15.74 6.06 10.19 13.6 12.71 9.01 16.37 13.85 6.12 8.6 5.71 6.98 14.85 8.24 4.68 5.76 3.55 5.11 4.86 2.48 9.56 12.82 11.49 6.03 4.92 9.99 7.76 7.56 10.99 8.49 4.22 8.08 7.05 7.59 2.66 4.1 10.68 13.05 17.95 18.97 16.39 34.83 31.64 35.3 43.96 9.84 19.96 35.29 28.43 15.98 16.21 31.38 19.86 12.94 3.54 6.95 14.37 8.49 10.09 12.58 15.94 10.04 8.45
9.55 13.44 7.23 4.78 7.21 7.23 9.3 12.64 8.63 7.34 6.14 7.35 7.54 12.18 6.03 8.22 5.74 2.81 2.0 4.16 3.89 5.75 10.65 9.72 4.95 5.68 9.02 5.94 7.29 7.63 7.81 7.21 5.74 9.54 3.96 1.8 1.84 3.9 8.2 8.94 6.11 14.48 14.05 16.26 27.0 29.11 10.94 21.8 26.53 23.23 13.16 11.74 19.21 10.77 8.02 4.29 8.12 11.78 14.06 7.03 13.83 17.42 6.37 8.65
6.78 11.19 4.19 4.07 2.48 5.27 7.36 5.55 6.47 13.49 7.09 6.99 7.15 9.55 10.23 8.97 4.05 2.71 3.92 3.5 3.51 7.66 10.97 9.64 6.06 4.91 8.62 7.41 6.73 3.24 5.36 5.09 5.48 5.82 1.9 2.51 2.37 8.43 8.06 6.55 5.32 6.38 9.65 10.62 18.63 16.7 8.3 9.36 22.34 16.58 18.42 20.99 13.01 18.15 13.69 6.09 5.51 8.25 5.91 8.45 6.06 8.66 8.37 8.17
9.16 8.29 5.59 3.62 2.38 6.17 6.46 3.96 7.53 8.28 6.73 6.45 8.64 8.21 9.58 7.72 9.26 4.35 7.8 3.95 3.11 11.26 9.69 8.2 5.93 4.6 8.12 6.17 6.21 4.63 4.02 5.8 4.42 2.07 3.33 1.85 3.56 11.05 5.33 14.22 8.53 7.98 7.25 6.94 13.31 10.96 8.03 15.74 10.62 14.91 26.38 17.44 24.29 21.86 13.68 10.56 11.94 17.31 7.39 4.45 4.14 6.01 8.58 7.7
14.22 8.64 11.42 3.72 3.95 4.98 6.21 5.04 4.62 5.93 1.96 3.16 8.56 8.92 8.04 10.12 5.83 6.76 6.52 4.73 5.92 8.94 13.43 10.27 12.08 11.03 5.84 6.3 7.15 4.18 6.71 3.62 1.68 1.47 1.26 4.09 5.06 5.26 11.57 13.91 10.43 8.7 7.23 10.15 9.02 6.28 12.14 9.55 11.64 8.16 14.8 16.49 14.0 11.68 18.65 9.31 17.5 17.81 9.1 7.62 4.97 5.64 9.95 6.34
16.09 18.35 11.63 4.76 6.08 12.58 8.62 6.3 6.73 2.54 1.49 3.73 6.6 13.58 11.31 10.21 5.32 3.87 4.26 4.24 3.63 4.63 4.95 7.04 12.97 8.33 7.23 6.25 5.96 5.86 4.98 3.1 3.87 2.17 3.91 3.74 4.72 6.01 7.02 10.9 8.81 7.2 5.79 6.34 3.84 6.19 10.34 16.21 21.01 8.37 15.97 11.65 7.77 7.96 6.2 11.47 5.77 7.16 10.45 13.23 9.72 12.56 9.11 4.85
5.31 13.45 8.68 10.55 6.88 9.79 11.67 9.1 6.04 2.7 1.67 4.41 4.12 4.48 5.0 5.4 2.0 2.94 4.38 6.62 5.9 7.5 5.85 9.77 13.56 7.16 5.72 4.96 3.02 3.79 7.53 4.14 4.97 2.84 6.68 4.18 4.46 12.87 13.22 27.3 11.72 5.05 2.05 6.3 4.08 9.63 12.44 15.9 8.98 4.44 8.52 9.07 12.91 3.69 4.78 5.78 4.02 5.69 10.67 12.03 3.72 5.14 7.79 3.46
7.19 22.17 11.74 11.85 9.23 9.18 14.07 10.9 7.04 2.56 2.74 2.76 1.84 4.07 3.13 3.65 2.41 2.78 3.29 5.79 3.92 9.24 10.17 6.64 10.8 5.26 5.3 4.43 3.19 3.56 6.84 5.16 4.59 4.51 3.18 3.27 9.01 14.21 14.35 31.58 12.51 6.25 2.94 13.01 14.6 9.08 11.64 9.81 7.76 6.25 9.32 6.41 5.41 2.77 3.16 5.08 4.79 6.08 12.77 8.14 2.97 4.96 6.37 5.41
7.13 6.61 9.15 10.56 8.52 6.41 13.18 17.2 8.52 2.89 2.77 1.46 2.3 2.9 4.06 5.53 2.42 3.85 4.04 6.03 7.02 13.38 17.27 9.82 8.88 4.73 8.65 4.47 2.22 2.97 3.72 3.38 5.39 5.05 2.72 5.11 6.15 10.12 14.53 23.33 17.73 3.05 5.47 14.78 9.77 9.59 5.65 6.83 9.49 4.95 7.83 6.89 2.52 4.53 3.98 6.5 6.08 3.89 9.06 4.37 3.64 5.97 7.89 5.46
5.81 8.49 4.92 4.72 6.35 4.27 10.44 11.24 11.85 4.6 3.97 1.63 4.54 2.96 3.72 5.11 3.65 3.41 8.26 10.6 10.51 20.38 14.26 8.25 7.5 6.69 12.26 3.83 2.3 2.27 3.46 3.44 11.24 11.91 9.53 9.86 12.33 11.9 22.27 16.27 12.23 5.13 9.97 11.52 22.38 12.03 7.14 8.2 6.51 9.94 9.21 4.82 4.76 4.82 5.24 6.94 4.9 6.26 9.55 3.38 8.92 7.91 6.74 4.63
8.52 2.86 5.07 4.5 4.28 7.67 10.59 4.73 14.42 4.97 4.55 4.44 4.27 3.88 2.95 2.1 2.79 3.14 6.5 25.61 7.74 11.98 18.06 26.28 13.76 11.37 9.28 3.36 4.27 2.18 3.87 5.48 9.63 9.98 14.45 8.73 7.94 15.34 21.88 12.61 16.24 13.28 10.49 8.15 17.04 15.33 8.39 7.03 4.79 9.06 5.59 6.28 7.55 11.03 9.25 4.52 9.77 6.15 6.71 12.21 8.15 7.94 6.0 2.31
5.74 4.37 4.95 2.99 4.6 3.05 5.33 6.68 5.67 15.94 3.83 6.12 5.28 6.64 3.9 6.98 3.84 7.39 9.65 9.69 12.05 10.89 18.06 28.04 5.26 4.31 6.06 3.23 5.07 4.22 6.43 14.47 10.46 12.19 19.18 12.17 7.3 14.42 14.47 17.71 11.61 8.6 15.2 11.37 22.85 29.99 8.96 4.91 5.87 9.88 6.72 8.47 7.47 7.1 4.71 4.07 4.57 6.65 6.61 7.41 12.72 9.31 7.04 4.53
4.79 5.31 6.08 2.13 3.6 7.59 4.53 7.62 7.45 10.03 5.4 6.37 4.8 7.33 9.74 6.35 4.89 4.79 6.14 9.99 24.37 13.78 15.48 11.75 3.72 4.2 5.14 4.83 4.12 6.22 6.49 6.45 10.36 12.97 15.65 11.05 4.71 9.28 11.84 11.49 9.03 9.42 9.52 14.12 9.85 10.48 4.19 4.26 8.97 9.5 4.13 5.67 3.82 4.67 5.25 5.5 3.86 5.93 4.94 9.96 9.54 10.14 7.9 4.92
4.15 5.67 4.59 5.0 4.55 4.89 4.22 7.5 11.79 8.65 7.15 14.01 8.94 8.37 6.5 5.66 7.36 3.27 5.88 8.51 10.86 13.63 7.16 10.77 3.32 4.29 7.06 7.78 8.86 8.2 4.51 6.08 9.68 11.72 13.81 3.95 2.4 5.85 6.27 10.54 6.02 11.91 5.85 11.53 9.15 6.13 4.85 4.82 6.15 3.63 3.41 2.63 5.71 3.57 5.1 3.55 1.85 6.21 4.44 8.13 13.06 11.43 5.47 7.27
2.81 4.96 4.3 2.56 3.37 3.38 3.34 7.2 10.56 8.53 8.26 8.77 8.01 8.44 5.9 5.21 5.42 3.41 3.19 11.48 13.35 11.02 15.46 8.68 4.85 6.24 7.99 7.9 11.93 7.19 6.31 9.46 8.29 12.2 8.04 3.45 3.95 3.38 4.69 3.86 6.65 6.05 4.95 8.55 11.29 6.07 5.93 5.2 6.45 1.86 4.76 1.54 1.22 2.85 3.53 2.46 2.47 5.6 7.07 15.69 9.14 8.86 4.53 3.68
3.03 5.28 2.73 2.02 5.05 1.92 6.53 2.64 5.15 6.69 9.16 5.44 11.8 8.67 7.08 12.36 5.7 11.52 7.0 11.62 15.67 18.72 24.43 10.21 10.35 5.07 4.66 6.56 16.83 13.04 6.9 6.41 12.86 14.82 7.57 4.24 5.08 5.66 2.11 2.69 6.27 2.43 6.22 9.02 9.96 12.58 5.33 7.91 9.03 6.82 3.68 2.77 1.53 2.29 2.05 2.09 1.66 4.48 5.24 8.1 11.45 4.59 3.98 2.63
2.48 2.52 4.18 2.52 2.67 3.69 3.22 4.29 13.21 5.13 7.79 7.4 5.72 14.44 6.78 12.89 5.21 4.82 4.66 9.52 6.28 45.85 20.98 8.65 10.23 3.53 6.03 13.94 12.16 12.26 6.77 4.3 11.0 5.54 4.26 7.8 8.34 2.89 1.73 3.73 4.23 5.29 5.59 7.34 7.81 4.53 2.89 7.95 5.78 8.59 7.33 4.23 4.02 2.01 4.41 3.65 3.11 4.38 6.4 3.56 5.57 4.74 3.31 5.41
6.15 5.75 3.51 3.64 4.89 3.68 4.15 4.16 4.77 6.49 5.23 11.0 6.44 11.94 11.44 8.04 3.85 4.53 4.64 7.32 12.52 15.65 8.36 6.03 4.25 5.93 7.0 8.77 19.41 5.26 3.43 3.48 4.91 3.32 3.15 4.34 5.94 2.81 2.14 3.03 3.67 4.57 4.04 5.49 5.76 4.48 4.24 16.01 8.32 7.56 5.34 6.42 2.27 4.34 7.95 2.76 4.04 1.81 3.14 2.61 3.15 9.36 5.09 6.36
5.14 6.86 4.43 6.11 6.51 3.89 4.58 4.92 3.49 3.82 10.49 11.3 6.56 6.77 11.46 15.25 11.37 6.03 5.45 9.18 6.73 11.95 5.37 8.11 5.55 3.93 8.58 11.95 10.27 5.48 4.86 5.24 5.34 5.4 2.21 4.83 3.34 5.05 1.61 3.47 3.43 2.95 3.26 5.3 4.73 4.06 6.65 12.96 5.41 6.55 5.26 6.31 3.1 3.43 2.19 2.46 1.57 1.8 2.66 1.38 4.36 5.35 3.22 3.27
3.35 7.14 5.22 4.25 3.44 4.22 5.03 4.96 5.96 6.64 9.7 6.79 10.29 5.59 10.73 11.71 7.54 3.85 4.84 8.98 5.96 9.95 4.04 13.28 4.54 3.7 4.51 9.59 4.45 4.69 10.17 5.03 7.21 4.55 6.18 8.17 6.1 4.88 1.43 3.41 3.67 1.69 3.92 3.39 5.28 6.6 6.24 6.0 5.54 11.46 13.5 6.36 7.19 4.38 2.99 2.97 2.75 2.89 2.78 3.52 2.45 3.04 3.23 2.25
3.16 2.43 4.71 2.41 3.17 4.55 7.32 6.61 14.62 12.35 15.17 16.57 8.89 6.7 5.41 15.49 9.74 3.22 6.55 5.53 4.66 6.53 6.31 13.69 5.48 5.0 4.17 7.53 6.7 6.16 4.99 4.74 3.42 5.27 11.15 9.57 7.35 2.42 3.79 2.71 2.82 2.83 5.51 6.33 3.73 4.88 4.66 3.53 3.96 10.03 4.98 6.39 6.0 3.72 2.63 4.73 5.29 6.13 5.38 6.71 6.38 9.87 4.64 3.31
2.9 4.78 3.46 3.73 5.21 3.9 8.15 8.04 11.26 11.24 6.98 16.63 8.67 4.15 10.3 23.79 11.69 8.57 4.95 6.38 5.82 5.84 7.6 8.09 3.26 3.97 3.84 9.23 7.37 8.01 3.11 4.64 4.51 5.83 14.11 7.59 3.49 3.94 5.78 4.37 4.28 4.17 5.69 2.68 3.17 7.81 3.9 4.68 6.46 4.81 8.53 9.54 3.66 7.05 5.4 8.63 7.54 5.84 3.98 6.27 9.86 9.38 7.88 3.7
2.48 4.18 2.35 4.37 4.18 2.08 3.84 10.75 10.83 6.3 11.8 13.13 16.69 6.66 13.32 32.91 18.15 12.2 10.14 10.39 4.3 4.58 6.95 7.58 8.45 5.55 4.5 9.54 5.0 4.92 4.42 6.15 6.9 4.44 10.96 4.0 8.76 10.72 8.7 5.6 7.12 7.0 4.59 5.83 3.5 6.89 3.63 3.53 4.57 5.42 8.44 9.01 9.53 6.56 10.93 10.53 6.79 7.9 10.39 18.12 13.79 5.31 4.7 5.08
2.06 3.01 3.69 6.05 2.13 1.35 3.81 7.47 13.86 8.21 7.28 7.67 6.51 4.5 7.08 27.48 13.84 10.75 8.36 5.73 4.09 3.85 7.62 7.59 15.02 5.49 11.21 12.25 7.33 10.28 6.58 6.46 3.95 6.62 6.75 8.73 14.9 12.31 6.87 7.19 7.58 7.54 11.39 8.08 9.21 10.39 3.45 4.73 5.09 5.1 13.68 9.73 7.54 8.7 8.65 10.88 16.51 7.13 12.9 10.27 3.97 7.21 4.91 5.84
4.51 6.48 3.13 3.28 2.18 2.13 4.06 7.97 11.75 5.29 9.24 9.54 6.94 9.72 8.56 12.92 12.36 11.08 9.16 6.45 6.29 3.86 4.77 5.23 10.41 11.59 11.11 11.19 12.22 19.28 10.33 9.21 6.35 10.77 4.48 16.3 9.7 4.35 9.73 5.85 7.87 6.84 9.51 10.88 15.84 14.55 6.98 5.98 7.69 6.38 15.44 11.6 6.31 6.96 8.57 10.46 10.33 6.77 9.99 5.66 4.7 8.98 6.91 6.57
5.43 2.98 2.63 3.6 9.3 4.81 4.44 7.07 3.73 3.54 7.19 10.5 8.03 5.91 8.13 6.66 13.16 14.52 10.08 7.21 7.34 6.63 5.97 8.41 10.59 13.64 4.73 5.13 6.38 26.64 13.67 9.14 11.64 12.18 13.33 18.76 11.42 10.67 14.66 10.45 7.11 4.5 5.42 4.8 8.88 9.23 3.86 11.12 8.19 14.45 28.49 16.17 10.2 7.42 8.43 6.55 7.95 6.35 6.98 4.75 4.62 10.29 2.62 6.91
4.45 2.07 3.19 7.03 4.38 4.65 4.61 6.75 5.08 5.89 8.5 8.11 7.35 9.17 9.86 8.84 13.36 10.96 13.95 14.43 7.23 10.81 7.57 16.25 12.77 24.85 8.73 8.04 9.16 12.89 15.43 8.85 10.86 7.49 10.65 5.39 6.45 12.11 13.51 14.58 4.8 6.91 5.6 5.42 11.31 6.93 7.24 11.14 5.47 13.63 37.84 13.75 10.9 11.17 9.66 6.62 6.43 7.14 4.25 10.43 6.63 8.07 4.57 10.18
8.41 2.98 6.5 3.85 4.06 8.68 5.52 4.56 3.24 9.76 7.31 6.15 15.39 7.92 7.35 8.2 14.88 13.73 21.52 10.88 8.89 13.72 10.87 23.15 10.73 21.16 11.8 4.78 13.01 12.5 14.04 9.08 13.34 3.89 4.35 4.16 6.32 12.93 11.57 11.33 7.48 5.86 2.73 6.17 6.53 5.56 6.12 4.97 8.26 12.08 31.24 17.19 11.31 13.76 9.12 9.51 9.59 7.86 7.0 6.42 3.74 2.85 4.34 9.55
5.1 5.3 6.92 4.31 4.3 3.79 3.34 2.07 4.32 5.65 4.16 6.91 11.1 7.4 8.58 10.29 16.09 18.95 21.55 10.99 11.28 17.34 20.76 16.81 8.81 8.8 6.88 5.99 7.53 9.05 10.09 9.48 9.18 4.67 3.81 9.85 6.21 6.45 15.77 14.2 10.34 8.41 3.97 6.42 6.6 3.87 6.96 6.28 13.71 9.57 11.42 20.33 16.32 11.99 20.33 19.24 13.88 13.71 10.89 5.57 5.2 1.91 6.98 7.31
4.1 7.62 3.52 3.02 5.25 9.2 6.25 3.43 8.64 3.79 2.95 5.75 6.72 5.28 9.56 6.62 12.71 18.74 14.2 13.39 16.37 15.09 13.82 13.66 11.18 6.03 3.39 2.01 4.39 6.27 7.35 14.18 7.14 3.76 8.62 4.42 6.38 6.87 6.27 10.25 8.41 6.09 9.36 4.52 3.81 4.78 6.05 8.78 6.01 5.67 21.3 12.75 17.11 11.81 17.54 17.48 13.45 14.99 10.9 4.44 3.1 3.56 3.7 4.71
5.26 3.78 2.55 5.3 9.27 6.33 4.83 2.88 4.74 6.76 6.97 6.36 7.16 4.88 6.32 10.49 15.06 17.1 15.5 7.5 25.4 10.46 16.37 19.61 11.63 7.8 3.34 6.64 6.81 11.54 10.7 10.18 5.69 6.94 5.88 5.6 6.64 3.62 3.92 4.75 8.14 6.12 6.42 7.9 2.78 5.69 7.84 7.83 9.47 9.63 17.64 11.81 11.14 14.55 33.42 9.43 13.88 13.54 3.44 5.14 2.2 4.64 7.47 6.82
4.23 5.06 5.66 5.32 6.91 11.27 7.35 5.85 6.77 3.88 6.05 5.41 4.06 4.19 4.81 6.17 14.16 21.83 12.14 13.66 13.07 19.56 24.41 17.89 10.27 6.83 6.79 4.9 3.34 13.03 8.75 9.95 11.66 9.14 7.26 11.81 7.88 7.35 7.97 9.07 18.8 5.33 8.17 4.51 2.19 10.01 11.3 5.37 6.71 9.4 14.86 8.84 14.25 28.11 17.49 12.97 10.39 9.41 5.01 3.52 3.11 7.39 12.13 6.98
2.41 2.42 1.85 4.28 5.26 14.26 9.94 3.93 6.91 5.55 4.92 5.51 6.04 3.54 7.36 4.48 7.88 13.99 7.53 10.06 11.13 23.36 19.05 11.56 18.53 12.29 10.91 3.25 6.12 13.38 20.69 13.45 14.16 6.97 6.4 9.6 9.49 8.02 5.43 8.93 5.03 9.96 11.32 6.1 6.9 9.82 9.16 4.62 5.57 10.54 5.05 5.07 14.42 14.61 16.55 23.08 13.7 17.64 12.4 4.76 4.45 10.2 6.41 8.23
3.18 2.17 2.37 2.99 4.46 7.95 5.89 9.8 8.08 6.13 4.92 6.32 6.21 7.85 5.97 2.7 7.07 7.9 10.26 5.41 9.08 16.2 12.45 7.6 12.78 20.37 13.05 4.49 10.74 7.82 6.37 12.04 7.9 7.91 6.39 4.6 3.75 6.11 4.15 4.13 5.93 10.59 8.85 4.83 6.12 9.12 5.87 5.17 6.34 5.6 5.07 5.57 13.68 12.75 19.77 13.45 33.94 19.28 13.29 4.7 4.68 10.86 5.81 8.19
3.71 2.26 1.71 3.9 7.38 7.85 7.74 9.01 3.35 3.61 5.34 7.42 10.83 14.94 6.32 6.77 9.28 8.45 18.06 7.92 10.24 12.37 8.08 15.49 20.87 25.94 14.07 6.65 6.26 9.79 7.86 5.16 8.93 4.7 3.38 2.86 1.83 7.11 3.08 2.84 7.54 6.38 4.56 3.09 4.95 8.55 5.61 4.18 3.85 2.74 7.3 10.45 12.48 11.92 15.18 14.96 39.59 25.56 15.71 4.99 13.45 12.7 8.07 18.6
2.15 2.87 2.77 5.59 15.64 9.97 3.78 5.88 3.15 3.34 6.05 3.5 6.09 13.46 19.37 12.59 14.4 11.57 14.98 14.91 8.03 10.85 13.8 22.92 14.2 25.81 7.45 6.29 7.07 5.49 9.91 2.35 4.75 4.97 2.53 2.63 4.2 6.88 2.76 6.64 5.6 17.11 4.57 2.68 4.03 4.83 7.03 5.37 4.07 4.12 6.93 6.69 24.31 13.98 8.79 15.39 22.62 39.4 15.31 8.71 11.99 16.54 9.78 21.07
4.57 2.83 2.57 5.78 8.13 5.88 9.78 4.15 4.61 2.69 2.95 5.53 5.72 14.86 33.45 22.76 15.69 8.95 9.63 10.2 7.14 9.32 9.73 11.6 8.94 18.43 14.94 9.25 9.62 8.78 8.2 4.26 4.07 2.71 4.09 1.55 3.21 3.98 2.11 8.73 5.55 7.01 4.69 3.53 4.26 6.14 8.67 7.55 5.75 6.68 6.2 9.45 13.55 11.44 8.46 11.06 38.13 29.85 20.71 17.24 13.13 26.62 23.24 18.23
2.09 3.64 4.44 4.54 13.37 3.13 7.84 7.81 1.83 2.54 5.02 3.94 6.33 9.79 11.34 24.86 11.75 14.62 12.11 8.34 11.52 8.29 10.34 9.15 13.69 17.87 16.98 10.18 15.97 12.06 7.95 3.79 3.85 6.08 5.44 3.7 2.6 1.87 2.69 5.45 9.45 6.63 9.61 7.68 6.3 11.07 5.22 11.23 9.99 5.99 7.75 8.59 7.93 11.45 8.82 12.61 26.96 22.2 19.15 12.06 22.4 17.82 31.19 26.95
2.6 5.01 4.69 11.08 5.76 3.49 5.86 3.56 2.04 3.26 4.97 6.07 5.35 5.12 15.42 16.51 16.74 9.75 5.76 8.21 6.98 6.87 9.71 6.79 9.18 10.87 14.59 17.46 11.4 8.42 4.95 3.37 9.19 5.67 4.13 4.86 3.33 2.11 4.37 4.54 7.33 7.52 4.07 7.56 5.29 7.78 6.18 10.15 6.58 6.07 7.1 4.25 8.55 11.7 21.4 19.69 29.73 23.42 20.67 26.85 37.97 18.75 25.17 26.2
2.17 5.42 4.88 12.49 4.05 5.03 3.83 2.55 3.75 5.6 6.13 5.37 10.02 5.49 7.52 13.17 15.2 6.51 4.74 5.28 7.32 9.84 6.7 7.98 17.19 11.48 10.35 13.73 11.72 6.67 3.56 5.3 5.97 3.71 5.47 11.92 7.67 3.27 4.85 6.49 5.67 5.78 3.06 5.81 3.69 4.42 2.84 5.52 4.94 6.56 7.93 3.48 8.82 13.6 16.58 14.17 18.41 15.0 21.98 21.82 16.76 23.33 10.39 17.16
2.06 4.63 3.76 11.09 4.63 6.6 3.23 4.28 6.31 7.61 5.81 5.07 10.29 6.05 10.0 14.62 9.48 9.62 4.3 4.92 7.84 9.05 5.19 12.46 9.09 9.62 6.02 10.52 14.17 4.66 1.9 8.57 5.69 4.73 8.67 24.37 5.97 4.31 4.09 8.02 6.8 4.24 3.02 3.42 2.74 1.78 3.25 4.68 4.42 4.16 6.42 8.01 6.74 12.44 7.54 9.98 8.29 9.78 11.58 16.31 12.09 10.66 6.89 10.87
4.44 8.62 6.0 14.68 12.19 9.48 3.72 8.06 6.03 5.37 7.23 4.95 7.78 5.89 7.94 9.28 8.6 15.05 6.7 10.98 8.46 7.67 5.16 9.42 13.1 9.02 6.28 17.25 7.87 4.06 4.37 3.05 5.84 4.8 6.53 13.91 6.04 6.95 9.58 10.66 9.16 5.52 7.37 4.47 2.64 2.9 3.38 3.38 2.42 2.64 5.54 13.59 6.71 11.07 12.23 18.14 10.38 14.01 12.18 7.56 7.57 3.37 2.97 8.44
6.89 4.02 9.6 11.85 11.63 6.93 5.07 10.12 13.2 3.64 6.25 8.56 4.98 5.18 10.28 13.9 19.48 13.47 6.36 7.31 7.56 4.71 3.54 7.15 7.36 4.19 11.46 9.43 12.55 7.74 6.45 6.49 9.1 6.76 7.7 9.61 5.63 5.08 5.2 20.3 6.95 7.86 12.84 8.05 6.74 3.59 4.82 7.68 3.2 4.41 6.14 11.01 5.34 9.71 11.96 18.8 15.75 9.39 11.1 7.99 5.65 2.05 4.47 11.77
4.58 5.72 8.25 13.03 9.12 5.72 9.3 13.07 5.4 4.69 6.11 8.33 7.33 8.67 12.44 33.53 12.87 10.01 12.13 7.22 6.83 4.34 6.45 7.11 5.1 9.98 15.13 13.27 24.06 7.04 14.07 13.96 16.17 19.21 11.39 7.06 5.32 3.14 5.96 9.66 7.74 13.41 14.73 15.38 11.23 5.45 10.78 7.6 5.21 6.6 15.15 17.66 8.6 5.6 10.67 9.51 14.23 4.26 15.03 12.09 3.29 2.62 6.22 5.88
5.43 4.73 12.89 10.62 8.74 5.58 5.27 5.59 5.81 3.03 3.62 12.52 2.83 6.09 10.61 29.14 30.74 11.91 10.93 4.58 5.82 6.58 13.51 6.41 13.44 12.93 20.95 16.02 14.24 7.98 12.09 12.3 14.11 15.4 12.59 9.06 4.93 4.16 5.51 7.44 9.03 13.3 18.88 11.01 8.34 7.04 4.04 9.03 6.81 8.3 27.05 25.65 15.58 5.56 6.62 7.66 9.26 5.3 8.92 5.27 3.91 4.6 8.38 6.53
6.28 6.88 10.45 12.24 17.13 5.35 4.19 5.04 6.16 4.76 5.55 5.45 3.24 2.95 8.16 20.89 6.82 6.78 3.2 3.65 7.25 11.21 13.75 9.05 12.26 16.09 18.29 23.5 11.18 13.05 10.41 8.31 7.24 13.88 8.02 8.81 5.99 5.57 4.66 9.37 8.39 16.89 10.5 8.43 5.42 5.06 3.59 8.56 5.81 5.38 26.42 25.04 19.1 12.18 8.62 14.64 14.17 11.98 10.86 8.41 4.85 8.96 8.95 5.93
15.41 6.66 11.39 18.72 11.31 7.61 3.78 5.42 5.72 4.13 5.24 7.14 3.91 5.22 10.26 11.59 8.86 11.62 11.49 9.88 6.1 9.5 8.93 11.62 6.31 11.0 10.97 10.61 12.56 16.42 10.78 10.38 12.44 11.06 9.67 4.83 7.08 3.49 5.03 4.47 10.73 14.76 6.72 6.96 2.4 4.27 5.82 7.66 5.03 8.56 21.34 22.82 16.05 7.64 10.39 11.3 15.16 11.81 8.49 9.61 5.53 10.61 11.74 11.03
17.38 10.29 10.63 14.86 16.07 7.02 5.93 5.41 6.39 4.61 4.37 3.67 5.58 6.83 7.58 9.36 10.13 25.91 19.84 13.58 6.59 6.48 8.43 7.84 7.82 9.81 16.62 8.71 12.75 25.16 10.37 10.31 11.93 4.33 6.52 6.73 7.03 6.37 9.37 7.57 30.64 17.31 8.55 9.09 5.15 10.14 5.42 7.62 3.8 9.75 11.7 12.11 20.76 24.28 9.47 14.17 11.69 12.4 18.13 8.53 9.07 15.24 14.01 16.36
13.13 18.9 10.97 15.03 13.33 5.71 5.96 2.95 5.11 5.09 7.11 5.01 7.5 9.62 12.88 10.02 22.37 64.4 16.87 26.42 7.96 8.62 5.91 6.7 6.47 8.82 13.47 10.56 20.22 10.46 13.91 9.18 7.55 3.34 5.13 4.16 7.62 12.14 8.61 11.47 9.73 6.42 10.51 11.29 5.8 12.33 7.26 5.4 8.66 17.8 8.66 10.16 22.74 8.46 8.61 7.88 9.97 13.22 15.86 8.25 11.31 14.27 19.13 8.62
23.0 18.46 10.33 12.49 8.14 8.7 5.75 2.43 3.33 6.86 4.72 3.59 9.16 19.38 15.3 16.45 26.69 26.84 14.55 5.28 16.57 10.57 4.52 6.4 5.72 7.06 14.05 6.8 18.29 27.14 13.12 7.21 7.97 2.61 6.36 5.68 11.3 11.06 7.69 9.46 8.28 6.83 8.91 4.1 4.16 15.4 16.24 8.95 12.66 16.15 11.63 8.61 10.57 8.26 7.0 5.54 13.16 8.98 10.65 5.42 16.76 23.85 12.72 11.23
14.01 10.72 9.94 7.78 16.5 17.48 7.04 4.13 3.61 5.36 4.89 1.86 5.34 21.24 8.62 11.63 22.5 8.77 10.97 10.4 16.11 7.84 6.01 3.08 5.0 20.89 6.88 7.1 23.4 14.04 6.26 5.04 7.03 6.5 4.26 9.17 7.59 7.57 7.8 3.86 6.16 5.87 4.2 2.12 7.13 14.54 23.6 17.14 14.12 30.05 12.95 17.38 13.37 10.67 5.41 4.61 5.99 5.59 5.35 3.92 18.79 13.89 16.3 17.3
5.55 5.74 3.9 6.23 12.86 18.42 11.17 3.85 6.2 8.8 6.22 5.11 6.47 3.91 6.06 7.92 13.76 7.59 5.23 6.49 5.93 6.89 4.38 3.17 5.38 23.59 7.56 7.69 28.29 15.62 5.62 6.54 9.14 5.14 7.5 5.01 7.24 13.0 8.44 5.59 4.85 5.69 3.8 1.4 6.18 11.52 12.55 11.54 11.72 8.81 10.42 7.69 5.78 10.0 6.53 6.12 8.66 6.05 4.45 3.57 15.63 18.92 11.23 7.67
10.99 8.82 6.53 7.31 25.39 12.76 8.48 3.97 6.88 7.62 5.59 6.23 5.2 4.01 9.24 9.04 19.8 11.25 7.38 6.64 5.78 5.27 2.98 2.26 5.64 11.19 5.29 17.03 36.46 18.58 14.46 9.78 6.83 6.88 11.34 4.99 8.65 6.42 4.3 4.55 4.99 2.48 1.53 1.71 6.6 6.73 4.8 6.76 4.64 6.6 6.88 6.0 6.02 9.98 8.78 8.53 7.46 7.87 3.84 7.19 9.92 11.11 7.32 4.27
11.45 5.94 7.35 8.38 14.35 7.91 12.09 13.0 8.39 5.25 6.54 6.98 5.22 8.17 6.01 9.95 7.55 13.19 7.32 3.42 6.64 3.49 2.29 4.4 8.42 14.13 10.68 12.15 24.04 31.23 31.6 11.61 13.09 12.4 11.51 9.49 11.0 5.32 4.49 2.95 6.69 3.46 3.02 5.83 3.15 2.98 3.76 4.34 5.43 7.18 4.42 6.33 5.27 8.85 7.42 7.86 11.67 6.07 4.6 6.65 10.83 5.51 6.13 3.7
14.17 8.53 5.94 11.96 11.71 6.87 13.32 22.42 10.5 5.06 9.43 12.14 5.31 5.35 4.02 3.9 12.73 7.57 3.62 6.91 6.58 3.72 4.22 3.25 7.88 12.26 11.83 14.05 14.03 26.68 28.21 10.39 24.75 16.97 13.94 23.66 13.37 4.22 5.39 6.48 8.28 5.58 4.56 5.6 3.84 4.36 3.9 6.58 5.39 8.16 8.0 5.04 8.54 8.37 12.13 16.4 12.81 4.4 7.95 14.15 14.1 9.68 4.94 2.94
18.49 11.58 6.75 12.63 10.75 7.98 12.35 12.03 12.59 10.54 10.59 12.59 7.58 3.87 4.8 3.3 5.82 8.25 5.55 6.89 4.77 3.81 2.8 3.64 4.29 11.26 12.33 9.69 9.43 14.69 16.77 28.29 16.1 8.37 11.2 7.35 10.6 5.61 5.01 10.91 10.35 8.16 8.8 6.43 3.6 9.43 6.35 4.36 3.48 2.87 3.65 3.88 5.21 6.91 15.06 16.3 13.11 7.98 28.17 21.36 7.69 12.55 8.84 3.93
18.61 24.06 12.99 16.5 16.34 11.75 8.45 11.87 9.57 7.7 14.17 7.54 11.37 3.14 2.7 4.97 5.23 6.64 7.4 4.51 3.63 4.75 3.42 3.11 5.23 5.18 8.34 11.01 8.36 17.1 59.77 21.71 13.06 11.43 9.51 9.47 8.28 6.31 7.8 4.04 8.77 5.85 7.18 5.56 4.42 7.46 10.41 7.13 4.68 2.52 2.58 5.89 4.67 5.25 11.59 8.75 10.92 13.42 14.3 12.92 11.09 12.99 9.48 5.36
18.93 19.83 21.02 12.57 12.48 6.24 8.13 9.67 11.81 5.77 14.46 5.37 7.1 5.05 4.15 5.1 4.67 4.86 5.62 3.77 4.64 3.22 2.62 3.28 2.07 3.47 8.31 9.89 7.16 15.07 23.87 13.88 9.38 11.62 11.69 8.76 7.52 9.0 14.84 6.21 9.31 5.96 14.32 4.72 4.34 4.54 5.46 8.6 3.34 2.67 2.57 3.24 2.05 3.24 3.45 7.5 9.78 8.1 13.27 8.78 14.41 7.98 6.15 8.21
