15.46 12.71 9.42 6.36 5.88 6.21 4.77 10.19 11.4 3.05 8.56 7.26 7.26 11.15 11.95 7.68 7.39 9.79 17.36 11.54 8.86 4.02 3.5 6.3 7.05 8.47 8.37 7.94 4.42 8.3 5.93 8.2 9.2 11.03 10.98 16.34 15.34 11.66 22.45 26.92 10.96 9.65 18.83 15.26 8.92 6.63 5.2 5.02 3.21 2.87 3.25 2.16 3.55 3.4 4.47 8.53 5.57 4.56 5.68 8.51 15.57 15.24 12.35 13.1
8.09 14.07 8.79 7.66 5.35 4.93 6.3 5.33 8.84 9.14 10.7 5.9 7.43 14.03 12.5 15.49 11.56 7.02 7.95 7.63 8.97 3.44 4.78 3.76 8.91 13.61 12.15 10.87 7.48 6.43 7.4 6.81 6.33 10.11 14.78 30.64 16.95 9.97 24.44 18.09 20.6 6.82 8.51 13.53 8.64 4.81 4.62 4.76 3.61 2.82 2.56 1.82 1.95 3.63 3.69 4.67 4.74 3.33 4.4 4.21 12.57 5.2 12.4 5.83
8.61 11.43 11.0 10.97 5.43 4.57 4.31 4.75 6.14 13.52 7.06 7.21 11.17 19.34 15.1 17.63 15.79 19.86 6.17 6.27 5.4 5.36 5.95 7.91 17.57 15.52 16.82 15.04 6.44 7.28 12.63 11.45 9.43 7.29 15.42 14.04 14.56 10.3 8.62 16.23 13.64 8.57 8.91 11.05 2.91 3.6 3.39 3.01 6.4 2.43 3.52 3.97 3.07 3.37 5.42 5.73 3.25 5.33 8.18 6.52 2.23 3.77 8.59 4.71
6.17 18.21 21.75 6.46 5.76 4.8 3.76 5.9 9.17 9.34 5.5 13.47 14.12 23.29 10.21 12.07 11.6 15.51 9.05 6.43 5.33 5.0 4.03 11.59 21.71 29.07 10.92 10.26 11.99 10.88 14.65 13.19 4.72 6.02 12.77 10.44 9.5 7.3 11.21 16.38 9.42 13.94 11.07 11.24 6.32 8.69 2.56 4.71 5.11 3.85 7.15 4.12 3.91 7.47 8.99 7.23 4.54 6.94 9.6 6.15 2.56 4.58 4.6 4.53
8.69 12.27 10.09 11.67 8.88 4.87 4.77 12.17 7.42 7.57 9.01 8.33 23.38 16.34 13.45 4.39 6.28 14.73 11.33 8.84 7.61 3.81 5.68 4.73 20.3 17.81 12.15 15.65 25.66 16.63 10.79 9.94 6.91 4.55 12.0 13.86 14.53 6.27 5.78 13.64 13.47 15.57 9.77 15.29 18.7 5.25 5.86 4.76 5.76 8.54 7.32 5.34 4.41 13.23 9.1 8.13 6.15 4.16 3.78 7.69 8.09 6.3 6.16 5.13
4.25 8.99 6.12 11.83 7.08 4.42 9.7 4.74 6.64 4.83 11.53 8.66 7.57 18.97 12.91 5.85 5.12 10.38 10.26 6.28 10.57 5.29 6.63 5.15 10.62 11.64 11.85 12.06 12.08 13.53 12.41 11.94 7.58 3.42 6.91 14.95 10.44 4.46 5.03 10.42 11.75 14.7 23.38 25.7 15.97 7.21 4.92 3.89 9.38 5.99 7.64 6.51 11.58 15.31 18.28 13.29 8.76 2.86 3.86 8.27 9.63 9.43 5.4 6.63
4.94 8.28 9.43 4.28 4.8 8.62 5.06 9.18 5.55 5.94 10.01 10.49 10.67 10.0 12.86 9.03 10.18 8.69 9.46 7.32 6.53 9.89 6.44 8.32 9.57 11.68 7.91 7.89 7.9 7.7 7.96 11.3 6.15 4.03 4.76 11.45 4.65 4.6 11.36 6.55 6.11 13.4 13.09 28.33 14.53 8.18 4.59 10.71 8.28 6.0 13.28 7.68 12.32 11.88 14.0 10.97 12.91 5.81 6.92 5.4 15.12 6.57 3.41 9.24
14.39 12.68 7.05 5.32 8.55 11.82 8.98 8.23 8.95 7.89 6.06 18.41 19.21 16.25 5.45 15.7 10.17 9.28 11.0 10.1 12.44 4.84 6.83 6.25 8.12 13.57 8.77 12.35 7.33 10.23 5.67 5.57 8.2 7.66 8.26 8.48 5.84 3.1 6.12 7.7 12.69 16.53 10.61 25.3 10.36 6.11 6.55 4.45 7.04 9.89 9.42 13.92 10.87 17.24 14.11 16.51 12.01 6.04 10.25 11.31 10.46 3.69 4.75 6.31
24.26 13.66 8.7 7.06 10.53 11.93 8.82 8.63 13.6 10.92 11.59 17.88 23.91 8.59 12.0 15.0 7.06 9.86 7.01 9.74 12.48 16.83 6.51 7.12 8.49 14.48 10.77 9.09 6.88 3.97 6.3 3.81 10.19 7.96 7.8 6.89 8.88 6.4 5.05 5.95 13.44 23.54 31.44 13.17 6.2 7.62 9.95 6.54 8.0 9.02 6.38 10.97 12.55 33.94 18.45 12.35 7.66 6.99 6.44 11.29 9.78 8.33 5.0 4.14
11.59 18.37 19.51 20.31 19.01 7.31 11.24 13.47 14.76 15.67 20.83 16.14 18.36 8.72 11.87 18.89 11.73 7.68 6.73 4.39 10.02 21.21 9.12 9.68 8.27 13.17 6.84 8.69 10.96 8.07 5.47 5.09 7.96 4.45 3.82 5.44 7.46 7.81 12.37 7.19 8.5 17.3 22.48 10.13 7.72 9.17 5.89 7.51 9.03 12.82 4.58 7.66 13.23 26.07 11.83 8.12 4.24 5.59 3.16 7.44 9.92 15.33 5.61 3.79
8.56 21.7 24.57 20.5 28.78 14.33 13.86 15.13 22.88 22.64 22.38 14.81 12.15 8.48 6.86 15.0 7.22 3.94 5.41 3.5 7.73 11.07 13.62 15.31 8.72 3.38 3.49 7.41 11.5 10.66 11.67 6.79 4.0 3.44 3.67 7.29 7.11 6.18 7.52 6.61 9.38 10.14 17.95 9.84 11.63 7.78 12.57 4.37 6.51 11.7 9.4 16.77 17.91 19.18 10.16 7.44 9.28 2.56 3.14 4.34 7.6 14.15 5.45 6.56
16.85 31.82 20.89 13.31 23.08 10.39 13.5 7.96 12.03 29.53 26.43 12.36 7.18 8.84 6.83 10.34 7.52 3.19 5.94 4.71 6.61 7.46 11.28 10.39 7.05 4.56 8.42 6.55 9.65 23.56 17.24 4.76 3.63 4.74 4.81 11.66 11.35 7.53 5.14 9.51 12.69 14.83 18.32 20.2 11.74 5.11 10.18 8.99 7.14 6.92 8.6 12.24 25.22 10.21 12.68 3.75 7.05 3.77 4.51 2.31 3.28 3.57 5.33 6.29
19.27 16.52 15.54 24.45 13.08 13.55 10.08 11.73 15.56 47.81 22.86 16.37 10.61 8.68 6.02 7.06 9.95 7.19 8.55 5.49 6.16 8.41 12.4 7.26 5.12 10.26 9.55 6.13 9.21 12.26 6.19 7.08 5.74 5.52 4.72 11.98 9.28 7.89 5.58 13.57 12.61 24.84 13.56 13.53 7.95 6.83 9.66 7.79 6.49 5.82 5.48 12.13 16.43 18.27 12.65 5.62 5.28 3.86 3.57 2.1 2.51 3.08 4.04 7.43
32.83 14.69 14.34 16.88 9.59 14.38 9.0 16.91 20.33 11.73 15.77 22.11 9.6 4.79 4.19 6.09 4.38 5.58 5.1 5.5 8.01 9.48 12.79 12.61 6.63 11.62 3.57 7.74 9.56 5.02 4.46 4.25 5.86 8.39 7.85 10.81 7.49 7.99 6.05 10.86 8.3 9.96 19.88 8.37 7.7 10.3 18.67 9.11 6.0 13.26 7.39 10.29 14.93 22.99 6.46 4.46 4.09 3.09 3.51 3.78 1.12 3.3 6.07 8.7
24.29 12.55 12.76 12.18 17.69 6.0 7.62 7.65 18.66 11.92 11.11 10.37 8.13 4.44 4.61 4.55 5.32 3.18 4.26 7.55 10.9 11.56 8.41 8.0 4.37 5.18 4.84 4.03 13.17 6.02 5.76 4.59 4.34 6.28 6.8 12.22 13.17 6.3 7.67 3.76 7.71 11.17 11.91 5.71 8.45 16.1 17.4 9.76 20.5 15.34 9.51 12.5 10.2 9.38 5.98 3.89 2.5 3.2 3.71 2.17 1.59 2.15 5.38 6.92
19.92 10.14 15.5 14.21 17.07 7.76 3.21 8.58 12.84 12.65 16.77 11.34 4.41 4.45 7.31 5.2 5.99 3.93 5.26 6.67 12.49 11.77 8.6 4.72 4.54 2.89 5.47 3.83 5.79 4.32 7.57 5.75 4.09 9.32 10.89 12.27 12.06 7.91 4.67 3.43 4.9 6.67 7.19 5.3 8.51 8.26 12.13 21.85 21.15 12.39 5.44 5.58 5.96 6.83 4.71 2.71 3.06 4.63 4.1 2.18 4.19 4.3 6.26 11.4
11.6 11.5 19.11 11.05 9.1 5.36 3.28 12.77 11.32 14.14 15.33 15.55 5.31 9.63 7.86 6.82 4.7 4.34 10.83 9.68 5.65 13.23 8.06 6.09 4.65 7.64 14.34 11.02 7.15 6.14 5.95 3.43 3.61 7.71 8.97 8.52 7.29 5.18 4.7 4.29 3.68 8.64 7.61 7.45 5.36 4.59 12.08 17.09 8.43 8.87 7.97 4.49 6.89 6.03 5.77 3.56 2.8 3.64 4.04 3.06 4.28 4.04 5.6 13.8
13.33 10.1 5.79 6.93 6.98 4.11 5.6 9.18 12.71 26.32 15.25 13.08 9.16 8.48 7.56 4.97 5.38 3.4 7.53 12.93 13.47 13.92 6.04 6.31 4.48 11.61 16.7 14.24 8.77 6.87 6.82 3.72 7.06 5.6 8.47 7.52 3.6 4.57 4.03 3.09 4.74 6.08 9.73 6.41 2.87 7.15 10.95 10.7 3.88 10.97 6.7 6.09 6.52 6.31 10.91 3.72 6.28 4.74 3.12 2.57 2.88 2.83 8.66 8.82
17.72 5.41 4.48 6.08 11.7 3.92 6.93 9.98 16.54 19.25 7.97 13.63 7.67 7.27 8.25 7.11 5.1 2.92 3.61 5.99 9.33 14.2 9.01 8.9 8.09 8.43 11.96 8.79 10.01 8.28 5.47 5.7 5.18 7.06 9.75 3.72 3.4 7.28 4.46 6.88 6.26 6.68 3.6 3.54 3.48 4.73 7.77 6.06 5.15 6.4 7.19 7.82 4.45 8.77 13.93 12.6 10.7 3.83 2.88 2.54 2.06 4.34 13.92 8.53
8.38 5.47 7.07 6.26 8.96 6.15 9.07 15.19 16.4 12.57 12.67 6.57 5.35 4.36 6.76 8.2 3.69 6.12 5.46 6.81 12.87 13.54 11.24 8.21 5.2 7.95 6.35 6.8 17.7 14.63 8.14 8.07 3.7 7.77 6.21 2.23 3.35 5.31 3.66 3.96 4.1 5.36 2.88 3.21 4.14 3.74 6.57 8.4 5.44 4.6 8.32 4.78 3.19 8.11 11.89 12.7 9.57 5.41 3.89 3.02 2.64 5.21 7.9 10.76
8.8 6.36 16.34 13.36 8.8 6.7 7.35 13.11 11.16 15.01 9.23 8.3 4.26 4.41 10.17 4.94 10.98 4.17 5.92 12.81 9.94 7.2 8.58 5.79 2.88 5.11 8.53 6.39 9.1 7.82 8.03 5.58 5.85 6.92 2.88 2.76 8.78 2.94 2.53 1.96 2.9 2.38 5.42 4.9 3.87 7.5 10.63 11.28 8.58 4.81 5.63 3.54 3.25 8.82 5.23 7.89 7.6 5.26 5.16 6.75 4.73 4.91 5.76 3.67
5.6 5.86 13.65 15.83 7.1 19.1 4.27 5.43 14.95 8.59 7.11 5.13 3.99 7.42 8.08 12.57 11.75 6.43 11.51 11.74 6.79 5.24 8.48 3.46 5.11 7.31 8.83 13.21 6.98 9.24 6.05 3.43 5.94 3.61 4.22 4.36 8.04 3.03 2.69 2.37 3.48 3.24 4.5 2.67 6.61 7.09 8.07 14.08 9.91 2.6 3.88 4.51 3.8 5.27 4.38 5.87 4.59 2.88 3.31 5.93 7.24 9.48 6.75 9.58
2.75 7.53 7.12 6.67 12.77 8.58 7.18 8.84 13.05 7.06 4.54 4.37 7.51 11.7 12.09 10.72 11.01 20.38 14.47 8.87 5.06 9.75 9.2 6.5 3.77 6.51 3.8 5.93 6.63 10.58 5.03 2.95 2.14 3.74 2.93 7.13 5.8 4.19 2.84 2.53 2.2 4.33 4.7 2.24 6.05 10.32 11.26 17.01 8.84 5.12 3.38 3.8 3.95 2.92 4.74 6.99 3.3 2.87 2.73 5.3 8.93 8.59 15.2 15.34
2.39 3.1 4.07 6.98 19.37 8.84 9.67 10.87 8.16 3.53 2.79 2.91 8.87 5.89 15.52 17.77 9.92 13.9 11.62 10.1 3.53 6.51 8.61 8.16 13.35 5.67 4.03 3.02 4.28 7.64 4.29 3.27 2.28 3.78 3.29 6.46 8.09 6.46 4.5 2.88 2.11 4.92 4.38 8.6 5.51 7.76 11.17 10.6 17.18 6.44 3.45 6.23 6.19 3.35 3.31 3.93 3.16 2.63 3.0 4.68 4.93 9.22 20.45 17.51
3.73 1.91 4.07 14.33 18.31 9.27 14.84 14.09 6.15 3.05 1.72 2.47 9.02 7.57 6.97 11.16 11.86 12.73 15.24 9.06 5.53 4.19 4.93 7.75 12.66 4.41 8.77 5.12 4.05 6.98 6.59 8.62 6.74 2.13 4.51 4.66 4.29 4.49 2.22 3.17 3.92 3.9 4.83 8.98 7.72 9.34 12.25 6.74 9.39 6.34 4.86 6.87 3.78 4.35 5.81 2.56 3.91 3.36 8.04 6.18 8.3 8.51 9.08 11.31
11.25 6.32 5.58 14.57 8.35 9.92 7.21 14.14 7.91 4.55 1.94 3.97 11.99 14.41 10.78 5.78 7.63 10.19 12.87 12.32 6.38 2.93 4.99 7.87 6.97 7.05 8.85 7.73 8.9 8.33 7.19 6.19 3.91 5.81 8.82 3.96 3.72 2.95 2.83 3.56 4.63 5.22 5.9 6.71 7.1 8.35 6.6 7.19 7.05 6.29 5.94 6.58 5.67 3.58 4.0 5.13 4.83 4.5 8.87 18.77 15.28 16.59 7.13 2.36
5.26 13.95 13.58 11.33 6.35 7.13 7.83 9.32 7.29 4.36 4.31 5.48 6.14 12.5 8.84 6.37 3.58 10.56 9.29 9.67 6.05 4.7 7.42 4.21 4.25 7.86 12.4 16.54 17.1 7.63 10.88 4.23 3.78 12.09 7.85 11.38 4.73 3.12 3.58 3.14 5.27 4.58 8.59 11.61 10.95 6.11 5.3 7.16 6.96 5.06 6.64 7.79 7.65 5.19 3.88 7.2 3.87 3.5 9.67 33.82 23.17 14.86 4.52 3.13
7.22 12.07 9.44 11.65 5.83 4.81 6.5 6.49 5.34 5.25 10.96 4.41 4.32 5.83 8.61 5.43 3.51 6.86 8.83 11.64 6.66 7.06 10.62 8.77 5.15 6.75 12.31 14.53 12.98 7.99 7.62 3.78 7.1 4.97 5.14 7.83 4.41 3.56 3.76 4.28 2.96 4.27 4.94 5.43 5.94 3.69 5.93 8.1 10.82 5.68 10.22 8.71 7.08 5.64 12.9 4.2 4.52 5.1 11.4 21.54 15.49 11.94 2.38 3.7
9.18 9.61 7.47 8.33 8.54 6.5 5.92 15.64 9.93 5.38 7.15 3.58 2.59 5.07 6.62 6.29 6.8 6.74 9.43 3.83 9.42 8.52 10.74 10.8 15.6 6.21 4.41 8.39 5.05 7.38 5.26 5.27 3.54 5.37 2.54 3.24 6.0 6.39 4.08 2.57 6.24 6.05 3.51 6.32 6.63 4.83 3.41 14.25 5.68 12.23 8.1 6.72 6.69 7.06 8.68 4.24 5.69 3.9 6.74 10.95 16.97 6.34 2.14 3.79
9.05 5.51 10.77 6.41 8.04 7.04 9.04 22.49 9.82 19.71 10.57 4.05 5.06 5.74 4.15 7.0 4.66 8.7 6.66 3.26 3.86 6.93 11.0 10.79 12.79 6.76 6.68 8.27 5.84 9.03 3.9 2.93 3.9 4.27 2.76 3.1 6.5 8.84 3.42 2.45 4.31 7.37 7.34 9.93 10.77 5.15 5.43 4.56 4.67 16.08 7.09 8.88 3.69 6.86 10.96 7.66 4.52 4.35 8.46 10.62 10.67 6.65 3.18 2.57
8.58 11.54 8.2 5.88 6.54 7.47 14.47 4.53 13.54 13.76 21.24 7.81 7.56 5.71 5.86 8.61 3.57 8.5 7.75 7.08 2.41 4.04 7.58 9.26 5.67 9.13 15.64 11.22 8.0 5.77 5.97 2.21 3.42 4.06 4.05 2.85 5.92 7.5 4.93 2.1 10.61 11.15 13.36 12.04 6.6 9.06 7.98 5.8 7.41 13.83 14.34 12.15 5.95 6.21 18.67 6.31 5.43 4.42 8.48 12.43 6.29 7.25 5.44 2.77
7.19 6.92 8.19 6.4 6.9 7.42 7.12 6.46 10.61 14.31 12.87 8.41 8.59 8.4 18.1 6.77 6.43 7.83 8.72 9.52 2.92 5.62 5.46 9.96 10.39 11.41 12.59 7.86 10.53 4.55 5.65 4.82 2.84 3.05 2.92 2.82 5.63 5.75 4.74 4.51 14.88 9.19 11.84 9.91 8.57 7.18 7.91 9.2 6.33 10.5 6.04 11.85 10.85 6.96 6.67 4.2 5.28 3.46 3.99 6.88 6.12 7.44 6.56 2.74
5.82 5.44 8.26 11.54 13.68 11.32 6.81 11.23 15.5 14.42 10.59 11.5 8.72 10.45 7.19 7.0 3.76 7.46 4.74 3.74 4.62 3.69 9.34 7.33 8.33 12.59 7.29 4.59 12.51 6.62 4.36 12.15 1.98 2.54 1.52 2.97 5.02 5.09 7.19 7.06 7.57 8.8 7.89 2.78 7.69 10.08 5.28 5.9 8.86 11.95 5.09 8.79 8.08 3.42 2.65 2.95 3.69 3.35 4.33 4.67 5.43 9.67 3.59 4.16
4.07 6.12 8.88 9.02 10.36 27.29 9.54 8.64 9.19 7.98 12.03 8.01 7.1 5.52 4.33 2.92 4.54 8.06 5.59 4.23 3.8 4.1 9.36 7.26 9.69 12.51 9.78 7.68 15.11 9.42 6.69 6.98 4.88 4.99 1.44 2.0 2.23 7.1 5.82 3.97 5.36 11.57 11.7 2.86 5.52 7.39 6.87 7.49 12.29 10.12 5.55 4.89 5.7 3.63 2.46 2.34 2.78 3.35 4.87 4.27 4.67 7.0 4.52 4.17
3.69 5.02 9.45 11.62 7.32 22.29 12.89 12.46 11.5 8.22 9.7 12.37 10.96 5.47 4.4 2.66 5.78 2.26 7.19 6.12 5.84 8.27 7.8 16.7 12.5 19.83 26.09 12.09 11.27 5.79 9.35 6.44 5.87 3.15 3.06 3.71 2.34 5.16 5.17 3.26 8.57 7.4 5.78 6.19 3.93 5.42 4.27 15.15 9.35 5.76 8.9 4.96 4.05 4.12 7.59 2.59 1.49 3.52 3.33 4.77 4.57 6.74 4.74 3.9
6.48 5.98 11.62 24.33 13.08 9.12 4.99 8.65 10.77 10.98 14.26 13.86 15.89 6.33 5.03 2.99 1.94 2.76 2.59 9.71 8.02 5.49 8.1 24.23 13.14 18.8 19.49 19.46 13.38 7.65 7.86 5.91 5.81 6.51 2.85 3.18 3.14 4.64 5.04 8.43 6.16 5.74 5.92 5.18 4.84 3.82 8.33 11.12 8.42 8.09 6.43 6.3 4.72 3.48 3.96 5.21 5.22 5.65 6.64 9.78 9.68 9.54 7.92 2.65
3.81 3.87 15.0 17.55 10.99 6.49 4.12 3.62 6.07 9.66 11.29 11.14 13.28 4.41 3.55 1.99 1.88 2.04 2.79 4.52 7.88 13.58 10.01 12.32 15.12 20.44 12.71 11.55 14.69 12.33 5.0 4.45 8.77 8.74 3.76 4.4 4.35 4.53 6.88 6.98 4.86 4.66 4.67 2.98 6.65 6.98 15.43 6.47 13.2 13.91 5.44 4.44 5.09 2.65 2.73 3.83 4.46 7.69 6.43 12.72 9.18 10.23 13.06 4.8
7.45 3.71 8.4 7.61 9.27 7.33 3.95 4.23 4.06 6.71 10.01 7.63 7.25 5.62 5.37 2.93 2.64 2.86 3.35 5.26 9.21 19.67 13.01 10.27 12.4 8.19 27.68 9.4 8.58 7.97 5.65 13.34 10.54 8.35 6.3 2.54 4.02 4.2 5.83 4.19 4.33 5.27 5.21 2.89 3.8 11.16 14.55 13.41 15.85 7.39 4.91 3.79 4.62 3.04 3.28 3.77 5.65 8.81 9.56 12.38 9.44 8.18 12.18 11.53
8.21 7.43 6.27 12.35 6.0 6.36 4.36 5.77 3.36 3.66 4.28 5.87 3.35 7.38 5.82 3.32 2.85 2.86 6.11 8.65 13.23 12.73 12.61 12.91 8.29 13.11 12.73 12.49 7.21 6.75 12.4 11.82 15.72 15.82 14.47 3.9 4.81 4.17 3.66 8.31 4.3 6.92 4.28 4.92 4.97 14.99 15.08 25.97 11.54 7.26 5.52 5.09 5.37 3.6 5.25 3.44 3.8 4.81 13.99 15.72 14.55 15.04 13.99 6.79
3.97 7.75 8.49 13.35 10.56 7.23 4.77 6.94 6.04 4.48 2.51 5.09 5.0 4.79 3.36 4.7 3.5 3.23 7.51 12.87 15.43 11.04 11.57 11.14 9.57 7.05 7.8 8.17 11.94 9.94 9.37 8.75 11.07 22.84 13.93 11.41 7.48 5.69 4.07 3.14 6.87 6.08 4.66 8.98 3.63 13.19 9.19 19.35 11.07 4.81 7.48 6.65 4.86 10.56 8.0 3.67 2.54 4.62 4.73 10.28 20.38 16.61 17.37 12.95
5.8 6.77 11.57 8.24 8.2 5.26 3.81 3.88 4.81 6.92 7.81 3.77 5.81 4.32 2.44 4.8 4.92 5.77 3.1 7.67 12.78 13.03 17.24 9.98 5.96 3.4 6.67 6.01 11.73 10.88 10.34 7.81 10.22 9.85 15.29 9.4 10.67 11.82 5.44 4.33 4.08 5.21 8.2 6.66 5.23 5.45 7.78 6.19 10.84 6.0 8.71 3.15 3.99 16.43 7.74 4.95 3.33 4.89 5.05 10.31 12.05 7.48 21.49 16.44
5.13 4.52 5.45 4.78 8.95 7.48 6.77 3.63 6.67 6.83 7.62 4.31 5.55 5.0 3.98 5.56 6.21 12.22 5.31 4.73 9.91 16.52 18.72 8.99 8.23 4.7 4.9 10.65 5.8 6.5 7.59 10.71 3.56 7.25 11.22 6.37 7.73 8.41 7.99 3.81 3.91 5.14 3.63 3.64 5.83 6.9 8.75 5.44 4.99 10.24 9.92 4.52 4.37 5.25 6.08 4.4 4.2 3.09 6.15 6.69 7.54 8.67 17.34 12.02
4.15 4.64 3.08 5.55 6.74 10.99 9.56 8.33 10.78 7.47 8.04 9.3 13.19 8.92 7.22 4.68 6.73 9.88 6.66 8.27 8.64 5.27 5.15 6.68 8.78 6.92 5.58 9.22 4.88 6.66 6.05 7.88 5.22 7.06 7.21 9.87 5.06 3.69 6.03 4.94 6.55 6.16 7.6 4.44 7.76 8.47 5.63 6.29 7.59 6.11 4.33 5.71 4.67 3.71 3.94 8.08 3.9 5.12 5.62 4.68 6.51 4.03 5.36 5.38
4.0 6.28 7.32 8.16 10.52 6.34 6.83 3.98 9.37 7.36 10.82 12.44 9.49 16.76 11.36 10.35 9.31 6.04 8.72 10.54 6.65 6.94 3.86 5.1 7.19 7.72 8.44 6.45 5.28 8.2 9.33 8.79 9.83 6.35 5.57 6.13 12.11 4.92 5.08 3.79 8.25 9.35 7.26 9.87 8.18 5.56 8.44 8.58 7.16 3.99 3.67 2.52 2.69 4.13 2.99 5.75 4.11 6.66 5.85 3.9 9.1 7.1 2.78 6.65
5.36 7.49 6.79 14.56 5.01 8.48 6.43 3.23 5.19 5.88 9.31 7.38 18.42 14.01 8.66 23.49 17.84 11.96 7.94 8.93 11.41 15.62 10.32 6.19 5.53 6.77 11.47 10.37 7.23 11.15 11.04 4.91 6.38 4.67 4.51 4.39 7.63 8.62 4.16 5.09 7.06 9.3 8.45 16.22 12.84 14.38 18.79 6.3 4.36 4.21 2.34 2.77 3.59 3.89 4.17 5.07 3.5 7.1 4.18 4.21 5.48 7.51 6.55 6.67
4.47 7.33 8.23 7.8 5.4 4.15 5.12 4.14 5.67 10.51 5.85 12.87 22.73 16.26 7.19 10.23 10.86 11.21 13.64 10.0 16.71 13.36 21.69 8.19 5.09 5.43 6.06 8.82 10.3 12.09 4.62 4.01 4.81 6.9 7.85 8.95 3.97 5.02 7.86 7.59 6.59 13.53 14.72 16.96 19.14 35.9 26.93 11.56 9.09 4.35 3.39 11.02 4.6 2.54 3.72 6.68 3.9 4.35 5.93 9.83 7.23 11.34 7.58 7.45
5.52 9.17 6.1 6.06 4.79 4.37 5.01 5.89 7.4 5.45 13.98 7.32 15.76 7.56 5.81 16.3 8.01 14.09 14.28 12.56 16.06 15.81 23.72 8.68 7.2 5.77 5.04 10.25 8.09 10.3 10.65 7.43 8.02 6.8 17.11 8.38 2.79 5.38 6.52 5.83 11.52 16.02 12.52 18.1 18.06 14.2 20.65 10.05 10.21 7.09 7.48 5.41 6.6 4.77 3.38 3.94 5.66 2.54 8.7 10.61 10.96 6.42 9.27 8.7
7.6 4.75 3.5 4.1 2.5 2.54 6.06 7.46 7.67 10.55 13.48 9.24 7.08 7.13 6.96 9.46 14.02 16.13 24.67 12.41 19.58 14.21 19.43 17.72 6.88 4.03 3.79 5.66 6.85 6.2 6.78 8.37 8.79 8.86 11.79 4.76 4.99 3.71 4.91 5.39 7.44 13.8 12.71 15.34 9.81 14.02 13.71 10.81 14.67 10.42 11.43 5.55 8.25 5.35 3.49 5.87 10.88 4.6 6.05 6.49 12.86 10.05 4.78 2.88
5.63 6.45 4.58 2.98 1.79 1.88 2.64 8.58 5.88 8.16 11.78 19.4 6.13 6.8 7.0 5.91 9.11 17.04 11.5 21.9 20.55 9.11 10.74 11.25 3.77 3.73 4.95 6.16 6.56 6.94 8.1 6.83 3.67 11.31 5.67 9.18 5.47 2.87 8.62 7.68 5.44 12.08 17.63 20.65 12.36 10.35 9.77 14.76 14.4 9.9 12.04 5.99 7.36 4.1 3.17 7.1 8.69 8.32 4.65 8.83 7.99 14.52 4.57 3.13
4.21 6.26 5.14 3.19 1.83 2.78 4.61 4.95 14.03 18.62 19.77 15.17 8.77 6.28 4.72 7.82 11.95 10.78 11.31 15.45 10.62 7.48 10.66 7.18 4.87 6.55 8.66 14.23 8.13 10.96 9.8 10.62 8.84 6.1 6.06 9.52 5.26 6.27 6.2 3.97 3.98 7.97 12.01 16.37 20.04 13.25 20.07 12.61 10.65 9.47 6.75 6.98 5.75 5.34 7.57 7.69 9.89 8.48 8.08 8.4 6.99 7.46 4.45 7.41
7.84 7.27 4.95 2.95 1.82 4.49 6.46 5.18 11.25 16.92 33.4 14.89 6.28 6.38 5.57 8.0 15.74 12.71 14.47 6.03 12.45 6.13 8.12 11.4 11.88 7.88 15.8 13.93 11.46 12.86 14.78 11.71 12.51 9.82 9.66 6.44 11.22 12.32 6.11 5.4 5.72 5.83 7.76 8.55 12.16 20.56 20.08 23.73 13.03 11.36 5.26 9.91 6.71 4.99 6.15 3.89 6.28 12.9 10.92 6.25 5.75 7.05 5.21 5.24
9.87 8.97 7.4 4.93 2.52 2.45 10.69 17.44 8.72 17.15 14.26 12.03 8.29 7.89 6.52 4.37 9.26 20.5 13.09 9.8 8.66 7.53 7.75 14.09 8.12 8.44 20.21 13.17 18.02 8.66 20.69 13.6 9.23 11.74 14.75 7.53 6.17 7.5 14.38 8.1 8.36 11.21 6.9 9.54 7.79 12.4 11.61 18.82 15.92 13.95 5.4 7.23 5.01 5.67 6.07 2.85 4.12 11.7 8.61 5.25 4.58 3.33 8.03 4.89
12.79 8.77 13.9 9.99 4.0 3.23 12.04 8.11 10.35 14.83 10.71 6.59 4.23 5.22 4.8 6.38 4.79 14.51 15.08 14.97 7.7 7.55 5.29 7.94 6.67 15.65 11.27 15.87 19.43 8.74 14.04 14.38 11.96 15.33 30.19 11.74 6.94 9.39 9.9 7.26 7.74 5.96 4.69 11.21 9.19 7.58 14.54 14.36 22.45 13.17 7.82 5.73 2.88 6.53 4.97 2.82 7.91 6.72 6.33 5.29 4.34 4.34 8.62 6.09
8.36 7.56 21.02 10.63 5.96 5.3 6.33 6.77 7.88 6.03 12.65 8.57 6.29 5.17 5.4 10.94 13.13 14.86 12.98 11.32 7.95 6.39 5.44 15.23 6.98 10.15 22.5 13.73 15.1 14.33 23.91 14.15 9.14 17.02 10.35 10.23 13.29 11.17 8.96 18.07 19.22 4.94 9.38 6.65 8.49 6.3 8.46 9.9 10.38 8.53 9.94 4.54 7.56 6.62 3.0 5.81 7.08 4.07 3.02 3.27 4.17 5.87 9.22 8.05
6.0 6.31 12.84 11.32 6.13 6.51 10.13 8.23 7.27 6.88 12.28 12.41 12.1 9.3 11.94 16.19 15.12 17.48 11.57 8.63 7.72 8.45 11.7 12.13 8.37 15.76 15.43 11.71 13.49 27.79 16.03 15.89 10.3 16.39 12.21 9.99 7.88 8.6 8.11 14.14 9.53 12.4 7.28 9.17 18.01 7.01 6.48 7.15 7.63 6.83 6.4 6.25 6.09 6.99 4.56 4.87 6.16 10.03 4.43 4.81 5.11 7.52 8.64 5.33
5.1 7.12 5.4 11.99 6.07 11.5 8.12 7.04 5.97 9.25 13.11 14.81 13.44 12.5 24.12 15.45 22.23 8.64 8.04 5.76 9.68 11.1 8.6 6.57 11.82 21.04 15.5 21.19 17.27 12.17 8.41 5.75 14.52 21.43 11.69 9.79 6.05 9.61 10.53 7.54 7.16 13.33 8.13 7.1 7.49 11.05 6.41 5.88 7.72 11.69 8.36 10.31 13.02 9.03 7.79 7.88 7.9 10.97 9.46 7.67 4.92 7.18 5.03 2.76
4.4 6.18 9.39 3.94 8.81 13.13 9.7 9.5 4.72 12.35 12.4 21.25 14.33 11.28 20.8 20.5 27.34 6.35 7.15 5.79 13.38 18.72 6.04 6.84 22.92 11.25 23.45 17.14 18.7 10.16 8.79 8.83 13.99 16.77 19.21 7.82 6.2 4.39 11.21 7.89 7.29 13.22 7.78 3.73 4.31 4.93 6.37 4.25 8.15 7.45 6.5 10.23 17.58 11.97 8.7 10.44 6.86 16.4 10.02 6.85 5.6 5.4 5.38 4.15
9.6 12.83 15.73 10.04 10.03 11.78 15.98 10.46 7.73 8.85 13.77 13.95 15.69 17.1 14.49 17.76 15.79 12.64 6.38 4.32 5.56 16.82 8.71 11.68 9.23 9.81 13.42 12.64 16.58 8.26 6.91 11.39 8.4 10.26 17.69 11.58 14.59 9.75 6.48 4.89 4.96 7.05 4.94 2.57 5.04 4.32 6.53 5.05 9.63 5.68 7.5 14.47 9.96 13.53 9.9 6.21 10.56 18.15 10.94 6.09 7.41 7.26 8.51 4.27
9.24 14.22 15.23 14.42 14.1 12.82 7.62 8.7 8.41 6.78 14.61 14.81 15.23 9.28 12.87 17.13 12.32 10.3 6.31 7.33 7.13 19.63 13.51 13.69 15.21 9.86 5.55 14.14 13.35 14.08 7.16 8.22 5.04 9.26 11.44 13.33 15.02 17.79 8.12 8.21 4.11 3.31 3.27 3.53 5.11 6.11 4.72 3.51 4.78 6.3 6.68 12.83 10.76 14.11 7.17 4.56 8.65 9.39 6.97 4.6 5.25 7.53 6.64 3.75
14.25 13.67 13.23 13.16 18.72 7.71 8.11 8.68 6.68 9.03 12.46 15.0 11.11 14.25 14.27 13.15 12.96 6.52 7.79 5.28 14.43 24.2 14.49 15.04 13.44 11.01 5.19 7.7 11.16 13.03 9.32 6.59 8.51 10.98 7.32 13.09 14.61 10.15 6.42 5.47 6.41 2.44 2.85 4.96 4.19 8.67 6.97 3.85 2.56 3.8 9.02 7.56 14.7 11.87 8.4 6.85 7.18 7.19 7.51 6.26 6.66 3.67 6.71 6.51
20.53 10.57 17.1 9.75 12.15 8.08 10.35 7.74 4.38 13.09 9.55 7.59 13.66 20.4 7.42 4.98 9.05 4.86 4.05 7.3 16.04 15.1 20.3 13.17 12.63 8.31 7.65 5.92 10.09 9.35 4.44 4.57 10.79 11.12 12.29 13.51 15.86 9.05 6.16 5.16 3.35 5.1 4.63 3.28 4.53 5.81 3.79 3.46 4.84 7.86 6.19 9.94 19.03 14.66 10.95 11.7 11.0 7.64 15.78 3.77 3.21 4.49 6.26 5.79
8.96 19.7 13.41 14.71 8.56 7.64 5.14 7.14 4.9 8.52 11.37 26.53 17.25 15.21 4.49 5.21 5.77 5.31 4.67 4.65 14.59 18.63 17.19 10.11 13.18 8.11 5.73 4.14 5.8 4.51 5.84 5.08 12.06 8.72 11.92 10.24 7.01 8.14 3.5 5.63 4.13 9.63 3.06 4.81 9.49 5.29 5.48 5.51 8.55 7.91 7.01 10.88 13.75 10.87 6.41 14.55 10.75 15.12 15.44 4.5 2.9 3.31 3.59 5.37
11.31 12.22 10.84 11.62 6.92 7.4 5.32 6.4 4.68 10.21 15.76 24.65 21.97 10.66 9.55 5.1 6.57 5.27 4.64 7.5 6.34 11.03 13.88 8.02 8.58 9.2 6.25 3.21 4.26 6.16 5.2 4.98 12.17 7.91 7.98 8.24 5.74 5.57 5.72 5.8 4.42 2.93 2.91 3.82 6.73 5.77 11.35 11.59 6.59 7.12 10.14 13.48 13.21 11.0 7.79 6.37 10.45 12.37 14.47 5.24 3.41 2.41 2.76 6.12
10.69 10.58 9.83 8.51 7.15 8.51 9.74 5.19 9.34 7.45 12.15 12.16 11.68 13.72 9.15 8.09 8.28 5.46 5.0 5.58 10.37 13.3 15.59 9.55 5.78 8.53 4.91 6.39 3.52 6.79 5.26 5.8 11.23 5.99 6.73 4.75 5.07 3.38 4.9 7.61 3.12 2.34 3.32 3.98 6.52 5.41 15.91 9.0 5.78 11.23 10.84 12.08 7.69 21.71 7.7 6.18 13.54 12.43 14.2 5.33 4.85 2.08 2.56 3.24
