7.29 9.3 19.41 35.46 11.92 13.82 9.82 8.52 15.16 9.37 10.94 7.46 6.3 3.56 2.99 4.07 7.19 7.73 8.71 5.09 4.23 5.56 4.43 7.19 8.93 7.82 18.64 13.2 4.49 8.24 5.3 4.35 9.67 6.21 7.97 7.05 4.93 7.95 19.52 18.56 10.8 7.84 7.2 9.86 5.48 7.21 5.95 3.96 6.11 3.22 2.44 10.67 10.27 9.46 10.37 11.18 15.5 23.53 24.7 7.16 7.1 10.61 9.45 7.04
13.69 18.53 11.41 27.46 11.51 5.42 8.85 14.06 16.06 8.88 10.52 9.38 5.9 6.58 2.97 3.43 6.27 10.4 5.33 4.95 6.55 7.76 9.88 5.12 6.04 8.48 15.61 7.62 3.91 2.96 4.23 3.99 7.47 10.26 6.62 5.59 9.86 6.93 11.23 18.93 11.12 8.03 12.28 5.93 6.17 10.26 7.32 4.65 4.99 5.17 3.4 7.83 11.09 11.9 14.87 10.12 11.03 6.81 10.54 5.35 4.13 15.99 8.2 4.56
17.01 23.57 16.29 12.35 9.59 4.91 2.65 7.97 3.57 6.56 9.62 7.59 5.89 6.58 10.76 4.01 4.77 8.52 3.6 15.15 9.94 5.89 7.69 6.22 3.63 8.88 9.1 5.54 9.39 4.88 3.81 4.12 4.82 17.87 6.21 4.27 5.9 8.61 11.49 32.57 11.02 11.89 15.45 13.65 6.46 12.4 11.48 9.02 8.07 5.35 6.24 16.83 14.78 11.33 8.89 6.92 10.41 5.34 2.69 2.38 3.18 7.54 8.41 3.73
11.63 18.47 16.61 13.52 10.3 7.6 2.63 9.14 4.12 4.62 9.3 14.09 7.26 7.79 11.68 4.97 5.95 9.19 5.91 9.72 11.48 5.91 6.74 6.07 7.27 12.34 8.76 9.27 7.55 2.42 3.6 5.3 5.96 10.51 9.38 7.89 6.3 2.75 9.27 14.15 18.06 20.13 17.97 20.73 6.93 18.86 18.26 9.09 12.18 13.9 7.4 22.39 15.33 5.12 6.14 5.29 8.86 11.33 1.46 2.18 4.26 7.25 3.89 11.79
13.55 20.13 16.97 9.82 9.29 6.71 6.43 6.47 5.67 3.81 9.42 12.39 7.47 6.3 20.65 7.41 10.52 11.18 8.21 11.95 4.87 3.28 6.33 5.16 3.63 5.96 9.14 21.2 7.04 2.15 2.63 3.94 6.38 10.27 6.49 7.58 4.19 5.91 5.34 7.39 9.69 11.55 20.51 14.0 12.32 13.31 16.45 11.8 11.95 18.55 10.46 16.03 13.44 4.76 6.16 6.22 5.28 6.05 4.6 2.91 4.54 3.75 2.95 4.3
8.11 14.78 16.72 11.78 7.38 6.72 5.84 10.42 9.54 6.61 6.44 6.08 5.23 10.34 11.77 7.67 9.75 13.4 7.6 13.03 9.05 2.21 2.68 3.41 1.82 3.66 5.16 9.86 9.8 3.82 3.08 3.05 5.07 6.26 6.26 4.55 6.65 6.31 4.68 9.41 15.81 12.23 17.97 8.49 11.55 16.06 11.85 6.55 10.85 7.95 12.01 15.46 7.51 2.59 4.51 4.87 6.27 7.15 3.85 3.97 7.66 4.83 2.22 2.24
11.66 14.34 10.67 9.14 8.89 7.75 8.0 16.32 15.67 9.75 9.33 12.09 13.79 11.26 8.93 9.73 10.05 17.53 8.34 10.62 11.79 5.59 2.58 3.51 3.78 4.33 5.42 5.43 3.71 5.08 1.84 2.8 2.88 5.33 6.76 6.05 9.04 5.44 2.76 18.45 16.52 6.46 5.28 9.58 9.27 7.3 6.41 7.57 6.42 9.13 7.85 10.07 9.25 3.44 5.45 5.86 6.09 8.97 13.86 5.16 7.57 4.73 1.76 4.46
12.23 24.12 13.93 10.4 11.45 7.4 6.04 18.8 12.94 17.67 24.98 9.99 12.32 18.06 21.15 20.52 21.74 26.02 10.5 3.99 8.15 7.72 7.18 6.58 11.9 8.24 7.54 7.2 5.93 2.96 2.71 3.94 2.79 5.49 4.82 3.78 4.55 7.5 7.78 8.61 10.67 8.3 6.04 9.31 4.8 8.15 5.7 8.28 6.13 7.25 6.6 6.65 11.43 7.71 5.87 11.38 7.92 7.42 9.93 7.79 4.77 4.02 2.65 3.29
9.32 17.32 18.58 8.71 5.12 7.55 5.53 17.01 9.79 8.46 21.05 28.44 12.93 14.67 12.67 12.55 13.68 30.19 7.27 4.44 8.72 11.26 16.84 9.45 14.76 14.61 12.28 5.39 6.28 3.24 2.93 6.21 5.07 4.09 4.96 5.73 8.23 3.06 8.77 7.62 10.9 5.92 5.95 5.36 4.62 4.66 4.1 4.8 6.18 8.06 3.06 5.2 8.92 7.51 7.75 13.61 9.26 14.06 11.44 6.17 2.44 1.86 2.88 4.57
8.39 9.38 9.97 4.39 5.08 9.26 8.71 8.24 19.98 13.08 21.33 16.29 18.6 10.67 7.3 5.11 8.46 17.72 5.35 5.44 5.49 5.71 11.13 21.06 16.44 22.15 9.57 3.94 3.6 2.77 3.0 4.0 5.32 6.61 6.57 7.11 7.88 4.18 4.18 5.5 11.3 4.16 4.98 3.52 3.46 4.0 4.98 3.4 2.71 5.89 5.95 6.31 5.03 5.0 7.22 8.08 8.35 10.4 6.98 4.49 1.98 2.11 5.21 6.16
11.32 7.81 5.66 4.97 6.0 7.79 6.56 13.23 15.71 11.32 15.88 18.71 9.17 8.14 11.42 7.57 7.23 7.29 2.42 4.4 7.4 6.09 3.68 11.96 14.6 22.35 11.7 4.66 4.96 4.13 2.52 3.66 7.46 4.72 5.38 10.26 6.41 7.27 8.91 6.82 10.27 3.18 2.76 5.3 2.44 4.02 6.84 5.63 4.5 4.71 7.23 6.33 8.76 11.01 10.35 3.72 6.63 9.75 4.86 2.59 2.47 5.23 5.68 7.49
10.18 7.82 7.92 6.11 4.2 7.44 9.24 11.12 12.93 11.18 16.37 22.09 13.4 11.56 17.0 9.06 5.02 6.21 4.0 2.81 10.12 17.88 8.3 8.25 16.12 12.66 11.3 5.81 7.7 5.85 5.77 6.07 3.27 6.11 8.46 11.03 3.88 4.89 7.49 8.79 7.11 3.0 2.06 5.3 3.39 5.59 4.83 4.86 7.43 7.38 4.0 6.4 7.11 10.22 8.15 5.94 4.26 9.18 9.78 3.54 1.53 2.85 5.25 6.72
19.09 10.93 6.42 6.94 6.95 5.54 7.86 9.18 13.43 11.47 12.52 8.93 12.85 22.19 19.69 11.55 2.7 4.23 7.25 4.68 8.62 12.73 11.81 8.66 11.91 7.54 2.98 4.63 9.02 8.12 3.68 7.89 3.35 7.6 22.46 8.72 2.66 3.8 3.63 3.92 3.52 3.93 2.76 3.0 5.35 5.75 9.85 4.09 4.08 2.83 3.7 3.41 6.25 5.05 10.37 17.24 8.77 5.11 8.13 4.05 3.25 3.81 4.44 5.99
9.91 15.57 8.12 6.4 4.86 5.05 3.74 9.47 13.41 4.55 8.54 6.94 16.17 14.13 14.52 15.38 6.19 2.3 6.53 7.0 7.89 8.63 8.99 5.67 6.46 4.7 4.5 1.67 6.14 8.55 5.35 4.83 4.15 15.29 13.09 5.48 4.25 3.37 4.92 3.71 3.82 4.32 2.7 4.2 6.43 5.98 3.94 6.99 6.67 3.53 3.13 3.49 3.88 10.87 11.1 9.12 9.13 4.7 5.58 5.3 1.84 5.13 4.46 3.53
8.79 6.09 8.79 5.93 4.28 4.24 2.74 9.75 6.18 6.64 7.78 10.33 11.78 17.43 18.65 10.22 4.71 5.37 7.86 26.03 13.83 24.07 15.81 7.73 5.1 4.1 5.06 2.91 5.67 7.69 4.45 6.92 4.6 8.59 16.73 5.7 6.84 6.68 9.02 3.88 3.97 2.12 4.55 5.93 4.0 2.61 2.86 5.99 9.04 4.28 3.45 4.87 9.21 11.21 6.02 4.78 12.15 10.45 5.05 4.6 1.82 3.02 4.86 2.67
12.0 8.68 11.85 4.33 3.21 2.51 2.18 6.66 3.4 2.17 8.03 16.71 20.81 19.19 11.46 7.3 7.5 12.98 8.98 10.72 8.67 25.12 15.8 10.29 6.15 9.32 6.51 3.9 4.32 2.82 3.19 6.5 4.1 6.43 6.94 9.04 5.08 7.17 11.93 6.53 4.25 2.26 3.9 3.47 3.01 3.07 2.34 6.32 12.7 10.05 6.88 9.08 20.61 21.08 11.25 6.27 11.21 6.43 6.57 5.74 1.56 3.62 5.86 3.95
19.99 10.03 16.32 5.87 1.82 2.0 2.56 2.97 3.85 3.37 5.46 10.79 15.39 15.11 22.09 6.95 8.71 5.23 6.44 7.64 7.12 10.41 10.57 7.74 10.23 11.19 5.83 4.38 5.17 3.0 4.91 3.91 4.06 4.57 5.85 8.34 9.27 7.46 8.86 14.93 6.09 3.17 2.96 3.54 4.33 3.61 3.89 6.3 17.19 13.36 5.81 14.18 37.73 17.17 15.29 10.27 10.86 5.73 5.01 6.82 2.65 5.71 5.89 4.22
26.69 12.42 12.23 9.37 4.75 3.47 4.64 2.05 2.72 7.02 8.85 8.36 17.71 16.2 20.42 13.35 8.37 8.38 11.73 8.27 6.84 10.53 16.73 10.18 11.19 19.57 7.49 3.2 2.13 3.9 6.24 3.62 4.57 4.28 2.4 5.35 8.71 9.78 9.2 9.67 10.03 5.08 4.31 6.77 4.78 2.19 10.8 12.62 12.41 8.72 10.21 11.03 19.42 17.59 19.61 13.09 12.88 6.77 16.29 8.76 4.04 4.98 8.41 4.4
11.35 12.62 6.99 14.72 9.28 7.27 3.21 3.75 3.84 5.65 9.15 7.42 9.58 17.6 16.42 17.26 26.57 9.38 13.36 7.01 5.29 6.63 9.67 13.46 29.85 13.05 6.43 1.85 2.66 4.24 3.11 2.35 3.78 3.16 3.28 3.31 5.19 8.07 6.08 9.22 9.76 8.62 5.63 9.0 6.83 5.16 8.92 13.03 11.82 11.48 4.41 7.23 13.71 18.36 21.8 26.45 25.51 12.36 9.49 11.36 10.84 8.14 21.73 5.53
5.35 2.9 5.0 6.24 5.1 4.04 2.72 4.81 5.33 4.6 3.9 5.69 4.19 9.56 8.86 9.08 10.48 6.45 8.87 9.64 3.66 11.65 14.95 19.39 40.38 11.8 5.71 3.22 2.83 2.52 4.07 7.28 4.13 4.69 5.56 3.82 5.12 4.79 8.52 13.13 6.99 8.67 6.47 8.28 5.89 9.4 5.68 19.98 11.7 9.59 3.41 4.75 16.22 9.04 11.76 48.03 30.31 14.47 10.9 19.45 8.99 7.09 18.75 3.4
6.19 3.31 6.41 6.07 4.81 5.02 2.97 3.33 7.6 5.86 2.63 3.56 10.66 7.59 4.52 5.52 5.3 8.43 5.14 7.0 4.73 7.03 13.26 17.87 19.57 7.94 4.61 2.64 4.8 2.21 6.17 13.16 5.26 7.89 9.95 3.69 8.76 7.2 8.72 9.42 13.03 14.86 12.88 3.66 5.86 7.0 6.77 12.82 9.16 8.45 6.56 7.6 10.58 9.44 18.37 31.8 26.84 9.89 8.82 22.32 6.74 5.21 8.06 6.55
13.16 6.2 11.41 7.16 9.91 9.4 8.56 3.53 3.19 4.96 2.18 3.46 5.85 3.88 5.84 7.58 6.29 3.82 5.99 3.27 6.31 5.24 3.84 17.3 9.31 7.33 4.95 2.82 3.93 4.55 4.22 6.67 18.78 36.81 12.56 5.6 5.04 13.4 13.11 10.37 15.71 23.53 28.5 7.1 5.5 4.13 15.81 27.27 10.71 11.29 6.36 9.59 27.85 11.84 18.26 11.4 22.71 17.28 13.42 9.1 14.35 13.61 15.99 10.0
9.9 5.68 12.61 12.32 7.01 5.62 5.64 7.4 6.23 4.12 2.35 3.75 4.92 4.45 6.22 5.68 7.42 6.33 4.8 4.17 4.9 7.6 9.94 6.34 4.82 5.18 2.91 3.78 3.97 3.3 5.67 8.18 24.74 31.92 17.44 18.31 13.55 17.9 14.62 11.57 22.92 12.0 19.12 8.16 9.84 7.46 12.32 15.32 9.93 15.74 7.67 8.11 20.3 11.75 9.04 19.35 14.19 7.09 9.47 17.89 17.83 9.99 11.07 10.91
17.36 7.15 6.7 20.35 11.05 14.59 7.95 5.52 5.75 4.44 6.94 8.83 7.49 5.52 9.76 4.31 3.78 5.46 4.21 4.29 4.2 5.76 5.77 5.72 3.39 4.11 2.2 3.38 3.64 3.75 4.94 5.08 12.04 16.45 18.81 21.57 14.15 12.77 9.61 9.84 18.53 22.22 9.04 4.74 4.37 4.51 8.18 4.75 8.2 7.57 8.84 7.26 9.61 13.05 5.65 17.59 18.82 7.99 8.99 15.18 9.99 5.42 12.84 10.56
9.88 5.94 8.44 8.76 9.15 9.15 13.02 5.36 5.32 4.25 7.69 9.53 9.91 5.22 4.81 6.16 7.8 4.15 4.79 4.03 3.13 4.06 3.72 2.92 5.24 2.3 3.78 5.52 1.29 4.23 9.63 4.15 6.23 13.91 15.87 12.91 20.61 24.16 9.33 9.54 28.51 25.16 16.05 9.44 8.45 12.28 3.55 4.14 4.9 6.35 10.09 7.56 10.97 18.29 9.72 14.85 20.11 11.57 15.4 15.31 9.08 6.11 12.32 7.11
8.83 4.15 10.3 9.91 7.94 12.05 16.99 10.43 8.49 9.14 11.04 9.04 7.2 9.57 3.96 4.68 6.22 3.22 6.19 8.71 5.95 6.82 3.31 3.17 5.03 3.49 6.12 2.99 4.05 5.12 19.43 7.75 6.07 12.79 15.48 12.39 13.05 19.61 20.89 8.12 25.17 11.8 16.41 12.97 13.91 9.7 3.54 4.03 6.31 6.11 12.0 5.13 4.13 15.1 10.38 13.37 19.0 14.28 23.06 27.02 17.36 13.79 10.7 7.77
14.43 12.45 9.78 8.46 8.83 9.47 11.59 9.04 9.54 9.24 21.78 21.21 10.76 7.51 7.33 5.07 5.4 3.6 5.21 7.73 6.65 5.21 2.65 3.03 6.73 3.67 3.06 3.09 10.36 6.22 6.97 7.67 5.25 14.62 18.0 13.16 8.05 10.75 14.48 9.97 4.34 5.35 10.85 5.53 9.0 5.51 2.77 4.13 5.92 10.62 9.75 9.2 6.67 7.29 12.95 8.34 22.35 22.45 16.18 40.4 22.76 30.47 18.25 12.36
6.65 7.66 8.09 7.55 3.77 7.74 10.74 11.83 7.71 14.75 16.5 15.09 10.3 6.77 6.68 5.58 2.95 3.31 3.22 4.84 4.09 4.23 2.69 3.55 2.9 3.57 2.38 3.73 8.37 4.35 8.0 13.85 8.22 20.28 22.42 27.99 7.81 4.58 10.12 6.2 3.88 4.4 6.73 3.93 7.39 4.23 9.6 5.92 6.84 14.52 5.49 5.49 7.53 5.57 10.19 11.16 16.49 8.69 13.82 25.28 24.56 13.26 11.18 18.96
5.55 6.42 5.78 3.2 4.59 6.7 8.0 4.22 10.86 24.75 26.29 9.46 12.9 7.47 9.29 3.77 6.82 3.34 5.34 6.32 6.22 7.82 8.28 6.86 3.38 4.09 4.96 5.68 4.1 6.44 8.74 8.4 7.02 15.03 8.26 10.65 11.57 8.79 5.42 4.48 1.62 6.81 3.25 2.09 4.54 2.37 5.63 14.88 11.05 8.22 4.91 5.17 4.18 7.08 7.58 5.2 9.03 8.61 16.64 16.55 20.18 14.11 9.43 10.77
2.65 3.13 4.89 4.58 3.56 4.09 4.68 5.17 12.55 15.59 10.86 16.3 27.88 13.97 12.57 5.51 5.57 5.2 6.15 3.15 4.54 5.24 10.57 8.49 6.11 3.62 10.3 12.86 12.2 7.57 9.46 5.31 5.41 4.73 6.11 7.15 6.67 5.39 2.81 4.53 3.44 5.09 4.42 2.27 2.95 2.55 4.04 12.93 24.08 11.8 12.1 8.62 4.55 4.15 9.36 6.01 10.08 9.37 18.76 15.51 23.15 13.9 13.45 12.17
6.09 2.92 1.46 3.83 3.06 3.12 3.11 10.1 4.52 8.18 8.45 10.18 13.92 11.41 6.29 9.37 8.58 7.56 5.72 3.87 4.63 11.98 6.3 5.1 11.57 9.76 21.27 12.69 18.16 11.24 18.78 8.9 10.46 6.67 7.06 12.05 6.24 2.79 3.38 5.23 4.07 5.15 4.72 2.26 4.18 4.69 4.98 6.73 7.89 8.35 6.26 3.28 6.01 6.24 4.69 5.29 6.97 8.73 16.73 19.54 12.46 9.64 14.55 9.76
5.49 2.69 2.15 2.77 3.32 2.67 2.59 6.56 4.94 7.62 11.52 9.2 10.24 13.59 13.62 6.65 7.12 5.8 5.0 11.26 9.88 16.29 7.9 5.75 6.36 7.53 13.86 13.03 13.27 16.0 11.17 11.46 5.13 5.8 9.31 9.71 8.43 5.0 5.35 8.18 6.19 5.67 5.31 2.13 2.53 4.5 2.86 4.53 6.83 4.17 4.57 3.23 5.17 3.0 3.01 6.42 6.67 5.96 10.2 17.3 14.14 6.48 7.44 11.96
6.29 3.9 3.59 2.91 2.64 3.0 4.44 3.49 3.38 5.81 11.11 8.81 9.19 5.73 6.17 4.99 5.3 4.36 4.32 7.43 11.42 9.42 5.51 6.25 5.41 7.63 12.34 8.44 8.25 14.47 9.23 4.66 3.71 4.17 12.76 8.52 6.41 11.46 4.51 15.14 26.96 7.55 7.74 4.48 6.22 4.77 2.73 5.66 5.25 4.8 4.54 10.86 5.54 4.93 6.2 5.5 4.16 6.29 14.1 13.24 14.19 9.43 8.5 16.14
4.6 2.76 2.92 3.21 4.93 3.48 5.25 4.39 5.45 4.37 7.76 9.3 5.58 6.5 7.91 6.14 7.0 5.73 6.82 6.59 9.85 7.67 7.27 14.52 9.45 6.49 15.38 8.84 19.64 10.63 7.1 4.37 9.33 6.72 14.55 5.89 6.61 10.24 10.16 10.85 16.91 8.17 6.97 3.14 6.56 2.93 1.6 3.8 4.0 5.73 3.84 6.51 3.68 5.81 7.39 4.41 4.45 7.88 7.02 5.5 6.11 10.26 5.2 8.06
10.86 2.78 5.05 6.54 6.78 5.61 4.49 6.31 5.9 7.98 7.38 9.26 8.49 2.98 8.07 7.05 4.88 7.05 4.81 7.5 6.25 9.36 6.08 9.22 10.63 10.57 12.36 11.67 6.72 7.42 3.56 3.11 12.25 5.48 6.94 15.05 11.7 12.43 16.24 9.65 5.15 8.74 5.01 1.06 2.48 2.43 0.98 1.51 4.7 5.26 5.12 3.74 7.22 7.54 3.61 2.95 8.03 6.52 13.3 5.04 9.16 7.33 6.82 5.25
7.02 3.79 6.39 7.23 3.79 5.54 5.79 5.02 3.07 6.58 6.38 9.85 9.86 3.07 3.48 4.63 7.99 6.93 5.16 5.25 6.24 3.31 6.88 5.76 7.39 9.13 10.3 10.21 5.44 4.5 3.64 2.07 6.89 7.69 11.12 17.21 15.05 18.65 28.69 12.75 8.39 14.0 5.56 5.4 2.01 2.96 1.82 1.35 3.62 3.43 4.19 5.69 5.79 8.93 3.32 4.07 5.75 9.61 10.23 10.48 5.88 3.45 8.14 10.58
5.86 6.98 5.08 4.34 4.26 3.74 9.82 7.8 6.02 9.41 6.48 11.11 12.96 5.76 4.4 7.25 14.02 11.38 7.45 9.36 5.44 4.05 4.84 6.69 4.38 7.81 18.66 17.41 3.34 4.4 5.19 3.86 9.12 12.13 10.83 19.01 10.72 19.4 20.6 10.9 10.5 8.36 6.38 5.42 4.42 2.84 3.44 2.99 2.19 2.19 4.82 4.46 4.17 5.08 8.18 4.67 3.5 13.81 5.82 6.22 8.71 6.14 6.66 4.61
13.5 10.53 8.23 3.04 4.41 3.58 4.12 6.93 7.37 9.19 18.6 18.34 13.52 9.76 10.55 9.44 15.0 4.29 7.27 8.95 4.73 6.49 7.4 3.35 2.54 4.98 8.81 15.8 4.52 3.16 8.78 4.69 6.51 6.9 5.34 13.75 19.68 10.89 11.17 6.78 7.72 3.96 3.39 2.57 3.7 5.46 4.8 7.51 8.88 5.1 6.2 4.35 4.34 5.92 5.57 5.4 6.94 11.41 7.74 9.51 8.25 9.3 4.33 4.68
12.02 8.7 4.83 5.21 4.55 3.35 3.62 3.69 6.97 8.88 14.48 12.63 7.27 11.59 13.26 8.29 9.01 5.92 6.63 7.68 4.51 4.38 6.51 4.27 3.77 6.84 8.13 8.69 8.22 6.43 4.34 5.52 14.42 10.66 9.5 10.88 9.08 6.52 7.08 4.51 8.56 8.47 4.03 1.47 4.17 7.06 10.55 9.92 6.25 5.48 4.45 3.49 5.24 5.21 5.28 6.47 13.65 8.62 8.54 8.87 5.99 6.88 10.13 6.95
6.17 7.43 6.07 6.56 9.95 4.27 6.33 10.45 6.48 8.88 12.91 6.91 12.6 7.83 4.66 9.6 12.69 10.33 6.52 5.65 9.28 6.27 6.15 15.98 6.52 6.7 17.85 12.25 4.82 5.84 5.0 10.31 8.22 7.59 6.9 11.74 6.55 4.41 5.1 5.48 5.97 7.83 3.09 2.04 6.72 6.57 8.88 6.71 9.56 5.7 5.56 2.68 4.33 3.91 6.61 18.55 8.74 5.6 10.5 6.64 8.3 3.6 5.17 15.26
5.04 6.32 4.25 7.53 16.67 13.28 8.94 20.26 9.97 24.4 23.04 6.45 12.73 9.98 4.21 6.88 7.01 8.3 18.14 5.12 9.29 6.88 9.11 10.0 7.1 6.98 16.71 13.06 6.03 7.9 8.75 6.44 4.54 10.61 12.21 9.62 6.38 5.41 7.65 6.55 3.19 7.43 3.48 3.09 4.73 3.91 6.96 10.23 7.05 5.01 7.44 3.76 3.27 5.98 8.77 17.5 11.76 7.5 11.21 4.78 7.27 6.17 3.11 7.79
3.35 4.13 4.65 7.27 22.57 17.54 13.78 25.34 12.3 16.2 13.26 11.2 17.07 9.73 4.55 2.27 6.69 6.71 13.46 10.72 9.66 13.09 10.1 6.36 8.99 12.88 13.14 9.91 9.89 5.68 11.48 5.61 8.53 14.12 8.66 19.01 16.3 3.89 6.95 7.31 4.52 7.33 3.95 2.74 5.25 8.28 4.82 6.91 5.52 4.53 7.79 7.5 2.69 6.1 10.91 12.1 15.32 19.3 9.2 4.41 2.77 3.18 3.43 7.35
5.0 6.12 14.12 9.4 12.69 15.21 27.83 24.11 11.52 18.43 9.04 18.83 12.34 12.2 4.98 2.29 5.39 5.5 10.85 14.92 8.59 11.94 10.92 9.74 9.29 6.67 4.75 6.79 7.12 3.7 4.19 3.37 12.09 10.48 12.0 18.29 14.97 5.91 13.07 8.27 6.95 3.36 6.1 5.91 3.58 5.77 5.51 5.09 8.97 5.69 11.05 7.85 6.62 4.88 10.04 11.62 12.43 18.04 12.06 6.76 6.16 5.58 3.72 4.31
3.99 8.47 14.26 17.57 17.43 10.56 30.96 19.11 13.69 10.0 22.4 16.28 11.78 12.72 1.76 2.33 7.36 2.38 4.22 16.99 11.7 13.04 14.77 8.49 6.74 4.06 6.61 6.48 4.14 7.42 8.3 5.29 4.58 9.13 11.96 12.21 5.79 14.48 7.84 9.69 8.05 6.93 5.09 10.56 5.44 6.64 5.22 9.96 15.23 11.33 11.77 22.89 8.94 8.72 7.19 10.16 25.31 16.87 35.1 9.67 8.44 8.37 6.58 4.06
4.83 10.02 7.56 18.96 20.89 8.83 11.52 16.08 9.85 6.73 8.19 22.78 14.07 12.38 3.22 1.88 6.43 7.52 3.58 5.74 7.9 8.46 11.17 8.38 5.69 6.82 7.45 5.46 3.11 3.85 6.68 3.45 5.77 5.78 20.52 9.99 7.49 12.9 3.16 11.27 16.26 11.99 10.35 9.51 8.47 7.06 3.26 4.27 14.1 15.55 14.78 17.77 9.62 12.18 7.1 8.49 24.89 32.04 24.23 15.81 8.84 14.16 6.51 9.48
8.69 13.57 6.95 10.97 46.42 12.89 5.28 8.53 6.97 9.95 4.82 11.79 17.06 5.73 5.95 4.17 2.7 4.07 5.72 4.43 4.2 5.53 7.05 6.11 6.21 5.73 7.35 2.79 3.02 3.23 2.65 3.49 3.25 5.57 9.11 9.45 8.77 6.72 7.65 8.87 10.21 5.85 6.94 8.97 5.07 5.77 5.0 3.66 6.34 8.15 7.3 11.74 9.31 7.52 7.03 7.8 28.59 44.59 19.34 12.98 18.03 22.96 9.69 6.59
2.55 6.59 14.23 11.87 21.92 10.51 6.61 13.83 7.76 6.6 4.26 9.47 11.04 5.25 4.81 3.24 5.72 5.54 3.57 6.83 6.34 7.82 7.37 4.74 4.12 4.35 7.23 4.07 2.42 2.11 3.02 3.53 2.5 3.41 5.75 6.38 5.35 3.6 8.31 11.14 8.69 9.3 15.16 8.55 9.08 5.59 7.97 3.77 3.88 10.84 6.49 5.02 6.83 5.54 8.87 11.65 20.05 43.45 24.36 17.15 16.55 5.38 11.95 5.82
3.41 5.36 11.74 7.31 15.88 10.38 14.06 20.27 7.95 9.76 8.78 12.19 9.88 5.08 5.99 6.14 6.31 4.67 3.06 8.47 11.67 6.9 5.16 9.93 5.4 13.2 4.95 6.19 4.27 2.37 6.52 2.77 2.53 5.73 4.63 3.81 5.72 3.02 3.19 9.98 10.96 6.34 7.1 7.83 9.27 6.3 5.64 6.23 5.19 5.03 4.69 10.87 7.86 4.35 6.33 7.38 11.7 16.91 11.16 9.36 6.0 10.16 11.33 5.36
4.74 8.3 14.13 4.25 6.45 4.89 7.97 12.49 9.16 8.35 7.76 7.82 9.37 8.29 8.88 8.76 9.41 6.68 5.7 4.35 6.94 5.92 7.02 9.37 5.63 19.55 7.36 6.36 5.2 1.74 4.48 2.77 2.44 2.11 2.93 2.36 2.75 3.87 3.45 8.26 9.86 5.14 5.1 7.83 5.0 3.96 5.9 7.81 6.83 6.56 3.89 11.38 5.65 3.77 6.0 8.29 4.24 5.14 5.49 8.35 4.15 14.1 15.06 8.73
10.18 7.74 10.48 3.43 6.34 4.37 2.91 7.94 11.45 5.2 3.86 13.09 10.31 9.35 10.9 12.63 4.37 6.07 5.49 3.25 3.38 3.53 2.85 3.49 4.36 16.2 5.49 5.52 5.97 4.65 2.49 2.06 3.57 1.45 1.45 1.96 2.61 3.37 4.88 6.19 11.28 5.36 8.11 10.24 8.0 5.43 9.3 5.99 7.5 6.03 6.43 4.09 4.37 6.65 6.42 4.49 2.76 6.9 5.27 3.15 5.13 11.4 7.07 10.0
7.99 6.52 7.53 3.06 4.12 9.7 6.73 2.49 6.51 3.02 5.91 6.11 11.85 6.23 7.9 11.26 8.34 4.28 5.78 3.46 4.57 2.4 5.03 8.61 9.4 17.31 14.28 6.45 3.86 4.21 3.49 4.12 3.04 2.87 2.13 2.06 2.16 5.61 4.38 3.56 6.55 4.47 9.32 13.7 8.39 9.74 13.1 9.97 9.17 7.06 7.11 8.02 10.13 3.78 3.64 5.9 2.51 3.17 4.72 2.63 4.54 12.95 8.77 11.63
8.82 8.27 4.54 3.2 2.82 12.25 10.46 5.48 3.62 4.64 4.25 2.58 7.35 6.3 4.8 8.2 14.85 4.59 3.65 4.46 6.68 5.51 3.21 7.02 11.29 14.63 17.19 6.04 4.53 10.38 8.71 6.86 2.84 2.7 3.1 3.66 2.78 6.69 7.36 7.81 5.23 4.92 4.98 16.97 14.64 7.84 17.1 20.07 13.7 10.08 11.06 12.42 19.31 9.43 7.94 10.02 4.4 2.27 5.3 3.07 7.51 14.0 13.7 7.57
8.88 10.57 4.73 2.91 4.98 13.71 6.37 7.22 5.58 4.5 1.86 3.21 2.6 3.87 3.96 7.09 5.81 3.37 4.46 5.49 5.7 6.6 5.33 7.29 11.06 9.03 10.24 8.22 5.47 10.35 16.8 6.19 4.42 4.06 4.22 4.34 5.08 11.89 12.15 9.87 9.06 6.76 10.42 17.8 10.89 8.45 10.16 18.72 6.87 12.43 11.08 19.77 20.05 11.39 8.51 9.06 3.54 4.51 11.03 5.43 5.89 16.71 7.78 10.07
9.96 5.01 6.21 4.15 5.23 4.87 8.54 6.05 5.29 6.1 2.58 7.71 3.09 3.55 7.44 7.93 5.29 4.31 9.95 4.86 4.6 8.91 7.13 14.36 7.98 7.81 4.53 4.64 7.78 7.18 6.54 7.34 9.6 11.8 4.07 6.02 9.26 22.51 15.18 9.54 8.6 8.97 12.52 12.24 5.52 8.24 17.62 6.75 4.51 9.77 9.02 13.27 21.19 12.03 9.57 5.73 8.54 3.25 4.27 7.55 10.33 10.8 11.16 12.02
3.72 6.51 6.92 6.99 9.74 8.2 9.31 4.04 4.39 7.21 5.56 6.03 3.75 2.71 6.76 12.74 8.28 4.98 6.3 6.66 15.34 5.52 9.93 10.13 8.41 8.28 4.77 4.09 8.16 16.19 12.34 4.79 11.8 14.84 4.14 4.74 9.93 15.34 9.76 9.61 11.14 13.79 9.41 13.35 8.81 7.52 9.63 7.01 8.79 8.78 7.98 19.12 35.1 14.7 21.01 11.0 7.32 11.1 6.87 6.67 9.99 6.37 6.99 13.84
2.73 4.48 7.24 16.09 6.55 13.58 5.31 2.53 4.49 4.9 2.73 4.12 6.02 4.95 4.09 9.57 7.53 9.49 9.91 9.78 20.75 7.75 16.51 17.4 6.43 5.67 5.86 14.52 11.56 12.75 19.07 7.63 9.6 15.8 7.4 4.5 13.6 15.21 12.25 7.43 10.1 15.59 7.89 9.81 11.6 7.9 13.14 4.88 8.41 9.13 7.85 18.02 22.42 19.78 17.73 17.95 6.94 4.51 16.0 7.78 5.57 7.24 3.43 8.9
3.54 5.48 5.07 13.57 16.33 15.13 15.37 4.82 3.98 2.25 2.77 6.54 5.35 5.75 5.16 8.87 7.35 7.97 11.98 13.84 6.21 7.57 12.9 13.2 7.62 8.92 10.15 7.59 4.78 16.38 9.56 10.97 8.44 13.25 10.45 7.01 8.07 15.41 10.59 9.48 12.34 5.33 4.39 7.85 3.93 5.78 7.97 6.59 6.01 10.41 7.87 16.09 16.47 13.38 19.13 12.47 6.65 5.01 10.05 10.64 7.34 7.58 7.63 7.01
3.75 4.97 9.28 8.44 9.37 13.64 6.44 7.75 6.36 5.59 5.43 4.74 6.92 6.52 5.48 10.49 8.81 9.31 6.5 6.36 6.42 11.34 5.63 6.42 8.15 4.81 16.2 6.5 11.56 10.95 11.53 8.82 8.12 4.19 2.81 4.33 9.75 15.69 23.63 12.5 10.72 5.88 4.07 6.81 3.68 5.55 6.02 6.22 6.03 6.81 4.46 16.57 20.58 22.84 13.24 17.23 8.27 5.68 7.75 8.72 9.3 13.33 9.1 8.65
3.32 1.72 6.0 4.5 8.21 4.99 4.62 4.72 6.3 6.99 6.68 5.99 7.3 7.63 4.18 8.29 8.69 5.33 6.33 8.36 12.13 10.62 4.83 12.17 12.84 6.74 8.27 8.35 15.84 12.18 15.69 22.12 8.2 4.42 3.44 3.75 8.29 8.29 11.01 26.87 7.71 5.03 4.37 3.75 6.87 6.32 3.91 6.62 3.89 6.86 7.82 9.72 8.31 10.95 10.84 10.34 14.61 5.49 8.56 12.08 9.61 14.44 14.13 12.47
2.02 3.01 4.69 2.45 7.18 6.96 3.37 2.69 3.57 5.33 3.72 7.85 5.35 5.29 3.92 5.78 8.01 11.17 8.82 9.91 13.83 5.68 9.74 30.22 14.94 6.04 6.35 5.69 9.74 14.7 13.0 8.32 7.56 7.46 5.47 2.82 6.32 7.71 7.37 8.47 4.5 3.24 4.75 3.27 7.62 5.07 4.66 7.41 6.56 11.11 5.97 8.73 5.51 8.66 5.31 4.48 7.79 6.65 7.53 7.49 6.66 19.16 27.67 20.34
1.61 1.93 3.13 4.26 6.84 6.91 2.67 2.15 5.33 3.79 2.04 3.46 4.82 8.22 5.39 4.89 3.41 9.25 12.19 9.82 8.26 10.78 11.81 25.12 8.98 7.23 4.07 8.17 5.5 7.88 12.86 9.69 6.7 5.25 5.19 6.65 18.1 12.87 7.89 12.44 5.24 3.86 4.99 6.58 6.63 5.05 13.53 5.82 6.86 17.51 8.33 12.76 4.05 4.46 5.25 6.11 4.48 8.59 5.19 13.23 10.13 9.68 8.79 10.08
3.49 2.49 2.38 3.69 9.89 8.28 3.67 1.65 5.69 3.16 2.83 2.51 4.46 8.1 4.93 3.5 3.74 10.07 9.16 12.71 10.04 11.93 13.47 16.09 12.24 7.99 3.24 11.97 5.24 8.55 7.68 9.58 5.46 5.1 7.41 8.94 23.95 20.94 7.77 4.92 4.19 6.36 9.53 12.21 9.23 5.24 18.39 9.52 8.54 13.27 21.92 10.17 6.38 3.24 4.47 5.22 6.68 7.91 4.73 9.69 10.45 14.82 8.12 6.02
3.85 1.98 3.18 7.26 4.0 9.22 8.87 4.79 4.19 2.44 2.68 2.27 5.48 6.29 12.78 3.69 6.69 13.64 6.7 7.54 7.63 5.0 9.89 11.54 8.91 2.9 3.85 11.1 8.49 8.33 6.71 5.51 3.65 5.5 7.35 11.92 6.66 12.36 7.46 5.56 6.12 8.31 9.87 15.22 9.74 8.43 4.08 8.52 12.03 7.39 16.56 7.32 7.93 6.63 4.45 5.16 7.84 4.94 5.26 8.22 21.14 15.76 15.49 5.86
2.39 2.66 4.42 7.17 3.52 4.3 5.27 6.05 4.75 5.14 3.19 3.98 5.19 6.08 11.34 5.68 5.58 7.77 6.12 2.78 3.74 4.26 6.68 5.19 3.43 2.84 8.19 5.18 7.13 10.45 5.17 5.46 4.18 2.31 4.29 8.61 8.82 10.56 6.46 4.94 8.87 10.39 6.74 10.62 10.59 7.19 6.34 6.99 6.24 8.27 9.21 4.58 6.0 8.29 9.33 10.92 3.06 3.05 7.28 11.12 11.85 10.91 6.26 7.26
