10.9 10.55 19.12 11.21 10.14 8.32 9.39 5.91 13.32 27.74 8.2 8.61 3.75 3.18 4.95 11.27 11.45 6.35 6.75 10.48 9.68 12.87 8.63 4.3 2.96 4.78 6.72 9.31 15.44 7.44 6.6 7.56 14.12 11.57 7.14 6.39 6.06 7.35 8.53 11.57 13.14 6.91 3.19 3.08 8.14 15.85 19.7 22.72 37.59 21.62 22.24 26.4 18.88 29.25 15.03 14.11 12.1 10.86 8.69 6.53 5.47 9.79 6.75 4.85
8.08 8.1 12.21 9.8 12.98 5.9 7.56 8.16 22.54 20.4 4.81 10.4 5.67 6.25 9.4 7.53 8.06 6.38 4.07 3.68 12.17 13.17 8.51 13.38 4.23 9.23 6.4 7.66 28.12 9.74 9.92 6.46 14.66 6.32 3.56 5.11 7.62 14.56 10.4 15.85 21.6 8.71 4.64 4.66 14.33 12.2 12.02 17.74 16.46 19.88 25.44 27.15 26.19 15.12 13.17 6.61 6.24 7.57 7.58 5.15 6.42 12.17 9.79 9.24
10.18 13.44 10.72 10.75 12.89 7.59 6.56 10.51 22.96 13.66 14.42 9.53 6.38 9.71 9.98 9.8 5.54 5.72 3.56 2.58 8.55 13.4 16.31 16.64 17.81 15.16 8.21 7.99 12.3 12.34 9.55 5.71 4.63 6.37 6.1 2.85 7.26 16.37 10.24 16.15 13.95 14.24 7.02 5.91 13.22 24.23 8.46 7.75 7.06 7.53 19.09 21.25 15.01 9.05 11.43 14.11 5.16 3.42 4.63 5.3 9.2 15.07 11.26 7.4
6.04 6.7 9.93 10.11 5.01 4.14 6.9 7.09 19.36 8.77 7.44 5.32 4.29 8.08 11.67 10.77 9.8 6.77 3.12 4.21 7.48 10.06 12.6 11.08 24.07 20.3 5.2 3.59 4.9 7.22 7.35 6.28 3.91 4.97 10.29 3.64 6.41 16.86 11.06 9.94 8.05 13.97 8.33 14.28 10.81 8.11 5.09 4.15 4.71 5.69 6.27 9.56 8.65 10.87 16.11 11.82 5.62 4.92 5.06 5.85 8.92 4.43 4.08 6.92
5.04 5.29 15.45 20.81 4.04 2.78 4.49 6.98 15.99 7.87 4.35 3.45 8.25 5.34 8.93 6.02 4.92 8.39 3.43 8.68 16.04 8.05 4.68 6.02 13.68 7.47 8.95 3.57 3.17 6.19 4.83 5.0 3.36 2.34 5.53 8.29 15.13 9.87 18.38 13.73 8.99 13.3 11.45 10.35 11.23 4.53 6.48 6.9 4.23 4.06 4.71 4.13 4.55 3.86 11.63 15.58 9.26 5.38 7.53 4.01 4.75 3.67 5.07 6.76
5.36 6.12 12.95 12.11 8.95 5.55 4.91 9.91 16.28 8.8 5.48 5.68 7.26 6.67 8.32 5.07 3.01 2.96 2.87 6.98 8.5 9.98 5.1 5.0 5.29 5.41 8.28 4.83 3.32 3.2 3.45 2.92 1.64 2.93 5.73 3.66 5.69 9.23 14.64 21.48 15.48 6.46 6.74 7.13 7.82 4.21 6.24 5.89 5.1 6.82 8.72 6.98 5.32 3.82 10.38 11.32 7.27 5.56 7.28 6.21 6.27 4.5 7.3 6.96
4.21 6.44 11.64 12.36 14.96 11.53 8.33 9.5 13.65 9.02 6.93 8.6 8.74 5.53 6.17 7.27 3.79 1.45 2.83 5.65 3.77 16.5 11.45 4.46 2.43 5.83 6.15 4.2 2.77 1.85 2.83 2.45 1.46 1.74 2.6 4.72 5.84 18.59 16.71 15.94 20.39 20.28 10.07 10.91 4.97 2.57 5.41 7.95 6.1 8.27 7.36 8.99 7.46 6.01 6.87 10.69 7.56 11.47 8.04 6.09 10.04 7.3 4.96 6.57
3.2 6.04 9.22 8.6 18.54 10.96 12.24 14.68 9.15 8.01 7.06 7.49 3.84 10.83 11.03 4.88 4.21 1.38 3.24 5.01 3.97 6.71 6.19 5.35 4.26 8.38 5.39 4.99 3.6 2.79 4.82 2.04 2.1 2.26 2.2 7.89 8.81 6.46 13.26 15.39 13.64 17.46 15.97 9.59 5.52 3.79 4.13 4.48 3.0 6.59 4.96 5.19 6.8 10.45 13.67 10.2 7.76 10.1 4.49 7.1 7.24 3.62 4.69 8.08
12.22 7.23 13.85 7.21 5.7 10.95 8.37 6.36 7.5 15.27 8.42 7.41 6.35 7.53 9.57 9.48 4.17 4.99 5.41 5.37 5.66 5.53 4.03 4.86 8.51 4.17 6.45 9.14 5.73 4.78 4.07 2.75 3.53 3.51 3.27 3.37 5.48 6.15 6.84 6.41 11.93 13.01 9.49 8.85 5.34 3.3 3.51 2.68 3.85 6.08 9.25 3.55 5.45 11.06 12.75 11.19 5.33 7.83 5.8 10.71 9.53 2.77 3.24 4.47
14.54 12.01 9.84 7.2 10.01 6.21 4.44 5.32 7.42 11.97 12.51 8.14 5.49 7.07 8.72 15.98 5.87 2.77 2.93 11.9 9.7 5.26 4.47 4.61 7.49 3.87 6.83 9.61 4.47 4.91 3.88 2.57 3.27 3.59 4.09 2.84 4.21 5.89 3.4 2.23 6.79 9.52 7.18 9.25 8.91 7.85 4.65 5.75 6.29 3.89 5.91 4.33 4.14 9.24 12.74 9.43 7.27 4.21 8.37 15.06 9.93 5.19 5.48 3.94
5.31 11.46 10.35 5.59 10.06 3.24 2.29 7.12 6.98 5.19 11.07 13.22 5.85 7.99 12.6 6.92 6.55 4.37 4.83 26.51 16.75 5.89 6.38 7.52 5.95 7.84 10.26 4.91 8.26 7.18 6.48 5.98 3.78 4.57 4.83 4.16 2.59 4.34 2.09 1.66 4.45 5.4 10.17 15.65 7.94 7.39 4.92 5.62 8.8 5.41 5.92 6.21 7.1 15.35 15.41 9.94 8.07 8.94 13.15 20.24 13.75 7.82 6.26 5.23
5.95 6.13 5.34 7.0 5.5 3.29 5.4 3.71 4.08 6.01 8.87 11.34 11.28 6.81 10.98 8.77 12.13 7.0 10.07 14.04 18.49 15.5 4.03 6.07 8.64 8.57 13.64 7.67 13.81 7.76 15.36 5.19 4.62 4.95 3.24 5.86 5.06 4.01 2.08 3.18 6.19 4.58 10.45 13.25 10.51 10.16 6.4 7.47 7.33 8.62 5.58 6.3 16.8 19.99 29.24 17.79 23.28 9.42 11.67 16.3 10.92 10.05 2.86 2.23
6.99 5.0 3.91 7.01 5.54 4.55 3.44 3.54 4.25 5.08 9.99 14.2 10.62 5.58 6.97 6.69 8.89 3.36 5.08 7.25 10.84 8.24 4.11 6.43 7.07 13.23 10.04 8.04 17.61 26.26 33.07 12.28 6.02 4.29 5.46 5.88 7.57 5.23 2.85 5.75 7.42 7.71 11.52 10.87 10.25 10.53 5.3 6.2 17.76 14.28 8.43 10.04 15.87 23.65 24.61 14.17 16.85 14.59 8.83 8.81 6.55 4.28 4.28 2.91
6.85 6.36 5.76 4.81 4.03 2.1 2.04 3.74 3.39 4.46 4.82 7.4 5.87 6.25 5.76 5.85 6.29 3.69 5.19 5.02 5.47 6.42 6.93 10.11 4.36 21.32 15.28 7.87 15.12 44.34 27.32 16.7 12.01 7.83 15.34 18.51 10.4 13.5 5.34 6.02 5.59 14.5 14.92 10.38 10.48 13.34 8.15 4.4 8.2 14.56 6.88 9.81 20.38 22.67 19.43 16.42 14.22 11.2 11.76 7.73 6.44 10.1 10.99 6.95
6.37 7.97 6.25 4.71 5.49 2.8 2.16 2.83 3.32 4.26 5.15 3.66 4.91 5.5 5.72 8.24 4.94 3.93 8.58 6.29 6.5 11.43 9.26 12.44 12.35 23.76 10.32 8.07 9.21 22.4 19.46 22.4 13.4 16.29 15.28 7.31 14.58 6.04 7.21 13.3 7.71 9.72 22.36 15.15 8.38 9.9 3.67 4.56 8.3 6.33 5.11 5.3 15.26 18.04 16.17 11.42 6.13 6.22 12.84 17.87 22.68 18.73 16.52 12.26
7.2 6.35 5.27 7.65 2.59 2.25 4.09 4.42 9.03 10.79 7.42 5.87 4.19 3.74 3.53 7.75 8.22 5.52 10.45 6.89 7.77 6.62 10.41 10.37 10.15 19.06 17.6 11.34 8.44 18.83 13.96 18.1 20.66 11.24 10.42 10.89 10.75 7.41 8.98 8.73 8.97 8.4 13.29 7.71 8.42 3.99 5.54 10.35 5.86 3.0 4.84 9.24 14.22 20.62 18.45 8.95 7.71 10.25 18.88 14.43 22.61 32.34 17.62 17.37
3.82 6.23 2.42 4.2 3.18 2.33 6.08 11.75 14.63 14.93 16.35 5.64 3.5 3.0 2.76 2.36 3.81 8.19 7.31 8.8 4.87 6.13 9.54 7.2 11.65 13.26 11.35 8.15 8.78 12.07 15.15 10.04 12.95 23.67 11.37 6.78 4.77 4.46 11.69 8.72 9.76 15.17 10.07 5.15 5.45 3.75 5.53 8.0 3.21 5.47 7.57 9.12 15.86 14.07 9.23 8.12 12.06 12.5 14.79 13.37 12.67 33.45 16.43 8.72
3.74 3.57 4.08 3.12 3.09 4.67 5.77 16.87 16.65 26.21 15.33 5.29 2.52 1.73 3.14 1.73 3.55 7.25 6.61 7.7 5.34 9.26 7.79 6.71 8.08 13.92 6.8 6.08 15.95 10.87 17.39 16.49 8.9 22.66 13.32 4.43 3.32 5.19 14.81 15.35 10.76 10.42 11.97 6.07 3.79 2.89 3.24 6.26 7.47 7.55 5.09 8.5 12.33 11.86 11.57 10.05 9.08 24.1 15.08 13.23 24.19 13.58 7.81 10.19
6.31 4.39 7.64 5.64 2.94 2.61 5.74 7.13 5.29 11.54 5.88 1.99 2.86 3.95 5.86 2.83 4.56 4.04 5.48 8.95 6.26 14.45 5.93 6.37 7.43 8.73 9.58 3.62 6.75 8.0 19.34 13.12 6.2 7.64 8.79 7.93 5.88 4.46 14.94 15.17 12.73 14.84 11.9 7.88 5.9 3.11 2.07 4.42 5.08 4.29 8.15 6.77 10.4 7.88 11.04 13.86 10.86 15.73 11.57 8.37 12.73 14.77 11.36 6.46
4.71 9.7 10.47 4.48 3.32 3.12 3.76 3.73 7.68 6.21 2.76 4.97 3.45 8.89 12.94 2.64 7.67 4.19 5.84 4.2 6.9 16.61 9.95 12.97 12.01 14.19 6.91 14.66 11.61 9.15 20.14 8.3 11.54 11.21 10.45 6.46 4.86 5.11 13.9 30.24 18.94 13.98 11.04 6.94 8.48 4.76 2.78 3.92 3.97 4.41 3.45 6.59 8.4 5.0 6.37 5.1 12.27 12.7 10.57 8.9 8.98 9.22 14.66 10.59
4.06 5.79 5.26 5.57 3.71 3.57 2.65 3.74 8.76 8.26 3.61 11.63 9.26 5.96 7.39 5.05 11.45 6.84 4.69 4.4 6.54 12.01 12.8 20.52 26.46 29.44 16.42 36.81 26.0 14.03 8.87 11.04 17.54 10.6 10.71 10.73 3.33 4.72 8.43 15.46 8.74 7.13 5.67 5.6 5.95 5.34 4.02 6.14 2.3 2.64 1.3 5.19 8.08 2.94 3.45 5.41 12.13 14.83 10.0 10.95 9.67 5.97 6.25 13.08
3.13 7.2 5.42 6.42 4.14 2.5 2.61 5.41 16.54 8.82 12.79 12.6 7.96 7.44 3.27 5.53 11.49 7.92 9.15 10.0 9.13 8.36 14.89 19.8 43.9 41.4 12.75 25.07 12.67 13.7 7.63 6.0 6.95 4.48 13.26 10.59 4.13 3.93 5.05 11.13 12.35 5.82 6.55 7.84 3.7 7.44 7.02 4.91 3.29 1.86 1.25 3.82 3.59 2.72 2.73 4.12 13.38 16.64 19.21 13.85 8.32 6.86 6.0 8.83
2.84 7.2 6.03 5.54 3.63 3.55 5.14 7.82 15.0 9.46 11.06 12.53 10.33 4.59 3.45 2.87 6.02 11.48 7.22 4.17 4.77 4.57 6.99 19.86 20.7 16.52 11.2 12.44 7.44 7.26 4.83 4.48 6.68 5.74 11.27 17.67 9.9 5.22 4.67 4.88 17.52 10.97 10.94 7.07 3.5 6.66 7.09 3.36 3.77 2.65 3.14 6.41 3.84 1.7 2.1 3.32 17.64 20.73 14.41 12.9 15.99 8.32 7.67 6.42
3.72 4.86 3.25 3.62 6.2 4.98 7.06 6.91 6.68 13.98 17.6 10.1 17.56 7.02 3.59 5.93 5.72 5.07 7.79 3.92 3.56 5.0 3.33 14.24 15.04 3.74 3.21 8.81 7.35 6.26 8.22 6.24 4.04 9.89 10.56 11.67 10.08 10.55 9.71 7.81 19.46 14.53 14.43 5.96 4.43 3.31 3.9 7.05 4.86 3.89 6.03 7.39 4.93 3.05 4.25 7.48 34.01 17.36 8.47 16.46 18.07 8.99 5.69 6.7
5.82 3.36 3.34 1.84 4.56 8.63 9.16 28.2 13.37 8.93 8.89 9.68 15.17 11.64 7.28 5.85 11.21 4.99 4.28 4.71 2.25 2.35 2.0 7.9 8.24 5.82 5.99 6.39 9.5 8.32 7.67 5.62 4.31 7.19 11.88 10.56 7.4 15.41 15.91 13.64 17.25 13.91 14.99 13.87 11.39 5.64 3.66 6.51 4.74 5.11 8.23 11.19 7.42 3.43 6.05 10.86 24.97 29.34 10.08 7.08 8.97 12.82 7.5 7.81
9.7 5.24 3.15 2.91 5.31 3.22 6.76 24.0 13.86 4.78 4.68 10.3 14.72 15.27 7.38 7.21 9.77 4.93 4.2 2.7 4.05 3.55 3.11 6.69 4.65 4.07 8.7 9.84 8.95 9.89 8.44 4.86 13.57 8.69 7.93 8.8 12.07 15.35 14.62 24.63 30.35 18.08 13.7 12.44 17.83 5.67 8.12 6.1 2.69 8.99 9.67 10.17 5.75 4.38 3.97 10.86 29.86 16.48 10.84 7.54 8.47 15.32 7.49 8.89
9.2 3.24 5.74 5.25 4.57 3.2 8.27 9.54 9.05 8.15 7.01 6.26 8.54 8.44 5.62 11.94 8.72 10.27 11.37 4.65 5.73 6.51 3.44 4.63 7.64 5.32 6.27 18.08 14.28 4.88 6.44 6.63 11.34 12.09 13.98 5.81 14.6 22.52 15.64 18.32 8.08 13.72 19.19 10.3 16.0 11.72 8.23 8.28 7.2 7.36 8.86 7.38 5.46 5.22 4.84 6.44 18.33 15.68 13.51 16.91 16.28 13.11 9.02 15.15
6.29 9.0 4.77 6.42 3.85 4.49 8.47 9.67 10.02 11.51 21.12 6.66 5.73 9.7 6.09 12.14 12.25 23.02 9.58 8.85 7.97 4.74 3.51 4.01 3.81 5.11 5.14 8.57 7.28 11.38 5.39 7.33 8.06 6.94 16.1 11.76 9.11 8.91 6.82 8.08 3.54 9.06 9.54 6.51 9.21 15.91 8.4 7.37 11.55 14.93 9.21 8.33 4.7 6.74 6.01 16.84 22.81 8.54 13.6 11.98 15.39 18.09 12.41 6.7
7.43 11.23 4.65 4.57 4.74 6.22 8.86 11.24 10.97 14.63 17.0 12.34 6.84 5.87 9.53 14.94 17.61 22.46 14.53 16.41 7.54 4.42 6.33 4.29 3.55 3.74 4.68 7.63 8.28 6.59 6.78 5.24 4.37 8.25 8.07 9.77 6.54 5.12 5.73 8.6 7.91 6.12 3.15 6.27 8.13 10.96 9.3 12.52 14.1 19.06 18.66 4.71 4.38 7.16 14.64 41.83 30.76 11.91 9.29 10.86 6.31 12.21 18.64 5.17
13.58 6.15 9.82 10.98 5.13 8.98 15.72 6.69 7.99 22.48 11.78 17.01 9.6 2.93 12.03 10.95 12.38 15.77 12.25 7.05 6.62 5.73 6.3 11.11 6.05 5.62 8.48 5.49 9.49 4.39 9.04 5.99 8.47 8.26 4.18 6.38 9.0 8.2 6.73 5.96 7.23 6.08 6.78 4.96 4.96 11.65 14.88 19.62 12.23 14.13 9.07 3.79 3.9 3.81 18.98 24.45 17.41 7.98 6.14 6.79 7.19 8.07 14.54 7.88
17.47 11.97 9.61 7.56 8.91 10.8 15.38 8.73 5.26 11.53 9.57 9.14 10.05 7.71 11.94 8.24 12.46 8.3 6.39 6.0 6.14 4.6 4.61 10.24 12.13 9.74 6.57 4.93 12.18 7.66 8.13 14.41 13.5 12.13 7.27 7.62 8.83 12.1 8.31 4.95 5.26 3.0 6.45 7.9 7.92 9.34 14.44 25.03 11.36 9.83 5.93 3.95 5.5 4.97 19.31 17.02 11.23 6.93 5.31 9.55 8.17 6.49 5.28 7.86
12.37 8.31 10.45 6.86 11.66 12.91 13.23 6.0 4.67 4.13 9.55 20.87 7.8 7.99 7.38 10.88 15.57 7.15 3.25 4.29 4.36 3.42 6.97 7.77 6.45 6.9 4.82 9.5 9.75 9.91 9.47 21.72 16.47 4.75 7.66 9.53 9.15 14.58 5.99 14.82 5.96 3.75 7.4 13.05 14.11 7.93 20.69 17.77 17.04 9.04 4.25 6.54 5.32 5.86 10.71 9.3 7.08 4.6 10.32 9.87 8.9 8.71 8.31 7.56
11.24 4.66 6.43 17.25 11.76 9.16 15.85 4.43 5.93 16.56 28.18 29.67 12.98 7.59 8.25 11.71 11.04 6.6 4.5 3.46 4.4 6.57 6.6 5.22 4.81 2.99 6.65 19.46 8.7 12.47 21.19 13.94 10.37 5.7 4.78 12.49 11.55 14.04 13.21 15.32 8.91 6.87 6.74 8.25 19.02 11.94 17.63 13.6 10.14 7.67 6.28 6.16 5.22 8.84 12.08 6.0 4.43 4.92 6.18 7.45 13.58 16.09 14.14 12.34
12.0 5.28 7.79 19.0 15.34 14.37 21.18 5.38 9.24 33.91 38.39 16.31 12.74 24.03 6.37 11.66 14.29 9.27 6.25 4.5 6.76 7.09 11.59 7.83 8.08 3.41 5.52 7.45 5.99 8.39 14.58 7.81 8.6 6.3 7.82 12.71 5.77 8.82 16.44 16.0 10.54 11.76 8.8 11.37 17.79 7.99 7.43 9.95 14.95 5.94 6.98 4.6 6.61 9.67 9.03 6.55 2.59 4.34 7.07 9.81 13.1 30.8 16.5 7.94
13.42 15.61 15.24 16.65 15.92 27.19 13.31 6.06 13.89 23.68 45.97 36.68 20.68 18.98 7.0 7.05 6.43 9.72 4.98 6.78 6.22 8.26 6.36 6.18 3.14 3.04 6.23 4.89 4.62 5.54 10.53 9.68 8.76 5.51 10.66 21.67 5.54 5.42 8.78 14.73 16.72 9.2 7.6 21.23 13.89 9.14 10.74 11.31 8.73 8.83 6.41 4.65 7.06 8.37 9.14 7.25 3.32 2.41 3.12 7.41 6.0 24.41 11.05 6.82
14.41 13.52 14.03 8.87 13.52 21.03 8.09 7.64 6.67 14.54 28.74 22.15 22.12 10.33 5.54 7.47 4.6 6.47 6.5 7.1 3.73 3.71 5.16 3.71 3.89 5.84 5.9 5.54 6.67 5.94 4.68 12.0 13.71 8.38 9.29 12.58 7.27 5.09 7.86 16.63 10.03 9.71 7.81 9.24 16.17 11.6 6.84 9.28 15.09 12.44 10.12 9.28 9.48 14.45 11.04 3.94 3.82 5.31 3.04 3.59 6.71 19.71 7.13 9.58
11.94 6.8 11.07 6.72 6.95 9.76 5.41 11.8 7.28 13.7 20.24 12.17 16.56 5.85 5.76 4.63 4.92 3.14 2.48 5.42 8.01 9.17 5.17 5.07 7.33 4.92 7.08 7.13 10.21 4.25 3.83 7.82 8.83 7.02 5.1 4.4 6.14 6.23 5.73 11.44 9.81 9.24 8.67 8.34 17.7 19.41 8.5 6.81 12.52 15.96 15.94 10.37 18.57 16.38 9.01 5.0 5.31 3.44 4.66 2.92 5.31 14.19 6.84 7.15
4.58 3.66 3.91 3.7 3.64 10.84 8.13 9.14 15.7 25.71 15.06 10.06 5.57 4.74 6.99 7.0 4.66 2.42 3.18 3.88 14.73 13.92 8.71 5.65 9.47 5.01 4.59 7.97 7.71 7.11 7.89 7.26 5.86 4.83 5.17 3.8 2.9 5.63 7.9 8.22 8.59 13.53 12.89 9.78 12.73 12.48 10.1 8.49 9.15 12.51 17.74 12.48 13.18 33.92 23.22 10.2 6.05 2.65 4.02 2.5 7.72 9.31 5.94 3.9
5.21 4.61 5.95 2.71 2.79 6.58 8.26 5.03 10.66 28.5 10.35 13.74 3.39 3.95 9.85 9.51 9.11 4.62 4.99 7.11 19.36 12.24 10.97 8.27 4.1 6.5 6.07 4.03 7.11 9.36 12.99 7.2 5.52 4.3 4.09 4.5 2.8 8.3 8.69 9.47 12.24 14.98 15.49 10.34 12.16 7.5 9.65 7.0 4.52 7.63 10.35 17.02 19.84 31.03 30.69 13.59 7.52 5.81 2.72 2.96 7.75 5.66 4.34 1.93
4.78 8.84 6.66 4.45 6.29 5.01 6.23 6.91 9.9 10.14 12.34 12.09 9.24 5.78 9.14 15.35 10.87 6.75 5.73 10.04 19.17 6.7 7.68 7.66 4.01 4.01 7.47 5.32 6.9 11.88 7.19 7.45 3.98 4.87 4.83 2.79 4.54 12.06 8.43 16.09 25.29 9.82 8.24 11.15 11.69 7.98 8.44 4.9 6.41 9.53 15.05 18.91 20.6 14.84 16.41 18.25 4.4 4.87 2.58 2.5 4.65 4.56 3.2 2.74
6.1 6.47 6.79 7.54 10.71 6.03 4.89 4.94 7.93 11.11 11.23 8.58 8.9 6.02 6.53 7.62 11.79 7.54 7.23 11.24 15.14 6.98 4.34 2.66 3.48 3.08 6.41 8.05 4.91 7.53 3.3 3.49 3.26 5.75 4.51 3.58 9.17 21.02 19.4 21.63 22.01 10.61 5.73 9.32 6.83 6.68 9.92 4.66 8.17 11.01 28.13 17.85 15.05 14.3 11.21 8.42 6.11 10.43 3.9 4.78 4.54 4.02 5.34 3.52
10.41 5.94 3.62 9.47 8.47 10.2 10.4 10.59 8.94 17.07 8.34 5.29 4.82 3.7 4.24 6.14 7.84 15.52 9.05 9.89 9.62 9.02 3.5 1.68 3.38 4.66 8.24 7.2 3.79 3.97 2.28 3.55 2.63 4.39 2.63 7.0 15.99 23.63 33.41 29.72 19.34 20.31 8.52 9.79 10.02 8.34 10.08 5.2 6.92 12.69 29.17 21.39 11.12 9.64 8.06 8.34 13.31 12.54 4.14 4.36 6.75 5.41 4.55 6.96
12.72 7.41 4.77 4.48 6.94 8.34 7.42 20.44 9.9 10.88 7.48 6.35 3.74 4.85 7.12 6.69 10.25 10.43 7.33 12.45 7.2 7.71 5.65 4.13 2.0 3.08 12.36 8.65 7.14 6.95 3.77 3.84 5.11 6.06 3.54 6.37 11.74 18.6 39.38 37.57 39.44 18.01 12.83 8.44 5.95 7.3 6.15 7.54 7.77 14.62 14.89 19.19 20.11 8.19 7.6 10.22 12.19 11.57 17.09 9.15 2.88 5.04 3.05 6.83
22.23 7.89 5.74 4.24 4.14 4.76 4.77 8.53 10.83 9.25 7.07 6.52 5.28 5.25 8.63 7.28 10.25 9.64 11.84 9.8 7.59 5.84 5.79 4.1 4.01 6.68 12.1 11.0 13.07 10.9 7.51 3.05 4.14 5.01 5.25 6.48 8.65 16.3 15.45 13.59 52.25 24.77 20.92 6.41 6.57 6.86 11.1 7.08 4.57 8.18 15.1 12.44 8.24 12.23 9.36 14.88 10.85 5.58 11.83 9.66 3.26 4.86 3.65 3.94
10.26 6.38 5.25 5.48 7.88 5.61 5.39 5.89 10.34 8.77 5.06 5.87 7.23 12.35 16.06 7.86 5.02 6.79 22.2 8.91 6.47 4.01 3.14 3.07 8.44 22.32 7.94 11.93 23.81 18.15 13.23 3.39 5.77 4.85 2.61 6.35 8.92 13.56 16.35 21.23 20.12 18.68 40.54 7.19 4.73 8.28 9.41 9.49 5.32 6.02 10.08 11.39 5.8 7.31 15.32 11.74 11.74 7.24 7.44 8.27 8.42 5.25 1.86 3.2
6.22 10.75 9.54 7.41 6.7 8.58 3.87 6.98 4.28 4.53 5.37 4.57 5.37 18.65 18.43 6.52 5.97 8.41 17.31 14.66 8.41 3.07 3.92 3.3 7.49 27.82 15.76 13.5 14.23 17.53 6.07 4.5 3.98 2.95 2.43 4.88 15.12 18.26 16.62 17.22 8.22 10.63 17.47 10.27 5.29 4.31 5.79 4.53 3.39 4.06 5.18 9.36 7.96 11.76 8.62 21.02 16.89 8.23 9.32 5.81 6.94 3.42 3.15 2.92
4.81 4.99 8.22 5.43 5.25 12.15 4.11 3.73 3.87 8.08 4.54 5.71 8.43 14.05 18.34 8.57 7.72 11.91 16.13 19.99 11.55 7.5 7.99 5.5 13.89 9.91 15.33 12.55 12.01 16.1 4.08 3.97 2.18 2.32 2.6 4.04 19.11 14.14 9.53 12.73 15.51 13.67 6.8 8.26 4.94 3.87 4.45 2.92 3.73 7.42 9.03 9.53 7.69 8.98 4.8 12.79 13.28 5.23 5.81 9.76 8.67 3.84 4.3 3.25
6.68 2.42 4.42 2.59 3.17 6.23 6.36 3.84 3.65 14.18 6.74 8.89 13.2 7.49 16.07 7.2 8.69 9.8 12.47 15.47 10.95 5.08 5.98 10.19 13.39 6.97 13.94 9.31 11.44 13.17 3.66 8.8 5.78 3.94 4.44 6.64 25.76 7.67 8.26 9.53 9.68 7.64 6.18 5.38 4.23 4.08 4.05 3.46 3.73 6.21 12.1 11.02 5.08 4.63 3.44 6.87 6.28 8.44 4.7 4.35 7.88 2.93 5.05 4.27
4.7 3.3 4.61 3.3 3.38 3.85 5.21 6.99 3.09 10.64 12.32 11.53 8.68 11.32 16.05 8.16 7.7 5.26 10.28 15.42 13.38 10.59 10.56 11.71 7.46 7.7 12.08 11.96 20.43 10.51 6.48 22.14 6.66 7.82 6.99 15.5 11.96 9.61 5.53 9.07 21.11 7.17 14.25 5.8 4.67 7.26 6.08 4.23 2.85 9.06 9.71 5.69 6.88 4.13 4.55 4.05 2.35 4.55 7.95 5.84 3.43 4.82 8.04 7.48
2.99 2.53 3.04 3.68 5.0 7.12 4.29 3.6 6.82 6.1 7.93 12.67 9.8 16.72 13.38 12.46 5.49 6.04 10.35 13.18 7.24 5.33 15.12 14.82 10.95 10.71 7.56 16.82 19.59 10.31 6.39 13.3 11.41 12.02 9.43 15.26 9.92 9.01 4.67 9.02 17.89 14.23 15.25 10.63 9.23 10.07 6.61 4.54 4.61 9.77 5.85 3.92 4.92 4.79 6.28 3.3 1.63 2.79 5.86 5.5 3.36 3.21 8.56 13.91
4.46 2.77 2.19 5.87 10.33 9.05 7.77 5.61 5.03 4.14 4.6 11.62 16.35 15.67 17.16 15.08 12.28 9.92 15.34 10.89 7.54 5.84 13.36 23.91 25.02 12.35 5.94 13.34 13.15 9.21 14.11 10.02 17.42 10.16 8.21 27.22 13.81 7.25 10.16 10.98 12.62 19.19 18.09 9.19 22.06 11.71 8.46 3.71 3.74 6.92 5.65 7.96 3.17 4.09 6.64 4.23 2.56 2.11 3.75 6.12 9.71 5.24 7.68 10.59
5.94 4.49 5.46 4.82 12.59 8.62 10.15 14.0 6.8 7.86 4.32 6.07 13.66 13.01 16.4 14.22 12.37 18.93 20.86 11.41 5.52 10.21 11.3 10.2 34.12 18.7 8.65 13.18 23.12 10.75 15.68 18.23 13.37 14.11 15.97 15.93 13.47 6.89 19.5 10.3 7.5 11.01 12.99 9.65 10.89 14.62 11.46 4.58 6.41 7.35 6.68 5.13 5.4 2.95 2.56 3.52 2.05 3.98 4.05 3.39 5.54 7.09 11.77 5.5
8.3 7.38 8.69 3.8 10.81 12.85 4.6 14.81 14.48 10.56 4.32 6.33 7.98 7.63 14.05 11.61 21.87 17.06 18.29 11.43 5.16 9.0 8.46 12.47 14.59 18.72 16.43 9.91 14.91 20.54 15.01 19.11 20.17 22.29 30.75 23.72 11.42 5.94 14.64 7.01 9.92 7.89 7.79 7.62 6.21 9.42 5.11 5.68 8.3 8.79 11.38 5.75 5.43 3.11 1.85 2.01 1.4 2.89 3.24 4.14 7.4 9.35 14.7 5.46
12.53 6.44 3.98 3.24 6.13 8.91 4.39 11.16 14.86 8.14 3.63 6.49 5.92 6.53 9.7 11.78 12.89 9.84 17.39 20.09 6.97 6.98 15.78 9.63 16.2 14.68 17.93 11.52 5.99 12.96 13.81 14.91 10.76 19.16 21.1 22.31 8.29 6.71 13.14 7.67 8.61 7.2 7.37 7.64 7.95 10.17 4.68 11.37 10.31 13.63 13.35 5.59 3.24 4.07 4.21 2.32 1.83 3.25 4.47 11.41 12.27 7.05 8.83 9.86
11.27 3.6 1.46 2.2 4.56 5.84 8.72 16.95 12.94 10.34 5.48 5.09 4.51 9.6 14.28 8.43 9.96 11.04 15.96 7.84 5.06 8.31 14.92 9.8 17.85 18.39 13.57 11.21 6.13 7.58 14.79 8.86 7.59 13.18 21.01 22.59 11.1 11.51 5.65 6.34 7.93 6.35 17.26 12.47 9.61 15.14 9.42 10.85 5.87 14.8 5.2 6.14 8.37 8.12 4.81 2.16 3.71 5.29 9.36 9.6 6.97 8.49 7.55 8.87
7.33 2.8 1.45 2.77 3.1 7.0 7.3 16.4 12.03 14.48 6.23 4.41 5.57 10.32 10.63 9.21 8.17 16.97 17.23 7.59 5.14 11.3 17.41 10.16 19.63 16.24 11.64 11.58 11.87 13.71 16.78 12.02 6.31 8.13 14.84 22.35 10.98 18.58 10.19 9.63 18.6 7.38 10.17 9.34 17.57 14.01 7.5 9.03 7.38 11.08 8.88 6.97 3.93 7.25 4.76 3.83 11.69 10.18 10.21 8.28 6.28 3.47 6.64 8.63
4.6 2.39 2.69 3.14 5.77 7.18 8.9 12.76 13.46 14.02 5.31 5.65 3.5 7.26 7.27 7.49 12.26 17.32 14.45 6.54 6.96 8.09 15.66 25.76 15.45 23.07 17.73 9.73 10.25 13.13 19.95 13.63 9.29 9.92 12.25 15.41 9.68 22.72 15.87 10.29 9.25 8.65 11.79 10.27 19.11 18.97 11.41 6.62 15.72 8.24 5.57 6.88 2.82 3.74 3.81 3.63 6.72 4.96 4.87 5.38 3.57 2.73 6.45 10.13
4.79 5.54 5.98 3.03 7.66 5.58 8.09 19.98 16.27 12.16 8.68 5.44 5.41 3.18 5.37 4.77 8.56 13.43 16.35 6.32 11.61 17.92 10.53 12.64 12.09 12.78 19.4 7.72 8.74 9.74 37.65 35.25 10.69 20.43 21.49 15.38 14.05 14.29 9.99 7.45 10.34 15.9 9.92 12.44 14.98 13.68 14.11 6.64 9.7 6.42 7.65 5.57 4.4 2.88 2.91 5.46 4.67 3.35 3.37 3.6 4.95 4.22 8.35 10.06
3.96 2.69 3.84 3.61 5.82 5.44 12.21 21.59 9.56 5.63 9.29 4.81 3.9 3.75 3.43 4.41 4.92 5.68 20.07 8.3 5.06 13.51 18.61 11.24 9.04 6.94 10.03 10.5 11.52 9.96 12.36 27.84 15.2 16.72 22.57 11.15 7.17 4.96 8.25 7.89 7.21 9.59 8.57 17.32 12.56 7.54 5.01 8.79 6.9 2.69 6.11 4.53 3.21 2.56 5.59 9.07 6.69 4.55 2.77 3.08 3.95 7.17 14.9 6.55
3.07 3.54 2.94 4.23 3.84 5.59 8.3 17.22 10.14 6.14 17.26 18.12 4.53 4.04 7.57 6.6 2.46 4.58 6.91 7.37 5.95 7.39 9.9 8.43 5.3 6.46 10.18 11.22 9.15 13.23 12.03 13.6 18.18 13.76 11.57 9.94 6.09 4.76 12.6 14.5 6.64 3.98 8.05 18.39 9.07 5.02 3.13 3.26 3.73 4.39 6.54 4.86 6.08 3.36 6.08 7.24 6.91 10.08 3.98 3.89 6.29 8.53 14.61 8.34
3.06 6.11 2.97 4.64 5.22 4.12 10.43 26.81 9.19 6.75 8.28 6.49 6.24 7.83 7.7 8.27 5.26 4.89 4.13 4.42 4.93 5.3 6.02 9.9 9.07 14.94 11.59 9.95 8.37 8.1 10.51 8.82 7.3 10.03 11.47 10.87 8.38 7.71 11.05 10.57 7.63 3.23 11.08 7.16 8.63 6.63 2.25 3.7 2.55 7.82 5.19 4.39 7.69 3.79 3.63 4.0 8.6 8.45 7.25 7.31 7.94 16.45 11.32 12.1
5.38 5.39 6.41 6.99 5.04 5.93 22.33 34.62 10.51 8.77 5.59 4.97 7.66 8.67 11.15 5.13 7.79 8.92 7.51 4.95 3.27 4.85 5.76 10.69 17.22 12.09 16.23 12.86 11.24 7.32 11.77 9.99 7.49 19.56 11.15 8.07 7.22 8.73 9.14 8.75 9.96 6.09 12.49 7.49 7.23 8.66 4.47 5.9 4.57 6.72 11.35 7.45 5.15 2.66 1.44 2.67 5.66 7.21 5.61 8.96 6.42 16.63 21.0 8.86
3.46 7.06 5.5 6.78 5.14 8.88 39.22 26.75 9.05 11.66 6.29 6.63 5.59 8.46 13.98 7.65 14.02 11.03 9.46 8.82 3.69 3.56 3.76 7.1 10.62 12.58 12.58 10.02 11.67 13.2 14.98 5.42 13.75 27.4 10.1 13.58 9.49 6.99 11.49 11.11 7.9 8.12 6.31 4.96 8.9 10.17 6.12 7.49 4.74 7.0 9.45 8.28 3.5 3.11 3.79 3.24 4.34 5.84 8.57 5.28 7.49 13.23 17.56 10.66
5.12 5.99 6.13 9.5 9.28 15.61 22.35 29.08 12.27 10.6 5.48 10.51 7.69 14.05 14.33 11.06 20.05 10.76 7.48 12.92 10.74 4.37 5.3 9.95 10.54 14.34 8.49 10.63 9.89 9.61 13.41 10.74 14.45 27.14 15.29 13.49 9.13 4.91 5.68 12.59 14.49 11.57 6.9 5.36 5.21 7.31 10.99 6.99 5.33 11.39 8.22 6.95 7.97 5.02 2.51 3.97 4.59 7.04 8.99 10.54 9.05 10.65 18.65 15.46
