5.68 10.42 8.32 9.64 8.0 12.95 11.53 9.48 11.77 13.96 24.97 27.87 23.09 25.77 33.36 25.4 9.67 6.42 20.19 16.93 12.93 8.58 10.27 7.97 4.58 9.93 4.82 9.41 10.5 13.96 15.34 16.19 8.16 7.7 7.09 6.14 17.97 11.57 5.57 4.44 3.73 5.51 4.5 5.65 7.15 7.1 8.9 4.96 5.38 9.99 6.97 4.32 3.39 6.03 8.27 5.96 7.14 6.0 10.0 6.6 4.42 8.09 14.08 21.26
9.54 13.07 12.34 5.88 3.69 12.56 11.35 9.37 6.86 12.89 17.97 35.71 38.3 33.59 25.8 18.32 17.23 10.52 21.77 9.56 13.92 9.58 10.77 7.25 7.29 8.76 7.17 9.3 11.23 14.07 5.43 12.65 9.03 10.06 6.8 5.57 16.32 14.16 4.55 2.5 3.17 3.35 2.96 3.23 5.03 3.56 4.79 5.08 5.07 3.29 3.4 2.31 2.08 3.99 4.46 7.85 5.89 11.09 13.01 11.45 7.53 9.66 11.58 20.85
10.34 9.49 15.48 12.48 7.14 8.93 11.95 9.16 14.16 7.14 19.29 21.28 16.75 17.35 15.58 10.29 17.39 9.96 23.7 8.84 8.31 7.96 9.7 5.29 6.06 12.36 12.48 15.87 12.31 10.32 8.82 5.78 13.02 14.03 6.79 7.6 4.16 10.31 3.97 2.08 2.6 2.7 3.57 5.25 3.45 3.44 3.86 4.19 3.33 3.77 3.22 4.59 3.89 4.74 11.24 7.4 4.93 16.57 9.63 8.84 15.9 19.33 14.85 7.53
16.37 5.11 20.49 16.5 14.01 9.2 10.37 20.83 11.3 9.64 13.68 13.58 15.59 7.64 7.85 5.8 7.19 12.65 14.84 8.88 10.18 9.5 9.69 13.32 8.42 14.74 16.88 11.91 9.29 7.79 6.91 5.57 4.49 11.2 6.85 4.55 4.09 4.06 4.05 1.84 3.58 2.81 2.93 5.33 5.39 5.0 3.41 3.28 3.18 2.78 2.67 4.03 3.67 4.51 9.09 6.24 5.51 7.29 7.86 9.2 11.84 7.65 9.76 4.56
11.18 4.93 7.68 12.53 19.96 19.63 22.08 10.71 17.14 12.11 11.97 12.68 11.52 6.89 7.41 7.48 8.92 10.47 8.15 5.49 5.67 8.51 3.85 5.78 5.85 9.01 7.41 7.57 9.88 7.29 8.36 6.44 7.87 4.89 7.15 6.09 3.44 8.35 5.62 5.37 4.16 4.21 3.07 5.72 3.92 5.06 2.92 2.98 3.64 2.7 2.94 2.64 3.14 3.26 6.01 3.96 3.98 5.65 9.83 13.62 14.43 15.56 13.04 7.64
20.51 7.21 8.12 10.55 20.62 21.28 13.98 10.1 7.98 4.94 4.46 7.85 4.83 2.92 12.16 12.53 6.84 9.17 7.0 14.53 11.45 15.43 7.7 5.92 8.12 10.61 6.65 8.08 4.63 5.42 3.31 7.81 10.86 6.68 5.8 4.97 6.97 11.67 9.28 4.16 5.19 4.25 3.82 2.51 3.87 3.17 3.54 3.41 2.2 3.68 1.86 3.15 1.74 2.46 4.63 6.39 5.46 9.21 13.23 16.72 11.91 12.97 14.96 13.09
7.77 5.67 6.75 9.05 19.1 14.82 15.13 8.65 7.6 4.85 4.7 7.27 5.1 5.07 9.48 9.26 9.3 6.49 5.37 14.38 8.29 8.87 7.73 6.59 14.43 9.53 9.97 6.15 8.41 8.24 5.1 4.75 7.37 5.39 5.12 4.38 7.13 7.77 6.64 5.01 5.12 8.89 4.43 5.13 1.99 5.2 5.19 4.07 2.02 4.24 2.49 2.97 2.96 3.71 6.11 5.89 6.92 13.61 20.75 32.06 17.51 25.03 18.5 19.32
7.24 11.08 22.97 17.57 10.84 10.18 4.72 5.09 9.37 7.37 6.95 4.61 5.43 6.23 6.15 10.72 6.74 4.34 15.83 10.94 16.94 12.12 5.6 10.72 14.02 16.71 9.2 6.45 6.91 6.28 2.41 5.01 6.09 5.3 8.46 9.71 6.73 3.72 3.18 7.9 6.65 4.28 5.75 2.85 4.54 7.2 8.01 3.19 2.08 2.6 1.58 2.03 1.34 2.34 3.8 5.98 8.8 6.27 22.32 21.53 13.71 22.3 28.28 23.28
4.21 17.13 34.43 21.99 12.39 9.07 8.24 4.53 8.01 8.64 5.28 5.13 10.41 5.73 7.07 5.52 8.44 4.89 6.58 9.8 8.16 9.16 7.77 17.07 8.59 13.41 8.73 7.49 7.53 4.88 3.0 2.46 2.67 8.79 11.37 10.86 11.4 4.74 5.29 2.05 10.46 3.95 3.49 4.2 3.03 8.62 4.56 3.91 2.55 1.47 2.96 1.86 2.27 3.68 3.0 6.15 9.63 9.88 16.39 14.4 20.36 26.63 29.09 27.49
7.09 12.7 28.69 27.22 13.55 14.99 13.43 8.3 5.69 11.83 6.62 6.43 5.96 3.16 4.82 8.65 8.48 8.31 6.45 3.63 4.1 8.08 15.0 10.19 4.2 8.55 5.68 6.19 7.02 7.15 4.17 4.63 3.77 8.43 17.98 8.71 14.25 5.03 4.2 4.2 6.23 6.04 6.7 3.53 2.73 6.14 3.97 4.25 2.18 1.65 4.59 4.34 3.74 4.41 3.89 10.52 9.48 12.55 14.3 8.05 33.63 38.01 36.21 20.64
6.69 9.28 22.83 16.56 13.11 18.79 19.49 14.37 14.88 8.05 6.24 3.77 7.72 5.15 5.06 5.04 15.88 9.51 5.21 3.54 4.85 5.51 5.06 13.85 9.33 5.16 4.92 8.2 6.37 8.05 5.66 7.47 3.67 8.26 14.46 10.24 9.7 3.37 6.57 3.84 5.61 4.2 5.44 5.3 3.38 2.41 2.9 4.04 4.09 3.78 5.65 8.69 3.96 5.13 5.88 10.51 5.05 12.19 10.0 16.41 27.55 34.38 26.56 15.21
10.07 5.97 7.14 11.8 10.73 11.9 13.88 12.5 4.93 7.09 6.84 6.3 4.78 4.59 5.06 5.88 8.75 17.34 7.49 4.02 9.79 6.02 7.88 10.38 10.97 3.88 4.33 3.7 4.79 4.86 7.48 5.25 4.07 10.9 12.58 9.1 6.57 5.05 3.93 5.87 8.47 11.81 6.65 14.13 8.3 7.99 5.61 6.27 5.28 3.9 4.22 7.44 5.95 5.95 6.01 7.19 4.06 11.47 9.75 8.12 11.07 20.65 15.27 9.7
9.3 3.79 8.89 9.53 15.9 10.11 12.67 5.8 3.34 8.03 6.11 5.96 5.86 3.96 7.8 7.63 5.75 8.63 4.66 5.37 13.58 4.38 8.27 6.64 7.51 5.43 3.19 3.72 3.36 5.18 8.0 10.08 10.71 8.96 11.11 12.55 7.73 5.55 3.65 7.47 6.0 13.73 6.31 5.62 4.02 4.07 5.96 3.98 4.23 3.36 2.43 7.17 8.09 11.27 9.5 6.95 8.05 5.89 9.35 5.39 8.49 14.68 22.52 16.04
6.91 4.71 7.31 9.08 9.71 9.33 12.48 7.87 7.42 5.2 4.76 4.61 3.86 3.91 4.44 8.24 8.78 9.06 7.31 10.07 13.01 8.86 4.96 9.74 6.23 7.97 3.73 6.29 4.12 4.96 7.86 10.99 8.91 5.43 6.74 5.67 3.73 5.07 4.16 10.15 8.61 14.1 7.46 4.87 5.07 3.32 2.73 3.14 3.04 3.68 4.07 5.59 11.36 10.93 18.95 10.15 10.45 8.85 11.52 6.53 5.56 8.57 11.93 20.46
8.66 7.28 9.4 7.45 7.48 6.06 8.11 7.87 5.26 4.27 3.78 9.86 5.36 4.37 3.27 6.17 10.22 7.41 5.44 5.23 4.39 6.04 6.07 9.93 10.61 10.92 9.42 5.53 4.88 4.5 6.25 5.48 8.81 9.08 7.64 8.89 3.78 2.35 3.84 5.25 3.64 6.11 4.31 7.2 4.54 4.51 5.15 5.39 7.39 11.23 3.84 5.41 8.68 9.08 11.4 8.0 17.0 5.47 12.07 8.21 6.69 6.34 8.53 10.79
8.96 12.69 7.22 4.08 4.19 5.77 6.63 5.97 5.86 6.24 5.72 4.58 6.4 5.78 5.95 3.3 6.38 4.32 8.21 8.8 4.97 5.92 6.09 17.59 11.09 13.4 8.83 4.55 2.65 4.76 4.63 5.13 5.54 12.07 11.92 7.34 8.49 4.35 2.36 2.73 8.64 4.53 5.46 8.0 9.37 5.69 4.63 6.23 5.93 12.7 8.82 7.89 6.99 9.9 12.37 17.52 15.13 13.47 10.75 18.52 7.07 6.92 3.23 3.64
11.43 7.39 5.17 4.4 3.46 4.88 6.21 5.91 4.79 6.79 9.43 7.48 9.81 6.67 8.21 2.88 8.55 3.05 8.24 9.97 3.89 5.21 7.54 25.42 28.45 11.5 13.22 5.37 5.24 4.02 4.83 8.16 6.65 9.96 7.67 6.98 8.3 4.31 3.98 4.48 6.72 8.8 13.89 9.86 6.22 8.25 11.41 6.35 3.74 6.88 11.52 7.38 5.65 9.39 11.62 11.9 14.43 18.85 16.11 17.09 10.29 5.31 4.61 3.87
11.83 3.2 3.76 10.66 8.22 8.61 14.25 7.09 4.73 6.67 6.44 3.63 5.21 5.83 4.52 3.69 7.22 3.66 3.43 8.19 6.72 3.8 11.07 16.3 11.3 11.03 12.71 9.35 5.36 6.58 5.07 6.21 5.27 8.07 3.2 2.54 4.49 3.44 3.92 4.39 11.97 7.77 8.76 7.27 5.87 6.04 4.84 6.66 3.49 5.44 11.55 11.85 8.87 16.78 10.69 12.78 15.53 15.42 24.4 13.72 14.49 7.1 5.82 6.86
8.16 3.6 7.95 12.93 5.1 5.99 7.8 6.66 4.99 3.55 4.65 2.48 7.74 8.13 4.86 5.21 4.8 4.44 2.56 3.78 5.14 3.93 9.21 13.72 13.79 14.41 7.34 9.2 3.84 5.33 4.89 5.21 5.74 5.1 3.69 2.46 4.11 5.5 8.18 7.93 8.88 8.34 7.85 9.97 8.06 7.53 7.57 9.45 8.78 7.57 14.32 11.04 15.67 9.71 16.26 10.55 9.08 26.01 20.78 14.26 15.7 9.41 10.72 6.06
5.05 2.5 5.76 23.75 11.99 2.9 1.85 5.96 5.29 5.56 2.86 3.51 4.48 6.06 6.52 6.01 6.6 4.75 3.73 3.07 6.65 2.84 7.33 7.05 8.16 8.65 7.78 9.84 3.57 5.0 5.22 5.13 2.85 5.37 3.63 6.33 4.03 8.19 10.45 14.88 15.66 7.46 6.36 7.73 12.77 9.55 9.81 11.37 7.74 12.19 15.13 12.22 10.95 5.95 5.79 7.67 9.99 23.43 14.85 21.94 19.55 12.95 25.76 9.36
5.16 5.26 8.01 26.53 6.16 2.4 2.75 4.95 6.32 6.26 7.17 4.82 10.72 6.71 5.75 6.63 5.53 5.02 3.92 6.5 6.03 3.65 5.45 7.13 13.76 14.37 8.17 10.87 4.94 9.93 7.68 5.03 5.24 3.98 8.85 8.51 10.07 8.03 9.73 10.41 15.11 11.16 5.2 7.5 11.57 11.86 13.94 11.87 8.4 7.97 9.16 10.69 8.15 9.1 9.2 10.09 15.6 24.62 18.3 32.63 10.51 27.84 9.87 10.27
6.62 8.39 5.08 7.49 7.73 4.18 4.66 5.11 3.58 5.94 3.56 11.67 6.12 3.95 3.14 6.74 8.24 4.93 12.32 6.28 11.3 4.63 5.54 6.54 8.75 15.65 12.36 7.93 20.15 14.23 8.74 6.9 6.92 6.31 3.59 8.47 3.74 5.65 7.13 11.97 11.58 13.22 5.93 5.86 6.82 9.52 8.63 11.11 9.5 10.45 9.65 7.89 10.58 11.88 11.05 18.6 15.67 14.87 15.57 31.6 12.99 14.58 20.74 17.51
8.74 4.71 2.63 2.23 5.55 6.43 4.3 3.56 3.85 5.22 5.77 4.8 5.29 3.75 5.08 11.22 15.91 8.87 14.39 21.16 10.0 6.21 5.33 7.93 5.45 7.68 10.0 11.79 12.58 13.14 9.22 7.89 6.82 8.83 8.03 8.16 6.75 13.49 10.56 12.62 14.24 22.73 9.13 6.63 6.73 10.05 13.8 13.95 13.39 17.16 21.32 6.62 10.6 10.57 12.77 11.21 16.29 8.82 14.74 9.82 15.75 13.33 8.57 15.43
6.98 3.61 3.22 2.27 7.99 4.59 6.4 4.09 3.8 4.2 3.27 3.33 3.24 3.92 6.55 11.01 6.88 8.47 10.73 10.22 4.08 4.87 4.23 7.54 7.66 10.51 7.52 17.04 16.87 11.6 9.53 11.2 7.83 5.5 8.41 12.65 12.68 11.67 19.79 10.51 13.87 12.17 4.76 4.82 4.96 10.64 12.31 14.28 10.51 11.89 14.62 6.98 4.49 12.7 6.02 8.58 6.78 4.93 11.27 12.94 15.02 9.53 10.13 12.06
6.41 3.4 2.15 1.63 3.05 7.57 6.5 3.16 4.04 5.41 5.31 4.07 4.12 7.51 5.8 12.14 19.23 4.83 5.45 4.64 6.39 5.54 2.97 5.57 4.72 5.75 6.12 9.73 10.16 8.13 14.91 10.97 13.52 11.02 13.08 15.81 21.65 24.44 11.64 6.55 16.13 11.27 4.29 7.05 6.84 7.07 15.59 26.04 9.93 8.64 10.45 7.71 4.89 6.26 5.81 5.58 9.88 4.34 5.9 9.03 17.92 13.37 16.5 17.33
12.6 4.79 4.14 10.05 6.9 8.36 7.24 8.44 5.78 4.09 4.51 2.12 1.76 1.52 5.76 5.93 10.18 5.4 6.3 4.05 6.34 6.75 7.47 8.66 4.32 7.32 11.81 11.12 11.4 12.84 15.31 12.75 6.77 15.72 15.84 7.28 13.44 8.32 16.28 8.72 13.33 15.07 10.35 6.45 8.06 8.1 10.37 20.23 11.93 9.77 7.59 7.22 6.23 8.66 3.69 4.97 3.56 5.95 4.84 7.47 11.76 10.94 11.92 10.04
7.45 3.43 3.29 9.34 7.5 8.65 9.49 10.5 8.02 4.17 2.99 4.94 2.65 3.61 3.71 4.27 12.69 10.05 11.37 5.2 6.72 4.82 8.39 7.36 8.24 4.95 6.03 13.09 18.64 9.12 7.97 8.12 11.13 13.19 8.29 13.65 5.57 5.33 7.1 9.13 9.39 9.15 18.22 15.59 12.15 7.29 9.04 17.21 11.48 9.22 7.81 6.01 5.93 4.67 4.61 3.64 4.44 4.72 5.43 12.9 8.7 12.8 13.11 6.51
9.84 9.7 11.0 13.59 13.6 12.49 6.23 11.0 9.69 4.9 4.52 5.14 6.88 4.72 10.49 6.3 10.51 10.6 10.24 4.19 6.44 9.16 6.9 8.62 9.04 5.88 4.18 11.86 11.45 8.11 5.96 9.1 6.62 18.99 8.35 12.97 7.53 5.07 8.9 6.26 7.33 9.71 4.75 11.44 15.71 5.1 3.47 4.02 6.97 7.37 4.3 5.43 6.11 5.01 4.82 2.56 3.53 5.26 4.21 11.03 16.47 16.51 20.11 6.43
7.63 8.73 11.44 5.05 7.11 8.38 9.23 11.07 7.45 2.37 4.22 8.99 7.16 5.37 8.76 10.99 4.66 8.97 10.91 11.15 5.75 7.92 8.09 6.58 8.57 3.81 3.22 7.71 11.08 16.66 6.27 10.72 11.78 7.96 7.35 21.28 5.99 7.54 6.46 5.02 5.58 8.18 7.19 5.56 8.55 7.09 3.74 1.98 4.38 5.55 5.85 5.24 12.53 11.81 9.93 4.78 7.46 7.72 7.75 24.33 19.75 26.1 32.89 13.7
6.5 15.24 14.29 8.7 11.53 9.21 10.08 19.32 6.02 3.97 2.95 9.11 10.61 7.55 8.9 6.8 8.69 9.43 10.89 9.27 11.24 15.87 14.55 9.8 9.44 3.9 4.2 6.87 7.86 17.17 5.75 7.92 9.11 5.09 5.46 5.95 8.01 6.75 4.2 4.57 6.26 5.52 7.19 12.23 16.14 11.01 3.46 4.81 3.51 4.02 5.6 6.22 8.83 12.94 9.43 6.35 9.56 7.89 6.49 9.38 8.11 13.72 13.21 17.41
4.76 14.72 10.45 4.92 6.49 7.36 7.29 7.77 8.11 4.59 5.13 10.0 11.38 9.71 9.38 7.11 6.65 9.6 13.93 11.04 9.25 15.41 13.27 11.84 9.18 6.37 5.13 6.32 6.53 9.56 4.6 6.73 9.27 3.87 3.48 6.53 7.08 2.88 8.1 9.62 6.8 8.56 8.09 17.09 21.77 15.12 8.61 2.28 3.26 5.35 5.6 4.2 4.22 8.15 5.38 7.45 11.79 5.15 7.59 14.38 7.61 13.5 11.18 12.79
10.88 19.84 12.35 9.55 7.7 8.67 5.49 5.07 3.47 5.19 8.4 11.12 9.91 9.21 7.19 9.65 9.3 9.59 22.58 12.68 12.68 11.39 17.58 16.43 11.67 12.62 12.07 6.07 7.42 8.95 4.98 3.53 6.49 5.14 3.33 3.19 3.34 3.29 3.15 6.57 6.21 7.78 5.89 22.66 34.0 21.35 6.39 6.68 5.26 13.26 12.23 8.21 4.96 5.31 4.97 4.89 10.1 4.56 11.15 8.04 8.5 5.87 5.72 12.68
6.16 12.15 12.8 9.3 15.95 6.65 9.87 3.52 5.17 6.28 11.65 5.91 3.46 9.9 10.75 12.56 7.29 12.76 21.69 17.31 9.39 15.05 7.89 12.6 16.29 17.37 6.63 6.92 6.87 9.52 7.91 6.17 12.19 2.5 2.57 4.9 2.73 4.18 3.12 2.67 3.87 5.24 8.3 14.96 7.95 19.1 4.74 7.01 6.22 7.03 27.44 10.35 7.18 6.8 9.82 6.14 6.65 5.11 5.01 4.66 7.07 3.61 5.93 5.55
7.29 4.19 9.24 11.73 15.22 4.06 5.01 9.42 3.95 6.09 7.0 5.88 8.17 9.37 13.4 11.92 10.13 10.53 11.1 16.25 18.22 9.68 14.72 29.3 26.89 14.6 7.93 4.96 7.4 7.64 7.7 6.56 5.34 4.55 2.91 2.75 2.76 1.62 1.76 3.37 3.1 10.08 18.01 17.04 13.17 14.62 11.47 10.53 7.23 6.62 9.6 6.88 7.8 7.73 4.54 7.55 10.6 8.04 4.84 4.25 3.76 3.15 9.6 16.47
7.92 3.09 2.13 4.06 5.27 4.74 3.19 5.23 4.13 5.06 6.1 6.07 8.07 9.19 16.22 16.18 11.97 10.59 9.04 6.0 19.21 8.37 9.86 18.57 15.78 11.7 4.57 3.68 6.71 7.14 8.81 6.71 3.84 5.53 4.35 5.04 4.72 2.45 2.84 2.65 4.38 11.77 18.8 8.9 15.94 17.47 6.75 8.98 9.99 12.47 8.24 7.73 5.98 3.49 4.68 5.22 9.14 5.67 4.22 4.49 2.92 6.45 11.43 9.77
7.54 2.22 3.97 4.72 5.41 3.62 2.94 6.08 6.54 7.47 8.32 7.36 7.0 11.25 21.23 20.0 13.67 8.54 5.8 8.81 22.41 12.9 15.39 12.07 16.08 12.24 4.74 6.16 5.89 7.06 6.14 8.58 8.76 5.05 13.64 16.11 11.11 4.01 5.99 4.4 4.09 5.92 15.63 9.33 15.82 14.3 7.63 3.72 5.14 10.06 6.89 8.93 4.92 9.76 4.32 13.55 8.88 11.69 5.2 7.99 4.29 5.3 9.1 6.68
15.42 7.64 8.08 8.19 5.54 5.08 2.17 8.86 5.84 9.64 3.84 3.86 6.5 5.69 6.82 11.91 15.8 6.84 6.07 7.02 22.66 15.07 26.77 17.15 12.36 8.18 5.95 6.66 6.38 4.7 4.68 7.44 7.79 5.57 4.44 16.22 6.8 6.51 4.33 5.15 1.91 4.45 5.27 8.81 13.81 16.29 7.41 3.61 5.03 8.26 9.16 15.53 9.14 12.09 14.8 5.02 6.86 4.22 6.98 6.34 4.97 5.32 6.03 4.03
10.89 17.96 14.13 11.8 7.08 4.34 3.81 5.34 10.62 5.76 5.2 3.6 5.0 4.16 3.07 7.36 5.75 8.09 5.67 5.7 16.78 22.81 29.53 18.24 10.99 18.13 10.48 6.07 6.56 6.2 3.0 6.74 8.25 4.41 5.89 9.28 5.07 6.81 6.06 5.68 1.77 5.35 9.24 8.02 13.86 13.11 7.25 9.86 11.18 9.1 5.09 8.51 21.41 17.95 10.17 4.4 5.94 2.17 5.44 12.73 5.61 7.44 4.44 5.86
16.13 12.02 15.97 7.32 8.4 5.69 6.63 4.1 5.2 5.3 2.26 2.67 3.3 8.06 4.37 3.94 7.43 7.0 5.37 9.97 6.88 13.58 12.08 17.43 11.84 13.06 16.32 11.93 12.68 8.27 6.89 6.0 8.95 9.34 7.74 11.37 7.18 8.06 6.73 5.17 4.72 4.89 6.93 9.51 6.79 8.71 8.68 14.03 11.61 10.98 8.91 4.42 14.88 11.45 8.86 3.68 4.3 4.04 6.55 12.29 7.13 3.91 3.72 7.03
11.72 13.13 5.4 13.43 8.99 10.08 7.4 6.77 3.71 3.38 2.17 4.76 3.23 3.91 4.48 5.31 10.18 7.14 7.93 8.79 7.18 6.59 18.76 9.57 11.53 15.78 15.8 15.17 24.79 11.96 11.71 6.75 12.35 13.94 8.42 13.21 6.56 10.57 14.1 5.18 5.28 10.57 12.53 5.48 4.38 7.46 6.3 8.74 4.47 7.17 6.75 7.92 16.65 5.31 6.31 4.63 11.36 3.39 5.75 7.06 5.57 3.99 5.41 7.22
12.66 11.4 8.03 10.53 12.26 12.28 16.34 9.72 5.09 3.27 2.4 2.06 2.51 5.41 2.28 3.65 11.26 6.45 12.53 10.53 6.26 7.64 5.27 8.98 10.49 13.66 19.02 11.33 24.51 23.38 7.6 7.32 5.8 7.68 5.5 6.3 8.78 11.33 17.91 8.63 15.74 17.78 10.5 10.91 6.54 7.61 4.89 5.69 8.06 5.19 10.03 10.33 8.97 4.72 6.54 12.52 8.2 4.62 3.14 7.66 9.99 5.89 5.61 4.02
7.54 6.13 4.34 12.53 8.69 22.6 15.96 21.58 10.05 3.17 2.46 2.42 2.93 3.04 3.34 3.57 10.85 6.18 9.4 5.53 6.3 3.97 7.27 6.62 6.58 10.05 10.19 14.62 14.55 27.61 8.3 6.42 5.59 12.66 10.95 5.9 8.79 22.96 40.03 19.73 15.36 14.71 9.81 14.87 11.67 12.21 4.75 5.98 6.46 7.49 8.25 8.08 8.02 6.14 6.81 9.52 8.48 7.93 4.49 5.2 17.36 8.47 11.29 5.55
6.0 3.35 5.37 7.37 23.34 15.72 10.77 10.31 17.44 3.15 3.28 2.76 7.69 4.7 6.94 9.52 7.06 16.73 8.35 7.25 5.52 5.58 12.08 7.39 7.22 16.3 5.47 9.19 7.26 6.56 5.5 7.39 6.47 7.07 16.88 15.08 11.39 14.96 24.4 41.79 12.4 13.89 10.96 17.36 10.43 10.72 5.14 5.18 9.97 13.13 10.61 3.8 6.31 8.82 7.57 6.81 7.01 7.51 5.75 5.9 11.94 9.33 8.41 6.41
5.89 8.92 9.02 7.48 35.52 27.24 17.03 15.45 12.93 5.57 3.66 5.25 7.03 6.4 10.81 7.4 5.77 10.1 5.37 3.08 4.4 5.4 6.53 6.91 10.12 16.81 8.8 12.25 11.92 9.11 6.04 6.69 6.62 8.78 15.29 10.14 10.8 9.63 11.74 14.75 20.96 10.63 9.5 10.37 12.13 4.71 2.26 4.36 5.44 9.81 10.25 8.9 6.9 9.88 5.39 3.25 5.78 8.72 6.69 10.76 14.91 14.86 14.85 12.44
4.78 7.78 10.35 6.23 16.46 16.06 8.78 5.27 6.54 3.41 4.5 7.7 7.1 14.63 16.23 14.94 15.85 16.3 9.71 6.5 7.08 9.39 8.41 9.64 15.64 19.03 15.57 12.15 11.33 10.56 4.56 7.36 9.15 6.17 19.46 14.23 8.46 11.83 12.53 20.08 11.71 16.62 18.35 15.19 12.31 4.33 4.65 3.08 7.4 11.75 8.02 8.25 6.71 10.64 4.95 3.94 5.99 6.56 8.57 9.2 8.4 21.66 16.7 23.58
3.91 10.23 11.97 9.94 17.26 9.3 8.3 7.77 4.2 6.05 3.54 7.5 7.35 14.7 25.88 12.41 10.89 15.28 9.72 5.48 6.43 3.29 6.99 13.12 9.34 23.51 12.15 8.89 12.72 13.11 16.78 7.83 8.14 13.56 15.01 19.77 18.12 14.51 8.65 12.32 30.36 20.65 20.9 13.5 9.41 4.47 4.4 6.55 3.91 5.37 4.98 10.24 4.71 9.36 4.75 6.14 7.75 7.59 7.2 7.57 9.56 17.61 16.41 18.18
3.03 7.43 18.22 6.58 15.17 6.94 4.48 5.72 3.74 4.89 4.53 7.38 7.32 18.58 21.84 5.31 8.12 17.05 13.85 6.37 4.38 3.78 4.37 6.89 13.42 13.02 13.9 8.08 12.48 16.84 14.44 22.55 11.9 15.0 13.67 24.27 14.74 13.59 8.17 15.39 24.61 17.5 6.01 13.56 7.53 6.27 3.58 5.52 3.7 5.26 13.61 9.56 6.62 6.7 7.35 7.42 14.72 8.25 13.62 10.16 9.25 14.0 17.43 19.92
5.29 4.26 8.07 9.0 17.0 15.5 9.83 3.02 2.82 3.55 4.59 5.25 4.98 10.13 11.0 5.07 10.91 10.58 6.31 10.63 5.84 3.93 3.97 5.96 4.9 11.04 14.43 17.64 13.18 14.1 20.19 10.67 10.56 11.18 8.87 8.22 14.99 14.55 15.48 18.81 24.85 23.31 9.36 15.85 10.15 4.78 6.37 4.79 3.07 7.25 14.15 12.4 14.21 6.46 5.79 8.02 19.23 12.22 13.39 11.61 22.31 14.84 12.72 25.11
8.84 6.53 6.51 6.31 8.09 9.26 3.75 4.42 1.77 1.52 4.41 5.49 4.09 7.39 13.43 5.07 6.46 14.35 7.4 11.18 11.47 12.35 10.29 5.63 5.69 6.69 11.55 8.28 8.81 8.64 9.47 7.22 9.9 9.43 6.85 6.51 9.2 18.23 22.31 15.69 24.3 18.15 21.46 28.31 17.39 6.8 4.27 6.58 4.44 4.3 6.27 9.18 9.22 5.46 5.53 4.98 10.17 11.84 24.52 13.7 27.75 29.8 17.31 16.7
8.23 7.39 5.75 8.67 5.9 5.86 3.07 5.76 3.02 2.06 11.64 6.38 6.55 12.55 10.13 8.61 9.39 9.72 4.94 7.22 20.23 13.49 8.63 10.94 8.4 12.79 12.97 13.16 5.93 4.38 5.46 5.46 9.24 6.57 6.7 3.52 10.98 10.9 18.25 12.88 14.72 14.79 13.93 14.33 7.53 5.13 5.2 6.87 6.26 8.26 4.59 6.97 6.9 2.73 5.02 7.97 9.58 7.09 6.86 17.16 32.65 22.83 23.62 8.43
12.89 3.66 4.47 3.26 2.77 4.73 1.78 2.76 5.39 4.01 9.52 8.8 8.38 16.19 11.1 8.6 5.17 5.11 3.72 5.91 12.08 8.04 7.93 12.82 18.79 21.31 17.51 11.41 4.41 5.95 6.92 6.58 7.18 8.63 11.61 7.78 9.08 8.72 9.89 8.62 16.55 24.35 13.86 8.34 8.48 5.67 5.25 10.76 9.64 14.69 2.99 5.4 2.36 5.33 6.85 8.15 6.29 7.38 5.94 12.83 23.75 36.15 17.35 6.78
14.42 10.9 4.19 3.32 4.37 6.23 3.27 3.88 4.85 6.15 9.03 16.9 9.56 8.28 16.85 7.23 3.87 4.31 5.15 5.84 9.99 6.86 15.76 15.39 27.26 43.18 33.11 17.72 12.03 6.27 6.82 14.35 9.99 12.05 8.74 8.51 4.68 4.61 4.3 4.41 7.29 20.34 8.15 6.95 3.9 12.75 5.7 17.37 11.63 18.51 10.06 6.96 4.53 3.26 9.87 5.67 4.98 3.25 5.0 5.9 9.59 9.9 15.26 13.25
26.57 7.78 9.4 2.35 6.8 4.1 3.3 2.99 5.97 4.24 7.94 10.22 14.07 19.15 10.04 4.56 4.02 6.34 2.64 6.25 11.49 14.29 13.54 8.32 10.1 16.65 23.39 23.13 5.07 10.67 8.48 13.04 18.55 7.16 9.56 9.37 7.04 6.71 3.65 7.57 7.51 9.13 9.49 10.5 9.21 6.56 7.08 8.62 8.14 11.27 15.68 14.6 4.75 5.22 11.68 4.6 4.18 5.69 3.43 5.63 6.72 7.17 8.71 11.6
10.63 14.95 7.45 4.15 8.54 6.61 3.2 2.89 5.05 5.78 4.79 16.87 20.59 37.9 24.59 6.47 5.9 5.36 4.12 6.27 4.86 11.95 17.27 16.61 8.58 16.09 41.0 25.19 10.45 9.87 8.37 6.86 6.12 5.89 13.6 11.38 5.55 4.98 11.66 12.36 7.38 6.06 3.51 4.78 8.05 15.72 13.99 7.76 8.13 12.19 9.66 5.34 4.4 2.72 4.88 2.85 2.74 4.42 6.1 11.6 13.02 6.05 10.36 9.56
10.53 19.2 9.09 7.64 7.24 6.14 4.73 2.51 3.71 7.06 5.15 10.42 19.41 49.75 26.18 7.76 4.67 6.16 5.73 7.91 11.62 11.29 19.66 20.66 19.5 27.07 43.27 24.95 12.74 9.52 4.43 3.54 8.22 7.8 10.62 7.92 3.32 4.98 6.95 10.32 5.01 3.31 3.15 10.36 6.34 7.79 12.6 8.53 13.9 5.38 7.78 5.83 2.37 4.2 3.96 2.66 4.7 3.85 5.67 6.36 5.51 6.21 5.39 12.49
17.43 16.02 12.58 9.33 8.57 9.31 5.02 3.88 7.26 8.88 15.02 10.53 13.36 23.72 21.98 10.09 9.59 9.9 15.57 17.99 15.14 11.18 22.12 23.88 22.57 46.24 27.97 21.92 11.8 9.29 2.19 2.33 4.18 7.6 9.54 8.53 4.04 4.05 8.28 5.78 6.4 4.86 6.05 5.18 5.68 7.02 13.26 13.07 6.78 5.95 9.27 9.35 2.54 3.17 2.09 2.96 2.05 5.07 6.64 4.91 8.92 7.07 5.03 6.26
8.23 14.49 19.27 11.04 8.09 11.16 13.58 7.62 8.94 5.45 8.37 7.02 10.72 9.43 5.19 4.89 12.11 10.31 23.88 12.42 12.3 7.28 10.38 16.99 15.98 21.81 12.7 17.57 14.95 6.0 3.04 1.49 3.8 7.23 7.53 8.2 2.69 7.59 10.74 9.85 5.62 4.71 7.09 6.03 5.16 4.65 3.45 9.03 5.69 6.69 11.5 11.0 9.62 4.27 7.27 4.47 2.88 3.03 5.01 3.8 7.88 7.3 4.15 5.94
10.25 11.44 23.37 8.49 18.59 10.98 12.32 12.34 7.81 7.49 8.75 7.79 12.38 15.25 10.53 5.88 7.0 16.63 15.26 8.57 6.84 9.99 8.46 21.57 23.67 21.6 22.69 15.74 15.06 11.02 4.57 2.41 4.39 8.39 9.91 5.49 8.02 13.86 14.99 8.17 8.1 4.24 5.25 6.75 5.27 2.48 2.1 7.97 10.59 12.43 10.22 10.99 6.13 8.17 8.39 4.7 4.42 2.43 5.04 2.78 10.53 6.86 4.36 4.27
15.75 14.79 28.64 15.09 19.94 19.74 10.82 15.68 7.25 8.95 8.67 5.79 15.06 17.63 12.38 10.15 6.15 9.87 19.07 8.45 7.4 7.56 8.92 15.19 9.79 13.69 9.65 11.06 9.69 7.03 6.37 6.88 5.84 4.88 10.58 6.73 5.03 5.06 7.07 5.6 5.01 4.0 5.1 3.0 1.4 1.62 1.65 4.36 6.64 7.55 9.65 9.94 14.35 10.03 13.97 4.68 5.96 5.61 3.23 2.56 3.16 7.83 5.31 5.0
32.64 17.82 15.03 9.94 11.95 26.06 13.97 10.6 6.83 13.3 4.93 7.61 18.41 14.87 19.59 14.08 12.93 12.43 13.64 18.26 13.09 10.28 13.88 8.69 5.19 7.88 7.8 6.58 4.39 5.17 6.67 8.6 4.95 6.47 8.04 8.73 8.09 4.73 3.95 4.28 5.25 8.5 5.53 2.47 2.39 2.23 1.38 2.9 4.16 6.57 8.92 10.92 7.67 13.02 5.52 6.8 5.94 6.13 4.98 2.72 4.44 3.41 3.09 10.04
21.34 24.79 21.13 9.05 10.2 28.66 22.43 14.92 12.94 13.52 7.56 6.08 11.35 14.95 18.75 12.87 8.94 17.12 14.85 14.71 12.94 18.27 18.9 7.97 7.2 6.38 7.23 4.57 4.96 7.08 6.07 11.0 4.3 5.39 7.3 7.4 4.55 2.83 4.96 2.45 3.26 7.02 6.57 6.74 2.89 2.85 1.5 2.46 3.33 5.61 3.89 11.9 6.57 11.47 5.9 5.54 3.49 4.54 4.87 4.53 2.22 3.75 3.56 5.32
17.01 20.0 22.92 14.06 9.27 21.86 21.51 11.05 22.65 26.68 14.99 14.09 23.74 22.73 19.84 8.36 10.67 7.46 10.32 10.11 10.98 11.0 24.42 22.5 7.19 3.79 6.3 11.13 9.26 13.93 9.93 12.91 6.5 12.66 12.19 15.17 7.0 6.48 6.22 5.09 3.0 5.05 3.35 8.79 4.55 3.07 3.65 2.24 4.2 6.85 6.12 8.57 5.24 4.6 6.08 2.32 3.86 4.78 7.22 8.45 3.78 3.36 7.16 6.33
16.18 38.35 49.63 16.11 16.97 11.22 19.07 9.38 10.76 12.36 9.74 13.24 13.01 15.52 13.4 8.7 6.97 13.24 9.91 11.55 8.2 16.94 13.97 16.8 11.87 10.23 8.5 6.0 7.88 13.0 12.54 13.18 6.96 4.99 5.21 5.03 7.91 10.43 6.06 3.15 5.17 3.02 3.31 4.39 5.0 3.55 4.88 5.42 6.76 8.35 13.86 9.67 4.62 4.79 5.91 5.68 5.85 4.11 4.24 5.68 4.09 4.39 4.58 3.24
8.6 26.13 20.23 23.95 8.88 14.4 33.13 10.57 13.21 27.2 29.84 35.02 25.8 14.94 9.55 6.1 9.33 7.22 5.94 14.0 9.35 8.45 6.9 7.65 6.48 9.01 8.89 9.43 4.06 10.94 13.71 13.45 18.16 8.07 9.1 4.33 8.26 5.24 8.87 6.53 6.48 5.31 4.7 7.51 5.53 8.31 6.6 8.15 7.25 11.97 11.4 7.95 6.92 4.94 5.68 6.0 7.42 4.06 6.75 5.08 2.65 2.74 4.75 6.1
