30.96 19.04 13.47 14.65 8.77 16.59 11.29 5.29 4.87 12.42 14.85 10.66 8.48 9.56 15.63 12.09 12.22 13.36 9.74 20.34 13.64 11.18 20.66 9.7 9.94 8.53 4.42 5.68 9.45 5.13 6.12 4.08 2.67 5.13 5.58 7.88 7.93 8.73 6.8 5.78 7.03 3.84 5.06 3.53 9.2 3.97 9.2 12.6 5.25 7.04 15.91 11.63 10.69 8.45 6.05 6.81 8.58 10.68 6.77 8.1 5.23 4.34 5.58 4.73
9.19 14.22 22.51 23.63 15.34 12.83 15.53 5.62 6.48 9.93 9.61 10.69 18.76 14.15 42.09 28.58 15.57 16.79 16.37 12.63 15.71 15.92 27.66 25.08 21.25 8.49 3.93 4.88 7.17 5.82 8.07 15.43 5.27 7.4 4.14 6.42 4.39 6.54 6.33 6.41 7.39 6.24 3.72 3.54 2.74 2.83 8.73 7.48 4.68 4.86 9.86 14.55 14.53 14.1 5.71 7.39 11.01 7.78 6.97 8.07 4.63 6.5 15.08 7.93
9.16 12.03 19.06 16.05 9.94 23.38 16.12 12.87 9.2 7.64 9.2 8.91 9.74 9.0 16.47 24.66 32.65 20.78 11.38 5.94 10.99 6.0 12.83 36.55 23.87 17.74 9.63 9.38 7.67 6.63 8.1 7.63 6.63 4.66 5.57 5.08 2.66 4.91 10.08 9.09 6.06 6.4 5.69 11.59 5.37 3.52 4.51 5.42 6.4 5.77 5.62 2.97 7.93 8.89 9.4 10.99 5.56 9.79 12.05 6.81 8.17 7.36 19.78 8.23
17.72 44.35 30.71 15.87 8.43 6.43 11.61 18.41 13.92 8.48 10.42 10.07 12.11 11.75 7.14 9.57 11.58 15.8 11.17 7.09 6.16 6.27 19.4 23.13 13.44 11.09 7.12 4.36 6.43 6.19 7.52 9.28 10.17 7.4 2.98 2.62 2.99 3.81 8.01 8.36 7.65 9.73 6.13 14.38 8.14 5.46 3.63 3.55 4.28 3.31 6.21 3.51 7.07 14.05 10.05 13.75 7.17 10.1 9.37 12.31 7.28 9.56 9.51 10.89
10.07 18.03 24.87 16.81 13.63 8.76 9.19 14.91 18.59 14.6 7.51 6.15 13.68 13.58 9.51 7.47 14.92 11.11 6.7 4.02 7.3 4.57 10.99 10.01 11.99 13.8 6.62 3.53 3.87 5.98 9.21 8.57 8.3 5.72 2.99 4.16 4.08 7.43 7.07 6.32 8.83 8.1 6.28 24.93 10.6 6.81 6.76 4.77 4.58 3.34 5.93 6.84 11.47 17.08 15.43 14.84 8.46 10.97 6.6 5.71 4.96 6.12 12.88 9.39
9.15 27.12 15.55 13.01 14.58 11.8 10.92 19.09 16.29 19.78 9.36 13.28 8.25 25.66 14.28 14.87 15.76 14.59 9.21 6.26 6.08 4.23 7.43 4.01 8.07 12.79 6.05 5.11 4.16 7.84 11.42 10.96 7.08 8.43 3.9 4.36 4.19 4.53 5.04 4.01 5.08 5.05 7.53 27.61 17.66 10.55 14.51 7.9 8.23 5.17 5.37 13.88 12.92 14.83 18.16 11.12 7.64 9.12 8.62 4.84 3.81 8.67 6.57 11.81
9.92 21.52 12.87 18.33 15.2 8.14 12.4 10.12 14.41 26.35 9.72 6.64 7.51 16.66 14.5 16.45 20.03 21.46 17.26 16.24 8.56 10.08 10.8 8.1 12.5 9.75 7.18 2.85 4.2 6.97 14.92 7.69 11.73 6.77 5.79 4.42 6.1 5.12 3.3 2.32 4.67 8.81 10.55 10.11 8.9 5.43 11.51 9.69 12.03 5.47 6.19 12.34 33.04 19.62 9.85 8.03 6.48 6.36 8.97 9.79 8.75 11.37 12.56 18.21
7.76 13.2 7.74 28.92 12.06 11.01 25.84 21.8 25.65 14.74 6.71 4.19 6.54 12.81 11.72 18.5 25.83 21.09 14.08 19.5 8.84 12.11 11.76 12.05 16.75 12.13 8.51 8.22 10.11 10.36 18.5 12.31 17.07 14.59 9.16 8.47 8.85 11.66 4.18 4.18 4.65 7.27 8.68 21.94 15.61 5.56 5.16 8.35 13.4 14.82 5.77 12.88 20.22 27.39 15.55 12.03 10.19 8.35 10.48 7.84 10.44 8.73 14.33 27.24
8.32 11.44 16.15 28.91 34.66 24.01 27.97 12.01 17.91 19.68 10.78 10.41 10.47 9.81 11.04 17.37 19.05 17.88 17.03 25.2 23.59 20.47 9.77 11.47 25.97 14.9 6.76 13.74 18.71 12.66 22.39 8.91 12.38 12.36 11.45 14.15 14.39 10.41 6.61 5.56 8.29 11.03 7.82 8.08 10.27 5.67 8.46 5.94 11.99 9.8 12.75 17.28 33.05 19.04 11.6 14.6 11.37 10.2 11.13 15.68 7.57 5.3 12.37 7.49
5.82 12.62 10.44 21.29 15.47 46.17 18.35 21.46 29.17 13.6 8.44 8.09 5.79 3.72 10.24 16.3 15.7 9.23 12.24 21.44 33.71 17.49 11.67 23.62 17.96 23.76 8.26 9.32 6.94 11.62 13.51 8.8 6.37 11.39 6.84 14.96 26.59 18.56 16.23 6.71 9.0 6.08 7.07 9.43 5.77 6.27 11.07 6.18 12.11 11.57 7.99 16.02 23.31 18.16 13.2 11.3 13.61 35.34 22.32 17.0 5.31 7.12 6.47 5.18
5.97 9.42 11.64 9.86 8.58 15.72 19.57 19.57 10.63 10.31 6.96 6.93 7.53 4.77 13.88 12.62 24.99 13.38 11.36 8.02 29.32 20.04 15.8 18.62 19.55 14.35 7.33 8.35 7.06 8.85 4.83 5.64 9.92 12.13 9.29 17.37 20.46 11.1 18.51 21.39 10.94 6.42 4.55 6.6 6.42 9.43 5.08 6.87 15.47 16.13 6.84 16.13 29.77 19.21 26.48 11.25 10.74 15.7 17.68 18.35 8.33 5.55 6.94 4.02
4.63 9.21 15.06 9.15 8.18 5.9 13.88 8.78 7.52 8.7 5.33 8.24 13.5 10.2 8.55 12.47 14.99 19.24 12.36 8.5 13.72 21.37 12.1 20.96 15.19 13.37 9.48 13.56 12.09 10.25 4.46 6.64 16.84 13.5 5.99 25.64 19.43 23.69 19.76 8.04 6.34 4.18 4.94 7.8 5.69 5.16 6.49 7.36 6.72 5.47 6.52 10.48 17.37 16.21 23.48 16.23 11.97 13.25 16.97 13.65 10.1 6.68 7.69 4.46
6.28 8.03 10.13 9.23 12.49 7.72 6.19 6.22 4.33 4.91 3.28 10.12 7.16 14.6 11.68 10.49 18.8 16.64 17.08 5.16 6.5 7.12 11.99 6.61 17.4 9.53 10.52 33.94 11.61 8.5 6.88 9.75 11.72 11.27 13.08 17.31 20.09 13.64 28.03 13.78 8.97 5.73 4.78 5.86 7.04 5.97 11.23 11.23 7.15 8.77 7.7 7.01 5.7 4.69 12.87 11.94 12.26 10.54 13.92 13.5 8.53 7.35 7.15 5.03
4.95 7.68 8.22 16.92 11.07 9.92 6.53 4.95 4.51 4.55 5.59 11.31 8.92 13.73 11.15 5.39 7.08 12.55 22.42 10.16 10.56 10.51 17.36 9.2 8.41 8.26 8.92 12.8 17.78 12.74 14.07 15.16 8.87 11.85 10.51 16.56 8.48 12.71 23.09 19.68 11.06 17.71 13.23 6.44 5.86 4.92 7.58 8.14 7.24 12.54 13.22 13.47 12.66 16.51 7.12 12.76 6.88 11.83 13.72 13.42 5.97 6.96 8.94 3.9
7.15 6.86 8.53 20.03 11.55 9.66 9.25 7.21 6.09 4.04 7.09 8.58 14.38 17.61 13.42 7.86 6.54 7.89 14.28 13.23 10.3 12.42 16.9 9.2 8.18 20.53 29.15 18.29 34.35 23.42 10.94 14.9 8.44 10.45 16.04 6.32 10.88 13.61 16.53 16.0 19.68 20.81 16.08 19.79 16.63 5.58 9.75 8.68 7.85 10.39 6.67 8.47 17.64 30.34 26.3 13.55 8.97 7.63 8.37 10.91 11.61 3.38 4.71 4.65
12.86 13.11 7.64 13.56 6.91 12.9 14.98 15.13 6.73 5.67 3.25 7.43 16.63 12.02 9.1 9.12 8.2 15.48 10.12 6.15 7.71 12.79 14.7 14.12 14.13 14.72 13.43 23.21 47.96 16.42 21.22 11.29 7.19 12.56 14.77 6.55 5.92 8.23 17.68 16.97 17.21 11.73 6.47 13.24 11.65 5.8 8.31 6.3 6.13 14.62 12.85 7.55 10.06 26.35 24.73 32.28 4.45 6.63 9.45 14.6 9.15 2.61 2.27 2.47
16.09 18.75 9.21 11.17 11.39 6.51 8.15 6.55 5.78 5.83 5.98 8.11 8.66 5.16 10.05 6.32 4.93 8.25 6.5 5.44 14.09 22.52 21.66 18.39 19.45 17.23 10.04 9.58 31.29 22.27 23.34 8.68 4.6 12.28 7.0 7.5 7.87 9.12 18.03 16.52 10.75 7.52 6.91 11.85 6.5 3.39 5.27 3.91 6.17 8.79 5.84 8.66 14.01 14.46 19.08 14.03 6.47 10.55 8.65 12.91 8.39 6.37 2.74 3.08
19.69 22.77 9.16 7.82 7.35 9.16 6.85 6.72 4.13 8.6 6.15 5.39 7.59 8.21 11.95 5.66 8.02 6.77 5.55 6.12 13.21 17.28 9.2 12.21 20.31 36.99 10.28 21.21 19.55 24.07 20.77 9.71 6.58 13.35 6.83 11.88 9.56 10.25 13.47 12.52 9.4 10.71 8.9 8.28 15.23 7.22 7.41 3.48 9.1 4.31 5.97 17.41 20.67 10.69 14.55 15.23 8.99 12.0 7.84 10.31 8.94 6.19 4.85 3.13
14.78 25.35 11.73 9.41 5.77 8.6 10.43 4.88 7.93 8.13 4.54 5.51 5.08 16.15 8.03 9.76 10.37 17.8 13.78 12.17 14.13 10.61 10.97 13.44 27.98 34.72 16.22 9.95 23.02 18.58 17.13 9.08 8.87 9.09 6.63 12.02 13.46 8.66 11.06 19.27 10.96 9.72 4.61 5.08 9.73 5.65 8.34 4.78 9.16 11.85 17.1 30.53 23.69 10.31 10.19 13.5 15.19 10.93 10.36 9.08 6.6 4.46 2.49 2.48
16.46 10.24 6.15 7.17 5.66 4.35 9.56 5.4 15.02 6.46 4.74 3.42 7.02 14.39 7.95 4.1 5.23 6.59 7.26 19.6 18.22 9.91 10.47 17.9 22.25 19.0 10.51 16.32 16.18 15.77 8.01 9.19 10.8 9.76 12.56 7.1 10.02 5.52 6.65 9.64 5.9 7.65 4.79 15.78 16.54 8.55 4.34 3.31 7.97 11.91 18.92 17.79 15.65 11.89 22.59 18.49 23.11 8.78 7.17 6.34 4.8 3.29 2.85 2.11
8.39 9.44 3.48 9.03 3.08 3.41 7.27 5.64 12.77 7.18 3.05 2.53 4.92 7.1 8.15 5.95 6.05 5.98 8.93 15.45 6.55 6.56 13.02 18.47 12.22 9.65 9.19 9.79 13.9 15.14 7.88 6.58 6.31 10.88 11.1 7.6 4.98 5.18 7.04 6.02 9.24 21.86 8.82 12.77 15.35 11.06 7.93 3.65 4.81 13.9 16.55 23.97 16.78 12.04 17.19 18.6 28.57 6.51 4.69 5.65 7.56 8.36 5.58 1.42
14.36 7.49 5.33 7.11 4.1 4.09 4.1 5.96 9.67 11.46 6.32 4.14 6.08 9.3 7.97 3.76 4.75 3.74 9.43 15.62 12.98 11.5 12.17 11.95 10.24 7.17 5.97 8.6 18.11 16.06 10.87 11.44 18.3 8.11 6.53 3.81 5.4 6.9 7.28 8.84 11.33 15.14 24.11 16.55 16.82 8.23 7.46 6.84 8.53 11.57 5.43 7.85 12.14 12.03 12.26 21.09 27.95 27.12 8.25 10.49 3.79 4.81 5.22 2.74
12.18 3.8 4.02 9.7 9.41 10.97 3.6 2.77 5.88 9.45 14.21 11.94 6.56 7.63 8.68 3.97 6.71 2.84 7.74 7.17 12.02 9.6 10.03 9.72 4.62 4.05 5.57 9.54 13.62 13.26 10.59 17.5 11.29 8.24 4.86 4.74 5.21 8.07 7.32 8.87 8.96 16.82 30.4 19.6 23.16 23.25 14.45 16.58 9.87 11.15 4.38 7.07 7.25 12.64 9.69 14.17 15.79 11.28 14.84 15.96 9.98 4.77 5.75 3.09
7.0 4.14 5.93 9.82 9.82 10.07 5.43 3.97 4.93 6.3 6.54 10.66 9.33 10.34 7.74 3.93 5.52 7.6 12.85 10.34 15.18 9.27 13.24 17.21 4.77 4.27 4.81 8.83 16.5 9.92 6.48 11.52 13.09 9.15 12.43 5.85 5.24 7.72 5.39 9.47 8.36 20.59 62.94 34.53 17.7 12.02 14.81 19.74 13.75 13.91 4.96 5.87 7.91 7.71 10.75 11.55 13.23 16.31 20.77 25.31 15.18 11.3 8.55 5.55
2.95 5.55 6.67 9.97 10.26 11.12 3.94 4.3 3.44 6.91 6.35 5.81 5.1 7.83 14.69 10.81 7.17 12.89 19.99 19.94 12.65 14.33 7.26 10.56 4.94 5.34 7.75 9.94 20.77 11.43 10.95 9.04 10.11 9.55 14.23 8.56 6.61 7.57 15.29 18.1 22.17 21.68 23.33 28.89 17.49 10.97 12.33 11.67 22.87 15.21 4.48 5.99 6.78 11.48 14.72 15.23 5.95 11.09 21.24 23.56 14.43 9.38 6.92 8.03
1.56 4.92 12.03 12.34 14.71 7.21 3.42 4.76 3.72 5.71 6.82 5.29 5.3 4.42 8.04 8.26 10.7 9.4 14.59 23.25 20.67 12.65 12.44 5.38 5.52 7.68 4.67 5.84 11.79 21.76 19.65 16.75 9.57 8.48 8.95 15.49 15.79 10.67 13.21 16.23 24.9 13.72 11.7 10.24 11.17 9.64 17.32 14.64 19.31 25.54 17.53 10.95 13.78 6.05 9.98 15.88 11.0 17.12 17.05 13.22 10.98 11.06 4.52 4.65
3.64 4.89 9.51 16.83 11.92 5.99 4.1 10.19 4.05 7.9 5.64 3.55 3.0 3.05 3.24 6.92 13.39 8.79 8.73 21.74 18.42 15.5 8.92 8.13 8.85 15.54 6.72 5.5 9.92 16.84 31.17 26.32 9.22 15.16 16.46 10.83 6.93 6.97 6.77 14.39 31.22 17.43 15.34 10.47 8.71 13.57 9.23 10.08 15.32 19.53 23.16 11.57 9.74 7.73 6.78 8.56 8.85 15.07 21.81 11.53 9.44 10.62 5.16 6.35
6.67 7.16 7.22 12.5 10.44 6.67 10.83 8.54 8.32 7.73 6.91 6.68 3.56 2.4 5.34 4.97 9.05 12.72 22.4 16.4 6.06 9.48 9.99 6.09 12.92 26.67 10.03 10.52 12.94 22.19 14.96 14.0 17.47 21.75 41.98 10.17 12.5 8.57 9.74 7.44 19.65 8.91 16.94 8.42 9.85 12.03 20.0 18.8 17.64 22.2 20.34 12.88 7.34 5.95 10.37 11.76 16.4 12.89 11.62 9.48 8.97 6.79 4.86 8.98
9.95 15.76 10.63 15.29 6.29 4.97 9.03 8.26 21.54 17.62 11.61 11.23 16.97 12.97 9.08 5.31 5.46 14.84 19.45 17.75 14.31 9.36 11.92 9.97 19.5 20.08 12.83 23.78 32.87 38.59 25.91 15.32 12.08 27.34 22.4 10.54 9.51 16.05 7.39 12.69 8.51 12.04 7.22 8.19 6.6 9.3 21.32 24.76 31.89 19.47 15.44 17.96 6.96 4.65 4.18 9.2 15.3 17.76 11.13 9.86 8.18 7.98 9.78 5.66
15.91 14.74 9.93 8.59 8.69 6.12 13.12 6.3 28.84 23.39 17.88 11.22 13.98 14.9 12.22 10.19 5.51 9.11 11.36 10.56 8.44 6.17 6.27 9.06 27.38 14.7 24.69 19.43 26.94 50.58 23.58 33.2 15.84 29.09 12.6 11.15 10.58 6.44 5.82 7.27 7.65 7.58 11.01 13.74 12.24 9.54 22.74 18.15 28.37 17.43 16.43 11.91 4.49 3.25 5.8 6.57 10.79 11.25 10.23 14.3 6.44 8.25 15.83 9.76
19.53 13.0 5.83 13.76 11.41 23.1 8.0 9.55 13.8 38.66 20.2 7.52 9.57 11.63 14.42 19.19 12.46 7.64 11.65 14.54 8.29 5.45 7.03 10.1 10.89 8.9 12.74 16.49 25.87 30.26 33.46 17.81 16.83 23.75 9.38 17.14 18.01 17.43 7.87 12.49 11.64 11.85 7.12 9.76 9.34 9.95 27.13 19.53 14.77 8.0 12.19 16.11 8.06 5.82 6.89 9.28 16.25 20.96 8.53 8.73 8.22 10.94 12.42 13.29
11.77 15.91 15.34 17.06 14.54 12.88 16.34 9.66 27.0 41.71 33.05 18.83 23.12 20.12 22.86 10.9 13.15 11.93 14.47 14.13 6.39 5.69 3.62 9.52 14.33 11.22 14.18 17.0 30.2 14.78 44.76 17.21 20.73 23.07 14.45 14.75 15.08 21.03 9.63 15.08 14.55 13.86 4.08 5.66 10.13 10.68 12.36 12.51 8.67 5.78 4.71 8.34 9.2 12.09 12.52 12.9 20.86 15.06 14.19 10.0 13.29 10.84 11.95 7.39
7.63 13.17 13.04 12.99 15.7 21.49 33.86 20.42 39.29 35.69 18.96 22.41 12.33 12.46 24.1 20.7 18.56 16.7 7.58 13.18 7.74 4.65 4.06 6.68 8.53 17.64 5.43 13.24 14.92 15.22 20.12 11.49 43.22 19.72 20.68 26.62 17.6 7.93 5.45 11.1 9.89 9.57 5.45 8.15 9.23 18.06 15.29 9.99 8.83 10.54 6.78 8.97 9.18 12.36 17.72 17.61 18.37 13.03 10.51 8.8 13.36 8.22 8.38 7.22
7.02 6.15 4.22 17.82 12.72 17.49 28.95 28.43 25.9 29.26 12.85 12.16 14.8 15.97 15.14 11.28 12.29 5.96 6.04 22.88 28.56 9.23 10.57 12.07 13.12 10.44 9.74 5.32 7.24 18.16 18.64 15.57 26.01 15.1 19.72 14.92 16.74 7.92 10.9 6.16 6.05 11.08 5.72 3.21 10.7 8.94 12.58 8.07 9.9 10.72 7.49 7.56 6.57 13.99 17.14 13.6 19.6 19.15 6.43 5.97 6.86 5.49 5.34 5.59
9.37 4.95 6.24 10.92 6.76 9.86 11.9 18.77 16.15 22.64 14.45 11.33 10.2 14.35 18.75 13.9 16.44 4.84 3.34 6.35 10.74 14.77 14.13 4.92 10.67 17.52 15.93 9.06 5.64 12.47 8.69 18.87 14.72 7.17 16.85 24.91 19.37 11.75 9.98 3.05 3.48 6.15 4.57 4.02 8.26 13.26 10.94 10.54 3.02 9.08 11.9 7.99 7.8 12.59 7.47 8.7 9.46 8.49 2.23 6.13 4.13 2.01 3.11 4.19
15.32 13.16 11.05 5.78 5.57 14.59 15.2 9.23 13.8 18.16 23.48 8.89 12.74 8.47 12.89 8.42 14.29 9.69 4.13 9.48 7.04 13.61 11.59 4.13 5.37 14.62 11.67 7.33 4.78 8.37 13.2 11.55 8.39 17.81 10.35 9.59 13.54 8.48 6.73 1.98 3.16 2.98 4.7 4.12 7.35 6.08 17.3 15.24 7.06 7.5 8.37 8.25 6.82 9.17 5.67 5.5 9.84 7.06 3.84 4.06 2.9 2.96 2.94 1.83
13.1 13.76 12.37 8.12 9.64 14.52 14.07 10.4 8.98 16.27 13.88 9.47 4.97 8.16 12.39 15.51 9.46 11.64 6.54 10.8 14.06 8.77 7.59 3.38 3.97 10.25 9.52 6.81 6.78 5.16 13.49 8.71 5.52 4.66 4.35 10.92 4.54 5.28 5.35 5.06 5.9 2.42 3.38 4.11 5.42 11.69 11.91 10.44 7.15 5.97 3.73 5.0 5.78 5.32 6.9 6.08 8.92 5.25 3.88 4.74 4.13 5.74 3.57 3.25
18.44 8.96 12.59 10.62 9.05 11.57 17.81 13.75 11.18 9.86 15.96 6.49 6.91 4.76 7.63 18.92 22.6 15.58 15.76 10.82 7.21 7.74 6.62 4.05 2.67 8.55 4.97 7.81 5.71 4.71 8.85 4.16 5.43 4.65 4.73 9.6 6.03 6.05 4.24 3.68 4.92 4.72 6.23 6.91 5.56 6.87 15.56 5.28 11.1 5.85 2.91 4.96 5.58 10.78 6.39 7.55 10.63 7.02 3.34 3.11 8.75 12.14 4.93 4.51
11.24 10.98 8.44 9.71 8.76 16.19 19.11 18.34 11.82 13.81 16.8 7.79 7.01 7.95 15.79 20.62 9.18 14.05 19.43 10.96 14.86 9.22 5.46 4.37 3.89 5.03 2.83 7.59 5.31 10.24 9.47 4.38 6.11 10.05 4.76 3.97 4.7 5.94 3.52 6.55 6.54 8.2 4.65 5.47 5.66 3.89 5.3 4.57 6.92 2.7 4.43 4.01 8.92 4.99 2.37 4.49 7.05 8.74 9.95 5.1 11.05 7.62 4.2 3.13
6.77 9.59 5.18 5.75 12.36 21.14 15.48 24.65 15.01 10.56 12.56 7.48 6.73 8.95 11.83 12.28 10.94 15.77 9.39 7.27 8.93 5.77 4.72 4.98 4.04 3.21 2.27 4.43 7.46 5.55 6.13 6.41 12.04 14.15 6.76 7.22 9.41 6.47 9.98 5.46 4.2 4.93 4.64 3.25 4.15 8.21 5.42 5.06 6.44 2.5 2.96 3.61 5.85 7.29 4.52 7.27 5.09 4.15 5.73 4.86 9.09 5.07 2.65 2.88
5.25 6.93 5.13 5.0 15.17 23.21 26.76 36.01 17.77 17.22 7.42 5.25 10.45 7.36 11.44 8.9 23.72 21.76 11.97 13.62 9.6 4.06 5.61 3.81 3.0 4.2 4.13 4.68 7.84 4.76 4.59 4.92 12.75 29.71 7.35 7.63 10.02 7.82 21.14 11.56 8.2 8.07 3.49 2.95 4.32 3.16 2.34 6.41 3.87 3.53 4.81 6.28 6.15 8.62 6.97 3.18 2.79 3.93 7.93 5.71 4.48 4.3 3.03 3.59
7.22 5.35 9.59 11.23 19.92 16.23 18.64 21.56 24.07 21.12 7.75 9.18 8.33 11.03 16.9 14.72 16.44 12.27 8.9 8.12 9.04 5.47 8.63 9.34 4.01 7.46 5.11 3.69 6.73 3.13 8.18 14.37 13.0 24.8 13.97 15.93 7.46 11.0 6.11 6.13 7.06 11.44 5.57 2.05 2.95 2.19 3.78 6.02 3.03 2.88 5.86 4.72 4.14 5.53 4.7 3.95 2.26 2.02 5.08 7.14 4.42 3.5 3.95 4.27
4.06 7.25 6.91 12.72 28.77 25.12 44.06 21.06 16.82 20.81 7.44 6.81 7.87 7.42 10.94 15.38 16.97 24.86 11.53 8.75 7.31 9.21 11.36 3.02 3.91 3.94 8.86 5.78 4.54 3.47 9.94 21.29 20.11 16.39 12.87 13.18 15.0 11.3 3.82 4.22 6.2 8.11 6.79 3.29 3.26 2.66 5.6 5.85 2.59 3.8 5.61 6.27 4.4 7.46 5.91 7.13 3.35 1.59 1.97 2.63 2.43 4.08 7.43 6.22
4.79 9.1 8.37 11.35 14.59 11.73 16.85 14.1 19.22 19.41 14.6 13.46 11.84 3.28 5.38 12.86 12.66 25.3 17.94 12.59 11.49 10.37 11.1 6.14 6.19 5.31 5.99 9.91 6.36 6.04 16.58 27.71 14.09 7.94 6.01 8.74 10.29 11.02 6.95 4.64 4.92 5.82 5.23 6.47 5.84 3.2 4.51 4.37 3.57 4.18 3.12 3.98 7.81 7.1 3.36 4.73 1.71 3.91 4.2 3.64 2.31 4.53 5.77 5.54
5.68 12.83 16.4 10.91 11.59 8.64 11.55 9.11 10.13 8.62 12.33 14.78 11.9 5.02 7.19 11.31 13.7 19.57 10.25 21.18 7.22 14.57 21.58 7.26 6.32 3.63 5.25 7.95 5.62 6.39 13.46 19.38 16.96 16.18 7.99 6.23 10.25 11.55 7.33 3.06 3.36 7.34 7.55 8.29 7.34 7.47 5.29 4.45 5.07 5.66 2.8 3.78 8.48 5.55 4.72 3.69 4.4 2.6 2.58 2.05 4.73 5.35 10.25 6.18
10.14 15.65 16.64 20.76 9.36 6.79 6.98 9.18 6.79 4.66 8.32 10.33 14.61 7.96 7.2 5.29 9.61 23.37 8.48 13.15 8.19 12.75 17.45 12.36 3.87 5.57 4.08 8.89 7.49 6.36 10.23 9.54 20.69 19.0 12.2 6.6 8.3 7.38 9.02 3.05 5.28 4.95 4.63 6.85 6.18 6.35 5.85 5.01 4.98 5.97 5.92 3.68 9.0 14.08 5.71 5.19 4.26 6.71 3.93 4.91 4.8 6.73 5.85 7.96
11.17 20.28 16.34 21.43 9.67 6.81 3.76 3.21 4.3 6.66 13.4 9.16 8.9 10.76 5.81 4.39 7.46 6.72 6.83 9.58 16.0 9.1 10.75 4.53 5.46 5.92 6.57 5.23 12.2 15.07 16.0 15.45 13.74 16.23 17.71 10.55 6.64 14.06 4.99 2.99 7.25 6.65 7.39 3.52 6.96 4.92 5.69 6.53 8.75 6.91 6.19 6.78 5.78 6.92 3.22 3.77 4.92 6.21 10.08 3.18 6.0 6.57 6.56 14.2
25.22 27.1 14.86 23.41 31.39 15.52 7.35 5.99 3.12 5.91 8.13 10.32 13.38 13.66 7.37 6.94 10.42 6.82 6.39 5.72 8.79 15.15 14.08 6.93 5.79 8.69 2.49 7.85 7.72 14.0 8.9 10.37 15.12 11.36 10.92 10.83 9.76 16.49 19.09 7.72 5.23 5.03 5.99 4.76 4.05 4.56 6.25 10.4 11.38 9.7 10.97 6.66 3.7 4.23 1.15 2.5 5.37 8.07 8.98 3.4 9.41 7.1 7.22 15.27
13.84 18.29 9.35 16.44 9.77 12.7 12.83 11.22 7.07 9.14 13.14 13.75 23.18 15.89 10.24 6.83 8.76 6.52 9.06 6.4 10.03 15.25 12.72 3.77 4.4 7.66 4.66 7.32 15.61 9.13 7.48 9.37 8.92 4.32 6.24 4.93 11.89 13.5 13.08 17.47 9.45 6.35 4.94 3.48 5.9 3.38 4.81 5.37 6.38 6.98 6.37 6.44 4.51 3.07 1.35 2.27 3.89 7.08 10.82 6.93 8.77 3.64 7.22 14.43
12.44 7.85 8.49 6.67 8.51 7.83 16.71 10.54 8.49 14.46 13.58 12.23 23.45 23.66 9.83 9.02 4.29 5.85 9.51 9.07 7.54 11.11 5.66 3.04 5.45 5.21 5.38 7.67 11.87 10.42 6.97 8.76 7.1 6.74 5.08 5.36 8.19 12.81 8.49 10.57 6.97 4.27 9.02 7.52 4.38 6.02 5.12 11.07 6.03 4.2 3.43 6.85 6.82 4.84 2.88 2.92 4.18 5.87 6.86 8.65 5.57 4.02 7.33 10.45
13.73 7.72 8.82 8.65 8.99 7.94 10.52 11.74 19.13 17.19 12.82 13.43 13.72 11.33 15.69 8.24 3.54 4.21 11.29 8.0 9.76 13.93 6.32 11.19 7.58 5.27 5.06 7.52 11.98 6.73 5.42 6.73 5.95 6.01 3.82 7.62 6.7 10.66 10.82 12.81 16.42 9.1 9.11 6.45 5.63 3.55 6.47 5.85 5.38 5.16 3.26 5.25 5.24 4.03 4.04 4.12 7.91 6.77 8.28 6.09 8.18 7.9 6.31 8.98
11.32 18.28 10.78 11.5 7.42 5.38 7.87 11.66 18.39 24.88 16.05 24.66 13.15 10.8 8.9 7.48 3.59 4.44 8.11 8.46 11.72 11.51 12.35 10.17 5.55 4.15 5.64 10.61 8.48 9.17 5.3 6.09 5.96 6.62 3.62 12.27 14.78 17.91 8.71 6.85 14.64 12.61 20.39 7.0 6.84 3.46 4.92 6.46 9.09 4.22 2.05 4.17 3.24 5.31 6.17 8.5 5.33 3.65 8.37 9.15 4.95 9.67 5.01 6.94
10.11 20.53 8.35 21.04 18.2 8.84 15.41 18.36 17.08 9.41 18.26 28.49 22.53 11.59 8.81 3.61 5.25 7.52 6.2 5.87 5.08 5.76 5.49 6.73 4.36 2.63 5.11 5.64 6.33 4.8 4.97 3.23 12.51 7.73 4.53 10.55 7.33 6.65 14.88 8.15 8.66 13.08 11.13 14.32 8.91 8.96 6.95 5.44 10.5 5.74 4.91 5.45 6.69 12.38 9.73 8.0 5.39 3.72 8.32 6.76 4.62 4.45 4.04 3.46
5.29 14.55 13.95 9.72 15.35 12.74 14.4 16.49 24.01 7.95 14.82 17.32 22.85 15.67 5.43 2.86 3.9 8.07 3.7 8.56 2.95 4.61 7.63 6.41 4.84 4.02 5.03 4.88 4.59 5.52 3.88 7.84 9.26 6.0 4.19 8.27 5.34 5.69 9.41 9.48 10.69 15.25 13.68 8.25 9.09 7.95 8.16 14.93 10.9 8.47 13.33 9.97 7.29 13.08 9.76 4.66 2.17 4.44 9.9 8.57 7.7 5.68 3.55 6.2
5.05 6.23 14.2 20.7 15.35 12.31 14.11 17.42 14.38 11.57 8.32 16.94 10.06 13.29 16.26 6.12 9.24 5.49 7.11 5.73 4.28 3.34 3.37 4.04 7.08 4.78 8.78 4.5 4.09 2.05 3.18 9.17 10.15 7.4 9.56 8.27 4.69 7.53 13.36 10.23 9.39 10.81 10.92 8.2 8.74 10.16 7.04 11.03 10.4 5.05 9.56 5.36 20.2 34.09 9.61 4.97 3.8 3.43 5.97 7.85 6.76 7.59 7.11 5.37
2.49 6.91 9.44 10.22 8.07 5.71 7.53 9.88 13.76 13.39 5.96 11.32 13.8 7.93 24.68 8.77 8.79 8.15 5.23 4.47 2.83 2.4 2.96 5.59 6.62 6.33 5.1 4.79 4.83 5.18 2.98 5.35 7.52 8.05 14.25 5.53 4.18 8.13 13.5 13.51 12.44 6.57 3.9 6.17 12.07 9.39 5.02 5.93 5.15 11.67 4.94 12.19 23.58 22.51 11.72 8.75 4.65 6.77 7.4 13.08 8.89 10.56 5.3 3.79
2.72 6.58 10.04 7.57 8.04 3.87 9.0 4.86 5.26 12.38 8.74 8.64 7.95 5.81 5.69 6.22 10.31 8.97 9.01 4.84 3.45 2.47 3.04 3.76 6.88 6.08 6.1 5.32 4.81 5.94 4.48 8.77 10.57 9.81 8.79 5.55 4.35 12.18 17.73 14.23 8.22 5.18 3.76 6.77 13.35 7.3 5.9 4.25 4.09 13.24 9.61 15.13 16.59 13.68 14.97 9.61 4.63 2.43 7.23 10.23 14.53 5.27 6.64 4.81
5.32 8.78 7.08 9.74 12.8 6.46 6.37 4.58 5.84 8.52 7.02 11.39 7.31 6.45 4.47 3.59 7.0 14.96 8.13 6.28 2.19 4.62 4.66 6.74 23.31 11.79 5.38 6.5 3.57 3.34 2.61 2.94 6.36 10.09 17.54 5.08 6.01 18.33 16.43 6.36 5.38 3.32 3.37 11.37 23.24 7.57 4.52 3.13 3.32 17.76 7.2 10.4 24.87 22.87 16.18 13.94 10.65 4.61 8.67 12.19 15.03 5.27 3.77 5.72
5.99 11.33 6.52 5.77 5.48 5.97 3.48 5.62 12.39 8.87 7.93 11.91 7.86 5.98 5.77 4.95 10.14 16.78 12.31 9.0 4.93 4.39 6.33 5.8 24.94 22.81 15.47 13.04 6.41 6.62 5.55 6.94 9.52 12.7 11.67 4.41 9.02 9.6 8.39 6.22 4.55 3.16 5.6 5.58 7.11 6.87 6.04 5.23 6.21 12.97 8.44 8.7 15.09 13.86 11.4 21.87 8.7 8.29 10.11 16.04 28.92 14.23 6.41 6.52
6.46 12.59 6.58 19.03 8.5 5.62 5.2 4.87 6.85 7.11 6.45 6.25 4.65 4.59 5.76 4.23 17.64 29.72 6.96 9.85 6.95 10.1 7.5 7.41 18.42 19.78 20.9 15.35 9.91 11.27 6.41 9.51 19.81 18.04 7.7 11.57 6.74 7.6 5.86 2.97 2.68 2.06 6.43 4.77 6.92 6.21 4.72 6.79 9.58 12.22 8.4 6.88 13.1 10.62 15.23 16.46 9.15 5.83 5.82 11.71 21.6 12.16 11.67 18.32
8.24 8.77 6.11 15.63 8.7 6.57 3.15 3.72 6.93 8.66 3.34 2.53 3.58 3.05 2.97 3.48 8.42 10.42 6.29 19.51 14.59 12.27 13.17 13.25 12.54 12.26 6.37 13.14 22.44 16.31 15.64 9.67 15.35 10.98 9.93 11.64 7.13 3.18 7.44 4.4 6.46 4.15 3.87 4.95 5.27 3.95 4.1 8.2 6.17 10.94 9.74 6.76 4.75 5.52 13.47 6.69 8.94 9.61 7.81 7.55 17.21 10.67 15.85 22.15
12.09 7.2 9.4 22.56 11.76 3.64 4.34 1.54 3.97 4.46 2.43 2.85 4.18 4.38 3.18 2.75 9.49 7.59 9.99 12.98 10.55 11.34 8.17 14.18 9.96 5.47 5.62 12.49 15.19 13.83 11.77 15.92 17.67 15.18 17.03 11.38 11.32 6.78 5.4 3.97 6.84 5.88 6.02 4.11 4.49 2.48 3.93 13.9 9.55 12.6 5.97 5.55 3.27 6.96 3.53 3.72 6.28 6.48 7.59 10.01 10.63 6.26 8.2 6.58
5.95 6.95 8.81 12.17 10.24 4.49 5.86 4.29 7.43 4.77 2.76 3.02 3.17 4.05 5.52 5.22 7.58 5.92 10.86 11.07 8.93 10.32 8.21 7.33 7.04 6.11 4.39 10.64 7.62 8.28 3.9 11.79 19.58 20.02 21.93 16.7 15.43 9.43 3.64 4.71 9.97 6.14 3.54 9.06 8.83 6.6 4.36 5.43 4.26 5.86 7.44 11.15 12.29 11.45 13.01 5.58 5.91 5.28 8.71 6.59 5.64 7.51 11.3 9.28
4.73 4.92 7.01 7.66 6.64 3.27 6.34 3.3 5.96 4.56 3.15 5.93 6.66 8.74 9.18 7.2 6.04 5.16 12.22 19.07 12.0 13.62 11.64 10.02 8.84 7.53 10.04 10.45 13.19 14.53 6.37 19.88 13.36 22.47 19.57 18.45 18.28 8.96 6.57 8.79 8.29 4.92 4.61 3.15 9.1 4.15 9.02 5.19 6.51 7.0 5.85 8.07 7.15 9.35 5.69 6.87 3.19 5.79 12.44 12.83 8.41 7.45 13.3 9.58
