6.85 7.88 7.8 6.3 6.54 17.61 8.17 13.44 12.96 5.95 9.36 36.39 12.22 8.11 10.72 7.12 6.52 5.53 5.05 5.28 10.92 6.86 10.84 6.87 5.11 9.61 7.44 5.46 4.28 2.29 3.39 3.49 3.76 4.72 4.57 2.13 3.08 5.2 10.74 7.53 8.09 12.76 11.91 7.19 7.87 14.3 8.91 13.17 12.87 8.01 15.16 5.42 4.07 3.57 3.6 4.86 8.18 8.74 8.86 11.52 7.98 6.8 12.28 6.96
7.51 4.01 7.66 6.86 7.29 16.43 13.2 12.92 13.62 8.29 15.89 46.81 20.42 13.64 10.64 4.64 5.31 11.28 15.32 10.7 21.94 15.88 9.67 4.39 3.13 6.52 6.74 3.32 4.19 4.78 3.78 2.37 2.98 3.34 7.22 2.83 2.09 4.26 8.53 9.24 11.33 8.49 7.68 12.57 19.33 16.81 11.3 13.64 17.28 24.88 18.7 20.06 5.45 3.04 6.49 6.35 10.83 7.09 10.05 10.01 8.72 9.73 13.13 9.44
9.39 5.35 10.52 16.96 4.95 6.57 9.39 8.72 25.67 16.39 27.76 29.32 13.45 9.04 5.89 9.01 11.73 21.55 10.07 5.69 14.21 8.71 5.17 4.72 4.23 5.82 5.81 7.2 3.87 6.1 7.27 4.35 5.77 5.77 8.72 3.71 3.67 6.93 11.42 8.37 13.18 10.67 10.05 13.39 13.08 11.89 12.79 11.28 15.5 22.41 13.45 14.99 5.99 3.4 5.92 6.71 4.67 5.32 7.79 11.16 12.85 9.33 7.46 12.69
6.58 6.43 8.86 9.94 9.08 8.95 12.06 19.61 27.62 20.7 34.74 15.04 16.86 8.66 12.45 14.84 10.1 20.59 9.88 5.23 11.21 3.72 6.02 11.42 9.15 5.59 5.18 8.98 2.5 5.68 11.27 4.35 11.37 9.38 7.77 5.35 4.89 12.24 10.93 13.34 6.81 4.66 5.26 11.19 12.38 10.73 18.25 30.9 21.72 26.39 14.08 15.8 22.23 6.6 5.65 6.51 5.04 12.64 9.8 13.69 7.05 7.59 12.37 14.68
4.2 3.68 4.08 4.45 8.73 11.73 11.79 16.55 13.48 11.5 14.57 11.44 11.61 14.77 10.76 12.86 10.27 9.27 7.22 8.81 10.65 3.51 3.5 9.14 9.69 22.52 9.71 8.65 5.29 5.86 7.33 4.03 7.33 7.93 7.55 10.47 8.14 12.07 15.54 14.1 3.82 5.86 7.78 7.64 9.54 20.22 22.36 47.49 35.57 16.66 16.69 9.6 9.01 7.02 4.08 6.44 9.2 6.62 9.71 11.73 6.36 8.58 4.84 8.61
8.43 6.24 4.45 5.75 7.5 12.67 14.49 21.99 28.47 17.74 10.21 13.34 13.72 32.85 16.81 17.77 13.93 12.37 13.28 10.17 5.59 3.21 5.22 7.87 9.23 17.74 9.56 10.14 6.91 3.67 3.05 3.65 4.18 6.13 10.89 13.66 8.84 9.35 8.35 14.57 6.75 8.45 8.33 10.31 6.58 23.51 13.73 32.84 39.55 23.47 14.62 7.46 4.45 4.36 3.98 8.13 11.78 10.86 7.35 7.21 3.52 7.35 9.07 6.37
7.48 5.83 11.64 8.73 10.37 7.26 12.23 11.7 10.92 14.43 13.04 24.6 17.11 23.61 16.07 8.14 7.46 8.35 6.14 6.68 2.31 4.07 4.7 6.22 8.37 11.19 15.68 15.77 14.26 5.58 2.29 4.42 4.62 7.08 7.64 7.68 9.9 6.67 6.0 6.84 4.23 11.06 14.5 12.15 20.51 20.06 11.09 14.07 21.46 20.47 14.72 4.51 5.74 4.04 8.14 5.01 5.36 8.54 5.9 3.59 3.31 3.72 5.29 4.97
7.42 7.46 15.1 9.21 14.22 8.17 8.69 5.71 12.62 26.64 16.18 34.3 18.67 12.84 8.48 3.58 2.49 3.11 7.03 6.32 3.81 6.03 5.36 3.15 7.11 9.08 18.26 9.67 5.92 3.21 2.42 2.59 3.8 3.5 8.07 9.57 7.16 5.04 6.78 6.06 7.27 10.32 10.98 12.93 26.02 22.36 13.9 14.51 15.2 7.81 14.61 12.64 8.35 5.84 5.47 2.85 4.75 4.63 2.36 3.01 3.86 3.21 4.02 3.46
12.11 13.03 17.72 9.32 9.11 8.95 18.65 8.51 20.24 15.77 38.11 61.08 8.59 6.45 5.7 4.28 2.81 2.59 3.75 5.94 7.71 5.44 3.94 3.55 7.8 8.98 7.02 7.31 3.28 4.23 3.88 2.92 6.02 5.95 7.71 9.17 9.39 6.54 5.98 6.6 5.85 6.89 4.31 11.8 21.8 14.37 19.19 13.44 18.82 7.27 8.0 4.47 3.65 6.36 6.38 3.61 3.7 3.46 2.06 3.18 6.11 4.48 9.3 5.44
6.39 12.16 10.87 8.57 9.42 9.59 20.09 11.8 11.74 8.05 12.52 25.27 4.85 3.18 3.86 2.63 3.33 3.42 2.42 2.67 10.17 9.21 5.74 6.31 3.58 5.34 9.47 5.17 6.54 6.67 6.11 5.76 3.69 2.82 5.22 5.21 11.32 6.6 3.04 3.43 4.9 2.77 3.76 8.02 19.0 12.25 10.4 10.41 9.3 6.07 7.76 4.09 2.96 4.57 7.91 4.02 2.75 3.37 3.25 4.81 4.77 4.85 7.57 8.36
11.71 10.7 13.68 10.09 12.03 13.12 8.98 5.96 9.53 13.52 13.16 8.82 6.55 4.26 5.73 6.12 6.29 7.05 6.38 4.8 15.97 7.66 5.96 6.62 5.04 8.38 8.17 8.03 8.05 11.14 7.77 6.29 5.94 2.64 3.02 6.3 7.03 11.0 5.92 3.44 4.96 2.27 3.57 8.9 11.53 9.58 11.88 17.0 9.27 9.41 7.79 3.8 3.76 2.57 5.93 3.79 2.63 6.14 5.97 7.32 6.43 5.72 7.43 11.17
6.38 7.52 11.0 8.63 5.73 10.04 8.4 11.2 7.29 12.37 6.82 5.92 7.42 4.48 5.77 8.14 6.27 9.31 5.06 8.8 12.08 5.98 11.87 8.99 7.65 8.1 9.72 15.72 6.32 18.52 9.69 4.68 7.55 9.22 5.76 4.28 6.67 4.28 3.77 4.32 2.98 3.73 2.98 5.09 3.58 6.68 12.58 12.22 15.32 14.79 8.05 4.24 3.98 3.94 2.44 4.51 2.83 4.39 9.88 5.9 4.66 5.5 9.88 12.28
3.72 5.49 11.48 7.34 13.41 13.51 8.22 11.7 8.4 10.89 9.46 7.23 4.15 4.41 5.59 6.94 4.88 4.49 6.63 12.9 15.89 12.28 15.07 11.24 10.53 12.09 13.57 15.99 14.54 25.49 10.45 5.45 7.54 12.13 9.43 4.97 4.86 3.34 3.27 1.87 1.38 1.65 4.15 9.34 5.25 7.55 6.17 9.37 26.98 20.76 16.94 7.05 2.91 4.9 2.37 2.65 2.29 3.43 8.06 6.67 9.83 7.11 10.85 12.29
3.35 5.02 7.63 4.95 22.24 14.73 5.9 7.04 13.77 12.44 9.87 11.29 4.71 4.08 7.3 6.31 11.23 15.95 16.25 25.0 19.62 17.43 14.34 10.3 16.75 19.78 15.48 18.04 16.37 22.15 18.04 9.79 8.36 6.77 16.88 6.78 5.08 4.1 2.66 2.63 1.69 2.03 4.51 6.91 15.7 19.93 15.82 12.4 23.25 14.27 9.62 14.26 7.64 7.23 3.81 1.99 3.33 3.36 4.86 7.92 6.98 7.5 9.01 10.91
5.9 8.21 5.08 9.03 18.67 9.71 5.93 6.57 5.98 8.63 11.19 9.34 9.42 4.62 8.76 6.09 12.23 21.03 10.41 19.97 10.71 9.83 13.96 6.88 9.98 12.14 10.94 22.95 20.2 22.24 11.06 13.04 13.32 8.93 10.32 3.88 5.6 4.93 3.69 3.91 1.45 1.77 3.22 6.71 12.89 27.36 24.4 9.64 16.75 8.38 8.51 15.06 5.96 4.4 3.91 2.8 3.48 2.86 2.36 4.93 5.34 6.11 10.93 7.5
7.23 7.66 6.44 12.66 12.77 12.77 5.58 5.37 5.12 6.58 5.34 4.05 13.25 11.96 11.22 7.43 13.26 37.55 17.89 16.25 19.51 14.48 17.35 8.54 12.73 9.6 9.93 33.15 37.04 28.38 7.33 4.93 4.25 5.92 13.29 4.55 7.05 5.97 3.96 4.24 1.32 2.35 6.65 15.42 19.1 26.2 18.88 16.69 23.4 12.95 9.05 12.16 12.13 5.73 3.58 2.84 4.97 6.25 4.1 6.04 6.72 6.25 6.46 9.19
11.44 11.04 9.48 10.37 4.79 5.26 5.38 3.87 4.87 3.8 4.83 6.48 9.0 13.23 8.05 18.03 22.76 21.42 12.69 3.38 15.35 18.87 15.06 11.97 9.68 10.94 19.29 30.03 15.57 17.99 9.78 3.58 6.37 7.36 12.81 7.21 10.52 15.03 10.83 7.88 2.54 3.42 6.59 12.38 24.07 17.89 27.59 20.96 17.4 14.39 7.0 9.12 5.32 3.78 4.34 3.77 5.24 3.56 3.25 3.92 4.82 6.57 4.32 5.68
6.21 5.35 5.65 6.77 3.57 3.98 7.93 6.5 6.28 6.3 7.85 8.16 10.33 19.4 9.62 17.9 11.98 12.13 10.86 5.16 20.94 21.25 20.9 17.58 13.88 21.25 19.1 22.33 11.18 8.77 11.87 6.16 9.03 9.34 4.85 10.58 11.62 13.56 13.61 12.72 3.66 6.07 8.08 5.13 13.05 15.94 29.14 41.24 13.56 19.62 7.66 5.78 3.07 6.13 9.15 7.66 4.79 5.36 4.0 6.28 6.91 8.66 3.98 5.0
5.14 5.56 5.8 2.6 1.58 4.07 5.08 4.82 3.89 4.13 3.99 3.55 5.39 5.97 8.88 17.73 5.04 5.7 8.84 8.25 17.75 30.8 31.97 28.07 16.11 27.62 17.97 20.32 13.93 6.25 7.45 8.68 7.52 8.14 8.52 18.83 12.97 23.73 15.49 9.77 5.91 4.84 10.87 10.35 17.62 29.87 19.26 13.6 14.42 13.9 15.75 7.82 3.04 5.07 9.96 7.05 15.46 11.81 4.36 13.74 6.53 8.16 3.92 2.78
4.35 3.47 3.24 4.46 1.98 5.01 8.78 5.99 8.19 4.24 3.01 4.73 3.01 3.9 5.7 9.9 10.49 7.08 16.12 6.8 17.47 22.28 28.69 27.67 15.97 23.49 18.27 10.78 8.86 5.68 8.68 5.8 7.99 3.98 4.65 20.72 13.49 10.76 9.99 4.47 4.73 4.94 9.64 14.58 16.02 27.75 20.78 10.8 14.33 9.86 5.39 5.1 3.41 6.89 9.3 8.21 9.49 8.83 5.16 11.86 6.0 4.46 3.1 3.17
3.65 3.76 5.13 8.24 5.68 6.3 15.65 9.3 4.82 4.08 3.4 3.46 3.29 2.82 5.62 9.11 5.41 7.22 9.04 4.19 9.11 7.31 14.96 21.3 12.32 20.55 14.53 19.71 11.1 10.98 6.68 5.81 6.66 5.94 4.94 8.54 8.46 9.85 7.14 7.51 8.61 7.93 7.82 8.14 14.58 13.69 9.32 15.94 18.55 12.69 6.48 2.7 4.82 8.62 9.27 5.49 10.07 12.78 9.39 6.82 3.53 2.03 5.38 4.46
2.32 3.83 4.86 4.42 13.42 9.32 8.77 22.14 5.3 5.15 2.51 3.75 3.89 4.73 15.4 6.03 4.08 6.63 8.06 5.04 4.17 6.64 6.83 13.58 26.87 13.55 20.73 11.01 4.36 7.43 7.41 6.62 6.67 6.79 8.97 9.09 12.14 8.7 10.62 7.74 15.88 11.42 7.71 9.16 13.5 8.1 11.52 12.37 16.69 20.3 12.37 7.97 5.34 6.97 12.18 6.1 7.95 10.75 7.54 6.21 5.57 3.37 2.98 4.85
3.48 3.74 6.8 3.27 15.55 11.98 10.46 13.4 7.42 5.49 2.92 2.88 5.13 7.26 26.45 7.68 6.87 3.51 5.76 6.57 4.03 4.56 9.88 18.05 22.45 11.3 12.65 6.75 5.31 8.46 9.54 8.23 15.83 19.59 12.97 13.8 10.16 9.55 11.58 12.0 8.28 11.68 17.56 9.52 15.73 14.31 8.92 10.74 6.65 8.33 10.51 7.71 5.9 6.42 9.7 11.01 10.41 6.33 10.47 5.51 8.15 9.89 11.2 5.21
2.17 3.24 6.78 6.18 7.62 8.35 8.6 12.54 5.2 3.66 1.65 2.62 5.38 5.62 7.22 3.92 2.54 2.2 2.11 6.01 3.91 4.34 6.43 14.16 8.86 8.08 9.46 5.32 6.26 13.59 11.36 12.45 12.19 9.5 15.68 8.64 10.71 6.74 6.2 8.82 5.89 9.0 24.41 16.6 14.48 20.45 12.34 10.93 11.64 9.89 8.19 3.73 3.72 7.98 19.53 14.11 14.86 12.29 8.98 10.45 9.25 10.38 35.45 8.41
6.61 5.52 4.98 5.75 5.0 6.73 7.96 6.12 4.58 3.58 1.9 5.06 6.73 3.37 4.86 4.19 4.58 3.53 2.01 2.72 5.43 7.65 5.78 16.73 9.47 8.13 14.88 10.69 10.27 16.41 18.48 15.34 10.11 9.62 17.14 10.23 6.31 4.44 4.05 4.29 7.06 7.13 10.99 23.32 15.62 21.61 15.15 12.3 10.6 11.5 7.58 6.92 8.43 8.86 17.2 25.31 11.52 12.57 9.26 14.69 15.19 11.64 13.76 11.16
6.52 4.7 4.45 2.96 2.7 3.03 5.06 3.02 4.25 5.49 3.41 7.99 7.32 2.67 3.08 2.09 2.45 3.67 3.14 2.56 3.41 4.95 3.64 8.98 9.51 15.15 14.99 10.0 5.98 9.47 10.05 9.74 14.3 7.07 6.32 7.46 3.23 4.69 8.54 4.55 4.49 7.98 7.07 9.27 9.77 9.24 18.73 20.21 21.43 14.65 9.92 19.58 16.94 14.33 23.29 11.04 8.02 5.76 12.15 15.34 18.16 22.88 9.14 11.18
7.11 5.63 5.22 2.96 2.46 4.03 3.56 2.3 1.99 3.32 2.7 8.35 7.78 2.39 2.47 1.7 1.58 2.78 2.64 2.6 3.96 5.47 3.63 9.31 11.5 5.91 7.07 9.36 10.16 6.74 3.94 4.08 6.0 8.6 8.55 6.49 3.29 4.85 9.88 6.77 5.37 9.61 5.81 5.83 6.96 9.85 16.73 15.28 34.3 37.03 19.83 10.65 7.74 6.46 10.64 10.04 15.77 10.03 11.99 14.33 14.82 12.37 8.29 10.93
11.08 4.55 4.64 4.02 7.94 4.26 1.59 2.68 2.54 4.18 3.48 4.85 6.05 6.62 6.76 3.89 2.21 3.79 2.51 2.0 4.59 11.43 8.05 13.95 9.17 4.75 8.05 4.66 7.52 6.97 7.66 5.34 4.58 7.05 7.89 6.96 3.3 6.29 6.48 6.22 4.32 3.87 8.38 14.57 9.09 10.32 7.85 23.76 45.53 43.49 23.25 15.32 9.18 3.98 6.29 8.34 13.78 16.77 11.09 20.52 12.61 5.81 4.38 7.23
5.65 3.09 6.75 5.8 7.55 4.61 4.05 2.76 1.42 2.83 4.02 7.68 8.49 3.37 5.5 3.72 2.21 7.29 1.97 2.05 4.64 4.62 5.48 6.16 4.93 5.2 4.07 4.14 5.16 4.39 6.87 7.32 8.37 7.99 16.21 10.36 4.57 3.6 2.41 4.39 4.36 4.53 5.77 7.77 8.18 10.64 17.08 18.59 19.83 20.29 10.05 9.21 7.4 5.8 9.35 6.29 9.29 11.69 15.55 15.84 11.62 5.93 5.02 4.82
3.03 4.08 7.38 10.75 9.14 4.15 4.12 3.93 2.36 3.48 5.12 6.78 9.14 6.88 5.37 4.48 2.79 5.98 4.07 4.67 12.64 10.47 5.61 5.5 3.68 3.9 5.36 5.96 5.62 7.8 7.43 9.27 20.29 15.32 21.08 7.79 6.79 5.43 2.28 3.89 5.26 4.93 6.64 10.12 9.47 9.3 20.71 18.62 23.88 14.88 8.44 10.69 6.64 12.92 13.71 28.04 23.43 9.37 14.48 15.74 17.37 12.5 6.08 6.74
6.39 4.9 15.37 7.08 6.57 9.12 4.46 6.58 2.65 2.95 4.68 4.17 3.59 4.53 4.02 2.5 5.23 2.72 2.51 6.35 6.16 9.52 9.3 4.03 3.02 2.37 1.49 3.82 5.34 11.37 12.01 8.4 12.61 10.33 7.58 7.03 6.4 4.74 2.38 4.48 4.14 4.91 12.47 12.2 18.4 11.56 13.09 17.52 10.78 11.68 5.07 9.69 12.42 9.26 13.74 13.7 22.58 25.32 18.71 16.83 22.58 25.97 10.52 8.63
3.42 2.66 12.26 9.52 9.89 11.54 3.52 3.36 4.03 5.14 3.19 4.37 3.93 2.38 3.45 3.93 9.76 4.67 3.09 4.99 5.02 3.59 9.53 4.85 3.03 4.34 2.51 2.03 5.7 7.34 10.04 11.11 7.51 6.98 4.67 2.17 2.65 2.52 3.08 3.8 4.86 4.94 9.97 8.72 20.57 21.82 13.28 11.82 13.53 11.42 9.92 15.79 9.88 10.23 11.62 5.66 10.0 18.42 19.48 30.68 25.93 20.21 13.98 13.66
6.35 5.7 12.23 10.81 16.91 18.2 6.7 3.39 4.08 3.61 5.07 4.76 5.14 3.25 3.66 3.95 3.58 4.24 8.54 6.82 5.85 2.96 5.21 5.64 4.25 2.82 2.99 2.54 7.06 17.66 10.11 6.96 7.55 9.23 7.73 3.87 2.4 2.49 3.07 4.8 7.02 5.06 4.28 7.78 11.27 17.8 23.58 15.08 32.57 17.02 8.5 11.47 8.48 10.0 12.52 4.68 8.74 19.92 18.05 21.89 33.9 17.7 22.6 16.67
7.37 12.74 10.47 9.82 11.86 12.99 17.29 6.96 4.66 5.74 2.92 5.45 6.35 4.89 7.67 8.4 8.78 5.23 9.2 6.2 6.11 7.98 4.89 5.8 2.13 2.01 2.54 2.14 10.13 11.33 12.01 7.95 3.98 4.35 5.77 4.99 4.07 3.19 3.25 2.87 2.58 4.1 3.79 7.08 9.75 10.77 17.33 16.43 14.68 15.2 9.85 20.27 10.42 7.12 9.79 5.42 7.71 10.12 14.68 16.62 18.69 15.85 6.14 15.63
9.8 18.97 20.33 11.86 19.04 11.11 17.32 8.3 4.03 5.61 4.59 6.2 11.72 8.17 9.19 7.93 6.71 8.3 22.51 4.05 5.15 7.16 3.52 13.85 6.62 4.96 5.57 5.84 9.16 7.73 11.1 6.2 6.8 6.03 4.96 4.56 4.42 7.11 3.45 3.54 2.73 4.43 4.95 6.6 8.3 11.97 15.47 21.06 9.31 12.51 4.83 13.44 18.25 9.94 13.72 6.57 9.4 12.42 15.21 9.06 8.23 10.91 8.71 11.36
20.31 17.49 25.25 16.5 21.03 14.09 9.26 11.31 4.58 7.34 7.73 5.23 14.0 17.58 12.53 8.18 4.75 7.59 8.61 7.27 5.92 7.88 5.11 6.83 6.52 4.59 6.86 16.85 5.04 6.79 8.38 3.19 5.03 5.43 5.3 4.27 6.42 2.9 3.96 5.04 4.07 3.75 2.72 2.68 9.35 14.61 14.97 18.85 12.55 10.34 5.38 7.67 11.93 12.55 15.85 9.56 8.72 7.23 6.1 5.42 6.02 8.04 9.14 12.64
18.53 32.21 35.28 12.52 9.47 13.94 10.13 6.21 5.36 5.1 4.12 5.63 15.5 21.61 16.59 6.09 6.88 7.2 7.69 8.43 4.97 10.63 13.88 6.37 6.41 4.68 5.99 12.47 8.05 11.14 8.94 5.25 3.93 7.02 6.17 7.01 5.89 2.4 3.55 6.45 5.77 3.18 2.75 3.17 5.05 13.94 11.66 11.9 18.23 8.63 7.35 7.86 3.36 8.86 11.67 7.74 8.48 6.54 4.2 9.82 6.63 9.11 7.04 4.7
8.33 15.16 30.1 16.32 7.81 10.51 8.51 3.4 6.83 4.71 3.76 7.07 7.91 11.49 10.78 11.35 13.78 11.84 7.76 5.5 8.31 9.26 10.79 8.67 4.5 4.91 3.61 3.95 4.29 4.87 4.85 4.85 6.03 7.44 5.6 3.66 2.35 3.25 2.23 6.52 5.36 3.63 10.27 4.55 5.37 7.24 11.95 10.17 22.5 16.18 12.04 5.55 6.17 6.75 9.18 6.05 8.18 8.4 5.17 8.88 6.86 7.05 7.62 4.87
11.29 17.77 19.6 9.47 6.15 6.66 4.9 6.22 5.41 5.12 3.18 6.94 9.1 9.54 18.82 10.27 9.87 12.3 12.04 11.23 17.27 9.54 7.32 5.17 7.91 5.73 5.31 2.61 3.46 6.46 8.84 7.49 5.81 2.89 4.49 3.72 2.28 2.65 2.04 8.69 6.78 5.82 12.79 7.6 8.51 10.68 12.17 10.28 8.66 6.57 8.18 7.41 7.95 3.62 5.68 4.41 6.35 7.99 4.15 6.96 5.94 7.03 6.45 4.3
17.23 11.25 12.82 7.49 4.6 4.96 4.38 7.45 9.98 7.56 4.03 9.99 8.45 11.73 18.39 11.79 6.95 12.74 12.9 11.83 14.17 17.28 10.37 5.59 4.64 4.47 2.73 4.29 7.35 5.35 9.39 6.78 2.66 3.47 3.38 3.92 2.12 3.12 4.17 3.88 3.79 8.49 11.94 12.43 10.58 15.61 11.91 12.81 8.94 12.53 15.16 13.49 14.02 4.9 5.33 6.54 5.68 7.49 4.97 7.85 7.32 6.34 3.61 5.22
7.53 14.45 17.47 7.95 3.86 2.09 3.39 9.03 7.34 6.47 7.36 14.88 7.01 8.29 7.76 13.1 8.38 11.91 17.79 11.52 15.25 14.19 7.39 8.08 3.36 1.91 1.93 2.32 3.46 9.81 7.66 6.79 4.72 4.01 3.22 2.59 4.2 3.84 3.83 4.2 3.64 11.49 15.98 12.44 20.74 20.73 14.57 14.19 9.56 15.82 9.58 9.52 8.49 5.81 4.2 7.25 6.35 8.57 16.59 9.5 4.23 5.74 6.41 9.88
14.6 7.26 9.83 8.77 4.67 3.22 3.85 7.19 6.54 5.78 10.56 14.0 9.0 11.65 6.65 8.24 13.05 12.97 24.91 29.92 24.43 30.97 9.44 4.25 3.62 1.69 1.9 4.04 4.4 12.27 7.29 6.14 4.65 4.93 4.26 7.58 9.23 5.05 9.84 5.71 5.54 10.49 10.8 15.26 23.26 16.08 15.82 9.87 6.26 8.45 10.98 8.31 8.34 9.21 5.53 9.07 7.35 11.9 9.74 13.49 10.43 7.52 13.64 7.0
16.15 16.29 11.54 10.28 7.71 5.6 3.94 7.07 4.65 9.8 5.81 7.42 12.07 7.43 7.4 5.01 4.55 10.42 18.82 30.97 23.67 16.95 7.56 3.45 3.34 3.89 3.8 5.78 3.91 5.13 7.1 7.87 3.73 5.93 6.53 5.82 4.3 4.06 7.55 6.97 8.41 7.2 9.49 11.36 13.33 10.5 9.36 8.95 7.05 5.72 6.35 4.77 6.74 6.04 6.59 7.08 6.43 19.09 11.52 10.92 6.66 9.44 12.34 3.84
9.66 10.77 11.39 11.48 13.31 9.36 6.76 10.79 5.1 12.54 9.33 7.68 13.46 6.68 4.98 7.45 12.04 10.8 30.4 25.26 17.45 13.97 6.1 5.98 12.76 10.19 9.96 10.29 5.48 5.75 5.99 5.85 10.24 12.73 9.77 9.02 5.0 3.54 8.88 11.66 25.43 11.36 8.85 10.7 9.42 8.72 8.05 6.47 12.96 11.6 10.99 4.45 3.54 5.33 16.28 15.85 8.63 11.23 10.69 4.6 3.8 7.77 6.33 9.75
10.49 11.47 14.51 15.87 13.26 16.07 8.5 10.56 14.94 12.66 10.86 7.18 9.33 4.53 5.75 10.86 18.23 10.36 16.52 14.94 7.07 5.18 6.99 5.35 13.46 9.26 10.59 12.01 7.87 7.48 15.96 12.19 9.84 14.48 14.32 12.04 11.69 3.74 8.84 9.73 7.32 8.06 7.04 9.83 13.77 8.04 4.93 7.29 7.32 3.85 11.94 6.04 7.04 5.61 8.84 6.18 12.89 17.27 18.04 7.32 8.75 6.78 4.91 7.39
12.62 10.51 13.13 7.18 8.71 6.43 2.85 6.39 7.71 7.38 6.65 6.61 9.9 3.42 3.25 5.12 6.47 9.35 8.25 7.5 6.03 4.47 9.76 7.43 10.55 7.1 8.8 7.14 6.04 8.47 11.25 9.41 7.79 7.39 16.24 6.75 13.07 5.72 6.82 11.42 5.47 5.12 4.38 6.23 7.37 6.31 8.03 10.37 6.73 5.56 7.73 9.13 7.26 8.36 12.6 5.31 8.92 11.87 10.22 5.97 6.84 4.09 3.67 4.28
16.35 10.09 13.85 6.66 7.55 5.03 3.89 3.77 8.58 6.33 5.96 5.05 6.58 5.06 3.26 2.48 3.16 5.55 5.9 9.76 10.09 5.26 11.18 14.45 8.29 4.39 5.12 6.1 6.29 9.0 7.13 8.3 17.39 13.9 21.39 10.51 13.27 9.65 6.39 9.36 4.48 6.45 3.16 5.91 5.39 8.44 14.3 12.42 9.54 9.98 3.7 5.9 4.33 10.27 9.06 7.25 7.81 7.36 9.11 3.53 7.34 6.65 5.78 12.56
17.72 8.9 5.04 4.03 5.16 11.99 7.27 2.84 8.35 5.76 8.45 5.68 5.1 3.21 3.39 3.91 1.65 5.47 7.21 7.6 9.15 10.29 4.22 6.06 4.11 2.83 7.84 9.76 4.6 6.36 5.32 8.23 12.39 9.1 11.91 7.2 9.37 6.34 4.63 2.51 2.7 2.41 2.11 4.37 3.35 4.31 8.27 5.08 6.01 6.07 5.14 7.3 6.4 6.69 8.28 11.53 9.36 6.54 6.31 5.99 4.88 7.49 4.84 5.87
4.81 7.91 5.65 4.69 3.48 5.91 5.91 4.46 6.44 6.9 6.87 2.95 2.64 2.46 4.23 3.95 5.96 9.44 17.53 10.77 7.47 14.65 3.26 3.33 4.73 2.86 9.74 8.72 5.68 10.01 9.62 15.53 13.35 15.44 5.42 8.46 8.84 2.79 4.39 3.92 2.63 5.18 2.11 2.73 4.4 6.19 5.27 5.98 4.54 7.22 4.28 6.51 11.47 6.14 8.73 14.55 6.35 8.74 10.3 17.06 5.16 12.34 6.57 8.27
3.89 2.54 4.37 6.0 4.82 8.03 4.82 5.97 6.35 5.91 5.79 3.97 5.38 8.49 7.34 8.56 16.34 41.36 39.95 19.19 7.08 7.32 4.41 3.11 2.92 2.84 3.25 9.13 5.33 6.9 5.84 7.52 9.57 10.57 4.01 5.41 3.43 2.93 5.16 11.58 5.13 6.25 4.2 2.78 3.68 3.4 2.8 4.69 5.58 5.07 5.76 4.37 10.01 7.98 13.63 12.41 9.88 5.25 8.84 14.26 6.84 16.84 16.47 9.67
7.18 3.43 3.7 3.61 4.69 8.22 5.71 5.35 6.07 9.18 4.39 5.27 3.67 7.16 10.97 7.75 11.88 21.06 20.51 13.65 10.76 5.38 5.65 3.19 5.51 2.7 4.92 9.32 6.82 5.76 10.26 8.96 7.35 5.06 7.57 8.03 6.35 3.23 4.94 6.29 6.41 7.5 5.51 6.94 5.77 2.68 2.95 4.42 7.07 7.1 4.8 4.81 9.25 10.8 8.0 4.72 8.96 10.58 12.97 12.95 10.54 7.21 8.18 9.59
5.43 4.65 6.55 3.52 7.2 2.97 4.37 4.95 7.14 10.74 6.56 10.19 13.6 9.42 7.95 9.28 8.99 9.81 20.87 13.25 11.47 9.58 4.37 6.41 5.66 4.81 6.12 4.42 12.88 10.7 12.3 12.16 7.27 8.67 5.05 4.24 4.38 7.54 10.95 11.4 14.87 9.9 12.61 9.47 6.45 11.15 5.59 8.04 5.45 5.78 7.0 4.98 9.24 7.86 10.0 12.52 13.09 20.47 17.55 9.32 14.21 7.16 6.09 8.92
2.42 3.94 5.42 4.53 3.14 2.15 2.46 3.57 5.91 7.84 12.7 18.88 21.98 11.31 10.62 14.05 5.35 4.84 6.19 9.82 7.34 9.22 2.55 2.11 4.96 3.82 3.57 5.31 10.85 24.34 23.34 17.68 10.44 7.45 8.96 7.78 7.94 8.68 13.53 13.42 18.47 10.59 10.44 12.76 8.35 10.9 6.27 4.71 3.75 5.19 2.83 2.17 4.23 5.55 8.35 13.28 11.55 16.99 6.95 7.17 15.71 9.43 6.16 5.74
3.22 5.11 4.71 4.62 2.44 2.22 3.12 3.59 6.32 5.83 9.29 13.29 13.07 7.29 19.1 7.13 4.99 8.63 4.99 4.49 3.58 6.3 3.78 2.76 5.54 3.36 4.05 7.84 6.27 23.07 22.07 14.23 8.81 13.15 10.25 4.67 12.45 9.18 14.27 14.52 14.33 20.99 13.55 15.19 11.61 11.36 5.36 3.49 2.52 3.39 4.47 3.31 3.47 4.39 4.8 17.88 13.83 12.36 6.82 8.23 11.01 11.7 6.63 4.78
6.86 4.01 5.68 4.54 1.52 3.48 2.33 2.92 3.59 4.98 8.05 8.42 6.08 11.63 13.55 5.85 11.7 7.88 8.09 10.27 4.21 6.41 3.93 6.25 5.08 4.59 4.08 8.11 9.62 17.7 9.07 9.25 11.75 12.43 6.03 4.58 6.99 13.24 15.83 12.13 16.46 19.13 20.84 14.68 7.1 7.45 5.24 6.92 3.86 4.03 3.02 2.38 2.7 3.86 7.58 8.48 10.06 8.3 4.23 6.82 6.46 11.33 6.5 6.11
8.06 3.95 8.09 7.95 1.97 4.88 3.02 3.09 5.25 9.12 8.31 16.37 8.78 12.77 13.81 9.54 13.85 6.15 4.04 9.48 5.49 3.17 2.99 5.69 5.49 6.65 7.99 12.28 11.22 17.23 9.72 10.26 9.33 12.12 6.81 5.3 9.13 16.89 14.78 18.08 28.59 19.03 12.91 10.26 11.61 8.49 12.97 7.27 2.73 6.95 5.09 4.05 6.71 3.77 11.79 16.38 11.58 5.6 5.56 7.19 6.53 8.04 4.12 6.76
11.48 6.19 5.43 5.67 2.91 2.66 1.77 3.23 7.58 15.66 9.09 7.37 12.88 12.28 13.56 12.38 8.64 8.74 5.54 3.39 3.63 4.08 5.42 5.5 6.24 5.48 14.11 6.05 7.59 11.41 12.55 14.45 13.43 8.9 5.99 5.37 11.83 12.12 17.46 16.33 12.63 10.97 9.12 13.32 10.83 6.93 12.06 8.05 5.6 4.46 7.71 6.03 8.16 6.01 15.3 14.44 11.33 7.94 7.73 4.61 8.25 10.13 6.41 5.1
7.59 5.32 8.78 3.37 3.19 3.35 1.31 1.91 7.09 15.56 13.36 7.36 17.49 9.42 9.78 15.64 10.21 12.76 10.08 8.0 5.01 5.64 9.15 5.45 7.53 4.5 5.24 3.57 6.19 6.15 9.18 9.59 18.62 6.75 4.94 6.23 10.8 9.57 23.53 17.0 9.6 10.77 7.41 6.36 9.11 12.34 11.12 6.82 10.32 5.98 8.59 5.23 6.63 7.33 16.81 11.83 7.99 9.36 12.16 5.55 7.89 7.59 7.68 7.94
5.6 6.33 10.7 4.57 6.01 4.75 2.83 3.25 7.43 9.11 15.91 9.38 9.02 12.34 11.36 12.03 5.73 7.09 15.81 14.22 6.77 4.96 5.53 3.97 3.5 4.92 6.97 4.48 4.81 5.27 10.03 8.52 13.13 8.28 9.87 7.59 10.65 6.5 9.89 9.51 7.29 8.84 9.1 8.28 4.56 6.32 7.18 7.16 13.95 8.34 5.15 2.45 3.76 8.3 7.49 13.55 9.01 8.35 9.3 5.71 4.89 7.08 6.44 8.85
6.04 5.32 5.98 1.86 2.47 3.41 2.81 6.98 5.78 4.55 11.55 3.99 5.22 7.38 16.19 11.31 7.96 8.62 8.17 8.63 4.63 4.03 6.54 4.01 5.35 7.33 5.14 5.17 2.67 3.91 10.62 7.65 4.91 5.27 7.07 6.24 4.9 3.93 9.52 11.84 11.59 7.25 7.74 5.66 3.96 4.65 6.28 8.16 13.29 10.19 6.13 5.07 8.96 7.54 6.72 9.62 8.51 14.19 7.39 5.82 3.35 3.92 3.51 7.86
6.86 5.11 4.13 2.07 2.51 2.09 1.76 4.11 3.63 5.29 6.89 6.44 6.34 8.73 18.76 12.23 10.33 6.91 14.85 14.2 5.04 4.51 3.2 1.84 7.33 6.69 3.48 3.62 3.23 3.81 8.34 14.28 4.05 7.44 9.33 10.31 5.43 9.19 11.97 19.11 21.69 6.59 4.93 5.2 4.73 7.05 6.56 8.97 26.68 18.18 6.04 8.61 5.75 8.0 11.54 12.11 10.87 11.91 10.29 9.12 2.79 5.25 2.7 6.08
8.08 7.27 3.17 2.89 2.06 2.34 2.4 1.85 2.73 7.07 6.64 10.49 2.73 10.34 12.54 11.43 9.33 5.65 12.19 10.97 5.84 3.97 3.25 5.34 7.69 3.8 1.61 5.41 5.24 3.51 3.32 4.2 3.33 6.81 7.41 13.95 7.72 9.6 5.17 15.75 11.85 7.74 9.31 7.09 6.45 8.75 11.25 7.39 13.3 12.94 7.22 13.34 9.76 3.59 6.15 11.96 11.53 13.99 10.42 4.94 2.48 4.55 4.05 6.63
12.35 18.85 5.26 4.92 3.69 5.4 4.79 1.7 2.46 7.09 3.87 4.15 2.47 6.04 9.17 15.04 8.77 6.27 6.97 4.94 10.15 7.54 6.86 7.45 8.49 4.02 2.9 4.72 8.02 4.92 4.98 7.36 7.0 8.44 10.62 8.14 13.92 13.82 8.48 19.34 7.04 10.1 18.13 13.58 15.93 12.93 12.36 15.79 12.96 11.82 11.32 12.35 11.7 8.53 7.36 13.64 11.76 15.46 8.95 5.95 4.26 6.32 9.43 9.95
6.97 6.07 7.57 6.08 4.62 2.53 4.24 4.41 7.87 4.9 5.6 14.04 11.09 19.5 13.46 9.13 11.12 7.4 8.9 5.32 6.25 7.64 4.28 8.36 11.57 5.61 5.18 14.16 13.41 7.12 6.5 7.41 6.54 10.06 10.55 8.61 13.53 14.37 10.04 11.17 10.04 19.24 17.94 10.75 9.36 11.7 14.53 11.7 9.71 11.25 16.78 15.3 16.22 15.8 19.49 8.72 9.86 9.53 9.32 5.43 5.43 4.97 10.49 12.79
