5.4 3.85 1.92 1.53 3.0 4.47 5.99 4.67 2.33 1.89 2.69 5.59 5.14 5.34 6.41 4.27 5.63 4.16 3.24 1.8 3.0 3.9 7.0 6.08 5.72 7.76 13.0 6.1 5.22 3.74 9.26 7.36 7.76 11.68 16.95 16.54 11.28 8.42 6.99 5.01 8.57 2.78 9.34 7.25 5.74 6.85 7.55 6.51 6.48 5.52 7.39 7.23 4.16 3.52 4.97 3.04 4.08 10.1 13.11 15.58 4.58 2.37 5.61 8.37
3.79 4.35 2.08 2.74 4.56 3.01 3.93 4.62 1.84 2.49 1.84 2.64 2.38 7.0 7.53 3.91 5.24 6.96 3.18 2.86 2.77 2.82 3.36 3.27 6.05 6.9 5.6 3.86 2.53 1.47 3.62 3.81 7.12 18.34 12.71 13.78 13.26 4.34 2.75 2.31 2.23 1.93 5.11 9.57 11.56 11.66 6.73 5.37 4.24 3.7 7.53 8.24 6.1 4.19 5.98 3.74 4.34 7.62 13.43 7.56 5.0 5.6 6.19 8.37
4.98 3.06 3.01 3.14 2.61 2.37 3.8 2.64 1.84 2.72 2.73 3.56 5.2 9.78 9.7 4.44 5.07 9.34 4.16 2.91 1.97 4.82 4.37 2.36 3.97 4.4 4.41 3.62 2.01 3.4 4.13 7.31 8.86 13.54 10.06 12.83 9.09 9.72 3.13 4.75 2.0 3.26 3.2 8.52 6.96 10.19 9.24 3.73 4.89 4.62 9.91 2.71 3.61 6.78 6.51 5.93 6.19 12.7 12.85 17.38 6.54 4.01 11.04 9.86
5.38 4.53 2.23 2.1 3.27 4.87 8.07 7.69 6.51 2.94 1.9 1.4 3.47 6.22 7.7 6.3 6.1 7.47 4.94 2.54 1.95 2.7 3.76 1.98 1.56 1.15 2.87 2.81 1.66 4.55 3.23 4.64 9.97 8.27 10.28 10.93 5.05 4.99 3.04 7.87 6.06 8.58 8.89 10.11 6.86 5.94 8.43 3.35 3.47 7.5 9.45 5.42 2.61 4.91 6.74 9.64 11.99 12.77 10.54 16.2 10.21 5.85 5.9 9.46
2.45 5.3 4.7 4.69 6.08 11.46 9.37 8.9 17.01 7.99 2.59 1.46 4.72 6.44 11.2 8.83 9.93 5.46 4.46 4.38 2.63 4.22 2.89 2.42 1.89 2.38 3.91 1.64 1.53 3.77 6.12 6.59 7.83 10.23 15.49 5.8 5.13 3.88 3.86 9.12 10.91 19.76 27.23 10.97 14.39 6.93 4.8 3.63 4.5 7.39 9.45 6.2 8.43 7.75 9.46 17.33 11.76 8.04 13.91 18.67 14.83 10.11 9.87 7.03
4.02 9.64 5.95 9.35 5.69 10.44 10.88 4.67 6.06 4.67 3.9 2.96 6.0 4.91 5.51 5.43 4.98 3.22 5.16 4.11 3.69 4.35 3.86 4.12 2.33 2.33 4.14 6.62 3.77 3.72 3.3 7.13 7.07 6.63 14.99 6.98 6.35 9.82 8.62 5.41 7.05 13.23 14.47 11.08 13.95 7.42 10.97 10.78 8.0 14.44 7.96 8.64 10.82 4.36 9.82 13.62 11.35 3.09 7.04 12.91 13.07 12.07 11.04 12.9
1.93 7.94 2.94 5.06 3.29 10.07 16.87 12.34 6.03 3.15 3.1 4.51 6.33 6.24 5.31 4.29 7.29 4.12 3.67 7.31 6.2 6.54 4.14 5.2 4.22 7.13 4.94 12.36 6.06 3.44 2.48 3.84 5.37 8.9 14.42 16.92 14.35 7.37 8.83 8.8 8.85 10.61 11.67 9.34 6.15 4.05 6.01 8.65 15.22 15.38 5.32 5.61 21.23 3.86 8.65 12.02 9.27 4.94 6.0 6.33 15.21 14.43 17.02 10.72
4.97 5.85 4.71 6.09 6.34 10.57 22.06 8.26 5.61 1.62 2.11 2.35 2.88 4.28 3.44 3.59 9.27 5.95 5.24 6.49 8.0 9.78 5.4 4.7 4.18 8.07 6.29 16.6 6.92 3.73 3.16 5.27 5.06 12.45 20.01 18.84 11.73 8.77 6.83 9.27 7.47 8.51 15.36 12.56 8.74 6.73 13.71 9.88 12.85 12.12 6.53 7.37 8.94 9.85 11.7 7.54 8.5 7.21 8.76 12.29 15.29 12.08 7.45 5.87
6.36 5.93 8.29 15.1 9.95 8.73 13.6 5.68 3.51 2.27 2.19 2.64 2.26 5.57 3.18 4.37 8.85 8.5 8.3 6.5 8.8 11.39 7.83 11.23 8.32 6.72 9.77 17.71 9.5 4.66 2.5 3.26 4.18 7.27 13.98 18.91 14.46 9.34 10.84 12.88 7.05 9.75 11.57 12.6 11.78 8.17 18.2 8.33 10.34 9.56 6.91 7.12 5.67 11.29 7.01 12.15 20.63 13.5 12.91 16.66 13.32 24.67 11.76 16.88
15.32 6.93 12.47 20.17 26.16 15.66 11.16 6.07 4.03 2.19 1.61 2.93 1.28 4.26 5.94 3.25 3.64 4.19 6.22 5.65 12.55 7.81 10.01 8.51 7.6 7.22 9.97 9.07 8.21 4.08 3.63 6.14 5.41 11.93 6.67 12.78 23.1 13.32 12.7 13.55 7.55 17.58 38.83 10.49 10.94 21.33 23.0 17.97 9.03 15.15 7.8 7.47 7.44 8.8 6.22 9.47 16.93 11.76 9.29 11.56 11.76 14.49 5.83 15.54
16.15 7.07 7.87 8.67 13.68 13.63 6.5 6.01 3.44 3.76 1.6 2.71 2.5 2.85 6.11 3.17 3.41 4.15 14.35 19.59 18.45 15.15 22.46 15.95 9.57 8.6 9.0 7.86 5.44 5.84 2.68 5.97 9.17 8.21 7.69 6.12 10.51 8.24 22.46 10.93 7.56 9.05 22.04 13.03 15.28 13.92 28.32 18.47 10.85 8.26 9.23 8.35 8.63 6.0 7.81 9.86 18.17 12.91 8.24 11.45 12.77 7.98 12.45 19.82
9.47 9.28 4.98 6.81 6.99 6.87 4.83 3.69 3.29 3.97 1.38 2.34 1.87 4.5 5.18 4.66 4.39 4.99 10.4 11.53 11.27 7.86 12.83 17.28 6.45 12.37 6.3 8.78 6.68 6.98 5.88 5.62 9.62 7.6 5.0 5.73 5.72 7.52 12.07 7.48 13.76 10.73 11.82 9.29 8.96 10.78 10.66 17.16 13.36 8.31 13.18 8.06 11.0 3.99 4.28 7.89 11.94 8.59 8.0 4.39 5.77 5.68 21.13 17.1
10.52 9.88 6.56 5.96 4.51 8.49 4.51 2.43 3.54 8.06 3.47 6.14 3.88 5.47 6.51 5.19 6.82 7.98 11.46 16.26 10.02 5.84 8.27 8.26 5.24 10.19 7.82 10.12 12.19 5.23 3.39 4.49 5.85 5.19 6.31 4.91 4.37 9.07 6.86 7.76 7.12 10.12 10.57 7.09 5.11 6.71 5.98 12.15 20.33 16.84 18.19 20.6 14.51 6.6 7.5 14.49 6.27 4.76 3.89 2.91 4.49 11.46 39.58 29.94
7.84 7.91 7.37 4.71 2.96 3.45 3.96 2.1 2.87 8.12 7.35 7.88 5.77 12.42 7.6 5.1 6.32 4.78 13.8 13.55 6.45 5.25 5.01 6.1 6.35 6.39 8.56 7.57 12.87 3.27 3.9 7.68 7.19 5.08 4.8 7.08 3.82 4.79 7.49 6.24 8.17 6.41 4.81 5.51 8.37 3.67 6.61 12.96 26.03 22.73 17.09 19.64 12.35 11.33 7.63 12.33 7.66 4.3 3.21 4.37 8.11 8.71 16.25 14.74
10.21 4.78 12.7 6.01 5.3 5.76 7.55 5.17 7.25 7.36 4.87 4.97 9.01 8.46 6.61 6.74 5.85 6.2 6.13 8.34 5.32 5.0 11.23 9.26 13.31 5.68 4.99 5.24 5.4 2.46 3.81 5.48 5.04 5.3 7.87 8.88 6.28 4.91 3.99 13.76 7.51 14.91 10.58 7.07 7.17 3.39 7.24 12.77 36.23 40.69 18.52 17.3 26.68 14.24 13.66 6.02 8.88 4.2 3.36 3.9 4.93 7.53 9.4 5.24
18.14 4.44 7.22 4.0 4.91 3.96 4.2 2.81 6.3 16.17 7.2 5.19 3.36 3.56 4.91 12.08 5.71 6.26 5.64 7.42 6.69 6.28 7.87 9.34 29.15 9.94 15.6 6.58 6.54 2.82 4.62 5.27 5.34 9.95 14.97 21.08 10.65 7.04 6.97 8.18 8.89 10.22 8.59 5.7 6.2 6.28 7.17 7.0 16.88 13.73 10.64 11.51 15.83 11.7 11.12 6.5 4.3 2.77 1.11 2.81 6.89 8.23 12.63 7.64
26.07 4.97 6.73 13.01 5.14 4.11 2.45 2.7 3.36 5.71 7.3 12.07 5.11 3.0 5.45 9.69 4.12 4.33 5.13 6.77 5.91 6.22 9.96 9.51 15.81 17.77 11.42 8.41 4.45 4.79 5.51 4.92 5.46 5.8 8.56 12.86 11.06 20.97 21.15 14.72 7.9 8.65 4.65 3.16 9.88 12.57 11.99 18.68 26.87 25.04 11.35 9.28 8.96 9.56 5.06 4.82 6.54 3.01 2.26 4.06 6.9 8.73 8.56 7.21
10.97 5.72 5.36 18.56 6.29 3.4 2.75 1.44 3.47 4.73 6.33 13.24 4.63 4.13 9.98 6.45 6.16 4.38 7.87 7.0 7.29 10.56 9.49 8.62 8.79 19.05 21.36 8.91 11.31 7.71 9.05 6.67 3.42 5.68 5.55 11.79 11.91 26.13 24.4 17.12 11.34 8.52 4.35 5.42 4.24 12.83 10.76 21.66 18.44 12.9 5.74 6.63 6.08 5.32 4.43 5.34 5.58 4.83 6.7 3.7 5.4 7.13 7.84 8.35
16.51 18.71 15.09 11.95 7.36 4.93 5.22 2.91 2.46 4.07 9.5 8.82 3.78 3.21 4.33 5.58 5.21 6.33 7.63 7.28 5.5 12.45 9.6 8.83 8.03 14.88 22.52 11.63 10.01 8.37 4.31 6.91 7.11 5.44 7.02 13.43 9.33 15.26 18.31 9.78 7.66 8.67 6.34 10.84 13.21 14.3 13.88 27.48 21.0 12.35 9.08 14.27 12.83 5.86 16.97 7.55 7.67 6.14 6.84 8.02 8.13 13.63 9.17 10.02
11.95 10.76 12.13 16.9 11.7 4.36 3.18 1.97 2.47 6.94 8.65 9.01 6.97 6.52 6.55 4.94 5.28 7.07 3.47 5.62 6.78 5.38 5.71 12.64 15.04 18.67 17.93 13.03 17.46 7.41 2.82 11.0 6.23 6.59 7.08 10.46 9.95 10.75 13.98 11.37 11.6 11.93 9.14 16.74 17.85 15.38 18.8 14.63 14.22 6.44 7.87 8.19 9.2 9.33 8.69 5.73 8.81 10.13 8.98 8.87 7.39 9.88 6.57 4.46
6.25 7.89 8.94 21.58 10.74 13.26 8.5 3.85 4.81 8.74 6.59 5.31 4.22 5.5 4.49 7.06 7.41 6.83 3.42 3.74 6.94 8.49 6.27 5.35 8.14 21.61 13.75 26.87 13.37 6.96 4.1 10.78 7.28 5.42 7.7 14.84 16.29 17.45 9.73 9.68 4.97 9.3 10.57 28.11 14.91 16.39 19.67 17.06 30.6 17.76 6.6 5.52 16.06 12.14 18.07 7.66 9.88 18.4 11.63 10.66 9.62 5.58 5.0 4.93
5.24 4.69 8.59 23.1 23.05 13.32 8.76 6.26 9.05 4.32 4.47 2.55 3.97 9.07 6.55 5.96 6.94 4.48 3.79 4.5 3.55 13.45 8.84 8.79 11.51 7.15 8.08 12.65 8.82 7.51 8.54 11.27 9.17 6.94 8.28 25.63 22.04 11.42 9.59 9.6 5.34 9.58 4.67 10.37 7.13 16.98 17.74 17.46 30.59 20.52 11.47 4.12 5.61 11.1 12.53 7.54 10.55 10.27 5.84 6.16 9.89 4.78 5.0 4.87
6.04 4.72 9.37 29.59 28.4 10.84 7.58 3.2 10.58 6.57 7.66 3.86 5.37 7.43 10.22 7.95 9.5 3.16 4.22 1.81 3.15 9.52 5.93 7.51 12.77 8.75 7.36 4.95 6.52 8.62 8.52 10.82 13.31 6.99 8.85 14.4 21.68 21.67 8.98 8.74 9.01 8.93 7.66 9.57 8.48 10.62 26.67 16.43 20.66 22.09 23.6 9.11 11.0 8.63 8.49 4.03 4.93 4.38 5.91 8.36 4.93 6.83 6.02 5.52
4.26 2.57 6.64 15.24 12.08 8.78 5.33 7.78 9.4 9.97 13.65 7.57 7.3 9.31 9.93 11.19 7.6 4.31 7.17 3.66 4.88 9.89 5.95 6.66 7.47 8.71 11.28 9.93 10.18 7.56 4.47 3.34 2.87 3.68 3.81 8.14 20.44 14.49 13.02 7.53 14.54 9.69 10.27 7.18 6.74 6.61 14.58 10.0 9.32 8.0 19.33 10.16 9.96 5.9 8.33 10.88 5.58 6.54 6.09 5.27 7.58 7.82 6.75 3.71
5.97 6.9 10.74 14.36 11.28 13.71 6.27 8.74 7.36 3.98 5.39 5.4 5.32 7.82 16.67 12.33 7.12 5.69 4.2 4.67 9.69 7.34 4.16 2.87 3.0 6.65 5.51 7.99 9.63 9.16 5.82 4.38 4.68 3.95 3.86 4.76 15.25 7.78 13.66 10.56 11.09 15.1 8.58 9.04 16.55 14.72 14.83 20.09 7.03 4.72 6.7 9.59 5.1 6.2 7.12 6.53 7.47 9.06 13.79 4.44 5.04 7.7 6.19 3.05
7.53 12.39 24.46 22.59 7.7 9.59 9.29 9.5 12.86 5.68 6.45 4.09 7.87 18.06 17.46 16.01 11.5 10.75 6.49 4.69 6.62 7.58 5.4 3.95 2.61 5.76 3.15 3.97 3.42 4.05 3.99 2.68 3.68 4.98 2.75 3.61 3.52 6.05 8.39 5.17 7.89 14.89 12.28 22.45 23.67 9.48 15.51 7.65 6.39 6.37 7.01 6.89 5.7 5.11 5.66 4.48 3.86 6.67 33.23 13.52 18.64 6.91 3.87 2.81
6.91 13.31 23.66 6.08 9.66 7.11 7.46 6.44 9.17 5.79 5.93 4.78 7.53 9.45 6.68 5.99 7.84 4.65 4.55 5.91 6.37 5.83 4.93 4.69 3.66 2.73 2.15 4.83 3.1 3.66 2.85 3.49 3.94 6.18 5.63 10.43 9.22 13.94 9.0 11.13 7.03 17.17 14.87 16.07 15.17 20.25 12.72 14.11 8.23 7.94 4.93 12.09 5.25 3.9 5.95 4.52 7.42 13.73 26.03 12.69 7.87 5.87 2.22 2.68
8.37 9.81 8.63 6.78 10.01 5.03 5.77 5.83 10.54 5.05 3.05 2.61 7.89 14.38 9.36 4.87 4.36 5.43 2.67 5.74 8.57 7.8 8.33 9.68 6.1 2.25 3.6 2.93 2.85 1.88 3.99 4.18 4.18 5.03 8.92 11.94 12.57 11.16 7.88 5.8 7.28 10.14 8.67 9.17 14.23 38.6 8.35 9.18 4.62 6.93 6.48 6.84 6.14 6.43 3.8 6.06 9.62 14.01 8.89 9.46 4.92 2.75 2.69 4.26
14.53 7.02 4.22 4.66 10.95 2.45 2.11 2.45 2.92 4.33 4.21 3.85 5.92 17.39 17.2 10.48 6.36 2.75 3.41 5.16 4.11 4.63 10.79 9.35 8.61 2.53 2.92 4.96 5.11 4.31 13.24 13.04 9.87 7.07 6.79 9.54 8.68 11.13 17.43 7.08 9.37 19.43 18.07 11.36 11.48 15.13 12.5 9.51 3.69 8.29 8.08 4.37 10.07 5.57 3.24 4.56 8.62 12.21 8.99 11.62 6.28 4.0 6.38 6.86
9.22 6.6 4.39 6.93 7.62 5.18 2.36 4.05 2.88 4.82 5.91 8.61 5.89 12.62 10.27 8.16 7.48 5.22 6.31 5.71 7.54 4.83 7.99 8.79 8.54 3.48 4.25 6.45 8.05 8.53 7.68 4.33 4.41 4.89 2.78 7.97 13.03 11.85 16.59 7.45 10.53 12.93 11.56 7.96 4.99 12.87 13.48 10.19 9.26 8.41 11.57 5.79 6.58 8.33 3.99 6.68 10.7 13.65 7.08 2.82 4.41 3.12 18.18 8.03
6.57 3.4 3.01 6.06 7.58 8.55 5.65 5.34 3.19 6.71 7.36 8.46 4.77 14.28 17.16 10.67 10.52 12.76 14.86 12.39 8.18 4.75 4.0 8.35 9.63 8.5 8.01 7.58 3.87 6.72 3.11 3.31 4.65 5.06 5.34 8.88 11.99 12.52 12.25 5.91 7.69 11.49 12.27 17.58 14.54 19.28 33.33 18.9 4.9 11.36 11.08 9.06 6.74 8.1 6.22 5.05 14.73 15.06 13.61 4.29 3.31 6.01 20.92 8.23
7.49 4.46 9.51 9.15 5.01 8.27 6.66 6.92 4.28 7.26 22.47 11.39 7.66 12.3 9.74 8.76 12.74 8.99 9.9 12.24 6.42 4.33 4.72 6.82 5.52 6.02 5.7 9.23 9.46 6.48 4.78 5.1 4.06 5.02 3.11 4.8 9.26 12.5 15.21 31.39 11.21 10.32 15.67 45.31 33.53 29.46 20.69 14.51 7.67 15.67 10.86 9.08 7.58 10.11 6.64 8.99 8.26 11.03 17.08 11.5 3.91 6.94 9.99 8.18
3.76 4.21 6.44 5.21 2.92 4.42 2.74 6.76 7.76 7.23 9.41 9.03 8.29 10.43 19.36 13.2 10.76 11.28 17.44 13.96 9.03 3.42 4.29 4.99 9.74 6.43 8.89 6.4 13.28 11.82 12.4 5.77 5.22 7.19 4.42 5.08 17.17 16.99 15.01 45.83 18.3 22.74 18.32 30.93 12.06 27.3 10.71 11.31 10.09 11.4 5.5 4.97 8.11 5.84 6.61 11.73 6.99 19.29 11.55 10.51 5.38 10.33 9.46 6.87
3.51 4.1 5.97 6.47 5.63 6.29 4.49 5.55 7.41 3.11 7.77 3.67 7.65 9.68 15.64 29.56 23.93 16.59 9.34 19.23 8.25 3.8 6.07 8.4 14.58 9.91 6.12 2.51 4.9 7.46 15.31 5.21 6.74 15.29 10.08 11.37 21.93 14.28 11.74 19.87 10.79 12.65 5.13 22.15 15.39 12.51 14.29 9.35 18.57 9.71 5.96 6.56 10.67 8.36 6.53 13.42 9.38 13.12 18.91 17.72 11.93 8.53 14.53 9.28
3.71 5.46 4.3 5.68 6.65 2.57 2.56 2.93 4.19 5.44 6.66 7.34 9.83 17.33 17.16 15.91 21.05 18.25 9.67 14.68 10.78 8.06 9.1 11.33 10.08 8.6 6.53 4.78 9.11 7.32 15.05 5.24 3.54 7.9 5.45 11.26 28.48 17.14 9.23 13.34 14.94 7.12 4.47 8.46 13.63 22.65 6.55 2.98 11.01 2.8 2.15 6.04 5.47 6.77 9.25 14.02 14.3 10.22 17.3 17.92 13.8 12.7 25.58 11.34
10.91 8.51 2.51 4.3 4.7 7.67 4.58 6.76 7.31 12.29 9.96 11.93 8.95 11.0 18.96 22.35 13.31 15.88 5.08 8.64 10.4 9.11 6.41 7.01 8.81 5.9 5.84 7.62 2.55 6.86 8.04 2.88 1.72 2.37 2.34 9.54 11.61 14.87 10.77 13.25 8.11 11.1 7.73 5.9 5.04 10.43 10.09 8.1 9.0 3.33 2.55 7.37 5.69 14.05 20.74 14.96 19.34 8.63 17.25 11.39 9.11 13.74 25.23 14.75
13.77 7.39 2.7 2.99 3.85 6.19 6.68 7.03 6.81 4.43 6.84 5.54 6.57 10.75 20.47 20.0 30.4 10.38 8.73 9.16 7.62 5.85 9.65 12.77 11.28 8.94 10.5 9.9 4.26 6.15 4.39 4.02 3.35 3.16 4.36 9.58 7.54 8.43 16.54 9.99 11.16 9.94 8.78 7.86 6.71 10.58 6.99 13.76 3.64 4.07 4.34 5.86 2.97 7.05 12.39 10.93 14.07 8.8 10.31 19.89 21.21 26.15 20.52 16.71
15.1 9.12 5.72 5.16 4.28 10.48 9.72 8.33 8.79 3.68 7.83 1.75 5.78 4.1 7.49 13.92 16.11 8.18 14.53 10.39 7.37 3.11 6.07 14.24 8.94 7.43 10.01 11.04 7.26 9.26 6.17 4.23 5.67 4.73 13.91 10.29 10.53 10.5 7.51 6.0 7.98 7.37 13.22 9.16 6.59 12.64 10.07 8.37 5.43 2.96 3.47 4.04 4.96 4.88 10.04 7.33 8.96 11.12 17.61 15.64 23.01 26.04 17.05 10.11
5.59 7.64 5.62 2.89 3.33 5.74 14.67 11.54 11.49 6.85 6.98 3.16 3.3 5.31 8.95 10.9 12.14 7.33 12.37 13.24 12.8 16.33 17.93 16.35 15.2 11.02 22.34 19.58 11.61 8.67 6.69 6.12 3.93 4.36 10.66 11.19 13.69 7.01 9.86 5.72 8.42 10.66 5.94 7.02 6.1 7.21 12.98 11.55 6.62 3.02 3.78 3.64 8.75 9.22 11.06 16.7 11.6 11.96 17.55 17.37 10.17 6.35 11.2 13.38
7.2 10.12 7.63 6.13 3.96 5.06 8.17 10.77 8.18 5.71 9.41 4.35 4.13 8.83 15.77 19.76 13.1 6.84 8.35 15.21 8.68 9.06 24.02 20.98 12.26 17.84 12.7 9.45 9.67 9.83 7.49 7.05 8.91 6.93 11.9 5.89 8.71 7.17 7.96 5.2 9.76 6.11 6.36 5.72 7.36 7.36 11.3 8.66 4.79 5.23 3.89 7.73 10.64 10.31 8.14 15.69 19.96 8.96 8.04 14.76 6.98 5.14 6.23 7.66
7.66 10.96 18.51 8.69 9.49 7.3 10.59 13.43 9.94 6.3 7.74 8.85 13.24 10.68 20.46 15.48 22.08 8.36 8.9 6.23 4.58 15.45 18.23 17.87 13.67 7.68 7.19 9.11 5.17 9.33 8.84 7.68 7.53 12.43 7.32 3.36 5.35 3.94 3.71 3.36 9.88 6.28 7.56 13.97 8.55 11.73 7.09 7.33 5.25 5.82 3.25 7.38 13.07 7.78 10.87 18.01 18.09 16.61 24.77 12.07 4.26 2.64 5.49 6.66
12.43 5.63 14.02 9.94 8.14 13.18 15.4 13.47 8.18 4.75 13.29 5.81 7.25 11.08 14.49 13.61 12.83 10.56 9.12 4.55 8.85 6.94 11.47 10.72 7.56 5.05 5.14 13.52 7.51 10.95 11.14 9.78 18.12 23.91 7.63 6.49 8.64 7.49 3.91 4.3 6.72 9.48 6.53 12.75 13.41 14.09 7.67 10.51 6.12 4.29 2.96 8.19 9.97 6.3 5.99 23.56 20.71 19.5 6.53 13.5 3.53 3.34 6.87 8.5
12.18 11.72 11.12 11.49 8.47 9.93 16.41 21.55 5.98 6.73 8.97 8.69 7.38 9.79 7.36 13.51 19.47 15.62 5.79 2.53 10.17 5.95 5.28 9.91 10.51 6.63 6.17 8.09 11.43 19.16 8.04 9.79 9.15 11.61 6.95 6.58 7.39 4.99 6.49 5.54 6.46 3.25 4.85 7.66 10.0 11.21 9.15 4.66 7.24 7.33 5.08 15.35 8.82 14.02 6.63 23.26 15.99 27.0 8.36 8.98 4.81 7.07 8.85 7.18
5.95 10.31 11.96 15.6 7.76 13.12 4.91 3.93 4.64 4.62 4.29 7.16 10.5 10.02 8.26 12.1 18.6 10.14 7.08 3.51 9.67 8.53 8.49 9.52 13.3 11.22 7.5 11.27 10.23 18.06 20.79 12.7 14.52 13.04 5.77 10.21 8.32 7.01 6.34 5.43 4.06 3.02 5.5 7.57 5.1 4.99 10.26 6.36 10.46 15.26 6.71 7.26 3.2 9.67 7.68 29.54 19.07 37.42 22.56 6.31 4.39 4.71 5.23 5.35
7.24 9.73 9.38 6.62 11.0 14.8 6.83 10.41 3.97 3.25 2.58 8.03 7.39 8.87 7.03 15.61 20.39 13.21 4.76 9.74 11.48 7.34 13.97 11.73 14.87 10.57 21.25 9.67 6.48 10.3 9.32 14.51 14.35 7.46 9.05 11.75 5.86 5.41 3.74 2.35 2.64 2.81 4.36 5.98 5.06 3.69 4.48 6.47 14.74 18.11 10.29 7.7 4.17 15.81 13.72 11.77 10.1 26.24 23.82 7.94 7.08 3.9 3.88 5.96
9.16 10.39 11.68 7.13 21.28 11.03 5.76 8.88 4.68 3.23 2.71 2.66 6.96 12.36 7.45 13.86 16.54 14.82 13.64 9.12 4.14 5.29 8.19 7.38 8.1 7.85 15.3 12.0 13.99 15.52 10.95 11.61 11.38 6.87 7.84 15.79 7.2 9.87 3.86 3.61 5.4 3.1 2.64 3.83 4.65 10.73 5.37 5.74 8.53 11.13 12.67 7.74 5.98 5.06 6.75 9.17 5.63 9.14 16.15 8.75 5.15 3.22 2.84 6.25
10.98 14.91 21.9 12.95 17.88 15.43 5.65 4.7 2.97 4.12 6.11 8.38 11.32 6.82 7.73 11.67 9.25 11.44 8.36 4.64 3.63 7.76 10.32 4.3 9.54 9.31 15.11 21.07 30.29 15.5 16.6 9.34 7.81 9.95 10.02 7.35 10.67 15.36 11.31 5.96 3.6 2.26 1.89 3.55 4.62 4.12 5.1 15.34 18.82 10.63 9.26 5.22 7.2 8.17 10.95 16.1 11.87 21.22 11.13 7.59 5.86 3.02 4.45 6.74
11.57 18.79 9.82 11.01 14.42 14.31 5.36 4.84 4.45 5.96 4.38 7.33 17.23 17.35 5.42 6.52 6.72 11.91 6.93 3.8 5.27 4.5 6.74 6.48 11.17 9.42 13.53 12.85 22.92 8.44 12.72 8.04 17.68 18.17 20.6 10.29 10.06 10.96 5.94 6.47 4.51 5.48 2.25 4.33 8.7 6.69 6.57 10.38 10.53 11.91 14.12 9.32 4.17 4.66 8.96 8.34 10.05 20.92 8.84 6.75 5.68 5.75 5.51 5.61
8.07 8.64 11.17 10.43 11.04 15.85 12.01 5.46 10.06 16.39 10.5 5.7 8.73 13.99 5.41 5.01 5.84 6.77 7.14 5.51 5.9 5.5 5.48 3.2 23.47 8.98 8.6 11.07 10.0 4.47 19.25 10.34 9.91 27.22 19.54 13.09 7.76 14.45 9.66 5.73 3.75 4.54 3.09 3.93 7.87 6.5 11.91 14.96 11.81 17.66 20.5 24.41 21.21 9.93 7.68 5.89 10.24 17.93 9.5 8.06 4.6 7.14 8.39 4.35
5.38 3.3 10.0 12.0 6.86 10.26 7.11 4.65 6.14 10.72 5.38 7.67 10.09 6.0 5.19 5.1 7.81 9.37 6.47 3.59 6.35 6.92 7.44 7.25 25.39 14.37 16.77 19.57 9.09 5.33 8.32 10.79 10.53 14.94 16.13 15.89 7.64 10.2 10.82 5.63 3.46 2.93 3.22 4.79 3.97 3.77 7.13 10.02 12.68 17.64 15.22 14.38 14.75 13.8 8.26 5.68 7.79 6.35 4.27 9.31 5.53 4.75 5.08 4.55
4.93 5.28 6.78 11.35 12.11 16.87 4.72 3.34 4.94 6.17 5.98 6.29 5.05 4.18 3.95 4.0 5.59 5.08 2.47 2.53 4.98 3.86 3.03 5.5 12.49 12.17 17.04 7.37 3.69 5.57 3.25 7.62 14.69 10.96 17.22 12.16 12.44 9.29 7.2 3.82 2.8 3.4 3.76 8.18 2.79 6.91 8.57 18.0 14.33 14.43 11.59 11.35 13.94 18.01 5.87 5.87 8.22 4.32 2.67 2.85 3.6 7.06 6.65 8.3
4.37 3.87 5.91 8.79 6.58 9.01 3.37 3.87 7.14 3.2 3.55 6.59 9.7 3.41 4.2 3.53 6.51 4.03 3.68 4.23 2.97 3.36 6.59 9.92 14.04 14.94 12.95 6.12 5.88 3.5 8.1 7.24 8.55 5.21 13.39 6.99 12.13 4.25 4.11 3.23 1.85 2.1 2.72 11.06 7.0 9.92 7.9 7.71 14.17 14.98 11.12 4.98 8.12 10.19 7.41 4.05 3.99 2.5 3.77 5.34 3.26 6.78 4.69 10.5
4.21 6.05 4.04 8.01 9.16 5.97 3.55 5.99 4.73 2.13 3.46 4.65 6.16 2.07 2.64 3.68 3.77 5.1 3.05 2.19 2.34 2.05 3.95 12.5 9.71 7.48 6.71 3.78 3.19 3.2 3.49 2.71 6.74 6.59 14.68 8.37 7.15 4.18 2.85 2.78 3.0 3.57 3.54 6.56 10.61 8.15 10.12 7.36 23.98 23.01 13.64 12.57 14.24 12.24 10.82 4.68 4.73 2.49 3.4 3.17 9.2 5.76 4.97 5.64
5.15 10.07 7.83 16.11 12.15 3.95 3.2 6.18 3.88 1.84 3.29 5.1 4.75 5.62 3.17 3.72 3.57 3.91 3.48 2.85 3.37 4.61 5.7 7.37 5.48 17.22 12.25 5.2 2.51 4.48 7.37 2.78 3.79 5.53 10.1 10.27 5.22 4.76 3.58 3.64 6.83 3.97 3.99 4.25 8.29 14.24 8.9 6.75 10.77 13.21 7.51 11.3 14.12 18.04 12.12 4.94 3.69 2.99 2.07 2.33 3.31 6.2 7.53 9.86
7.65 4.63 7.03 21.42 21.39 6.37 5.0 2.54 2.11 2.39 1.88 2.72 3.2 6.59 3.54 5.69 2.96 2.01 1.31 2.22 3.89 5.77 6.33 7.33 8.13 11.7 8.14 6.13 3.57 4.18 6.76 11.06 5.59 9.52 8.39 7.34 6.85 9.25 5.61 4.09 15.03 7.12 6.76 4.59 7.43 8.1 9.8 8.12 9.09 8.25 11.05 18.31 9.65 12.81 5.87 4.2 3.77 5.34 3.89 5.92 6.52 5.58 5.49 10.19
6.66 6.52 8.47 9.1 11.44 7.9 7.52 5.22 2.7 2.83 1.72 2.06 3.65 4.72 3.77 3.42 6.94 2.28 2.18 1.23 6.24 5.76 6.34 7.65 13.52 12.12 17.99 8.61 4.22 4.33 3.95 6.67 8.01 7.87 8.86 7.03 6.67 8.91 10.96 4.73 6.78 6.03 5.26 4.22 5.87 7.61 6.83 9.81 9.36 11.13 10.64 8.7 5.69 16.3 3.54 3.99 1.95 5.86 8.88 9.6 8.88 5.12 2.54 5.17
6.91 6.8 8.04 11.15 9.35 8.65 7.84 3.01 3.41 3.65 2.49 2.42 3.96 4.79 5.57 3.98 7.84 5.14 3.54 4.26 5.05 4.07 4.02 2.24 6.18 10.53 13.58 8.62 4.36 4.62 5.68 8.1 7.22 3.53 11.42 11.27 12.01 10.69 11.24 5.33 4.66 6.32 8.83 4.81 5.34 5.04 22.54 13.93 5.43 6.13 5.17 10.27 7.18 13.86 6.34 3.9 4.04 5.69 6.89 14.99 6.91 5.31 4.91 11.23
5.55 4.69 10.26 12.22 11.58 12.34 12.58 4.82 3.75 6.61 4.72 7.01 9.61 5.67 5.24 5.7 2.89 6.14 4.17 2.77 2.14 5.59 4.05 3.45 3.33 6.19 4.74 2.94 6.15 5.99 6.13 7.06 8.6 3.66 5.16 7.06 4.42 7.94 9.66 5.62 12.25 4.97 11.56 10.16 4.96 4.59 6.75 4.62 4.33 5.86 9.84 10.49 10.1 7.57 7.8 5.26 5.76 9.08 8.1 17.51 6.01 3.55 3.27 6.73
4.54 4.26 6.49 7.85 7.73 14.73 7.06 6.81 5.9 5.05 4.71 6.22 4.8 6.66 4.28 4.05 1.34 9.12 8.16 6.07 2.31 3.14 3.88 3.39 2.82 3.25 3.21 3.33 3.88 5.43 6.38 6.81 9.64 5.37 8.95 16.05 14.33 17.02 4.94 6.87 10.2 4.66 14.28 6.15 4.13 5.91 8.26 7.81 3.73 6.03 14.9 16.08 4.44 2.58 4.01 4.31 5.02 4.51 7.48 13.87 5.66 6.7 3.6 3.59
8.78 6.84 6.46 7.96 12.62 13.24 12.73 6.81 4.82 4.33 3.12 5.06 2.74 5.23 4.74 10.52 3.79 6.83 10.81 7.71 2.36 2.85 1.94 2.76 2.56 6.56 5.54 4.53 5.22 3.86 5.58 13.17 9.74 10.71 11.08 17.55 19.03 13.77 6.91 4.3 6.0 2.98 5.91 8.04 3.01 5.05 4.64 9.77 5.61 2.77 7.62 15.32 10.78 3.56 2.74 3.89 2.45 5.45 4.16 8.37 8.18 7.14 6.34 7.14
13.05 8.46 6.81 4.68 11.2 3.12 3.65 3.41 2.6 1.89 2.36 1.7 3.85 3.27 4.46 9.83 4.46 11.04 17.92 7.14 3.37 2.5 2.41 2.73 3.96 3.26 9.75 6.21 5.07 11.45 10.82 10.2 10.2 10.56 14.27 9.46 10.67 16.66 6.01 7.03 6.21 9.98 7.64 7.01 7.12 4.84 3.6 3.59 3.56 4.76 7.96 13.28 7.96 3.28 2.14 2.42 2.4 4.03 2.8 3.7 7.94 12.05 5.78 10.23
6.94 9.93 8.93 6.24 8.92 4.46 4.62 5.22 3.59 6.58 4.7 7.03 6.08 5.53 7.29 6.84 8.33 20.85 22.56 15.46 10.21 5.11 4.47 2.37 2.5 3.42 18.24 8.68 7.29 7.62 7.42 3.54 6.11 4.51 5.51 4.25 10.84 15.0 11.65 7.33 5.19 7.64 5.85 2.86 3.24 2.67 4.05 4.58 11.23 4.91 9.65 13.99 14.02 6.42 3.91 2.57 3.98 6.06 5.01 6.09 8.16 7.71 8.7 17.26
3.64 9.85 9.52 16.36 9.7 5.04 6.43 4.71 1.82 3.93 2.59 2.95 7.38 8.84 8.64 12.22 10.83 16.82 9.69 9.53 7.88 4.8 5.12 2.49 2.68 4.77 19.27 14.08 10.05 8.52 9.06 4.61 13.3 4.58 5.45 7.96 11.61 12.55 13.13 6.54 6.63 6.48 4.96 3.12 7.36 3.91 4.58 5.23 7.02 5.72 5.38 6.14 6.44 4.39 4.46 2.53 3.75 5.76 4.68 13.52 13.16 7.91 6.13 10.17
7.26 16.65 21.53 30.81 10.21 7.74 4.27 4.34 5.24 8.79 5.38 5.07 11.94 13.2 9.67 5.61 10.97 14.11 10.2 6.2 3.83 3.41 3.35 4.76 7.22 6.4 14.96 13.6 16.32 10.55 7.91 3.49 8.39 4.34 12.49 30.1 18.82 5.04 9.02 4.39 6.38 6.48 6.53 6.98 4.32 5.34 4.45 4.43 3.5 2.58 6.28 4.31 7.47 5.17 5.75 5.27 4.86 3.36 8.49 6.74 11.98 10.47 6.37 4.7
