7.66 6.35 7.56 17.35 7.42 5.14 3.62 3.88 4.06 2.29 1.34 2.5 4.42 8.27 4.8 6.8 17.34 13.05 25.05 18.44 12.62 13.2 13.93 10.83 18.19 7.95 6.52 9.64 7.91 6.13 8.42 10.66 4.98 7.01 6.01 5.4 11.98 12.49 8.32 14.04 11.94 11.37 9.12 15.1 8.31 5.98 11.17 12.94 7.54 7.24 11.16 27.24 25.67 11.8 6.36 6.06 6.87 10.96 9.16 7.75 3.6 6.65 5.54 8.9
6.62 6.86 5.72 9.28 8.97 6.64 4.13 4.36 3.54 2.38 1.75 3.06 4.18 5.6 6.04 9.76 19.49 18.48 22.7 24.85 18.41 15.4 9.94 17.48 16.31 14.03 9.23 4.49 3.28 6.34 7.09 11.52 9.17 10.74 4.71 5.52 8.86 5.14 6.05 6.34 4.47 7.98 15.81 8.37 8.35 10.36 13.41 6.49 7.15 7.6 12.47 14.95 31.13 22.25 7.04 10.0 14.07 19.34 16.4 8.78 7.91 7.99 5.4 6.3
18.73 15.76 6.66 17.87 7.44 5.7 4.46 6.29 3.92 1.69 2.23 2.54 3.45 4.3 3.89 6.18 21.82 13.24 12.44 14.58 11.91 16.49 14.06 25.15 15.71 8.66 12.76 13.82 9.09 7.14 8.16 11.65 8.51 10.13 3.4 5.15 9.48 9.37 12.34 5.61 7.14 7.23 6.96 10.78 4.83 4.62 3.43 3.39 4.13 5.7 8.22 14.92 11.05 21.08 13.31 10.91 16.97 14.06 14.33 14.31 10.55 9.41 6.0 8.26
12.07 13.44 15.54 16.18 9.86 6.56 9.88 10.25 3.11 1.92 2.38 3.18 3.13 8.51 6.64 9.93 10.99 10.49 26.97 11.0 6.57 8.92 7.21 9.78 10.22 7.55 17.83 16.12 34.45 18.59 12.16 13.21 9.13 7.92 3.45 5.91 7.44 10.42 13.59 12.82 6.36 11.44 7.19 5.08 7.09 10.53 3.09 1.51 3.43 7.76 11.97 10.87 10.27 17.98 8.82 10.18 12.55 11.52 12.85 13.57 7.07 5.71 5.36 7.79
5.62 12.94 10.68 13.67 9.14 6.74 5.86 6.66 2.15 1.88 1.76 3.86 4.89 7.16 14.05 13.5 8.63 7.48 13.92 8.12 7.22 9.92 6.31 10.48 18.49 22.1 8.78 16.16 19.84 12.15 13.73 11.46 9.9 10.17 6.31 10.08 13.58 17.56 8.89 14.81 12.05 10.75 11.82 5.2 2.96 4.41 5.17 2.21 3.41 4.64 8.49 9.44 16.77 13.12 7.1 7.45 9.33 19.31 15.61 11.47 7.13 6.68 16.11 6.74
5.09 8.37 8.48 4.0 3.67 6.44 6.0 5.59 2.07 1.25 1.88 2.16 5.36 3.99 8.59 7.57 4.32 4.81 11.56 14.0 11.92 8.51 6.45 13.01 16.13 15.73 7.32 8.09 9.48 11.14 16.39 8.72 13.24 11.06 7.82 11.95 9.89 17.26 10.42 5.44 9.32 8.85 10.41 6.98 4.29 14.74 21.5 5.56 5.38 2.85 5.16 5.0 6.05 17.68 7.55 6.36 5.61 11.62 11.95 7.53 3.42 5.41 11.75 7.32
5.1 4.83 8.96 6.69 6.5 4.98 5.14 4.89 1.8 2.11 1.39 1.1 4.55 7.64 3.48 7.63 8.26 6.16 6.95 13.42 12.0 7.08 6.7 16.54 16.12 25.88 6.84 6.08 14.19 11.77 14.01 7.82 6.84 12.02 10.04 14.03 8.5 11.97 9.35 5.47 6.45 9.24 7.38 4.5 5.53 12.36 13.18 8.21 7.32 5.21 4.61 7.53 7.28 8.61 4.42 3.87 3.09 6.89 6.03 3.13 5.16 5.85 11.18 10.16
9.74 6.03 4.09 5.86 3.79 2.45 1.87 1.77 1.12 1.13 2.75 3.97 4.5 3.88 5.2 9.12 7.95 7.28 7.5 9.97 18.28 10.22 6.29 9.04 10.95 19.73 10.91 8.12 9.65 5.29 19.27 7.46 11.29 10.59 13.47 12.51 9.21 9.35 16.27 14.46 6.77 14.67 8.96 2.9 4.63 7.61 8.34 8.47 6.41 5.72 5.65 10.48 8.78 6.1 4.86 3.19 4.41 6.34 6.17 3.74 2.7 3.41 10.22 5.18
18.94 14.28 10.26 7.82 5.66 3.57 2.01 2.96 1.62 1.95 2.77 3.66 5.14 4.13 4.57 5.0 4.52 6.49 2.2 6.94 9.33 8.22 13.4 7.96 8.01 12.76 4.13 7.05 4.79 7.61 12.05 7.21 8.84 12.21 15.15 9.15 6.3 13.47 6.27 7.58 4.63 5.91 8.06 8.63 12.43 10.61 12.61 9.48 8.4 13.47 11.5 5.38 5.67 9.27 5.43 11.71 12.15 9.29 3.88 5.98 3.15 3.67 6.27 4.39
8.94 7.52 12.63 6.95 3.84 5.96 3.06 2.49 2.28 3.27 4.06 6.06 8.4 8.23 6.35 4.62 1.98 2.23 4.02 5.46 7.02 7.81 6.5 11.58 11.27 12.33 6.48 4.67 4.63 8.09 11.58 10.3 7.56 7.65 6.33 5.96 11.76 5.86 4.9 5.67 3.88 5.02 4.42 4.66 8.25 7.35 10.7 7.83 10.3 23.2 23.92 15.66 10.3 6.47 7.61 11.62 16.2 9.12 7.01 4.24 3.71 4.39 7.74 8.69
19.99 13.46 13.35 6.54 2.19 3.08 4.08 2.91 3.84 5.59 5.9 5.4 7.08 7.88 4.19 2.25 1.85 2.37 3.65 4.44 5.16 3.86 3.08 6.52 9.68 13.66 9.62 4.97 5.93 10.39 17.65 8.99 8.37 9.89 10.02 9.11 13.52 8.02 5.03 7.4 5.77 13.21 5.34 4.84 8.96 6.01 6.43 13.39 5.75 9.61 7.16 11.06 5.61 8.13 9.12 11.04 15.93 16.45 7.3 5.97 3.05 4.25 9.94 9.94
12.95 9.91 9.3 5.69 2.63 3.93 3.2 1.87 3.37 5.55 5.76 12.58 9.43 5.27 4.4 2.39 3.36 2.5 2.97 4.03 3.85 3.68 2.37 6.78 28.2 9.98 8.25 7.1 3.88 18.49 14.75 10.99 8.33 3.35 5.56 7.4 6.54 4.48 5.35 17.76 8.3 11.97 9.31 5.39 15.27 11.27 16.36 13.67 10.27 6.09 6.86 13.93 8.96 6.45 4.44 5.4 8.89 8.47 10.15 7.29 2.97 3.06 9.14 9.61
4.22 3.48 3.72 4.75 4.68 2.55 2.05 2.36 1.82 6.4 10.28 7.11 10.68 8.41 4.59 6.14 4.76 4.78 5.91 6.65 3.3 4.06 3.51 3.42 10.04 10.54 6.28 4.73 6.72 15.68 17.27 9.0 4.02 4.12 6.91 4.21 4.73 6.58 10.44 25.19 14.77 9.54 9.47 15.67 17.95 12.51 12.83 6.18 5.26 6.09 9.86 7.64 10.64 10.53 6.0 5.27 8.86 9.4 9.48 3.48 2.69 2.07 2.05 5.53
5.95 2.92 4.68 7.28 5.52 2.67 2.52 2.28 3.41 4.35 5.86 5.07 6.35 5.97 4.35 9.23 12.61 6.56 6.15 4.38 4.79 5.0 4.18 4.44 12.48 9.02 11.92 10.42 6.14 13.27 15.52 7.05 5.24 10.95 4.87 4.75 6.98 4.78 11.28 14.69 9.47 4.41 8.78 22.65 33.8 14.91 9.81 9.16 10.26 8.18 5.35 5.86 6.99 6.22 4.45 3.93 7.86 11.39 8.14 6.9 6.73 5.99 4.81 5.08
9.61 9.06 3.92 7.32 5.59 2.32 2.44 3.23 4.67 3.1 5.2 4.24 1.92 4.05 3.83 5.61 10.36 5.1 6.71 5.42 6.13 10.74 11.15 11.59 16.89 12.53 14.42 12.95 14.62 24.4 12.5 16.36 7.7 11.27 13.96 7.51 7.13 12.08 14.9 12.83 5.22 4.45 4.99 11.05 11.56 6.09 6.6 11.23 11.89 6.4 7.58 6.49 6.07 14.01 9.66 5.26 9.98 5.04 5.16 4.48 4.29 7.59 5.83 4.05
22.39 22.62 6.39 7.83 9.69 3.44 3.67 1.86 2.04 2.47 2.02 2.57 5.07 7.47 4.54 7.94 4.52 7.19 6.97 5.96 3.59 3.9 7.66 13.31 16.5 17.57 19.73 18.53 38.02 24.41 19.78 13.84 15.75 18.5 11.23 5.94 10.83 8.3 9.2 9.91 9.41 6.9 5.63 7.04 9.12 9.9 14.11 10.06 13.82 5.8 5.0 6.01 7.76 11.32 13.69 9.14 7.12 6.08 6.74 4.97 5.54 5.3 3.0 2.86
17.68 17.12 12.26 14.59 24.53 13.01 5.05 3.84 5.82 5.82 4.46 2.99 4.23 4.74 3.82 7.36 5.11 6.92 8.49 7.18 4.68 4.02 4.82 9.16 10.56 13.58 17.19 14.01 18.53 17.28 15.42 22.91 9.87 20.52 16.82 10.33 8.5 6.79 11.36 9.59 12.15 7.06 3.72 4.1 3.75 9.62 14.39 12.2 12.72 9.55 5.28 9.5 10.73 11.46 9.52 4.1 4.8 2.46 3.86 6.72 3.42 7.0 7.92 6.83
12.61 10.3 5.06 7.41 9.05 12.48 5.94 3.4 9.64 8.77 8.57 5.7 3.14 5.95 3.38 6.67 8.6 9.99 6.39 3.76 8.64 5.96 3.76 11.98 10.4 9.13 35.9 15.75 27.23 14.22 12.99 20.89 17.72 20.32 8.61 6.6 6.54 7.63 20.82 13.91 5.08 4.06 2.53 3.81 5.34 7.97 6.9 8.86 9.38 5.75 7.61 7.04 14.92 25.55 11.68 3.35 4.74 3.72 10.09 6.32 4.87 6.51 5.34 8.62
7.37 8.8 2.74 10.37 23.94 8.55 7.53 4.62 11.95 7.74 5.92 3.34 3.27 7.51 11.1 12.35 14.76 8.92 6.67 10.9 7.53 4.43 6.38 6.31 4.19 7.55 18.65 9.51 20.52 17.7 13.85 19.96 17.33 9.94 9.69 9.63 3.99 4.97 19.71 16.05 5.55 4.45 4.03 4.76 8.47 6.64 5.06 5.08 6.84 11.08 8.08 9.12 9.36 22.2 12.42 6.95 5.84 2.69 6.82 10.4 6.39 7.57 14.08 12.62
8.88 7.78 3.69 8.17 6.15 7.14 8.23 4.43 8.12 13.42 7.48 4.67 10.43 10.04 15.96 20.35 6.3 5.23 5.97 8.18 5.95 9.13 7.61 7.39 11.65 12.65 23.12 15.91 8.48 8.1 15.59 13.27 10.47 11.78 10.28 8.15 9.72 9.25 21.88 8.69 5.21 3.67 4.37 4.51 3.53 4.88 3.61 3.71 8.04 11.67 6.68 4.57 10.29 26.73 17.54 5.62 10.87 8.58 12.02 5.55 6.9 11.51 11.45 13.8
13.99 8.38 7.46 4.05 5.49 5.18 7.05 6.57 7.34 4.45 5.98 7.89 6.38 12.77 12.67 16.66 13.17 9.3 6.57 5.46 6.18 6.31 6.05 8.14 11.83 7.83 17.14 16.83 23.68 18.13 26.71 22.32 18.44 9.63 6.44 8.35 8.17 10.36 15.08 6.61 6.62 5.35 7.55 12.33 6.36 4.44 2.3 5.84 7.47 4.12 10.27 7.22 10.36 15.25 19.44 15.51 12.52 11.87 10.86 4.18 6.36 6.64 7.15 15.87
6.09 5.54 5.88 7.86 3.96 6.21 16.66 9.04 5.46 6.43 6.65 5.99 6.82 5.74 8.17 6.31 5.57 3.95 8.17 8.51 8.83 7.38 15.51 24.38 14.65 14.69 11.42 15.02 15.18 16.19 28.3 13.54 20.29 14.98 9.78 24.85 7.57 10.87 9.92 5.18 6.69 7.87 10.7 5.99 4.98 7.77 2.73 3.44 5.21 5.93 15.45 14.87 12.31 10.31 12.67 18.42 11.93 10.88 19.08 6.0 17.08 9.16 11.28 19.95
4.19 6.0 4.19 7.58 6.79 5.46 10.03 13.72 7.73 10.03 13.61 9.51 8.83 5.57 12.37 8.98 7.88 4.34 2.9 5.89 5.57 7.02 10.87 10.91 20.05 21.55 12.01 12.73 16.96 26.2 27.5 16.48 22.88 8.4 11.04 56.8 14.96 11.87 13.0 5.21 6.2 6.36 12.08 6.7 4.52 4.56 4.33 4.42 6.46 5.65 13.88 10.43 6.37 9.01 11.43 22.0 21.71 13.86 8.48 9.18 15.63 14.6 12.13 17.8
5.0 4.61 9.56 4.66 4.04 5.96 9.81 14.99 10.9 14.85 14.64 9.13 12.33 6.91 6.99 15.54 6.55 6.49 11.81 7.81 8.19 11.78 10.77 13.85 13.73 14.17 8.7 6.64 6.34 17.1 24.01 12.02 20.52 19.83 10.84 20.43 27.85 16.96 11.77 6.16 7.22 3.32 8.5 13.73 8.51 6.75 5.87 9.07 7.86 6.93 11.39 4.7 7.61 10.14 12.2 22.41 9.4 12.47 9.95 13.59 20.08 14.53 9.69 11.39
6.34 9.83 5.87 3.82 8.5 6.46 8.93 16.52 20.73 10.73 13.12 11.17 10.31 9.83 7.02 5.36 9.66 8.09 7.26 8.63 15.88 15.64 18.28 18.33 11.16 13.52 7.39 8.59 10.75 9.95 12.64 7.51 15.51 10.08 9.72 20.29 14.67 20.66 10.97 8.14 15.75 19.97 14.17 12.41 8.57 3.98 2.7 8.38 7.57 9.03 9.83 7.01 11.03 9.39 9.98 9.06 8.19 8.57 6.9 14.68 26.56 11.32 9.28 5.39
10.36 10.47 8.76 9.64 6.84 5.99 7.59 13.09 14.85 11.04 12.19 16.11 14.76 13.78 6.74 6.06 5.82 9.8 12.82 4.34 6.15 7.91 14.06 28.35 20.68 8.85 13.03 16.37 12.14 13.95 13.4 8.96 12.94 16.14 11.89 21.74 17.21 11.17 3.55 7.18 17.27 10.81 12.66 13.92 12.42 6.2 9.57 5.84 6.06 5.95 9.17 9.08 12.27 16.26 14.35 15.33 16.68 13.6 12.4 20.45 9.87 12.79 8.07 4.71
6.78 17.94 14.66 6.84 10.5 8.26 7.65 14.38 17.24 9.66 9.29 12.6 18.92 13.0 9.9 8.16 10.22 20.41 20.45 5.95 17.34 22.03 24.71 20.8 11.55 9.32 10.0 7.21 8.37 7.57 5.17 5.87 8.38 10.01 19.98 18.14 34.98 14.98 8.65 7.63 16.35 37.65 10.39 6.32 11.88 8.91 9.7 8.47 5.56 5.02 7.31 12.06 27.32 16.69 11.28 12.52 18.36 18.62 6.97 18.76 11.28 12.09 12.88 7.22
15.53 7.68 13.26 9.43 5.96 7.81 16.75 9.06 7.24 20.36 12.04 12.49 23.63 18.6 5.38 6.69 12.59 13.83 12.28 10.52 9.7 14.26 7.73 7.16 6.07 5.72 8.97 21.35 17.47 11.54 9.94 7.42 12.16 7.74 7.12 8.16 20.51 14.38 12.52 20.64 23.53 32.12 19.31 13.7 13.37 8.53 9.75 6.37 2.98 5.6 6.36 7.96 10.81 6.34 7.97 6.35 9.36 18.64 8.03 18.26 12.44 9.19 7.88 5.44
21.13 9.88 11.64 15.19 16.99 10.84 11.19 9.82 6.38 10.61 14.25 11.24 11.27 14.37 9.23 7.04 16.4 19.42 12.32 7.48 7.24 6.65 7.1 4.74 5.04 5.28 6.11 5.33 8.65 8.14 7.39 9.16 17.3 14.83 10.25 15.4 11.97 11.75 11.16 11.64 12.22 23.11 17.19 8.59 13.03 13.56 7.84 7.36 4.93 5.75 11.21 7.91 8.35 4.98 4.96 7.43 11.18 6.26 12.37 11.21 12.18 13.7 7.43 4.18
18.02 14.98 6.67 13.26 19.94 12.32 10.45 9.94 5.68 9.6 15.47 9.39 10.32 11.76 5.59 9.05 14.14 22.66 10.53 9.89 8.81 3.17 4.48 6.42 6.62 5.16 5.69 7.81 8.95 8.3 10.46 8.06 10.28 9.04 5.14 8.57 11.14 7.26 12.02 20.24 11.51 26.56 17.68 29.18 17.67 12.99 7.43 3.88 2.52 4.04 5.3 5.79 9.79 6.12 7.97 17.29 16.41 10.05 11.0 8.66 4.8 7.02 4.18 3.97
19.1 17.48 24.67 16.87 15.35 13.03 14.54 12.44 4.97 6.1 10.89 5.81 5.5 11.46 11.67 8.93 22.3 35.05 23.45 11.06 5.85 2.17 3.76 4.06 2.42 2.82 3.53 11.05 17.17 17.19 6.71 4.47 8.21 9.84 5.89 7.35 8.68 4.41 10.85 8.48 8.18 20.06 35.49 41.14 24.22 15.78 11.05 3.88 3.92 5.27 9.46 8.02 5.19 6.7 7.27 13.12 9.86 5.62 4.63 5.13 1.86 4.73 5.73 3.13
18.08 12.21 24.96 25.97 25.14 18.25 12.13 8.37 5.87 9.11 7.97 5.59 7.05 5.64 9.35 16.88 16.35 17.31 17.86 18.34 9.55 6.6 7.2 7.56 5.72 4.06 2.89 12.23 10.77 8.03 6.7 4.96 7.32 7.32 8.22 12.48 9.19 9.74 7.12 6.93 11.73 11.16 12.81 14.12 9.42 10.96 4.14 4.78 2.52 5.5 15.93 10.05 7.06 4.15 4.77 9.37 8.4 6.39 5.35 3.0 3.74 7.43 10.75 5.44
12.01 16.16 26.66 8.82 12.47 9.76 9.02 11.38 8.14 3.17 12.79 8.6 4.39 5.22 11.84 25.46 18.94 29.58 11.9 7.73 17.88 10.5 9.22 7.66 4.76 5.83 5.55 13.32 21.6 11.68 7.92 7.24 9.83 7.99 13.58 14.27 4.9 6.83 10.87 4.13 4.65 10.88 15.69 18.03 14.35 9.77 5.19 6.63 4.87 3.79 6.58 7.7 5.23 7.12 12.5 8.83 5.97 5.46 4.23 2.1 4.42 8.58 8.7 6.28
8.47 8.8 22.49 27.39 16.37 19.65 13.74 17.22 7.91 9.27 10.81 5.09 6.24 3.97 8.42 24.22 21.81 10.11 16.45 14.92 11.24 9.94 9.59 4.71 5.53 7.81 5.55 10.42 15.55 27.41 6.67 4.99 10.45 12.61 12.77 12.14 8.14 6.74 9.88 5.85 5.92 8.81 9.38 13.68 10.76 5.4 4.8 3.71 5.74 9.72 8.28 10.54 6.85 8.81 18.3 13.92 7.05 8.04 5.01 9.36 17.58 22.61 8.12 5.47
7.27 9.33 24.52 18.29 11.76 12.89 5.63 8.45 14.06 13.73 11.98 9.54 7.74 5.0 8.78 19.64 20.19 8.36 8.54 11.43 7.32 8.51 3.49 4.52 5.35 4.4 17.94 16.3 13.77 28.55 12.24 9.51 10.25 7.02 9.09 6.39 6.85 7.84 13.0 8.14 5.19 7.89 10.05 7.49 13.19 7.7 4.04 6.22 5.21 6.23 7.58 6.2 5.58 7.38 21.48 14.75 5.73 9.51 8.52 17.88 14.68 12.81 12.89 7.41
7.43 14.76 24.94 15.89 10.65 13.88 17.05 13.73 7.96 11.47 7.93 3.48 7.53 4.9 5.26 13.49 10.75 10.08 5.06 5.23 4.47 4.93 3.69 2.67 3.34 5.84 7.19 19.31 12.88 22.76 15.1 12.4 9.62 8.33 6.26 3.76 5.92 11.13 7.77 7.65 10.15 6.0 9.25 10.14 24.04 17.83 9.47 7.65 4.49 15.2 6.76 3.41 5.96 7.89 7.4 6.44 2.29 3.21 7.32 10.2 15.96 9.87 9.27 6.54
4.32 10.28 13.43 8.84 7.88 8.89 8.12 22.39 11.95 5.24 4.54 5.1 7.17 9.14 9.89 6.95 8.02 7.97 5.72 5.49 4.77 4.54 5.45 6.07 5.43 3.14 6.6 13.21 12.11 21.17 11.53 8.46 6.79 3.76 4.62 4.25 6.46 7.1 4.12 6.0 4.33 6.08 8.32 9.8 15.46 23.1 11.33 6.08 9.61 19.53 12.53 7.7 3.53 5.9 9.57 7.9 3.33 3.03 9.7 10.82 9.26 5.08 4.89 7.33
10.01 13.83 12.89 6.95 7.92 10.94 13.19 14.07 4.97 5.92 2.5 4.2 7.12 9.64 10.38 6.8 6.22 7.02 3.85 2.41 2.53 4.09 3.18 7.59 10.5 7.04 19.09 17.31 14.77 16.44 15.75 16.54 5.77 4.11 3.3 3.16 9.2 6.82 2.86 6.04 5.73 9.05 7.43 8.94 9.96 12.78 15.27 6.25 4.54 19.84 16.87 3.21 4.78 16.02 7.2 8.21 5.33 5.68 6.03 7.82 6.14 4.45 5.17 11.45
8.88 9.19 6.45 6.12 11.45 11.49 12.19 31.74 17.62 10.32 3.32 5.14 4.11 2.63 6.77 2.93 5.06 5.87 3.01 4.55 6.87 9.25 5.66 4.14 5.55 7.14 7.49 10.82 11.62 17.77 16.67 18.73 12.32 5.4 5.49 7.06 4.46 3.09 2.4 3.1 5.47 7.2 7.92 9.58 13.86 9.79 9.38 12.75 6.06 10.22 10.13 4.04 7.3 14.93 9.64 11.07 9.35 5.66 6.6 5.39 9.16 6.32 8.48 10.14
14.38 6.72 5.37 9.39 17.3 11.04 13.78 16.46 7.19 13.51 12.13 8.41 8.35 5.04 3.14 3.95 4.78 3.66 4.59 4.52 2.99 8.2 7.53 4.12 6.54 11.59 12.31 9.78 8.85 8.83 12.39 12.04 7.2 6.09 5.72 7.11 6.42 7.57 4.43 4.76 4.4 3.52 4.34 7.53 7.27 6.96 5.92 4.08 7.01 10.64 9.3 7.9 11.36 12.81 5.04 9.37 8.44 5.12 17.37 10.16 9.55 15.64 5.98 9.09
14.92 9.97 15.62 22.41 25.74 33.48 20.11 15.76 19.81 11.83 8.3 6.59 7.99 5.45 3.29 2.77 6.18 8.27 7.87 4.53 4.42 6.04 8.2 11.74 8.14 8.93 7.84 5.18 7.11 8.97 9.34 6.17 8.24 8.17 3.35 6.11 5.31 1.9 5.01 7.19 3.25 4.08 4.76 14.26 15.54 12.53 6.03 4.78 12.15 12.85 11.82 9.0 9.79 11.51 10.18 17.5 8.55 3.73 6.17 7.82 13.33 7.17 8.95 5.64
11.95 15.62 7.04 14.93 19.06 16.43 34.81 28.46 22.26 23.76 16.73 13.17 6.87 6.8 5.89 3.0 9.78 14.24 10.74 8.12 2.94 7.3 11.2 11.49 7.79 7.44 9.02 7.43 6.12 10.12 12.66 6.23 7.08 5.05 4.49 5.94 8.11 4.69 4.65 5.18 4.54 4.95 3.83 13.8 18.47 9.41 7.73 5.27 5.15 10.3 10.96 9.62 12.73 13.57 12.94 19.83 13.67 7.07 6.4 5.32 4.33 8.31 13.69 2.97
17.85 11.01 7.79 13.91 11.82 11.38 18.88 14.39 14.52 22.09 13.97 12.14 5.53 7.51 3.39 3.5 10.18 12.42 10.66 8.57 4.67 8.53 9.39 10.28 8.0 6.42 9.26 19.16 13.08 16.69 13.08 4.16 4.35 7.26 6.16 9.87 11.72 9.42 5.43 6.99 9.54 7.57 10.43 7.88 12.24 8.27 5.5 4.5 6.14 8.33 8.65 8.97 14.58 14.21 13.47 19.48 11.95 4.74 4.99 4.4 4.5 5.68 6.56 4.85
14.46 10.97 6.66 22.76 23.74 15.68 15.02 13.5 17.84 14.65 23.02 11.67 9.56 6.61 5.01 4.52 3.3 3.4 9.55 6.81 4.5 10.03 11.23 11.9 10.25 10.02 7.56 16.24 7.92 4.84 6.34 5.11 4.98 5.37 9.59 11.94 10.19 7.42 8.19 9.94 8.6 9.6 8.45 8.49 8.18 8.27 7.55 7.82 6.05 9.34 8.84 14.51 15.86 11.88 16.36 19.27 9.65 6.0 7.17 6.26 4.75 4.2 9.51 4.35
5.5 6.14 4.18 7.88 12.31 14.78 6.38 6.27 18.3 9.49 9.17 11.42 8.05 7.58 12.12 10.22 6.12 5.66 6.66 10.68 8.52 17.09 9.74 5.06 4.12 10.51 14.98 16.13 7.12 8.75 14.07 7.77 4.77 5.24 7.58 5.57 4.58 8.31 12.2 7.16 7.91 9.88 5.76 6.54 8.89 6.91 4.71 6.09 7.37 7.22 7.67 14.89 18.66 25.87 17.92 22.78 8.08 7.93 4.97 5.58 7.08 6.08 9.13 4.8
6.89 6.64 6.1 19.31 15.21 8.65 7.81 6.43 2.96 4.35 5.44 3.85 5.68 7.46 3.82 7.25 11.43 4.9 7.17 16.06 9.03 11.1 9.29 3.52 3.85 7.63 15.14 12.04 8.61 8.04 14.22 13.96 6.78 5.45 14.33 8.81 4.42 14.28 26.01 11.85 11.41 4.45 7.76 15.44 24.71 16.84 4.41 7.28 7.33 6.66 7.82 8.9 17.13 14.64 9.32 13.52 9.85 5.48 9.83 8.28 8.05 9.97 8.49 7.0
11.9 7.25 6.55 7.64 4.97 5.62 3.63 2.84 2.06 2.51 5.05 3.57 6.61 6.6 5.96 8.73 3.03 4.01 2.98 4.2 8.61 5.36 6.6 4.37 6.06 13.73 9.98 9.21 8.83 10.15 17.72 11.05 9.71 11.84 15.59 11.54 6.09 8.27 12.16 17.68 10.21 3.86 5.34 6.04 13.3 21.25 6.01 13.38 15.89 9.86 10.57 12.73 14.19 9.5 12.04 16.33 12.52 8.08 10.57 14.4 13.43 13.09 9.96 5.06
13.64 11.43 3.18 3.1 2.55 2.23 2.45 3.9 3.13 2.5 6.9 9.48 10.26 6.23 6.84 5.83 5.08 2.85 2.4 3.31 5.46 2.72 5.16 5.12 6.99 8.62 5.83 9.15 8.21 7.91 8.78 11.41 7.74 8.68 14.68 20.04 11.06 12.66 14.72 18.91 14.68 3.77 5.21 8.72 10.98 6.56 8.4 6.75 12.82 6.54 5.95 9.56 9.39 11.23 10.4 13.8 11.07 7.82 8.72 9.0 8.38 9.29 11.9 5.49
5.6 12.39 9.77 4.86 3.61 4.92 3.01 4.05 4.41 3.65 8.39 15.16 10.71 7.34 14.33 12.75 3.71 2.98 4.24 6.97 10.86 3.83 2.23 4.55 4.87 7.03 11.57 7.19 12.32 13.84 15.09 7.41 7.28 11.32 10.58 15.43 14.6 10.86 11.61 20.58 16.54 7.01 12.16 9.28 5.45 9.23 7.3 6.87 4.55 6.34 10.63 13.28 11.28 7.71 6.97 6.55 8.59 7.89 8.26 5.84 15.28 23.11 11.03 8.43
12.08 11.55 6.25 5.26 7.04 4.07 3.96 5.0 6.89 9.96 9.99 11.56 8.19 5.93 8.53 11.56 2.87 3.13 4.3 13.43 17.1 5.05 4.74 5.86 11.94 12.88 14.01 18.03 22.25 14.91 16.72 12.86 11.62 13.29 11.04 12.2 15.84 16.26 10.83 8.78 21.36 12.95 6.46 6.25 9.39 3.7 7.89 12.7 4.64 10.9 12.39 13.02 19.11 10.26 11.96 5.42 11.6 4.97 2.42 6.67 9.29 18.49 14.71 12.19
11.82 9.4 10.65 6.73 3.34 7.46 6.36 6.6 8.84 9.51 5.84 9.73 10.33 4.66 6.6 11.74 4.46 2.97 5.7 7.39 9.55 7.28 9.26 7.23 13.42 14.79 16.94 20.79 12.82 15.77 10.21 11.46 9.27 13.14 11.95 13.4 13.58 13.26 8.21 16.78 11.73 13.43 12.3 10.45 17.64 8.68 10.95 7.26 7.49 12.38 7.39 9.67 13.35 9.77 17.22 7.07 9.39 4.27 3.27 8.72 8.26 16.48 18.38 8.62
14.01 12.73 9.52 9.1 7.98 5.09 14.12 9.99 6.63 8.58 20.23 21.73 28.75 9.1 6.9 6.34 4.13 5.21 6.57 8.33 7.32 10.3 11.04 7.11 12.42 12.71 16.11 13.45 14.48 9.93 6.11 5.07 5.31 8.51 8.36 7.67 14.51 19.7 21.55 45.55 27.04 15.13 11.54 10.43 21.65 10.37 7.19 5.37 7.57 17.49 8.73 7.98 17.94 8.4 9.43 6.39 4.15 4.81 3.65 4.42 6.55 11.15 8.83 7.2
11.51 14.02 11.47 6.48 4.8 5.33 11.81 6.38 5.65 9.06 14.05 22.63 15.43 7.19 5.87 6.72 6.84 6.21 4.08 6.51 5.53 10.93 15.78 11.51 16.17 17.89 23.01 21.01 12.67 13.84 4.55 4.95 8.21 11.91 11.37 9.99 19.29 9.75 19.03 43.36 38.2 20.65 18.92 17.14 19.2 9.92 9.81 6.25 3.21 11.95 7.25 9.59 7.9 7.18 13.26 6.9 6.97 4.03 2.64 6.29 3.88 8.65 10.34 5.74
7.74 8.84 7.44 6.5 8.96 6.13 13.78 7.44 3.62 7.38 11.57 10.63 6.39 9.35 5.87 6.45 10.98 9.89 8.59 5.55 6.7 13.36 14.37 9.52 22.0 13.92 10.32 8.0 15.08 8.03 5.87 7.75 12.39 9.46 20.77 10.75 18.21 19.12 21.02 28.18 30.88 27.6 17.4 26.62 30.66 11.05 10.34 3.77 3.12 6.43 5.77 8.05 8.1 9.86 12.34 6.81 13.52 4.95 7.42 6.3 4.47 10.14 6.28 4.77
7.42 4.02 5.8 4.21 6.54 4.21 11.48 8.88 4.87 7.15 7.27 8.21 12.75 6.89 4.51 6.82 7.33 5.36 5.91 6.56 6.69 10.62 11.36 17.78 21.89 11.92 21.51 21.35 14.96 12.48 5.4 5.79 9.46 11.77 11.45 18.69 27.94 26.25 17.97 31.67 11.48 11.58 33.32 18.42 6.91 5.48 10.55 6.69 5.6 7.09 5.79 7.52 6.13 8.35 12.17 8.34 10.27 6.73 4.66 5.72 12.66 10.32 10.2 10.99
3.47 7.14 4.26 4.76 6.62 5.68 5.48 4.44 2.78 5.91 6.19 3.28 5.93 13.11 11.64 5.59 7.54 6.36 8.74 9.07 8.89 8.24 11.25 16.48 12.94 8.59 10.82 9.3 8.57 7.76 4.57 7.31 12.83 13.48 10.41 11.72 17.28 14.6 30.58 11.65 29.73 32.05 25.21 19.51 6.9 6.13 6.87 5.17 8.45 7.12 8.8 9.58 7.84 9.03 7.82 10.44 14.54 5.2 5.62 5.42 11.05 12.51 6.16 6.8
7.44 3.15 3.77 2.99 6.08 8.07 7.97 4.12 5.26 10.09 6.82 8.95 7.12 13.47 8.34 7.49 6.92 4.0 7.67 6.36 10.41 22.5 22.2 14.93 13.8 8.24 7.34 8.66 7.61 2.12 2.23 8.19 16.77 15.33 15.02 11.49 18.52 15.69 15.22 9.23 15.86 21.51 16.22 22.12 9.25 8.71 7.99 8.15 9.26 5.23 5.28 10.44 13.13 16.67 6.5 10.32 11.7 6.84 6.14 11.61 13.95 20.0 6.27 9.57
4.72 2.95 2.65 3.99 6.66 7.54 14.27 5.78 2.64 4.34 5.11 8.05 12.04 23.52 14.5 10.09 10.3 7.56 12.24 5.93 9.01 13.89 14.85 18.51 7.2 6.63 10.2 12.72 13.4 4.19 1.98 9.02 14.93 16.55 12.57 8.44 13.58 11.83 17.07 22.28 10.45 15.27 15.34 18.3 22.33 9.19 5.15 4.84 5.92 5.45 9.49 16.31 20.07 24.66 19.83 10.36 8.46 6.02 10.88 9.77 17.65 12.17 9.68 8.01
5.64 6.82 5.69 2.99 2.05 4.41 8.37 4.64 4.42 4.45 2.64 6.93 14.38 15.84 14.8 11.52 9.74 5.62 8.3 13.12 21.07 16.86 14.3 10.29 7.68 3.83 3.19 5.64 7.45 6.83 3.44 7.89 17.84 16.81 6.41 6.91 9.34 9.44 13.18 17.55 13.5 16.27 15.88 16.17 14.08 15.56 11.46 6.5 7.79 4.3 7.94 8.14 13.61 14.43 10.71 20.61 15.71 14.87 10.04 20.94 29.73 14.28 9.72 8.42
7.23 6.85 4.86 2.75 3.79 4.57 10.57 8.15 4.98 5.22 5.77 6.22 5.2 14.89 8.91 8.09 12.08 2.25 4.95 7.65 23.95 11.79 9.74 14.71 11.09 4.62 2.96 3.84 5.53 4.27 4.9 11.61 7.2 6.49 5.97 4.85 6.8 15.69 19.13 10.94 16.59 21.69 20.69 16.92 12.03 10.83 11.97 8.05 5.69 3.94 11.24 9.49 13.82 12.5 7.53 9.66 4.58 11.87 8.11 6.36 12.46 25.99 8.67 8.59
15.95 7.7 6.53 7.36 6.06 6.77 10.94 9.27 6.6 4.51 2.28 5.14 10.26 9.17 7.81 9.02 7.09 2.1 2.54 4.55 15.47 10.54 5.47 11.12 8.49 4.48 2.78 6.04 9.26 5.4 6.32 8.17 8.44 13.74 10.81 4.3 7.24 9.1 13.52 11.63 8.42 29.23 32.18 11.84 10.36 8.79 8.45 9.92 5.53 4.87 3.49 7.66 18.42 14.03 15.75 14.33 14.09 19.91 9.98 11.17 13.19 9.19 5.76 6.25
16.03 6.53 4.04 8.23 16.7 7.39 10.72 10.9 8.42 5.47 5.28 7.2 3.63 3.92 6.35 6.85 5.99 2.81 2.53 7.21 9.4 10.16 11.41 15.19 20.51 4.26 5.23 6.05 3.36 4.08 3.46 8.3 9.19 5.99 13.38 9.17 5.8 15.18 19.81 6.39 6.64 18.95 19.19 6.81 7.03 5.39 11.47 15.22 12.35 5.87 11.91 7.41 13.69 17.42 12.94 15.18 24.42 21.61 5.4 8.94 9.01 5.7 7.74 8.25
9.77 6.3 6.31 5.6 9.12 9.9 10.33 7.85 12.04 11.14 6.69 7.5 4.54 3.9 4.16 4.57 2.86 1.84 3.5 3.35 3.98 11.2 15.7 8.47 7.94 6.01 4.98 5.02 3.88 5.87 6.68 9.18 14.36 15.72 5.76 5.33 10.38 14.1 12.88 11.3 11.24 21.77 22.07 19.08 6.24 13.85 10.5 4.3 4.26 3.75 4.89 3.32 10.83 14.23 11.4 19.12 14.08 14.76 7.87 7.52 6.56 5.07 4.66 6.03
7.73 10.04 6.41 9.75 10.22 11.76 7.13 8.0 8.55 9.59 5.67 7.2 4.98 4.89 5.11 6.61 5.63 4.78 3.93 5.27 8.11 12.05 15.36 13.59 4.97 3.91 3.6 2.58 2.29 3.46 12.93 7.0 8.92 9.29 6.06 11.56 19.39 9.55 10.09 8.31 14.03 19.51 12.16 13.46 8.8 12.44 9.35 3.95 6.26 6.1 4.74 5.62 5.34 5.58 8.46 9.41 7.75 14.39 9.83 8.98 6.21 7.05 6.38 6.35
