3.71 4.94 5.47 8.3 11.18 14.57 12.18 14.63 18.81 14.11 10.52 11.45 6.23 13.94 7.46 3.71 6.56 7.13 11.58 11.69 3.83 5.28 5.67 4.34 4.28 3.8 2.92 5.94 10.24 10.87 17.47 16.14 12.29 11.51 9.26 8.07 15.48 16.47 28.72 13.38 7.82 9.62 9.22 10.27 5.4 4.54 6.33 7.13 5.62 6.86 19.55 10.35 7.58 13.93 18.89 9.78 12.87 6.59 7.17 5.25 3.06 9.25 7.33 10.35
4.65 2.71 8.02 11.41 18.24 14.44 6.46 14.78 23.83 15.15 8.15 11.96 5.01 6.3 11.42 4.7 6.18 15.87 10.31 9.95 6.31 5.89 5.4 4.22 3.95 4.39 5.47 5.22 8.9 5.45 11.73 10.39 12.02 11.31 10.87 5.46 20.23 20.77 18.46 13.36 11.24 14.1 6.94 8.6 4.38 5.79 3.99 7.67 3.68 8.37 6.41 12.44 17.65 14.49 6.87 9.35 7.51 6.99 5.66 4.1 3.95 5.11 4.92 5.31
6.37 3.02 5.36 12.1 7.44 11.31 8.17 8.06 21.52 16.55 9.35 10.09 6.74 10.14 8.14 3.85 4.15 4.9 7.04 10.08 11.21 4.83 5.27 10.03 4.83 6.93 15.37 7.94 8.2 5.98 9.36 10.31 15.16 6.32 18.02 22.96 20.16 21.76 15.33 15.39 11.87 11.52 6.94 10.93 7.21 6.44 4.45 6.73 7.27 12.12 8.93 13.16 13.55 8.28 5.79 7.81 8.32 3.06 6.11 5.12 4.18 3.36 3.67 5.43
3.16 5.36 3.06 3.65 4.8 3.84 4.44 6.24 16.3 19.43 10.54 8.73 10.03 4.05 7.67 2.92 2.33 1.17 3.58 4.03 16.4 7.24 3.23 5.15 4.32 3.77 3.87 5.64 10.18 8.12 6.66 12.68 14.56 17.21 17.04 37.04 18.04 17.94 31.4 7.97 9.46 7.63 4.78 7.74 6.34 5.05 5.53 7.49 10.93 19.0 12.75 12.02 17.47 13.04 8.77 8.57 4.77 3.77 4.06 4.42 5.53 3.56 5.09 7.24
5.29 2.67 3.75 4.31 11.85 4.02 2.38 8.2 12.74 7.41 11.94 13.15 17.3 8.06 4.42 2.71 2.36 2.25 3.33 3.55 11.2 12.21 2.9 4.44 2.91 1.99 1.84 2.81 4.2 6.1 4.82 8.81 14.63 10.99 22.78 20.57 22.22 23.82 18.07 9.92 5.29 4.5 3.26 3.97 8.62 3.98 3.22 8.32 18.9 16.69 9.9 14.64 16.38 12.68 9.39 10.4 8.02 4.36 10.53 9.83 8.8 5.71 6.28 9.09
2.41 2.48 5.69 5.62 6.32 5.04 2.31 7.62 10.01 6.59 9.8 10.98 11.73 8.7 3.61 3.36 2.11 1.77 2.4 9.03 14.09 10.61 7.61 6.7 4.91 2.71 2.02 3.74 5.13 5.96 14.85 18.53 29.38 12.12 13.78 29.15 18.2 16.82 13.55 2.97 5.7 4.97 6.83 6.01 5.81 7.01 9.54 12.12 13.67 14.81 12.09 11.15 12.1 16.49 11.34 10.69 4.3 15.82 22.85 14.8 12.87 5.6 10.71 9.83
1.4 3.58 4.82 4.06 2.76 5.26 6.2 5.22 7.12 7.25 16.91 10.22 12.34 5.78 5.4 2.38 1.4 2.87 3.46 5.05 9.5 9.28 10.04 7.55 8.58 8.71 4.52 2.68 7.72 6.36 13.94 31.53 16.11 18.62 12.13 16.59 14.49 16.1 8.28 3.96 2.61 6.19 8.9 11.71 8.58 8.17 13.95 11.3 13.64 28.59 13.54 9.58 10.32 15.59 5.98 8.5 3.92 12.84 13.88 5.02 7.37 5.45 6.34 4.48
2.15 2.89 1.86 1.44 1.8 3.55 4.11 4.98 5.58 7.83 15.53 9.97 9.37 5.08 3.78 2.57 2.09 2.3 3.7 5.45 9.96 6.55 12.53 7.04 11.35 12.75 8.13 6.89 10.05 4.98 6.6 21.25 10.36 18.0 11.62 19.14 7.28 7.22 4.34 3.59 3.78 6.32 12.46 10.33 14.2 5.27 5.38 8.26 11.83 13.28 10.01 6.14 12.47 17.54 7.92 7.38 3.94 6.01 10.16 3.51 6.36 5.38 3.58 2.9
3.74 5.82 2.35 2.31 3.31 2.72 5.56 8.05 8.5 6.89 10.1 7.57 7.22 5.29 4.63 7.2 2.84 2.01 2.17 3.96 7.15 5.27 5.74 4.28 6.1 9.72 7.66 5.54 5.67 5.32 5.02 11.59 10.41 10.71 22.61 15.55 13.9 9.49 7.6 9.41 8.36 7.15 21.99 12.88 11.99 4.88 4.42 8.37 8.74 6.3 4.29 4.17 7.64 16.33 8.31 5.82 5.19 7.76 7.76 8.44 5.0 4.64 5.09 2.51
11.62 10.22 4.7 5.07 8.93 4.92 8.8 12.65 8.89 19.42 11.63 12.46 7.89 4.7 6.53 5.0 2.61 4.87 3.65 4.57 6.57 7.48 8.03 3.48 3.48 6.54 5.65 4.01 3.59 5.51 7.35 8.76 8.01 5.99 10.55 14.67 5.07 4.56 9.7 11.38 8.39 8.17 18.25 16.81 9.02 9.71 7.29 6.86 5.4 4.44 4.15 6.83 10.15 5.68 10.26 10.98 10.46 14.29 12.13 12.39 7.42 4.04 6.01 5.52
7.47 16.82 9.45 11.16 9.85 8.27 9.3 7.88 8.61 13.96 15.41 11.27 10.45 3.22 4.3 5.78 3.39 5.75 4.47 1.86 5.18 5.15 5.03 3.1 3.98 4.34 6.2 5.83 9.05 12.76 6.04 6.7 9.86 8.7 13.84 11.42 3.45 4.31 6.66 11.37 8.13 10.82 9.94 8.05 11.16 8.88 10.72 8.68 5.26 6.86 7.53 5.77 5.73 2.37 12.0 9.92 7.36 13.17 14.7 7.28 7.52 5.62 2.59 3.91
8.62 11.66 17.08 9.09 8.25 5.3 9.03 5.07 6.8 10.1 10.0 10.69 11.62 7.34 7.28 7.44 4.89 6.94 6.37 4.05 3.32 6.83 5.56 4.06 6.04 5.8 6.03 3.08 3.87 10.33 9.36 5.14 13.32 20.72 7.94 7.13 5.19 8.06 13.56 11.81 20.3 13.3 9.22 10.89 9.13 10.37 8.23 7.34 9.61 12.65 8.58 6.21 8.32 4.31 7.03 15.88 15.61 9.6 8.19 5.0 3.07 2.87 2.11 5.86
9.03 12.27 14.36 16.47 10.26 5.12 4.48 3.14 4.78 7.23 4.96 5.72 13.87 9.62 5.38 5.7 5.23 7.79 3.24 6.55 3.85 5.32 9.74 8.26 7.01 6.31 2.44 3.04 6.91 4.76 5.41 8.35 8.24 14.74 9.77 6.67 18.09 9.19 22.5 21.94 16.59 16.86 12.32 3.26 10.88 6.43 6.9 10.42 5.4 8.23 4.99 5.92 7.57 4.69 5.73 10.46 12.77 9.47 7.03 12.69 4.42 8.7 5.38 6.89
14.75 12.95 19.83 22.35 10.44 6.49 5.15 4.76 7.43 4.85 6.83 9.36 8.64 7.44 6.35 3.51 7.56 3.69 7.38 6.88 3.25 5.5 8.94 10.05 9.44 5.05 2.45 3.0 8.36 4.47 5.74 6.35 7.07 6.57 11.26 9.48 17.79 17.86 12.93 16.62 21.58 16.95 10.23 4.67 9.29 13.05 7.64 11.15 5.5 3.94 8.47 7.92 4.68 5.72 5.44 6.14 6.38 4.89 6.08 11.64 6.26 10.91 7.12 6.5
23.02 28.53 11.45 22.81 13.86 13.72 10.19 6.45 4.95 6.64 6.11 9.98 8.91 3.73 10.66 7.36 6.06 8.16 6.11 7.36 3.15 2.89 12.92 16.46 17.07 16.48 8.75 5.44 10.02 9.57 5.82 5.61 5.41 7.42 10.42 8.2 8.53 10.07 9.65 12.27 6.73 17.76 9.85 6.98 7.65 6.94 8.77 8.86 12.12 8.26 4.83 5.31 6.26 4.63 6.86 6.43 8.41 4.11 5.27 18.82 10.95 5.91 5.79 3.32
17.57 22.0 9.49 13.97 13.21 13.62 7.51 6.76 6.36 6.31 8.07 9.4 12.46 10.49 6.11 12.08 7.56 7.49 8.04 5.23 6.16 5.2 4.3 19.82 14.32 18.12 13.49 10.3 14.33 10.54 5.55 5.44 11.51 10.29 10.36 6.21 5.54 8.48 12.91 6.25 7.39 13.55 10.82 7.0 13.2 5.47 5.81 5.97 11.46 11.35 5.71 2.64 6.87 7.35 4.84 12.95 5.65 9.1 5.41 5.07 6.03 7.0 3.12 5.09
12.71 11.16 19.12 8.83 10.88 13.94 12.58 8.84 8.26 5.52 11.57 14.02 13.82 10.52 9.83 12.66 18.81 12.01 24.19 10.68 6.67 10.71 6.84 10.19 21.08 11.16 20.77 21.88 8.18 15.31 4.71 4.8 7.63 8.79 6.27 6.34 13.26 16.09 12.32 4.63 12.0 9.46 6.19 7.37 7.17 5.46 8.52 8.16 13.71 12.13 5.22 5.41 6.34 9.68 5.57 12.54 9.17 7.52 4.51 5.22 4.99 8.81 3.02 5.13
18.03 18.78 13.53 6.03 10.14 31.47 10.27 19.79 9.69 7.18 11.26 12.72 18.36 13.96 7.12 12.65 17.35 14.28 17.19 7.2 8.18 9.22 9.22 4.59 17.03 21.87 14.14 17.03 10.22 13.83 6.06 4.56 4.61 4.9 5.21 10.56 23.9 16.08 10.18 4.47 6.96 10.91 6.01 6.66 7.1 6.94 10.2 11.83 12.86 8.49 6.43 5.98 8.58 5.61 8.45 6.74 5.17 4.38 4.38 4.95 5.29 8.11 4.93 9.0
19.99 18.12 13.93 13.66 17.33 44.69 15.35 14.98 5.69 9.05 14.79 19.66 13.65 20.12 9.97 15.12 27.67 11.31 10.99 4.53 5.54 5.72 6.82 5.82 14.94 13.04 13.53 9.75 16.66 7.4 7.85 3.06 1.88 2.49 3.93 5.39 20.69 22.93 12.13 3.21 5.21 5.83 7.19 7.45 8.58 14.14 7.6 16.08 10.23 18.62 16.68 6.38 5.78 5.66 6.37 6.65 5.05 4.08 4.0 6.42 4.88 6.96 5.93 10.55
6.9 11.1 29.93 22.69 25.94 23.69 16.41 15.08 11.65 14.07 26.91 15.58 11.99 13.31 9.52 14.9 18.37 7.75 7.43 4.38 3.83 4.85 4.58 7.95 15.28 11.54 13.79 7.69 10.27 11.1 6.09 4.12 2.07 1.83 3.3 4.57 8.75 11.41 7.9 7.29 4.53 3.85 5.53 12.43 6.36 7.53 8.84 8.98 17.52 8.85 10.26 6.97 6.43 10.09 6.65 7.92 13.86 4.76 4.81 4.3 5.06 7.52 6.79 18.61
4.32 14.22 12.71 20.96 35.87 18.52 17.09 32.14 17.77 21.12 17.96 20.04 18.35 21.26 32.84 24.2 12.68 14.05 10.54 5.71 6.83 5.12 6.17 5.76 8.25 16.87 15.1 11.09 9.63 7.26 2.74 4.16 3.28 2.6 4.95 5.37 7.74 19.01 10.05 9.42 6.69 3.49 5.94 4.09 9.62 7.51 8.27 11.42 11.73 9.08 19.4 13.3 13.78 13.93 12.09 5.15 8.59 7.16 5.12 4.63 3.24 7.72 14.52 23.14
5.36 10.43 18.99 13.11 25.03 23.01 21.11 19.46 10.63 11.59 20.85 21.73 24.08 22.35 14.14 13.99 12.51 11.14 18.96 10.46 13.35 6.62 5.52 6.33 9.26 7.49 12.46 7.44 5.47 4.82 3.37 2.51 4.37 4.3 7.33 5.18 11.54 28.0 9.35 7.07 6.54 3.88 2.77 7.83 4.36 10.32 8.25 6.93 5.58 11.77 25.73 22.15 12.47 11.04 5.28 7.19 7.36 4.43 2.82 3.74 8.35 8.39 11.82 15.39
7.88 11.64 16.78 9.58 26.81 12.99 14.8 11.6 15.24 16.94 12.52 23.48 20.27 11.94 4.55 8.75 11.78 9.2 10.44 11.11 8.22 4.25 2.37 3.04 5.06 8.3 7.97 8.66 2.82 3.96 3.23 2.23 5.6 3.86 8.18 10.19 11.32 10.08 11.1 15.45 9.13 5.02 4.77 8.95 5.2 9.27 13.62 11.7 11.74 13.2 16.89 11.93 5.39 4.59 4.66 4.49 4.25 2.51 3.26 4.98 6.88 7.63 6.09 9.94
8.48 19.53 11.59 14.71 24.23 13.12 18.65 29.94 16.19 16.66 24.46 23.06 13.67 7.95 4.43 9.21 7.94 14.03 26.79 13.61 4.98 4.19 4.27 6.65 7.96 7.15 6.6 5.96 6.48 5.71 9.71 3.8 3.43 6.87 14.33 8.9 12.15 6.27 17.81 10.76 7.6 14.01 11.45 9.59 7.28 6.71 12.44 17.79 11.46 12.74 20.71 7.03 2.92 4.11 10.12 10.08 4.15 3.61 4.6 4.33 4.35 6.98 9.99 12.04
6.38 7.94 13.37 20.99 19.88 11.49 16.43 16.79 21.41 13.03 9.76 9.77 8.59 12.3 7.13 4.65 17.47 13.25 22.07 9.41 5.48 5.78 7.67 5.21 10.17 5.39 5.74 6.02 5.64 8.01 8.25 3.26 2.77 10.4 6.59 5.02 9.73 16.1 7.69 15.55 12.4 17.23 17.27 7.96 4.79 6.71 6.73 12.68 6.95 9.92 14.0 7.79 4.41 5.25 8.04 9.72 8.78 4.56 6.38 4.2 3.45 7.88 11.72 5.75
8.39 12.06 15.59 17.36 16.54 7.07 7.79 7.17 12.77 6.94 4.69 6.81 9.94 14.88 8.56 7.49 13.89 21.52 13.38 19.11 11.45 7.95 7.32 8.19 6.38 5.2 3.5 4.33 4.96 6.26 3.13 3.77 2.9 5.95 5.07 5.01 14.1 11.52 8.2 6.33 15.44 17.65 35.32 7.24 4.11 8.07 9.94 5.74 6.73 8.25 10.5 13.31 4.09 8.53 19.17 9.37 12.96 6.23 5.66 4.88 5.74 5.13 10.55 6.26
8.09 12.25 19.71 18.25 9.83 8.06 17.85 7.6 5.53 6.24 3.87 7.02 7.3 8.02 11.95 10.43 11.54 11.63 10.9 17.68 19.36 9.34 7.33 7.14 7.17 8.04 5.12 4.94 11.31 4.83 3.0 3.44 2.86 4.03 5.54 4.51 17.85 17.13 9.91 5.81 10.82 9.82 15.17 7.77 7.01 6.58 5.62 7.7 5.23 5.16 7.47 6.95 5.07 7.27 10.6 10.29 6.13 5.34 3.52 6.54 11.31 8.82 8.76 8.79
10.66 9.14 13.32 9.74 7.56 6.92 4.9 7.85 7.77 5.62 6.54 3.02 6.65 5.47 7.79 9.87 7.42 2.91 7.18 7.94 7.55 7.78 5.72 6.94 6.7 6.3 15.36 13.08 7.76 7.59 5.28 6.79 6.46 10.22 5.56 8.87 13.26 21.66 12.82 11.77 8.98 6.68 4.94 10.25 9.53 7.53 7.4 6.1 7.25 5.78 6.05 5.98 3.77 8.57 9.24 11.47 10.95 3.36 3.46 5.08 11.93 10.91 10.26 7.98
4.46 7.77 9.37 15.7 7.02 5.3 3.67 5.83 4.75 4.44 9.26 4.4 1.82 6.81 9.87 14.37 7.68 4.31 7.34 11.0 4.56 5.7 6.17 7.03 5.13 6.08 16.42 15.73 7.59 5.5 15.17 6.36 7.88 5.93 6.59 14.13 12.38 13.46 19.33 13.52 6.52 5.84 5.64 2.85 4.06 5.53 7.32 4.98 5.99 3.97 8.29 3.47 5.31 13.06 12.84 14.2 15.22 7.47 4.83 5.02 7.93 6.46 7.64 4.73
5.68 3.6 7.01 5.96 3.51 4.9 2.93 4.63 2.79 2.69 6.46 4.47 2.64 4.88 9.7 7.93 9.57 10.74 9.33 9.8 5.67 10.48 8.11 4.66 5.69 5.64 7.9 10.31 19.1 7.79 10.4 6.86 4.62 9.46 7.92 8.02 9.02 7.1 13.89 10.13 9.71 6.58 2.99 2.01 5.01 3.3 4.39 2.33 2.5 2.85 3.08 5.68 5.77 13.4 10.19 21.44 10.89 10.71 6.4 5.58 8.52 9.25 3.22 4.95
10.2 3.86 6.31 7.21 4.25 6.69 3.71 5.6 10.25 2.03 4.16 5.29 2.24 4.87 8.36 13.1 16.73 18.84 12.45 12.88 8.08 6.53 3.95 4.91 4.0 7.9 8.03 13.39 10.81 9.87 11.09 5.23 5.41 7.04 9.9 10.07 6.03 16.77 8.66 12.42 8.51 4.06 5.94 6.43 4.29 4.07 3.95 3.4 5.05 9.45 11.12 8.57 7.46 6.01 12.31 14.76 9.84 8.25 10.0 6.45 14.74 9.05 4.12 5.11
3.96 4.72 5.38 10.5 4.36 3.12 6.48 9.84 6.34 9.33 4.88 3.57 2.65 5.95 10.7 14.68 15.99 13.95 8.27 8.58 9.51 5.56 6.86 7.03 5.01 9.02 15.74 7.37 17.8 9.83 11.55 4.91 4.72 7.71 8.26 9.36 8.98 10.08 5.9 6.71 6.3 3.88 4.02 7.26 3.26 3.16 4.37 2.87 8.84 9.99 7.95 6.39 8.56 8.98 12.44 9.62 6.95 4.52 10.16 8.16 11.96 4.18 4.92 4.97
4.34 4.64 5.9 3.11 4.91 4.09 6.08 7.93 5.86 5.15 6.2 1.69 9.75 10.15 6.98 12.5 8.23 9.19 7.67 9.54 5.02 5.73 5.02 5.64 7.41 8.95 9.27 7.35 17.48 16.35 12.55 5.96 6.26 6.59 16.85 10.04 13.41 16.53 6.28 11.91 10.2 6.31 6.15 4.58 5.04 4.14 4.16 7.36 6.55 6.91 9.73 7.74 7.82 12.07 7.92 9.31 4.5 6.72 5.42 4.98 9.16 6.96 5.33 4.81
3.21 5.5 6.28 4.06 8.71 6.04 6.51 7.57 4.75 5.04 10.96 7.15 7.78 9.25 5.38 9.52 6.65 12.4 9.71 13.96 5.6 6.45 4.07 4.59 6.71 9.69 7.24 7.44 7.47 10.57 8.14 3.7 6.65 4.5 6.61 10.46 9.79 13.77 8.12 6.36 13.03 4.11 10.07 6.8 6.75 3.88 3.49 3.47 13.3 8.46 8.4 9.4 4.41 11.34 16.04 7.77 8.75 11.13 5.14 12.1 12.05 6.39 6.05 3.15
2.18 4.88 3.32 7.42 9.07 11.17 9.31 9.13 4.35 8.12 11.48 6.98 13.75 9.3 8.7 9.39 7.7 12.43 7.48 8.73 10.42 2.71 3.41 4.24 8.3 27.36 20.91 5.58 9.21 5.92 7.93 4.04 3.41 3.84 4.42 3.25 7.88 8.49 12.99 5.49 3.51 3.53 6.15 6.82 8.94 4.77 1.99 4.15 9.13 9.04 5.15 5.01 7.01 4.25 4.53 8.69 4.44 9.36 11.93 12.95 18.02 3.8 6.28 6.25
5.4 4.67 7.12 8.05 8.77 11.41 8.22 8.51 10.73 13.24 5.94 9.49 20.45 17.28 13.32 8.97 13.17 9.07 7.71 5.41 7.62 6.12 4.73 10.31 11.33 19.2 24.81 9.2 7.24 6.76 6.27 4.3 3.59 4.86 11.66 6.33 5.31 8.3 7.3 7.04 2.52 4.63 8.26 16.39 9.44 6.88 4.57 8.62 5.8 9.82 5.95 7.75 7.16 4.87 6.76 4.44 6.31 10.98 16.01 4.41 4.62 4.97 3.21 3.24
5.41 5.74 5.26 6.51 4.58 5.05 6.69 12.32 9.01 9.06 3.85 8.6 15.73 10.39 21.77 7.2 8.12 9.54 6.17 8.45 6.9 8.09 6.37 12.44 9.98 25.55 11.62 17.69 13.24 6.99 5.31 4.61 7.6 7.73 8.96 8.87 18.36 9.64 4.05 5.9 8.2 8.69 13.2 9.54 14.86 6.38 5.92 7.04 5.4 6.55 8.35 6.61 7.82 3.18 4.9 6.89 7.82 16.51 7.95 5.42 3.04 5.1 3.1 1.99
9.23 10.16 5.35 5.67 3.35 4.47 8.21 9.59 4.05 5.57 3.71 4.95 9.76 7.33 12.0 7.13 9.1 3.81 4.51 8.53 10.85 5.43 7.49 11.29 8.15 14.66 13.12 13.03 7.5 3.6 6.82 10.73 8.3 7.41 22.08 11.23 15.35 7.81 4.77 11.38 10.5 11.95 21.91 13.84 14.45 6.03 9.79 13.64 7.65 5.69 6.93 6.19 4.54 4.65 7.27 11.0 7.07 10.01 5.22 5.23 2.6 5.7 2.68 2.6
10.05 16.45 17.98 15.09 7.18 13.75 9.74 6.51 3.73 9.88 4.63 3.29 4.48 7.87 15.17 6.36 6.77 4.2 6.2 8.43 8.4 4.41 10.34 16.02 15.11 17.55 18.0 10.11 6.22 3.62 4.89 8.59 5.54 6.22 9.27 10.86 6.2 4.21 4.99 12.4 15.38 12.84 12.34 11.85 6.43 5.89 5.71 6.58 6.33 11.39 9.59 6.9 5.44 6.18 10.31 7.52 6.24 13.45 7.4 3.43 4.9 5.26 5.04 3.07
18.1 20.34 13.44 15.85 9.01 7.44 5.54 6.02 8.45 10.42 4.89 2.99 4.03 15.18 17.95 7.03 3.59 5.1 8.08 5.9 7.48 6.07 6.28 12.69 24.58 18.93 10.52 7.06 4.61 4.27 4.11 14.49 12.06 4.12 7.22 5.42 6.1 5.19 10.13 13.24 15.49 13.54 8.63 13.57 13.11 6.54 4.78 4.09 7.0 7.26 9.25 15.55 10.9 4.58 6.08 5.71 7.66 9.95 8.61 4.41 4.71 7.89 4.38 4.45
17.5 6.97 5.73 7.73 4.93 4.29 3.43 6.3 9.14 6.75 4.81 1.79 2.71 11.94 10.73 6.83 7.25 12.36 10.79 6.61 5.67 4.71 6.26 10.89 15.29 5.73 6.51 7.31 3.4 3.37 8.53 12.21 4.66 4.28 6.01 10.31 10.58 6.64 14.92 14.74 14.97 9.74 6.28 9.08 9.97 4.74 6.09 8.49 6.57 5.87 16.25 14.2 14.93 7.91 9.51 10.0 7.53 10.07 6.79 6.31 10.52 15.29 5.07 4.96
14.33 7.84 4.0 4.76 2.3 6.63 4.74 5.47 11.55 6.53 5.77 4.37 3.06 7.12 5.17 5.59 8.76 8.38 11.56 12.56 7.51 4.95 3.73 4.01 12.73 4.79 6.26 6.5 5.4 6.43 5.75 7.61 5.95 6.7 7.93 13.89 19.94 13.94 10.29 15.65 13.47 12.44 5.76 5.15 6.54 10.3 8.73 7.06 6.85 6.74 10.03 8.58 9.28 8.89 6.75 5.57 12.91 7.95 5.27 13.0 19.03 18.94 7.24 7.2
11.92 5.29 3.23 4.49 4.69 4.89 4.41 4.44 13.62 5.85 4.03 6.42 3.36 3.61 6.0 5.08 6.83 13.06 12.94 11.79 14.16 4.88 3.29 1.84 10.53 8.13 5.67 9.04 10.63 8.4 10.56 9.46 2.98 3.05 5.04 12.4 9.35 10.39 17.35 15.2 19.53 13.33 4.97 6.15 9.19 10.85 12.15 19.19 17.89 19.16 14.58 10.77 5.4 9.3 10.56 6.73 7.52 5.62 9.7 9.17 22.97 22.77 12.8 9.02
12.88 4.23 4.29 6.01 9.42 4.64 4.87 4.89 11.91 7.75 7.82 4.53 3.0 4.64 6.45 5.65 3.72 8.77 10.37 5.08 12.49 4.77 2.46 4.38 5.09 6.05 11.0 12.13 8.66 24.05 7.65 6.2 2.63 2.4 3.46 2.74 4.86 8.17 11.83 11.82 30.03 11.69 4.13 4.22 9.0 10.74 12.64 12.98 11.08 18.48 17.16 5.21 7.16 7.59 11.28 5.06 7.3 12.15 21.01 9.58 11.55 19.02 8.42 12.89
6.68 2.39 4.54 3.08 8.54 7.56 6.4 7.06 6.24 8.12 3.79 5.1 3.2 10.28 8.81 8.74 5.94 7.31 10.17 6.79 7.29 5.78 2.77 3.88 4.58 5.0 8.28 12.84 6.77 17.8 7.94 5.78 4.7 2.09 2.91 3.72 3.18 5.5 14.48 8.07 32.27 13.68 7.74 7.12 4.27 9.16 10.82 9.71 11.8 17.42 19.49 12.74 14.63 9.16 4.76 4.27 7.97 8.3 25.34 10.85 9.04 14.58 5.03 4.09
5.08 5.25 4.7 2.98 5.74 10.36 7.83 12.95 4.98 4.4 4.17 3.45 2.06 9.27 13.2 16.7 6.94 7.98 9.54 5.98 11.18 13.56 8.3 4.29 7.66 7.29 9.47 11.34 3.73 5.49 14.6 18.68 7.98 2.54 5.89 4.28 4.07 7.85 12.95 12.84 23.47 28.58 13.64 11.73 4.42 5.35 5.6 11.57 10.61 13.5 13.74 20.43 13.02 8.06 11.09 3.98 5.85 9.75 14.45 9.97 8.75 15.34 6.41 1.94
3.43 6.48 5.44 2.38 8.35 18.21 13.9 12.49 7.97 5.3 8.26 2.9 2.07 5.18 6.92 13.76 19.73 7.04 10.75 6.82 11.02 12.17 8.2 4.0 5.75 10.9 10.93 7.26 4.74 8.75 10.73 12.13 4.38 4.66 2.65 2.57 4.33 8.65 11.74 14.69 41.69 24.64 22.9 16.21 10.81 11.52 6.63 9.17 13.81 8.7 12.07 10.49 6.87 6.08 3.16 2.22 2.88 7.72 9.0 7.07 12.35 14.46 17.83 7.97
6.02 6.95 3.67 4.58 13.51 16.52 15.6 6.57 11.73 9.25 9.12 3.64 3.24 2.96 4.95 13.05 15.12 5.7 7.28 7.13 4.23 7.06 6.77 4.72 4.13 6.58 9.21 9.48 7.18 10.67 4.7 9.06 3.27 2.84 4.5 5.17 4.77 5.87 5.88 10.67 19.62 16.88 26.31 14.65 18.18 15.46 16.46 11.12 12.43 4.42 4.82 9.78 9.75 4.18 2.31 1.95 6.03 6.42 9.97 12.86 7.71 10.78 21.59 15.97
6.68 10.36 7.13 4.7 9.18 11.84 17.82 12.63 8.97 14.95 7.82 10.36 3.91 4.58 8.89 14.3 8.19 10.8 6.9 4.62 3.79 4.5 5.24 6.18 5.57 4.63 9.09 13.59 10.45 9.22 8.45 8.59 5.31 3.76 8.44 8.75 7.6 8.19 9.56 8.75 16.81 25.13 23.05 8.4 15.81 11.62 11.12 8.98 10.61 3.42 4.41 7.91 11.71 5.06 2.38 3.79 5.9 14.24 15.84 8.8 9.46 11.81 8.03 10.73
10.5 18.78 8.07 3.75 2.79 9.65 8.31 5.96 3.19 7.83 9.78 6.85 6.12 4.57 7.02 6.9 3.46 10.92 8.29 5.38 5.42 5.94 4.31 4.82 5.93 4.18 12.74 7.46 9.56 9.38 10.57 11.9 11.81 4.57 11.46 7.84 8.42 14.93 11.57 12.81 18.27 22.13 20.22 9.09 13.67 9.93 5.63 8.54 8.83 5.16 5.94 9.3 10.54 8.88 4.39 6.92 5.69 12.06 13.12 9.37 6.18 7.64 6.52 3.61
16.83 15.73 6.04 9.18 3.81 5.08 9.61 4.39 10.46 7.6 3.91 4.7 3.49 3.36 4.17 4.22 4.91 7.06 8.06 7.66 6.6 5.16 4.64 5.91 5.47 6.01 10.53 13.43 11.01 8.51 11.41 12.86 8.06 13.45 6.79 13.72 7.05 16.51 16.81 16.04 29.08 34.37 16.26 10.26 10.43 11.29 11.87 5.81 16.18 5.54 4.31 5.02 15.71 10.23 3.51 5.68 6.04 6.55 12.84 13.26 7.61 7.82 4.71 3.25
11.37 10.92 9.13 7.06 5.05 4.39 7.44 6.98 8.92 7.67 4.11 4.55 6.68 5.57 2.3 3.1 3.51 7.78 6.1 7.4 3.33 3.1 3.65 11.75 12.56 6.12 9.33 7.65 9.55 8.95 10.48 34.44 16.65 16.07 8.47 16.45 24.07 10.88 10.8 12.23 19.46 24.68 29.25 13.96 26.31 16.45 19.73 10.07 12.05 7.06 4.93 5.49 5.98 3.92 3.3 4.94 5.16 7.32 15.98 15.58 5.47 5.57 3.87 4.24
23.81 12.6 16.1 10.16 4.31 4.83 5.94 6.56 6.38 3.76 6.84 9.42 4.81 8.18 1.51 2.94 3.34 4.13 5.97 6.13 1.59 2.48 5.71 4.9 9.18 2.81 5.05 5.73 11.65 9.16 14.68 21.67 31.15 11.6 13.09 20.38 17.96 12.51 16.39 13.19 19.84 22.49 24.38 25.31 11.63 14.31 9.64 13.27 5.0 6.05 12.19 13.2 5.59 5.8 6.12 6.83 10.35 6.26 13.28 18.22 6.36 4.51 3.21 3.17
17.02 13.5 9.0 12.2 5.43 3.55 5.47 5.49 7.04 5.93 4.68 9.55 4.98 5.62 4.15 2.78 6.1 6.86 4.58 7.53 3.69 3.18 5.12 4.41 4.56 5.19 5.69 6.81 7.58 6.86 20.48 21.6 20.2 15.44 6.52 11.99 14.33 17.88 24.98 18.88 19.84 29.23 26.54 17.21 12.46 13.34 6.86 3.79 4.84 7.93 5.62 7.54 9.89 8.19 8.45 8.04 14.88 9.58 8.38 8.79 4.33 3.54 5.94 3.7
7.77 6.93 10.3 9.44 3.98 7.9 6.49 6.42 4.72 2.27 3.85 2.81 3.49 5.83 5.91 4.39 5.39 7.33 5.67 6.91 4.53 4.27 4.43 6.28 4.14 5.39 9.5 10.54 9.73 9.34 13.99 18.36 28.41 8.94 5.78 7.25 12.63 15.72 25.64 24.66 21.07 31.88 17.68 16.64 19.98 16.1 7.63 2.73 8.38 4.38 6.99 10.6 14.28 8.95 8.48 7.69 5.11 3.67 7.33 4.31 4.76 4.8 4.71 13.52
10.99 8.26 8.93 17.15 9.33 5.16 8.59 6.81 4.76 2.54 2.58 4.17 9.36 8.14 8.52 4.96 2.53 5.24 5.42 3.68 5.25 8.29 5.35 7.95 5.0 7.29 7.57 10.3 10.74 9.6 16.69 9.2 15.02 7.47 7.97 9.89 7.52 17.96 16.3 11.36 15.07 18.42 17.16 15.85 20.57 16.18 13.9 5.97 5.38 5.65 12.18 16.01 17.58 17.96 7.05 5.77 5.48 6.31 5.19 5.47 7.52 10.01 11.87 8.33
20.29 9.98 7.82 8.77 5.82 5.02 4.79 5.49 2.83 3.89 6.23 6.02 8.27 7.97 4.67 4.78 3.03 5.45 4.63 2.96 3.43 9.2 2.71 5.94 3.85 6.46 12.19 18.41 11.87 12.2 26.31 5.75 14.22 7.28 4.71 6.07 16.88 10.31 11.01 8.01 10.07 18.45 11.85 12.2 5.99 8.23 10.17 7.37 4.67 10.94 22.5 19.38 16.85 20.73 6.58 11.98 5.28 4.16 9.94 7.9 7.18 9.5 16.36 12.03
22.68 18.56 7.1 7.42 4.33 5.05 3.69 8.33 3.19 6.24 16.26 15.05 16.72 7.1 6.67 9.9 8.76 1.92 3.66 3.42 4.58 4.28 4.61 4.21 5.09 7.86 16.61 14.49 12.72 16.25 25.04 7.01 12.66 4.43 6.5 13.84 12.08 12.91 10.92 15.52 11.36 18.63 13.27 11.0 5.73 6.99 6.68 7.92 5.89 9.26 20.49 19.42 19.05 24.74 15.86 11.73 10.96 7.35 7.6 13.18 7.54 8.61 15.31 9.86
15.03 6.86 4.68 4.5 3.92 5.62 2.56 5.18 5.86 6.74 25.61 16.29 19.18 6.59 14.61 5.87 5.75 2.41 3.05 3.13 3.48 6.69 4.47 8.6 7.79 15.63 9.74 10.85 20.94 16.9 16.92 15.8 6.83 4.11 4.96 9.12 7.22 14.28 14.79 20.06 14.98 10.94 7.6 9.15 8.19 6.34 5.4 5.19 7.44 11.24 20.1 10.5 15.67 12.55 13.0 5.84 7.71 13.85 11.97 8.03 7.64 13.71 30.9 17.58
13.15 7.67 7.67 4.72 3.64 3.72 3.01 4.3 2.82 8.36 21.53 22.57 8.5 7.42 9.92 3.89 2.62 4.58 2.07 4.73 2.81 4.45 6.0 19.84 9.68 9.4 6.17 8.77 17.45 16.72 10.08 7.29 9.57 7.51 8.44 8.27 9.0 15.17 9.61 13.02 20.32 6.47 7.93 4.59 7.29 4.16 6.82 9.33 13.85 10.87 8.8 14.35 11.22 4.42 4.83 6.71 4.72 10.79 10.62 6.1 4.69 6.33 15.44 12.65
15.77 13.47 7.58 3.49 4.77 7.36 4.45 10.49 3.65 6.29 12.71 7.71 15.76 5.89 4.19 6.26 7.92 6.24 6.48 7.42 6.12 6.62 8.29 10.97 8.52 7.97 10.72 5.7 11.02 14.3 11.38 11.46 10.25 9.8 18.52 12.89 7.73 15.63 14.4 12.29 10.88 9.2 13.4 6.2 6.9 3.96 3.76 11.05 11.01 12.97 6.39 10.22 6.27 5.32 3.16 5.36 7.48 11.46 7.8 4.43 5.37 4.47 6.88 10.52
13.57 13.04 7.07 2.43 5.03 4.19 4.41 5.49 3.63 8.1 6.81 9.46 7.17 3.42 5.02 5.59 6.4 8.95 12.2 6.82 6.14 6.1 4.06 3.56 11.83 9.98 3.19 3.67 5.29 8.35 17.01 16.92 9.08 15.12 20.9 14.62 6.98 15.85 10.11 14.33 12.21 16.97 17.27 7.7 7.04 5.43 2.44 12.64 11.86 8.81 9.33 4.9 4.17 4.92 6.95 6.4 12.53 7.54 13.87 4.78 4.62 3.12 6.82 6.0
13.63 10.18 4.95 4.44 5.05 3.0 2.85 9.47 5.58 8.31 6.78 9.32 6.82 3.24 3.17 5.78 5.04 6.32 15.28 14.61 10.07 4.27 2.63 4.62 6.44 10.37 5.08 5.24 6.5 8.29 19.3 12.55 8.75 16.94 16.06 6.96 8.15 8.99 17.78 25.57 16.17 23.39 9.04 4.35 6.29 3.01 3.89 6.76 9.91 10.53 9.62 6.69 6.15 8.76 12.91 5.59 9.39 12.05 20.93 9.49 7.93 6.03 5.85 11.51
9.24 9.26 5.18 5.1 5.66 2.72 5.0 3.5 6.93 8.46 6.03 9.54 11.25 4.74 3.02 3.13 4.13 5.32 21.24 9.5 4.89 3.66 3.12 6.54 6.32 11.27 9.22 6.26 9.72 15.4 9.48 8.63 5.88 6.04 11.75 4.42 8.08 13.95 18.04 17.51 11.21 14.35 12.37 3.84 4.06 5.85 3.35 4.5 7.5 12.18 15.82 5.47 5.95 8.79 7.46 6.14 6.26 7.56 9.96 9.57 5.77 7.99 6.66 6.25
