12.78 13.71 12.98 15.33 20.97 8.41 10.47 9.74 10.07 4.76 7.25 4.87 9.18 4.36 6.04 12.61 19.21 16.61 4.85 6.34 5.08 5.55 7.29 5.85 5.48 6.73 9.62 6.66 8.1 5.47 7.84 7.93 11.46 7.84 4.44 4.39 8.23 6.18 14.93 5.86 6.68 2.43 2.45 2.98 6.61 7.44 4.85 9.59 8.05 7.18 7.71 7.88 7.48 8.55 10.53 6.71 3.45 5.78 4.43 4.05 3.55 3.75 15.98 9.28
21.65 9.64 7.84 13.32 9.7 7.61 5.65 7.35 8.19 6.85 7.51 3.84 5.02 4.31 6.33 10.82 18.07 16.32 8.46 5.38 5.77 5.63 3.88 6.54 3.81 5.63 7.85 12.26 13.6 11.3 6.42 7.7 7.85 4.68 4.12 6.12 7.48 7.77 4.9 7.89 3.08 2.33 1.8 5.14 5.79 9.67 12.42 5.15 3.98 11.79 6.19 4.56 4.79 7.58 3.59 3.2 3.97 5.03 3.87 3.05 4.14 5.45 8.98 12.17
4.55 7.81 20.85 14.33 11.71 6.6 9.44 8.98 11.7 5.77 7.35 6.32 2.9 6.43 7.23 13.44 15.65 24.91 6.89 6.56 4.52 6.79 5.75 7.25 4.7 9.67 11.53 14.59 18.88 9.93 10.04 11.19 9.99 3.77 6.8 8.71 7.94 4.27 8.34 8.13 10.01 3.47 3.23 3.9 3.53 9.02 11.4 9.04 4.65 6.83 7.23 4.03 6.42 11.22 5.56 3.38 4.45 3.63 1.19 1.51 2.78 2.15 10.8 8.13
7.18 4.84 6.7 10.43 10.06 7.47 5.46 12.07 6.49 10.47 10.13 6.57 8.89 9.25 9.81 8.82 11.18 15.04 12.1 8.75 8.04 10.53 9.73 9.95 12.14 9.79 21.61 26.35 17.09 9.19 19.84 13.45 6.76 6.26 3.13 4.98 6.52 6.53 10.76 7.68 10.35 2.79 4.66 3.66 5.68 5.93 5.03 12.47 7.26 4.24 3.91 5.42 6.81 5.96 4.63 3.47 4.06 3.71 2.36 3.05 2.87 3.68 3.73 10.2
10.86 8.79 8.98 17.82 19.11 7.87 9.8 5.16 9.52 9.43 14.24 6.77 14.96 13.61 13.46 14.51 20.7 17.54 8.22 7.5 10.03 5.76 11.18 11.14 10.69 15.91 16.54 20.39 12.74 11.33 31.45 7.43 14.67 5.45 6.7 4.89 7.73 10.38 8.47 11.42 4.83 5.6 4.62 5.82 8.39 7.46 10.47 10.88 8.6 7.47 2.45 5.97 6.4 5.64 4.47 2.83 1.97 2.97 4.47 1.53 5.33 5.04 6.73 10.27
5.99 5.49 8.03 12.36 9.16 12.1 8.13 12.13 8.96 11.35 7.28 10.88 14.13 27.27 15.98 23.14 22.48 19.85 9.75 17.09 15.56 8.03 7.06 6.1 11.22 28.78 23.15 22.27 13.41 28.46 23.3 23.21 9.5 11.02 8.49 15.34 6.59 9.29 7.6 9.8 12.3 5.93 7.31 10.26 5.58 9.81 11.34 10.24 6.6 13.2 12.28 5.64 5.49 3.75 5.19 2.36 2.93 3.18 2.22 5.77 5.81 4.47 6.29 8.45
5.07 4.24 7.47 15.67 13.09 9.5 10.72 10.06 7.09 8.59 9.69 6.38 12.96 11.51 9.17 11.99 18.88 19.59 11.88 33.55 13.25 10.61 9.0 5.12 7.11 18.33 13.76 14.98 12.94 20.41 33.44 30.85 33.3 13.45 18.31 21.4 18.91 10.0 7.31 7.27 7.98 11.32 17.69 11.54 10.32 9.16 16.19 26.39 12.28 12.09 9.92 7.39 4.84 6.11 5.71 8.27 8.78 1.74 2.51 6.93 8.28 2.86 5.58 6.41
6.0 5.1 3.7 15.13 11.21 10.74 12.55 8.82 7.14 7.81 5.13 6.32 7.04 4.62 8.07 14.49 9.07 10.0 12.07 21.56 25.68 6.81 7.46 3.57 11.88 18.91 20.58 18.79 9.71 17.98 30.0 22.93 18.72 24.21 13.99 19.49 14.39 17.21 14.06 15.09 8.64 18.44 9.1 8.62 9.05 7.56 17.24 16.2 15.44 12.03 7.9 6.08 8.8 9.28 12.13 10.3 7.06 4.0 3.97 10.57 7.91 9.76 7.23 13.78
7.81 3.59 4.85 5.75 14.07 10.64 11.0 13.86 15.45 10.78 9.74 11.46 10.86 4.91 7.17 3.69 5.8 4.02 8.69 20.92 13.81 10.6 6.51 7.01 7.1 6.47 8.81 10.59 18.76 25.25 27.05 14.27 13.17 17.6 10.14 12.99 13.57 16.15 21.11 10.22 12.43 13.5 20.01 12.33 9.54 11.23 14.84 8.63 9.33 11.4 6.02 10.17 9.1 7.42 18.8 6.21 7.25 3.67 4.93 5.7 5.17 7.48 13.87 12.67
4.2 5.25 3.49 6.57 6.6 4.29 8.64 16.87 10.7 12.2 11.72 9.74 8.33 10.14 8.65 16.11 5.74 5.99 10.98 9.12 15.65 15.49 14.89 4.86 8.84 10.08 5.4 18.66 16.91 13.25 6.79 14.14 15.4 18.48 26.51 16.99 13.71 14.56 9.77 12.96 6.72 10.26 11.56 7.88 9.94 9.92 18.94 11.31 15.47 5.85 4.45 7.99 10.06 7.55 9.49 14.81 6.68 5.27 5.8 9.46 6.16 14.03 8.21 17.3
5.43 4.86 2.47 6.82 5.1 3.79 4.92 8.93 7.07 5.22 18.02 18.75 9.81 6.49 11.81 8.32 6.33 11.95 8.08 9.15 13.01 16.73 16.91 6.01 9.91 12.37 10.59 13.01 15.72 10.03 7.81 19.3 27.13 17.64 14.73 23.98 12.51 15.72 15.37 7.58 4.86 8.95 7.75 5.32 13.17 8.59 9.41 17.72 11.86 15.0 7.04 8.89 5.58 4.39 3.37 6.09 7.59 6.7 6.5 7.05 5.99 7.39 9.72 17.04
9.01 8.89 6.82 5.96 6.88 4.74 2.78 13.24 8.56 16.25 11.39 10.81 6.29 4.29 8.18 8.11 15.52 12.94 9.37 7.87 11.91 12.28 16.06 8.69 8.73 10.93 9.41 17.04 9.75 11.0 9.31 15.71 17.79 21.25 11.74 9.18 10.15 11.11 8.09 3.86 5.83 5.96 4.03 4.9 9.13 11.71 21.3 10.92 14.9 7.06 10.71 4.21 4.02 3.44 6.47 11.24 8.73 7.23 5.6 4.03 6.89 7.78 10.24 9.18
7.1 13.17 13.56 5.65 5.4 8.47 6.1 6.81 15.74 7.16 14.29 7.85 7.37 4.4 5.52 9.31 7.19 11.33 12.04 8.52 11.71 7.19 8.27 7.7 17.4 9.72 15.27 13.88 6.67 7.59 9.02 10.77 16.69 13.4 13.99 7.26 13.62 12.1 11.21 6.3 5.33 2.78 3.52 5.48 10.0 6.85 11.67 11.97 12.54 5.28 6.01 6.45 5.69 5.37 6.08 5.22 6.78 7.56 12.22 6.04 3.21 6.36 5.63 5.74
5.42 7.18 6.37 11.52 10.45 5.79 5.61 5.72 7.77 16.01 12.71 14.29 5.13 2.86 17.25 14.89 10.23 8.89 13.2 6.99 7.87 14.24 6.33 9.83 24.03 15.8 11.57 18.46 11.08 10.41 11.86 19.38 7.28 9.29 6.16 8.76 9.28 7.9 5.72 7.56 5.29 2.78 4.08 4.92 5.42 2.63 5.54 11.24 5.63 7.63 3.78 4.02 6.39 8.5 7.41 9.48 9.38 14.47 11.83 13.63 5.17 6.93 4.55 6.98
5.13 6.54 8.38 9.74 9.2 8.34 7.18 5.99 10.52 10.36 6.67 6.4 3.19 4.93 5.98 6.58 9.9 8.78 5.28 8.64 4.78 9.57 6.64 6.39 10.13 24.84 15.11 14.2 10.1 13.96 8.12 12.58 9.45 6.9 8.25 7.75 7.69 8.65 8.17 8.95 4.1 2.84 1.66 2.96 2.61 3.47 4.24 3.03 6.19 6.15 4.15 2.76 3.47 5.12 4.05 3.23 4.94 6.25 12.33 11.23 9.19 4.86 4.28 7.64
4.91 12.47 10.13 6.98 7.11 13.12 8.33 3.25 8.75 13.16 8.97 5.78 7.26 9.83 9.27 14.0 11.76 7.06 4.92 6.47 8.18 6.79 8.91 4.37 5.5 10.18 10.31 12.78 5.02 9.65 6.15 5.06 5.77 5.59 7.21 6.95 4.95 5.11 6.63 3.84 3.76 3.04 2.89 1.78 3.37 2.27 3.92 4.93 8.49 7.33 9.14 4.56 2.5 5.21 3.12 2.59 6.2 3.44 4.0 9.19 5.67 6.51 8.61 10.95
8.53 4.87 11.01 4.1 7.68 7.46 12.02 6.92 12.32 9.07 7.02 4.09 4.97 7.8 13.51 21.32 16.64 9.63 7.48 12.77 10.06 9.95 4.68 3.45 3.81 6.54 17.06 14.46 8.31 4.99 5.42 3.84 6.45 4.1 4.61 3.93 4.38 2.84 5.42 4.11 3.86 1.86 2.39 2.84 1.32 2.71 6.44 7.74 5.49 4.27 6.25 6.98 6.01 6.46 2.36 2.53 2.62 2.03 4.65 10.85 7.0 8.61 10.83 5.95
8.05 3.98 3.64 10.39 4.58 10.87 10.5 6.61 11.01 14.77 9.68 9.19 12.08 7.68 9.41 15.49 15.13 13.79 9.04 8.77 11.64 19.13 11.2 5.92 7.35 9.01 9.16 11.96 6.36 6.63 4.52 7.83 6.56 9.05 5.25 3.77 5.11 3.71 4.68 3.9 2.89 2.2 3.23 4.26 1.9 2.6 4.35 3.99 4.82 8.8 10.69 7.71 5.01 6.14 3.58 5.47 4.97 6.91 5.63 11.38 15.32 15.97 18.0 24.99
6.45 6.39 10.13 4.36 6.38 5.27 8.14 6.52 9.74 12.39 8.94 11.61 9.04 19.93 11.65 13.09 19.38 11.94 4.88 8.12 8.33 11.35 14.84 15.22 6.76 6.88 8.27 12.37 12.73 8.54 12.98 5.03 12.35 7.74 5.51 3.49 5.0 10.38 9.61 7.29 3.67 2.92 5.24 3.63 2.06 5.49 3.94 3.11 4.88 9.14 5.0 5.47 3.1 4.49 5.94 4.83 7.26 4.94 7.63 14.55 20.47 9.41 13.51 20.98
4.3 7.47 9.08 7.31 12.5 7.94 8.75 11.13 10.76 14.19 23.19 18.36 13.16 15.89 14.75 16.77 18.11 7.38 5.86 16.21 11.81 8.03 11.62 13.14 9.94 6.09 9.95 8.89 4.93 10.07 6.91 7.28 5.98 3.01 3.81 3.55 7.24 8.48 17.21 8.47 7.64 5.87 6.52 7.9 5.91 8.72 5.16 5.81 6.82 10.21 11.48 7.1 4.62 5.33 5.55 12.39 8.25 6.67 8.32 17.07 4.27 10.03 15.87 7.36
4.94 6.14 8.08 6.45 6.88 10.34 9.1 7.9 13.92 17.85 17.64 9.81 9.05 9.76 24.89 29.29 10.25 8.39 7.33 14.1 13.04 13.32 15.9 27.74 18.32 9.97 10.64 6.47 8.04 4.9 8.18 3.77 5.74 4.06 5.87 3.61 8.21 11.72 12.23 8.58 4.97 7.04 7.35 6.96 9.83 3.48 3.55 6.81 8.79 10.19 6.89 6.91 5.71 7.3 20.28 10.63 11.55 5.82 31.97 8.01 12.44 6.9 6.23 5.46
5.6 5.09 6.47 7.0 5.95 11.74 19.48 10.52 11.62 18.54 20.91 25.54 7.93 15.58 14.97 16.1 14.75 8.59 9.16 7.04 13.07 10.32 11.88 14.23 17.34 11.42 10.16 15.4 5.29 4.75 7.19 5.67 4.42 4.37 5.46 3.02 6.96 17.78 15.22 8.27 7.02 8.0 3.82 5.93 3.46 2.71 2.63 3.84 10.04 9.52 8.62 7.29 7.04 8.62 10.67 11.38 6.61 13.5 16.03 25.81 11.45 7.99 12.46 9.16
3.7 2.98 11.22 6.55 5.88 6.53 11.07 22.23 13.66 9.88 20.22 11.76 14.59 14.08 13.41 8.72 6.51 7.64 4.19 14.43 8.69 16.78 9.69 21.84 22.59 8.35 15.56 7.73 3.64 2.27 3.82 5.26 3.44 5.01 5.92 5.91 12.35 13.33 9.17 7.79 8.35 4.86 5.08 4.07 1.73 5.1 1.56 4.26 6.0 5.86 6.56 8.1 8.6 6.48 9.57 13.2 8.06 6.9 14.26 13.78 8.63 7.53 8.55 8.52
5.09 11.62 13.64 10.84 9.47 7.57 9.79 9.93 11.78 9.43 7.81 20.05 13.57 19.67 19.17 17.66 8.26 6.56 15.02 11.85 12.16 10.15 7.19 14.06 10.22 18.12 11.01 17.71 4.75 3.52 5.04 3.46 2.67 3.16 2.9 4.91 9.67 15.65 8.24 8.57 6.17 4.88 2.6 2.67 4.57 2.89 5.74 6.49 5.72 5.74 12.54 19.15 9.16 9.29 6.86 7.54 10.74 5.42 15.43 11.79 9.17 9.13 5.68 5.11
11.97 12.25 17.88 10.1 7.12 9.68 6.94 7.89 9.42 5.76 7.09 13.95 11.46 14.92 21.37 21.0 17.47 7.17 8.14 14.05 10.22 9.94 11.45 7.98 11.64 15.74 21.96 8.43 11.98 5.43 5.72 4.43 4.66 2.77 4.53 5.45 8.09 7.95 6.06 3.22 6.98 3.35 2.91 3.62 2.59 2.9 2.9 3.58 5.13 5.53 9.23 6.71 10.44 7.43 11.61 10.49 6.92 6.9 12.3 10.47 8.09 15.47 17.59 9.18
19.12 10.47 12.5 8.4 12.26 11.36 12.52 7.9 5.33 3.17 4.84 9.89 9.72 11.42 24.05 19.11 12.91 6.42 8.05 8.58 8.7 15.71 9.1 10.13 12.72 18.77 8.74 10.25 10.53 11.69 5.05 7.52 6.52 2.32 3.79 6.39 7.53 9.58 7.0 6.52 4.85 5.98 4.13 1.8 2.83 4.74 3.04 3.71 2.99 2.59 3.15 9.51 6.06 11.62 8.01 9.36 10.57 11.31 7.9 9.92 8.42 11.6 12.6 9.89
12.0 18.69 9.42 11.01 7.63 4.74 6.85 4.45 3.71 2.11 5.85 12.17 7.36 12.19 20.97 15.12 7.43 8.49 9.28 6.84 8.34 19.81 14.08 9.55 15.58 10.89 8.79 15.05 10.55 10.42 8.56 6.86 4.74 2.17 3.81 4.71 7.79 8.76 7.95 10.48 5.01 2.65 2.58 1.79 2.4 4.85 3.71 3.73 5.77 4.13 3.28 6.46 9.84 8.12 7.78 9.53 7.51 6.25 6.36 7.09 5.59 10.68 9.89 8.88
19.68 10.46 7.52 6.2 4.34 9.91 7.3 6.54 4.34 6.91 5.0 9.22 8.29 3.36 13.03 10.04 9.05 7.21 9.17 8.24 14.35 29.42 16.56 16.17 8.53 7.3 13.87 15.56 14.02 5.71 6.17 5.35 3.75 3.27 2.32 4.68 8.1 8.65 9.83 8.4 12.16 3.5 3.41 4.81 5.12 4.86 4.61 6.16 4.46 3.47 3.81 7.11 13.83 18.76 8.79 17.14 8.8 6.84 8.34 6.25 4.59 7.32 6.28 6.12
14.01 9.47 8.63 4.64 7.9 4.12 4.62 3.58 12.07 9.04 9.72 6.07 5.31 10.08 8.67 9.02 15.84 9.19 11.83 19.88 30.75 23.98 32.21 16.59 9.48 8.72 7.06 8.36 12.98 5.58 4.36 3.53 5.73 4.77 4.46 2.91 7.68 8.8 7.02 13.18 11.79 4.73 3.84 5.1 2.84 3.12 7.23 5.96 9.76 5.79 5.72 8.33 11.27 9.79 13.93 11.45 13.36 12.51 8.18 8.32 13.74 11.94 10.58 13.41
5.76 16.82 6.57 9.53 6.49 4.06 4.24 6.82 8.38 8.51 12.79 7.46 5.22 16.31 14.56 7.8 12.86 13.22 17.14 14.6 21.25 31.28 10.58 15.21 5.85 9.21 7.47 6.89 5.5 6.3 4.01 7.4 7.76 5.66 4.5 6.34 3.6 4.92 14.5 11.58 7.93 4.3 6.57 3.12 6.09 5.02 8.25 19.33 12.48 9.43 7.85 8.69 7.9 16.52 8.59 7.38 15.06 7.68 8.99 15.6 8.29 10.13 10.94 12.82
6.93 4.3 6.04 8.77 4.61 3.46 4.08 4.24 4.77 14.22 9.54 11.16 9.62 8.2 12.28 8.57 5.25 10.4 16.76 14.39 31.18 39.5 21.59 12.94 9.52 6.05 11.49 11.23 10.8 4.84 11.69 17.78 8.88 4.42 3.39 3.4 5.44 6.66 10.58 15.23 6.08 6.64 9.81 6.75 5.44 5.82 8.83 10.19 18.68 11.68 11.71 15.86 18.77 16.13 10.82 26.96 9.22 17.39 21.96 12.45 17.89 6.77 6.58 17.25
8.58 10.13 13.81 10.68 4.29 2.67 2.15 2.03 8.31 11.28 13.38 18.09 20.3 11.28 8.75 5.79 7.78 10.44 10.39 17.75 35.16 25.7 33.67 17.63 6.86 11.06 6.39 14.32 5.11 6.53 9.2 12.01 9.47 11.38 8.77 5.59 9.47 14.33 6.47 6.63 9.6 5.19 7.33 10.57 9.76 14.41 22.52 16.09 8.48 10.58 11.48 12.17 10.75 21.69 24.08 22.09 13.33 24.38 20.69 17.39 10.65 7.58 8.47 13.85
3.61 3.69 4.24 3.56 5.11 3.29 2.97 4.64 4.65 10.63 27.91 13.64 19.81 37.32 10.56 5.58 9.72 8.1 10.43 23.69 19.89 22.65 20.81 27.33 11.7 10.8 12.82 6.59 11.63 12.89 11.46 5.6 3.79 7.85 7.58 5.24 6.65 7.5 5.5 7.67 6.27 3.21 10.41 12.85 13.2 16.37 14.42 9.79 8.45 10.49 24.32 12.08 10.34 19.29 22.92 13.39 16.18 19.8 31.09 22.07 14.83 7.95 15.8 14.18
2.62 4.28 2.79 4.24 3.04 4.19 2.12 3.77 3.82 10.39 15.87 23.03 12.23 16.74 16.91 5.66 4.69 7.17 9.34 10.23 26.57 26.8 23.15 32.81 13.86 11.28 14.71 8.79 9.71 16.71 11.4 11.9 6.5 4.75 4.87 9.12 7.36 2.73 5.11 4.07 4.93 4.04 6.02 5.19 11.39 13.05 13.86 15.38 7.09 7.82 13.51 10.87 12.86 23.81 7.95 18.5 15.61 28.5 18.9 17.24 11.84 9.55 7.52 16.76
3.48 2.89 2.48 5.03 7.74 8.6 4.91 2.72 5.54 3.29 4.03 8.72 8.69 13.19 12.15 6.11 4.22 4.01 8.34 15.05 32.28 16.46 14.93 11.69 5.61 11.46 24.81 16.9 24.26 16.32 19.4 7.86 8.63 7.13 8.1 9.62 7.73 7.82 1.7 4.1 3.68 3.79 2.73 2.77 4.05 15.93 18.13 11.32 7.01 11.74 9.88 12.1 10.31 11.64 11.2 12.93 14.35 21.36 17.29 7.42 7.36 12.21 11.3 18.76
3.32 3.51 4.77 5.33 7.72 12.76 7.65 4.21 6.88 6.07 3.53 5.77 10.87 7.02 5.26 5.63 5.46 3.1 7.67 7.12 8.66 12.1 11.41 7.02 6.35 10.4 21.42 25.98 16.47 17.58 13.27 12.0 8.3 13.2 7.04 4.34 4.87 5.54 3.72 3.19 5.66 5.47 6.21 2.82 3.87 12.38 15.36 13.82 6.84 2.66 6.64 7.64 5.45 11.56 12.6 6.56 6.74 11.61 11.04 10.41 12.54 18.65 31.21 8.67
1.65 2.76 3.08 7.17 9.2 18.66 8.8 16.68 12.83 7.63 10.4 4.79 5.61 6.88 8.59 9.28 4.8 6.81 10.94 7.04 14.0 12.24 13.74 6.62 7.93 9.35 19.73 13.58 12.02 5.07 5.92 9.07 7.5 4.93 4.62 4.94 6.72 4.05 4.14 4.21 4.54 4.51 6.14 4.71 6.8 8.43 10.54 8.68 5.91 2.43 2.93 2.84 5.78 9.5 6.68 10.49 11.83 12.48 13.24 12.38 17.1 18.82 15.78 7.85
4.68 3.74 3.38 5.52 5.54 6.67 6.35 11.36 9.01 7.26 7.92 7.02 3.29 5.57 20.0 11.22 5.78 4.6 6.7 5.09 9.41 9.27 10.77 15.03 13.7 14.59 14.4 14.01 12.25 8.28 8.12 6.54 6.21 4.29 2.51 6.21 3.56 6.55 3.1 4.44 4.37 7.06 8.63 6.32 8.61 5.89 3.3 5.0 3.64 4.7 3.63 2.68 8.33 7.17 5.2 5.58 6.95 11.22 7.95 8.82 14.72 19.81 14.49 5.68
5.5 6.64 5.98 6.66 6.76 6.31 5.92 11.77 8.71 11.32 11.15 6.28 6.66 6.87 8.25 9.55 7.44 5.03 3.88 5.99 10.43 15.56 17.19 10.13 15.35 21.95 17.88 21.69 11.85 10.96 8.38 8.76 2.79 5.87 6.7 4.19 3.92 4.23 2.68 3.1 9.43 10.13 12.01 11.92 12.56 10.82 4.87 3.76 4.78 4.08 5.7 2.53 5.51 6.0 12.12 9.23 5.18 9.08 7.48 7.18 15.67 9.05 9.67 6.92
7.26 12.44 8.59 5.71 5.11 9.62 6.76 8.27 11.04 10.02 13.46 6.69 7.2 5.42 7.38 7.37 8.17 8.84 7.38 5.11 9.77 15.67 10.1 8.16 7.3 15.71 17.92 10.87 7.06 5.81 5.24 5.03 5.46 3.51 6.62 14.9 7.12 3.42 3.6 2.58 6.05 9.52 13.92 7.87 18.44 5.96 3.66 7.37 4.14 4.24 6.22 6.77 4.14 6.29 5.26 2.63 4.36 3.84 3.37 8.6 9.5 6.95 3.76 9.03
6.44 5.83 7.26 8.77 6.96 3.42 5.0 4.62 7.43 14.28 17.97 10.74 7.98 7.44 8.72 14.22 11.01 8.08 13.26 5.8 6.7 7.7 14.7 7.69 9.17 17.78 10.94 7.16 7.45 3.74 3.23 3.39 4.14 5.67 6.48 12.61 5.62 2.96 1.96 5.26 2.78 6.08 10.66 9.74 10.75 5.35 5.07 3.93 4.81 4.12 5.31 5.59 6.05 4.5 4.54 3.82 2.49 4.21 4.34 7.41 19.15 12.46 6.69 9.32
8.23 4.81 5.12 6.2 5.32 8.75 7.35 11.64 10.6 5.03 6.24 5.77 11.31 5.91 5.56 5.11 6.31 14.53 6.72 8.23 4.34 10.93 5.21 4.41 6.98 13.12 17.76 21.54 9.0 9.07 2.54 4.12 3.19 8.2 11.9 5.76 6.67 4.12 7.98 4.74 4.71 8.23 8.39 10.75 6.75 7.7 4.51 5.15 2.16 4.08 3.49 2.21 3.9 3.32 2.78 2.77 2.21 3.84 9.04 12.92 7.3 5.0 7.93 7.2
8.37 9.72 5.71 6.29 9.95 6.41 7.36 10.59 6.32 6.85 7.51 5.39 8.66 11.65 3.69 4.2 11.16 12.3 5.78 4.33 4.23 4.01 4.29 4.91 8.7 16.69 19.75 15.5 11.92 8.1 6.21 3.38 5.96 6.03 10.19 10.47 5.72 11.13 9.23 6.82 7.99 9.02 13.02 5.56 7.7 8.11 12.11 4.78 3.08 3.25 3.04 3.73 7.41 5.4 2.9 3.83 2.99 3.4 5.73 9.14 4.43 8.6 9.11 9.1
5.55 4.14 7.46 2.57 3.44 4.91 9.51 15.08 11.97 5.12 5.65 4.2 17.63 7.86 6.65 7.17 8.61 8.99 5.65 4.76 5.88 4.44 4.49 4.12 4.63 7.83 20.64 13.99 16.45 17.44 9.06 8.11 6.62 4.78 4.14 9.06 7.78 4.95 8.2 7.71 17.36 20.37 15.22 6.46 6.5 16.19 6.57 10.78 3.49 3.24 3.66 4.35 4.7 5.66 3.82 4.23 2.18 6.25 5.58 5.47 5.35 8.11 7.72 7.23
13.72 4.06 4.77 1.83 2.97 5.02 11.93 12.91 12.5 11.92 10.14 12.48 16.71 5.98 6.73 5.79 8.26 9.39 5.77 7.42 10.93 12.05 9.25 8.02 9.67 10.14 9.56 7.83 7.74 8.76 16.41 6.75 10.09 7.65 5.2 6.32 12.78 7.46 5.71 8.15 9.79 17.94 10.82 7.46 6.92 7.33 7.62 3.78 3.09 4.26 4.39 4.38 9.1 7.39 10.0 5.13 7.27 7.32 6.38 3.89 5.61 3.42 10.01 11.14
4.94 4.91 2.99 2.09 2.37 3.19 10.43 6.55 13.28 10.91 9.1 5.84 10.43 11.98 4.35 9.41 6.67 3.77 5.79 7.82 9.22 29.41 14.71 10.35 12.05 12.84 7.22 13.86 9.37 13.95 10.33 16.09 9.66 8.69 13.55 10.28 11.48 9.08 6.8 4.33 10.62 9.19 11.93 6.43 4.53 5.09 7.08 4.56 3.32 7.75 2.12 3.19 8.27 9.9 4.76 6.97 11.67 15.4 10.69 9.13 2.62 4.66 6.05 9.62
2.36 4.31 6.29 2.58 4.09 3.92 5.25 13.43 11.1 17.73 7.63 6.03 9.66 4.42 4.8 6.36 5.59 5.11 5.08 16.56 10.55 14.99 16.84 14.05 12.54 8.32 13.61 8.94 13.45 9.42 9.95 15.61 8.16 4.16 9.57 12.42 7.64 6.04 7.3 8.46 12.28 14.17 8.51 14.77 13.13 7.22 6.49 6.6 3.92 9.69 6.19 3.71 7.4 5.9 5.62 10.45 11.17 14.93 12.64 5.49 3.58 2.17 8.42 9.99
2.28 5.14 6.7 4.45 4.72 2.43 3.57 4.64 6.6 4.37 2.8 3.63 4.13 3.63 6.4 6.7 4.3 6.01 2.94 5.86 8.83 16.07 25.0 26.35 10.75 8.97 11.24 18.81 10.94 9.94 6.95 3.94 4.95 5.75 8.7 10.75 13.18 5.25 6.62 4.74 5.43 9.55 5.67 14.37 13.61 6.01 6.82 10.55 8.21 7.7 6.31 4.52 4.27 3.43 11.28 10.82 10.93 14.63 9.06 4.5 4.65 3.56 5.26 5.28
5.9 5.01 7.44 6.14 9.26 2.94 3.96 2.5 2.6 2.02 2.41 3.58 5.12 7.16 7.01 5.78 6.21 5.77 6.45 4.33 5.34 11.09 7.51 6.66 6.79 10.33 18.44 16.87 16.22 7.59 12.46 6.12 5.31 7.8 7.74 4.89 5.41 5.52 9.26 6.15 13.65 5.6 6.3 5.78 8.36 8.71 10.87 10.19 7.96 19.92 11.66 9.47 6.34 3.45 6.67 4.8 8.2 16.04 8.59 5.81 6.16 6.5 4.18 6.85
2.64 4.46 7.75 6.71 5.24 4.29 3.25 2.87 1.66 2.07 1.34 2.3 4.44 3.61 3.23 7.92 4.49 6.47 6.71 5.33 4.86 9.54 9.95 9.77 11.11 10.42 11.76 20.34 14.75 10.3 9.24 7.91 3.46 6.2 6.96 6.56 3.76 6.22 9.72 9.08 5.38 10.54 5.0 10.3 7.27 6.67 4.56 7.44 5.18 11.58 9.72 5.45 4.41 8.61 5.93 7.12 6.54 13.71 6.64 6.82 12.01 5.22 5.85 7.94
2.47 5.38 4.7 5.85 4.21 3.51 6.16 4.47 2.62 2.39 1.68 2.23 2.8 3.4 2.46 4.13 5.22 5.43 5.0 6.18 5.14 6.7 12.72 10.67 6.94 10.81 11.52 12.16 7.54 4.69 5.02 4.51 4.65 3.71 4.65 2.36 1.42 3.72 4.95 9.2 11.25 9.37 5.24 6.9 8.57 4.29 6.78 9.65 7.25 12.9 10.77 7.71 8.0 7.89 11.55 9.16 6.96 7.0 9.9 11.59 12.69 6.35 3.05 3.41
1.88 2.43 4.64 4.6 7.3 5.56 5.48 3.68 2.65 2.56 2.32 4.53 4.64 3.58 4.27 3.6 3.9 5.3 5.99 4.2 5.64 5.65 8.88 6.76 8.37 10.64 9.37 9.01 6.89 6.68 7.12 3.86 1.99 2.48 2.43 1.23 1.87 2.01 3.94 5.12 8.52 6.57 5.02 6.23 5.73 4.17 3.45 5.8 8.16 14.3 12.64 9.37 7.06 5.46 11.75 11.87 5.35 6.21 8.05 6.99 13.89 10.93 6.33 7.32
5.42 3.97 3.71 7.16 7.97 6.8 5.8 6.55 4.68 4.59 7.82 4.34 7.58 4.59 6.75 2.73 4.01 3.6 6.2 5.54 9.1 5.97 5.6 3.1 9.92 5.7 9.6 6.93 4.28 5.43 4.07 3.52 1.94 3.09 3.35 2.05 1.6 2.04 4.45 8.19 8.33 6.64 5.14 3.57 2.67 3.66 5.21 2.56 5.71 8.47 6.58 6.38 8.56 8.65 8.27 12.47 10.4 9.08 5.63 15.6 9.76 5.85 9.03 5.22
4.45 6.42 11.11 13.22 6.63 3.31 4.01 2.01 1.78 5.66 6.5 7.72 8.08 11.66 8.39 5.02 3.67 5.75 10.14 11.23 8.28 7.34 2.98 3.61 3.05 6.49 6.61 5.76 3.37 3.72 3.93 6.02 5.65 4.66 4.85 2.59 1.29 3.2 3.98 5.41 3.29 4.62 6.52 3.22 2.68 2.59 2.69 5.02 5.64 14.2 7.97 6.77 10.53 8.16 9.46 7.54 10.39 6.48 7.46 8.8 8.06 8.58 11.77 19.71
4.55 8.34 9.85 9.59 3.27 3.49 4.0 3.41 2.6 4.58 3.74 4.93 4.11 6.73 15.56 5.91 6.42 3.78 4.62 5.55 9.45 4.7 4.35 3.51 3.75 7.84 6.04 4.33 2.18 3.75 4.79 4.86 4.09 8.44 4.58 2.39 2.17 2.41 3.18 2.83 3.37 4.3 3.56 3.86 3.53 2.32 5.8 7.83 10.6 5.56 9.56 9.27 8.89 9.11 11.7 6.51 5.16 10.49 7.23 9.78 10.11 8.86 10.47 10.7
2.43 5.5 4.81 7.68 3.04 1.78 2.55 3.53 3.5 2.31 3.45 1.87 8.56 13.06 5.55 7.31 7.35 5.94 6.53 6.13 5.17 5.68 5.72 3.11 6.51 9.84 4.3 3.82 1.42 3.52 6.1 7.68 6.34 7.74 4.01 2.01 2.5 3.41 2.98 2.25 6.35 4.21 3.33 3.33 2.61 2.33 4.42 2.7 5.9 9.25 12.54 17.11 10.74 10.45 9.34 12.9 10.3 7.74 19.8 14.38 7.18 10.36 14.19 8.61
4.39 4.17 5.27 3.21 2.08 2.58 4.08 4.56 3.47 3.47 2.06 3.33 4.83 8.22 19.37 12.31 6.98 5.67 4.06 2.0 5.61 5.56 4.39 5.5 4.12 6.25 7.31 4.54 5.05 6.46 7.76 6.12 7.11 5.44 5.39 8.48 6.98 7.07 5.92 4.38 4.21 6.12 5.13 2.62 2.96 2.14 6.44 3.35 8.47 14.92 16.13 9.95 17.31 9.08 7.33 8.07 9.93 5.72 7.06 15.39 5.55 5.51 10.1 9.85
2.15 2.54 1.9 2.25 1.72 3.42 4.41 8.01 7.8 6.18 6.85 7.0 4.1 3.54 14.41 9.31 9.06 7.47 3.37 4.87 4.85 3.72 3.87 3.62 7.04 9.71 8.78 15.0 5.77 9.64 5.83 9.07 7.66 10.43 6.47 5.17 6.44 2.23 5.21 7.97 5.87 6.78 5.24 3.89 3.18 3.09 2.86 4.13 7.72 8.54 10.14 17.69 11.48 14.93 16.59 14.64 6.48 13.0 5.58 13.59 10.41 5.02 9.09 9.69
3.95 2.93 2.44 2.02 2.57 3.08 4.4 9.39 8.24 7.37 6.13 5.81 6.17 5.52 7.01 8.78 12.39 6.68 2.52 2.63 3.79 5.42 5.79 4.85 6.78 6.14 5.19 10.78 4.45 7.27 8.02 5.44 7.05 14.96 9.35 11.1 7.58 7.0 4.03 7.04 7.79 7.9 5.21 3.33 4.55 3.75 2.72 4.78 6.23 9.17 11.95 18.12 6.04 6.65 12.24 12.74 6.32 7.85 9.73 12.6 4.74 5.87 5.29 2.68
2.21 3.84 2.54 2.21 3.14 2.59 5.12 7.67 7.88 15.54 9.02 8.9 8.83 5.25 8.55 12.61 9.21 8.58 11.6 3.97 3.83 8.57 5.54 5.39 8.67 8.97 5.86 9.65 5.54 5.11 7.07 9.14 10.05 15.23 14.55 6.49 4.12 7.78 7.93 6.7 8.15 7.93 8.08 4.43 5.34 2.72 4.85 4.95 7.39 11.43 11.93 8.01 8.27 4.4 5.09 4.71 4.38 5.61 11.01 9.93 3.68 5.49 4.47 2.73
2.83 2.61 2.98 2.92 2.26 4.21 3.45 6.84 12.3 5.96 13.07 13.83 6.03 3.93 16.9 8.66 6.06 5.9 5.51 5.44 6.83 5.84 8.55 5.74 8.57 10.32 9.48 7.62 11.63 5.0 3.99 10.96 12.33 6.43 17.26 7.86 8.22 4.77 7.8 7.37 9.36 15.37 9.31 13.66 7.09 2.9 5.69 3.13 6.26 10.53 12.15 11.09 6.27 7.93 3.6 3.56 5.19 3.99 5.01 3.99 4.28 2.17 2.64 2.8
3.11 3.02 3.08 1.84 1.75 3.31 4.63 4.63 13.26 8.31 7.73 11.09 6.12 4.45 5.23 8.78 7.66 4.38 9.85 8.12 7.78 6.22 4.31 4.53 12.64 13.86 8.5 12.35 8.89 6.42 2.99 5.15 9.02 19.89 13.46 10.81 9.23 5.48 5.75 9.1 3.57 6.18 5.78 4.82 6.14 5.89 3.28 6.99 16.34 18.2 25.31 29.09 10.3 12.23 8.53 3.97 5.27 7.11 4.79 5.84 4.81 5.48 1.86 2.01
4.54 4.23 2.32 1.1 1.69 4.61 3.6 4.21 5.74 6.52 5.57 7.06 7.28 2.97 3.6 5.69 5.33 5.75 4.45 7.34 3.94 8.26 3.87 5.98 8.9 8.96 14.94 10.39 5.91 9.43 4.86 4.59 11.4 17.75 10.45 13.0 10.0 6.83 4.57 3.75 4.33 5.78 8.2 5.46 3.52 2.63 3.09 3.47 13.33 14.17 26.59 19.78 20.99 15.69 7.49 5.43 6.08 5.68 5.16 3.56 3.63 6.16 6.2 3.52
5.73 4.6 2.35 1.29 1.48 3.7 5.24 7.71 3.79 5.3 5.17 10.73 10.2 4.85 3.65 6.15 3.59 2.88 4.95 9.41 7.7 9.56 12.69 5.22 6.89 9.36 9.69 5.12 6.4 4.03 3.05 7.5 14.9 8.68 17.57 16.59 15.62 7.77 5.63 5.8 6.47 6.48 3.71 5.89 3.97 3.58 6.53 7.71 16.96 16.63 13.48 8.88 8.42 8.58 6.85 9.67 12.86 8.05 8.56 3.7 5.26 5.13 3.05 4.31
