14.18 15.87 24.46 14.3 9.38 5.54 10.18 7.37 24.16 9.59 8.9 17.54 8.57 9.39 6.14 3.71 3.98 5.43 6.59 9.99 10.7 11.33 7.43 5.35 6.49 8.64 8.62 8.56 15.65 6.94 13.56 13.25 13.51 10.77 13.25 15.58 11.69 21.58 16.31 10.41 13.79 14.71 7.97 4.59 9.3 3.87 4.33 13.74 20.27 11.36 19.78 19.7 15.55 20.38 10.08 6.35 6.8 6.85 4.78 10.58 7.11 12.28 7.46 10.97
18.17 19.99 14.54 13.36 7.14 8.53 5.95 8.22 13.9 9.88 8.69 5.92 4.59 5.79 4.14 5.58 4.35 4.55 4.6 7.92 20.74 10.7 4.55 4.83 9.69 8.56 8.5 14.23 8.37 7.14 19.27 21.09 13.08 23.78 10.71 11.68 10.64 33.84 6.91 12.43 21.36 11.12 12.6 9.2 4.6 4.97 5.56 7.17 7.98 16.66 12.32 9.62 23.62 20.22 10.98 23.67 6.73 7.9 6.1 9.1 5.66 11.55 11.26 8.37
15.27 29.43 22.12 11.6 8.07 6.64 6.9 7.65 9.56 9.48 6.97 5.38 3.71 3.7 3.65 4.72 3.84 6.55 3.13 3.37 11.12 6.5 2.92 5.38 6.81 6.08 11.53 4.39 5.9 11.4 31.29 30.61 10.38 13.96 9.55 11.41 10.46 12.75 7.94 9.2 10.77 8.35 11.58 8.99 7.66 7.82 8.93 5.15 7.4 11.35 15.53 12.94 34.04 15.03 11.47 14.08 9.65 10.79 13.69 13.76 3.37 11.37 8.79 8.35
13.58 8.86 19.07 11.47 20.54 9.06 7.67 4.09 6.48 5.06 7.11 5.46 4.99 6.18 4.82 5.77 3.95 6.93 3.54 4.38 8.14 6.37 5.57 5.82 6.16 8.88 6.38 9.66 10.07 21.78 32.34 21.1 9.04 10.51 7.37 20.54 7.25 8.47 5.57 8.55 9.72 8.36 3.8 3.74 6.82 5.92 4.41 8.27 6.45 11.5 10.92 23.13 20.29 9.59 10.44 14.57 7.65 10.54 8.64 5.18 3.58 5.88 8.14 18.2
9.13 11.29 9.81 7.33 13.15 12.67 11.1 9.75 5.74 3.59 3.43 7.58 5.52 7.94 8.46 4.49 6.48 7.91 2.85 3.73 3.39 6.01 8.42 7.7 7.83 7.56 8.97 7.24 7.29 16.15 17.76 20.04 8.83 5.63 6.96 15.91 13.63 15.32 9.25 7.52 5.33 7.33 4.2 3.54 4.04 2.06 4.56 6.29 11.75 9.44 13.31 14.27 8.55 4.99 10.06 9.91 14.0 12.33 7.59 5.77 3.35 8.36 8.41 9.11
11.54 10.74 12.63 7.49 6.58 5.28 5.84 10.43 5.6 6.64 5.99 8.14 7.53 12.47 4.58 11.92 6.99 5.23 2.88 5.61 5.31 9.01 12.23 11.44 10.32 6.45 7.83 7.59 4.36 4.34 12.33 12.5 10.36 4.9 5.04 7.88 12.98 9.83 5.8 5.14 4.24 3.65 9.81 2.61 2.3 2.42 2.15 6.19 17.61 8.6 11.28 4.57 2.68 3.76 10.39 12.81 11.7 13.16 9.56 6.46 6.83 5.5 4.8 5.75
7.67 13.92 9.62 9.52 6.7 5.97 13.27 6.27 6.81 7.08 11.35 7.49 7.41 7.64 7.46 8.28 8.17 6.47 7.27 4.66 7.4 4.89 6.17 9.97 9.63 6.4 7.82 4.77 3.66 4.36 9.24 10.02 8.8 8.88 4.04 6.32 7.11 6.06 4.81 3.64 2.92 6.3 8.05 2.35 4.19 1.86 3.02 6.46 9.72 10.02 5.32 2.88 1.64 6.93 13.64 10.33 10.54 12.92 10.81 5.99 2.94 6.28 9.18 5.24
4.99 6.15 9.97 18.33 6.26 11.96 11.59 9.86 6.82 9.12 9.01 8.57 4.95 10.89 7.77 7.72 7.02 9.48 10.18 4.97 6.95 3.22 7.59 7.52 5.09 4.22 4.33 5.8 7.95 6.4 10.27 5.24 8.85 6.22 2.92 4.19 5.52 6.35 4.15 3.47 4.68 3.64 5.27 2.07 2.62 2.54 2.71 4.99 7.23 6.03 7.4 5.44 4.53 4.72 7.4 6.61 8.18 14.53 12.32 6.78 3.77 3.56 11.37 5.53
7.17 5.64 9.8 8.12 10.59 8.2 19.5 11.18 6.33 3.29 5.55 3.97 8.27 10.2 6.42 6.89 6.49 6.99 7.78 5.12 5.1 3.27 5.39 6.17 8.63 5.15 4.28 2.98 6.77 7.86 6.49 8.17 7.06 6.81 9.35 5.07 4.34 8.36 9.67 5.1 9.6 4.27 3.05 2.16 3.08 3.32 4.39 5.04 4.54 4.47 4.46 4.75 10.62 11.76 9.36 3.69 9.3 11.12 7.15 5.61 5.63 6.9 7.01 7.69
7.1 5.54 6.45 6.32 7.72 8.07 16.2 18.38 7.18 10.02 4.11 4.95 9.06 7.85 12.55 12.03 7.35 5.6 7.26 4.06 8.16 7.61 11.01 6.3 9.5 10.7 9.13 5.79 3.48 3.51 4.87 7.53 10.47 15.95 9.79 8.24 6.83 16.17 9.66 9.08 6.77 3.46 4.54 2.88 2.62 3.93 6.58 5.29 5.39 7.49 5.78 6.09 4.35 4.25 7.35 12.81 14.07 16.72 9.16 5.12 6.59 5.8 6.24 8.09
5.56 5.49 11.99 4.12 2.33 1.89 6.53 16.36 7.86 4.61 4.46 8.33 9.33 12.84 14.67 12.75 6.42 3.82 4.27 9.08 9.05 10.21 11.26 5.04 6.85 14.33 18.36 6.51 3.83 6.0 3.51 7.26 24.22 11.99 11.72 11.97 9.4 21.03 17.06 7.48 4.41 4.79 4.05 6.96 4.9 3.7 8.02 9.65 4.12 3.67 3.84 3.96 2.99 3.38 6.75 13.9 14.7 7.11 4.34 6.13 4.84 3.87 5.22 9.32
5.35 6.41 5.99 6.57 2.77 2.86 3.39 15.58 7.96 7.35 3.57 4.59 7.73 12.29 12.37 10.65 12.32 6.55 6.66 6.77 5.41 7.73 6.75 4.56 5.25 6.02 13.02 4.78 7.03 10.64 3.59 9.02 9.74 13.14 7.45 7.93 9.69 10.62 13.99 6.76 8.21 4.27 4.15 5.33 6.48 6.64 10.75 4.46 2.82 5.01 3.21 5.73 3.44 2.75 3.93 9.73 7.54 5.44 3.85 3.78 3.74 2.31 5.04 7.95
6.12 5.49 4.47 4.04 4.34 2.94 5.08 7.47 6.17 4.27 5.58 5.38 7.82 9.41 8.34 8.34 9.3 6.87 9.44 6.34 7.84 5.1 5.84 12.71 7.93 7.39 10.13 6.95 5.49 13.6 6.97 7.08 5.54 20.5 11.78 15.95 6.36 9.18 8.08 15.54 8.52 6.84 5.53 8.94 4.39 6.58 7.15 6.23 4.29 5.82 2.15 4.67 6.11 6.75 3.01 7.69 4.81 5.68 8.13 2.42 3.71 3.06 2.59 9.26
7.4 4.64 3.17 6.86 3.54 4.43 3.94 5.62 7.03 10.13 3.68 7.61 8.54 8.94 6.75 8.16 4.88 4.3 5.75 7.39 6.17 5.87 6.78 5.95 10.06 8.45 4.23 9.38 9.19 11.83 6.56 8.1 11.51 17.86 15.35 16.79 11.1 5.83 11.05 15.55 9.17 8.76 8.8 9.47 9.3 4.73 4.05 3.81 4.4 2.74 2.31 10.82 10.34 6.32 6.22 4.75 8.98 10.88 11.07 4.29 5.8 2.34 2.54 5.03
8.97 4.74 5.88 4.33 2.83 2.38 3.63 6.59 7.37 5.36 5.25 8.93 8.91 7.71 7.42 7.67 7.29 4.95 9.29 8.04 10.35 7.17 4.33 2.72 7.82 14.21 6.96 9.35 5.65 9.2 9.07 13.57 9.93 19.84 12.69 29.74 7.59 7.88 11.48 13.96 16.95 10.25 9.9 9.08 7.53 2.61 3.94 3.71 4.06 3.63 4.68 4.85 5.3 5.02 7.53 9.03 13.99 4.95 7.93 9.63 6.11 5.88 5.0 2.57
5.38 8.74 7.77 6.02 3.52 3.21 2.37 6.26 4.29 4.64 3.96 8.51 11.18 7.98 8.02 10.9 5.88 4.02 7.79 7.3 14.46 9.04 3.99 3.7 5.93 5.84 7.71 11.11 5.51 9.98 12.62 13.12 19.2 12.94 15.16 10.33 7.43 11.84 12.98 33.17 16.28 14.22 19.15 5.75 9.91 4.88 3.56 3.51 2.02 4.97 6.88 8.61 5.81 5.68 7.4 8.26 10.97 8.96 6.6 8.7 6.13 3.64 4.52 8.33
3.87 5.58 4.14 4.58 2.74 3.53 5.49 5.18 3.14 3.53 3.15 5.85 8.11 6.99 5.98 4.96 7.33 5.86 11.62 12.6 13.37 5.24 6.56 5.93 4.25 6.27 7.74 8.01 9.52 23.62 18.76 9.64 13.81 12.97 8.73 12.47 11.6 10.33 32.74 28.83 17.38 23.74 26.18 5.89 8.26 4.97 7.5 5.38 3.82 6.63 11.18 6.28 6.72 4.62 6.33 8.81 10.28 7.14 13.46 5.92 3.07 2.94 3.37 4.13
6.96 6.94 4.5 2.77 2.05 3.52 6.11 4.3 4.73 4.95 6.3 4.24 4.27 4.91 8.93 4.21 8.54 4.58 5.82 7.1 11.3 6.12 7.82 6.98 4.8 4.12 8.77 4.88 8.76 12.92 17.83 10.09 16.77 21.33 17.74 19.8 19.26 11.54 38.28 36.07 46.09 14.21 19.2 12.36 10.84 11.07 5.42 4.4 3.97 9.69 6.37 15.5 10.99 6.29 6.79 9.0 6.48 8.67 16.27 6.33 3.71 4.36 3.35 3.49
4.7 4.06 3.28 2.11 4.65 6.28 7.31 4.05 3.9 6.76 6.03 4.15 6.33 9.04 14.92 5.2 5.9 2.27 11.39 22.96 12.2 5.81 5.82 5.45 4.07 4.8 3.8 5.84 19.93 15.37 11.7 16.11 6.23 22.79 24.87 15.05 13.46 32.73 47.43 33.23 29.65 25.04 13.24 28.19 7.5 3.69 2.92 4.88 8.01 9.99 7.34 4.08 5.46 5.75 5.3 7.0 12.35 8.89 7.4 3.86 5.51 6.36 4.6 4.04
5.55 5.91 3.54 4.77 5.58 6.1 5.9 3.94 6.83 5.67 3.8 4.19 7.34 12.01 14.76 6.2 3.18 2.91 10.7 12.88 10.75 6.06 7.09 4.56 3.97 3.22 4.31 12.45 16.24 10.77 14.38 10.88 8.66 21.4 32.68 10.31 13.71 16.85 48.38 37.19 38.92 16.35 17.34 11.88 9.24 7.12 3.33 4.32 5.13 4.74 6.69 4.38 3.74 3.31 3.34 8.46 7.59 6.39 5.66 4.41 10.3 8.38 6.01 13.36
9.39 4.78 5.7 8.08 7.51 22.81 13.03 9.98 5.31 4.83 6.27 12.03 7.53 8.8 12.86 4.02 7.53 5.63 4.7 9.09 11.05 5.63 5.55 7.06 5.08 5.2 7.8 9.59 11.58 18.38 8.43 12.73 12.65 22.55 11.65 11.18 8.1 10.06 20.41 43.61 25.01 17.66 18.55 10.34 9.44 8.87 5.57 3.97 4.67 3.68 5.08 8.0 6.9 4.34 4.45 7.66 5.78 3.85 5.58 7.72 8.41 11.81 13.61 6.43
8.23 8.12 6.43 9.35 6.37 31.93 14.56 9.86 7.39 9.78 9.78 10.09 8.13 6.26 4.07 5.27 9.02 9.59 5.9 4.13 6.31 4.15 4.21 5.49 4.47 11.82 7.68 9.96 12.46 11.52 7.19 6.1 15.3 17.21 8.95 7.31 6.96 11.83 14.56 17.72 31.43 20.75 9.7 4.85 4.55 11.63 7.69 6.94 3.53 5.94 6.04 9.53 5.88 7.82 5.29 5.27 4.56 5.99 6.04 14.21 10.5 11.34 11.01 9.23
18.02 24.18 8.14 11.22 6.04 22.19 21.1 15.83 6.89 12.99 7.93 13.22 14.51 6.94 3.95 9.09 4.17 4.87 2.6 2.94 4.95 3.91 4.17 5.25 4.94 7.0 6.35 6.9 9.11 8.47 6.91 8.32 8.35 7.33 9.8 5.43 10.35 14.52 10.6 9.44 8.86 10.45 9.04 4.57 7.18 6.23 7.75 6.37 2.63 5.97 7.19 8.55 7.42 5.6 4.08 3.76 5.75 3.7 9.81 7.35 21.93 13.23 8.8 7.15
16.47 13.26 6.76 16.91 9.63 18.95 23.89 13.24 16.2 14.05 6.34 9.75 9.98 9.45 7.72 4.53 6.76 3.33 1.83 1.44 6.02 6.21 3.73 7.23 3.7 4.08 4.47 8.22 8.34 7.4 9.22 7.94 12.08 12.01 3.83 7.4 15.02 13.75 9.58 6.25 6.69 6.25 5.83 10.86 7.94 9.04 8.08 14.63 4.63 5.29 5.64 5.66 3.05 3.52 4.73 4.74 10.22 9.16 8.47 9.55 22.43 14.04 11.23 9.7
16.8 13.82 7.1 12.78 12.74 27.05 35.12 22.3 13.21 20.76 6.49 11.84 6.38 11.34 10.27 5.41 2.84 1.86 1.11 2.56 7.37 8.67 3.22 4.26 4.27 4.17 4.7 6.07 4.76 6.39 8.46 6.2 14.03 10.13 8.62 6.11 5.03 9.42 6.36 5.33 4.45 2.55 6.48 14.57 5.69 5.14 8.61 13.11 4.05 4.16 5.58 4.33 3.2 1.86 3.99 6.61 15.56 7.55 14.93 13.66 13.51 23.13 14.17 10.58
13.53 9.5 7.78 15.26 23.04 35.04 26.3 18.66 13.01 8.72 11.0 9.04 5.28 4.77 8.15 8.19 6.49 2.4 2.17 2.44 8.46 6.49 2.34 4.57 3.68 6.83 9.68 6.57 4.93 5.39 6.71 3.51 3.96 6.83 8.91 6.19 7.84 3.89 5.35 5.33 3.42 2.82 9.11 8.19 4.94 4.81 6.78 4.58 4.12 2.92 4.27 5.48 5.65 2.1 3.58 8.19 8.71 7.28 7.62 5.76 10.88 20.06 12.96 16.19
22.22 16.59 13.15 21.6 18.8 49.46 23.91 24.5 9.48 7.33 9.22 9.9 5.51 4.83 6.64 9.27 10.67 3.73 3.47 4.12 5.45 2.29 3.32 4.87 7.45 17.08 16.09 6.05 5.73 2.82 5.38 3.48 3.69 4.19 5.97 4.94 5.06 4.17 4.9 5.09 3.73 2.98 5.6 4.52 2.96 4.51 5.06 6.95 2.69 4.17 4.78 5.78 5.32 4.18 4.14 4.59 5.14 7.27 7.16 11.12 15.67 16.68 16.81 13.36
15.51 12.32 20.42 11.69 22.61 36.33 21.5 16.76 8.9 4.52 11.23 8.04 7.52 9.56 9.09 6.44 10.69 6.83 3.49 7.46 4.74 2.96 5.44 10.21 11.03 15.07 17.63 8.63 8.08 4.21 3.06 3.02 6.17 4.91 4.44 6.95 5.0 2.35 1.86 5.38 3.14 2.16 4.1 5.91 3.38 6.39 5.47 6.25 4.04 4.43 3.2 2.94 3.36 3.7 4.47 3.15 5.67 7.49 6.09 9.97 10.23 16.56 15.66 16.21
9.35 17.66 10.58 14.64 27.23 27.84 17.33 35.3 12.51 7.0 10.76 4.4 5.64 7.77 10.53 8.2 11.68 6.03 5.11 8.65 9.59 5.54 22.83 8.78 7.35 6.2 11.83 12.97 14.52 4.95 4.02 4.99 12.69 7.67 6.64 2.91 2.92 3.0 2.61 2.34 2.49 1.81 3.54 12.63 5.71 8.41 7.99 6.2 5.37 3.75 2.63 3.88 3.61 4.36 4.49 2.16 7.01 6.64 13.52 8.45 25.52 35.37 16.75 8.3
13.71 14.77 26.5 17.25 25.21 15.76 18.57 20.0 17.76 10.39 9.89 4.38 8.16 7.34 7.57 5.85 6.76 7.68 13.13 26.09 11.24 13.25 22.26 10.21 6.11 10.6 12.38 22.23 10.66 6.34 4.39 8.05 8.85 12.61 8.15 2.64 2.69 4.82 2.73 3.78 1.28 2.56 5.16 10.16 11.12 10.97 8.7 12.47 6.84 5.7 4.49 6.47 7.68 6.44 7.37 2.86 3.47 8.57 8.21 11.31 24.08 23.41 11.7 12.92
13.1 23.74 21.22 29.56 13.92 10.26 11.12 17.34 9.89 7.85 7.52 3.92 5.51 9.15 5.38 4.59 6.53 6.75 9.83 16.69 14.02 18.47 10.04 9.47 6.99 10.01 14.47 14.67 14.09 10.12 7.04 4.26 11.96 10.07 6.22 3.64 2.81 3.73 2.92 3.49 2.04 3.13 6.49 6.36 5.29 7.92 11.62 10.99 6.74 5.91 6.32 14.34 17.52 7.55 19.34 4.87 6.3 6.43 6.76 10.19 14.99 17.6 6.23 5.78
16.01 29.15 17.25 12.04 5.14 10.05 15.62 9.2 7.34 3.47 4.67 3.13 8.34 8.44 3.83 3.5 5.45 7.59 7.48 7.91 9.56 27.32 9.97 7.54 5.52 16.57 8.72 10.4 10.09 19.45 18.49 7.69 14.41 5.42 5.71 5.15 4.04 3.95 4.25 2.01 2.15 3.23 8.08 3.72 7.11 6.81 4.72 6.94 7.9 8.56 12.7 11.75 5.92 9.38 12.52 5.97 10.22 13.91 10.59 8.44 6.55 3.33 5.02 6.41
12.87 22.25 8.61 8.11 3.1 6.11 6.55 6.67 5.0 6.49 3.76 2.67 3.14 2.55 3.04 11.19 5.95 5.14 9.17 6.41 8.19 16.12 12.77 7.59 6.27 7.74 8.22 7.84 15.3 10.56 20.15 11.19 10.93 11.32 5.44 7.6 4.85 4.86 4.17 3.11 1.62 3.47 3.6 7.74 12.5 9.45 5.99 9.04 5.74 10.01 14.1 7.16 12.96 12.85 16.53 13.14 18.38 15.51 8.73 11.96 6.15 4.74 4.34 12.17
11.41 13.82 5.71 3.23 5.28 7.96 6.49 3.77 5.94 3.33 3.7 5.74 3.8 2.47 3.48 5.93 5.12 7.87 5.02 12.38 16.23 35.66 9.91 6.93 3.13 8.53 10.14 14.43 16.43 11.83 19.28 6.48 9.65 7.87 5.91 11.62 8.02 5.73 4.12 2.66 3.22 2.34 3.16 4.96 9.64 7.8 4.48 6.9 10.7 18.32 17.56 7.65 12.03 12.85 19.58 8.06 23.23 10.4 8.14 10.39 10.9 5.16 4.58 7.61
10.52 15.88 8.56 5.4 4.95 6.08 2.53 2.75 2.67 5.72 10.03 7.84 8.18 7.44 6.81 4.71 9.61 3.09 6.32 9.83 11.68 16.39 12.72 3.32 5.56 5.32 15.15 25.85 16.4 8.05 4.13 5.38 5.57 9.16 21.77 12.71 11.49 8.24 4.59 4.21 3.22 2.65 3.1 6.61 6.48 5.12 11.14 12.2 14.56 10.93 12.24 5.71 14.11 24.44 18.51 12.0 10.11 6.06 7.32 10.49 6.38 5.1 2.73 4.14
23.33 16.87 7.47 4.66 6.53 3.18 4.79 5.59 5.18 6.02 8.72 7.4 20.65 16.98 6.31 10.99 7.68 5.96 4.77 12.26 3.41 8.77 6.73 5.45 3.63 4.89 6.87 13.7 14.77 8.53 4.89 5.4 5.74 11.6 17.4 15.69 12.27 5.93 4.21 4.2 3.75 7.33 5.53 3.24 4.01 7.76 7.56 12.03 26.2 6.94 5.87 7.08 13.6 15.96 19.22 9.67 5.4 4.19 7.21 13.21 9.23 6.31 1.81 3.6
19.2 12.53 7.61 6.83 9.36 6.6 6.94 4.68 4.24 7.18 10.86 10.4 24.74 6.31 9.07 13.92 11.85 5.93 4.58 5.93 2.3 4.75 5.13 5.73 7.89 6.77 3.64 6.06 6.02 3.76 6.41 6.64 12.77 14.41 22.06 10.02 8.71 5.64 6.93 6.47 4.69 14.04 9.09 2.74 7.88 9.07 11.46 13.1 13.91 13.49 7.58 11.98 9.01 9.38 10.29 10.34 8.28 6.61 7.48 14.49 8.31 5.98 4.39 8.37
14.54 21.13 14.33 8.65 8.38 15.37 11.97 7.27 10.66 6.62 9.6 12.77 10.42 8.53 15.59 17.81 4.72 4.19 5.06 2.73 4.82 6.39 3.51 6.82 10.98 4.17 3.58 4.34 6.06 5.46 9.98 10.89 8.37 10.3 9.48 9.95 7.72 8.08 10.97 5.17 6.05 9.19 4.29 6.34 11.61 9.91 13.83 11.36 12.28 10.23 11.63 8.75 12.17 35.41 17.32 8.51 10.31 6.85 8.92 15.58 10.81 10.58 10.74 13.96
10.59 12.71 15.63 12.94 15.01 16.2 16.28 6.49 13.7 8.23 15.39 15.67 8.92 9.0 20.94 15.81 4.85 6.03 3.56 6.38 4.26 5.4 5.93 6.93 6.68 3.36 5.4 6.72 7.15 8.26 9.33 8.32 11.97 7.66 6.19 10.2 6.44 17.27 9.53 10.36 6.77 9.79 6.65 5.95 6.45 12.75 13.75 14.39 8.73 17.8 16.62 14.21 24.09 19.19 9.93 17.53 9.05 4.63 5.95 7.41 6.82 20.89 9.43 10.57
9.46 15.59 16.37 14.01 9.96 10.54 15.28 13.3 12.83 6.23 8.06 19.48 10.9 15.34 28.29 10.29 8.1 6.13 6.2 3.72 3.21 5.21 12.05 10.31 3.16 5.48 7.88 8.7 9.37 6.72 11.05 16.15 7.22 7.78 6.55 9.88 8.34 12.8 8.41 7.45 10.0 15.42 11.23 5.77 6.24 3.4 10.01 11.68 13.17 14.71 18.74 14.84 25.95 12.6 16.37 14.96 15.35 3.43 4.8 6.89 9.74 9.84 6.19 9.66
14.3 6.16 10.37 9.45 9.88 8.63 12.71 10.74 13.02 7.9 5.17 6.07 6.11 9.59 11.08 7.82 7.74 9.3 10.41 6.99 3.3 3.85 10.18 8.94 4.93 4.91 6.97 12.22 18.73 8.57 12.94 13.77 8.53 7.76 10.68 12.07 8.61 16.14 13.18 13.77 14.86 14.27 10.74 5.85 5.29 4.65 8.09 10.67 10.56 10.36 14.36 15.25 10.26 6.44 7.19 7.39 7.02 7.15 5.85 9.53 6.47 8.82 3.68 6.06
13.5 9.23 12.48 12.17 8.31 10.32 9.94 10.4 8.8 8.98 10.9 4.53 2.86 7.94 8.21 7.41 7.12 12.02 6.65 9.63 3.49 5.13 7.18 22.31 13.35 8.94 8.79 3.9 7.34 6.72 9.11 10.45 10.37 10.55 11.2 12.41 10.38 15.09 21.19 22.11 9.28 11.65 10.01 3.5 3.73 6.94 6.85 7.91 8.86 7.5 16.69 7.92 5.53 3.5 8.15 6.9 8.64 9.67 6.75 6.44 11.57 11.0 6.28 7.18
9.25 7.75 9.35 19.54 14.57 8.01 9.33 5.91 4.64 9.65 6.74 8.17 4.36 3.72 11.21 10.1 5.51 6.06 9.98 14.05 13.9 8.16 9.06 13.69 13.78 11.49 10.3 8.87 13.42 4.47 9.81 7.85 9.19 12.12 5.91 6.83 12.21 18.14 28.86 37.44 19.12 8.34 6.73 2.74 5.58 9.62 6.16 4.39 6.37 7.04 7.62 7.39 5.03 3.15 4.51 11.23 11.3 6.33 5.5 5.2 4.27 5.46 5.59 8.65
13.71 17.09 11.61 17.64 10.71 10.68 9.18 4.1 5.2 5.66 4.26 5.77 4.45 5.98 9.27 11.22 7.31 7.23 8.18 9.09 10.43 4.39 8.12 8.05 24.49 9.53 9.64 4.84 11.86 10.18 11.61 4.84 5.59 5.15 4.45 9.96 10.82 19.71 23.85 23.17 14.49 11.15 6.63 7.22 6.69 8.85 4.21 4.34 11.5 10.67 9.88 4.75 6.46 6.48 8.34 8.91 9.87 6.65 3.81 3.03 3.79 5.06 6.14 12.15
20.94 29.49 20.02 17.0 12.82 13.75 8.05 4.38 5.5 6.09 5.12 4.84 8.3 8.29 6.71 10.0 7.3 7.84 11.64 9.05 2.98 4.2 7.48 12.8 23.65 14.73 9.26 8.07 14.69 10.93 4.58 10.89 3.04 4.4 5.83 11.77 8.14 22.44 20.8 17.19 9.51 9.68 7.94 7.29 5.44 4.01 7.48 8.51 5.82 4.45 12.33 11.01 8.4 6.42 5.49 7.72 9.24 8.32 3.87 3.83 2.41 3.41 5.4 8.7
11.02 16.68 16.92 14.54 13.91 11.37 7.29 7.62 6.64 4.65 5.48 6.07 13.49 16.43 5.43 5.19 7.52 7.44 14.33 5.2 3.76 2.41 10.77 9.18 18.41 20.52 9.98 5.22 6.97 7.86 9.27 6.2 4.6 3.7 6.53 9.86 10.52 24.98 17.69 15.57 9.22 10.81 12.05 7.45 7.45 4.35 6.94 11.58 7.72 4.82 8.08 6.32 9.12 6.98 6.66 11.59 15.62 8.06 6.2 3.79 2.67 4.39 6.81 11.16
10.34 7.19 5.08 8.38 10.92 11.08 8.44 3.85 5.09 4.64 4.03 4.4 6.67 20.14 12.28 7.66 3.18 5.59 7.58 7.22 4.66 5.02 9.51 8.77 8.68 14.1 11.25 5.32 6.62 7.69 6.03 5.59 4.7 10.51 4.92 5.88 8.16 17.98 13.36 14.23 9.25 10.28 9.31 8.82 10.77 8.54 11.54 5.8 4.42 5.32 6.36 13.81 7.41 5.06 7.15 14.3 12.67 10.1 5.18 3.12 2.01 3.8 5.91 12.94
3.09 3.95 5.13 4.44 9.82 13.61 5.7 5.22 5.47 4.42 3.84 3.7 4.26 9.33 10.74 9.94 3.83 7.19 8.05 8.5 4.68 3.94 5.46 3.98 5.76 10.36 9.68 8.79 10.28 4.11 8.18 6.59 9.06 11.9 4.24 7.07 5.36 19.67 10.81 16.16 18.98 12.83 16.76 20.27 13.04 18.98 10.12 8.35 6.21 6.5 12.38 11.0 12.13 10.48 10.27 15.16 11.62 5.65 2.62 1.86 2.91 4.21 7.79 6.05
4.15 4.42 3.01 5.67 10.28 10.03 8.24 4.91 5.91 4.92 3.82 4.44 3.38 9.03 11.53 8.85 6.53 5.48 10.25 5.87 4.44 3.21 3.58 5.84 9.12 7.26 13.19 12.17 12.57 9.34 6.51 7.25 6.62 11.72 7.88 14.49 14.26 7.5 4.77 11.77 14.85 10.87 19.69 12.82 13.17 15.29 10.0 7.15 8.17 7.46 9.72 17.61 11.61 8.42 12.91 8.31 8.0 5.98 5.29 3.44 5.09 6.77 7.33 9.57
4.84 6.09 3.78 4.14 6.13 5.59 7.78 3.33 3.91 4.23 4.71 5.51 2.5 3.88 6.84 5.5 4.09 5.74 9.95 5.94 3.23 1.48 3.86 4.94 5.57 9.2 14.69 5.24 9.62 9.95 7.47 4.9 6.33 11.69 6.59 34.65 15.91 8.98 4.47 10.55 10.41 12.1 10.22 5.96 8.43 13.74 7.25 6.76 6.89 5.59 8.9 12.87 10.21 6.33 7.15 6.05 6.52 7.16 4.56 6.5 6.92 5.3 15.05 10.13
5.51 3.72 6.25 3.15 3.65 5.42 6.06 3.3 4.37 4.58 2.59 4.02 5.43 3.26 3.74 6.43 3.35 6.6 6.68 3.14 1.83 6.27 4.45 4.54 4.52 4.44 5.16 5.75 4.63 10.33 4.62 7.68 9.39 5.24 4.27 8.23 8.91 9.31 5.88 5.93 12.96 10.3 5.75 1.79 3.5 5.25 7.55 2.86 3.3 6.44 14.84 11.16 14.75 9.73 12.26 6.43 8.51 6.47 4.92 8.66 8.33 11.75 16.24 9.71
2.9 3.83 5.15 2.69 3.08 4.77 4.73 3.98 2.18 2.37 1.87 2.36 6.15 4.93 4.2 5.26 5.45 4.31 5.09 1.75 3.68 2.86 4.05 1.61 2.65 4.24 9.14 4.25 8.96 6.22 3.58 5.67 12.19 7.39 5.38 6.93 3.91 6.41 8.07 7.34 11.3 15.11 4.56 1.6 2.77 3.45 4.33 2.34 2.74 11.13 16.73 10.74 7.47 8.7 15.49 9.53 9.6 10.31 8.92 7.31 5.51 7.58 7.02 10.94
7.21 3.99 3.54 4.11 6.46 5.55 5.45 4.77 2.82 2.76 3.33 3.41 3.76 5.63 2.97 6.81 2.86 5.39 2.48 3.06 3.93 2.23 2.31 1.8 1.79 1.78 2.26 4.32 8.71 9.1 6.78 5.18 21.07 9.23 4.11 4.45 5.65 7.73 6.11 6.24 13.24 7.9 4.19 1.88 3.58 3.25 6.24 2.59 3.63 13.91 10.7 12.82 9.98 8.77 8.41 15.98 10.82 11.07 14.82 19.78 9.28 4.98 5.95 15.33
5.0 7.24 4.32 5.42 6.47 6.93 5.95 7.15 3.94 3.71 6.18 5.18 2.83 4.2 5.43 1.93 1.99 2.07 4.05 5.52 5.41 2.5 1.79 1.12 3.73 2.66 4.55 3.45 6.21 12.32 5.62 7.78 16.82 20.85 11.29 11.1 5.83 11.34 8.73 6.28 6.31 7.33 4.09 2.94 2.62 4.12 4.76 6.32 8.01 13.18 5.71 6.03 9.0 5.75 9.93 12.83 8.53 13.6 20.8 12.16 8.15 5.81 8.94 13.39
9.08 6.58 7.15 5.16 4.8 9.36 8.33 7.22 5.31 6.19 9.83 4.8 3.77 4.96 3.41 2.4 1.44 1.6 5.39 4.92 3.2 1.33 1.8 1.83 3.26 3.75 2.87 3.46 4.87 6.36 11.69 15.17 18.4 10.01 12.8 12.23 8.66 6.96 13.09 5.01 7.66 5.12 7.02 2.7 2.32 3.39 3.88 6.34 7.26 13.14 5.56 10.72 6.18 6.39 10.19 25.05 13.83 17.65 17.03 6.29 6.04 6.3 6.51 21.65
7.93 7.42 7.21 3.92 5.76 7.03 9.2 6.4 5.88 5.31 8.16 7.76 4.22 5.76 4.51 3.64 2.76 2.47 3.14 3.2 2.17 3.2 2.48 1.32 2.46 3.46 3.15 6.29 10.16 8.18 7.95 22.14 10.01 10.69 10.45 8.33 9.04 18.23 8.93 12.84 7.66 7.68 4.84 3.61 3.15 3.2 5.12 4.94 4.78 10.83 8.25 9.87 7.98 8.89 8.79 14.79 24.46 18.47 8.69 8.25 5.21 4.54 10.25 14.86
15.88 6.65 9.13 10.36 5.03 6.48 5.62 11.23 5.83 11.28 11.77 8.82 8.37 7.02 5.44 6.2 6.27 8.12 3.77 2.14 1.06 1.58 2.1 2.2 2.14 6.14 3.24 7.21 8.5 5.8 6.26 7.25 12.57 11.7 7.99 8.57 11.65 10.5 20.85 11.54 16.39 9.33 8.76 6.26 7.97 8.4 6.96 8.3 4.27 7.64 7.55 10.36 10.36 9.42 15.4 17.95 23.34 20.45 11.07 11.64 5.87 3.0 13.5 17.71
12.11 7.25 9.01 16.47 8.09 7.24 8.23 10.78 5.3 13.72 10.51 13.77 7.71 8.26 5.36 7.09 13.63 7.3 4.43 4.96 3.99 3.11 5.0 3.18 4.62 2.29 4.86 6.98 14.58 9.44 5.78 8.6 9.37 10.81 11.28 11.1 6.58 8.66 11.99 16.2 14.41 11.43 10.91 6.23 8.64 7.19 6.77 7.92 4.18 6.7 6.49 7.19 4.26 8.59 7.35 9.3 17.23 13.96 8.16 9.38 5.61 7.61 10.74 13.58
16.13 9.78 11.85 13.39 6.24 20.28 12.53 8.89 10.08 12.32 4.39 10.67 14.34 10.23 6.37 7.03 4.96 11.17 8.37 4.6 5.47 4.67 3.94 8.92 14.07 5.91 4.22 8.02 5.14 4.64 8.57 9.4 11.97 14.42 10.46 13.46 16.52 15.26 16.84 14.99 10.18 9.84 12.06 7.51 7.5 7.71 5.75 5.87 5.39 6.54 5.42 3.72 2.44 4.68 5.12 10.31 10.83 6.58 8.21 5.5 6.05 5.16 7.86 7.53
11.1 9.1 7.78 11.96 4.44 12.29 12.51 8.85 10.33 13.85 4.12 9.04 9.18 12.3 15.23 4.47 5.52 10.98 9.96 4.63 9.1 6.14 5.96 10.02 14.58 8.65 6.96 6.16 4.12 7.84 6.65 13.36 7.11 10.38 12.38 8.57 7.95 8.19 15.73 8.13 11.95 10.4 8.94 10.1 9.46 4.93 3.71 4.68 3.38 4.84 2.65 3.51 3.34 4.21 5.86 6.26 9.83 5.83 7.53 6.06 7.58 6.36 10.74 6.55
11.72 3.33 5.35 4.72 6.6 19.83 8.93 5.13 7.97 5.41 2.8 4.93 10.13 12.18 9.95 2.93 5.33 8.47 9.69 3.88 8.79 5.83 5.39 6.02 8.67 7.34 8.19 4.76 6.18 5.52 9.15 15.59 9.27 7.54 9.27 5.5 6.95 7.88 7.5 7.39 11.69 10.27 12.01 11.11 11.21 7.8 5.42 3.95 3.35 5.1 2.76 2.28 3.05 3.0 2.96 7.01 9.29 7.02 11.0 5.44 4.51 8.29 12.56 7.6
6.13 6.21 5.35 5.93 11.79 16.23 9.08 5.86 7.49 5.4 4.28 7.68 7.03 9.71 4.33 5.61 6.78 6.71 4.66 7.96 19.27 13.03 9.75 7.89 3.27 8.81 4.68 9.37 8.49 9.93 14.18 18.66 8.28 6.99 9.72 5.4 6.66 8.19 8.74 7.18 9.04 7.63 12.3 15.25 13.83 10.09 5.79 2.41 3.74 6.5 4.83 4.61 3.66 3.97 3.79 7.52 9.92 8.48 11.35 5.14 5.79 7.12 14.92 9.42
5.63 5.87 3.9 7.66 8.92 15.46 7.61 5.33 4.43 4.84 3.15 8.85 10.07 3.32 5.43 3.14 8.57 7.56 7.69 11.4 29.76 9.97 11.35 6.61 13.64 10.29 7.05 6.45 7.19 9.12 17.63 22.14 13.42 9.19 8.28 9.33 14.28 16.06 6.39 8.73 20.01 7.95 9.82 12.92 24.47 9.54 1.97 2.49 5.87 9.34 7.91 4.07 2.58 3.66 7.87 5.76 6.91 6.94 7.65 8.34 8.64 7.52 8.63 12.98
8.6 6.06 4.41 5.25 9.58 9.92 4.97 4.92 3.44 3.21 5.02 10.64 5.87 8.57 5.35 4.7 7.98 6.08 11.24 14.38 21.66 11.49 8.34 11.86 10.67 9.43 10.81 5.19 6.37 4.34 10.75 13.08 11.93 17.42 5.9 5.47 14.53 16.09 7.28 6.22 14.44 5.23 4.82 16.75 18.11 5.99 2.57 2.1 3.97 12.4 5.66 4.05 2.21 3.68 3.79 5.76 5.64 7.91 12.77 9.57 3.88 6.2 7.9 10.41
