3.49 5.71 3.77 2.79 2.97 3.09 4.28 2.55 4.82 8.28 7.02 6.28 8.68 11.28 17.31 9.63 7.28 5.76 4.9 4.74 9.42 15.55 13.9 8.96 3.33 2.71 2.89 4.21 8.52 6.6 8.13 4.67 7.56 6.82 7.62 3.08 5.1 3.05 4.51 3.33 3.02 3.52 3.22 3.51 7.11 6.69 7.01 13.37 7.79 6.6 3.7 6.7 12.23 5.19 7.77 8.14 10.29 8.1 8.75 8.36 9.79 10.33 15.33 13.36
7.8 6.19 5.6 2.27 2.35 2.44 3.23 3.44 4.52 9.56 7.33 14.41 9.72 14.01 7.27 9.7 5.16 6.49 6.18 8.26 15.17 8.94 15.27 16.15 3.75 4.19 2.9 4.8 6.18 6.13 9.49 10.93 3.77 8.45 11.61 6.03 8.46 6.66 3.45 4.12 2.57 5.99 5.03 6.33 7.84 14.69 10.18 14.82 14.92 5.02 10.8 3.94 14.23 6.08 10.09 9.4 5.7 5.4 7.14 5.77 4.93 9.07 8.08 10.91
6.24 8.38 19.5 3.49 2.5 4.16 4.43 5.96 6.12 11.06 7.03 23.24 5.9 5.97 5.96 6.5 3.75 3.8 12.48 10.4 14.75 20.78 15.73 8.48 3.44 3.25 2.73 7.29 3.32 6.41 5.52 5.31 8.37 6.36 9.12 7.31 13.01 5.68 5.22 3.29 3.05 3.79 4.99 5.34 8.97 12.27 8.81 18.92 11.35 4.44 6.11 8.53 7.53 15.97 9.45 13.99 8.75 9.18 4.86 6.06 6.64 8.32 8.13 16.5
3.13 6.29 9.81 4.29 4.0 4.51 6.92 11.34 10.09 9.37 10.29 12.59 8.98 3.18 9.89 2.51 4.19 4.62 8.85 8.95 9.92 12.84 13.52 10.24 2.26 2.62 4.28 7.85 2.43 6.73 3.54 6.05 5.53 4.31 5.53 9.73 9.25 11.81 6.0 3.19 2.42 3.08 9.57 4.12 6.17 5.38 4.13 12.85 10.8 9.66 5.29 6.82 6.31 21.08 22.87 14.09 7.22 6.09 6.92 4.22 5.77 9.04 9.87 18.0
4.21 11.41 10.18 9.76 10.68 13.62 7.03 8.89 10.81 8.87 19.47 10.99 7.49 4.05 2.67 3.25 3.46 5.66 3.2 6.94 7.09 8.22 14.84 6.72 6.07 2.26 4.03 5.49 4.51 2.27 4.94 4.46 6.22 5.58 7.43 9.79 8.18 13.0 10.31 3.19 1.88 5.37 6.18 8.41 7.26 5.38 4.01 5.14 10.25 4.14 2.18 3.74 13.65 20.61 52.72 13.07 11.49 7.49 7.17 10.73 14.62 14.72 10.4 20.26
2.97 9.82 8.93 8.73 12.32 9.98 10.46 6.6 15.48 22.9 18.68 18.87 9.39 2.9 1.75 4.23 5.35 5.85 5.46 3.5 4.06 5.92 10.04 9.53 6.66 4.83 7.27 5.04 3.45 2.1 3.55 8.04 11.73 8.2 11.98 14.59 7.52 18.53 16.83 7.69 2.86 3.85 5.2 5.98 10.9 9.82 8.38 7.72 10.94 5.52 3.79 4.71 6.67 19.8 25.59 12.37 16.15 7.2 5.69 9.89 16.58 14.79 19.7 27.86
5.61 13.97 11.98 9.25 8.69 10.7 12.66 9.04 21.53 18.06 16.42 13.82 9.73 3.72 4.16 5.05 6.58 8.59 2.36 2.15 2.11 5.46 5.43 11.83 5.02 5.58 5.65 5.16 4.34 3.97 3.48 6.74 6.96 8.27 8.39 8.27 5.79 12.31 7.02 5.4 3.79 2.93 8.01 4.11 6.5 8.59 5.99 5.58 5.8 4.85 4.26 7.74 16.24 21.54 12.42 13.18 5.71 5.32 7.6 9.64 13.66 15.25 30.67 32.74
5.26 8.52 11.14 12.7 8.07 13.7 5.87 11.12 11.99 9.52 8.2 3.9 3.6 2.19 4.66 7.91 6.23 7.47 4.66 3.14 3.29 2.42 3.24 3.32 2.82 3.95 9.88 7.97 7.68 3.4 5.06 5.83 9.64 13.06 7.18 7.56 3.98 6.54 5.62 5.87 5.63 5.29 8.28 5.68 5.16 12.04 4.34 3.75 6.22 4.59 5.04 6.44 11.87 21.65 9.04 13.46 11.28 7.99 8.19 7.82 12.82 11.75 21.31 24.86
7.08 4.25 9.17 15.29 12.03 19.39 17.34 9.78 12.26 12.96 21.62 9.48 7.62 4.26 2.72 3.9 7.92 7.44 9.54 7.9 6.44 3.77 3.08 3.05 2.96 3.8 11.79 9.55 8.94 3.73 3.23 3.54 12.03 8.74 19.76 12.08 4.36 3.14 5.27 7.63 4.09 7.15 5.4 10.12 5.57 10.04 7.39 7.13 6.36 5.41 7.17 7.52 7.35 18.93 8.6 13.32 8.72 5.53 4.22 11.36 10.98 10.38 9.73 7.78
14.17 5.34 7.03 11.66 7.88 10.61 9.63 10.91 7.31 17.02 28.29 19.42 5.91 5.25 5.04 4.45 16.18 14.32 9.88 4.32 4.02 3.86 4.65 3.08 5.0 7.74 10.63 13.79 6.63 5.96 2.86 3.22 7.57 14.77 21.08 7.01 4.67 3.46 3.61 3.95 5.63 6.61 6.4 5.35 10.79 9.5 14.78 3.78 4.32 7.69 10.29 5.94 26.43 19.54 18.68 17.11 16.34 8.4 9.61 10.78 5.53 8.82 8.94 7.46
8.08 9.6 7.62 4.31 7.36 4.43 5.39 9.35 10.63 16.22 15.1 15.16 5.48 4.64 2.66 7.13 16.73 11.56 9.06 7.84 8.88 4.92 6.89 3.61 5.64 5.03 4.17 7.34 4.46 6.13 2.82 2.63 6.49 10.89 8.93 8.9 8.43 4.48 3.07 2.08 7.05 3.73 5.49 7.86 12.71 9.8 11.35 3.43 4.27 6.39 7.27 11.18 10.85 14.41 8.57 12.66 15.96 16.1 13.97 7.65 5.45 7.15 18.8 13.86
6.84 5.39 2.41 6.21 3.45 3.08 10.73 8.63 8.49 9.0 13.85 9.1 6.8 7.58 2.4 5.16 5.4 6.86 4.53 11.16 7.33 10.02 5.49 6.73 3.02 4.85 5.63 5.45 7.27 5.65 7.47 8.53 9.85 12.02 10.59 6.41 7.27 3.8 3.46 2.52 3.09 7.82 5.89 5.9 9.69 16.87 8.74 5.93 3.76 8.99 5.08 12.7 10.77 16.17 8.6 6.38 15.54 8.75 26.45 5.79 3.85 3.46 7.31 10.58
3.49 2.57 2.67 3.83 4.5 4.83 10.66 11.38 9.01 8.3 12.3 13.25 19.05 19.72 6.54 9.0 7.98 6.67 5.87 9.08 23.25 25.54 8.13 5.58 5.68 4.41 4.49 3.99 4.9 3.56 6.39 14.5 13.56 17.11 9.84 13.06 10.9 10.63 3.63 2.84 3.0 5.1 6.31 7.4 13.06 9.46 8.77 3.79 4.55 10.62 4.54 8.17 14.52 5.51 5.53 4.59 6.68 9.02 16.37 11.27 2.44 5.24 7.15 9.9
5.08 3.43 4.92 4.79 6.32 4.51 5.11 7.43 7.58 8.65 9.34 19.95 28.79 16.41 12.81 10.34 10.1 8.2 7.07 10.23 13.35 8.44 15.64 9.34 4.62 3.58 5.25 6.78 5.2 7.12 9.63 16.13 16.55 16.21 15.38 16.82 14.43 9.89 3.22 2.86 5.9 6.27 7.5 9.11 7.45 10.79 2.96 4.46 7.26 7.43 8.96 7.96 10.55 4.59 3.87 4.76 5.86 14.73 11.61 9.88 4.69 6.9 6.66 11.16
5.61 3.0 4.98 8.0 7.51 3.91 7.55 8.1 6.26 6.41 15.5 23.33 24.42 23.37 20.75 9.86 19.9 10.16 5.68 11.65 12.76 8.83 9.59 9.23 3.58 7.11 6.57 13.18 4.84 10.42 9.98 20.16 18.27 11.71 25.76 24.05 12.21 5.75 8.52 3.48 4.75 10.42 11.07 6.2 8.1 6.72 3.32 3.63 7.24 6.96 7.4 7.65 6.03 3.89 4.72 6.73 8.96 8.89 7.87 4.77 2.75 2.24 5.57 10.65
5.91 7.27 4.17 8.08 7.08 4.6 9.15 16.13 7.4 13.21 8.44 13.72 22.0 19.12 23.85 13.73 21.95 16.13 8.26 10.89 19.23 10.99 12.13 3.07 5.74 5.18 4.69 7.66 9.93 6.27 8.17 20.91 24.34 12.93 14.79 15.34 10.02 7.46 4.79 2.73 5.15 15.84 7.96 7.56 7.73 6.76 7.0 4.16 4.83 8.92 7.47 5.46 5.82 5.0 9.57 6.45 8.88 8.51 3.68 6.17 3.08 3.28 6.01 7.28
17.44 10.7 4.09 4.8 6.7 5.3 7.25 11.57 6.88 9.14 9.1 11.0 23.04 9.87 10.18 17.33 9.42 6.24 5.71 7.8 13.6 12.37 10.3 7.55 7.82 5.75 3.48 11.43 19.07 12.44 12.06 10.98 7.46 6.59 8.9 9.87 11.58 11.21 5.68 5.26 4.56 7.32 3.77 6.38 5.78 8.12 5.79 6.02 6.01 7.8 17.63 14.7 12.8 14.0 15.02 9.16 10.92 12.59 5.87 3.69 3.14 3.88 4.69 3.85
12.34 9.09 5.25 6.11 8.48 6.13 5.89 6.21 6.72 5.43 9.3 7.07 10.34 11.49 5.96 9.08 7.26 10.7 8.14 3.97 10.59 8.01 4.87 6.84 6.96 7.05 5.13 7.45 25.34 20.34 24.6 8.9 5.16 4.27 5.98 6.4 13.21 12.34 12.02 8.4 5.58 10.23 5.22 4.05 8.09 15.52 16.15 4.83 7.0 8.28 13.15 15.55 18.83 9.57 6.07 16.52 8.85 7.15 8.39 4.77 4.51 3.84 1.98 3.36
9.29 8.26 5.63 6.2 11.6 11.03 10.8 15.33 16.97 6.73 6.06 7.71 15.6 5.7 5.97 5.61 11.22 7.49 8.39 9.03 12.44 8.03 4.35 6.27 11.38 9.56 4.44 5.95 15.59 18.92 12.82 7.65 5.06 4.61 7.82 7.31 6.51 16.71 10.05 9.22 9.5 3.44 5.07 2.5 4.59 19.51 25.38 8.59 6.81 6.46 7.89 19.19 16.88 15.92 7.65 5.39 6.6 6.9 9.19 3.65 6.78 3.26 2.68 3.27
9.35 5.13 5.66 5.88 4.19 10.48 9.56 24.43 34.42 16.12 9.95 13.42 9.88 10.03 7.97 9.49 3.24 7.72 4.54 10.4 6.51 10.13 6.65 4.27 9.42 6.91 5.29 5.12 12.19 8.45 11.69 3.39 5.46 4.49 4.5 7.29 8.63 11.01 6.45 6.86 6.56 3.95 3.88 2.63 8.84 18.79 7.64 10.43 7.85 6.57 9.42 14.84 14.83 17.7 7.67 12.76 6.93 4.23 5.02 4.01 7.43 1.87 2.88 4.53
7.54 10.01 5.55 4.38 3.96 10.82 8.19 22.88 19.47 8.28 9.45 7.26 7.58 8.09 7.27 9.9 6.07 8.21 6.34 5.19 6.41 11.31 6.35 8.04 6.76 4.93 6.92 6.43 6.89 10.82 11.69 4.2 2.69 3.6 2.74 8.34 8.45 8.84 13.62 4.22 2.97 3.22 2.65 3.8 5.92 6.88 12.49 3.96 8.91 8.07 6.66 10.31 11.09 9.11 9.64 19.09 7.19 4.41 4.01 8.57 5.02 5.61 4.6 7.37
5.4 7.82 6.61 7.95 7.46 9.79 13.14 14.33 18.37 29.62 11.91 13.73 15.0 9.61 5.4 4.7 11.33 7.14 10.03 2.91 3.09 4.48 6.29 6.75 10.08 11.26 7.34 7.52 3.69 8.28 4.47 7.22 2.37 3.49 3.76 4.71 8.01 9.81 7.79 6.69 3.36 5.28 2.57 3.36 4.59 5.7 7.87 4.96 5.99 8.79 7.21 16.29 10.0 14.16 11.43 7.23 5.18 4.06 3.33 3.54 6.49 8.66 7.46 13.03
12.8 9.28 17.83 8.12 14.86 10.41 12.16 11.57 27.25 20.57 10.0 10.72 17.03 17.04 9.02 12.17 6.09 9.63 13.14 7.5 3.98 6.13 3.76 3.8 7.4 11.12 9.92 9.14 6.94 6.05 5.32 5.31 2.9 2.06 6.42 7.97 7.46 7.13 11.37 11.61 5.3 4.54 5.64 4.22 4.08 4.68 6.33 6.65 4.23 7.52 10.75 9.46 17.45 11.79 11.67 6.07 6.65 4.69 5.01 3.99 5.63 6.44 7.03 13.86
10.23 14.05 16.47 6.09 8.02 10.73 8.22 10.75 41.35 16.11 6.93 4.48 8.75 13.5 9.61 7.97 4.79 9.28 11.87 5.36 10.0 8.03 5.14 4.15 4.71 7.51 10.26 8.57 6.69 4.88 8.32 5.51 2.36 2.76 7.02 7.52 9.77 7.33 9.63 8.39 11.82 6.07 13.76 7.72 3.87 10.11 8.48 3.7 4.67 10.22 7.61 13.35 13.27 11.73 4.86 8.6 6.37 4.28 8.3 9.27 6.14 5.86 6.24 14.06
3.73 8.35 14.31 17.98 4.81 8.01 6.9 11.4 29.28 14.84 5.2 4.13 6.42 11.64 12.56 8.83 7.8 6.17 8.54 7.63 5.61 3.45 1.97 3.32 4.58 6.61 12.45 10.23 6.69 7.19 8.19 7.15 2.66 3.95 6.66 8.99 9.9 7.66 7.84 13.75 6.93 10.19 18.29 6.73 7.67 12.14 4.44 4.96 8.46 6.4 9.74 11.38 13.9 8.22 6.82 4.41 9.19 3.45 4.09 4.12 5.61 6.52 3.98 3.73
6.55 6.69 26.31 19.8 11.92 11.81 8.83 10.28 13.27 11.59 7.82 5.61 6.36 6.24 10.38 5.11 6.74 8.07 10.66 17.86 6.9 3.81 2.77 2.57 3.47 7.06 12.18 10.27 6.21 6.08 4.56 4.15 5.02 2.71 4.02 12.92 8.1 3.03 7.22 15.35 9.12 10.52 9.72 9.34 10.33 6.18 5.45 9.75 7.79 10.96 14.29 11.78 12.35 5.49 6.0 8.38 10.5 6.65 4.71 10.44 10.22 4.63 4.39 2.25
4.57 4.78 10.07 16.55 11.51 9.08 9.46 9.17 8.79 13.1 13.75 8.38 7.91 7.75 17.39 9.51 9.71 10.19 9.13 9.28 9.98 4.75 6.62 2.26 3.24 9.26 20.41 16.64 7.5 8.1 4.79 4.95 4.72 6.84 7.83 10.2 8.77 6.13 5.92 13.21 17.77 13.43 10.61 16.95 6.65 6.37 8.83 7.95 10.68 9.41 18.28 15.2 9.44 7.12 4.55 8.37 11.64 11.95 5.51 8.21 5.84 4.36 2.79 3.35
6.7 8.06 10.06 14.55 9.69 7.65 7.25 7.75 10.2 19.15 12.29 6.09 2.66 7.99 10.8 12.73 20.69 13.31 7.16 8.65 9.65 6.86 5.91 4.42 6.59 9.2 12.14 8.12 8.47 6.15 4.72 4.89 10.92 8.47 9.83 9.92 12.79 5.35 9.96 12.08 7.64 10.55 5.48 9.35 12.99 8.26 8.8 10.91 8.45 8.27 14.97 13.44 9.01 5.74 9.8 7.29 13.18 12.94 10.12 10.16 11.8 4.98 3.24 5.16
4.94 7.23 7.56 9.96 12.24 6.15 5.37 8.76 4.13 11.97 25.42 5.08 3.48 5.62 6.62 19.29 14.05 9.03 6.29 5.01 9.73 5.22 7.25 5.99 5.31 5.4 7.12 3.41 4.17 7.98 4.88 5.62 8.96 6.16 15.1 14.17 12.78 12.44 22.91 10.89 13.85 10.76 7.27 8.9 10.88 13.0 12.49 8.26 8.38 9.72 16.03 9.44 3.96 5.77 7.24 5.05 8.56 16.4 9.31 17.43 10.87 8.23 6.06 4.02
5.4 7.95 5.36 8.8 8.44 9.12 9.08 4.86 7.67 9.31 9.25 4.29 6.1 10.16 7.56 11.2 4.81 4.42 4.32 5.8 11.04 13.33 8.11 10.41 6.14 13.14 4.21 7.5 3.84 4.53 4.48 3.96 5.07 6.94 9.18 12.82 25.62 34.99 11.9 8.58 19.44 12.57 4.11 5.64 5.25 7.59 5.37 8.2 7.96 6.96 18.88 12.61 4.92 8.05 10.49 7.57 8.35 8.18 12.97 8.15 9.71 7.38 9.29 7.28
4.99 7.06 8.99 8.1 10.36 10.39 7.38 6.85 4.69 3.64 2.52 14.94 7.58 11.9 6.06 4.9 2.91 2.73 4.57 8.34 7.82 9.67 9.98 9.65 7.84 8.52 12.66 8.29 7.5 6.14 5.93 4.18 7.92 9.47 7.07 13.1 10.28 19.93 11.25 13.81 22.52 30.85 11.77 10.19 8.06 6.22 7.7 6.44 7.74 9.63 7.53 11.06 6.34 12.07 9.32 8.0 11.52 14.21 10.67 8.71 11.53 6.43 10.31 5.26
3.78 5.42 15.0 11.02 19.15 5.74 7.31 7.63 4.16 3.16 5.88 10.46 14.67 7.82 9.26 1.81 2.02 4.34 2.43 13.31 5.81 9.21 15.68 16.52 9.94 6.49 5.7 4.68 5.25 4.44 4.52 5.12 6.74 9.93 7.13 14.98 12.7 22.03 19.35 12.33 15.98 12.68 17.06 9.18 11.05 6.24 11.49 6.07 6.29 13.31 6.45 11.96 7.35 12.92 4.93 8.12 5.45 12.88 8.2 23.06 12.81 9.53 6.27 8.6
2.49 5.22 7.56 13.06 4.49 5.21 4.57 7.36 6.56 3.48 9.18 7.98 18.39 5.8 7.34 2.68 3.2 3.96 5.5 5.35 4.85 7.14 13.39 16.79 19.83 11.82 5.6 4.0 4.02 3.55 8.56 6.92 4.33 4.37 4.45 7.38 12.33 14.65 15.73 9.55 11.91 21.27 13.45 13.98 17.51 6.32 7.25 5.8 8.61 17.31 18.14 6.83 7.38 10.48 7.27 8.44 9.02 9.59 10.09 10.81 16.97 6.71 8.37 8.46
3.54 3.23 5.89 4.96 6.68 7.94 3.39 6.14 7.94 4.9 8.18 10.58 14.61 11.47 6.66 6.0 5.12 4.45 12.62 6.43 5.94 6.38 9.38 12.18 8.57 5.08 12.43 3.9 5.21 3.54 10.62 9.73 6.33 5.48 5.07 7.99 16.56 15.15 11.47 9.68 9.91 18.0 12.29 15.94 12.01 4.56 10.79 4.09 7.19 11.24 15.95 6.04 6.48 7.22 8.72 8.97 13.38 5.03 6.45 7.13 10.27 10.38 12.95 7.71
3.33 3.72 2.84 4.49 6.61 7.34 7.27 8.45 5.84 6.59 7.59 9.71 11.27 14.81 14.73 5.04 3.48 5.58 9.2 10.17 10.0 11.24 6.8 4.5 4.3 7.14 8.62 8.83 4.71 7.24 12.38 17.24 8.72 13.94 10.21 6.34 18.19 27.83 19.08 18.1 10.91 8.89 21.33 12.76 6.68 8.75 8.8 9.49 10.66 16.51 14.09 5.67 5.35 8.43 11.73 16.39 18.78 7.71 12.93 6.44 7.49 11.19 5.5 5.4
7.94 4.75 4.01 11.0 16.93 20.08 4.97 5.85 14.46 8.85 9.55 14.53 10.96 18.69 17.78 17.71 5.71 7.29 8.01 10.15 7.97 12.51 7.74 2.82 4.17 6.41 5.1 20.19 9.54 10.88 6.92 14.82 11.21 11.14 15.27 16.24 21.51 16.84 24.44 12.63 10.3 6.76 14.32 11.93 6.53 11.96 13.93 13.47 8.13 14.87 19.32 3.47 2.74 2.23 7.28 9.02 10.81 15.0 10.58 9.67 8.66 10.51 5.16 6.48
3.73 7.23 9.57 10.12 18.42 11.55 5.39 5.06 11.84 10.24 10.66 15.46 10.44 12.34 15.78 15.61 8.78 6.1 7.88 5.92 12.62 7.57 9.32 5.19 4.98 10.35 11.72 11.92 11.4 8.26 7.29 7.6 6.57 14.48 31.71 16.02 17.91 9.92 8.96 12.2 9.66 12.49 7.98 11.12 4.26 10.82 6.56 15.42 6.37 18.61 7.89 6.74 3.57 2.35 3.56 11.25 24.29 8.29 6.57 5.61 5.7 11.66 12.03 7.34
9.65 8.91 6.85 7.1 14.86 9.98 6.26 3.25 5.58 5.69 6.13 13.5 11.34 12.01 18.74 12.23 9.9 5.09 4.54 6.98 6.73 4.23 3.51 3.33 5.68 5.31 11.33 18.42 10.08 9.44 10.62 8.25 4.52 12.97 15.7 13.19 15.56 7.01 9.53 8.3 10.61 23.38 14.87 7.64 7.16 6.42 9.08 8.86 5.18 6.72 5.6 4.8 5.83 2.19 5.39 21.53 13.06 10.55 6.42 5.38 5.94 8.63 12.65 10.0
11.73 7.51 5.29 4.41 8.69 10.57 7.14 5.84 3.16 5.36 4.93 6.04 5.46 5.13 7.3 16.15 5.16 2.83 4.89 4.4 6.13 4.95 6.04 3.52 4.26 7.42 21.24 7.02 14.58 11.15 6.72 7.52 8.26 8.48 16.87 12.82 9.28 6.78 4.36 9.48 11.12 17.02 9.97 10.56 16.57 9.93 13.07 5.48 8.17 3.98 10.05 6.5 6.2 4.08 3.4 6.62 13.8 20.29 6.84 6.71 10.31 9.58 13.53 11.28
18.5 12.05 3.97 5.45 5.75 7.55 6.14 5.9 3.81 8.0 6.6 6.74 11.26 12.4 7.93 10.23 7.82 5.15 5.42 3.51 2.55 3.91 4.37 6.01 3.06 12.6 14.45 15.67 15.05 6.75 5.08 7.4 4.75 6.69 18.23 11.03 11.68 7.88 4.92 8.06 6.86 3.73 6.56 9.05 10.21 8.59 8.9 5.76 3.75 4.71 12.26 17.56 6.18 7.54 2.89 7.37 10.7 10.06 14.95 13.79 10.95 9.05 9.24 7.19
14.16 15.94 11.17 13.55 9.14 10.23 7.7 2.52 3.53 7.85 7.82 3.95 7.95 6.99 5.44 6.88 6.05 8.69 5.17 4.14 2.56 8.6 2.33 5.24 6.03 7.25 10.01 13.71 13.73 9.44 7.35 7.2 8.34 13.65 30.84 9.28 5.33 10.64 8.81 14.5 10.91 7.17 11.13 10.73 6.8 18.25 9.47 6.38 3.93 5.22 7.55 8.47 10.74 7.8 4.84 4.61 7.58 7.97 16.09 17.92 7.9 7.63 6.54 6.88
10.69 13.35 15.42 7.45 7.15 13.12 13.76 6.76 9.38 11.3 4.83 3.25 9.84 8.38 7.3 8.62 8.78 9.14 8.49 6.41 8.55 3.39 5.3 5.82 5.66 5.88 10.47 9.91 9.09 6.59 5.23 8.3 11.58 11.6 15.32 13.3 7.05 6.81 4.65 9.93 9.89 9.33 11.97 9.34 6.89 16.8 12.08 5.2 5.62 5.47 6.21 7.37 4.54 8.4 8.89 5.46 5.45 10.96 7.89 10.46 6.52 9.85 5.21 5.59
11.69 13.34 14.74 4.58 7.17 9.79 14.63 11.29 17.55 16.6 4.48 5.33 9.08 9.27 7.49 5.09 11.97 10.1 6.96 9.48 4.93 3.79 5.26 5.31 3.72 3.86 6.44 8.03 5.29 4.01 5.62 5.24 7.61 12.62 7.5 17.67 15.35 7.57 7.61 6.49 8.96 6.14 12.24 7.17 8.2 4.87 8.16 9.08 9.98 7.79 5.26 10.61 4.1 4.52 6.81 5.57 6.26 13.03 11.97 10.28 13.17 8.88 9.34 8.96
4.6 17.13 13.79 7.47 7.86 11.11 12.23 11.09 20.65 13.25 8.99 4.47 11.44 7.54 9.8 7.8 10.74 6.39 9.36 8.05 3.2 5.4 4.5 6.22 9.73 4.36 10.59 7.66 7.24 13.34 5.91 5.39 7.95 6.05 4.64 7.23 10.46 7.85 13.28 8.31 12.23 5.0 5.07 4.07 5.37 5.48 14.08 7.22 7.7 6.06 10.35 9.13 7.54 2.96 7.35 3.66 5.97 17.11 10.97 16.4 24.25 7.97 8.7 11.4
3.81 10.68 16.59 7.6 6.28 12.05 18.73 20.13 11.05 17.49 10.47 4.59 5.73 8.32 3.94 5.12 6.36 10.34 7.74 7.39 4.93 1.98 2.69 4.42 10.08 6.86 8.61 6.18 11.02 14.1 7.21 7.45 11.15 9.47 10.78 25.25 20.24 7.54 8.88 17.65 14.08 11.25 3.36 4.69 3.79 8.7 13.7 16.44 12.14 6.37 13.58 11.39 7.57 3.74 4.43 5.33 5.87 9.58 14.3 13.15 35.8 13.76 6.87 7.31
4.37 5.56 11.81 10.26 5.71 10.83 9.65 18.62 12.62 13.26 10.53 4.8 4.13 11.32 5.93 6.6 5.69 4.05 6.21 6.45 4.06 4.25 2.82 4.81 6.47 6.47 12.72 20.24 8.41 10.55 11.55 4.31 7.24 5.88 11.57 22.89 5.86 5.48 6.51 8.44 8.97 14.51 4.63 6.49 4.06 6.51 12.73 9.78 9.44 7.98 12.48 16.61 4.94 4.42 5.39 7.81 6.94 7.66 12.34 6.94 15.04 7.02 6.92 7.75
4.37 7.62 13.36 8.64 3.49 11.0 9.7 6.29 10.02 11.68 4.55 3.72 5.35 3.79 6.12 4.83 3.86 3.24 4.25 3.3 3.56 3.09 2.72 4.0 6.71 11.78 9.89 9.78 5.58 8.04 5.67 5.82 5.89 10.18 7.6 8.18 5.57 6.81 4.51 7.07 11.05 5.74 5.55 4.84 10.0 8.41 12.0 13.5 14.69 10.72 11.94 12.74 3.66 3.72 4.83 7.79 5.35 8.21 4.54 9.06 7.01 8.84 7.02 8.15
4.88 9.34 11.53 7.62 5.16 8.67 9.59 7.68 8.9 6.26 6.71 9.35 4.02 4.15 12.08 4.7 5.88 5.52 4.37 5.36 3.12 2.5 4.47 5.07 6.45 11.09 8.06 22.47 8.58 7.65 11.0 6.79 9.2 9.35 5.1 5.48 5.82 4.03 7.21 12.68 11.18 9.58 4.08 4.01 5.56 15.97 6.23 8.05 6.69 7.47 3.78 5.54 5.74 3.37 6.43 6.6 5.89 5.38 5.22 4.93 8.48 6.91 4.16 3.04
5.32 12.92 20.9 12.2 11.31 6.58 10.7 18.06 11.47 6.67 6.98 11.88 4.63 9.4 7.86 5.98 4.28 7.21 5.02 4.93 4.74 6.19 3.67 3.89 4.94 5.56 10.0 9.41 10.54 8.91 10.69 7.56 11.05 6.22 6.53 3.31 4.54 1.25 3.43 4.32 9.23 9.45 6.09 4.94 10.44 17.79 5.95 12.58 10.86 11.09 3.17 4.21 4.59 2.7 4.28 9.85 14.13 7.37 8.34 6.92 6.76 6.8 6.09 6.97
7.32 5.48 12.81 9.9 7.89 6.2 11.48 12.25 10.84 7.54 7.41 11.06 8.49 8.37 6.47 6.17 6.48 3.65 3.38 3.7 7.87 3.51 4.43 3.8 4.98 2.48 4.44 2.3 8.97 12.06 9.77 22.14 9.27 13.56 3.86 5.77 3.97 2.93 2.1 2.29 4.84 9.63 4.08 2.62 8.81 6.29 6.22 8.37 9.83 8.99 4.85 2.86 3.88 3.24 4.49 9.77 14.38 13.14 8.73 8.96 4.1 7.61 5.01 5.92
6.88 6.24 10.48 8.63 3.56 2.95 3.76 5.55 5.49 3.34 8.75 8.19 7.51 7.21 4.86 5.15 8.68 5.28 2.02 4.18 3.59 2.53 2.5 5.21 6.01 4.75 3.97 4.87 5.63 7.24 9.08 21.59 22.33 11.0 5.2 3.46 3.84 2.85 3.99 2.64 5.54 5.77 3.92 5.21 12.02 10.89 5.78 3.78 7.19 5.4 3.75 2.51 5.87 5.64 4.15 14.17 18.11 8.54 8.63 5.93 4.85 4.38 6.28 3.16
10.41 5.75 6.86 8.8 6.69 4.77 8.15 6.62 5.14 2.76 6.37 6.97 10.7 8.15 5.61 4.35 5.88 5.77 6.98 5.42 3.21 3.42 3.01 4.51 3.84 3.35 3.99 4.87 9.49 9.18 15.86 16.2 24.93 17.56 18.73 5.76 5.23 4.69 2.9 3.33 3.21 4.08 6.83 7.97 12.37 12.67 6.94 5.38 8.62 6.39 5.68 2.86 5.51 8.06 7.96 8.66 9.76 6.67 4.66 5.08 3.82 4.07 4.18 3.86
11.66 6.66 4.34 8.28 3.45 2.35 3.8 5.02 4.46 4.89 3.87 7.91 8.09 6.64 6.24 4.95 10.3 8.81 5.32 8.34 5.65 3.76 4.12 3.81 4.98 6.04 3.01 6.92 10.98 10.04 12.28 12.45 12.07 15.88 23.59 14.56 9.51 4.1 5.0 5.62 3.54 7.76 7.14 7.81 11.11 9.67 8.56 10.91 7.95 8.57 11.78 4.26 7.91 8.71 17.73 15.34 11.2 20.0 8.78 6.05 2.65 3.93 2.94 2.83
7.66 15.01 8.97 5.7 5.24 3.72 4.94 7.73 3.18 8.74 6.07 6.03 4.61 6.16 4.59 4.86 8.86 10.98 8.32 10.7 7.02 3.87 4.35 7.4 9.2 8.53 5.67 10.63 11.18 13.66 14.45 22.52 16.85 13.85 18.96 15.44 9.88 11.49 5.47 2.64 2.46 6.39 7.13 7.71 10.95 13.27 16.43 8.17 5.73 7.16 7.24 5.85 8.94 6.21 8.1 14.93 13.4 9.59 8.07 6.96 4.96 1.98 3.1 1.91
8.45 13.55 12.67 4.71 5.57 5.49 10.62 5.68 6.33 9.44 5.56 5.15 8.19 2.89 3.72 5.66 10.6 9.39 7.44 8.79 10.95 5.45 4.62 15.61 9.74 15.26 11.22 8.98 11.72 10.35 12.85 22.44 6.44 10.33 10.52 12.07 13.8 13.38 5.7 3.12 2.19 3.89 6.84 5.87 13.87 10.71 20.12 15.73 5.09 5.79 5.4 11.45 9.3 15.12 9.86 14.69 5.98 9.86 12.18 11.37 5.99 3.23 3.07 2.75
9.65 14.23 11.19 5.2 4.55 6.84 7.83 14.85 9.05 8.82 7.59 4.41 5.18 4.24 6.32 6.84 7.17 5.81 8.05 13.64 11.43 7.31 8.91 12.06 13.58 12.05 20.57 6.71 10.23 16.24 7.47 14.04 7.87 8.03 7.41 12.18 7.31 10.19 4.5 2.43 2.93 4.73 6.5 6.74 6.18 13.07 9.55 12.12 10.32 11.31 12.93 15.25 16.29 13.39 17.75 13.88 15.36 7.56 8.98 8.76 13.28 5.67 4.51 3.26
12.39 15.99 7.11 3.93 7.63 8.17 16.59 8.67 6.01 8.77 7.82 2.65 2.32 3.02 1.85 7.7 6.9 6.58 5.31 10.23 11.02 6.93 12.53 12.63 27.28 14.93 24.14 9.37 14.14 8.82 11.9 8.33 9.18 4.01 19.23 14.93 11.58 8.63 3.44 3.64 3.55 2.58 6.66 8.24 5.03 10.27 6.79 11.0 11.28 7.0 15.86 13.11 14.46 16.93 12.96 25.65 15.11 5.6 9.86 19.08 14.12 5.23 4.61 7.38
11.71 5.51 8.97 9.01 4.67 13.05 17.8 8.96 6.14 17.24 13.68 3.76 3.47 3.14 3.61 7.36 8.05 5.58 6.64 6.38 13.26 20.0 20.6 15.15 16.76 18.13 16.67 18.63 6.79 6.22 13.2 11.22 9.37 11.06 11.36 15.33 7.93 8.11 6.79 2.95 4.3 3.28 5.61 4.7 5.06 5.16 7.89 7.1 7.02 8.47 11.07 18.67 6.46 10.25 7.18 14.7 14.11 9.51 10.6 9.66 9.68 4.22 5.58 5.9
7.48 11.05 8.56 8.92 5.22 12.81 14.64 18.92 10.71 9.26 9.32 7.07 6.25 4.2 6.17 4.51 8.01 5.02 2.89 5.72 8.1 14.31 11.83 13.18 10.25 16.54 13.77 14.02 6.07 4.95 7.88 9.55 11.62 10.77 12.57 19.32 5.2 6.4 8.72 8.71 6.24 5.65 8.14 7.75 3.11 1.98 4.64 4.36 7.56 9.54 7.43 9.49 9.74 9.77 15.82 12.87 19.72 14.98 9.6 5.28 6.69 8.17 7.2 8.42
7.99 5.72 5.45 3.31 4.16 6.85 9.19 12.06 11.85 8.69 4.66 5.26 5.77 6.96 5.84 5.63 8.16 5.6 4.77 10.48 8.63 12.35 9.13 12.5 10.77 15.52 18.78 19.84 6.81 3.54 9.79 9.88 9.57 8.34 17.45 7.03 7.04 4.97 5.75 8.81 7.48 10.51 9.2 7.86 2.76 3.53 3.03 8.0 6.35 5.48 5.06 4.35 6.77 7.7 13.36 10.62 8.74 12.14 3.79 6.38 6.82 9.49 7.17 22.28
18.04 3.3 8.04 4.77 5.36 6.22 7.94 8.89 9.22 6.15 3.42 8.4 9.3 13.08 10.24 5.73 6.05 3.1 7.13 4.93 7.25 8.0 4.71 5.92 10.8 19.51 16.51 20.48 6.11 6.81 14.95 18.54 7.83 6.83 6.56 7.19 7.14 6.11 13.26 6.86 10.06 10.03 9.19 7.07 6.68 3.3 2.51 4.01 3.69 2.46 2.98 3.56 7.95 14.62 11.7 10.09 5.95 10.42 4.85 5.23 6.59 18.42 7.28 13.79
13.06 7.49 4.94 6.86 10.13 9.8 11.1 8.37 7.17 4.85 6.41 9.67 9.39 17.48 12.29 7.73 7.67 7.72 9.28 6.31 8.14 8.11 4.96 3.72 13.68 12.17 23.17 10.97 16.14 12.37 19.64 21.98 14.83 9.8 10.32 7.42 7.15 6.28 8.01 7.25 17.18 8.01 9.94 15.46 8.14 8.65 6.3 6.48 7.89 3.3 3.52 2.55 8.24 7.1 7.52 5.87 12.87 7.04 10.67 5.43 7.68 9.5 5.33 6.41
16.09 10.22 9.29 11.76 8.1 7.46 11.67 5.11 7.96 5.68 9.46 8.7 14.43 11.88 12.22 12.43 9.14 8.43 5.95 11.4 12.75 8.66 3.72 3.01 10.63 11.76 22.75 29.98 13.85 10.84 20.47 21.79 8.55 19.51 12.27 8.91 8.12 10.85 13.71 12.67 17.12 13.57 11.6 12.25 8.68 4.91 5.26 5.71 5.46 5.24 6.47 5.26 4.94 6.29 9.19 9.54 13.16 7.71 8.66 3.79 6.77 7.12 11.19 7.23
4.76 11.41 7.58 14.2 6.84 12.23 12.32 4.46 3.71 8.86 8.34 8.75 10.48 11.75 13.29 19.3 7.08 11.79 4.14 5.66 8.06 9.09 3.31 5.1 10.38 17.76 14.13 31.27 19.43 19.2 13.09 25.44 25.74 13.73 11.58 9.29 8.04 11.13 8.27 10.75 20.99 17.89 12.68 9.51 5.09 3.65 5.41 5.84 7.72 6.94 4.17 4.65 4.22 5.01 11.8 15.67 23.2 10.93 5.55 4.08 3.21 6.24 10.69 8.93
