5.11 8.22 8.72 6.73 12.96 9.42 9.37 5.8 7.02 7.32 6.82 2.91 2.62 3.29 3.47 3.41 4.24 7.02 9.75 14.77 3.21 7.19 10.15 12.35 10.46 6.66 5.61 7.34 5.85 10.35 16.87 10.41 6.39 7.09 5.84 5.15 4.13 4.22 4.14 9.11 5.56 9.21 7.8 10.08 9.63 7.4 7.58 7.07 5.08 9.62 5.23 5.6 8.0 20.46 8.64 10.54 7.35 8.51 10.97 14.86 6.73 5.27 8.15 7.28
9.62 10.83 5.76 9.86 7.49 10.38 7.77 4.49 3.8 11.64 8.18 8.11 4.03 4.09 3.9 3.94 11.45 5.79 6.53 8.0 5.67 5.61 3.77 10.78 11.99 8.55 4.84 5.17 8.07 11.94 17.63 14.38 7.49 12.43 8.62 5.95 3.36 4.55 4.31 5.05 6.19 10.21 12.71 11.18 12.46 10.1 5.83 4.05 2.74 8.32 5.71 6.17 13.61 19.03 12.14 11.73 6.05 6.14 12.15 10.05 7.13 3.93 3.47 5.96
7.29 7.11 8.38 7.5 7.35 8.74 6.99 4.06 3.11 9.12 9.65 8.58 4.86 4.06 4.08 5.37 6.41 6.35 5.54 6.21 7.49 9.06 3.44 4.98 11.39 16.23 7.94 5.6 8.59 16.26 13.14 19.06 6.82 10.28 8.6 6.59 5.62 4.17 5.82 3.02 2.27 4.69 7.55 10.21 11.16 10.46 8.08 3.7 4.4 7.01 11.74 5.18 6.23 12.05 34.76 19.6 12.03 4.57 9.8 7.64 8.95 6.98 4.46 5.13
4.99 5.77 4.18 7.76 5.7 4.55 6.49 3.28 3.05 7.34 6.25 3.36 2.84 3.12 4.05 5.9 7.75 8.27 4.95 4.81 4.53 9.51 9.75 6.86 8.96 18.27 14.22 6.25 6.02 13.78 14.98 7.48 4.5 13.91 7.31 2.78 4.09 6.57 4.0 2.57 2.3 4.56 7.17 6.68 9.86 8.13 6.7 3.58 4.26 4.73 5.21 5.73 6.06 8.07 18.12 12.41 8.18 6.13 6.13 5.44 13.56 9.68 8.68 4.16
4.72 5.43 6.48 8.38 9.15 9.46 3.06 3.69 3.17 4.79 7.18 2.53 2.77 3.18 4.28 5.93 5.42 7.09 5.14 6.65 3.1 6.52 9.72 7.69 9.85 10.31 12.88 7.58 10.27 10.62 14.42 9.79 7.15 12.68 11.01 3.91 2.66 5.15 5.33 3.33 2.9 3.77 5.92 3.79 9.46 6.58 4.83 5.34 3.5 7.6 2.99 5.07 7.67 4.77 7.04 8.11 8.64 6.81 7.14 8.76 8.12 9.19 9.8 4.93
7.26 9.27 11.46 11.98 11.03 7.34 5.7 4.82 3.91 2.98 3.02 2.0 2.31 3.79 6.17 5.48 6.37 6.73 9.48 6.67 5.03 9.14 7.25 10.2 8.36 8.12 7.51 8.2 8.25 9.75 10.43 20.28 12.68 15.65 17.58 11.19 7.48 5.85 10.43 5.99 3.38 4.12 6.2 7.41 9.95 8.52 3.57 4.87 3.94 4.97 4.91 6.76 8.45 7.1 13.25 4.92 6.31 9.39 8.99 11.49 10.4 7.86 10.55 5.39
12.57 11.3 10.24 19.05 18.04 5.8 3.27 5.03 5.29 5.17 3.01 2.63 2.5 3.95 5.67 3.63 5.27 5.52 8.17 8.6 9.09 7.49 7.12 5.63 4.77 4.16 6.2 9.94 7.75 5.38 11.36 10.67 10.31 16.07 14.19 6.35 9.38 7.56 6.57 9.56 7.98 5.52 2.6 5.47 9.52 8.09 3.32 4.2 4.32 6.87 3.46 7.44 4.97 4.37 7.25 3.25 4.69 4.73 6.71 9.28 11.91 10.46 9.51 4.29
11.5 13.83 10.54 13.32 9.49 8.64 4.14 4.03 5.94 4.19 2.91 1.67 3.24 7.22 6.08 10.07 4.47 5.88 5.08 8.49 6.0 5.54 3.5 7.77 2.42 1.8 4.56 4.97 7.25 4.15 4.04 5.73 6.92 16.42 16.03 11.81 10.5 7.84 8.17 3.75 7.15 3.93 4.08 7.31 6.85 4.94 3.05 2.33 4.63 7.87 9.15 6.03 8.29 4.91 7.58 6.66 4.74 3.36 4.8 8.52 8.13 10.18 8.94 5.64
17.14 21.32 16.32 23.73 5.82 11.24 6.72 6.11 2.9 4.04 4.62 3.27 4.47 10.3 7.34 11.52 10.41 14.04 6.32 7.98 13.69 8.23 9.46 9.83 3.92 2.53 1.78 3.13 3.2 3.68 5.47 4.71 6.18 12.19 13.07 29.88 20.79 9.42 10.72 5.81 7.33 8.86 9.65 19.46 7.72 6.85 4.74 2.47 2.37 4.59 9.96 6.62 7.69 8.37 24.45 4.77 4.12 3.48 5.35 8.08 8.13 14.42 13.58 4.55
12.49 19.17 20.0 25.04 12.99 4.98 5.99 11.74 5.14 5.59 4.77 6.81 8.82 11.71 13.11 19.69 13.08 7.69 9.26 6.58 10.13 8.39 7.18 7.2 3.01 2.86 2.58 3.13 4.31 5.31 6.41 8.36 6.61 7.37 11.19 24.92 22.99 11.08 7.37 4.57 7.72 7.01 11.73 14.93 14.8 9.99 3.99 5.44 3.42 3.99 7.6 9.53 5.3 7.08 16.08 4.85 4.23 3.13 5.74 12.28 12.81 11.7 12.2 4.57
4.9 7.04 15.25 14.57 13.7 6.05 5.58 6.33 5.3 3.07 5.5 4.49 13.54 20.78 11.5 18.87 11.52 6.02 7.49 15.34 9.9 6.87 11.42 9.19 6.0 2.77 2.38 2.13 3.65 5.08 14.32 7.16 6.55 6.95 10.34 21.77 24.24 8.76 7.79 2.82 5.85 10.08 12.0 19.09 16.61 8.6 6.03 6.82 4.34 2.41 5.83 9.75 9.99 7.79 18.88 8.38 5.34 6.58 4.87 26.09 19.0 19.01 7.78 4.36
6.1 9.4 7.47 8.46 7.0 4.17 10.62 6.55 9.15 8.31 8.79 5.0 8.51 15.14 16.98 10.66 12.09 8.76 7.32 17.94 13.48 16.34 14.15 26.9 13.97 6.14 2.06 1.47 3.64 6.3 5.69 6.62 5.03 6.77 13.81 11.79 11.68 6.95 7.67 5.93 6.1 15.6 9.13 25.82 14.6 11.67 14.45 7.21 4.24 3.15 6.18 5.0 10.88 12.4 17.8 10.65 6.93 7.4 10.38 12.48 30.01 27.15 14.69 9.4
3.03 4.45 7.42 5.86 4.53 6.43 3.63 9.36 7.43 6.77 10.62 13.49 5.51 5.52 6.63 12.78 11.24 10.07 12.28 13.41 10.28 11.99 10.2 16.65 9.71 10.16 3.55 1.65 2.41 8.45 5.63 7.71 6.9 9.51 13.69 23.68 11.37 9.99 9.57 8.24 11.12 16.1 11.84 11.37 11.14 12.28 13.25 18.8 10.09 6.45 5.13 6.43 7.84 15.05 19.82 15.66 17.66 11.66 10.53 18.69 15.2 19.44 14.64 19.9
3.37 2.68 3.65 4.61 4.57 3.15 3.76 4.7 6.16 6.69 3.84 6.45 2.81 3.65 5.46 12.76 7.68 9.69 7.18 13.13 12.33 8.89 12.8 14.6 8.6 7.9 7.59 5.36 1.98 6.83 10.63 7.96 6.76 9.34 14.18 19.66 18.1 13.45 11.16 11.87 17.57 16.84 10.0 11.05 7.88 11.47 7.13 7.35 9.04 4.53 9.84 10.93 14.67 8.5 13.3 9.91 9.93 7.61 11.53 11.99 13.45 12.11 12.04 23.74
2.18 3.66 3.78 3.04 4.78 5.1 4.0 4.86 6.16 8.07 5.4 2.8 2.4 5.73 6.29 8.53 6.12 5.0 7.86 8.56 9.75 5.41 7.3 5.16 10.69 12.74 8.35 7.56 4.85 4.52 11.66 9.67 18.22 3.77 3.18 4.54 9.5 11.57 16.1 16.53 13.3 14.42 15.08 9.78 8.07 8.7 7.98 6.45 9.18 7.25 14.97 6.59 11.61 6.9 10.93 10.84 7.91 3.12 5.65 8.53 12.21 15.37 17.9 8.54
2.95 4.65 4.03 3.6 6.82 11.84 11.3 12.79 8.83 12.52 6.8 3.66 2.76 4.04 6.4 5.7 4.51 4.13 4.42 7.1 9.47 8.95 8.13 2.58 9.19 11.49 18.93 5.75 9.2 8.76 11.03 6.72 14.63 6.43 4.06 5.11 7.49 6.74 10.77 19.02 36.11 38.87 39.3 16.94 14.65 10.76 10.14 8.82 17.37 10.97 13.77 8.13 7.7 5.76 13.56 11.96 11.85 6.31 6.5 14.72 14.51 13.56 14.4 9.49
3.67 7.32 6.46 8.22 16.55 11.72 17.43 13.99 11.93 7.67 4.98 4.2 3.95 4.02 5.73 3.64 3.69 3.76 5.73 4.61 9.03 10.02 9.2 4.14 6.99 18.44 22.56 12.3 7.53 10.97 12.63 6.07 3.92 4.14 4.56 4.92 8.26 12.99 22.71 27.98 49.91 57.8 30.16 14.37 12.69 7.41 7.64 6.98 11.41 8.77 9.09 8.4 7.72 6.3 8.76 14.5 12.73 20.43 12.32 17.42 14.7 13.89 9.79 9.14
5.15 4.64 9.2 8.6 7.62 15.02 14.81 15.96 9.42 7.6 2.0 2.68 2.95 8.15 7.67 3.66 3.93 4.36 7.18 3.6 5.59 5.2 6.6 7.07 10.03 26.07 11.76 7.75 7.14 9.64 8.11 8.01 3.12 2.21 6.86 8.26 6.41 6.64 10.62 31.96 18.59 30.59 24.95 10.94 7.73 5.58 8.15 8.84 9.72 8.46 5.57 8.63 6.03 13.64 9.37 8.32 9.5 19.41 12.03 8.2 13.09 20.66 7.25 7.48
3.77 3.84 4.72 9.66 8.67 14.63 9.55 8.6 9.46 9.66 8.61 5.3 6.24 13.22 7.66 4.83 3.7 7.5 8.79 5.7 6.65 6.21 8.32 10.95 11.77 16.67 4.64 4.69 8.0 7.79 9.79 7.61 3.6 3.08 5.38 10.54 6.77 7.52 13.24 23.14 20.03 7.9 6.65 9.75 7.8 6.86 4.96 7.82 16.32 12.84 10.94 8.91 6.99 10.97 9.19 5.5 3.97 18.85 12.44 9.76 7.48 11.6 7.08 6.71
5.32 6.83 3.82 7.36 11.67 18.02 11.92 7.62 6.05 3.96 5.35 8.03 10.78 9.5 16.36 13.73 7.37 6.7 9.04 5.23 6.66 10.35 8.26 11.63 12.81 13.16 5.19 4.63 5.45 13.39 8.82 7.21 3.19 1.85 5.02 7.32 7.03 10.11 16.05 20.87 25.62 11.96 5.67 3.61 13.97 7.95 4.86 6.34 19.79 11.54 17.06 7.78 10.5 11.96 7.55 6.06 5.17 11.37 21.27 18.89 14.55 8.19 7.86 7.94
4.16 3.54 3.93 5.24 6.18 8.58 7.49 5.18 3.25 9.84 6.52 10.19 8.15 8.2 12.82 8.64 10.64 10.31 10.76 5.38 9.63 13.43 10.07 12.66 15.41 7.85 5.43 7.11 5.0 8.81 20.11 8.25 7.42 6.05 5.93 7.29 5.75 5.03 7.56 11.13 15.54 9.73 8.68 3.71 9.06 10.1 8.16 9.79 13.43 18.08 11.72 12.52 3.9 6.53 5.38 3.21 7.23 10.81 14.48 11.44 21.9 7.87 10.72 6.35
4.09 4.45 3.65 4.06 4.44 4.54 6.5 4.75 5.02 12.5 8.53 7.17 7.55 11.0 12.7 9.76 7.36 13.32 8.68 13.22 13.63 16.66 13.9 9.11 12.15 9.15 4.81 10.22 4.76 5.8 9.52 9.29 9.1 8.71 9.7 6.28 9.09 9.59 5.72 6.02 6.1 8.96 17.13 6.42 3.28 2.76 4.4 5.26 6.31 11.45 10.66 11.08 3.73 2.25 3.99 7.3 8.55 9.63 15.46 12.44 21.71 11.7 7.36 8.7
2.38 5.07 5.98 11.38 16.29 17.81 10.62 6.99 10.23 4.77 7.47 6.99 11.21 7.77 9.55 10.56 10.66 6.1 10.01 9.39 13.77 11.63 14.11 17.82 11.74 15.19 10.1 5.17 7.3 8.43 10.17 9.44 12.61 9.81 10.39 6.46 7.84 13.23 11.1 7.28 4.39 12.37 15.46 15.51 5.37 4.13 5.36 4.59 6.66 6.09 5.57 12.77 7.59 4.16 6.23 10.79 9.6 7.41 13.42 19.6 29.59 8.12 9.47 8.03
5.65 6.87 9.46 21.12 9.38 22.1 22.79 14.94 13.86 7.94 4.69 4.76 11.61 6.81 11.64 7.45 11.46 6.75 5.87 7.54 14.83 11.54 9.67 14.63 12.47 8.3 8.46 7.79 6.47 4.51 8.84 9.43 17.73 17.36 12.38 10.5 8.35 10.64 10.55 5.95 8.9 7.06 17.44 9.65 7.21 2.65 5.87 6.59 4.95 4.85 5.68 7.44 7.56 4.19 5.45 6.15 6.34 4.61 5.74 7.09 25.66 11.29 5.58 7.43
5.22 6.01 14.54 21.8 14.75 21.68 13.63 8.21 5.7 7.24 3.59 4.55 5.0 5.45 3.82 6.15 7.69 7.43 11.64 9.47 9.48 7.69 7.48 11.14 13.3 4.9 3.61 4.91 8.15 4.75 6.01 10.21 12.17 8.95 8.78 8.47 7.82 6.65 9.04 7.62 11.05 8.54 19.86 10.69 5.16 2.88 2.84 5.42 2.98 2.55 5.34 4.12 5.29 5.65 5.64 9.65 8.82 4.74 5.97 6.24 14.47 4.56 3.97 4.21
4.57 5.53 10.47 20.33 15.44 13.13 14.57 11.45 8.98 7.55 6.74 6.86 7.02 4.48 5.33 8.47 7.38 4.4 13.49 14.46 12.45 12.75 12.02 12.79 11.59 4.22 5.15 9.68 6.27 10.04 10.26 10.65 23.36 14.39 9.38 7.57 5.0 5.98 5.43 7.57 10.51 16.17 12.27 16.72 12.8 4.46 6.07 8.46 5.69 8.91 4.58 6.24 6.22 8.12 12.77 16.07 8.57 5.11 5.05 5.11 8.67 2.94 3.07 4.89
4.25 8.63 10.37 18.22 10.91 8.79 13.49 11.77 13.68 10.57 14.96 12.21 7.81 2.4 5.03 6.32 11.6 7.37 9.01 19.33 9.13 12.24 9.96 10.84 15.84 4.95 8.14 5.26 5.28 7.07 12.04 17.04 14.27 7.8 6.97 6.76 8.54 9.18 10.72 10.55 8.97 10.21 10.08 17.49 20.11 9.42 8.62 14.66 8.38 13.81 8.0 5.73 3.65 7.15 14.11 26.08 11.8 5.36 3.03 6.94 5.98 6.95 2.89 7.03
6.58 4.68 6.99 11.91 11.51 8.37 11.5 7.74 18.11 7.66 9.65 7.48 3.87 2.26 2.13 3.05 6.72 6.84 5.7 12.3 6.68 11.12 12.27 15.1 7.97 5.51 7.45 5.35 3.68 5.89 5.84 14.69 14.18 7.83 7.31 6.53 7.13 4.62 9.47 13.55 8.06 5.89 14.38 13.47 15.27 15.49 16.77 17.82 7.17 11.23 7.73 9.52 7.04 7.55 16.42 17.49 9.04 6.63 5.05 8.79 12.58 7.29 8.51 7.22
9.14 5.9 5.2 7.18 19.96 8.47 6.55 8.83 8.69 8.93 9.37 9.51 4.16 3.91 2.82 3.54 5.12 3.99 8.96 17.12 8.86 12.61 20.12 14.35 6.57 4.94 4.34 3.43 2.79 3.81 6.1 9.66 6.92 11.88 4.37 5.84 4.75 4.93 7.3 8.51 5.75 5.0 5.73 6.72 8.05 10.05 24.45 17.17 11.69 16.54 10.13 18.14 7.65 5.56 6.15 9.11 7.72 3.52 12.1 8.82 8.69 6.25 8.09 6.15
7.75 12.67 6.9 8.79 8.56 12.69 5.07 9.72 7.38 5.99 6.29 5.54 5.54 8.48 4.68 9.43 3.9 4.6 5.71 16.57 7.84 11.02 10.49 7.81 6.29 5.21 3.99 1.9 2.53 4.5 3.12 5.1 7.3 5.81 9.43 8.7 3.27 3.18 5.78 4.87 4.39 6.78 9.32 9.3 6.67 5.92 8.1 13.01 12.51 16.07 13.34 7.64 11.65 4.03 5.15 6.08 6.27 6.08 19.29 14.42 6.03 6.46 5.21 6.73
6.8 7.31 14.59 13.23 5.58 7.98 3.71 5.06 5.89 7.99 10.77 5.16 6.87 4.62 3.24 3.2 3.0 4.36 4.89 10.01 10.22 9.76 10.42 10.17 7.74 6.37 4.94 3.84 2.28 5.25 4.43 8.19 6.64 6.43 7.63 6.73 6.06 2.76 5.62 4.58 2.68 4.65 6.69 11.17 10.56 4.74 6.06 6.1 9.81 14.93 15.82 7.49 8.4 3.99 5.1 2.99 8.35 11.44 14.09 11.58 6.75 7.64 4.62 3.06
10.9 3.99 7.16 9.54 7.15 5.61 4.95 4.59 5.29 6.76 5.45 3.6 3.12 2.77 3.02 3.47 2.31 1.9 5.87 6.3 4.94 9.46 42.54 13.51 11.73 4.9 6.49 3.85 3.2 2.39 4.26 4.08 5.28 6.82 6.79 6.67 3.56 3.2 4.18 3.74 5.0 4.27 8.94 7.18 10.36 5.18 4.3 8.09 10.89 20.05 8.64 7.27 10.07 8.19 5.08 2.98 6.6 5.42 7.24 10.11 7.39 5.99 4.12 2.51
5.63 5.87 5.36 4.42 9.52 7.19 3.64 2.6 4.23 4.0 8.02 2.35 1.94 1.86 2.09 5.71 4.51 2.43 7.52 4.38 4.09 9.48 38.76 15.39 12.94 5.36 6.45 3.77 4.31 3.16 4.69 7.21 5.67 8.01 8.59 7.93 9.65 4.77 8.0 5.59 6.75 10.38 11.94 12.0 15.28 11.17 6.7 6.69 11.83 22.16 12.34 9.74 15.36 17.64 11.69 4.71 7.49 11.19 10.8 21.53 10.43 8.06 6.61 3.73
5.0 5.78 3.43 4.31 4.17 6.07 6.23 3.75 4.6 3.19 5.79 3.0 1.75 2.95 3.12 4.76 4.17 3.09 4.43 6.3 13.02 13.67 11.94 14.08 10.84 15.88 6.77 13.82 10.94 5.48 5.43 8.36 3.79 7.7 7.87 7.94 16.46 10.13 8.41 4.94 8.78 13.94 9.95 17.39 10.36 9.55 7.07 8.59 24.06 30.96 27.85 10.17 7.05 16.69 22.56 10.16 5.99 7.66 9.86 23.66 33.38 23.3 5.5 2.59
2.39 2.19 3.15 3.24 2.32 2.29 2.08 3.49 2.66 2.73 6.31 3.56 3.58 2.57 3.72 4.26 3.65 4.75 4.6 5.49 5.41 13.14 13.96 11.35 7.92 8.62 10.24 8.31 12.33 14.18 4.54 4.43 3.92 6.95 4.1 5.45 10.48 11.58 7.01 4.42 7.13 13.85 12.32 12.59 5.72 6.73 3.02 7.6 14.24 21.29 16.89 13.97 5.65 11.19 8.98 14.6 7.69 5.47 7.51 17.6 13.72 14.33 5.17 3.85
3.38 2.04 3.05 3.01 3.27 2.47 2.23 2.12 1.87 3.43 5.2 4.0 4.41 6.1 3.95 6.79 3.88 5.97 7.71 8.01 7.42 11.78 10.76 7.15 9.56 10.55 11.96 11.39 9.88 12.32 4.92 1.66 6.33 14.18 4.86 4.3 7.06 6.78 11.26 5.72 7.98 8.71 8.35 7.42 5.42 4.09 3.17 4.6 9.1 12.53 14.49 6.55 7.91 5.31 6.15 9.14 4.43 7.44 7.54 11.57 14.92 12.7 7.84 8.1
3.73 2.66 3.68 3.05 5.92 3.29 4.14 2.71 1.9 3.83 3.82 8.35 7.95 9.73 7.35 9.74 6.15 7.64 9.63 10.8 14.51 9.23 8.28 7.69 14.67 22.9 8.62 8.62 12.14 8.91 3.68 2.71 5.39 6.7 11.64 8.84 9.23 7.69 10.69 9.23 3.94 2.78 3.6 7.05 7.14 7.05 6.01 8.01 16.53 9.47 8.73 10.34 6.87 8.7 7.56 3.02 5.27 5.0 7.01 6.99 8.24 9.3 9.48 7.69
4.36 5.17 3.69 3.04 3.62 3.93 3.69 2.51 2.87 2.98 3.23 10.65 10.6 27.42 27.92 22.07 7.92 6.99 7.0 14.93 12.39 19.66 8.19 7.2 11.16 11.02 9.6 7.37 6.12 7.43 4.45 4.88 7.66 13.8 14.65 13.64 11.27 4.59 7.31 10.9 6.02 3.46 2.55 7.3 9.74 9.87 3.73 6.17 9.43 5.83 8.17 9.17 9.1 5.58 5.48 2.9 3.63 4.74 2.95 7.91 12.23 10.0 8.38 12.21
3.31 3.73 6.07 6.13 7.98 8.48 6.21 4.01 3.59 4.97 4.28 8.41 17.99 27.44 19.21 21.19 7.05 8.72 6.0 9.9 8.56 11.46 8.08 7.34 10.26 9.07 7.07 13.4 9.66 6.52 8.21 7.6 6.71 12.24 7.17 5.32 11.72 4.18 3.9 5.15 2.79 2.88 2.26 6.39 8.87 6.6 3.2 4.26 7.44 5.45 8.42 7.43 6.45 5.71 2.79 2.52 6.22 6.87 3.93 9.65 13.07 8.69 6.3 9.8
3.15 4.31 5.73 4.07 8.58 10.73 11.11 6.45 4.67 6.88 6.1 12.95 14.17 17.62 15.65 18.07 11.64 4.1 5.05 5.0 9.69 11.51 11.11 9.18 8.55 6.76 9.26 12.69 10.48 4.56 3.79 5.38 8.67 9.31 7.08 17.1 6.35 5.6 5.96 5.7 5.08 2.99 5.34 6.01 6.67 6.43 15.6 4.81 7.03 5.23 11.37 7.82 9.39 11.77 6.77 5.62 10.27 11.06 7.53 4.59 10.84 6.16 9.03 12.49
6.86 9.53 19.91 11.94 8.88 7.44 7.54 7.04 8.88 10.3 14.32 18.38 10.87 9.46 11.36 13.83 10.6 9.3 5.43 4.6 8.79 4.36 8.81 7.68 9.14 5.96 7.44 6.39 8.57 5.36 8.34 7.22 8.56 6.63 9.44 8.33 14.53 14.54 11.7 13.33 8.83 6.88 8.85 5.19 5.98 4.72 13.13 9.76 5.38 4.0 10.28 4.8 5.99 6.55 12.31 8.07 8.53 8.7 3.79 6.14 6.22 5.78 11.09 13.61
6.46 8.12 11.99 17.88 17.35 7.69 11.0 12.71 9.11 5.5 4.4 7.27 8.26 11.32 13.33 8.44 9.27 4.17 4.85 3.99 3.45 2.94 4.66 3.83 5.55 5.42 5.07 8.82 6.46 4.3 5.85 8.06 17.08 6.95 11.63 10.9 10.43 5.59 6.47 5.56 7.11 7.22 5.12 3.86 3.38 4.24 9.77 10.45 8.5 3.04 5.66 4.8 7.46 6.74 8.03 15.62 6.27 3.84 2.51 9.74 14.97 8.7 8.98 10.36
7.96 5.77 12.42 13.02 16.38 9.53 8.77 8.57 7.56 8.57 4.22 4.65 4.44 14.35 29.33 11.11 7.75 2.67 3.59 5.13 3.49 4.11 7.31 5.23 6.95 5.21 5.02 7.62 8.99 4.27 5.11 8.45 8.12 8.6 5.71 15.04 10.58 9.53 7.74 8.81 3.15 4.53 7.07 5.94 6.3 7.29 8.61 12.4 10.0 9.45 7.23 5.74 4.38 10.43 11.51 19.88 9.14 4.56 3.69 10.45 16.29 17.24 11.37 12.09
9.02 9.71 10.9 14.91 35.19 17.02 24.17 9.92 6.11 11.86 6.82 8.28 5.09 11.97 12.1 11.16 5.37 3.42 2.49 4.66 3.97 5.26 4.85 4.9 9.63 9.45 7.78 7.91 11.88 6.96 5.97 7.83 6.13 12.87 11.98 11.16 8.46 8.31 7.29 7.28 9.55 9.5 5.6 5.08 4.56 6.82 8.71 13.71 22.66 17.65 6.88 11.35 4.16 15.61 10.76 15.03 7.51 10.27 6.28 11.12 12.59 13.35 10.06 15.43
6.97 4.85 8.88 15.09 27.83 21.58 10.57 8.71 5.97 5.84 7.6 8.67 4.12 5.69 4.3 4.21 2.61 1.92 2.87 4.8 6.66 4.82 6.42 5.39 7.76 19.33 7.33 11.43 7.37 4.73 7.2 7.09 8.25 10.45 11.99 17.7 8.51 5.97 5.35 8.18 8.14 7.39 5.72 4.2 7.5 6.4 6.09 5.51 17.66 20.29 15.66 17.91 9.81 9.71 7.06 12.33 13.16 7.19 9.75 14.47 10.12 6.22 10.08 13.23
7.29 5.52 5.68 14.2 9.28 33.18 17.49 18.93 6.18 9.85 3.95 6.07 4.83 8.03 10.15 5.11 2.82 3.4 3.32 5.19 5.34 7.1 5.67 4.87 9.45 14.44 12.52 12.32 7.14 3.28 9.54 8.73 6.59 5.1 6.75 8.78 6.76 7.13 8.04 6.72 9.96 3.94 5.06 4.97 6.29 5.7 7.68 4.94 8.09 13.84 11.98 8.18 12.43 10.04 15.85 13.59 7.28 5.68 8.0 5.8 12.84 8.3 8.92 8.63
14.68 11.16 5.64 14.96 20.11 41.87 18.45 21.86 11.37 21.11 10.73 6.82 4.49 6.08 8.37 10.24 7.91 5.59 3.23 2.59 4.12 4.74 5.71 4.59 8.21 12.26 8.1 9.87 9.99 5.47 8.99 11.13 5.23 4.18 5.08 6.07 5.17 8.69 6.03 5.88 10.62 3.1 3.48 3.68 11.44 8.66 6.12 3.63 7.66 11.95 10.86 8.88 15.32 12.59 19.25 21.26 12.29 14.12 11.45 8.51 6.07 9.11 20.66 6.38
23.86 11.31 9.44 10.07 22.84 16.18 25.84 21.06 13.78 11.98 9.03 8.11 3.69 6.95 10.3 6.69 12.11 4.3 3.28 3.7 4.74 5.18 5.54 4.5 6.97 5.99 10.59 18.12 13.25 6.63 12.94 5.91 4.82 5.65 5.76 4.09 4.37 5.68 4.91 7.37 12.96 6.58 8.37 5.73 14.11 6.65 5.23 2.68 5.59 11.47 13.35 19.16 13.48 12.87 9.06 12.7 13.43 20.8 22.34 19.57 13.72 8.38 13.43 7.11
11.97 8.81 8.09 26.15 14.38 13.95 25.3 15.87 19.22 10.05 9.98 3.0 3.19 4.52 5.85 3.33 15.42 6.65 5.57 2.73 3.77 2.9 3.45 2.6 4.37 4.19 8.12 10.1 12.22 8.32 15.33 8.66 3.84 4.5 7.34 3.62 5.23 5.13 6.03 7.25 7.84 5.6 12.67 8.66 9.11 8.39 2.92 2.95 2.12 7.07 9.22 7.46 6.89 6.06 6.61 7.59 16.9 32.54 28.9 11.46 12.3 15.45 6.58 6.57
12.28 9.71 8.4 23.04 11.97 10.35 11.44 14.35 24.57 11.9 7.09 3.7 3.97 3.53 2.35 1.5 3.14 2.74 3.6 5.14 3.81 2.02 1.54 2.39 5.09 7.97 9.36 10.96 6.37 8.23 6.28 9.55 11.55 7.13 10.25 7.79 3.46 3.84 10.11 6.93 11.02 4.62 7.03 7.86 5.17 5.02 3.5 4.28 7.99 9.52 5.07 7.46 7.0 6.96 7.94 8.44 10.97 19.2 26.14 12.0 21.01 25.09 16.08 13.59
14.51 10.45 9.0 19.84 8.36 5.73 14.24 13.74 22.14 9.99 7.32 6.27 4.16 2.5 2.68 2.33 3.88 2.38 1.92 4.44 4.25 2.02 1.07 3.3 4.96 8.94 9.72 9.27 10.24 7.06 11.87 9.81 4.78 8.31 7.49 10.67 3.67 9.05 8.67 11.09 18.46 8.31 8.07 5.92 9.24 5.82 2.67 7.09 10.71 8.89 6.01 12.36 7.19 10.23 7.96 9.69 8.31 18.12 17.62 13.61 26.21 18.28 23.06 13.7
5.87 8.1 8.74 13.21 9.42 10.05 14.18 22.39 17.35 6.42 3.26 3.17 3.04 3.54 2.9 2.66 4.76 2.13 0.89 2.35 2.1 1.95 1.54 2.36 8.35 6.0 10.98 6.77 6.88 5.01 4.97 6.59 11.47 7.88 8.82 7.1 7.05 7.87 7.75 12.04 19.06 15.06 5.36 5.36 8.77 9.24 3.38 3.47 4.4 7.58 4.98 7.53 9.65 7.55 7.25 4.65 6.92 9.64 7.21 9.13 18.04 25.78 20.86 19.11
6.75 9.24 10.72 7.59 5.75 8.1 8.82 7.54 8.83 4.23 2.75 4.65 4.72 4.61 4.5 3.46 4.05 2.24 1.68 2.44 2.79 1.27 2.03 3.54 6.91 7.99 10.0 9.75 7.57 5.68 4.49 4.87 8.47 6.18 7.21 4.96 26.42 14.0 9.52 6.77 6.74 7.95 4.25 3.71 4.0 3.12 2.34 4.09 3.71 11.5 10.42 9.12 8.14 3.54 4.3 3.93 7.59 6.89 5.86 6.04 7.11 8.77 15.85 17.56
6.6 8.51 5.6 5.7 6.27 7.86 7.51 7.67 5.99 3.68 5.11 3.43 6.03 8.52 15.16 12.11 8.0 2.94 5.43 7.86 4.22 2.47 2.13 2.6 6.64 5.07 13.87 6.75 6.6 6.96 3.63 3.82 5.25 8.5 10.79 5.34 8.3 20.64 11.32 5.04 5.19 6.89 4.63 4.13 5.25 3.68 4.24 6.32 4.88 8.86 7.35 8.91 5.95 2.96 5.11 3.86 5.62 4.5 13.01 16.82 5.62 7.33 7.46 13.93
7.08 5.99 5.1 5.34 3.37 6.66 5.26 7.36 21.35 8.47 10.71 7.2 3.56 7.6 9.21 16.51 10.39 5.97 3.73 7.47 4.71 2.55 2.12 3.77 5.06 7.85 12.85 5.52 8.94 5.58 3.58 5.48 6.64 8.5 7.0 4.67 9.59 13.18 13.09 4.97 2.08 2.78 3.32 4.6 5.04 5.18 6.11 11.94 6.48 10.17 8.88 5.79 3.97 2.92 3.79 5.95 5.37 2.28 2.63 10.95 5.56 8.72 12.87 13.46
9.76 4.12 3.24 4.21 2.43 3.73 3.2 4.51 9.71 11.43 5.55 3.82 3.58 5.43 5.77 14.93 10.77 8.23 4.64 3.95 5.12 2.39 2.92 4.39 5.18 9.36 10.87 12.51 5.86 5.28 3.14 4.14 5.13 3.52 4.39 6.08 4.92 7.26 5.57 3.88 2.72 1.54 2.18 4.16 3.29 2.54 8.25 14.5 7.81 5.36 4.78 4.33 3.45 3.01 5.78 6.15 3.82 2.93 2.84 6.25 8.04 7.03 5.35 11.55
5.24 2.82 2.55 2.51 2.31 3.16 1.99 2.2 9.98 6.7 7.76 2.22 2.7 3.17 5.38 6.22 9.88 5.99 7.12 4.23 3.56 4.18 9.28 5.99 6.49 8.81 11.24 9.25 11.05 7.85 4.02 5.2 3.64 2.37 2.87 5.12 7.6 7.64 4.86 1.89 2.23 3.23 5.46 10.48 11.42 8.39 5.68 10.75 9.02 4.71 4.95 3.35 4.63 2.3 3.68 4.25 6.55 6.45 10.75 10.66 5.33 10.37 11.55 12.63
2.6 2.2 2.33 2.29 2.53 3.04 3.61 3.02 4.68 5.32 9.67 3.63 5.85 2.63 5.61 5.31 4.35 6.91 7.45 4.37 6.24 4.23 9.53 5.59 10.06 11.11 13.39 14.44 14.18 9.35 8.22 6.24 8.26 2.78 5.52 6.02 14.65 7.19 7.8 2.09 3.64 7.9 6.74 10.95 18.43 5.54 4.43 6.16 7.75 7.89 7.04 5.58 5.07 3.96 4.93 3.81 7.21 13.21 7.06 14.04 6.35 9.86 6.44 6.01
5.71 2.55 4.42 3.66 4.74 1.8 3.45 1.8 2.78 2.7 5.18 5.4 5.03 2.68 2.42 3.63 5.11 7.41 7.3 2.93 3.99 7.34 13.21 8.24 4.25 6.22 8.72 13.02 15.9 5.34 6.22 6.85 4.32 4.02 5.66 10.4 11.15 7.23 4.44 3.95 2.39 7.68 7.87 12.4 17.91 8.61 4.19 4.71 4.75 5.2 8.71 4.17 2.42 3.6 4.54 6.92 16.17 18.94 10.89 3.88 2.8 6.14 4.56 4.22
8.34 6.38 4.17 3.54 6.24 4.03 1.7 1.64 4.67 2.48 5.63 6.12 7.34 3.85 2.28 3.99 3.35 4.54 5.5 2.08 3.56 10.6 15.94 9.11 3.5 5.41 7.95 7.9 8.14 7.16 5.4 6.8 5.42 7.13 9.29 10.23 9.53 8.5 5.44 4.0 3.29 5.7 3.66 14.38 7.38 15.94 7.88 8.12 6.47 9.18 4.08 4.89 3.04 2.58 4.5 7.52 10.28 13.77 5.04 3.12 2.0 5.96 6.22 5.39
20.06 11.93 7.68 5.09 6.57 5.55 3.1 3.38 6.66 6.82 5.78 4.68 6.16 7.33 8.25 4.08 3.42 5.99 4.81 2.11 6.61 9.53 14.29 9.27 5.73 9.26 4.86 7.66 7.51 8.93 6.97 6.24 3.37 11.67 21.65 11.2 17.98 11.88 9.38 4.09 2.06 3.43 2.65 13.86 11.75 12.21 5.71 6.74 8.01 8.52 7.79 4.95 3.73 4.71 5.27 8.03 7.97 8.87 5.86 1.6 1.24 3.45 5.07 9.19
17.51 11.94 10.76 9.64 8.13 7.43 6.19 6.77 6.96 6.22 4.64 4.46 7.19 12.39 13.65 5.41 1.96 3.41 2.75 3.39 7.59 12.78 7.51 5.44 5.81 8.02 7.61 6.04 4.83 7.06 6.59 3.68 7.19 7.83 14.14 13.47 9.8 15.88 11.12 5.24 2.03 2.26 7.41 12.89 14.66 11.67 6.62 3.14 5.4 7.24 9.09 3.65 2.74 6.65 8.6 5.52 4.4 3.92 3.77 3.96 3.17 3.49 3.64 3.45
7.15 8.56 9.86 23.24 16.13 13.39 11.53 9.98 9.25 8.49 5.2 5.92 11.06 7.79 9.42 7.17 2.39 1.74 2.18 3.83 4.64 5.61 6.19 3.25 4.4 4.4 7.64 6.62 5.65 5.75 7.48 2.78 3.41 9.6 9.4 8.78 14.05 12.14 11.57 12.18 1.96 5.62 4.45 8.26 9.88 5.53 4.56 5.06 6.13 5.18 5.43 2.5 3.35 5.82 11.52 7.85 5.64 8.46 4.2 5.37 4.53 2.58 2.24 3.99
11.46 15.91 10.89 21.95 30.29 11.52 17.23 7.59 5.79 11.09 7.01 5.48 7.08 6.79 7.62 9.32 3.78 1.5 2.8 4.62 6.24 5.31 4.02 2.97 3.95 6.47 5.61 11.97 4.7 2.68 2.78 2.87 9.37 10.4 18.62 8.37 8.08 9.27 10.96 11.07 6.22 6.06 4.08 6.03 6.38 5.94 4.8 6.63 9.46 5.13 5.29 6.35 7.65 11.55 16.46 18.1 13.27 16.45 5.93 6.59 4.79 6.62 3.6 5.74
