5.66 2.74 2.67 3.38 17.1 25.44 12.35 12.91 11.42 6.12 5.38 5.42 10.19 11.23 13.49 5.48 6.38 5.67 12.23 7.5 8.0 4.26 2.97 2.5 3.31 4.48 3.2 5.34 3.02 3.7 4.26 6.05 7.0 5.3 6.83 8.68 4.53 6.46 7.41 8.64 9.78 11.5 15.17 9.2 9.28 10.48 11.0 12.22 18.66 18.16 8.46 4.88 2.39 4.18 7.55 13.93 5.91 7.78 7.92 8.11 17.76 5.01 2.86 4.29
6.26 2.99 1.27 2.68 5.76 18.27 10.72 9.5 6.37 6.79 4.78 5.36 6.95 5.83 6.89 7.29 10.19 9.77 4.15 4.56 5.24 4.05 2.27 1.34 3.24 10.14 8.18 6.35 5.37 5.15 6.88 3.82 2.54 4.98 6.7 4.21 3.56 3.92 5.26 8.29 10.62 14.56 11.24 5.04 8.63 11.18 14.88 12.4 9.02 12.33 5.38 2.74 6.14 2.55 4.69 5.55 3.65 5.01 17.2 9.58 10.25 4.52 2.39 4.15
6.67 4.34 2.97 3.31 4.63 9.16 10.9 7.56 7.58 7.17 8.44 3.73 3.77 5.66 7.16 12.06 9.94 5.63 6.49 7.33 4.74 2.27 3.38 2.66 6.68 12.24 29.23 9.5 12.51 5.84 7.15 3.93 3.34 4.1 9.78 7.63 7.31 4.63 5.74 6.74 7.67 25.85 10.04 11.99 16.74 13.12 10.94 11.36 14.48 13.87 6.11 3.13 3.4 2.54 3.35 4.8 6.7 9.5 9.89 18.74 4.45 3.83 2.6 2.7
9.94 8.31 3.95 3.0 6.58 4.37 5.26 5.42 8.57 9.17 4.96 3.57 3.56 3.29 7.58 11.04 3.62 5.25 8.94 8.58 3.46 3.16 5.7 5.08 3.43 9.19 16.2 20.03 14.74 10.58 5.63 3.13 2.92 4.71 7.12 16.15 18.14 10.77 9.18 8.49 8.33 12.46 12.07 18.72 20.96 23.0 19.29 15.07 19.26 19.29 8.49 4.3 4.34 7.66 3.75 6.71 10.16 6.95 3.69 4.02 5.66 4.49 4.26 4.91
13.94 17.47 4.7 3.41 4.2 4.39 2.97 5.43 4.28 13.24 8.67 2.69 2.5 4.01 5.92 5.3 5.07 4.19 4.12 6.84 7.52 12.09 7.49 5.36 6.49 10.07 17.15 18.78 5.84 3.95 5.49 2.84 2.73 3.03 12.06 19.58 13.96 8.67 12.19 9.58 29.05 22.0 22.95 18.27 20.2 22.0 29.47 12.77 14.75 7.6 13.63 8.95 9.56 10.2 10.28 9.74 12.34 8.48 4.61 5.57 2.93 3.19 5.78 9.47
19.62 14.75 13.29 4.24 5.11 6.82 5.51 10.24 8.82 7.51 4.83 1.92 3.44 8.43 5.61 4.28 5.64 4.25 7.6 9.6 12.76 14.18 17.42 17.61 8.95 12.88 27.95 9.6 4.01 3.68 7.16 8.02 5.53 7.06 8.27 11.91 19.28 18.34 8.85 11.83 21.64 21.67 30.55 67.8 46.2 17.18 25.26 26.48 15.3 6.72 10.83 10.81 9.37 15.25 14.28 17.82 19.38 10.64 3.58 5.05 3.67 7.18 5.95 8.39
17.71 11.24 9.41 8.15 7.21 6.87 4.17 9.06 10.59 4.87 2.32 2.23 4.35 4.55 3.84 6.68 7.77 6.78 8.73 11.35 10.04 18.07 13.85 25.14 15.66 12.36 9.81 5.3 3.81 4.97 4.69 8.78 12.26 20.15 16.09 17.73 14.9 7.67 3.94 3.92 8.61 15.09 34.77 34.19 34.89 18.78 13.09 15.25 7.62 11.01 25.17 8.79 8.28 12.38 17.93 10.68 18.79 13.18 6.77 4.55 6.54 4.76 5.3 5.75
13.77 10.75 7.84 10.41 9.78 7.91 8.51 9.42 15.71 3.64 1.89 2.15 1.8 3.67 8.45 4.92 5.33 4.95 8.56 14.03 12.9 16.69 21.98 25.16 23.77 13.81 6.46 4.48 2.98 4.43 4.72 9.61 15.9 9.92 18.35 19.1 13.99 5.28 2.43 4.69 8.4 10.76 24.87 47.0 35.56 25.94 12.39 12.06 9.04 11.93 15.02 8.14 19.89 19.47 25.55 15.04 14.21 31.35 10.7 3.36 4.03 2.13 2.56 7.37
9.75 10.68 7.06 9.99 12.41 13.29 7.48 5.76 4.87 2.59 2.12 2.57 1.99 2.91 3.69 4.94 5.59 6.53 9.88 18.7 17.06 27.1 13.62 16.89 18.26 15.38 11.88 6.25 2.8 3.34 5.71 6.12 8.65 5.24 7.56 19.39 7.7 7.98 2.23 2.64 6.0 12.49 22.72 30.02 23.94 17.27 15.32 5.73 7.66 6.78 6.71 5.66 11.21 25.37 11.85 11.3 13.57 11.35 7.6 4.17 3.55 2.11 1.99 3.68
5.06 8.35 5.24 6.99 8.83 6.37 3.51 3.39 6.6 4.67 2.73 2.14 2.72 2.94 4.04 5.31 8.69 14.4 8.96 15.55 19.47 12.89 28.92 27.26 15.98 7.65 10.8 8.01 5.46 4.95 3.86 3.76 5.75 6.54 4.37 8.04 5.04 3.01 2.65 3.71 5.49 5.1 18.93 13.89 15.63 13.17 7.26 5.69 5.51 3.54 4.06 4.97 6.45 17.57 9.04 5.49 6.73 6.09 5.62 5.66 6.5 5.82 2.62 9.06
4.23 10.44 7.56 12.19 12.09 5.07 4.17 3.95 9.55 6.32 1.99 1.38 3.48 4.8 4.28 2.99 6.02 10.77 7.22 6.6 13.91 15.77 14.33 19.72 28.91 15.92 12.43 12.23 4.09 5.68 2.53 3.22 4.74 7.76 5.17 4.84 3.46 4.29 2.56 4.02 2.9 6.29 8.74 8.14 6.66 8.55 5.52 4.23 3.3 4.3 9.65 12.49 11.31 11.15 8.28 8.22 5.91 5.76 3.76 5.35 6.38 5.07 5.67 6.96
3.84 9.77 7.46 12.85 11.69 6.24 4.54 7.47 4.2 6.73 2.89 1.28 1.45 1.95 3.11 6.41 4.74 8.62 4.93 6.16 12.68 10.2 8.48 16.75 24.84 28.39 15.71 5.65 4.96 5.04 3.97 2.33 2.6 4.04 6.78 4.91 5.41 2.35 1.85 2.63 2.93 4.73 5.74 8.36 8.02 7.31 4.68 3.53 3.46 4.94 12.89 20.23 20.19 17.92 21.12 7.05 4.59 6.03 5.47 3.17 5.3 4.11 7.4 7.73
6.67 5.0 6.72 5.91 13.0 6.05 6.6 9.91 7.49 3.78 4.47 2.53 2.84 2.48 3.92 6.1 5.89 8.1 5.42 5.48 12.22 15.08 14.53 10.9 9.83 16.39 19.61 11.3 4.93 3.66 6.15 2.46 3.01 2.39 4.72 4.39 4.43 2.2 2.94 2.06 2.8 9.24 6.19 15.23 11.63 12.6 7.54 4.24 3.73 6.24 8.32 23.71 27.66 24.6 14.92 9.33 3.93 9.86 3.04 3.51 4.28 8.03 13.99 12.8
9.98 9.77 7.44 3.56 6.49 5.44 8.93 15.5 13.44 8.71 5.31 3.27 6.61 6.38 4.94 5.28 9.74 5.67 9.26 8.77 6.4 13.63 6.55 8.44 7.69 15.08 13.76 12.89 5.23 5.03 3.27 3.65 3.02 3.4 3.05 5.2 5.65 4.07 3.17 4.03 2.94 9.08 9.49 9.53 19.28 11.36 12.51 6.05 7.61 10.43 16.0 13.4 11.82 16.96 28.4 16.5 4.78 14.18 4.32 2.97 4.1 10.22 15.43 9.48
8.16 10.63 9.13 7.17 3.45 8.35 10.55 9.85 18.07 13.73 5.99 4.04 3.4 5.0 7.37 6.1 5.7 5.06 12.64 7.36 4.34 8.42 10.45 5.28 5.54 7.49 16.51 8.23 7.3 6.32 3.77 4.79 5.15 5.12 3.41 7.96 8.03 3.49 4.74 5.58 6.48 6.94 9.73 7.37 11.65 7.39 14.15 11.4 7.51 10.94 8.54 12.51 27.84 21.4 25.76 25.32 10.09 8.29 4.05 2.45 3.68 6.9 8.54 12.07
12.71 8.39 13.74 5.08 3.9 4.27 9.8 13.91 17.0 25.79 14.63 6.8 2.67 4.54 3.73 5.78 6.03 5.03 6.03 4.32 5.68 8.29 9.98 8.91 14.02 12.06 8.09 12.33 10.43 3.91 4.07 6.23 10.21 4.32 4.62 4.84 5.76 4.43 6.79 5.44 7.22 14.17 6.37 5.7 6.06 14.21 5.82 7.94 5.52 9.55 9.58 9.73 24.08 28.72 19.23 27.35 17.53 9.46 8.32 5.56 4.69 3.05 3.63 6.6
8.4 9.08 11.24 2.05 2.37 6.25 12.47 12.5 18.14 18.94 12.4 3.98 3.34 3.93 4.22 4.4 6.81 8.1 9.96 4.01 2.49 5.84 9.88 22.71 13.06 13.33 13.0 11.4 8.36 5.91 7.65 7.51 7.17 3.91 4.0 4.41 8.76 13.14 9.99 12.25 12.37 6.99 12.22 9.33 10.53 6.2 6.14 4.98 6.39 7.73 9.52 8.06 12.42 22.93 34.84 37.41 16.55 9.52 6.38 7.96 7.77 5.12 3.98 5.31
4.38 6.0 5.34 4.45 3.1 3.31 6.05 8.85 20.47 10.58 7.76 3.58 4.64 2.93 5.95 6.07 10.63 8.79 12.57 5.93 5.07 4.7 5.68 8.11 7.8 15.11 10.98 11.13 14.32 10.33 5.26 10.62 4.5 6.02 6.7 5.49 6.86 11.82 10.43 23.16 18.85 10.18 16.03 6.79 11.08 10.35 6.42 3.03 2.83 6.24 9.96 6.55 7.34 14.31 12.07 20.93 20.54 7.09 9.14 23.72 11.85 11.82 9.26 5.94
5.55 8.26 4.12 7.19 5.54 5.65 7.01 16.19 18.5 10.2 5.98 8.21 4.97 4.1 8.73 12.68 7.63 10.47 13.01 12.73 7.21 5.24 3.95 4.0 10.93 8.46 5.54 5.36 10.46 8.95 6.52 7.48 11.83 5.94 10.24 9.68 5.0 11.58 18.5 18.2 13.65 8.52 10.54 9.71 8.89 16.44 7.29 5.41 7.1 7.41 5.82 5.98 11.7 14.17 16.42 16.99 28.48 6.83 12.92 10.15 9.05 7.78 9.49 6.07
5.87 12.28 8.69 10.34 16.68 13.54 11.6 7.87 8.75 12.67 10.79 9.94 8.07 6.4 5.46 8.57 6.78 14.91 12.66 11.55 16.56 7.83 4.23 4.31 10.74 3.69 5.87 5.72 7.99 4.64 6.03 5.92 10.48 5.74 11.02 5.15 5.58 21.62 23.24 9.2 11.61 10.73 8.15 11.59 10.86 16.19 5.41 5.66 10.98 5.91 4.51 6.22 6.65 10.18 18.5 18.53 11.57 5.87 5.5 8.42 4.41 6.89 3.9 4.5
5.94 8.47 17.75 6.88 7.28 7.74 9.2 11.78 10.42 12.42 22.25 12.72 6.69 11.28 10.53 12.62 8.44 8.27 11.98 11.12 11.48 8.96 9.75 8.02 3.88 3.44 4.18 10.37 5.48 8.77 5.05 6.85 8.8 8.83 3.35 3.59 4.78 6.51 17.2 13.76 15.82 8.77 4.37 16.78 34.97 20.3 12.19 3.53 3.38 2.86 2.87 5.53 5.21 6.58 14.53 24.15 11.29 5.31 5.65 10.81 10.36 7.57 6.39 4.71
6.08 8.41 6.6 6.59 8.69 5.88 4.7 17.16 9.28 14.7 9.05 7.78 20.02 16.97 24.26 17.11 8.44 7.19 12.53 11.28 8.75 10.71 7.12 7.15 3.36 5.4 5.09 6.07 5.86 17.77 17.4 8.01 8.48 6.65 7.64 5.75 6.78 6.33 25.68 19.32 10.7 5.36 4.91 8.39 25.52 20.34 7.79 4.05 2.84 2.47 3.17 3.5 6.48 5.66 12.98 28.61 24.96 7.33 7.74 8.1 11.57 5.74 5.75 2.77
10.54 12.14 6.28 9.57 11.51 6.0 8.18 10.74 16.23 16.31 8.12 8.03 7.94 6.07 21.96 30.51 22.84 15.1 4.22 8.55 9.9 10.95 9.86 5.22 4.6 6.02 7.71 5.64 11.16 12.28 14.71 11.49 8.51 4.63 6.86 8.15 8.2 6.08 13.83 10.17 3.06 4.15 4.2 5.12 9.39 9.16 3.71 4.87 1.95 3.68 4.98 5.06 5.98 10.1 15.82 12.47 6.51 9.91 5.73 3.9 4.32 2.82 3.69 3.0
15.38 8.5 6.49 10.17 16.13 11.89 15.44 15.76 13.81 12.22 11.92 12.08 6.63 12.1 18.82 23.08 12.99 12.36 7.14 9.21 14.79 17.12 10.4 7.96 6.69 5.85 8.75 9.75 11.42 9.72 10.16 14.45 7.84 6.87 3.74 4.56 4.84 5.62 9.0 6.95 4.34 4.39 6.63 8.25 6.47 4.93 3.65 2.48 3.78 9.63 16.19 9.46 8.0 10.19 19.91 12.06 8.39 6.58 4.18 3.44 1.95 1.71 3.61 6.3
10.6 4.98 9.73 15.91 7.8 7.82 26.53 17.76 11.14 8.27 8.72 14.0 11.66 16.18 16.07 15.63 15.34 9.81 7.91 16.27 22.81 10.45 9.88 17.19 7.88 4.87 5.0 6.65 7.06 8.64 4.3 9.06 11.21 5.7 3.28 3.93 5.1 7.84 6.34 5.42 7.37 4.42 3.29 3.49 4.13 5.35 3.81 3.38 8.2 12.42 16.8 7.4 7.89 12.13 21.98 9.13 5.05 7.14 4.15 3.09 3.28 2.5 3.2 3.87
8.93 7.4 5.85 13.06 13.74 10.33 12.23 4.87 7.51 14.77 16.2 13.74 11.07 13.4 25.97 16.55 9.12 8.02 9.95 13.98 11.54 25.26 13.5 12.03 5.14 4.83 5.73 6.34 5.36 6.49 5.08 6.8 17.97 11.0 9.57 6.7 4.35 5.44 5.54 7.79 4.31 3.5 3.24 1.45 2.28 3.8 4.6 7.39 8.07 11.54 9.64 7.07 8.28 14.44 9.12 4.49 2.52 4.76 3.88 2.91 5.17 2.66 5.13 4.59
17.45 17.58 13.15 14.02 11.44 9.42 8.03 6.53 7.5 12.15 23.06 16.81 16.25 15.81 20.16 10.68 5.95 8.39 9.02 6.15 13.63 25.77 21.99 21.69 15.18 4.76 4.28 6.64 5.46 3.36 5.47 12.07 20.9 16.32 12.64 8.87 4.93 8.7 9.55 2.86 2.94 2.81 2.22 2.72 2.76 4.04 6.04 6.94 5.43 8.93 3.99 8.61 9.97 5.92 6.17 3.7 2.82 3.98 3.41 3.75 5.54 3.09 3.61 8.67
19.82 21.64 20.34 16.8 11.11 9.61 7.6 8.59 6.08 9.21 16.7 10.3 12.59 6.39 3.45 4.58 4.83 5.77 4.79 2.91 11.76 16.66 18.82 24.71 11.99 5.2 4.07 3.95 2.27 4.47 5.28 4.21 5.52 11.52 13.93 9.55 4.63 5.72 3.71 3.94 2.85 5.55 2.81 4.94 4.49 8.17 6.38 4.18 6.2 8.8 8.73 5.47 6.79 4.08 5.44 4.01 3.24 2.31 3.7 7.37 3.24 2.48 3.45 7.21
14.07 9.53 13.29 15.54 12.51 8.48 4.68 3.97 7.55 7.9 6.31 4.56 5.72 8.58 3.19 5.92 10.9 4.94 3.27 3.93 6.77 21.56 15.96 10.86 9.29 6.03 5.26 5.59 4.32 4.93 6.68 4.81 4.75 7.7 14.46 5.71 4.41 2.85 3.91 8.18 4.12 6.27 5.82 6.42 10.5 15.39 12.8 5.66 4.95 12.2 13.15 6.21 8.73 4.62 3.72 2.04 2.26 3.8 5.86 4.12 3.44 4.87 9.02 10.69
10.95 4.86 9.53 10.94 12.84 15.65 12.53 4.31 3.35 4.37 7.24 4.58 2.85 5.94 9.6 12.68 10.05 7.98 8.14 4.76 9.13 14.15 9.56 9.36 7.01 4.09 5.09 4.63 5.17 5.89 6.92 6.12 5.91 3.18 8.5 4.98 6.43 2.4 2.11 5.0 4.45 5.33 5.98 7.02 7.47 11.69 6.86 11.34 10.55 12.66 11.72 7.48 4.34 7.7 2.8 3.27 2.47 5.79 6.93 2.79 1.7 5.48 6.39 6.26
17.38 2.96 5.65 9.4 9.36 17.2 21.26 11.21 4.44 7.58 5.03 2.96 2.3 4.37 10.55 6.83 13.67 18.22 8.64 5.72 8.18 6.85 9.25 13.32 5.68 3.26 4.03 9.94 10.53 6.72 8.7 5.07 4.24 9.2 8.37 3.04 4.31 5.39 2.55 4.06 5.78 6.46 5.1 7.07 11.15 10.78 9.53 22.02 28.59 20.09 12.43 5.72 5.41 9.05 3.57 3.88 3.15 4.32 6.98 2.66 2.4 3.68 3.83 5.79
18.08 13.48 8.13 5.38 4.43 11.32 19.04 14.09 9.54 10.49 7.39 4.11 3.2 3.01 6.33 9.92 7.38 8.76 7.79 7.45 6.77 7.84 7.46 9.34 4.94 4.25 14.48 10.15 9.01 9.42 6.38 6.32 7.12 10.21 6.42 5.18 3.63 2.1 2.7 5.81 16.86 10.71 11.47 17.87 22.04 16.37 20.44 11.51 9.7 14.24 18.24 17.67 10.39 4.42 4.18 2.55 5.46 7.8 7.14 7.8 6.72 4.9 3.24 4.33
16.15 17.74 4.83 2.73 7.81 7.91 10.62 8.45 9.03 11.08 7.17 5.33 4.39 3.51 5.23 6.34 6.02 9.09 9.74 5.95 6.37 5.15 5.15 5.7 5.2 7.68 7.47 10.82 16.32 13.38 15.87 14.69 6.79 4.22 7.91 7.42 7.64 3.14 4.07 6.6 15.82 20.27 16.37 17.1 12.69 19.54 13.35 10.46 12.66 8.09 7.18 10.83 12.32 4.62 3.57 2.68 4.96 8.49 6.97 14.88 7.75 4.31 3.33 2.75
14.93 16.72 10.24 6.07 10.07 4.75 8.26 10.7 11.0 11.44 8.46 7.98 7.79 2.8 8.05 9.85 15.17 16.36 6.22 5.7 5.18 7.2 7.79 6.71 4.79 5.87 8.06 13.87 30.3 13.32 16.0 14.25 16.84 6.37 11.15 21.27 8.64 7.72 4.0 3.81 6.92 11.05 12.9 12.02 9.56 12.29 13.69 11.56 7.89 5.87 8.88 13.39 22.58 11.26 3.26 2.14 2.84 4.52 6.04 8.31 8.73 4.7 3.19 3.78
23.1 21.15 16.84 18.8 11.56 5.68 8.05 9.21 16.39 9.01 4.96 7.78 7.02 4.13 4.19 8.58 10.98 8.72 3.06 4.5 6.18 6.47 5.79 5.8 5.95 6.29 8.23 6.88 10.66 11.64 9.46 6.6 5.67 7.04 11.56 16.1 8.11 8.37 9.08 9.01 10.21 10.64 14.45 14.63 11.65 11.06 7.49 6.37 8.46 10.72 7.99 9.79 17.5 13.19 9.72 2.37 3.56 7.5 6.94 8.68 7.39 4.49 5.01 4.33
11.37 12.55 16.39 18.43 7.1 11.82 11.67 13.2 11.12 5.83 4.84 4.13 3.3 3.47 2.73 6.04 11.97 5.85 4.09 4.84 6.64 4.13 5.11 6.06 5.1 7.71 8.11 5.67 7.99 8.68 5.94 6.87 4.16 3.57 8.02 20.16 22.78 15.93 16.85 17.69 25.99 13.97 11.02 13.52 15.88 11.34 10.52 6.85 8.58 5.2 5.15 11.36 17.79 12.16 14.55 3.66 4.31 7.23 9.07 9.41 8.24 8.12 4.0 1.91
7.44 7.27 3.89 7.63 8.21 12.69 10.96 12.24 12.53 7.52 5.66 5.23 2.89 1.97 5.02 6.07 5.97 6.68 8.19 8.92 7.34 3.67 5.86 3.31 4.02 6.49 7.25 7.32 6.52 8.63 5.42 4.36 7.87 7.52 6.22 13.93 20.82 16.14 15.14 16.75 19.51 12.99 6.39 7.48 10.38 9.91 6.55 5.62 5.36 5.01 5.47 8.11 21.22 8.38 5.68 3.27 4.01 8.71 10.69 8.78 7.54 7.01 2.74 3.57
11.71 5.9 3.04 4.77 12.73 9.81 15.72 12.16 12.42 8.01 2.82 4.04 4.7 5.63 3.66 2.78 2.46 8.09 7.11 5.92 7.36 7.17 10.35 6.52 5.97 5.96 8.5 8.64 4.93 5.85 5.67 6.16 6.14 3.05 6.29 9.23 12.53 25.69 29.68 15.51 6.38 7.96 5.54 10.5 9.81 10.1 4.97 7.1 5.32 3.31 3.14 4.98 11.33 10.75 6.72 4.8 8.1 7.77 8.95 8.43 10.74 6.8 11.32 4.05
9.9 6.72 6.14 9.37 10.88 10.0 9.63 9.77 8.69 8.98 3.26 2.42 2.8 2.89 2.26 1.9 1.81 4.55 4.94 4.76 5.12 11.0 9.34 7.83 3.25 4.24 7.13 5.49 5.0 5.1 5.82 3.27 2.85 2.9 8.23 11.44 12.76 9.56 15.09 18.71 7.16 8.93 9.64 13.06 13.35 9.83 7.11 5.94 3.79 3.05 3.12 4.84 6.56 11.18 15.62 9.95 7.64 7.2 15.01 8.17 9.02 7.85 10.81 5.21
5.3 7.47 6.23 9.56 6.74 11.05 4.75 4.56 9.27 6.05 3.12 1.76 1.98 2.34 1.93 4.37 3.9 2.75 3.05 4.03 4.41 9.88 10.37 10.5 8.53 2.97 7.09 3.37 4.12 8.3 4.52 5.6 5.01 5.05 7.1 7.99 9.13 14.22 10.31 11.3 12.12 8.81 20.42 21.58 20.63 13.12 12.14 6.42 3.91 2.41 3.79 4.4 4.48 9.04 12.62 7.33 4.34 18.57 12.4 9.4 9.37 15.47 9.25 5.99
4.64 6.19 8.87 5.35 6.47 7.65 6.54 3.97 3.88 4.33 4.7 4.92 3.16 3.71 3.52 5.34 4.2 3.44 4.51 3.1 3.83 7.2 10.42 9.03 7.0 4.26 8.4 6.03 6.96 8.13 3.13 5.69 5.06 5.5 5.34 6.5 10.21 13.12 8.81 9.05 4.29 10.83 48.78 25.95 18.19 14.36 9.45 7.75 4.29 3.31 7.91 4.26 2.98 5.26 5.09 5.37 3.91 13.68 15.9 15.68 12.07 7.35 4.86 3.34
4.72 4.26 13.75 4.87 3.51 6.95 8.19 3.63 2.36 2.88 2.69 3.03 3.37 4.32 4.82 7.45 5.3 6.53 3.28 3.66 3.84 5.01 5.05 9.45 3.33 3.35 4.8 10.52 8.29 5.0 5.91 5.46 5.75 8.37 5.56 5.1 7.27 9.7 13.33 11.84 7.93 8.67 16.1 33.46 19.02 13.62 9.05 9.25 6.74 3.98 3.02 4.29 5.8 5.55 4.76 3.51 4.87 8.73 15.44 6.87 11.99 5.39 3.8 3.47
2.09 7.66 14.73 7.38 4.96 7.14 6.83 3.53 2.88 2.57 4.5 7.05 6.4 2.93 3.98 2.86 3.84 6.71 4.17 5.44 6.12 7.16 7.07 5.29 2.96 6.41 6.73 6.13 8.26 6.32 9.51 5.82 8.2 9.03 6.74 5.99 6.58 7.79 12.15 15.73 11.12 14.42 33.25 65.56 32.83 13.58 9.73 5.96 3.62 2.45 2.66 4.29 6.03 4.8 7.51 7.2 8.3 14.99 13.13 14.49 11.96 5.68 4.43 6.51
2.83 4.86 7.66 10.03 6.73 6.56 6.9 4.31 4.62 3.15 6.12 17.83 8.53 2.45 1.85 1.77 7.72 9.89 6.06 2.88 4.72 6.18 5.4 3.52 3.88 3.84 6.43 8.7 10.03 11.5 13.38 12.87 5.28 8.46 7.14 6.48 6.23 14.19 14.06 16.38 12.36 20.08 37.06 30.13 19.52 9.41 9.88 6.13 2.53 2.2 1.34 2.94 6.81 6.54 12.8 11.65 10.44 12.2 6.63 14.92 8.25 7.39 3.5 3.45
2.95 3.92 5.81 13.01 9.86 6.89 7.62 7.59 9.03 6.79 6.03 9.39 15.53 9.52 3.27 4.09 12.33 16.71 8.87 4.85 7.45 6.09 5.87 5.32 3.92 6.46 9.59 23.51 21.23 16.94 20.24 20.57 11.05 20.43 14.83 7.35 8.73 10.0 13.21 17.63 9.3 9.76 16.75 25.81 17.85 8.65 7.98 9.48 3.74 1.5 3.71 6.86 8.15 12.0 19.16 8.0 6.99 10.77 11.79 10.1 5.6 5.4 4.79 3.79
4.43 2.76 7.27 7.51 10.94 7.24 11.14 13.03 12.35 6.44 5.59 8.08 12.23 11.37 5.58 6.73 9.75 11.62 6.29 4.27 6.71 4.58 8.8 11.63 8.7 9.48 7.84 10.74 15.86 10.3 8.97 7.92 9.2 13.88 15.03 6.43 7.01 10.63 6.55 10.36 10.79 6.65 6.69 13.29 14.37 12.29 7.0 7.21 7.55 3.54 3.26 6.45 8.6 12.74 13.28 5.56 5.82 8.35 17.12 11.88 6.7 5.32 5.34 3.29
10.94 4.94 4.26 10.08 9.46 11.46 11.66 9.61 6.67 13.25 6.69 10.57 10.19 8.95 7.18 6.04 6.54 7.62 6.04 2.77 5.41 5.85 14.74 19.77 18.2 8.97 7.75 5.38 9.23 6.49 3.68 3.39 4.1 7.67 13.77 10.06 11.48 19.94 14.43 13.11 8.43 8.03 5.87 7.58 8.86 6.92 8.75 7.55 4.9 4.11 4.87 11.18 9.73 10.13 8.21 5.74 8.76 12.39 10.84 12.38 11.21 8.53 6.82 3.03
10.43 9.64 9.83 8.0 3.88 5.89 10.4 14.21 8.88 9.88 16.44 14.26 13.38 7.83 7.65 3.09 5.66 5.0 4.74 2.87 2.7 4.08 9.04 11.28 15.03 9.14 7.72 8.38 6.13 5.29 4.06 4.01 7.75 7.02 6.99 8.41 10.83 16.25 13.8 6.4 8.48 6.49 8.36 10.39 6.16 8.53 11.29 5.86 4.48 4.47 5.09 19.93 9.0 8.06 7.38 6.11 10.13 11.33 5.84 6.92 13.05 16.27 20.58 10.44
7.12 10.19 10.79 11.45 6.46 2.97 9.57 9.16 7.48 9.35 13.26 9.59 20.23 7.91 3.47 1.63 1.64 3.55 2.48 4.24 1.85 3.41 4.9 9.95 14.89 8.2 3.63 5.4 6.09 6.86 4.72 5.02 6.74 5.37 5.22 7.08 5.06 5.43 6.49 5.71 10.29 4.75 4.73 7.53 7.77 7.23 7.82 11.17 7.96 4.55 4.88 3.98 7.47 9.33 7.05 7.12 5.53 3.56 5.13 5.85 12.67 35.58 17.65 11.94
9.99 10.68 14.94 12.77 5.23 4.95 4.65 7.27 10.65 9.82 8.29 13.58 6.3 7.78 2.66 1.67 2.35 2.98 4.44 7.51 8.04 6.62 9.95 5.67 7.22 4.08 4.64 2.99 5.31 7.09 6.02 3.41 4.52 6.94 7.67 4.52 4.82 4.55 8.3 10.94 11.67 7.88 3.32 5.03 8.07 8.62 13.12 11.15 6.45 2.48 3.92 3.49 9.94 12.01 15.05 6.52 2.49 3.28 4.23 6.24 7.94 22.98 33.8 22.0
9.51 5.5 7.33 5.43 3.01 4.65 4.44 7.65 6.8 5.18 6.11 9.37 8.3 5.07 3.18 3.04 4.26 2.43 4.85 8.11 12.37 7.9 6.33 7.92 6.67 3.59 3.55 1.35 2.45 4.17 10.08 9.04 4.07 3.97 4.23 4.04 3.01 2.87 3.9 13.09 15.83 8.19 4.74 5.01 7.75 7.18 7.3 9.53 3.88 2.58 2.84 3.71 5.66 13.31 9.94 7.04 4.09 2.33 1.9 4.85 9.52 14.52 18.66 16.1
4.39 5.65 3.61 4.53 4.23 2.08 3.97 15.28 14.98 5.23 7.49 14.85 12.82 6.83 4.57 2.75 3.3 8.07 7.31 12.6 9.84 11.23 6.32 5.24 5.65 8.74 2.13 2.39 4.63 10.85 5.15 6.83 4.55 4.6 3.84 3.12 4.91 3.06 5.33 6.11 10.12 6.31 14.69 3.43 4.38 13.38 7.42 6.82 5.92 4.18 3.41 3.82 7.17 8.83 11.82 6.95 7.06 4.47 4.04 6.92 9.16 7.43 12.89 12.56
3.95 7.13 5.24 5.53 4.24 3.19 6.37 7.08 9.17 7.26 9.89 15.38 8.46 4.44 9.18 4.99 4.54 7.66 8.18 8.87 13.96 5.12 4.91 6.31 5.76 10.54 6.29 6.89 7.45 7.85 5.8 6.83 4.56 6.54 7.04 3.6 4.83 4.9 6.23 4.87 6.76 6.64 6.34 2.72 4.55 8.5 7.01 7.93 9.14 5.36 5.18 4.56 8.35 6.61 6.52 4.25 6.69 4.28 3.93 4.99 5.02 9.22 11.22 12.12
7.97 13.0 5.65 8.64 6.5 4.22 3.34 4.56 5.2 6.07 6.88 20.73 22.87 18.58 16.01 9.29 3.97 7.0 11.23 6.08 6.52 4.13 6.82 6.6 8.4 11.17 8.96 7.6 12.87 12.23 7.42 8.22 8.46 5.79 2.9 5.4 7.09 5.7 4.46 6.04 3.15 5.07 4.8 4.86 2.1 2.5 4.27 9.17 8.67 5.49 3.89 2.48 2.94 3.16 6.08 3.22 6.23 3.48 1.74 2.92 4.46 6.25 9.01 11.83
9.17 19.74 15.84 14.02 8.27 4.9 6.26 5.23 5.55 5.57 6.09 18.76 20.44 28.98 19.64 12.97 7.17 9.5 9.3 4.97 5.71 6.42 6.67 3.88 4.76 6.81 11.89 8.91 9.82 12.93 7.46 6.44 7.84 4.19 4.46 5.07 9.4 7.91 6.23 15.07 8.54 7.5 5.95 2.9 2.44 2.51 4.37 6.26 6.8 5.11 2.65 3.0 4.08 3.14 5.62 9.6 3.91 3.57 1.62 2.8 10.33 6.78 10.68 8.36
9.41 7.34 11.46 9.76 8.32 7.49 5.74 9.98 8.31 4.49 7.44 9.53 20.24 37.52 23.15 13.67 11.73 5.76 7.45 6.13 3.64 9.42 3.45 2.85 3.44 8.67 10.44 10.29 6.05 10.42 8.4 6.98 6.96 7.88 6.37 5.17 3.19 4.6 11.21 12.97 5.38 6.3 6.4 3.34 4.2 1.83 3.49 5.11 5.56 7.5 5.09 8.8 5.89 5.91 6.37 5.61 3.16 2.88 2.51 2.93 6.96 5.13 16.21 18.24
5.04 6.72 6.26 7.79 5.97 14.95 8.86 10.86 7.42 4.06 8.25 12.06 18.84 13.27 15.53 32.0 9.06 9.94 9.73 9.4 7.49 6.05 4.29 5.07 6.71 8.89 9.87 7.96 7.71 6.0 5.96 5.54 5.51 10.07 5.14 4.48 5.24 3.31 5.86 4.07 2.97 5.92 10.74 4.37 2.08 2.48 3.53 3.46 5.61 8.08 9.83 11.26 13.0 16.93 8.43 3.68 5.04 2.07 2.34 2.45 3.37 6.52 8.06 17.47
4.19 3.56 6.74 6.22 5.4 9.35 13.36 8.76 8.66 6.36 7.64 14.96 9.17 6.52 15.54 15.14 19.24 13.73 16.45 19.45 17.22 10.72 14.55 7.62 10.86 10.46 6.01 11.4 12.06 4.02 3.32 3.74 7.18 9.81 8.54 9.17 7.85 3.73 4.97 6.02 2.36 5.0 8.14 9.36 2.75 3.13 2.16 2.91 6.38 10.94 9.73 10.38 12.48 18.2 6.92 6.53 5.67 5.21 2.55 4.27 3.05 3.85 7.55 14.14
1.91 3.82 6.06 4.53 1.84 3.88 6.2 8.98 11.96 6.7 4.5 13.05 13.25 8.37 17.22 12.25 14.55 14.83 13.02 14.58 9.18 23.25 11.93 7.75 3.56 5.68 5.4 8.38 6.78 5.65 3.84 9.18 10.0 7.9 10.52 11.57 9.05 8.21 3.95 4.06 2.97 2.79 6.91 7.95 6.29 7.42 4.31 3.31 8.16 9.41 6.31 9.31 11.4 9.41 8.11 8.82 9.03 3.84 2.22 2.5 3.04 5.28 15.7 17.55
1.71 4.39 7.54 5.83 3.43 5.34 5.16 4.23 14.62 12.57 6.8 6.92 10.42 6.61 11.26 12.63 8.86 8.16 9.93 11.22 6.59 9.57 9.67 8.45 3.93 4.01 7.24 8.15 9.25 5.82 12.21 11.12 7.48 6.27 13.67 12.44 10.82 5.39 5.07 7.1 7.11 3.61 6.99 13.3 10.27 9.11 9.62 13.13 15.65 8.07 9.34 8.45 10.6 9.76 9.08 7.39 10.09 5.48 2.99 5.13 4.58 6.4 6.39 19.5
7.16 4.49 7.76 5.83 10.3 4.79 5.83 10.77 20.81 10.41 6.81 4.52 6.95 6.94 5.69 12.0 11.76 7.73 10.95 10.95 11.8 12.48 9.27 7.75 5.02 4.71 8.41 8.82 12.04 9.39 7.21 8.24 8.07 10.0 5.97 6.98 6.67 6.6 5.05 6.06 4.72 4.16 7.98 13.41 18.84 26.87 14.62 10.38 6.32 9.76 9.0 15.65 12.14 12.46 8.61 7.93 4.58 4.26 4.3 5.07 3.12 5.65 10.74 14.6
6.53 7.92 3.64 4.94 5.51 6.58 5.39 7.8 9.97 6.21 4.48 4.65 8.63 7.42 6.8 10.0 10.88 5.32 12.43 10.2 8.56 7.85 8.07 7.66 6.11 8.15 7.65 9.02 6.71 10.26 6.68 8.85 5.78 6.7 6.85 7.02 6.22 2.67 2.55 2.57 6.35 7.6 17.01 17.77 24.4 29.1 21.95 6.5 4.55 9.89 11.67 13.1 10.85 7.78 12.62 8.47 4.69 4.78 4.79 5.79 4.97 9.48 11.43 7.74
4.56 4.83 2.53 3.26 9.65 6.61 7.3 12.34 11.61 6.24 6.62 5.92 4.77 4.46 16.18 12.91 15.77 8.68 9.03 10.02 12.67 6.77 8.09 8.5 11.56 10.79 5.56 11.84 11.42 11.31 10.99 7.95 10.02 4.82 6.69 14.05 7.01 3.61 2.46 3.28 7.4 18.22 22.01 26.44 26.76 41.4 20.85 8.93 5.84 3.12 5.75 8.17 10.61 10.27 9.86 8.55 9.0 6.21 6.47 5.68 7.13 24.89 22.69 11.35
2.26 3.61 2.58 4.12 6.67 7.17 10.49 7.2 4.12 13.28 9.12 3.72 2.63 3.5 7.41 9.37 16.23 15.01 5.69 14.15 9.66 6.14 4.61 5.21 11.41 6.89 6.35 12.69 11.72 8.56 19.66 4.43 10.07 10.66 7.22 8.44 7.63 7.28 2.41 2.99 5.83 15.15 12.9 16.79 20.35 15.73 12.5 7.79 3.09 2.03 5.1 6.32 5.61 4.83 5.08 5.77 7.65 5.39 5.22 3.54 7.76 16.15 20.18 10.79
