12.98 8.73 6.61 6.83 8.41 9.33 7.18 5.83 6.14 4.77 4.81 5.45 3.75 2.14 4.65 4.46 7.74 10.25 7.28 3.53 17.58 4.33 2.8 8.09 14.69 17.75 20.91 25.0 20.44 23.59 11.38 17.48 7.66 10.6 8.13 3.93 3.97 4.97 4.22 5.85 2.79 3.6 3.26 6.1 1.82 2.15 2.18 2.42 6.42 17.01 11.42 4.37 4.29 3.79 3.38 7.58 6.62 3.45 10.31 16.75 9.16 30.32 7.84 6.15
19.42 8.71 7.15 12.13 7.56 7.0 3.42 3.31 4.2 4.87 5.88 4.88 5.57 4.57 6.19 4.04 6.75 8.59 4.11 4.05 7.62 13.19 6.04 5.38 8.08 22.35 25.41 20.04 25.91 21.37 19.31 13.97 13.23 13.96 7.92 7.36 2.87 4.6 2.12 4.21 1.98 1.51 3.44 2.4 2.4 1.21 2.4 5.57 10.32 12.59 9.29 6.39 4.99 3.73 5.58 8.02 6.05 3.86 9.25 15.68 8.16 11.11 11.62 6.24
11.84 7.65 16.22 13.68 13.19 16.14 3.91 3.7 3.35 4.11 3.11 8.19 6.46 4.81 3.29 3.94 3.78 8.71 6.24 4.29 4.01 8.32 5.66 5.23 9.27 11.46 15.24 16.85 17.02 17.49 12.22 18.16 8.24 8.46 5.86 6.46 3.43 4.25 3.53 1.79 2.35 2.08 5.31 2.07 2.89 2.27 3.49 3.07 5.31 6.76 7.42 7.65 8.11 8.09 8.64 7.42 3.99 4.86 9.85 10.92 10.35 7.74 6.25 5.04
21.68 10.76 14.11 15.3 14.42 5.82 5.15 4.33 2.99 6.85 4.2 8.94 5.0 7.36 7.93 3.65 2.31 2.58 3.45 3.48 4.57 7.38 7.78 6.17 12.9 12.69 18.7 24.62 12.64 13.08 13.99 8.56 5.77 5.22 3.43 3.19 3.59 4.5 3.1 2.21 1.07 2.76 3.1 5.2 1.83 2.17 3.02 3.97 4.89 7.1 9.86 4.92 14.15 10.47 7.82 3.93 4.12 2.54 4.63 10.58 8.03 5.71 7.87 6.23
7.76 5.92 9.69 26.16 12.97 10.03 4.89 2.72 3.32 2.45 11.09 7.38 10.8 5.13 10.01 3.08 2.59 2.31 1.78 5.66 5.99 7.71 8.9 6.95 7.66 19.97 14.67 16.46 12.79 6.69 3.98 3.2 4.9 4.88 2.68 4.36 2.24 3.56 3.73 1.93 1.54 4.11 5.29 5.16 3.72 5.18 8.01 6.69 5.62 9.25 7.29 5.93 4.85 7.15 5.19 5.77 4.83 4.22 3.97 4.69 3.69 3.46 7.23 2.35
7.53 14.2 16.67 12.07 11.12 7.66 4.17 2.52 1.72 5.73 6.02 12.31 5.77 4.22 5.56 4.74 2.88 3.13 3.97 1.99 3.96 10.13 9.77 9.93 13.73 18.59 16.43 14.79 13.57 14.58 8.22 5.64 7.52 3.23 1.99 3.57 3.33 3.77 5.78 2.38 2.63 3.04 2.48 4.13 8.09 5.87 4.47 6.21 5.38 2.01 4.56 6.49 4.41 3.51 3.83 4.11 3.65 6.4 3.37 6.65 4.61 3.39 3.55 5.13
26.9 17.63 24.27 18.33 8.77 8.79 4.79 5.33 3.52 7.22 4.6 10.34 6.82 9.59 7.63 4.27 2.73 4.22 3.78 5.29 9.52 8.69 10.97 11.67 18.65 18.65 19.48 12.31 10.81 11.44 8.15 6.75 5.5 4.76 4.04 1.5 3.73 3.04 4.4 2.57 2.73 2.79 3.94 2.97 3.13 3.13 5.33 4.29 3.12 2.5 1.78 3.86 10.18 8.37 5.98 7.89 7.76 8.08 5.23 9.39 4.41 2.81 1.74 4.24
20.96 13.82 9.29 6.02 4.18 8.1 5.97 8.75 7.25 5.68 6.42 3.34 5.53 6.89 4.15 4.62 2.51 1.69 2.32 4.53 11.18 13.62 17.42 15.07 11.98 15.98 22.31 34.04 35.14 24.47 6.89 9.14 8.46 4.53 1.77 4.06 4.74 7.79 11.78 5.72 6.55 4.14 5.38 3.85 5.6 1.98 1.85 2.68 1.97 2.78 2.63 2.44 7.57 6.61 7.61 10.03 9.68 13.34 7.59 12.03 10.46 5.36 5.89 2.86
10.57 8.05 10.48 2.54 3.6 4.18 3.37 3.08 7.44 5.34 9.68 6.92 4.97 4.44 3.27 4.41 2.02 2.25 1.77 3.16 6.42 14.14 11.14 15.05 7.36 14.7 17.63 23.5 34.25 19.07 6.46 8.57 7.88 7.02 2.37 2.9 4.09 5.54 7.95 8.64 4.95 4.57 4.35 4.93 3.97 3.83 3.69 4.54 4.08 2.13 5.75 2.84 5.46 7.81 12.07 9.07 11.81 14.8 14.72 9.74 11.29 9.47 6.27 6.02
10.03 10.77 4.11 6.15 4.03 7.34 12.63 4.03 3.52 4.07 3.76 2.91 7.29 4.94 3.78 5.02 3.14 2.76 4.05 3.87 6.1 6.94 8.31 8.66 7.5 8.11 10.01 27.18 18.99 18.96 6.34 3.42 5.43 5.28 2.15 2.49 4.29 5.22 4.38 4.99 8.5 7.21 7.02 5.86 3.23 2.51 4.14 3.62 5.13 6.2 6.95 4.72 5.42 6.25 4.8 7.0 11.04 10.34 13.18 11.14 5.25 7.37 4.69 10.92
11.24 10.47 5.67 4.18 3.36 4.8 4.58 4.95 4.51 4.89 3.78 2.17 5.15 3.47 7.28 9.9 8.12 2.85 4.52 3.55 5.35 13.35 22.28 10.61 9.29 8.91 18.26 10.58 12.8 12.15 12.72 10.72 7.72 2.71 2.49 2.98 2.5 6.54 6.46 3.64 4.84 6.4 8.6 10.89 3.96 3.71 3.84 4.08 6.64 13.15 15.18 12.46 4.37 6.99 3.85 3.9 6.47 4.02 5.53 3.62 6.41 4.53 4.3 5.61
3.12 2.57 3.8 7.03 5.98 14.1 7.61 2.86 2.69 4.18 1.72 3.16 4.76 5.7 6.4 7.02 5.89 3.74 5.89 4.61 18.07 9.81 11.75 9.2 5.5 6.33 10.94 17.46 9.2 7.39 8.59 12.33 12.47 4.98 4.92 6.73 4.71 4.77 4.24 3.63 5.29 6.72 11.7 8.44 7.24 6.85 6.14 6.34 3.86 12.86 27.26 12.57 8.51 12.86 7.18 3.31 8.26 7.65 7.87 4.27 6.77 4.0 6.27 5.92
3.96 2.38 2.91 6.23 4.22 11.09 7.18 6.31 3.62 3.65 2.06 3.49 2.94 6.63 6.39 6.05 3.81 3.39 3.28 7.84 4.55 9.34 14.13 12.5 5.3 4.28 13.77 20.78 15.03 9.44 11.16 14.37 13.29 6.64 5.21 4.41 6.35 1.83 1.75 2.36 3.23 7.03 7.11 9.32 11.6 5.98 13.07 5.41 7.57 8.66 13.39 18.43 16.22 13.06 5.31 4.71 7.19 9.82 8.27 6.04 7.52 7.34 8.28 6.34
3.07 4.69 3.15 4.06 2.92 2.59 4.31 2.7 3.08 1.95 1.87 3.23 5.49 5.62 9.29 19.37 4.75 4.49 3.42 5.33 6.92 6.71 9.31 9.69 5.93 6.28 8.7 9.13 15.15 9.81 12.53 10.33 18.03 9.16 11.25 7.16 4.85 3.14 1.56 1.29 3.01 7.98 7.44 7.1 14.78 7.75 13.03 12.21 8.85 7.07 6.6 16.93 11.44 13.56 11.21 6.41 6.04 6.67 3.64 5.05 4.88 4.82 7.19 7.58
1.75 3.29 3.04 2.5 3.88 2.91 4.32 2.61 2.36 0.89 1.39 5.43 4.44 6.64 9.14 5.35 9.08 3.55 4.8 5.46 17.91 7.18 7.27 12.0 8.17 6.32 9.55 14.2 12.04 14.02 20.8 8.71 7.73 8.83 7.41 7.87 8.28 4.75 3.89 2.59 2.83 4.09 3.45 10.93 10.29 10.05 7.87 5.31 8.79 6.66 10.93 12.87 17.51 7.94 5.89 3.39 3.37 6.87 3.77 3.29 5.86 6.85 6.2 6.55
3.55 3.14 5.96 3.52 2.71 2.21 4.37 3.23 2.68 3.62 1.98 3.26 7.05 6.73 4.83 3.14 6.21 4.63 2.95 7.25 10.46 11.35 5.48 7.79 13.43 9.44 12.28 11.11 6.91 11.79 13.39 9.8 10.64 8.01 8.38 9.39 8.45 2.19 3.21 3.24 3.72 4.45 7.21 9.58 6.81 7.13 11.2 5.34 6.93 7.75 10.16 10.56 9.2 5.59 6.13 6.42 7.99 5.13 11.09 3.71 3.05 6.23 7.87 7.69
5.55 6.11 4.21 2.81 2.86 4.09 3.12 4.35 2.48 2.27 1.68 2.38 4.09 5.37 7.5 5.44 3.9 4.74 5.11 6.7 7.76 6.93 9.02 19.28 26.84 22.11 23.61 10.54 17.22 23.96 23.02 24.32 11.14 5.43 8.2 6.8 10.13 5.52 3.17 4.17 7.29 5.2 5.4 6.66 13.62 12.79 6.68 5.84 4.97 4.55 9.44 10.92 5.4 3.75 7.02 4.05 10.19 14.69 18.59 9.28 4.78 4.94 4.33 6.95
8.33 4.96 4.16 2.28 2.02 3.88 2.67 2.6 3.51 2.65 5.2 4.23 8.61 7.98 10.25 7.13 3.31 3.32 5.64 3.47 10.65 4.93 8.14 19.2 30.88 13.08 18.76 10.13 9.14 16.23 31.61 21.97 12.97 14.16 6.41 5.26 6.24 7.89 5.41 8.63 5.59 5.14 5.55 10.21 15.13 22.54 11.44 11.25 5.42 3.72 8.72 15.68 14.44 10.58 8.38 8.57 9.46 12.86 10.13 16.55 9.71 8.1 5.39 5.86
4.81 3.91 6.27 3.26 2.7 2.96 4.18 3.66 3.07 2.82 4.15 3.12 9.7 10.83 8.26 6.95 5.58 2.02 3.67 6.52 7.84 5.0 4.5 10.29 16.97 9.98 16.07 8.42 12.03 11.7 15.59 10.9 9.52 14.19 7.87 12.67 8.24 10.21 6.42 6.97 8.73 9.14 11.4 10.89 12.13 23.4 11.19 8.89 6.66 9.03 7.27 13.34 21.39 18.2 15.67 14.97 14.66 13.67 11.44 13.6 3.98 8.29 10.21 5.95
5.22 4.28 5.15 4.09 3.14 2.9 5.18 6.8 5.79 9.03 4.24 6.22 5.84 6.44 11.41 9.7 5.94 6.6 3.9 2.84 4.1 3.86 4.66 6.38 16.94 11.06 7.33 6.35 9.96 10.08 13.0 12.62 11.19 6.58 5.58 10.05 9.8 9.74 12.77 11.29 12.81 7.99 8.36 16.53 36.87 11.35 9.17 15.5 6.21 8.73 26.04 13.39 11.09 14.52 8.91 6.49 10.05 8.01 14.21 8.37 2.93 8.58 3.8 11.03
10.12 4.85 5.18 9.15 9.64 8.86 10.29 15.54 9.0 12.32 8.57 11.89 8.88 9.51 17.46 6.98 9.73 5.63 4.0 3.08 3.17 2.47 2.98 5.23 12.95 12.13 9.64 8.09 6.96 7.87 9.03 8.73 12.5 8.29 8.59 11.43 11.89 17.55 10.23 7.49 10.28 10.04 9.11 12.89 10.39 14.95 11.56 10.89 7.67 5.62 21.12 15.24 12.66 8.17 10.37 5.93 4.65 8.8 6.88 8.38 5.58 4.03 6.1 14.65
14.55 9.1 4.38 7.22 12.26 15.39 33.79 17.59 18.1 10.44 10.23 8.11 21.0 8.1 13.11 14.37 6.81 5.35 4.29 5.64 4.02 4.69 3.9 9.17 14.35 16.11 14.51 9.11 10.16 10.84 10.26 7.5 5.41 4.14 4.46 16.2 7.88 26.09 11.49 12.14 7.07 8.88 8.5 10.11 10.9 15.09 16.18 7.5 4.49 5.87 6.99 18.62 10.92 5.14 3.15 3.39 6.22 7.31 14.49 8.07 13.84 5.53 6.68 5.86
8.08 3.96 3.95 4.86 9.83 17.18 12.74 11.14 6.09 5.64 9.66 8.64 6.65 7.75 10.13 11.91 12.13 8.64 5.06 8.09 12.61 5.64 7.96 5.07 13.73 22.14 7.83 15.18 7.59 12.62 5.68 8.97 2.87 6.01 5.75 8.44 7.3 11.83 17.68 15.09 7.76 17.17 15.06 11.11 14.13 7.67 11.52 6.86 3.64 6.5 9.85 11.28 6.61 5.75 4.01 3.22 7.41 12.27 7.01 7.86 5.94 2.52 3.42 5.48
5.41 3.57 4.34 7.24 7.24 19.81 12.66 5.53 2.8 2.8 4.01 8.86 7.34 11.05 9.64 13.17 8.04 11.72 21.68 7.17 25.05 10.05 5.93 9.15 9.21 14.95 8.09 11.31 9.07 4.96 4.71 2.1 2.4 1.48 1.47 4.51 5.42 7.57 15.52 18.88 13.52 15.03 6.77 6.38 6.14 14.09 8.99 5.21 5.28 5.24 6.76 5.78 8.42 8.35 6.91 8.74 7.62 15.95 7.44 7.6 2.78 2.72 3.27 2.13
7.97 8.68 8.71 19.1 11.28 8.26 9.65 5.69 4.64 6.74 7.1 10.94 18.89 10.09 7.73 11.47 5.62 6.54 13.47 11.3 7.83 9.67 10.47 5.34 6.07 4.99 3.86 4.98 11.26 6.93 4.06 4.09 1.37 1.21 1.82 2.73 3.74 6.83 11.95 12.31 10.01 14.64 10.49 6.49 5.24 14.42 10.57 6.36 13.3 9.35 9.21 7.73 5.81 11.17 5.94 9.54 6.31 4.87 4.33 4.61 3.01 1.52 3.03 3.23
6.91 5.46 7.85 11.99 21.11 7.62 2.95 4.15 4.98 4.15 6.43 15.03 10.0 8.56 4.43 5.28 2.81 8.99 11.67 16.16 9.38 9.08 5.76 11.06 6.88 3.14 3.71 9.57 8.64 16.48 6.65 5.55 3.42 3.19 3.85 5.2 4.66 8.65 11.22 7.43 8.86 19.22 11.99 6.72 5.43 5.06 5.8 4.0 8.77 9.87 15.61 4.44 6.9 8.04 4.99 5.3 5.31 3.65 4.12 3.45 2.08 1.55 3.49 7.92
6.49 3.51 5.7 9.87 6.26 5.86 5.67 4.69 5.85 7.28 11.86 10.91 9.44 5.46 2.09 3.01 2.55 9.08 5.94 5.29 2.72 5.23 3.85 8.64 4.55 2.98 2.35 6.86 5.17 11.99 5.63 7.32 5.17 2.62 3.31 2.0 2.49 3.85 21.67 27.47 20.82 13.96 15.26 5.34 6.37 12.06 7.54 5.42 10.2 11.06 10.5 8.1 6.83 6.76 3.81 7.64 5.97 2.1 3.32 2.88 3.52 4.26 5.98 5.89
4.92 4.88 7.12 14.33 4.91 9.68 5.49 4.01 5.07 6.93 8.61 6.21 5.66 2.88 4.82 3.62 3.0 4.72 4.95 1.82 3.36 2.8 5.57 5.48 3.69 4.19 2.64 4.05 5.65 5.4 4.35 6.79 3.14 3.53 3.59 3.56 3.26 9.39 20.28 22.38 30.41 17.48 14.19 7.29 9.06 13.44 5.01 5.38 8.76 9.45 7.23 6.74 8.08 6.36 4.23 4.43 3.41 1.84 2.76 7.55 4.52 7.8 6.24 7.53
3.88 7.49 6.61 8.83 17.37 6.63 6.13 8.29 5.1 8.22 7.25 5.07 3.27 3.97 5.52 2.82 4.3 2.83 3.99 3.25 3.17 4.93 7.72 7.81 8.37 6.78 4.8 4.17 3.35 2.52 4.33 4.13 2.38 3.83 3.53 5.44 5.02 10.61 18.92 22.52 31.75 14.96 9.57 10.57 12.76 12.39 7.96 10.43 11.14 11.11 8.76 5.61 5.57 7.8 4.79 2.41 4.87 4.92 3.35 7.94 10.19 5.76 4.61 3.64
3.11 6.9 7.29 11.98 14.09 17.37 8.08 7.21 4.81 12.05 5.98 6.29 3.97 6.5 4.15 6.71 6.63 4.39 1.46 2.66 3.24 3.85 5.62 9.92 8.69 5.62 8.99 5.11 3.45 3.8 4.64 2.68 5.12 4.52 4.78 7.58 4.7 3.71 10.74 20.01 19.72 29.66 16.96 4.99 6.48 6.4 6.64 5.58 26.28 20.98 16.63 8.19 5.48 6.66 9.14 7.7 5.67 3.77 6.43 8.81 9.3 8.72 5.01 6.48
5.25 8.34 9.14 14.81 15.14 11.55 10.33 3.96 5.63 15.06 3.58 6.12 4.69 5.99 7.5 9.11 5.57 3.37 2.43 3.98 1.83 4.84 5.38 8.7 15.15 8.87 11.48 6.14 10.09 4.31 8.88 4.24 4.51 5.23 6.34 7.92 6.18 3.33 4.62 7.83 13.82 20.88 13.49 5.83 6.82 5.6 4.88 9.35 11.43 20.27 12.57 7.78 6.73 7.42 8.81 6.34 5.59 5.46 8.6 5.9 11.05 8.0 5.87 6.84
3.81 7.83 9.5 11.12 11.91 5.6 2.79 3.24 4.63 7.06 7.87 3.68 3.26 4.35 13.44 8.93 8.8 3.26 3.69 2.34 3.62 4.12 7.12 22.2 15.48 16.39 12.85 10.21 6.04 12.45 10.81 8.26 18.1 8.02 13.08 7.56 6.67 4.34 4.47 8.93 8.74 12.24 9.73 9.08 8.29 4.88 6.64 17.31 8.71 28.37 10.17 13.18 5.19 4.21 5.23 3.83 9.59 5.93 4.58 10.32 13.1 6.47 3.94 5.66
5.97 5.68 5.43 4.71 6.45 8.04 5.34 3.47 3.28 5.56 1.85 2.57 4.23 4.62 12.79 18.71 7.4 3.01 3.64 5.69 9.4 9.98 14.15 18.97 11.93 11.17 12.73 7.28 6.09 4.55 8.5 9.22 9.85 9.88 11.59 11.3 5.57 2.01 2.59 8.71 6.97 9.81 16.31 12.07 8.78 11.56 10.4 13.22 19.88 15.68 14.32 7.46 8.77 7.57 9.53 9.35 8.18 13.06 7.3 9.47 14.45 12.28 7.4 3.24
6.73 15.51 12.13 7.49 7.48 7.69 5.23 4.55 4.54 3.41 1.81 3.04 4.99 8.65 6.17 11.28 7.36 4.11 4.43 6.21 10.34 7.64 11.76 9.46 7.21 4.03 4.83 5.51 4.6 4.27 5.68 5.49 5.95 4.23 6.3 13.66 7.04 2.62 6.81 7.6 14.95 12.59 15.42 13.56 15.63 9.67 26.33 19.29 13.08 13.47 10.07 8.37 8.42 8.15 8.03 9.03 11.24 10.62 9.76 8.22 8.34 11.98 6.59 5.69
13.6 19.21 20.1 13.45 13.14 8.2 4.63 4.21 2.25 1.82 1.58 3.34 5.63 7.42 10.56 10.94 5.66 5.79 6.64 8.16 11.91 6.56 12.91 7.01 4.72 2.06 7.05 6.76 4.33 4.02 5.7 3.45 4.29 4.22 5.07 6.87 8.49 12.02 4.64 11.96 11.57 13.22 10.92 8.68 3.88 7.75 11.0 8.13 8.98 7.24 13.78 6.65 9.19 12.2 9.21 7.4 8.59 6.53 7.16 12.44 10.69 6.22 8.1 3.67
28.43 28.84 20.85 12.0 8.94 7.82 11.02 3.56 3.3 1.83 2.36 3.62 7.01 8.05 9.78 7.3 3.98 3.96 6.17 11.66 11.07 16.52 9.09 4.4 2.68 2.06 4.86 6.61 6.05 5.31 3.67 2.66 2.64 3.9 7.02 6.91 5.55 9.86 8.19 10.55 7.98 11.51 9.05 13.28 6.55 13.93 9.2 10.2 7.6 7.11 8.95 7.98 8.05 6.64 10.21 10.58 20.53 11.23 13.47 8.55 14.41 8.27 4.75 4.03
18.12 34.58 25.51 21.52 9.24 8.08 5.39 3.09 2.05 1.98 4.75 5.55 14.19 4.96 5.77 6.64 4.07 5.72 11.61 15.75 12.99 18.71 12.7 5.24 4.35 2.97 5.37 10.86 5.28 7.72 5.29 4.47 2.61 5.31 10.09 5.13 8.17 9.91 11.27 9.21 10.54 5.85 9.24 10.5 6.84 8.27 8.87 11.99 12.5 13.85 22.25 13.98 11.14 8.53 8.91 8.46 14.99 10.93 9.85 17.21 11.0 8.04 5.13 6.38
22.06 19.94 21.83 12.95 4.91 4.69 4.79 3.89 1.93 3.63 4.0 3.77 7.93 4.52 3.11 2.19 3.32 7.26 14.08 16.06 25.99 8.35 9.53 6.0 5.53 5.27 11.28 4.14 4.37 5.74 4.85 5.18 6.34 3.07 3.9 7.68 10.08 9.63 9.34 17.73 21.51 9.37 9.03 11.98 10.97 7.5 11.49 18.03 10.57 8.1 17.72 14.08 16.16 21.32 26.08 11.66 5.8 8.39 8.92 21.75 14.02 7.23 10.03 3.99
17.73 15.32 16.39 7.67 2.45 5.13 4.64 2.13 2.26 2.39 3.62 7.59 7.63 2.96 5.69 4.29 3.51 7.09 12.66 13.22 13.52 5.39 10.5 6.08 8.4 4.58 4.52 8.25 7.02 3.87 6.57 5.14 2.47 4.94 2.0 3.78 4.22 5.49 5.62 11.12 10.47 9.17 6.35 2.62 9.36 12.6 10.21 17.35 27.21 14.11 29.31 22.5 16.68 17.56 19.89 16.6 7.58 8.51 12.93 20.16 32.84 8.69 6.69 3.22
19.6 18.6 9.1 5.85 5.86 6.45 7.47 2.48 1.92 2.66 4.04 9.45 7.65 7.67 6.73 9.47 6.6 7.89 11.96 15.36 11.18 10.57 10.54 8.77 5.62 2.93 2.89 4.34 6.1 4.06 3.81 6.4 3.02 5.3 3.64 3.51 3.08 4.34 6.08 5.09 10.32 11.04 5.16 6.11 5.47 5.98 12.52 10.98 15.35 14.31 26.99 18.01 23.6 20.74 25.09 12.16 11.36 5.12 8.8 8.35 18.9 11.5 7.72 3.14
19.07 10.78 12.07 8.78 5.09 3.82 3.67 3.13 1.63 4.79 7.38 11.33 12.21 7.67 6.6 4.26 8.17 6.09 6.95 12.31 13.52 10.83 10.25 17.99 9.29 8.56 7.77 4.75 7.59 9.61 12.6 4.64 12.0 8.59 6.06 4.39 5.57 5.06 7.25 11.84 3.96 8.17 5.75 5.04 6.3 7.32 7.88 7.81 10.15 8.06 17.32 18.1 28.5 30.77 25.98 13.25 7.97 6.3 7.88 8.86 9.5 13.18 5.82 3.08
17.57 13.3 8.12 5.78 3.1 4.67 3.15 1.33 4.39 4.12 10.14 10.45 11.99 12.89 9.09 8.03 8.13 6.26 9.76 7.54 16.91 18.66 27.36 20.02 22.06 10.65 7.75 7.26 9.41 8.55 12.23 8.5 11.65 9.64 7.61 7.77 4.42 6.23 8.13 6.63 8.31 8.02 6.65 6.35 8.49 4.52 4.2 10.3 13.19 21.86 13.42 31.24 18.1 22.68 38.22 19.58 4.03 11.13 12.49 9.18 12.87 17.72 13.71 5.46
28.73 12.15 7.81 3.49 6.65 3.01 4.61 5.28 4.81 8.28 7.32 10.2 6.68 8.52 5.96 6.28 8.22 8.36 11.2 7.58 10.2 14.84 21.44 31.16 19.16 10.55 8.61 9.43 8.63 16.58 21.7 20.43 7.67 12.99 8.37 4.84 10.42 7.69 9.49 6.15 12.81 10.17 8.5 7.38 9.05 15.95 8.02 6.17 9.88 6.51 10.47 12.78 16.79 31.56 14.74 14.91 16.42 12.62 11.44 6.75 9.41 11.67 12.5 12.11
25.48 15.39 8.26 5.64 3.73 3.46 2.82 2.83 2.33 6.11 8.2 9.71 5.91 6.24 2.75 5.1 6.87 7.3 7.64 11.18 9.3 8.08 17.01 25.19 8.06 8.87 7.13 15.45 12.33 17.65 19.59 13.17 11.9 5.91 7.79 6.08 6.77 9.71 5.54 8.37 8.17 6.9 5.47 2.74 7.18 7.06 10.17 4.68 7.6 5.69 9.62 8.27 11.36 18.07 13.73 9.32 17.15 20.43 14.81 12.4 11.53 20.5 15.14 10.09
13.87 10.03 6.78 4.41 3.15 2.69 5.18 3.32 7.26 6.89 8.14 3.91 3.68 2.83 2.8 3.93 4.07 5.04 7.21 4.67 7.32 16.86 10.57 7.66 6.92 4.57 5.37 13.82 11.41 15.92 11.18 6.78 8.43 6.12 4.18 6.84 4.27 6.16 7.1 5.47 7.54 9.48 5.88 3.51 3.99 6.54 3.18 5.27 5.76 5.4 6.4 8.05 5.49 10.6 14.35 10.2 12.77 17.95 8.0 7.12 12.19 30.6 21.41 15.27
10.85 10.33 3.24 2.94 2.89 1.61 7.38 5.92 12.98 10.35 8.89 8.86 7.42 5.15 5.77 6.4 10.6 5.84 7.86 5.85 6.7 13.49 19.41 13.3 6.33 3.3 4.6 7.72 15.57 13.5 8.25 5.96 3.5 5.48 3.29 5.08 6.22 15.03 6.33 9.04 7.82 6.51 2.32 3.44 4.57 6.51 4.39 7.13 4.46 8.58 6.84 6.79 5.27 5.43 4.74 7.42 9.35 4.02 5.53 10.41 7.85 12.81 12.28 7.88
9.89 6.75 2.54 2.51 3.45 3.91 4.68 6.59 5.22 9.08 4.62 7.31 9.68 10.48 13.87 6.4 6.37 6.45 5.65 7.83 6.08 9.99 14.33 7.21 3.05 2.64 5.6 6.88 8.51 11.85 4.9 4.62 4.02 6.81 9.27 10.82 13.77 9.55 16.17 11.39 8.32 12.66 8.78 7.86 9.39 5.78 3.71 8.06 11.5 8.59 8.4 10.67 8.18 10.78 7.19 6.29 4.94 4.12 4.98 8.04 9.54 7.03 3.88 3.3
5.59 7.29 2.7 2.78 2.73 3.01 1.31 4.48 4.68 7.7 3.5 4.41 9.19 8.53 9.92 12.62 4.28 9.11 5.6 5.91 6.93 8.73 10.05 7.51 7.57 4.27 5.64 9.47 7.53 4.77 3.16 3.59 5.55 4.6 16.79 9.96 7.22 8.7 8.94 8.95 7.46 6.31 8.44 5.87 6.66 6.31 7.53 10.19 12.15 16.56 5.7 15.8 19.82 10.03 14.75 6.87 5.15 6.57 4.33 8.45 10.39 9.39 4.65 4.8
7.41 4.27 2.8 5.09 2.43 2.78 2.41 4.41 6.16 10.42 8.6 6.61 5.31 11.02 13.92 9.31 6.47 6.61 4.32 4.52 5.76 15.18 19.46 12.97 4.29 6.77 4.42 3.47 4.86 3.18 3.78 4.32 8.21 9.12 4.87 8.73 8.95 5.6 6.11 13.58 6.29 5.18 5.32 5.02 4.16 5.4 4.47 11.9 12.19 11.96 7.18 11.85 13.65 9.52 9.62 10.7 6.35 4.2 4.41 7.03 11.0 8.3 11.03 4.22
7.92 3.04 3.71 5.62 8.3 6.22 4.71 9.75 11.45 9.27 4.29 4.94 4.47 11.07 14.58 7.7 5.81 4.05 3.13 7.3 6.68 16.76 6.89 5.02 5.59 9.05 7.06 7.97 6.47 8.86 7.01 9.45 9.79 11.79 3.47 5.18 9.86 8.66 6.99 11.69 6.75 10.64 9.52 7.04 6.68 5.56 7.91 7.13 8.2 3.76 3.78 7.33 15.39 11.68 7.61 7.71 3.48 3.86 4.01 5.48 9.43 11.4 11.19 6.62
8.85 6.97 8.69 5.0 7.29 4.95 4.61 9.11 14.32 9.4 4.78 5.01 4.97 9.54 9.73 9.52 3.48 7.2 4.66 6.18 9.29 16.01 6.37 5.05 7.68 4.49 6.73 10.02 7.41 7.55 14.25 15.18 7.46 5.89 4.41 5.72 8.99 7.44 8.13 7.61 11.05 6.79 12.2 6.76 4.95 10.49 8.17 12.9 9.37 6.78 6.26 6.11 11.93 13.97 11.62 5.34 8.23 4.32 3.06 5.02 7.75 10.42 17.05 10.68
6.84 8.42 4.97 6.65 5.71 7.8 7.94 17.41 14.46 16.73 4.81 3.2 6.56 8.42 7.63 4.5 6.55 6.0 6.1 4.92 9.25 13.31 9.66 4.54 6.89 6.2 8.14 6.22 3.82 5.74 10.49 9.59 6.9 2.83 4.44 5.59 5.48 6.07 9.17 17.45 8.11 10.58 12.83 10.48 3.9 11.02 20.39 6.78 5.66 8.33 8.83 4.98 12.62 13.2 10.29 11.2 5.33 4.55 4.55 4.99 4.98 5.56 11.37 13.75
6.48 5.0 8.08 4.97 3.54 6.23 7.05 16.0 25.52 17.98 10.28 6.02 3.45 3.74 4.55 4.0 2.96 6.12 7.19 6.87 3.87 9.3 9.06 4.62 5.09 4.29 6.68 6.99 5.06 6.18 8.86 7.13 10.59 4.04 3.18 4.56 4.09 5.45 9.4 10.48 4.94 8.58 4.27 6.48 6.76 22.2 20.62 18.61 9.95 5.88 11.21 7.22 8.87 11.45 11.16 6.76 5.56 3.92 4.51 8.27 10.37 3.5 11.42 6.63
9.02 8.77 3.88 5.12 5.72 5.35 7.41 9.83 13.85 12.8 8.71 5.8 2.47 2.42 4.19 6.21 2.87 11.93 10.05 6.49 8.31 11.2 9.8 5.69 4.12 4.92 5.41 11.85 6.36 5.4 11.25 10.5 7.09 6.18 6.68 2.41 3.41 6.27 7.45 6.59 7.63 4.0 14.28 13.16 9.92 14.02 13.2 22.19 12.96 16.72 10.84 8.78 11.76 8.88 9.71 7.03 10.47 5.12 4.38 10.38 10.81 4.67 5.3 8.3
10.85 6.98 3.42 4.11 4.29 7.46 7.18 13.92 8.31 9.69 7.93 7.8 6.71 8.81 6.14 11.35 19.38 8.9 15.51 12.5 10.82 5.84 8.0 4.6 8.06 7.37 6.78 4.83 7.63 5.07 7.93 7.64 6.85 4.4 3.26 3.12 2.26 4.3 8.66 5.7 6.61 9.19 12.42 13.61 21.59 14.84 18.95 24.69 32.97 22.54 11.34 11.74 16.97 15.57 5.51 6.72 7.62 11.58 8.29 17.09 5.96 3.77 7.55 9.93
7.05 11.8 4.89 3.64 5.29 5.02 11.81 5.36 7.09 6.25 6.88 5.38 6.65 10.39 5.17 5.81 9.08 7.63 11.44 6.87 7.92 9.42 7.08 4.84 5.25 3.01 3.36 1.54 3.54 4.23 5.9 12.59 13.68 5.46 4.65 5.14 4.44 5.37 14.48 11.23 8.76 10.93 20.57 29.59 22.85 23.97 14.06 31.08 38.84 13.69 8.55 13.19 8.68 8.82 12.17 6.65 8.06 23.93 18.65 10.73 8.78 5.68 6.99 14.26
11.99 5.72 4.69 9.4 8.53 9.48 11.55 8.1 4.65 3.95 3.93 3.5 5.36 8.83 8.92 10.02 8.14 9.87 6.75 5.93 8.46 11.89 8.99 6.34 9.38 3.92 4.36 3.74 3.28 5.41 5.81 4.94 4.48 8.8 3.9 3.06 7.73 13.41 12.19 10.99 5.56 12.89 15.54 16.45 33.16 14.52 17.34 10.19 15.67 7.65 14.56 7.61 12.01 7.02 8.11 5.35 13.61 14.73 40.68 23.62 11.63 6.52 6.24 24.91
10.44 9.16 8.29 15.14 11.78 9.24 10.19 4.88 2.43 3.49 4.96 5.01 9.51 10.16 9.2 11.81 10.13 10.22 20.13 12.35 5.91 5.76 8.01 11.72 4.58 4.33 2.93 2.52 3.77 4.7 7.25 3.25 6.74 5.49 8.68 6.13 9.16 21.09 10.01 20.64 8.73 7.75 9.16 15.29 23.56 12.67 14.25 11.87 17.86 13.42 9.96 10.66 10.8 4.4 7.43 8.68 16.14 21.06 47.18 13.79 11.51 3.85 8.71 8.09
4.9 11.1 17.15 19.65 14.05 11.78 8.95 2.44 2.83 2.2 1.6 2.25 8.89 16.03 16.01 8.08 9.61 7.76 15.12 6.44 10.11 5.05 7.26 6.16 4.08 2.8 3.36 1.83 2.26 3.48 4.06 5.22 4.79 7.67 8.43 9.93 11.79 21.76 17.52 12.28 7.3 5.42 4.93 10.66 10.0 7.76 10.89 31.93 20.14 23.32 10.13 16.99 5.13 15.07 21.06 14.05 19.67 16.67 22.4 14.27 11.34 4.13 8.58 4.79
6.22 5.22 15.23 16.38 10.03 7.81 4.68 2.39 2.98 4.17 3.48 4.08 5.21 10.63 11.89 7.11 7.92 7.69 12.92 6.77 10.28 5.29 8.8 4.98 4.21 1.74 1.31 1.97 1.99 2.39 4.73 5.1 3.79 6.11 2.7 7.71 19.43 13.37 9.61 10.89 7.13 2.5 2.67 6.9 6.64 8.9 8.28 13.62 12.44 11.58 11.58 10.44 8.05 12.19 23.41 14.21 11.74 15.72 17.67 10.76 5.57 4.0 6.19 5.2
11.03 4.67 7.46 10.25 14.43 16.96 6.7 2.78 2.39 5.35 5.1 10.13 12.02 13.34 11.11 7.16 7.13 4.74 11.38 11.76 4.34 11.32 7.4 6.0 3.14 2.73 2.82 2.16 3.37 3.68 4.96 3.35 4.65 3.61 3.9 4.9 7.01 7.61 10.73 9.7 9.95 6.63 4.49 6.51 6.06 4.2 15.88 4.61 8.11 3.52 9.6 8.25 7.78 11.3 8.81 18.04 16.5 20.68 12.04 8.24 2.83 2.35 3.64 3.04
8.85 9.65 6.12 7.15 16.92 8.19 7.69 5.1 7.16 4.6 4.75 9.01 10.61 13.83 8.91 11.8 3.87 4.19 2.45 4.89 3.43 2.79 3.87 3.11 7.66 3.95 5.52 3.91 3.02 4.83 4.43 5.4 4.49 3.14 5.22 4.0 10.67 16.24 9.19 19.14 22.32 15.43 9.25 6.54 6.9 9.64 25.64 23.74 14.17 4.55 6.99 11.0 9.26 11.12 11.07 4.56 12.67 11.25 7.05 4.46 5.03 5.59 2.87 6.8
8.6 5.22 8.27 6.47 9.25 3.52 4.26 3.41 7.59 9.76 6.79 4.12 5.47 5.29 6.76 3.52 5.26 2.62 3.31 4.12 3.0 4.09 2.39 4.14 4.86 8.33 6.74 5.68 3.18 5.57 7.49 14.73 7.16 7.09 8.85 10.82 9.65 8.91 12.2 15.58 13.97 8.44 11.73 13.71 7.6 9.46 6.51 15.42 8.58 6.73 5.79 10.12 16.65 7.29 11.58 7.44 12.84 13.43 3.99 3.59 6.55 5.37 5.26 4.2
5.62 3.0 3.13 4.0 7.17 3.07 2.98 7.07 8.36 10.67 7.8 3.46 9.9 7.63 11.79 14.85 11.12 4.13 5.33 4.18 2.9 3.37 2.89 4.66 4.83 13.69 7.49 5.12 3.83 5.39 2.92 5.0 8.37 7.34 8.53 8.89 5.81 5.0 6.82 8.61 9.14 8.65 13.22 5.46 11.51 14.08 5.8 8.94 9.31 4.68 5.75 15.25 10.5 5.82 11.33 5.39 5.86 9.55 6.82 5.76 6.89 6.18 7.25 4.56
