10.0 8.82 6.21 4.29 15.36 12.05 11.17 12.94 16.23 7.13 10.37 4.32 4.65 5.11 5.51 7.04 6.18 5.92 3.12 5.05 10.29 4.24 6.59 4.55 4.85 3.99 5.09 6.04 5.82 6.66 7.74 4.94 7.16 9.94 5.1 11.13 9.78 9.21 19.51 11.76 5.46 5.55 5.74 4.46 8.68 7.05 12.66 6.88 6.95 6.51 8.38 12.39 14.21 9.27 8.96 9.33 12.59 16.15 8.1 5.94 7.82 11.69 7.22 3.51
9.01 16.57 9.92 4.72 8.11 8.81 11.96 8.47 9.21 6.31 4.2 3.22 4.34 3.3 4.88 6.58 15.44 6.61 4.2 6.0 7.19 8.23 3.96 5.07 5.75 5.99 4.8 2.76 8.39 6.45 12.01 6.38 8.31 11.13 4.74 8.72 19.25 10.12 12.15 11.96 7.34 5.41 5.83 4.73 4.44 5.05 8.24 5.37 6.18 5.5 8.87 8.44 11.24 8.79 4.42 7.13 11.09 12.76 7.16 7.68 9.16 6.99 7.17 5.2
11.76 13.38 12.12 5.89 5.8 11.76 5.95 7.11 5.91 3.75 6.64 2.94 3.64 4.28 5.73 5.09 10.21 8.45 4.62 8.35 9.83 6.43 3.94 4.36 4.02 3.92 3.0 8.07 7.8 7.08 20.63 5.14 9.13 7.32 3.99 4.41 11.95 8.85 7.81 7.18 7.38 2.5 4.36 2.25 5.47 5.87 4.32 11.3 7.64 5.41 9.25 4.15 7.35 5.02 3.23 7.12 5.71 8.33 3.25 7.31 6.64 8.22 12.14 10.69
6.84 15.94 7.54 5.47 7.52 9.7 11.02 5.75 5.08 6.01 7.76 7.77 4.14 3.74 3.64 4.72 10.6 6.89 12.43 5.04 5.78 4.4 7.03 4.67 2.53 3.11 6.08 9.11 10.06 6.7 11.23 8.5 10.25 8.6 5.42 4.49 12.06 7.75 5.12 4.44 4.11 3.89 3.27 1.64 5.9 8.72 9.15 7.49 8.97 10.56 12.86 6.28 5.84 6.72 4.15 5.6 5.71 8.49 6.05 8.08 9.02 13.43 12.62 13.79
5.97 19.56 16.15 12.0 10.33 8.79 10.33 6.09 3.31 9.26 11.95 7.02 7.42 6.94 8.77 4.52 6.13 9.53 12.0 15.07 11.47 6.11 8.98 5.12 4.86 3.01 9.97 12.08 12.42 7.45 5.72 5.7 6.49 5.84 4.34 4.51 8.11 7.8 5.3 5.53 4.4 4.03 3.27 4.13 7.77 6.92 17.33 24.3 16.93 8.05 15.26 7.67 11.96 8.71 7.82 8.94 5.59 9.49 12.27 9.91 17.94 5.42 7.39 7.8
9.83 28.44 26.63 29.7 10.89 5.05 7.49 2.22 8.42 8.69 12.26 7.98 9.09 6.62 6.58 3.27 7.69 14.41 21.44 6.59 6.55 7.55 10.51 10.92 3.44 3.28 11.21 9.52 20.68 7.36 5.13 8.04 5.75 5.21 5.2 8.66 5.52 7.71 6.5 5.27 4.93 4.82 6.01 4.2 5.93 6.57 6.75 7.48 9.44 7.09 14.15 12.27 9.88 9.01 10.8 8.01 10.04 8.21 9.33 4.42 11.58 6.67 5.62 3.84
7.39 16.79 48.35 11.54 5.08 5.34 2.98 2.23 8.48 8.26 13.18 6.57 9.77 3.96 3.23 2.96 9.37 17.05 16.43 11.31 11.91 9.69 15.25 7.85 6.42 4.83 13.56 10.36 12.98 13.31 3.16 6.11 6.3 3.78 6.97 8.67 5.46 7.78 5.98 4.41 5.14 5.49 6.63 3.15 6.61 6.64 7.67 12.26 5.52 9.21 15.26 8.57 13.38 12.75 17.83 5.49 13.16 4.26 2.53 6.93 9.58 6.09 16.48 7.82
5.02 4.46 14.61 8.11 4.92 7.7 8.52 6.61 10.37 17.28 10.16 9.52 5.16 4.21 3.52 4.13 7.31 12.1 9.9 16.79 16.79 9.24 16.25 15.33 19.96 12.91 12.64 7.83 11.25 7.97 6.01 11.84 7.59 7.14 10.71 4.54 5.09 3.2 7.3 5.22 3.65 3.93 2.89 8.71 5.98 7.24 8.29 9.84 8.77 6.3 11.66 11.82 8.08 12.46 9.73 7.75 5.92 4.71 3.67 4.32 5.99 18.31 27.77 8.86
3.51 4.18 9.14 6.88 10.68 6.64 14.49 14.22 9.16 13.25 8.88 13.27 7.8 5.28 3.84 3.77 8.67 9.8 9.83 14.34 12.21 14.46 12.63 12.0 8.28 11.48 6.87 8.09 11.19 6.25 6.81 5.02 7.18 3.31 2.74 3.98 3.21 4.35 9.15 8.63 3.5 3.59 3.37 5.25 7.86 5.97 10.17 12.61 8.31 6.86 6.23 9.39 6.93 11.43 13.27 9.17 7.54 4.48 2.78 9.17 9.52 21.38 17.63 7.62
2.86 4.07 3.98 9.93 7.16 7.52 8.94 11.19 11.72 6.26 8.59 12.71 16.7 9.94 9.27 7.78 9.89 4.92 8.03 6.91 9.18 11.69 14.19 9.74 12.74 7.87 5.51 4.82 9.85 5.29 11.08 6.63 4.3 1.51 1.85 3.18 3.23 3.44 11.82 9.35 5.92 2.64 4.21 5.26 6.19 7.54 8.59 9.88 19.31 10.54 13.1 7.2 9.59 11.24 6.26 11.5 9.77 6.37 8.63 9.96 5.94 8.07 6.74 6.48
1.62 1.6 6.35 6.01 4.91 7.22 5.72 9.49 8.19 8.13 8.52 11.15 9.45 7.29 6.46 10.57 8.03 7.09 4.19 7.32 6.83 9.61 7.96 6.29 9.5 8.4 7.26 5.04 4.38 15.7 10.17 4.32 5.95 1.72 3.14 3.55 7.06 4.27 7.22 7.56 5.86 4.31 5.33 5.66 11.18 6.27 14.78 9.27 12.05 10.53 16.28 7.93 13.71 13.37 10.73 6.24 31.07 6.87 6.09 11.18 10.69 14.98 5.97 6.29
2.89 2.6 3.43 4.84 6.73 6.01 8.58 9.42 9.51 2.53 4.5 5.88 5.75 5.26 7.78 6.94 9.13 7.1 5.92 6.69 8.83 18.42 14.85 8.38 8.14 9.56 8.52 5.35 4.78 8.15 13.67 6.08 2.54 1.87 3.19 3.2 4.84 5.01 5.65 6.87 10.77 6.8 2.91 11.95 10.74 10.37 18.54 12.84 13.8 16.29 13.35 12.68 11.39 8.0 7.69 11.02 23.39 12.73 14.06 13.8 14.7 9.87 6.86 5.96
3.17 3.71 2.29 4.09 6.53 8.51 8.7 9.42 5.51 5.67 10.72 6.39 7.53 3.15 9.34 8.95 9.0 6.48 10.16 13.73 12.39 14.17 15.56 6.1 9.92 5.12 6.18 4.3 5.68 6.0 8.67 4.62 5.74 3.54 4.5 3.87 6.69 5.21 3.87 4.11 7.5 6.65 5.09 8.63 8.7 7.28 12.98 5.34 10.27 7.52 5.79 12.71 12.12 15.82 6.74 9.96 8.1 12.01 10.87 18.44 17.68 11.41 10.07 8.8
4.16 3.87 3.92 5.34 7.86 12.57 9.82 14.88 6.86 5.63 8.63 2.91 6.02 6.06 8.04 7.5 11.36 8.44 10.88 8.8 11.86 12.55 7.97 3.4 5.53 5.6 3.41 3.78 7.68 2.2 6.19 4.6 8.4 3.67 2.51 3.33 3.85 6.7 2.99 3.46 5.56 3.24 4.86 7.31 7.83 5.81 11.29 10.85 5.68 4.03 7.16 15.67 24.64 9.61 8.11 14.13 9.38 10.32 13.62 28.16 24.38 25.48 12.18 19.7
6.21 8.02 7.95 4.15 13.21 14.19 15.09 19.77 8.37 6.22 8.49 2.33 5.53 6.73 7.18 6.41 10.53 9.0 11.0 8.8 4.52 7.89 11.68 5.94 11.67 7.14 5.77 4.75 5.32 4.94 7.86 4.99 11.91 4.37 5.76 3.97 3.86 3.17 4.22 3.18 3.44 7.87 4.56 8.77 13.58 11.7 11.48 7.79 4.62 7.95 6.98 14.2 31.52 12.14 11.01 14.55 8.04 7.98 20.78 20.14 22.9 23.97 12.26 12.7
7.08 14.42 8.58 5.11 11.07 13.13 16.21 20.08 12.59 7.11 6.63 2.17 3.86 7.32 6.66 9.98 9.35 5.02 8.14 7.83 9.81 11.12 14.06 9.34 8.32 7.8 6.33 5.96 7.95 9.38 7.8 8.98 9.25 5.97 2.92 4.53 7.11 6.52 7.52 3.1 11.13 10.18 6.0 8.56 6.03 8.49 9.22 6.06 5.24 13.53 5.87 9.92 19.02 12.46 13.52 17.9 6.05 5.92 12.7 10.45 16.34 8.48 8.23 19.71
6.16 23.68 7.8 4.37 6.45 6.15 16.46 8.48 6.25 4.76 5.37 2.93 3.16 4.24 1.99 4.16 6.02 6.15 7.97 3.42 11.6 11.96 7.88 10.17 11.16 7.29 9.83 9.78 7.1 14.37 7.61 13.5 8.45 6.84 3.14 6.42 6.46 6.09 7.1 7.33 7.07 3.53 5.66 3.35 6.9 6.36 7.82 6.97 9.61 13.16 11.54 11.86 13.71 4.5 10.52 14.87 6.99 4.38 9.36 7.58 6.2 9.29 9.72 12.88
11.1 7.63 8.4 6.89 7.36 8.74 13.21 7.87 9.02 3.95 5.72 1.85 3.93 4.95 3.06 2.67 4.94 7.38 8.97 3.93 18.83 10.61 5.59 4.61 8.88 7.09 7.16 6.13 9.22 9.85 13.03 9.82 11.32 3.86 3.88 4.11 5.55 8.54 3.99 9.12 6.42 5.21 3.79 3.1 10.67 11.68 7.74 8.89 18.7 17.37 6.48 3.51 7.06 5.42 4.72 8.91 5.56 4.64 8.97 5.19 7.44 7.85 5.45 10.26
11.34 13.4 9.9 6.24 9.79 9.3 9.56 13.35 6.74 5.4 2.86 2.46 5.97 3.18 5.3 3.46 7.37 8.89 14.75 8.59 8.77 21.74 7.59 6.17 12.25 9.32 20.49 6.5 9.12 7.55 7.18 7.51 9.0 2.04 2.78 2.55 3.66 2.54 8.04 5.86 5.87 6.13 3.81 4.38 7.73 9.49 10.45 8.38 22.95 21.14 7.8 3.87 6.41 3.11 4.27 7.74 11.97 5.47 9.02 17.49 22.92 6.92 6.41 5.59
9.67 13.28 10.31 10.6 5.18 5.06 12.81 6.14 4.7 6.92 5.09 6.43 13.74 8.86 5.95 4.7 6.76 7.45 13.06 5.66 14.01 6.93 11.68 5.48 4.6 10.98 6.95 6.76 7.21 9.07 4.7 4.25 2.78 3.35 3.17 3.32 2.34 4.99 5.63 6.22 9.58 5.44 3.51 6.61 3.64 12.68 11.01 15.94 18.56 23.23 9.93 4.96 5.31 3.95 9.92 6.48 8.62 7.51 5.71 8.0 19.61 4.53 7.72 6.6
14.1 8.21 10.11 16.79 12.43 3.63 9.18 6.05 5.99 7.47 4.34 14.1 13.53 10.89 10.43 8.62 5.88 9.43 14.82 3.75 6.98 4.4 4.03 4.65 7.8 10.17 10.18 5.01 5.2 4.41 3.43 4.37 3.83 4.65 2.68 2.46 3.45 5.15 4.77 4.08 4.47 5.52 5.15 6.55 5.86 19.41 7.01 19.55 20.79 15.23 11.26 10.69 4.09 4.07 6.66 5.56 7.67 9.41 3.55 10.69 16.62 11.76 8.33 8.35
15.94 4.05 17.66 11.12 10.29 7.74 13.29 5.72 8.22 7.23 18.72 10.6 11.58 11.84 12.04 6.7 5.95 13.16 16.95 12.27 5.39 5.97 6.31 5.41 5.47 7.23 8.25 8.93 9.65 5.9 9.61 5.27 4.57 3.51 5.48 2.59 4.96 4.92 2.2 4.07 5.45 6.51 12.57 6.27 13.36 29.84 13.23 12.78 17.96 22.96 14.45 6.91 5.05 7.44 13.05 8.98 7.03 5.39 4.08 8.83 23.12 16.74 10.01 9.25
8.27 9.71 7.51 10.24 12.36 17.04 25.8 7.49 10.28 10.41 8.08 8.45 7.06 10.88 17.31 9.99 10.74 12.45 22.98 18.08 11.49 18.01 3.47 7.4 6.57 5.68 4.21 3.96 7.39 6.93 12.42 5.36 4.02 4.53 5.81 2.05 4.97 3.27 4.48 7.0 7.85 8.02 12.62 4.22 9.7 15.66 15.58 14.42 35.58 21.12 16.2 7.08 5.16 11.82 8.73 3.97 6.75 8.92 8.79 7.09 11.66 19.58 10.52 8.95
18.1 10.64 6.08 14.8 13.04 15.86 11.04 6.88 7.02 9.12 8.57 8.21 5.44 6.99 12.83 6.4 7.25 10.88 12.68 23.68 12.65 19.92 18.05 6.59 3.59 6.32 4.0 6.65 3.97 4.28 10.43 14.67 5.77 6.57 7.36 3.5 6.4 3.66 3.71 4.02 5.12 6.62 7.4 5.41 8.19 14.55 15.1 24.57 36.94 14.42 14.22 4.49 10.62 9.95 9.1 7.09 4.98 7.23 4.78 8.96 12.17 26.72 19.3 8.67
12.33 12.61 9.05 10.62 5.94 7.8 13.26 5.14 7.02 6.59 3.91 5.33 7.04 6.53 12.46 9.39 7.54 10.04 14.01 7.95 17.59 15.0 9.8 5.53 5.99 6.5 4.54 6.04 4.0 5.47 13.88 9.05 9.73 8.17 7.37 3.85 6.11 4.76 5.66 5.67 8.29 14.55 11.2 5.32 11.19 11.1 20.88 26.56 26.37 18.37 19.48 11.98 12.47 18.58 13.77 5.41 5.5 4.08 11.69 19.75 17.37 25.47 10.52 10.51
15.95 12.89 17.58 7.67 6.48 5.87 4.77 5.7 4.41 5.36 5.62 3.72 12.2 5.02 7.39 4.8 9.19 10.65 7.56 6.93 15.35 11.84 10.64 6.02 10.67 6.73 9.57 8.87 8.43 8.21 7.01 5.24 8.71 11.58 9.12 7.16 7.47 6.24 6.69 4.93 10.16 12.33 15.47 9.56 8.07 8.38 15.02 12.25 12.88 27.24 17.46 16.08 11.91 17.77 11.46 4.14 6.48 7.01 15.44 26.43 16.2 18.63 15.32 9.68
13.97 11.41 12.11 13.92 4.79 2.71 8.32 5.43 3.89 8.17 6.54 6.03 8.91 3.32 9.05 7.13 7.58 11.65 12.48 6.74 24.01 19.71 12.45 7.34 9.56 5.8 13.08 8.69 8.02 5.24 12.61 9.96 8.62 15.26 9.72 6.01 7.06 4.33 7.37 2.29 7.2 11.31 8.38 7.93 6.68 8.75 6.64 3.57 11.94 14.36 20.88 9.48 9.59 10.35 9.99 6.76 5.26 4.93 9.67 17.27 10.53 16.25 9.66 6.24
29.54 15.6 11.94 6.91 5.09 5.23 6.09 3.24 5.62 5.25 4.55 7.41 6.61 3.73 6.34 9.05 10.13 11.78 18.9 11.05 14.96 7.85 6.92 7.07 8.67 11.09 6.84 9.85 6.49 5.11 8.07 5.02 9.66 11.36 6.93 8.05 4.77 4.45 3.23 3.25 3.04 5.9 7.53 5.7 5.25 10.28 7.52 4.16 4.51 14.06 9.27 4.54 6.83 6.5 9.74 4.4 4.44 4.45 12.31 27.17 19.41 19.7 21.79 13.13
30.22 7.88 12.05 8.26 3.2 5.02 6.03 5.32 7.64 4.91 4.39 4.59 4.45 4.97 5.69 8.59 9.9 8.93 6.45 5.43 7.42 5.96 4.16 8.55 9.81 5.09 6.47 9.94 5.04 11.19 6.67 6.57 12.44 12.28 7.14 7.33 5.25 3.65 7.55 4.91 3.84 6.39 7.94 5.42 4.67 3.99 8.54 13.5 4.41 4.72 5.64 6.22 5.97 13.36 4.97 5.54 4.18 5.62 15.76 19.75 42.73 35.09 13.54 10.72
40.32 8.01 27.01 3.94 6.85 4.16 6.35 7.33 9.15 8.22 10.8 5.82 7.13 6.64 8.88 7.35 19.56 10.0 6.84 5.06 5.58 7.42 7.45 6.0 10.24 6.89 7.32 7.21 4.44 7.93 2.84 4.02 6.39 7.69 5.33 8.22 4.75 5.33 11.53 7.79 4.75 4.9 5.58 5.21 5.25 3.37 8.28 8.68 6.65 9.67 10.68 9.05 5.53 10.35 6.22 6.44 5.61 6.36 14.35 13.53 33.35 35.7 14.44 13.58
34.42 22.66 12.43 11.44 5.92 4.13 6.36 6.57 7.14 10.29 20.08 15.6 8.95 6.62 7.35 8.19 10.78 4.01 4.11 3.78 8.51 5.04 10.75 7.64 10.65 4.35 6.57 4.76 6.88 7.08 9.46 3.03 5.69 5.56 4.67 7.28 4.8 4.67 15.04 7.32 4.24 7.21 9.12 7.34 3.17 4.92 8.84 8.55 10.67 8.97 11.81 4.86 5.59 6.01 13.18 7.52 5.67 12.35 16.71 11.42 17.58 15.15 9.74 16.01
11.48 9.9 6.55 6.58 4.24 4.32 8.07 14.73 6.27 13.48 19.33 14.26 11.13 8.85 12.48 19.31 15.74 8.66 5.49 8.55 7.41 3.77 7.43 5.09 9.82 10.84 12.94 10.61 7.38 8.36 7.67 5.86 5.42 4.79 6.39 4.76 4.01 4.17 6.68 8.72 6.98 10.12 8.25 8.25 5.05 7.88 6.7 7.84 11.44 8.8 13.78 8.15 8.21 6.55 16.81 8.0 8.24 13.17 18.81 9.18 16.93 4.68 7.77 5.75
11.91 4.57 5.58 6.43 7.97 8.59 9.71 17.25 13.66 14.81 23.42 18.65 11.66 10.46 18.99 20.37 11.0 11.72 15.2 6.06 12.64 10.84 10.09 10.19 8.16 6.81 13.11 8.0 9.52 14.11 8.0 7.56 5.9 7.63 6.04 4.5 5.14 5.61 5.86 11.17 8.5 6.18 7.17 7.13 9.89 11.35 6.32 13.62 10.04 14.8 7.76 7.35 7.73 8.95 11.41 11.29 10.97 9.93 21.04 7.29 6.28 4.63 5.73 7.56
6.18 5.35 8.03 3.41 10.48 7.97 9.47 11.24 18.95 11.52 11.89 13.07 5.48 13.6 19.73 11.29 7.61 9.02 20.76 11.66 8.53 13.09 12.98 8.43 6.85 5.29 11.81 3.27 5.61 6.81 7.46 12.3 10.91 4.22 7.83 5.61 7.69 7.25 5.65 5.59 10.79 14.46 7.71 5.37 9.43 12.65 9.9 10.43 13.1 19.69 9.34 7.56 11.39 11.87 6.86 8.64 6.04 8.14 12.7 6.96 11.46 4.69 5.86 8.84
12.2 5.52 10.06 5.65 6.54 6.94 6.61 4.25 9.04 11.04 12.38 15.66 8.03 7.74 8.76 11.44 8.88 9.93 11.94 8.5 7.72 12.31 6.72 8.14 2.88 3.48 7.79 4.16 5.89 5.59 6.48 3.58 4.85 2.82 6.3 8.65 10.69 9.33 5.52 4.86 14.9 7.56 4.63 5.16 8.59 14.63 12.21 8.21 8.38 10.51 7.19 4.0 5.41 5.05 9.01 6.31 6.28 6.66 5.31 5.65 11.64 4.84 7.78 14.03
10.43 6.62 6.22 7.77 8.43 4.67 5.84 8.01 17.66 12.43 17.64 9.98 7.55 10.11 12.23 6.87 6.66 9.75 11.76 6.61 3.45 4.49 6.33 4.44 1.67 3.45 6.2 8.97 6.14 10.45 2.99 8.69 6.23 2.87 8.45 6.32 7.83 12.08 8.68 8.82 15.33 17.62 4.83 4.31 9.75 10.52 6.87 12.92 16.14 8.92 5.16 8.17 5.73 4.28 9.43 4.03 4.59 4.8 4.72 6.93 4.87 3.76 8.28 11.92
9.12 6.51 10.31 10.12 7.57 4.18 5.49 7.64 17.7 18.15 12.48 9.96 11.06 7.92 7.23 8.4 6.99 11.02 14.31 9.55 7.4 4.38 8.05 5.6 2.89 5.88 5.04 8.54 9.18 14.04 7.13 14.22 9.16 3.14 5.52 6.87 18.7 9.64 7.73 5.83 11.8 12.79 5.45 3.86 9.82 9.45 13.85 9.39 17.1 8.97 6.83 4.73 6.17 6.0 4.37 4.74 6.54 3.04 4.46 6.52 4.97 5.17 6.39 7.8
9.0 5.18 7.81 4.5 9.58 4.26 6.15 11.5 16.7 13.07 17.75 10.74 6.61 4.89 6.81 4.72 9.01 9.61 8.98 10.85 5.36 5.66 5.77 8.84 5.11 6.13 4.04 4.0 9.55 14.48 12.53 11.73 5.67 7.49 5.97 10.15 5.16 3.75 10.83 10.66 12.9 8.85 5.21 6.45 11.07 10.02 19.01 9.33 12.25 7.83 5.64 4.01 7.63 6.11 4.34 2.58 3.85 3.28 5.81 7.6 7.3 4.4 11.57 5.32
8.46 5.41 4.37 9.04 3.96 5.77 8.94 7.36 17.26 13.9 14.38 6.97 7.14 4.17 7.01 5.29 7.1 6.46 4.87 3.42 5.86 2.7 6.85 7.9 10.36 8.8 7.25 9.63 9.81 6.69 13.94 3.53 6.37 7.09 9.32 15.82 9.54 9.94 11.35 10.5 11.6 5.07 8.37 6.95 14.43 7.68 13.76 12.91 9.41 15.58 8.91 8.17 14.57 11.76 4.51 4.23 5.71 6.01 8.21 9.82 10.59 20.13 22.47 8.36
9.02 7.47 4.81 6.36 6.41 5.27 5.27 13.08 13.42 10.68 10.24 9.95 4.54 2.23 4.47 6.45 6.01 3.35 2.07 3.46 6.73 4.4 6.47 15.42 15.89 5.67 11.21 8.79 7.5 6.76 9.39 7.76 8.7 7.6 11.6 14.79 19.54 10.9 12.16 6.43 13.57 11.41 17.66 7.28 6.39 5.76 13.25 13.08 11.89 15.86 12.85 8.11 10.21 8.35 5.99 5.6 4.88 6.26 4.85 9.62 12.32 20.48 11.51 12.26
13.39 8.85 7.51 9.87 9.36 4.9 7.52 5.45 7.37 9.64 13.98 8.63 3.78 3.47 2.64 4.26 4.15 4.89 4.84 3.42 4.22 3.23 5.12 8.34 7.82 3.87 4.84 5.62 8.92 13.31 9.19 8.48 7.91 7.66 16.69 13.49 11.01 12.02 13.33 9.39 12.97 9.73 8.48 8.82 6.63 4.6 7.61 10.67 11.11 13.28 6.46 8.01 7.18 5.72 3.23 6.24 4.33 6.29 4.65 3.09 9.59 14.17 10.18 13.07
9.21 6.23 5.91 13.35 22.98 2.47 3.64 2.51 6.1 7.26 14.65 7.53 3.82 3.55 4.1 3.83 4.03 3.9 4.49 1.67 4.35 4.09 7.81 7.73 6.89 5.47 3.34 5.23 8.18 6.57 12.11 15.98 10.35 7.96 7.98 11.91 7.74 19.93 11.31 7.55 16.63 6.03 5.18 4.46 4.46 5.64 10.65 6.74 7.4 9.88 2.96 5.48 2.68 5.58 8.03 6.09 6.04 8.07 6.15 4.12 6.89 7.42 6.38 5.64
10.18 3.33 6.8 7.54 6.98 4.54 2.99 6.19 12.37 9.89 13.24 8.25 5.95 2.01 3.95 3.18 1.76 2.14 2.76 3.24 2.93 2.87 11.66 4.49 4.51 4.51 3.62 5.1 5.32 8.37 11.95 15.07 6.76 10.75 7.5 12.41 8.98 14.25 18.94 9.71 9.88 8.68 10.55 6.55 6.17 8.41 13.7 5.82 11.12 11.67 7.26 4.65 8.55 4.15 8.13 4.61 4.56 4.61 3.24 5.12 5.89 8.55 5.08 6.0
6.67 4.48 8.63 8.62 14.63 7.59 5.28 6.19 10.07 10.99 10.97 9.35 7.22 5.37 3.01 2.71 2.83 2.44 2.64 3.74 4.14 3.81 9.37 8.23 4.0 2.08 1.54 3.93 6.57 15.78 12.08 10.76 8.91 9.95 8.77 7.47 10.5 21.84 12.76 8.91 7.94 11.72 5.78 5.7 5.1 6.62 21.63 22.36 15.46 9.16 15.59 5.58 5.87 2.9 5.35 3.68 6.44 4.4 6.03 5.7 5.38 11.1 7.35 7.7
9.97 6.22 9.12 8.02 11.17 5.13 3.06 7.93 9.02 12.32 9.52 8.35 9.26 8.94 5.78 5.61 5.03 3.54 5.03 3.72 3.95 5.57 4.36 4.05 3.52 2.27 1.96 2.7 6.79 7.21 7.82 9.34 13.97 10.04 8.93 9.26 15.22 16.36 15.56 4.17 7.9 8.23 6.56 7.31 5.89 12.06 18.14 17.3 16.66 13.05 12.01 7.58 8.57 3.2 3.37 5.12 2.4 4.15 11.86 3.94 3.94 13.11 8.33 4.58
17.18 15.42 5.64 6.82 5.96 6.36 5.59 4.93 6.84 14.89 10.7 9.33 8.63 12.63 11.61 8.5 11.64 5.77 9.81 5.29 3.87 2.92 5.35 8.44 5.16 2.26 2.75 3.47 10.45 7.43 7.2 10.81 14.5 8.71 11.97 21.68 19.43 31.42 16.17 4.16 5.71 3.6 4.87 5.39 6.6 8.48 10.58 8.8 11.66 9.94 13.2 5.88 7.86 6.37 8.52 6.06 3.7 5.4 12.78 5.31 5.36 5.27 9.51 5.95
33.04 20.78 10.21 7.52 5.67 10.26 10.94 14.05 13.7 21.08 6.32 12.1 16.26 10.59 10.49 13.59 26.9 15.33 11.16 10.45 7.68 4.71 8.56 7.45 9.59 5.32 6.0 4.44 10.23 6.84 11.56 10.32 16.39 8.88 22.86 27.21 16.68 21.33 5.32 7.1 5.11 5.5 8.62 7.91 3.08 4.13 11.78 6.84 6.56 7.5 9.81 7.55 7.66 8.23 6.1 3.68 3.73 5.93 14.48 7.07 3.49 5.83 6.59 6.91
20.58 12.21 12.41 8.7 11.12 10.54 8.77 7.18 16.05 17.99 15.32 17.61 20.72 21.48 16.65 13.18 24.18 31.96 14.13 17.38 9.78 6.68 6.63 19.19 8.41 5.4 9.44 5.9 12.43 11.89 9.03 15.42 14.22 14.67 28.64 11.7 12.98 8.84 6.31 9.63 4.52 4.33 3.78 10.91 7.81 5.63 6.41 9.02 10.01 4.69 9.28 7.83 7.02 10.54 7.05 6.4 4.51 5.27 6.45 5.13 3.82 3.4 7.76 8.34
8.23 11.12 10.26 7.98 8.07 3.2 6.99 8.18 16.18 14.15 10.88 13.91 20.02 19.1 17.33 10.75 16.64 15.32 16.27 21.82 9.99 8.71 8.6 13.2 13.63 7.87 7.65 7.78 12.09 10.37 11.74 11.88 10.91 24.51 37.13 7.78 6.94 7.29 8.08 5.66 6.09 3.75 7.03 6.63 5.44 4.87 7.62 9.43 5.38 4.76 6.01 5.92 4.86 8.83 8.54 6.92 5.67 4.63 7.85 3.92 5.17 2.82 8.24 9.21
5.61 6.71 8.37 9.92 3.48 4.89 9.25 5.72 7.35 7.53 8.12 8.3 9.89 12.71 8.11 15.43 10.54 20.78 10.01 16.52 18.29 12.61 11.06 8.02 14.87 9.87 7.25 6.37 8.97 11.81 18.73 11.48 6.66 10.37 11.5 8.39 7.61 7.51 5.71 5.57 8.32 4.57 8.73 5.02 6.43 7.24 14.21 11.24 7.27 9.74 11.13 8.9 4.45 6.33 13.01 6.17 9.51 9.77 7.08 3.42 6.18 3.63 7.25 7.5
7.6 4.57 6.86 6.03 7.08 4.85 6.7 3.25 3.96 5.83 4.4 4.53 5.11 6.84 18.33 21.75 19.28 16.74 11.6 22.37 11.98 12.39 10.77 9.21 27.03 9.93 10.65 8.11 16.2 8.8 17.88 33.41 8.06 9.64 19.68 7.38 6.22 6.33 5.62 15.34 9.05 5.88 7.91 6.29 7.04 6.47 8.33 13.58 10.3 6.98 9.2 5.28 2.55 5.35 8.62 13.43 10.57 15.94 10.59 3.05 5.73 3.23 6.92 4.68
11.12 7.76 6.94 4.26 4.66 4.31 3.98 3.11 4.78 3.27 2.43 3.29 5.14 5.5 11.29 8.08 13.23 12.99 21.34 20.14 10.51 5.82 10.0 11.88 11.05 20.9 20.01 6.45 15.71 8.47 15.62 23.94 10.63 7.93 7.64 3.2 7.54 5.0 5.63 8.93 5.61 4.24 9.62 4.45 4.41 9.24 9.75 10.06 6.91 5.07 6.53 4.98 5.26 6.28 6.27 11.13 8.89 12.28 6.13 2.4 3.64 5.23 5.14 6.61
8.66 5.0 3.08 4.06 4.21 6.63 7.28 5.18 4.86 2.29 2.98 2.24 2.1 6.99 4.38 7.35 15.51 11.6 17.8 12.3 11.23 6.4 9.86 9.54 15.62 28.82 16.66 9.33 7.19 4.72 11.12 10.95 9.16 10.52 15.16 5.79 12.43 3.15 5.33 8.76 5.13 3.31 5.45 5.81 6.29 4.7 8.43 14.53 16.04 6.37 5.77 7.42 5.8 5.86 10.59 7.8 4.49 12.38 4.97 4.55 5.34 8.77 4.54 3.62
15.94 3.98 5.23 5.43 9.14 6.37 7.4 4.58 4.8 3.52 3.11 1.52 1.97 3.63 5.44 5.59 7.17 13.36 22.98 17.49 14.36 10.84 15.17 8.17 9.95 15.01 24.82 13.01 7.93 6.59 14.28 8.43 13.94 13.7 13.73 14.23 17.68 7.84 7.76 8.54 4.87 2.93 9.44 6.41 7.46 8.38 14.7 7.73 11.88 10.74 7.54 9.17 4.57 3.95 9.01 3.3 5.2 7.47 8.15 6.52 4.81 8.65 7.15 3.09
7.92 7.59 6.04 9.22 12.38 7.44 5.6 5.2 3.24 1.59 1.75 1.58 7.64 5.71 8.07 10.74 5.42 8.97 11.22 9.82 6.76 9.7 11.11 5.63 6.97 8.59 15.07 11.12 7.44 5.99 14.53 15.42 13.37 8.81 5.68 8.76 18.11 9.72 6.7 4.6 5.46 7.71 8.59 4.5 5.15 5.67 18.47 9.72 13.48 16.44 7.82 13.67 4.58 4.82 3.57 6.3 6.78 7.16 11.36 11.22 6.07 5.31 4.08 3.13
10.82 8.23 6.62 5.93 5.94 5.44 4.89 3.15 4.44 1.77 1.66 2.13 10.94 7.11 7.93 8.85 3.91 5.17 6.17 8.53 4.85 5.54 5.62 9.54 4.01 9.7 11.96 14.0 5.77 6.54 6.97 12.47 14.66 14.97 7.7 13.05 13.3 12.3 6.35 4.72 8.45 6.0 7.27 9.32 5.53 4.44 11.17 4.4 6.25 7.43 6.58 5.88 8.66 5.11 3.7 7.23 4.88 12.06 11.62 14.11 9.44 6.58 5.45 6.71
9.01 3.9 4.19 4.7 8.89 5.9 5.81 3.64 3.24 1.43 2.25 1.83 9.22 5.65 6.77 4.74 6.16 6.01 10.97 4.27 3.63 5.79 12.62 8.15 6.82 9.39 11.38 13.23 4.78 5.42 9.31 9.02 27.98 22.55 7.1 9.77 6.18 10.08 5.99 4.94 13.46 8.42 3.59 7.8 2.38 4.42 4.14 3.37 7.07 6.44 8.1 12.4 14.91 7.06 11.7 9.96 8.14 23.07 12.28 22.08 13.55 8.63 10.5 11.64
8.32 5.59 9.5 7.89 3.83 6.83 4.66 5.06 6.63 2.16 2.07 3.03 4.08 4.84 9.96 10.29 6.91 6.02 10.57 6.36 4.94 3.56 12.76 12.21 9.84 11.15 9.76 9.92 3.42 4.1 8.84 9.2 36.95 21.54 13.93 10.51 10.49 7.59 8.0 7.33 7.7 8.4 8.01 3.63 4.37 2.85 3.47 2.11 5.02 4.32 10.07 23.63 15.26 12.17 26.5 6.46 14.42 8.81 20.76 22.14 21.67 6.85 7.75 13.86
7.48 7.04 9.02 7.33 7.03 7.69 7.14 9.08 7.06 4.15 3.87 3.78 5.33 5.96 5.89 5.26 12.01 5.66 9.88 10.05 5.52 11.94 16.99 22.12 17.68 5.93 6.13 9.12 6.84 6.94 7.89 7.81 11.49 32.52 8.38 8.07 5.84 7.01 15.24 8.56 6.82 5.7 9.89 5.84 5.87 3.93 3.4 4.84 3.43 3.12 12.18 13.17 19.3 14.87 18.54 8.51 10.9 6.3 6.21 6.83 11.8 10.24 13.15 10.25
5.1 9.62 8.3 5.86 8.35 7.68 4.26 7.74 11.36 5.01 3.91 3.96 5.17 8.89 7.03 10.14 8.41 10.39 11.12 5.86 10.03 15.86 23.06 22.3 23.4 7.64 8.38 12.78 11.9 7.66 6.43 4.38 9.88 15.37 16.33 14.74 8.84 8.23 12.31 7.05 5.44 9.65 6.79 6.25 6.19 4.33 3.84 5.23 4.59 2.33 4.96 15.34 22.03 13.81 16.98 19.64 8.41 9.23 7.67 13.94 9.59 19.46 10.49 11.53
6.07 10.01 6.59 12.95 18.68 6.68 4.02 3.74 4.68 6.36 5.54 6.81 8.98 11.45 9.18 12.61 9.1 7.18 9.25 6.67 12.67 11.16 16.49 17.39 24.25 11.39 8.86 6.84 11.06 11.28 9.41 3.37 21.51 9.02 27.7 11.79 9.2 15.22 15.9 17.23 9.11 5.74 5.03 5.31 7.23 7.36 6.74 3.67 3.03 3.66 4.56 6.6 9.21 13.39 19.47 18.37 16.12 8.82 4.94 9.76 6.48 9.19 13.87 9.44
12.01 9.91 13.97 9.6 9.3 10.51 3.07 3.79 4.27 6.62 3.64 14.5 19.35 5.46 13.94 5.58 8.83 10.59 2.85 4.87 7.88 9.76 11.71 16.71 23.62 12.31 9.77 6.4 12.79 9.7 7.25 7.67 18.91 10.88 22.33 12.82 9.03 6.99 15.57 13.73 5.58 2.8 3.34 3.16 2.88 4.76 8.89 4.73 4.59 2.64 5.75 7.7 6.27 8.58 15.48 18.78 8.23 4.42 5.4 4.08 10.2 8.0 10.33 12.14
8.45 10.53 6.81 5.81 6.97 7.47 3.37 4.67 5.15 4.79 9.35 13.39 10.33 8.72 5.57 3.1 5.6 4.3 3.43 5.78 12.26 11.28 7.96 15.16 10.7 7.03 7.44 3.61 7.53 4.35 6.19 9.31 10.0 8.92 11.35 10.81 9.42 11.1 8.53 11.75 5.21 2.23 2.45 2.09 4.17 6.68 12.23 11.8 6.08 3.41 4.54 5.59 4.05 8.45 7.73 8.62 3.91 5.02 3.24 6.23 7.47 9.21 26.2 21.4
10.39 8.59 6.52 4.98 12.74 11.91 4.67 4.81 9.04 5.7 9.62 10.43 5.72 5.14 4.95 5.2 3.41 4.57 3.84 6.1 5.89 11.37 8.76 12.17 12.7 6.82 6.21 4.13 8.73 4.82 2.59 4.94 7.08 9.14 9.79 8.22 10.22 13.67 5.99 5.22 4.69 2.06 3.36 1.86 2.73 6.0 8.38 9.07 13.23 8.05 9.78 7.07 8.74 4.88 5.76 8.75 5.65 5.45 5.76 10.37 9.83 10.29 13.76 10.07
