11.69 5.75 7.41 4.65 5.72 5.75 5.22 15.53 5.24 4.85 8.55 12.12 12.84 7.62 10.6 9.76 7.09 9.11 4.07 4.19 4.08 3.56 3.77 2.62 4.39 3.21 5.78 5.19 14.15 12.34 17.69 4.07 3.03 5.25 4.62 7.04 14.31 7.38 9.92 12.49 6.92 3.54 4.39 5.45 13.35 11.73 22.31 14.2 5.77 5.0 8.16 12.35 4.36 7.3 5.98 8.79 10.54 15.89 6.56 9.03 7.21 8.7 6.37 13.49
8.98 3.6 3.35 2.03 10.24 7.66 7.14 29.71 16.92 10.91 6.13 15.17 7.71 9.15 9.09 8.81 6.67 6.02 4.67 5.83 4.87 5.12 3.88 4.06 9.02 4.65 3.78 9.58 11.95 9.72 7.62 11.07 4.22 4.46 6.94 12.51 14.24 14.46 7.68 8.54 9.73 3.71 2.65 7.03 8.93 9.07 18.07 15.48 12.77 6.54 4.95 6.99 9.81 10.33 14.98 9.35 16.36 22.79 11.52 8.19 6.52 6.76 7.63 11.26
5.37 5.83 3.8 4.34 11.78 6.41 6.76 22.81 18.81 9.62 9.71 13.19 5.02 5.27 10.78 8.15 7.37 9.12 9.8 5.74 6.35 5.14 4.5 4.7 9.93 8.68 9.76 9.81 9.85 10.23 7.73 10.93 7.33 7.55 12.16 10.96 8.6 8.87 3.41 3.7 4.73 2.35 2.76 7.19 7.4 10.73 19.69 13.87 12.39 12.0 3.25 5.77 3.96 15.91 22.51 18.27 22.01 25.91 8.27 10.18 8.62 8.55 15.52 10.46
6.96 6.82 4.97 4.34 11.83 13.65 7.56 31.67 21.02 21.42 11.77 8.76 3.99 6.15 6.68 8.51 8.89 10.76 8.28 5.78 5.28 3.76 4.68 6.29 8.84 5.42 10.77 8.82 11.69 14.07 4.9 6.8 4.27 7.96 17.36 8.94 7.6 6.92 2.94 3.51 4.13 2.13 3.63 6.43 7.18 6.77 11.03 15.71 12.42 7.06 3.6 4.35 5.76 18.75 21.67 14.15 9.91 8.41 5.46 5.21 6.38 14.59 20.86 13.63
13.24 8.07 5.98 3.43 4.65 8.55 8.72 28.88 43.02 13.75 13.86 11.87 4.71 6.24 10.09 13.23 8.19 5.06 5.43 3.57 1.69 2.93 3.04 8.19 11.33 7.99 13.84 9.3 8.3 4.65 2.49 2.53 2.07 7.5 11.07 7.74 11.27 5.61 3.82 5.46 7.07 5.88 3.45 4.5 5.89 9.61 9.03 15.1 9.1 4.82 3.64 3.12 3.95 7.95 5.15 9.6 8.96 6.52 4.63 7.16 10.38 11.47 12.08 6.26
8.23 9.82 8.24 8.18 7.56 18.36 12.86 11.85 13.42 17.47 16.76 8.75 7.86 15.24 5.44 4.23 6.07 2.63 6.86 3.59 3.37 2.49 3.46 3.29 11.74 9.23 7.51 11.75 14.63 3.91 3.18 1.96 2.24 10.66 13.26 11.99 10.14 6.18 4.99 3.74 8.01 6.43 6.49 3.64 3.65 15.27 9.01 13.37 11.42 7.97 7.31 4.48 6.21 6.45 5.03 9.12 4.31 3.97 4.6 7.77 6.77 4.5 12.81 10.66
4.84 7.29 7.42 7.7 10.72 28.78 19.25 13.25 9.67 14.61 16.31 16.6 11.85 17.38 6.53 4.4 4.23 3.32 4.55 5.81 9.24 3.52 5.76 3.45 3.35 6.19 12.42 21.36 21.2 7.62 10.14 6.03 4.55 6.42 7.31 9.25 7.53 6.35 4.05 3.08 6.11 5.82 9.11 6.08 5.22 13.61 11.69 16.2 12.9 16.93 7.37 7.99 7.99 6.1 8.44 10.62 6.77 7.21 4.89 6.92 5.93 7.31 23.05 19.02
4.35 8.34 6.22 11.67 13.19 21.11 19.3 9.58 8.32 21.39 19.76 14.87 17.55 16.3 11.99 5.31 5.53 7.3 6.75 8.51 30.36 5.48 7.87 6.18 4.61 9.6 16.04 14.47 17.91 13.3 11.07 5.08 8.54 7.22 6.42 4.0 7.04 4.25 3.68 7.98 7.33 5.41 7.41 10.97 5.53 13.85 10.92 8.9 10.71 13.07 9.13 8.62 8.19 7.42 6.96 15.63 6.49 10.55 9.89 4.84 6.32 12.59 24.76 14.69
10.58 9.48 6.77 13.81 9.14 8.98 11.09 10.46 11.76 14.84 9.5 23.24 14.49 19.7 13.86 10.93 5.75 6.91 7.58 11.96 24.18 10.48 4.62 6.99 5.53 6.44 15.64 16.43 22.87 22.96 13.48 9.17 10.11 5.28 4.91 2.91 5.52 7.16 10.64 16.24 15.36 11.44 10.18 13.21 9.98 13.34 10.57 9.54 7.52 10.06 19.62 5.66 12.15 6.34 4.49 6.86 7.81 4.94 5.52 8.64 8.19 21.7 14.78 14.01
16.23 11.7 7.08 7.06 10.56 9.27 10.39 7.8 11.01 12.62 12.66 10.91 6.6 10.57 13.67 18.35 6.55 4.67 7.08 11.93 16.07 17.2 7.51 6.02 5.3 5.29 15.57 15.12 20.99 12.58 21.7 12.25 10.56 6.96 4.55 4.63 3.8 11.57 17.81 22.95 10.4 9.37 6.11 8.26 10.29 8.69 8.13 10.55 8.47 13.58 11.45 10.34 11.17 8.54 6.14 5.67 11.48 4.73 8.63 14.51 12.6 8.33 20.39 20.22
16.46 21.97 12.26 12.05 21.42 17.68 8.46 9.8 7.83 13.88 9.87 14.45 9.07 15.63 8.69 15.14 8.78 4.02 4.45 7.08 14.72 14.9 6.5 7.5 5.93 8.44 14.89 17.17 14.5 12.19 8.7 10.05 9.65 4.03 6.13 4.8 8.47 13.11 18.38 16.66 9.7 7.6 5.35 6.81 14.82 6.66 8.45 10.34 11.44 16.63 14.75 12.61 7.73 8.63 10.15 9.81 14.34 11.03 6.95 9.07 13.1 8.78 10.13 8.64
20.77 18.77 14.28 13.98 17.07 13.06 8.42 8.38 6.67 8.27 6.08 5.54 5.02 9.05 11.85 21.0 12.02 8.81 6.4 5.62 17.1 11.84 7.52 10.51 7.75 8.94 15.04 11.88 18.91 11.94 8.05 8.66 8.64 7.7 5.99 7.06 11.39 13.66 16.68 23.82 14.76 4.23 3.44 6.87 11.94 7.75 7.93 13.16 20.44 22.59 13.43 25.6 9.54 4.45 8.68 13.1 9.86 7.05 10.32 6.73 8.76 10.51 7.41 8.96
31.51 19.95 12.94 12.98 16.34 12.15 6.77 9.36 8.91 10.78 7.08 6.08 5.0 6.31 7.52 8.96 11.0 11.17 6.68 4.92 7.43 6.88 10.99 9.38 7.14 23.54 14.25 16.32 15.51 9.94 6.1 10.65 13.23 4.47 4.04 5.64 6.05 8.47 11.64 13.44 15.74 6.75 6.05 6.57 9.56 9.56 10.32 20.16 16.02 15.42 9.08 11.54 9.12 5.08 6.01 15.07 14.43 7.96 12.2 5.69 6.23 6.16 5.35 3.77
13.96 7.63 11.58 13.54 12.98 20.6 6.11 6.58 18.46 14.73 9.62 7.24 9.06 4.57 5.24 6.47 7.39 6.44 5.59 7.13 9.56 9.89 19.55 9.3 16.02 16.42 15.23 20.94 11.95 7.94 6.28 7.44 7.36 3.67 4.17 8.2 7.33 6.54 10.03 6.42 5.51 6.95 2.27 3.31 11.29 8.1 4.91 20.91 12.96 10.97 7.25 8.75 7.4 9.39 16.22 17.1 23.65 10.77 7.48 11.38 3.27 3.84 4.13 4.12
13.59 6.64 12.91 11.4 11.81 15.19 9.34 12.02 13.79 24.36 6.92 5.3 11.58 3.33 2.48 3.33 11.96 6.19 8.66 11.61 5.4 12.21 10.83 7.15 15.39 17.38 13.38 19.2 10.15 4.09 4.55 4.67 3.79 3.31 4.29 7.99 12.39 10.38 8.83 7.05 3.43 5.21 3.49 2.76 16.58 11.03 8.8 28.07 14.64 11.51 7.06 9.99 6.08 16.39 21.18 9.08 15.08 12.92 9.64 5.17 6.28 5.62 4.7 2.58
7.0 13.17 9.37 11.81 8.99 16.07 18.81 11.67 6.64 16.38 10.99 7.05 8.21 6.21 2.96 4.08 9.84 6.27 19.89 15.77 13.62 12.96 6.87 7.34 20.63 19.08 11.85 19.05 5.67 4.35 3.71 6.88 3.85 3.66 9.22 5.13 20.94 6.67 5.46 5.09 3.0 2.35 3.48 6.87 17.09 20.01 9.58 26.56 15.74 10.06 8.69 9.26 5.64 9.75 8.69 16.28 16.32 11.67 6.23 9.87 5.88 4.43 4.36 4.13
6.49 18.33 4.48 8.69 7.94 10.02 16.12 20.33 12.15 9.54 16.82 9.27 13.56 12.34 16.61 9.23 6.81 11.44 9.85 16.72 10.46 12.02 9.76 8.96 14.48 9.06 7.64 7.37 7.1 8.5 5.59 9.02 4.78 4.14 3.93 4.85 16.11 7.22 5.39 4.5 6.76 3.31 9.02 11.56 12.11 15.64 21.84 12.37 9.44 9.86 8.96 6.29 7.76 5.66 8.44 15.27 21.4 7.23 14.03 14.22 7.1 5.59 6.28 6.43
7.3 9.36 6.84 9.17 6.43 10.4 15.43 20.04 12.53 13.84 8.29 7.72 8.24 13.41 38.83 13.17 14.33 16.59 15.02 14.32 13.45 17.85 4.87 6.38 6.62 7.26 8.5 5.97 5.38 8.56 9.35 6.12 9.19 4.36 3.51 5.32 17.15 6.49 6.27 4.34 7.19 8.07 4.59 11.71 9.42 9.74 10.15 10.32 11.08 13.1 8.93 5.4 4.65 9.41 5.44 8.55 10.87 4.94 5.09 9.34 8.66 5.5 9.01 11.44
6.3 7.21 7.27 11.76 5.04 6.32 18.48 13.19 8.36 11.82 7.6 5.51 5.83 14.64 11.17 7.49 8.53 8.3 9.62 9.08 14.08 20.44 6.97 6.31 8.12 5.96 11.19 17.15 6.22 6.55 8.37 7.6 7.23 4.65 4.72 7.77 10.13 4.06 11.07 4.1 7.3 6.24 11.79 16.28 6.3 4.03 4.96 8.68 8.76 4.97 10.89 5.34 6.1 9.11 7.19 6.32 4.39 5.93 3.7 4.41 6.3 6.09 5.97 10.5
7.64 9.1 15.11 9.53 5.14 4.28 9.67 14.38 8.96 8.2 5.97 6.49 4.75 8.41 6.83 7.61 6.68 6.4 7.74 11.49 18.02 20.9 7.26 7.4 9.56 11.1 9.01 7.56 4.9 5.67 5.03 4.42 8.05 4.28 5.25 6.23 6.51 8.71 9.2 5.75 5.74 5.48 8.64 7.43 6.34 5.18 4.31 11.92 10.16 6.23 15.24 8.27 5.09 6.96 4.11 3.38 3.15 5.1 4.3 5.86 9.47 10.54 5.35 7.29
4.48 9.96 13.08 5.6 7.57 5.85 5.52 10.06 18.14 16.32 8.74 11.1 11.44 9.31 15.57 8.75 6.61 14.73 17.53 15.51 24.69 31.2 11.73 10.11 10.07 7.1 4.87 6.03 3.23 5.16 3.85 4.92 7.08 5.88 6.14 4.99 6.29 7.96 4.38 5.61 4.71 4.79 13.2 10.29 8.71 8.62 11.82 10.35 10.58 5.36 9.37 8.03 4.57 5.25 3.75 5.94 4.89 8.0 6.95 6.6 5.8 8.69 3.54 5.49
4.88 7.18 7.88 4.71 4.59 6.35 7.41 12.53 16.46 22.35 10.13 24.4 12.08 9.74 16.24 10.53 8.23 15.48 18.17 20.45 22.91 28.14 19.69 9.04 4.86 4.06 3.56 2.95 3.31 4.99 4.51 10.1 5.12 5.84 6.26 5.62 8.33 10.2 6.49 5.3 8.55 13.17 14.36 19.56 20.79 13.65 17.35 5.72 7.23 7.99 6.66 5.04 9.73 6.96 7.85 8.59 4.07 6.84 7.45 5.98 6.53 5.73 2.96 3.19
4.97 2.55 5.17 4.06 4.52 5.32 12.38 11.9 11.03 18.58 16.7 21.2 10.36 11.7 9.37 7.22 13.47 13.6 13.21 13.69 18.45 21.96 17.82 12.02 8.97 8.96 6.14 5.13 5.57 3.46 3.77 6.99 6.14 2.84 3.37 6.07 5.24 8.71 8.17 6.45 10.37 10.98 10.01 16.8 14.08 11.47 13.43 11.41 4.79 6.54 7.01 6.38 9.12 8.97 6.47 7.08 5.36 10.07 10.25 9.9 5.3 5.5 2.27 3.31
4.6 3.5 2.7 3.24 8.47 15.14 14.75 13.43 8.67 12.52 14.11 18.45 8.43 13.78 7.92 11.25 20.17 20.94 16.43 17.58 12.87 14.27 16.52 9.96 4.82 9.63 5.55 3.26 2.54 5.32 6.75 7.72 10.3 2.93 4.67 7.8 6.02 5.55 9.86 3.91 8.7 9.62 14.92 6.76 13.75 9.78 9.11 7.85 5.81 5.65 8.9 7.85 5.38 6.08 5.3 4.91 5.08 4.43 7.78 9.24 3.86 5.52 2.43 3.24
3.15 2.55 3.91 4.54 6.61 11.71 9.34 10.94 10.17 11.04 25.63 15.63 18.98 8.96 10.45 13.01 16.73 17.14 24.12 11.66 10.56 12.74 15.78 11.99 7.46 7.82 2.29 2.98 2.59 2.16 3.32 4.34 7.96 3.54 2.44 4.94 8.61 5.07 6.14 7.76 6.99 6.47 10.58 9.23 4.9 17.05 6.66 6.75 8.37 5.23 7.17 5.33 3.93 5.04 6.44 5.07 5.57 4.54 8.17 8.69 5.01 10.58 5.53 12.52
3.52 3.32 4.98 8.85 8.0 14.36 9.81 14.18 8.36 10.69 21.27 15.24 16.28 13.24 7.8 14.72 25.82 19.39 18.97 14.19 9.65 7.81 7.7 9.08 5.77 8.15 3.6 2.98 2.51 0.84 3.22 2.73 3.27 2.5 6.31 5.64 7.98 6.74 4.34 5.28 8.24 4.27 13.67 8.09 5.54 10.21 12.48 8.12 9.27 11.74 5.51 4.28 3.52 2.05 4.75 17.64 6.69 8.33 16.4 9.76 5.7 8.09 8.21 14.67
4.02 2.22 6.28 8.55 6.14 8.15 7.22 11.01 7.47 9.51 12.86 8.83 11.58 15.35 20.73 36.54 31.84 37.88 20.93 14.44 15.02 8.67 8.79 12.29 8.21 15.61 8.19 6.73 5.36 2.01 1.87 1.48 2.08 2.11 5.09 4.61 5.58 8.32 3.59 5.82 5.47 7.08 7.09 15.37 10.37 5.82 5.91 6.83 6.0 8.81 7.57 6.61 11.23 2.95 5.78 10.61 7.55 12.42 12.59 16.19 10.05 7.39 9.41 11.18
7.24 9.53 7.48 7.06 5.67 3.24 7.55 11.0 8.19 8.85 13.79 10.82 10.3 8.13 18.35 42.39 17.12 24.39 10.38 19.84 11.12 16.78 9.79 11.03 10.7 6.98 10.13 7.3 6.48 3.48 2.45 1.34 3.48 3.85 9.38 5.12 16.63 11.6 5.05 4.03 5.65 5.87 5.33 6.39 8.26 9.22 8.05 9.67 3.92 6.98 6.61 4.31 5.9 3.73 8.46 4.5 8.27 8.46 11.62 37.56 21.61 20.11 9.73 17.7
6.74 10.12 6.5 6.38 5.53 3.38 5.35 10.73 10.06 9.95 6.53 9.35 9.8 8.29 25.75 44.32 13.85 14.0 13.83 17.95 8.3 16.43 5.63 8.92 5.31 5.36 6.04 8.41 5.46 2.43 2.51 1.79 2.45 5.86 6.99 10.97 17.57 13.75 6.65 6.63 5.15 7.9 7.04 7.2 14.83 8.34 9.55 10.14 4.46 2.91 2.87 2.44 1.9 3.92 8.28 5.51 19.98 7.91 17.02 34.7 39.5 14.21 12.53 20.79
9.32 14.12 8.8 5.11 4.24 3.46 5.69 8.43 7.61 4.56 4.16 9.44 12.8 14.19 16.74 33.92 19.15 18.68 12.89 10.75 7.05 7.74 6.22 4.3 4.45 2.09 3.18 6.81 2.52 1.29 4.32 2.41 2.54 3.52 6.93 7.45 12.45 8.44 5.42 8.65 6.63 9.05 7.62 12.5 14.54 12.3 10.8 15.21 13.18 3.19 4.47 2.58 3.01 4.64 6.07 10.62 11.09 8.56 8.12 29.73 33.13 21.85 8.23 15.0
10.5 7.98 5.21 3.4 1.64 4.04 5.87 12.73 9.82 4.43 5.31 10.84 16.34 15.7 14.84 24.86 13.93 24.76 9.56 9.41 6.59 10.95 6.92 5.52 7.75 3.09 2.85 3.35 2.64 2.92 3.5 2.51 4.65 6.03 5.73 5.26 9.05 6.64 12.37 6.5 8.84 11.65 8.13 8.97 8.55 8.86 7.24 15.6 17.44 6.77 3.93 2.45 2.03 3.83 12.46 24.16 24.16 20.68 19.35 17.2 13.76 17.45 5.2 8.38
11.43 7.7 8.23 3.01 2.74 2.21 4.19 7.07 3.57 2.92 4.54 13.6 24.73 6.83 21.69 44.12 20.6 16.52 20.89 9.37 4.08 9.2 13.14 12.51 5.44 5.76 3.15 3.69 2.96 4.38 4.8 3.69 5.89 6.42 8.69 13.0 10.32 9.82 14.88 10.07 11.89 9.75 6.31 6.48 3.97 4.17 7.4 11.41 11.57 5.88 5.22 4.65 3.02 5.9 8.98 33.44 19.89 17.94 12.86 11.27 17.5 14.39 5.21 9.53
9.51 10.58 4.06 4.2 2.75 2.73 5.6 6.69 7.77 7.31 12.96 14.16 31.68 10.6 13.24 28.4 16.1 22.17 27.25 14.43 6.72 6.18 13.32 10.48 5.55 3.39 2.55 2.36 3.64 4.64 3.48 3.93 5.66 3.5 8.81 14.96 8.71 6.9 23.44 8.39 9.9 10.38 3.92 3.49 5.11 4.17 2.81 9.63 7.98 7.67 8.15 4.83 3.68 7.6 7.9 10.14 12.81 9.03 7.68 9.78 10.29 8.26 8.7 8.08
9.78 8.48 4.18 4.37 4.01 4.44 6.82 10.4 10.65 12.7 11.05 11.84 37.23 6.58 13.56 23.84 26.19 35.01 26.78 14.14 4.11 4.05 3.3 4.36 2.54 3.15 1.71 5.0 4.99 5.5 6.0 4.89 4.83 3.67 6.2 11.61 8.23 7.22 12.93 11.75 7.65 18.76 5.0 3.62 10.75 5.83 3.1 4.19 8.09 6.44 11.17 8.47 2.59 5.17 7.04 6.9 7.76 15.64 13.47 6.6 5.5 3.74 4.84 3.3
8.86 10.24 6.41 6.58 8.38 5.22 7.63 8.28 6.78 10.74 11.82 16.55 8.59 11.58 11.93 12.87 15.44 10.87 11.33 4.78 2.38 2.24 2.97 1.98 3.76 4.09 4.56 6.58 10.6 11.91 8.19 7.41 5.91 4.76 6.05 5.74 17.68 8.81 16.82 20.6 17.7 12.9 5.57 10.54 5.35 3.59 3.7 2.85 11.62 7.51 7.12 6.74 4.69 4.62 9.5 10.65 5.85 13.02 15.4 10.6 5.18 4.72 3.86 3.09
7.59 7.13 3.9 6.39 8.24 8.44 5.97 8.71 16.06 9.69 14.96 17.1 11.79 7.81 7.94 15.93 16.86 9.27 9.48 13.01 4.79 7.11 3.88 5.68 2.0 3.94 8.39 12.68 22.25 13.64 7.2 15.3 10.64 10.78 4.93 5.27 9.52 6.7 7.11 6.55 31.77 6.77 3.98 7.11 2.71 2.35 4.53 3.82 9.14 8.99 5.61 4.21 5.96 3.73 11.2 11.82 12.74 12.32 20.09 12.45 7.22 6.08 5.31 4.11
5.66 7.04 4.22 8.11 11.68 10.56 6.42 9.1 10.8 9.39 17.44 12.97 7.32 7.0 7.15 4.34 8.45 6.15 15.63 13.16 8.53 4.89 4.25 9.26 2.11 7.14 17.42 11.63 29.39 12.79 6.99 4.74 7.61 6.7 9.56 8.5 7.93 18.27 5.93 7.87 18.15 9.84 3.95 5.48 5.33 3.83 5.98 4.0 8.26 9.79 8.1 5.59 7.63 7.78 6.84 10.79 11.11 7.86 10.3 17.27 8.09 3.14 2.43 2.29
5.43 5.64 5.96 10.36 11.28 7.48 6.93 7.58 8.61 6.52 6.78 8.99 8.25 10.71 5.55 4.52 6.49 8.46 7.7 9.5 10.59 5.11 2.57 4.97 2.16 3.74 6.07 10.27 16.37 8.71 7.7 5.2 8.42 7.38 9.16 10.84 11.11 16.28 10.24 6.89 5.91 10.12 4.59 3.59 6.73 9.0 9.53 11.21 20.76 9.62 14.72 10.28 7.48 6.85 5.09 4.62 9.13 9.31 9.45 9.44 11.64 5.9 2.36 3.15
4.94 6.37 6.89 8.03 8.11 5.79 9.23 7.38 7.0 3.26 6.93 5.97 4.44 5.66 7.25 5.23 4.81 6.36 7.06 10.75 7.8 4.06 1.9 2.02 2.41 2.47 3.18 5.89 9.22 7.99 12.21 9.8 7.44 9.63 5.64 8.89 12.78 15.48 10.54 9.48 7.46 10.1 9.07 7.44 8.97 11.39 15.04 13.52 22.3 19.98 13.32 7.17 8.02 5.17 3.53 7.28 5.62 16.35 7.82 10.73 7.53 4.6 1.91 2.68
4.27 7.6 11.66 7.36 6.22 6.25 3.79 2.74 4.68 4.49 7.91 10.98 10.42 15.45 9.69 5.9 4.88 5.61 5.0 6.04 5.49 4.01 2.03 1.88 4.43 3.17 4.93 5.76 4.58 7.62 6.28 7.1 5.38 6.95 2.2 7.46 8.62 23.63 6.45 5.93 6.07 4.25 9.97 11.67 22.89 16.23 21.52 11.62 13.78 14.31 11.49 6.83 9.52 5.44 11.99 13.16 14.75 17.43 8.77 14.1 6.64 5.76 2.71 2.56
5.81 5.68 6.62 5.89 5.86 4.06 4.16 3.97 4.27 6.61 7.75 15.2 19.06 9.15 8.85 5.36 5.34 5.78 4.72 4.73 4.63 5.1 2.07 3.0 5.82 4.67 7.13 4.81 3.96 7.64 8.44 9.41 6.17 3.98 5.6 5.72 5.49 27.57 8.23 8.58 8.19 6.89 12.26 16.34 27.55 12.74 10.19 5.68 7.83 11.52 5.9 4.59 8.94 5.96 10.96 16.06 19.32 12.49 8.78 10.72 5.88 4.13 2.45 3.8
3.86 6.0 9.87 10.77 5.96 2.48 6.26 5.29 3.47 6.2 6.7 10.95 21.03 14.86 9.14 7.75 8.29 13.94 9.86 4.99 7.06 2.34 1.48 3.12 4.51 7.21 9.21 4.25 5.32 10.81 6.16 13.27 9.38 4.02 4.82 7.44 5.72 10.08 11.1 9.12 7.95 9.4 12.88 19.63 23.81 13.04 8.6 6.01 7.61 5.96 7.83 3.97 4.66 4.12 4.88 11.67 22.96 13.77 12.47 7.84 5.5 9.3 3.4 3.75
5.87 7.41 9.79 13.02 6.05 2.98 5.58 4.72 3.36 4.75 9.62 11.89 31.3 28.0 7.69 12.64 4.78 7.11 6.24 7.03 7.09 2.67 2.96 8.63 8.84 9.47 8.35 4.2 5.93 6.39 7.03 5.74 7.05 4.8 6.03 12.85 8.28 5.09 12.91 10.81 5.5 7.05 9.9 8.1 14.01 9.91 8.68 5.87 6.57 3.21 4.14 2.28 3.92 4.28 4.47 13.97 17.35 14.26 7.3 8.07 6.28 8.04 2.58 3.84
7.38 7.53 9.89 5.5 4.39 5.31 2.96 4.02 4.79 2.94 9.43 5.35 23.43 14.92 8.84 8.93 8.05 12.98 12.64 8.79 5.35 2.73 5.2 8.45 5.48 9.23 9.68 4.61 4.69 9.03 7.45 5.46 8.15 9.22 2.93 6.58 7.66 4.99 10.34 9.45 4.06 4.2 7.75 6.1 6.6 6.11 10.61 6.74 6.4 2.72 2.46 3.46 5.65 2.66 5.54 8.78 10.93 9.23 8.72 9.27 5.58 7.98 6.12 3.39
6.04 3.3 5.75 7.25 5.25 6.25 4.94 3.93 3.88 4.63 4.93 5.36 10.25 6.37 5.95 7.74 10.73 19.11 16.52 12.83 3.86 3.08 4.36 6.35 8.88 7.7 5.6 6.03 7.16 7.41 6.72 5.76 5.18 4.3 4.16 5.81 5.05 4.81 4.42 8.46 7.27 4.09 3.61 4.08 4.23 7.9 7.37 4.12 7.42 4.43 2.41 8.77 12.83 5.06 7.43 7.91 9.73 6.97 7.69 7.46 8.02 9.17 6.52 5.51
5.87 3.67 6.04 6.64 5.62 2.98 10.68 4.53 8.25 5.89 4.94 4.54 11.8 11.28 9.81 9.76 8.69 23.5 19.68 15.38 4.86 4.01 5.31 8.49 5.37 9.22 5.74 4.53 10.16 6.83 5.5 6.89 5.46 4.08 13.58 9.05 5.94 8.23 5.17 9.07 9.67 9.72 3.73 3.93 3.86 3.38 6.29 4.8 6.54 3.87 3.19 7.57 13.05 4.38 3.77 5.3 5.24 3.37 10.13 11.05 9.89 7.33 11.51 4.32
6.02 4.87 6.91 8.72 7.72 5.78 11.37 3.64 5.12 4.36 5.66 5.48 12.3 10.02 6.2 11.8 11.09 26.68 17.75 29.74 9.95 7.64 7.04 7.86 6.39 11.26 8.8 7.84 6.38 9.95 4.47 9.37 5.49 4.64 13.26 9.27 10.84 9.84 8.38 9.12 8.67 11.51 4.61 2.45 3.31 3.15 4.66 6.9 5.25 3.64 4.6 4.54 8.94 6.76 5.87 2.99 3.3 3.86 6.7 12.67 9.45 7.08 3.59 4.68
12.23 7.96 8.35 5.42 7.15 6.67 5.57 3.31 4.15 2.21 4.15 8.09 11.95 8.52 6.03 6.46 7.04 9.54 8.54 15.98 5.36 6.27 5.1 10.73 14.52 5.13 9.14 7.66 7.09 7.49 8.16 15.36 6.6 6.53 5.75 6.78 12.77 9.63 5.05 7.26 4.37 9.29 3.63 2.43 3.96 1.94 6.13 7.09 6.44 2.95 2.94 2.47 5.38 6.18 9.93 8.3 6.8 5.32 8.07 11.56 11.82 9.51 3.87 4.55
13.34 6.1 5.81 2.19 4.35 3.47 9.35 6.12 6.82 8.49 5.07 10.86 10.23 6.68 4.69 5.78 5.24 5.79 6.54 6.34 6.44 9.04 6.06 16.78 20.03 6.12 3.56 4.49 3.59 3.12 7.15 9.99 4.59 4.59 3.77 5.21 7.7 7.23 6.87 6.8 6.15 10.83 6.36 2.55 2.99 5.11 8.63 4.99 8.63 5.01 4.76 4.62 5.16 7.66 11.39 17.72 11.95 10.42 8.52 8.69 15.72 6.17 3.94 3.37
6.13 5.43 3.06 3.64 2.8 3.03 12.15 6.59 5.2 7.17 7.16 6.64 10.97 7.52 8.05 9.38 5.51 5.77 9.62 6.55 6.66 6.66 8.07 9.53 9.3 3.92 2.11 3.14 8.8 4.25 7.15 10.03 5.65 3.25 3.56 6.11 7.68 13.7 8.34 7.88 10.81 9.69 7.29 4.48 3.59 5.55 8.51 9.76 10.34 6.68 4.49 7.82 5.08 8.72 9.17 11.56 5.16 10.01 4.17 7.49 7.98 7.96 6.63 8.02
11.22 4.71 3.81 2.86 3.04 2.27 6.97 5.02 8.71 11.43 8.57 9.39 13.36 6.99 9.4 21.18 5.89 5.49 5.9 7.21 8.83 10.26 17.28 15.28 5.3 6.21 3.24 3.23 4.74 8.97 5.03 5.29 7.99 3.68 3.99 6.37 7.67 8.07 7.27 4.58 6.12 5.1 5.02 3.36 7.42 7.34 10.53 10.04 10.12 4.47 6.48 7.43 4.02 8.73 9.9 7.78 3.98 8.73 6.03 4.0 8.11 7.51 15.62 13.4
12.83 6.27 4.64 5.94 3.38 2.28 4.59 3.34 10.18 10.75 9.48 9.34 10.57 3.34 5.33 6.04 7.13 3.62 6.59 5.19 4.22 9.01 11.85 8.01 14.96 9.2 7.39 10.2 9.3 20.91 7.99 10.04 13.13 10.91 3.53 5.39 4.68 3.86 4.05 2.69 4.55 3.38 4.88 5.27 9.84 7.96 4.61 9.95 5.8 4.07 3.17 5.46 3.29 6.69 5.46 7.97 8.55 15.72 8.22 7.35 11.09 5.41 9.5 8.34
9.15 10.89 9.09 7.25 5.99 6.05 7.85 9.41 6.23 8.2 5.68 8.02 10.04 6.99 6.86 6.96 8.65 4.74 4.65 4.05 4.18 12.61 5.89 8.21 11.35 8.75 6.94 17.67 12.1 9.59 13.02 8.89 9.0 8.74 4.01 7.06 4.16 3.1 5.91 3.94 3.68 3.85 8.61 2.97 8.67 9.46 6.03 3.8 4.28 5.17 7.18 3.35 3.87 5.33 5.25 7.43 11.5 11.97 7.52 7.32 7.13 2.91 9.39 3.9
8.68 10.92 7.84 5.54 4.91 2.51 5.84 10.35 6.95 7.0 5.62 5.89 8.43 11.55 9.39 7.5 6.44 3.91 5.15 3.61 4.56 12.17 14.82 14.02 11.95 14.98 5.82 7.31 7.99 11.04 9.77 8.06 8.3 10.53 7.16 4.86 6.9 3.79 2.93 4.24 5.28 4.75 7.33 5.33 8.44 21.44 11.01 7.23 3.44 4.16 5.86 3.62 4.44 4.36 5.68 3.85 7.27 10.48 8.04 6.99 4.35 4.01 6.01 4.54
5.98 7.02 8.46 13.32 5.86 4.71 6.05 9.0 9.33 6.94 7.2 8.53 6.92 8.71 8.16 6.53 6.72 5.12 3.64 4.23 4.89 7.83 12.71 24.83 12.06 15.59 15.62 5.79 6.53 4.62 5.48 5.46 4.35 8.04 5.66 8.54 8.22 4.68 2.41 2.66 7.71 3.86 6.49 4.29 8.9 11.58 18.97 6.64 5.71 5.03 8.83 7.05 4.36 6.56 5.08 5.48 10.67 7.85 11.62 7.23 5.79 8.36 4.53 6.56
12.26 7.06 5.87 16.73 6.96 4.88 7.44 5.46 9.35 6.79 10.47 15.56 8.06 9.85 8.9 10.94 8.08 8.21 8.08 5.05 3.63 7.43 25.75 26.21 8.77 12.45 12.56 6.7 8.27 6.6 4.66 3.93 4.58 11.43 8.4 8.84 4.74 5.66 2.1 1.7 4.73 6.27 4.14 6.36 7.08 21.36 15.9 6.63 9.9 9.46 9.67 4.82 6.15 6.89 4.43 3.62 5.86 6.85 10.89 6.35 9.02 8.65 7.88 7.68
6.82 8.27 6.81 8.46 6.22 10.08 8.98 8.93 15.71 5.47 18.66 11.17 6.56 7.02 8.19 5.51 6.59 10.3 9.74 6.12 7.88 8.6 27.52 16.6 8.03 6.16 8.37 5.71 6.44 6.0 7.82 9.91 5.39 6.64 10.57 12.5 2.76 4.43 3.92 3.69 8.25 9.86 8.55 9.57 8.62 23.2 29.87 11.83 6.64 12.49 12.1 8.72 4.43 5.05 4.59 4.91 5.89 5.74 4.91 6.88 4.48 7.34 11.41 12.5
7.23 3.79 9.86 9.83 16.91 13.83 6.8 14.75 12.97 11.51 11.21 20.3 9.22 10.95 14.79 13.73 5.18 6.53 5.47 4.54 8.54 6.89 14.11 12.49 9.39 4.96 6.42 4.59 5.09 8.76 4.31 4.89 1.93 2.84 7.27 7.92 3.77 5.38 3.49 10.49 11.06 12.35 14.33 9.32 11.92 19.0 15.78 8.34 6.24 8.25 8.4 6.49 4.11 3.3 5.8 3.83 5.24 14.9 9.96 4.58 3.93 6.52 7.18 9.33
5.57 4.39 11.87 10.31 17.33 10.52 14.91 9.58 21.74 11.41 14.04 14.48 6.83 5.44 10.38 9.46 6.39 8.84 5.57 6.69 15.0 11.07 15.74 8.82 7.76 4.64 4.91 3.59 4.93 5.76 2.85 7.19 2.19 2.93 6.59 4.57 3.14 5.23 1.7 4.77 5.83 5.51 6.89 11.09 5.96 6.62 8.22 5.1 4.7 6.27 6.26 7.38 5.4 3.88 9.16 5.76 5.24 14.05 9.45 4.6 3.87 5.24 4.44 6.65
6.58 4.12 3.25 9.41 10.81 11.44 9.76 9.1 10.61 11.2 8.1 15.51 4.42 4.06 13.02 11.31 7.03 8.44 6.64 10.92 17.1 7.25 16.27 5.88 4.27 5.39 6.2 4.85 5.03 4.5 4.19 7.7 4.37 3.92 7.52 2.15 0.79 1.71 1.77 2.06 3.05 4.44 6.49 4.03 3.41 2.82 9.56 4.56 6.38 9.14 7.48 12.69 8.58 5.75 12.72 15.55 7.6 18.4 15.67 10.29 8.96 3.99 7.81 11.21
14.27 4.27 5.0 6.81 7.62 7.11 6.88 12.46 10.27 5.25 4.13 9.54 6.51 5.07 11.26 8.71 7.68 5.11 5.22 9.54 20.54 9.61 23.09 18.07 10.66 12.87 12.25 8.24 6.27 5.54 3.05 11.71 9.44 4.56 4.29 2.64 1.88 2.31 2.81 3.07 3.46 6.05 2.16 2.22 2.3 2.88 6.15 5.8 5.64 9.5 5.91 10.4 10.15 5.61 8.17 8.29 6.94 7.66 11.49 10.68 10.58 6.84 8.87 9.4
11.92 8.84 7.27 11.94 7.63 7.24 6.91 14.24 13.32 10.38 9.07 9.83 8.56 12.9 11.75 9.53 8.63 6.47 5.77 8.17 13.35 9.03 14.05 17.86 16.65 9.61 29.68 9.34 6.01 5.43 7.05 6.79 13.14 8.36 4.15 3.14 4.73 2.63 5.0 6.2 4.84 2.79 3.8 2.33 3.32 4.52 3.86 5.53 8.05 5.91 6.15 8.89 8.36 9.96 4.24 5.49 3.83 2.86 5.68 3.04 4.61 6.59 8.14 10.91
6.85 6.23 11.62 9.34 7.96 4.72 8.15 12.05 9.16 10.31 12.44 10.15 13.85 21.11 8.22 10.61 12.33 3.69 4.56 7.58 12.69 8.28 10.68 23.4 13.29 19.62 27.42 13.64 4.99 4.72 6.87 6.45 8.41 13.43 7.07 8.82 8.7 7.24 2.68 4.69 1.72 2.19 4.18 3.07 2.87 3.89 2.16 4.91 10.33 5.63 8.62 8.42 14.29 5.33 2.23 4.57 4.74 1.53 5.27 2.76 5.01 6.44 6.45 6.71
4.97 5.83 8.78 9.75 8.99 4.06 6.48 10.11 11.89 11.0 16.28 13.39 15.02 11.17 12.06 10.94 6.76 3.76 2.47 6.37 12.23 5.87 12.01 17.24 15.92 21.29 23.98 14.27 6.28 5.7 7.27 5.5 10.94 11.89 7.83 7.49 6.01 3.44 3.37 4.21 1.67 2.75 5.12 6.21 4.41 4.68 2.2 4.13 5.31 7.86 7.78 9.16 15.35 11.68 7.72 7.96 10.29 2.58 6.08 4.52 8.36 3.18 5.51 5.9
