5.0 5.07 5.6 5.86 6.31 13.11 12.4 8.5 6.58 9.6 13.3 19.16 9.53 6.15 8.69 8.02 4.16 3.79 4.46 7.57 5.04 3.65 4.48 2.47 3.24 4.44 6.41 6.58 10.64 17.42 9.97 9.87 14.59 5.06 4.99 3.36 3.08 2.72 3.04 7.17 3.71 3.83 4.01 7.14 6.31 5.4 8.49 4.87 5.05 4.43 3.64 9.93 9.57 3.06 2.57 3.25 5.66 5.77 8.93 7.86 9.93 16.43 12.6 5.5
7.77 8.64 6.08 3.85 4.78 6.72 7.31 12.5 9.88 11.45 11.22 13.06 10.43 8.99 9.04 4.27 2.56 2.91 3.26 4.59 5.26 4.83 5.12 7.52 6.99 5.76 9.51 7.58 9.83 8.72 6.69 11.1 7.74 3.2 3.45 2.88 2.24 2.73 2.95 3.95 4.37 4.87 2.84 5.66 10.6 6.75 6.61 8.2 6.65 8.83 9.98 19.42 10.48 6.72 2.68 4.3 6.83 10.56 8.36 6.68 11.58 8.99 11.97 7.53
11.07 10.58 8.69 10.35 9.61 12.73 6.63 7.2 12.17 12.3 7.34 7.41 8.66 5.71 4.02 5.99 3.18 1.74 3.72 3.72 5.2 7.74 4.57 6.55 11.07 11.74 11.75 8.78 7.44 10.81 8.22 13.83 8.71 8.97 3.28 2.27 3.19 1.99 3.28 6.44 5.49 11.69 11.89 8.39 8.26 4.91 7.05 7.78 12.27 11.13 10.75 13.05 10.2 8.26 3.66 7.67 7.34 16.54 12.62 5.58 9.15 9.42 9.29 4.55
7.44 9.4 7.28 9.85 13.15 11.13 12.3 13.07 11.9 14.11 10.08 13.06 6.2 5.68 3.3 3.49 3.15 1.43 3.35 2.56 5.52 10.86 12.67 6.25 27.28 15.2 9.53 14.36 11.29 10.21 8.52 7.67 8.65 10.58 10.67 4.73 3.63 3.44 4.59 5.17 3.85 5.86 12.75 6.41 5.64 4.42 8.76 5.96 9.23 10.95 12.68 4.83 5.83 4.8 2.82 4.11 10.35 11.08 11.64 10.82 8.4 14.67 13.95 5.16
5.35 6.38 9.99 7.98 12.67 9.84 8.61 11.98 13.13 13.27 8.64 22.58 9.9 6.55 4.5 4.01 3.32 1.57 2.54 6.42 11.06 15.47 14.17 10.36 17.26 16.07 18.71 11.36 9.23 7.68 9.22 4.93 5.04 9.26 7.23 5.72 1.6 3.27 3.23 5.07 6.57 6.42 8.24 8.21 7.24 6.33 6.25 7.19 9.23 4.53 5.57 4.01 3.2 3.38 2.96 5.65 12.05 16.73 12.01 5.77 6.12 7.51 15.81 13.69
7.27 5.5 10.61 9.47 9.6 9.64 7.92 11.38 11.53 7.71 6.3 6.53 9.49 10.86 8.17 7.3 2.61 2.77 5.59 7.76 16.02 13.83 17.02 9.79 16.95 22.47 12.99 12.57 7.62 3.7 7.27 4.42 5.33 8.34 11.49 5.23 2.23 1.63 2.45 4.47 6.33 8.85 8.11 8.58 5.01 7.49 7.72 7.98 6.28 4.99 8.3 5.47 3.05 2.87 4.79 4.76 10.61 13.91 9.56 8.97 10.39 17.34 10.24 13.39
5.55 5.89 6.84 5.71 7.03 6.25 9.17 7.98 8.93 5.09 6.9 8.03 7.76 7.5 8.76 8.68 3.31 2.51 3.77 9.31 10.9 12.12 24.05 16.53 36.22 26.69 12.2 15.23 7.62 4.11 4.23 2.59 3.54 6.31 12.29 6.55 3.96 2.15 1.93 3.88 2.98 6.17 7.16 8.74 6.18 5.78 3.3 7.12 5.81 5.0 5.6 5.01 4.36 2.87 4.62 6.3 8.87 8.45 7.74 13.57 17.73 14.29 13.01 10.2
3.43 3.58 3.96 4.3 5.55 10.36 5.64 9.38 12.19 8.05 4.24 17.38 15.82 4.06 7.69 7.31 6.41 6.31 7.08 15.46 9.17 19.16 30.23 24.46 21.14 18.83 9.41 5.37 4.29 3.67 2.36 3.53 4.92 6.13 8.14 4.61 5.43 3.08 2.78 5.32 3.34 5.48 5.83 9.36 7.44 8.45 5.36 4.55 2.79 4.61 3.03 3.41 4.58 4.31 9.34 4.77 11.59 12.31 13.38 17.02 26.04 10.18 9.08 9.15
3.25 3.02 4.29 7.11 6.17 13.96 7.48 10.83 9.38 8.95 6.62 10.0 7.07 5.78 5.33 8.12 8.97 12.41 9.59 15.21 15.49 13.27 19.98 14.81 8.31 7.12 6.97 4.46 4.05 4.63 1.99 2.51 4.23 5.45 7.97 4.11 5.71 4.53 3.93 5.39 7.16 7.73 5.77 7.68 6.99 17.53 6.19 6.47 2.12 4.14 3.58 3.09 6.13 6.96 9.99 9.05 13.89 10.58 5.98 9.93 15.21 8.96 8.86 10.29
3.21 2.79 4.39 6.92 7.41 7.15 6.33 8.24 10.95 9.22 9.16 6.16 7.16 7.36 3.72 5.36 5.09 5.74 10.6 12.84 11.99 11.28 13.79 10.45 5.82 5.81 10.48 3.37 4.86 4.3 2.25 2.28 2.57 2.93 6.05 3.48 7.53 7.52 8.46 6.44 4.9 6.27 5.05 7.49 13.81 14.22 7.7 5.57 3.52 4.9 3.7 2.9 3.01 7.01 7.49 7.58 9.62 5.94 8.26 7.4 8.28 14.79 16.49 9.41
2.79 4.28 4.0 4.98 5.86 6.49 13.27 7.21 12.48 10.22 5.28 13.37 12.36 9.82 8.72 4.93 5.65 8.4 14.23 10.05 4.4 8.3 9.24 6.39 3.96 7.96 11.95 4.29 4.34 4.37 2.35 2.48 3.49 4.99 10.89 7.45 5.65 7.89 9.2 5.51 5.59 5.61 4.25 6.02 11.42 10.12 11.94 5.04 3.38 5.39 3.83 5.05 2.19 3.93 8.93 9.15 11.16 3.47 4.64 7.32 7.96 13.2 16.77 13.02
3.58 2.42 2.93 6.94 3.34 7.24 12.63 7.14 12.39 13.51 10.29 8.73 10.06 13.35 10.38 11.01 8.03 8.91 13.43 9.08 7.12 5.22 4.28 7.18 2.88 2.61 8.25 5.8 3.33 2.9 3.08 2.67 2.87 8.26 9.37 16.28 11.19 5.97 5.4 4.31 5.63 4.87 3.87 10.49 7.06 10.5 16.19 6.12 4.27 6.05 6.67 3.61 2.09 5.05 10.45 8.81 4.63 3.96 2.58 4.23 4.2 5.19 6.86 14.12
4.77 4.31 3.98 5.98 7.24 5.33 4.65 4.93 4.65 6.04 7.82 7.17 17.07 19.86 27.52 18.44 6.84 6.54 12.76 9.28 5.34 4.44 4.64 3.52 3.27 1.7 5.11 9.82 5.81 4.94 4.07 2.48 2.68 8.9 8.01 9.48 6.88 4.9 4.89 6.77 6.9 6.25 4.36 5.34 7.68 8.03 15.68 9.89 6.17 4.33 4.56 5.4 3.19 4.36 9.77 10.67 9.31 5.44 4.78 2.42 4.45 5.05 6.47 6.26
4.58 4.33 4.19 8.7 10.09 4.56 3.94 15.13 8.6 4.66 7.46 8.87 9.86 14.83 15.1 12.97 7.57 4.59 5.88 6.91 9.76 8.13 4.52 4.44 3.28 2.41 4.41 7.42 7.35 3.12 5.97 5.76 5.58 7.65 6.02 9.55 5.5 3.89 4.0 4.52 5.47 2.26 4.23 3.89 9.58 12.32 10.26 10.92 11.67 6.14 6.84 3.6 3.41 3.34 6.9 13.77 9.7 12.33 8.31 3.17 4.29 3.06 4.4 6.86
7.61 4.82 6.42 9.88 13.24 7.92 5.16 7.0 5.08 6.75 7.52 8.89 10.25 7.03 6.06 5.01 7.8 5.4 6.08 5.82 7.98 3.34 5.25 8.12 6.5 3.78 5.12 8.57 11.79 4.31 3.95 6.83 6.02 11.44 3.92 7.68 5.15 7.1 8.23 4.61 8.93 5.7 1.94 2.46 7.24 10.14 6.49 5.89 4.93 5.8 8.38 3.44 3.75 3.87 3.35 8.28 8.31 9.8 5.31 5.18 4.9 4.83 4.34 7.86
10.72 3.39 4.79 7.67 7.36 7.49 6.44 8.79 6.11 4.31 7.9 8.31 3.18 4.56 5.44 4.52 7.03 9.52 7.98 5.81 7.78 6.35 7.85 10.26 12.37 3.49 6.29 7.57 8.57 10.58 6.26 7.29 12.25 11.36 6.84 13.45 4.69 7.7 3.83 5.12 5.56 5.92 3.62 4.01 14.57 6.94 7.07 9.03 5.33 5.62 7.48 2.66 2.4 3.74 3.64 3.88 6.12 8.07 11.24 14.0 7.83 9.2 9.13 5.87
6.17 4.27 5.89 4.24 4.4 4.47 5.77 6.75 9.02 8.5 6.58 7.3 2.01 2.19 3.6 5.3 7.79 8.49 6.16 4.4 6.74 8.53 12.91 19.46 16.66 4.74 4.83 10.9 16.75 6.32 9.6 7.27 8.83 8.91 12.87 6.9 4.14 8.2 5.52 7.3 6.65 7.47 4.6 5.77 6.88 12.52 7.86 5.17 5.74 5.73 7.23 3.43 3.2 2.76 3.42 3.94 4.81 4.49 5.75 4.48 4.79 6.11 8.08 12.08
7.74 8.09 7.62 7.01 6.05 4.44 5.1 6.75 4.67 4.71 4.56 5.29 2.07 3.06 4.44 5.81 6.51 7.75 6.27 6.28 3.27 5.55 20.36 18.34 10.18 9.29 4.08 7.81 15.27 12.21 18.13 13.02 11.72 9.57 11.04 9.38 6.09 8.61 10.99 13.28 12.67 6.03 3.62 5.82 4.06 12.12 6.3 2.75 2.66 6.23 6.15 4.79 3.51 2.52 2.74 4.92 6.7 3.54 6.48 5.57 4.81 3.99 5.59 5.15
10.83 6.53 4.82 8.04 5.49 4.64 6.73 7.56 2.37 2.85 6.75 5.48 4.57 4.65 9.11 6.58 4.29 5.08 6.17 5.22 3.59 3.86 8.84 35.21 11.31 7.38 5.26 10.95 17.74 12.23 16.04 10.22 10.75 12.58 12.21 11.74 11.71 5.58 12.97 14.6 7.39 6.63 5.43 5.56 3.82 6.09 7.98 4.29 3.27 8.25 8.85 5.24 4.49 4.19 3.17 5.3 7.81 3.99 4.52 8.28 13.34 8.15 7.59 8.73
7.4 7.86 6.29 10.13 4.46 4.66 7.81 4.88 4.27 3.92 3.62 9.21 5.83 3.98 6.55 7.49 8.15 3.95 10.04 5.4 3.8 3.46 7.18 11.28 8.79 7.76 6.94 8.55 11.44 9.84 13.05 11.66 8.95 6.73 12.16 9.25 11.41 6.75 9.82 9.48 10.19 9.91 6.03 5.94 7.28 9.0 7.05 8.34 8.75 5.9 3.84 5.79 5.77 5.07 4.71 3.68 6.99 5.19 7.29 15.51 9.46 5.89 10.86 11.27
17.23 6.32 5.31 7.88 8.86 8.37 5.71 6.94 3.42 4.86 10.4 10.29 4.49 5.01 6.72 7.11 7.11 6.44 8.23 3.84 8.38 6.66 7.0 15.69 5.76 8.36 10.24 16.48 16.3 7.25 7.04 14.45 15.61 11.7 13.17 19.35 7.3 8.05 5.44 9.23 9.96 5.75 7.31 4.36 3.8 11.86 7.17 11.99 5.93 5.31 4.93 4.69 6.83 5.92 5.01 5.32 6.58 6.17 5.01 7.75 9.21 4.48 6.67 6.63
9.46 9.08 8.27 13.03 8.1 10.9 8.45 10.61 5.08 5.48 5.4 7.03 6.0 4.77 6.24 14.41 8.62 10.1 11.05 8.04 7.78 6.07 6.39 8.92 6.58 9.26 9.58 10.26 17.1 19.06 12.14 12.15 12.23 10.52 10.96 11.7 6.27 5.08 5.69 7.75 8.97 6.24 4.54 6.3 6.05 9.21 10.26 4.42 4.43 5.75 4.44 3.97 6.97 4.97 4.83 7.04 6.61 5.77 4.88 4.56 4.7 4.68 6.51 9.7
9.95 14.85 7.65 7.61 6.67 7.09 5.48 7.41 8.0 3.37 7.92 5.65 7.39 9.15 8.36 16.9 10.1 6.55 6.7 5.1 6.08 3.85 11.87 6.3 6.0 6.12 8.36 10.43 10.03 10.35 5.87 8.24 14.4 6.43 11.14 10.7 5.7 8.01 6.99 11.71 11.21 5.95 4.06 7.75 6.76 6.28 7.71 7.45 10.4 9.34 6.31 3.41 7.03 5.52 4.83 5.08 4.63 6.03 7.14 7.76 7.16 9.17 8.02 9.33
8.39 9.64 6.87 7.96 5.25 5.59 7.4 10.61 6.15 4.33 5.33 5.9 3.82 3.56 7.15 8.93 14.71 9.23 6.81 4.91 6.05 7.31 13.93 6.25 5.08 6.1 6.99 9.48 11.97 10.57 9.86 11.09 9.23 6.09 8.93 13.87 5.19 6.33 7.0 5.36 12.64 12.31 7.75 17.97 21.96 10.82 7.23 4.84 7.93 6.58 5.47 5.37 14.28 5.27 6.77 4.66 7.93 6.46 7.08 6.47 8.61 5.98 5.25 4.44
7.87 6.02 6.88 5.4 7.05 6.09 6.45 8.45 3.48 4.86 5.0 5.81 4.63 2.07 3.98 9.48 10.21 14.46 10.8 13.86 7.02 5.65 12.44 6.84 15.58 6.61 11.56 11.87 18.0 24.59 8.48 9.86 9.95 4.7 6.14 8.61 4.67 5.48 8.65 12.96 9.01 7.58 4.01 13.26 22.44 9.63 7.4 4.19 2.86 4.77 4.18 7.84 17.28 9.74 3.47 7.13 10.2 5.06 6.29 11.22 4.66 8.05 7.05 7.24
5.47 8.05 10.96 4.8 5.8 2.97 9.7 12.59 7.92 5.02 5.99 7.59 7.43 3.21 5.17 13.75 10.53 15.83 15.19 11.04 12.12 5.84 11.12 9.75 13.58 9.55 11.93 17.93 14.93 16.91 17.5 11.35 8.99 8.53 6.0 6.4 6.53 4.84 6.62 10.56 6.55 6.27 3.72 7.55 21.93 7.78 3.17 6.51 6.17 4.7 3.34 4.35 11.93 10.34 4.77 7.88 15.82 16.56 8.89 5.58 7.55 7.89 7.73 8.68
7.3 5.33 5.08 4.61 5.97 5.39 14.7 8.78 7.81 8.78 6.0 6.19 4.2 4.25 3.57 7.87 21.28 21.86 20.16 18.49 9.13 12.81 8.88 8.23 10.93 9.34 11.5 15.62 11.16 11.6 14.38 11.38 6.82 7.09 5.57 10.48 9.41 7.62 6.5 8.19 5.98 4.8 8.51 6.37 10.96 6.4 3.82 3.31 8.1 5.79 3.7 5.26 5.08 7.88 6.0 6.56 13.64 10.95 13.14 6.64 8.87 11.82 6.14 10.46
8.52 7.84 1.68 2.95 7.05 7.91 9.24 10.02 4.82 3.52 7.38 7.4 5.4 6.8 6.38 12.8 18.16 20.27 17.91 19.96 6.97 6.27 7.93 10.28 11.26 9.44 16.83 11.4 16.67 22.11 11.18 8.66 4.35 5.7 7.03 7.27 10.24 11.07 9.41 8.97 5.29 7.3 9.48 10.57 9.22 4.64 3.68 3.2 7.45 9.68 5.7 4.32 4.83 5.26 4.34 5.99 11.49 12.46 9.25 8.3 7.84 8.73 5.02 11.62
6.0 4.59 2.32 2.08 3.38 6.3 7.74 10.49 14.53 7.66 11.7 9.92 12.73 10.96 9.1 7.05 12.15 10.06 14.4 17.39 5.13 5.62 11.37 8.82 11.93 18.6 16.01 10.34 18.67 25.1 10.94 10.54 5.02 5.61 9.33 8.76 8.67 6.52 7.66 6.42 6.7 11.22 9.67 16.23 9.01 8.69 4.61 5.65 9.03 6.96 5.42 3.98 2.38 4.55 3.55 3.76 11.6 12.48 14.71 5.93 4.93 3.57 6.67 18.44
4.01 4.85 2.63 3.53 3.92 8.75 6.72 12.6 13.24 10.85 13.25 11.85 14.99 10.73 12.18 7.75 12.62 14.1 13.33 20.32 9.31 7.31 6.72 7.7 4.63 8.36 9.67 15.99 20.28 14.81 13.23 10.23 4.87 3.48 5.68 4.82 5.61 7.64 9.44 7.49 6.62 5.11 12.08 9.23 8.49 3.78 1.72 3.75 5.7 6.4 4.63 2.6 2.6 3.27 4.01 9.08 14.78 9.41 7.99 5.72 6.48 2.69 7.05 9.18
7.43 4.41 2.33 6.47 3.18 5.68 6.35 12.95 11.6 14.24 10.64 25.67 33.14 15.32 31.42 12.73 9.82 14.82 24.44 14.19 13.56 6.68 7.92 7.73 6.81 9.03 7.31 9.68 9.77 9.83 6.86 7.67 4.04 3.71 2.24 4.49 4.31 4.75 9.19 6.32 9.73 4.44 2.87 5.34 3.41 2.53 1.81 3.52 8.0 11.17 5.05 5.67 4.69 3.57 5.45 8.54 8.54 8.35 4.61 5.86 7.35 7.14 10.14 6.7
7.44 7.84 6.06 6.68 4.14 6.92 3.2 8.75 10.89 19.07 10.84 18.0 32.69 13.36 19.39 25.35 26.18 24.63 29.18 16.62 9.59 4.85 5.23 7.32 8.74 7.7 7.47 5.11 5.39 9.77 4.67 10.46 6.78 3.21 3.03 3.56 3.24 4.64 5.02 9.83 3.99 3.49 4.11 5.19 5.63 3.29 2.72 2.56 6.87 5.99 3.78 6.24 12.64 4.78 3.43 4.46 5.16 4.92 5.88 4.57 11.85 7.19 8.28 8.93
3.72 4.35 2.39 4.6 6.71 5.35 3.59 10.31 14.53 18.59 15.36 22.09 17.7 11.1 10.59 16.08 18.81 16.15 34.87 15.39 14.12 8.32 12.21 5.53 6.04 7.08 7.26 3.32 5.0 3.91 4.84 6.69 15.68 6.14 6.81 4.96 6.74 7.66 2.74 3.96 3.68 3.37 3.6 2.51 6.61 4.42 3.28 2.41 5.56 7.3 4.83 6.95 15.76 6.1 4.6 2.46 3.12 6.61 5.34 4.32 12.46 9.62 8.42 8.91
6.69 6.87 3.83 3.35 8.48 6.07 6.77 7.66 12.68 30.21 17.19 18.79 14.46 13.14 17.45 19.58 30.97 18.66 16.9 11.97 6.17 10.3 14.11 7.03 8.58 5.17 7.97 3.9 5.56 9.43 3.78 5.79 13.5 7.95 6.92 4.71 4.96 11.06 5.91 5.62 3.24 4.7 6.16 12.65 9.95 5.68 3.45 3.14 4.61 9.99 13.45 9.31 9.18 4.35 2.84 3.76 5.63 8.09 3.7 4.0 8.89 11.32 10.95 10.03
10.95 6.84 6.21 3.96 5.4 8.04 6.52 9.06 12.3 9.79 10.1 16.84 34.1 10.8 12.56 11.46 13.88 19.39 19.14 10.75 5.56 13.46 11.64 9.03 6.93 5.22 6.82 6.12 5.03 9.86 8.14 4.56 11.45 19.18 10.61 7.73 5.34 6.11 7.75 7.19 3.12 8.12 6.16 11.52 15.03 9.87 6.72 5.92 14.11 12.51 11.57 6.9 4.24 2.2 2.08 2.45 5.26 12.1 8.39 11.34 14.56 10.83 8.42 14.02
12.72 8.42 4.77 5.27 3.64 6.32 12.42 4.79 7.62 8.74 7.68 15.16 20.73 33.79 10.36 7.45 9.11 5.51 13.4 8.57 8.21 20.19 15.76 13.9 11.31 5.96 10.63 15.06 13.57 10.47 9.14 5.22 7.22 19.02 10.09 8.93 7.84 6.3 5.3 4.94 4.81 9.47 12.89 10.91 4.71 4.71 7.57 9.22 15.92 13.04 13.03 9.02 5.61 6.85 4.6 2.93 5.14 8.05 14.02 15.03 12.74 18.65 7.4 8.62
18.67 11.55 5.22 2.78 5.75 6.73 13.08 10.73 6.88 7.81 9.7 14.41 16.01 14.32 11.38 7.39 9.76 12.58 15.0 15.15 12.03 11.44 25.35 23.39 6.43 6.09 13.95 16.85 14.21 10.98 9.2 7.14 7.54 18.25 17.45 10.94 6.55 5.62 4.35 5.98 6.56 6.48 4.65 7.78 6.16 4.74 13.44 15.95 7.39 9.64 14.42 9.28 9.39 6.18 9.29 7.23 10.19 9.3 7.84 14.21 17.01 24.28 10.29 9.25
16.12 13.28 10.91 3.76 4.16 6.02 7.81 7.93 11.55 15.72 13.09 17.88 21.01 14.73 10.23 11.72 7.37 11.72 9.03 16.95 13.65 7.97 8.91 13.27 8.79 9.64 7.46 11.77 15.28 13.45 11.51 7.34 8.25 19.7 13.85 11.5 6.97 8.29 9.71 6.0 7.61 6.33 3.52 4.14 3.53 3.66 10.81 14.27 11.52 7.95 12.97 11.21 12.22 10.21 5.91 9.28 7.97 6.66 5.41 5.86 9.91 12.76 7.09 11.68
12.54 14.68 15.11 8.84 7.26 8.14 10.54 7.84 15.72 7.54 20.15 16.11 22.64 16.52 6.74 10.58 8.8 9.31 13.71 7.96 9.9 5.72 10.06 11.05 10.15 9.83 8.24 7.5 9.01 13.49 18.3 12.81 8.77 10.16 7.46 4.78 10.12 9.31 8.94 7.24 9.54 10.26 5.35 4.12 3.53 3.69 7.35 10.19 5.81 7.26 18.93 10.11 9.3 12.64 5.8 7.45 6.26 5.77 5.02 8.89 9.71 9.77 6.89 7.38
18.14 12.03 11.06 9.99 10.38 15.5 9.6 9.72 15.87 13.8 23.87 17.61 11.98 11.23 12.27 8.77 6.38 5.87 4.72 4.37 10.41 6.08 4.79 11.51 11.73 9.79 4.67 5.68 4.15 10.7 13.26 10.25 9.0 7.18 3.62 3.57 7.28 13.36 7.77 6.53 9.39 8.26 7.36 3.43 2.33 3.76 3.59 7.69 7.42 6.4 14.92 14.41 11.12 10.37 14.81 5.15 7.45 5.8 4.25 6.73 13.43 10.15 5.82 6.06
10.53 9.12 8.59 12.3 9.36 14.15 13.23 14.24 12.86 29.46 14.71 20.88 19.64 11.0 7.41 6.48 6.39 4.07 2.83 3.32 3.75 7.74 6.08 11.42 11.15 6.5 6.41 5.38 6.44 11.2 11.05 9.14 4.86 7.31 5.69 2.99 6.04 7.71 8.26 5.25 7.41 9.36 7.18 3.13 4.78 7.41 3.41 4.55 5.81 7.8 12.43 23.51 13.45 10.1 9.52 7.78 7.86 7.25 5.86 5.13 6.0 6.68 10.39 9.8
7.87 8.98 5.93 14.41 9.28 7.2 18.61 18.39 11.65 21.48 23.09 14.09 11.93 8.39 7.74 5.96 5.61 3.56 6.5 5.06 7.36 7.37 14.06 9.84 8.6 10.04 6.69 8.92 6.13 7.86 6.62 8.33 7.01 4.72 4.07 5.46 10.57 7.32 11.58 4.04 3.43 5.18 6.92 4.07 7.0 9.25 4.53 4.23 3.22 7.15 8.86 14.7 8.24 8.6 10.16 8.38 16.73 9.83 4.99 6.95 9.63 8.37 9.06 8.51
7.01 7.2 4.76 11.55 9.19 11.3 25.74 22.09 17.88 17.3 16.4 17.84 8.79 5.35 5.66 4.05 5.63 4.64 13.66 11.19 15.04 9.36 10.78 12.02 7.32 8.65 8.86 7.15 4.98 4.05 4.8 5.96 5.6 5.26 3.5 3.88 4.05 11.78 8.14 4.45 7.66 3.51 5.39 3.5 5.45 3.31 4.97 4.18 5.04 7.99 8.58 11.46 7.13 6.85 15.21 14.12 19.2 6.7 2.36 5.69 9.17 8.54 6.81 8.38
5.77 9.64 15.14 14.63 10.87 16.19 16.25 19.76 8.35 10.28 13.82 17.04 7.17 3.8 8.18 6.71 5.14 6.36 11.94 7.7 7.27 6.94 15.86 19.01 12.28 10.58 13.32 5.1 5.97 4.77 2.78 4.15 2.93 4.14 4.23 7.99 5.22 10.45 12.78 8.02 9.98 8.37 4.97 6.63 4.2 2.89 3.84 3.1 6.11 9.51 12.05 16.45 12.69 6.76 6.51 9.45 10.71 6.57 5.25 7.85 10.15 14.43 8.55 10.61
4.74 7.1 7.76 19.46 13.25 14.08 14.26 11.08 10.55 4.65 13.53 9.36 4.81 4.91 4.02 4.83 4.53 9.57 13.66 6.79 15.22 11.35 11.29 18.48 16.44 9.67 9.74 4.64 3.97 3.63 3.78 4.73 4.53 6.88 5.11 14.29 7.61 6.29 11.33 12.64 7.46 11.77 5.87 7.19 5.14 8.8 6.83 6.6 6.54 4.54 5.88 7.43 15.27 10.93 7.72 11.2 11.59 10.99 13.21 9.56 11.73 11.43 7.16 10.91
10.49 12.67 12.65 20.31 12.2 8.85 13.37 17.15 12.85 6.24 9.5 5.44 3.51 3.4 6.37 4.68 4.53 6.22 8.35 12.59 12.54 14.8 11.0 15.3 12.39 8.07 8.9 9.41 7.49 6.47 6.81 2.9 6.24 6.18 4.22 4.81 4.48 10.95 9.3 15.77 13.09 8.71 9.76 5.55 7.26 8.18 10.59 9.1 6.61 5.48 9.37 5.82 9.96 5.47 9.65 10.24 7.56 7.88 6.5 3.72 7.37 7.86 8.9 12.66
25.39 32.56 28.48 24.92 8.79 9.27 11.96 12.28 6.3 4.94 8.62 7.89 6.1 6.08 7.07 6.06 7.42 6.58 8.04 14.21 19.74 10.1 8.08 8.12 10.0 10.85 12.92 20.97 22.64 15.38 9.44 5.25 7.62 4.08 2.35 4.53 2.8 6.9 8.73 6.18 8.05 4.62 5.03 7.12 7.13 7.32 6.98 12.95 15.1 8.66 6.26 3.71 8.16 6.97 5.52 6.22 4.54 4.15 5.61 4.63 6.5 10.77 7.25 10.85
26.44 27.39 21.59 15.66 7.09 6.12 10.41 12.49 13.78 4.65 10.52 10.85 9.27 7.57 6.47 5.73 4.43 6.96 9.77 10.0 15.3 12.24 10.2 13.39 9.14 10.18 10.95 16.37 26.15 25.11 17.56 8.92 7.17 3.3 1.76 5.19 2.7 3.51 3.6 2.9 2.71 4.95 2.59 4.67 5.98 5.77 9.16 14.92 14.63 10.0 13.51 6.43 10.6 17.33 6.08 6.76 5.35 2.46 3.99 6.04 6.16 8.93 7.26 9.18
12.42 12.51 26.15 15.92 12.48 12.64 14.89 17.76 11.49 7.06 7.85 8.96 6.46 4.76 8.56 10.41 5.26 10.28 9.54 12.02 15.91 7.46 9.25 13.51 13.11 14.92 11.41 15.16 15.22 17.98 16.91 7.35 14.31 4.43 2.2 3.04 4.66 3.26 1.84 5.64 3.2 4.05 6.38 3.72 10.14 5.83 10.91 12.48 7.65 9.21 9.84 20.74 26.24 23.85 10.17 5.86 6.21 3.5 3.23 8.01 5.76 5.44 12.95 11.26
11.34 8.6 14.84 11.97 12.01 9.12 23.43 18.15 12.06 11.94 8.4 8.98 8.61 7.29 9.17 9.6 5.81 8.89 10.0 23.8 17.19 13.95 8.34 9.44 12.06 14.8 15.88 29.66 15.27 10.11 11.34 11.12 10.8 7.54 3.99 3.61 5.45 3.24 2.24 4.33 3.22 2.82 2.83 3.76 9.68 14.96 11.83 6.55 5.93 9.8 11.37 23.4 22.53 16.46 10.9 5.78 7.1 7.37 3.42 6.95 5.89 6.37 7.56 9.28
8.37 9.92 20.32 16.27 13.85 16.24 21.5 24.65 10.52 13.46 14.13 7.42 16.06 11.61 9.6 8.76 9.74 13.17 15.01 30.15 17.43 16.22 7.12 10.36 9.68 16.08 21.0 24.06 16.94 19.14 14.72 17.16 7.47 3.46 1.99 1.89 3.17 1.91 3.73 3.22 2.63 4.24 4.79 5.54 10.13 13.85 8.23 3.97 10.86 15.94 17.21 16.2 20.54 13.81 8.49 11.79 10.82 12.34 9.4 4.35 3.34 4.93 7.22 8.15
10.13 10.01 17.31 22.91 18.97 24.73 13.13 25.21 25.69 13.53 14.47 14.54 13.27 8.96 11.71 8.19 9.66 11.23 20.44 15.9 18.93 10.4 10.6 10.02 8.77 14.26 18.16 20.92 14.09 11.38 10.81 16.42 10.52 3.47 2.8 1.95 3.96 3.19 2.34 2.68 4.79 5.04 8.37 6.74 9.98 11.58 11.58 7.16 10.58 25.59 26.97 25.66 14.97 14.05 8.65 11.53 15.92 11.14 16.37 9.19 5.99 8.58 8.95 10.34
8.44 14.63 24.97 14.23 11.16 17.92 19.9 14.11 16.38 13.46 7.37 11.87 8.25 8.73 13.21 7.3 17.71 6.68 8.8 8.8 12.2 7.41 9.17 8.73 6.37 8.73 19.07 13.43 14.56 16.79 6.57 11.33 6.75 4.12 7.67 3.78 2.9 1.72 2.5 2.79 6.29 6.3 7.9 8.33 8.66 15.13 15.4 12.33 13.36 22.32 17.0 12.21 20.7 16.82 6.21 5.67 11.22 8.27 9.34 11.05 10.86 11.33 14.49 17.6
12.23 13.16 10.2 9.65 8.61 9.98 13.99 21.25 15.94 9.05 4.18 6.61 4.18 4.57 12.79 10.78 11.8 12.87 6.41 4.99 8.84 12.83 20.23 14.41 7.69 7.0 15.43 16.14 5.38 6.9 3.81 8.12 9.72 7.72 4.34 6.39 3.26 2.25 4.27 4.01 6.27 5.8 4.37 12.72 17.65 24.27 25.18 11.77 14.7 15.24 11.75 12.95 6.18 7.54 6.38 12.59 5.46 7.57 13.38 12.57 19.25 18.48 19.74 16.79
11.08 14.01 9.26 8.27 5.18 7.66 12.36 15.58 9.86 4.82 4.87 5.05 5.06 5.38 8.49 7.67 6.34 7.61 12.03 5.25 8.17 9.61 14.07 9.71 19.18 10.81 7.74 11.27 4.73 4.29 3.83 7.72 6.13 2.46 4.51 4.55 3.06 4.03 6.98 11.39 10.4 7.77 6.56 9.89 17.76 21.48 18.43 11.24 12.74 8.49 9.02 11.19 12.1 7.95 9.69 14.34 7.76 8.55 6.46 7.92 15.51 11.54 8.26 10.38
6.45 9.0 14.85 9.22 12.17 7.7 8.08 7.23 3.78 4.34 3.08 2.75 7.05 5.83 4.5 5.74 4.65 4.52 5.61 7.01 9.2 10.48 23.87 11.27 11.8 9.14 5.82 4.72 4.47 4.81 4.45 5.01 3.08 2.59 2.42 4.55 5.2 5.49 5.9 9.42 10.96 12.01 8.34 9.38 10.23 13.25 7.39 6.99 16.12 10.81 7.72 7.14 15.15 5.52 6.1 7.78 6.32 4.18 5.11 12.0 19.73 7.87 5.57 9.63
6.8 8.04 9.46 11.43 8.84 4.5 5.88 6.26 4.35 3.98 4.51 7.23 9.51 6.45 6.85 5.36 4.32 4.78 6.32 7.83 4.27 17.09 13.24 17.2 25.35 10.25 4.8 2.85 4.16 2.71 2.97 2.74 1.95 1.92 3.06 6.78 6.19 3.97 3.56 6.58 19.18 20.04 8.27 10.63 10.06 9.52 7.39 7.02 6.31 7.94 9.07 5.39 13.13 11.71 8.4 8.17 4.75 5.77 5.33 4.31 11.93 12.69 4.06 6.2
4.56 7.37 10.84 7.2 12.53 7.02 6.18 8.33 16.43 8.5 5.77 3.53 4.63 3.94 8.32 4.9 5.8 7.54 6.03 7.35 5.5 11.36 14.31 13.76 9.31 6.27 3.93 5.31 4.87 5.85 2.11 2.44 2.47 2.19 2.51 3.93 7.19 3.47 1.97 4.13 10.8 24.53 14.87 19.98 39.13 18.87 5.67 6.75 4.83 12.49 7.7 6.79 14.63 7.13 6.32 14.56 12.65 7.84 3.84 4.62 3.09 4.46 3.62 5.44
3.76 5.71 10.39 7.38 7.74 9.88 9.27 7.53 23.22 6.73 4.97 6.52 3.53 3.04 7.22 5.64 5.82 6.72 6.5 9.01 5.2 9.38 10.34 10.21 10.72 8.28 5.39 3.88 4.34 8.84 3.14 3.23 4.63 3.53 2.79 5.41 7.28 6.79 3.15 4.55 6.95 8.29 29.21 18.03 19.09 11.36 10.66 7.28 12.55 13.85 16.68 17.08 21.89 14.88 10.46 8.53 11.06 7.21 5.6 3.73 3.32 6.96 3.29 7.2
4.31 5.88 6.43 7.34 5.14 9.83 19.37 13.05 10.13 11.62 6.67 4.8 5.39 6.24 8.21 6.58 8.57 6.35 5.99 8.81 5.36 8.4 8.01 10.22 5.3 6.55 8.52 3.4 7.09 8.66 5.19 11.53 9.78 7.52 3.65 6.29 7.61 4.98 3.55 4.66 7.32 7.72 12.3 17.45 11.22 8.05 11.65 7.5 13.08 19.96 22.47 14.98 24.86 23.48 20.09 16.84 10.2 6.56 5.14 4.23 6.83 7.16 3.05 4.14
4.38 9.11 4.77 8.6 11.39 17.99 17.95 8.37 8.9 6.13 7.66 4.81 5.48 9.35 8.43 7.74 6.11 7.53 5.38 7.12 4.37 5.56 15.87 13.75 8.79 5.19 4.57 4.21 6.46 7.46 8.22 9.72 9.21 18.05 11.81 6.46 5.82 3.42 5.37 6.87 9.55 8.61 5.04 12.92 12.62 8.1 13.06 8.89 9.31 8.52 19.61 21.77 13.75 12.65 15.79 11.69 8.0 6.75 5.83 7.07 11.36 9.8 5.37 2.44
2.82 3.8 7.64 8.11 8.23 11.86 12.01 7.03 9.22 7.0 7.85 3.9 6.88 10.68 9.01 10.82 8.55 5.07 10.34 6.82 5.48 10.26 17.21 16.37 11.53 9.69 6.69 4.44 7.76 4.33 7.27 9.41 11.97 22.79 23.77 6.95 5.7 4.12 6.19 10.77 9.15 4.62 5.22 7.1 17.96 11.98 17.32 11.57 5.49 6.66 9.81 19.56 20.21 19.84 17.69 12.19 12.01 8.57 7.1 10.33 9.42 7.88 5.76 2.62
5.11 8.3 10.42 8.01 7.65 10.33 9.93 8.57 6.3 11.19 6.05 6.54 9.69 8.91 12.2 9.95 9.54 5.15 6.4 8.82 11.18 11.66 10.27 12.59 7.3 10.21 13.51 7.68 6.93 5.6 5.01 5.03 12.93 16.48 7.59 9.13 6.86 6.09 9.01 14.46 14.79 4.05 4.93 9.47 11.19 15.85 16.46 14.27 7.15 9.31 9.75 7.84 6.32 13.25 17.13 18.04 12.35 8.45 5.32 5.64 8.52 5.38 6.12 2.09
7.11 6.72 13.21 10.21 9.31 22.0 8.51 10.4 10.62 6.56 5.27 6.18 10.27 12.19 9.24 11.33 4.23 5.29 11.78 8.82 21.98 15.12 8.74 9.75 7.73 8.24 6.93 7.77 4.65 5.94 6.54 5.05 7.18 14.03 11.92 9.27 10.81 12.32 9.22 15.59 14.94 6.48 6.14 9.0 12.61 14.24 6.16 11.14 6.56 4.46 7.49 9.22 2.45 4.45 8.26 8.78 7.47 15.41 9.21 3.57 9.37 7.34 3.64 3.23
