16.88 15.72 10.79 6.45 4.94 8.1 5.24 16.3 7.66 10.02 4.27 5.55 5.5 5.42 4.14 3.59 4.88 4.52 8.79 2.83 5.64 10.52 22.83 15.78 9.57 10.85 8.54 5.47 11.17 8.48 6.6 8.98 6.74 5.73 5.7 7.84 2.38 1.51 4.51 2.89 5.73 17.48 7.43 13.54 17.6 10.58 26.06 19.24 26.11 15.24 20.63 8.57 2.65 2.32 3.44 4.34 6.07 3.74 4.23 2.79 4.14 7.35 11.05 13.1
13.2 11.63 10.44 6.31 6.44 4.83 10.63 12.44 20.18 12.4 6.04 6.2 9.68 4.37 4.2 3.41 3.56 9.02 3.67 6.69 7.27 8.91 8.86 25.89 9.91 10.75 4.32 11.82 6.24 12.27 4.87 5.5 6.3 6.44 7.56 4.15 7.18 2.57 3.3 5.04 5.02 12.33 12.83 15.73 15.34 12.9 15.34 15.33 19.5 9.85 7.39 8.39 6.03 6.08 3.17 2.51 4.95 4.1 4.26 3.5 7.83 6.43 9.54 10.7
17.61 14.46 5.61 6.07 7.54 6.0 7.56 19.17 22.18 14.69 15.35 6.0 7.13 7.42 2.9 2.65 1.85 6.81 3.01 5.89 7.6 6.49 9.65 6.44 6.53 4.8 9.52 6.66 7.58 9.85 6.9 7.47 5.28 7.13 6.35 4.23 5.14 3.78 4.49 4.45 4.74 15.63 9.02 9.12 8.46 7.72 7.48 12.69 12.99 5.2 4.31 7.88 8.19 10.1 6.37 4.17 2.66 3.58 2.78 2.77 4.22 9.0 6.28 14.4
18.37 12.67 5.93 8.78 8.84 12.01 9.22 21.96 11.44 13.95 8.94 12.96 4.41 3.28 3.69 3.52 1.45 2.31 3.9 5.97 6.07 10.2 10.31 3.54 6.83 4.35 7.35 7.04 6.2 7.78 5.64 4.62 5.71 4.21 6.2 5.81 11.57 6.46 4.01 5.11 9.93 6.06 9.61 5.58 11.11 6.44 11.68 7.92 6.95 6.28 4.95 7.69 12.41 19.98 6.57 9.34 4.21 7.22 1.96 4.03 3.67 10.92 7.9 16.97
10.52 9.63 6.73 10.94 10.72 7.61 16.85 28.66 11.02 13.36 16.93 16.66 5.33 6.7 2.59 3.06 4.51 6.22 3.18 5.38 3.57 2.93 5.2 4.34 3.17 5.57 9.14 8.91 6.64 3.84 4.09 5.18 7.88 6.35 21.6 7.79 5.25 5.42 3.08 5.4 7.77 8.52 6.66 5.8 5.65 7.25 7.31 8.99 5.72 12.21 7.42 14.02 12.29 11.74 14.48 11.05 5.27 5.76 4.98 2.63 6.27 8.53 13.81 11.81
8.81 18.7 5.8 7.74 9.8 16.93 12.43 16.81 16.51 15.42 21.64 7.77 6.02 2.95 3.87 4.48 9.7 8.59 9.92 3.65 2.37 2.48 3.91 6.24 10.5 7.04 7.25 5.49 6.43 7.16 3.49 8.34 6.72 9.89 10.03 9.66 4.71 4.14 5.93 15.64 7.36 8.82 5.02 6.08 4.58 6.8 6.74 12.09 9.48 20.9 11.37 10.68 16.45 18.53 15.31 7.07 7.34 6.92 6.04 5.14 3.67 7.44 11.04 10.83
15.8 11.05 6.37 5.3 10.24 11.09 9.15 6.75 5.53 16.87 12.86 7.95 6.66 7.15 7.98 8.05 9.78 15.0 7.03 3.93 2.65 1.19 3.03 9.64 8.32 10.25 5.52 5.12 7.71 10.79 9.7 5.83 7.0 11.09 8.74 5.49 3.35 2.29 4.16 4.82 4.27 2.49 6.19 5.07 4.16 5.19 5.09 13.7 15.74 12.3 15.74 8.58 15.01 29.27 21.37 6.14 4.56 6.61 6.65 8.75 2.98 5.72 5.72 12.51
20.54 10.79 9.71 9.27 9.73 11.2 5.06 2.66 6.51 14.8 9.85 10.88 8.93 9.48 5.45 17.12 10.79 9.8 5.92 6.24 3.39 1.73 2.47 12.65 15.12 11.69 8.89 5.22 6.67 15.34 9.73 6.42 5.68 10.66 7.32 6.74 10.67 4.22 4.31 2.98 2.84 4.77 6.41 6.05 8.92 3.49 8.46 7.35 17.0 7.23 8.87 13.88 24.2 14.21 12.03 5.92 8.48 5.27 8.34 9.07 6.92 5.02 9.14 11.62
10.8 6.57 8.21 13.04 11.09 15.17 5.33 4.33 4.84 6.08 8.2 4.07 9.75 8.31 6.7 12.16 8.57 7.19 3.3 4.88 3.98 4.17 5.29 5.97 7.03 10.34 8.95 7.29 6.83 10.56 16.93 6.96 5.1 5.15 3.63 6.28 18.02 6.67 4.89 2.02 3.15 2.22 5.3 6.37 6.15 6.04 6.94 7.31 9.18 5.85 8.09 13.13 9.39 15.56 7.23 6.85 3.8 9.0 7.2 5.21 8.95 5.77 7.47 6.91
5.23 7.91 9.44 18.5 7.41 13.63 6.69 7.4 3.21 8.35 6.94 8.37 6.53 7.77 4.96 6.98 5.11 8.82 6.18 4.22 4.83 2.62 4.78 10.68 6.81 5.41 12.78 5.46 9.47 4.24 9.63 12.97 9.51 4.13 6.42 4.22 15.28 5.61 4.91 5.11 5.11 6.17 4.03 9.8 9.57 5.62 7.37 8.17 9.07 11.86 7.07 9.09 6.55 4.87 2.16 3.22 2.54 3.89 8.9 9.88 4.87 12.31 8.02 6.95
6.33 11.38 14.26 5.67 6.61 9.19 8.25 12.35 7.93 12.04 6.79 5.49 7.53 7.44 6.12 6.51 7.34 7.73 11.03 6.06 2.28 1.6 3.98 5.42 6.42 8.92 7.3 4.75 6.41 6.23 8.59 11.43 10.56 8.19 10.46 6.46 3.63 5.21 3.66 5.03 5.03 9.36 6.66 7.15 10.27 5.26 6.56 7.13 12.17 10.61 16.35 7.9 5.22 5.35 3.9 3.15 3.09 5.72 10.76 5.52 5.8 3.84 3.49 6.52
17.5 11.9 12.03 4.36 8.51 8.14 11.18 15.09 16.13 10.72 10.74 5.08 6.65 6.95 12.93 4.25 6.93 6.5 7.93 6.59 3.99 2.23 5.21 7.9 8.56 7.39 5.51 6.14 8.22 5.37 7.41 17.21 14.13 13.29 9.08 6.88 5.47 3.82 4.62 4.47 4.42 9.41 7.06 6.23 8.62 7.34 10.61 9.69 13.75 29.55 9.44 9.89 6.76 7.82 2.25 2.64 6.56 3.38 4.31 3.16 4.48 3.94 5.51 2.0
8.57 13.5 9.72 5.14 9.43 12.14 11.67 8.86 13.88 21.23 7.67 11.55 11.57 7.95 15.12 13.74 11.17 6.22 8.7 14.22 7.99 7.32 6.72 5.09 8.1 4.82 9.8 8.43 5.26 8.21 7.1 12.52 19.54 7.68 5.7 5.38 6.5 3.97 3.1 3.48 6.19 7.61 8.73 2.36 4.06 4.25 6.39 11.77 14.05 23.86 13.84 10.99 7.55 5.37 5.78 3.57 10.16 5.28 2.38 2.02 3.34 5.54 4.35 5.17
12.02 5.58 10.41 5.13 13.12 14.91 7.26 11.72 7.96 15.65 8.19 14.16 17.04 16.99 11.23 17.21 8.51 7.81 7.33 11.32 7.85 11.63 8.07 12.28 11.28 13.55 9.35 18.47 13.71 6.39 11.45 17.49 18.81 9.76 3.64 3.27 4.61 3.49 2.1 3.35 4.93 2.84 4.83 5.66 5.34 4.27 29.35 11.73 21.07 15.46 10.06 12.28 8.93 6.23 4.99 4.91 5.6 1.59 2.17 2.8 2.73 5.95 3.18 7.33
13.27 12.98 11.26 14.96 12.86 13.71 9.84 10.99 10.65 13.09 6.64 10.54 24.98 22.08 18.19 9.96 11.48 10.38 7.54 9.95 12.97 14.14 11.88 11.81 17.59 14.43 8.47 10.85 9.37 9.58 10.02 9.07 12.85 4.15 6.43 2.38 4.8 6.1 3.18 9.35 4.69 3.93 5.95 6.28 9.1 9.71 16.13 15.91 8.25 13.64 14.53 11.51 6.61 12.15 6.08 3.98 2.68 2.34 1.95 3.37 3.07 4.37 4.87 3.87
18.82 20.11 11.51 15.18 10.76 13.61 6.28 14.08 8.1 8.72 7.13 4.29 15.28 12.05 11.86 11.51 6.05 6.6 10.55 8.66 10.89 11.05 13.07 6.99 7.28 7.06 10.01 10.41 8.6 4.56 14.78 9.1 8.37 3.45 3.19 2.51 5.86 5.59 8.82 4.25 7.31 2.67 1.95 12.05 12.27 10.77 31.16 20.92 11.78 15.79 14.0 11.71 5.53 6.21 4.57 3.75 1.21 1.42 2.16 4.19 2.85 6.95 2.8 5.19
22.76 40.98 32.35 14.32 14.99 14.13 5.6 16.37 9.95 7.04 5.03 7.76 4.17 8.13 11.04 7.61 7.6 9.97 6.46 6.09 18.37 21.15 8.82 4.37 2.94 5.2 8.08 6.45 5.23 3.47 8.96 4.69 5.31 3.64 3.35 4.17 7.75 19.01 8.5 5.73 4.81 3.68 4.85 4.38 13.61 12.48 16.77 17.64 9.99 16.3 22.98 15.13 10.65 11.89 9.8 5.48 3.39 2.33 1.96 4.13 7.46 6.55 9.86 5.49
17.48 20.78 24.6 19.02 18.19 6.16 5.62 6.04 7.33 12.19 7.64 4.06 6.28 4.68 4.01 6.69 5.98 8.33 7.25 6.45 15.68 17.79 8.94 2.51 1.99 4.62 7.67 6.01 4.77 4.01 4.14 3.67 3.46 4.71 4.09 12.84 10.0 28.64 10.98 5.91 5.25 6.29 5.51 6.62 11.65 18.99 7.64 9.28 10.87 8.39 19.58 22.04 11.02 11.59 10.61 8.88 7.24 3.6 5.45 5.61 13.83 6.95 12.04 6.04
9.65 16.51 23.88 21.33 26.09 11.96 4.03 7.36 13.57 8.68 14.54 8.61 3.19 3.87 4.28 5.81 6.6 9.54 11.74 6.58 9.37 20.4 8.38 5.01 3.25 3.69 7.97 4.34 6.15 7.33 2.81 3.02 3.73 6.94 6.34 16.1 21.71 16.18 13.49 6.08 8.58 3.33 7.37 4.86 8.93 9.82 6.11 5.68 4.57 13.84 15.11 11.62 15.36 7.62 8.75 16.29 9.34 9.41 8.22 10.67 8.97 14.5 11.89 16.04
7.72 5.93 11.77 21.84 14.18 7.7 7.8 5.14 5.89 21.6 8.3 9.05 4.71 3.57 2.71 6.15 13.21 8.76 9.62 12.77 9.59 8.05 9.69 7.42 3.74 8.68 5.66 5.75 5.27 3.5 3.67 3.66 4.77 5.08 15.28 12.22 17.3 9.95 7.53 5.43 8.87 5.88 12.53 6.86 6.38 7.73 5.54 4.63 13.16 12.36 23.32 18.5 15.03 6.15 8.96 10.89 7.09 7.74 11.97 11.4 10.85 7.17 7.94 15.67
7.68 18.11 10.82 11.56 15.58 11.42 8.59 11.68 11.74 6.26 7.23 8.92 5.36 6.88 2.38 9.81 20.88 11.91 11.74 11.8 17.58 16.28 8.93 6.35 6.11 6.72 6.57 5.99 7.15 6.05 3.77 3.82 5.7 11.51 33.48 12.54 24.69 12.14 11.44 3.81 3.61 10.4 9.38 20.56 6.74 4.04 6.03 4.36 12.38 26.16 27.22 12.35 21.35 15.49 10.47 12.12 8.73 12.13 21.39 19.09 5.03 6.11 8.72 14.74
7.8 18.73 16.13 30.78 10.59 8.17 12.23 8.24 3.12 6.6 4.53 5.5 6.08 5.36 3.6 4.81 8.03 7.95 9.0 13.64 19.31 17.81 21.88 7.21 4.74 4.43 8.15 5.84 9.62 7.09 5.42 5.54 7.46 9.23 21.69 23.96 16.81 10.39 23.09 7.35 6.48 5.85 5.91 14.14 6.36 6.47 5.1 13.54 11.13 12.06 18.22 18.57 9.79 26.76 22.06 22.02 11.94 17.55 10.08 11.41 6.22 5.81 9.51 15.79
7.45 19.97 24.76 26.92 19.86 7.6 7.2 5.56 4.02 5.58 6.49 6.62 4.2 5.88 6.67 4.63 11.96 7.53 12.1 7.95 17.85 15.92 10.29 8.68 3.98 3.65 4.1 6.43 14.54 9.47 6.64 4.85 4.78 10.18 11.18 9.31 15.32 21.57 16.87 14.18 8.9 7.37 4.88 7.52 11.2 9.25 9.02 8.96 17.71 9.65 16.53 35.35 14.75 21.16 24.0 15.85 25.26 16.87 9.69 18.42 9.45 10.88 12.85 10.33
16.42 12.97 30.74 14.74 14.18 7.94 11.23 4.07 7.92 8.71 5.17 4.43 4.21 4.28 3.8 4.63 7.45 7.6 8.66 5.18 7.33 21.26 9.25 5.16 4.64 5.82 5.09 4.29 8.26 6.77 9.15 3.09 4.54 8.76 9.62 18.85 9.11 10.63 21.17 8.89 6.87 7.63 3.5 4.57 6.37 5.75 9.1 8.46 9.64 8.84 29.08 36.44 29.0 26.76 30.76 27.8 26.77 21.01 13.39 18.39 26.57 14.65 11.52 13.5
31.83 25.01 19.74 11.26 8.54 8.47 9.3 7.83 3.5 9.57 8.63 4.41 4.18 5.41 8.2 7.4 10.78 17.48 8.0 6.07 11.61 12.59 7.08 6.58 5.94 6.41 5.45 5.1 11.96 6.01 7.2 4.94 4.24 9.37 13.69 12.73 5.82 7.47 11.87 6.89 5.74 3.3 7.13 3.91 4.13 6.38 4.6 5.46 12.17 21.95 21.93 22.78 30.6 18.31 25.58 16.98 14.44 20.32 13.91 17.32 17.07 13.46 10.44 25.71
16.43 20.34 14.77 6.41 7.24 14.25 9.51 10.3 5.6 6.57 4.71 7.85 4.38 3.87 4.67 8.47 11.36 7.58 8.84 11.45 6.21 7.78 6.62 6.47 4.63 8.82 6.28 7.39 11.66 6.09 2.41 2.83 4.89 11.35 17.75 9.35 5.19 4.78 11.08 3.93 6.56 2.53 4.72 6.51 4.13 3.73 4.41 8.84 10.81 20.84 28.11 19.17 18.36 21.89 14.47 13.97 12.9 22.14 7.93 23.58 9.33 8.39 10.22 13.52
9.73 7.25 8.7 10.52 17.89 14.45 8.93 14.19 3.82 8.36 10.79 9.0 5.41 11.35 5.77 9.19 11.12 10.24 6.42 10.72 11.38 5.99 5.32 6.13 10.62 5.81 9.51 10.37 11.17 8.64 4.79 1.93 5.51 12.55 9.67 9.51 6.81 12.36 14.21 5.79 5.59 3.61 4.34 5.43 2.22 3.83 3.24 9.16 6.94 12.71 23.64 26.19 36.28 18.17 7.4 14.93 13.65 15.11 13.83 12.98 12.23 11.55 10.89 6.88
5.59 4.11 6.53 10.06 8.1 21.19 17.86 9.95 6.13 5.19 5.13 7.04 7.51 6.88 8.92 4.27 6.84 9.24 8.28 12.21 9.15 9.09 10.6 5.26 4.7 5.69 8.53 6.01 9.11 9.47 4.94 4.95 3.05 5.21 11.07 12.82 5.83 17.11 28.37 7.44 7.86 3.98 5.26 5.59 2.59 6.73 9.9 15.42 8.29 7.48 34.39 30.62 15.56 13.68 8.27 8.82 10.78 11.25 7.18 16.79 11.76 4.26 13.0 7.01
10.2 13.12 9.24 7.47 6.99 8.59 8.73 13.8 6.82 5.53 3.64 6.32 4.9 8.58 7.39 5.17 12.09 9.54 11.06 13.93 6.33 8.91 5.01 7.72 5.09 4.11 4.76 4.4 5.63 10.23 10.3 3.61 4.94 7.13 3.78 8.32 18.56 11.64 20.52 16.36 9.85 4.58 4.28 2.86 2.47 12.54 15.01 15.63 6.61 6.1 22.12 19.66 14.21 8.84 10.79 13.76 7.05 8.55 6.9 8.67 12.0 15.07 10.51 5.63
12.34 23.59 11.85 11.19 4.87 14.81 7.72 12.95 5.98 6.42 2.02 2.19 4.85 6.98 4.61 5.37 12.71 11.74 15.79 12.26 8.69 12.75 4.22 5.16 3.2 5.94 4.46 4.15 8.29 8.35 9.36 5.7 4.71 8.88 7.87 7.77 4.91 16.86 20.62 9.65 9.48 6.39 4.58 3.79 2.72 7.58 15.03 15.69 24.51 10.6 21.0 17.0 11.82 9.41 12.02 19.58 8.84 7.48 7.62 7.94 8.96 16.87 8.43 6.18
24.74 22.57 13.3 13.99 7.75 11.95 13.17 6.27 8.0 4.35 2.55 1.74 2.5 4.06 5.15 8.01 13.81 23.14 15.79 19.55 9.01 18.29 4.85 8.13 5.12 4.98 9.8 4.21 6.86 3.97 4.95 4.19 3.91 10.29 7.48 5.04 11.79 12.6 16.96 8.36 9.72 5.86 4.59 4.89 2.38 5.68 7.43 7.61 13.69 12.0 5.97 14.14 13.13 11.46 13.45 24.82 13.33 6.62 5.82 8.5 5.39 9.73 12.58 3.63
31.11 17.34 12.5 9.48 12.62 10.47 8.67 14.99 5.03 5.05 7.99 5.25 2.38 4.05 4.07 7.57 10.39 8.41 13.88 13.22 8.52 5.93 9.74 4.21 6.76 4.24 8.85 7.28 18.55 5.05 6.45 4.48 3.68 9.08 4.36 11.54 8.32 7.04 13.58 4.38 6.88 3.89 4.52 6.59 4.49 6.17 5.28 7.97 8.04 6.45 7.25 8.84 11.36 14.54 15.75 24.03 16.34 6.06 6.34 5.64 6.0 8.14 6.6 7.57
11.32 15.4 9.05 8.76 5.39 13.23 11.03 4.58 4.35 4.37 3.65 5.32 4.5 4.51 6.81 4.52 7.8 6.43 11.69 10.81 12.95 4.29 5.26 17.11 6.86 2.51 8.57 11.74 10.12 9.66 5.57 5.0 2.88 4.63 6.35 6.55 9.84 5.21 6.47 4.01 7.05 4.92 4.56 3.74 6.24 1.84 4.02 4.09 5.29 4.97 6.07 10.91 7.31 8.36 5.83 14.86 23.52 12.86 9.32 7.35 5.86 5.3 5.49 4.55
12.1 6.67 7.09 4.35 6.31 9.9 9.89 7.54 6.45 5.31 4.66 3.28 4.19 11.39 18.29 7.72 5.05 8.43 5.8 6.83 4.82 4.96 4.25 6.71 5.97 4.29 6.05 5.99 7.42 8.35 17.86 9.45 5.69 6.92 17.51 8.49 6.67 4.9 8.03 4.6 4.26 9.95 9.49 7.15 2.34 4.01 3.63 6.19 9.75 6.78 12.16 7.85 7.8 9.44 12.88 10.48 9.64 11.51 16.16 5.11 5.71 4.31 10.29 11.21
7.08 5.92 8.42 4.64 5.15 7.25 5.1 6.55 7.11 3.96 4.68 4.03 4.35 6.75 10.28 6.45 6.85 3.35 7.55 5.23 4.01 5.57 5.01 6.13 8.91 4.36 6.05 6.44 5.51 5.73 11.53 10.27 6.79 4.8 5.68 5.89 5.86 5.33 8.18 5.11 7.08 9.19 6.16 4.82 4.3 4.21 5.19 5.3 8.52 8.71 7.34 5.77 13.99 20.47 31.96 12.03 7.84 9.32 8.63 9.21 4.31 7.44 4.36 12.82
9.47 9.0 5.83 3.91 8.81 4.77 5.22 5.64 4.72 10.5 3.54 7.98 4.65 2.93 8.56 6.58 7.21 2.94 2.61 3.81 3.7 4.24 4.71 6.07 9.64 7.6 5.98 4.05 7.0 11.05 22.33 10.07 12.15 5.74 8.31 3.68 6.07 7.08 7.34 5.41 13.59 6.22 5.76 2.72 4.27 4.96 7.53 6.52 12.79 8.9 5.4 9.2 14.06 16.8 28.5 17.07 4.91 11.21 8.98 8.2 7.28 8.48 8.64 7.58
6.43 5.47 5.61 6.57 9.82 12.0 5.25 4.33 2.8 6.1 5.36 5.68 3.39 6.01 4.19 3.75 6.86 3.86 3.57 3.14 3.32 3.68 4.94 3.84 7.1 8.44 5.37 3.95 10.62 7.25 14.48 12.1 8.09 7.86 4.27 6.59 7.5 6.34 11.73 9.92 14.27 6.1 4.56 6.31 4.07 3.31 8.61 8.61 10.92 6.86 7.6 10.24 19.04 13.4 13.81 8.11 5.48 4.32 13.49 15.78 12.57 25.36 15.34 8.57
5.99 6.31 6.68 8.53 9.6 5.32 6.81 4.65 3.17 6.35 7.49 4.95 5.36 5.38 5.85 2.18 4.29 5.2 3.78 4.74 2.47 4.0 2.87 2.66 5.43 5.84 5.98 8.86 11.35 11.82 14.75 13.39 14.05 8.66 6.85 9.84 8.12 5.75 7.47 5.9 9.99 6.34 7.92 9.63 6.07 6.29 6.99 21.24 8.61 7.26 9.41 14.52 10.68 11.62 8.34 6.49 4.8 7.02 7.15 22.59 13.4 13.8 29.17 12.69
8.48 4.62 5.32 5.96 3.35 3.41 2.51 4.24 4.5 6.97 5.86 8.11 5.81 5.46 2.83 3.03 3.77 4.63 5.95 2.44 2.33 2.1 2.46 4.68 3.51 6.35 9.85 4.82 6.58 6.73 13.67 11.58 25.23 15.13 8.91 10.35 8.56 4.53 4.68 8.5 12.54 9.69 4.59 14.98 3.57 4.79 8.67 5.47 11.34 7.2 8.96 8.69 5.49 9.09 4.05 5.23 3.91 6.57 9.09 14.18 12.89 13.17 13.8 20.92
5.86 3.31 4.59 4.52 3.05 4.43 3.07 3.8 5.52 8.92 10.0 8.59 5.98 7.0 4.94 3.69 8.71 9.7 5.47 2.3 2.54 3.45 2.67 2.3 4.61 6.01 6.0 7.03 2.82 7.74 16.43 16.44 10.34 24.17 22.09 13.5 8.45 7.01 7.35 4.62 7.16 16.53 6.85 6.03 6.76 6.59 7.13 4.77 10.7 6.35 19.79 7.82 6.43 6.51 5.39 4.53 5.18 31.48 14.4 8.91 11.12 5.19 8.17 7.55
6.08 2.06 1.58 2.56 3.0 3.14 2.87 3.93 5.3 9.1 8.6 7.01 6.0 3.02 5.52 11.92 8.11 8.03 4.61 2.17 1.48 4.0 3.49 4.93 4.72 6.76 7.17 6.36 6.01 6.37 16.31 32.07 11.76 12.0 9.69 7.88 12.94 7.04 6.03 3.14 7.67 5.02 4.24 8.51 4.6 12.44 9.42 9.01 11.84 10.69 7.1 7.69 7.66 8.33 3.16 6.09 7.69 12.13 24.05 9.2 7.88 6.26 6.33 6.49
3.24 1.57 1.12 1.44 2.22 2.71 4.61 8.71 7.23 11.4 3.5 10.82 5.45 7.89 7.84 7.45 11.95 7.08 6.13 3.16 1.46 4.31 5.08 7.05 4.63 4.7 4.46 5.58 22.81 17.64 16.91 34.88 40.22 13.42 7.41 6.75 11.43 16.25 10.18 3.4 5.24 7.41 4.68 5.69 5.5 4.97 7.86 12.62 8.83 6.23 7.19 6.28 4.02 6.74 5.15 9.21 9.16 22.36 12.29 8.32 6.2 9.69 3.31 5.13
2.02 2.18 2.03 1.71 2.59 5.84 4.06 6.37 8.44 7.7 2.68 6.32 7.95 14.31 6.83 4.61 6.81 7.05 8.17 9.07 1.94 4.57 6.22 4.21 6.11 3.89 5.45 9.15 14.79 17.75 23.51 30.77 30.03 15.23 9.27 6.85 6.07 7.25 7.77 6.58 5.66 3.55 5.37 7.18 4.77 5.19 10.9 17.77 25.59 12.6 9.83 6.7 4.57 6.42 4.83 23.75 12.54 8.67 6.64 11.99 5.87 6.18 4.58 5.28
2.22 5.05 2.91 4.77 4.83 5.2 6.53 6.43 7.38 7.3 3.2 4.79 8.94 7.57 10.4 5.3 16.61 11.68 11.25 12.4 4.81 7.35 6.93 7.03 7.11 4.28 17.84 4.62 14.82 18.82 15.28 37.32 27.4 15.94 9.0 5.05 4.9 4.96 9.57 7.34 4.39 5.7 4.0 9.95 6.0 6.52 6.24 12.11 12.45 15.75 8.14 6.08 3.3 6.68 15.74 14.51 21.81 9.63 6.33 13.12 6.62 5.78 10.03 5.69
6.3 4.79 4.54 5.29 4.27 3.71 4.49 3.85 3.37 4.31 4.0 5.9 6.81 3.12 4.53 4.41 9.2 8.94 8.08 6.87 8.04 9.91 6.42 2.74 6.64 10.78 16.07 14.69 13.38 15.58 22.31 34.94 16.19 9.8 10.16 5.82 6.09 3.18 5.65 3.58 2.42 4.26 5.9 8.18 6.99 8.05 7.92 6.44 7.53 6.79 6.45 3.64 6.41 7.84 7.76 14.77 14.78 9.71 8.65 11.28 9.46 7.2 9.62 21.37
11.42 16.61 9.36 5.16 3.66 3.34 4.17 5.54 3.68 7.67 8.27 12.18 7.76 4.83 2.96 3.25 7.72 14.82 4.84 8.93 6.39 8.18 6.83 3.59 6.27 9.46 16.5 12.56 10.62 21.73 17.6 25.22 5.74 11.23 6.51 2.91 10.72 3.75 4.17 2.12 2.51 4.21 5.11 8.37 7.1 5.04 8.28 3.6 6.94 5.1 4.08 5.07 8.03 8.14 8.76 6.89 17.69 18.53 9.54 11.02 9.53 10.19 11.71 9.16
36.64 8.08 11.19 5.29 2.02 2.48 5.51 9.0 3.49 7.23 11.33 8.12 12.79 9.17 5.96 4.59 4.24 9.25 6.63 6.0 5.19 9.42 5.0 4.24 12.22 8.59 10.71 10.12 13.16 19.43 22.15 24.35 4.61 4.28 5.77 5.72 4.32 3.46 7.51 3.39 4.19 4.35 3.81 6.69 6.04 7.07 6.58 5.54 7.76 5.87 4.84 4.95 8.27 5.56 6.46 8.68 13.99 12.55 13.02 15.61 17.62 22.04 13.98 9.27
20.45 13.62 6.82 3.19 2.52 3.6 3.89 14.73 14.45 16.04 14.17 10.61 9.62 11.71 8.64 3.36 6.62 8.05 4.41 6.4 8.11 6.76 7.07 5.87 12.52 9.67 4.31 4.79 13.05 14.58 28.52 12.86 8.2 3.81 5.37 3.3 6.22 3.72 10.69 3.31 3.25 2.99 2.64 3.5 3.93 5.88 7.24 3.46 4.1 10.48 8.17 4.69 6.22 10.3 5.06 9.57 7.55 7.67 5.7 25.77 16.45 19.32 9.05 9.74
23.2 20.53 4.92 3.79 0.99 3.41 4.09 15.77 15.0 17.29 11.48 10.38 20.48 8.11 4.71 5.71 6.39 8.59 5.74 7.29 7.04 8.67 10.31 9.42 8.53 9.01 7.23 1.94 6.2 10.39 10.15 9.15 11.76 3.61 5.87 4.41 4.56 4.36 10.53 10.28 4.71 5.3 5.34 3.94 3.81 5.75 5.74 8.03 11.03 7.43 15.92 8.47 6.84 7.72 8.44 14.01 10.32 9.17 7.61 10.39 11.93 10.45 15.0 9.35
12.14 9.76 5.76 2.82 1.76 2.89 5.82 13.49 12.29 5.96 11.86 17.92 20.92 11.17 7.46 6.09 7.6 10.37 4.96 7.31 10.85 14.59 12.7 6.29 10.23 7.6 6.3 4.41 4.77 8.85 10.49 5.78 4.5 6.35 2.73 7.1 5.76 6.35 6.49 6.56 4.24 5.22 4.58 6.49 5.04 9.61 8.67 8.04 9.08 8.53 13.96 9.9 14.26 9.42 8.61 19.87 14.69 11.89 14.21 11.33 9.54 10.63 12.94 19.36
16.83 5.3 5.73 5.01 3.46 5.05 9.61 9.7 8.76 5.23 8.97 16.36 12.58 6.92 5.29 3.7 3.92 4.02 5.28 9.67 13.39 11.78 14.81 4.41 9.17 14.59 17.58 8.27 8.12 14.73 5.82 3.39 2.5 5.54 10.92 9.39 8.36 9.27 13.68 6.25 4.93 6.08 9.2 10.48 7.81 9.72 7.33 10.34 6.51 8.84 8.63 26.98 16.85 12.48 13.4 27.62 12.82 18.4 20.34 12.24 9.49 9.45 20.25 21.21
6.81 7.71 2.3 4.15 8.04 4.32 6.83 8.44 6.72 9.65 13.41 12.78 5.4 6.08 6.45 5.87 5.32 4.39 11.77 21.47 16.57 12.22 5.12 3.51 7.43 11.59 8.09 7.07 6.63 9.41 6.81 3.15 3.86 7.46 11.46 7.79 6.96 6.46 8.66 5.19 8.95 6.66 11.44 11.75 8.38 8.17 13.12 6.0 13.99 6.31 10.2 23.67 12.46 16.25 10.55 8.84 14.79 18.1 15.78 6.61 7.63 9.7 10.89 21.19
9.42 8.42 8.02 4.7 5.42 6.5 6.74 6.35 6.33 12.6 11.08 5.78 3.75 6.34 5.26 4.19 4.58 7.38 8.37 20.31 17.45 16.47 11.16 7.5 6.72 7.4 6.83 8.34 9.84 8.64 8.71 7.36 4.27 8.69 30.45 9.78 6.28 9.82 14.4 7.55 7.2 17.29 14.05 15.85 18.63 7.14 7.62 9.4 8.29 5.25 14.16 19.29 23.35 13.17 7.45 14.0 10.1 10.97 20.68 9.51 6.84 9.27 5.73 9.25
9.08 22.59 6.69 8.25 5.7 5.27 5.15 6.65 7.33 9.92 4.6 6.9 4.04 6.17 9.9 6.2 16.33 16.45 19.04 11.58 11.82 16.29 8.59 9.14 6.71 5.16 9.14 4.88 8.99 6.0 5.53 5.26 8.24 10.48 16.63 11.33 10.02 6.53 6.91 7.77 13.3 35.79 21.37 16.84 14.94 18.32 6.04 5.15 6.46 9.06 12.56 35.04 19.67 9.38 8.12 9.68 14.33 11.9 9.05 12.47 4.06 4.67 2.4 5.41
14.03 11.15 10.31 5.61 4.93 6.88 3.87 9.67 6.62 7.92 3.91 3.16 3.25 6.25 9.59 12.96 15.85 13.38 27.36 15.65 14.09 19.12 9.64 13.26 8.65 10.56 7.21 7.53 8.77 3.34 5.46 4.36 8.37 10.5 23.81 13.13 10.73 8.36 10.77 6.77 14.11 37.04 26.11 10.9 14.66 5.64 8.64 8.05 6.98 8.28 14.52 27.41 13.71 16.29 12.93 16.87 11.11 14.96 6.73 8.59 5.09 4.7 3.28 7.59
18.94 13.22 9.6 7.24 7.29 6.09 4.49 4.99 4.06 5.75 3.44 3.48 3.88 8.04 19.22 13.75 12.84 12.47 19.59 29.58 23.32 8.45 6.56 11.19 10.52 5.4 16.1 10.72 7.01 6.03 7.75 7.13 12.21 17.16 12.51 15.71 14.38 7.25 7.48 14.72 10.59 13.96 20.87 8.03 4.93 4.18 4.32 6.38 6.41 7.77 10.68 16.89 27.5 14.15 17.79 19.89 10.69 7.65 11.1 7.16 6.5 6.4 8.48 5.4
20.63 12.19 10.3 8.93 9.39 7.8 5.74 6.62 5.54 6.63 4.11 1.83 5.89 6.61 21.94 15.04 8.44 6.85 10.93 10.79 13.82 10.53 8.33 9.29 11.81 9.74 15.18 10.69 13.56 5.02 7.54 12.49 12.51 22.54 27.07 11.16 8.66 17.52 8.09 12.45 18.47 11.22 18.72 10.66 3.04 2.4 5.76 6.99 4.41 10.47 15.91 12.34 7.92 10.72 24.82 13.06 10.28 10.93 8.38 6.85 10.44 8.46 8.79 9.99
19.53 16.55 7.7 7.49 5.4 4.61 3.4 6.51 6.88 4.79 5.32 4.57 4.31 15.27 15.77 13.81 16.58 18.04 5.96 7.06 6.94 8.31 8.16 9.7 7.29 6.48 9.03 17.74 8.67 5.28 9.59 6.63 21.6 16.64 15.56 7.95 13.65 15.32 10.1 14.07 9.13 9.62 13.15 4.56 4.27 2.84 4.75 3.66 4.28 7.22 12.79 5.67 10.57 18.44 11.07 35.93 10.76 6.9 8.2 7.34 7.92 9.74 13.34 8.45
12.28 11.92 10.83 8.05 4.09 3.22 2.11 2.94 4.84 5.4 5.96 4.14 8.2 8.5 10.23 10.5 7.95 14.97 9.12 8.7 6.33 8.71 18.98 8.9 7.19 10.2 15.08 20.56 12.86 12.47 6.88 18.11 17.32 17.56 15.76 13.41 14.11 19.82 10.94 6.06 10.29 11.79 12.23 9.48 6.16 2.4 5.25 6.86 8.12 6.32 11.53 6.1 9.68 8.56 12.83 14.68 9.3 12.8 4.82 6.39 8.97 5.73 9.04 16.37
14.68 7.71 8.54 6.49 5.92 2.26 1.85 2.41 5.13 3.26 4.21 4.76 4.95 10.79 8.02 5.74 6.6 17.88 14.99 5.63 10.66 9.17 13.04 17.52 16.02 10.68 14.08 15.02 17.74 6.34 7.16 10.34 22.8 9.86 8.39 14.16 24.42 16.37 17.74 7.44 13.09 9.25 14.42 12.58 9.06 7.88 3.07 6.97 6.78 10.45 3.62 8.5 14.38 10.8 9.83 11.58 8.76 8.72 7.3 10.29 8.04 8.44 6.86 5.51
7.7 7.64 7.64 6.57 4.54 3.44 1.86 3.22 3.39 12.71 2.32 3.38 4.81 10.65 5.41 7.4 6.59 7.4 17.12 3.99 4.52 2.94 8.65 7.36 12.36 22.51 14.96 17.54 19.95 9.05 16.98 12.07 21.8 11.85 13.23 11.76 29.69 14.94 14.18 9.97 5.98 8.74 14.35 9.6 10.53 16.37 9.52 9.32 5.6 5.56 9.34 10.66 6.79 7.26 7.45 8.65 6.52 6.23 7.27 12.75 9.67 11.61 7.58 4.61
10.03 10.62 4.84 11.74 3.13 3.05 3.18 2.06 4.11 3.08 3.38 1.96 2.86 5.83 8.27 10.03 5.98 4.21 10.83 3.73 2.76 2.68 3.6 11.19 5.1 14.47 11.85 16.14 14.41 10.45 17.49 37.62 29.5 14.89 8.23 13.27 10.69 9.69 13.05 15.29 14.06 8.62 9.46 15.65 7.6 9.05 10.87 6.35 9.68 7.84 5.2 5.64 6.54 4.88 8.15 10.33 5.22 9.71 10.91 12.1 6.72 8.74 4.39 4.17
11.68 6.67 6.0 5.54 4.33 3.63 5.73 6.87 9.95 4.14 3.89 3.53 7.74 11.51 9.45 11.17 5.65 2.73 2.59 2.84 1.8 2.37 6.06 5.05 3.99 5.42 8.79 11.1 21.53 12.36 36.19 27.6 41.52 28.16 9.07 10.07 8.61 13.42 7.98 16.19 10.51 16.07 10.62 12.74 5.6 11.52 6.16 5.06 7.15 9.3 6.62 2.41 5.1 14.33 9.22 9.59 7.45 11.31 11.1 12.58 7.37 6.83 9.38 11.37
6.21 6.3 4.67 6.34 5.5 5.98 4.66 4.4 6.06 4.11 3.26 5.06 8.7 18.3 7.09 8.22 4.53 2.24 5.57 3.08 2.53 3.68 6.86 6.16 3.49 6.09 11.72 15.13 17.49 15.14 13.94 17.52 19.08 19.17 19.92 8.48 8.93 7.29 9.06 12.03 18.17 10.65 9.05 9.76 11.29 5.63 6.2 4.2 5.1 4.05 4.32 1.74 5.1 21.22 15.49 23.26 6.24 9.37 8.22 11.23 4.41 9.86 13.33 11.74
