3.61 6.02 8.81 9.06 11.35 8.89 14.63 22.59 16.66 17.19 7.24 7.74 8.47 6.93 10.33 8.35 11.71 6.97 6.87 4.0 5.15 10.66 8.74 4.89 6.25 4.1 6.23 5.18 3.13 4.69 6.09 8.45 6.68 16.21 14.66 4.68 6.84 5.21 4.72 17.26 11.96 3.97 3.79 7.12 8.69 3.39 4.41 6.99 5.31 5.48 8.89 6.54 4.99 2.86 2.45 2.67 4.15 2.61 3.01 4.13 3.71 5.8 8.78 6.01
7.56 7.2 9.69 8.86 13.91 6.3 11.41 17.83 8.24 16.28 11.7 7.93 5.28 14.43 9.26 6.19 12.07 7.11 4.69 4.19 7.43 7.3 6.49 9.22 7.31 5.31 5.13 4.46 3.33 5.35 3.96 7.75 5.62 8.7 10.16 4.5 4.29 7.02 5.97 11.99 9.66 3.64 4.43 11.1 7.97 5.55 5.84 4.59 5.65 3.98 6.79 4.27 2.35 2.79 2.86 3.03 4.83 3.36 4.88 6.79 7.32 7.96 8.65 8.19
6.26 13.54 16.5 13.42 10.76 9.04 16.55 19.93 9.81 7.74 12.86 5.77 8.52 17.48 4.91 4.17 7.81 13.14 5.71 4.76 5.68 5.36 5.96 12.24 7.51 5.64 5.89 5.36 4.57 4.29 5.92 10.91 11.26 9.08 6.04 2.76 5.19 5.01 15.22 11.19 7.21 6.65 6.87 6.29 4.61 11.68 9.73 6.91 4.87 4.89 4.69 5.35 2.2 2.79 3.37 2.47 1.95 6.28 7.62 12.23 11.18 5.88 8.02 6.87
14.48 18.03 21.67 18.54 8.01 17.38 13.01 7.24 5.25 8.21 6.89 5.43 10.62 6.67 6.1 4.93 15.89 14.36 7.1 4.74 2.88 6.43 12.37 7.27 7.2 4.4 7.67 8.84 3.38 4.39 7.1 9.16 6.42 4.66 6.76 5.96 5.95 9.72 11.41 14.36 12.38 8.05 6.48 5.52 5.26 7.65 10.38 3.81 3.8 6.06 5.18 5.9 4.34 5.96 5.75 2.6 4.22 8.57 11.71 12.38 14.0 12.34 15.83 7.09
13.38 19.26 22.22 20.55 8.67 9.02 6.79 6.39 7.85 5.87 5.41 3.95 9.95 10.76 3.67 3.98 14.12 10.52 7.7 3.82 3.35 7.74 6.31 9.15 5.53 8.31 10.42 7.85 7.72 5.73 10.71 7.81 8.36 4.52 6.76 7.63 9.88 12.6 8.8 11.53 4.83 8.65 8.91 5.43 8.68 5.06 4.0 2.67 4.37 4.8 5.83 7.05 7.12 6.79 6.25 2.64 3.48 7.81 6.51 9.56 7.92 13.18 12.5 7.57
28.31 22.04 15.18 21.49 8.21 7.25 8.72 6.28 5.37 8.77 3.48 4.84 5.68 5.12 5.26 2.78 7.54 10.68 6.23 5.47 4.6 5.51 5.27 11.96 6.64 7.29 5.43 4.29 6.07 6.17 13.02 6.47 4.74 4.69 6.75 10.49 11.26 8.85 5.86 6.61 4.33 6.8 4.57 3.9 6.72 6.71 4.21 5.78 5.5 4.61 5.23 5.79 6.47 6.22 6.23 3.72 3.4 14.55 11.06 10.32 8.62 6.9 12.89 10.06
15.75 10.42 16.0 15.47 9.99 4.89 5.61 9.69 7.96 6.64 5.96 12.32 13.11 8.86 3.66 2.41 5.88 8.36 6.51 3.6 3.85 5.98 6.36 5.62 13.1 14.44 6.49 4.89 10.6 10.36 5.05 5.97 6.64 7.76 9.97 8.61 8.46 8.9 3.77 4.5 8.04 5.4 1.82 5.38 4.5 3.18 4.62 7.76 7.12 3.1 7.36 6.4 7.28 10.1 5.95 2.5 5.07 19.45 8.44 7.32 8.44 7.6 8.19 16.77
11.75 14.03 15.57 10.92 9.67 7.24 5.6 8.06 10.15 6.83 7.44 4.65 3.6 5.16 6.65 4.64 5.57 5.81 5.78 3.96 4.79 5.8 3.62 6.36 6.16 16.61 6.23 3.37 16.18 8.01 3.53 4.59 3.49 4.48 7.4 9.65 8.3 6.56 4.86 6.17 8.04 2.72 4.43 9.92 9.6 3.45 8.15 10.84 6.7 3.12 4.18 7.9 8.77 8.8 8.62 3.43 5.44 15.78 12.86 11.89 14.34 17.02 8.16 14.4
5.15 8.53 12.57 17.08 14.42 8.83 5.1 8.98 17.42 27.64 12.13 7.44 5.34 6.04 8.56 6.68 9.49 7.12 4.0 3.87 3.46 3.85 7.19 13.87 12.22 13.08 7.53 3.86 8.08 4.46 2.98 2.85 5.27 6.34 8.94 10.0 8.16 7.34 5.82 4.37 4.17 3.02 3.26 10.79 17.61 5.05 6.97 11.7 4.84 4.97 4.95 11.91 9.47 7.98 5.44 4.43 5.6 11.72 17.83 14.37 13.35 7.51 10.73 13.61
6.22 8.19 9.67 11.98 13.91 7.27 6.02 10.36 16.42 26.82 12.47 6.58 5.89 12.03 14.3 9.75 8.55 5.0 4.01 6.15 7.21 5.64 10.04 18.12 17.78 11.05 9.63 4.38 2.83 3.77 2.94 5.42 3.83 7.08 5.62 5.02 9.55 11.31 6.66 4.46 4.92 5.91 10.37 16.76 13.75 10.24 7.1 7.92 6.2 7.54 11.7 16.98 6.99 3.9 6.8 5.68 9.66 15.0 15.59 22.83 15.73 9.68 6.13 18.85
5.42 8.43 6.53 14.7 19.6 7.74 15.22 9.4 12.96 12.7 9.49 7.17 10.57 20.43 20.67 12.81 11.77 11.69 11.02 6.89 5.79 13.18 10.54 15.0 14.43 6.3 7.28 6.25 3.9 4.88 5.94 4.4 3.85 8.31 10.95 7.86 11.01 7.75 5.89 6.08 6.77 4.62 9.51 17.23 7.9 12.12 5.38 7.35 8.76 14.51 21.07 8.28 13.56 4.92 7.13 10.59 11.32 20.34 22.06 18.63 6.87 4.52 6.3 26.07
8.0 9.41 10.87 12.23 16.69 13.01 12.51 7.55 9.05 6.41 6.89 5.47 8.9 18.25 18.3 18.04 9.32 13.58 6.5 5.04 13.75 16.19 17.68 10.17 10.95 10.12 6.74 4.53 8.9 9.85 4.09 5.08 7.15 4.83 5.52 10.19 9.03 5.65 10.93 7.07 12.51 7.13 5.62 14.78 11.72 8.72 10.74 16.59 11.9 20.77 22.44 16.45 11.84 7.8 5.62 9.34 23.95 16.11 19.49 10.79 6.65 7.04 13.76 19.71
6.83 7.91 8.57 10.46 12.46 18.05 6.66 5.62 10.92 7.13 3.95 7.07 10.56 14.12 17.4 12.17 15.85 14.65 8.38 4.08 5.49 14.73 9.59 8.7 10.72 8.8 17.34 6.59 4.7 8.62 8.44 6.58 7.95 6.79 5.28 17.19 6.11 4.84 6.57 8.98 6.4 6.81 5.66 10.59 16.28 4.31 9.11 12.78 19.3 25.81 24.23 13.0 8.0 7.99 11.94 14.45 30.95 39.52 24.41 9.88 6.21 11.96 15.41 12.9
14.59 5.43 5.69 6.95 12.24 13.05 6.03 4.39 7.18 4.89 2.29 8.46 9.86 5.69 5.14 10.77 11.42 7.32 5.79 7.73 5.55 12.21 6.29 9.46 8.42 10.19 16.78 9.09 5.6 6.42 6.62 4.02 7.13 10.19 7.17 9.77 11.58 8.33 5.05 3.12 5.9 7.66 5.29 6.98 10.92 7.26 9.91 8.8 10.39 16.41 24.22 20.7 12.98 9.96 5.61 9.1 9.23 14.23 14.86 15.42 7.66 14.14 11.97 16.17
12.39 5.47 4.85 11.71 15.11 8.52 8.82 22.03 8.26 6.13 3.89 6.1 5.31 3.92 4.05 3.36 10.47 6.7 7.16 7.39 12.67 6.19 6.6 4.83 3.45 16.1 19.73 8.91 4.71 6.84 5.02 3.58 5.76 8.38 11.87 7.83 12.92 8.72 12.83 7.52 3.39 8.64 3.92 5.59 7.86 5.47 5.96 10.04 13.63 19.58 16.95 14.19 12.92 7.28 7.18 7.97 6.97 7.76 14.03 17.96 10.87 10.33 12.39 28.49
6.6 4.69 4.38 9.05 14.4 14.99 17.61 14.41 14.08 4.36 5.04 12.68 6.6 5.07 4.0 3.82 5.33 7.0 5.86 3.85 13.16 10.03 8.13 2.7 5.26 12.64 16.87 10.31 4.0 7.51 4.34 3.48 4.41 4.67 7.3 8.3 12.75 10.87 9.83 9.75 7.97 10.97 6.79 5.86 4.28 4.4 4.41 9.95 15.52 11.75 16.66 13.55 15.9 5.83 4.94 9.9 9.36 12.12 12.6 12.38 5.58 5.8 13.1 10.02
5.97 6.5 5.82 6.62 13.87 17.24 12.13 10.42 11.57 8.26 6.24 5.48 6.43 4.63 4.87 8.27 5.2 7.16 13.1 8.78 13.23 12.22 4.92 5.54 3.79 7.26 4.58 5.02 8.57 10.69 4.05 3.83 7.4 4.28 6.96 6.47 13.77 13.88 8.91 11.8 10.18 7.81 9.31 7.64 3.9 5.38 8.74 8.8 7.18 12.01 11.11 6.29 7.77 10.88 10.17 9.58 9.65 7.56 17.13 9.63 2.17 4.65 6.16 11.37
5.69 6.9 5.54 6.6 11.74 15.66 13.68 10.79 7.77 10.54 6.07 9.21 10.7 7.64 5.3 5.7 9.86 13.68 16.73 15.31 17.89 9.2 3.35 7.02 4.57 5.86 6.46 5.28 9.45 9.0 7.01 3.12 5.09 4.51 4.52 6.49 9.63 11.27 7.7 9.4 3.48 8.26 8.64 4.17 6.29 8.01 19.42 11.84 6.03 9.4 8.48 8.13 7.22 8.76 13.56 8.55 8.99 6.5 4.48 5.5 2.91 3.29 5.9 9.38
8.13 5.02 5.22 5.26 8.4 13.57 14.54 4.89 7.48 9.03 5.1 6.09 10.19 8.48 5.48 12.06 15.32 10.57 21.43 13.12 16.91 11.16 5.62 7.42 7.91 6.22 5.8 9.64 13.82 10.22 4.67 3.73 4.62 5.83 4.69 9.71 4.97 7.68 9.62 6.08 12.4 5.51 2.96 3.86 7.5 11.44 7.95 7.59 17.41 8.56 7.72 10.63 15.45 11.81 18.06 9.49 6.29 2.89 2.44 3.75 2.38 3.39 3.83 6.28
4.31 5.55 4.48 4.43 6.05 10.47 11.26 6.35 8.76 7.16 3.83 3.12 4.44 6.18 4.21 15.15 14.26 13.29 20.18 11.95 9.07 14.59 9.34 6.59 6.26 4.74 5.2 4.87 10.64 4.92 3.39 7.5 9.08 7.41 8.73 5.72 4.79 4.2 5.38 4.58 5.36 5.02 3.4 4.85 9.46 13.15 9.0 10.18 16.08 12.72 7.79 13.85 16.05 9.97 9.73 9.26 6.2 4.18 2.67 4.06 4.01 5.33 4.04 2.8
2.84 5.27 3.98 6.62 6.63 5.09 4.55 5.58 10.74 5.63 2.66 5.15 5.34 3.34 4.3 6.87 4.87 11.5 7.53 6.94 13.25 10.77 11.63 9.96 13.81 6.55 7.33 6.66 7.1 7.07 3.69 7.98 12.87 9.13 4.93 6.66 3.06 3.04 6.09 6.08 8.04 7.6 5.95 7.3 21.18 13.19 14.59 11.0 9.29 17.53 6.09 15.56 8.24 10.11 10.2 9.42 3.87 2.24 3.09 3.88 6.31 5.03 3.53 2.16
2.56 3.04 3.5 5.95 4.77 4.27 7.42 5.34 5.23 2.29 3.04 10.02 6.53 2.84 3.52 3.83 8.57 10.3 5.05 2.63 6.56 9.43 5.85 6.5 6.83 8.32 5.78 4.51 5.38 8.3 8.53 6.4 8.37 5.8 5.63 11.55 1.97 2.69 4.51 6.66 10.38 13.08 11.06 10.09 15.09 7.72 14.65 10.91 8.21 11.01 16.88 14.57 5.52 7.76 6.34 5.93 4.76 3.39 7.3 3.52 5.67 6.23 4.56 2.32
2.64 3.48 7.82 7.54 4.79 3.61 5.93 5.48 4.07 2.92 3.58 6.59 5.24 1.9 4.85 8.57 9.17 6.98 3.31 3.09 4.85 8.0 2.85 5.32 9.66 9.94 7.34 5.87 9.62 10.44 7.87 4.64 4.72 7.53 11.93 5.22 2.66 2.79 7.29 8.57 12.21 10.24 12.87 22.66 19.53 10.65 8.44 9.41 4.47 7.21 8.34 6.81 4.15 3.14 6.12 4.03 3.88 3.71 4.73 4.46 7.13 5.93 1.97 2.3
5.0 8.19 5.79 7.42 4.32 3.76 2.85 6.12 6.67 6.65 6.03 6.27 5.95 2.81 4.78 7.96 6.19 8.93 3.75 1.89 5.0 3.39 3.2 3.39 5.11 7.05 6.76 7.95 12.55 5.61 4.42 5.88 4.42 7.77 8.6 4.83 4.3 5.6 8.15 10.44 12.77 16.51 21.05 40.89 24.87 10.67 9.97 8.99 3.41 5.54 7.35 4.31 6.16 4.39 6.15 10.6 7.09 3.18 4.41 4.76 5.52 7.9 3.0 3.78
7.17 7.56 4.88 8.94 6.83 4.77 10.75 7.08 8.26 4.49 7.69 7.74 4.33 7.12 3.39 7.89 8.27 9.78 3.58 2.96 7.75 3.96 3.65 6.18 5.75 6.74 6.28 6.13 9.74 8.32 4.28 8.42 6.95 5.79 8.28 6.87 4.68 5.01 9.71 5.72 7.5 20.59 19.51 24.36 18.81 14.15 12.13 6.05 5.71 9.76 11.95 3.98 3.12 4.27 14.16 14.42 4.7 3.97 5.63 11.53 4.5 2.93 4.39 4.65
9.92 4.04 5.04 6.51 5.07 4.59 12.66 7.7 3.77 6.66 4.79 5.77 7.85 5.65 5.31 12.94 19.49 6.91 2.76 2.44 4.49 9.06 8.35 9.61 6.51 2.2 5.97 9.08 4.17 6.36 3.0 5.12 14.76 5.62 6.14 7.84 10.36 8.61 7.5 8.43 10.61 15.97 25.77 17.15 9.38 6.6 4.55 6.13 8.56 7.58 10.3 8.71 3.31 5.47 11.7 13.74 11.09 5.07 14.59 9.67 2.84 6.5 4.69 6.51
12.54 3.33 4.86 5.25 5.81 7.21 17.8 13.17 4.24 11.14 6.56 12.01 10.03 8.03 6.52 9.98 12.6 4.44 6.06 2.99 13.09 10.24 10.33 9.1 6.53 7.54 7.7 8.97 7.46 6.63 4.49 6.08 6.83 4.84 4.61 9.8 12.13 8.15 6.6 7.05 10.66 14.11 10.83 14.33 8.97 4.22 6.52 10.31 9.26 15.59 9.76 6.24 3.29 5.86 13.92 12.86 11.5 7.49 13.85 7.58 4.58 5.79 7.12 7.82
10.45 6.23 4.65 7.37 7.35 7.94 9.17 6.2 8.91 4.41 7.06 15.15 14.25 12.73 9.21 10.55 16.17 9.39 6.21 9.59 15.18 12.35 7.66 3.8 3.76 5.5 6.35 13.02 6.73 7.71 4.93 6.73 11.64 4.37 3.03 16.48 12.8 5.47 7.98 3.38 9.0 20.48 11.63 11.49 11.08 8.3 4.1 8.65 12.59 7.05 6.35 5.21 5.18 7.63 31.75 25.33 14.87 12.37 7.61 9.53 4.74 10.58 15.85 8.94
6.7 3.9 7.92 10.06 7.04 14.3 9.99 6.96 13.72 8.47 8.45 17.09 17.21 11.02 5.4 12.8 12.82 21.06 13.39 17.06 26.18 10.92 6.27 2.68 4.5 8.22 6.12 4.53 3.7 14.01 7.5 9.64 10.56 6.06 12.96 5.86 8.47 3.67 4.01 3.99 5.79 11.36 8.84 8.61 7.51 9.18 6.44 10.17 17.66 10.49 4.13 5.82 9.52 12.19 25.52 18.44 7.93 7.96 13.9 6.48 7.54 24.03 14.66 7.11
3.46 5.61 8.68 16.01 5.99 7.97 10.85 9.15 8.9 8.96 11.7 14.61 16.38 7.71 5.31 9.93 18.76 17.34 20.0 16.89 23.9 11.35 6.93 4.59 3.79 7.59 5.09 3.73 7.12 4.61 4.99 8.37 6.91 15.17 14.23 5.05 6.47 6.0 5.06 3.23 4.61 13.96 9.08 4.8 7.53 6.08 7.9 14.04 8.88 8.42 5.84 7.76 15.55 12.46 14.79 6.65 10.42 13.03 8.77 9.43 14.14 14.4 12.78 14.95
4.63 5.38 9.71 15.27 13.28 7.81 9.21 8.14 10.62 11.98 12.57 14.0 11.09 9.82 11.48 9.04 10.94 13.19 7.49 15.5 24.58 14.16 3.5 5.14 4.93 4.76 5.64 3.85 9.61 6.37 12.08 9.08 7.87 6.1 5.35 7.7 2.31 4.87 4.33 4.8 5.55 5.86 8.03 6.75 9.26 5.68 3.56 4.32 7.6 5.13 10.52 21.19 17.41 22.0 7.84 7.14 15.88 15.03 8.71 8.55 15.87 4.51 8.45 10.36
5.54 9.93 12.65 10.35 7.39 7.74 9.36 19.61 11.41 11.92 12.43 6.42 13.9 12.03 8.09 9.47 10.67 12.27 8.03 9.86 11.57 11.21 4.43 7.78 10.64 4.33 3.34 7.21 11.51 4.54 6.25 12.08 7.4 4.34 5.12 4.5 5.08 4.46 4.15 4.63 4.76 8.91 7.28 6.17 3.97 5.22 5.01 2.55 3.42 3.28 6.1 15.05 9.48 18.35 8.81 5.49 8.59 18.99 12.26 19.61 9.57 5.75 7.29 8.56
7.61 17.68 10.94 20.49 9.14 5.28 4.38 9.4 9.22 9.27 13.22 14.26 25.26 9.12 8.96 12.16 11.49 5.06 3.84 8.38 12.04 4.53 3.86 6.04 9.34 6.16 7.39 9.68 13.25 8.47 5.41 7.05 4.53 7.18 7.98 7.24 3.31 4.37 4.33 7.51 5.99 6.65 6.74 6.44 5.95 4.66 4.99 2.46 3.78 2.89 9.72 18.79 11.51 13.72 13.18 8.29 6.38 12.78 10.46 9.12 10.72 3.83 5.71 11.0
11.03 11.87 20.43 14.78 8.99 3.4 4.54 11.14 14.02 9.46 12.07 16.22 14.78 10.61 9.41 9.62 6.72 5.21 4.27 6.69 10.78 4.48 5.43 6.93 4.36 6.39 9.6 13.44 5.82 7.81 5.64 3.84 5.53 5.54 6.0 4.37 6.65 5.91 8.06 5.29 4.19 3.59 3.26 7.31 6.86 4.16 4.07 1.94 3.22 5.76 7.38 8.56 8.44 13.69 9.13 5.45 6.34 6.3 14.28 8.64 9.26 7.36 7.59 9.03
11.23 7.06 7.62 14.62 7.03 6.57 6.36 7.48 6.01 11.01 15.75 12.09 15.38 13.87 11.55 10.83 10.31 6.42 4.11 7.23 4.6 4.82 5.19 10.99 9.45 3.8 8.03 9.64 6.54 6.91 6.26 7.81 7.79 4.53 6.33 7.99 9.17 8.21 4.9 4.46 6.21 3.76 5.09 5.64 5.95 4.15 2.64 1.87 3.05 6.13 5.17 9.67 8.18 11.81 7.01 2.86 2.74 2.36 6.17 8.66 4.47 6.01 5.5 3.81
6.99 8.89 8.89 9.57 7.07 7.87 9.38 10.9 12.01 7.57 7.8 10.28 27.02 17.31 7.73 14.77 12.4 9.18 3.78 2.26 6.22 6.54 3.95 7.64 10.61 5.05 5.41 7.21 6.95 4.86 6.21 8.4 6.57 6.09 3.54 4.4 6.75 6.27 5.94 6.71 5.58 5.51 7.09 6.44 4.75 4.86 3.18 3.36 3.41 6.15 9.43 8.28 7.56 7.0 3.73 2.94 1.49 2.81 4.52 3.55 4.6 5.55 5.02 5.33
6.71 6.69 5.17 6.51 8.01 15.82 11.68 4.97 9.08 3.89 9.31 19.13 36.47 15.05 6.98 8.41 9.03 9.35 2.4 4.0 7.35 7.29 7.13 5.91 9.58 7.32 3.29 5.5 6.18 5.15 9.12 6.69 3.68 3.15 6.77 9.86 6.39 3.96 6.27 6.57 7.73 8.26 5.4 8.24 5.1 5.09 5.12 3.32 7.07 13.49 10.11 5.26 6.98 4.21 3.8 1.79 4.2 5.05 2.55 2.61 3.61 5.97 3.28 5.36
5.76 4.5 5.71 7.83 7.79 5.54 9.87 8.93 5.62 5.83 11.54 36.26 22.62 14.45 4.01 5.99 9.41 4.75 2.5 4.45 6.74 4.55 10.82 5.92 7.52 3.48 4.57 5.0 3.81 8.92 8.1 8.81 4.42 2.52 4.12 5.11 4.72 4.22 8.43 9.55 9.35 7.04 6.95 6.09 5.74 5.81 3.65 8.82 12.4 14.54 6.8 6.79 4.69 4.29 2.69 2.69 7.48 3.82 3.99 2.35 4.98 5.33 5.09 9.92
5.39 5.47 8.18 5.49 6.59 5.41 8.84 4.01 3.06 6.08 14.19 26.77 13.06 7.81 8.83 10.05 4.63 6.49 6.19 5.75 7.61 3.46 5.95 6.63 5.29 6.9 5.32 4.55 6.82 4.1 5.96 13.49 3.69 7.57 2.91 4.88 6.57 4.91 6.81 13.71 23.0 9.44 6.59 5.29 6.01 4.93 5.56 10.3 14.07 15.65 10.21 5.9 2.94 1.85 2.3 3.37 4.39 4.63 5.81 2.49 4.69 7.45 4.04 8.55
12.51 10.98 13.35 13.59 11.42 8.33 11.4 6.46 2.33 2.74 12.52 18.6 12.41 10.86 13.33 7.53 4.89 6.32 7.78 9.43 2.63 3.04 3.23 5.16 5.33 3.59 2.7 2.87 5.52 4.16 8.28 10.69 8.23 5.62 3.17 4.54 2.97 3.74 5.36 14.94 10.25 5.65 8.28 6.77 8.26 4.44 9.56 17.24 13.32 7.77 7.12 6.44 2.39 2.99 4.39 3.3 2.87 4.55 5.52 8.01 4.88 4.52 8.85 7.85
10.13 17.75 12.65 15.1 10.14 15.6 12.22 8.12 1.88 2.69 21.66 24.98 11.74 11.82 16.83 11.0 9.25 7.53 13.55 10.64 7.0 3.97 3.78 5.1 4.98 3.41 2.49 3.46 3.16 5.07 4.19 5.45 14.78 8.63 10.52 3.81 4.11 2.71 5.72 12.1 7.39 5.78 10.88 6.93 4.14 10.76 12.2 12.6 11.56 5.07 9.32 5.11 1.93 2.94 3.91 3.25 2.34 5.14 3.14 4.34 5.88 12.48 19.64 5.55
7.88 8.04 13.73 11.79 7.64 14.94 11.3 5.96 2.62 5.88 12.57 16.14 27.37 19.33 11.33 11.69 11.22 7.39 22.39 8.77 2.99 3.73 5.52 4.57 2.91 2.27 2.56 5.12 7.06 4.21 4.65 6.73 4.14 8.1 11.95 4.42 3.67 3.88 6.96 10.47 8.0 6.65 11.64 19.12 8.01 9.78 8.17 8.64 9.05 7.96 7.39 5.29 7.1 5.43 7.32 3.9 2.99 6.19 4.38 2.37 4.25 8.93 10.22 7.78
7.83 7.31 17.47 7.05 10.63 12.75 6.97 3.81 4.8 7.59 10.2 19.44 24.84 13.45 11.4 13.53 14.86 19.17 13.3 17.24 4.17 5.55 6.7 4.26 2.13 3.56 4.99 6.8 8.61 5.75 6.38 4.8 3.51 3.98 5.09 3.85 1.99 4.32 8.67 7.54 13.64 11.78 7.46 19.06 25.67 12.5 5.96 5.55 5.77 5.5 7.8 5.88 4.97 7.84 4.8 3.32 3.66 5.86 4.29 4.27 3.38 4.09 9.5 10.26
5.22 7.38 13.01 7.31 8.64 6.46 2.26 3.46 5.05 4.21 9.2 29.42 30.91 16.81 13.56 12.25 21.5 19.06 12.78 7.81 5.4 7.23 5.69 3.94 3.12 4.61 8.06 6.15 10.65 7.4 9.91 5.67 3.79 6.68 5.46 7.2 1.79 5.44 12.84 8.6 8.72 7.97 7.29 16.41 20.66 13.77 6.38 4.34 10.31 6.12 5.03 8.2 4.96 7.16 5.56 4.71 3.75 5.72 4.86 3.65 4.55 4.47 8.39 5.84
15.08 12.66 12.83 7.12 7.95 6.55 3.71 3.95 1.93 3.16 7.14 12.28 17.81 9.0 12.36 25.55 30.41 10.26 13.8 17.94 8.24 8.31 5.22 4.22 5.13 7.19 7.71 6.33 10.76 6.39 8.73 8.48 3.83 6.64 14.45 3.79 2.87 4.59 9.37 18.7 9.7 14.94 16.73 19.56 16.35 10.81 7.23 4.96 9.5 3.81 6.41 11.84 8.83 4.32 9.15 9.25 4.83 9.6 6.08 4.31 9.11 7.62 6.73 4.69
8.72 11.5 10.17 5.2 7.16 6.0 3.22 4.51 3.35 4.69 4.35 5.2 6.94 7.91 16.73 16.76 13.87 17.71 10.4 16.85 8.49 4.53 9.59 4.93 5.23 5.7 3.88 8.51 8.45 10.16 7.05 7.85 6.5 7.94 9.7 4.81 5.38 5.34 12.17 13.99 17.3 8.4 7.25 13.77 12.97 6.64 5.82 3.85 5.08 8.67 13.06 16.49 7.89 6.19 10.36 6.34 5.71 17.58 15.46 9.26 20.43 13.58 4.78 9.97
7.5 16.76 9.63 7.89 6.17 6.6 4.03 3.71 2.65 2.92 5.6 6.53 2.95 7.93 13.76 11.97 14.1 12.62 8.63 9.14 11.71 6.84 5.96 5.34 6.81 4.41 6.66 8.88 7.19 7.71 7.95 10.79 6.93 8.38 6.77 6.44 5.24 7.19 11.29 12.98 19.04 6.37 9.41 12.31 8.11 7.33 6.35 4.25 2.68 8.86 12.84 22.28 8.87 10.41 8.88 8.84 9.56 10.98 16.16 17.79 22.8 9.74 11.61 7.48
8.85 19.75 7.64 6.46 7.14 3.77 6.74 3.91 3.13 2.73 5.63 1.78 4.66 5.82 12.53 18.15 6.65 13.77 6.72 8.89 14.26 7.98 5.06 4.88 4.88 2.33 4.98 4.37 9.17 7.21 5.41 9.32 7.17 10.68 7.3 10.55 5.56 9.7 8.59 10.02 11.16 9.26 10.92 5.82 6.52 4.49 3.07 3.92 5.92 8.99 15.38 14.33 11.68 17.89 12.79 12.79 8.59 13.18 33.77 20.94 23.6 11.44 7.31 7.55
11.45 9.32 10.45 11.42 8.62 13.79 7.46 4.41 3.74 5.39 5.28 1.46 2.85 3.19 8.29 15.72 10.89 8.66 6.17 10.52 11.92 10.56 4.91 4.26 2.17 4.4 5.48 3.9 6.66 4.88 6.68 5.79 12.98 7.7 7.13 6.95 4.45 4.84 6.46 6.65 7.22 10.44 13.94 8.21 5.31 4.2 5.37 7.84 11.65 16.32 11.41 16.88 12.71 9.74 11.73 8.79 15.25 17.79 19.27 14.9 26.35 27.67 9.44 8.43
6.17 11.83 10.35 10.89 8.63 9.48 8.66 3.55 3.13 6.35 6.24 2.17 2.34 6.29 7.39 13.03 16.05 5.85 8.44 20.71 13.26 9.24 5.17 3.26 1.89 3.5 6.61 4.91 4.54 7.8 5.35 7.36 9.77 4.97 6.4 9.61 4.88 4.68 4.13 6.35 20.08 9.39 6.9 6.95 3.73 4.05 3.49 4.58 15.5 21.17 13.1 10.84 16.39 30.46 15.71 10.26 12.42 13.7 11.81 15.45 31.87 27.86 19.37 9.26
8.13 11.37 16.61 5.53 6.6 5.95 6.04 3.35 2.37 4.54 4.47 3.65 2.8 5.8 3.59 6.45 12.96 7.54 5.47 14.48 17.15 5.71 4.12 2.18 3.3 6.39 9.39 5.64 6.23 10.98 5.22 6.86 4.74 5.07 8.45 13.51 5.49 5.35 10.32 12.31 9.92 10.11 12.47 7.52 5.31 6.5 6.41 8.02 13.4 11.81 7.57 14.75 37.68 26.9 19.79 12.74 12.04 8.96 8.62 4.01 21.37 46.28 9.01 7.48
14.79 11.78 17.63 8.46 3.9 5.42 5.35 3.03 4.78 5.43 3.3 5.22 5.19 4.24 4.04 4.59 10.5 8.4 5.62 10.12 8.61 5.43 3.92 3.13 2.64 4.19 4.81 6.56 11.38 7.18 11.16 5.05 2.69 3.72 13.23 12.59 2.99 2.8 11.67 14.84 8.62 7.88 14.03 11.11 8.7 8.85 8.37 5.5 6.3 7.24 4.22 11.04 30.22 19.68 22.1 11.72 5.21 15.18 8.16 10.11 15.89 24.56 5.81 3.89
11.8 13.7 9.13 6.25 3.37 4.79 5.75 5.93 5.88 8.39 4.69 10.83 5.94 3.58 4.6 2.96 8.14 7.12 9.07 4.55 3.64 3.26 5.42 2.91 3.38 7.99 7.3 12.48 14.53 8.37 9.24 5.46 3.69 2.64 8.02 18.52 11.28 8.35 11.01 11.98 13.52 14.22 10.51 6.39 6.69 8.79 4.9 10.4 9.93 9.02 15.17 11.15 14.81 17.71 9.03 4.78 5.2 10.47 4.66 6.03 15.6 8.78 5.43 3.15
7.22 8.44 13.56 5.09 5.29 6.11 10.13 12.53 4.32 4.98 6.57 6.31 4.33 3.16 5.72 5.81 5.45 6.72 6.89 3.01 3.43 2.84 2.43 2.53 2.02 10.33 4.79 9.05 15.89 13.95 5.01 3.35 2.19 2.76 11.3 7.54 18.54 12.58 11.08 25.51 8.28 9.12 8.83 11.72 7.89 16.3 12.81 5.92 11.13 11.58 16.22 17.08 14.51 6.61 9.96 4.77 4.25 9.31 9.0 13.95 13.76 8.25 4.84 8.46
5.41 8.15 6.56 3.78 3.67 5.9 14.48 14.12 10.14 10.61 6.74 5.27 4.78 4.18 3.27 3.85 6.98 8.21 6.04 3.49 3.02 2.4 1.87 2.11 4.23 10.95 5.91 8.46 15.13 12.65 7.93 7.6 2.95 4.2 4.78 5.0 13.67 19.27 18.36 16.17 13.78 3.82 7.19 12.6 8.53 16.81 19.84 21.84 12.2 10.29 11.68 10.42 8.55 6.01 6.79 5.3 6.54 7.68 5.57 6.78 10.3 10.73 7.95 6.34
5.76 6.47 7.37 3.82 7.4 12.56 13.45 13.7 11.97 9.44 9.61 8.1 3.56 5.23 4.14 2.79 6.21 6.48 4.01 4.39 6.5 3.05 1.61 3.83 6.11 7.23 7.03 4.97 18.31 13.11 8.03 5.03 4.34 3.05 4.12 10.99 6.77 19.71 33.46 15.77 11.72 3.78 6.78 15.28 9.66 11.02 13.53 14.4 9.01 10.64 13.28 9.15 4.19 7.96 16.25 6.46 6.5 5.36 3.39 5.57 14.67 6.65 6.99 7.96
5.44 5.96 6.96 6.3 10.48 8.54 9.52 16.89 16.16 11.01 11.33 5.94 6.85 5.65 6.46 4.95 4.63 7.13 4.79 6.28 4.55 6.87 3.65 3.67 4.48 2.56 7.01 12.01 23.19 17.54 11.65 11.1 6.44 2.58 2.82 6.37 14.5 26.35 18.89 20.26 7.48 5.9 14.53 11.25 9.42 7.47 8.53 5.6 10.04 9.89 6.63 4.78 6.58 7.51 8.38 7.37 7.29 6.03 4.02 8.87 12.68 13.95 8.46 12.58
7.09 6.93 6.32 8.6 4.9 9.26 15.28 24.55 17.87 17.84 7.86 8.68 12.66 10.03 9.6 4.29 3.69 3.96 4.46 6.57 3.65 3.52 5.13 5.01 4.45 11.84 8.48 9.73 16.94 20.08 15.26 7.33 7.94 1.95 2.34 4.91 17.24 30.07 14.23 11.68 7.44 7.69 12.35 19.32 8.39 4.16 4.37 3.56 11.82 22.03 7.04 3.9 5.17 6.72 3.68 7.59 4.21 7.07 9.14 12.31 31.39 17.4 15.07 14.87
3.13 7.93 9.96 3.98 5.08 14.45 15.2 21.28 12.99 6.71 11.56 18.18 13.16 12.95 11.56 5.97 8.97 6.59 5.22 4.76 5.37 3.66 6.93 6.16 4.81 12.52 13.31 10.06 14.96 23.08 28.69 14.49 10.88 5.27 4.79 12.1 9.92 19.22 10.17 8.05 9.37 12.93 15.95 14.3 3.78 2.19 5.95 3.77 9.28 13.63 5.69 6.06 4.02 6.52 5.49 6.0 5.89 8.67 14.17 13.68 18.74 23.98 24.79 9.43
3.76 4.56 7.26 6.82 7.08 9.48 9.46 14.39 14.15 5.91 9.39 15.09 14.12 6.08 8.97 10.43 9.9 8.01 3.97 4.61 3.92 4.21 2.99 3.67 7.21 15.74 16.86 9.82 23.15 30.01 31.25 20.33 6.69 5.26 11.5 11.55 5.9 15.59 10.44 12.18 9.7 6.87 16.09 10.66 7.74 4.39 6.02 5.95 7.71 12.34 5.35 5.01 7.48 4.04 5.91 6.96 7.66 9.23 11.47 9.04 16.83 32.74 24.25 10.91
4.91 5.97 5.69 10.85 5.85 7.01 10.08 13.82 10.91 6.1 14.47 20.77 17.54 6.34 6.48 9.11 8.65 11.96 9.72 8.53 4.24 4.5 5.03 6.02 5.75 16.37 13.19 14.03 21.98 17.4 29.26 17.74 6.71 4.95 6.19 11.94 9.92 9.52 15.84 7.29 9.48 7.89 8.54 7.53 6.39 9.25 9.12 7.85 9.2 12.26 4.68 4.18 7.85 7.19 9.13 7.96 6.41 12.77 7.67 10.39 14.41 33.34 37.32 12.86
6.6 5.18 3.27 7.59 6.43 8.39 9.21 10.08 13.08 11.12 10.4 31.21 14.76 3.49 6.53 10.52 13.67 12.09 11.32 13.15 6.09 6.43 6.21 4.73 11.84 19.46 19.64 16.67 21.11 31.48 26.53 10.61 6.78 5.15 9.52 10.85 5.84 7.43 5.17 9.62 11.04 8.5 6.63 9.11 9.3 10.32 5.6 8.07 13.77 10.4 14.45 9.61 9.39 8.13 9.24 8.48 9.98 9.3 7.14 9.24 18.45 15.87 21.66 16.87
6.85 7.98 6.46 3.15 9.33 3.96 12.09 9.62 6.61 5.8 5.03 10.92 10.71 9.14 8.32 18.16 14.3 14.06 16.47 10.2 10.73 7.17 6.73 5.19 6.26 17.07 18.33 21.98 21.59 26.03 9.85 5.78 9.76 5.75 11.04 7.3 7.37 5.42 4.1 5.59 5.29 13.4 17.76 14.67 11.2 5.95 7.02 11.5 10.68 5.54 15.18 16.16 10.74 14.31 8.6 14.1 12.82 8.64 12.33 14.34 18.77 19.84 17.45 20.42
6.36 5.06 8.21 9.19 8.57 5.63 8.51 11.91 9.0 7.77 4.65 6.68 5.37 10.33 15.04 12.95 18.37 15.63 13.59 8.08 15.8 6.88 6.12 8.94 5.28 8.29 19.99 19.56 14.1 9.64 7.86 11.35 6.1 5.79 10.44 9.89 5.83 2.51 3.61 2.41 4.24 6.6 13.45 10.04 6.24 10.62 5.59 10.25 11.36 11.35 9.0 10.79 9.79 6.0 10.82 10.0 10.06 7.81 11.32 13.21 10.73 22.13 13.11 27.18
