13.26 18.32 15.45 13.79 10.37 17.72 6.96 7.84 6.01 7.49 15.2 10.87 7.85 13.45 8.94 7.86 17.15 5.06 4.89 6.31 9.91 14.23 8.93 7.98 8.48 11.27 8.42 6.35 6.18 8.36 8.4 7.09 13.55 9.81 11.4 15.77 5.25 9.3 10.78 13.71 10.57 7.75 3.99 4.1 6.92 6.34 2.76 2.78 9.44 4.95 6.97 2.78 4.04 3.25 5.13 9.41 7.0 5.66 10.25 7.65 10.49 18.39 6.96 18.66
12.08 19.18 18.79 26.6 13.77 16.25 5.72 7.44 8.8 14.96 32.27 30.9 10.32 3.38 5.57 7.27 8.94 6.46 4.66 7.33 6.93 5.78 8.8 4.96 9.46 5.91 6.97 8.03 10.57 6.01 10.82 7.79 14.28 8.63 8.65 19.89 5.56 8.97 7.69 13.86 13.41 11.1 6.39 3.04 4.86 7.79 2.68 2.63 3.42 4.23 3.89 2.84 4.16 5.36 10.24 9.33 7.83 5.26 6.73 7.33 11.65 15.32 7.25 6.61
16.26 28.42 16.63 15.52 14.26 9.82 5.59 11.02 7.8 14.51 22.48 11.6 6.62 3.3 4.94 8.95 5.95 1.8 3.37 5.4 9.62 3.87 5.04 5.49 9.86 6.23 4.43 6.8 9.67 5.09 8.23 12.57 8.83 9.39 5.88 10.69 9.19 7.25 9.35 17.71 10.63 9.27 8.75 5.17 4.35 3.9 5.47 2.87 2.3 4.2 4.27 7.47 8.66 3.73 8.54 8.01 4.55 3.24 6.67 10.41 14.39 14.62 7.37 6.74
18.02 14.99 17.73 14.5 20.94 10.46 5.79 5.23 5.42 13.64 11.69 4.78 5.55 5.41 5.73 7.89 2.3 1.32 2.35 2.79 5.8 3.52 3.72 5.72 3.53 4.2 5.83 6.43 5.29 4.84 4.78 11.17 12.29 6.22 6.9 10.4 8.39 4.88 5.39 14.2 18.41 11.63 5.78 2.92 5.22 6.11 3.28 3.63 4.44 6.3 8.46 8.83 17.99 8.62 17.43 8.52 4.37 6.91 7.52 7.82 9.36 7.85 10.62 11.14
9.95 10.15 12.85 20.08 20.28 10.34 4.68 6.89 8.7 9.72 13.08 5.06 3.19 3.46 5.37 4.86 2.56 1.32 2.24 3.38 5.61 5.23 4.61 6.22 4.96 6.81 7.31 4.14 3.32 4.7 4.93 7.09 6.01 5.93 12.02 5.32 4.3 4.5 4.53 6.05 8.03 5.27 10.79 5.48 6.56 5.14 2.67 3.72 4.58 4.37 5.34 9.95 15.95 9.93 6.22 5.28 5.99 13.07 10.39 6.89 7.38 15.84 8.23 6.36
10.06 6.56 8.73 8.33 10.76 11.45 6.83 6.02 8.46 13.78 27.66 8.28 5.78 2.52 3.72 4.27 2.32 2.65 3.33 3.53 4.07 4.53 4.29 5.22 7.37 3.61 3.96 5.06 1.66 1.49 2.64 2.62 3.55 3.98 4.54 7.99 5.3 2.45 3.36 2.77 6.02 5.18 7.55 5.17 14.39 5.38 2.23 4.6 6.37 4.43 5.72 7.2 6.56 7.78 4.59 5.02 9.62 8.53 5.7 10.9 4.85 11.82 11.07 10.21
24.37 13.75 9.53 5.3 9.01 4.23 6.39 3.65 2.71 6.12 16.35 4.28 3.26 2.13 2.74 6.81 2.4 2.5 3.43 7.64 4.4 4.46 3.37 6.97 5.24 2.66 2.07 2.53 2.59 2.12 1.2 1.67 4.07 5.72 4.55 6.42 6.38 3.25 6.25 3.26 7.02 9.2 8.24 5.08 6.24 4.06 4.64 4.98 3.2 4.3 2.01 5.7 5.5 5.82 12.6 9.38 7.05 7.68 7.25 4.92 5.61 6.6 8.51 6.21
13.86 10.4 9.19 3.47 3.1 4.53 3.87 3.18 3.3 7.39 6.15 3.28 1.67 2.61 1.81 2.98 1.87 2.79 3.64 3.1 6.06 3.75 5.77 4.95 2.03 2.28 2.53 1.8 2.27 2.49 1.28 3.78 6.74 7.43 8.19 18.65 12.4 5.27 4.25 3.84 6.31 11.9 8.93 8.82 7.95 2.8 3.31 2.86 2.46 3.32 5.21 4.49 6.61 4.44 15.59 9.99 7.5 11.85 6.06 5.29 4.29 3.76 5.98 7.16
16.1 9.07 5.29 2.92 2.48 2.19 3.77 2.33 2.04 4.35 4.41 1.76 1.76 3.39 2.35 5.28 2.33 2.58 2.96 3.45 3.31 4.21 6.36 5.25 3.59 2.5 3.26 2.74 2.41 3.0 2.53 3.27 10.14 12.2 17.21 15.98 16.03 4.17 5.09 4.8 9.82 17.43 18.12 11.42 5.63 3.31 2.03 3.06 2.84 6.69 6.83 7.64 11.03 10.43 8.06 5.37 4.93 8.5 6.18 4.65 6.39 7.14 5.71 10.38
16.46 8.44 7.09 4.47 4.61 3.93 3.45 4.46 2.55 6.7 2.41 3.44 3.13 2.75 3.69 6.07 6.54 13.03 7.23 4.83 3.37 2.1 5.05 4.13 2.47 2.47 8.59 4.89 2.84 4.08 8.9 8.98 14.38 12.8 9.99 16.52 7.75 6.61 6.09 5.76 6.54 14.27 11.49 10.54 4.9 3.27 2.0 2.55 2.84 4.11 6.16 6.08 10.93 13.39 7.66 5.11 7.15 5.46 4.21 2.87 3.14 7.45 5.34 4.27
13.93 17.14 9.61 4.69 5.24 4.99 6.74 4.9 3.77 9.9 7.79 9.46 5.6 2.31 2.59 7.4 17.39 23.61 11.92 6.8 2.8 1.74 3.78 4.6 3.88 4.48 4.27 3.31 2.25 3.17 8.35 7.11 8.97 15.56 4.06 7.29 9.14 4.73 5.42 11.09 4.54 7.97 9.1 7.69 5.02 5.42 3.21 6.02 7.78 3.22 5.85 8.31 6.01 5.26 7.75 7.26 7.03 3.9 4.36 2.23 3.05 7.88 10.81 5.89
8.73 20.52 11.83 6.09 3.89 5.83 6.99 7.34 6.87 11.3 10.55 7.63 5.83 4.14 8.9 11.34 9.72 16.8 14.57 3.83 3.02 3.16 6.12 3.98 4.19 8.95 7.97 5.11 2.55 6.25 6.1 6.87 12.24 6.49 2.5 4.6 8.37 5.16 6.48 8.4 8.09 8.77 10.83 6.75 5.08 4.72 5.64 11.97 9.89 11.72 14.47 6.68 7.16 4.63 4.33 15.63 6.65 5.78 3.93 3.54 3.23 3.93 9.04 10.43
4.98 13.78 6.71 8.16 7.36 7.74 10.54 7.27 8.77 11.45 5.88 7.28 4.74 7.78 11.66 18.51 20.12 15.95 22.95 10.28 5.43 6.34 14.8 6.63 5.01 4.35 6.7 3.47 2.89 5.4 3.86 12.4 7.73 1.9 4.72 5.98 7.79 6.27 4.55 9.69 11.03 11.2 14.74 13.93 5.64 8.8 8.18 10.02 15.17 18.4 16.14 7.6 6.25 4.7 7.63 9.54 9.61 8.98 6.26 4.03 4.58 5.24 11.33 15.35
3.37 7.91 5.4 8.17 6.57 6.57 7.39 12.62 13.62 8.26 7.85 6.97 5.37 4.94 13.78 13.77 42.52 20.13 20.97 10.17 10.72 7.32 10.06 18.59 8.37 13.42 6.98 6.33 2.14 4.63 3.51 7.33 5.92 2.25 4.28 9.94 8.26 6.65 8.79 8.74 10.22 6.99 9.88 7.7 6.67 7.89 6.93 9.24 15.96 12.33 21.51 9.31 9.88 14.83 5.28 10.43 11.77 7.29 5.99 9.09 5.67 7.41 17.73 11.94
7.27 8.67 5.84 6.4 7.14 7.85 11.52 10.37 5.47 9.12 5.77 6.69 5.59 5.3 12.77 16.1 31.69 15.69 12.83 10.06 6.38 6.51 9.64 22.23 14.24 11.23 6.86 9.29 7.09 5.68 4.37 3.84 6.39 2.73 3.18 5.18 4.83 7.23 8.78 9.98 7.16 9.5 6.13 5.21 8.15 7.28 9.37 9.37 12.79 15.29 15.81 16.16 13.73 5.79 8.51 13.43 13.2 6.56 5.99 4.81 5.44 8.43 15.36 10.81
7.83 11.37 7.67 8.72 7.8 6.68 4.47 8.36 6.9 5.72 7.86 7.05 6.84 5.37 8.38 11.12 18.66 23.56 10.09 5.92 4.53 6.88 11.95 16.12 7.26 19.51 7.33 6.37 9.21 5.32 6.36 7.93 5.94 3.14 4.52 5.21 5.65 6.25 12.8 7.49 8.68 5.6 3.5 3.69 10.15 10.09 17.87 10.6 10.58 11.79 8.31 8.4 7.81 6.91 10.12 17.06 12.34 8.51 8.43 5.77 5.27 4.26 6.51 7.94
18.17 11.12 7.73 8.41 11.28 4.0 3.16 2.74 3.49 6.34 5.25 5.01 4.05 8.96 12.88 12.6 7.24 18.21 7.45 5.31 3.01 9.35 20.21 9.85 15.84 14.87 8.64 5.48 5.7 4.74 5.91 8.97 5.64 4.23 4.91 6.39 8.31 6.03 12.7 9.99 6.3 5.97 8.37 4.33 9.67 16.14 7.33 7.25 7.14 11.12 7.23 3.68 6.37 6.46 9.06 6.76 17.53 19.84 11.18 5.16 6.5 4.62 6.66 14.35
9.77 9.32 8.08 11.29 18.33 5.24 1.99 2.8 5.69 3.43 6.83 9.41 8.78 15.54 9.58 12.28 15.06 11.84 6.37 5.84 5.6 9.22 10.37 11.8 7.71 11.21 13.54 6.25 5.25 6.29 6.33 7.0 5.32 4.12 7.69 10.85 6.71 4.11 8.07 9.18 7.19 8.86 12.33 8.85 4.17 8.64 6.73 7.38 6.93 11.2 5.5 3.81 6.38 6.32 12.0 12.45 13.41 12.73 19.42 3.88 2.33 2.86 7.19 10.37
11.2 8.39 9.79 13.88 15.66 7.29 2.91 1.75 2.52 7.1 6.12 6.41 6.49 5.97 6.93 11.3 9.95 18.98 15.7 10.55 10.09 8.91 7.82 8.46 7.16 8.82 9.25 7.78 4.84 6.64 5.6 5.75 8.37 4.02 6.12 8.97 9.71 9.59 9.72 15.85 7.15 4.91 8.4 9.66 9.03 5.45 3.84 4.64 5.27 2.93 4.7 6.67 5.62 6.18 8.32 8.02 8.62 12.93 9.42 6.44 2.96 3.05 7.76 7.95
11.88 13.09 13.34 10.82 5.59 3.75 4.89 3.74 2.82 3.08 6.47 6.47 2.84 5.53 5.69 11.32 11.32 20.47 13.69 13.66 8.06 8.41 9.66 9.83 6.95 7.22 11.23 6.93 15.55 7.41 6.69 5.18 7.51 9.47 8.57 6.69 14.4 17.56 18.15 13.0 4.63 6.79 7.62 8.19 8.89 3.81 4.64 5.58 2.78 3.45 7.22 16.48 9.35 9.36 8.91 11.15 15.59 12.26 13.12 5.94 3.84 4.34 6.75 3.1
10.61 20.3 15.89 9.73 6.73 5.65 3.25 3.88 2.76 3.6 5.92 2.69 4.83 10.58 16.23 11.8 10.53 16.53 18.91 8.64 13.41 10.75 19.67 10.12 8.97 5.32 8.99 19.24 20.6 7.83 9.57 16.38 10.33 17.73 5.0 9.54 7.12 14.52 12.7 7.31 5.6 7.44 9.43 6.58 8.04 4.38 7.13 5.4 2.92 4.35 5.22 13.96 11.85 9.43 8.92 10.05 9.33 10.7 8.05 5.79 4.86 4.12 2.97 2.2
10.67 19.32 15.01 10.25 7.44 5.86 5.19 4.15 4.62 3.33 4.09 3.39 5.9 8.97 7.93 5.41 12.72 19.41 8.43 8.47 14.04 17.14 16.23 10.5 9.01 4.42 5.08 12.53 20.94 12.38 9.45 19.89 13.91 9.39 6.65 6.34 3.94 6.59 4.52 2.42 3.31 3.95 6.67 8.49 6.86 7.76 6.66 6.13 4.41 9.81 4.94 11.78 12.86 8.24 11.63 7.07 8.41 13.49 9.33 7.32 3.91 3.93 5.06 2.44
10.32 9.99 11.0 23.29 7.92 7.41 4.75 5.5 4.58 4.3 2.79 4.3 5.99 5.34 7.37 9.53 14.39 15.88 10.67 9.9 12.09 22.66 23.51 9.21 10.83 5.06 5.04 8.15 9.11 9.65 8.33 7.1 7.58 7.05 3.92 3.14 2.2 5.0 5.21 2.56 2.34 4.34 6.61 7.23 7.61 5.85 7.21 7.38 8.12 6.16 6.55 9.07 8.43 4.28 5.69 5.22 10.94 10.48 6.96 12.56 11.41 7.03 3.75 2.76
6.97 14.32 8.35 13.77 9.65 7.92 9.71 4.53 4.01 3.98 6.63 5.75 3.77 3.47 3.87 5.64 10.03 9.95 9.91 10.35 6.72 9.13 14.34 10.29 10.21 5.71 4.94 8.08 9.41 10.39 6.93 10.4 10.63 7.29 4.27 2.67 2.62 6.16 7.08 4.03 2.82 2.62 1.69 3.32 8.96 10.06 9.9 6.39 7.98 8.69 7.14 4.75 8.03 4.98 7.4 9.68 5.19 11.38 7.21 6.81 9.38 5.7 2.29 2.3
16.55 9.57 6.11 5.22 6.68 8.85 5.96 2.63 6.54 4.04 7.73 5.96 4.74 4.2 5.24 4.35 2.16 8.52 11.04 9.86 9.46 12.26 15.06 22.48 13.63 6.36 8.7 10.37 6.08 5.57 5.11 6.06 7.73 15.89 8.04 4.58 7.4 7.03 7.82 5.86 2.47 3.4 2.21 1.66 5.91 7.23 6.28 9.25 3.4 6.43 7.06 7.91 7.23 13.2 15.82 8.78 6.74 7.39 6.91 10.97 12.19 6.29 4.35 1.56
24.52 10.84 10.96 4.76 4.78 7.42 7.45 5.49 8.22 7.97 4.77 4.74 4.07 9.85 6.83 4.76 4.74 6.74 5.26 7.31 8.76 17.31 21.15 22.83 11.17 11.66 15.36 15.57 7.55 4.63 4.79 6.26 7.08 7.15 7.91 8.75 7.91 4.04 4.33 6.04 4.7 5.47 1.63 1.76 5.27 3.53 3.12 3.52 4.35 6.21 6.68 5.61 9.2 14.74 20.47 10.79 5.33 3.33 9.17 7.95 6.87 8.53 3.66 3.7
20.89 11.34 16.67 6.95 7.91 8.1 7.52 4.75 10.79 10.41 4.97 9.85 7.32 9.55 8.16 6.75 5.27 7.82 5.1 9.35 13.66 19.01 12.15 12.86 11.01 15.62 10.34 11.46 5.02 7.05 3.7 3.65 8.05 5.85 4.65 7.14 6.12 3.1 3.65 2.21 5.12 4.17 2.06 2.35 3.26 2.69 3.31 3.1 7.46 7.2 6.44 7.58 4.97 9.19 20.67 14.07 10.37 5.35 4.4 11.2 9.48 6.96 2.58 4.63
14.38 14.17 19.18 15.53 7.03 3.32 6.21 6.91 9.04 16.72 8.58 19.22 13.05 6.66 6.37 6.21 5.71 7.19 7.07 10.28 14.3 21.89 14.34 6.64 10.95 23.7 14.89 8.69 4.25 5.24 7.24 6.37 8.06 6.16 4.52 6.47 4.03 3.18 2.62 2.8 4.02 1.58 1.26 6.78 5.43 5.93 3.79 2.35 10.14 12.77 7.94 8.2 5.06 8.77 8.56 8.09 18.66 10.55 5.38 6.48 3.46 3.67 2.75 3.45
20.31 21.86 23.85 8.54 5.29 6.86 6.96 7.98 7.99 12.47 9.88 11.02 8.96 3.85 5.06 5.98 5.22 4.98 7.86 18.75 35.41 21.46 24.49 18.76 14.49 9.48 5.11 5.61 4.97 9.2 10.93 11.6 8.59 9.59 7.74 6.6 3.82 4.2 3.51 3.93 5.22 3.8 4.79 10.1 10.59 7.89 5.07 2.0 3.28 10.54 10.42 6.24 6.71 6.1 3.18 7.71 11.21 11.05 12.01 8.83 2.87 2.98 2.41 2.7
23.38 19.85 16.29 9.49 7.91 9.26 7.16 7.5 10.13 22.47 9.04 6.92 4.02 6.26 4.9 4.16 4.3 4.85 11.63 19.28 12.35 23.97 24.5 13.04 10.29 6.22 5.33 3.45 5.35 8.82 9.35 11.67 9.06 10.62 12.94 8.92 5.13 4.42 3.12 4.58 5.39 5.78 4.26 6.55 10.13 4.56 2.91 2.79 3.3 5.75 5.39 4.11 7.13 8.58 5.25 6.02 4.25 7.31 16.78 5.28 5.87 5.04 5.34 6.17
24.04 17.31 19.63 17.36 7.18 9.67 2.96 4.02 11.44 10.49 5.35 5.83 1.97 4.34 6.71 4.19 4.83 6.04 11.99 5.44 7.86 8.7 12.78 9.78 8.61 5.7 4.17 2.9 3.14 5.77 5.62 6.71 7.89 13.06 18.39 25.16 11.24 7.47 5.54 4.38 5.41 7.07 7.24 6.38 7.17 3.89 2.0 2.61 3.18 3.98 4.32 4.67 5.83 7.85 5.31 6.45 4.64 4.11 7.23 6.57 9.32 6.34 8.74 7.64
18.35 17.35 19.27 23.42 15.69 6.96 4.3 5.16 6.85 6.75 5.77 4.68 2.4 2.37 7.07 5.07 2.8 2.57 5.57 4.79 4.44 7.49 11.12 4.44 9.9 10.2 4.17 3.59 4.43 3.84 6.81 6.63 5.04 8.32 25.07 17.74 9.05 6.29 6.45 4.54 3.36 3.51 7.46 10.83 4.83 4.61 3.46 4.93 6.65 8.23 2.54 4.96 4.71 8.42 9.41 6.84 5.83 5.38 4.78 5.45 8.43 7.83 8.85 5.68
22.14 14.27 10.68 11.93 5.8 8.28 4.66 4.37 3.43 3.59 5.89 3.85 2.23 1.68 5.1 5.22 2.48 2.79 4.69 4.14 4.28 4.4 3.16 8.58 5.66 5.29 5.52 3.47 8.03 7.02 6.57 10.19 10.65 6.31 11.85 14.95 7.51 6.62 11.52 7.27 4.01 4.08 4.54 8.53 7.31 5.56 6.92 7.09 5.49 5.72 4.45 10.11 5.55 6.36 8.18 8.6 7.73 5.15 6.61 7.3 6.28 7.55 19.05 5.84
21.47 16.69 8.21 8.62 6.0 9.29 6.82 6.24 4.33 3.63 4.87 1.99 1.84 1.39 2.93 6.43 5.41 3.53 3.6 4.23 4.04 5.17 4.94 12.4 7.44 9.11 7.05 4.81 11.81 18.84 12.89 13.56 6.61 5.33 10.67 11.74 6.69 10.84 5.77 4.76 3.94 2.16 4.53 6.36 8.58 5.15 5.42 6.02 13.39 6.59 7.17 9.73 10.29 6.11 5.29 6.59 5.75 7.79 11.55 6.83 7.45 8.4 9.74 7.6
9.88 13.12 9.48 15.99 15.51 14.39 11.19 3.5 4.97 1.8 4.92 2.12 1.72 2.49 4.08 4.66 3.95 3.79 3.24 5.91 5.63 11.96 11.77 15.27 12.84 12.98 8.1 6.23 12.18 18.04 10.9 7.48 6.91 5.41 7.93 5.62 7.29 11.78 6.92 2.86 2.9 3.17 7.11 4.41 4.59 3.51 4.24 8.59 7.65 8.84 6.41 6.82 4.22 5.67 5.07 7.31 8.65 11.34 11.45 4.95 8.78 23.77 18.72 5.37
11.54 7.43 10.69 14.46 16.28 11.31 6.51 7.24 3.58 2.69 2.24 1.64 2.42 2.28 3.91 3.88 2.25 4.18 5.14 4.65 11.09 24.4 34.68 14.44 18.83 14.42 7.98 11.45 11.02 12.12 32.26 18.21 5.66 7.41 4.84 7.12 9.99 21.36 11.39 5.19 2.9 5.23 7.59 9.35 6.06 8.24 8.25 5.28 9.63 6.66 4.32 3.82 4.0 4.17 11.1 5.63 8.2 8.07 6.46 6.72 6.8 16.71 15.82 18.87
9.66 10.15 6.95 6.85 11.05 5.4 4.9 7.46 2.71 3.12 4.12 1.02 2.31 3.24 6.64 7.28 5.6 8.78 6.16 6.11 9.38 39.06 30.72 34.76 16.18 15.32 8.94 13.03 14.84 12.88 20.63 27.79 14.92 10.12 7.07 9.24 12.31 18.02 11.09 8.89 5.17 5.61 6.15 4.45 5.54 10.34 9.08 3.87 8.23 10.0 5.07 6.74 8.34 3.86 9.14 7.29 7.98 10.25 8.21 10.54 7.16 9.97 20.11 12.34
14.31 10.19 7.11 5.93 6.47 16.04 10.0 10.43 3.45 3.67 3.95 1.99 5.41 3.58 3.75 11.62 7.25 9.42 9.07 4.03 6.85 18.67 14.04 20.6 17.24 12.8 11.66 9.39 15.57 13.49 14.27 11.22 9.76 11.73 14.94 10.66 9.78 17.42 8.59 12.07 7.25 5.91 5.67 5.14 4.71 14.3 15.09 7.21 8.84 6.08 8.39 12.4 8.46 4.19 5.74 7.32 6.42 9.75 10.02 12.93 6.47 10.83 12.1 12.22
11.15 8.55 5.28 5.9 9.12 19.01 12.25 5.09 4.27 3.43 7.13 6.27 5.85 7.08 7.69 9.94 7.63 12.37 5.72 5.72 4.05 7.86 17.18 6.37 12.25 10.4 13.54 7.34 6.75 12.63 8.59 5.1 6.93 5.39 14.92 15.32 9.75 12.89 4.4 4.72 8.46 6.59 8.16 10.2 10.65 26.13 9.58 11.18 5.93 6.93 12.32 10.92 6.38 10.81 5.6 4.94 6.98 8.11 8.77 11.87 10.1 13.28 8.51 11.79
7.79 8.35 6.08 8.64 11.77 18.67 15.86 7.6 4.37 4.93 10.06 10.57 9.82 9.28 8.64 10.59 15.14 9.47 3.86 4.87 6.15 6.62 6.53 4.75 12.4 10.25 3.91 5.77 3.99 12.07 13.09 5.58 4.08 6.05 9.7 12.03 14.31 7.68 8.93 6.98 6.73 7.76 15.73 20.64 10.92 14.75 9.85 7.55 9.94 7.87 9.83 14.64 5.18 14.27 11.44 7.11 5.38 7.67 4.55 7.07 6.49 18.3 12.9 10.38
9.11 6.34 9.01 7.47 12.57 14.52 11.59 8.66 6.28 12.42 16.02 13.91 12.97 12.6 11.12 10.22 10.52 10.32 2.97 3.94 8.61 5.07 6.96 5.47 5.48 7.91 3.03 5.04 4.68 7.39 16.19 8.57 5.93 2.71 3.35 9.19 17.96 16.74 13.78 14.03 17.75 22.24 12.16 15.87 13.02 12.36 3.72 5.97 10.38 7.78 8.0 10.3 6.96 4.73 9.45 8.6 5.13 4.03 3.59 5.12 6.47 10.75 17.88 13.88
8.62 6.13 7.67 6.52 3.83 7.82 6.19 6.27 5.16 11.2 18.26 11.32 13.3 6.35 9.6 11.84 19.11 11.31 6.76 4.34 8.29 7.93 3.91 6.17 9.6 9.69 4.57 9.69 9.71 12.04 11.59 6.6 4.2 2.78 3.83 3.85 12.91 19.25 13.87 25.3 18.66 14.49 10.03 5.19 15.92 13.99 6.15 2.91 4.44 6.08 5.22 11.95 8.11 6.13 4.88 4.99 3.49 7.71 4.42 5.46 4.73 7.59 14.74 17.18
9.04 5.74 3.5 4.51 5.63 3.4 3.22 5.57 5.78 10.79 7.93 9.54 20.49 19.3 8.31 18.09 26.79 24.1 9.76 4.97 4.44 4.44 5.75 3.55 8.13 7.63 9.42 6.02 5.16 5.47 7.05 6.61 3.75 1.88 4.46 5.77 6.58 14.96 9.34 17.43 17.21 8.89 7.89 7.01 4.75 9.51 5.59 3.94 3.96 3.69 7.69 9.95 9.22 6.5 6.35 4.53 3.88 5.17 11.07 5.15 6.39 13.88 11.92 11.75
4.99 6.96 2.88 4.23 3.8 3.8 5.06 2.57 2.67 3.45 5.73 9.68 18.19 10.75 15.2 13.96 15.51 17.31 7.33 6.33 6.36 3.25 1.81 3.38 13.41 9.35 11.24 11.78 4.06 6.13 3.34 3.63 4.08 4.23 2.22 4.14 5.79 5.66 5.2 13.36 10.29 6.23 10.47 4.97 5.36 9.39 5.37 6.41 6.63 6.94 13.11 11.95 11.03 12.9 18.78 9.58 6.76 3.72 9.4 7.62 5.59 9.03 15.49 16.41
4.85 3.5 5.77 4.43 9.6 8.52 4.47 3.28 3.34 3.49 7.04 10.55 8.4 14.84 7.35 9.53 11.89 11.26 7.28 8.7 5.07 2.19 2.22 3.29 11.26 16.09 11.71 12.19 5.79 4.67 6.28 6.2 7.36 6.88 2.72 1.83 3.49 4.82 3.86 6.73 4.64 8.58 8.79 8.88 10.17 11.4 8.89 5.73 8.17 12.74 14.07 8.62 17.43 12.79 13.99 10.53 6.4 4.39 6.66 7.1 6.82 8.61 8.23 8.28
6.29 5.23 14.39 5.81 10.67 17.74 6.91 3.61 2.62 2.31 9.08 12.73 6.01 15.3 7.67 13.36 11.06 5.14 6.44 5.96 5.61 5.58 3.0 2.43 6.0 6.73 7.15 7.99 7.09 7.32 4.79 3.18 5.52 5.21 4.24 1.81 4.89 3.97 4.04 8.38 3.93 5.24 5.1 7.09 15.37 8.08 4.42 5.57 11.28 12.02 8.55 10.03 15.16 9.18 7.44 6.51 8.83 11.41 6.0 5.2 5.67 6.59 11.91 8.22
11.38 6.56 10.94 8.25 11.24 16.53 5.29 2.18 1.74 0.8 3.26 8.81 6.59 8.34 8.45 7.02 9.62 5.61 9.78 7.18 9.48 8.25 4.09 3.11 3.17 6.78 6.07 7.37 10.09 7.76 3.78 4.31 3.64 4.47 4.8 3.8 3.55 6.95 5.85 9.52 6.68 5.14 6.62 6.12 12.07 6.63 12.98 6.98 9.29 7.0 6.09 6.29 9.27 12.19 4.07 9.91 13.05 15.12 5.67 5.06 4.36 5.33 6.22 6.38
8.85 5.09 6.18 5.15 11.23 10.95 5.99 2.24 2.13 1.02 3.67 7.09 6.11 4.86 6.06 5.73 8.97 8.85 7.28 12.81 11.02 11.15 6.88 5.1 3.43 8.04 4.77 5.87 6.3 4.46 5.16 3.95 5.09 6.36 6.97 8.37 11.24 6.88 4.0 5.19 3.72 4.1 9.0 9.83 11.91 11.02 11.27 15.23 14.83 13.37 5.05 5.52 6.53 10.3 5.68 10.14 11.93 11.47 8.9 4.51 3.52 6.19 6.96 4.58
4.39 8.5 3.67 2.78 4.01 6.73 4.28 2.93 0.69 1.31 2.25 3.71 9.18 4.33 5.63 7.52 13.12 8.94 7.9 13.71 25.51 15.1 14.32 5.4 6.95 13.04 6.5 4.18 5.42 2.74 4.18 6.85 9.94 20.93 9.17 9.68 12.54 15.37 4.72 2.35 5.52 7.89 11.69 6.35 15.7 9.94 10.33 10.14 12.36 19.47 11.87 6.58 5.88 6.79 6.74 19.61 13.48 8.11 7.98 5.18 3.94 8.7 4.79 12.06
6.05 8.52 4.62 3.08 4.06 4.9 4.27 2.03 1.28 2.3 5.06 10.54 3.38 2.23 7.16 6.62 9.47 7.16 10.66 20.48 32.02 13.22 8.66 6.35 5.35 13.23 13.67 5.88 3.4 3.56 5.76 8.93 20.75 31.88 28.38 4.85 9.64 12.26 7.65 3.15 2.55 4.76 8.68 7.58 20.14 21.28 7.34 10.48 8.48 11.87 10.31 7.07 8.6 12.05 8.83 12.59 8.84 15.49 7.2 3.21 3.89 11.86 6.08 5.68
6.9 8.3 4.24 3.81 4.49 6.44 2.76 2.77 2.62 2.91 14.65 11.42 4.33 5.96 4.36 4.56 6.43 4.42 12.88 15.6 25.91 20.03 8.65 6.4 8.71 6.33 9.76 21.8 7.34 2.09 3.41 7.73 14.52 27.21 28.2 9.18 8.24 4.66 2.26 2.87 2.54 2.49 4.92 8.26 7.92 19.57 8.79 13.05 6.0 8.49 9.8 10.34 12.42 5.72 7.36 16.99 7.98 9.53 11.71 4.18 4.86 9.15 13.05 9.54
11.13 10.85 4.83 5.8 6.9 9.94 5.43 2.84 1.56 2.74 6.82 8.25 5.54 4.95 4.91 2.73 2.85 4.25 11.79 16.92 28.49 22.2 3.21 6.48 11.88 5.95 13.32 16.41 11.44 7.14 3.48 2.89 12.32 7.56 14.23 9.13 4.04 4.25 2.28 3.06 2.82 5.2 4.49 6.16 8.86 6.61 5.4 16.08 16.15 10.29 4.56 8.75 22.92 8.05 10.18 20.11 19.81 8.32 3.6 4.01 5.93 5.65 10.56 9.68
11.84 12.14 6.66 10.98 17.57 10.98 7.9 4.48 2.62 2.12 3.96 5.1 2.85 4.24 3.04 3.6 3.79 6.77 14.91 17.0 18.32 10.53 5.41 9.0 8.21 12.07 11.9 16.03 27.21 6.37 4.71 5.76 7.66 11.41 8.13 3.26 5.91 4.42 3.44 3.02 8.04 8.71 5.19 3.95 3.19 5.33 7.14 8.36 9.37 10.94 4.44 8.72 10.01 9.55 20.7 19.73 16.02 5.34 3.6 4.56 8.38 8.88 7.66 11.83
10.45 11.59 8.37 8.46 27.26 8.35 5.49 7.02 4.46 3.81 4.72 4.66 3.14 3.34 3.67 4.81 6.87 8.14 9.43 12.1 10.15 5.19 8.73 8.07 11.41 30.16 27.48 38.92 14.62 5.02 9.45 7.28 7.08 13.98 6.15 7.06 5.4 2.76 3.05 4.27 6.12 5.83 2.45 2.59 3.46 2.71 2.22 7.06 7.63 20.2 11.89 4.6 8.56 9.0 16.55 7.15 9.04 4.53 5.4 4.53 4.91 9.22 8.71 9.5
19.47 15.76 12.86 14.19 22.41 5.6 4.91 4.27 3.92 3.01 6.95 5.93 4.3 3.86 6.38 6.85 7.05 5.58 7.65 4.0 7.45 7.73 6.5 9.51 9.98 20.81 17.86 39.55 13.63 7.11 6.8 5.76 5.15 11.56 5.8 6.72 7.34 2.55 2.75 4.9 8.96 5.7 1.92 5.22 5.09 2.8 3.32 5.51 6.74 16.81 13.92 6.36 14.86 16.46 16.02 6.41 7.77 7.65 7.88 6.23 2.81 7.73 4.89 5.86
29.16 19.15 12.61 13.81 13.21 11.18 9.17 6.16 3.55 6.5 7.36 6.47 8.32 6.46 7.25 5.88 6.81 11.29 6.45 7.79 13.22 6.06 5.13 8.47 15.45 16.91 17.64 32.67 22.48 12.36 8.43 5.77 5.54 7.04 6.49 8.53 3.53 2.85 2.32 4.03 7.28 5.94 4.95 5.69 5.54 4.43 3.58 7.17 8.01 4.0 6.76 4.72 15.83 21.48 16.89 8.68 10.01 10.33 8.56 8.0 3.43 3.9 2.96 6.93
14.0 22.18 15.72 21.05 14.97 15.9 20.33 9.37 7.0 9.3 10.39 9.23 7.89 6.77 8.64 9.39 11.24 9.39 13.19 6.61 5.93 5.29 3.65 11.67 20.33 15.22 18.41 16.5 11.02 13.05 8.68 7.86 5.19 7.33 4.16 3.09 3.1 4.23 2.53 2.76 6.92 9.21 14.53 4.47 4.11 3.5 4.55 5.84 16.92 12.86 7.74 6.84 10.47 12.54 18.44 14.62 6.38 9.32 6.65 6.02 4.9 4.93 3.02 9.02
9.16 15.46 34.59 33.32 72.54 22.44 16.01 12.15 11.29 6.89 5.92 7.62 10.57 5.31 7.73 20.27 5.78 10.85 16.45 6.84 9.95 3.53 3.87 9.05 10.92 14.61 37.14 23.71 9.8 10.09 9.34 8.45 9.58 6.07 5.89 3.84 1.98 3.63 6.05 3.76 7.02 8.61 15.38 12.3 3.12 2.8 4.42 10.24 8.02 14.69 11.23 8.73 6.75 10.08 17.89 13.05 8.6 10.18 6.52 5.15 4.59 4.89 4.99 6.88
4.88 10.62 20.95 50.99 58.36 21.22 12.61 8.68 6.01 7.45 5.24 6.1 6.47 5.17 7.96 9.29 7.04 9.8 15.04 15.63 14.49 10.75 8.48 7.82 8.23 6.28 21.98 19.57 6.62 5.05 7.73 11.41 12.69 7.29 4.56 4.96 7.6 3.1 2.71 5.05 4.86 5.01 8.47 12.84 10.08 5.61 5.26 8.41 8.29 11.17 7.25 8.92 8.7 7.8 17.46 16.04 7.6 8.76 7.03 11.78 9.39 9.55 11.93 12.54
5.88 6.81 20.42 19.39 11.55 11.78 9.74 9.92 6.04 6.13 10.28 8.67 5.59 9.69 10.07 7.1 6.98 8.11 7.58 11.93 11.37 16.96 7.94 7.27 6.01 6.33 8.08 8.39 7.48 12.44 12.08 3.58 10.39 9.32 8.17 9.74 7.94 2.72 7.15 3.92 4.65 6.62 4.35 8.01 14.6 5.69 10.66 25.49 17.57 11.5 13.88 13.18 22.41 18.99 12.0 16.43 11.62 13.74 7.94 8.71 7.55 15.55 22.32 18.21
6.2 9.71 11.95 15.64 10.83 7.04 15.54 8.13 6.79 5.92 7.25 11.53 10.95 9.52 10.52 6.77 4.52 9.48 13.32 22.46 11.72 9.49 3.67 4.41 7.04 3.99 13.69 12.08 7.52 12.54 16.84 5.63 14.04 11.14 15.0 7.67 5.39 4.96 6.23 4.99 7.98 8.4 7.12 6.6 6.58 7.86 17.18 42.02 23.59 14.67 6.52 9.76 11.5 10.44 10.71 16.45 10.19 13.33 6.85 3.34 7.84 7.82 16.55 12.4
9.11 12.65 12.73 11.73 12.59 12.37 9.86 6.81 8.78 18.09 18.89 15.56 10.15 6.68 9.69 8.46 6.35 7.57 13.91 15.64 13.47 3.84 3.24 6.15 12.78 5.68 6.25 7.67 17.49 8.24 4.47 6.82 10.1 11.38 8.34 4.21 6.07 8.12 3.04 4.47 4.61 8.47 9.35 11.78 8.64 8.44 22.4 22.34 10.77 8.13 7.91 6.68 5.61 4.12 6.87 10.26 10.83 7.13 7.16 9.46 8.9 9.57 11.86 7.61
9.02 11.44 12.53 14.91 28.61 11.67 5.09 4.42 8.23 16.72 12.28 9.03 13.46 12.9 13.18 10.8 6.28 7.1 8.5 5.9 4.74 5.6 4.89 10.08 7.26 4.07 7.38 7.09 7.91 7.6 6.0 12.19 10.11 4.58 1.99 2.55 7.15 4.35 5.12 4.63 3.5 8.47 12.92 13.11 18.09 7.76 6.98 4.89 3.38 4.96 5.47 4.63 6.02 3.94 3.47 5.05 6.21 6.29 10.13 7.07 13.7 18.57 18.55 11.04
7.6 6.99 17.15 17.47 18.02 25.92 6.45 5.09 4.22 9.99 11.67 10.97 6.35 5.65 7.18 8.0 9.1 9.35 10.42 6.08 9.5 7.08 8.31 11.13 7.06 4.82 7.15 3.95 11.41 12.17 8.77 14.64 8.93 5.19 2.29 2.26 3.12 5.66 3.78 3.71 4.27 10.04 7.08 9.03 9.81 7.53 9.37 2.87 2.18 2.39 3.79 3.05 8.54 3.13 5.8 5.45 7.0 6.41 6.81 8.5 11.32 13.78 14.75 16.25
