30.98 21.54 19.22 17.93 14.94 5.87 5.75 6.26 3.7 2.88 4.25 3.55 4.28 7.28 7.03 12.68 7.28 6.5 6.02 7.02 6.83 8.6 9.76 3.66 3.42 6.15 6.72 9.74 14.44 11.71 10.71 13.19 16.18 10.21 6.18 7.29 5.98 12.4 7.93 7.18 7.07 8.49 5.84 5.87 4.31 8.37 6.13 9.06 9.64 7.42 13.81 14.05 11.86 11.96 6.99 12.21 20.38 11.71 13.58 8.41 8.46 8.86 7.89 7.86
10.77 12.79 21.32 27.31 14.73 6.79 5.79 7.52 4.27 1.67 7.09 6.52 7.45 8.39 14.58 17.53 14.35 7.81 5.24 4.14 7.36 8.44 4.21 4.57 3.61 5.44 10.0 5.9 9.82 13.89 9.96 8.93 9.3 13.17 8.93 10.72 10.61 18.15 10.64 9.72 8.64 7.97 4.67 8.17 6.2 8.29 11.45 10.3 8.04 5.98 8.19 12.98 6.34 4.15 4.97 6.42 6.97 5.01 11.94 13.69 5.75 9.48 8.95 4.68
6.09 8.09 7.21 9.51 13.05 10.77 5.37 3.95 2.4 4.78 5.54 5.77 9.16 11.69 10.3 12.7 20.46 9.78 6.68 4.76 6.89 7.39 4.61 2.61 4.86 7.43 9.04 7.69 5.85 10.23 9.73 10.92 12.24 9.8 11.84 18.29 21.08 15.06 8.76 8.6 9.18 4.24 6.65 7.83 12.42 11.74 13.96 17.17 12.47 6.73 11.65 12.58 6.57 7.77 4.42 6.37 5.25 13.34 13.83 9.68 12.24 7.62 9.12 14.11
4.8 2.75 5.98 7.31 6.04 6.02 3.19 3.01 4.08 3.28 4.79 8.12 8.49 13.17 14.41 13.94 11.08 12.51 8.66 11.58 9.56 7.54 4.5 3.51 4.63 11.18 12.78 9.82 5.35 10.62 19.6 15.33 15.06 19.76 18.41 25.3 23.67 27.96 25.99 13.25 15.84 7.6 9.91 12.32 18.15 13.49 23.62 14.09 11.35 7.65 11.83 4.9 5.75 5.85 2.67 5.08 6.07 8.69 14.6 12.41 8.68 11.72 17.49 10.95
5.96 4.01 4.83 7.61 15.18 6.03 2.38 7.34 4.87 2.35 5.7 4.63 4.89 7.43 18.43 10.44 10.5 11.69 8.95 11.3 25.21 13.05 9.16 15.75 6.43 11.15 12.98 22.25 9.43 19.6 25.84 12.64 17.83 16.13 20.9 21.19 14.45 19.8 8.76 7.72 17.34 9.04 14.62 12.39 9.6 9.54 15.94 25.27 16.69 6.2 6.86 11.1 7.25 6.83 5.45 6.48 3.01 4.92 8.28 7.77 17.42 12.75 16.21 13.01
5.73 4.0 8.85 4.89 7.56 7.15 3.76 7.28 5.71 9.44 7.54 8.23 8.88 5.49 18.58 17.91 16.87 11.67 16.07 12.42 16.42 16.68 22.0 8.54 8.79 9.56 4.39 8.88 12.33 21.72 15.95 9.96 13.11 8.94 6.39 11.28 10.03 8.59 4.71 7.2 15.09 6.09 9.53 9.69 9.79 8.87 10.42 13.08 9.32 8.87 15.14 16.43 8.23 8.0 5.13 7.02 4.4 3.79 5.84 5.43 5.99 11.38 20.2 37.98
7.67 9.53 8.15 3.62 5.41 4.36 4.86 6.73 9.38 4.04 7.49 7.35 5.56 4.59 9.26 11.98 20.84 24.0 10.48 7.82 13.73 24.83 15.01 9.89 7.71 4.3 6.05 8.32 9.29 7.29 14.93 8.72 8.38 11.41 15.87 15.15 8.81 7.22 4.47 7.04 7.62 7.57 5.82 11.6 6.54 7.29 8.43 10.04 12.47 10.79 9.84 14.02 12.84 6.39 7.16 6.16 6.95 3.37 3.53 4.69 8.46 8.06 15.83 25.66
8.58 10.43 5.29 5.93 6.83 3.71 5.35 12.16 6.17 3.22 10.68 8.73 11.38 4.85 6.29 9.46 21.02 9.69 9.89 8.67 7.49 11.21 15.34 5.29 8.88 5.26 3.61 5.55 6.28 4.16 6.59 6.7 4.71 4.67 21.92 17.82 7.03 14.09 9.4 5.78 6.53 6.67 6.62 6.55 6.01 10.72 3.74 6.34 6.31 10.53 7.35 8.24 14.57 8.65 7.04 7.56 8.47 7.98 5.22 6.09 15.19 9.42 17.07 15.41
6.59 6.31 5.41 7.97 6.07 9.02 10.57 6.91 4.92 3.41 4.26 13.1 13.08 10.26 9.39 7.6 11.0 11.09 7.19 7.28 5.95 9.9 17.18 7.4 9.32 4.01 6.94 3.87 3.83 4.28 7.06 3.65 5.02 7.66 11.68 9.51 8.45 6.84 7.86 13.07 7.94 10.74 18.46 13.15 13.69 9.45 15.01 10.81 7.16 9.58 6.21 7.46 7.23 7.85 8.83 3.89 6.45 6.36 5.08 14.33 9.73 9.29 8.86 10.04
7.12 10.77 4.15 7.24 17.16 8.64 5.14 7.48 5.37 5.8 7.54 14.94 8.3 18.59 21.39 11.85 9.92 11.15 8.15 5.96 3.52 13.81 9.5 6.98 8.71 4.61 7.27 5.34 6.48 4.4 5.05 5.88 6.29 6.41 12.01 14.11 8.3 5.35 6.83 11.68 9.41 13.11 17.85 22.27 16.8 10.99 9.2 6.14 12.47 5.46 5.34 6.96 11.37 7.98 8.73 6.05 7.47 5.55 9.35 12.6 7.27 11.92 18.35 10.58
5.04 6.44 10.17 9.24 10.42 15.56 8.39 3.18 3.6 5.18 6.07 11.79 10.14 26.29 8.24 11.77 13.2 7.1 10.58 9.98 8.54 10.36 9.15 9.88 6.63 8.27 13.1 13.96 6.24 8.52 8.16 3.26 6.73 9.82 6.58 10.38 9.47 7.29 11.9 9.18 10.87 11.16 16.99 19.85 14.66 9.37 7.99 8.08 12.86 9.89 5.01 5.62 5.05 7.31 7.56 8.15 7.79 6.24 4.76 13.76 20.87 15.1 19.44 9.12
2.23 7.53 4.63 6.52 10.63 25.09 15.91 9.62 3.94 4.48 9.53 20.68 15.29 14.79 7.56 9.0 7.11 4.97 3.97 6.51 10.0 9.84 9.4 13.12 9.19 13.91 15.4 17.02 8.16 9.22 6.41 5.14 6.39 12.83 12.75 9.79 9.82 11.55 18.26 22.06 10.91 7.45 13.96 9.99 22.88 11.5 7.55 9.14 9.16 4.89 4.44 4.04 3.6 4.88 9.33 5.68 5.05 12.11 7.64 17.09 13.55 16.44 12.71 15.64
4.1 4.13 9.35 3.9 7.97 33.44 13.91 8.9 14.27 12.73 6.59 22.6 33.38 18.56 11.62 22.09 15.96 4.7 5.12 4.9 12.24 28.4 9.83 11.29 8.72 10.81 16.81 16.5 4.92 5.76 2.97 3.28 10.17 21.76 11.97 13.41 4.84 4.04 15.51 31.38 15.47 8.33 6.85 8.82 11.44 10.33 8.56 6.56 7.48 5.71 2.97 2.45 2.26 2.49 4.81 6.33 5.02 5.81 13.69 12.55 9.11 12.65 16.16 12.37
3.82 7.64 7.27 14.84 13.71 33.1 27.35 12.61 16.12 15.51 14.41 9.5 20.51 21.41 10.88 7.88 18.55 6.5 3.45 4.33 7.32 9.86 11.62 12.2 10.41 10.09 15.84 10.39 4.13 3.04 4.01 6.27 6.44 20.67 19.56 16.41 6.44 6.43 21.3 15.17 11.53 8.38 5.16 10.39 6.32 4.93 6.19 9.46 7.79 5.49 4.58 6.85 4.23 3.5 5.41 6.26 4.07 10.56 11.22 7.44 11.94 18.36 10.6 3.78
6.88 8.44 14.52 21.58 11.21 34.14 15.47 8.74 7.84 12.18 8.86 10.05 25.94 12.7 8.9 9.04 6.66 4.64 8.6 8.24 9.44 14.26 12.22 17.2 9.07 12.91 17.95 7.27 6.01 2.49 5.72 6.61 8.56 9.44 6.23 6.26 4.8 9.14 12.07 13.94 13.37 5.41 4.03 5.87 5.46 4.83 6.95 8.41 5.08 3.92 4.12 6.93 12.81 7.31 3.45 5.37 8.61 4.86 8.2 9.86 7.52 8.51 11.75 6.56
15.42 12.42 28.21 12.36 16.24 26.01 12.62 17.01 12.3 8.76 21.14 16.91 13.32 16.29 6.55 7.5 6.94 2.94 3.18 6.8 6.12 6.37 23.43 19.86 8.33 6.15 6.13 5.24 3.61 6.1 8.83 5.25 6.8 5.12 3.89 5.83 5.19 12.24 13.89 7.3 6.86 11.19 4.96 5.02 3.32 3.75 8.64 6.71 13.14 14.34 8.52 14.54 15.48 8.16 6.99 2.64 4.31 6.27 6.24 4.95 8.01 7.59 8.48 5.69
6.33 8.35 16.96 10.42 10.31 8.26 9.95 10.98 10.51 11.1 10.76 13.24 17.14 6.7 6.69 9.24 6.6 3.83 2.19 6.05 7.35 12.22 14.86 10.95 5.59 3.94 6.61 5.45 6.81 4.29 4.25 5.44 4.0 5.84 11.19 6.38 5.54 8.5 16.11 10.93 8.88 8.06 3.67 5.86 5.31 3.36 6.89 16.7 14.49 16.76 14.78 20.79 17.45 12.22 9.79 6.0 8.2 7.93 8.28 6.8 10.5 9.1 10.78 11.43
3.62 5.83 13.76 7.04 4.76 7.16 13.4 14.16 14.3 11.09 9.32 5.7 5.57 16.58 5.51 5.95 4.01 3.43 6.13 6.96 11.55 29.71 21.56 10.92 6.89 6.76 5.28 6.45 8.16 8.54 4.44 3.47 4.9 8.73 8.15 4.39 5.1 11.16 14.9 8.62 8.05 5.77 4.13 5.72 8.11 6.28 9.57 11.0 26.36 18.94 13.3 17.15 14.59 11.01 14.72 13.23 13.03 6.92 4.5 8.89 18.2 14.88 11.75 10.53
7.4 5.92 11.18 5.03 7.26 8.91 24.01 14.54 13.51 10.05 10.67 7.4 6.77 6.66 8.27 3.45 1.99 4.68 3.43 11.04 5.09 6.85 18.82 9.14 8.63 4.14 3.77 6.05 6.96 10.21 3.96 3.19 6.55 9.15 7.75 5.44 2.8 5.04 13.02 9.01 4.08 5.05 6.55 6.25 10.93 6.96 7.47 20.93 17.35 17.48 6.39 8.42 7.97 6.22 29.01 32.73 28.27 12.55 9.81 17.37 21.7 27.06 29.54 23.58
7.99 10.19 10.82 5.93 14.58 14.05 8.65 11.0 10.83 9.74 7.27 4.08 9.87 3.33 4.84 1.82 2.52 2.81 5.61 7.58 4.75 7.8 6.91 13.87 11.09 3.28 4.59 6.59 10.04 7.98 6.86 7.23 6.7 8.75 13.42 5.11 3.81 3.66 8.5 7.82 3.69 4.08 6.16 6.98 6.46 7.78 8.6 8.46 20.45 28.31 6.04 12.8 6.24 9.41 27.23 20.16 24.07 16.57 10.69 10.1 15.41 35.03 16.19 16.11
7.99 8.96 8.35 9.15 7.22 11.26 11.05 9.12 7.12 9.77 11.1 7.99 7.28 8.96 4.9 2.62 6.32 3.89 7.92 10.77 7.04 3.82 7.84 11.85 9.72 4.65 7.55 9.76 9.11 7.3 5.07 3.61 6.33 13.68 14.68 10.47 3.8 3.5 12.31 9.3 6.16 3.49 3.48 6.12 4.71 6.44 10.59 6.31 7.49 11.36 11.74 16.07 14.98 16.23 22.3 20.13 10.41 8.65 13.58 24.96 20.09 12.08 13.27 15.27
5.89 7.33 9.05 10.07 6.8 7.59 8.47 7.69 7.55 8.81 10.76 5.72 5.36 4.01 5.37 7.53 10.39 6.72 5.15 6.48 12.52 6.42 12.19 16.48 14.33 8.72 5.96 8.19 11.22 6.3 6.25 2.19 5.1 12.22 9.77 9.69 4.59 4.78 5.52 5.32 2.4 4.53 2.64 3.29 11.13 13.82 5.88 5.42 8.89 11.7 10.84 17.75 9.52 4.66 12.5 18.9 15.57 7.82 7.94 12.98 13.82 11.81 12.04 11.7
4.11 9.33 5.99 5.18 7.24 12.99 10.35 13.44 9.07 6.14 7.64 5.54 4.2 7.54 7.24 8.55 10.35 6.83 10.94 11.15 5.62 4.84 9.17 10.0 8.98 11.35 12.81 6.65 10.87 12.31 3.11 3.78 10.95 5.95 12.03 6.72 2.53 3.42 6.2 3.01 2.56 5.05 2.7 4.39 7.68 9.42 6.3 4.63 7.0 15.37 17.66 16.98 6.49 6.27 7.45 8.18 9.36 5.1 3.8 9.13 12.62 9.95 10.2 4.82
4.06 4.18 4.78 10.32 9.8 11.38 14.11 11.45 9.23 8.43 4.48 9.62 5.02 6.0 7.53 11.8 10.78 11.63 7.33 10.69 5.63 5.43 7.74 4.7 4.95 6.1 13.85 18.08 11.21 10.84 5.98 3.95 5.49 19.28 6.58 4.64 2.6 3.4 3.19 2.14 3.34 3.24 4.75 2.59 4.05 7.26 7.01 4.9 7.12 5.69 12.67 15.13 13.33 5.25 3.57 7.29 3.95 3.72 2.99 8.07 18.94 13.34 5.15 5.54
3.22 2.84 5.31 5.7 7.67 14.93 8.41 6.93 10.23 9.77 6.99 6.02 8.79 11.49 5.6 10.32 11.68 9.62 5.9 8.2 3.92 4.24 8.74 12.18 4.21 7.44 12.63 11.62 14.73 11.79 10.4 9.9 18.74 13.46 6.06 5.64 1.96 4.61 7.27 3.23 4.1 5.01 4.06 3.62 3.05 4.79 7.42 5.56 4.08 6.33 8.86 17.41 23.17 13.5 6.62 7.17 8.68 3.49 4.43 12.14 17.88 16.76 5.31 7.15
6.76 4.78 6.76 5.63 4.83 12.22 8.71 6.52 4.9 12.91 11.94 6.54 4.97 7.21 10.44 12.2 14.74 12.21 7.69 7.7 6.17 7.61 7.09 10.28 8.3 5.42 5.75 16.31 13.13 7.04 10.25 8.31 12.92 14.57 6.6 5.89 5.72 5.26 6.47 4.21 8.88 5.49 8.08 4.4 3.88 5.22 7.69 7.11 4.93 7.95 9.36 12.94 11.59 14.7 6.03 4.37 2.92 5.81 6.74 10.07 25.87 11.6 6.86 24.72
7.26 6.69 12.99 8.95 6.34 5.42 5.82 9.67 7.92 18.25 16.04 6.54 4.34 6.47 12.96 8.15 9.37 14.0 7.93 8.36 10.9 7.22 4.11 7.49 9.42 7.83 4.59 6.62 6.94 5.72 9.02 8.6 9.03 12.78 8.58 6.71 4.87 4.45 6.67 6.74 8.0 5.76 8.92 4.51 3.61 5.54 9.78 6.71 6.93 8.46 8.21 10.99 12.09 10.5 5.49 4.89 3.96 3.53 5.47 14.5 17.05 12.15 8.49 10.01
6.62 5.1 4.58 12.24 5.17 5.51 12.31 6.15 13.29 23.32 17.02 6.49 10.83 13.14 17.34 14.06 22.27 9.25 9.28 12.25 7.08 6.66 4.17 3.54 7.65 3.64 2.17 3.27 3.06 6.95 8.3 8.65 9.25 7.02 8.85 4.04 3.93 5.45 6.74 6.28 5.67 8.66 8.03 8.28 4.31 8.85 13.94 8.0 6.15 12.15 8.51 9.47 9.06 4.61 7.25 4.85 4.5 4.79 4.51 8.65 13.13 4.26 9.5 10.26
6.44 8.22 5.57 7.29 5.92 5.71 5.61 6.89 12.68 10.33 10.96 7.05 10.04 19.74 32.43 13.49 7.63 8.8 7.33 11.97 7.41 3.72 2.97 2.58 5.57 3.38 2.39 4.19 2.86 3.25 5.28 12.24 18.19 5.93 4.6 4.03 2.56 3.59 9.57 6.15 3.84 3.84 5.11 4.36 3.3 7.53 12.46 11.89 5.83 8.3 11.87 12.97 10.39 4.18 5.41 8.29 7.48 5.15 6.34 6.65 11.96 4.49 5.36 8.2
10.08 6.92 4.23 5.43 3.15 2.53 6.97 6.03 4.13 7.98 14.48 6.65 8.41 20.08 22.85 5.49 6.29 17.89 8.98 9.24 5.94 5.63 2.56 1.87 4.01 2.89 2.46 3.18 2.25 3.63 2.65 7.99 10.57 6.45 5.46 4.3 3.85 5.32 4.41 7.04 8.31 8.36 8.74 6.26 6.13 7.56 9.11 11.55 16.33 13.19 11.6 9.43 11.52 9.05 9.55 5.24 9.64 6.49 5.39 10.82 15.64 8.06 7.22 5.16
7.19 4.34 8.03 5.17 2.7 3.09 6.64 5.12 6.0 7.43 13.23 19.27 10.86 12.85 13.92 6.65 7.79 11.38 7.68 7.15 5.72 10.69 5.22 5.31 8.44 4.82 5.88 4.69 3.41 3.8 7.86 7.3 7.94 8.2 4.48 6.74 6.9 4.92 8.47 9.82 3.4 4.63 5.16 3.25 5.61 18.98 23.02 12.54 10.71 12.55 10.68 17.57 11.07 7.41 13.43 5.09 4.73 7.34 7.02 8.4 14.97 5.99 2.63 11.05
9.82 4.97 8.23 5.37 4.22 5.4 6.2 7.84 12.11 9.7 11.68 24.83 13.86 30.13 25.28 14.03 9.32 10.25 8.77 5.9 18.05 17.19 6.88 9.25 10.77 8.22 6.21 5.52 6.09 3.88 4.22 6.38 9.68 6.51 8.57 8.65 5.16 6.81 5.13 3.68 4.27 4.42 4.9 4.53 15.14 16.98 34.5 16.55 13.91 12.35 22.45 17.85 5.01 9.93 9.24 5.63 7.31 9.74 8.18 12.86 8.39 5.49 3.96 9.12
11.11 5.16 7.68 11.2 5.65 4.26 5.43 7.75 12.8 17.71 12.78 12.52 7.34 16.64 24.48 10.0 8.52 14.08 24.8 10.74 10.77 14.7 8.91 5.77 11.92 7.85 6.54 9.19 5.24 3.52 6.78 10.76 9.61 9.57 9.21 9.07 7.27 8.02 7.43 6.59 5.64 6.01 8.68 6.55 8.76 23.57 29.66 17.62 17.67 15.58 17.61 15.51 11.94 5.01 12.23 10.87 4.24 6.29 5.51 10.14 10.95 8.85 8.79 9.69
11.29 3.59 13.13 13.59 6.74 15.42 10.81 5.89 20.88 14.04 7.86 12.34 20.55 28.15 15.36 9.31 9.33 10.28 18.72 9.02 14.3 7.75 5.87 5.1 8.95 5.66 4.64 6.13 8.54 7.26 11.71 11.93 15.02 13.34 6.27 11.29 12.34 14.75 16.17 10.07 8.03 7.66 5.98 8.13 9.12 14.36 13.59 17.1 12.36 8.56 9.95 6.51 7.46 7.92 5.9 8.51 8.37 4.07 3.24 8.32 25.94 26.96 6.06 9.16
13.23 11.91 8.51 26.04 9.67 16.16 9.49 8.48 20.96 12.58 20.57 14.8 21.46 17.36 15.78 18.41 9.44 8.14 20.12 9.35 6.14 15.41 10.37 3.42 5.66 5.5 3.15 5.82 9.92 6.95 8.93 15.6 4.68 7.99 11.88 5.02 5.76 10.99 10.44 5.77 10.43 5.46 4.78 7.7 5.89 20.62 17.34 11.4 13.89 18.46 15.4 9.73 10.96 11.25 8.27 9.04 6.5 2.25 3.96 12.66 17.64 16.75 13.43 8.66
30.19 11.27 6.77 16.33 7.82 10.72 4.86 6.41 16.02 15.69 24.36 11.66 8.58 12.1 22.83 18.86 15.39 7.91 11.49 6.23 7.56 10.27 4.48 4.84 2.61 3.92 4.71 5.15 7.9 6.39 8.13 9.92 4.86 12.07 4.72 10.09 7.37 6.33 6.7 7.89 15.02 6.75 4.25 8.42 7.97 7.43 9.07 12.04 10.17 18.24 15.61 11.29 8.32 11.14 9.75 10.88 7.49 2.43 5.45 7.28 14.17 10.65 15.21 19.5
19.31 13.7 4.85 4.4 5.98 7.52 3.66 2.67 10.02 11.06 16.68 9.55 6.04 10.69 11.23 18.51 14.13 13.43 9.95 8.42 9.34 13.48 5.78 3.33 5.45 10.01 5.06 2.98 6.25 5.6 11.74 10.78 5.41 3.01 3.89 6.19 5.16 5.25 4.64 6.21 3.96 2.91 3.85 10.33 12.5 12.53 7.96 9.85 4.55 8.18 18.24 13.52 12.46 13.99 9.04 10.26 4.26 8.26 7.93 8.67 13.12 11.21 13.99 18.79
9.04 8.49 6.53 4.46 6.12 7.53 2.37 3.53 6.8 10.16 8.75 9.43 9.58 5.7 10.54 21.79 14.33 11.22 7.16 8.38 8.09 10.74 3.93 2.87 3.05 4.15 3.45 4.64 4.33 7.45 10.42 10.76 8.54 2.34 3.57 6.44 10.59 5.94 6.78 4.25 3.68 3.84 11.52 10.69 6.87 5.34 9.98 9.73 2.96 10.69 12.24 8.04 7.76 11.29 7.37 5.07 7.6 11.02 5.17 11.64 13.79 6.53 7.91 31.9
10.19 6.3 6.11 6.8 10.67 4.46 3.61 4.53 5.88 8.03 9.47 11.66 4.07 8.76 9.89 15.81 23.27 17.95 12.46 12.44 10.15 9.5 11.14 4.64 4.13 4.95 5.08 3.67 2.54 4.45 10.38 13.23 7.03 5.3 6.25 5.18 12.97 10.82 5.45 3.78 4.61 9.97 13.25 7.68 5.06 4.12 6.16 5.69 6.63 7.75 10.07 7.15 7.06 7.5 2.87 4.89 4.45 9.61 8.03 7.92 12.52 11.41 7.29 16.68
10.09 5.38 7.55 12.14 5.79 4.84 5.27 5.27 8.33 17.63 9.74 7.29 9.77 7.11 6.4 11.11 11.03 19.59 10.5 11.42 13.71 16.57 21.86 3.32 4.55 7.91 9.67 5.09 3.47 2.2 5.24 10.0 10.69 8.85 7.55 10.76 11.34 6.4 8.98 6.66 7.18 6.28 7.42 5.98 3.54 3.56 3.39 5.06 3.62 2.93 4.83 4.59 11.4 5.12 6.33 2.9 3.38 13.37 6.21 12.44 13.07 19.24 8.61 12.63
9.21 9.7 10.94 6.96 6.64 10.16 4.77 8.31 5.07 7.01 12.75 9.75 6.35 4.3 8.51 11.03 7.89 11.21 7.75 6.75 11.12 21.75 10.17 7.25 14.51 10.82 11.33 6.36 2.74 3.71 4.29 7.73 7.31 7.96 10.14 10.99 16.01 8.11 5.61 4.79 4.36 3.86 4.79 5.01 4.92 2.21 4.51 4.78 3.28 5.18 3.58 3.81 4.51 2.81 4.8 2.03 5.85 6.8 11.27 12.12 12.66 9.76 11.3 9.36
10.73 7.49 7.31 12.92 11.64 10.23 11.94 6.46 7.09 9.44 12.46 16.51 10.24 6.35 6.58 6.65 12.79 6.16 5.11 9.0 6.29 10.33 16.18 9.77 10.23 10.26 10.52 5.53 3.78 4.43 5.6 9.48 6.81 19.47 14.46 8.84 7.6 8.51 3.13 2.41 2.35 4.95 2.67 2.56 3.01 2.26 4.8 3.83 5.71 7.63 5.21 2.49 5.7 3.88 2.9 4.26 6.07 4.97 12.69 5.85 4.38 6.36 8.38 7.34
9.77 5.56 5.14 6.99 11.48 14.03 11.88 7.14 6.21 5.84 6.64 8.41 13.66 13.45 8.7 6.2 5.2 6.37 11.43 10.29 6.99 8.06 11.27 10.23 5.81 8.07 5.2 2.98 3.23 3.1 8.94 11.32 14.63 12.12 8.21 6.84 6.47 7.5 5.17 3.58 2.55 3.94 2.27 3.79 5.84 2.84 3.41 7.37 5.08 4.49 7.37 9.6 6.78 4.13 3.28 1.69 4.14 10.55 13.17 6.03 7.84 3.32 8.13 10.83
4.34 5.41 5.55 4.58 7.0 6.83 4.02 4.67 7.65 2.66 3.57 9.89 11.32 19.59 16.67 8.09 13.23 12.89 7.13 10.58 11.2 9.5 9.07 12.35 11.2 8.15 3.67 4.06 7.75 10.31 4.26 8.26 14.35 8.66 10.75 6.68 6.33 5.5 4.75 4.44 4.01 2.39 1.69 4.36 5.8 1.97 5.63 11.2 4.06 5.3 9.68 10.64 8.48 4.18 2.96 2.53 2.63 5.57 11.91 9.16 6.64 5.04 10.48 6.43
7.36 11.23 6.97 3.39 3.28 3.32 8.11 3.26 4.14 4.73 3.09 4.61 16.06 21.11 22.13 22.43 10.0 13.39 9.5 15.9 13.58 6.3 8.91 5.3 7.79 6.07 2.44 2.35 6.44 5.6 7.15 7.79 7.64 6.93 4.0 5.98 6.38 3.83 7.33 6.93 3.53 2.36 2.44 5.12 4.18 3.72 4.06 3.98 7.59 9.89 7.23 8.24 3.66 2.67 3.97 3.12 2.57 4.8 11.48 6.6 2.45 8.54 9.08 8.29
8.92 20.61 10.76 3.83 4.57 10.09 4.42 3.84 5.96 2.48 2.23 3.87 7.53 11.73 13.86 16.72 13.22 8.12 8.82 14.44 8.67 5.98 5.86 6.34 5.44 5.03 4.25 2.11 5.59 6.12 5.25 6.2 7.61 8.37 7.15 7.44 5.21 2.64 7.8 5.22 9.58 5.32 2.11 2.76 5.76 4.66 4.42 6.37 8.11 16.92 10.34 6.09 5.16 6.93 10.93 5.45 3.92 5.9 7.63 8.65 5.35 5.85 4.0 6.38
8.57 7.45 5.67 7.22 3.33 4.28 3.95 3.18 3.61 1.94 3.19 3.92 2.99 8.48 22.95 19.45 14.69 13.74 12.16 11.89 8.83 14.25 13.79 5.41 4.0 6.26 2.82 3.43 3.34 4.0 9.94 6.51 5.86 24.38 12.44 8.26 5.2 7.17 12.04 6.19 8.28 4.41 5.84 6.5 5.5 5.67 5.41 5.63 8.29 12.48 12.74 7.31 6.31 5.14 7.99 9.57 9.77 9.18 9.76 13.12 8.43 6.19 6.59 5.78
9.84 14.12 8.96 11.32 11.57 9.01 5.72 8.49 2.65 2.0 4.38 4.37 4.53 5.0 19.51 13.88 13.2 16.74 14.42 19.11 19.95 6.98 14.43 8.86 3.39 5.22 3.98 3.09 3.68 5.71 3.51 8.5 14.14 19.76 11.03 13.99 8.73 7.27 5.05 9.26 6.4 6.69 8.72 5.13 3.25 4.0 4.91 5.9 8.03 10.51 10.47 7.34 5.78 4.91 9.58 14.86 9.09 8.35 8.69 14.46 10.89 9.86 11.74 12.06
10.5 26.06 17.88 10.64 14.87 8.0 7.35 3.65 2.56 5.67 4.58 4.88 3.61 5.86 8.37 6.81 13.33 12.75 16.55 15.22 10.29 23.65 20.16 4.74 8.41 7.02 2.4 7.97 8.51 6.6 5.45 9.32 14.96 12.0 13.25 13.53 15.28 10.66 4.05 5.81 6.57 10.45 5.36 5.33 3.8 2.85 4.97 7.81 4.96 6.02 5.47 6.54 5.52 7.65 12.48 15.61 8.38 10.54 7.77 7.29 13.18 9.28 16.67 7.79
8.22 22.87 8.15 13.04 26.07 7.45 8.51 6.14 3.54 2.6 7.5 8.7 7.69 6.34 12.07 9.29 10.49 16.92 8.71 14.13 15.64 9.89 17.01 9.6 7.04 12.03 6.17 6.52 4.69 14.12 13.66 6.21 8.14 7.05 4.09 12.03 18.36 6.64 5.44 6.26 4.48 7.1 7.33 11.4 4.11 3.84 3.99 6.2 6.32 7.01 6.04 3.62 4.72 5.69 4.39 9.04 9.98 9.0 5.15 10.81 6.18 5.71 18.25 9.14
8.62 10.69 6.6 6.68 16.7 12.97 11.46 7.95 1.9 2.4 4.58 5.03 6.84 9.19 21.85 19.2 20.74 17.38 7.97 13.51 10.37 4.56 10.69 6.19 8.99 9.77 9.8 6.5 6.27 13.88 12.87 6.03 10.57 7.93 4.69 9.77 19.28 10.15 7.08 4.58 2.09 4.33 9.84 7.76 5.75 6.37 2.85 4.71 4.41 11.47 5.63 5.12 5.07 5.44 6.82 8.2 13.75 17.86 10.19 16.62 9.47 10.18 16.86 19.64
9.45 17.01 14.4 7.56 7.76 15.82 23.03 6.04 2.99 1.8 1.17 3.38 4.4 7.99 23.3 17.8 9.28 16.03 9.06 20.28 11.41 9.77 7.78 6.34 14.21 7.37 7.66 8.25 5.98 3.58 7.86 4.53 15.25 10.64 5.2 8.5 19.76 7.0 7.65 6.33 4.02 4.62 11.77 17.33 10.1 6.89 8.36 6.58 8.21 11.24 6.43 7.71 5.66 8.01 12.66 8.48 5.26 4.46 14.18 13.23 7.74 16.26 12.92 15.55
14.35 13.45 10.13 23.84 33.27 18.16 22.94 12.99 4.49 2.93 2.16 3.48 4.0 8.15 9.43 7.59 23.16 41.79 9.78 11.17 15.17 12.43 8.1 30.88 13.67 5.09 12.03 11.03 6.97 7.2 8.03 3.98 10.17 9.58 6.77 9.4 18.53 10.04 6.56 5.43 10.24 8.12 11.68 18.54 16.18 6.35 5.76 8.44 6.27 4.14 7.65 10.42 6.27 6.57 8.56 4.39 5.14 4.77 10.43 12.57 19.22 15.3 6.5 8.78
10.15 11.99 17.73 33.56 21.86 14.52 11.8 8.39 5.76 5.07 2.62 5.99 8.59 7.84 7.91 14.04 20.29 13.72 15.42 19.6 11.24 8.59 14.04 7.22 11.85 8.65 8.84 14.36 6.57 7.1 7.29 4.87 8.53 16.33 9.37 6.82 6.76 10.39 14.66 8.37 11.99 15.31 20.15 12.87 14.35 14.34 12.4 3.66 4.81 5.61 8.71 12.42 12.09 4.05 2.77 5.26 4.44 8.54 15.46 11.28 11.7 16.0 8.01 7.4
12.04 21.06 17.23 29.9 17.72 16.26 14.88 6.85 8.74 6.42 3.45 7.2 6.48 5.98 9.07 13.65 19.24 22.73 12.67 13.99 11.11 5.91 6.47 8.95 8.15 6.26 8.11 9.58 6.42 6.29 11.17 14.04 11.22 18.21 18.99 12.36 10.81 6.43 7.25 8.64 12.54 34.28 15.79 11.4 14.78 9.81 6.95 3.62 4.33 2.45 7.69 8.5 9.52 4.29 3.73 3.82 8.11 11.94 15.23 16.69 13.56 15.66 9.48 9.13
10.14 28.1 18.13 20.01 12.5 14.3 13.65 6.3 8.29 4.03 2.34 2.03 4.24 4.81 4.52 8.03 21.07 15.3 26.23 11.31 7.69 4.59 6.9 7.33 8.5 8.77 5.99 9.2 3.99 7.62 8.06 17.45 13.42 22.97 18.81 16.35 15.35 11.45 8.74 11.81 28.03 21.81 15.45 27.05 13.72 13.37 17.35 5.1 3.69 3.27 3.8 4.89 5.46 3.01 2.76 3.69 7.04 11.95 19.55 13.45 8.58 17.34 21.81 6.62
9.56 18.68 20.51 24.58 7.1 14.1 19.38 7.47 7.96 3.88 1.93 2.22 3.68 3.98 3.9 4.67 25.62 22.44 14.71 9.84 7.48 4.24 13.76 15.6 8.42 6.1 10.06 5.91 10.17 16.6 11.37 17.96 16.92 27.52 16.28 22.72 15.12 9.45 11.41 7.9 15.05 33.22 48.59 30.35 13.08 9.6 16.26 19.24 6.71 5.31 6.78 4.63 3.16 3.06 2.51 4.99 8.31 8.29 7.17 9.01 12.33 10.83 6.55 6.22
6.66 17.98 12.56 13.65 13.72 7.09 5.63 7.22 9.96 3.4 2.6 2.39 2.33 4.84 6.03 6.21 10.38 25.77 25.38 9.12 7.67 15.33 14.62 16.92 12.58 6.88 4.54 15.36 20.27 7.93 13.82 16.98 33.54 37.12 26.97 14.52 7.88 9.76 10.9 10.41 22.28 31.29 57.86 20.02 14.99 21.99 16.97 18.88 11.3 4.58 5.42 4.79 4.57 2.33 3.74 6.11 5.5 8.57 7.04 4.28 9.3 6.12 3.66 3.18
11.16 10.71 11.95 6.81 9.38 11.8 4.96 4.83 4.76 2.05 1.7 2.78 3.76 5.71 6.06 6.32 6.81 18.19 14.99 10.71 9.0 7.57 14.98 17.94 8.8 7.08 8.24 12.23 3.76 7.19 15.96 13.76 38.34 29.4 13.16 6.94 4.82 7.01 13.96 16.93 18.23 16.69 41.59 36.48 42.22 27.64 11.22 13.81 9.56 8.79 7.72 7.71 5.9 3.46 4.52 7.83 8.83 13.19 11.15 5.11 6.26 2.96 3.81 2.8
8.69 6.63 5.59 6.89 8.36 6.14 7.2 5.49 6.29 6.45 1.96 3.04 4.37 7.2 5.4 12.04 14.61 16.09 14.81 13.35 7.93 8.33 8.01 9.06 8.72 13.18 11.29 7.27 8.58 4.93 7.62 16.47 19.58 22.97 25.09 8.33 7.85 7.53 17.93 44.37 20.72 21.43 38.03 47.41 42.92 32.73 13.62 11.08 10.3 4.96 4.7 3.46 4.0 3.47 2.66 3.99 3.7 8.14 11.1 8.88 6.71 6.73 3.62 3.72
8.35 8.84 12.19 6.18 6.15 14.09 9.48 4.23 7.07 5.73 4.49 3.93 5.38 14.94 9.64 15.28 9.51 20.71 12.97 8.1 10.25 11.06 5.05 11.23 13.0 10.2 8.58 11.11 10.54 7.93 5.63 6.22 10.81 15.19 10.43 11.3 11.56 6.88 14.4 15.29 13.74 19.15 16.19 37.45 17.25 19.91 9.55 14.51 18.03 11.74 5.24 2.41 4.24 2.63 8.2 8.89 4.09 6.65 10.1 9.88 6.52 4.49 6.85 4.75
9.17 2.98 3.49 10.84 8.93 7.86 9.79 4.69 4.57 5.26 7.26 5.3 13.92 17.19 9.78 7.4 11.63 8.46 9.73 7.98 6.87 5.33 8.09 16.22 11.73 7.85 10.46 9.89 5.09 5.58 5.77 14.17 5.36 12.96 12.17 11.1 13.08 13.45 13.43 35.08 13.43 18.55 14.1 9.36 14.58 10.78 12.36 23.16 7.27 10.88 3.79 3.41 6.09 5.99 8.75 9.29 4.14 6.83 8.64 12.5 10.55 7.06 7.16 3.16
6.42 3.76 2.52 4.2 7.74 5.5 4.81 5.47 5.75 2.92 2.16 4.57 10.12 6.05 6.46 5.82 5.83 4.08 6.87 6.43 6.37 5.98 13.3 11.85 9.82 11.01 23.08 14.53 10.86 9.11 9.54 14.38 8.28 9.38 11.54 9.85 9.05 16.15 14.34 25.34 14.92 20.93 9.27 11.25 8.71 8.91 9.28 8.97 10.7 8.58 4.46 4.94 6.39 8.68 6.78 8.71 8.24 6.31 8.08 9.97 8.14 11.78 2.9 2.71
5.93 1.78 2.12 4.37 4.38 6.06 8.32 7.49 4.95 3.82 6.19 7.43 8.81 6.6 5.73 6.66 10.32 6.36 6.65 7.35 6.88 7.82 9.2 7.03 6.53 10.23 11.65 6.31 8.1 5.99 10.61 17.0 8.1 13.37 7.91 8.28 9.8 12.37 17.91 8.7 14.93 35.28 12.89 9.74 12.0 5.98 9.0 14.74 7.9 5.53 4.78 5.26 5.85 9.49 11.44 11.49 6.76 5.19 5.16 6.04 11.84 4.52 4.77 4.88
