8.63 7.83 2.53 2.78 3.11 5.83 7.25 9.07 7.43 3.57 3.78 5.51 3.05 2.89 4.12 6.67 4.32 4.65 4.1 8.27 6.07 7.71 5.37 8.62 5.71 10.54 8.79 14.98 13.35 6.98 5.72 9.11 25.95 30.39 17.36 11.61 8.18 6.47 4.55 3.5 3.09 4.25 4.79 5.96 10.17 4.29 6.16 2.51 2.5 10.41 6.05 3.43 8.57 12.24 4.55 6.87 3.92 7.15 8.11 8.71 7.37 9.54 14.57 9.63
7.2 3.97 2.7 3.06 4.44 3.39 6.39 6.0 9.24 5.38 5.07 5.29 8.33 2.73 4.08 1.86 5.34 5.12 8.25 8.08 6.93 6.32 4.35 8.25 12.77 7.84 9.99 14.39 15.02 9.05 4.62 17.58 15.1 21.97 11.46 15.83 7.47 3.9 6.41 6.52 5.35 5.59 4.28 11.2 5.48 5.92 7.69 13.31 5.14 7.34 5.96 5.68 10.89 9.96 5.22 5.32 6.7 7.19 7.72 11.56 6.45 7.98 6.62 10.02
4.22 2.77 3.3 4.4 5.03 4.94 8.04 8.19 5.59 4.01 3.77 12.71 6.14 3.96 3.98 2.8 7.82 8.39 9.09 9.28 9.89 10.06 5.63 6.43 12.11 10.15 7.94 14.22 19.52 9.19 5.23 10.61 9.79 6.79 9.87 10.2 5.41 8.48 8.24 6.47 6.3 5.09 3.41 4.62 4.28 7.13 10.19 19.67 11.24 8.72 5.61 8.62 13.95 14.58 8.56 6.07 4.45 6.08 10.78 7.64 9.61 6.01 7.08 5.97
3.03 2.6 2.68 2.79 8.88 4.24 2.73 5.71 3.29 3.93 8.62 8.77 4.85 7.83 5.61 5.84 3.86 20.46 19.26 15.99 9.64 12.43 6.97 6.46 17.02 6.79 11.43 17.22 7.98 12.46 4.99 11.58 6.62 6.32 12.09 8.36 7.78 7.16 7.91 5.3 4.39 3.24 2.91 2.45 7.0 6.63 8.09 10.42 15.29 15.32 7.82 8.35 6.63 11.45 6.7 6.97 2.95 5.72 5.81 15.61 8.01 5.13 6.35 4.37
4.95 4.78 1.9 5.45 13.52 4.56 6.06 5.59 7.7 8.59 6.11 4.62 6.13 4.28 7.36 9.93 7.16 12.92 12.28 6.99 13.51 8.17 5.8 5.38 6.77 6.4 12.15 12.59 9.2 13.08 7.99 6.46 9.7 5.25 12.09 9.52 4.87 14.58 9.07 6.77 2.13 4.0 4.81 4.2 5.75 8.72 12.11 5.49 13.06 8.07 9.27 6.75 5.92 6.08 4.36 3.59 5.72 3.35 6.54 6.3 5.41 5.81 8.07 4.84
4.17 5.7 2.12 9.3 10.03 7.08 7.65 8.34 9.42 8.44 6.85 4.71 9.79 9.37 7.92 21.69 13.97 20.91 8.16 11.98 12.58 7.23 6.71 4.43 9.12 8.79 8.3 13.51 12.18 7.55 3.88 4.85 4.96 5.87 7.61 5.82 5.38 10.79 9.75 8.16 8.05 6.38 9.12 4.28 3.76 6.4 10.21 12.99 9.89 8.78 13.04 3.86 6.21 6.21 6.9 4.03 3.47 3.18 8.09 4.37 4.88 6.52 6.24 2.87
6.25 8.47 5.78 7.08 11.34 10.54 12.85 10.11 6.2 5.06 3.44 4.89 6.95 10.4 21.5 11.84 12.78 17.67 21.1 8.88 18.08 10.02 7.59 6.71 5.44 10.15 11.79 14.04 11.31 9.07 7.33 7.94 5.9 3.24 3.44 4.37 15.86 8.11 8.08 6.56 6.44 3.83 4.4 5.29 4.56 6.01 6.73 12.57 10.59 13.41 6.8 3.53 11.29 5.34 7.35 4.83 4.18 3.81 6.68 8.44 4.41 9.87 6.97 4.41
7.63 5.0 8.18 12.57 6.95 5.93 6.64 9.32 8.71 2.73 2.81 6.74 12.03 13.29 13.05 17.76 29.89 19.69 16.21 9.69 10.47 9.59 6.9 3.47 3.79 10.97 9.88 10.03 16.83 8.27 5.74 4.01 4.13 6.59 5.15 7.15 9.9 11.62 10.75 16.76 4.29 4.12 4.61 9.8 14.7 11.82 7.0 7.68 6.58 12.13 11.91 8.46 4.65 6.76 4.49 3.12 3.09 2.53 7.82 4.01 4.29 2.19 6.72 8.39
11.11 6.0 5.95 8.81 10.97 8.39 5.38 12.94 6.26 8.35 4.09 4.5 6.16 13.47 18.37 14.08 18.06 15.06 17.7 13.28 8.11 15.08 11.89 8.82 5.24 6.27 7.34 12.04 18.63 9.48 5.33 1.99 2.52 4.17 7.18 11.62 5.9 8.74 12.74 6.02 8.23 8.28 4.34 9.95 12.17 5.5 7.29 6.58 5.1 15.0 19.27 10.86 7.87 8.69 9.87 4.16 1.65 3.85 5.08 3.32 2.58 2.07 4.82 6.41
6.7 6.46 4.91 9.14 12.65 11.5 7.46 11.5 6.13 8.84 5.11 3.18 5.03 11.26 19.88 11.84 8.95 16.87 39.67 18.0 11.05 13.41 10.67 13.06 9.91 4.02 7.95 11.41 10.08 6.7 4.94 2.34 4.34 2.38 8.44 9.4 7.75 8.92 11.87 18.17 12.83 11.57 10.24 8.26 4.14 1.79 5.94 4.02 9.85 14.41 11.84 20.59 8.85 10.97 12.09 7.84 4.19 5.75 3.09 1.7 2.75 2.4 4.89 4.49
5.92 6.3 5.56 6.14 7.74 6.74 11.59 12.7 11.37 4.41 3.48 2.98 9.08 19.39 16.3 32.24 9.44 11.12 20.35 12.17 25.55 15.71 5.83 5.73 10.3 6.49 4.62 3.21 5.52 7.76 6.07 6.48 5.84 4.55 7.54 4.37 13.22 15.35 21.17 15.31 20.11 13.91 13.68 4.88 5.07 4.58 9.83 8.12 4.57 10.08 19.05 13.87 13.17 5.58 14.13 8.14 4.45 4.46 4.08 2.22 3.13 5.0 4.39 5.49
6.08 7.98 5.37 7.04 5.45 8.28 14.42 12.53 7.93 5.3 4.43 5.91 6.47 11.0 17.0 13.43 8.94 7.89 11.06 14.62 18.25 14.29 12.22 7.87 6.0 5.59 2.29 4.2 6.59 9.16 16.54 12.79 7.12 5.4 5.96 7.42 10.66 12.94 11.58 12.84 18.92 12.65 9.82 6.02 6.99 7.28 11.69 6.47 6.41 6.75 11.6 8.28 10.22 15.64 10.61 9.22 6.61 9.7 4.8 3.73 3.26 1.81 3.89 8.05
7.37 4.77 3.95 7.25 5.46 8.57 19.09 11.06 12.88 5.8 4.41 4.65 11.02 9.4 9.92 10.67 11.17 10.82 8.68 25.39 15.83 26.35 28.12 13.91 10.21 3.47 3.33 3.2 5.71 7.43 15.25 11.05 5.25 5.43 3.02 14.95 12.49 12.02 10.53 12.49 17.87 13.65 11.42 6.2 7.15 9.36 4.38 7.79 5.92 5.66 4.25 7.82 11.44 16.6 11.52 8.39 14.73 7.32 4.35 2.95 3.61 4.18 4.38 8.47
3.85 7.89 7.36 8.87 4.26 9.4 7.42 8.89 10.09 6.82 4.14 4.9 11.59 10.41 5.79 7.87 6.54 7.36 10.62 26.15 32.06 25.9 18.49 14.29 7.5 9.87 4.22 7.56 8.12 3.81 5.73 8.23 4.91 9.16 6.07 8.44 7.43 6.4 8.47 7.09 18.06 24.33 11.89 4.92 2.48 5.24 7.12 6.06 4.99 5.94 8.18 6.39 11.72 7.56 24.26 19.52 12.83 9.97 10.11 7.49 5.94 4.75 6.54 9.75
4.68 10.0 17.51 9.87 4.81 9.11 6.43 6.21 9.09 13.37 6.56 4.76 3.69 5.47 2.69 6.92 10.79 9.52 10.83 14.75 18.82 14.96 11.72 8.0 13.08 9.07 8.45 7.66 5.68 5.5 6.95 7.4 4.69 9.18 3.85 9.8 6.42 4.08 5.86 9.87 23.08 19.1 7.13 8.3 5.4 6.39 8.15 9.8 7.4 8.35 7.46 10.91 8.15 9.15 16.43 19.71 10.11 7.58 7.37 8.49 8.27 5.39 6.36 9.37
9.38 15.31 13.57 7.42 6.31 6.61 12.2 19.19 16.32 13.5 10.13 3.55 3.56 5.88 2.16 5.28 8.39 12.24 9.0 10.24 17.37 16.17 11.84 5.41 16.06 15.12 9.58 4.37 2.75 6.05 5.35 4.25 3.6 6.08 17.69 5.97 9.0 3.49 7.94 5.2 8.65 22.37 5.46 13.42 6.16 7.09 5.79 4.69 14.61 10.35 10.21 16.32 4.7 7.59 16.08 16.88 6.94 5.52 6.12 4.98 8.73 6.87 6.65 9.08
17.22 23.04 4.31 5.65 8.49 9.71 12.47 24.28 27.86 15.15 5.01 5.44 2.46 3.36 7.04 7.99 9.58 10.64 10.57 11.02 14.66 19.05 13.97 11.11 13.62 13.54 2.49 2.16 3.48 3.3 6.83 4.47 4.35 7.27 18.41 11.69 6.58 6.15 3.92 4.44 9.65 13.04 7.5 6.39 7.53 5.51 11.25 7.59 7.0 11.29 11.32 10.05 5.07 11.17 12.29 7.74 5.62 4.43 3.75 5.97 3.1 11.98 6.26 11.54
15.59 7.33 6.05 9.48 10.87 16.02 16.42 12.28 27.05 12.42 5.29 7.68 7.84 5.96 6.76 4.8 7.72 8.33 8.53 7.62 11.02 11.96 10.44 10.0 17.98 9.18 4.39 4.47 4.03 3.93 3.35 6.12 5.88 7.78 16.52 9.23 17.84 7.13 2.69 4.28 6.8 12.66 7.96 9.45 4.67 6.78 4.5 5.19 5.14 10.21 9.26 6.81 6.97 7.3 11.3 5.98 7.19 13.32 4.83 2.99 4.69 8.04 7.08 6.32
10.87 7.5 9.16 13.71 12.51 15.42 10.94 12.57 17.22 21.06 6.76 11.4 8.0 9.95 9.59 6.53 5.67 6.1 3.47 5.16 10.8 14.94 7.87 13.43 8.9 27.38 4.41 6.66 5.98 3.99 3.9 7.08 10.76 11.25 16.07 10.31 10.2 11.14 4.22 6.95 7.62 6.99 10.33 4.47 4.74 7.29 7.58 6.44 5.4 4.22 6.35 11.21 2.76 2.76 8.19 7.61 15.21 18.27 9.57 7.38 6.42 5.07 6.74 6.13
7.13 11.36 21.61 20.46 20.84 12.18 15.1 7.48 9.37 15.23 11.82 11.84 4.08 9.06 7.36 5.34 5.8 6.66 4.33 7.0 15.81 18.05 27.1 9.39 13.3 19.08 11.02 12.18 6.34 2.95 4.17 5.82 7.72 11.99 12.61 10.53 8.47 11.11 7.31 12.1 10.65 4.33 8.36 4.44 6.1 5.13 6.37 6.65 14.74 4.88 5.97 4.78 3.22 5.56 3.47 10.53 15.47 18.96 13.31 9.13 5.51 2.62 3.69 5.01
8.11 6.43 14.65 15.42 13.5 7.51 13.35 12.66 9.77 13.31 9.97 8.71 12.05 7.11 9.77 5.14 8.98 3.9 7.88 5.7 6.31 19.32 16.81 15.53 15.43 13.37 11.44 6.2 5.72 3.17 10.34 9.41 9.37 6.6 9.87 7.5 7.41 6.77 9.61 17.63 7.08 5.2 5.68 4.56 3.16 5.75 4.73 5.91 10.1 6.72 4.65 3.34 2.66 5.18 5.02 13.79 13.33 14.48 13.94 10.92 7.12 5.76 11.36 6.35
7.3 12.54 11.95 10.53 12.7 15.41 13.87 9.11 8.42 6.4 8.5 6.95 11.69 5.86 4.05 5.16 5.08 5.51 3.91 7.01 7.49 15.86 20.03 8.85 7.84 10.59 12.97 9.52 7.62 7.54 8.82 13.71 6.03 3.51 7.29 6.59 4.56 5.92 7.39 9.47 6.72 8.15 8.0 4.0 3.34 3.9 7.06 6.05 7.1 6.5 6.18 4.94 2.2 6.16 6.63 10.93 8.25 5.96 14.28 8.43 3.55 7.69 3.36 14.08
10.37 10.07 15.0 16.57 26.08 12.71 13.65 5.88 6.31 5.6 9.15 9.52 9.19 4.89 8.89 5.73 10.48 13.2 8.59 6.48 12.69 11.62 15.22 6.67 4.27 4.87 9.63 9.13 6.14 5.67 5.97 6.41 4.23 2.86 4.93 8.22 4.79 3.71 8.24 10.82 8.15 6.31 5.81 4.47 4.74 11.09 11.02 9.61 5.17 6.03 3.07 2.61 4.34 3.52 13.28 7.78 4.81 5.84 8.02 8.74 4.75 11.18 5.15 9.2
12.3 16.14 23.21 9.09 13.46 21.86 8.45 4.66 5.41 4.85 12.53 10.51 10.0 3.01 5.45 7.5 13.82 13.76 9.48 14.61 12.96 13.51 14.67 6.23 6.62 5.8 7.78 7.9 13.42 7.91 4.87 4.96 6.36 6.98 7.19 9.14 4.67 4.73 4.53 4.12 6.03 3.72 7.76 4.8 6.57 11.9 16.29 6.36 4.26 5.58 1.66 5.3 4.65 4.1 9.96 6.27 9.71 11.88 12.27 11.1 6.76 5.67 6.69 4.45
15.89 12.69 16.63 7.27 6.23 8.53 8.43 10.39 6.96 8.54 13.41 10.51 5.85 7.15 3.89 9.76 8.67 8.05 12.04 9.53 7.84 7.44 5.35 6.06 5.92 6.23 11.34 11.14 12.13 9.41 5.12 5.12 8.53 8.7 10.49 5.82 4.45 9.56 6.83 6.88 11.33 3.33 6.3 5.8 8.29 9.99 8.7 5.23 3.33 2.82 3.98 1.22 3.08 3.6 7.43 4.84 7.37 9.0 5.04 7.88 7.8 8.9 10.99 5.1
17.98 6.48 8.2 12.09 8.73 10.42 5.57 9.99 12.26 8.89 10.24 6.54 11.79 6.09 9.59 4.61 9.42 6.68 7.02 4.76 7.08 7.77 5.66 5.1 5.35 6.32 13.72 12.04 8.57 6.53 5.88 3.43 4.54 4.14 5.21 4.42 6.5 8.59 6.71 10.18 8.14 5.82 5.11 6.02 4.99 9.7 8.85 9.47 9.72 10.09 6.52 4.96 3.97 3.26 5.54 5.22 6.54 6.83 5.05 5.31 7.4 4.89 8.52 3.84
9.38 13.84 13.43 11.74 13.1 9.26 7.24 3.26 8.74 8.05 8.42 9.0 8.2 12.41 10.94 11.37 7.02 4.76 6.26 4.89 7.05 8.26 9.02 2.58 4.01 3.36 5.06 9.23 8.74 12.53 7.04 7.02 9.64 3.56 3.03 4.31 8.66 7.03 16.81 8.26 9.13 6.55 2.88 4.08 3.69 10.6 15.75 11.82 11.99 9.23 9.47 5.82 2.56 5.86 7.49 6.52 4.02 6.66 11.45 9.3 8.49 4.63 5.13 3.76
13.5 5.86 16.22 8.35 6.63 6.34 3.19 3.13 6.46 8.28 9.14 12.1 7.57 11.72 10.03 12.12 6.2 5.17 5.5 7.09 5.39 8.68 7.92 5.28 2.45 3.64 2.87 7.95 13.56 16.94 8.9 12.62 13.05 4.04 2.8 4.97 8.76 13.89 11.12 8.63 6.67 7.81 4.11 5.51 8.57 13.55 15.97 18.36 11.72 11.57 12.58 7.12 7.36 8.61 7.2 7.79 3.36 6.57 10.91 9.29 4.28 3.39 2.77 4.84
7.79 6.99 16.24 9.75 3.85 3.01 4.11 5.48 15.68 7.27 7.39 5.61 8.5 7.42 4.11 5.79 8.22 4.23 5.69 5.45 4.39 10.69 8.63 3.56 4.68 3.59 3.23 6.1 9.12 22.52 17.67 14.17 18.36 10.07 2.81 4.98 6.97 13.0 21.02 10.36 3.14 6.3 12.87 7.85 11.34 13.68 16.47 11.83 12.06 14.38 12.04 11.86 9.74 5.82 6.47 13.4 6.39 8.19 9.51 3.84 3.59 4.74 5.2 5.04
4.87 11.56 16.46 12.02 5.62 6.28 3.45 7.97 11.32 8.35 5.99 6.44 4.73 6.78 3.64 7.9 7.24 6.28 6.58 4.95 11.3 13.31 5.25 5.86 2.77 3.81 4.54 7.8 7.1 9.45 10.89 11.19 23.58 6.24 4.98 5.41 5.37 12.04 16.37 9.56 6.96 5.19 7.71 8.65 13.14 12.69 26.21 10.4 14.93 13.73 12.43 11.44 8.63 6.13 10.75 9.96 9.09 9.82 12.64 4.75 1.81 5.66 7.08 12.87
6.61 9.63 10.14 8.88 11.15 4.31 4.45 3.96 5.58 9.3 7.83 3.69 6.63 3.22 5.19 5.16 5.75 12.29 7.17 4.04 6.36 6.02 7.21 8.28 4.81 3.43 4.66 4.2 7.41 10.49 15.38 17.19 9.77 15.61 8.81 11.71 9.3 13.9 16.76 9.6 7.76 4.85 7.62 11.86 13.82 14.4 18.07 13.01 10.79 5.52 5.02 3.61 6.88 13.38 10.75 8.01 16.5 9.93 7.3 7.26 5.31 4.24 8.35 9.35
9.88 12.57 7.11 17.62 9.25 6.19 7.46 3.06 9.5 12.37 7.04 5.08 3.04 2.66 2.28 2.97 4.69 5.71 5.54 3.3 7.31 4.34 5.93 7.13 4.36 4.01 5.27 7.47 7.19 17.68 18.72 14.1 7.37 9.74 12.2 5.86 6.92 15.52 10.03 5.9 2.44 6.67 11.24 21.96 27.86 18.39 17.13 13.15 5.09 3.84 7.93 7.7 6.33 5.07 9.62 8.96 14.65 7.16 8.78 4.14 6.46 5.21 6.24 10.24
14.38 22.79 11.76 10.99 6.38 11.33 3.97 7.93 10.01 9.68 6.82 7.22 2.33 4.88 3.74 4.8 5.32 8.94 5.43 4.67 4.1 8.32 2.49 5.97 3.12 2.97 4.43 8.73 13.23 4.47 9.44 7.75 4.88 11.51 10.52 7.22 5.25 3.9 4.95 4.79 4.11 15.84 14.64 14.8 22.12 33.52 19.05 24.77 7.73 6.52 12.36 5.88 4.96 4.97 5.43 9.56 11.44 6.55 5.96 9.3 5.2 13.33 15.86 21.52
7.06 8.95 9.08 13.39 11.01 8.37 5.54 2.74 3.59 5.61 4.46 9.74 8.62 4.3 3.53 3.94 6.44 6.4 8.36 4.95 5.72 5.53 3.86 4.02 4.92 7.1 8.35 12.21 5.2 7.33 14.79 13.27 9.56 13.84 9.32 15.1 5.4 1.8 3.07 5.29 4.88 13.43 12.57 12.04 11.02 11.19 10.55 20.1 8.91 8.12 7.56 6.65 6.55 4.43 3.23 9.71 14.83 5.01 9.24 5.3 6.72 15.17 16.89 17.19
13.16 13.01 12.84 10.19 4.7 7.11 3.06 4.57 1.95 5.33 3.59 8.24 10.58 8.33 3.85 3.17 8.65 8.05 8.96 6.67 3.2 4.47 2.69 4.61 9.82 8.69 8.86 7.75 7.14 11.97 12.25 31.61 23.11 11.21 7.83 7.91 6.61 4.04 4.22 5.55 9.04 14.92 11.73 8.48 13.6 9.64 6.19 11.5 13.22 11.73 6.12 6.74 4.75 6.26 11.68 10.42 7.88 3.99 5.63 3.64 3.35 5.47 17.46 20.7
9.85 10.74 13.28 6.39 13.96 4.49 6.3 8.21 6.69 7.66 4.18 6.07 7.4 13.57 5.79 6.15 3.78 8.81 11.05 7.2 4.55 4.24 2.53 7.44 6.4 4.02 7.51 6.38 10.67 11.72 13.43 23.32 23.56 9.81 13.22 14.02 8.67 7.06 4.59 3.91 9.74 6.27 11.47 8.45 10.73 6.98 5.13 5.26 8.61 7.23 6.21 8.67 8.14 19.24 13.34 9.84 4.16 3.5 3.78 5.48 2.82 10.61 16.24 11.87
9.36 10.73 10.69 7.27 11.77 7.83 8.53 13.09 10.32 8.23 4.56 2.28 14.81 7.78 16.12 5.84 7.57 12.85 14.92 6.3 5.75 4.58 4.28 6.15 5.88 4.02 4.3 10.91 9.49 10.13 12.23 24.26 17.34 12.62 17.75 9.82 8.52 6.56 4.3 19.4 6.59 9.25 11.61 15.03 7.46 6.59 4.75 4.59 11.08 3.46 5.15 9.54 12.69 15.08 8.69 14.87 4.52 5.24 4.28 5.47 7.09 10.63 7.77 6.16
5.81 14.1 5.76 8.11 10.45 13.34 11.62 15.34 7.09 4.95 6.97 5.27 7.75 13.61 11.37 8.9 2.72 6.67 8.58 7.5 6.14 4.24 3.42 5.24 9.5 8.87 7.36 12.42 21.19 11.91 17.54 14.54 24.78 25.89 26.82 32.55 17.15 9.83 10.34 17.63 11.33 17.66 7.19 6.28 9.42 5.4 6.16 5.26 3.53 5.71 7.7 10.06 11.07 13.19 12.79 6.62 4.09 5.37 7.93 6.03 5.34 5.58 3.69 3.45
11.88 8.36 3.3 11.88 9.63 4.12 9.1 12.51 8.36 9.56 12.51 13.11 6.89 12.33 7.42 9.6 5.29 5.52 3.65 3.89 5.66 5.46 3.78 15.52 17.47 14.1 13.53 20.92 14.38 17.37 17.42 20.0 18.62 20.35 19.1 23.32 11.1 10.48 15.64 13.24 14.9 7.93 7.81 10.51 6.28 8.33 6.0 7.04 6.15 6.13 4.92 4.56 9.89 12.88 9.96 6.41 5.45 7.76 8.87 6.84 7.07 5.2 5.22 4.33
18.63 9.64 3.78 10.04 4.2 3.95 7.09 9.21 12.26 10.65 12.82 11.69 17.38 10.46 15.76 6.2 5.26 7.17 6.26 3.16 3.64 4.4 5.76 8.34 15.01 9.46 18.2 21.18 23.16 21.7 14.82 23.5 10.02 14.56 10.95 15.16 12.52 20.05 12.56 10.22 9.78 8.97 12.21 7.13 8.38 11.18 13.15 5.58 6.09 8.99 4.52 5.08 7.21 7.01 10.19 6.34 5.51 4.33 5.26 7.38 11.75 9.18 8.5 4.05
11.15 9.58 8.04 3.27 2.31 2.68 5.75 9.64 9.65 11.09 8.21 9.43 7.35 11.02 9.35 8.11 6.36 12.77 5.37 4.71 3.84 3.59 8.68 14.82 10.95 9.46 19.9 24.6 29.93 12.78 14.42 13.92 22.42 12.82 15.46 12.19 15.87 17.64 12.15 7.52 14.23 14.02 7.48 4.1 5.09 11.64 14.59 4.54 3.25 8.53 4.96 9.37 5.38 12.03 19.12 4.47 5.62 6.43 5.39 18.15 13.48 9.38 12.36 7.96
7.8 4.88 8.78 3.93 3.37 5.85 8.71 12.95 5.82 7.28 13.26 5.91 11.27 7.69 6.07 3.31 7.46 9.04 7.53 5.53 4.44 3.65 5.01 12.91 12.75 11.35 13.61 18.44 16.86 17.95 12.41 10.34 13.95 17.73 25.22 21.48 20.96 15.68 10.35 12.16 13.97 16.22 10.48 3.84 5.1 11.45 6.27 7.03 7.12 8.37 11.7 12.21 10.6 19.78 17.4 8.03 3.88 4.78 10.74 15.83 13.73 11.71 5.22 4.01
5.98 6.78 6.33 1.48 2.6 3.9 4.39 5.43 5.27 7.58 9.39 7.27 10.71 13.8 7.71 7.65 8.63 9.21 14.32 7.48 5.04 3.84 5.73 4.46 20.08 20.9 15.92 11.51 9.79 12.14 6.99 6.02 6.91 13.41 12.49 12.33 7.6 11.19 11.88 10.22 12.11 14.47 10.97 4.95 6.97 11.74 8.35 10.67 7.12 11.23 10.01 5.71 10.09 5.98 13.96 14.86 6.52 6.39 26.8 15.23 11.2 9.93 5.98 8.77
5.79 5.28 3.65 5.47 5.95 5.49 3.6 3.06 7.46 8.35 5.97 6.41 6.82 17.27 7.92 10.99 6.14 5.48 6.6 3.29 4.0 3.04 3.71 5.46 10.48 19.08 20.18 21.55 15.33 12.64 12.09 4.66 11.46 8.54 14.33 5.98 3.22 3.43 5.97 8.85 20.05 9.97 3.78 4.98 4.73 7.42 9.07 8.04 5.48 10.88 8.12 5.13 7.44 11.18 14.04 19.24 15.04 23.6 36.75 24.84 16.86 9.33 6.16 7.9
3.67 4.19 3.35 4.7 9.81 4.46 3.33 3.4 3.39 5.79 3.95 5.65 12.64 8.59 6.59 10.24 9.62 4.84 3.51 2.36 3.31 1.71 3.68 10.36 12.27 15.3 16.14 18.54 39.79 13.51 11.36 7.76 5.61 7.42 6.36 5.44 4.03 3.38 5.33 10.73 32.34 10.4 7.46 2.74 2.54 3.94 11.85 6.96 10.02 6.51 9.29 5.32 7.25 5.76 22.49 19.62 9.08 21.57 17.18 13.06 18.01 8.72 7.91 7.1
4.89 3.98 3.45 4.38 9.61 9.85 6.78 6.04 4.11 5.24 2.45 6.92 7.68 7.63 10.25 4.29 4.48 3.54 1.5 3.07 6.03 4.36 4.26 7.55 9.77 20.01 13.03 19.25 41.26 18.6 11.04 5.64 8.21 5.81 9.62 3.93 5.05 3.49 3.99 7.92 14.09 8.89 4.88 3.01 2.66 3.74 9.25 11.66 9.96 7.63 14.8 12.72 7.05 11.18 21.97 15.33 9.36 10.14 13.1 15.59 15.85 7.68 5.48 8.91
5.46 2.11 6.07 7.28 10.29 11.07 8.75 6.37 7.94 5.18 8.58 9.79 9.62 5.49 7.6 3.25 3.74 2.1 2.42 5.01 4.9 6.38 4.85 3.56 5.97 9.79 17.21 12.94 24.23 9.27 12.21 10.21 9.45 9.05 5.98 3.2 3.73 3.77 7.26 11.02 13.49 6.5 6.69 5.6 4.36 5.18 6.33 12.45 7.31 5.36 8.04 9.51 11.5 16.79 6.67 10.61 6.35 6.73 5.83 16.63 9.51 5.7 4.71 4.24
3.75 1.91 6.75 9.84 10.66 7.81 12.73 6.57 12.82 13.75 11.17 7.7 9.93 4.4 4.31 5.41 4.32 5.45 4.37 5.32 4.46 4.97 8.53 4.1 3.24 8.42 9.68 13.86 13.91 11.95 9.96 9.35 6.9 10.77 4.74 5.07 4.35 4.6 6.25 8.64 4.63 6.09 5.57 5.49 6.07 5.17 7.78 3.65 5.66 5.83 12.47 11.91 18.01 10.22 6.67 9.57 9.05 8.81 9.15 9.45 9.29 7.67 3.53 4.78
3.71 5.17 4.64 9.03 7.14 13.95 8.27 10.77 25.09 7.34 8.93 5.64 3.46 4.62 5.32 2.81 6.88 13.51 5.51 5.34 3.52 4.38 4.47 3.11 2.53 5.93 9.72 12.71 6.61 5.91 15.12 12.82 8.37 6.89 9.74 8.4 7.22 3.98 6.77 5.17 5.97 14.27 9.77 6.77 7.69 6.51 9.58 6.77 9.14 11.44 11.53 6.55 8.65 9.96 9.82 10.81 4.9 5.45 10.36 8.14 12.2 6.79 5.41 5.99
4.35 8.31 6.06 7.88 10.27 15.99 13.07 14.77 19.19 7.57 5.45 4.66 6.58 10.16 5.84 3.81 6.75 4.98 8.12 4.31 8.05 4.9 3.64 1.78 5.48 4.39 7.63 9.57 9.93 7.22 9.31 10.64 7.3 5.05 5.75 9.84 7.34 7.06 6.28 4.68 7.83 9.74 11.06 8.12 7.54 7.5 9.61 10.7 9.08 13.56 5.79 5.8 7.34 5.85 8.94 9.19 8.9 5.54 10.09 15.38 16.08 8.62 5.94 4.39
5.42 11.16 7.05 8.16 13.52 18.9 12.08 6.14 10.84 16.2 10.58 11.6 10.16 8.86 10.05 5.05 7.19 5.75 5.25 4.21 6.76 7.42 4.81 3.03 5.22 7.51 8.77 6.59 9.51 6.75 10.12 15.7 6.78 5.81 10.3 5.5 7.49 16.36 7.06 4.51 10.99 8.57 8.74 5.2 7.64 8.63 7.77 10.12 5.18 4.4 3.13 6.42 6.77 6.29 6.86 4.56 11.43 11.92 18.51 8.23 9.96 9.88 4.83 4.33
9.92 19.67 10.58 20.2 29.8 13.54 13.15 5.0 7.65 6.7 6.82 14.44 7.15 5.3 5.13 6.73 4.91 8.55 4.29 5.42 11.58 11.68 8.59 11.9 7.59 4.37 8.03 9.49 18.24 10.26 14.98 20.02 5.49 6.73 10.37 10.06 10.49 10.97 7.46 5.53 8.99 8.74 7.95 5.52 11.06 7.83 4.9 9.73 7.59 7.35 4.22 8.3 9.81 12.5 7.28 6.02 5.87 14.15 10.19 7.83 8.05 8.35 5.49 2.65
15.72 10.77 22.18 18.63 23.89 7.68 8.47 4.91 6.43 15.06 5.92 17.41 8.5 3.92 7.65 7.2 12.38 8.24 4.38 10.23 10.79 7.62 7.1 8.35 5.76 9.77 8.9 7.85 9.26 8.27 11.8 16.99 8.54 8.41 13.54 10.43 10.32 16.15 7.3 12.52 10.09 15.71 13.74 16.48 6.81 14.81 11.72 9.57 26.4 19.97 13.03 10.41 6.47 9.89 10.5 15.72 12.85 15.12 12.64 7.22 9.55 18.33 15.44 6.14
9.39 11.84 16.82 24.6 17.03 8.47 5.7 3.45 6.33 10.89 5.57 4.93 3.41 9.13 11.77 9.01 9.05 7.62 5.23 18.6 11.67 16.92 10.15 6.85 4.24 14.96 17.05 25.08 6.67 5.66 10.93 31.24 19.4 9.91 13.41 10.12 10.63 8.09 16.01 19.6 8.78 7.55 12.75 11.25 11.29 10.96 11.89 15.5 13.89 25.12 33.01 10.6 5.81 11.13 12.64 16.83 13.05 11.25 10.69 17.81 7.78 17.45 24.37 10.53
11.02 8.4 25.01 19.45 12.16 4.66 2.91 3.61 4.07 11.05 15.83 5.47 2.39 5.45 10.2 11.77 17.73 9.86 8.73 14.28 19.26 11.34 11.02 10.2 7.47 14.03 20.13 24.36 9.27 6.94 7.86 15.7 19.02 19.07 5.68 9.77 15.58 8.38 14.44 20.88 13.64 10.92 6.44 6.25 5.47 6.59 19.67 16.75 11.94 24.84 16.83 13.79 12.34 12.95 14.48 14.87 12.79 7.03 7.2 11.58 7.08 12.3 18.28 13.66
15.95 18.51 17.7 12.53 5.06 3.61 3.52 6.73 6.4 4.7 19.21 4.81 4.53 3.06 4.49 9.85 12.17 12.1 11.4 6.21 8.26 8.06 7.18 5.05 11.37 9.06 16.11 17.73 9.98 10.28 12.96 11.84 14.09 11.14 6.73 11.2 20.91 33.77 15.78 9.7 5.63 8.64 17.2 9.67 8.8 12.93 16.85 9.07 9.41 18.28 18.59 12.18 16.13 14.04 28.52 15.33 8.95 4.15 7.91 12.74 7.22 18.08 18.11 13.33
12.34 16.76 12.32 9.38 5.79 3.97 3.97 6.33 14.52 8.56 7.33 7.76 6.27 4.27 5.31 9.73 10.98 16.1 9.0 6.03 6.08 10.23 5.01 8.26 7.24 13.12 23.36 17.3 12.02 8.37 4.22 7.45 7.27 6.15 9.16 12.16 8.81 12.12 10.32 11.53 12.19 11.91 16.73 14.7 12.53 13.94 11.62 8.83 8.94 21.52 18.18 13.15 10.11 17.18 20.94 17.2 14.53 21.74 6.38 11.12 4.91 10.66 14.2 16.9
6.81 6.14 12.44 20.41 9.78 5.06 4.24 5.7 6.29 12.54 8.55 7.77 6.72 4.76 4.35 4.57 24.19 9.7 7.84 7.11 5.49 12.77 11.72 22.62 15.85 11.27 11.47 16.13 29.71 7.22 5.19 5.48 6.97 14.11 8.85 13.95 7.76 7.6 6.15 6.33 8.39 7.89 9.17 12.72 6.39 16.07 10.43 12.2 14.85 11.4 11.91 8.05 8.82 8.15 15.53 5.6 13.06 21.64 12.34 9.33 5.1 6.28 16.75 11.44
7.23 11.76 13.27 14.68 10.06 10.29 3.19 7.46 6.18 10.99 11.87 5.83 4.41 5.89 3.37 7.71 5.69 23.44 15.29 9.29 4.2 13.1 22.3 14.38 26.38 10.76 7.8 9.84 10.63 10.66 4.78 12.66 11.78 13.22 9.01 5.24 6.08 3.26 4.23 3.4 4.94 8.99 8.42 5.19 5.26 8.55 13.2 11.59 16.5 12.67 8.61 7.42 7.08 4.98 8.5 15.84 10.62 8.51 9.14 4.04 6.3 3.31 15.45 10.63
6.14 11.26 9.93 6.71 7.6 5.89 5.24 10.61 14.69 8.79 6.64 6.62 3.67 5.17 4.45 7.64 12.7 14.9 13.87 9.92 6.48 8.9 12.18 10.44 11.55 13.07 5.99 8.44 5.69 10.32 11.56 6.67 6.03 6.51 2.62 2.51 2.4 2.14 5.55 5.45 5.15 8.2 10.06 4.75 7.46 12.59 16.1 16.47 9.84 13.28 6.73 7.91 8.0 7.63 6.1 10.3 16.88 7.17 4.72 7.02 8.21 6.41 8.89 18.99
6.57 4.11 5.72 6.06 7.73 9.28 6.55 7.12 15.36 6.44 4.65 1.8 3.46 2.9 2.23 5.56 13.99 10.2 8.66 12.32 8.25 5.9 14.3 7.61 32.23 22.8 13.82 11.49 6.74 20.88 12.8 7.98 7.82 5.0 2.81 3.5 1.7 2.14 4.45 4.27 4.09 8.1 3.95 4.97 2.92 7.78 11.45 6.27 8.46 6.55 8.0 5.09 6.19 5.4 7.44 19.15 16.83 10.76 10.44 4.81 8.04 7.95 10.99 13.94
5.42 6.1 11.51 8.05 21.13 29.73 13.16 10.34 8.24 8.85 2.74 2.63 4.05 5.55 3.72 5.34 10.43 13.22 9.46 5.47 7.61 7.6 12.52 15.27 10.14 18.04 8.29 10.64 11.71 10.56 13.3 7.41 8.98 5.28 5.64 4.68 3.46 3.75 3.86 4.86 6.46 5.72 6.51 3.6 4.74 8.6 13.17 9.91 8.91 7.98 3.45 6.91 4.81 4.74 7.09 6.83 7.16 7.58 6.06 5.9 2.78 6.82 9.43 12.34
6.37 7.29 10.01 20.11 22.83 14.74 9.37 9.6 15.21 6.99 2.96 4.87 6.26 5.78 3.7 4.66 7.6 10.78 7.24 5.93 11.79 10.52 8.6 10.65 13.44 17.4 9.01 13.11 18.49 9.28 9.41 5.5 5.91 8.41 2.86 4.52 6.27 5.78 4.39 4.66 4.09 5.5 4.09 4.89 5.55 8.49 11.69 14.32 11.25 6.67 4.02 4.94 6.81 9.26 9.1 13.89 5.52 4.33 4.62 5.26 2.81 5.25 5.98 7.13
4.72 8.03 12.12 9.69 24.78 21.61 21.56 14.76 12.66 8.46 5.29 6.56 5.25 7.77 4.45 4.56 5.3 5.18 9.78 7.79 4.62 8.49 10.18 9.54 13.51 17.68 14.35 21.47 22.33 11.88 14.35 6.72 4.95 5.33 2.42 3.46 4.13 7.86 9.36 5.29 2.68 4.45 4.18 8.28 6.62 7.97 7.1 5.06 6.96 4.66 6.34 6.18 7.55 9.25 14.53 18.64 5.23 4.55 5.53 3.21 9.46 4.13 5.57 9.55
