4.33 5.61 5.67 2.15 2.33 2.15 3.97 5.73 9.56 11.04 8.88 9.55 6.04 3.01 8.62 9.27 5.14 7.59 9.28 16.03 12.87 7.4 7.13 4.65 5.71 3.63 8.64 13.66 11.83 11.15 12.45 14.02 6.82 5.76 9.21 5.45 7.1 5.83 5.35 7.42 6.26 3.06 3.85 8.99 7.87 17.9 27.68 16.47 14.83 25.64 12.98 18.05 9.09 11.16 12.48 16.52 13.81 5.26 7.34 7.95 5.67 2.6 2.39 4.16
4.65 3.27 4.94 4.42 3.86 4.8 6.29 8.19 7.71 10.67 8.66 8.58 7.09 7.73 13.76 9.27 8.03 12.27 7.14 18.29 9.57 8.32 6.45 3.92 4.24 4.44 9.87 8.11 7.53 5.66 10.98 10.43 9.61 6.51 11.88 7.38 8.3 7.04 11.02 9.24 3.95 3.43 5.44 11.6 14.81 20.83 11.35 14.9 13.26 16.08 9.91 19.61 4.44 9.45 10.91 13.91 14.56 6.52 3.89 8.95 7.11 2.56 4.02 3.75
7.28 5.03 3.06 2.45 5.13 9.12 5.49 11.26 9.7 18.2 8.98 4.25 7.45 6.77 9.13 11.04 13.7 5.35 5.75 10.45 9.21 10.72 6.07 3.31 4.61 7.18 9.07 10.75 6.42 6.79 6.56 6.86 9.19 12.61 12.61 12.64 24.17 11.24 5.65 14.18 4.51 4.5 4.37 6.47 21.63 23.9 19.61 7.7 8.79 21.74 16.06 12.81 11.08 6.61 11.52 15.62 11.62 9.72 5.59 6.06 4.14 3.76 7.27 5.74
6.3 4.36 2.28 2.48 3.84 9.01 5.64 17.32 16.34 27.46 10.51 6.8 7.99 5.18 7.63 5.63 12.39 4.49 13.03 15.3 18.05 13.76 7.58 3.92 5.65 3.96 7.21 8.63 4.7 12.17 5.31 5.06 4.95 13.18 12.48 20.48 30.17 22.64 6.72 17.25 14.04 7.43 5.64 3.91 8.67 12.65 30.48 12.23 10.82 10.1 29.77 13.4 10.97 6.5 10.89 8.02 12.41 10.0 7.41 10.4 7.0 7.02 9.49 6.46
5.41 5.17 5.17 4.02 3.66 6.72 16.15 18.43 16.32 12.97 9.45 5.81 5.44 4.13 9.26 6.9 5.72 6.44 19.02 18.5 14.92 12.51 11.52 9.46 12.73 6.93 4.14 5.79 7.19 11.1 14.53 4.2 3.71 8.75 10.69 10.9 18.3 10.14 9.59 10.82 8.48 7.72 8.19 3.87 4.65 6.74 18.13 35.4 12.46 11.3 13.57 8.65 5.43 5.05 8.23 4.53 5.82 6.33 10.77 13.98 15.83 6.47 7.39 6.2
10.45 5.08 8.45 3.84 7.77 4.54 25.48 33.2 9.82 10.06 8.36 5.71 3.99 8.23 5.7 10.8 7.88 9.17 11.72 15.43 10.41 10.63 8.85 8.93 20.82 14.05 5.5 9.58 6.99 7.29 7.75 5.1 7.92 6.86 10.72 13.54 14.73 5.73 8.43 5.43 8.5 5.55 9.34 6.8 3.97 6.63 9.77 16.44 9.9 14.18 7.03 8.25 5.76 5.73 3.46 4.66 6.39 8.01 9.89 21.01 18.41 14.42 7.72 5.4
9.24 8.25 3.9 4.19 9.27 4.17 10.86 17.61 12.12 6.97 5.24 5.27 4.08 8.19 6.5 11.23 8.44 22.34 14.24 13.05 13.27 14.25 6.99 15.63 21.27 11.25 6.71 19.31 14.37 9.12 4.51 4.2 4.13 11.2 14.27 19.52 9.86 3.16 7.4 6.41 10.3 8.63 13.54 6.35 6.49 4.91 3.3 5.61 4.9 10.12 8.02 6.55 10.54 6.31 4.23 4.85 4.66 9.54 10.07 15.24 13.59 18.15 12.03 7.35
4.71 6.26 3.7 5.44 4.72 5.07 11.37 12.0 13.28 7.72 7.93 3.68 4.84 8.87 5.55 6.59 9.71 11.64 13.71 10.42 11.25 21.51 8.74 17.25 21.87 11.27 11.27 31.48 13.98 7.84 4.98 3.49 4.2 13.11 31.67 26.84 5.8 8.15 10.75 8.61 18.24 17.29 7.53 4.25 4.87 5.67 5.93 5.5 3.86 6.27 10.13 9.07 11.63 6.96 5.18 3.58 5.59 4.37 14.77 19.92 14.03 13.45 15.7 7.75
3.22 5.74 2.8 6.26 4.52 5.28 10.22 9.15 10.68 16.33 12.09 2.92 5.41 10.8 10.85 7.55 10.06 12.11 13.34 15.46 13.68 12.57 9.19 19.99 19.42 16.26 16.78 13.68 13.62 5.07 6.33 3.81 4.15 9.85 21.97 22.05 5.83 6.73 12.59 13.18 10.55 18.61 5.17 4.71 2.69 3.67 3.76 4.24 8.35 6.53 9.12 8.44 11.35 6.49 7.73 4.21 5.15 5.77 12.58 27.96 17.46 10.01 23.54 14.19
3.68 5.59 3.31 4.91 2.97 7.46 3.94 7.25 13.95 8.05 4.14 3.69 4.13 8.67 11.43 10.01 12.43 6.76 22.04 19.35 14.12 14.18 8.87 13.33 17.16 15.52 12.13 11.59 6.25 5.87 9.7 7.46 3.94 4.82 9.44 11.72 6.21 4.63 9.63 13.65 11.92 5.62 7.36 5.36 2.48 2.41 1.88 2.86 4.97 5.13 8.68 8.09 9.61 8.22 6.06 5.46 3.65 3.87 13.45 17.42 12.77 19.19 17.66 16.96
4.24 7.12 6.36 7.72 5.39 3.59 3.46 4.24 7.45 5.72 3.26 3.48 3.47 6.17 10.71 8.64 12.15 5.26 5.98 19.49 12.41 12.8 11.16 14.13 10.15 14.98 11.38 15.97 10.43 6.95 6.77 6.21 7.66 4.62 4.0 6.5 3.91 5.04 10.48 6.89 9.49 12.46 4.43 6.53 4.42 3.04 3.18 2.72 4.29 5.96 11.81 9.54 6.69 4.36 5.57 6.33 6.45 5.7 6.02 8.69 10.19 22.26 17.82 13.32
5.71 4.27 7.95 7.67 5.97 3.36 3.72 3.34 3.99 5.11 3.7 7.38 4.06 8.96 11.75 10.89 13.71 9.96 7.39 6.99 12.64 10.55 4.91 9.33 11.6 8.13 6.09 16.02 13.17 10.57 4.82 6.97 6.93 17.05 9.79 5.24 3.32 3.48 5.81 9.72 11.64 16.76 5.41 8.54 7.55 10.41 4.25 5.28 5.35 6.14 9.22 6.3 11.57 5.38 3.97 4.1 6.12 7.73 3.93 3.7 7.48 8.77 8.89 10.87
4.56 5.22 5.14 9.08 6.37 2.95 3.11 3.31 4.14 4.05 3.78 4.41 7.12 10.87 7.18 10.65 27.27 20.57 17.7 11.17 7.92 12.94 10.2 8.33 7.66 9.58 6.87 11.31 17.57 19.85 9.3 9.42 7.24 10.83 10.59 10.66 2.97 2.27 4.79 4.75 6.15 13.68 14.21 12.87 10.77 10.36 10.41 7.25 6.51 4.83 3.84 11.35 13.43 6.82 4.24 3.95 2.57 7.89 4.73 4.7 4.92 6.3 8.4 7.48
5.44 5.77 6.19 5.58 10.73 5.2 5.05 3.11 3.34 3.5 4.97 4.58 8.66 11.14 8.26 8.91 9.2 12.5 10.2 13.07 12.27 8.7 9.44 13.87 8.33 14.37 19.58 8.02 12.45 17.72 16.39 12.19 8.59 6.75 12.79 6.7 6.39 5.08 5.38 3.62 4.91 7.28 13.87 12.1 6.16 5.95 5.17 6.21 5.94 9.66 7.75 6.87 4.05 7.55 4.43 6.0 1.99 3.27 4.23 8.52 6.53 3.32 13.35 10.87
9.93 4.6 11.05 7.52 10.3 12.3 9.86 3.2 4.53 4.75 5.09 7.71 7.01 8.74 10.29 14.97 12.23 9.77 6.61 14.17 13.53 9.1 15.84 10.36 13.86 10.2 12.19 8.27 9.71 5.64 9.33 8.6 9.22 5.69 5.52 6.55 6.67 9.73 2.27 3.41 4.63 9.0 12.01 11.53 5.84 7.82 4.41 8.95 10.29 9.83 9.16 4.88 4.07 4.12 4.58 4.58 3.01 2.95 3.07 6.08 8.88 4.21 4.68 9.33
8.9 12.03 13.82 11.07 8.16 13.33 6.53 3.56 4.95 7.69 12.34 8.92 8.58 4.15 6.4 10.26 17.85 7.81 7.06 13.75 16.06 8.45 19.49 12.58 13.62 14.81 15.27 10.3 8.98 7.69 5.05 5.47 6.54 6.09 4.53 11.2 5.9 5.94 2.5 5.71 4.81 5.61 6.17 6.07 4.03 5.04 6.25 10.7 8.17 9.36 4.11 7.71 11.17 6.67 5.86 2.88 3.65 3.53 2.58 3.73 9.68 4.3 8.1 8.16
9.62 16.28 30.33 24.41 7.52 10.51 5.34 3.77 4.15 6.57 13.94 8.76 13.85 5.7 6.44 7.68 13.16 9.45 10.32 10.82 8.46 5.45 17.12 18.63 7.49 10.31 10.72 8.01 8.61 7.59 6.56 3.78 4.69 4.39 9.07 11.03 10.02 8.85 3.22 8.03 6.67 8.38 5.54 4.59 3.76 7.96 9.86 11.73 4.15 5.37 5.33 6.12 6.6 7.95 4.51 2.47 1.82 4.46 2.38 3.3 4.21 5.45 11.61 11.34
12.14 6.15 21.47 14.78 6.52 9.58 6.42 4.95 4.08 4.25 7.95 10.31 12.47 11.83 10.32 6.77 11.64 8.78 6.02 8.04 6.55 4.44 11.27 15.85 8.79 8.3 13.5 15.9 8.15 6.88 8.45 3.32 5.07 3.3 6.81 7.55 10.87 10.01 3.05 4.04 7.91 7.52 5.83 5.13 6.19 6.25 5.63 10.2 4.47 3.76 6.8 8.14 6.88 7.66 5.69 3.23 2.96 6.55 3.4 3.38 2.07 6.33 5.33 10.15
10.88 3.94 16.65 14.07 7.21 4.0 5.75 3.2 5.88 6.01 5.69 6.93 11.58 7.26 10.06 6.97 7.1 6.9 3.25 6.64 8.13 3.96 5.83 5.43 6.99 13.82 12.93 16.75 3.75 2.67 8.25 3.96 7.46 4.74 6.72 7.46 12.09 7.63 5.65 4.44 7.63 3.84 7.43 6.39 8.07 3.15 3.18 4.4 6.91 5.1 12.67 19.28 6.49 5.84 5.33 6.84 5.5 4.48 2.43 6.19 5.26 9.17 9.99 13.57
10.72 4.91 13.54 20.5 14.76 3.56 3.17 4.45 3.72 4.42 5.88 4.4 9.76 8.64 8.12 7.3 8.13 5.48 4.29 6.57 6.97 5.29 11.12 3.62 6.89 15.95 11.29 11.67 6.53 2.81 5.61 4.43 9.53 6.23 5.91 5.59 6.2 6.47 7.86 5.01 6.02 6.59 8.89 10.46 9.0 3.7 4.03 4.65 3.28 5.86 7.69 14.66 10.3 5.95 9.0 7.36 5.92 4.28 2.89 4.41 7.21 16.16 15.66 9.63
5.34 8.38 13.4 11.68 11.64 7.38 3.53 5.46 3.4 2.58 3.04 7.58 5.48 4.94 4.59 6.35 5.13 7.5 5.84 2.36 7.05 6.3 12.65 7.12 14.14 9.83 14.43 7.27 8.87 8.09 5.9 7.03 7.84 8.3 4.22 8.93 6.47 9.81 5.75 6.14 7.43 10.37 5.78 5.5 9.5 6.41 5.69 4.2 4.0 8.88 6.3 9.47 12.6 3.88 11.27 5.15 4.55 4.7 3.47 4.27 4.96 10.04 12.18 10.11
12.83 9.64 8.55 18.82 5.68 7.31 6.72 4.41 4.5 2.07 4.76 6.22 6.16 5.95 5.41 7.19 4.59 12.01 7.8 5.47 5.46 4.46 4.51 9.74 19.18 17.51 14.21 8.58 13.29 10.39 12.22 11.51 6.85 5.72 5.77 7.05 7.36 9.12 4.94 4.93 7.03 10.84 14.28 4.73 7.96 4.98 7.08 8.1 9.46 7.12 3.99 5.13 6.65 3.74 6.76 7.07 5.11 5.66 5.11 8.21 4.59 5.29 9.48 8.98
7.77 6.07 7.23 11.07 9.44 6.45 5.37 3.58 4.48 3.29 8.32 9.29 6.29 4.48 5.39 6.76 5.81 7.0 6.55 13.35 5.41 7.0 5.84 5.17 15.54 27.43 14.89 12.05 13.11 8.22 14.84 14.15 10.91 3.87 5.43 5.72 6.26 7.83 7.33 3.66 8.04 12.26 16.43 7.44 8.39 5.89 6.47 7.58 5.06 5.76 4.75 3.06 5.99 3.73 4.42 9.77 7.88 8.13 12.63 11.72 3.79 3.82 5.52 5.3
3.48 8.43 8.36 12.16 14.75 8.09 4.64 3.44 7.16 5.96 9.45 10.95 10.3 5.01 5.28 8.19 7.27 4.42 2.85 3.66 4.01 4.93 8.29 5.53 5.47 17.06 19.77 14.14 7.86 6.69 9.23 10.67 16.87 6.25 3.42 4.18 3.6 4.18 4.83 6.73 12.91 13.12 7.97 4.89 12.09 8.19 5.92 4.09 6.12 5.98 7.34 5.83 8.24 4.11 9.64 7.4 7.88 11.64 12.58 7.89 4.73 5.46 3.86 3.4
4.11 4.49 5.17 3.33 5.26 7.25 3.02 4.26 6.5 6.53 12.04 18.24 15.44 9.92 6.09 9.72 9.23 8.37 3.04 1.43 2.27 3.98 8.6 6.3 4.6 10.32 19.31 20.33 7.45 4.92 5.39 9.87 9.79 7.8 4.78 3.29 5.97 5.95 6.55 10.61 14.59 8.54 8.25 4.86 11.33 3.86 5.95 3.87 1.98 5.4 7.66 7.84 12.59 6.67 8.41 14.71 5.53 7.34 8.58 5.38 2.36 2.13 3.04 5.33
4.94 4.12 4.45 2.46 2.78 7.55 3.89 3.44 3.56 4.11 6.77 9.94 9.03 6.58 4.7 8.05 5.81 5.76 9.78 3.26 1.9 6.71 5.55 3.93 3.75 8.02 11.3 16.29 9.13 8.28 5.1 9.13 13.15 4.26 5.86 4.65 3.5 5.26 6.86 7.44 8.06 6.22 8.62 7.08 5.83 8.44 10.82 7.18 2.28 4.39 9.57 12.78 11.5 8.14 8.04 11.04 6.78 6.81 4.71 2.94 1.73 1.98 1.92 8.11
2.88 5.21 3.99 5.2 2.9 3.95 4.39 4.15 3.85 3.59 4.11 8.79 11.5 10.8 8.5 10.49 5.75 7.92 11.73 7.03 4.1 2.23 4.38 3.61 6.7 16.29 11.08 14.7 7.54 15.38 10.54 19.86 18.21 5.09 2.32 4.89 2.66 3.38 7.09 10.46 8.42 4.6 9.55 7.76 7.44 7.03 7.27 4.91 5.97 7.59 5.97 9.79 17.23 10.76 8.08 6.29 8.28 8.71 5.78 1.47 1.86 3.27 2.26 7.24
2.45 4.14 5.24 4.31 2.77 4.24 2.91 7.91 5.03 4.55 4.79 6.81 8.2 7.77 9.59 11.99 9.52 20.93 9.14 9.34 14.59 6.55 5.88 3.78 8.85 6.63 15.92 16.12 7.24 5.36 10.64 15.62 22.18 6.88 2.95 3.61 2.03 2.96 4.15 6.17 8.83 7.18 6.46 14.11 12.33 7.21 5.6 5.56 9.7 9.78 13.78 8.52 15.07 11.9 8.86 6.63 8.73 8.11 6.24 2.26 2.47 2.25 2.15 5.2
6.88 3.96 4.39 4.79 3.41 5.15 6.94 3.26 3.25 12.74 6.3 6.13 4.99 4.53 5.02 12.11 12.56 14.97 10.94 7.65 17.4 7.74 11.28 4.66 7.96 6.0 12.66 22.21 13.68 6.29 11.04 11.7 16.8 11.75 4.76 2.77 2.27 3.28 3.35 3.59 4.0 5.48 5.51 9.68 6.87 8.79 5.06 3.8 3.83 9.47 10.02 13.99 13.39 9.21 19.66 10.06 8.3 6.24 5.7 2.72 3.67 1.98 4.88 5.1
6.38 5.74 4.27 3.41 5.69 8.31 11.3 5.94 5.76 4.33 6.85 3.54 7.18 4.94 3.92 6.62 7.36 15.4 9.46 9.98 12.18 7.41 9.28 9.39 6.32 9.86 12.01 21.75 14.51 12.57 9.76 10.3 7.05 8.96 6.36 4.51 8.04 7.71 5.68 4.97 5.11 5.64 4.95 5.2 6.71 5.75 7.77 6.2 4.96 6.34 6.22 7.31 10.95 11.74 8.8 6.62 3.63 3.2 1.92 1.93 3.72 4.43 4.06 7.32
5.79 6.04 4.24 4.06 5.09 9.91 10.17 12.7 7.89 4.1 3.85 3.75 6.4 4.03 4.92 3.76 4.68 10.83 10.54 14.02 13.15 7.27 5.67 11.06 6.75 12.47 10.5 12.15 9.63 14.29 13.36 8.37 5.92 5.3 4.59 5.34 6.63 6.34 5.12 3.01 5.37 4.49 4.47 4.48 7.45 8.15 11.22 9.95 9.9 6.74 5.84 12.84 6.5 10.74 6.91 6.4 2.55 4.81 3.05 3.93 4.57 3.71 2.1 4.16
6.98 7.62 6.12 4.41 4.12 8.6 9.57 20.76 9.92 8.93 3.97 4.21 3.23 2.57 6.0 4.4 3.53 6.99 9.18 11.31 25.77 8.33 7.73 12.76 12.83 15.44 8.09 13.81 9.59 5.06 13.74 7.75 5.53 7.1 5.58 3.15 6.91 8.65 3.5 4.95 4.03 7.99 7.6 6.78 6.26 8.36 10.64 10.5 6.42 8.1 5.91 6.83 8.68 9.38 6.91 5.0 2.85 3.09 7.36 8.42 3.79 3.66 4.99 7.77
6.52 3.94 6.16 6.46 12.94 23.05 15.54 26.03 9.92 5.56 7.45 3.31 1.73 1.7 2.71 5.23 6.36 7.02 7.41 11.41 14.32 12.53 9.6 10.4 15.5 7.88 7.53 10.54 7.48 4.22 4.66 5.3 6.42 6.62 7.07 4.95 7.07 4.35 5.02 4.61 3.54 11.82 11.93 7.02 12.7 11.92 12.05 18.87 10.12 9.49 6.1 6.84 10.5 8.33 4.41 2.52 4.07 5.97 6.68 5.13 11.22 4.88 6.91 10.45
6.84 4.12 3.86 5.45 17.39 23.87 21.96 26.67 9.26 7.05 4.53 3.76 1.77 1.29 1.99 4.37 8.69 6.11 8.05 6.89 11.79 13.47 14.85 11.04 17.56 7.03 7.62 8.08 6.25 4.76 4.91 4.43 5.78 10.25 17.46 9.09 6.34 5.48 4.39 7.52 6.37 5.26 9.0 10.51 18.44 16.33 17.36 15.03 12.43 12.54 7.97 10.18 8.61 6.71 6.16 3.54 4.58 7.23 5.64 5.99 7.84 7.98 5.91 6.3
8.0 5.07 6.26 8.46 9.88 25.36 21.13 22.29 11.47 11.33 5.59 4.37 4.14 3.75 2.65 2.35 7.8 10.46 11.85 11.01 20.54 10.93 25.32 17.45 15.22 6.83 7.42 11.55 5.81 7.57 5.27 6.99 5.09 13.07 13.89 5.86 10.63 9.6 6.52 13.22 7.69 8.59 10.91 13.8 21.61 21.8 19.57 16.12 8.58 10.78 14.98 18.3 10.19 13.11 13.4 5.67 6.21 4.28 6.1 7.82 6.39 6.41 5.2 5.35
3.5 3.4 7.27 6.8 6.94 10.16 14.22 11.25 9.03 9.33 5.04 5.35 3.82 5.37 5.27 4.89 3.39 9.62 8.05 29.1 23.16 29.77 18.4 17.37 20.74 7.06 6.64 13.17 6.34 5.8 9.06 7.01 5.57 6.45 7.02 4.75 12.35 7.6 6.35 10.23 9.53 9.87 19.58 15.57 16.61 26.19 15.45 13.13 8.55 9.58 15.83 24.63 10.22 12.37 7.61 5.57 8.17 4.36 3.91 5.19 8.97 8.38 4.84 3.98
1.83 2.74 8.3 12.96 7.74 6.37 10.26 13.41 8.14 11.1 3.97 3.38 4.14 3.83 6.72 7.39 4.84 4.3 5.57 30.5 12.28 21.43 19.93 15.77 18.67 13.87 4.78 7.06 7.54 4.39 8.13 6.06 9.22 5.06 6.49 4.05 9.15 10.09 8.64 8.08 4.86 7.26 18.59 17.78 21.03 18.98 19.62 17.35 9.6 8.17 14.36 23.51 15.21 11.2 6.65 8.3 10.1 3.29 3.34 4.9 6.16 11.85 4.99 2.41
2.56 4.9 6.1 7.17 5.45 4.6 5.57 7.0 4.38 3.68 5.02 3.71 5.57 3.4 5.43 3.82 10.33 6.75 8.92 16.51 19.31 15.11 14.03 16.04 20.86 8.47 3.53 5.85 3.4 9.32 4.63 3.82 3.76 8.62 5.69 5.8 10.37 10.71 11.16 6.13 5.3 8.25 14.16 12.91 24.94 13.47 16.64 13.59 19.46 8.45 11.36 9.67 8.89 8.71 12.52 9.48 9.81 5.23 5.98 6.27 4.8 9.47 9.12 4.68
3.67 5.38 4.28 7.6 7.49 5.37 4.38 7.0 4.88 2.23 2.08 2.19 7.03 3.16 3.43 3.03 4.8 9.03 13.62 21.55 18.97 21.39 14.08 22.77 16.45 10.5 4.79 5.59 7.24 7.47 7.73 6.46 6.08 13.02 7.55 9.09 16.18 11.35 8.34 6.45 7.65 7.95 9.58 10.4 23.61 21.73 20.33 20.96 34.93 17.34 7.33 4.54 6.12 6.78 8.21 5.44 10.68 6.2 9.3 11.51 5.2 6.53 9.42 3.86
5.56 4.4 6.32 11.62 10.57 9.97 5.26 7.02 5.68 4.07 1.6 2.84 5.97 9.53 5.6 10.12 6.24 8.11 21.1 34.53 9.78 15.88 32.61 21.24 13.51 15.2 6.97 4.43 9.69 12.83 13.45 10.2 14.84 13.58 9.82 12.47 22.84 14.17 11.68 11.67 7.98 12.78 10.33 13.02 15.52 15.07 16.48 24.86 19.88 19.27 8.72 5.38 7.93 11.48 5.62 11.33 10.51 5.22 8.42 10.33 10.48 7.99 8.33 5.16
3.82 7.14 8.32 10.93 10.94 7.21 3.67 3.58 3.2 2.85 1.92 2.6 6.51 8.39 6.9 9.56 6.09 9.62 19.87 18.83 8.95 27.79 38.41 39.1 9.89 19.28 9.83 5.21 4.16 17.01 14.43 11.8 13.55 12.5 9.2 9.94 14.52 8.75 10.25 12.25 13.78 11.6 10.89 16.15 9.57 10.96 14.53 12.4 6.71 11.16 13.34 7.74 11.86 11.61 6.11 10.56 4.53 3.7 5.2 6.86 9.61 6.25 4.08 7.24
7.77 6.14 6.43 9.7 13.08 5.63 4.28 3.14 4.54 3.38 2.46 2.76 5.28 8.12 6.57 7.28 5.79 9.7 8.0 10.17 8.5 21.47 46.66 50.92 10.57 10.64 12.75 6.49 10.64 18.59 11.13 10.8 13.81 8.08 5.8 12.08 8.69 8.45 11.06 12.27 9.36 7.07 8.95 13.57 10.61 6.0 5.52 6.24 7.83 6.6 9.69 10.98 15.93 24.63 12.81 6.15 6.09 3.01 4.53 5.33 4.94 4.3 3.78 6.22
13.03 6.1 6.25 7.59 7.13 6.7 7.59 3.79 2.04 2.18 2.45 3.67 7.65 4.35 4.48 7.88 7.51 9.06 14.83 6.03 14.28 14.13 22.64 22.4 9.81 6.23 11.16 9.68 20.27 12.95 12.95 10.47 7.88 9.1 4.13 5.85 9.63 5.8 6.97 18.04 8.39 13.08 6.36 10.4 6.3 6.55 9.73 4.66 5.89 7.99 9.12 10.13 28.64 14.01 11.14 7.37 4.96 1.84 1.69 2.06 2.64 2.33 3.2 10.73
14.25 7.01 11.51 9.46 5.96 5.52 6.44 3.07 2.23 2.09 5.25 3.77 6.8 7.37 4.85 10.27 11.91 9.22 18.61 11.53 14.78 15.5 14.0 12.94 7.42 7.63 10.5 7.88 27.64 35.92 8.55 20.46 6.9 7.64 6.23 3.01 2.83 4.15 7.5 6.84 13.04 7.61 7.08 6.19 6.95 6.51 4.54 6.02 4.43 5.78 9.33 14.2 10.53 21.11 18.12 12.74 8.28 4.78 1.97 0.95 1.3 2.57 3.01 11.25
7.9 11.85 16.52 12.52 7.59 4.55 4.83 2.57 3.36 2.45 3.94 5.56 5.17 7.58 8.06 4.96 10.73 17.09 5.45 17.42 17.02 17.04 13.47 9.93 4.12 8.0 17.38 12.93 20.39 32.54 27.5 19.04 13.02 6.65 3.81 3.4 4.72 5.2 11.49 12.55 9.86 7.45 5.29 8.29 8.27 5.02 2.26 3.48 4.46 5.1 8.54 10.38 7.02 17.33 24.37 21.39 11.2 6.91 4.26 1.32 1.76 4.36 5.78 11.75
8.02 6.36 13.34 23.87 14.02 6.67 3.22 2.87 3.23 4.39 3.53 4.89 4.91 5.84 9.68 6.02 8.59 8.3 12.75 7.97 9.49 11.24 8.38 3.55 3.05 2.09 8.44 15.19 19.87 20.31 20.52 24.12 11.33 4.97 3.16 4.56 6.11 10.41 5.5 11.29 9.26 13.26 10.13 14.07 5.71 6.1 4.92 3.79 6.04 5.42 11.43 8.91 11.48 12.91 27.03 35.41 16.48 8.46 6.63 2.49 2.8 5.1 6.15 12.6
6.74 8.94 6.28 14.02 14.41 6.89 5.32 2.96 3.55 4.48 3.51 5.78 7.03 5.63 23.62 6.27 6.44 9.3 17.57 18.67 12.83 9.55 9.77 3.65 3.27 3.55 2.95 5.15 20.09 19.02 12.72 16.2 15.6 6.23 6.05 10.53 11.53 7.75 9.32 6.7 10.29 14.39 5.78 8.53 7.56 8.98 9.22 6.36 7.42 8.22 7.0 13.51 19.01 28.2 47.47 30.25 26.13 18.69 7.59 5.87 4.99 6.82 12.43 13.05
4.01 11.92 11.87 9.07 12.0 5.9 5.0 4.78 3.02 2.94 3.95 5.68 7.99 10.28 17.46 9.73 8.83 17.2 15.23 14.54 12.74 7.71 5.21 6.77 4.16 3.74 3.26 1.8 13.55 16.72 22.22 18.05 19.83 6.33 14.75 11.93 15.53 7.2 8.36 8.54 16.5 15.6 6.35 4.17 13.5 15.05 9.75 11.55 8.47 4.97 3.6 10.65 12.92 26.42 19.8 20.08 13.89 24.3 8.8 3.54 6.78 6.63 11.36 9.76
6.93 3.55 4.04 4.9 7.68 4.21 5.13 4.94 5.13 6.22 5.86 10.39 6.51 11.04 30.62 14.3 14.73 26.05 12.0 13.39 14.23 6.06 5.28 6.01 9.19 5.34 3.86 3.16 5.76 12.15 19.98 14.21 8.6 5.89 13.85 10.98 7.75 10.06 7.97 8.62 13.71 11.19 7.56 4.26 7.02 18.13 8.76 6.49 11.69 4.11 5.71 5.95 9.09 13.33 17.77 9.29 5.87 10.14 7.19 5.99 1.67 4.8 9.08 14.14
4.58 4.12 4.15 2.92 5.23 4.37 4.89 6.14 9.6 9.22 7.38 13.72 10.75 6.22 21.33 17.16 10.08 16.93 12.85 11.15 12.66 9.75 8.41 4.13 5.01 7.11 3.31 4.51 5.65 9.29 13.57 18.52 6.87 7.46 9.79 15.76 15.88 14.79 7.71 4.3 5.12 9.73 7.95 3.66 5.62 12.83 7.89 7.66 8.61 7.99 11.1 8.49 10.01 8.75 11.78 6.81 7.88 8.29 9.19 4.75 2.83 4.82 10.49 14.84
5.64 5.78 2.62 4.94 6.03 4.82 2.7 2.96 5.04 7.97 13.0 13.22 13.18 12.86 11.72 19.96 13.37 9.29 11.59 17.34 12.37 6.53 8.88 4.8 5.05 4.66 4.19 2.88 8.53 8.58 8.44 9.94 9.51 5.34 9.8 14.14 7.17 9.36 5.39 6.77 7.25 12.19 8.1 11.41 7.36 4.86 5.19 8.22 8.26 5.49 5.84 7.34 16.37 8.05 13.42 8.0 15.25 14.71 6.9 5.46 9.09 5.11 7.3 8.01
7.12 5.49 5.29 3.97 6.15 8.16 2.37 3.13 5.82 6.48 9.51 15.34 8.86 9.34 12.18 16.03 9.89 12.46 12.38 6.87 14.54 6.04 5.12 7.24 5.85 4.26 5.42 4.31 10.58 14.45 13.0 14.13 9.34 8.92 14.07 8.05 8.74 6.17 7.48 12.36 6.07 6.74 14.8 9.06 9.1 5.76 5.89 7.68 10.03 6.78 12.45 9.55 15.85 10.86 10.82 14.28 12.71 13.03 8.52 12.89 11.57 7.86 4.14 7.17
8.52 4.24 9.61 5.01 5.35 4.15 5.02 2.16 8.16 7.87 9.22 12.98 9.89 27.89 14.57 27.54 11.24 11.32 11.52 8.94 3.61 5.9 3.53 4.58 6.33 6.8 3.95 4.26 8.42 17.29 19.78 11.81 9.67 7.46 7.91 7.79 8.59 7.92 12.67 6.27 7.42 5.5 21.89 3.97 5.01 5.8 7.8 6.25 6.52 9.42 9.25 6.17 6.78 17.36 8.2 17.1 11.67 11.59 16.05 11.52 15.03 9.26 5.33 4.96
2.68 5.96 6.53 6.93 7.36 5.86 5.32 4.45 5.92 8.83 16.87 10.18 8.17 11.9 12.99 24.84 14.03 7.87 6.63 13.36 6.73 7.11 4.06 12.96 15.01 12.06 3.6 2.83 7.18 11.22 15.62 9.98 10.26 6.14 9.28 8.33 6.2 9.47 7.39 6.42 7.45 4.72 4.66 5.31 5.67 4.99 6.42 7.45 6.93 10.12 9.93 3.77 4.63 10.88 7.75 15.47 15.36 8.31 10.12 5.63 13.81 6.18 5.66 4.39
2.47 4.26 6.34 15.31 8.09 9.96 7.28 12.01 10.35 14.17 12.87 15.17 7.65 9.87 7.7 12.17 22.59 6.04 8.41 8.59 9.73 5.42 4.83 15.36 14.07 6.07 4.49 5.56 8.21 12.29 8.99 9.41 9.56 16.79 9.2 13.06 5.78 10.86 7.99 7.0 6.62 5.12 3.78 7.88 8.38 5.98 8.91 8.81 10.24 7.55 12.62 9.21 5.8 7.63 11.37 12.85 11.5 14.34 7.24 9.56 16.53 15.31 6.88 4.86
2.76 6.78 3.16 14.56 11.44 8.47 5.04 10.84 9.48 21.79 17.98 10.25 8.0 11.29 7.58 13.27 17.81 11.39 10.17 5.22 10.55 6.51 4.67 19.44 10.63 12.08 7.8 5.86 7.75 12.15 7.97 5.41 4.92 15.44 11.98 12.31 10.44 10.28 9.24 6.29 8.09 4.98 4.09 7.62 11.66 11.15 11.91 5.1 5.95 13.42 9.27 4.4 7.83 9.94 13.28 8.26 5.38 7.97 7.47 12.09 8.67 10.25 11.61 7.42
4.93 5.54 5.75 10.1 11.22 6.38 5.12 4.09 11.1 10.51 8.86 5.84 7.42 19.2 13.05 11.29 6.24 7.75 10.1 5.03 5.41 9.95 7.27 15.7 10.72 11.29 7.05 6.22 9.21 9.21 6.66 7.52 7.19 13.8 15.3 14.79 15.94 13.15 6.23 4.49 8.66 7.11 6.69 6.73 11.64 14.05 14.91 7.07 7.28 6.37 7.91 2.54 5.91 8.81 6.56 6.63 13.48 10.23 7.41 9.25 11.0 10.0 8.42 9.57
5.13 6.75 7.63 4.99 11.57 4.14 8.27 4.81 7.2 7.78 8.72 8.92 10.11 18.7 14.26 8.26 4.03 2.44 6.43 6.69 4.86 4.15 8.26 21.88 19.47 19.61 5.18 6.81 5.76 8.63 10.8 7.81 4.53 9.61 6.34 11.91 8.98 7.63 9.08 5.81 9.09 11.22 11.82 9.45 4.89 4.78 5.99 7.9 4.29 4.2 4.79 4.24 7.7 2.68 3.62 4.56 8.34 11.23 8.93 8.41 10.7 11.85 8.8 14.11
3.33 6.93 6.85 8.72 13.12 4.83 7.31 12.89 9.1 9.13 13.45 10.49 9.09 15.1 5.42 6.31 4.73 5.56 4.87 6.2 8.49 6.14 9.29 21.92 17.21 8.49 11.09 5.81 3.54 6.86 10.19 7.74 4.41 9.33 8.15 9.22 4.94 7.74 7.28 12.19 13.53 11.73 11.01 5.92 4.78 5.6 4.49 12.75 4.38 5.98 3.75 6.2 6.89 8.4 3.33 4.0 5.32 5.86 7.22 7.3 10.78 5.45 18.09 12.21
5.4 7.19 6.81 14.57 17.11 9.72 8.23 8.95 8.67 15.77 9.83 10.45 9.67 6.79 4.15 4.34 3.59 5.66 6.43 9.08 7.24 20.3 17.77 22.39 19.33 8.98 7.53 7.14 6.1 3.63 8.92 5.87 10.15 14.62 12.3 9.66 8.36 11.11 8.78 15.4 14.06 9.81 6.02 7.02 6.28 9.31 4.67 10.13 10.05 8.65 3.43 5.6 8.63 11.78 5.26 5.79 5.91 10.06 6.44 5.02 5.49 7.83 12.25 15.84
7.57 9.4 9.64 6.83 24.18 18.73 16.61 15.98 12.5 14.35 14.14 4.87 6.32 3.25 2.89 4.65 2.42 3.75 5.91 6.65 7.79 10.23 12.68 20.51 12.11 9.39 7.29 6.85 4.99 4.42 5.22 7.61 13.12 24.32 15.9 12.64 13.55 15.6 10.82 14.9 25.53 7.61 5.94 6.38 6.69 5.54 7.59 9.06 8.32 10.36 5.59 4.63 3.73 5.58 4.91 7.07 3.64 5.93 3.21 4.55 3.34 6.09 8.22 9.11
7.59 8.18 8.02 10.86 8.83 10.77 13.19 15.54 12.7 12.9 19.43 5.02 5.17 3.4 5.31 2.76 3.57 5.21 9.31 6.68 7.02 5.21 9.79 8.08 8.45 6.14 8.98 8.2 3.99 5.84 4.32 7.0 9.65 12.64 9.95 10.29 6.94 19.89 16.16 14.41 11.04 6.18 8.44 6.5 6.18 5.82 5.0 9.43 12.19 6.18 8.76 5.74 3.1 5.76 4.85 3.96 6.42 6.4 6.75 3.81 3.35 4.58 10.85 3.97
6.7 9.31 8.14 11.5 8.49 12.0 8.46 18.32 9.84 12.98 12.92 9.24 5.3 4.21 10.38 3.67 3.37 3.78 9.4 3.51 8.92 8.68 12.32 3.74 9.13 5.89 10.24 9.81 4.56 3.44 5.61 7.16 8.58 6.58 5.18 15.17 12.08 14.78 11.15 20.8 6.48 4.92 4.44 4.61 2.79 4.38 2.46 3.17 6.59 6.34 4.39 3.85 9.21 4.39 5.26 8.0 8.02 6.69 7.43 6.52 3.72 3.8 8.23 3.46
7.01 6.65 10.01 12.01 14.94 22.61 14.75 16.33 13.73 11.05 5.13 8.06 5.18 4.99 9.22 11.79 6.78 7.1 10.29 4.58 7.52 8.26 11.32 5.07 8.39 6.12 5.05 6.83 5.47 4.36 2.02 4.82 10.8 4.77 6.83 9.85 14.04 13.75 13.19 20.86 13.15 6.24 4.43 3.8 2.56 7.29 3.12 5.26 5.0 4.11 3.19 6.74 10.14 8.86 7.89 8.17 10.75 7.65 4.72 7.89 2.96 4.01 4.72 7.04
