5.69 5.18 6.3 12.39 16.37 10.12 12.63 7.58 12.27 14.8 17.07 14.08 18.41 12.72 10.45 12.89 9.52 18.84 17.33 10.44 13.75 13.33 42.75 29.3 13.23 10.37 6.5 5.91 7.81 7.04 10.58 14.9 7.42 3.69 10.07 14.22 9.24 7.55 10.68 9.38 9.08 5.89 6.31 5.9 5.21 4.27 5.11 5.61 6.35 8.31 6.61 5.48 6.94 13.15 8.38 7.43 5.62 5.76 7.22 7.54 6.3 8.53 13.37 7.89
11.89 7.81 5.1 15.88 11.35 23.42 13.35 4.51 12.06 28.14 23.38 22.9 23.37 15.18 6.48 6.59 8.14 12.65 18.71 16.53 17.87 22.41 23.93 12.6 13.0 12.79 5.68 7.6 9.05 9.04 21.46 15.69 9.76 6.37 12.83 7.16 3.97 4.94 8.42 14.17 11.21 5.98 6.19 5.1 2.73 3.62 2.69 6.74 9.18 6.73 5.04 4.68 8.93 12.08 21.17 9.71 4.43 3.94 4.35 4.66 10.29 11.36 23.73 12.16
21.8 18.62 10.77 7.96 9.37 8.34 7.2 5.58 13.12 13.43 14.2 12.72 16.49 6.79 6.85 8.5 14.23 12.48 15.51 17.17 18.68 13.51 14.06 11.87 7.74 8.45 9.47 10.07 22.56 25.42 21.02 15.68 9.93 8.65 16.04 3.01 4.03 5.4 5.78 9.11 9.98 6.89 7.7 2.66 2.33 3.95 3.42 6.17 3.79 5.41 5.97 12.01 10.68 18.6 14.43 10.43 5.66 4.45 5.03 7.1 9.5 10.99 19.3 9.49
15.78 17.18 23.91 13.69 9.05 9.18 9.37 4.4 10.6 7.95 6.91 13.25 15.77 4.79 8.86 12.87 11.12 15.33 10.92 16.88 12.26 8.45 5.47 6.51 16.69 11.36 8.45 25.76 23.75 25.27 19.92 10.67 9.08 11.97 12.36 4.29 8.29 3.31 4.23 12.58 8.46 7.34 4.46 2.49 3.07 7.21 7.02 4.74 1.93 5.17 7.52 12.51 17.21 11.64 7.19 4.08 6.23 7.32 6.74 11.81 11.32 6.81 9.02 7.91
5.86 21.01 31.55 28.37 11.97 11.07 6.36 5.52 4.48 6.2 8.31 18.44 6.02 4.91 5.72 9.34 13.34 16.89 13.37 11.87 12.94 3.55 2.79 4.99 11.59 8.26 17.1 23.12 27.48 27.47 10.07 8.76 13.95 12.95 15.3 9.62 8.42 3.85 4.24 14.34 10.14 6.92 4.38 2.67 4.16 8.2 8.44 5.38 6.57 9.77 7.56 13.31 20.74 10.48 7.32 6.41 9.62 6.69 5.31 10.74 15.3 9.05 4.91 7.14
6.25 15.86 38.38 25.71 36.18 14.5 3.92 1.6 4.25 4.1 12.12 19.53 12.3 8.61 16.01 10.39 14.54 12.52 17.01 18.55 17.98 6.77 5.05 9.04 6.96 5.63 10.74 18.72 15.98 14.21 8.86 9.23 8.72 6.53 7.17 15.13 21.78 6.27 7.42 14.1 7.25 8.01 3.51 4.13 7.94 8.71 12.79 11.29 13.61 14.34 10.39 15.85 13.04 6.9 5.83 12.67 10.84 8.67 4.18 13.11 15.05 12.96 6.77 8.02
4.77 14.53 20.52 19.54 21.0 5.91 2.63 2.92 3.22 4.63 9.4 15.15 25.36 14.38 14.64 6.93 7.46 18.01 18.87 19.95 9.24 7.8 6.93 10.37 6.55 10.59 16.56 17.63 12.03 10.06 7.81 15.59 13.33 7.0 13.36 16.14 9.65 5.67 6.65 11.81 12.25 7.26 3.48 5.95 6.99 12.09 17.95 24.98 25.39 35.91 11.09 11.47 6.1 9.0 13.0 12.65 14.4 9.35 6.73 6.52 13.88 12.89 10.25 9.86
4.47 16.72 15.26 14.41 19.95 6.57 2.97 4.09 3.6 6.43 6.92 6.7 10.87 21.4 20.42 8.68 4.57 12.79 13.8 14.74 10.69 7.04 8.01 8.66 9.66 7.0 16.15 17.6 14.31 9.65 9.97 9.41 18.76 10.53 26.45 22.67 16.17 11.15 15.3 9.45 4.89 7.3 5.31 6.63 7.15 11.46 16.72 21.78 27.56 44.07 18.2 10.98 11.94 12.77 13.49 16.2 16.27 22.63 9.86 6.25 10.83 10.76 10.77 13.9
4.85 9.67 19.06 18.35 40.18 4.67 4.25 2.93 6.98 7.8 7.34 3.14 8.21 28.05 13.04 4.45 7.06 8.5 6.83 12.59 6.84 12.89 11.94 8.44 5.85 6.11 10.05 17.4 10.53 8.36 10.06 20.14 24.08 18.56 17.88 18.23 19.82 20.99 15.57 5.83 4.85 10.72 6.06 5.95 9.92 14.04 9.21 10.1 16.22 19.37 14.05 17.78 12.62 20.74 23.54 16.43 31.42 37.9 10.68 9.71 9.8 8.79 12.03 17.11
5.93 9.71 13.44 23.09 39.16 7.59 9.7 6.31 4.99 18.49 6.59 7.98 9.84 10.26 6.49 9.53 12.87 11.45 5.02 8.09 6.16 7.45 3.9 4.59 4.62 8.97 18.03 10.9 8.7 8.86 10.69 27.67 28.44 12.89 17.04 24.54 16.39 18.74 7.04 7.19 9.08 15.46 8.31 11.41 12.06 9.07 16.07 14.51 10.61 5.84 10.33 14.62 16.78 28.12 30.1 18.31 25.72 17.73 6.78 5.79 13.1 17.85 21.25 13.25
12.02 8.98 15.88 20.46 20.92 7.31 9.94 9.72 5.98 17.21 12.4 12.9 11.57 7.31 4.37 15.74 18.38 10.61 7.57 7.24 3.49 4.37 4.8 2.67 3.79 3.72 10.38 8.09 12.59 10.11 17.59 17.85 20.74 10.72 10.48 24.99 11.54 8.51 4.31 6.29 5.78 12.11 12.56 21.52 20.73 13.68 11.68 18.42 5.44 5.17 10.67 15.25 20.6 34.49 38.24 15.8 21.44 18.66 13.87 20.18 19.13 14.74 10.81 16.77
5.36 4.57 10.77 13.71 17.15 17.93 19.84 9.11 11.53 9.62 12.95 12.76 10.49 6.12 11.73 23.37 20.53 12.5 9.76 10.0 6.94 7.88 8.17 5.26 1.83 6.51 6.24 10.88 8.78 8.1 17.28 22.22 8.82 6.39 8.88 11.0 5.2 6.53 6.74 9.07 9.68 8.08 15.2 18.58 13.88 9.73 14.86 13.41 7.26 11.38 8.03 9.31 16.22 39.24 19.16 16.27 20.76 24.86 21.04 22.12 10.04 13.55 15.2 9.82
3.2 8.86 9.98 7.1 6.6 11.1 16.64 9.39 11.96 17.8 9.28 12.12 7.78 9.77 26.49 25.12 14.92 19.16 11.64 9.57 8.74 7.58 6.24 3.16 2.47 6.9 6.01 8.38 8.21 11.28 13.53 12.38 10.46 7.28 9.93 9.06 4.67 4.38 6.31 8.14 15.57 7.86 11.05 9.7 7.27 8.66 10.74 8.71 10.87 11.38 8.72 9.31 9.77 14.54 20.58 14.59 31.22 26.1 18.4 14.24 17.08 11.29 14.6 10.13
9.58 11.74 6.85 2.79 6.32 10.48 10.49 11.69 6.4 12.64 10.13 7.6 7.72 14.19 15.32 13.46 14.09 14.05 13.45 16.9 7.83 11.23 4.27 1.78 3.06 4.63 4.14 6.6 8.77 8.18 14.1 10.21 8.62 4.44 9.44 9.33 7.2 7.79 5.68 12.34 22.49 17.98 11.95 9.52 5.68 11.66 12.25 8.63 7.0 14.38 6.58 8.89 12.52 12.92 5.54 9.85 12.55 12.5 26.56 9.69 12.66 11.1 10.95 8.83
10.52 6.1 10.16 4.79 5.96 11.15 12.07 7.17 10.2 6.79 4.95 8.96 12.78 8.69 12.9 9.14 10.22 20.35 6.58 9.09 8.89 7.29 2.47 4.29 4.86 6.06 3.34 5.19 3.42 4.66 5.24 8.85 5.9 9.73 6.3 6.55 7.1 4.38 7.03 16.76 23.82 17.44 16.03 7.01 5.23 7.01 8.53 8.43 10.18 5.66 5.79 11.92 16.77 11.42 6.1 3.51 3.69 8.97 12.52 9.61 9.68 11.67 7.97 7.95
8.67 7.93 6.32 7.15 5.41 8.11 13.05 8.7 5.21 5.43 5.7 7.73 8.71 5.25 6.65 11.68 11.56 7.9 9.14 10.66 5.7 6.94 7.31 7.44 7.68 5.66 3.7 2.97 4.43 4.19 6.18 5.28 6.31 10.05 6.29 7.98 9.36 12.89 9.51 8.95 17.42 17.71 9.88 7.32 3.21 4.66 9.37 11.41 10.97 4.73 6.78 11.76 18.55 5.51 5.8 4.59 5.06 5.22 5.29 2.37 5.33 8.17 3.43 2.68
6.5 9.06 7.73 5.51 4.95 13.0 6.63 7.32 6.4 2.37 2.37 6.9 3.99 6.69 7.28 4.61 5.9 7.6 9.9 5.65 7.65 5.09 6.76 10.11 6.75 2.86 3.89 4.1 5.1 8.21 5.74 1.77 3.67 6.86 4.66 11.23 11.37 4.2 8.18 11.14 12.32 10.97 9.44 5.79 2.89 7.92 7.76 15.64 12.64 6.04 10.18 10.4 10.38 6.75 7.19 9.04 5.07 7.9 3.64 1.98 5.31 5.8 2.64 2.56
7.52 9.75 6.79 6.35 5.93 9.43 8.61 9.45 4.28 3.43 4.44 1.57 2.2 5.59 3.71 3.49 5.62 5.71 8.43 6.05 3.74 5.02 7.68 11.56 6.39 6.92 3.14 4.65 6.72 5.72 2.99 3.46 5.01 11.05 4.95 7.93 3.9 2.82 7.61 7.4 11.02 7.53 10.77 4.34 3.69 4.04 16.5 23.71 18.4 4.2 8.49 7.44 11.42 10.39 6.23 5.58 3.97 4.78 1.92 2.59 4.84 4.27 5.61 6.78
6.32 7.84 4.84 9.43 9.51 12.31 5.86 9.01 6.33 3.53 2.55 1.13 2.19 5.83 4.57 4.36 3.39 6.81 9.94 7.69 4.17 2.42 4.72 5.21 3.28 2.95 2.8 4.11 2.94 3.7 4.97 6.2 14.42 13.4 5.13 6.68 4.35 2.65 11.46 11.35 6.68 5.03 5.75 3.74 4.4 6.67 8.3 6.88 5.18 4.65 12.19 10.07 8.76 5.94 6.23 4.31 2.26 2.69 4.93 5.14 3.75 4.61 6.24 5.95
7.23 5.35 7.68 18.29 14.34 13.24 8.83 5.46 3.45 1.71 3.03 1.2 2.14 4.56 6.86 7.91 4.22 8.8 9.38 8.2 6.17 3.78 6.55 3.76 3.82 2.39 1.94 1.66 1.8 2.77 6.25 11.17 24.56 16.59 7.1 6.02 3.01 6.76 16.74 21.46 10.34 4.17 4.03 6.21 7.35 9.8 7.4 7.21 6.27 9.23 12.06 6.86 5.24 3.8 4.19 2.51 2.38 4.24 3.58 6.75 5.11 6.65 9.8 5.47
2.77 3.47 15.57 18.65 13.41 12.56 7.04 3.9 3.47 2.61 5.17 2.3 1.81 3.83 7.08 9.39 6.92 12.54 11.57 10.93 10.36 4.37 5.66 4.23 2.62 1.85 1.19 1.89 2.13 2.89 4.51 7.9 15.17 10.98 7.6 5.2 5.39 12.22 16.16 9.94 7.07 3.81 4.31 8.21 11.62 14.55 12.29 7.15 11.95 6.91 9.04 5.19 8.0 3.74 4.19 4.12 3.74 3.37 3.18 7.18 14.24 17.23 12.43 9.37
2.15 6.99 15.22 13.36 9.2 12.76 5.51 6.14 2.41 2.94 3.18 2.13 2.89 4.85 5.43 8.77 12.06 10.76 7.93 11.74 20.43 10.03 10.94 4.88 2.98 1.85 4.09 4.07 5.56 3.52 3.93 8.88 8.61 6.79 7.83 5.93 11.81 25.26 12.76 7.03 9.5 3.72 3.41 5.07 9.92 11.62 13.14 18.88 31.11 6.21 5.22 5.53 6.73 8.59 8.31 7.22 9.01 4.22 5.08 15.01 26.15 14.89 19.03 19.65
6.4 10.08 19.88 11.93 6.92 6.17 5.09 4.38 3.39 4.04 3.31 4.39 4.34 3.28 4.64 6.84 8.75 5.67 7.32 11.2 20.72 12.93 11.49 4.02 4.56 4.31 3.9 4.2 6.19 5.69 10.78 14.98 5.16 9.9 9.21 3.9 7.77 12.9 5.98 16.85 13.91 3.43 3.26 10.54 12.85 12.73 16.6 19.33 20.81 19.82 11.76 8.43 8.25 12.07 19.17 13.92 10.24 9.3 11.47 26.96 35.75 23.99 22.33 9.33
5.13 7.74 6.75 11.62 8.95 8.42 6.54 3.62 4.41 7.68 7.73 5.88 6.35 5.12 7.55 7.73 4.07 6.03 9.69 6.99 17.47 17.69 9.42 8.86 5.42 5.62 5.56 4.88 6.24 15.63 19.01 18.41 11.59 12.29 4.7 3.77 8.14 7.85 10.85 8.77 8.6 2.81 6.31 11.8 29.27 20.14 18.37 18.89 24.38 30.19 33.23 18.31 13.89 26.19 20.55 9.67 10.82 17.29 14.35 35.62 26.46 23.95 17.85 5.99
4.14 6.06 6.92 11.34 11.46 10.0 8.67 4.41 6.82 9.85 8.29 8.57 14.25 15.34 13.31 5.9 5.1 3.77 7.85 6.43 25.76 28.92 18.36 8.22 2.78 5.03 5.58 4.59 8.59 14.6 31.26 15.86 10.94 7.97 5.73 4.14 9.19 6.36 5.66 5.57 8.81 10.55 13.09 15.47 23.86 23.48 15.44 14.3 21.77 38.83 25.24 15.73 16.65 29.8 12.73 11.45 19.53 20.84 30.08 23.92 14.62 12.37 5.67 4.17
4.07 9.8 10.9 6.13 9.27 13.9 10.62 7.15 20.01 11.38 13.25 6.74 6.77 8.26 19.21 14.06 13.58 10.82 9.06 8.91 19.9 20.84 19.23 16.71 4.33 5.84 6.41 8.52 16.35 18.51 11.59 12.46 21.57 12.36 8.38 4.51 6.23 4.6 4.0 6.62 10.43 18.78 14.91 17.25 22.53 20.27 18.07 40.48 32.19 46.66 21.79 30.02 28.29 30.95 13.86 9.93 20.38 11.84 32.53 20.8 13.95 7.64 4.59 2.35
6.13 7.12 4.37 8.29 7.72 8.45 9.0 13.31 7.32 11.41 9.55 6.62 7.47 9.57 24.18 19.43 13.91 11.97 20.64 18.31 16.66 10.94 17.2 9.99 3.83 6.77 6.75 17.68 26.74 8.06 6.89 15.83 16.58 14.19 19.05 9.06 7.65 4.17 3.81 8.23 12.5 15.49 14.86 11.76 28.18 22.57 28.17 24.8 26.17 34.93 21.06 28.28 26.64 15.94 14.81 13.61 15.62 11.63 17.81 17.4 20.27 11.64 3.3 3.23
4.53 7.31 6.82 4.82 6.98 11.46 22.17 19.87 6.67 6.26 12.63 7.39 3.04 8.0 9.87 8.19 11.59 6.87 13.63 25.87 15.27 9.37 15.1 11.22 14.05 5.91 9.06 17.2 14.02 7.11 15.43 18.44 9.93 7.94 12.82 10.32 8.27 4.5 9.04 18.69 13.68 20.27 12.5 14.43 12.23 13.48 15.87 20.54 26.88 23.36 12.08 22.68 12.2 12.67 9.8 13.28 16.37 18.83 22.4 17.18 12.15 7.63 4.3 3.79
7.4 10.32 17.15 9.55 12.4 17.67 26.59 7.48 4.9 11.29 17.59 12.14 7.53 4.07 5.57 3.69 4.31 3.64 14.8 15.85 5.24 8.21 9.64 15.69 14.75 13.07 8.29 8.18 6.77 10.42 18.82 17.6 3.19 5.77 10.15 5.38 9.76 6.6 7.76 22.16 15.22 23.05 13.44 9.83 19.13 10.14 8.58 10.52 12.37 7.32 10.04 19.22 8.15 10.68 7.17 9.62 16.66 16.87 23.93 15.47 7.43 4.01 2.48 3.6
7.11 13.95 7.98 12.53 19.97 17.14 10.7 6.56 6.09 14.74 14.75 15.39 15.69 7.57 5.4 4.92 3.99 4.06 11.63 10.25 9.23 7.61 9.39 9.52 6.41 8.01 10.59 8.16 11.65 13.47 9.36 7.19 4.55 5.68 10.87 6.76 4.28 5.72 8.26 12.08 15.22 21.09 9.98 11.06 15.63 6.98 7.77 5.96 8.35 10.11 7.35 8.98 4.3 8.19 18.46 17.2 21.56 33.23 18.31 12.25 8.88 3.64 1.64 3.38
4.6 5.03 7.79 13.99 13.53 10.4 6.91 4.22 9.26 12.47 11.41 9.11 10.56 6.08 7.52 11.25 10.01 8.3 8.28 5.26 6.67 12.18 6.35 8.88 9.87 9.17 6.81 9.17 11.77 6.58 8.62 4.85 5.08 5.08 5.29 3.64 3.65 3.7 5.31 6.74 19.84 28.84 10.89 9.99 9.03 10.97 7.05 6.54 3.71 10.8 5.35 2.88 2.91 10.52 11.35 22.26 20.33 14.34 14.23 17.69 18.63 6.5 2.65 2.44
5.89 2.87 4.6 6.95 8.32 6.77 12.58 3.8 10.73 10.78 6.81 12.15 7.3 3.84 8.18 13.69 15.07 12.57 5.48 5.22 4.29 4.98 8.17 12.89 7.76 6.42 5.6 9.22 10.42 5.65 3.57 7.82 4.89 6.31 5.4 2.28 2.16 3.73 2.91 4.86 16.32 24.24 11.53 9.0 8.77 15.92 11.29 4.42 7.3 8.76 4.36 4.16 6.98 14.26 17.03 13.76 12.29 13.94 16.11 20.65 28.27 5.17 2.93 2.74
3.73 3.43 6.24 4.64 5.21 5.71 5.75 8.99 5.05 6.65 5.25 9.59 6.59 6.0 6.32 12.41 14.85 19.08 7.18 4.63 3.48 5.69 7.15 6.51 5.4 1.77 8.86 9.68 10.52 7.11 3.25 3.88 8.62 6.37 6.07 3.87 3.41 4.94 3.47 8.05 9.44 15.2 10.3 10.56 8.39 13.27 7.18 3.73 5.21 6.67 3.78 4.85 6.95 6.13 11.26 12.4 11.36 10.5 11.02 13.26 10.78 6.96 4.74 5.42
4.9 5.92 8.89 4.73 4.02 3.45 7.38 9.84 7.12 6.73 7.35 8.9 5.15 6.65 6.95 8.15 11.48 12.19 5.29 4.04 2.3 4.24 6.45 5.17 4.41 3.96 8.19 8.21 5.96 3.79 4.37 6.4 9.78 11.04 6.43 4.39 6.1 8.11 10.4 11.92 4.72 7.08 11.13 8.12 13.34 13.75 5.31 5.49 3.47 8.33 7.56 8.32 6.41 3.78 5.43 9.24 4.31 5.53 8.38 11.93 13.12 8.74 5.37 6.51
5.88 6.03 4.78 4.78 4.3 4.29 8.04 8.44 10.19 7.28 7.37 7.55 14.19 19.21 9.07 7.85 11.05 7.03 3.92 5.14 3.38 8.55 4.45 4.94 2.85 5.95 12.24 7.02 3.39 3.88 4.93 14.1 5.79 6.54 6.17 6.03 5.2 8.35 13.0 10.25 9.17 10.51 10.8 6.76 7.58 12.59 7.53 7.17 5.2 5.86 7.49 5.94 5.85 3.89 6.51 5.73 2.8 2.82 3.23 9.16 6.01 7.8 10.81 5.2
3.42 7.93 4.55 4.05 5.62 6.2 4.99 9.84 6.86 7.25 8.99 12.97 20.43 19.19 11.6 9.48 12.27 5.83 4.61 3.88 5.74 12.93 7.19 6.66 5.33 4.02 12.73 9.37 3.04 4.55 8.72 8.67 6.3 7.96 5.36 5.17 8.55 5.68 16.38 16.22 9.51 9.45 11.85 6.11 5.01 8.44 5.85 8.56 8.8 11.29 5.52 6.13 6.5 5.0 7.21 4.75 2.44 4.82 5.42 3.86 7.57 7.45 7.58 4.9
7.6 3.65 3.85 4.99 5.08 3.98 2.85 8.55 11.63 7.79 15.03 15.09 14.93 15.67 9.08 5.48 10.04 7.03 3.39 7.69 8.06 12.1 16.07 10.31 6.07 7.19 10.01 10.5 8.78 8.72 10.5 16.67 9.9 4.57 4.83 4.47 5.36 6.49 16.05 14.45 7.96 7.36 8.06 8.23 8.83 6.27 3.95 10.5 5.34 5.71 5.44 6.75 11.4 12.97 4.6 2.54 2.27 2.95 2.41 4.43 7.51 5.72 7.68 3.34
7.11 3.37 3.21 3.21 4.17 2.85 6.49 14.38 8.5 8.4 11.7 14.39 19.26 10.54 5.39 9.91 5.49 6.66 4.58 11.45 7.29 7.8 4.58 13.78 6.76 8.55 8.49 10.14 8.98 9.47 8.66 10.63 7.52 8.23 8.17 6.25 6.86 7.32 11.53 13.27 8.15 7.99 15.2 8.6 8.09 5.19 3.62 10.25 9.54 6.72 7.72 9.82 13.56 6.5 5.14 2.78 6.0 4.57 1.92 2.8 5.67 3.69 3.93 5.0
8.56 7.22 4.08 3.75 3.75 5.04 7.8 20.37 7.73 5.38 12.86 17.26 12.22 10.68 5.87 9.18 15.76 6.17 8.2 26.45 7.76 4.35 12.14 10.75 16.54 9.88 4.53 3.45 7.36 7.94 11.54 11.13 9.56 6.7 5.69 7.95 7.34 10.89 14.39 9.78 9.03 14.57 6.72 8.46 5.52 4.12 10.02 15.87 5.69 4.92 7.82 6.68 11.09 3.54 1.84 2.67 6.08 5.26 2.37 3.21 2.77 2.23 2.85 2.82
8.02 4.62 5.51 4.37 3.77 9.98 20.45 13.42 7.62 5.19 7.11 18.15 12.83 6.86 10.87 15.62 7.93 9.69 16.4 16.82 9.43 7.97 8.24 7.81 10.27 7.8 3.1 3.52 6.28 9.36 12.27 14.75 9.27 7.98 7.24 7.96 13.55 18.87 10.97 9.06 8.04 6.82 6.26 3.29 2.74 9.7 16.36 19.73 11.84 6.77 7.84 6.82 6.63 4.72 1.87 3.5 4.77 4.09 2.3 3.74 3.86 2.95 1.84 2.77
5.51 6.87 2.93 5.71 8.4 7.57 9.01 11.66 6.28 8.48 14.24 6.84 12.45 31.93 17.97 15.9 8.34 5.86 10.75 11.86 16.78 19.6 12.7 10.9 7.34 8.61 2.59 3.42 3.67 7.41 8.86 12.97 8.43 4.69 8.4 14.94 8.38 10.19 15.66 5.81 9.3 7.19 6.69 2.78 5.71 6.09 23.51 12.0 15.9 9.54 8.87 2.81 5.48 5.18 4.43 8.02 5.44 7.87 4.36 3.25 4.96 3.78 4.72 8.01
8.2 5.44 5.05 5.99 6.65 10.78 6.28 7.87 9.55 11.79 6.95 6.25 8.11 24.48 16.84 6.13 3.66 5.95 11.52 6.54 16.4 17.33 22.57 10.47 14.82 7.5 3.21 2.92 3.18 3.27 9.19 7.26 7.13 12.13 8.56 10.08 7.32 11.27 8.59 8.61 8.52 6.75 8.16 5.89 6.37 8.32 10.63 8.45 9.61 12.29 9.13 4.23 6.51 3.87 4.71 8.78 8.74 12.34 11.11 8.36 7.58 14.58 13.94 6.13
16.24 8.16 4.96 10.3 15.2 8.89 9.78 7.59 8.18 6.27 6.01 7.89 15.45 21.84 8.63 4.09 1.89 4.76 7.04 9.7 11.8 18.06 27.64 17.51 11.68 11.5 3.36 4.75 3.17 3.66 9.24 10.77 12.06 13.1 15.04 11.99 6.57 8.96 3.75 4.55 5.84 5.69 5.72 3.23 4.61 8.53 9.81 7.49 8.56 9.45 8.95 5.53 5.33 5.45 8.14 8.63 7.47 13.54 7.26 7.1 9.59 10.46 17.08 11.59
8.81 5.62 9.97 10.34 10.09 10.28 8.13 6.52 6.0 7.38 16.07 16.42 17.72 12.26 3.52 3.58 1.84 5.1 12.14 8.48 11.8 9.36 12.06 15.0 19.45 5.8 3.18 6.12 3.27 5.1 11.85 10.39 20.59 13.42 15.56 13.98 11.11 8.27 4.46 5.54 6.98 3.15 3.77 2.45 4.0 5.94 8.58 5.13 11.04 9.02 6.74 5.12 9.54 8.55 12.15 12.64 9.56 8.84 9.43 6.62 3.25 8.23 13.76 28.35
5.05 3.63 10.78 6.63 8.63 10.99 6.55 8.83 13.2 10.38 16.14 27.21 10.27 7.59 6.35 5.54 3.16 4.75 9.99 9.41 12.52 7.24 17.1 16.41 20.14 5.1 5.64 11.44 6.11 7.35 27.92 10.65 11.89 11.04 8.95 9.41 12.33 10.3 5.66 13.16 4.6 4.16 4.34 3.25 5.57 5.83 4.71 6.31 10.07 4.83 5.55 9.67 10.39 16.8 15.52 13.79 10.14 5.92 7.12 5.13 5.65 9.51 15.49 34.56
4.34 4.03 4.85 4.63 3.94 6.71 7.06 11.77 9.81 7.88 9.15 18.69 10.19 3.89 5.55 3.96 5.36 5.5 7.45 10.95 14.35 9.08 22.83 15.37 7.79 5.94 6.14 7.92 7.41 18.46 10.79 18.33 12.39 10.74 11.15 11.74 12.39 10.31 11.09 12.47 10.0 5.51 9.39 4.35 4.29 2.27 4.09 6.12 9.53 5.59 14.0 8.39 8.5 17.96 26.35 23.25 13.0 5.83 4.81 4.42 8.37 15.49 20.93 15.57
6.88 3.86 5.08 3.83 5.17 11.57 10.7 23.77 8.62 3.39 5.58 9.22 4.49 4.15 8.28 7.51 8.0 6.04 7.32 9.5 16.07 25.43 24.19 12.54 11.02 7.56 6.48 3.79 5.57 16.25 12.55 11.49 12.33 11.17 6.74 7.03 10.86 11.21 24.08 28.61 14.81 5.77 8.36 4.69 4.19 4.05 5.82 3.84 9.07 8.23 10.43 10.12 11.99 24.96 22.18 18.59 7.54 12.25 9.14 6.12 8.51 11.68 16.38 18.63
3.94 3.23 4.47 4.66 8.1 11.98 11.27 16.39 8.79 2.18 3.82 3.32 3.49 5.48 8.71 9.06 11.44 4.66 9.38 14.79 14.5 16.52 23.58 16.9 17.31 14.03 4.33 4.25 10.27 9.2 6.77 10.57 12.1 14.17 8.34 4.04 9.14 17.7 35.64 33.2 10.25 6.01 4.5 6.05 7.46 12.17 3.83 3.74 5.26 8.77 10.18 8.8 8.5 12.73 8.9 11.56 13.93 13.96 19.57 12.1 14.96 16.22 17.74 16.61
3.23 3.39 3.54 6.56 8.36 10.76 10.27 8.94 4.66 2.38 4.69 3.0 4.7 4.17 7.41 8.29 11.46 8.46 22.97 17.27 21.4 13.04 10.57 22.7 17.52 21.95 12.46 6.26 8.39 8.64 8.85 8.62 10.43 8.4 5.07 6.71 11.92 14.56 31.27 32.66 12.28 4.75 7.17 4.81 16.18 16.35 3.54 2.51 5.86 8.26 9.13 10.56 4.84 5.5 14.68 13.51 17.2 20.34 18.3 14.15 17.24 11.55 16.58 20.14
4.52 4.99 5.02 7.2 6.15 6.32 8.22 10.18 2.66 2.36 4.58 2.6 4.42 5.63 6.53 12.83 9.02 9.76 23.61 20.29 19.86 12.51 10.39 17.2 16.83 20.72 9.03 5.47 11.15 10.14 10.9 5.2 4.77 5.0 8.72 11.16 12.73 14.3 35.63 14.23 8.4 6.65 8.46 12.45 12.25 10.48 7.04 6.29 4.13 5.79 6.73 6.78 5.08 6.11 11.61 11.98 14.0 16.93 17.76 28.68 17.19 12.72 14.96 13.41
5.38 3.87 9.5 7.16 3.08 5.09 9.8 10.23 4.48 4.98 3.82 3.39 7.54 6.44 11.49 10.92 7.9 11.27 13.89 12.48 18.5 12.44 10.25 7.68 10.4 10.38 12.77 8.6 12.38 17.63 18.78 9.87 6.64 11.48 7.91 9.39 8.04 17.31 21.85 8.02 6.91 16.9 14.76 14.21 10.22 7.77 15.27 10.46 4.49 6.08 7.5 6.19 4.47 8.8 12.4 16.16 21.86 12.3 24.93 21.4 8.34 8.62 8.97 8.71
3.69 7.5 13.03 8.13 4.36 3.83 5.16 6.5 3.42 3.42 3.0 4.1 12.67 6.82 7.74 9.11 12.51 11.89 18.15 16.82 16.82 8.04 5.55 4.0 4.36 7.48 9.21 6.46 8.62 20.91 10.12 13.95 9.17 14.89 10.51 5.4 9.43 29.13 12.53 13.11 9.48 8.52 13.11 18.68 20.01 14.21 22.02 4.75 4.69 4.69 7.24 6.11 4.0 6.6 14.29 16.21 19.7 13.98 19.99 29.69 7.79 14.26 5.79 4.94
8.09 16.51 8.91 8.07 11.92 8.6 4.39 6.94 4.94 4.53 4.74 7.26 12.75 5.43 9.25 13.42 14.05 11.34 20.1 18.55 14.29 9.15 5.15 4.04 4.24 4.77 5.58 3.14 10.14 14.67 15.98 12.23 8.26 8.82 4.49 6.51 15.51 13.21 9.1 10.03 11.07 9.12 11.36 37.45 56.46 27.52 18.01 6.78 2.59 8.29 6.26 7.01 4.7 4.86 6.31 12.18 14.51 12.73 16.4 19.52 10.76 9.05 4.81 6.08
14.67 4.91 4.46 12.91 20.23 4.81 5.18 5.55 9.54 11.91 5.49 10.85 10.88 6.42 10.87 17.76 21.3 19.7 38.08 23.64 7.38 5.78 4.95 6.8 7.8 5.93 4.31 5.85 21.78 8.76 13.55 15.16 5.82 7.04 6.31 9.38 12.43 4.82 5.78 8.62 10.32 12.98 14.6 41.79 25.42 27.87 12.64 5.77 4.14 6.01 6.28 5.23 3.29 4.91 2.57 3.95 9.51 8.47 11.81 17.71 11.97 8.11 9.85 12.35
13.48 11.26 7.12 13.04 9.27 2.86 5.36 8.33 8.84 7.88 7.38 10.93 11.77 8.99 11.12 12.62 17.7 23.1 20.6 16.87 12.48 18.13 9.62 12.57 8.38 5.01 6.43 10.45 16.3 10.31 7.43 17.3 7.87 13.32 9.11 11.17 10.12 5.28 7.87 10.51 17.7 25.2 30.08 37.83 20.43 16.69 11.31 5.49 6.48 5.1 4.93 5.45 4.92 3.11 2.49 3.34 5.72 5.53 11.33 15.86 12.43 9.17 7.73 12.13
26.9 14.81 19.59 14.32 8.01 4.63 6.76 8.35 7.21 5.92 4.8 9.53 6.54 10.79 11.17 11.25 11.8 12.17 15.02 18.5 23.26 21.92 21.63 13.17 9.34 3.37 3.56 7.25 12.81 5.4 8.06 4.61 5.63 11.13 8.58 6.3 10.64 13.97 13.82 16.13 15.37 28.61 16.53 21.78 19.64 18.03 10.23 7.43 4.49 7.3 7.17 7.4 4.06 2.57 2.35 4.21 3.81 4.07 7.48 17.32 14.13 7.71 8.33 14.13
30.45 31.76 31.52 13.63 10.53 4.13 6.89 3.63 5.92 9.33 6.89 11.27 10.47 10.9 4.29 6.93 10.69 25.8 11.86 16.38 16.72 12.74 13.63 15.68 11.65 11.18 8.9 5.42 7.17 4.13 5.71 7.95 7.1 13.01 7.9 6.89 11.25 19.02 13.28 24.98 18.05 14.21 11.01 12.38 8.63 15.56 6.74 8.64 8.49 6.22 6.73 7.84 4.71 2.84 5.34 3.92 3.64 7.3 10.6 7.41 7.04 8.19 10.33 18.86
13.11 49.39 16.46 21.53 10.23 7.19 4.77 4.15 4.85 6.29 7.49 8.92 7.83 6.52 3.31 3.88 19.23 14.9 17.78 20.78 20.33 28.18 19.69 18.26 13.46 10.58 10.65 10.37 5.55 11.03 6.84 4.18 5.51 12.56 7.54 9.04 10.57 11.17 19.01 11.67 8.7 13.42 6.92 8.6 10.34 5.17 6.44 7.51 8.97 6.09 6.46 5.07 4.05 2.67 4.08 2.98 4.35 9.76 8.66 7.48 13.11 14.14 18.36 16.25
6.94 11.81 15.6 20.66 18.68 23.14 8.35 3.44 6.83 5.0 6.38 8.38 8.36 3.99 1.52 5.8 14.39 15.62 16.76 17.34 25.88 52.08 42.91 16.24 13.83 10.16 15.79 17.33 8.63 6.67 7.32 7.2 7.42 12.5 15.19 6.84 14.58 8.38 10.28 12.69 9.74 9.69 4.17 7.94 4.93 4.56 3.61 8.98 8.71 17.05 7.01 3.51 2.43 6.14 5.16 5.4 5.69 8.72 7.18 5.63 14.9 20.89 18.75 10.32
6.14 9.02 11.9 18.04 18.26 16.76 14.07 7.09 5.63 5.06 6.77 7.55 4.89 3.42 2.23 5.69 5.34 15.01 20.54 49.65 78.55 83.34 27.03 23.6 6.4 12.94 14.41 11.15 9.69 8.86 4.61 5.28 14.31 10.26 14.6 17.72 14.51 6.93 9.33 10.19 8.7 6.26 2.21 4.31 4.32 3.71 3.81 9.58 7.32 10.01 5.52 3.8 5.0 8.27 6.85 6.36 6.82 7.63 4.39 3.6 19.34 17.54 23.78 7.85
5.08 14.08 10.67 7.17 10.64 15.84 15.86 13.43 7.42 4.47 6.88 5.21 4.45 3.84 3.23 10.02 5.85 7.91 32.21 28.43 37.02 76.92 36.64 27.74 15.3 7.19 13.29 24.82 10.68 6.15 5.86 10.06 15.23 10.77 9.18 19.89 30.92 13.45 9.3 6.58 7.88 6.05 5.57 7.16 5.68 3.8 10.26 7.25 6.63 7.69 5.81 5.18 14.3 3.38 4.64 7.97 5.59 9.76 6.18 4.42 10.72 10.71 8.42 14.21
5.47 6.46 8.62 5.72 15.62 23.17 22.02 13.21 8.89 7.69 10.27 6.06 4.68 6.83 8.17 10.68 10.27 16.98 10.74 26.06 17.97 23.98 47.09 27.5 11.33 14.17 11.73 9.54 8.24 1.99 3.73 11.23 15.45 7.51 6.65 9.45 11.78 12.69 12.65 11.56 3.04 8.23 4.76 6.2 11.08 10.88 7.16 14.01 5.16 5.87 7.87 8.88 7.33 4.3 7.08 4.85 9.52 12.17 7.09 9.97 9.06 6.35 11.97 12.32
6.14 5.61 5.34 7.01 11.78 15.36 17.9 13.58 8.75 17.35 7.74 4.74 7.36 13.02 8.07 30.57 10.7 13.48 17.62 15.37 21.85 42.02 29.43 16.28 16.62 9.28 6.76 11.04 3.94 2.92 4.2 6.36 11.13 5.68 4.89 3.92 6.8 27.2 20.72 11.74 4.8 4.1 6.07 6.87 5.63 6.8 6.41 4.88 7.31 6.3 5.41 9.56 8.35 4.83 12.53 11.16 17.66 18.78 5.99 6.53 7.31 11.92 24.67 9.33
6.85 11.52 9.18 7.67 16.55 24.04 9.88 11.19 10.17 8.61 5.81 5.05 8.9 21.07 18.23 12.5 15.01 8.44 8.54 11.67 38.6 32.01 20.1 15.27 16.38 8.14 5.4 5.81 4.96 5.04 6.85 5.3 4.16 2.95 1.55 4.63 12.22 16.97 10.18 5.08 3.12 6.54 7.84 3.41 13.85 5.9 5.07 3.7 4.03 4.58 12.38 7.91 8.79 4.52 5.81 15.61 18.46 18.16 4.44 3.6 8.28 28.77 13.81 12.18
