9.32 7.88 6.7 6.36 5.14 8.78 7.79 8.96 8.19 15.64 10.09 10.48 10.03 2.55 3.74 4.13 9.74 4.5 4.09 2.87 2.65 3.55 3.26 3.24 5.2 14.05 7.46 10.7 6.85 6.86 6.7 5.31 8.47 5.82 4.58 4.12 8.45 14.75 12.43 13.35 11.14 4.48 5.82 10.31 7.61 15.57 8.63 7.17 9.09 5.42 7.26 6.82 3.68 2.9 3.16 3.6 2.7 3.57 2.44 2.37 3.38 4.84 3.16 6.66
7.16 12.14 6.1 5.37 7.11 7.52 10.6 5.33 5.16 10.99 10.05 12.2 11.25 3.76 5.23 5.37 8.75 4.23 3.5 4.61 3.31 3.7 7.04 6.87 6.1 17.06 13.04 7.4 4.08 6.9 5.21 6.49 15.37 19.54 6.14 8.09 8.14 3.95 3.71 10.2 7.47 5.08 7.07 13.24 5.99 14.14 9.35 6.54 6.98 2.99 6.96 5.35 2.7 2.17 3.77 3.98 2.74 3.99 2.39 2.2 4.49 3.53 6.05 9.8
10.57 9.37 7.8 9.57 14.11 6.45 5.05 7.82 9.22 11.04 10.27 19.3 12.66 4.72 4.84 3.7 3.46 3.67 4.25 5.59 3.99 5.1 7.15 7.28 5.23 13.85 8.54 6.64 4.33 10.75 6.14 13.08 14.3 20.93 10.41 11.8 4.74 4.2 2.32 11.32 10.93 10.25 7.18 13.08 14.41 10.77 11.65 8.71 4.16 5.18 5.39 5.2 3.05 3.33 5.87 7.97 2.38 4.43 3.82 2.35 4.24 5.24 3.58 4.22
7.18 5.16 5.84 9.66 7.01 5.95 16.56 17.18 10.07 11.58 14.88 16.6 9.87 4.72 5.06 3.13 2.39 3.46 6.72 4.02 8.98 4.96 6.25 4.78 10.04 10.39 6.44 5.6 7.18 7.62 7.62 13.29 15.21 20.76 5.73 14.65 7.32 3.67 5.68 6.24 6.42 7.08 18.96 23.11 12.4 21.6 13.83 6.74 4.01 5.69 5.75 9.01 6.46 9.02 6.89 10.01 4.44 4.43 5.05 1.77 4.04 5.92 2.35 3.72
3.95 2.93 7.12 8.13 11.4 8.09 15.43 15.35 18.21 13.28 17.24 5.48 8.92 11.4 8.34 4.61 6.21 3.65 3.65 2.57 8.36 6.12 3.85 6.86 14.98 5.33 7.51 12.53 9.48 5.34 6.23 4.19 8.41 7.92 11.64 9.37 7.26 3.55 5.61 6.89 3.64 6.69 20.09 20.25 17.13 21.14 12.56 5.46 5.83 4.07 7.46 8.55 14.93 11.02 13.96 8.99 5.85 4.28 3.73 2.24 2.42 2.11 3.6 4.73
5.54 3.88 6.08 5.91 13.81 15.55 17.3 14.66 12.73 14.27 4.94 9.87 7.89 13.14 5.78 6.33 5.15 2.9 2.3 5.14 4.9 4.96 3.92 6.82 12.98 7.34 5.68 11.41 10.96 2.99 6.53 3.66 5.23 6.27 6.59 17.86 5.18 4.37 5.71 4.09 4.96 7.58 21.09 23.49 10.17 9.21 9.42 6.51 10.47 11.61 9.67 12.99 6.07 12.99 8.82 12.18 5.32 5.46 3.44 1.88 2.64 2.14 6.08 3.19
8.8 4.99 9.75 10.03 7.72 9.67 7.74 14.12 19.48 17.94 10.97 9.16 8.62 6.0 10.0 6.41 7.03 6.36 8.55 4.91 7.18 3.04 2.5 9.91 9.99 5.43 8.57 9.54 5.08 2.78 4.85 5.11 3.54 6.61 5.75 5.83 4.79 3.18 5.94 5.06 4.4 8.53 7.17 16.07 8.38 6.77 14.59 20.12 16.61 20.84 10.59 8.9 6.85 16.16 28.01 15.93 9.67 8.45 7.83 2.66 2.41 1.57 3.34 3.64
6.14 8.76 8.81 7.14 8.98 9.1 13.01 9.24 17.01 17.19 13.43 6.85 6.85 2.22 10.13 7.45 6.15 12.39 13.58 6.93 2.57 1.96 1.57 6.73 6.22 10.29 5.6 8.54 5.19 5.56 5.85 6.57 6.69 6.44 5.97 7.96 4.22 4.61 4.68 4.67 4.03 6.61 5.96 7.87 5.89 7.32 13.24 18.79 17.93 14.4 13.9 11.53 9.7 18.01 19.58 23.25 12.96 11.48 4.44 3.25 4.23 3.74 4.12 5.24
12.29 7.81 19.13 11.4 10.01 9.62 12.95 18.09 12.49 8.37 8.97 10.47 6.96 6.21 7.04 7.95 6.16 7.56 8.39 2.72 1.8 1.57 2.37 2.78 3.21 3.44 4.58 7.09 12.62 8.32 7.08 7.8 5.65 5.82 4.87 4.46 5.87 3.1 3.44 5.89 6.19 9.34 9.98 3.95 5.02 6.85 8.36 26.11 18.44 18.63 14.35 21.17 20.54 22.58 14.34 19.26 8.98 8.44 5.22 6.28 3.77 3.23 4.15 5.6
10.62 13.89 18.52 19.56 9.26 25.16 12.92 6.12 8.2 5.59 8.14 9.6 5.41 4.53 10.51 2.2 3.36 3.76 5.95 2.14 2.74 1.59 1.7 1.71 3.53 4.66 7.12 11.66 11.26 6.52 7.63 4.92 8.25 5.1 9.16 5.71 5.77 3.96 5.6 4.75 4.09 7.92 6.42 5.68 4.8 8.7 10.11 15.76 24.97 12.42 12.66 18.08 20.7 18.48 12.05 9.67 13.42 6.43 5.21 5.29 2.14 3.7 5.86 5.97
9.51 5.33 14.34 13.58 10.91 17.99 10.53 3.92 4.81 3.41 6.04 3.26 3.88 4.18 2.68 2.47 3.34 5.64 3.81 2.33 4.27 2.74 2.11 3.74 3.91 5.66 10.51 8.77 16.74 6.36 7.86 4.2 10.36 9.03 6.93 8.58 5.99 6.89 5.19 4.21 6.06 6.96 9.39 4.27 5.12 4.8 16.65 14.7 15.88 13.52 9.02 14.57 19.38 11.18 15.03 15.27 12.35 6.2 2.62 2.23 4.17 4.97 7.98 5.01
3.89 7.51 18.19 9.09 9.49 14.9 7.17 3.38 5.41 5.66 2.9 4.02 3.55 5.36 4.3 3.39 3.35 4.21 2.15 4.75 6.0 4.02 3.34 3.41 5.1 4.76 8.0 6.29 8.61 3.89 4.26 4.03 8.16 23.42 6.79 10.0 3.84 6.14 5.75 8.84 11.77 8.26 3.8 5.79 5.2 8.87 12.99 17.86 12.33 14.48 11.14 18.02 21.97 22.19 20.15 16.0 8.72 4.0 3.66 3.95 2.45 6.85 5.0 4.27
7.17 9.44 12.32 5.72 4.06 9.03 3.93 3.98 9.09 3.51 5.47 5.49 4.76 4.31 4.23 5.31 5.09 4.45 4.94 3.48 4.69 3.88 5.15 3.06 3.27 7.09 8.26 3.2 6.38 8.78 4.17 6.54 6.11 13.22 4.52 6.26 7.4 5.93 5.06 18.3 11.96 7.09 5.82 8.35 8.16 4.25 9.88 31.45 15.77 16.48 19.33 14.41 18.94 23.95 29.76 22.06 7.13 11.45 4.68 4.19 4.98 7.0 7.0 1.95
10.17 7.44 4.72 6.02 3.82 4.16 7.36 10.14 15.43 11.68 8.22 4.52 2.68 5.09 4.89 4.99 4.24 6.06 7.11 4.51 3.39 5.01 2.41 3.17 5.56 5.48 5.09 5.53 11.01 9.23 4.67 5.45 13.75 7.97 4.31 4.66 10.53 8.77 10.51 26.65 29.75 11.38 7.26 11.67 8.48 8.42 15.38 20.91 20.31 19.49 21.56 10.76 12.3 34.41 10.84 10.07 8.16 9.47 7.43 4.11 4.51 5.35 5.37 4.85
5.76 5.67 3.84 3.94 3.12 7.55 8.1 7.96 16.94 14.17 7.82 7.25 5.55 8.08 7.59 7.57 4.7 7.27 8.34 13.31 6.76 7.07 6.57 6.07 6.97 8.16 5.47 7.45 12.71 7.64 6.23 4.36 11.86 3.48 4.67 8.17 8.57 5.95 6.22 18.98 17.01 13.37 6.9 10.83 14.23 10.64 20.38 17.72 14.36 18.02 15.66 11.75 13.96 24.14 17.77 14.69 7.12 10.97 8.28 11.7 8.11 7.25 6.88 6.38
5.82 4.06 2.91 4.24 5.64 4.15 4.56 8.33 22.95 16.68 12.49 20.04 5.82 11.0 8.44 4.48 7.2 6.1 13.29 22.41 12.52 6.46 12.94 11.76 9.2 4.89 3.52 6.61 13.35 6.76 6.49 5.42 7.41 4.91 7.16 6.35 5.89 7.34 9.0 6.6 10.76 10.01 15.17 9.53 19.66 11.6 17.48 18.13 29.93 21.4 12.4 14.13 12.38 20.0 17.74 14.25 5.79 9.82 11.36 18.64 10.21 7.9 9.38 9.86
7.34 4.53 4.18 7.81 3.9 3.72 5.96 18.65 15.56 13.69 13.09 9.32 12.3 8.8 12.78 4.45 5.71 5.66 23.83 20.65 10.57 7.52 7.88 9.74 5.97 5.26 3.06 5.9 10.34 6.86 11.1 10.87 8.68 8.34 7.25 3.67 6.11 8.63 11.57 5.07 9.43 17.93 14.63 22.49 16.95 16.72 19.73 33.02 20.91 16.63 9.62 12.17 14.0 10.87 32.87 10.41 7.45 11.09 7.45 13.09 11.31 14.11 8.17 13.33
5.85 4.6 11.86 10.12 4.58 4.19 11.13 18.37 12.94 8.54 10.61 4.37 13.97 17.13 21.99 7.87 6.39 16.69 16.34 8.68 7.45 10.28 16.75 14.75 4.58 3.85 2.87 8.27 14.28 8.96 5.74 8.1 13.08 10.34 9.02 7.93 12.5 9.9 8.52 7.97 6.72 32.08 27.37 21.28 5.93 10.45 20.21 28.82 27.85 8.34 6.8 10.71 24.43 8.56 14.12 13.48 6.31 11.04 5.35 9.06 9.38 29.05 10.36 12.75
9.15 11.24 17.38 12.53 3.51 5.13 10.89 9.03 9.94 5.45 6.01 9.55 11.76 24.62 19.16 6.67 9.54 12.39 11.48 7.66 11.88 16.63 11.55 10.6 7.61 2.52 2.52 5.46 18.96 14.41 7.71 10.98 17.33 8.65 18.84 14.83 14.81 25.72 12.92 13.08 6.34 13.23 19.41 8.42 3.35 4.68 9.69 17.15 20.35 7.58 12.89 11.51 8.27 6.92 4.48 8.73 10.15 16.09 6.51 11.98 13.36 11.91 10.3 12.21
8.73 11.47 13.17 6.2 3.07 3.78 6.53 11.13 7.98 9.23 11.32 10.45 20.24 18.64 19.71 10.45 9.84 6.44 7.08 6.93 8.34 8.63 8.53 6.4 3.73 3.0 2.4 7.06 11.3 7.92 4.22 9.22 12.48 19.18 44.42 23.73 23.01 14.1 9.15 7.37 5.25 9.15 11.16 6.44 2.93 3.57 12.63 18.9 25.37 20.93 6.17 14.92 11.13 6.1 8.11 6.45 23.39 16.78 10.53 5.58 7.35 8.38 13.42 6.0
4.64 3.37 6.47 7.25 3.56 3.02 5.39 6.9 4.74 6.95 9.85 14.95 6.21 24.4 14.45 9.27 8.3 7.11 4.36 4.09 4.86 9.68 4.24 3.58 3.76 5.07 3.53 9.12 8.69 9.37 13.21 8.86 17.67 28.14 50.13 19.91 13.58 10.35 5.41 7.59 3.05 5.19 8.06 6.91 3.63 5.43 6.02 8.91 14.9 22.11 7.44 6.76 8.75 3.4 3.95 9.68 19.76 25.12 9.85 8.85 6.38 5.78 5.19 11.32
4.26 4.5 9.41 4.12 3.98 4.4 5.71 4.59 2.96 9.94 6.71 12.68 12.45 8.7 13.55 8.83 12.23 8.44 4.4 3.59 5.62 6.36 7.1 2.3 4.63 3.68 6.46 4.42 6.29 7.23 11.33 9.69 22.32 16.09 21.88 20.2 17.16 9.47 4.94 4.45 6.77 9.01 4.93 3.54 12.69 7.93 4.98 7.28 13.16 9.88 4.6 4.81 4.94 3.26 11.3 13.57 10.08 15.03 10.24 9.14 5.43 3.8 5.8 5.02
5.77 5.19 9.31 5.79 4.13 4.33 4.3 6.26 4.23 4.06 6.78 9.23 9.69 20.61 14.99 14.98 14.3 8.29 8.27 5.04 9.82 10.26 6.85 3.96 4.14 4.84 4.27 3.4 2.03 8.54 6.76 12.37 16.03 15.23 27.63 19.4 18.61 10.07 8.61 9.55 8.46 3.19 8.83 10.72 16.62 10.63 5.88 6.38 6.81 5.14 4.36 3.82 9.26 4.9 7.94 17.19 7.44 12.91 15.42 11.62 6.84 1.98 5.22 5.42
3.62 3.55 3.84 2.6 5.47 3.4 7.26 8.93 4.39 5.01 6.71 9.65 15.84 21.41 16.05 9.95 12.22 15.63 14.31 18.27 11.39 10.35 10.66 7.72 5.59 4.71 3.01 4.81 2.5 4.71 13.12 7.97 13.13 10.45 13.14 15.37 25.37 22.1 15.31 10.19 8.95 4.75 6.19 7.84 10.43 8.17 8.2 4.2 9.69 5.52 9.88 9.34 2.73 4.5 7.61 12.09 8.56 11.21 14.29 7.9 7.3 9.37 3.49 4.53
3.88 3.29 7.81 6.18 7.24 6.6 8.41 12.4 11.24 7.54 6.84 7.2 17.36 10.98 6.23 4.64 18.43 16.94 16.84 12.97 11.32 8.76 17.38 4.37 3.58 2.48 4.17 4.28 1.99 4.78 5.69 4.68 9.96 14.17 12.7 20.98 15.83 13.93 12.98 14.66 12.25 3.1 8.96 5.12 6.9 11.89 8.01 8.68 12.38 9.88 6.53 4.96 3.61 4.81 4.51 3.77 6.54 9.8 12.96 7.05 6.86 5.09 2.59 3.47
3.53 5.13 6.15 5.77 12.14 16.23 7.98 8.48 13.4 7.12 5.49 6.45 6.87 2.62 6.15 8.25 15.74 20.63 26.66 18.8 11.53 4.82 6.73 5.81 5.15 4.82 2.84 2.31 1.36 1.69 5.72 7.16 9.25 11.9 5.99 8.44 15.58 14.25 13.22 8.1 5.4 3.39 2.83 4.96 4.66 6.01 9.07 11.77 15.93 7.36 5.13 7.27 3.54 2.7 6.88 4.25 6.37 10.33 5.17 9.09 5.78 4.39 2.79 3.8
7.33 5.3 5.08 12.75 16.42 15.48 5.12 6.5 12.71 6.06 4.04 4.16 3.43 3.08 7.66 9.63 14.73 16.68 17.23 14.48 9.92 5.64 5.42 2.92 3.1 3.35 3.98 1.35 2.09 2.54 4.69 9.87 16.23 12.25 6.05 10.0 22.17 13.51 10.45 9.41 4.54 4.7 3.21 2.89 2.32 3.57 9.05 16.28 9.42 6.9 4.94 4.82 3.3 2.57 3.12 4.76 4.46 6.18 8.45 4.87 2.6 3.07 4.26 4.13
8.97 5.09 7.61 17.77 15.85 5.47 3.4 8.96 6.03 6.9 9.83 6.07 5.37 9.01 15.33 11.98 8.49 11.71 12.52 6.44 9.0 6.1 5.4 3.43 7.1 4.99 2.28 2.86 1.74 2.68 5.76 10.33 13.31 12.53 7.9 14.6 16.05 6.75 5.64 6.02 5.62 2.55 2.07 2.74 2.28 2.45 9.55 11.45 7.86 3.45 8.11 4.53 4.54 4.31 3.74 3.23 6.55 6.19 5.32 5.97 3.8 2.62 3.23 3.03
6.1 7.79 15.76 11.99 13.23 9.67 5.6 5.36 4.43 11.75 10.47 13.21 9.76 14.98 6.33 6.19 6.57 6.3 9.86 7.58 4.37 8.22 3.59 6.79 6.77 3.39 2.19 3.15 1.92 3.84 7.9 19.73 16.14 11.01 8.94 8.82 6.54 4.13 4.38 4.59 3.72 3.63 3.23 1.69 3.47 4.01 7.95 11.3 14.69 4.27 6.43 10.89 5.15 3.48 3.1 4.64 5.49 7.51 9.07 6.0 7.57 1.9 6.05 3.91
13.97 12.02 25.32 11.35 15.01 11.32 3.58 8.82 7.35 10.63 7.54 10.47 7.28 8.01 8.53 3.42 2.98 5.39 5.46 6.4 6.2 4.32 8.26 8.35 4.26 2.37 2.1 5.69 3.14 5.88 10.55 38.1 31.43 19.87 10.13 5.64 3.02 4.47 8.37 4.63 8.87 4.22 2.83 5.15 5.98 6.87 6.64 9.02 7.32 9.57 10.55 17.57 5.85 3.93 2.81 2.45 9.32 6.17 6.6 7.25 5.8 2.54 7.78 7.69
11.01 17.23 28.07 20.1 15.47 14.7 11.86 7.22 8.22 6.22 14.09 12.09 11.84 5.41 6.85 5.28 4.3 5.39 6.01 5.22 8.91 7.56 8.11 5.65 3.48 1.67 3.1 4.42 6.97 5.26 16.68 27.82 31.63 14.92 17.3 4.6 3.09 2.9 14.83 6.23 10.32 10.13 3.74 4.69 5.35 4.52 7.13 9.26 13.4 8.12 15.66 13.48 8.41 3.51 2.37 7.11 8.15 6.37 5.27 7.14 7.37 6.57 7.07 3.84
7.6 13.58 17.99 12.78 11.43 7.06 9.43 6.53 6.25 7.36 15.4 9.33 6.31 5.93 4.88 4.39 4.62 5.2 5.71 4.37 8.88 5.71 7.83 4.25 6.09 3.8 8.77 7.35 6.18 9.27 14.96 20.29 29.54 12.84 6.37 4.58 6.53 5.43 16.28 19.79 6.0 3.29 5.0 3.39 4.75 3.69 5.7 5.44 3.82 11.94 12.42 10.35 7.17 10.48 3.86 8.24 10.12 6.89 6.26 8.77 11.05 8.3 10.83 6.58
5.21 7.29 9.25 8.12 11.04 9.41 6.6 6.27 10.78 8.6 13.11 11.55 6.19 7.66 8.88 4.1 4.4 2.29 3.24 3.0 8.07 11.49 6.82 5.04 8.46 13.22 4.47 5.93 6.29 5.55 8.04 20.69 9.04 7.13 10.02 7.09 3.89 4.81 19.75 11.05 6.65 6.86 7.12 6.5 6.32 6.58 4.4 5.88 10.19 10.08 17.2 11.15 7.95 12.56 10.26 8.9 10.29 5.67 6.28 14.51 15.83 19.41 12.16 7.6
5.02 3.43 6.09 8.31 3.94 9.18 7.74 12.51 11.51 12.46 21.86 9.7 8.22 10.76 8.3 2.8 2.46 2.45 3.25 6.24 6.91 15.25 7.02 12.04 4.82 6.72 6.3 8.88 11.42 8.09 7.81 6.51 5.89 5.26 7.2 5.5 5.95 9.47 16.65 20.81 7.24 9.22 5.7 11.88 7.45 9.67 10.36 7.55 13.31 16.67 18.02 9.4 6.47 7.77 8.7 6.72 11.92 8.56 14.52 34.39 10.65 14.85 15.23 8.2
6.63 4.04 4.54 4.69 6.43 10.62 7.34 8.26 14.42 29.14 29.92 14.48 9.31 7.09 4.65 1.78 3.84 6.69 4.4 13.23 7.02 7.88 5.4 6.08 6.35 6.56 6.49 8.5 8.64 13.13 13.35 4.64 5.03 8.07 6.96 8.04 5.35 21.15 19.24 24.91 13.39 10.41 4.95 15.2 12.69 16.25 9.08 14.26 26.76 18.51 16.33 4.89 3.55 6.25 11.13 9.24 11.53 8.32 13.66 29.03 13.58 9.99 14.68 6.6
6.15 4.86 5.99 7.72 9.61 12.81 6.17 4.79 13.76 26.22 25.94 11.66 14.82 11.92 3.09 8.33 6.76 4.04 4.22 10.86 5.44 3.58 7.34 7.77 3.49 6.33 8.19 6.72 15.59 12.17 7.59 4.9 5.45 6.19 8.41 7.34 15.91 14.95 28.74 27.99 13.12 15.67 4.23 9.93 14.0 12.23 9.67 19.89 28.78 15.65 13.6 6.74 6.47 6.09 15.42 16.14 8.78 8.45 10.4 27.47 11.96 6.84 13.12 5.46
7.04 7.36 3.17 8.7 19.94 6.77 3.6 4.91 13.09 17.01 11.15 21.35 11.53 13.55 9.72 6.15 5.66 2.97 11.66 8.93 8.46 3.69 6.91 7.9 7.51 4.48 7.61 7.05 8.48 6.35 9.15 3.46 7.3 2.99 7.45 3.47 17.26 21.88 30.14 21.35 13.94 4.64 2.3 5.95 10.48 7.14 9.89 19.48 18.25 12.13 33.1 11.37 5.29 8.26 13.55 6.9 9.01 7.73 16.84 17.32 15.82 7.43 7.4 7.25
4.86 4.7 6.64 9.27 16.89 7.21 6.01 7.25 5.58 9.6 9.49 14.04 13.39 14.59 5.33 4.77 3.82 2.97 4.79 4.11 5.47 6.25 5.94 6.83 3.43 5.4 5.16 4.56 7.4 4.34 5.45 3.12 5.08 5.11 5.83 14.03 17.17 17.29 20.27 15.01 7.25 6.68 5.82 5.21 5.95 8.31 10.92 18.7 13.0 5.66 11.51 8.12 6.65 8.84 11.69 4.05 4.71 5.41 6.99 11.66 12.58 11.33 5.99 6.36
2.31 2.79 5.91 6.84 14.47 10.76 11.15 5.24 4.63 6.21 5.18 14.31 12.87 23.35 7.92 4.5 5.15 2.27 2.62 7.1 5.18 6.31 5.2 8.78 9.13 4.93 5.63 3.71 4.75 7.41 3.96 4.99 6.28 7.11 7.33 13.36 14.65 12.09 17.28 6.88 5.75 3.98 7.01 15.34 14.02 9.57 11.2 17.72 7.49 4.35 6.38 11.61 8.78 9.02 7.85 6.4 7.27 5.85 5.73 13.46 14.83 28.23 8.71 10.56
2.65 4.33 6.63 5.27 14.77 19.21 6.67 6.17 7.29 6.17 6.58 12.81 32.54 19.93 8.97 6.34 3.0 2.9 5.01 4.9 10.54 11.26 7.65 7.24 9.82 8.77 10.12 7.56 10.06 8.53 7.87 12.45 4.9 6.08 9.86 20.36 6.34 3.6 17.39 7.42 11.78 9.69 6.54 12.6 21.35 10.51 8.8 8.96 5.21 5.58 4.65 11.93 7.76 5.26 11.98 8.23 4.65 9.15 8.47 18.52 14.98 12.57 14.73 5.96
5.67 10.13 6.1 16.97 14.22 6.47 12.42 12.35 9.14 7.29 11.59 10.78 12.86 13.06 6.73 7.71 4.24 4.5 5.03 7.24 10.05 12.38 10.25 12.32 12.29 7.33 10.87 11.18 7.47 16.43 7.28 5.4 3.98 7.41 9.33 5.7 4.35 2.63 10.39 15.51 14.38 7.54 6.46 16.55 12.86 7.35 5.94 10.72 7.92 4.55 7.26 7.47 3.94 7.49 12.52 9.05 8.98 10.8 12.25 8.82 9.88 13.26 13.27 7.18
7.69 6.49 10.25 10.21 7.76 9.73 15.27 11.38 5.51 7.22 6.31 6.86 5.16 10.49 7.27 5.66 4.92 5.83 13.32 5.9 8.55 6.74 10.77 11.15 14.85 11.59 12.7 8.46 11.02 7.4 4.93 4.11 4.84 2.81 5.99 5.15 5.9 4.33 6.2 21.54 11.19 11.18 10.47 6.23 10.38 5.06 4.83 5.35 5.19 5.61 7.16 2.69 3.51 6.04 17.64 9.76 9.0 10.43 6.29 9.53 14.77 15.76 31.59 9.15
5.47 9.44 14.09 14.1 5.17 7.87 6.5 7.04 6.34 5.02 2.95 4.23 4.99 12.2 7.61 3.63 8.03 6.01 7.07 7.07 9.48 15.37 13.72 15.71 12.74 7.27 12.26 5.57 8.33 8.15 4.79 5.24 7.64 4.89 6.88 10.48 4.16 6.28 10.74 17.91 11.73 8.05 14.46 4.27 4.38 2.78 2.11 2.88 3.64 2.73 4.94 3.39 4.69 4.74 6.09 4.2 7.84 9.09 17.81 14.73 15.89 25.85 27.88 12.51
10.09 23.47 11.99 19.25 15.89 8.7 5.87 6.42 5.14 3.94 4.98 7.16 6.3 12.4 10.4 8.25 9.25 14.74 9.87 9.9 7.27 7.69 5.68 12.52 8.27 3.79 4.35 7.28 6.71 5.23 4.61 4.86 4.7 4.63 12.37 13.3 9.66 7.77 17.56 9.54 10.1 9.59 7.21 5.89 2.81 3.09 1.76 2.76 3.41 4.95 6.2 3.58 4.75 5.73 7.97 2.98 6.52 10.05 10.63 16.18 7.28 10.1 10.86 5.64
17.92 13.44 13.34 14.59 16.66 7.18 10.72 4.72 4.01 3.19 3.75 5.64 6.44 17.22 13.83 14.81 15.4 23.51 9.1 10.43 3.85 3.98 7.21 7.4 6.57 3.63 7.44 7.67 3.01 4.39 3.9 3.13 4.95 7.01 11.57 17.56 10.29 8.36 10.01 9.85 4.51 4.95 9.04 3.29 1.87 2.49 2.31 2.77 4.34 5.1 8.32 5.95 12.41 7.34 4.56 4.07 3.52 6.85 5.02 7.11 6.5 8.88 13.14 7.5
8.89 18.28 26.43 18.66 18.38 8.65 5.38 3.76 4.77 5.67 5.65 12.67 7.51 20.0 19.02 14.71 11.04 13.63 5.87 3.66 4.67 3.46 5.09 9.2 7.15 4.85 5.38 4.9 1.68 4.56 2.62 1.7 3.57 5.35 8.5 11.83 15.75 5.9 19.14 5.61 7.83 5.75 8.81 4.14 4.63 3.85 2.89 3.88 6.37 9.99 10.72 6.44 7.12 6.35 7.51 4.67 5.27 3.22 4.22 5.09 6.77 6.46 15.98 9.75
9.39 27.16 18.84 16.45 10.91 9.29 4.85 9.67 9.45 21.43 13.37 12.66 11.57 10.16 10.09 10.94 5.52 8.84 5.9 3.93 5.83 6.71 7.07 9.66 7.44 7.22 4.43 4.44 2.42 2.99 1.34 1.22 3.94 2.35 7.25 14.52 9.92 9.68 11.73 12.62 9.95 7.16 4.1 6.17 6.58 5.25 4.92 10.3 7.93 6.86 6.63 6.4 5.65 6.08 6.13 5.8 7.21 6.36 9.72 7.44 12.55 14.25 14.08 9.48
14.32 24.05 18.39 9.99 8.75 3.86 6.78 10.86 29.69 26.25 18.76 6.38 8.95 11.36 6.9 5.34 4.57 8.64 8.2 7.12 9.8 7.29 7.77 10.03 10.19 4.71 6.16 4.97 3.6 3.4 2.13 1.35 2.59 5.0 3.33 11.36 9.11 15.1 6.49 7.59 17.39 5.69 11.42 9.8 8.34 3.87 6.02 12.15 11.3 9.11 10.01 5.5 4.74 4.45 6.89 9.87 8.71 12.32 34.5 11.87 7.31 14.88 21.28 15.79
8.03 11.44 17.15 8.61 8.65 10.85 4.73 5.68 14.02 31.24 11.26 8.46 10.41 11.79 10.55 6.48 4.9 5.24 5.93 7.85 11.13 5.01 15.2 14.99 10.12 7.46 4.87 6.68 4.48 6.75 2.14 2.07 4.02 5.39 3.73 12.02 22.61 7.16 5.59 2.94 13.41 14.23 21.23 13.42 8.47 3.73 7.9 17.22 14.87 13.45 11.63 9.07 4.87 5.32 7.87 5.71 8.91 18.77 14.12 22.83 9.63 17.17 22.91 14.68
7.97 12.94 10.93 6.92 4.97 9.6 3.5 4.17 20.24 15.84 17.97 19.28 18.04 19.17 8.08 11.7 8.24 4.54 9.12 11.48 12.34 7.25 10.35 27.06 7.49 8.58 7.78 7.23 7.3 5.88 2.49 3.2 6.22 4.87 2.98 4.83 6.21 7.44 4.49 5.17 9.15 24.32 10.74 11.2 10.03 5.0 7.85 21.12 21.46 11.62 17.82 13.86 20.81 8.4 5.1 8.82 9.65 30.6 39.9 22.79 12.14 11.71 42.23 18.52
11.09 11.14 5.07 2.32 12.94 10.26 5.06 7.56 9.24 14.35 20.34 34.69 9.05 6.3 10.1 11.34 4.8 6.88 5.73 8.59 7.88 9.49 8.36 16.97 10.9 9.58 5.9 8.36 8.19 7.25 7.2 6.39 6.4 5.95 4.89 9.2 8.48 17.29 9.06 7.11 11.53 22.26 9.29 15.64 8.1 3.7 18.08 29.82 17.7 7.43 18.83 13.46 27.02 14.35 10.01 8.0 10.19 12.08 30.04 18.16 26.63 38.4 18.38 13.66
6.96 4.71 6.08 4.07 8.86 16.82 10.89 14.6 9.06 10.77 17.41 15.33 5.05 8.46 8.48 17.51 12.59 7.72 4.41 8.84 8.48 6.91 6.81 12.9 12.81 8.17 11.24 7.27 6.89 5.61 6.77 12.84 12.06 5.44 6.35 14.98 23.53 33.2 7.93 10.96 8.44 11.48 13.34 9.67 13.3 11.29 19.7 25.14 17.14 10.11 17.92 16.23 22.43 18.87 12.99 11.44 10.67 17.38 18.55 13.07 29.88 37.32 21.17 4.53
3.0 3.54 5.16 5.88 9.66 15.22 16.31 12.04 15.76 13.47 11.99 10.26 5.77 5.31 7.79 10.79 9.24 8.32 6.33 13.87 11.31 6.8 6.35 8.32 12.98 10.46 6.11 6.13 4.19 6.63 8.43 17.08 9.94 6.29 9.17 21.4 11.65 18.36 14.38 16.8 14.05 6.59 9.04 9.76 4.84 17.26 16.46 20.12 12.18 13.08 12.92 14.54 10.15 19.15 14.28 8.33 15.2 6.32 12.97 21.78 20.84 19.02 5.81 3.74
2.79 2.96 8.51 7.69 10.29 10.75 9.88 19.08 18.66 8.35 10.77 7.62 5.19 2.51 6.51 10.65 6.43 8.62 11.29 10.86 10.19 4.37 4.93 7.58 10.64 9.43 5.17 4.83 4.92 5.62 5.11 9.49 5.5 4.58 12.19 9.17 8.12 10.68 18.89 10.24 14.49 9.33 5.65 6.25 5.41 7.36 16.43 17.68 10.68 8.58 7.18 5.77 10.51 13.63 23.02 14.25 9.7 12.46 13.93 11.92 6.5 13.16 3.05 6.27
5.46 3.86 5.38 20.34 18.16 6.24 10.42 19.53 17.52 8.38 6.03 5.97 5.11 6.57 10.6 5.94 3.26 8.35 11.04 7.09 5.54 2.96 8.84 9.17 8.63 9.66 4.72 4.24 2.94 3.54 3.84 3.17 4.72 5.68 7.42 9.27 7.09 14.8 12.35 8.15 14.89 7.37 9.87 9.44 8.24 4.6 12.48 8.49 11.71 15.23 14.62 8.11 8.61 14.47 12.09 14.84 15.82 12.3 13.11 16.03 9.21 8.94 7.88 9.23
9.53 5.29 14.07 21.93 8.85 7.64 6.38 8.8 4.54 8.63 7.21 7.82 7.17 7.11 6.37 6.06 4.79 5.21 11.48 9.02 6.69 12.74 12.24 12.31 5.62 12.12 7.23 5.64 5.81 7.86 2.49 8.45 4.76 11.05 8.56 9.84 9.82 7.53 9.73 13.74 17.71 9.01 9.85 5.68 7.05 9.46 10.76 10.42 8.37 22.84 9.19 10.15 5.16 7.82 7.33 10.89 13.24 11.03 22.59 19.24 24.16 10.66 11.88 17.54
15.08 7.36 9.9 9.63 14.6 21.23 9.63 8.49 6.33 6.46 12.14 4.36 11.38 10.81 10.56 10.36 8.97 7.09 9.36 8.7 8.84 5.76 18.09 10.74 9.18 7.57 5.49 8.25 9.62 5.45 2.97 6.31 7.73 8.75 6.99 11.02 9.54 10.82 18.13 9.52 8.56 10.29 14.45 13.75 10.11 21.09 10.44 8.21 13.22 18.57 7.38 8.52 5.8 3.47 3.95 4.8 11.23 5.54 14.85 15.52 15.05 13.48 14.28 17.88
12.24 5.66 3.92 8.05 17.87 14.48 19.16 14.49 7.08 3.1 6.9 5.88 7.69 11.18 20.73 18.86 16.93 6.97 8.17 8.01 13.52 7.04 9.71 9.81 7.41 4.98 7.46 10.56 7.97 7.06 4.36 8.36 4.97 4.99 4.79 5.16 6.12 11.92 9.26 7.58 9.03 14.26 8.61 17.39 14.38 12.25 11.16 9.41 8.67 8.21 7.46 6.44 4.53 5.42 4.36 2.81 6.48 7.84 8.29 11.87 18.81 21.01 9.65 16.89
9.61 6.42 6.53 10.13 9.44 14.17 21.42 10.52 5.61 4.83 5.1 4.87 8.31 13.73 13.5 15.0 12.34 9.16 5.85 9.17 12.23 5.27 10.19 8.09 6.94 5.18 10.31 7.92 5.51 9.1 5.67 5.14 5.6 5.14 6.05 5.81 8.32 10.65 6.09 8.66 10.67 9.87 14.87 14.15 11.34 15.31 8.71 6.01 6.87 10.66 3.51 7.28 7.81 6.33 4.71 4.0 6.87 7.43 5.12 6.74 7.3 14.58 14.13 14.07
11.73 14.1 5.14 5.31 12.02 16.25 11.06 6.65 9.95 4.99 6.73 8.15 8.0 5.84 4.65 16.67 13.47 10.5 12.44 16.24 11.52 7.38 6.35 9.85 8.52 11.51 6.0 3.5 8.44 8.77 8.6 8.49 9.78 12.19 8.06 7.18 9.24 4.28 6.82 24.97 18.74 13.68 4.98 8.19 13.95 14.34 6.78 9.08 8.93 8.22 5.24 6.73 13.59 8.79 11.58 3.87 5.68 5.94 5.99 5.99 15.55 14.4 10.59 11.98
14.91 12.65 4.46 3.63 8.6 6.47 9.32 12.63 21.18 12.25 9.91 11.51 9.97 4.98 4.74 17.99 12.15 21.96 17.06 46.67 14.38 22.34 9.28 10.08 6.88 5.85 4.27 6.9 11.6 7.49 8.18 11.15 11.46 13.56 10.7 6.97 5.23 5.26 10.83 21.42 27.65 11.26 8.51 6.69 13.48 8.15 5.82 10.61 11.44 7.46 14.43 19.88 10.45 8.34 8.97 6.58 5.27 4.95 11.34 10.39 16.05 20.66 10.58 8.36
13.49 7.83 6.65 10.72 10.28 9.19 13.2 19.77 24.57 11.19 10.36 9.62 8.71 5.48 5.35 16.7 12.4 23.87 22.46 32.93 14.92 10.49 9.87 9.0 5.63 2.13 6.33 8.71 8.21 10.24 8.88 9.88 8.36 15.05 12.76 6.59 9.52 7.43 9.71 22.26 28.27 7.97 10.39 31.23 14.78 13.72 5.73 8.6 7.44 13.11 11.04 10.76 4.96 8.72 9.2 5.17 5.23 10.81 11.75 9.57 18.21 10.98 6.37 3.56
9.41 6.63 10.22 14.09 9.93 11.48 12.28 14.59 29.03 7.36 10.18 6.44 15.34 5.79 11.04 15.74 25.26 12.42 34.24 17.24 20.05 7.7 8.16 6.36 2.57 3.27 11.0 10.88 17.22 6.19 3.18 5.89 10.27 7.63 10.23 5.75 5.21 5.02 13.49 13.82 11.37 19.28 9.63 18.44 17.71 14.71 11.89 5.12 11.61 9.24 7.97 12.45 10.14 5.55 8.85 5.98 7.51 10.56 9.88 5.16 9.57 6.79 3.51 3.15
12.88 13.21 7.25 10.19 8.24 5.92 9.51 10.32 13.24 7.43 6.28 6.29 7.48 6.05 15.63 20.78 15.15 9.01 19.37 16.09 7.08 4.5 8.36 10.67 8.13 2.94 9.85 16.33 16.58 8.58 4.99 7.18 8.51 4.89 7.36 7.47 5.45 7.09 6.91 6.1 6.34 6.85 9.83 10.36 18.57 9.97 10.46 4.63 8.43 7.98 5.89 10.06 5.19 7.71 5.64 6.3 4.6 4.65 5.28 6.23 4.97 5.4 4.82 7.15
