12.49 7.02 11.45 9.29 8.85 23.8 16.09 10.27 8.33 7.59 5.65 3.34 6.4 7.12 6.58 5.22 8.92 14.93 8.08 4.02 3.55 5.74 3.77 4.71 11.23 10.79 6.86 5.5 6.39 9.72 14.08 6.92 19.0 10.19 11.02 5.47 13.33 22.1 15.63 11.12 16.66 13.41 8.09 6.49 5.71 7.12 7.05 6.83 4.76 9.5 12.31 9.23 5.65 5.48 4.33 4.1 7.02 4.53 5.26 7.88 4.97 8.6 6.09 7.49
8.41 4.52 9.9 5.36 6.58 10.47 12.97 7.61 7.79 10.38 6.52 5.4 4.62 16.18 11.52 9.01 7.64 12.55 7.31 5.38 3.48 4.15 6.62 8.67 8.05 9.82 5.41 6.36 6.97 12.05 13.8 16.57 20.11 20.28 14.38 9.8 23.46 13.08 7.82 7.09 20.69 25.3 8.85 11.33 6.46 8.37 6.98 4.71 6.83 7.61 7.55 14.05 7.54 11.54 7.84 7.77 3.76 4.59 11.2 8.19 9.02 11.83 18.5 8.02
9.37 12.89 8.4 9.36 10.56 9.48 9.54 10.29 21.98 17.37 13.36 2.85 4.03 15.04 8.4 6.76 8.04 13.09 9.61 4.43 1.75 2.15 9.56 6.94 8.6 9.82 7.22 7.72 7.0 11.15 14.7 22.35 18.33 14.05 17.82 12.61 12.19 7.19 6.28 5.3 14.56 19.12 10.65 6.89 7.92 7.7 4.99 5.69 3.65 5.56 4.52 14.46 10.5 14.79 5.96 8.52 8.22 10.82 17.75 7.98 8.28 15.64 12.72 9.86
12.62 13.74 11.31 9.41 16.91 7.57 8.04 8.41 21.33 10.86 10.7 3.86 5.83 12.33 9.81 4.93 5.04 10.4 11.33 3.52 1.37 1.91 5.69 7.54 15.06 12.0 8.55 4.72 5.04 5.39 8.2 7.22 9.0 13.05 13.19 23.32 13.4 10.21 9.66 7.64 9.34 7.07 9.67 7.09 6.74 3.57 4.17 3.96 2.93 3.98 5.6 14.92 15.99 14.81 11.51 11.4 10.68 13.37 8.82 7.9 7.93 12.78 23.81 16.99
7.73 10.17 14.32 13.4 10.9 8.38 14.3 5.54 17.17 27.08 10.88 4.52 2.52 8.59 6.59 8.72 6.42 11.89 10.48 4.81 2.5 4.87 3.28 3.75 7.4 8.1 3.32 4.97 10.69 6.47 6.11 6.19 8.2 17.26 8.57 7.92 6.72 9.82 14.09 6.83 9.55 5.43 13.28 8.55 4.57 3.15 4.68 6.67 3.03 2.96 6.23 10.21 10.04 11.68 12.02 23.09 16.01 13.09 9.9 5.63 6.7 7.02 13.26 12.03
4.63 5.88 10.98 6.08 6.32 5.93 10.57 9.92 8.49 14.33 9.61 4.21 2.62 5.8 7.66 4.83 6.81 7.89 5.47 9.66 2.73 4.34 2.71 9.25 5.23 7.84 11.03 6.55 15.15 16.52 10.44 7.41 8.86 13.37 7.38 5.54 6.19 10.7 11.81 9.0 11.37 13.69 8.28 7.45 5.56 14.33 3.66 6.79 6.44 7.33 7.83 11.26 11.34 6.36 21.62 34.16 14.57 11.23 8.81 7.67 9.41 9.11 11.56 9.03
8.21 5.25 12.79 8.38 3.57 3.72 4.9 8.87 7.86 9.51 9.02 4.63 7.57 8.35 22.72 6.92 3.09 5.93 4.9 11.03 4.47 5.45 8.74 12.66 13.12 12.43 21.45 18.67 8.07 13.36 9.95 7.34 10.42 10.7 10.33 5.3 4.1 9.31 8.83 23.05 20.88 13.78 4.03 4.31 6.67 4.08 7.36 5.57 12.28 11.82 9.9 9.15 15.44 13.62 14.38 18.54 16.16 16.79 14.66 12.94 11.22 18.73 12.26 8.09
6.04 5.64 2.48 10.65 4.54 8.44 4.13 5.17 8.13 9.02 8.33 4.16 6.01 7.3 13.13 12.99 5.8 4.68 10.09 9.52 11.25 13.66 26.73 21.23 20.89 20.87 17.22 23.96 7.4 8.68 8.95 10.67 14.91 5.23 10.11 4.55 5.76 6.4 17.77 10.01 8.73 5.73 6.8 2.98 8.3 6.56 7.4 8.95 9.34 13.78 12.04 6.76 13.49 26.08 33.69 29.96 29.49 19.12 6.04 10.62 21.99 17.61 11.21 4.22
7.17 7.15 3.59 11.23 10.93 15.62 3.85 3.84 8.91 5.37 7.14 4.53 7.41 5.84 15.45 18.44 5.06 5.75 5.14 5.95 6.3 12.38 32.07 29.28 26.24 19.63 11.18 15.59 14.99 8.68 9.24 4.96 7.8 3.8 9.34 6.28 4.09 4.7 4.29 8.19 8.88 4.92 5.27 7.34 8.18 7.94 6.54 6.87 11.42 21.09 13.08 18.09 13.13 7.11 14.1 32.32 21.94 13.59 16.35 19.29 19.7 6.76 10.74 5.59
10.39 7.14 10.49 11.68 16.79 8.65 6.98 4.65 5.1 5.55 3.4 6.65 5.94 10.45 9.62 4.85 4.83 4.41 3.75 5.49 11.17 8.0 20.15 13.17 24.12 20.37 13.15 15.76 15.5 16.01 7.89 5.01 6.29 5.28 3.03 3.77 2.0 3.9 3.51 5.35 5.46 5.26 3.92 4.68 7.95 5.65 4.62 6.77 8.8 15.92 9.21 15.32 8.41 6.31 13.56 40.59 33.15 16.36 16.04 24.0 16.49 12.85 17.41 9.9
6.59 7.41 6.37 8.04 8.6 8.85 4.55 5.19 7.1 11.54 6.67 5.91 8.25 6.01 7.97 6.09 19.79 5.95 6.61 6.3 11.28 6.37 14.24 11.26 14.17 18.98 8.64 8.06 10.89 11.43 12.07 6.39 4.87 11.12 7.84 3.91 3.08 4.06 3.51 6.13 7.81 7.51 4.27 4.13 5.34 9.91 4.91 5.23 5.65 8.93 8.25 8.69 10.14 5.11 13.65 30.84 46.72 41.32 20.61 58.4 18.73 9.11 8.61 11.11
13.7 12.84 9.53 5.43 7.97 7.1 10.65 7.51 3.86 7.57 7.15 9.34 9.01 12.66 15.7 8.53 12.19 6.42 6.78 10.73 5.25 3.24 4.49 6.46 15.03 12.51 6.76 4.23 11.22 13.75 9.14 4.11 4.75 6.02 4.45 4.56 4.31 8.09 9.88 15.37 11.02 6.47 5.95 6.23 5.05 3.82 3.93 9.0 8.25 6.13 10.27 3.51 6.38 11.03 51.51 36.03 38.78 28.45 18.17 15.95 21.89 12.53 14.71 23.69
14.22 14.17 16.87 7.65 9.2 12.41 12.17 9.08 4.29 16.15 14.13 16.41 8.62 13.14 20.71 12.67 13.02 13.77 12.77 6.93 6.09 4.81 4.71 5.14 10.69 6.53 7.74 14.97 14.8 9.03 5.23 5.35 7.6 8.09 6.95 3.49 10.25 6.14 6.39 9.11 5.58 6.47 3.21 6.29 4.14 7.92 11.39 8.14 6.19 6.6 4.74 2.76 7.86 11.75 20.46 13.03 19.16 19.71 17.43 13.48 27.22 30.97 11.95 10.63
11.23 16.38 9.18 6.27 5.87 5.9 8.06 5.21 11.91 8.15 17.94 11.03 29.4 20.91 17.62 9.41 14.06 16.75 7.2 5.37 6.12 3.31 6.64 6.33 7.08 7.81 8.56 4.13 4.87 10.19 8.36 7.15 5.29 4.69 5.37 10.84 11.95 12.19 8.17 5.75 4.38 8.76 3.56 4.58 6.11 16.85 7.0 9.41 4.94 4.49 3.51 3.79 5.99 7.06 7.72 13.93 18.7 13.79 20.88 22.49 18.0 10.62 9.47 11.32
11.02 11.96 14.91 12.23 12.19 6.51 7.65 5.78 19.48 17.68 15.97 8.91 20.09 24.96 14.53 8.15 8.02 13.69 10.36 5.79 8.27 8.91 4.85 3.9 6.12 5.22 10.79 13.02 6.24 16.87 7.98 5.43 3.46 3.8 4.96 8.96 11.6 10.67 5.43 3.69 2.9 6.94 12.64 7.59 6.22 9.74 4.64 4.11 4.16 4.4 4.49 6.97 8.02 6.51 6.43 15.81 13.69 9.45 13.98 8.55 13.85 8.43 10.19 14.25
4.16 7.37 14.02 14.04 11.72 13.82 18.84 14.97 19.8 24.22 12.63 12.43 17.15 19.73 3.18 4.12 6.94 7.87 6.88 12.79 11.26 11.64 8.16 6.29 7.96 11.78 8.41 11.72 11.65 10.59 8.6 7.25 4.12 3.1 3.47 5.97 6.6 6.97 5.53 4.95 7.98 12.01 8.41 4.08 4.63 5.9 7.49 8.13 5.48 6.9 6.25 7.04 5.59 8.89 7.6 11.67 14.31 5.87 5.07 4.58 14.47 15.01 18.28 11.19
6.67 11.28 23.47 15.33 20.13 19.59 24.03 23.07 23.94 27.05 15.36 26.3 9.7 9.94 6.63 7.88 4.3 10.54 15.33 18.37 15.35 10.98 7.63 9.23 4.53 5.81 9.24 13.09 16.02 25.27 13.39 7.95 6.82 4.36 1.33 3.05 4.65 6.19 3.81 5.34 9.74 4.71 7.24 6.21 6.6 8.92 9.71 12.42 7.64 11.96 9.16 6.82 11.36 9.01 11.31 7.07 6.48 5.27 10.93 6.89 16.97 17.09 10.85 4.7
5.74 3.47 10.06 8.39 10.81 10.14 26.53 59.16 19.83 23.78 17.95 18.53 9.41 10.14 9.49 5.74 5.94 6.61 14.87 12.06 11.5 14.74 8.35 5.21 1.94 4.41 7.47 10.88 11.47 7.14 10.16 9.07 6.93 2.75 1.49 2.13 2.86 5.81 6.21 5.44 5.25 5.2 7.92 4.38 4.83 5.36 10.51 7.57 11.78 15.45 15.71 8.28 12.11 9.65 7.31 5.26 11.0 15.66 4.87 11.15 14.29 17.19 5.35 4.57
4.69 6.3 12.96 15.01 13.35 8.01 23.69 36.41 27.24 25.47 25.83 14.04 12.88 7.61 8.72 7.36 7.02 4.66 2.78 9.99 10.71 5.5 6.15 5.39 3.97 3.21 6.32 8.62 9.56 9.72 14.32 8.53 1.38 0.89 1.84 2.48 4.37 5.21 4.82 2.58 2.79 6.17 6.32 3.07 3.49 8.92 15.22 8.7 16.71 12.32 9.11 6.48 7.74 4.43 4.59 8.26 8.35 11.28 7.56 13.0 25.3 13.13 5.97 10.76
4.88 6.38 8.89 9.79 7.38 11.23 13.52 21.7 29.14 19.08 15.9 6.27 15.24 12.72 8.81 19.82 5.16 6.16 3.12 7.18 4.78 5.67 7.5 3.49 2.64 7.84 6.04 5.91 7.21 8.81 8.23 4.39 2.36 1.19 3.06 3.13 3.85 4.51 3.55 4.24 3.37 5.2 7.35 4.04 9.04 6.3 6.37 9.51 11.98 9.48 14.01 5.47 6.02 4.8 7.1 8.09 9.04 6.92 5.54 8.1 10.06 12.87 17.06 14.22
4.78 5.84 5.23 8.81 8.02 11.18 11.48 7.0 13.14 8.21 8.79 9.0 22.67 25.32 17.89 15.72 5.0 7.99 4.74 6.42 5.95 7.24 6.99 5.9 3.42 5.88 10.59 10.19 7.94 9.48 7.02 2.72 4.49 3.22 4.74 8.38 9.39 4.28 3.6 6.52 6.97 5.12 10.26 10.86 12.18 11.98 8.14 3.84 7.51 7.91 9.94 5.12 4.52 5.39 3.51 8.2 5.81 7.67 7.84 12.34 19.62 18.17 12.0 8.11
5.88 4.67 2.84 12.67 23.8 9.15 8.99 6.96 27.43 8.11 4.7 5.65 13.16 21.14 16.58 17.27 14.14 7.19 11.65 4.89 3.73 4.39 6.55 12.46 12.78 19.95 27.63 14.9 8.0 9.43 7.92 4.48 4.44 7.0 7.63 8.2 9.05 6.16 5.99 4.6 5.03 5.84 7.42 9.63 18.5 10.36 5.87 6.78 5.17 5.92 12.04 3.9 4.31 8.31 6.16 6.16 7.16 8.32 9.33 13.44 14.0 13.17 14.41 30.04
5.42 2.02 4.43 11.11 20.77 14.5 11.25 14.69 10.23 8.95 2.98 4.98 8.29 18.38 38.99 21.67 55.42 14.02 9.75 4.9 4.86 3.92 5.3 20.75 24.41 27.3 19.91 14.81 20.49 13.4 8.34 6.32 7.13 6.7 5.21 6.5 9.27 9.55 11.77 7.38 6.41 8.81 42.98 17.96 8.2 14.5 10.37 6.52 5.85 3.59 7.25 4.38 3.39 8.32 14.0 9.57 4.81 10.12 8.9 11.89 16.19 17.89 6.59 26.69
6.98 2.6 7.2 10.57 8.4 9.32 8.79 7.4 8.33 12.65 2.89 5.17 8.02 20.96 33.16 14.47 25.35 7.78 5.6 5.82 4.48 2.71 1.76 10.47 29.31 15.77 12.88 27.31 14.68 6.94 5.29 6.25 7.98 6.25 13.24 11.39 4.89 5.92 8.04 7.29 12.47 16.2 10.09 12.77 7.44 11.91 15.3 11.25 7.61 6.87 8.02 4.0 3.86 11.26 6.46 12.33 14.48 12.46 15.2 16.68 6.46 10.53 10.34 30.16
6.53 3.54 5.37 7.98 8.66 10.08 5.58 4.59 7.95 11.61 4.66 4.64 6.25 23.94 25.9 20.36 11.42 8.5 5.6 5.69 2.18 2.13 3.83 12.39 21.43 10.76 8.84 11.58 10.27 12.3 9.89 6.86 7.29 14.5 5.86 6.67 6.33 4.36 4.84 6.41 5.3 9.64 9.51 13.47 8.82 7.0 6.09 8.88 11.02 4.86 5.05 5.73 5.35 9.55 15.94 11.38 11.06 9.35 18.8 14.24 7.47 9.5 12.1 18.25
6.67 10.17 5.02 5.37 7.41 12.12 3.44 6.15 14.91 12.56 7.15 4.26 9.52 21.94 16.04 10.51 8.22 6.83 3.47 2.77 2.81 2.81 11.14 11.45 15.64 12.59 12.81 17.98 13.79 8.08 7.9 6.87 9.13 5.34 5.61 5.91 3.68 5.27 3.39 11.88 6.39 3.87 8.29 15.37 7.5 5.51 8.57 6.12 4.94 7.18 5.66 2.6 4.29 4.07 8.97 9.57 11.35 12.78 12.06 11.86 7.63 11.55 12.86 17.82
9.69 9.4 8.65 7.7 6.79 8.53 8.85 4.34 12.59 8.28 8.51 6.74 16.67 20.83 7.62 11.36 8.93 5.28 2.45 3.04 5.98 4.69 12.84 18.7 26.85 14.25 10.99 10.76 24.01 14.0 8.38 6.38 7.78 6.63 7.45 15.37 6.5 4.57 5.59 6.22 5.02 5.24 7.06 12.69 7.22 7.44 8.13 6.72 6.26 3.46 3.54 2.89 4.41 4.6 5.54 5.94 4.87 8.71 7.17 10.93 13.28 4.96 11.49 6.7
7.55 6.76 10.85 14.76 13.31 9.1 9.2 9.74 9.41 17.66 12.6 8.69 9.36 18.55 3.91 4.88 4.08 6.28 4.59 5.86 18.79 13.03 10.36 10.17 12.87 18.85 8.09 15.61 17.69 8.14 10.12 15.22 42.63 31.01 9.59 8.6 6.7 2.68 4.08 5.21 13.02 9.09 10.71 11.84 4.97 5.56 4.42 6.25 3.2 3.85 4.16 3.22 3.26 6.14 5.28 3.89 7.59 6.48 8.1 5.1 4.05 3.01 6.38 6.26
6.35 7.99 14.13 10.83 12.44 13.97 7.66 9.53 4.79 17.64 11.8 10.62 9.38 7.08 4.73 4.67 7.24 11.64 11.94 6.54 8.33 11.52 7.37 25.03 23.97 18.89 13.43 19.1 19.51 11.84 15.02 22.58 34.85 27.73 14.64 11.0 7.01 4.06 5.21 16.98 22.41 21.54 11.52 7.25 4.19 8.25 4.37 5.56 3.72 2.69 3.88 7.36 6.08 4.49 3.23 3.98 7.82 3.87 2.94 4.78 10.28 6.64 7.57 4.1
6.07 11.69 10.06 7.3 11.25 11.6 6.72 7.92 5.57 15.69 11.35 5.83 5.16 7.31 5.24 6.81 6.57 10.05 8.9 4.4 4.61 5.47 25.06 42.21 26.97 12.91 13.85 19.24 14.01 11.33 5.72 8.64 21.44 27.07 16.07 15.53 12.64 7.71 6.95 15.47 40.56 23.78 10.94 9.65 10.25 6.38 5.79 3.25 3.47 5.24 5.85 10.34 4.84 2.24 3.31 3.14 8.68 3.16 4.68 7.32 7.46 11.21 6.21 4.25
7.68 9.65 4.43 6.64 4.8 15.97 13.15 9.36 7.0 15.55 7.71 6.37 7.5 4.77 6.32 6.16 6.42 10.83 5.27 2.73 4.99 12.24 19.64 23.97 19.4 7.56 11.1 7.92 20.77 9.24 5.23 4.16 32.43 22.39 15.09 20.1 15.85 5.22 6.79 8.04 16.75 7.03 10.31 5.84 7.06 4.34 4.83 4.84 2.56 2.3 5.99 8.26 4.73 5.95 4.5 4.6 5.79 11.75 4.83 4.83 5.99 6.92 5.63 5.1
4.96 4.8 7.03 7.55 7.57 11.96 18.84 4.67 3.85 9.97 12.27 3.56 7.48 9.79 6.31 7.83 4.84 14.98 7.52 6.0 5.6 10.21 13.21 6.52 16.1 10.88 12.39 5.07 9.56 2.95 2.27 3.07 16.85 29.86 20.98 13.82 13.55 4.74 2.76 8.32 13.19 10.95 9.16 5.13 4.06 5.08 7.48 3.19 2.91 2.59 3.11 10.39 4.6 5.92 2.26 4.8 9.3 6.91 8.47 10.77 6.38 4.36 13.75 6.58
7.18 3.4 6.84 8.4 11.53 10.52 8.22 3.29 4.46 6.74 8.25 8.07 4.97 5.5 6.6 3.89 5.76 12.2 7.09 5.42 7.09 9.15 12.72 8.83 11.56 8.36 5.56 1.99 3.31 3.94 3.39 4.82 8.16 26.08 12.58 8.44 9.07 9.67 4.13 6.11 10.98 12.6 5.28 13.84 13.21 13.03 10.31 3.07 2.4 2.02 2.88 6.24 5.46 5.71 5.17 9.32 10.68 11.41 5.49 7.18 6.03 9.09 9.42 10.15
11.81 5.63 4.79 12.01 6.88 7.59 9.54 4.56 4.23 4.18 6.4 5.28 8.61 5.32 9.67 4.87 7.45 8.11 12.0 8.07 10.44 7.62 7.18 7.84 6.04 9.0 5.48 4.42 8.07 8.38 5.8 5.82 12.88 26.98 14.14 10.61 9.3 8.52 4.3 7.67 11.85 17.23 9.93 9.77 22.13 14.51 6.07 3.48 1.54 3.57 3.01 5.85 8.16 11.06 8.23 11.95 6.36 13.68 8.65 6.39 6.2 8.37 6.81 5.19
6.47 10.75 17.25 8.91 7.03 2.9 6.26 3.74 2.29 4.73 4.74 6.03 5.47 10.65 17.79 7.25 9.44 5.32 11.1 7.35 5.42 9.01 4.55 10.46 6.67 16.2 7.27 6.29 11.2 13.25 13.7 11.56 15.95 21.62 15.96 7.81 18.39 12.31 20.95 22.65 25.36 14.91 8.36 12.86 11.11 10.79 3.42 3.74 4.21 2.98 4.74 5.23 11.87 15.9 14.1 9.65 8.65 11.26 7.12 3.5 5.79 5.28 6.75 4.97
20.35 15.0 13.18 15.35 4.48 3.83 2.6 3.75 3.79 5.25 9.3 8.58 6.4 12.47 20.31 7.83 3.65 3.33 7.58 8.66 8.99 15.85 8.59 12.81 9.19 13.02 7.56 5.27 12.23 10.75 6.85 12.03 9.0 14.28 13.58 8.79 18.76 15.1 12.38 11.34 8.8 11.36 9.7 12.68 12.07 3.26 5.16 3.2 3.16 2.92 4.14 8.96 11.33 11.71 13.61 11.0 9.82 12.24 10.05 7.24 4.89 4.12 4.31 9.68
20.51 11.25 9.45 6.15 4.49 4.63 2.31 2.8 4.23 3.43 11.26 8.47 16.1 14.1 20.12 10.01 4.59 2.93 6.8 4.23 12.52 14.91 9.6 11.54 10.51 10.0 7.12 7.11 4.0 6.69 6.33 10.69 6.31 14.25 4.99 6.96 9.21 13.1 14.8 12.29 4.16 6.21 7.6 4.42 4.56 2.3 3.4 4.69 3.02 5.8 6.3 7.22 7.16 6.12 7.95 18.02 14.49 6.08 3.16 7.78 5.96 4.02 8.58 7.99
18.91 12.8 11.69 13.03 5.19 3.63 2.08 1.74 5.41 5.42 19.34 12.05 14.99 17.21 8.47 16.43 8.56 2.53 3.02 4.79 8.31 7.2 8.12 7.14 7.22 6.21 7.95 6.98 4.37 9.91 5.77 6.08 6.27 7.82 5.99 5.28 6.19 9.39 6.47 7.79 4.13 4.4 3.89 2.02 3.98 4.57 5.03 2.39 2.93 2.96 4.96 4.53 5.82 7.7 15.61 24.16 10.33 7.69 4.81 12.78 6.27 4.93 5.07 5.53
11.12 11.68 8.99 8.24 4.41 2.97 2.03 4.84 8.78 6.42 9.35 10.8 5.99 17.14 9.83 15.45 5.04 2.53 3.7 3.97 10.56 11.41 10.31 13.13 14.6 7.78 8.89 2.95 2.18 7.16 8.42 5.63 5.16 9.54 2.81 6.05 9.26 6.91 8.51 5.76 8.72 2.6 2.55 3.0 6.19 4.49 3.07 2.39 2.99 3.7 4.63 4.42 7.53 6.65 9.66 7.72 7.43 15.54 9.88 10.38 10.52 7.55 13.29 6.04
15.32 6.04 12.56 13.79 10.86 9.62 5.25 5.49 5.94 5.11 6.22 12.78 10.56 12.37 14.69 11.52 5.15 2.87 5.73 4.59 8.27 17.41 14.57 8.27 5.55 13.26 9.67 9.57 5.96 9.07 5.49 4.29 3.3 6.5 9.53 6.87 7.21 11.03 5.15 4.29 8.28 5.35 3.87 6.19 4.4 4.56 4.34 2.97 3.57 4.24 5.97 4.06 7.54 3.23 7.96 6.64 19.0 14.03 11.82 10.54 25.65 11.98 7.1 5.69
16.98 11.93 10.98 7.21 13.41 7.44 5.8 6.39 10.39 5.42 5.71 16.71 10.86 8.7 13.6 8.87 12.13 4.73 6.98 4.61 6.12 11.19 7.29 10.6 10.75 9.03 19.73 8.03 6.97 6.62 4.67 7.64 8.42 13.44 12.9 18.11 10.01 6.0 5.92 3.25 3.7 6.16 4.1 5.71 4.08 5.8 5.05 2.25 4.35 6.45 6.89 5.52 7.81 4.48 5.94 9.47 19.51 6.21 4.68 8.63 11.05 18.66 5.69 5.25
20.9 16.72 9.4 8.16 10.1 11.14 8.17 7.08 4.19 4.7 5.65 5.27 12.67 7.91 11.02 8.89 12.1 6.09 2.89 4.8 5.08 4.82 6.84 6.24 11.95 6.52 12.4 25.74 21.68 12.32 6.6 5.83 6.11 7.94 14.34 13.18 10.92 6.84 4.18 5.21 6.26 6.06 5.53 2.75 3.43 6.74 6.76 1.53 1.71 5.03 4.25 12.87 6.94 7.62 8.07 6.53 11.25 4.29 5.29 4.65 9.6 15.15 6.99 9.84
12.48 28.13 9.53 6.32 10.34 16.5 9.72 6.19 4.9 8.22 5.65 3.61 4.63 8.39 6.11 10.27 6.17 7.65 3.86 5.78 3.53 2.65 3.07 7.8 8.99 12.79 19.89 17.68 10.79 8.63 6.62 4.9 7.85 7.91 11.66 13.23 11.42 10.06 3.28 3.09 5.64 2.44 2.59 2.61 8.85 5.98 4.51 2.69 2.28 4.03 4.85 4.17 6.37 9.26 13.68 13.92 7.66 4.84 5.81 3.92 7.36 10.98 12.53 6.66
12.84 8.48 4.04 9.59 10.06 14.94 9.1 5.21 9.27 15.84 9.15 7.2 7.95 10.2 4.2 6.95 3.24 3.16 4.69 5.27 3.43 4.87 9.46 6.3 9.0 8.96 14.79 8.42 12.21 14.07 7.42 6.71 5.94 15.99 15.06 17.9 23.11 15.38 6.5 3.42 4.16 2.69 2.28 5.18 9.6 6.99 5.55 4.79 4.62 1.58 2.23 5.17 4.9 17.91 7.49 9.93 9.87 5.2 2.55 3.09 4.66 4.81 7.49 6.72
14.17 8.49 4.74 6.8 10.02 7.71 15.07 17.43 15.41 6.8 6.16 8.42 3.7 5.05 3.79 1.19 2.09 3.88 8.68 5.62 5.55 4.09 3.92 3.05 5.68 4.95 13.82 7.76 12.72 28.96 24.39 15.04 10.62 18.72 19.21 14.31 17.92 12.94 7.24 4.83 3.19 3.31 3.27 2.54 4.44 13.27 7.83 7.19 4.2 2.78 1.84 4.4 9.37 18.33 8.06 9.66 7.7 5.91 2.4 1.79 5.5 6.08 6.45 6.89
10.39 6.47 11.37 7.6 7.23 6.88 8.01 11.37 7.48 8.18 5.63 6.18 6.2 7.76 3.8 2.56 2.33 4.53 9.18 6.65 7.41 8.63 6.19 4.17 7.64 5.8 4.07 6.52 13.74 17.24 29.91 17.32 15.88 8.78 22.28 8.7 7.4 4.85 5.77 7.02 3.48 4.54 3.77 3.18 4.83 12.96 7.67 5.26 3.04 2.45 2.16 2.31 5.97 12.63 10.73 9.98 8.61 9.57 4.34 6.54 4.58 7.52 3.26 4.5
8.89 12.32 7.44 4.97 4.22 4.63 6.69 5.62 10.36 7.91 9.56 15.46 6.69 9.52 3.18 1.41 1.87 3.58 4.8 6.81 2.78 4.5 5.32 14.43 8.07 7.99 5.8 4.75 10.57 13.42 26.22 20.96 15.05 8.41 5.73 9.27 3.81 5.04 12.44 9.23 8.43 8.56 5.34 5.99 5.58 14.33 5.37 3.78 2.52 2.57 2.95 5.41 6.93 10.8 11.01 10.45 5.41 6.0 5.78 4.69 4.26 3.56 3.84 4.8
11.41 3.4 3.94 7.23 6.02 10.38 7.12 4.49 15.11 12.0 3.19 6.33 8.07 5.8 5.77 3.22 1.87 2.89 3.42 4.06 1.79 3.99 3.94 12.02 11.17 13.86 9.33 9.9 9.67 13.08 19.43 13.85 8.43 6.76 5.09 4.43 5.12 9.14 8.75 8.37 7.5 14.4 5.71 7.57 5.52 3.28 4.42 5.75 3.49 6.18 4.81 7.74 11.52 9.39 17.39 9.39 4.11 1.58 4.68 5.0 6.2 3.54 4.18 5.25
4.61 10.86 6.04 13.97 13.4 4.6 2.48 4.57 8.82 8.85 4.97 3.74 6.65 5.72 4.88 1.97 3.61 4.21 4.2 6.49 3.04 3.23 9.33 23.46 34.71 21.54 18.98 11.13 9.26 6.81 6.78 4.85 9.08 10.91 7.25 4.11 6.35 7.55 7.78 6.93 6.4 6.5 6.33 4.82 4.02 2.78 6.18 6.98 7.33 9.09 7.67 6.43 8.47 7.4 8.24 8.31 4.15 4.4 3.37 4.08 3.05 2.56 5.16 9.61
10.67 7.38 9.03 5.92 5.3 5.65 3.85 6.22 8.87 3.83 6.69 5.0 4.86 6.14 9.0 3.12 3.36 10.66 11.61 6.49 2.85 4.42 18.14 18.61 34.39 29.06 11.65 13.71 9.26 12.15 8.82 8.83 5.51 6.77 7.97 3.66 9.79 4.02 5.85 2.99 7.14 6.29 7.85 7.48 8.18 5.04 9.18 4.79 3.5 6.72 3.96 6.46 7.58 9.06 8.83 8.47 6.55 3.9 2.22 1.46 3.57 3.88 7.56 11.63
8.56 3.25 5.56 6.25 7.72 5.06 9.3 11.86 5.32 9.84 7.89 3.73 2.48 3.85 6.54 5.43 4.15 7.22 12.06 9.48 6.25 5.62 11.14 18.68 18.47 38.69 7.97 10.71 8.56 9.67 8.67 7.09 8.3 5.42 6.85 7.29 6.77 3.3 5.96 3.48 3.9 5.74 4.89 7.96 15.28 10.9 7.99 7.34 4.82 4.29 3.45 4.13 6.95 7.96 10.27 7.48 4.63 3.09 1.55 2.64 3.47 5.77 7.13 10.1
7.2 4.69 4.84 3.68 9.03 6.86 8.1 10.37 8.97 9.41 6.18 6.07 5.38 5.11 4.9 7.02 8.6 6.76 18.98 10.95 5.57 4.26 13.54 19.63 26.55 13.42 10.15 16.85 9.14 10.67 4.49 3.56 1.51 5.02 9.78 6.92 6.75 7.28 5.39 3.96 2.72 4.78 4.87 8.0 7.53 9.18 5.19 5.38 6.06 4.76 3.77 5.46 9.21 13.49 14.96 13.3 10.75 3.53 1.91 2.59 2.84 3.83 4.94 10.62
3.06 6.12 7.07 6.19 15.11 12.61 8.55 8.89 10.56 5.9 3.78 6.39 7.0 6.85 5.66 6.87 22.45 16.89 35.06 36.6 16.09 7.39 6.84 12.61 8.78 10.3 8.68 7.02 6.16 4.87 3.01 2.17 2.46 5.46 9.94 11.92 8.0 6.67 6.33 5.52 6.13 6.85 9.59 11.39 8.62 7.27 9.81 6.46 9.4 7.15 8.07 11.17 12.83 7.97 18.3 13.42 11.0 5.51 4.52 3.75 1.96 2.92 2.99 10.3
6.11 10.79 7.63 11.72 16.58 10.88 8.01 6.59 8.07 7.53 6.85 9.05 11.72 11.38 13.88 11.53 15.02 32.79 15.6 13.01 8.39 7.77 7.21 8.99 13.52 6.96 5.49 6.28 6.34 4.46 5.63 5.31 6.3 4.87 8.74 15.08 17.82 10.62 5.42 5.85 8.69 5.78 13.25 12.86 14.54 6.18 10.54 10.35 12.87 9.5 8.55 8.07 6.45 11.46 13.67 18.38 9.68 3.7 2.7 3.22 4.51 2.89 3.46 9.93
8.26 16.24 10.03 17.77 7.9 4.86 9.48 5.1 3.65 3.06 10.27 10.74 14.03 14.96 13.45 18.4 25.91 21.94 19.48 7.25 6.56 8.7 9.59 12.67 12.42 13.05 9.83 6.37 9.21 9.78 4.31 7.87 8.96 8.19 6.22 12.01 10.13 5.68 4.61 3.64 11.91 25.69 11.45 12.25 12.7 11.14 4.0 6.72 6.75 4.21 6.33 11.03 8.9 6.61 9.38 11.73 12.68 2.89 2.79 2.76 4.3 2.66 3.22 9.37
5.02 8.99 4.87 8.14 6.32 9.33 9.76 5.84 3.94 4.41 9.11 9.34 10.15 8.74 20.51 15.71 11.64 10.15 13.45 15.13 12.65 9.91 9.93 16.02 29.14 13.41 7.95 6.96 6.31 6.04 5.89 9.02 6.63 10.05 4.28 9.8 15.95 10.11 3.13 4.84 19.62 29.77 11.27 7.36 4.6 5.74 5.44 5.93 10.69 6.27 3.8 4.13 6.55 7.68 8.6 17.21 7.56 2.08 2.54 2.92 3.12 2.34 3.19 5.4
2.47 5.97 9.32 10.12 12.91 13.22 8.46 5.71 4.18 7.12 5.66 8.9 5.59 4.77 15.19 12.05 12.52 7.93 8.25 9.08 13.01 6.52 14.22 11.25 9.75 10.88 5.02 6.2 5.49 4.48 4.02 17.18 8.95 7.5 13.32 8.87 8.61 7.96 7.04 5.64 17.89 11.11 6.24 5.49 6.95 8.44 4.47 7.42 5.78 6.62 5.05 4.51 10.49 8.62 6.81 15.33 5.27 4.0 3.9 3.57 6.39 4.82 4.49 4.71
7.02 6.23 5.62 5.52 16.79 26.71 14.35 9.07 4.0 6.31 4.29 5.28 12.16 6.37 8.56 9.88 8.09 11.84 7.06 8.98 9.76 14.83 12.61 8.67 4.99 5.74 4.23 3.9 7.36 13.0 15.59 15.29 14.04 7.14 8.34 11.37 10.02 3.15 3.68 6.54 8.51 10.27 10.66 8.64 6.58 6.71 4.75 5.78 11.75 4.13 6.69 8.35 8.38 5.63 3.57 7.37 6.85 2.64 6.25 6.0 8.78 10.37 6.57 8.19
6.85 5.67 8.37 14.36 25.29 19.77 5.82 10.24 6.8 8.68 9.42 11.02 12.37 12.48 5.99 7.79 8.32 6.8 6.55 9.49 14.06 17.49 13.28 1.97 4.19 11.77 6.17 5.63 15.35 6.5 7.5 5.94 8.76 12.2 13.32 13.82 6.53 7.32 2.47 10.43 9.4 7.99 12.26 4.59 6.27 3.51 4.89 6.97 7.84 4.96 5.71 12.7 12.31 7.31 5.05 10.01 15.93 7.85 5.14 14.63 39.95 25.01 11.95 15.6
5.81 7.99 8.1 11.85 17.08 21.92 9.9 7.46 8.77 18.92 26.65 12.62 13.83 5.77 10.27 14.0 15.88 15.52 8.95 6.32 14.28 9.65 10.0 8.23 6.66 8.23 3.08 4.01 7.7 5.0 3.72 3.26 8.03 8.66 9.49 6.52 5.24 13.49 4.05 6.69 12.93 24.18 7.57 3.29 4.89 4.92 3.75 3.88 3.29 7.02 9.36 10.48 12.47 6.84 6.09 18.39 16.77 10.98 8.95 18.65 29.16 24.22 20.69 19.97
2.95 5.26 4.94 9.0 36.44 22.83 14.97 7.35 19.13 27.96 16.83 7.16 7.66 10.29 10.96 14.08 11.01 14.88 9.15 16.98 12.79 20.44 7.51 6.84 5.82 4.39 3.55 4.38 6.07 3.58 5.42 3.03 6.62 5.86 6.39 6.78 10.36 11.59 4.32 3.93 14.59 17.97 7.97 6.18 10.08 9.6 2.86 3.65 6.05 5.81 14.33 13.03 8.5 8.72 8.89 16.51 14.07 9.54 14.6 16.12 15.57 18.73 15.7 22.72
7.15 2.25 4.97 7.58 21.35 20.32 10.02 12.53 7.75 15.75 8.17 6.09 7.88 12.76 17.21 11.25 10.08 20.31 15.76 13.16 9.03 15.05 21.46 11.46 9.79 6.07 4.25 5.02 4.31 5.41 3.12 2.68 7.18 7.71 16.61 9.47 11.55 4.5 5.2 5.45 9.04 13.43 10.28 9.01 9.62 11.13 6.77 6.81 12.21 12.63 12.96 15.55 10.66 3.91 5.72 10.81 9.48 9.76 7.25 8.63 23.58 28.4 30.08 22.79
7.53 3.98 3.68 5.47 15.23 8.67 5.79 10.75 12.85 10.86 9.48 9.55 12.65 9.87 9.99 8.26 11.23 16.38 17.02 11.45 9.3 10.43 18.04 13.03 8.4 6.54 2.16 3.83 4.03 9.88 6.4 4.86 7.33 11.82 29.01 8.05 6.91 5.21 10.57 10.23 11.74 17.83 17.31 15.69 10.2 12.88 9.44 14.61 9.07 9.22 11.3 8.66 21.1 9.96 6.34 6.14 17.82 14.46 8.9 11.3 19.12 16.3 10.15 12.42
10.19 4.23 5.42 3.3 8.5 12.67 12.09 12.93 25.78 21.5 10.32 12.35 7.88 5.48 8.68 9.94 8.06 6.66 16.11 17.55 11.05 10.38 6.17 10.6 10.3 4.08 3.56 2.68 5.92 8.37 5.04 6.08 9.5 14.32 20.81 9.74 5.46 6.87 12.84 6.11 6.54 15.31 25.09 22.09 8.41 7.98 10.11 8.7 9.35 20.88 21.25 15.89 11.57 9.34 4.67 7.82 8.69 13.61 7.96 9.75 7.87 10.25 4.62 11.25
