5.57 5.04 15.97 12.59 11.54 13.2 9.6 6.49 7.45 7.96 9.49 8.1 9.1 7.09 4.22 2.23 2.97 3.09 4.81 6.82 5.59 6.72 3.74 5.3 3.11 12.01 5.71 3.44 8.08 7.09 6.46 10.16 5.51 14.39 11.94 9.05 4.28 6.71 3.91 5.16 6.82 5.25 3.98 4.98 5.01 4.45 3.37 9.36 3.58 8.41 9.18 3.71 3.72 4.09 3.43 2.26 2.42 2.53 2.3 2.81 1.43 2.59 4.61 4.83
3.0 4.63 6.4 6.96 4.98 13.78 12.05 10.4 6.46 7.47 8.44 8.57 4.24 3.4 5.04 6.28 3.17 3.53 4.75 6.75 5.37 6.59 4.61 4.17 5.4 7.98 4.77 4.91 8.43 10.84 7.71 7.54 10.81 10.58 12.93 7.82 6.56 10.33 4.6 7.59 7.39 3.81 5.53 3.8 1.98 3.6 4.12 3.06 4.63 7.66 4.74 10.39 3.92 1.94 2.73 1.84 1.21 2.32 3.24 3.46 2.78 3.44 4.93 5.69
5.13 5.22 5.35 5.32 5.52 9.6 14.17 8.71 9.63 19.43 9.28 4.38 4.73 7.24 12.94 9.32 10.37 7.39 12.31 7.8 12.42 7.61 7.18 10.84 8.13 18.04 7.26 4.37 7.81 9.79 19.81 17.17 17.06 13.21 23.1 8.76 7.39 16.75 3.37 8.1 3.98 8.94 10.08 4.73 4.07 4.21 4.06 9.4 12.38 8.03 5.86 7.34 3.89 4.7 1.91 2.02 2.08 1.46 1.91 2.29 2.66 3.75 3.8 3.91
11.01 9.81 4.6 6.84 7.45 10.45 11.47 9.37 17.13 11.66 6.07 6.69 6.03 10.84 5.44 14.06 12.55 14.88 8.46 15.89 10.84 10.37 11.64 12.88 16.3 36.46 16.92 6.95 11.5 20.94 11.41 29.06 18.4 18.53 31.35 10.67 14.9 12.81 4.31 2.32 4.27 6.14 7.01 3.5 1.86 3.23 8.6 10.72 12.02 3.93 13.75 4.74 2.21 3.8 3.4 3.5 4.43 2.6 3.82 7.67 4.87 6.15 4.39 4.19
12.05 10.08 3.75 3.4 6.6 6.23 8.61 12.38 8.21 6.12 5.24 8.32 7.42 5.7 7.52 11.02 12.11 14.43 8.54 10.25 7.97 5.5 10.89 14.75 18.23 21.2 11.24 13.09 23.59 8.5 7.87 13.92 8.8 8.95 18.46 7.26 8.82 10.62 4.96 3.56 3.39 2.58 4.99 2.72 1.96 3.28 11.83 14.07 9.7 6.12 9.95 3.8 3.72 2.79 2.07 3.83 4.01 5.01 7.5 7.28 5.81 6.26 11.58 12.17
9.16 3.76 3.53 3.76 6.5 2.21 7.59 6.17 5.77 6.17 3.53 3.97 7.95 6.7 9.96 7.73 33.42 11.28 7.48 7.22 12.02 7.47 10.46 18.76 20.96 16.83 9.51 10.24 17.39 11.22 12.57 12.78 8.9 8.2 7.06 6.39 3.22 8.68 9.03 5.55 4.06 6.44 6.52 4.56 4.46 11.76 9.99 12.63 5.13 4.25 6.34 2.99 4.23 6.24 4.3 3.13 9.9 5.74 4.46 5.95 6.21 6.54 16.02 10.54
4.24 2.72 9.41 6.31 8.49 5.86 11.72 5.59 8.28 3.94 3.48 4.84 7.05 8.98 18.51 9.98 14.57 11.01 10.65 5.39 8.54 11.12 18.22 24.45 11.81 15.3 13.28 12.17 14.5 6.62 9.44 10.96 9.5 12.06 8.38 10.12 4.54 8.11 6.52 3.48 4.0 8.15 6.7 5.76 9.39 13.82 10.64 13.04 3.75 5.83 5.4 5.52 3.12 5.24 5.95 9.06 7.17 6.6 6.12 10.45 5.0 8.6 10.31 19.75
4.44 1.75 3.96 7.54 11.2 12.36 14.86 5.55 11.68 3.37 3.15 6.72 7.13 19.26 15.98 13.0 16.01 11.29 13.26 8.25 19.74 21.19 31.53 25.65 9.32 19.58 12.55 9.92 4.44 5.5 5.43 4.9 7.54 5.1 7.31 5.18 4.35 8.58 4.76 11.72 5.9 10.58 9.67 19.04 11.29 15.61 10.05 7.7 8.34 15.29 8.26 6.94 3.66 3.81 6.3 24.05 3.78 8.31 7.16 14.81 7.47 8.44 12.81 18.55
6.83 3.67 6.14 10.33 14.68 11.61 13.34 11.1 7.72 4.26 4.97 4.92 9.6 14.23 7.76 7.47 14.41 10.45 11.87 12.15 14.45 29.43 38.56 15.69 26.66 20.81 11.11 7.11 4.8 4.14 4.59 9.6 8.24 5.43 3.46 6.65 5.89 12.48 10.44 7.97 7.75 17.05 11.91 12.16 8.84 14.98 8.72 10.93 5.16 6.42 9.2 8.92 5.37 4.18 6.98 5.6 3.42 4.89 3.49 6.31 8.36 10.28 7.64 11.84
4.55 6.68 8.38 12.0 10.21 9.91 8.44 7.11 9.23 10.33 3.87 5.13 9.27 12.13 5.51 5.49 5.25 17.7 18.05 18.76 10.59 20.69 31.18 25.78 22.2 20.27 9.7 5.86 2.68 4.13 3.93 5.9 4.19 5.24 5.58 5.61 6.69 9.91 8.8 8.95 7.13 7.77 7.52 12.78 9.95 13.12 8.17 5.3 2.65 4.04 4.46 3.04 1.76 3.04 1.33 2.47 1.06 2.43 1.59 3.34 3.27 5.64 10.09 10.86
3.34 2.59 2.83 4.11 7.04 4.71 4.46 14.59 6.75 5.85 2.69 5.18 5.29 6.06 2.94 5.46 8.17 10.62 10.51 15.74 20.37 26.31 11.06 10.91 10.17 23.73 10.83 5.56 3.72 3.94 6.71 8.91 7.04 5.29 7.12 10.64 4.24 15.04 20.91 9.52 12.93 3.91 7.35 16.26 9.87 11.05 6.5 6.19 6.56 9.64 3.39 2.26 1.85 2.24 2.04 1.83 2.29 1.33 1.81 3.93 2.68 5.0 8.3 8.79
5.43 4.58 2.62 3.44 5.63 2.86 7.65 10.48 7.65 3.92 4.47 3.96 3.83 2.99 2.28 1.99 4.74 5.16 12.8 16.42 16.0 19.81 19.4 11.89 9.56 11.81 7.26 4.52 3.55 7.89 14.98 28.58 12.86 18.81 10.53 10.0 10.27 13.35 16.44 18.34 8.2 8.75 7.76 13.15 24.75 18.29 13.72 13.24 10.14 5.91 5.42 2.7 1.87 2.33 3.56 2.36 3.01 2.48 2.83 3.33 4.1 6.8 9.84 5.6
5.0 6.02 6.51 5.32 5.63 3.19 5.49 8.55 4.93 5.02 6.46 5.56 7.67 2.53 1.97 3.52 5.39 9.45 20.81 14.26 20.28 25.56 15.45 17.95 11.24 10.09 10.23 5.3 3.75 9.01 22.22 10.9 15.56 16.35 22.84 20.15 6.97 10.63 15.8 11.03 5.81 4.17 8.19 9.03 16.34 38.49 21.23 16.17 12.08 7.58 5.96 4.94 2.44 2.95 4.42 4.77 5.12 4.74 3.79 3.93 2.93 3.93 5.64 4.32
6.57 4.72 6.69 5.79 3.51 3.02 8.2 5.85 4.65 2.98 10.23 6.31 6.17 2.9 2.53 5.9 8.0 7.53 8.39 9.24 20.94 10.62 14.3 12.54 9.7 7.16 20.46 8.9 5.79 5.32 9.56 12.15 11.47 11.42 16.53 20.21 12.08 7.13 25.57 12.2 10.59 6.22 9.12 26.52 21.08 30.4 30.98 33.87 15.0 11.8 9.55 3.0 4.12 3.72 6.44 9.14 7.33 9.56 6.1 4.9 4.67 4.22 5.16 6.65
6.93 4.32 5.05 2.85 2.81 2.88 5.7 5.25 4.22 5.08 7.86 5.12 8.06 3.41 4.49 6.04 14.42 7.27 11.25 12.8 9.42 10.52 14.79 7.99 8.52 12.16 9.29 7.01 6.2 7.02 4.55 5.53 11.62 16.34 14.89 11.13 9.5 22.52 16.7 15.97 7.19 10.29 33.06 23.92 25.68 18.37 26.47 13.99 10.68 9.68 11.66 9.77 3.12 3.13 7.15 9.31 6.97 6.64 9.19 6.85 3.74 7.11 6.98 3.09
5.16 6.75 5.66 3.44 2.09 2.92 4.77 4.98 6.91 5.0 15.61 6.92 5.68 6.66 8.41 10.33 8.5 3.76 12.39 6.18 6.98 11.29 13.85 8.29 21.85 9.46 9.39 9.85 6.37 4.38 4.77 4.21 10.09 17.51 10.08 12.13 16.84 14.2 14.54 13.68 10.76 7.2 8.99 23.49 11.74 13.04 9.14 8.93 6.9 14.75 5.87 4.4 3.2 6.07 9.14 8.44 6.15 9.45 6.99 3.11 5.95 15.55 10.13 7.07
6.07 5.83 7.37 4.03 3.51 2.89 6.14 13.65 8.65 11.49 12.27 8.64 7.18 10.52 11.65 5.4 6.96 6.07 6.1 6.87 6.71 8.41 8.04 9.33 12.32 8.39 6.02 5.09 5.63 6.36 6.5 4.88 10.07 8.98 8.33 13.96 9.35 18.53 38.37 37.49 16.0 9.71 6.16 12.97 9.01 6.27 5.97 15.19 11.86 8.81 3.68 7.2 4.3 11.22 9.25 13.98 12.34 8.01 7.48 7.87 8.55 10.15 8.66 9.76
9.77 15.75 8.89 3.14 5.76 5.08 2.85 7.54 7.44 12.0 17.36 2.98 6.85 9.53 11.19 9.2 6.77 4.99 8.65 12.83 15.39 12.51 12.57 25.39 13.3 9.64 7.75 6.77 8.73 8.52 13.31 6.55 6.98 6.95 6.81 6.85 9.66 12.17 13.31 14.79 23.02 11.4 8.07 7.75 14.69 10.37 5.69 11.29 21.28 11.68 8.52 12.09 11.1 9.63 7.03 12.0 11.68 16.91 9.77 10.04 4.44 7.51 6.53 5.5
19.89 11.49 10.21 6.43 7.19 2.46 4.02 4.96 6.52 7.89 6.7 4.25 3.73 5.86 5.95 3.14 9.08 3.82 7.54 10.99 7.64 16.45 11.14 14.2 5.82 6.58 9.24 6.87 8.49 6.85 9.58 5.01 3.67 13.01 6.39 11.24 7.76 5.65 9.53 20.11 7.02 6.8 6.76 9.96 10.19 6.81 4.99 10.51 8.36 10.64 9.99 17.87 12.49 9.12 9.6 15.02 14.47 10.38 7.38 7.39 7.93 14.47 7.92 8.13
11.39 8.87 4.12 6.59 4.91 7.85 5.7 6.41 2.78 5.91 6.3 5.96 4.2 4.79 3.46 7.19 3.5 5.44 5.98 8.2 5.39 4.27 3.05 5.99 4.1 3.93 3.98 5.58 8.46 8.85 4.99 4.73 6.53 6.38 4.83 7.44 4.54 5.96 11.69 16.04 7.25 5.45 3.08 4.56 11.29 11.46 7.66 10.54 9.99 7.25 10.61 6.99 8.08 9.37 10.36 9.69 6.4 6.76 5.07 7.12 8.61 6.54 14.83 3.12
8.22 5.16 5.35 4.13 7.42 6.53 5.22 3.79 7.81 6.93 9.17 6.82 4.28 4.75 4.69 5.54 10.28 5.93 6.84 6.4 9.73 6.53 2.99 4.3 3.85 4.91 5.45 7.37 6.35 9.36 15.25 8.59 9.27 8.69 7.0 7.67 6.9 6.76 10.13 12.88 8.4 6.75 7.48 4.62 5.11 6.68 6.45 6.75 8.86 9.05 5.82 5.19 12.64 7.89 4.14 6.58 8.35 8.21 10.33 5.76 6.42 6.79 7.05 4.52
6.36 6.58 8.4 8.72 12.67 7.43 6.2 7.9 6.62 6.13 9.25 7.64 6.9 6.27 14.9 8.15 7.38 7.45 6.58 9.15 4.74 4.98 3.1 4.59 5.06 8.55 7.87 12.1 12.72 16.99 14.57 14.53 11.95 23.08 10.93 10.38 7.04 10.3 8.35 12.99 7.2 7.39 9.5 7.3 8.42 16.35 11.56 7.84 9.39 11.67 10.4 8.23 4.85 10.53 18.84 10.46 10.02 9.26 13.69 6.56 4.94 6.78 4.21 4.63
13.96 11.51 7.08 11.05 7.5 12.32 8.08 6.18 3.78 3.2 7.06 11.01 6.54 8.16 13.21 11.94 16.74 6.11 10.57 7.67 9.18 6.04 4.61 6.79 11.19 13.91 20.66 17.49 29.72 16.8 28.06 9.1 20.45 13.16 6.45 11.57 13.89 8.51 11.65 10.47 8.71 14.75 12.28 13.82 33.09 30.23 17.09 11.23 12.12 10.74 6.06 7.85 9.98 14.03 26.09 16.71 16.24 30.61 13.01 6.25 8.08 3.39 4.82 4.49
9.95 9.72 20.11 3.82 7.82 9.9 9.84 4.87 3.84 4.28 6.17 9.44 8.57 10.51 15.13 9.2 21.99 9.63 13.06 9.53 5.7 7.94 6.06 7.53 16.73 12.8 21.14 29.11 18.9 10.3 18.14 9.36 17.14 10.05 7.26 10.56 9.7 6.19 5.79 9.0 11.41 17.23 15.2 20.15 22.07 20.15 12.83 8.33 12.91 13.24 9.28 10.59 9.55 12.1 10.18 12.46 14.35 25.04 8.96 7.2 4.6 5.26 5.46 2.85
17.95 8.13 10.91 4.59 9.46 7.86 5.85 5.56 3.29 3.47 10.94 6.55 9.47 16.04 11.52 10.63 12.44 11.26 11.83 7.71 3.9 5.87 6.61 11.42 12.98 12.94 22.61 17.65 9.11 5.31 5.27 5.96 9.07 9.71 5.36 6.21 4.69 4.36 7.03 7.27 12.56 16.04 25.07 33.17 15.04 12.81 9.53 5.43 11.51 10.74 13.12 18.48 21.05 21.32 24.71 23.79 8.59 23.5 6.73 10.54 7.85 4.41 7.47 4.64
14.99 9.44 7.85 9.95 5.71 10.6 11.9 4.0 5.21 7.87 11.5 8.59 5.29 7.51 8.05 26.03 23.91 8.83 9.29 4.29 3.98 5.31 3.85 6.18 10.22 10.79 19.35 15.51 9.32 15.0 6.94 8.51 7.89 11.73 7.1 9.35 8.44 9.09 14.34 17.35 10.01 20.08 20.3 28.76 9.62 16.35 4.4 9.53 22.76 19.63 11.1 17.62 31.4 47.27 33.69 34.22 13.89 21.21 11.61 16.42 5.23 3.75 8.66 8.72
18.39 16.85 14.19 6.82 7.18 8.94 8.22 13.48 12.27 13.85 10.1 14.14 5.4 6.66 9.9 23.08 21.29 28.54 13.03 6.78 9.27 11.36 1.79 4.43 9.09 14.84 12.69 13.82 6.34 14.69 7.27 5.13 7.1 13.05 8.46 9.76 6.01 10.9 8.52 33.26 29.8 27.51 33.42 12.2 9.96 13.05 7.85 12.6 17.65 28.96 16.5 13.53 17.24 22.92 25.9 16.26 12.74 14.43 8.13 6.56 4.48 4.48 6.1 4.51
16.21 14.13 8.71 7.87 5.94 4.4 9.6 9.15 12.86 5.71 7.1 12.61 6.65 5.98 9.26 26.12 23.56 22.85 13.49 21.25 15.23 5.23 3.72 9.9 9.62 14.13 9.92 8.61 5.07 10.53 6.58 5.8 6.0 4.27 6.78 9.45 6.76 7.7 11.81 16.66 16.33 23.8 19.86 9.43 6.12 7.81 12.43 10.13 18.78 17.85 19.55 39.26 26.52 26.02 22.79 12.71 8.78 11.29 7.96 6.11 6.75 4.91 3.43 6.51
7.16 6.5 4.73 6.89 7.47 5.29 11.37 7.12 4.49 6.67 4.21 10.64 10.33 4.5 8.63 45.58 26.69 14.42 10.39 7.91 17.59 9.08 6.07 15.48 10.27 7.45 8.46 10.02 6.89 7.88 6.93 7.0 2.68 3.79 7.95 9.71 8.39 16.48 9.66 21.77 11.3 13.58 16.93 16.63 6.03 15.48 8.67 6.55 13.23 13.65 11.08 14.14 10.53 14.75 9.91 4.61 6.93 9.91 12.84 7.55 9.28 5.89 6.25 4.5
11.42 3.59 4.47 4.93 6.78 9.8 10.69 5.64 9.12 4.85 6.88 9.1 11.34 4.55 18.15 55.31 29.06 8.63 7.46 10.97 16.74 13.63 14.98 5.41 9.95 5.17 7.39 5.84 5.47 6.65 4.45 3.86 2.94 5.93 3.51 3.54 10.15 8.74 11.87 13.25 16.18 9.7 9.0 10.08 4.26 9.18 8.42 6.21 9.63 7.24 14.81 8.69 7.42 4.11 4.5 3.98 3.96 10.97 4.15 4.4 8.92 11.28 8.09 1.09
10.76 7.53 13.46 9.16 13.03 5.46 12.52 8.09 5.93 7.39 8.72 14.07 7.5 7.42 28.02 24.83 11.52 7.05 7.97 6.57 8.46 8.56 10.15 10.99 6.96 4.93 6.47 3.49 4.96 3.8 2.63 5.39 3.35 2.73 2.54 2.77 6.62 6.69 9.08 6.63 5.23 5.4 7.47 8.44 6.97 11.09 7.77 12.09 7.13 8.54 5.24 8.62 8.3 5.71 4.2 6.48 4.28 16.54 6.88 6.34 5.91 13.87 7.76 5.31
10.98 10.82 9.14 13.29 14.59 7.13 10.87 4.54 6.88 10.91 12.88 9.47 13.72 27.35 33.1 26.2 29.82 13.53 13.0 6.59 18.7 16.31 9.43 5.6 11.66 5.95 9.75 7.06 5.32 7.9 4.95 3.59 3.05 4.32 4.15 6.91 6.71 9.78 7.74 5.06 5.87 4.02 3.91 9.97 4.99 10.55 9.83 15.01 12.27 11.62 3.71 5.85 7.96 5.48 8.88 8.94 9.49 15.11 7.81 6.98 8.42 4.34 4.94 3.57
12.39 13.65 15.2 10.46 13.53 10.25 10.32 2.38 7.27 8.29 15.98 18.04 14.4 22.42 33.91 33.74 27.36 23.76 18.11 15.3 37.13 19.48 14.31 12.81 16.02 18.74 9.35 18.47 10.42 10.06 6.76 3.6 6.43 6.52 4.55 5.54 10.86 15.52 5.62 2.65 4.61 6.12 3.65 2.98 2.72 5.67 6.48 10.49 10.93 5.75 4.78 6.86 3.56 4.88 4.2 6.38 7.01 12.3 11.83 10.1 5.01 5.23 3.45 2.8
12.24 9.84 13.72 19.24 13.71 8.83 5.82 2.39 3.76 7.78 6.53 17.91 17.31 27.87 18.53 13.78 13.23 27.15 15.02 11.9 12.64 19.63 12.96 19.32 9.25 4.91 7.87 7.11 7.32 10.66 4.11 5.14 10.48 6.85 7.66 9.2 9.66 9.79 6.87 5.21 4.57 4.73 4.27 4.47 2.19 2.82 2.91 4.14 2.82 6.0 2.6 4.93 2.72 5.25 4.33 6.71 7.38 13.98 7.28 10.94 5.47 5.07 1.92 2.23
10.08 5.73 17.56 14.84 11.29 5.59 5.99 2.99 5.03 3.57 4.2 8.65 20.19 6.59 14.96 9.71 11.1 12.44 9.69 8.49 7.66 16.12 10.8 8.14 17.01 6.45 6.44 13.87 9.61 6.16 3.88 13.28 11.15 20.58 5.27 12.02 8.44 14.07 5.3 3.04 6.96 6.56 4.76 5.63 1.87 5.06 5.12 8.19 6.97 7.02 3.21 2.37 4.28 2.63 6.03 9.68 10.6 12.48 11.49 8.47 5.2 4.1 1.35 1.25
12.43 9.29 17.56 10.22 12.69 6.69 4.32 5.11 7.48 9.57 3.25 4.79 8.92 6.25 8.38 5.94 5.19 14.23 19.34 14.67 8.78 8.08 9.9 20.64 8.91 12.93 8.57 7.26 8.3 7.77 9.31 20.22 10.33 24.59 7.66 4.83 9.39 12.55 7.62 3.74 3.97 6.07 5.48 3.32 1.81 5.21 5.5 9.3 10.96 5.45 3.62 3.59 3.46 5.28 7.53 12.06 11.21 18.4 16.51 15.3 8.16 3.69 2.25 2.53
26.32 11.0 12.61 14.55 10.73 4.44 4.65 7.38 11.17 5.77 3.77 7.57 7.78 4.45 7.66 5.98 10.25 14.14 14.44 7.86 5.23 7.68 16.35 14.72 17.83 6.6 11.32 10.39 16.41 13.36 11.08 11.12 12.66 13.47 9.58 9.75 8.55 6.95 4.91 2.12 3.19 3.96 3.42 3.31 2.51 7.05 4.31 8.48 4.69 11.09 5.37 6.15 4.75 10.5 11.86 11.08 12.31 16.39 20.65 12.5 4.23 4.46 3.51 2.96
21.64 21.46 9.73 18.92 8.77 5.78 7.04 6.05 10.28 3.22 6.59 6.17 3.85 3.01 5.5 8.3 14.03 16.11 9.0 4.85 3.38 5.73 11.33 11.32 8.11 8.45 7.93 13.95 8.04 10.48 10.37 17.13 6.93 20.32 18.31 18.38 16.94 6.72 4.55 4.42 3.65 3.56 1.47 3.13 3.58 4.41 4.01 6.25 4.28 3.75 8.23 3.97 6.91 9.8 9.1 14.66 14.17 22.53 24.27 8.74 6.21 4.41 5.38 3.08
7.55 9.83 13.99 10.96 8.28 8.85 7.24 8.48 12.57 11.16 10.2 7.07 5.92 6.46 7.15 8.16 17.35 12.9 9.12 4.29 3.35 6.4 6.54 3.03 3.26 3.4 6.03 4.94 4.47 5.24 11.1 6.86 9.28 6.56 12.89 16.08 13.04 11.09 9.55 3.84 4.51 2.68 2.76 1.59 2.75 4.11 4.08 3.73 4.24 6.76 6.49 3.5 4.23 8.12 9.95 6.6 14.96 16.55 18.81 12.58 6.84 6.63 5.01 4.19
9.15 4.31 13.52 10.76 6.95 5.08 5.21 6.28 11.19 9.33 7.93 5.59 10.55 5.41 10.56 6.33 6.09 7.81 6.91 3.54 11.19 15.8 15.44 5.5 6.44 2.34 5.31 4.95 5.2 3.15 12.42 6.81 8.38 7.61 6.13 14.0 22.45 15.82 10.19 4.76 4.25 3.66 3.65 5.26 3.95 3.84 3.95 7.91 5.42 7.91 5.67 4.28 9.69 11.46 8.4 17.67 23.03 23.21 16.91 16.86 8.87 6.84 3.63 3.48
8.04 4.75 15.92 6.13 5.56 6.9 8.67 7.01 9.14 8.41 5.66 7.39 7.31 4.56 8.28 6.35 8.17 4.0 6.03 7.81 7.46 11.56 8.78 9.07 12.8 13.71 7.38 5.83 6.3 6.37 11.78 11.1 13.59 12.42 11.49 21.3 25.63 13.47 13.73 7.27 7.39 5.91 4.73 6.63 7.22 4.12 8.27 7.2 17.35 9.04 3.6 6.56 7.85 8.23 7.89 13.5 20.57 11.63 18.0 17.55 6.62 6.19 3.59 5.29
6.25 4.76 14.84 5.17 7.66 8.4 11.02 8.7 14.05 6.93 14.56 7.11 7.8 9.16 8.87 5.37 6.04 6.76 10.73 10.13 12.63 11.63 20.14 6.6 16.7 16.56 11.33 7.25 5.77 7.1 8.31 7.2 6.31 5.07 14.95 20.17 24.8 6.68 12.84 9.53 13.69 13.25 9.12 8.95 7.87 6.53 9.14 11.34 9.85 6.23 7.7 5.5 9.12 6.82 6.42 8.72 7.11 16.17 6.13 5.68 6.04 4.79 3.49 4.65
6.45 5.45 8.39 11.46 13.87 11.48 7.53 9.46 6.81 7.05 7.09 6.0 14.2 11.52 9.44 3.06 3.38 5.36 15.64 13.6 10.9 14.87 11.2 6.41 6.08 6.23 8.27 9.36 10.0 6.97 9.08 9.23 5.96 9.56 15.08 13.15 10.17 11.63 9.53 13.59 9.63 14.89 9.32 17.95 8.7 7.97 13.08 12.13 5.33 4.65 10.99 18.0 13.66 12.99 3.52 8.63 10.61 8.46 7.76 5.88 6.03 4.11 4.48 5.16
8.24 6.37 7.51 7.75 28.14 21.04 14.16 5.78 8.34 5.82 8.38 7.39 8.79 8.0 6.66 6.81 7.35 4.8 5.08 16.53 13.96 6.16 5.38 5.86 4.98 6.08 3.48 5.06 5.4 7.33 8.26 11.26 5.91 14.39 13.92 8.42 9.79 13.61 11.71 18.91 8.52 10.89 6.15 14.48 15.39 10.72 5.72 5.94 4.24 6.51 7.12 5.55 5.41 7.16 5.12 5.78 7.76 7.88 9.24 7.72 6.4 6.98 4.43 6.34
7.65 4.72 7.17 7.4 9.28 10.1 12.05 6.23 7.2 9.62 9.42 11.0 3.43 4.61 5.03 4.05 7.04 8.25 11.5 12.3 4.34 4.06 4.42 5.49 2.26 6.25 2.53 3.11 5.54 4.33 12.11 10.34 7.53 14.98 9.25 18.21 11.27 11.44 9.11 21.12 8.74 9.02 8.06 8.73 8.56 6.05 5.7 6.2 3.56 7.06 8.18 3.78 4.44 9.95 2.95 4.79 7.36 12.05 9.6 5.52 9.01 8.6 6.83 9.62
3.53 7.58 11.22 8.57 6.56 6.32 4.7 5.2 5.73 9.61 5.12 6.14 5.73 5.84 6.94 2.68 4.2 5.67 14.75 11.51 4.02 2.98 3.96 4.01 10.58 3.68 2.0 4.09 4.7 4.17 5.54 4.57 7.1 11.76 13.41 8.3 7.22 11.18 11.81 12.38 12.66 23.45 11.77 10.08 10.09 10.48 13.66 8.1 5.76 8.44 5.89 4.92 5.9 5.07 3.77 9.04 12.53 11.84 9.22 9.67 8.47 9.69 10.49 11.5
11.96 10.76 11.83 4.82 6.51 9.35 8.82 5.94 6.04 14.05 9.74 4.73 5.06 11.39 10.88 9.54 14.62 12.18 8.18 16.05 11.58 2.86 7.35 12.78 10.89 7.38 3.53 2.44 4.89 3.64 4.77 6.73 5.53 5.65 6.46 7.05 6.21 3.89 8.23 6.22 9.8 10.29 6.69 6.26 12.0 7.42 5.17 7.42 13.11 13.1 6.75 5.21 11.11 4.43 4.4 7.61 15.71 15.61 9.45 9.78 13.99 10.79 10.26 16.32
8.43 11.57 11.81 6.67 4.77 22.19 13.15 13.03 9.3 11.72 11.46 6.32 5.69 8.72 7.74 8.56 8.3 7.91 9.48 11.42 3.7 4.5 8.24 8.74 10.95 7.89 5.57 2.58 6.89 7.41 4.69 3.71 2.69 3.95 8.13 3.33 3.7 2.59 7.52 3.65 8.86 8.86 4.49 8.02 5.62 4.09 8.32 6.12 8.49 5.07 14.69 11.23 3.99 3.27 5.01 9.38 10.96 9.46 9.31 14.53 17.42 17.93 15.59 9.51
7.65 6.44 9.11 2.78 6.61 9.64 14.7 7.96 8.49 7.81 12.91 7.18 5.86 10.1 10.14 4.06 5.23 6.27 7.93 4.52 3.36 4.25 9.97 4.1 3.93 4.11 3.54 6.29 5.76 3.95 3.64 4.1 3.48 3.24 5.12 4.41 6.24 4.27 4.36 6.64 10.05 22.15 9.52 9.4 6.09 3.21 8.68 9.46 5.43 12.55 13.08 10.83 8.4 3.99 5.65 12.54 11.57 8.95 3.54 4.39 11.59 8.0 13.63 6.89
10.07 6.0 3.83 4.24 9.95 12.63 14.46 10.19 15.72 9.65 8.38 4.88 5.17 14.23 11.45 4.21 5.74 6.63 3.54 3.89 2.58 5.16 4.73 4.99 5.29 6.72 7.53 4.91 7.31 11.42 2.95 5.61 4.77 5.12 3.71 6.53 5.37 8.58 6.28 7.47 14.05 16.43 12.88 11.73 3.24 5.34 10.15 14.62 18.98 10.85 14.7 14.96 8.77 8.52 10.65 14.04 8.42 10.13 4.74 6.58 8.53 5.11 5.82 7.34
25.01 10.09 7.06 3.89 15.06 11.32 9.59 9.78 15.5 15.82 12.09 6.49 3.93 9.71 10.31 5.3 4.67 3.79 6.98 5.32 2.69 2.18 2.35 3.5 4.59 5.74 4.09 6.17 7.77 5.98 2.81 4.1 4.07 6.18 5.25 5.56 7.3 12.99 11.44 10.81 21.55 36.98 15.52 9.39 3.77 5.47 10.05 20.19 18.84 15.69 22.65 24.14 17.07 18.73 13.07 11.69 9.96 15.58 8.92 15.66 10.84 9.45 11.51 7.09
15.48 9.22 10.17 13.62 10.75 8.2 9.4 8.31 7.39 8.54 7.9 8.86 7.19 5.55 4.18 3.87 4.12 4.71 5.74 8.28 3.84 1.55 3.06 4.14 3.58 4.47 4.37 6.27 9.47 5.99 4.42 8.72 3.82 3.64 3.45 6.69 6.22 10.53 13.25 15.76 18.6 26.58 22.99 8.47 3.45 9.73 11.05 41.59 22.95 29.36 35.74 29.5 22.66 17.4 9.33 10.4 14.53 11.0 14.95 22.83 10.63 13.64 16.26 8.16
15.21 16.81 6.89 12.51 16.96 15.34 11.59 10.05 3.58 5.44 6.69 6.26 7.03 5.82 4.8 2.15 2.88 4.3 5.37 9.15 3.78 1.88 3.17 6.04 2.56 2.71 2.9 2.72 6.11 14.58 7.61 11.44 4.57 2.94 4.51 8.83 5.83 6.99 10.67 12.84 14.51 33.26 9.94 4.79 5.13 6.47 12.1 19.91 15.2 23.2 18.94 20.48 14.13 13.23 9.99 7.71 6.64 12.23 17.75 12.26 12.94 11.21 8.01 11.02
6.44 8.12 6.76 12.01 7.14 12.64 11.34 5.24 8.29 7.79 10.05 11.1 7.79 4.78 3.67 8.28 3.51 3.68 3.75 8.45 3.5 1.76 5.62 2.57 1.98 1.85 1.27 3.01 4.45 12.42 7.86 10.78 3.27 2.29 4.09 2.5 5.07 5.65 8.51 5.86 7.56 28.87 9.81 6.98 5.37 8.5 12.51 15.04 10.02 12.51 22.88 18.64 18.08 11.14 4.89 8.16 5.87 8.15 15.12 15.69 16.06 8.08 10.65 13.13
3.72 10.01 10.21 8.24 4.9 6.82 4.68 6.73 5.98 5.65 10.61 8.12 8.8 6.14 9.68 6.15 3.97 6.57 8.9 5.91 4.57 4.44 8.36 6.96 1.83 0.97 3.63 2.92 5.42 5.72 8.85 15.92 10.87 5.11 3.52 3.62 3.15 5.19 4.26 9.77 13.36 16.02 9.72 8.13 8.29 11.71 8.4 7.41 7.81 10.16 11.05 19.26 8.58 10.22 7.63 10.17 8.56 11.42 17.57 17.81 21.91 10.52 15.66 23.99
5.62 4.13 4.71 4.76 8.5 7.49 5.32 5.31 8.43 6.3 7.7 7.39 11.6 13.96 16.23 5.23 5.71 5.57 4.65 7.38 4.51 7.03 6.5 4.35 3.26 3.0 3.99 2.45 5.22 16.26 7.31 10.94 12.84 13.7 5.79 5.7 4.91 3.27 5.6 9.56 16.72 15.68 5.97 6.98 9.99 6.43 4.53 6.09 5.84 14.41 11.54 8.68 5.8 3.37 4.78 6.92 5.03 12.91 9.86 11.04 15.0 13.99 8.02 27.13
3.83 6.83 7.42 5.24 6.58 3.72 5.19 4.69 3.8 8.06 5.67 5.15 5.31 12.56 8.78 4.72 4.19 3.44 5.68 4.55 2.94 5.45 3.96 3.08 3.56 5.65 4.1 4.68 8.1 3.28 3.97 6.14 10.38 4.8 6.35 7.77 4.55 5.96 5.77 6.22 15.38 9.58 14.75 6.03 6.77 4.28 4.13 5.19 5.28 10.46 10.26 9.92 5.0 4.58 4.19 4.15 7.63 7.39 11.32 9.26 18.39 15.1 12.24 24.96
7.18 6.52 7.59 8.12 4.99 1.69 3.81 5.99 3.32 4.37 5.09 1.58 8.29 8.0 6.97 2.51 5.11 3.59 4.44 3.68 3.28 2.47 2.8 2.34 3.08 4.33 7.0 6.17 5.54 4.17 3.35 3.49 5.12 4.54 3.25 4.49 2.73 5.32 7.47 9.78 12.65 13.56 7.74 8.89 5.03 4.25 6.11 6.29 5.65 6.94 5.05 7.57 7.11 5.71 10.32 7.29 4.32 4.34 3.04 5.7 27.78 16.59 18.98 20.24
8.14 10.78 8.26 4.34 3.55 4.24 7.97 2.87 2.41 2.1 4.49 2.55 6.11 3.93 4.69 7.95 5.65 5.88 4.39 8.43 7.49 4.36 4.56 4.56 7.0 10.66 6.54 4.53 2.04 5.01 1.86 2.07 2.7 2.71 2.11 1.83 2.2 4.61 6.74 8.6 7.61 15.04 5.69 7.8 7.76 6.16 3.91 5.89 6.67 5.03 2.94 5.72 6.04 9.3 6.48 7.29 5.97 4.28 5.69 5.82 6.88 16.25 9.07 16.96
6.29 8.75 7.13 3.87 2.43 5.69 7.45 5.76 3.05 1.88 4.27 2.7 10.21 6.11 5.26 4.19 7.83 11.75 8.26 10.13 4.3 6.64 6.49 5.73 8.01 8.64 10.53 2.89 3.88 2.94 2.42 2.78 2.07 2.84 1.7 3.06 2.26 3.09 5.51 8.76 6.5 12.89 6.67 10.2 6.44 5.69 4.14 4.59 2.78 7.5 4.11 7.42 4.97 7.64 5.23 8.86 6.99 7.38 4.96 9.05 15.2 15.42 10.63 17.92
5.09 6.27 5.48 3.17 8.0 5.58 7.46 11.15 4.57 3.19 4.6 9.3 12.31 3.44 6.77 4.9 14.34 15.78 12.21 8.64 7.94 9.32 10.25 13.69 12.41 7.82 7.79 6.24 3.77 3.66 2.27 2.78 3.71 2.95 2.49 3.9 3.49 11.74 7.97 10.32 6.51 20.04 16.78 12.23 8.21 10.06 7.63 8.32 4.28 4.57 4.63 10.44 5.09 3.7 3.34 11.67 3.82 4.33 4.21 5.14 24.84 23.05 6.43 20.01
5.45 7.93 4.46 4.82 9.68 11.4 9.36 4.75 3.5 14.72 14.93 10.64 7.66 3.9 7.02 10.89 15.33 12.84 8.19 10.31 11.98 14.46 10.08 16.41 10.27 7.77 8.95 7.24 9.64 6.16 5.52 3.23 4.66 8.53 7.54 5.93 4.33 15.62 14.3 10.83 9.28 8.52 8.55 9.03 18.27 10.82 6.51 9.19 8.25 15.27 6.93 8.28 4.12 12.23 6.54 7.33 4.97 5.73 5.67 5.39 11.31 17.0 12.63 18.42
7.66 6.73 5.54 7.02 6.57 13.71 14.14 10.49 7.9 18.55 12.49 14.22 4.33 6.96 7.64 8.07 18.08 9.69 3.75 6.13 5.53 17.1 11.02 5.82 5.05 9.9 7.6 8.41 9.15 5.93 4.0 4.28 4.7 5.64 7.11 12.37 13.27 11.27 12.65 14.3 10.96 11.09 6.33 12.55 11.15 11.32 10.6 7.03 12.29 14.83 17.64 8.45 3.86 6.21 5.43 8.01 7.51 4.63 3.51 4.93 12.39 16.16 10.46 7.65
4.04 5.73 4.13 3.63 4.24 6.67 10.71 23.21 8.46 9.35 15.37 3.84 6.4 7.15 6.87 9.88 11.18 14.28 6.28 5.84 9.13 12.02 14.54 11.23 5.71 3.33 5.03 6.47 3.68 3.58 4.88 10.7 7.72 2.86 6.42 16.91 26.43 15.5 10.57 8.27 11.94 8.96 10.42 12.27 10.27 9.4 11.88 12.04 20.13 8.15 15.99 13.09 12.89 5.32 8.4 9.15 7.02 4.34 3.86 5.63 18.59 9.6 9.39 8.48
