2.23 4.72 3.62 7.67 13.22 6.93 4.52 4.36 9.91 11.23 10.18 9.58 6.38 6.34 10.63 7.43 7.12 5.14 17.46 12.85 17.52 18.69 19.29 7.79 10.34 7.09 12.41 7.77 5.83 9.03 10.37 9.07 11.84 8.36 5.3 10.23 7.24 10.7 7.16 7.07 3.99 3.33 5.27 4.89 25.03 10.07 15.13 16.03 30.48 22.23 9.26 6.68 8.09 10.04 9.69 21.41 10.3 8.93 8.83 8.02 10.76 14.22 9.07 9.95
1.76 3.37 5.35 3.88 9.63 10.48 7.57 2.23 11.22 9.51 18.53 11.9 3.78 12.44 8.31 8.41 9.38 8.18 8.28 14.5 28.95 14.17 14.27 4.54 8.1 6.65 8.17 9.65 6.06 11.54 12.17 9.8 5.15 7.02 8.62 7.58 9.32 17.4 10.09 6.35 5.72 4.83 4.64 10.23 30.4 24.63 14.91 7.14 23.89 11.56 8.94 9.09 8.29 9.82 18.5 28.5 22.21 12.53 7.95 9.16 27.08 19.32 12.44 3.74
2.76 2.99 3.56 4.08 4.66 5.82 8.18 2.6 7.61 5.71 11.6 14.26 6.6 7.95 7.53 11.51 6.08 6.36 8.43 7.82 12.01 12.86 10.2 4.29 7.29 8.23 7.24 7.4 14.1 14.32 10.42 14.06 9.76 8.38 7.95 8.47 6.36 8.72 9.48 10.11 7.44 6.07 3.67 9.14 13.47 18.83 8.93 3.32 9.65 4.42 7.56 5.95 10.46 9.94 10.11 13.96 11.18 13.55 8.53 4.74 14.65 15.79 12.65 3.58
2.79 3.62 2.4 3.45 3.0 5.31 3.72 5.88 4.11 4.55 5.69 4.83 13.08 9.81 10.02 6.61 5.41 4.93 9.48 7.91 4.97 5.07 6.65 6.82 7.66 4.83 6.77 5.16 8.88 16.26 8.18 14.42 7.19 6.63 5.08 8.44 11.83 4.85 11.77 6.42 13.57 10.96 4.6 7.14 5.41 5.55 3.63 4.37 6.48 3.35 5.13 6.13 11.18 9.91 6.44 8.97 7.43 8.2 16.04 10.1 9.48 8.11 8.76 3.99
3.59 4.42 2.97 3.92 3.73 6.3 1.99 2.57 1.98 2.86 5.64 9.36 6.88 8.58 10.12 7.31 6.74 3.73 5.03 7.14 7.44 3.83 4.43 4.41 7.05 6.11 7.43 6.77 8.87 9.09 6.06 10.86 5.06 7.4 10.15 8.17 8.85 4.47 8.81 13.84 13.91 6.06 4.56 5.26 4.55 5.5 2.53 3.46 6.53 3.15 5.89 10.24 8.45 5.97 17.45 7.5 6.45 11.16 17.79 15.3 12.85 6.84 6.11 5.4
7.92 5.92 2.99 3.88 4.92 7.22 1.75 2.41 1.61 3.99 3.67 4.48 6.06 7.14 15.98 5.47 5.87 3.32 6.66 10.35 10.42 6.48 4.25 5.73 6.21 4.0 5.93 5.76 6.09 6.72 4.82 7.94 5.88 9.87 9.81 10.39 6.62 4.75 7.62 7.65 26.48 8.62 3.79 2.19 1.59 5.05 2.11 2.93 2.74 3.29 4.77 5.17 8.23 4.96 14.53 11.37 8.35 15.04 21.89 11.25 6.34 5.6 3.43 3.76
13.6 10.46 4.62 3.8 6.09 9.41 5.36 4.87 2.64 4.06 3.76 3.44 3.37 4.0 6.76 6.14 4.1 3.24 9.28 5.56 3.95 5.04 2.94 4.02 3.27 1.96 4.37 4.22 6.7 6.07 9.84 7.23 10.23 12.45 10.3 10.75 6.76 5.96 11.23 13.11 19.07 12.92 4.76 2.66 4.45 6.41 2.98 4.75 3.35 7.08 7.38 10.97 11.18 6.1 9.08 9.67 13.21 12.13 9.54 15.03 4.59 4.66 4.87 3.06
9.0 10.27 10.87 5.68 7.67 9.22 7.26 6.19 2.99 3.66 3.4 6.29 3.07 3.75 5.47 3.4 4.37 3.68 4.1 5.79 4.13 4.63 3.47 3.95 3.03 2.88 4.7 3.78 10.13 5.95 7.28 5.94 7.56 11.93 15.78 8.55 10.09 11.54 7.11 10.43 9.44 7.21 4.56 6.63 9.44 3.63 1.85 2.48 6.35 5.17 5.41 11.97 13.81 13.28 13.83 10.86 6.07 10.56 5.73 11.86 4.99 4.33 2.68 3.93
9.72 10.19 7.56 3.66 6.25 8.87 15.21 8.75 7.21 5.43 5.75 2.56 3.78 3.25 3.86 5.17 3.98 7.97 4.27 4.98 3.59 4.07 4.31 6.35 4.82 5.38 4.84 8.33 11.74 10.46 8.61 5.42 5.91 6.87 9.19 7.0 10.97 11.01 9.44 5.92 4.81 6.05 2.82 4.78 7.41 5.13 1.94 2.5 5.98 13.13 7.48 13.86 14.67 13.19 17.7 8.79 5.7 8.12 7.35 7.91 4.34 6.6 2.58 5.22
9.74 9.06 5.96 5.92 17.31 12.66 12.67 11.32 8.51 4.75 4.93 2.21 3.7 4.31 4.8 5.45 4.74 4.4 4.24 6.09 4.95 7.0 6.83 8.25 8.34 9.57 9.84 7.75 10.2 8.99 8.89 4.38 3.91 11.32 7.21 14.13 12.75 18.66 8.62 7.72 4.15 2.13 2.63 2.94 7.35 8.8 2.79 3.85 3.91 8.58 7.83 6.51 14.05 11.64 6.65 9.03 8.73 10.5 6.61 10.11 5.06 6.35 4.29 4.07
4.41 3.46 6.61 5.22 13.82 17.91 9.45 7.83 7.29 6.29 3.43 3.96 4.3 3.54 6.41 7.27 4.58 3.21 2.05 2.69 4.14 4.73 8.38 9.26 8.72 11.37 9.06 7.64 5.38 7.0 9.15 5.21 3.36 6.11 8.45 14.13 9.08 11.09 4.08 4.68 5.05 3.05 3.48 3.51 6.85 6.41 4.86 3.41 5.45 5.8 7.2 10.1 7.46 10.08 6.44 10.9 8.17 5.3 9.5 8.45 5.3 4.85 3.55 5.26
5.38 2.84 4.76 6.37 11.99 11.5 30.86 8.18 4.71 10.2 5.42 4.13 2.95 5.33 4.65 11.2 7.47 7.33 2.19 2.98 3.74 5.19 5.83 10.13 10.78 6.43 6.94 5.35 5.13 3.69 7.7 11.54 6.52 6.75 7.64 8.46 6.84 7.5 4.66 7.5 5.77 6.09 5.85 6.76 7.52 7.23 9.07 3.96 6.36 7.03 8.0 8.22 9.25 6.61 8.44 10.09 12.81 4.93 3.41 4.28 5.16 6.36 5.17 3.68
2.95 8.45 7.64 5.36 6.0 6.26 20.67 12.22 7.32 6.55 3.62 5.48 7.23 9.5 6.04 6.24 8.04 6.15 4.92 5.73 3.96 5.0 4.33 5.38 8.56 8.66 9.12 4.68 2.51 6.38 12.37 9.78 4.28 6.87 6.28 6.46 7.96 3.53 1.92 2.68 4.3 4.43 5.44 4.04 6.82 8.53 5.76 9.37 4.41 4.07 5.63 5.55 5.46 7.17 6.04 3.72 9.11 6.08 3.56 4.3 3.44 7.02 8.18 2.96
7.28 6.1 12.92 5.96 4.74 5.64 7.93 6.76 3.76 5.83 5.44 6.41 7.33 6.4 8.54 6.09 7.09 5.47 9.73 7.57 6.58 4.23 3.3 6.83 7.75 7.88 6.06 3.98 3.88 4.4 8.98 7.35 6.58 4.54 3.09 3.66 6.14 4.68 2.52 3.96 6.32 2.82 3.35 3.32 3.51 5.07 5.78 11.21 3.42 8.05 4.24 6.48 4.48 3.53 8.1 5.46 8.67 4.77 3.82 3.81 5.9 7.02 6.35 6.92
12.58 9.05 7.47 11.78 3.74 7.61 6.31 7.2 5.08 5.36 5.25 4.92 7.22 5.49 8.5 9.44 6.69 6.05 14.41 6.08 6.98 2.25 3.27 6.98 10.7 12.12 8.3 8.32 5.09 4.57 5.9 7.21 11.9 4.22 4.64 7.97 7.89 10.34 3.12 6.08 12.6 6.53 3.13 1.91 1.6 2.35 8.21 11.24 4.48 7.1 5.51 4.21 3.74 2.63 3.72 3.96 6.21 4.71 7.07 6.46 7.6 8.03 3.3 5.86
8.43 11.77 6.89 7.66 6.72 4.23 5.66 4.84 3.34 4.14 4.56 4.92 5.5 8.1 5.67 7.15 12.88 2.87 7.6 4.49 7.02 4.25 6.27 8.81 6.82 8.57 4.35 9.11 2.84 2.32 8.56 5.78 5.81 7.03 9.06 14.68 11.91 13.4 7.17 5.34 7.74 6.87 3.85 2.15 1.97 4.57 7.15 12.28 4.98 4.33 4.93 3.21 3.3 5.14 2.54 3.1 6.6 4.5 7.0 7.9 8.11 2.81 4.29 8.33
8.2 7.85 8.89 4.27 5.2 6.68 5.22 5.54 8.56 9.15 8.52 8.55 4.97 5.63 9.13 13.96 10.58 5.09 4.51 5.32 5.46 3.72 7.96 5.2 7.38 9.16 9.56 4.83 2.77 1.64 3.14 4.52 8.8 12.33 11.33 9.96 11.3 25.17 10.5 7.56 5.27 10.96 4.76 3.93 4.4 3.19 6.33 11.79 7.42 6.11 5.83 4.96 3.69 2.93 1.86 3.96 5.68 8.46 7.61 4.26 5.7 2.63 2.14 7.46
5.52 4.15 5.73 6.51 4.23 7.8 7.93 2.52 7.52 10.3 11.5 6.17 4.39 5.07 6.44 14.18 6.0 4.54 1.99 4.21 8.02 6.42 8.7 5.99 3.91 3.98 3.83 3.7 2.19 1.64 3.2 4.39 9.45 5.24 9.8 8.21 11.14 12.93 12.2 10.53 4.71 6.91 3.73 5.75 8.22 8.36 5.39 8.5 7.82 7.5 3.68 3.0 8.29 2.57 2.35 6.12 7.34 11.7 3.45 4.56 2.83 2.45 3.57 6.12
5.0 4.15 4.06 5.61 10.22 6.14 4.52 2.44 7.47 10.3 13.68 6.45 5.65 6.18 4.74 7.0 4.08 4.01 2.53 3.74 2.84 7.87 4.21 6.14 3.32 3.42 2.67 1.86 1.96 1.3 2.66 3.71 6.95 5.26 5.62 7.23 11.46 8.17 6.38 9.3 7.07 6.83 4.58 6.99 14.21 15.36 5.2 5.38 5.87 4.97 5.21 3.45 4.64 3.52 3.62 7.75 10.13 8.83 2.61 3.43 6.74 3.53 4.11 2.38
5.59 9.76 6.99 7.23 4.25 5.76 8.87 4.11 7.93 8.9 8.47 6.69 5.04 5.92 7.39 5.83 4.49 3.53 5.17 3.71 2.19 3.98 3.6 6.98 3.24 6.21 3.24 1.69 2.03 2.2 2.91 3.07 3.47 8.55 5.51 8.5 8.84 7.93 7.29 6.26 13.21 5.84 8.35 4.16 8.12 10.31 6.72 5.1 5.21 4.83 4.37 5.91 2.89 3.33 4.93 6.3 7.64 8.2 3.74 5.41 5.34 7.19 7.46 6.5
5.52 6.26 9.41 5.96 3.02 3.87 8.25 4.89 8.14 9.39 10.01 11.88 4.13 5.1 4.76 6.79 4.45 6.11 3.56 2.59 3.67 6.46 10.14 7.21 3.29 6.0 3.97 3.17 2.72 2.49 2.0 3.54 8.64 5.93 9.63 11.76 10.13 6.68 14.61 6.58 6.29 4.29 4.79 7.71 9.51 6.56 9.64 3.18 2.47 4.65 3.62 4.72 6.21 5.65 4.55 6.92 4.11 6.32 3.53 4.66 8.46 12.47 14.08 5.88
8.2 17.77 11.12 5.96 4.09 4.85 10.41 15.77 9.34 15.07 15.42 12.69 5.59 6.13 4.44 10.8 3.71 5.16 4.85 5.27 6.92 8.52 11.93 5.75 4.32 4.44 3.62 4.1 2.24 4.07 5.49 3.74 11.33 8.25 10.19 11.66 4.65 7.97 19.1 9.9 7.71 7.47 12.37 8.0 9.89 8.44 11.11 8.64 4.88 3.71 4.58 7.54 9.77 6.94 2.97 2.83 3.82 5.97 2.69 3.3 3.16 4.41 15.77 10.89
7.08 9.96 7.69 6.78 4.58 7.71 8.26 8.62 11.63 12.84 24.19 9.97 3.53 4.23 6.61 11.55 7.35 5.24 6.5 7.85 6.95 7.14 11.82 5.74 3.08 5.96 4.72 5.81 3.71 3.68 4.38 5.97 4.27 7.4 7.23 6.22 5.03 10.21 31.52 10.51 11.35 8.22 13.93 10.62 7.79 16.76 7.89 14.11 8.03 5.37 6.02 14.6 9.53 5.16 5.31 4.76 4.92 6.74 3.68 3.08 4.01 4.91 13.16 7.33
8.89 4.75 3.27 4.59 3.37 6.76 12.44 5.9 12.16 9.28 17.5 12.24 5.4 7.01 9.8 10.3 10.58 9.1 16.56 13.24 9.82 11.59 11.97 6.41 4.05 9.73 14.03 5.57 3.79 5.58 5.95 8.67 5.9 3.42 2.71 7.23 5.45 10.61 13.13 10.46 11.19 8.42 6.39 7.94 8.0 11.02 9.62 10.47 7.93 9.45 7.79 5.95 6.35 4.57 6.03 9.79 3.42 2.11 2.09 1.74 2.81 5.16 8.64 9.17
12.68 13.18 5.58 4.22 3.25 5.46 4.93 14.42 11.58 8.32 13.44 13.88 11.52 4.38 8.52 10.87 17.18 7.82 16.28 20.62 9.27 7.49 6.05 5.33 6.08 17.5 10.11 10.9 5.24 5.48 3.79 4.8 4.54 5.05 4.45 9.66 9.21 9.2 11.45 6.32 6.5 5.43 4.59 8.01 6.68 6.39 6.23 6.35 7.94 5.49 5.0 6.52 6.18 5.05 5.94 6.42 7.17 3.89 3.03 2.95 3.29 5.95 4.84 8.28
8.05 10.01 6.15 6.29 2.48 4.24 6.77 14.84 18.15 8.47 12.08 20.31 6.55 5.07 4.96 10.06 16.93 9.73 13.3 8.91 5.81 4.44 4.67 5.92 7.61 19.94 7.81 6.14 5.81 4.92 2.92 4.59 4.09 6.88 6.93 9.37 6.14 6.15 4.61 4.71 2.73 3.8 4.66 4.83 4.61 7.49 5.31 4.89 6.66 4.45 3.67 3.74 6.57 5.49 9.45 3.89 6.48 4.63 4.1 5.65 4.87 6.89 5.36 5.3
4.41 9.61 4.89 5.12 5.36 6.16 15.28 16.44 10.49 17.66 11.55 16.96 8.08 5.32 5.12 7.49 10.54 9.33 12.04 7.99 6.78 5.65 7.32 9.73 6.22 4.88 7.03 3.34 3.89 6.05 4.22 5.33 4.42 9.48 13.49 16.43 3.86 6.5 4.15 4.1 3.23 5.07 5.3 6.19 4.72 9.01 7.53 5.03 5.16 2.17 4.57 3.68 9.94 6.46 5.88 7.0 4.06 4.36 5.54 8.14 7.1 7.65 5.45 5.28
1.91 4.15 5.13 4.11 5.18 6.4 6.64 14.71 11.43 10.89 12.86 7.97 5.25 3.47 3.61 7.85 15.95 23.79 9.11 9.01 7.54 7.35 4.61 6.93 4.85 5.52 8.48 5.99 6.83 6.52 11.13 7.32 10.57 11.16 10.29 9.24 3.68 3.46 3.52 6.09 4.07 5.71 9.13 5.02 6.06 8.98 5.15 7.52 4.47 3.91 5.25 5.04 7.59 5.79 4.23 2.95 4.28 3.63 5.28 12.01 13.44 9.03 5.22 3.35
1.41 3.63 4.39 3.64 3.92 7.12 6.75 14.33 14.07 4.56 5.52 12.3 6.92 8.32 5.4 6.26 13.15 17.72 20.51 17.93 9.58 11.99 5.55 5.99 3.45 3.02 5.67 7.61 8.19 10.16 16.63 11.14 8.93 7.22 5.64 4.26 4.6 5.0 3.34 5.99 7.47 2.98 5.07 3.45 5.51 10.81 5.66 5.34 7.13 3.6 3.8 6.24 6.67 4.91 6.94 5.5 2.78 8.3 6.7 6.09 7.08 8.12 8.91 4.63
3.13 5.99 3.79 6.72 3.68 4.28 15.35 16.73 13.51 9.71 9.42 17.88 7.32 5.87 5.47 8.99 11.39 14.88 22.47 5.71 13.41 9.73 4.16 5.45 2.62 3.43 6.98 12.63 10.33 16.51 12.47 9.6 10.16 7.0 9.78 4.15 4.66 4.9 6.04 6.69 6.4 2.8 2.87 5.85 9.71 6.17 8.02 4.05 7.06 9.2 5.33 9.7 8.14 8.07 2.9 6.7 5.49 7.81 11.79 10.43 9.63 17.61 13.26 4.51
4.34 10.59 6.92 7.19 4.86 5.3 8.48 18.67 11.5 6.06 11.79 20.42 11.83 8.37 5.1 11.91 11.92 13.96 22.12 10.1 6.85 6.1 6.37 3.41 5.24 5.48 10.62 7.58 14.34 9.41 12.39 6.75 4.4 15.3 9.86 6.33 8.18 5.7 5.28 6.04 7.11 3.33 4.08 5.12 7.35 3.66 4.64 8.54 3.8 2.59 3.94 6.31 5.69 7.6 4.36 3.37 4.28 14.16 11.64 10.16 5.76 13.54 10.31 2.71
8.79 8.23 9.97 6.53 4.32 5.54 5.16 26.54 20.15 7.9 8.4 7.79 10.84 12.87 7.1 8.13 14.33 17.01 12.63 7.89 6.04 3.3 6.99 4.62 5.3 7.14 11.18 12.48 9.24 4.31 4.65 11.31 8.83 11.72 9.18 6.24 7.04 6.27 7.6 4.28 9.28 6.5 6.03 5.01 6.06 9.12 5.85 3.8 3.14 3.21 2.9 5.28 6.06 4.88 3.05 3.02 3.93 13.08 12.77 8.9 8.85 6.96 5.72 4.26
12.06 5.98 9.18 7.21 9.0 2.86 5.76 7.16 8.43 7.7 3.86 4.62 7.59 6.83 7.2 9.44 12.5 27.02 20.63 10.03 9.43 6.62 5.3 8.18 6.52 7.08 19.59 11.73 4.24 3.37 6.83 10.1 12.38 14.37 13.44 9.56 5.15 7.45 12.22 9.14 6.37 7.16 4.91 3.68 6.62 7.51 3.87 4.48 4.45 4.4 3.22 2.91 3.79 4.42 3.33 2.33 5.54 6.44 21.48 8.75 7.75 5.7 4.54 4.89
6.0 6.17 10.32 6.69 9.58 6.5 8.32 5.26 5.99 3.4 2.92 3.04 6.29 6.85 7.71 9.35 18.7 21.34 13.27 11.96 6.03 3.76 5.03 6.5 5.98 4.69 9.82 13.51 3.52 2.44 10.09 8.99 8.32 11.12 8.66 6.96 6.59 8.04 8.72 11.27 6.58 5.98 5.33 3.32 6.55 6.58 4.6 8.16 12.16 5.22 5.49 4.35 3.31 2.28 5.99 4.84 10.82 8.42 14.06 17.95 5.5 4.05 3.38 4.21
6.84 10.4 11.55 7.33 9.29 8.92 9.88 4.66 4.31 3.91 2.36 3.59 7.3 6.69 13.32 11.27 16.4 9.49 8.4 11.03 8.97 5.85 4.63 7.53 4.1 4.37 3.45 5.68 3.83 3.12 9.45 13.25 14.58 8.84 8.98 5.44 14.68 17.25 10.38 9.91 9.65 4.15 6.75 6.24 6.46 7.47 8.48 10.74 13.82 7.33 4.42 3.74 4.17 3.02 17.42 8.94 10.42 13.47 9.2 7.72 13.08 6.3 3.12 2.53
10.03 8.79 4.87 9.96 7.26 7.32 10.85 7.56 3.76 2.84 2.34 6.67 22.28 13.23 9.78 10.11 11.0 13.9 9.43 8.88 10.4 4.62 5.77 5.34 7.01 4.14 4.31 6.94 4.76 5.59 5.72 7.55 10.79 9.22 13.44 15.28 18.65 19.9 10.57 6.7 5.46 5.84 4.14 6.93 12.02 6.09 11.39 7.66 10.69 8.49 6.56 2.27 4.6 2.16 4.2 9.59 18.78 7.07 10.5 8.04 10.93 11.34 3.14 2.9
9.78 8.11 8.64 12.64 8.23 7.45 8.65 11.36 6.89 3.59 4.81 5.73 14.05 19.18 13.37 12.03 11.61 9.6 10.49 4.85 8.6 7.83 5.93 3.68 4.75 3.16 3.49 4.2 4.84 4.18 6.42 6.93 10.05 12.51 8.79 13.35 22.33 18.89 15.21 7.43 5.52 8.42 3.55 6.19 12.57 12.73 12.79 11.02 6.98 4.59 7.51 2.22 2.63 2.14 5.32 7.42 14.03 6.72 6.64 11.38 10.88 7.16 4.42 3.65
6.72 5.53 9.84 9.99 5.61 9.3 10.49 11.34 10.22 9.71 10.58 8.96 11.32 15.75 11.25 6.53 13.29 10.86 6.59 6.93 8.08 7.72 7.83 4.66 4.59 3.75 5.5 3.63 10.11 4.84 10.94 9.89 9.72 12.21 16.01 14.8 12.41 17.29 6.98 8.42 11.54 7.12 6.63 4.96 4.51 7.91 10.12 7.96 5.23 3.03 3.22 3.28 3.77 3.64 4.74 5.19 7.38 8.6 14.22 9.11 9.59 6.88 5.21 5.68
6.5 8.36 7.42 8.07 6.13 7.41 8.77 5.95 11.17 16.03 6.67 7.11 7.1 10.81 9.32 6.02 12.93 9.03 7.07 4.65 8.87 7.18 4.33 3.34 3.9 4.99 5.05 7.31 9.07 8.15 18.47 8.78 11.92 13.87 15.9 13.58 8.77 17.65 18.49 6.9 8.01 7.81 6.14 3.85 8.85 5.82 5.1 4.97 3.73 5.22 3.72 3.06 5.83 6.47 3.11 5.91 9.19 9.98 6.15 7.82 4.71 10.0 9.21 5.94
9.45 8.39 9.59 10.16 11.47 5.24 7.12 5.81 11.69 14.65 9.05 6.96 6.2 9.99 14.93 18.6 6.6 6.16 10.23 6.01 3.72 4.89 5.72 3.46 6.63 5.45 8.8 9.57 12.14 19.48 15.97 14.87 19.54 16.25 18.37 9.66 17.18 27.18 28.0 16.87 7.14 10.81 7.66 4.33 6.97 6.96 5.05 5.17 3.23 4.26 3.47 5.28 4.49 4.32 4.99 10.18 9.94 8.71 3.38 3.81 5.86 5.16 14.48 7.05
9.6 6.81 13.01 15.88 4.47 4.5 3.74 3.37 10.2 11.93 8.43 10.56 11.78 10.81 15.09 14.2 6.28 5.88 7.55 8.32 7.08 4.36 8.21 3.94 3.04 5.66 8.46 8.5 11.99 9.66 11.53 10.07 9.1 8.49 10.65 17.8 19.73 27.78 12.96 17.73 14.57 6.07 7.88 6.2 9.52 9.05 3.86 4.37 3.09 7.9 5.14 9.32 6.63 4.24 7.82 7.09 5.78 7.98 6.66 5.88 8.22 12.24 16.09 20.87
10.29 5.25 14.19 21.27 7.14 3.57 2.36 4.68 9.61 11.33 9.27 7.23 13.69 20.57 10.61 14.59 7.28 4.73 9.86 7.53 5.98 7.75 5.99 6.07 3.04 6.68 8.32 9.28 7.45 4.36 5.59 5.6 11.31 12.72 13.7 24.21 23.69 25.19 27.09 20.88 18.22 10.47 10.26 8.09 7.7 9.24 6.55 4.68 2.94 10.63 6.39 5.46 7.29 5.89 3.95 3.39 3.75 7.36 14.41 14.19 14.9 10.13 16.71 12.7
11.94 6.82 7.3 5.41 7.56 3.53 5.66 6.78 9.61 7.86 5.29 8.01 12.84 14.83 4.25 11.06 5.29 7.96 12.77 10.42 6.33 7.09 5.72 7.14 5.51 6.48 7.02 9.46 9.3 8.51 5.84 6.16 20.64 20.1 28.47 32.09 18.27 19.78 24.11 24.86 25.27 27.65 17.78 9.15 7.37 7.54 6.28 4.02 4.07 5.94 6.62 5.04 4.84 4.69 2.18 2.21 3.35 4.32 9.78 15.15 11.9 9.69 25.59 16.76
5.92 2.9 6.56 6.26 4.44 4.26 5.06 5.39 10.51 10.0 7.93 4.42 7.83 12.87 7.51 3.64 2.83 6.37 7.05 17.4 8.54 4.55 4.01 4.12 3.68 12.89 6.48 9.74 8.75 4.73 6.01 8.55 16.63 12.05 22.12 29.68 41.2 17.54 30.37 17.46 14.62 12.07 19.41 19.23 5.16 4.99 4.4 4.13 3.69 9.48 4.5 4.83 5.3 4.23 3.39 2.27 2.73 3.92 7.16 14.89 12.47 9.41 9.31 10.27
4.12 6.7 5.85 6.47 8.51 8.19 6.21 5.41 12.97 9.73 8.45 7.22 10.68 17.78 5.87 4.67 5.89 5.73 8.28 15.15 10.56 5.05 6.38 11.21 5.6 8.14 8.9 15.21 10.97 7.46 9.59 9.89 24.45 16.84 20.85 21.52 18.99 23.68 24.67 15.12 20.85 10.54 9.06 10.92 6.54 4.15 6.52 12.31 5.64 8.56 5.74 4.01 3.2 1.69 3.17 4.42 4.25 5.23 3.91 9.25 9.93 12.74 9.48 8.72
6.46 9.03 5.08 7.19 8.99 6.21 5.98 8.5 7.83 8.79 9.26 8.99 15.12 10.25 7.41 3.99 4.89 5.14 12.96 12.05 11.76 10.73 9.73 7.96 5.52 7.16 4.75 8.16 8.01 11.36 7.46 11.83 19.64 15.71 9.1 10.55 18.01 24.6 20.9 22.42 9.14 8.25 8.89 6.96 10.79 7.86 7.45 6.81 12.31 8.62 8.34 3.73 2.69 3.62 3.06 5.16 5.1 6.28 4.5 12.71 10.96 14.96 14.91 8.7
9.75 6.94 5.71 9.82 11.16 8.84 6.27 7.55 21.79 5.39 12.69 17.47 11.14 8.19 8.85 4.72 4.04 5.91 15.52 16.78 11.58 7.42 10.19 6.62 4.11 7.93 7.07 5.73 8.26 12.33 6.09 12.53 17.18 11.56 5.88 8.98 15.19 22.27 14.13 24.83 18.36 7.39 6.48 11.11 12.87 11.44 13.68 14.72 11.71 13.69 6.09 5.66 4.24 2.47 3.16 2.55 3.35 3.95 5.86 8.7 5.42 9.45 7.71 8.14
10.19 11.18 6.45 7.69 8.49 5.63 8.83 5.88 15.64 13.22 10.86 13.2 6.78 5.7 6.11 6.64 7.68 7.35 18.2 18.59 28.31 7.22 4.96 7.45 6.29 4.29 6.26 8.16 9.73 15.37 10.18 11.09 14.53 13.71 6.93 9.15 8.06 15.25 16.2 13.35 12.1 9.45 6.51 12.49 10.61 12.07 13.29 11.75 16.35 7.17 8.25 10.29 5.99 4.67 2.47 5.54 7.48 8.54 3.87 8.02 4.37 4.64 8.86 7.58
6.59 9.38 6.19 5.75 6.9 6.15 6.84 12.23 17.81 10.6 11.88 7.24 5.83 5.07 4.31 8.46 8.43 11.55 22.5 22.18 17.52 8.26 7.47 5.3 5.19 4.79 5.33 17.33 13.44 16.81 24.38 11.94 11.2 8.79 5.28 4.22 5.5 9.17 8.14 14.74 8.65 10.82 7.33 4.62 8.94 13.06 9.13 8.43 13.27 7.47 16.53 19.9 4.47 5.34 3.27 5.02 7.12 8.7 6.62 7.6 4.5 2.82 5.39 7.12
9.1 10.73 8.0 7.71 8.61 18.61 8.63 8.32 14.16 7.84 14.85 5.23 8.11 5.9 5.22 10.12 7.0 21.48 18.89 22.17 12.81 8.8 15.55 10.31 8.97 4.67 7.33 11.24 15.05 20.37 12.74 12.83 7.27 8.87 7.69 10.35 6.68 13.28 13.04 9.39 14.17 8.44 7.11 5.33 2.82 9.95 5.58 5.71 11.85 10.14 10.64 7.95 10.2 4.35 5.38 7.34 7.25 15.53 9.73 10.93 5.59 2.03 4.5 10.78
5.4 10.41 4.48 7.62 5.33 10.96 12.77 11.35 13.58 8.82 10.29 4.64 4.63 3.38 6.67 10.01 12.84 14.88 19.93 15.27 12.43 8.63 10.75 28.03 10.02 8.61 9.49 7.04 7.84 10.63 10.64 24.28 13.28 6.82 6.55 5.98 8.1 18.59 24.51 10.41 19.64 13.02 9.15 9.34 3.65 3.04 2.87 8.53 10.88 9.73 8.74 6.67 5.32 4.12 3.99 6.91 4.89 9.04 14.81 9.6 9.32 4.13 4.05 7.14
7.65 10.4 5.62 5.36 11.17 14.73 13.9 14.51 7.29 11.0 12.39 16.39 4.16 5.96 5.58 7.32 27.21 10.78 17.45 27.2 9.8 18.9 15.31 14.46 9.68 3.24 6.21 9.03 10.82 5.64 9.19 7.8 7.9 9.8 5.19 9.13 15.49 20.32 37.1 25.64 23.38 12.62 7.21 3.26 9.03 8.55 2.81 6.89 5.03 4.58 6.67 7.7 4.8 3.1 3.77 4.09 5.49 5.12 6.41 5.56 5.07 8.35 8.16 8.65
4.35 6.81 6.11 6.48 12.29 15.72 7.9 20.3 12.76 19.19 18.0 9.79 3.93 6.29 9.43 10.39 11.43 11.64 11.47 12.07 13.06 15.2 19.05 12.28 10.9 6.61 5.53 6.04 8.76 6.03 5.35 6.61 5.65 5.36 7.49 6.4 12.75 20.03 23.91 17.02 15.01 7.64 6.82 4.19 4.1 4.72 5.4 6.31 4.98 6.94 5.12 8.22 6.67 1.98 4.74 3.84 5.2 10.33 5.45 7.87 4.44 11.56 8.51 9.1
2.45 3.24 5.03 8.91 9.56 8.88 10.52 10.61 20.42 19.59 7.91 7.33 5.77 3.97 6.43 8.72 6.55 10.5 10.52 9.97 28.21 17.61 14.45 16.77 7.09 6.02 4.04 3.96 9.28 6.56 6.8 6.94 8.1 6.32 10.96 10.0 9.59 15.41 20.44 19.39 14.8 6.96 4.44 2.89 7.08 4.39 2.95 9.48 3.8 7.39 5.47 8.03 6.44 3.19 4.02 5.78 5.47 3.21 7.55 7.88 4.42 8.21 9.42 12.39
2.61 4.35 5.48 7.71 13.24 15.45 16.46 13.52 13.31 14.23 8.71 3.77 4.69 7.57 4.75 4.85 5.25 4.06 5.58 8.0 14.79 11.18 14.21 14.59 12.51 5.6 2.41 6.97 8.84 3.69 9.32 8.44 7.51 17.64 12.71 16.6 12.11 16.66 20.12 20.34 11.51 10.06 8.87 3.56 10.87 6.08 2.25 4.33 10.5 7.49 7.7 10.0 3.12 3.7 4.24 4.95 4.41 3.82 6.95 10.88 10.36 12.32 5.67 13.85
5.16 4.94 6.28 4.93 8.24 10.35 11.5 11.62 9.16 9.68 8.75 6.12 6.26 4.33 5.47 3.76 3.79 5.17 7.84 12.35 19.13 17.21 10.52 17.93 8.71 7.62 4.16 2.94 3.51 5.71 5.6 13.01 14.49 23.84 24.59 10.82 12.56 19.08 21.04 23.79 14.11 12.24 10.04 8.39 6.91 5.54 3.68 4.2 17.02 9.5 6.91 6.88 7.36 4.1 4.62 4.6 4.22 5.24 4.27 8.25 13.5 14.5 9.23 11.2
4.97 3.37 4.77 5.26 8.93 16.77 15.9 11.54 11.35 14.69 9.06 11.32 9.17 2.85 5.37 4.79 3.0 6.42 8.17 14.74 27.65 24.66 15.51 8.41 4.84 3.68 4.63 5.75 2.91 8.47 5.82 7.19 14.3 27.26 17.59 9.03 9.57 30.56 22.72 16.74 10.72 18.44 7.6 4.96 9.04 5.97 9.19 9.7 17.6 12.87 7.61 6.1 11.21 5.18 3.79 3.83 4.16 3.26 7.26 10.59 12.79 16.91 6.43 7.77
5.66 5.48 5.23 7.59 8.0 13.82 17.04 16.07 7.29 8.13 12.68 17.86 10.43 4.6 4.84 5.47 4.83 4.92 12.95 17.18 24.6 28.08 11.36 9.85 6.3 4.29 2.93 4.71 6.42 7.77 10.21 8.76 9.99 27.75 11.23 15.13 13.4 22.18 27.14 17.26 9.94 7.17 6.77 5.28 9.75 12.79 13.52 11.47 18.08 15.5 6.18 5.91 9.25 9.04 7.39 4.11 5.42 4.66 4.11 10.41 7.14 6.73 5.8 4.19
7.7 4.02 4.21 7.92 7.24 10.75 22.82 16.62 10.86 11.6 9.6 13.69 7.67 5.89 2.84 5.1 6.94 13.1 13.56 19.66 11.64 11.07 5.64 5.92 6.6 4.28 5.04 5.29 8.87 7.76 10.55 6.01 3.54 17.36 20.2 9.61 9.04 18.87 17.42 14.28 8.62 7.15 4.48 5.97 8.63 12.84 10.06 6.82 11.96 13.14 9.14 7.02 11.13 10.8 9.54 4.94 7.06 6.13 5.09 2.89 5.18 4.7 4.74 5.06
5.61 4.0 7.52 8.24 6.06 10.67 17.21 16.93 8.8 11.53 7.12 5.52 3.9 5.39 6.33 6.89 12.79 15.41 20.41 16.81 7.32 7.18 4.15 5.71 4.62 8.76 5.39 7.88 8.57 10.86 20.78 6.64 6.54 6.3 9.13 21.1 12.83 27.41 18.17 7.98 5.0 9.08 6.97 4.95 6.63 5.69 10.83 8.73 4.37 9.45 6.4 3.69 8.16 11.24 16.75 7.05 3.89 2.33 6.68 5.91 5.71 7.15 3.6 6.46
8.06 11.54 9.26 6.49 5.04 8.4 9.89 7.02 4.39 8.36 9.33 7.17 5.89 6.48 6.42 7.73 15.33 17.19 15.74 12.13 5.77 4.63 5.23 7.16 10.95 14.89 8.9 13.67 12.24 13.8 13.41 7.91 13.71 11.59 17.86 22.03 21.54 25.76 12.75 15.57 10.04 7.22 9.71 6.8 5.78 7.82 5.47 6.81 6.7 7.52 4.32 6.81 5.66 11.72 17.26 6.61 5.29 4.18 5.83 4.64 6.83 7.08 5.55 3.66
13.64 16.99 10.72 16.13 5.24 6.0 12.19 8.39 7.68 7.85 4.38 9.15 3.9 8.71 5.38 6.31 10.2 13.44 7.7 5.12 6.48 1.86 5.7 4.03 7.61 9.4 5.29 8.44 9.09 9.17 11.63 11.23 19.3 10.03 15.33 19.54 14.18 20.32 8.7 19.81 14.59 9.92 13.57 7.26 6.26 6.0 7.17 7.55 9.94 25.06 8.94 6.22 7.23 12.34 7.73 7.41 5.06 3.85 4.74 5.27 9.87 10.59 3.69 4.24
10.25 12.17 11.76 15.83 6.7 7.68 7.94 7.8 8.85 7.9 4.95 7.35 5.32 7.88 5.98 12.35 6.15 4.92 8.65 6.34 6.68 2.93 3.74 5.94 8.94 9.41 8.96 8.66 6.35 14.83 16.73 8.25 39.63 23.27 17.07 19.95 17.81 22.03 12.26 11.58 10.14 11.31 6.51 8.79 13.97 8.24 8.28 21.22 10.05 24.71 13.43 8.46 7.08 9.51 13.11 9.0 7.11 4.17 5.86 6.37 7.96 8.23 7.93 3.62
6.84 6.11 11.79 9.43 4.29 3.05 4.19 4.23 8.84 9.41 6.77 5.02 3.07 8.71 5.1 15.33 5.7 5.1 6.28 5.8 6.37 2.24 3.82 2.81 4.7 8.92 14.83 11.39 7.81 8.19 6.54 9.29 20.59 26.52 20.56 11.74 7.65 7.47 5.77 15.5 6.12 7.61 6.99 8.82 8.0 12.77 11.29 5.7 11.16 20.29 17.82 14.26 6.9 7.76 7.12 6.32 8.94 6.81 6.56 7.33 5.7 4.55 12.82 7.59
