17.53 10.13 5.15 8.02 6.85 8.89 15.49 8.26 9.53 10.95 10.67 8.65 8.93 5.42 5.53 4.34 5.34 3.87 3.85 5.45 4.3 2.83 9.21 4.96 5.97 7.62 4.38 11.6 10.88 6.99 4.95 13.72 12.29 5.2 4.77 5.78 10.69 9.7 2.58 1.62 4.91 11.12 6.91 5.06 9.38 5.32 2.8 3.98 4.35 5.94 8.36 12.52 22.03 11.06 13.38 14.01 14.14 10.45 6.49 6.77 14.46 12.91 10.42 2.41
8.27 9.62 6.61 7.82 7.34 22.42 11.39 7.58 11.82 8.58 9.2 9.56 9.75 7.83 6.28 5.0 5.83 7.54 2.94 3.23 4.71 2.9 4.16 7.26 8.23 6.13 8.2 10.16 7.2 5.19 8.44 6.05 7.8 6.63 9.12 12.06 23.64 11.3 3.72 2.0 4.17 15.3 12.74 3.88 5.3 7.54 3.08 3.6 5.29 4.38 10.58 17.16 6.5 9.98 22.27 15.78 9.47 9.65 3.61 5.21 9.38 12.17 9.4 3.05
9.69 8.47 8.0 9.12 16.19 10.36 14.53 13.71 10.95 15.64 17.33 7.81 7.73 6.0 4.54 5.44 6.41 2.88 2.83 4.68 3.76 4.72 5.18 7.68 10.15 9.53 6.45 8.51 10.42 3.95 6.05 5.37 8.82 13.06 8.94 7.13 7.31 28.55 6.17 3.99 7.17 7.53 17.2 9.02 4.16 3.9 5.68 6.29 3.84 4.65 7.73 12.24 10.97 7.46 12.17 8.78 8.34 6.08 4.28 6.11 13.1 20.08 15.01 2.43
8.3 8.87 11.67 12.85 17.95 14.1 9.75 14.11 9.19 13.96 14.34 6.92 8.75 9.08 6.28 2.8 2.78 2.9 2.07 2.71 4.89 7.36 5.52 10.64 8.55 9.52 7.26 4.72 4.04 6.05 8.79 5.68 7.35 12.98 10.5 7.79 10.28 12.86 8.38 4.11 5.71 4.59 12.57 7.96 5.34 4.46 6.24 4.8 4.15 2.98 7.46 7.58 7.88 7.75 13.76 7.2 7.72 6.15 4.91 6.94 9.8 10.46 13.46 4.4
9.5 7.73 8.67 7.31 17.01 8.55 8.03 11.17 18.15 17.11 15.47 7.55 5.61 4.17 4.06 2.7 2.44 2.83 2.0 2.56 5.03 3.2 7.7 14.75 11.59 7.25 9.65 8.25 5.66 3.28 5.57 3.4 7.37 12.54 10.3 7.85 6.51 9.28 11.98 5.66 4.15 13.9 14.2 10.84 6.53 8.81 11.33 11.48 4.4 2.95 4.31 6.27 6.6 14.51 17.21 22.5 12.37 11.36 9.15 9.45 11.15 5.24 9.94 6.71
14.28 9.57 9.24 13.67 16.75 6.14 12.56 15.09 18.28 17.2 9.33 5.57 7.77 8.47 5.85 3.02 4.78 4.87 4.23 2.92 4.64 3.22 10.5 9.07 11.23 11.71 8.06 12.26 10.79 6.51 5.84 8.7 13.11 11.26 4.1 5.44 5.17 5.49 3.31 5.88 5.74 21.65 10.98 9.02 7.97 4.96 11.2 9.9 4.15 3.27 6.3 8.06 7.82 8.13 13.02 8.79 6.01 5.58 5.95 10.02 7.84 3.35 7.15 11.09
22.33 11.43 20.01 13.94 11.77 12.48 11.91 20.38 23.36 15.43 6.19 4.79 6.45 6.35 3.07 2.21 3.81 7.33 4.31 5.25 3.09 2.12 4.11 6.3 12.89 13.96 10.42 18.06 9.6 4.61 6.49 5.4 15.05 16.55 7.37 5.59 7.78 4.45 4.2 5.81 8.87 10.63 14.35 13.93 9.72 8.88 8.95 9.85 9.43 4.93 6.12 5.89 7.02 8.0 12.76 11.71 5.55 6.54 6.68 12.43 8.66 8.41 7.2 11.77
24.66 27.28 31.43 20.18 10.94 7.43 7.23 19.49 22.19 13.73 14.06 8.52 4.87 7.58 4.07 2.48 5.89 2.54 4.17 11.12 3.38 1.4 3.64 5.29 15.87 17.34 14.7 13.77 6.43 6.43 7.62 5.29 13.41 9.48 8.17 10.15 4.2 6.47 3.23 5.85 8.82 5.91 8.37 11.43 8.77 11.54 5.71 8.32 7.68 5.44 4.35 2.59 5.16 7.1 11.29 6.07 4.64 3.55 4.09 10.25 8.6 6.38 7.3 12.79
15.11 18.81 60.37 29.48 9.52 6.85 9.15 9.77 16.73 10.01 9.62 4.53 4.27 6.3 7.28 5.33 4.25 3.09 4.1 5.58 4.68 4.28 5.13 5.78 11.29 9.7 8.43 11.54 10.2 10.37 4.29 4.22 16.49 22.0 7.8 10.17 5.92 5.14 4.58 8.05 10.6 4.44 7.95 9.58 10.08 17.19 6.74 8.22 8.94 5.95 10.58 5.92 8.63 11.6 14.73 5.08 7.36 5.56 7.72 11.36 11.4 7.73 5.01 5.75
8.88 10.74 36.43 38.48 15.6 9.3 9.11 14.49 15.98 10.28 7.91 4.83 5.04 6.18 5.58 10.64 5.51 7.85 12.94 6.29 5.97 4.82 7.41 4.3 3.58 4.17 9.64 11.02 9.89 6.26 5.45 10.02 12.17 13.53 6.98 8.69 5.05 4.08 3.06 4.33 4.17 2.72 5.93 8.66 11.41 13.06 7.8 9.78 6.51 5.2 6.76 5.01 9.28 7.72 4.81 10.19 5.95 5.94 10.28 12.12 4.57 5.43 5.25 6.84
16.37 15.56 13.74 25.7 22.43 9.96 9.65 13.36 12.49 4.36 10.1 7.21 5.1 7.63 6.67 8.66 7.02 9.85 9.84 3.82 5.38 4.36 4.73 6.07 3.58 3.92 8.05 10.8 13.65 9.26 6.43 13.17 12.93 11.2 10.45 11.78 8.41 5.59 3.26 5.98 3.41 4.19 6.58 7.98 11.64 12.13 8.01 8.52 8.07 10.76 7.49 9.99 11.91 10.66 8.16 6.68 8.56 8.25 14.94 8.72 7.56 5.71 6.64 7.55
30.26 14.12 17.3 16.15 17.45 10.1 7.48 10.54 6.95 4.96 14.92 10.94 4.87 5.93 12.95 9.44 5.48 6.22 3.38 5.58 5.23 5.47 3.5 4.36 5.59 5.47 5.7 8.56 8.19 5.3 8.1 25.16 17.56 15.43 7.47 8.42 5.76 6.91 5.06 5.27 3.91 2.99 6.5 4.28 5.31 4.75 9.16 6.44 8.63 5.8 10.24 8.23 8.7 3.75 7.17 7.62 5.71 9.55 9.61 10.0 6.48 7.61 3.65 4.62
12.64 8.62 10.61 23.24 12.51 7.58 4.82 17.49 12.55 7.32 8.94 6.93 4.83 9.09 11.83 12.52 16.16 6.46 4.39 8.58 5.67 6.37 6.07 4.71 8.38 9.27 8.11 10.78 8.54 8.36 8.64 19.45 19.57 14.1 15.73 7.85 6.48 13.6 6.9 4.61 3.37 2.44 3.76 5.3 10.53 5.3 8.91 11.61 8.41 7.12 12.9 14.07 12.48 3.42 5.85 10.24 12.82 9.57 8.32 12.93 9.44 3.84 6.61 2.52
10.16 5.69 8.41 19.8 9.77 11.33 6.88 11.8 10.56 6.43 5.65 5.9 4.75 4.51 11.42 9.16 15.88 9.9 6.35 3.75 5.72 3.95 3.35 2.35 5.53 3.52 5.95 13.04 9.41 11.29 12.96 10.37 21.97 12.12 7.79 7.74 7.45 10.57 5.07 4.09 1.85 1.46 4.15 5.16 10.27 5.81 4.53 9.4 21.28 13.33 25.8 16.37 9.39 10.12 8.69 7.1 13.87 22.62 12.21 11.07 9.13 7.05 6.94 5.41
7.39 7.56 14.06 12.24 20.56 14.08 11.86 19.2 13.95 9.89 9.39 13.17 9.68 5.23 7.26 7.98 12.62 13.73 5.14 3.92 8.62 7.45 6.84 5.09 5.13 4.16 6.09 11.26 10.24 11.16 16.59 8.1 20.32 8.17 8.36 10.55 8.53 11.3 7.06 5.37 4.96 3.01 4.67 5.53 8.83 7.09 3.87 11.88 9.97 18.01 35.65 25.97 14.05 18.86 15.55 10.25 9.22 16.58 12.29 8.3 4.7 8.55 7.56 8.27
13.98 8.9 7.71 5.18 14.39 17.15 15.74 14.8 9.02 4.99 12.18 13.46 10.21 4.62 2.7 6.52 8.2 5.3 3.92 4.01 18.9 8.92 3.71 2.46 3.78 7.37 15.01 21.45 13.26 13.77 10.07 7.99 7.84 5.89 7.11 5.92 8.08 21.56 7.24 4.54 5.89 2.92 4.16 6.19 12.16 6.83 6.24 9.15 10.52 17.88 24.63 23.75 16.34 15.04 6.34 11.15 12.92 14.32 12.21 8.23 3.65 4.77 4.58 6.28
9.01 8.33 19.45 10.84 18.95 20.19 13.47 9.9 10.33 6.26 20.75 13.16 7.64 4.5 7.02 3.29 5.2 5.04 4.35 6.03 12.73 12.28 5.25 6.28 11.52 13.85 16.33 17.83 7.34 15.56 14.84 9.41 7.61 8.02 7.68 6.75 7.87 21.2 10.0 7.47 14.73 7.12 7.26 3.88 4.82 8.61 8.64 10.29 8.85 18.98 21.09 13.56 19.53 18.71 9.14 17.94 20.28 16.21 11.04 5.65 4.7 5.26 3.64 5.49
4.01 6.0 5.51 6.65 13.0 12.83 6.55 8.56 8.01 4.16 9.41 4.18 2.95 3.84 5.67 4.69 3.47 2.42 2.04 5.8 9.81 6.38 6.73 16.5 23.86 8.9 9.29 13.69 12.88 21.74 11.18 8.02 7.32 12.28 6.58 5.91 6.02 13.9 13.3 16.61 10.91 17.6 13.15 13.25 14.58 10.25 8.29 16.16 10.39 14.49 18.24 25.6 23.89 15.44 17.29 18.31 20.31 20.4 9.41 7.26 9.09 2.83 6.43 5.78
6.88 3.99 7.77 20.16 11.35 6.84 4.27 13.24 12.48 7.98 6.03 4.05 9.29 6.52 5.1 7.09 3.84 3.12 3.86 4.18 10.73 15.09 8.07 9.73 21.71 12.33 11.36 21.82 12.13 11.65 14.28 7.13 3.81 11.05 11.6 6.27 9.12 18.09 14.32 23.54 7.92 15.85 14.29 7.5 5.91 10.47 7.99 7.98 11.0 21.79 26.47 24.13 23.97 7.58 9.36 22.76 13.12 12.71 10.71 5.4 8.17 6.65 11.2 10.83
5.2 3.73 6.37 8.8 6.62 2.9 3.25 11.52 6.52 4.48 5.08 5.75 9.71 9.65 7.04 7.47 6.14 3.92 2.33 3.39 6.79 19.41 6.61 8.22 10.34 15.78 14.87 28.11 13.98 10.46 10.89 6.33 5.75 5.81 8.19 5.5 5.64 11.5 19.32 19.77 12.96 14.07 16.87 9.74 13.01 15.02 10.29 9.83 7.55 20.49 9.78 8.64 9.27 3.83 3.76 13.22 23.3 21.1 11.35 7.07 6.79 8.74 5.65 4.3
8.19 5.19 3.9 5.91 14.63 4.51 1.8 4.07 5.8 6.41 9.37 5.92 16.26 17.3 7.47 8.27 3.98 3.31 2.04 3.95 11.65 11.05 9.08 11.22 9.35 12.17 16.97 19.43 12.97 9.68 5.92 4.85 3.86 5.15 6.48 7.73 5.83 4.76 5.27 8.3 10.22 34.37 12.24 9.81 18.75 19.32 22.35 14.58 8.73 7.64 9.96 5.08 3.72 2.86 8.45 7.3 22.73 18.07 13.3 10.6 9.09 4.01 4.63 3.97
7.46 3.84 4.41 3.45 6.69 3.81 3.52 2.39 7.65 14.53 8.11 4.33 10.83 9.83 7.74 7.78 3.26 3.2 4.04 6.63 9.22 8.21 6.64 10.83 20.27 18.89 9.02 11.1 10.54 12.86 6.82 4.67 4.18 12.91 13.5 5.18 5.31 4.64 5.94 12.16 12.63 22.89 22.01 10.08 27.75 29.34 44.6 13.28 6.49 7.06 7.43 2.38 3.51 2.17 5.75 10.23 12.46 9.6 13.23 10.03 12.72 6.3 3.87 3.04
4.28 7.27 4.79 6.61 10.18 8.09 5.91 3.64 7.06 15.95 4.52 3.11 8.04 12.31 7.62 7.37 2.5 5.43 6.88 16.88 14.1 5.85 11.37 8.12 14.3 13.16 12.28 7.43 11.5 11.21 16.03 9.69 7.78 9.46 7.29 8.0 12.14 4.66 5.02 12.93 10.25 12.96 19.16 14.79 15.7 15.96 33.61 15.43 8.21 11.24 9.4 5.41 2.54 1.39 3.45 6.7 7.53 6.63 5.97 9.12 12.61 10.4 3.93 4.92
2.52 11.28 6.63 5.07 12.89 9.72 8.83 5.19 6.73 5.15 2.38 1.49 5.6 3.76 7.86 7.76 3.73 5.44 6.77 16.58 10.56 3.87 17.73 10.5 8.58 16.88 20.92 15.97 14.68 17.2 15.08 11.63 7.07 13.57 12.3 11.01 13.85 8.6 10.46 13.46 13.25 13.19 10.64 13.6 12.03 21.44 32.26 34.27 10.35 11.24 9.88 4.18 2.2 1.64 3.12 5.55 9.84 10.9 6.75 7.57 11.21 17.95 8.08 4.1
2.15 3.48 10.01 3.86 6.39 8.4 10.26 6.12 9.03 7.46 3.18 3.31 2.1 2.86 4.92 6.89 3.96 4.95 7.16 13.08 11.8 14.73 13.75 8.95 6.76 10.65 26.94 27.7 18.51 18.26 11.19 11.69 8.55 10.56 11.92 23.62 14.72 17.1 11.39 13.44 17.44 13.88 17.49 9.94 12.93 11.76 44.16 46.02 21.4 10.54 10.54 7.74 3.12 1.69 3.62 6.59 9.27 8.31 7.52 18.96 13.12 13.94 4.67 8.26
3.98 5.41 8.23 8.09 9.5 16.96 9.15 7.19 7.81 7.17 3.74 3.72 5.36 3.44 5.55 7.16 4.36 3.45 7.7 10.28 15.08 17.85 10.68 8.29 13.25 10.02 15.21 18.56 17.19 16.31 12.21 13.99 11.54 12.76 11.13 18.78 12.37 9.39 7.34 11.64 21.62 18.03 23.66 24.45 13.68 14.24 33.57 33.2 15.85 9.68 4.13 10.25 2.71 3.17 5.58 10.66 15.81 8.68 12.09 9.44 15.92 12.01 9.59 4.85
7.0 5.62 8.0 6.47 12.25 9.47 8.33 7.0 6.15 5.48 6.13 5.71 5.89 4.63 6.57 7.4 5.84 4.58 10.67 11.18 10.27 11.28 14.22 17.18 13.17 13.64 20.1 15.13 11.78 10.71 11.84 29.55 15.32 12.64 12.28 20.39 19.61 27.37 10.08 9.08 8.92 43.59 36.0 20.15 27.06 17.78 51.4 35.53 13.86 10.36 5.8 6.66 5.52 3.66 8.07 17.94 8.74 4.83 7.35 6.33 10.47 9.25 19.0 7.64
3.96 6.98 13.48 14.3 10.01 8.37 5.06 7.37 3.96 4.24 3.94 5.2 7.66 7.93 4.14 4.34 3.6 5.78 6.35 11.66 16.12 13.55 7.23 20.78 22.14 25.99 11.24 10.21 14.64 6.8 7.23 15.66 18.1 8.08 13.4 8.66 13.12 16.98 21.4 12.63 11.62 40.38 37.55 11.88 17.67 15.45 29.61 30.63 14.55 9.01 9.52 21.28 10.39 5.51 8.17 17.8 8.99 9.61 7.53 5.52 6.89 8.37 18.9 16.89
6.6 6.72 10.72 15.5 10.72 8.7 6.26 6.32 3.96 4.59 3.8 9.21 13.05 5.08 5.54 4.83 4.04 4.19 6.89 11.72 19.55 17.78 17.91 11.16 41.73 45.99 10.44 6.73 6.72 6.57 8.18 23.52 11.88 13.48 9.39 6.21 9.06 19.1 30.0 14.71 9.2 10.38 12.24 14.3 8.19 16.79 18.7 30.99 19.7 11.22 13.63 15.77 9.86 3.46 6.62 10.67 5.15 5.86 5.12 6.98 7.65 15.87 15.03 10.0
12.38 8.18 10.45 15.84 16.61 6.35 8.08 3.74 6.26 6.43 7.23 8.44 8.71 7.58 6.27 4.51 4.51 3.81 8.22 14.14 13.36 20.15 14.21 11.57 15.94 31.33 5.89 5.36 2.1 4.18 5.41 9.34 5.51 8.77 8.95 7.89 10.19 8.7 14.49 9.77 8.37 7.5 8.8 15.51 8.05 14.07 18.17 12.55 11.21 10.29 12.52 13.57 7.42 3.31 12.98 9.96 7.46 3.74 5.86 4.88 5.51 6.95 10.49 15.81
18.96 12.1 8.88 16.8 23.89 7.18 5.75 3.99 4.03 9.24 9.16 8.56 7.03 8.65 5.96 5.78 8.16 8.27 8.39 16.74 18.82 15.17 14.59 8.65 13.74 12.34 7.6 9.15 5.66 3.66 3.93 7.33 11.86 11.0 7.05 17.9 8.7 7.46 12.24 12.54 10.51 8.04 10.37 18.06 10.62 11.06 18.18 10.89 11.83 9.97 12.73 9.34 3.83 8.11 10.02 6.78 9.15 2.14 3.4 2.8 3.67 2.85 5.54 8.01
17.74 12.14 17.4 36.54 18.53 9.2 6.19 4.79 9.33 8.28 5.27 5.91 6.12 7.22 12.06 6.8 4.72 7.76 17.63 14.31 13.68 18.96 16.67 7.96 6.86 7.12 6.37 5.96 3.24 4.24 5.82 5.51 11.69 16.67 8.59 21.93 15.28 10.61 15.09 16.77 8.42 5.09 5.32 8.13 6.68 10.23 39.58 24.06 16.26 11.88 10.15 14.45 11.67 10.46 9.08 9.45 10.08 2.95 3.99 3.58 4.01 6.33 8.28 5.91
18.89 15.49 11.1 20.2 9.47 17.85 11.23 8.16 7.38 7.67 8.0 8.35 10.31 16.03 10.6 12.91 7.91 9.18 14.91 17.77 16.17 12.65 10.37 13.32 6.73 10.5 8.01 10.04 5.04 4.28 5.59 5.51 12.4 9.07 12.68 16.71 20.86 12.14 14.99 13.27 10.72 3.71 2.8 6.02 6.35 6.63 16.14 14.22 20.37 8.94 8.52 14.12 10.04 7.31 7.05 14.25 9.29 3.13 2.8 3.64 5.17 6.25 3.8 4.56
16.15 23.47 15.61 14.42 6.75 9.69 7.21 4.57 6.62 7.25 13.14 9.6 6.92 17.95 9.47 9.0 10.97 4.58 4.4 11.81 9.54 11.11 8.99 10.25 5.73 7.99 7.83 5.94 6.61 6.01 6.09 20.8 19.35 8.54 11.21 12.43 9.78 11.75 18.69 16.92 27.85 9.82 3.5 7.44 6.42 9.46 12.24 17.2 10.74 7.21 18.22 12.61 14.92 15.21 15.34 17.56 13.52 4.38 6.78 9.89 6.79 9.43 6.31 3.35
14.96 15.09 10.96 11.41 4.73 9.85 17.62 5.33 10.38 6.16 10.34 13.03 7.97 11.92 8.9 9.76 13.14 3.88 7.39 7.65 6.52 10.6 7.79 6.99 3.27 5.2 5.92 7.71 5.4 8.59 6.57 16.01 15.27 18.38 13.09 7.78 10.65 9.21 33.8 24.12 24.33 5.23 4.12 9.23 10.12 7.63 8.73 9.13 13.31 7.65 10.99 18.81 15.25 9.63 14.43 11.93 9.78 5.16 12.15 7.91 3.83 5.75 5.66 7.41
15.35 15.54 8.62 8.65 11.17 15.82 23.75 4.98 10.44 18.69 8.12 6.57 8.56 8.16 8.58 5.85 12.46 12.39 15.68 12.53 5.94 5.67 7.13 6.12 3.32 4.12 9.94 7.86 7.77 6.24 8.21 7.88 14.14 13.75 12.81 12.48 14.33 13.48 29.45 24.18 14.76 13.18 5.32 3.28 6.51 8.06 6.68 14.47 27.04 14.53 15.1 34.57 23.45 22.14 18.69 9.27 9.48 7.02 18.43 11.88 5.59 3.11 7.83 21.65
16.67 19.8 13.31 9.2 6.05 13.69 30.61 8.41 10.58 19.2 16.17 11.87 21.61 10.46 9.66 7.43 9.88 6.94 10.56 8.17 4.11 7.76 10.23 9.66 5.54 6.19 5.7 4.32 9.0 5.72 6.76 9.13 11.88 10.69 17.56 16.83 7.97 7.25 14.57 15.59 13.39 12.67 3.72 2.58 4.97 5.54 6.69 11.2 12.53 16.06 14.88 14.11 18.25 15.26 14.56 4.19 5.64 2.74 9.66 15.15 4.45 6.51 8.05 13.82
7.28 7.85 9.18 7.76 5.1 6.65 11.35 10.23 20.38 18.16 20.67 17.6 14.7 12.21 7.1 11.45 4.69 7.53 8.63 11.73 10.55 13.87 20.29 14.25 9.26 7.36 7.09 5.71 6.65 4.79 6.86 9.74 23.37 13.97 31.34 19.95 11.86 9.52 12.54 11.02 13.81 15.16 6.96 6.76 4.27 6.7 9.76 12.78 18.08 7.76 9.43 18.6 14.87 10.4 8.06 5.64 2.74 1.34 2.12 9.68 3.46 6.81 4.05 6.94
3.31 6.32 7.46 5.85 3.94 5.36 8.89 11.25 26.51 7.6 9.44 11.02 10.91 8.12 6.55 5.53 6.99 7.49 5.58 6.87 10.73 11.5 10.76 24.37 13.17 8.03 5.97 6.35 6.19 10.02 8.55 10.25 10.76 13.87 11.47 10.66 4.62 5.55 7.35 7.05 5.53 8.95 6.45 8.77 7.36 15.16 5.62 8.31 12.79 9.67 5.09 9.82 8.52 7.9 5.37 3.38 4.13 2.04 2.55 5.11 5.09 5.75 5.21 3.17
4.35 2.22 3.51 9.97 9.39 4.75 12.79 14.67 15.67 5.94 10.38 9.83 8.76 7.86 3.11 7.42 11.25 19.15 18.43 21.44 13.96 20.9 16.22 21.91 13.03 7.06 10.01 16.01 12.19 7.28 11.33 18.94 7.95 12.92 7.18 10.85 3.87 5.25 3.54 4.67 5.57 5.24 6.35 6.83 6.36 6.7 8.89 8.72 23.08 16.91 13.05 7.5 4.44 3.79 5.14 2.27 4.16 3.14 5.05 4.83 5.73 4.23 4.83 12.69
2.43 3.74 2.35 5.41 4.55 5.23 12.18 20.56 9.67 5.8 3.92 10.4 9.36 5.64 2.95 3.46 12.19 23.39 11.85 13.74 10.74 17.7 10.79 13.46 24.8 17.81 24.55 19.58 12.63 7.34 10.47 4.83 4.77 6.29 4.82 4.08 3.33 6.49 6.27 8.05 10.67 5.94 4.73 4.36 12.32 8.5 8.39 13.3 22.62 10.07 15.27 12.52 4.54 6.22 4.91 4.02 4.85 7.48 4.09 2.88 3.32 2.8 6.53 11.77
5.1 5.11 5.32 4.64 5.9 10.35 16.23 26.6 13.67 9.36 7.18 14.34 15.21 16.53 5.39 4.16 16.95 25.63 25.16 11.42 10.36 15.35 10.62 18.2 17.36 16.46 28.94 31.99 13.82 5.5 11.41 8.94 7.91 8.36 5.75 5.37 4.34 7.84 5.48 5.13 6.0 8.94 11.66 11.17 15.83 9.91 22.64 20.92 17.96 9.48 17.16 7.54 3.9 2.37 3.07 3.45 5.83 5.93 7.56 3.96 3.56 2.24 1.73 3.98
9.27 7.83 7.05 7.61 8.28 7.21 8.15 17.01 12.25 5.22 18.62 14.32 10.17 17.69 4.84 3.1 6.4 8.25 16.99 10.83 6.82 7.8 6.98 17.32 10.88 10.97 12.13 19.94 7.3 8.98 6.73 6.89 4.18 2.61 8.7 4.41 6.25 4.25 5.73 4.35 9.63 12.05 20.9 23.58 24.51 13.55 25.41 23.72 20.51 7.69 20.84 4.87 3.96 4.5 3.79 5.73 6.1 8.05 7.12 4.86 3.59 2.35 1.53 5.06
8.51 8.93 8.71 6.43 10.71 17.5 20.6 19.02 15.68 9.18 15.1 17.28 6.37 22.46 11.9 8.03 10.48 6.67 13.51 7.99 10.41 6.5 6.76 6.85 8.3 8.58 20.44 25.87 18.06 16.88 6.97 5.18 2.5 3.04 7.09 7.44 13.29 9.52 7.4 5.88 4.53 8.22 11.51 25.21 29.27 10.39 9.87 25.62 19.17 8.81 11.35 6.32 4.09 4.07 3.5 6.17 6.88 4.1 4.91 5.11 6.92 3.02 2.27 5.12
4.0 5.4 8.19 10.16 22.3 12.6 15.62 23.91 12.59 6.6 11.24 6.06 11.91 11.94 11.49 7.02 5.47 5.08 11.23 10.67 13.03 6.14 5.46 4.43 4.5 7.0 14.98 20.23 13.29 5.36 5.15 7.56 2.66 5.69 10.26 14.04 18.72 10.03 8.23 12.51 8.89 5.94 13.98 14.27 14.2 5.92 7.9 14.55 13.24 18.3 9.27 11.7 7.51 3.06 2.14 4.27 6.51 3.38 2.39 1.36 4.44 3.55 3.39 9.58
7.21 6.7 8.08 15.92 42.95 19.37 22.88 52.94 18.9 7.78 13.69 9.72 10.1 7.99 10.8 8.98 4.79 9.59 6.04 9.62 6.18 8.33 10.38 10.69 4.44 3.77 12.74 12.0 13.65 4.72 4.04 5.81 7.95 7.69 11.39 12.5 25.33 7.2 5.86 9.72 10.2 4.09 9.18 7.22 11.84 9.36 6.75 11.62 8.04 10.35 8.42 7.92 7.25 3.44 1.51 2.59 3.64 1.94 0.97 2.12 5.42 6.43 3.86 8.24
6.8 7.96 5.38 7.53 19.39 10.41 17.2 27.46 17.84 11.25 18.13 8.01 7.47 7.36 6.57 8.59 6.22 4.91 3.51 3.84 4.9 4.32 5.66 8.53 3.88 6.06 8.12 11.02 12.91 5.95 7.77 4.78 6.65 8.81 11.97 21.03 15.48 6.68 5.85 7.42 13.56 6.3 7.01 8.46 7.96 8.68 11.8 6.02 3.33 4.37 4.36 3.63 4.09 3.81 1.39 2.41 3.25 1.4 1.99 3.71 2.91 7.69 4.78 8.44
9.38 5.79 5.68 5.88 12.53 7.14 12.7 14.39 9.96 5.62 11.68 5.67 4.24 4.4 8.65 9.45 8.09 5.85 6.1 3.37 6.25 3.31 2.93 12.51 6.0 6.16 8.87 16.14 7.94 10.14 10.7 11.95 9.51 12.8 7.4 16.41 18.34 5.35 7.93 7.52 6.83 7.96 7.08 8.8 10.8 16.67 8.93 6.67 6.33 3.54 2.97 2.86 2.69 2.04 1.64 2.5 4.25 2.43 2.01 4.09 10.91 8.89 3.96 9.41
7.85 6.07 7.3 6.96 5.05 4.59 6.92 3.73 5.21 5.47 4.29 4.0 2.82 12.14 13.9 10.9 6.62 4.77 4.26 3.11 3.53 4.12 2.81 10.01 9.93 9.07 19.06 13.23 6.99 11.36 10.97 9.75 5.14 8.05 5.66 11.53 28.11 7.96 6.96 6.36 4.66 8.03 5.3 9.77 11.32 12.08 7.61 9.18 5.02 2.85 2.62 3.02 2.27 2.6 2.74 3.05 3.9 3.8 4.49 2.81 10.33 9.3 6.8 8.59
4.56 6.83 7.3 8.43 5.04 2.09 3.42 3.9 2.68 5.11 3.42 3.05 6.18 12.36 12.21 11.9 16.39 5.46 2.79 5.86 3.57 2.2 4.06 9.62 14.23 9.44 13.4 11.91 10.36 6.85 6.44 9.35 5.19 8.37 22.6 11.76 7.59 5.84 4.55 5.15 7.47 6.27 4.45 18.0 16.53 7.77 14.63 15.49 6.44 6.48 3.99 1.95 1.66 2.94 5.1 6.69 9.03 5.93 9.25 5.93 12.28 17.27 10.38 7.85
5.51 3.27 8.3 4.63 4.33 3.26 2.66 4.14 5.08 5.89 5.29 3.47 3.07 5.57 15.48 8.53 6.54 8.81 3.64 6.71 4.71 4.59 4.7 22.14 23.43 9.9 18.15 7.26 7.01 8.73 5.25 7.7 8.16 8.32 12.85 7.0 7.62 3.51 5.14 6.33 6.59 4.65 6.27 4.84 7.75 5.73 4.84 8.85 10.45 8.3 5.89 3.5 2.64 2.94 8.11 8.45 6.26 7.89 6.79 9.16 12.96 16.43 6.93 4.46
4.72 4.81 5.7 6.18 6.03 3.98 3.32 4.61 4.73 3.3 4.2 3.89 5.25 6.72 8.28 9.58 9.92 10.27 8.91 5.26 3.89 4.88 7.71 18.06 18.69 16.63 9.48 6.99 6.17 11.14 10.65 12.95 17.78 7.9 10.61 10.96 8.54 4.29 4.38 6.2 10.51 5.8 6.95 7.28 9.58 12.56 5.18 4.27 7.73 11.59 13.17 4.79 2.97 3.93 17.28 15.0 11.04 6.71 13.23 6.69 11.96 17.36 7.65 8.89
6.7 4.66 6.02 10.14 26.94 3.87 5.11 3.99 5.2 4.28 2.61 3.58 5.93 4.56 7.74 17.17 12.14 8.77 9.65 7.32 7.7 7.73 6.29 8.95 13.12 7.57 2.1 3.66 5.32 4.42 7.53 11.69 9.08 7.4 6.92 9.82 8.44 5.89 5.76 5.73 7.56 7.48 5.98 7.11 6.38 8.07 5.44 4.29 6.21 13.69 13.68 14.13 8.13 5.47 13.4 13.7 12.28 10.35 19.73 13.47 9.39 8.25 8.83 13.43
3.39 6.04 8.58 13.09 15.94 5.75 3.81 6.16 6.11 4.29 3.19 7.87 7.38 6.6 11.75 12.82 7.05 7.87 6.58 7.17 17.44 23.36 7.4 10.46 15.85 10.53 1.92 1.7 5.81 5.62 6.06 6.21 5.13 12.19 10.83 20.7 16.42 6.9 11.16 9.91 7.68 7.03 3.84 6.48 9.58 7.13 7.3 6.51 8.57 25.01 17.62 21.79 21.2 8.05 7.02 13.65 11.28 16.4 25.56 13.27 7.8 11.18 10.73 4.38
4.34 8.59 5.62 5.34 14.34 5.68 3.16 7.24 8.35 4.9 5.95 10.65 5.47 4.86 10.35 9.33 10.06 14.1 8.3 13.32 12.67 13.76 13.46 12.43 6.66 5.12 2.79 1.92 2.22 3.37 3.79 4.28 7.39 5.95 9.38 23.05 15.31 8.02 8.27 4.59 3.56 4.51 3.02 5.4 6.79 5.11 6.36 4.09 7.67 10.35 15.29 17.23 20.69 11.95 10.47 17.09 12.71 8.97 11.36 9.47 14.07 11.09 12.42 7.19
4.18 3.92 7.2 2.97 3.49 7.35 8.63 9.48 8.95 8.69 5.21 12.08 8.74 2.89 5.87 10.1 19.4 13.99 10.57 12.44 12.45 27.03 12.1 10.98 5.48 2.86 1.91 2.72 3.45 3.89 11.65 5.91 7.52 7.66 6.97 8.76 11.41 4.61 5.4 3.88 6.07 5.18 5.19 9.95 11.89 9.87 6.54 2.05 9.16 8.16 12.72 16.61 26.13 10.13 12.88 14.71 7.34 8.95 6.25 8.77 6.07 16.94 10.11 7.93
4.02 4.14 5.02 2.03 3.8 5.81 12.77 9.56 5.95 10.63 9.03 7.93 4.7 3.95 6.02 10.87 15.25 6.51 9.23 6.7 4.74 9.6 16.51 6.44 4.21 2.18 1.6 2.45 2.52 1.46 4.74 5.8 11.51 8.61 6.18 3.81 3.16 3.6 5.98 4.42 6.84 6.23 5.22 19.98 9.51 6.27 6.14 9.43 11.06 8.4 15.69 18.57 25.08 17.25 15.04 14.24 9.68 13.15 11.49 6.84 7.63 11.51 7.72 9.62
4.66 5.66 3.89 2.62 7.5 5.61 15.98 9.45 11.86 11.12 5.7 8.56 5.82 3.85 8.87 9.35 12.46 5.05 6.03 4.84 4.4 6.94 15.58 15.7 8.2 3.03 2.44 3.56 1.35 2.27 3.74 7.68 9.47 10.46 5.41 6.57 5.5 3.19 6.05 5.75 7.11 10.96 9.2 17.15 18.12 11.65 6.75 12.96 11.89 5.84 9.85 19.2 16.18 27.49 11.93 4.79 5.76 12.24 8.54 10.58 7.96 6.48 4.03 8.95
4.46 4.2 4.91 4.46 3.78 7.17 20.55 10.05 6.37 9.87 6.02 12.6 6.17 3.14 3.45 8.9 7.67 5.48 2.04 3.22 4.83 8.52 10.35 19.54 8.49 2.56 3.12 4.9 2.99 2.3 4.22 4.72 7.31 9.14 6.08 5.9 7.14 3.51 5.49 4.34 5.38 11.81 15.05 16.22 9.37 7.45 8.0 18.02 12.13 14.84 11.08 11.82 12.24 14.67 7.35 5.64 7.22 13.03 15.29 21.67 7.3 8.43 2.37 3.95
3.17 5.09 5.83 7.72 3.44 4.7 12.96 12.87 9.33 9.07 13.69 10.96 5.9 2.5 2.16 5.47 7.19 7.2 2.62 2.8 8.31 12.65 12.27 9.35 9.09 5.2 5.68 5.34 3.29 4.58 2.55 5.84 4.93 5.78 6.9 6.82 3.74 4.02 3.3 5.75 6.62 10.86 18.16 16.46 8.75 6.4 9.66 15.07 10.99 7.95 6.83 5.77 9.38 8.97 5.58 10.11 5.01 10.69 12.24 14.09 6.55 3.92 4.56 3.95
3.7 3.38 5.12 4.69 8.26 19.19 18.79 9.64 7.87 4.58 4.17 4.95 5.65 3.46 3.34 7.08 9.12 6.99 4.47 4.28 9.1 22.15 11.04 16.12 6.75 8.44 5.17 7.38 5.66 4.66 2.96 5.71 6.66 7.36 8.91 9.92 5.95 3.71 4.34 4.04 5.8 5.96 14.72 19.5 13.25 13.61 10.39 13.48 21.83 9.89 7.68 9.58 20.11 8.52 10.44 8.86 4.76 5.1 8.85 9.28 5.81 2.75 4.39 5.42
2.49 9.43 7.51 8.97 13.01 26.44 22.08 16.7 4.93 5.26 6.41 9.16 8.69 4.57 5.23 6.69 8.17 4.64 3.2 4.45 9.94 20.7 16.42 11.98 7.08 9.65 6.72 3.57 3.73 3.29 6.54 8.72 7.38 5.69 8.95 13.45 5.38 2.71 4.77 4.58 8.93 8.76 8.69 8.65 4.96 6.52 10.18 12.54 17.76 19.42 10.89 9.81 11.03 9.24 11.21 5.18 2.27 8.82 10.14 12.67 9.08 3.6 7.6 7.67
5.04 14.47 7.1 7.07 5.77 10.19 21.37 12.99 4.07 5.04 5.13 9.68 13.25 5.44 12.37 15.51 7.13 3.87 4.02 4.14 7.11 18.86 9.09 6.68 6.85 6.05 4.17 5.38 8.85 7.72 8.95 16.34 12.1 12.23 6.13 7.56 9.74 4.56 4.31 8.69 8.49 12.4 12.67 19.67 5.63 7.8 14.01 14.28 21.09 16.84 9.39 24.61 21.66 6.02 6.46 6.2 6.16 6.48 7.22 11.54 18.89 7.83 6.03 4.01
5.09 7.83 6.44 4.0 4.27 11.8 14.18 14.32 6.33 7.8 3.66 7.57 8.8 7.28 6.67 10.37 4.24 3.29 4.27 8.05 4.91 8.81 4.16 3.58 2.42 6.67 5.25 6.1 6.17 6.81 8.34 10.7 16.79 6.08 5.75 7.78 12.42 6.72 4.6 3.25 7.36 8.91 14.49 9.03 9.61 7.04 12.55 9.3 17.13 18.03 9.81 20.01 20.64 9.89 5.79 7.81 11.38 7.78 8.57 9.63 7.01 9.75 5.13 4.49
