4.52 4.03 5.19 4.24 4.32 6.89 4.79 8.03 7.79 6.32 9.13 15.36 23.87 24.49 5.73 10.05 6.23 5.76 8.47 9.67 4.83 3.7 5.26 2.39 1.25 1.42 3.34 4.28 12.38 14.88 15.48 11.83 6.58 12.53 6.29 7.6 6.62 7.67 11.33 15.31 17.59 14.44 9.43 6.32 12.7 9.13 15.84 14.43 13.33 3.75 3.62 9.37 11.93 13.26 11.81 3.76 3.93 3.63 9.17 12.74 5.79 5.69 8.31 7.79
5.96 3.13 6.48 4.8 6.73 6.43 10.4 15.98 4.73 9.7 10.48 18.73 20.05 16.81 6.86 3.99 5.42 3.49 5.81 9.04 3.27 2.39 2.07 1.17 1.69 1.72 2.44 6.45 9.72 18.43 9.55 6.35 7.22 7.34 6.37 6.06 8.47 6.47 13.87 21.3 16.27 9.24 9.71 2.86 4.94 6.82 11.05 13.3 7.17 3.13 3.59 9.95 6.37 4.59 4.27 3.57 2.84 4.3 12.13 8.28 8.61 8.4 8.61 7.13
6.03 3.15 6.81 8.62 5.4 12.73 14.79 9.35 7.44 4.78 12.4 8.94 18.98 23.61 7.39 5.74 4.23 5.04 2.74 6.9 4.41 1.78 2.59 2.24 3.28 3.45 2.93 5.11 15.53 9.71 8.19 5.35 5.12 6.54 7.26 11.62 10.59 7.05 9.4 17.56 16.64 12.85 3.41 3.04 5.05 10.57 12.17 13.61 5.21 5.58 7.78 10.2 7.77 5.67 3.8 2.45 3.93 5.76 7.97 8.55 12.83 9.98 6.02 5.89
3.63 6.26 7.4 11.47 9.47 10.17 12.28 8.37 10.25 6.17 7.45 8.38 7.73 17.18 7.82 6.95 2.68 3.52 2.34 11.21 5.8 2.3 4.09 3.76 5.75 5.6 2.57 3.29 8.47 4.84 5.3 6.58 7.31 10.72 15.37 4.13 7.69 7.16 6.79 9.82 10.09 7.46 3.46 2.29 6.09 8.23 11.11 8.53 5.62 3.73 5.29 8.44 5.58 4.01 3.24 2.8 5.72 6.5 9.22 6.93 11.2 16.57 7.42 10.86
5.16 6.58 10.88 8.97 9.86 9.3 10.89 11.85 9.92 14.21 7.57 6.36 13.57 14.01 16.56 7.41 3.45 2.24 6.84 8.35 9.83 6.04 4.65 4.22 4.68 8.54 3.99 7.84 6.44 4.73 6.52 8.33 9.41 8.54 9.3 3.96 6.86 7.11 4.32 7.66 8.55 4.43 2.31 5.14 11.26 5.85 5.92 7.14 6.14 4.11 4.7 7.41 2.92 6.15 5.65 4.45 3.99 6.76 3.84 2.75 4.84 4.86 6.81 10.61
6.6 10.2 11.06 11.85 8.59 10.14 18.4 12.66 19.7 13.48 13.21 12.38 8.79 5.22 13.48 8.58 4.41 3.94 3.85 6.61 11.05 10.51 5.37 5.46 9.35 6.76 6.1 11.59 9.1 8.63 5.51 9.79 8.91 11.88 8.38 4.24 2.82 4.0 4.1 3.83 4.91 3.37 5.36 7.43 8.29 6.35 7.99 10.41 2.92 5.01 4.67 5.13 4.71 9.08 16.4 10.4 5.63 6.36 3.2 2.5 4.65 5.33 11.1 8.93
10.88 12.46 14.27 10.77 9.24 21.86 9.52 23.27 19.58 27.03 14.73 13.7 14.97 7.37 10.53 8.81 8.91 6.71 2.94 6.47 15.51 6.27 6.2 4.38 3.91 4.1 4.42 19.43 15.2 12.66 9.8 15.39 8.08 10.43 12.46 4.58 3.84 1.95 4.94 3.5 4.3 2.62 4.77 6.02 3.74 7.76 8.7 7.56 2.47 5.23 6.42 4.22 5.42 13.54 16.24 11.26 13.38 3.81 3.93 2.35 4.38 7.74 7.2 8.31
13.38 20.84 10.14 9.31 11.09 16.71 15.31 19.4 30.61 18.56 16.59 14.49 11.24 6.42 11.09 11.61 9.0 5.35 6.75 14.13 10.57 5.97 3.2 6.58 9.07 6.0 6.03 12.92 17.84 15.97 16.83 13.94 8.94 10.29 12.21 7.19 3.88 6.61 4.84 8.25 4.07 6.52 7.97 4.0 5.28 7.45 11.44 6.51 6.69 5.39 11.41 4.81 4.41 13.79 10.25 23.11 12.18 8.21 3.93 2.97 7.19 12.49 12.78 7.58
9.89 11.59 7.77 13.73 14.37 24.72 14.19 14.03 25.46 17.07 11.49 7.06 7.85 7.94 15.74 11.0 7.14 11.2 14.35 8.49 7.12 3.47 2.44 10.06 8.21 6.33 5.9 9.52 11.64 16.48 19.3 9.92 5.73 7.15 8.12 7.8 7.54 7.03 4.51 4.67 5.03 5.3 3.77 6.8 5.36 6.91 7.76 6.59 10.33 7.4 10.02 5.37 4.51 10.53 17.22 8.16 18.14 5.36 4.64 3.85 8.39 9.99 7.13 4.88
5.5 7.35 13.93 15.09 20.7 17.82 13.22 10.18 9.93 10.5 12.16 5.99 3.28 6.26 14.41 9.86 15.33 11.73 14.41 12.17 6.0 6.57 6.32 15.13 15.88 7.6 9.23 7.06 11.64 15.34 7.44 5.03 5.37 5.56 12.67 4.92 6.62 7.06 5.85 4.13 3.56 6.8 5.04 4.93 9.84 8.29 7.06 8.02 13.77 12.8 11.6 5.73 8.0 11.91 22.16 9.85 8.71 9.4 3.75 7.36 10.26 15.37 6.86 8.99
5.84 8.58 13.86 15.78 25.8 17.81 13.36 10.9 5.28 9.54 11.56 5.33 6.46 6.27 5.86 6.18 13.23 8.69 13.69 7.47 6.37 11.19 12.62 9.63 8.85 7.42 7.21 12.91 11.55 11.83 14.97 8.42 7.5 9.36 8.48 3.26 5.4 4.89 5.52 2.51 3.49 5.24 4.81 8.07 11.39 7.53 7.66 10.86 8.62 11.61 14.96 8.58 14.05 18.4 16.68 16.36 19.42 12.45 5.48 8.12 12.7 9.96 8.02 10.44
14.21 12.68 12.25 13.47 12.16 12.11 15.09 17.1 4.77 9.8 22.31 10.93 6.25 5.96 6.73 8.6 9.06 14.49 14.04 12.31 4.74 7.38 9.81 10.79 8.14 11.34 12.08 11.44 8.18 16.62 13.65 10.86 11.36 7.52 4.68 3.48 9.95 4.86 7.64 3.92 3.96 4.03 4.77 5.82 7.29 7.03 6.32 6.96 5.46 10.01 6.08 6.81 12.87 9.88 19.82 13.85 25.72 9.43 5.58 8.32 5.29 6.46 11.34 8.12
12.25 6.71 9.39 10.45 10.92 12.14 9.0 8.51 3.45 9.37 13.61 6.44 8.26 9.15 5.71 8.6 5.84 12.28 14.46 27.82 7.94 4.62 9.68 4.84 8.65 12.7 11.5 9.09 10.9 10.69 14.57 10.58 14.57 13.32 8.39 14.07 10.0 8.97 3.68 4.44 3.66 3.48 6.7 9.77 5.15 5.99 8.68 5.99 7.24 11.93 7.55 6.38 8.55 11.44 11.57 19.17 13.63 8.19 5.03 11.08 6.77 5.46 7.59 6.02
7.83 13.66 8.64 9.87 4.8 8.1 6.36 4.04 6.04 7.04 6.86 8.14 8.04 16.2 7.46 8.54 7.88 6.38 17.82 17.34 8.68 5.49 6.23 4.85 6.6 13.88 8.97 8.39 9.85 6.67 11.71 6.5 9.9 18.11 9.05 10.09 10.44 8.73 4.85 9.32 2.71 5.52 6.27 7.77 4.76 5.94 7.94 3.57 7.22 10.23 4.43 3.54 5.48 11.67 12.74 13.05 7.15 5.18 5.4 9.75 6.51 4.86 5.99 5.27
10.14 10.89 8.04 4.58 6.9 7.45 7.47 4.94 6.75 11.91 5.98 15.61 18.0 12.22 8.59 10.61 8.35 15.24 20.52 26.89 17.03 5.35 5.07 1.79 4.95 8.07 10.25 10.19 9.59 7.03 8.36 4.89 14.8 26.25 9.74 8.43 5.98 13.19 4.82 7.7 5.1 6.46 9.66 8.37 6.84 3.99 5.81 4.42 3.97 6.63 7.02 6.85 8.62 12.11 10.85 8.51 6.94 4.31 5.31 7.75 4.77 5.25 4.8 4.5
11.34 9.65 10.44 4.59 5.87 12.57 10.99 7.88 9.03 3.58 11.07 13.23 10.98 8.31 12.13 7.57 7.23 12.77 14.81 17.48 11.16 8.08 3.96 2.16 2.39 6.91 16.46 8.58 8.85 5.55 6.18 4.3 8.48 7.79 7.21 6.22 8.28 9.91 5.65 5.96 9.18 9.15 5.77 4.64 4.33 4.38 4.03 5.34 3.84 5.13 7.47 10.04 19.71 12.17 16.17 5.66 3.69 3.25 5.52 5.42 5.95 11.03 6.07 10.37
12.72 12.99 8.82 8.24 9.5 9.72 15.47 5.84 9.45 5.17 12.85 6.45 6.24 9.62 14.61 11.26 8.97 9.06 8.73 15.55 6.48 2.37 3.88 2.11 5.81 7.54 10.91 13.64 8.88 4.53 5.79 4.46 5.84 11.52 12.89 11.22 7.8 8.19 4.93 4.95 10.78 10.34 7.1 3.37 2.91 3.33 5.45 6.04 3.78 4.46 8.17 9.73 13.41 16.92 13.11 6.52 4.9 4.31 8.69 6.0 5.13 5.75 6.81 6.28
15.21 10.34 13.52 11.29 8.21 9.56 11.93 4.58 7.62 4.06 9.04 4.17 6.39 15.14 10.64 9.36 5.63 11.3 9.98 13.28 7.63 4.74 2.6 3.44 5.93 9.94 14.13 13.34 5.36 4.92 4.45 1.6 3.98 6.08 15.01 11.79 10.56 6.89 9.17 7.07 6.47 6.25 8.24 2.89 4.16 5.05 5.99 6.74 4.96 9.05 10.42 12.67 9.09 10.86 13.63 13.03 6.6 7.89 13.34 8.29 3.47 6.58 7.95 6.22
13.97 9.7 6.61 9.71 6.69 11.15 10.66 7.24 3.78 4.53 5.27 4.85 5.56 15.34 10.26 8.41 9.48 15.73 15.11 17.24 6.77 4.07 2.19 6.99 8.59 18.43 23.91 9.95 8.43 6.45 1.93 1.79 5.72 5.46 8.76 12.98 7.79 11.43 8.25 4.24 3.23 2.0 3.36 2.35 2.43 2.41 6.14 8.75 8.32 8.34 12.24 9.4 4.21 9.37 15.05 26.02 19.26 11.2 8.98 3.63 2.08 5.15 10.98 5.24
11.63 9.68 10.11 5.25 8.57 7.55 10.95 5.15 2.07 3.15 6.49 8.81 5.82 16.86 7.01 13.06 11.26 13.63 23.24 8.87 7.63 6.18 8.11 7.92 16.37 31.45 17.21 10.88 5.94 7.71 1.53 3.75 4.26 6.02 7.3 18.95 12.55 12.9 7.7 4.27 4.63 3.62 4.09 3.53 3.03 4.22 7.45 8.13 9.03 9.28 8.04 10.53 4.36 8.15 16.58 29.91 20.4 17.54 11.77 6.64 2.79 5.8 9.49 3.65
11.99 12.31 9.34 5.06 5.53 8.42 4.15 3.41 1.44 3.59 6.64 7.7 9.48 8.12 5.94 13.22 8.56 5.33 27.05 10.65 4.96 8.62 10.29 11.22 21.95 10.71 8.51 10.79 3.96 5.42 3.35 4.97 7.3 5.58 8.55 12.14 9.22 6.8 4.73 3.66 3.31 5.79 3.94 4.32 5.07 7.29 7.36 9.83 9.67 9.19 13.23 8.88 8.77 12.76 17.64 24.0 15.07 20.61 10.51 5.25 2.95 7.84 6.4 7.99
12.85 12.49 11.2 4.84 6.76 13.7 3.25 4.56 5.0 4.65 6.48 7.07 12.26 6.18 6.06 7.93 5.58 8.09 33.34 8.31 4.91 7.92 10.65 15.61 21.75 11.25 14.7 6.28 6.72 7.04 7.35 8.18 5.53 11.58 11.87 12.19 8.3 6.43 9.67 5.1 4.06 8.25 9.74 5.02 12.55 8.32 5.29 3.72 8.24 9.29 12.5 17.29 8.77 17.72 18.69 22.78 18.17 15.21 10.8 4.8 3.38 8.25 7.24 10.26
9.17 10.5 8.29 4.57 12.63 13.5 6.63 6.5 7.55 5.55 6.32 5.83 8.14 7.19 8.44 7.45 10.89 10.07 21.24 9.36 4.39 3.65 16.99 12.44 11.16 11.8 12.39 11.47 8.75 10.04 11.11 9.62 7.31 6.92 21.84 15.28 10.98 8.2 10.38 10.29 3.54 6.73 4.56 5.49 12.49 13.5 5.63 4.94 8.54 11.44 26.15 18.52 21.68 14.1 15.94 10.18 29.28 24.99 4.53 4.12 4.14 10.66 13.25 10.41
6.44 7.93 12.6 7.52 13.93 17.44 8.21 11.04 6.52 7.37 6.54 2.95 4.51 8.29 10.33 11.77 11.37 8.43 15.25 7.3 4.14 6.42 12.57 10.25 8.67 16.54 10.28 15.8 10.31 9.28 10.69 9.49 9.48 10.45 14.95 12.28 14.15 6.31 9.32 7.95 8.66 10.43 6.61 4.15 10.54 10.33 9.39 3.61 5.98 22.7 20.8 22.64 14.87 8.35 7.48 14.26 34.08 21.59 6.55 2.66 5.56 13.05 26.6 11.7
4.92 4.97 9.19 7.0 8.33 8.59 13.38 10.74 5.37 12.55 5.54 4.14 4.42 7.55 15.74 7.27 6.72 8.43 10.62 10.93 8.26 7.02 12.04 7.93 7.64 11.47 14.73 11.23 7.8 10.82 14.42 6.88 6.66 8.29 6.96 19.07 24.41 12.37 5.94 12.43 16.82 13.26 11.67 6.59 7.1 9.1 5.65 5.27 9.24 33.41 21.76 20.75 9.86 6.94 10.53 11.87 21.25 13.1 11.11 3.35 7.67 18.02 20.1 18.6
6.65 7.98 7.7 8.78 8.57 19.41 13.29 12.36 6.68 5.97 3.22 1.93 4.04 10.82 8.59 5.91 4.68 13.79 10.2 8.87 8.82 6.5 12.87 8.96 9.11 20.26 7.96 8.97 6.93 11.51 6.03 4.01 4.54 6.85 6.2 14.24 19.45 14.78 7.27 5.25 12.78 17.72 14.34 7.15 5.14 6.69 4.29 7.02 11.9 14.61 13.57 7.71 4.76 5.51 7.47 6.14 5.14 5.17 4.63 8.55 8.49 12.53 13.88 12.13
4.85 11.85 5.37 9.5 9.33 17.91 10.86 8.16 10.44 5.64 4.37 2.9 5.33 16.06 6.17 5.91 5.42 12.05 8.71 9.65 8.28 10.52 9.29 12.44 15.34 10.38 12.19 11.67 6.2 6.89 5.96 7.05 4.5 11.33 25.56 23.64 12.72 9.98 6.02 4.47 8.18 9.15 10.82 14.63 10.26 5.83 9.3 9.24 15.33 21.65 12.57 4.58 4.54 9.38 4.34 4.54 6.48 3.74 4.29 11.07 14.53 12.47 6.64 4.97
4.41 8.25 4.13 5.14 7.47 8.44 8.48 5.47 9.65 6.24 5.04 2.19 4.74 4.52 9.66 5.49 5.61 7.55 6.66 9.6 11.92 12.84 10.82 17.1 16.66 8.83 8.58 8.57 11.78 5.21 7.12 4.71 7.46 6.62 12.67 16.02 9.23 13.9 4.73 5.56 5.68 7.39 9.87 12.16 9.35 10.9 8.55 7.23 7.24 11.57 9.73 5.99 4.7 8.03 6.36 9.25 7.87 5.19 3.94 6.95 14.0 20.33 5.48 4.4
5.36 4.33 4.3 7.25 7.57 6.5 6.1 6.6 10.78 10.5 6.12 5.75 2.1 3.38 7.09 7.26 5.73 7.18 14.71 7.66 13.01 14.84 9.77 7.41 8.33 7.51 7.99 5.51 6.74 8.92 10.61 7.52 10.09 9.93 16.26 9.85 9.96 5.28 2.87 4.86 6.19 5.47 7.98 10.59 8.57 7.2 5.41 12.6 4.97 6.47 14.61 8.56 3.23 5.47 9.41 5.28 6.32 5.8 4.94 3.5 8.92 8.48 7.53 4.1
4.17 5.6 4.22 5.61 16.79 7.11 4.57 6.86 7.12 8.25 8.21 3.9 3.55 4.56 8.28 7.69 5.36 9.4 12.55 9.47 12.74 16.04 5.95 4.42 6.66 7.87 10.02 4.49 7.69 18.09 8.89 5.0 10.65 8.82 10.65 7.65 10.29 7.65 4.83 4.5 8.9 11.08 13.79 12.48 10.02 7.19 6.77 11.11 5.01 4.04 14.34 13.22 5.98 10.96 12.48 6.51 8.37 4.69 5.64 6.5 7.79 11.27 11.91 6.14
5.13 5.44 3.95 4.58 9.23 8.86 5.89 8.63 10.67 6.58 6.15 3.3 9.61 8.1 5.69 4.97 7.89 6.43 11.47 9.77 11.48 13.69 6.89 6.68 7.09 7.99 8.07 4.91 4.68 15.75 19.57 9.15 7.0 8.56 9.99 11.33 5.78 10.26 6.82 4.01 5.56 11.13 14.61 12.17 8.15 7.65 5.84 15.32 6.42 9.61 8.01 8.89 9.1 13.63 10.57 6.41 6.69 3.24 6.86 4.68 12.64 7.55 10.39 6.68
5.35 8.96 6.59 3.79 8.83 17.56 8.18 13.64 13.97 4.84 5.81 5.26 6.97 9.34 5.01 6.59 7.72 7.5 11.8 22.32 13.71 8.64 4.48 8.97 8.78 7.41 4.68 9.84 9.35 16.15 16.25 10.9 6.45 8.44 8.12 12.41 13.05 12.06 10.26 3.76 3.3 16.38 13.83 8.0 11.37 8.79 8.63 12.55 14.55 7.78 8.39 5.5 6.37 10.18 11.61 8.04 5.84 6.06 5.52 11.63 10.55 12.75 9.56 11.68
3.9 7.9 3.69 6.93 8.0 9.47 17.98 25.6 28.48 5.74 9.39 5.66 7.62 6.91 7.66 11.12 10.41 10.64 9.68 20.18 13.49 10.06 5.54 5.86 5.77 5.45 6.31 8.12 8.17 8.28 9.02 11.65 5.58 6.47 13.83 13.58 22.08 14.37 8.11 3.41 3.1 5.18 11.43 6.89 8.25 11.77 14.13 17.82 9.31 6.36 9.34 3.99 3.2 8.5 8.27 4.65 5.56 6.39 4.9 9.81 4.38 11.76 15.79 10.43
10.1 6.57 9.04 8.45 24.12 12.97 16.83 18.99 15.24 14.5 8.23 10.46 6.22 9.19 10.51 17.23 10.92 9.67 13.51 17.56 26.87 20.19 9.66 9.13 5.02 7.47 5.54 10.99 11.55 8.77 9.61 9.8 7.35 6.88 11.11 16.62 22.68 14.53 6.51 5.17 4.89 4.96 15.78 11.27 10.93 18.68 24.38 17.25 8.42 7.28 6.04 4.68 5.54 5.67 7.46 4.77 8.22 11.46 8.35 5.16 5.33 8.34 7.25 6.03
9.3 4.37 7.94 13.48 20.12 18.18 8.83 10.06 9.5 13.44 10.57 13.67 8.71 7.63 8.89 15.36 9.06 8.18 10.87 13.17 16.96 16.58 11.05 8.39 3.26 4.75 7.0 7.43 9.56 11.98 19.0 5.57 5.75 9.98 13.68 17.01 29.02 13.07 5.59 8.14 6.8 9.88 10.88 12.99 15.46 14.78 29.96 11.82 8.88 8.55 4.98 3.79 11.26 7.99 11.12 8.26 12.45 11.78 4.76 5.68 7.24 10.12 6.04 8.75
4.38 7.28 7.88 13.27 13.71 12.41 11.83 7.02 8.78 10.56 9.06 11.32 6.51 5.26 11.14 11.51 7.9 11.65 11.42 18.36 29.85 9.03 21.49 8.2 3.85 3.48 5.5 6.24 10.4 22.63 11.19 2.81 4.23 7.08 4.97 8.26 28.35 13.24 7.23 7.96 11.25 8.31 10.06 10.71 13.79 17.48 7.05 7.95 5.53 6.44 2.74 2.67 9.93 8.11 9.17 10.89 7.7 4.33 4.1 8.92 5.91 8.86 4.94 7.25
5.0 6.99 9.87 19.29 5.31 6.72 12.13 5.82 4.5 7.86 7.14 7.5 6.73 10.59 8.08 11.06 11.89 9.95 10.27 15.32 18.61 6.51 12.65 9.08 3.8 9.92 10.99 11.78 20.73 17.23 13.77 4.38 7.04 8.01 3.53 6.71 16.84 25.14 7.89 12.86 5.53 7.51 6.41 7.38 6.94 8.31 7.19 3.5 4.45 7.42 5.31 2.28 8.12 10.58 10.54 13.42 7.55 6.77 6.28 11.15 9.24 12.84 10.83 5.92
8.13 8.85 11.41 9.74 6.58 6.82 12.46 3.13 3.0 5.68 4.4 4.69 7.7 5.68 3.5 6.32 7.89 7.5 5.64 8.1 13.76 10.81 10.0 7.73 6.85 8.86 12.06 15.87 10.02 8.78 9.4 6.73 10.03 4.94 3.35 10.32 14.62 17.82 10.91 13.16 5.25 4.23 9.15 6.81 5.99 8.04 6.39 2.89 4.5 6.05 4.19 3.39 4.72 5.77 7.99 11.11 10.13 15.91 11.52 7.82 11.49 20.53 9.92 6.39
19.45 9.33 6.46 10.86 8.35 7.2 8.6 2.52 2.94 3.61 5.63 4.27 3.36 2.94 2.33 4.32 5.34 5.04 6.01 5.32 9.66 5.35 13.43 13.86 8.5 6.79 15.06 10.92 8.97 12.78 7.42 8.72 7.66 6.12 4.16 21.81 15.25 14.84 13.74 7.34 6.69 3.65 3.84 3.82 6.62 10.11 5.82 7.81 5.37 6.18 7.83 6.07 4.84 8.32 9.11 9.96 15.96 20.78 11.0 5.47 8.6 12.78 11.95 6.53
13.54 9.32 4.3 10.11 14.14 8.98 11.01 3.99 2.32 1.47 3.6 3.1 2.63 2.63 2.2 3.39 3.89 4.92 4.95 7.64 4.51 5.52 5.58 12.43 7.81 8.13 7.68 5.42 13.64 8.62 6.48 4.7 5.8 5.12 10.99 22.67 14.17 12.33 7.57 6.7 6.35 4.23 2.24 3.27 10.17 6.04 6.09 5.14 4.52 4.11 4.41 5.94 5.01 6.97 7.27 11.11 20.71 15.14 35.85 13.49 8.42 8.39 13.1 7.38
10.84 11.18 5.66 8.43 5.77 5.24 7.16 7.75 1.65 3.46 4.22 2.04 4.0 5.55 2.72 2.64 3.0 5.86 10.86 8.7 5.42 6.52 5.93 13.71 13.5 7.0 6.61 7.35 9.14 7.75 5.44 5.56 8.02 6.58 12.46 13.26 17.93 25.67 11.9 7.49 6.21 3.2 2.86 2.03 4.85 5.06 8.21 5.08 9.45 5.75 4.38 4.81 6.82 9.09 8.56 8.54 17.6 17.89 19.48 13.67 10.21 6.18 8.05 9.34
6.54 23.34 9.2 9.6 5.66 4.98 7.68 4.21 4.71 4.03 4.64 3.76 6.09 5.13 2.15 2.62 3.02 9.58 12.12 10.1 10.88 18.38 5.87 6.11 11.25 6.86 7.6 7.46 5.82 7.28 4.48 8.16 7.07 8.2 7.65 13.07 17.66 17.83 16.29 9.72 5.92 5.48 5.33 5.27 4.54 4.56 5.74 7.49 9.75 5.86 6.02 7.85 17.98 12.76 10.92 13.88 18.79 21.16 14.12 23.09 11.04 6.34 7.49 7.88
10.98 12.57 13.56 6.1 6.88 6.07 3.85 6.77 4.82 7.43 7.37 8.23 5.1 7.79 10.61 5.5 6.87 12.19 10.59 6.05 9.51 7.17 11.69 4.19 3.44 6.33 5.99 6.47 3.93 4.97 3.34 5.42 8.29 5.96 3.62 6.7 13.35 10.14 12.71 14.05 7.7 4.33 2.78 3.86 3.83 3.67 6.87 9.3 4.37 4.43 4.98 16.16 22.52 16.29 9.52 10.9 10.0 10.09 8.11 8.87 8.26 10.26 12.89 5.72
10.97 11.15 17.92 14.43 14.69 10.01 8.26 9.58 7.49 9.45 5.15 8.38 7.36 8.83 13.82 24.04 19.14 8.81 7.55 5.87 5.78 5.2 7.34 3.14 5.89 9.69 5.91 5.77 7.1 3.87 1.95 4.83 8.74 6.64 6.89 12.43 9.91 9.2 19.22 25.04 15.29 3.56 5.47 5.03 4.37 5.18 10.26 7.02 4.79 4.85 9.34 33.33 11.84 13.46 9.24 14.26 4.89 12.32 14.16 5.08 4.34 8.95 12.68 10.4
6.91 8.83 12.28 10.84 9.84 17.31 10.75 7.17 11.63 13.69 5.23 8.48 16.04 13.66 24.67 28.64 14.28 5.04 5.58 3.08 3.53 4.02 3.86 3.17 4.44 3.1 5.36 7.26 5.84 3.6 4.01 6.81 6.42 7.72 7.35 19.66 15.7 10.71 30.62 19.49 8.7 5.04 4.55 5.36 3.69 7.28 10.73 10.28 5.6 8.82 9.17 22.76 14.37 11.44 18.05 5.28 4.94 12.24 13.63 3.23 4.83 10.79 5.5 9.02
9.66 10.18 11.79 10.61 9.45 19.4 8.56 9.33 20.05 8.6 4.43 7.96 11.96 5.81 11.74 16.72 14.27 4.94 3.98 5.11 3.24 3.64 3.11 2.46 1.86 2.78 6.16 10.3 6.21 4.57 7.37 6.22 10.21 5.25 10.79 15.48 10.72 13.32 25.11 13.46 7.66 10.27 6.07 3.3 5.05 5.65 13.18 19.36 11.55 8.09 4.8 7.45 9.92 6.86 9.7 7.28 4.37 12.29 11.14 3.29 5.81 6.81 8.49 9.03
11.22 14.02 11.81 11.29 10.79 15.68 12.62 10.11 14.55 9.41 6.3 13.69 7.86 9.46 10.33 11.39 4.33 2.25 2.55 2.49 2.15 4.09 5.81 1.74 1.04 2.38 6.1 7.91 5.62 5.83 12.13 9.9 7.75 9.88 18.47 14.01 11.13 16.74 13.21 6.78 5.77 7.53 4.05 3.91 8.33 9.49 9.95 11.63 12.62 5.37 6.96 7.21 14.92 6.92 5.87 5.52 8.75 14.15 9.88 5.78 10.69 10.49 6.5 5.83
12.59 11.79 11.91 23.83 9.34 12.63 13.38 12.7 7.55 8.76 8.01 24.8 18.81 9.94 14.77 7.11 2.97 1.68 2.62 1.76 3.25 4.92 5.0 4.28 2.3 3.79 2.43 5.84 4.05 6.87 8.71 13.59 10.56 16.01 22.29 12.15 14.05 10.66 14.19 4.13 6.31 5.77 6.25 4.39 8.08 17.82 11.23 10.78 3.57 4.39 5.52 3.77 7.52 6.49 9.01 9.33 20.13 15.52 7.64 6.94 7.08 9.35 7.64 8.65
9.82 5.12 8.12 11.51 6.03 8.19 13.72 6.32 5.92 8.47 10.0 13.41 14.32 15.66 13.76 8.84 2.08 3.54 2.45 2.33 3.0 4.12 4.55 5.96 4.59 5.19 3.34 3.5 3.7 10.54 13.47 15.06 14.64 17.54 20.01 22.24 9.68 9.18 6.46 3.6 7.67 5.63 12.66 9.01 12.09 23.71 22.4 12.37 4.42 6.45 6.29 5.14 8.81 12.83 13.54 13.77 19.65 18.02 11.15 6.44 7.96 7.56 8.55 13.33
4.61 3.56 5.66 8.92 7.04 6.77 11.32 7.55 8.12 6.76 7.83 7.68 6.07 9.1 10.14 8.2 4.04 1.78 5.3 3.81 2.95 3.49 3.56 6.01 4.69 7.22 4.72 3.9 4.42 5.65 9.98 17.82 12.06 5.65 8.12 11.2 13.5 7.55 5.02 3.7 7.01 10.13 10.99 12.66 10.96 18.75 14.18 13.5 3.37 3.92 6.64 6.36 5.53 10.1 13.75 13.49 14.35 15.19 11.58 7.99 5.23 10.34 9.08 14.77
2.66 4.49 5.98 7.74 8.62 8.83 18.49 11.44 8.49 9.82 10.37 6.25 9.49 11.28 16.78 11.05 4.62 3.8 7.27 5.05 3.62 3.3 4.04 3.57 5.6 6.76 10.38 4.51 5.98 3.98 18.81 11.92 10.58 5.82 4.62 7.66 9.4 11.59 5.95 6.58 7.46 10.11 11.7 19.04 18.19 12.81 11.57 16.41 4.71 6.87 13.1 8.42 7.43 9.8 9.26 14.06 12.69 14.15 8.78 8.33 4.13 9.25 7.51 6.79
2.36 6.34 10.29 9.54 11.84 12.43 17.29 12.48 11.79 7.88 13.78 11.09 6.42 9.24 6.94 8.68 3.74 5.01 7.43 6.63 4.34 4.46 4.12 5.03 3.52 3.13 6.36 6.56 7.28 5.96 10.45 11.55 13.77 6.68 5.61 4.26 4.71 8.02 8.71 6.25 7.59 7.87 7.17 12.51 17.42 17.73 20.7 20.07 8.22 8.82 19.19 12.9 9.66 5.93 12.73 19.77 16.31 22.3 18.17 10.95 9.9 5.94 5.26 4.75
2.03 8.67 7.85 9.03 18.0 15.56 17.64 15.8 12.51 11.27 16.8 12.17 6.4 9.33 10.84 8.11 9.27 5.11 7.16 3.23 2.83 3.14 4.07 2.54 2.15 3.43 4.59 8.68 7.79 5.63 7.66 5.9 6.93 12.0 8.89 2.63 4.4 7.97 8.39 7.99 6.65 6.14 2.69 10.38 13.31 17.69 20.92 13.78 8.6 6.02 13.31 16.65 12.93 7.23 7.61 9.93 16.89 11.33 12.06 7.28 5.13 1.81 2.95 3.67
3.93 7.88 6.37 17.32 18.53 16.2 11.68 14.28 14.99 12.49 20.68 10.03 5.81 3.95 16.92 10.87 6.68 8.84 10.62 6.75 3.26 3.61 3.31 5.1 3.95 5.2 4.92 8.16 3.72 1.97 5.3 5.6 4.94 9.39 4.56 4.2 4.68 5.66 5.16 7.22 5.61 3.84 4.44 5.68 15.65 21.08 29.8 21.06 8.95 9.34 8.48 15.18 12.47 4.82 5.22 8.45 9.02 7.01 8.66 9.54 5.58 2.48 3.23 3.43
3.71 8.41 6.46 19.5 10.28 17.35 13.89 13.4 12.73 10.11 14.7 9.17 6.9 5.3 21.58 7.45 7.55 12.99 8.2 11.23 5.79 6.81 2.8 7.51 4.78 8.05 7.38 7.32 3.87 5.16 8.04 6.22 5.76 3.72 4.12 7.12 7.59 5.23 4.68 3.48 3.72 3.19 3.56 5.34 6.78 10.75 21.13 11.48 6.44 7.61 7.11 12.24 12.44 4.16 5.6 4.44 6.43 4.15 5.67 7.29 4.98 3.91 3.48 5.9
3.97 6.79 13.58 8.55 12.93 10.21 11.88 13.35 22.83 11.06 9.24 11.72 4.03 4.94 10.61 6.93 6.85 14.4 14.58 15.38 14.17 6.73 11.15 8.54 10.31 9.5 8.78 10.19 5.87 5.09 8.14 7.22 5.9 5.08 5.22 9.76 6.57 5.98 4.85 4.19 4.15 3.99 5.32 4.95 5.18 7.87 17.6 7.88 5.63 3.71 7.82 10.39 9.65 4.19 4.97 7.74 3.56 5.18 4.74 9.58 3.82 7.13 10.66 8.22
6.2 7.9 8.93 11.27 10.53 12.44 9.04 6.78 11.86 6.17 5.59 10.08 5.16 6.41 8.41 5.9 9.79 13.12 10.44 11.84 13.11 6.94 7.43 5.62 6.87 10.01 11.25 17.18 10.38 6.78 10.59 4.4 4.1 5.84 4.02 6.83 4.3 4.79 2.9 3.72 3.65 3.49 3.64 3.85 3.96 5.25 5.08 5.63 3.66 3.12 8.49 6.3 8.4 7.28 4.66 7.95 6.27 4.66 5.14 5.16 6.26 11.0 12.71 19.01
13.29 7.37 9.13 9.88 11.87 14.81 9.47 4.1 10.63 6.33 4.01 10.76 3.85 8.01 10.93 15.46 12.7 20.59 16.42 8.1 12.1 8.4 11.99 12.79 17.09 7.33 17.93 15.2 10.23 5.63 9.23 11.6 5.02 5.31 8.58 8.68 6.25 4.81 5.6 4.99 4.52 3.5 5.35 5.2 3.64 2.8 5.66 3.86 3.13 5.57 5.64 3.53 4.61 9.53 4.8 5.49 6.85 4.79 3.88 6.61 9.87 15.15 10.45 20.45
10.24 11.15 7.25 13.17 11.91 6.61 4.5 2.44 3.86 6.38 7.75 12.76 6.19 10.16 10.22 11.3 13.21 24.8 17.09 9.82 17.29 7.99 8.15 10.71 12.09 11.23 27.1 16.27 13.46 9.59 13.44 11.61 11.15 6.72 15.08 13.32 9.21 9.39 4.77 6.59 5.28 4.54 6.69 14.08 3.29 4.33 6.03 5.74 4.92 6.76 9.33 2.41 4.42 9.27 5.55 4.04 6.01 5.61 2.85 8.3 12.9 10.22 6.6 15.92
13.26 8.06 6.42 13.94 7.35 4.72 4.36 4.69 5.07 5.65 7.13 7.25 8.5 7.99 7.07 16.1 10.06 11.77 15.34 10.77 5.17 17.29 7.71 10.42 8.1 12.4 17.59 7.56 7.21 10.54 15.14 10.13 8.72 9.36 8.6 9.79 9.76 14.09 6.25 7.13 4.81 5.39 11.45 12.84 6.07 3.9 9.99 8.34 2.79 5.62 5.05 3.22 4.21 5.89 5.58 4.28 2.73 2.07 3.03 7.71 7.57 9.11 15.85 8.29
6.75 4.16 9.4 10.47 9.01 3.88 3.61 4.82 3.97 10.08 8.34 8.56 9.49 7.81 7.0 11.59 15.12 11.39 16.48 9.56 7.87 10.24 12.72 11.12 13.39 10.74 12.76 5.3 4.02 11.75 7.73 4.96 10.95 14.12 8.82 12.51 20.34 12.52 7.02 5.65 8.15 7.22 16.23 11.14 6.25 6.09 5.91 8.36 5.36 10.83 8.66 6.3 6.3 4.44 3.2 4.32 2.25 2.12 5.63 5.78 6.66 12.2 18.66 10.53
5.4 4.35 10.99 13.56 9.01 4.06 5.27 3.71 4.04 10.95 13.05 6.46 8.67 7.05 5.05 16.78 15.71 9.85 12.03 6.7 9.6 7.73 17.48 15.15 9.97 15.67 9.11 4.69 7.78 8.91 4.73 4.96 5.66 7.72 13.4 17.03 19.61 12.84 11.69 7.41 5.26 6.69 13.22 10.58 5.29 16.29 6.59 4.03 6.58 10.2 8.24 5.57 6.11 5.07 3.23 3.14 1.39 2.65 6.97 6.05 6.19 7.57 18.78 9.57
4.94 4.67 9.26 8.3 5.59 2.96 3.42 3.91 5.66 13.9 17.0 9.66 6.55 11.35 5.83 11.59 14.18 10.3 9.46 3.93 5.84 7.07 15.54 11.49 11.49 11.38 12.49 9.78 11.03 11.55 4.46 9.04 6.19 16.26 13.86 20.09 21.88 10.85 13.12 8.11 6.88 6.68 20.41 7.07 10.63 10.27 7.0 3.29 8.28 11.85 6.32 9.57 6.45 9.03 5.89 3.19 3.36 3.73 7.91 3.06 5.92 3.73 7.95 12.99
6.17 4.43 8.23 6.46 6.43 2.75 3.32 5.31 5.19 5.31 9.88 7.35 6.56 4.22 7.31 5.72 8.57 8.09 4.48 3.65 3.64 10.22 12.25 10.69 7.02 12.81 12.71 7.46 8.72 8.93 8.35 4.78 6.44 11.88 15.59 19.52 21.03 15.92 16.85 8.18 4.1 11.61 15.78 10.12 7.52 5.66 6.08 2.73 5.77 9.77 10.44 9.64 9.75 8.0 7.68 3.2 3.69 5.37 4.14 3.74 3.18 7.18 8.77 22.54
