6.24 9.83 28.52 19.76 13.7 21.78 10.19 9.23 12.23 15.46 8.88 5.39 3.28 3.67 5.78 4.94 5.84 15.77 11.21 14.3 10.01 9.21 11.97 10.76 7.68 11.12 11.04 8.57 14.62 14.2 7.91 6.69 5.54 7.2 7.67 4.11 11.3 15.69 11.15 11.86 6.34 4.81 8.56 7.44 9.54 19.22 24.69 14.79 31.55 20.99 6.94 8.46 5.97 9.51 14.97 13.97 5.49 6.33 7.96 3.6 2.13 2.56 3.33 16.8
9.0 7.91 20.91 18.87 11.13 18.41 10.32 13.34 9.33 10.06 9.46 5.84 4.04 3.63 5.89 4.45 6.22 9.5 7.38 7.93 8.04 8.82 12.63 7.71 7.55 11.08 8.17 6.76 7.28 6.33 6.86 6.38 7.49 5.65 4.89 4.87 17.38 15.17 8.6 8.24 4.62 6.75 12.55 6.23 10.01 21.43 16.15 12.56 15.37 17.77 14.34 21.4 11.65 11.03 11.89 8.73 5.41 8.83 7.28 4.45 1.53 2.11 4.7 11.6
2.88 6.22 6.69 12.1 9.17 7.83 9.17 12.79 10.64 7.78 16.21 8.35 3.2 2.35 3.27 7.16 4.31 8.15 6.06 5.93 7.27 15.79 6.26 11.87 7.35 5.52 5.42 9.77 10.39 5.07 5.51 7.92 12.86 3.48 4.16 4.17 6.23 11.79 4.53 4.95 6.18 7.53 9.98 11.08 16.45 16.08 26.09 12.09 7.9 11.02 12.81 19.92 22.95 6.22 23.27 7.71 4.96 9.59 2.83 1.86 1.22 2.53 5.57 13.86
6.36 3.51 4.21 10.12 7.87 17.23 12.02 11.18 11.31 8.0 6.97 6.24 2.44 2.39 2.73 2.72 5.25 8.35 7.43 5.96 12.99 8.88 6.96 12.04 7.8 5.46 5.09 6.89 8.68 5.74 5.12 7.7 4.63 3.18 7.69 7.76 9.98 20.71 11.11 5.83 8.73 6.25 9.11 17.41 17.48 12.71 12.62 9.28 5.51 8.9 14.23 18.88 20.64 9.82 15.65 15.28 8.17 5.55 2.4 0.82 2.0 2.97 6.98 17.28
5.67 3.34 7.07 9.4 4.01 7.9 8.07 6.99 5.1 7.05 7.22 5.71 3.34 3.7 4.64 2.62 2.39 5.76 13.73 13.95 17.97 8.89 7.25 9.42 4.19 5.16 2.98 3.17 5.93 9.47 12.33 7.35 8.26 5.23 8.61 11.82 9.93 10.11 12.13 6.6 13.97 12.28 9.72 10.91 23.92 20.42 15.22 9.59 6.77 4.52 9.72 13.53 25.96 28.88 20.48 21.59 9.89 3.62 2.58 1.44 1.27 3.48 6.71 17.48
4.24 2.94 4.38 3.75 4.42 3.97 4.98 8.01 6.63 3.68 4.23 2.49 3.73 4.67 5.01 4.0 2.68 5.33 15.51 15.47 16.89 14.41 5.19 10.52 8.22 4.11 5.08 6.21 3.73 10.4 13.98 11.43 5.15 4.24 6.29 9.87 7.13 7.7 14.7 18.35 24.78 18.3 8.17 13.77 14.25 10.3 10.91 11.84 5.3 4.24 5.08 9.48 28.62 41.52 25.42 17.37 11.73 5.58 2.08 1.79 2.14 4.95 11.16 13.77
5.35 3.79 3.65 3.5 3.93 3.76 5.89 4.01 4.72 3.72 4.95 2.8 4.47 6.41 7.13 4.69 3.42 4.81 12.53 13.45 9.69 8.1 4.28 8.14 7.33 2.38 3.7 5.8 6.14 15.4 16.74 15.57 9.18 8.05 5.42 8.02 12.32 12.03 5.56 20.11 25.45 17.7 8.7 13.63 19.03 8.58 11.75 8.87 7.5 7.87 9.1 10.97 30.57 30.37 28.08 14.8 13.21 6.04 3.13 2.32 1.98 4.7 12.43 21.53
3.56 3.23 2.96 3.99 3.09 4.9 4.93 3.88 4.59 7.1 7.02 3.33 5.72 6.33 19.15 6.3 5.35 4.34 17.56 11.29 9.61 4.53 6.77 7.17 9.4 4.17 3.33 9.54 8.25 14.95 27.58 11.54 11.24 4.97 8.0 5.23 8.75 5.69 6.76 19.19 20.92 18.97 11.3 12.66 15.12 31.41 20.8 16.19 8.53 7.03 5.28 10.58 14.46 22.2 22.16 16.61 11.56 4.06 3.29 2.54 2.56 7.84 9.63 11.19
5.73 3.03 6.35 5.24 4.99 5.89 3.24 5.55 7.69 4.59 6.41 3.34 6.02 8.82 9.71 6.61 5.45 4.48 9.69 14.34 14.27 4.7 4.44 5.47 13.7 11.98 4.79 10.01 12.56 10.61 25.74 11.62 5.91 4.93 4.36 3.79 7.03 8.68 8.77 36.96 17.02 14.36 17.05 17.13 9.96 29.66 14.64 14.87 8.59 5.78 11.47 13.92 14.31 7.63 21.94 24.13 12.51 3.38 2.38 5.33 3.94 8.88 8.77 6.95
5.75 6.31 10.6 11.26 5.8 8.27 5.09 8.65 7.57 7.85 6.51 5.38 4.85 9.48 4.18 3.49 4.55 2.59 4.43 6.03 8.67 9.8 9.7 5.22 7.65 11.02 5.39 9.21 12.75 12.48 10.55 6.9 7.23 5.41 4.23 9.96 8.73 7.55 11.15 27.78 18.71 8.68 13.85 14.71 13.3 23.75 16.35 18.3 13.64 17.32 9.18 16.52 14.35 8.11 8.75 15.48 7.07 5.97 1.69 2.92 3.92 6.36 5.73 9.58
11.51 11.26 5.9 10.21 9.6 8.97 7.26 5.44 5.51 6.84 5.4 8.07 7.7 7.21 4.5 3.76 3.35 3.73 4.16 3.92 3.36 13.68 21.75 18.59 6.69 6.83 9.56 6.47 4.03 14.24 18.17 12.5 7.45 2.9 4.89 10.38 4.1 4.79 14.23 23.36 15.96 17.45 15.23 16.12 12.13 13.96 12.86 19.68 18.51 28.7 15.02 20.71 15.21 12.32 4.47 6.48 7.25 8.07 3.69 5.26 7.74 11.88 8.22 10.9
8.73 7.86 4.67 3.88 5.39 7.31 8.16 5.18 3.75 7.32 7.98 6.92 6.09 6.6 6.51 7.14 2.4 4.53 2.84 5.12 4.06 6.72 9.74 15.3 5.43 10.18 8.47 7.15 4.0 3.89 7.34 11.0 11.56 7.49 10.59 13.54 9.35 4.86 9.21 17.12 14.21 14.21 13.16 7.24 7.51 18.77 15.72 15.4 18.03 12.92 47.67 36.86 21.07 16.79 8.86 4.6 7.42 5.93 6.04 12.3 7.19 11.58 12.65 14.82
7.42 8.87 11.6 5.39 6.12 10.36 5.98 5.37 5.45 7.75 17.17 9.29 7.55 12.86 11.53 7.45 4.52 3.08 2.1 3.78 4.08 4.49 9.56 4.54 5.79 6.41 4.48 10.67 5.07 2.53 3.85 6.75 10.49 12.78 11.63 17.3 10.8 6.55 7.48 12.9 15.1 16.76 14.14 9.56 10.05 33.01 17.42 21.32 23.21 12.95 18.17 18.27 14.29 9.25 5.88 5.77 5.7 5.56 4.62 6.5 14.4 9.39 9.85 17.36
7.6 12.13 19.73 6.0 3.8 8.87 7.63 6.13 6.87 10.18 13.6 17.42 9.1 13.07 22.04 7.84 5.01 3.94 3.83 2.79 3.8 3.7 5.66 6.23 5.68 5.35 2.87 8.37 6.12 3.18 4.02 5.02 5.9 13.37 15.03 10.38 13.16 16.76 14.61 9.01 13.75 11.31 11.79 9.68 7.92 12.02 18.12 16.67 12.44 17.84 9.86 10.56 10.62 5.76 6.92 5.84 5.73 4.23 8.7 10.33 15.29 8.3 5.98 13.25
5.21 9.79 21.43 13.82 13.41 15.85 7.12 2.96 5.69 9.82 9.63 17.4 16.93 18.79 18.01 11.43 2.86 4.19 2.78 3.12 5.7 3.91 5.78 10.8 8.22 4.6 3.93 8.31 4.18 5.89 12.34 16.2 9.18 23.77 41.51 9.54 5.57 8.46 11.05 10.04 10.78 10.76 13.55 14.78 5.76 6.76 18.72 10.77 11.03 15.77 11.57 6.61 9.05 8.71 7.97 5.44 5.0 3.77 9.02 9.34 11.62 11.63 7.98 11.75
8.01 5.48 8.13 10.15 25.11 33.73 9.47 3.61 5.51 6.54 6.19 6.09 12.44 21.1 27.33 24.07 9.17 6.14 5.03 4.08 6.75 4.4 4.4 8.32 7.83 6.19 7.78 5.21 2.89 5.97 8.39 9.2 11.51 23.32 16.63 13.03 4.51 7.1 11.33 10.82 17.23 7.43 8.55 14.79 8.63 11.3 16.14 8.79 8.01 13.51 8.75 5.16 7.07 5.92 5.53 14.44 7.61 9.34 11.49 10.72 6.1 7.99 9.92 9.24
22.8 13.59 7.76 8.86 9.04 11.99 7.57 3.05 5.29 8.02 5.63 5.97 10.64 6.81 22.59 17.86 7.92 12.55 10.97 5.37 14.63 8.74 6.43 8.27 3.25 3.77 5.34 4.02 6.11 6.66 10.74 6.27 14.45 16.76 11.86 6.4 3.16 5.69 11.29 7.82 15.05 7.49 6.34 17.4 8.46 12.49 11.43 4.59 3.37 9.57 6.9 3.97 5.95 8.64 4.81 13.69 19.82 13.95 13.68 8.74 4.95 6.77 4.72 3.3
23.25 15.45 12.24 12.77 15.17 7.58 7.17 3.22 4.19 5.69 4.34 5.47 8.38 3.7 7.8 10.27 13.73 14.57 20.06 9.05 8.52 4.27 5.84 10.21 6.26 2.46 7.24 9.19 10.01 10.33 12.69 8.34 6.75 14.36 6.71 4.61 4.86 4.02 11.65 12.75 7.04 8.01 10.25 12.99 7.9 5.05 7.4 8.42 3.81 5.02 5.64 1.01 2.9 6.07 6.47 10.18 20.6 8.72 10.37 8.29 6.58 5.84 4.72 2.45
17.78 37.48 17.27 9.82 8.3 4.54 3.98 2.88 3.94 5.2 7.58 5.27 14.01 17.15 9.04 11.16 21.36 12.23 23.27 12.34 9.36 4.8 5.64 4.27 7.59 3.33 9.69 11.05 11.91 10.94 6.74 7.14 16.48 11.47 5.46 3.47 2.94 1.7 9.67 11.71 6.88 11.17 13.32 12.27 14.07 6.87 4.77 5.38 4.85 4.06 2.84 3.48 3.98 6.11 9.46 18.53 26.32 17.6 17.98 15.84 8.75 4.75 2.74 2.56
11.01 13.22 5.68 5.12 5.18 3.21 3.22 6.7 6.08 8.96 11.98 19.16 17.66 15.87 8.75 15.1 19.4 15.15 11.2 8.56 7.08 4.67 6.75 4.98 4.76 7.26 16.56 16.69 22.01 12.22 7.22 8.93 12.29 12.07 7.21 4.41 1.33 3.78 5.98 3.28 11.22 16.07 13.51 8.9 8.56 10.89 4.4 4.05 6.2 8.07 3.1 7.5 7.44 11.44 11.81 30.23 21.73 31.24 13.78 8.34 9.73 3.38 2.67 3.44
12.29 20.04 11.05 8.25 5.01 4.91 10.51 12.05 9.31 9.24 12.51 32.39 18.47 18.18 11.68 26.29 14.09 9.48 3.85 9.41 5.5 4.9 4.64 10.97 4.55 12.03 12.67 20.25 19.78 5.37 6.62 13.83 17.47 16.24 5.44 3.12 2.94 3.95 3.57 5.92 12.93 18.95 22.69 9.71 4.99 5.77 5.38 5.46 4.15 6.38 6.77 5.31 6.06 8.92 12.98 23.63 13.83 16.39 13.62 14.18 6.62 5.81 6.49 4.74
12.62 11.34 6.19 4.32 6.81 5.45 8.56 16.56 35.52 31.18 17.39 26.14 23.83 20.89 10.55 19.03 11.49 5.25 4.68 6.51 9.52 10.31 3.86 4.69 8.7 10.07 21.51 29.71 12.81 6.36 6.06 12.23 9.77 11.34 5.65 3.23 4.61 5.6 5.01 5.65 5.26 7.02 10.49 10.82 6.35 6.68 4.94 8.9 6.08 5.12 6.2 6.66 3.37 7.47 12.37 32.92 31.59 15.76 12.35 13.7 5.6 4.89 5.52 4.28
9.92 8.07 7.99 7.9 12.84 6.82 6.5 15.51 26.3 26.7 17.3 20.56 20.58 12.66 13.96 13.28 7.26 3.12 4.99 9.24 11.99 21.38 3.81 4.93 11.02 10.48 9.12 29.1 18.46 14.86 14.04 18.65 12.51 12.88 3.26 1.39 2.03 6.11 5.54 4.34 7.93 8.8 4.22 4.26 6.72 4.8 3.38 4.75 4.94 5.89 10.14 7.8 5.5 7.21 15.14 11.43 13.84 12.12 13.59 10.7 14.96 8.11 5.49 9.71
10.84 9.01 5.43 6.47 9.35 9.16 8.82 15.76 17.05 14.71 11.12 16.01 12.89 16.05 24.42 24.67 8.32 3.92 5.54 6.65 6.56 8.26 4.29 4.66 7.58 10.51 6.23 18.93 13.66 9.47 12.54 18.81 11.31 13.16 3.81 2.64 3.24 5.29 6.67 5.28 6.82 4.18 3.42 3.56 6.54 6.74 2.95 4.88 10.02 8.72 7.84 8.29 8.32 10.71 10.27 9.08 10.73 18.33 16.47 8.01 21.8 10.96 12.78 8.3
5.76 5.96 2.93 4.11 12.74 8.38 7.01 12.86 13.29 8.49 24.89 23.19 13.41 16.64 28.86 33.9 12.28 5.08 4.19 7.95 7.22 8.85 7.65 6.52 7.92 8.5 6.7 11.44 15.37 16.0 17.04 22.12 10.84 11.13 3.19 2.72 3.27 4.53 1.98 6.14 6.42 4.83 5.57 8.51 4.83 5.35 2.36 4.83 18.08 9.71 12.77 16.4 13.94 11.9 12.36 14.54 10.69 14.94 15.82 10.11 7.84 9.22 19.87 15.31
3.21 5.83 3.77 4.27 9.36 23.58 12.26 20.77 16.58 11.97 24.14 16.45 4.64 16.45 46.27 29.75 29.2 5.56 3.13 8.8 9.47 9.83 10.91 10.07 14.28 19.27 11.03 14.06 17.02 14.79 14.96 14.45 9.39 5.32 2.91 2.22 7.15 7.24 5.83 12.88 15.29 5.63 3.19 3.77 5.38 4.5 5.7 6.05 10.02 16.83 12.16 22.21 8.41 8.68 8.21 13.11 18.5 34.68 27.94 13.86 9.04 11.03 12.26 21.05
7.29 6.71 4.57 6.29 10.1 14.29 8.99 14.19 23.8 11.89 27.92 22.8 13.05 17.62 43.87 23.35 16.53 6.05 2.89 5.23 8.13 14.04 9.4 17.15 11.65 14.56 16.33 6.98 10.03 15.83 20.52 12.22 8.34 2.98 2.8 3.81 4.57 7.86 10.76 19.3 22.39 16.98 3.63 4.13 2.89 3.8 7.11 6.8 8.65 11.5 12.47 11.74 11.36 5.67 7.76 10.41 18.54 47.89 42.71 17.51 17.89 12.1 6.22 9.84
5.86 6.43 3.78 4.72 4.78 6.34 19.37 17.26 19.52 15.59 9.87 20.72 17.13 15.59 25.68 16.57 11.63 7.39 5.66 3.1 12.76 10.41 11.1 14.93 17.7 21.72 18.17 9.87 15.44 11.22 6.09 6.39 5.42 1.69 2.08 7.25 6.89 9.35 10.2 12.48 21.4 10.62 7.39 3.6 1.52 2.19 3.09 7.09 9.75 6.16 6.13 7.19 8.29 9.52 10.36 16.29 17.68 26.52 41.02 22.24 14.0 12.46 10.09 9.34
8.61 8.7 4.4 5.52 2.98 4.19 11.17 11.35 13.61 21.34 13.01 12.42 13.95 15.33 20.56 11.46 11.23 8.28 6.75 3.6 5.69 12.17 18.12 7.33 10.01 9.85 11.87 8.38 11.73 7.88 7.42 6.14 4.03 3.13 3.06 5.27 8.8 8.5 12.57 9.02 7.88 6.98 6.69 3.79 3.0 2.49 2.52 4.0 10.14 6.35 4.49 6.92 11.16 10.23 4.19 4.87 14.02 18.78 32.26 24.67 17.46 16.15 18.1 9.52
6.31 4.99 3.2 4.63 5.16 4.8 9.1 12.28 11.93 21.46 21.92 18.94 15.6 14.02 17.2 14.77 16.09 7.29 6.35 3.73 2.29 8.4 5.04 6.3 10.95 9.31 9.69 9.81 9.08 8.24 7.06 3.35 4.71 4.97 4.75 4.82 9.4 7.37 17.97 8.58 3.52 8.12 7.53 6.04 7.87 6.71 11.17 5.81 4.41 6.59 4.75 6.35 10.5 7.75 4.52 3.97 7.07 13.4 29.02 12.63 4.95 11.09 14.53 9.37
5.95 5.24 3.38 4.45 7.51 6.95 9.68 7.5 16.54 19.3 15.0 19.29 11.04 9.46 16.08 13.43 10.74 7.11 3.27 2.35 2.29 5.78 4.48 4.19 14.88 10.23 10.09 10.32 12.35 8.62 7.19 7.6 5.15 3.49 5.3 3.0 4.27 8.6 8.12 7.92 3.12 10.98 5.91 11.36 8.91 7.97 5.37 8.06 6.14 3.84 3.92 6.55 5.1 9.37 3.93 8.66 5.94 13.79 11.84 12.42 5.77 21.7 11.34 10.63
3.94 3.71 3.85 3.39 5.57 9.87 5.83 10.04 7.34 21.81 14.76 11.08 6.29 7.83 18.71 15.57 9.7 7.19 2.5 1.74 1.82 4.02 4.24 5.81 5.45 14.38 7.82 19.3 14.45 16.97 7.65 7.44 6.52 4.28 3.65 3.0 5.06 10.77 10.26 5.65 6.96 8.54 5.89 9.04 8.49 6.43 4.77 7.63 4.1 2.66 2.87 6.5 4.44 6.47 10.1 7.03 10.57 14.26 13.59 10.9 7.57 11.01 5.87 10.35
3.16 5.67 7.55 3.58 6.76 11.02 4.73 4.86 7.41 15.77 17.3 10.59 14.18 10.69 15.97 13.67 9.56 9.2 2.56 1.84 2.09 2.88 4.59 8.89 7.52 9.7 8.16 14.3 12.82 24.57 9.85 5.69 9.13 4.06 3.27 3.54 3.11 4.09 7.81 10.54 6.59 18.48 12.41 8.52 9.88 6.48 4.93 4.45 3.0 2.54 4.01 8.49 10.12 11.8 17.49 8.97 9.39 9.97 10.45 5.82 5.25 13.49 7.65 5.24
8.28 13.3 8.28 6.66 6.43 5.77 7.34 5.43 13.64 12.83 12.06 12.3 13.61 10.95 16.68 9.45 10.42 7.19 3.57 2.02 2.87 3.36 4.46 8.12 8.07 9.07 7.89 9.46 11.23 16.86 11.73 9.86 4.91 11.45 8.76 6.87 6.25 5.58 6.59 14.22 5.72 11.89 9.49 4.92 11.22 9.75 3.82 4.3 3.16 1.82 6.2 10.36 12.93 23.5 16.83 8.72 9.41 9.72 4.67 4.15 3.1 6.13 8.26 5.73
9.64 29.22 11.67 8.11 7.88 5.49 6.96 7.74 6.99 11.05 14.02 11.89 10.04 11.5 9.53 9.48 10.5 6.44 3.73 2.73 2.05 4.52 3.92 3.72 5.85 6.27 5.43 10.21 11.66 13.91 28.18 16.07 9.28 17.73 10.02 10.38 13.55 6.23 9.15 12.88 9.67 7.65 7.98 9.11 8.11 9.91 4.22 3.02 3.58 3.77 5.1 6.56 6.36 15.54 7.65 5.71 7.92 10.07 3.12 3.33 4.12 3.67 5.58 6.44
11.04 20.7 13.43 9.81 14.89 7.46 3.67 10.65 6.76 11.88 21.13 12.67 12.22 8.54 9.39 10.02 10.94 7.88 6.51 3.61 2.69 7.78 5.82 4.62 5.56 6.22 6.88 4.59 3.97 9.41 17.85 17.71 14.08 14.92 12.2 9.92 10.47 9.64 12.38 16.28 9.0 5.88 3.24 8.27 5.45 9.72 7.38 6.06 6.65 6.96 3.85 4.24 6.27 5.01 6.64 6.92 12.64 18.33 8.53 3.87 4.76 3.21 3.76 4.61
10.52 14.09 15.69 12.63 13.87 10.94 9.47 12.56 5.21 10.19 7.34 7.07 9.77 16.33 10.25 9.2 13.07 12.74 7.86 9.46 9.62 6.38 5.72 5.31 6.43 5.88 2.64 1.96 3.45 9.96 13.79 32.61 25.99 18.64 16.32 5.67 7.51 7.02 10.13 18.35 11.59 12.3 8.92 10.81 8.34 6.93 11.49 5.76 4.57 5.0 6.06 5.98 3.06 3.36 6.65 4.91 10.23 18.71 24.47 12.32 5.91 4.62 5.62 6.08
7.16 9.18 13.64 13.72 8.29 10.38 10.59 14.46 9.29 16.31 7.05 9.22 7.43 19.55 12.89 9.32 22.53 26.31 10.22 9.38 8.36 3.98 5.02 4.48 6.63 5.14 3.01 2.01 4.77 12.93 11.39 17.28 8.62 12.58 17.26 6.06 13.31 12.33 12.68 13.52 13.25 10.39 17.6 12.3 12.8 7.9 8.99 6.28 6.31 5.78 3.44 2.74 2.15 2.52 4.6 6.92 23.01 12.29 10.61 12.26 7.02 6.46 6.52 3.57
9.43 6.96 20.84 17.12 8.8 6.43 7.64 15.26 11.24 11.25 18.48 24.74 8.38 5.37 10.93 10.31 13.16 20.66 11.25 10.01 12.78 6.82 6.86 12.17 4.41 3.35 3.88 2.23 5.36 14.53 8.28 7.95 7.11 9.28 12.14 4.57 4.05 8.99 16.76 14.37 17.95 10.74 12.58 7.25 6.8 6.36 10.49 6.08 4.2 6.1 3.63 3.59 4.62 1.57 4.61 9.59 18.46 13.6 9.02 6.41 9.55 11.58 5.01 3.84
11.44 6.75 11.56 10.22 13.76 13.14 8.59 8.08 10.45 12.77 24.01 21.99 12.51 5.93 6.91 8.51 11.76 23.77 16.59 12.89 15.15 4.82 8.23 8.69 4.74 3.21 5.62 6.39 7.13 16.97 11.52 4.72 8.11 4.3 10.1 12.04 3.63 6.22 16.46 18.28 12.57 13.53 7.13 5.05 4.05 3.44 3.53 5.87 5.94 7.84 5.3 6.51 3.57 1.36 4.15 11.76 6.81 13.71 7.04 2.49 9.85 12.21 4.25 5.09
10.53 12.96 16.78 14.4 11.54 11.02 9.29 9.65 7.24 19.29 21.1 12.69 8.82 12.7 16.93 10.38 6.02 12.96 14.27 11.54 11.22 7.66 6.58 9.54 4.79 5.74 9.81 8.7 8.59 15.37 8.26 5.37 4.73 4.13 6.51 6.23 6.45 7.55 14.89 20.72 16.29 9.36 6.0 4.33 4.96 6.65 3.72 5.85 9.82 10.93 7.9 7.49 3.23 1.53 7.86 7.18 6.1 9.81 5.41 6.07 7.15 5.89 3.01 2.93
9.28 9.93 16.09 11.37 7.98 11.16 10.48 11.3 7.7 12.4 15.32 12.17 4.14 9.83 13.59 13.47 6.89 8.76 10.02 10.3 9.44 8.73 7.68 17.95 7.07 5.69 7.29 8.41 9.11 11.43 5.4 9.24 3.18 4.03 5.53 3.69 3.79 6.75 12.89 15.28 17.7 9.73 6.13 4.18 3.2 6.39 5.77 5.77 6.14 14.58 6.8 8.29 4.1 4.75 9.7 7.36 3.27 4.33 4.79 5.69 8.01 5.54 2.01 3.39
12.05 5.61 15.86 10.81 8.8 11.14 10.64 7.86 6.92 5.86 13.29 12.38 7.59 9.36 10.5 8.66 9.53 11.19 9.67 8.77 5.46 5.39 5.75 9.75 10.73 7.12 7.58 8.53 4.97 8.83 5.07 5.31 4.12 5.39 4.52 4.39 2.47 6.67 8.5 9.15 10.07 12.22 3.95 5.26 4.81 4.73 6.03 8.16 3.32 5.2 4.98 4.39 5.21 5.58 5.37 7.23 2.06 3.58 4.79 2.86 6.31 6.79 2.79 14.54
10.25 6.82 13.82 8.83 4.84 5.97 11.93 8.72 8.36 9.69 11.45 8.88 8.78 5.57 5.07 7.76 4.26 9.85 9.95 5.25 9.05 5.05 6.09 6.99 8.34 6.74 5.98 7.21 3.9 7.98 4.76 3.47 4.68 4.6 3.14 3.06 2.32 7.82 13.8 11.68 8.75 5.02 4.85 3.37 5.19 3.94 11.06 8.16 3.01 5.43 4.71 4.99 3.08 4.99 3.39 4.72 3.58 3.96 5.54 5.37 2.62 4.0 3.93 7.22
11.46 6.68 9.18 12.84 8.17 4.23 4.03 4.46 8.47 4.19 12.02 7.08 6.78 2.63 4.75 6.14 7.6 9.46 9.45 6.76 8.18 9.95 9.11 9.43 6.33 4.33 3.87 4.31 3.94 5.17 8.28 12.1 6.58 10.44 5.44 2.85 2.34 7.01 8.84 13.99 6.42 6.7 6.48 5.91 2.86 3.32 2.13 5.06 2.38 7.16 9.13 7.14 6.21 5.76 4.65 3.98 5.3 2.99 5.48 11.47 5.47 5.76 8.59 4.44
5.29 3.81 4.31 10.83 6.6 4.51 5.91 7.6 5.83 5.37 8.6 13.32 2.43 3.8 2.68 5.4 13.77 6.81 7.3 6.69 5.9 7.4 7.46 12.16 9.32 3.88 3.9 6.73 3.16 2.43 4.7 8.72 9.92 14.19 6.57 5.72 5.55 5.75 7.02 11.64 7.87 5.2 5.86 3.55 1.97 2.24 3.14 5.67 3.08 7.63 8.01 7.21 9.05 9.6 6.83 3.46 5.56 4.33 5.06 8.07 6.25 3.56 6.37 6.59
3.96 8.06 4.61 5.89 5.62 11.3 10.75 14.9 5.25 7.48 4.58 4.43 2.08 3.48 2.15 3.41 6.31 10.92 11.12 5.27 4.96 6.31 12.21 10.95 8.91 2.86 3.44 4.24 1.84 2.02 5.07 8.1 13.17 12.47 10.86 10.41 7.73 4.63 5.85 7.65 7.64 6.55 9.37 5.43 2.39 2.73 2.91 4.72 7.86 6.0 4.64 13.3 23.17 15.35 6.85 4.15 2.81 3.77 4.26 4.57 4.01 3.17 3.26 7.96
6.25 13.13 11.6 5.66 5.26 6.65 12.89 23.63 4.82 3.94 8.23 3.47 3.15 4.31 3.04 1.76 3.12 6.59 6.68 6.42 4.06 3.31 7.47 7.94 6.35 4.35 2.75 5.83 3.28 3.78 4.52 7.8 10.65 21.02 15.27 8.81 7.46 7.93 6.19 5.51 3.79 3.29 7.9 2.43 3.24 5.6 3.29 5.65 9.62 8.77 4.94 14.03 11.07 7.26 9.28 4.14 2.66 4.69 6.79 3.52 4.04 4.98 7.3 11.95
6.23 10.87 8.23 6.26 7.07 6.19 8.54 8.44 5.25 3.1 7.87 3.8 4.02 4.95 1.94 2.83 5.21 3.22 1.85 5.84 3.54 3.84 6.4 9.67 7.52 2.12 2.58 6.16 8.52 6.37 8.13 6.21 14.38 12.96 14.6 10.55 4.82 3.5 3.92 9.28 4.62 5.69 7.75 4.12 4.21 6.08 5.91 5.35 13.54 10.01 6.03 7.64 9.37 8.9 8.54 4.87 4.28 5.62 4.27 5.69 4.74 8.23 12.26 8.93
8.1 5.13 4.88 6.19 4.53 7.76 6.28 5.02 5.0 4.04 3.01 5.39 5.1 3.87 3.25 3.65 5.56 4.56 2.94 4.49 6.37 3.27 4.18 5.02 5.52 7.58 2.37 2.65 4.92 6.11 7.94 6.57 11.59 10.27 10.31 9.93 10.95 6.82 6.19 6.42 5.58 3.97 8.06 4.83 6.95 4.97 5.23 7.76 11.2 9.38 12.04 11.12 11.84 8.77 7.57 7.36 9.65 4.43 5.56 8.17 7.24 4.77 8.06 7.58
5.89 5.55 7.48 15.04 3.77 6.16 5.5 4.68 8.56 5.78 4.9 6.63 9.45 4.59 4.06 6.07 5.41 5.49 2.94 6.99 6.35 1.98 3.2 3.05 3.82 7.98 2.98 2.41 5.02 4.63 11.59 10.89 18.2 9.69 14.1 9.52 8.29 9.93 9.05 6.5 5.53 4.25 8.35 5.76 6.51 8.25 5.58 9.59 9.07 5.93 9.39 5.79 5.73 9.15 15.16 8.94 9.73 6.8 6.3 6.57 12.63 6.71 6.81 10.13
4.79 4.43 5.52 6.46 6.09 8.07 5.52 9.07 10.12 7.51 4.25 3.51 10.66 7.32 2.53 5.44 6.3 5.05 4.29 4.41 4.46 3.33 3.68 3.49 4.46 4.75 4.82 7.4 6.8 7.49 9.65 10.02 11.99 10.34 11.48 25.25 7.76 8.44 9.4 8.88 11.8 5.46 5.1 9.96 7.31 5.67 4.47 9.17 10.69 5.9 3.67 4.37 5.74 13.76 14.72 15.45 11.05 9.31 5.73 7.03 10.11 6.78 9.28 15.22
3.78 8.63 7.96 5.56 7.92 8.74 11.2 8.44 6.84 9.66 5.57 9.82 9.28 8.73 5.02 6.27 4.72 5.86 3.08 3.76 5.15 5.07 4.12 6.57 3.34 3.94 6.46 13.93 16.23 11.3 9.7 9.72 7.93 10.11 7.45 13.72 11.51 6.72 3.93 3.79 6.87 4.67 4.31 6.49 6.7 6.85 8.43 5.18 11.83 10.29 3.21 3.55 7.06 22.32 10.63 17.62 12.74 13.5 4.54 10.18 8.31 11.2 16.26 36.83
4.34 8.47 6.27 9.91 14.54 21.38 9.5 7.77 12.03 9.54 12.96 8.22 5.36 3.68 10.25 8.56 5.92 7.24 4.66 5.04 6.33 4.91 5.29 11.96 2.07 3.65 12.79 20.52 9.55 10.28 11.55 19.88 6.07 5.12 4.35 4.59 8.54 7.62 3.93 5.32 5.6 5.11 3.66 7.47 5.74 11.87 10.72 7.76 11.17 7.94 2.57 2.67 8.25 13.62 10.49 9.45 16.2 15.43 8.66 6.23 10.22 10.53 13.86 26.49
10.09 8.67 10.04 12.2 18.67 22.62 7.18 7.43 9.49 5.74 5.07 4.56 7.98 5.82 11.06 11.12 7.48 13.09 10.1 9.18 12.19 5.98 3.48 6.03 5.23 6.98 14.26 16.67 8.15 7.31 14.92 9.76 11.89 6.03 3.3 4.54 4.95 6.39 4.74 6.42 9.15 7.73 7.8 16.74 9.34 5.64 9.41 7.58 4.66 4.05 6.36 3.81 8.1 7.92 4.39 7.46 10.39 5.93 10.62 9.09 7.83 12.65 13.03 22.35
17.72 10.36 8.75 15.2 15.57 15.86 4.18 8.85 9.33 7.65 2.38 3.51 10.38 11.61 11.7 14.54 13.82 10.11 12.51 6.14 7.9 5.25 4.07 4.49 10.22 11.38 11.26 20.29 9.22 10.63 11.57 4.66 6.49 6.73 4.25 11.17 9.3 3.63 4.07 5.46 6.95 15.21 7.83 10.67 9.96 5.9 5.8 8.81 4.01 4.35 3.15 3.3 9.38 10.28 3.6 9.52 11.83 7.33 12.69 11.64 7.81 8.2 12.16 14.69
23.69 10.51 4.71 8.71 7.95 4.88 5.95 10.28 6.22 7.38 5.77 3.99 8.79 20.51 10.96 15.18 12.41 9.27 13.06 7.9 4.15 4.51 2.87 8.44 7.21 14.32 14.84 10.53 5.29 14.25 13.41 8.37 3.65 6.08 2.34 8.79 9.22 5.43 6.23 9.29 5.64 14.2 10.08 7.84 5.32 5.57 3.38 4.83 2.9 3.32 3.49 5.97 8.91 6.68 4.05 3.79 7.56 10.44 6.06 13.07 8.9 7.12 11.84 10.23
7.86 7.44 3.04 17.6 9.3 5.57 6.03 3.9 4.05 7.29 8.49 11.54 21.71 22.21 10.97 22.22 9.77 5.65 5.76 6.78 4.49 3.35 4.28 12.58 8.71 15.38 20.58 5.8 4.75 7.5 9.18 6.98 5.79 4.6 8.77 8.74 6.57 12.53 8.55 7.46 4.48 4.89 7.36 5.75 2.42 3.79 3.31 3.58 3.61 4.55 9.58 9.93 4.33 5.77 2.51 3.37 5.03 6.9 4.23 10.58 5.5 6.94 18.87 13.76
5.56 3.93 4.79 10.33 22.88 9.89 7.18 5.72 4.43 7.02 9.9 9.02 12.69 15.4 11.03 16.85 11.03 4.1 6.8 8.63 4.89 6.54 5.21 8.09 11.83 17.33 7.44 4.83 7.94 7.82 8.46 4.81 4.53 7.95 10.02 12.67 9.7 12.75 8.07 3.76 8.22 8.69 3.86 5.26 5.92 2.84 2.74 4.88 5.02 3.77 8.12 4.47 4.91 3.6 3.23 5.52 2.87 5.02 8.76 10.38 9.01 5.77 15.37 16.57
3.89 3.85 6.75 6.1 14.59 8.25 6.8 6.34 3.65 7.83 13.04 5.57 6.62 16.36 12.59 15.25 13.0 3.05 8.07 15.93 6.84 7.88 7.94 7.84 14.15 17.85 6.72 4.55 4.42 7.36 6.84 3.15 3.2 7.81 13.11 20.82 31.85 12.42 12.75 4.99 6.38 9.79 4.31 3.94 4.53 3.89 2.87 4.87 6.59 5.69 7.56 3.36 4.88 5.39 4.51 3.93 3.14 3.81 7.29 5.18 11.18 5.07 5.2 10.45
4.72 6.64 7.09 9.42 14.57 14.26 4.6 3.04 4.73 7.29 5.19 5.72 5.1 5.94 7.17 7.62 10.26 5.46 12.72 16.25 9.45 7.84 9.9 7.78 7.89 7.17 8.53 2.36 3.17 4.85 4.02 6.7 5.61 6.02 14.11 17.09 20.33 9.05 10.44 11.84 7.69 5.33 5.37 4.98 3.55 4.11 3.08 5.15 7.01 4.62 6.21 5.38 3.94 3.68 4.09 2.71 4.22 6.12 8.55 5.08 3.94 3.55 4.83 8.0
8.99 10.95 10.48 5.38 7.25 12.02 5.31 3.53 4.07 2.96 3.01 6.78 4.3 11.01 7.8 5.9 9.39 16.18 14.45 8.37 7.89 7.78 9.63 8.48 7.9 5.37 3.42 4.39 4.1 4.05 3.74 4.31 8.7 13.93 8.07 9.34 12.63 12.1 10.26 10.7 11.35 5.7 5.59 4.4 5.72 2.99 3.72 4.64 4.89 3.69 3.69 5.61 3.15 4.09 3.13 3.61 4.18 7.39 8.64 6.36 2.94 1.83 3.03 9.24
11.76 12.72 8.15 7.63 6.69 3.9 2.34 4.91 5.82 3.4 3.5 6.78 6.5 10.7 10.08 5.98 8.27 15.12 17.33 9.76 8.1 16.19 13.87 7.8 5.76 4.89 4.1 7.21 3.48 4.03 4.28 3.88 5.25 13.31 7.25 3.28 5.09 11.49 13.12 9.47 11.61 9.38 10.01 6.49 3.65 5.55 2.2 5.09 4.85 2.64 2.73 1.74 2.67 3.36 2.35 3.62 4.49 8.7 7.75 6.74 4.96 2.0 2.65 5.39
5.73 9.4 10.02 21.67 15.47 4.36 3.12 5.88 7.72 4.02 2.87 8.35 5.19 4.86 6.61 5.0 7.33 8.8 9.1 9.45 10.08 16.66 9.65 6.79 6.03 10.62 4.47 3.51 4.46 2.95 2.92 7.24 7.57 9.87 11.66 4.55 5.67 10.93 12.95 8.12 10.55 8.91 15.22 9.5 3.29 5.22 4.19 5.14 3.96 1.44 1.75 1.8 1.48 1.72 4.76 4.78 4.68 5.92 6.01 5.61 4.36 4.54 4.11 7.61
