11.25 15.36 13.9 5.08 4.98 3.58 6.22 8.79 4.89 2.36 3.55 8.75 8.32 9.28 18.89 7.73 4.28 2.96 8.81 7.63 9.16 5.19 6.38 7.14 16.31 9.63 12.03 12.04 4.9 6.62 9.5 9.14 9.53 8.07 8.35 5.38 7.93 8.04 8.86 5.61 2.94 1.59 6.42 4.79 4.0 4.68 5.45 9.11 15.5 15.44 22.23 9.98 9.05 12.16 10.31 11.71 8.26 4.02 5.16 5.74 7.32 5.24 7.24 12.6
9.24 7.98 7.19 3.65 3.52 3.51 4.02 8.22 6.32 2.61 4.42 7.75 16.64 8.57 11.27 8.72 8.87 5.94 18.12 5.42 8.38 7.67 7.21 6.79 9.11 18.0 14.07 11.29 3.86 3.53 5.85 9.1 6.84 7.71 11.23 7.3 6.44 5.87 7.73 5.5 4.23 2.92 6.08 5.14 5.8 3.98 4.91 9.33 9.8 18.3 23.76 15.68 11.51 15.35 26.95 12.25 6.2 6.55 6.76 4.91 7.23 4.86 9.66 8.65
7.09 3.53 3.42 2.11 2.21 2.08 3.83 6.25 3.38 3.62 6.74 6.89 15.71 13.28 6.25 8.06 11.74 9.98 11.85 11.11 6.62 6.55 8.8 5.16 7.81 14.76 12.45 5.98 5.53 5.03 8.45 14.08 7.38 9.61 14.38 15.99 10.12 7.91 4.93 3.68 5.35 6.42 10.83 6.17 4.72 3.15 6.59 9.66 15.61 18.59 14.02 11.95 8.48 29.84 21.32 9.36 2.99 5.38 2.85 5.3 13.18 13.06 8.34 7.4
3.98 3.32 2.69 1.32 1.83 2.06 4.46 3.74 3.74 5.4 6.29 6.95 9.15 20.0 8.24 10.2 14.91 12.07 9.8 16.8 7.14 11.41 8.79 9.01 6.14 9.13 9.02 6.17 6.22 5.75 8.02 8.16 11.2 9.58 12.49 25.57 8.98 7.37 4.23 7.04 7.86 9.71 14.03 11.93 7.41 7.61 5.55 8.88 7.62 6.91 11.3 8.42 9.2 12.45 12.49 4.32 5.44 6.04 4.06 4.84 9.78 11.89 8.38 12.71
3.21 4.14 5.41 2.68 4.85 4.12 5.14 4.86 5.54 6.42 4.16 7.75 11.58 9.55 10.9 13.0 25.61 29.37 12.25 8.61 12.13 18.49 13.05 17.61 9.43 14.62 5.5 5.1 3.91 5.96 5.17 9.96 9.99 7.27 7.57 14.75 10.15 7.66 4.45 9.28 15.43 13.94 12.16 19.53 10.28 9.62 7.52 10.71 5.57 10.46 12.48 11.59 8.01 13.98 14.28 5.08 5.3 4.45 6.65 5.83 7.55 14.04 8.4 10.42
2.9 4.57 4.7 2.5 9.16 5.8 6.76 12.14 10.96 6.13 4.47 8.28 3.45 5.92 12.03 10.88 14.16 14.81 13.81 10.32 17.57 8.08 9.67 18.71 19.11 11.33 8.07 6.28 4.97 6.93 11.17 11.41 15.91 10.63 6.76 17.93 17.48 11.17 5.3 12.1 24.17 14.86 23.35 22.91 7.39 5.56 7.81 7.97 9.54 9.72 15.01 19.35 11.56 6.89 11.35 11.02 6.66 5.12 5.92 11.41 18.41 19.86 8.27 8.96
4.64 2.67 3.18 3.52 6.17 5.27 12.4 9.84 7.1 2.76 6.29 6.47 3.62 2.28 6.86 10.76 17.3 18.9 24.2 14.41 15.99 8.16 13.3 25.32 48.8 19.6 14.97 11.49 10.09 17.28 10.58 9.74 16.47 21.0 15.95 13.74 12.34 6.05 2.49 8.56 17.95 12.5 18.51 13.64 15.23 8.19 9.0 5.51 6.01 7.11 13.69 17.09 21.09 10.77 4.72 9.95 5.96 4.44 8.82 10.52 27.25 13.87 8.0 10.36
2.67 2.1 4.25 7.46 6.64 6.33 11.7 9.96 9.22 7.48 10.3 8.21 4.07 3.82 7.24 6.85 15.03 21.84 27.92 13.39 19.42 23.65 22.92 12.78 22.26 21.75 32.56 13.47 15.57 19.36 14.64 9.81 11.65 14.1 21.35 14.14 9.94 5.59 2.97 3.87 11.47 11.8 15.09 20.43 18.27 6.45 6.53 3.99 6.71 7.93 11.62 7.79 15.46 15.43 8.18 9.48 5.33 5.35 6.01 13.32 25.28 12.12 13.32 9.16
3.61 2.65 4.85 11.18 4.88 6.81 8.54 5.25 8.09 9.37 11.8 8.57 4.49 3.44 3.78 6.56 7.27 9.39 24.18 23.36 14.9 16.45 35.98 17.78 18.5 26.76 23.48 29.53 37.47 35.95 17.17 13.99 11.27 10.64 16.77 9.14 5.39 4.37 4.66 3.1 6.74 10.71 9.36 15.81 20.73 9.42 14.84 10.62 9.37 5.92 9.02 15.08 16.17 11.53 8.22 6.59 10.54 5.45 8.8 13.22 26.43 11.43 15.95 10.05
4.64 4.19 2.35 7.2 8.9 9.37 3.54 9.36 9.43 9.2 8.39 8.96 5.31 6.38 4.67 6.13 6.37 7.53 12.21 12.55 22.09 15.6 17.77 19.22 5.88 16.71 24.76 36.22 14.35 34.93 13.98 17.26 11.48 18.8 12.89 11.12 8.76 5.55 9.03 6.46 4.38 6.82 10.42 20.9 15.08 15.56 10.72 11.62 12.98 13.93 10.63 20.26 9.39 9.1 6.38 12.24 6.37 9.04 19.49 13.87 16.83 13.95 12.91 8.48
2.81 4.51 1.72 5.88 11.32 6.42 2.81 3.92 5.44 5.86 8.97 8.02 5.37 5.37 6.78 12.97 7.85 13.21 7.23 11.92 25.95 14.07 12.23 15.3 5.65 11.61 15.76 29.13 10.8 20.44 17.96 16.37 13.21 21.54 14.79 19.02 9.11 7.11 3.76 9.11 4.34 7.84 7.49 15.97 9.79 20.19 22.68 19.45 16.6 14.52 16.22 15.27 8.84 14.14 6.35 5.02 4.01 8.05 17.71 15.37 8.99 11.82 10.48 17.22
2.69 4.61 2.98 4.47 9.36 6.01 6.23 3.36 4.05 5.04 5.47 5.88 5.75 4.53 8.56 12.62 12.05 8.67 10.83 17.94 21.38 17.34 12.45 15.52 16.83 14.83 12.54 14.54 12.22 26.15 15.44 11.75 18.87 21.44 10.88 11.39 5.28 4.27 3.14 5.43 5.45 7.64 6.7 14.31 10.56 28.34 16.42 11.38 7.49 5.75 13.43 24.84 12.3 17.32 5.88 6.0 6.36 9.86 12.19 14.26 10.15 9.97 9.02 14.17
2.61 3.19 4.22 5.47 6.08 3.95 5.72 3.24 6.97 8.14 4.11 5.17 4.28 4.99 6.75 20.37 15.3 8.4 13.96 7.63 11.62 23.88 27.64 11.72 15.4 18.1 14.89 14.98 32.6 16.77 14.79 12.77 16.67 20.75 13.35 10.26 5.53 5.91 3.53 3.98 7.41 9.02 5.19 8.96 19.06 16.96 10.53 8.01 3.31 6.03 12.21 11.21 14.15 12.36 7.01 5.74 10.8 9.06 8.21 9.59 10.66 6.91 9.11 8.98
3.43 4.64 4.76 4.08 8.5 5.3 6.17 4.49 8.95 5.8 4.71 5.49 7.26 7.62 7.06 13.61 14.22 16.54 20.5 9.88 9.5 23.03 19.0 13.04 11.1 11.01 11.65 12.88 27.62 14.15 17.17 9.88 9.27 10.55 16.01 17.3 11.2 6.22 4.41 5.06 8.54 11.48 6.99 8.98 7.74 13.14 6.94 8.95 6.39 3.8 5.72 5.69 9.02 7.91 9.3 6.41 13.11 8.19 7.83 7.52 11.31 13.51 15.49 12.45
7.01 10.52 5.42 7.81 7.12 9.34 3.96 3.16 4.85 4.74 5.75 6.74 4.2 7.53 8.18 21.26 16.81 16.78 15.59 12.97 14.08 18.87 12.76 12.26 9.95 4.12 4.15 8.32 12.43 6.72 8.75 6.92 10.61 8.58 8.43 13.75 12.73 11.43 7.02 6.98 11.17 6.95 5.0 6.25 10.77 23.19 7.81 7.96 7.45 4.24 8.05 6.73 5.07 7.39 10.59 10.26 14.51 23.65 16.42 17.91 8.53 12.92 9.74 8.12
6.91 7.17 12.26 10.46 8.6 8.61 2.98 4.3 3.07 3.62 3.91 3.67 4.96 7.24 8.41 24.16 13.9 21.46 7.44 10.99 20.36 27.51 19.67 19.27 11.09 5.87 6.04 7.14 10.51 15.52 10.24 7.67 5.08 8.66 7.34 9.66 13.23 9.64 5.95 6.2 8.38 12.32 4.7 3.86 4.62 15.98 10.43 9.47 10.84 5.59 14.55 10.26 5.06 5.45 8.88 6.2 6.35 17.19 21.61 20.97 7.76 6.34 8.16 14.59
6.84 11.08 17.94 11.07 11.46 8.62 6.42 9.31 7.71 6.59 4.37 3.35 8.21 9.36 8.93 13.48 7.66 12.43 8.3 12.17 22.01 17.31 21.45 18.07 18.41 12.88 11.18 6.66 9.52 18.73 17.22 12.82 5.06 14.69 5.72 5.9 8.54 12.76 6.12 4.96 7.28 5.9 4.54 4.06 3.83 8.61 8.41 6.67 9.73 9.87 15.49 11.79 6.49 5.15 3.22 16.4 13.3 16.34 9.42 12.47 7.23 8.17 12.24 7.74
6.25 10.23 12.93 6.01 14.32 17.33 8.68 16.12 15.36 6.9 3.57 5.24 10.73 11.16 8.42 9.17 6.97 20.56 14.77 5.5 6.31 8.46 11.33 7.96 39.1 13.08 9.92 7.36 8.34 11.23 8.22 7.82 4.12 9.32 9.86 5.46 10.67 18.14 4.3 3.07 7.9 3.27 3.73 3.69 3.83 6.0 10.0 7.48 18.27 16.57 31.21 9.63 5.8 5.77 2.54 10.95 13.0 9.58 8.34 8.48 9.22 8.09 10.04 7.99
4.24 6.03 6.0 10.0 10.32 13.19 16.42 18.5 21.84 10.76 7.4 5.28 11.68 5.5 6.04 3.33 10.41 13.96 14.65 7.17 3.87 6.94 9.42 6.36 8.16 8.49 5.15 9.92 7.55 5.1 4.53 7.05 4.24 2.56 4.9 7.32 9.69 8.25 7.04 3.47 5.38 5.68 3.53 6.12 7.87 8.68 4.41 9.38 15.88 28.2 36.95 19.64 9.65 8.69 10.38 7.91 6.71 11.33 8.7 6.05 9.84 5.19 10.54 7.89
5.7 4.82 4.28 12.79 9.69 10.71 6.79 9.17 8.07 8.16 8.37 10.92 10.42 3.56 3.13 2.84 6.92 6.8 5.34 8.26 8.41 4.25 4.78 4.67 4.45 5.55 6.31 9.94 10.99 10.58 6.81 9.79 7.05 4.11 5.51 5.34 11.03 9.7 12.05 4.38 3.54 5.44 4.91 5.52 11.57 13.01 6.98 8.67 17.89 29.46 17.46 24.33 11.36 8.63 12.94 8.96 5.33 11.02 11.4 6.49 5.24 8.01 9.85 8.3
4.44 3.78 9.64 13.6 8.3 6.31 7.22 10.41 11.89 8.12 6.28 5.76 7.64 10.69 6.04 6.6 6.35 3.68 4.18 7.94 4.55 4.88 4.74 6.13 4.22 4.43 7.16 6.2 17.1 12.69 11.87 20.11 7.74 4.29 3.63 5.15 7.76 12.27 8.22 4.66 5.46 6.75 5.3 5.26 8.28 9.39 6.39 9.81 18.33 19.01 15.68 17.83 13.4 9.33 12.43 6.25 3.05 4.93 5.56 7.01 9.5 8.58 8.25 9.63
5.95 5.85 9.61 11.32 10.78 7.95 15.82 9.45 8.12 4.86 5.55 4.73 8.71 12.29 9.42 7.53 6.3 8.01 5.7 5.52 4.25 4.15 4.77 5.42 3.7 3.8 4.87 5.43 10.36 9.37 11.49 10.37 9.87 8.01 3.35 4.88 5.26 6.86 4.49 6.57 7.19 5.51 6.38 7.58 8.42 12.42 11.71 11.18 18.96 20.56 10.31 14.56 13.02 5.76 5.71 5.45 3.16 2.78 4.8 8.69 6.23 17.0 8.51 7.85
5.18 8.6 7.77 8.44 10.11 10.65 26.96 7.3 4.8 3.39 2.88 3.4 5.61 6.59 7.04 4.33 8.36 13.97 10.1 7.2 3.13 3.13 5.05 4.71 7.23 9.21 5.31 3.39 8.28 7.43 14.1 6.74 7.33 3.37 2.47 3.63 3.99 6.73 5.52 3.27 5.43 5.47 6.21 16.58 19.54 11.07 7.81 6.51 16.09 17.42 18.1 10.13 16.74 7.35 8.21 3.55 3.49 2.49 6.0 12.14 10.82 21.6 18.41 9.95
6.03 6.85 8.27 8.68 8.39 10.36 16.78 12.09 12.88 5.07 5.82 3.04 6.02 3.94 3.97 2.29 8.03 7.2 9.74 4.22 4.66 3.45 6.57 5.55 3.17 4.07 3.99 6.78 7.81 9.21 7.13 4.62 4.59 2.27 2.41 1.9 4.18 3.92 4.71 2.57 3.94 8.07 15.38 16.79 29.5 15.04 6.18 6.39 7.25 27.13 18.37 9.95 9.8 10.67 21.43 8.31 5.53 3.13 11.9 14.17 19.1 15.94 27.65 17.55
12.7 7.51 8.88 6.87 7.01 22.12 14.93 13.94 22.77 11.08 4.63 6.46 13.71 5.56 3.89 2.74 7.2 7.82 11.44 5.75 3.47 4.65 6.01 3.29 4.79 2.93 4.55 5.21 9.61 8.15 8.89 3.83 2.32 1.68 2.9 2.97 6.77 8.79 9.51 2.44 2.81 8.72 14.74 23.61 31.29 9.37 14.16 12.19 10.72 10.04 5.84 2.82 8.07 16.17 15.6 8.55 5.13 5.69 10.41 16.72 24.25 13.02 20.99 18.58
13.22 12.94 10.16 9.25 8.02 13.13 18.35 9.07 25.06 12.98 5.99 10.27 16.78 8.4 5.73 4.82 6.31 9.59 9.82 10.47 4.47 7.95 7.85 4.45 7.41 7.12 7.26 6.24 17.23 14.71 10.67 4.4 2.69 2.33 1.82 2.43 3.62 9.41 6.75 3.21 2.24 7.73 13.62 14.75 32.6 21.39 18.52 12.63 22.71 12.69 7.95 3.45 9.05 11.89 14.65 9.33 9.83 13.02 12.14 6.5 11.03 20.41 15.46 14.68
22.53 17.12 8.15 9.26 8.28 6.64 10.85 19.13 8.31 9.04 9.63 11.71 17.71 12.01 6.34 5.09 11.82 12.16 8.44 5.7 5.63 6.52 9.68 11.67 6.42 4.47 11.26 11.64 16.36 15.49 9.0 6.43 3.14 3.02 1.57 3.21 7.26 5.31 7.34 6.27 4.31 12.36 15.38 16.72 31.05 31.47 22.09 14.7 33.18 32.44 8.61 4.88 8.4 9.73 7.17 8.87 6.36 7.55 8.35 11.8 8.43 16.66 17.34 9.54
17.42 14.85 11.05 13.03 10.61 8.13 9.29 13.41 8.61 6.27 7.9 10.58 15.49 8.24 5.81 8.7 16.42 10.13 5.6 5.16 13.47 5.1 4.48 8.08 5.97 8.05 13.06 24.48 20.76 8.28 6.34 7.79 4.15 4.18 2.03 3.3 7.11 6.86 9.72 5.2 5.35 11.0 8.48 19.55 24.5 14.13 16.87 20.73 20.99 34.96 14.71 7.9 19.68 17.38 15.85 7.73 6.91 5.68 9.06 8.58 4.9 10.0 23.42 8.7
21.95 14.84 15.45 15.61 8.34 7.64 6.06 14.08 14.49 9.59 11.33 6.41 13.6 11.11 10.68 10.37 28.62 13.89 6.26 11.19 11.51 6.29 7.36 7.03 5.84 8.32 9.68 20.84 10.28 6.33 3.65 4.8 4.13 3.28 2.76 5.09 8.99 8.74 15.63 10.79 5.64 5.95 5.21 18.6 12.03 9.83 12.23 31.15 15.05 8.65 9.84 14.14 11.28 15.11 10.99 7.37 4.13 5.99 8.06 4.37 5.03 4.96 12.2 11.1
17.89 17.66 13.99 16.13 15.61 14.01 7.57 10.05 17.39 10.76 7.6 8.42 13.94 11.39 17.09 11.06 12.76 23.07 20.4 18.36 12.74 9.51 17.08 14.13 16.96 7.89 12.64 16.48 7.87 2.99 6.33 4.19 6.16 3.39 1.61 4.54 11.39 8.2 5.69 9.81 5.14 4.08 3.09 7.8 6.07 6.38 5.86 15.8 11.1 4.09 2.89 3.44 12.87 15.48 10.66 6.57 3.58 5.18 5.59 6.36 4.61 3.41 5.64 8.66
12.43 14.87 14.25 14.1 16.88 18.2 10.35 4.39 6.88 8.61 21.9 16.36 12.76 9.64 11.63 9.5 10.3 22.35 12.09 12.7 7.65 13.03 30.18 16.4 16.41 10.48 9.89 8.4 10.0 9.13 8.21 3.55 7.23 3.79 3.55 4.18 4.52 4.84 4.29 6.29 4.09 6.96 2.42 3.83 7.4 12.05 10.13 12.4 12.21 3.88 2.01 4.48 10.31 8.3 8.86 3.48 4.64 10.28 7.61 8.22 6.05 4.25 7.35 15.08
6.81 9.73 15.46 16.54 10.01 10.18 8.91 5.79 5.5 6.75 11.84 10.34 4.03 13.31 7.42 9.33 8.29 9.03 8.13 6.82 10.46 12.13 24.74 11.39 12.51 6.12 7.99 6.05 7.65 6.98 5.9 5.23 5.41 5.83 4.58 2.65 4.25 8.13 7.43 10.45 8.12 7.99 8.81 4.0 8.3 11.81 15.13 13.92 12.67 9.0 3.97 4.65 5.09 5.53 9.41 8.81 3.89 4.3 5.57 8.23 7.56 6.78 9.97 7.98
12.01 4.52 5.63 16.76 14.89 12.47 9.13 10.67 7.55 6.09 4.56 2.34 5.54 8.38 3.18 7.98 10.06 6.52 6.87 6.31 7.66 10.08 21.08 14.3 8.72 6.31 4.23 3.88 4.31 7.66 5.52 7.86 7.23 4.04 7.77 2.72 3.99 10.69 11.83 8.98 6.41 8.32 8.46 6.96 9.04 8.76 12.88 17.82 12.71 7.26 4.73 8.11 6.87 7.56 8.94 4.14 4.34 3.53 5.73 7.73 5.74 6.15 6.05 5.94
8.89 9.38 4.82 13.79 25.69 32.83 10.91 20.37 8.81 5.8 2.91 4.01 4.3 3.99 3.77 3.28 8.71 12.25 9.21 9.55 5.31 6.97 13.26 36.19 18.82 10.34 5.45 5.37 2.57 7.33 9.8 6.82 3.57 3.76 4.2 5.14 7.95 12.17 11.55 9.63 8.65 8.2 11.7 17.13 6.79 8.34 8.18 9.86 11.98 11.97 3.48 6.59 8.29 9.35 5.68 2.97 3.26 4.99 3.34 3.64 3.76 6.52 8.38 4.45
6.9 10.93 13.98 10.29 18.07 44.62 12.23 22.73 14.03 11.44 4.84 7.9 4.77 4.84 4.8 3.91 4.44 8.49 8.42 4.95 4.04 7.72 8.8 22.65 21.23 7.9 7.22 12.84 6.29 7.15 9.56 12.71 5.02 6.7 5.41 7.35 7.59 14.15 8.53 10.21 11.22 11.22 10.42 9.82 10.4 10.9 8.95 8.52 6.51 12.12 6.64 5.55 6.6 8.2 3.83 2.07 4.01 6.64 1.98 3.74 4.28 3.84 5.48 8.77
4.81 5.42 13.48 7.99 8.49 24.74 29.92 22.64 16.02 11.87 8.5 13.16 17.29 7.21 7.05 5.34 6.7 5.9 6.01 3.95 3.44 6.59 6.4 12.4 17.17 9.94 10.8 11.32 12.71 7.64 6.98 13.34 5.8 6.68 7.11 12.8 11.95 17.29 13.91 9.58 14.56 11.51 5.91 5.6 11.7 20.16 6.74 11.85 6.68 10.7 3.8 4.79 4.51 4.93 2.09 1.66 1.83 7.88 3.62 3.52 4.81 4.36 4.63 6.23
4.87 6.72 10.38 14.63 6.95 11.52 20.29 25.78 17.49 12.77 12.77 10.4 10.11 9.33 11.89 13.02 10.09 3.94 2.96 4.69 6.37 10.29 9.07 8.0 12.15 8.1 11.61 9.99 9.11 11.08 10.97 7.92 6.48 5.24 12.04 10.96 11.87 19.84 13.98 8.8 11.69 6.11 12.61 11.43 6.39 9.78 7.47 9.25 5.95 5.83 4.53 5.74 4.06 1.97 3.22 4.1 4.64 5.49 4.72 8.68 4.55 5.87 4.47 4.59
5.89 3.53 5.23 11.33 6.13 7.61 8.99 17.29 23.84 22.27 12.55 7.73 16.76 9.82 13.36 15.0 13.6 6.14 4.11 5.02 3.33 9.42 7.03 9.15 8.11 5.06 5.06 5.22 5.69 8.78 8.2 11.84 7.95 5.94 21.93 15.51 15.12 8.09 14.23 20.49 22.88 16.24 10.56 10.2 4.36 9.36 13.52 22.1 5.07 4.69 3.35 4.58 7.06 2.5 2.96 3.76 6.4 6.48 8.31 11.59 7.2 3.98 4.9 4.51
6.36 5.08 3.68 7.85 7.97 9.06 6.49 21.03 13.7 15.41 10.3 6.26 10.6 16.57 18.31 17.11 22.79 17.76 6.17 3.06 4.64 5.67 4.74 10.18 4.82 6.69 7.9 3.96 4.84 10.46 7.37 14.78 12.09 5.91 12.63 20.03 16.74 7.46 16.81 24.64 16.16 17.06 10.89 7.93 8.82 12.59 7.76 7.71 5.4 13.51 6.7 7.57 5.19 3.0 4.13 3.82 4.75 7.8 8.01 6.88 2.86 5.02 5.73 5.51
4.9 4.32 7.19 6.18 8.19 10.2 8.54 8.94 10.72 11.75 14.55 12.08 9.32 21.77 21.24 18.29 12.94 29.05 9.69 6.25 3.88 5.45 2.77 4.86 6.41 4.61 7.36 4.81 6.01 9.31 13.65 13.82 13.17 13.61 14.54 26.51 14.8 16.55 13.4 18.71 13.64 15.75 8.34 6.42 6.95 8.49 11.83 4.75 9.74 16.98 15.61 12.52 5.91 4.69 4.94 6.86 6.04 4.43 7.24 5.73 2.62 4.3 5.41 9.95
4.75 6.51 7.23 7.92 13.45 12.07 17.52 9.96 16.32 12.59 9.85 6.07 10.44 17.3 15.93 11.73 9.33 11.32 7.43 4.58 4.29 3.65 2.46 4.68 6.11 8.04 6.77 6.3 7.82 12.32 17.55 8.51 14.53 22.7 17.93 17.27 16.26 36.28 34.99 27.84 13.68 12.57 8.35 5.21 6.95 9.68 7.7 7.36 8.52 18.62 15.36 18.71 9.73 7.87 9.63 10.18 8.47 4.56 7.99 4.82 3.92 4.31 2.9 8.16
3.16 4.12 7.3 9.87 11.43 17.8 18.09 12.44 12.65 17.93 8.66 9.45 11.76 6.73 11.76 16.02 10.83 8.31 6.71 3.55 4.77 5.4 4.54 3.21 5.95 6.58 6.84 8.18 11.05 12.28 30.93 13.39 10.48 12.1 24.33 15.05 21.52 23.79 37.29 61.65 33.95 12.9 11.64 10.76 6.98 3.02 5.74 8.4 9.51 14.33 12.25 8.54 12.94 13.06 9.48 6.3 8.01 3.58 5.7 4.11 4.8 7.49 3.73 6.49
4.62 2.87 5.9 8.99 7.35 9.58 29.63 24.6 14.67 35.55 17.2 12.06 11.57 14.47 10.94 16.3 15.34 4.6 15.89 14.64 8.86 7.02 7.9 5.23 4.55 10.28 10.3 9.5 22.14 21.68 10.46 16.91 9.83 5.3 14.33 31.31 16.74 20.0 32.81 42.49 34.35 18.49 17.4 3.44 3.3 3.5 3.7 7.49 6.35 6.75 11.5 6.77 6.82 9.53 7.33 5.2 6.15 3.26 3.4 2.65 4.2 5.62 3.41 4.09
4.33 4.01 7.78 16.54 13.65 17.94 24.18 40.21 10.98 25.37 20.0 12.93 4.85 10.42 13.4 14.59 14.05 6.21 13.65 10.64 10.7 6.27 9.57 5.35 4.66 9.45 17.09 15.51 20.72 16.14 9.15 9.95 7.0 8.77 11.71 19.94 10.68 16.33 35.64 34.36 19.77 8.34 10.15 2.0 6.15 5.16 5.38 2.73 5.55 8.18 7.56 6.86 5.84 6.3 3.39 6.7 5.03 4.49 2.76 2.93 3.8 6.65 8.56 5.44
2.27 5.46 6.83 8.02 9.06 9.2 33.21 29.04 14.26 13.29 9.37 5.95 3.59 4.61 13.82 7.17 3.38 3.99 8.92 8.78 14.02 8.76 4.63 4.34 3.82 9.19 8.99 11.34 13.96 10.44 25.98 11.77 4.44 7.68 12.03 22.07 17.1 23.33 26.74 22.31 11.37 8.09 8.86 5.34 8.22 5.21 3.2 3.69 6.11 9.46 10.33 5.91 6.6 7.68 8.3 5.38 5.56 5.14 4.79 5.42 5.69 5.86 11.86 9.35
3.26 4.4 4.97 3.44 3.62 9.61 17.07 10.67 10.19 10.63 11.73 5.17 5.52 6.28 9.95 4.43 2.07 2.57 6.79 8.04 13.49 8.21 3.06 3.48 4.49 6.06 4.44 7.84 6.62 7.7 10.32 6.88 6.53 9.61 15.69 12.88 12.69 17.62 26.51 42.45 14.28 8.28 8.24 7.55 8.29 12.03 7.13 8.12 3.77 7.15 8.08 13.23 5.74 5.29 6.21 5.83 4.38 2.65 4.96 4.64 8.62 8.51 9.93 12.17
3.92 3.22 3.62 2.65 6.45 8.2 6.99 6.44 3.6 6.69 7.34 9.4 5.32 5.43 6.28 4.86 5.26 4.38 4.56 3.96 11.2 11.09 8.13 4.46 6.21 4.06 3.31 2.87 4.27 5.72 9.33 5.38 4.03 7.42 11.09 9.95 13.83 13.35 19.21 25.93 15.36 7.28 7.55 6.48 4.22 7.17 5.02 5.99 4.31 6.66 11.85 9.97 6.68 7.64 7.79 5.31 2.9 2.08 8.37 8.28 7.87 6.36 7.2 12.82
3.66 2.63 4.35 5.87 6.97 3.46 5.72 4.87 3.8 7.25 7.05 8.57 9.93 6.97 11.06 8.87 8.18 3.19 2.73 4.93 8.53 13.32 12.49 4.11 6.88 7.4 3.09 2.14 3.04 3.41 6.7 4.94 4.73 4.33 9.72 12.08 11.1 17.94 13.07 9.86 8.4 5.51 5.35 6.14 4.23 6.13 4.73 4.69 5.77 7.92 15.0 10.21 5.01 7.27 4.94 6.8 6.04 2.79 5.01 7.64 4.78 4.46 5.4 8.02
5.75 5.35 4.41 6.4 13.58 7.52 6.41 5.81 3.73 7.61 5.86 8.57 6.48 12.33 17.16 6.67 6.15 3.13 3.56 3.49 4.95 4.42 6.41 5.07 8.28 4.85 4.33 1.5 4.66 5.54 6.14 5.62 6.81 6.36 10.21 7.76 15.04 23.09 22.3 13.68 12.29 6.52 9.77 2.75 3.6 5.15 4.2 3.27 7.9 8.3 16.9 8.54 6.63 6.95 4.68 6.39 3.69 3.93 5.01 6.89 11.98 6.32 5.6 4.91
5.8 5.37 5.73 7.51 5.52 5.5 7.18 5.89 7.91 6.23 8.13 6.27 3.5 8.8 14.57 10.61 5.86 6.02 7.22 4.04 3.81 5.62 5.52 7.39 4.4 3.26 2.63 1.58 3.04 8.68 16.5 11.92 10.0 5.06 7.65 4.85 11.34 10.5 15.37 19.19 12.8 7.65 11.81 4.78 3.65 2.43 2.8 3.72 8.04 13.69 11.8 6.58 9.93 8.56 10.79 4.65 3.89 4.07 7.99 9.05 23.51 8.48 9.01 5.34
10.97 8.24 6.47 13.48 7.99 6.92 9.86 11.08 8.42 4.57 6.17 9.6 3.49 5.04 6.48 5.7 4.96 7.38 4.09 4.97 5.51 4.07 6.92 10.54 4.51 2.47 4.08 4.45 4.76 9.38 7.74 10.24 10.57 7.63 5.46 7.34 7.96 3.95 7.02 14.51 11.09 9.85 10.0 8.0 3.35 4.98 5.07 4.45 8.97 18.92 11.29 9.29 7.79 8.19 5.06 6.06 4.8 6.2 10.83 6.98 17.0 16.13 11.06 9.77
5.95 9.31 15.23 17.58 13.83 18.96 14.49 11.39 7.68 6.71 5.45 5.01 2.26 1.96 2.19 5.98 3.77 4.79 6.26 4.9 4.79 4.1 6.31 6.96 6.97 5.25 5.1 10.6 10.2 6.87 10.24 19.73 13.15 10.03 7.75 5.95 4.37 9.58 7.54 6.37 6.25 6.7 9.41 12.42 2.76 2.54 7.16 5.46 5.92 9.13 11.12 6.38 3.46 5.95 8.03 10.79 7.62 7.56 8.09 18.85 14.81 12.14 6.87 9.36
6.54 4.73 7.49 15.63 10.57 14.36 25.79 17.49 4.9 8.3 7.01 4.56 6.19 3.62 3.24 5.92 7.0 3.36 4.56 4.02 4.81 5.9 10.35 4.72 4.17 6.85 4.51 5.82 7.3 8.68 10.42 16.08 12.72 8.32 9.04 8.86 5.93 4.13 5.39 2.95 3.51 5.5 6.16 10.37 4.4 2.79 6.96 13.73 10.37 11.34 7.91 7.26 2.29 4.31 4.44 5.1 4.83 9.32 10.98 10.23 8.67 8.8 10.43 7.35
12.45 7.0 5.77 9.36 12.47 19.48 44.51 11.73 8.22 6.34 6.27 4.64 3.74 7.28 5.92 3.71 4.89 3.48 7.97 6.2 6.69 4.93 6.83 3.43 5.13 8.73 12.07 5.7 7.7 8.96 11.17 10.3 27.79 13.41 9.73 9.03 9.66 10.45 5.52 4.06 9.06 5.75 5.51 4.21 3.96 3.12 6.54 7.47 9.55 10.37 8.72 6.98 5.0 5.89 2.86 3.51 3.6 4.87 6.6 7.82 6.27 12.54 6.85 3.95
9.49 8.28 9.6 7.89 16.12 12.69 22.12 8.19 15.48 8.58 8.01 3.32 1.97 5.3 7.52 6.22 5.86 9.11 9.98 13.18 6.87 8.18 10.25 5.81 6.3 10.61 20.48 9.07 9.92 8.76 9.73 9.34 34.12 25.22 17.78 11.86 15.02 9.23 5.82 6.03 10.79 9.12 5.19 3.3 4.7 8.59 8.08 6.44 7.64 10.18 11.39 11.36 4.69 6.15 3.67 2.68 3.5 4.21 7.74 3.87 4.12 4.95 4.15 7.92
12.81 15.16 9.86 10.43 15.35 15.97 26.85 29.55 19.73 14.3 5.21 5.6 4.81 4.8 4.94 5.44 6.97 7.64 7.29 9.29 6.03 10.36 7.85 10.75 9.4 18.15 20.15 12.08 11.82 8.78 11.06 7.76 16.04 15.14 10.2 18.3 17.1 8.1 10.32 7.73 11.1 9.01 4.26 4.02 3.32 7.58 6.36 4.38 5.33 9.16 11.03 9.79 8.13 6.74 7.03 3.41 3.51 3.71 4.97 7.24 3.58 4.43 4.31 6.42
13.46 6.05 6.59 8.81 19.9 21.44 19.07 26.79 19.2 9.59 6.62 12.89 7.86 5.96 7.91 11.74 8.77 7.31 7.48 15.45 10.01 10.5 3.03 5.65 7.66 10.7 13.08 10.4 8.66 5.24 5.59 5.06 5.75 11.37 6.71 10.21 12.17 11.89 11.25 9.42 8.42 6.92 3.21 4.39 3.64 5.42 4.41 3.77 3.95 6.82 6.69 8.17 13.38 7.81 5.32 6.15 5.19 4.78 5.03 8.67 6.09 6.73 3.11 4.62
8.43 5.56 6.82 8.16 15.04 14.22 12.26 18.81 6.54 6.22 7.11 9.0 5.58 5.89 4.47 9.51 8.44 6.07 12.06 5.65 3.22 5.12 4.2 9.25 7.97 5.99 6.39 4.69 5.58 6.43 10.5 9.16 3.8 9.27 6.46 13.86 15.34 16.47 9.67 7.17 13.62 5.62 2.59 2.28 2.75 4.53 5.66 7.52 7.18 9.7 11.86 9.49 14.12 17.27 4.83 6.86 4.26 3.74 5.45 16.77 7.64 4.91 4.18 2.95
2.95 2.91 4.07 3.84 6.49 9.5 11.36 12.76 5.88 3.58 4.3 4.02 3.19 4.73 3.92 10.54 8.07 11.17 4.8 4.49 4.09 4.01 8.53 6.8 7.35 4.62 7.04 8.79 9.19 8.01 14.79 9.47 12.26 10.4 4.98 18.68 16.13 15.81 11.88 8.5 14.62 7.6 3.1 2.34 4.85 4.32 6.73 3.15 8.34 6.94 11.04 7.55 7.17 11.68 4.47 4.6 3.96 4.45 3.58 6.7 6.74 9.19 3.19 2.98
2.36 3.21 6.0 4.85 8.2 9.95 10.43 10.34 8.74 7.68 6.52 2.74 2.91 3.3 6.36 9.28 11.4 9.45 5.43 7.08 5.07 4.02 9.78 7.06 5.17 6.16 7.3 12.59 12.15 10.33 10.51 10.58 14.05 12.45 9.18 14.65 13.22 8.63 9.97 10.51 8.75 7.5 4.21 3.04 3.75 6.73 4.88 3.21 3.02 2.75 9.4 10.57 7.32 11.38 6.36 4.49 2.15 4.18 5.06 4.65 8.27 6.15 4.47 5.96
4.4 5.88 4.26 4.47 4.05 6.09 4.76 20.16 10.59 7.24 5.25 6.15 4.09 4.26 8.34 8.3 11.45 9.6 9.11 7.4 14.29 6.59 10.71 7.86 4.35 5.21 7.68 15.11 7.99 13.5 11.95 9.6 7.61 8.17 7.53 7.02 14.16 4.42 9.47 17.89 10.32 5.5 9.05 3.48 5.9 3.52 4.4 3.06 2.29 3.56 5.69 6.04 5.42 9.55 8.47 6.95 2.42 2.04 3.73 4.54 7.02 3.8 6.23 7.62
6.91 4.38 3.12 4.16 5.83 7.37 6.99 8.31 7.98 4.66 2.96 7.31 5.77 3.91 6.89 8.67 14.81 11.66 9.04 8.46 13.37 17.58 11.56 9.42 6.89 9.15 6.74 10.83 8.28 8.27 6.27 5.58 3.57 4.5 6.47 4.72 5.04 6.77 8.88 10.39 9.04 6.73 3.61 3.8 4.12 5.09 9.51 4.62 2.54 2.99 4.13 5.12 6.3 12.67 5.85 3.43 3.84 3.22 3.79 3.78 4.64 3.14 4.53 4.19
3.63 5.62 5.98 11.22 8.11 5.6 7.99 6.9 7.07 3.32 4.69 5.2 4.02 6.11 3.97 5.5 7.73 7.56 5.38 8.66 8.86 8.26 9.23 8.11 7.01 10.14 5.87 7.9 8.62 7.16 6.37 4.67 5.52 6.6 4.48 5.54 3.01 6.5 4.43 6.64 5.01 7.61 3.64 3.12 3.54 4.81 8.54 3.69 3.41 5.81 5.15 11.2 4.81 6.01 3.86 3.87 3.4 5.07 1.93 1.8 3.0 5.26 4.73 5.14
5.42 4.42 4.05 6.61 8.68 4.05 3.55 6.09 4.48 4.1 3.62 4.38 7.7 8.88 3.54 4.61 5.21 9.59 4.64 4.05 4.85 8.22 10.07 8.08 4.67 6.72 6.19 6.34 6.5 4.63 4.47 5.16 7.5 7.14 4.76 4.28 3.14 2.65 2.55 5.28 4.8 7.78 2.17 3.4 4.38 7.31 6.73 5.19 5.65 7.37 6.91 7.13 3.94 5.53 5.83 3.92 3.62 3.84 1.89 1.98 3.32 5.28 6.75 10.39
