5.04 9.21 9.74 15.31 8.57 6.12 6.15 3.32 6.87 7.67 6.4 4.68 2.4 2.69 2.94 4.71 3.27 4.1 4.13 4.22 3.47 2.9 6.26 12.19 8.82 5.26 8.58 8.71 11.46 5.84 8.83 17.75 14.21 9.98 5.46 6.21 9.76 6.53 6.95 11.75 6.76 6.77 7.63 7.86 8.96 7.07 3.38 12.91 13.92 12.74 8.62 8.82 12.02 7.83 10.11 14.5 12.37 13.43 5.38 3.46 6.87 4.95 4.57 4.93
7.8 10.24 13.2 21.22 12.58 4.88 4.31 4.65 4.29 7.6 8.01 2.67 3.29 5.74 5.77 4.11 7.79 6.98 5.28 4.03 3.85 4.74 9.02 11.57 6.81 8.75 8.08 6.21 7.19 6.57 9.66 22.9 16.5 6.09 6.94 4.6 4.94 9.81 5.18 8.47 8.41 6.32 13.43 14.81 15.23 4.56 4.75 9.09 21.88 10.4 4.98 3.24 6.28 8.33 8.22 9.15 7.88 13.44 7.95 5.11 2.98 5.59 8.51 5.91
7.23 7.45 15.53 15.67 6.48 7.5 4.62 5.17 4.52 13.59 13.28 8.67 10.39 5.1 8.82 7.61 9.61 8.19 5.39 4.36 3.38 4.53 10.13 12.69 8.21 7.43 9.28 9.69 8.72 4.85 13.24 12.65 19.25 8.55 6.3 4.85 7.67 10.86 7.71 11.92 10.86 9.79 17.7 16.98 7.41 3.8 3.6 5.59 6.25 6.77 5.46 4.61 6.03 6.36 3.9 10.08 12.63 11.84 5.46 5.0 6.91 3.94 7.42 8.97
5.52 5.35 6.0 6.81 4.81 5.28 4.9 8.75 10.88 14.82 17.17 11.57 7.73 6.59 6.88 11.93 8.03 7.13 8.37 9.78 9.7 8.56 6.61 12.76 6.24 10.01 6.39 8.43 11.31 8.96 4.97 8.33 18.43 15.31 6.31 5.98 6.93 7.54 9.1 11.7 17.49 8.88 22.8 25.46 8.56 5.93 6.95 3.59 6.3 3.64 2.55 2.33 4.08 2.84 4.57 5.41 6.55 9.45 10.25 4.98 4.06 3.32 5.21 10.19
7.42 3.82 5.99 6.98 4.84 5.7 7.95 5.58 11.92 15.69 16.3 12.19 10.32 10.25 6.32 9.36 8.41 13.11 9.18 4.83 6.01 9.71 8.87 8.66 3.58 3.85 4.19 9.53 9.69 5.47 4.38 10.31 11.48 12.6 8.99 9.17 8.14 6.76 6.94 6.97 14.3 18.99 16.37 26.05 5.78 4.0 3.62 4.3 7.52 5.4 2.41 2.39 2.91 5.32 7.16 4.03 8.14 13.52 13.19 7.53 3.95 3.7 5.92 6.63
10.69 6.69 7.01 3.85 4.42 5.37 6.98 8.8 11.67 13.2 14.97 23.74 12.8 6.86 7.82 7.98 9.79 11.45 9.5 9.85 12.81 11.72 8.58 7.63 5.21 5.79 7.9 16.12 10.2 6.49 7.25 7.29 9.53 9.09 4.0 7.46 9.9 5.99 4.66 6.48 8.62 16.71 11.77 14.96 5.73 5.58 6.38 4.9 5.29 7.98 4.63 3.18 3.98 4.73 6.51 4.79 6.53 16.65 12.59 5.1 7.06 6.32 11.33 8.51
9.64 7.4 8.53 8.09 9.44 7.59 6.25 11.35 19.12 13.08 13.75 16.82 15.18 11.51 10.77 7.35 7.71 4.42 6.66 8.82 17.21 16.59 9.66 6.46 11.52 9.11 7.45 8.7 17.03 14.77 10.39 5.95 7.48 8.34 11.48 7.34 4.3 3.86 7.42 11.03 13.47 8.1 12.16 11.14 5.16 7.57 6.88 7.35 9.88 18.68 5.86 5.81 3.86 7.31 6.66 6.67 7.66 12.59 6.56 6.5 9.07 8.78 5.1 9.51
10.87 9.08 10.57 18.68 19.79 8.37 6.08 13.47 27.16 15.57 10.68 12.2 15.0 13.65 6.83 6.51 9.67 8.8 8.57 9.19 20.27 23.67 24.74 18.62 21.57 8.28 10.18 10.25 12.14 14.17 8.73 5.29 3.4 6.64 5.67 5.63 5.42 4.76 11.4 6.46 6.41 7.38 7.63 6.94 3.62 8.63 12.48 10.85 18.15 32.78 21.45 7.77 4.14 4.84 8.35 3.87 10.54 4.74 4.6 7.92 8.34 7.51 9.1 14.95
10.47 24.64 23.68 13.96 11.78 19.63 11.4 12.67 17.87 19.22 18.82 14.35 14.75 19.72 6.23 5.9 11.61 4.85 3.58 7.14 18.92 12.56 15.0 11.23 12.79 12.98 7.54 7.85 11.25 9.5 6.78 9.43 7.76 4.64 3.69 3.15 3.89 7.69 7.39 7.02 5.94 8.42 8.96 8.61 8.97 14.09 18.17 19.29 12.39 11.61 10.83 10.4 7.52 3.03 2.5 5.03 12.31 7.53 7.09 8.25 8.39 7.64 16.43 25.65
16.14 9.15 10.2 6.97 15.21 13.77 6.39 7.23 23.31 35.13 13.48 12.6 14.75 13.89 6.58 6.31 6.8 3.66 3.98 7.05 10.79 16.61 6.58 11.18 13.93 8.69 6.54 7.59 7.72 9.27 6.47 7.04 3.95 2.55 2.76 3.06 1.58 5.8 6.94 11.6 5.08 4.31 9.49 6.7 8.39 18.64 19.86 17.93 13.56 9.53 12.57 13.28 6.49 4.05 3.05 5.59 9.14 6.86 6.81 8.22 15.37 13.57 32.37 17.94
10.83 9.92 6.74 6.51 9.84 7.82 6.03 5.12 21.02 22.64 10.91 8.45 9.91 8.51 6.97 2.59 3.93 7.28 6.55 5.89 5.7 7.68 11.54 9.18 10.16 9.38 10.9 12.81 12.53 5.27 5.18 14.33 6.77 2.72 3.16 4.32 2.26 3.73 7.09 14.0 12.52 5.26 10.61 12.87 15.82 19.12 7.12 7.87 8.25 7.38 7.86 12.26 7.45 7.24 8.01 9.05 6.28 9.87 8.98 17.83 12.49 16.15 25.0 33.78
16.4 12.7 9.08 5.1 4.98 5.27 9.62 10.73 18.68 6.13 11.53 16.34 13.82 9.06 3.85 4.11 6.2 7.43 4.25 3.62 6.05 6.33 6.98 6.5 11.5 10.45 18.09 23.03 14.58 6.09 4.55 5.35 5.42 3.15 3.31 1.73 1.67 3.37 12.57 9.68 9.19 6.91 9.82 17.29 11.66 8.7 6.99 8.16 6.84 6.84 5.2 11.31 14.52 17.81 8.05 5.71 9.56 14.95 9.71 6.76 9.32 11.95 17.59 13.04
11.64 10.96 6.21 7.04 4.67 4.65 11.22 13.91 12.91 14.16 9.11 12.51 7.97 4.9 2.97 7.05 11.42 14.83 6.51 3.69 5.32 7.31 8.99 7.02 5.79 7.45 13.76 9.08 8.06 2.27 3.5 2.9 7.86 6.72 4.4 2.06 4.44 4.83 6.44 5.29 6.46 5.56 15.81 16.09 7.88 5.9 5.79 8.56 7.3 3.74 6.12 18.85 12.03 6.88 6.57 8.67 3.56 7.16 7.2 5.64 7.79 9.7 32.9 15.53
9.14 9.99 7.26 5.93 6.65 4.34 6.81 11.19 7.91 8.49 9.45 8.46 3.63 4.62 5.34 6.88 12.17 24.3 10.0 9.37 4.87 7.01 7.48 6.8 4.6 4.34 5.92 5.47 3.76 1.95 2.28 4.78 9.3 4.42 2.77 2.69 2.93 3.57 4.48 5.67 3.77 5.15 12.73 10.62 8.57 8.72 6.33 5.38 3.29 2.63 5.82 10.27 12.29 6.84 12.77 9.76 6.4 10.21 12.88 6.81 10.65 7.9 19.0 20.81
4.02 5.88 4.01 5.44 3.55 3.15 3.24 9.72 6.88 9.7 9.17 4.63 2.72 4.8 5.79 12.68 15.73 17.13 10.4 13.83 8.78 2.92 5.28 5.67 6.48 6.43 5.55 3.02 3.9 2.82 2.0 4.1 6.7 10.37 5.78 3.59 2.29 4.22 9.44 4.78 2.58 5.87 6.32 6.02 5.39 4.49 2.94 5.19 3.6 2.14 3.07 7.21 11.04 7.53 9.9 10.29 9.2 7.69 20.04 19.66 12.58 12.42 11.47 21.48
3.0 4.02 6.5 4.76 3.33 3.42 3.56 5.17 9.75 13.4 9.57 4.17 4.79 7.93 6.67 8.12 13.89 18.9 23.67 9.49 4.82 4.44 6.79 6.01 5.07 8.83 7.19 4.8 4.51 2.91 4.18 5.82 7.2 12.93 5.14 6.88 5.67 6.32 8.15 4.64 4.46 4.77 4.03 7.33 2.83 2.02 2.67 2.86 3.79 2.06 2.41 7.97 11.27 10.78 15.97 13.1 8.82 20.28 16.77 19.14 26.71 18.93 16.77 18.28
3.06 3.91 5.28 5.18 2.7 4.88 3.57 8.69 12.25 9.56 8.48 5.57 4.54 6.14 9.9 11.51 18.01 13.15 18.75 19.06 9.54 5.45 4.22 8.59 7.59 8.42 14.0 8.92 5.35 3.03 3.31 4.85 10.1 7.0 8.52 9.75 7.39 6.78 13.15 11.64 4.45 5.1 5.33 2.53 4.24 3.27 4.72 3.23 1.78 0.91 2.26 4.13 4.07 5.85 6.38 9.13 14.94 20.07 14.06 14.75 18.7 21.09 18.23 14.49
3.43 1.96 4.84 9.49 4.95 3.31 5.37 11.28 10.45 6.0 7.77 3.91 2.2 4.26 9.18 12.24 34.6 12.35 13.68 39.27 11.42 11.1 7.65 7.67 10.53 6.92 3.8 8.7 8.93 5.36 6.19 7.81 9.27 18.66 20.22 8.12 4.42 5.51 8.38 6.62 7.76 5.26 3.78 4.35 4.64 2.92 3.58 1.86 1.85 2.64 1.96 2.23 3.39 6.4 16.57 10.87 15.17 11.93 13.8 15.39 18.35 13.31 14.69 5.36
2.97 1.84 5.37 13.88 5.78 3.35 5.04 7.13 7.15 4.98 2.45 2.99 2.34 6.53 6.42 16.23 15.2 22.31 16.83 16.11 9.27 7.86 9.53 12.52 8.16 7.06 9.51 9.64 10.64 7.46 7.7 7.29 11.03 15.62 12.6 7.69 7.55 3.87 5.46 8.83 6.63 3.31 6.19 9.28 5.38 8.31 4.55 2.1 2.06 3.29 3.66 2.58 3.49 8.17 18.93 10.54 10.88 8.6 9.69 11.84 5.57 9.29 14.42 6.98
2.56 1.76 6.04 4.78 5.94 5.48 5.62 5.51 8.3 4.45 3.04 2.36 2.18 5.82 9.44 12.86 12.02 5.57 9.7 14.85 13.99 10.93 9.23 9.57 9.3 10.75 7.3 9.93 11.1 8.92 5.71 12.39 16.97 9.81 5.25 4.41 4.72 2.8 2.43 5.67 4.48 9.61 8.53 8.46 6.16 12.11 9.13 3.49 3.46 4.94 6.3 5.74 5.77 8.26 9.0 6.87 6.61 10.61 16.95 20.15 15.66 14.32 17.13 10.34
3.19 2.11 3.46 5.29 5.45 3.98 4.35 7.76 9.49 9.61 2.49 3.39 2.74 5.74 7.51 5.44 12.69 8.22 9.61 13.38 18.97 18.86 18.3 10.48 11.87 10.18 5.76 5.48 6.39 7.31 7.2 5.22 6.18 6.13 8.21 5.76 3.56 3.15 2.76 7.06 9.05 11.87 15.18 15.05 5.94 5.71 5.38 6.32 3.23 4.43 5.26 5.78 8.22 6.82 8.86 4.44 2.34 5.27 12.94 11.65 9.38 12.31 20.92 7.22
1.53 2.93 3.31 2.63 3.67 4.6 5.69 7.84 9.97 8.3 4.53 3.14 5.9 5.47 5.27 6.16 7.72 7.54 13.75 13.38 25.53 12.66 11.22 10.7 9.44 2.74 4.15 5.58 5.49 6.34 4.28 7.77 6.12 7.18 7.54 7.73 4.53 5.53 7.43 10.67 10.18 14.03 24.67 17.4 4.65 7.25 5.06 10.24 6.06 5.75 10.3 9.45 11.61 6.74 5.69 2.6 4.65 9.32 11.64 7.75 16.35 14.33 15.65 11.81
1.94 2.16 2.05 1.17 2.69 4.28 6.83 8.53 7.35 6.93 6.97 5.2 3.85 5.92 6.1 10.2 6.17 8.11 7.15 10.92 15.01 8.99 6.94 4.73 3.7 2.6 2.95 7.67 10.5 12.6 10.85 8.52 8.04 8.75 5.53 3.26 4.05 4.84 7.87 8.15 15.57 19.95 24.84 18.53 6.57 11.91 8.35 7.12 10.86 9.67 11.02 7.95 5.7 5.35 5.13 5.82 10.26 9.43 12.69 15.58 32.86 24.35 16.17 8.66
1.21 1.62 2.68 2.22 3.06 4.43 5.16 10.39 8.52 6.78 5.08 3.83 5.16 4.08 3.22 4.93 14.33 5.42 4.65 3.87 8.07 5.25 4.8 3.46 3.97 3.74 5.48 8.58 14.39 16.51 11.1 5.8 3.43 6.28 6.86 9.21 3.15 4.97 6.66 9.65 8.4 9.55 9.82 15.38 9.38 6.15 4.41 3.92 5.21 9.53 9.7 5.46 5.77 10.67 8.2 8.95 12.38 11.06 19.14 18.26 23.44 15.67 8.66 5.64
1.41 2.08 3.18 3.67 3.21 4.83 11.71 13.47 8.25 7.82 8.17 3.18 3.82 4.87 3.81 5.45 8.29 8.45 9.45 9.72 7.79 7.11 7.8 5.12 5.27 6.38 11.87 19.85 35.39 17.99 12.97 7.28 4.36 6.48 3.17 3.26 5.78 5.97 6.09 6.15 7.82 4.74 8.61 11.86 11.6 7.31 5.47 6.65 7.5 7.43 5.05 6.65 6.8 8.92 5.74 7.6 13.48 13.48 9.66 15.67 16.47 11.72 7.92 6.15
1.22 2.66 5.08 4.7 2.92 6.25 8.48 5.07 10.89 9.01 5.88 5.57 4.45 3.61 4.56 5.0 13.88 10.55 6.4 8.31 6.71 5.24 15.59 9.29 17.26 13.23 15.11 21.95 26.59 10.83 7.5 3.93 3.39 7.49 5.76 11.28 10.91 5.36 6.72 4.3 6.2 13.94 10.84 10.85 10.75 8.45 9.2 10.77 6.67 8.49 8.1 9.66 9.12 7.83 6.69 8.84 10.14 6.63 9.24 11.95 17.18 19.08 7.24 4.5
1.58 3.58 4.45 4.16 6.96 4.8 5.18 7.61 9.9 9.89 8.87 5.14 2.25 2.89 5.58 8.33 9.16 18.17 23.17 15.69 7.98 14.56 19.99 15.27 13.72 23.64 12.08 12.28 11.04 5.31 4.09 3.34 2.4 5.92 6.51 6.65 10.42 6.46 5.14 4.92 4.6 5.13 7.28 9.87 15.86 6.85 10.13 9.48 13.83 11.2 12.04 8.96 7.73 7.31 6.71 6.17 5.34 7.69 11.01 10.38 13.01 12.97 8.49 5.97
4.07 3.05 3.69 6.84 5.27 6.17 5.19 5.74 5.4 10.01 8.97 7.74 1.68 3.39 8.41 9.47 7.88 9.01 22.0 19.4 8.05 9.97 20.88 25.88 13.0 7.28 13.59 16.37 12.06 4.2 5.9 6.11 8.93 8.32 7.1 7.38 6.72 5.94 3.82 3.59 2.47 7.05 5.78 11.23 6.86 6.13 10.09 10.73 9.52 7.63 7.0 7.62 7.86 12.89 7.87 4.2 5.81 9.67 5.78 8.07 18.29 12.91 10.15 2.96
2.15 2.64 4.12 6.35 5.25 6.31 8.35 9.21 10.48 9.24 9.1 10.79 4.26 2.8 5.86 7.31 8.07 7.9 7.52 8.9 7.24 16.61 25.1 20.79 11.67 8.61 13.57 12.68 6.14 6.28 6.65 5.6 5.93 8.55 6.1 5.27 12.09 9.82 3.33 4.01 4.07 6.28 8.82 3.49 3.72 4.82 9.72 13.79 12.22 12.48 10.59 6.32 9.84 11.67 9.67 5.49 6.19 8.49 5.74 10.17 11.98 16.48 7.86 5.63
1.86 4.41 5.5 10.1 6.79 4.92 9.68 18.21 7.72 4.56 6.92 6.68 4.88 4.29 3.13 2.27 4.15 5.06 7.55 8.58 6.82 11.38 24.56 6.53 6.61 7.06 14.33 8.47 5.72 6.15 6.7 5.57 6.88 6.48 8.46 6.38 10.59 12.52 11.72 8.67 4.91 5.0 6.6 3.54 2.83 4.55 3.63 7.45 20.36 12.68 8.12 7.71 13.74 12.77 7.55 7.37 7.3 17.81 9.89 8.13 8.06 12.14 11.14 8.63
2.08 4.27 7.31 8.8 5.15 8.38 11.99 8.79 5.59 4.26 5.42 7.15 6.04 6.69 4.5 2.77 5.69 6.31 8.35 8.3 9.0 10.3 7.66 6.95 5.24 5.67 3.63 5.26 6.35 5.74 4.13 4.95 9.82 7.35 11.23 8.31 4.22 7.64 8.85 4.9 5.14 4.71 3.61 2.0 1.63 3.25 9.45 11.68 28.57 12.76 26.98 11.2 14.72 10.78 6.52 2.87 5.37 10.92 10.77 8.64 6.54 8.96 14.61 7.03
2.25 4.37 7.6 6.93 5.06 8.69 6.77 7.98 4.46 3.84 4.59 8.22 5.51 4.25 3.82 4.7 7.23 11.95 19.91 18.25 6.87 11.54 6.53 4.29 3.34 8.56 11.44 8.92 6.45 7.05 11.26 7.44 7.79 12.66 9.87 5.39 4.95 3.92 8.57 8.07 5.09 6.4 4.08 1.49 2.06 5.1 8.14 10.15 12.04 15.89 11.2 9.96 15.41 7.34 6.17 4.3 6.66 10.52 12.16 6.58 11.88 12.02 10.86 19.14
4.64 6.08 6.4 3.44 4.85 6.19 4.84 6.03 3.0 2.27 3.78 3.56 5.24 7.41 4.33 2.65 3.32 12.56 20.92 11.1 6.66 12.12 5.62 3.07 5.55 8.58 9.16 9.84 4.65 6.93 3.44 10.64 8.84 7.38 4.34 4.66 1.67 3.72 9.89 12.95 13.25 7.54 3.46 3.17 2.17 3.81 6.0 13.87 11.72 7.03 15.09 11.61 14.18 6.49 6.93 3.71 7.33 8.83 11.91 7.33 10.37 19.96 17.58 9.72
4.67 5.41 4.0 3.86 4.83 3.95 5.97 5.32 2.43 2.66 2.91 2.49 2.44 4.2 6.32 4.7 7.1 8.77 15.25 8.07 8.7 6.74 5.46 4.17 4.6 4.74 5.05 11.63 7.0 4.97 5.49 3.93 4.8 14.3 8.46 3.1 2.99 4.34 9.53 12.95 8.54 6.25 2.7 2.39 2.17 4.05 6.19 16.49 18.85 15.81 14.91 11.36 8.73 9.48 4.5 4.89 3.72 8.62 15.75 12.42 12.86 19.93 12.94 8.16
6.32 3.55 8.33 5.34 5.26 3.93 4.17 8.24 3.63 2.76 3.37 3.48 4.89 4.19 6.44 4.42 8.54 9.28 11.2 3.26 8.1 8.88 6.86 6.7 4.23 8.93 5.34 5.27 9.92 10.84 6.85 4.68 4.51 10.76 6.74 2.72 6.0 6.94 16.76 19.34 5.53 4.54 6.29 5.33 3.98 3.19 7.76 11.43 16.01 19.98 24.37 22.98 10.58 8.88 5.62 5.85 5.57 7.57 25.4 14.54 8.66 12.79 8.75 6.42
3.21 3.22 8.57 7.94 6.63 7.24 7.3 9.09 4.74 4.58 7.75 5.58 3.85 4.96 4.6 5.31 8.42 7.79 4.83 2.56 3.41 8.56 8.83 5.86 5.88 6.26 5.43 4.96 8.27 9.25 8.72 7.0 7.57 11.02 6.97 5.75 17.58 13.28 28.83 16.13 9.78 6.36 7.5 3.72 6.41 9.17 12.28 10.63 14.5 17.18 14.07 14.51 6.03 3.54 2.94 3.82 4.56 9.13 26.2 22.04 7.04 6.1 6.18 5.66
3.19 5.46 8.38 8.31 7.13 4.92 6.11 3.82 7.88 12.42 9.08 7.25 3.99 5.49 5.23 7.82 9.17 10.78 3.72 2.91 3.69 3.8 5.34 3.19 3.42 4.41 3.37 3.56 6.56 11.39 9.3 6.84 4.46 8.22 6.88 7.5 10.33 19.87 24.45 25.3 11.54 9.88 7.57 8.2 15.18 17.09 8.4 11.11 11.35 13.92 17.29 7.58 4.09 5.08 9.61 4.13 4.43 7.5 23.27 12.31 7.37 4.12 4.83 2.54
3.06 3.74 8.94 7.62 8.74 6.54 5.12 7.87 16.15 22.35 11.25 9.39 5.58 11.83 9.38 3.72 6.72 9.27 5.27 2.81 2.13 3.52 7.99 3.76 2.89 2.64 4.8 7.58 6.18 8.69 9.06 6.74 5.0 6.58 3.67 3.79 6.25 16.73 31.2 24.35 6.34 7.15 5.42 13.21 10.53 9.31 12.45 15.93 12.86 9.09 7.26 5.72 3.59 7.36 8.12 7.2 6.91 12.51 15.68 12.98 4.85 2.29 1.82 3.7
4.81 3.38 3.11 6.25 6.46 5.32 12.32 11.24 16.38 19.0 15.5 7.04 7.21 5.01 7.46 6.25 8.76 7.8 7.06 2.5 3.15 5.3 13.04 5.78 3.03 2.62 8.25 14.21 8.61 5.12 7.88 9.43 4.82 5.71 2.76 6.54 6.05 9.56 9.32 10.41 4.1 7.47 5.94 8.36 8.91 12.3 14.96 17.05 14.96 7.88 3.92 5.95 9.66 19.47 15.4 5.82 10.35 18.45 10.33 13.62 12.3 3.71 2.43 3.57
4.33 8.9 2.8 4.77 4.5 6.34 14.93 12.62 16.47 15.21 26.27 9.38 4.41 2.89 7.54 7.0 5.58 4.14 3.46 5.79 7.61 5.27 8.55 6.55 7.85 7.25 8.82 5.58 9.08 12.68 9.85 5.91 4.74 6.16 5.96 6.66 7.61 8.25 9.41 6.72 7.75 3.64 3.59 3.49 6.08 7.36 14.43 14.19 4.36 3.83 4.98 4.59 10.52 15.05 12.44 19.67 17.9 10.68 7.49 14.43 11.41 7.92 3.27 6.12
4.98 5.46 3.27 5.94 6.87 6.78 22.39 17.09 11.4 16.9 9.91 4.26 4.89 4.27 6.21 6.07 5.54 4.01 5.54 11.0 3.25 5.05 9.78 7.9 9.42 4.67 4.22 6.73 8.62 11.79 7.51 4.5 12.44 12.8 9.03 5.4 7.16 5.51 5.65 6.03 7.17 4.29 3.82 2.78 5.14 11.98 15.12 8.24 3.83 3.03 4.65 3.59 6.91 16.22 15.0 16.46 14.83 15.23 10.87 16.06 18.61 7.18 3.73 4.02
3.84 6.59 8.22 5.33 3.48 6.58 13.87 28.32 18.22 11.86 4.99 5.77 3.95 3.32 4.36 6.18 7.87 5.73 4.68 4.74 2.33 4.9 6.62 7.85 4.76 5.09 3.06 5.23 8.93 7.92 8.54 6.09 14.5 11.61 10.22 9.5 8.25 3.8 3.13 5.35 7.36 5.1 2.76 2.51 3.86 3.82 8.82 4.22 3.93 2.64 3.63 3.21 8.7 23.24 17.39 16.71 8.1 12.56 16.5 13.87 10.14 7.08 5.83 7.53
4.49 4.7 7.91 6.42 7.54 7.88 5.97 15.71 9.19 4.97 6.52 3.25 3.76 2.47 3.65 7.54 7.05 3.12 3.58 5.07 5.59 6.82 4.12 9.82 9.51 6.53 3.09 2.42 6.36 8.12 9.43 10.7 10.53 8.21 13.08 23.34 9.03 6.65 4.94 5.58 4.22 4.15 3.35 3.21 4.65 10.2 6.51 5.8 3.08 2.3 4.16 4.44 5.41 16.18 13.0 17.12 18.2 9.58 13.21 8.14 5.35 4.89 3.88 3.79
3.43 2.76 4.04 10.69 10.7 8.14 5.35 13.98 15.97 7.37 3.97 2.78 2.44 2.96 6.52 6.89 7.18 4.0 5.5 7.73 4.44 7.69 9.51 8.51 13.37 6.17 4.71 6.38 7.37 13.44 22.4 18.79 11.35 14.31 22.56 18.21 8.15 4.43 5.25 7.26 7.56 5.4 3.71 6.72 9.39 9.14 11.87 9.48 3.59 3.47 6.8 4.46 5.44 9.66 9.13 12.85 14.58 10.31 10.49 8.57 6.59 5.08 2.48 2.81
2.9 5.61 10.85 9.64 9.13 5.7 7.2 8.06 4.99 3.67 3.05 2.07 2.01 1.64 2.9 6.34 8.2 4.88 4.74 4.1 8.03 8.26 6.3 9.45 6.58 4.3 3.49 8.57 12.24 18.27 9.03 5.49 12.4 15.78 25.66 18.62 24.3 8.62 7.26 13.92 7.02 7.63 8.03 8.48 10.33 13.68 11.15 7.14 6.35 5.22 5.26 2.29 3.03 6.8 7.13 7.98 9.21 7.8 5.82 5.9 5.65 3.26 3.5 5.94
9.3 8.92 8.97 10.41 9.09 11.29 9.67 12.0 3.01 3.27 2.53 2.74 1.54 2.45 4.04 9.19 10.24 5.43 3.94 3.16 3.96 5.61 5.4 6.03 2.09 2.28 2.3 6.62 17.77 7.56 4.33 4.74 8.29 17.02 16.8 7.96 13.47 14.81 20.41 12.05 8.4 13.1 11.88 11.15 14.57 9.68 5.56 5.16 8.65 5.56 5.59 2.01 1.83 2.58 4.36 6.64 13.88 4.35 6.16 6.46 3.99 2.93 4.6 7.02
12.72 7.7 5.53 7.98 5.01 5.75 7.17 5.65 4.66 4.07 3.24 1.43 1.36 2.98 4.89 7.83 9.99 4.94 1.75 1.57 3.58 5.61 6.31 3.85 3.4 3.74 2.96 8.08 15.92 9.15 2.71 5.9 7.55 23.75 16.59 13.14 22.24 14.52 9.5 7.07 11.73 9.88 7.98 14.16 16.94 5.43 5.44 7.38 9.29 7.65 2.43 2.14 3.27 2.85 6.14 5.83 4.25 3.85 6.68 5.48 2.31 3.78 6.13 6.55
8.72 9.22 7.96 6.95 11.4 6.37 8.44 6.86 8.55 8.66 2.86 2.23 1.83 1.53 4.48 10.64 4.28 3.58 2.25 1.7 4.54 7.46 3.88 3.51 3.79 4.62 5.03 6.0 8.22 14.05 6.07 10.67 10.43 19.06 22.47 15.1 20.81 7.88 6.45 8.85 6.19 7.79 12.02 9.95 24.16 12.57 5.88 6.26 7.82 7.33 5.83 2.06 3.14 7.47 12.13 5.68 4.75 9.33 7.28 7.21 4.31 5.56 8.69 10.27
6.36 7.02 7.64 11.87 22.01 6.0 7.47 11.85 9.53 3.28 1.95 1.62 1.97 2.74 5.61 3.88 5.33 3.48 3.92 3.11 4.88 6.01 3.52 3.26 5.09 8.26 5.22 5.21 7.67 16.11 11.28 11.15 10.76 15.71 24.69 16.61 8.25 7.08 4.37 6.32 12.02 8.6 7.37 14.87 19.53 9.06 7.57 7.61 7.55 5.45 5.18 5.91 6.73 6.46 7.59 11.8 8.09 6.42 8.4 16.91 7.62 6.44 8.46 6.62
11.81 6.01 11.3 11.17 11.34 6.28 8.35 8.3 6.35 6.76 4.15 2.79 2.94 5.6 8.46 8.7 3.3 5.55 3.94 4.4 2.9 3.74 1.95 2.19 4.57 3.98 4.2 6.33 7.19 8.11 12.2 7.31 9.14 21.49 16.01 12.33 9.19 3.41 2.54 4.33 7.2 6.61 5.25 8.95 17.58 10.08 10.61 12.65 7.23 8.52 10.92 11.8 6.37 8.15 6.57 6.11 5.44 3.75 9.34 5.67 9.24 8.47 4.88 4.6
7.45 8.47 4.55 7.53 12.86 8.28 4.05 4.26 5.94 7.62 4.88 2.76 3.73 6.54 11.31 7.91 3.64 4.73 3.93 4.23 3.27 1.78 1.69 2.83 7.87 4.06 8.88 11.62 14.37 15.39 16.74 9.74 11.61 12.0 4.53 7.07 3.5 2.8 2.19 7.62 11.62 8.94 6.48 10.9 13.59 26.93 12.78 7.16 6.51 16.45 14.71 12.34 5.37 3.6 7.48 9.74 9.29 4.31 5.25 5.97 7.76 4.29 4.31 4.77
7.42 4.69 3.49 6.88 6.77 5.02 5.69 3.65 7.5 10.08 6.95 3.39 2.7 5.69 10.78 5.76 3.31 2.69 3.61 3.61 1.83 1.77 2.49 2.37 6.31 9.71 6.44 9.92 11.83 18.0 18.19 10.91 10.52 8.23 5.69 6.96 3.56 2.98 5.27 12.01 17.29 27.08 17.02 16.44 20.18 28.85 23.88 13.13 8.82 11.1 14.7 8.8 8.23 5.47 5.68 9.58 4.82 3.83 4.25 4.45 6.75 7.11 5.97 5.62
8.17 8.07 4.36 2.73 6.59 6.88 3.49 4.72 6.7 11.28 6.75 2.75 3.64 3.47 9.26 6.89 6.01 3.32 5.76 3.99 3.71 2.08 2.78 3.0 6.21 5.98 7.51 13.73 13.96 12.14 20.11 14.23 9.06 4.66 4.79 7.43 5.99 5.91 12.96 36.63 38.9 41.35 26.13 26.15 23.2 17.76 20.29 10.97 11.99 8.98 11.93 10.43 5.21 6.96 3.64 7.19 5.63 3.59 3.0 2.24 3.9 7.67 3.77 4.82
6.58 4.55 4.73 3.71 4.01 4.6 5.89 5.34 10.84 7.13 5.99 3.48 7.16 6.84 9.82 5.65 3.84 5.17 4.84 4.98 3.42 3.58 2.76 5.04 5.0 6.88 6.29 7.75 9.09 8.83 13.08 13.38 7.95 5.82 5.5 8.16 7.62 9.28 30.02 30.18 61.01 34.48 39.4 28.5 32.38 22.04 14.76 7.5 10.03 6.47 13.64 13.89 4.6 6.57 6.22 4.99 3.4 1.63 2.73 4.76 3.97 3.58 1.65 5.04
4.92 5.73 3.77 3.81 3.41 7.11 4.93 8.05 9.91 6.29 6.47 5.25 6.07 4.97 5.73 11.3 5.02 7.01 6.24 4.18 5.06 4.37 3.72 5.17 4.54 3.25 7.62 11.37 11.47 7.2 10.44 16.53 12.52 10.74 16.63 8.77 7.35 5.73 15.08 36.53 21.76 21.53 19.73 29.15 28.15 15.12 10.97 19.38 10.53 9.06 9.79 8.1 9.34 10.48 5.29 3.64 2.92 3.58 6.33 9.62 5.5 3.86 3.84 3.03
5.95 4.44 3.08 2.68 5.01 5.77 7.94 5.27 2.29 4.48 6.97 7.16 4.24 5.5 7.43 5.93 5.21 5.2 5.88 4.8 3.77 6.08 4.98 5.19 4.36 4.71 6.29 7.69 8.07 7.03 7.61 21.78 17.97 9.67 9.37 6.22 6.11 6.39 5.7 18.02 9.57 18.18 11.52 13.94 16.34 12.85 9.38 7.43 10.17 11.58 14.51 12.14 11.99 10.44 6.54 9.5 8.17 5.5 6.84 7.24 6.23 6.49 4.62 4.5
3.63 3.52 3.69 4.99 4.62 14.03 13.39 8.88 3.65 5.5 5.08 4.81 5.45 2.77 3.14 4.27 3.75 4.14 6.16 3.87 5.09 5.01 4.46 9.68 13.29 4.21 8.28 8.37 9.3 7.67 10.79 16.01 36.47 14.23 7.83 6.09 3.18 3.88 2.82 5.97 9.27 6.63 5.19 7.42 10.45 11.79 6.09 7.95 7.85 11.72 12.78 14.14 5.06 5.91 6.88 6.62 7.62 6.47 11.71 31.7 8.89 4.23 3.39 4.4
3.88 9.24 6.58 7.94 6.84 13.9 12.45 8.23 4.05 3.77 6.19 4.6 8.42 3.28 3.11 3.23 5.07 4.16 3.69 5.02 5.42 4.09 6.06 8.97 10.41 7.61 5.76 5.98 13.28 13.56 10.15 16.82 16.17 16.69 7.76 3.59 3.63 4.4 8.91 10.41 9.0 5.46 10.92 12.45 16.13 7.96 11.47 13.65 13.13 9.88 9.54 16.2 20.97 7.6 9.61 10.45 8.7 11.78 13.03 9.19 8.6 6.69 3.56 4.51
13.0 20.08 8.82 10.69 10.71 13.27 12.7 7.84 3.43 6.12 8.61 13.05 6.14 4.12 2.61 2.58 2.19 1.94 2.81 3.47 4.04 4.69 3.86 9.71 16.67 7.49 4.83 3.83 5.32 8.45 8.98 15.18 20.4 4.79 6.62 4.06 5.25 7.89 11.82 5.76 9.22 9.97 9.23 6.34 8.84 5.41 11.08 13.65 8.87 5.89 17.59 28.07 20.26 8.5 11.3 16.14 15.43 13.67 7.89 10.96 7.3 4.94 5.54 6.09
21.48 16.26 9.95 8.55 15.26 8.24 8.79 6.88 5.65 14.48 8.83 10.0 9.53 4.16 3.62 2.25 1.77 1.89 1.92 4.31 7.7 5.0 3.65 9.51 8.16 9.59 4.15 4.62 2.6 8.24 12.01 10.26 5.29 5.62 7.62 6.25 5.03 8.36 10.05 11.0 6.51 6.33 5.65 5.73 9.83 6.44 10.9 11.87 10.14 7.88 24.36 18.52 22.27 8.2 8.47 12.15 12.04 6.19 5.8 5.35 8.1 4.34 5.08 7.45
23.77 20.21 15.08 9.58 9.95 4.47 5.49 9.57 8.0 12.26 11.48 11.59 8.61 4.31 3.38 2.66 1.47 1.55 2.49 7.36 9.3 10.16 9.83 6.37 5.35 10.35 5.86 3.52 2.81 11.96 20.78 9.48 5.79 9.46 5.27 7.1 6.65 7.78 9.18 10.52 6.72 3.43 3.1 6.76 9.47 4.82 4.74 11.45 13.61 11.75 18.57 26.72 21.74 13.47 5.62 10.9 17.63 10.57 6.86 3.92 6.36 7.72 7.11 16.39
18.3 11.24 11.03 8.4 9.45 6.85 9.7 6.13 6.42 3.75 5.54 3.5 4.67 4.31 2.54 2.39 3.29 2.76 4.44 6.61 8.66 10.44 12.23 7.53 4.82 5.49 6.84 4.3 3.02 10.16 14.5 15.38 7.38 7.5 4.08 6.52 6.26 6.83 5.82 6.26 6.22 7.8 3.93 5.45 12.0 17.15 12.44 11.13 13.2 19.3 24.44 16.4 14.7 12.64 5.89 7.46 24.45 18.43 11.87 7.03 3.85 5.84 3.72 4.76
13.22 8.84 15.79 13.59 10.42 5.79 6.86 7.64 7.33 4.82 3.85 4.01 4.57 4.29 2.75 3.42 2.11 2.79 5.06 6.69 5.64 8.06 9.18 5.43 4.66 6.87 5.85 4.08 5.05 11.45 12.08 6.77 10.22 8.83 9.63 2.91 6.01 5.23 4.82 3.58 6.59 3.67 2.13 4.01 8.69 10.1 12.63 12.63 20.99 20.21 17.9 32.75 24.65 9.86 6.4 10.57 11.24 12.73 7.11 9.55 5.72 5.33 5.26 7.52
12.66 11.82 10.21 15.09 14.62 11.29 7.39 6.31 5.55 2.6 2.06 4.9 4.99 4.26 3.35 2.8 2.9 4.51 5.98 5.78 5.29 6.69 10.61 11.18 9.93 6.61 7.57 6.1 6.03 8.64 7.16 8.23 13.86 8.88 5.72 8.51 7.19 6.81 6.66 5.55 5.06 2.63 3.23 4.0 6.48 9.29 11.04 12.36 16.36 14.81 12.81 7.08 4.81 5.48 4.14 3.3 9.89 7.5 17.76 6.37 4.19 3.64 6.92 11.18
