8.52 6.23 6.45 4.58 3.11 4.63 11.12 6.2 3.38 3.44 5.0 2.49 5.11 7.97 11.47 11.81 21.4 20.77 9.64 15.78 14.86 16.39 12.2 15.0 8.29 6.82 3.25 5.14 4.57 4.64 5.42 5.32 10.8 8.03 6.59 4.83 5.11 4.42 7.45 8.46 4.7 6.38 3.09 5.34 5.64 9.11 4.81 3.15 2.23 1.95 5.52 5.86 9.98 4.89 6.13 11.08 6.49 6.21 6.31 2.12 3.47 6.6 10.98 5.25
21.41 6.3 4.31 3.26 4.41 11.76 9.74 8.81 9.7 4.1 2.31 1.43 5.56 8.35 8.93 13.76 10.71 8.86 7.07 9.96 7.91 26.82 15.26 8.68 4.49 5.76 1.78 3.59 7.14 13.17 11.23 11.09 6.34 6.63 12.6 12.6 8.55 4.14 7.34 7.93 5.13 10.97 5.51 6.54 8.36 9.17 11.03 4.85 3.47 3.63 5.07 5.14 6.44 3.3 4.24 8.28 7.95 8.43 4.66 4.42 4.73 7.41 8.66 5.36
7.26 3.8 10.71 7.53 7.93 13.65 8.47 8.19 3.03 3.48 1.54 1.49 9.64 6.93 7.86 4.5 4.24 12.67 6.19 5.66 3.99 13.49 12.17 6.95 3.72 3.49 2.15 4.64 5.18 10.99 8.44 7.7 4.3 6.36 6.65 14.41 11.04 9.93 8.31 11.27 19.98 8.84 10.79 8.28 10.73 6.82 4.69 11.58 5.93 3.87 4.89 10.3 4.87 5.5 6.47 5.71 4.73 4.55 2.49 2.83 6.41 8.58 4.57 7.15
4.35 4.33 4.26 7.32 11.98 23.2 12.09 10.67 4.77 2.94 2.7 3.95 7.77 3.57 6.31 7.53 5.01 4.55 4.88 5.33 6.09 9.67 6.86 3.76 4.13 2.16 1.9 5.94 6.06 6.91 7.11 7.57 4.26 8.0 10.07 9.15 7.44 17.79 5.42 20.97 25.69 17.48 10.44 2.3 6.58 7.78 6.77 10.31 7.82 7.29 4.88 8.48 6.28 8.6 5.32 3.97 6.1 6.01 4.4 2.39 7.72 6.01 8.62 9.19
8.38 6.24 5.41 5.45 4.52 7.59 5.79 7.29 4.89 6.16 7.98 2.86 3.31 4.84 4.64 4.15 3.81 3.88 2.73 6.14 10.91 16.06 4.54 5.09 5.44 2.8 2.79 4.84 11.13 9.76 16.23 9.62 5.35 3.68 3.84 5.87 7.61 14.7 14.63 49.66 34.61 14.68 6.4 2.98 4.51 4.77 13.71 10.29 8.86 7.83 5.95 10.22 6.99 10.77 5.19 4.3 6.54 5.88 4.16 5.71 6.63 6.65 10.8 8.09
8.94 7.03 2.75 4.26 4.16 7.19 6.96 11.19 7.42 5.75 5.12 4.37 3.2 3.88 4.81 4.91 4.11 3.78 2.45 3.76 5.85 14.26 7.16 6.11 5.68 2.76 7.28 5.9 12.54 12.87 26.49 22.84 17.63 7.45 3.68 6.03 13.62 18.01 14.96 33.2 13.72 11.52 11.68 8.1 7.51 8.43 8.15 14.99 18.09 8.22 7.39 12.9 17.09 12.26 5.13 2.96 2.6 4.36 2.96 7.97 14.06 9.19 8.75 10.19
7.05 10.09 2.79 3.15 5.28 6.18 12.33 6.35 6.48 3.01 3.74 3.12 3.49 4.65 2.8 3.01 1.99 2.93 2.38 3.48 7.14 5.43 4.9 4.38 6.63 6.76 7.83 4.19 11.59 24.37 16.43 13.02 7.81 7.78 8.02 18.37 30.93 19.43 9.85 21.78 11.31 13.83 8.28 7.2 8.47 9.46 10.16 14.96 22.18 10.35 7.69 13.15 13.68 7.2 5.76 4.58 3.96 3.29 5.52 9.77 9.81 9.33 13.4 12.69
8.08 11.28 4.65 5.16 5.33 6.77 11.85 8.97 9.16 2.61 4.14 3.52 5.66 9.9 6.77 5.88 3.14 2.38 2.34 5.16 8.59 4.5 5.93 7.34 7.14 5.41 12.12 7.73 12.63 15.69 11.01 18.36 6.42 12.03 13.96 15.76 20.22 21.4 21.19 25.98 24.57 23.2 7.51 4.51 9.17 10.86 9.41 21.98 27.81 21.63 14.92 18.3 20.29 13.68 9.24 3.11 3.88 4.5 12.57 23.12 21.53 15.63 9.46 23.23
8.18 9.96 8.5 3.84 4.0 9.11 7.03 5.62 14.97 7.71 6.84 4.42 10.33 8.77 9.86 11.91 4.52 4.55 3.27 3.38 5.94 9.09 5.44 9.17 8.01 9.6 12.69 8.7 11.23 6.18 3.66 11.77 11.47 8.48 7.93 11.64 33.76 15.9 27.69 17.79 16.28 10.92 9.04 9.75 10.16 21.7 15.36 17.74 10.75 17.17 12.63 22.34 13.53 12.41 13.95 4.98 4.4 5.11 8.59 12.12 11.64 21.11 14.73 25.55
4.18 10.34 12.68 7.82 4.74 3.23 5.31 6.38 5.64 4.15 4.47 8.03 9.31 12.47 16.36 7.99 5.9 3.61 4.09 6.52 12.25 6.27 5.13 11.07 12.48 13.33 10.92 8.31 4.94 5.06 7.14 7.26 4.22 5.24 7.17 6.61 12.7 18.38 12.65 13.88 20.73 10.47 6.14 12.04 14.98 30.54 21.54 15.83 6.95 14.65 17.46 21.4 9.73 10.55 14.92 10.43 7.25 2.74 7.31 7.3 11.71 17.3 9.4 29.2
6.49 5.54 7.32 5.17 5.04 4.57 6.29 4.91 6.03 2.92 3.72 7.32 10.22 9.56 5.29 4.11 9.18 5.95 8.59 10.83 19.19 15.05 10.47 10.83 8.65 14.23 7.77 4.17 6.14 6.36 3.72 5.37 2.8 4.73 4.13 10.69 10.44 8.19 12.91 12.9 12.24 18.11 20.49 28.15 22.28 20.28 31.37 22.41 8.7 14.03 10.25 15.26 13.53 8.94 11.75 9.57 6.49 4.38 9.07 8.15 11.15 9.33 7.32 18.18
3.69 3.37 6.44 7.02 9.0 6.47 5.53 3.18 6.52 8.59 5.96 7.27 5.51 8.59 6.67 9.12 9.5 10.95 13.74 6.47 10.32 12.95 16.7 9.67 13.37 7.3 7.93 5.18 6.56 5.36 7.18 8.15 2.58 6.08 4.91 6.79 5.02 8.56 13.45 9.39 11.55 23.32 18.73 28.35 13.12 13.48 20.25 20.93 12.81 10.26 12.15 15.69 16.28 9.61 5.59 6.63 7.26 11.28 9.68 8.36 17.31 18.33 7.98 16.8
3.51 5.17 7.55 5.5 6.13 2.03 4.46 5.88 9.45 10.87 7.4 7.32 7.76 10.01 6.56 7.47 12.15 9.97 14.23 10.24 19.82 20.33 15.77 13.21 8.32 4.47 5.82 9.12 10.54 7.53 4.26 9.91 6.81 5.36 5.71 4.85 4.33 7.09 7.82 8.78 11.94 10.35 10.99 21.81 13.58 10.01 13.56 13.44 9.74 21.0 15.98 8.26 8.58 14.33 11.6 12.33 7.34 5.9 5.08 5.07 6.74 12.28 7.74 7.33
3.79 6.69 6.88 3.27 4.64 3.68 7.38 6.19 5.64 6.59 5.33 7.61 22.72 22.85 15.36 9.68 8.39 13.69 9.67 9.35 13.97 17.67 15.36 10.4 8.42 5.07 6.36 8.1 7.36 7.51 4.16 6.1 7.3 6.98 9.09 4.62 6.0 6.24 9.36 10.02 9.17 18.74 10.21 12.21 7.83 13.49 8.6 7.74 10.74 18.84 17.8 7.27 7.22 10.11 6.59 6.22 10.26 4.96 3.34 4.72 3.46 3.92 3.14 6.02
6.28 3.76 4.36 6.67 6.67 9.85 7.53 6.39 5.88 3.09 6.01 6.96 20.94 19.14 18.71 12.36 6.14 12.25 12.15 9.23 10.44 10.84 11.07 22.97 27.83 5.56 5.86 8.97 6.42 5.87 4.78 3.91 4.8 9.25 15.69 6.42 12.14 6.67 9.51 16.14 16.01 28.49 10.96 19.01 8.16 9.84 8.28 9.81 9.49 18.45 26.77 16.69 9.49 13.53 7.87 9.69 5.36 4.61 2.64 5.67 4.22 4.93 2.24 2.36
3.08 6.06 4.52 5.04 9.14 6.16 6.19 4.93 4.88 3.79 5.32 6.73 24.14 12.32 4.65 5.87 13.04 17.09 7.37 5.31 8.31 7.55 15.68 13.18 9.19 6.46 8.63 6.23 5.64 3.77 4.11 1.79 10.01 16.09 10.52 6.54 10.9 7.94 8.38 17.49 10.12 28.71 15.64 10.01 4.16 15.23 10.71 8.9 7.01 23.1 13.03 11.97 11.8 13.38 9.05 17.08 9.64 2.36 2.67 6.68 3.48 2.68 3.54 2.73
5.05 7.53 6.22 10.8 7.46 4.93 9.16 3.43 5.63 2.71 6.35 6.41 11.48 10.04 7.19 5.82 12.43 14.3 5.43 4.81 12.23 16.42 18.7 10.7 8.81 5.48 6.05 6.79 2.3 3.51 3.59 7.99 11.2 13.99 14.3 13.39 13.85 6.99 16.17 31.81 26.18 30.49 24.46 4.33 3.81 5.39 4.41 9.91 7.38 8.15 21.62 21.46 23.26 13.18 21.47 15.59 3.95 4.26 5.96 5.06 6.59 5.18 4.27 3.07
5.82 8.57 8.87 9.25 7.53 7.93 10.76 8.01 7.85 5.71 5.77 2.99 7.14 9.73 4.91 12.89 12.08 11.05 6.29 5.31 10.2 19.72 22.23 10.61 6.25 7.21 3.98 4.97 5.27 6.09 4.72 7.11 12.76 27.6 15.44 15.33 18.49 4.0 13.62 16.87 22.64 5.47 14.09 7.0 5.7 3.68 2.37 2.46 4.43 8.3 8.88 9.54 21.72 19.6 21.31 14.04 7.65 4.15 6.61 6.61 8.68 5.48 2.72 2.41
3.47 6.76 10.33 13.32 5.82 7.56 15.94 18.6 6.47 3.99 3.27 4.68 6.16 6.62 4.58 13.74 14.87 6.36 6.2 5.76 5.96 14.12 22.35 12.91 7.11 10.6 8.66 7.77 6.74 3.82 3.86 5.04 14.17 10.79 10.74 19.24 10.65 13.44 20.15 11.12 18.24 5.45 8.9 4.61 5.64 4.13 4.68 4.99 5.36 6.39 7.96 12.09 11.24 15.79 12.72 7.71 3.78 5.94 9.59 6.53 9.91 9.08 4.0 2.73
2.79 5.71 7.71 9.68 5.97 11.31 13.82 16.4 15.1 8.15 4.04 3.87 6.6 10.28 4.99 8.29 9.2 4.53 3.78 7.72 17.19 16.17 11.91 15.72 10.63 7.18 8.77 7.42 7.24 4.82 5.89 12.25 19.1 12.99 19.26 15.0 9.35 5.82 7.05 12.1 13.09 11.65 9.02 9.82 10.45 6.18 4.45 3.15 5.11 5.12 10.88 8.57 8.38 9.09 5.65 6.14 3.91 8.52 5.62 9.68 20.44 7.95 7.97 4.85
7.11 6.7 11.51 4.59 3.95 6.3 16.1 9.64 11.09 11.59 7.32 6.58 6.16 11.99 9.75 8.25 6.97 4.45 5.66 4.76 6.42 9.95 18.37 15.44 15.4 19.81 5.13 5.1 8.6 6.38 5.46 8.94 12.0 11.5 29.2 26.32 10.35 5.59 10.54 14.05 10.82 7.89 8.25 16.13 13.12 8.69 7.17 2.67 6.06 6.15 17.69 6.78 8.97 9.45 6.24 12.0 9.25 11.62 13.04 11.78 10.14 13.39 9.96 10.41
6.67 5.36 9.54 1.94 5.12 6.4 8.56 16.44 26.61 25.5 10.98 9.6 5.61 12.14 12.93 13.91 6.49 3.12 6.1 5.17 8.49 2.81 6.41 5.81 12.06 11.71 5.01 5.75 8.88 6.16 10.12 19.93 23.83 11.33 23.97 22.7 11.4 7.77 7.73 5.58 8.05 13.17 10.98 16.85 22.36 17.0 5.64 6.69 3.29 2.49 7.39 8.93 10.29 9.88 8.86 12.67 13.47 11.03 10.44 9.37 7.84 6.77 6.97 8.6
3.38 5.12 6.78 3.71 8.03 10.02 5.44 8.4 27.11 17.45 16.71 12.72 11.11 8.93 17.66 12.15 5.44 2.96 5.27 4.73 6.69 2.01 5.99 4.89 9.54 7.23 5.68 5.42 4.22 11.53 10.91 16.8 24.22 17.26 16.05 9.29 8.03 7.0 5.1 5.6 6.44 11.67 14.71 16.96 9.52 18.33 5.06 6.25 4.01 7.6 10.11 5.15 7.03 10.1 13.34 11.19 9.29 9.47 7.46 9.1 6.69 2.32 3.76 8.8
7.3 3.48 5.1 2.29 5.97 12.32 14.59 15.63 18.27 11.95 20.71 11.86 10.18 6.23 8.17 14.12 12.31 6.1 6.66 6.3 5.55 2.99 2.83 6.22 10.36 6.84 4.78 9.51 7.2 5.0 10.62 21.6 14.92 10.7 26.37 15.85 7.57 4.98 4.47 5.82 11.02 15.85 22.43 17.1 14.68 14.53 5.56 8.73 7.4 6.16 7.8 8.82 8.52 7.88 15.46 8.48 4.67 7.5 6.56 4.64 1.99 2.65 4.98 15.58
6.27 3.09 5.08 3.65 10.74 9.05 4.06 6.95 13.4 13.53 23.01 21.65 10.75 4.34 8.04 4.48 3.95 4.83 4.06 3.11 3.6 3.34 3.14 4.16 8.64 6.67 3.03 2.55 3.84 6.71 12.33 8.25 12.74 12.42 9.53 8.5 7.39 6.15 9.09 9.33 24.16 11.72 12.68 6.63 7.45 6.32 9.03 7.86 3.35 3.56 7.34 6.71 5.08 6.58 6.45 5.63 4.11 6.33 2.31 3.13 1.65 2.12 4.76 18.46
4.94 4.95 4.21 5.03 11.09 7.89 4.8 4.07 9.97 8.22 11.13 16.47 10.32 10.01 8.37 5.72 3.49 3.84 3.24 2.01 2.59 2.22 3.82 4.25 9.51 3.78 7.56 3.32 3.06 4.3 9.49 9.36 11.15 8.18 10.61 8.09 12.45 12.62 20.76 33.52 10.97 6.94 13.96 7.7 6.67 7.2 9.85 5.76 3.69 3.9 4.41 5.09 5.02 4.38 5.25 8.55 2.37 3.63 3.69 5.36 5.98 3.46 6.32 4.77
5.31 6.61 4.63 8.66 10.44 9.13 10.37 9.21 8.1 9.08 15.35 17.13 10.34 12.38 13.62 7.04 4.49 3.51 3.67 2.98 7.08 3.39 4.91 3.29 3.37 3.29 5.54 4.25 3.76 3.54 7.49 9.33 7.52 9.01 11.09 15.85 23.37 21.88 10.47 12.82 11.06 9.79 14.18 14.86 12.09 4.36 7.17 3.53 5.9 4.79 5.86 2.82 3.76 4.84 5.12 5.11 2.96 3.57 3.12 2.72 3.05 4.83 4.61 2.92
4.88 5.59 6.26 11.08 10.18 10.83 9.15 12.91 13.97 11.6 15.05 16.43 13.48 14.16 8.64 5.07 4.03 2.56 4.08 8.86 8.35 2.94 4.8 8.81 4.73 3.82 4.55 6.14 7.28 5.37 5.6 5.6 21.72 17.98 24.29 17.76 12.55 13.32 24.1 17.62 8.28 8.45 14.4 10.65 10.9 9.2 7.77 2.43 5.25 6.35 14.86 3.33 4.96 5.2 4.7 4.02 3.76 4.4 4.54 3.76 2.44 4.98 5.83 6.15
4.07 4.6 4.67 14.39 8.85 9.64 9.11 13.34 12.82 13.35 18.27 12.38 6.53 7.07 4.59 4.44 5.39 2.83 5.79 5.91 13.58 6.35 9.17 6.81 4.76 3.77 4.95 10.6 10.78 7.19 5.46 6.72 26.71 15.44 16.16 7.49 5.45 11.22 11.81 11.3 5.23 11.81 6.62 8.56 8.15 5.18 7.0 1.77 6.9 4.04 6.35 6.03 8.35 4.87 5.06 5.04 3.53 2.9 2.66 2.01 2.18 4.79 4.22 5.11
7.25 4.47 4.12 6.26 6.98 10.6 9.32 7.1 12.33 16.41 6.56 7.22 6.75 6.65 3.06 6.56 9.57 3.21 3.98 6.18 4.66 5.61 5.44 4.08 3.43 5.64 11.84 8.91 7.8 8.39 6.14 6.86 13.92 9.07 24.61 14.28 8.26 16.75 11.25 9.86 5.62 14.2 9.96 10.4 5.14 5.01 6.63 2.24 3.1 6.35 9.97 4.02 4.1 7.92 7.78 5.72 7.62 3.48 2.15 3.19 9.59 9.38 16.2 7.64
11.51 6.11 11.17 8.97 7.96 12.02 9.59 11.23 9.33 12.42 3.18 8.46 4.56 5.92 3.49 5.32 4.97 10.78 9.06 7.38 4.2 3.82 3.11 4.18 3.58 4.11 7.56 12.04 18.43 16.98 9.3 6.34 5.52 9.15 28.36 18.61 7.75 13.32 13.83 9.95 6.79 12.33 6.51 5.6 4.1 3.05 1.99 3.52 3.96 3.97 6.26 4.71 6.04 7.14 10.43 8.27 4.97 2.91 4.25 4.79 6.73 6.03 13.65 13.39
6.61 12.44 23.52 12.02 14.15 13.65 7.19 5.4 9.41 17.39 4.41 9.93 4.21 2.89 2.42 9.45 8.99 12.34 7.19 3.0 2.15 3.83 3.95 4.99 5.51 4.17 5.56 18.31 9.24 13.58 10.02 9.51 7.31 8.14 20.85 9.12 7.34 10.22 11.54 11.39 11.97 12.0 10.15 5.23 1.91 3.19 2.52 3.5 3.17 4.21 5.71 5.5 8.67 13.14 5.17 4.37 5.49 3.04 6.58 4.58 16.23 17.38 15.4 12.56
8.56 20.13 47.47 23.25 18.63 10.03 7.53 13.31 9.48 7.93 7.03 4.59 2.22 2.34 6.01 10.69 14.38 15.14 7.89 2.65 1.76 6.08 5.68 7.61 5.52 3.85 11.94 14.86 16.88 20.88 8.63 11.89 5.63 7.47 7.89 9.76 15.61 12.72 11.81 23.87 21.78 10.27 6.36 4.46 3.08 2.59 3.73 4.33 4.65 7.52 4.09 3.91 10.87 4.54 5.29 3.47 7.14 1.95 4.37 11.9 17.09 28.25 20.38 6.03
13.44 22.81 32.27 15.32 10.54 3.77 4.52 9.82 6.71 4.56 4.46 3.15 3.19 2.1 3.68 8.26 10.83 8.24 4.83 9.04 3.66 9.75 3.51 4.64 4.45 3.67 7.87 8.76 11.0 16.76 21.05 7.29 4.47 3.26 4.1 4.61 13.18 20.05 19.2 15.4 8.15 5.74 11.52 3.05 3.91 1.83 2.64 2.48 7.65 7.93 3.62 4.17 5.24 3.79 5.44 3.82 5.83 9.01 11.6 15.27 12.66 16.89 9.76 12.06
8.07 16.57 11.39 7.64 6.81 5.48 3.43 3.77 4.92 9.67 5.83 2.6 3.88 3.05 3.49 6.79 9.84 4.54 5.28 10.51 5.71 13.52 7.91 5.37 6.22 5.84 6.51 5.85 6.67 8.08 17.72 3.82 4.9 2.41 7.42 6.58 13.16 14.13 12.86 26.34 8.24 7.27 13.12 4.04 3.1 1.59 3.42 2.39 6.03 7.74 5.85 9.94 9.52 3.61 2.28 4.84 3.67 10.39 12.25 9.58 16.38 18.52 16.56 18.02
5.28 13.11 9.25 7.88 10.85 5.29 3.31 4.96 5.73 10.4 12.24 4.77 4.77 3.69 5.04 2.3 6.26 4.66 8.25 6.51 4.61 8.42 6.67 9.42 8.65 5.03 6.6 10.54 11.29 6.03 9.65 8.32 4.4 2.44 7.15 12.7 9.47 7.79 13.45 15.4 9.76 15.15 11.89 6.36 3.51 2.76 2.75 4.11 11.72 8.26 4.42 5.79 5.19 4.13 5.31 4.31 5.6 9.96 8.87 6.37 11.11 23.93 23.67 14.46
10.14 14.34 7.05 8.79 6.88 6.63 3.99 2.67 5.37 10.18 15.47 14.55 8.99 4.99 4.17 3.44 4.69 2.16 4.75 3.66 5.72 8.25 8.07 12.43 10.07 15.93 15.59 6.25 7.08 8.97 8.45 16.64 12.08 8.56 6.35 7.63 18.65 13.62 11.1 15.8 9.96 16.9 13.19 11.1 7.23 5.66 4.74 10.21 20.73 12.01 9.67 6.88 3.94 4.52 8.34 2.18 2.76 4.26 9.31 6.13 10.95 9.56 15.64 32.03
5.42 19.77 9.22 12.79 12.05 12.01 8.14 10.37 8.91 5.34 7.45 13.3 6.27 6.01 6.18 4.9 2.51 3.25 2.88 4.8 3.27 4.51 4.66 7.99 7.6 5.21 4.26 6.29 8.29 7.16 13.78 13.92 11.62 8.59 16.87 7.79 7.43 11.04 13.18 9.05 10.44 15.31 11.87 15.62 19.24 10.49 5.46 5.8 8.18 7.51 9.24 6.1 4.0 6.33 4.25 2.3 4.48 4.49 6.41 4.65 6.86 4.87 9.5 17.9
7.23 12.65 6.31 11.39 6.17 15.17 7.48 14.32 10.98 5.43 7.82 7.97 5.88 8.99 4.05 2.45 4.36 4.74 2.34 7.59 3.48 4.37 7.67 15.38 9.04 3.61 5.72 3.87 7.58 9.05 5.98 7.34 14.75 18.71 15.97 11.78 10.01 11.8 11.78 8.86 9.24 9.21 11.98 21.25 20.63 10.54 11.26 9.76 5.94 8.88 13.65 5.88 5.88 8.34 5.46 3.66 4.78 8.65 15.63 8.74 8.66 6.15 16.01 18.53
9.5 5.21 8.03 9.59 7.05 15.6 14.39 7.07 6.48 4.63 11.0 6.41 8.82 13.46 5.82 8.26 4.56 5.87 5.54 9.61 6.65 8.5 6.15 7.23 4.6 8.69 5.47 4.14 4.94 7.78 10.36 12.59 7.15 9.72 8.6 10.55 8.27 7.04 12.76 6.8 6.54 8.05 13.78 18.19 13.19 5.28 9.12 4.85 6.28 6.19 7.64 9.4 3.09 5.42 5.6 7.88 13.89 8.22 10.49 5.37 8.54 8.86 12.01 17.78
6.67 3.57 4.67 8.94 8.68 6.54 7.98 7.93 6.87 4.9 3.99 7.06 7.36 17.43 10.45 11.24 3.52 3.1 3.56 7.2 5.69 6.63 6.6 3.9 4.04 8.22 6.55 7.48 8.01 7.05 9.2 15.38 14.12 10.13 12.99 8.37 4.45 9.85 10.73 7.01 9.0 5.28 8.99 11.49 11.53 3.28 3.6 7.75 12.64 11.57 8.38 7.8 3.89 6.85 3.31 10.04 18.94 9.51 15.11 5.69 4.83 7.88 8.6 11.11
6.17 5.64 5.68 5.95 5.42 11.31 8.58 6.5 5.87 5.4 7.5 5.04 5.73 7.25 8.04 9.88 4.54 4.48 8.78 12.61 8.99 7.89 5.18 3.55 1.76 4.0 10.75 24.92 26.67 13.31 7.41 11.2 18.32 12.23 10.34 6.57 6.39 9.78 13.35 10.81 13.83 9.77 10.18 9.36 7.47 6.79 5.44 8.67 6.3 10.04 6.23 3.79 6.82 16.72 7.35 9.09 21.12 21.98 8.64 6.76 6.63 10.05 12.95 6.83
4.91 3.87 3.75 7.94 11.94 9.92 4.98 5.12 5.82 4.15 8.66 13.15 10.27 3.43 5.35 6.94 3.4 3.95 11.18 6.59 9.03 6.02 3.83 5.89 4.35 5.04 4.53 15.9 17.86 7.97 6.87 12.06 16.06 16.7 11.29 9.09 4.08 11.22 6.54 10.24 23.93 19.49 10.6 10.05 5.56 13.32 8.12 7.07 6.15 4.44 10.2 7.59 6.1 6.78 9.29 13.01 20.21 13.25 20.92 10.51 6.75 16.42 10.97 9.91
9.25 7.29 5.48 8.08 8.78 6.49 4.3 3.15 3.08 5.56 13.36 12.74 13.2 9.68 4.5 2.13 5.27 6.42 6.69 4.01 5.06 4.13 5.68 10.71 4.33 5.45 6.22 11.65 6.62 7.01 4.4 6.95 10.72 27.93 8.81 5.28 4.13 11.0 6.26 9.51 15.1 9.16 10.33 6.95 4.28 5.83 8.54 6.44 3.66 4.7 5.87 4.19 6.73 13.44 9.2 10.04 15.91 12.1 21.74 24.71 12.0 9.87 10.81 13.86
9.63 7.52 5.63 9.07 6.86 4.19 2.18 3.03 3.57 4.65 6.44 17.01 7.14 5.96 6.61 4.74 3.94 5.44 4.46 3.38 2.66 3.14 11.64 7.43 8.84 4.34 8.49 8.72 6.54 7.8 4.62 6.36 5.5 7.98 6.31 5.82 4.79 3.83 5.92 9.05 7.83 11.5 8.89 3.48 2.74 8.38 6.85 7.53 4.31 3.11 5.14 12.42 17.34 9.59 8.8 13.14 7.04 8.94 10.55 8.97 9.41 5.88 7.6 6.54
6.43 5.76 9.42 10.62 4.84 2.45 1.87 3.53 5.83 8.26 7.68 11.26 10.77 10.08 4.67 5.45 6.05 5.31 5.62 2.55 4.33 5.69 8.85 7.52 11.36 8.11 8.11 6.35 4.61 12.6 11.25 7.17 4.28 7.2 4.26 5.13 14.54 8.99 6.62 7.16 9.56 10.1 11.96 6.54 3.94 11.32 12.27 7.97 4.11 2.59 4.69 8.6 12.1 10.47 13.48 11.23 7.22 8.84 7.51 8.65 18.4 8.6 3.11 4.11
6.02 4.02 5.11 5.75 3.46 3.11 4.75 5.37 4.42 5.71 5.85 7.66 9.16 8.29 4.19 10.58 4.8 4.27 4.49 3.78 5.36 7.74 10.87 5.69 3.56 8.79 14.63 11.23 6.28 7.45 10.86 10.7 6.65 5.84 4.79 6.78 9.95 7.95 5.56 3.5 5.45 10.62 11.38 12.47 5.16 8.77 4.96 7.09 8.93 3.09 5.27 10.08 13.24 12.41 14.61 3.99 6.1 7.24 10.7 7.22 7.76 7.23 4.65 8.1
4.33 4.21 2.39 3.62 1.55 5.07 4.64 3.9 6.22 3.65 6.23 9.38 8.68 12.68 8.85 10.54 4.16 9.47 6.5 5.26 8.45 18.56 5.22 4.88 11.11 9.65 16.47 17.21 7.11 5.31 5.68 11.71 8.62 13.4 9.65 15.28 18.18 11.09 4.44 4.59 4.49 10.39 7.56 7.69 8.39 10.03 5.03 6.16 7.75 3.93 6.22 6.44 10.85 9.12 6.32 3.42 7.11 22.6 10.39 10.88 10.31 6.18 10.0 13.44
4.42 5.32 5.45 6.83 3.99 4.17 4.18 7.06 5.95 3.55 5.39 8.92 11.54 14.38 9.29 10.36 7.54 12.32 7.6 7.07 6.85 22.62 11.51 8.94 3.79 8.65 20.23 15.17 7.41 6.46 18.08 8.28 8.83 16.7 6.23 7.2 6.51 20.01 8.0 9.15 6.58 5.84 8.22 9.83 4.44 2.9 4.3 3.02 3.76 6.99 7.35 7.97 8.81 7.32 2.77 5.28 9.15 8.41 4.45 6.69 10.12 9.6 12.43 19.85
3.68 4.32 2.66 2.64 3.99 5.4 4.27 5.22 5.97 6.76 6.84 5.74 8.42 11.33 7.75 9.49 18.18 14.36 7.2 10.34 8.79 8.95 6.92 12.13 5.48 14.76 9.16 10.27 7.33 8.24 16.05 13.27 12.55 7.57 5.57 14.25 7.45 10.67 8.31 8.12 8.92 8.87 9.09 8.92 7.49 4.91 4.25 2.66 5.9 4.89 6.2 7.35 8.05 8.22 2.57 11.43 9.37 6.99 4.43 6.42 10.44 11.16 9.11 17.74
3.5 4.25 3.53 3.31 3.57 7.6 6.63 7.27 5.48 10.68 7.4 5.89 6.54 18.17 15.77 9.4 12.54 11.61 9.63 11.0 14.95 5.38 6.13 12.04 6.84 8.89 8.46 8.07 6.88 10.71 10.36 8.6 7.55 11.64 12.45 11.69 18.43 10.65 6.91 7.68 12.78 19.5 7.42 11.72 7.69 10.22 6.15 5.58 9.86 10.42 8.47 6.21 4.99 8.94 3.86 5.77 4.3 4.96 6.37 6.45 11.2 8.06 7.04 11.45
4.14 7.98 6.2 7.15 5.49 2.57 4.4 4.7 4.62 8.17 6.21 8.82 9.52 14.98 12.21 9.18 21.39 8.7 8.22 6.83 9.86 11.84 13.47 7.76 6.78 5.43 4.28 5.36 6.95 7.0 3.23 8.59 15.4 12.22 12.82 21.1 15.5 13.89 7.69 14.0 12.52 17.74 13.2 12.93 6.14 7.41 6.69 10.19 13.31 13.87 5.09 7.33 7.67 3.57 3.49 7.39 8.61 4.6 13.14 7.14 6.15 9.25 14.56 15.42
6.06 7.28 8.63 5.06 7.15 2.2 2.32 4.26 9.66 7.16 5.24 4.35 7.03 9.45 13.41 27.59 9.78 9.58 5.26 7.76 9.43 6.63 10.02 3.95 4.39 6.2 7.99 3.42 2.34 5.59 4.1 4.85 9.74 10.27 11.06 13.96 10.22 17.2 10.73 13.22 17.13 12.54 5.35 3.9 6.29 8.75 8.71 9.79 11.81 9.4 7.16 7.14 4.72 3.74 3.79 4.14 7.55 7.63 5.61 8.24 13.91 11.04 12.02 14.74
7.39 5.57 9.17 6.8 5.34 3.77 5.94 2.97 7.16 6.81 3.64 4.27 9.9 9.18 9.45 15.51 7.5 11.55 4.98 12.72 13.01 3.47 4.83 2.2 2.39 1.83 3.67 6.09 3.74 8.94 9.47 7.41 10.24 5.69 5.27 10.81 9.43 8.68 10.7 18.72 11.17 5.62 10.92 5.27 4.15 3.65 4.27 6.88 9.39 8.84 10.74 7.93 4.57 5.01 3.75 5.38 4.83 6.6 7.62 12.11 11.34 9.73 4.93 8.49
13.08 5.5 8.72 8.0 9.5 6.89 8.93 3.97 8.11 7.41 4.0 6.87 6.35 10.21 7.26 7.41 6.51 7.34 10.38 13.36 11.07 9.34 8.36 2.08 2.91 2.94 4.13 4.7 8.27 6.44 7.1 7.81 8.56 6.62 8.96 11.36 11.68 10.01 5.75 6.65 4.3 5.68 8.79 7.15 8.7 4.61 4.81 13.56 11.03 18.07 6.25 10.59 11.98 6.25 5.96 6.61 10.78 9.01 10.65 11.06 6.39 13.23 8.12 5.42
5.49 6.12 13.43 16.88 13.46 5.79 7.36 2.49 5.35 9.18 8.19 4.19 4.96 5.59 9.39 9.09 10.9 7.74 9.28 14.07 7.57 7.2 8.52 3.01 2.86 2.2 2.69 7.13 6.14 5.12 4.02 4.49 7.86 6.1 9.51 11.08 7.26 5.33 9.82 17.34 10.64 7.85 7.02 5.65 6.59 4.84 3.49 7.5 7.44 14.81 13.14 11.41 9.3 8.55 11.83 9.67 8.09 9.22 5.41 8.28 10.2 17.24 8.76 4.82
4.39 7.79 22.49 11.04 9.93 4.85 8.55 4.15 9.35 11.52 21.38 12.63 9.93 3.23 5.68 13.72 10.51 7.07 11.58 16.07 3.9 6.4 4.67 3.66 5.4 3.51 2.68 8.04 7.49 2.69 2.47 3.51 14.35 6.28 15.59 6.73 8.56 12.43 11.79 11.7 10.61 6.96 5.82 3.89 5.81 12.97 5.8 6.99 7.4 8.69 8.56 12.46 20.93 17.67 10.06 12.09 6.38 15.8 6.4 8.28 13.61 19.03 14.17 11.1
10.15 9.0 14.5 15.37 14.26 12.53 10.56 7.65 10.73 9.76 13.27 9.24 18.75 15.25 22.61 17.77 23.47 7.99 18.12 14.64 7.72 7.76 3.57 3.25 8.1 5.08 4.28 7.23 6.74 2.64 4.12 4.69 4.17 5.45 11.15 8.76 8.72 19.58 13.57 6.09 8.05 7.56 6.91 9.34 5.7 4.72 10.3 11.25 3.83 4.99 13.48 16.89 15.1 28.17 18.63 9.34 8.29 13.66 6.82 8.37 7.2 12.44 11.56 9.85
8.23 9.33 9.98 6.62 8.7 11.86 14.67 24.3 30.92 9.69 14.25 16.25 15.87 20.39 19.16 10.49 12.36 12.12 24.17 11.77 10.42 7.25 5.57 8.3 12.86 6.6 7.5 4.53 2.36 2.96 3.51 5.86 6.92 9.91 9.59 6.74 8.77 10.1 6.84 4.82 4.56 6.31 4.45 10.35 15.83 7.48 9.28 6.73 5.12 6.31 9.72 19.72 17.88 17.76 12.39 13.94 10.88 3.69 4.67 10.91 11.38 4.27 11.16 10.54
4.4 7.85 9.45 8.12 10.68 6.87 11.2 15.61 12.95 20.05 10.02 16.42 15.62 14.75 18.88 12.19 10.2 14.61 14.04 10.03 11.74 5.94 8.48 10.21 17.64 14.6 7.78 4.2 1.63 5.29 5.82 7.17 6.53 5.37 5.05 4.88 7.85 11.4 6.08 5.98 3.86 6.11 5.15 4.57 6.79 6.98 15.51 5.9 4.68 4.08 8.37 11.2 13.24 25.97 10.52 14.08 7.58 6.16 5.74 6.53 4.72 5.17 6.71 7.22
5.45 4.04 4.32 5.36 8.61 6.52 7.64 13.99 13.75 15.38 10.15 13.43 9.96 14.41 24.04 9.71 8.72 10.43 6.65 11.9 12.31 8.89 8.89 16.17 11.73 12.78 8.65 3.28 2.49 7.92 10.26 8.93 6.51 4.75 4.19 3.09 5.66 7.27 5.5 5.99 4.22 5.68 5.38 9.23 8.97 8.71 7.71 6.65 4.02 6.33 14.72 13.66 13.52 16.64 7.72 15.18 8.07 4.62 3.26 8.6 3.42 6.03 7.08 8.01
6.2 8.55 6.67 3.4 3.57 6.04 11.59 15.54 13.39 6.45 10.03 20.43 19.53 17.24 17.1 13.84 9.6 10.36 7.56 8.91 17.66 11.91 12.78 8.32 4.31 6.22 5.99 4.6 5.79 8.08 11.22 11.69 11.12 7.55 1.84 4.47 5.86 7.32 10.12 12.66 3.19 9.23 4.91 7.39 7.03 12.9 9.83 3.59 4.56 4.21 9.35 11.46 8.43 8.75 12.77 11.05 10.28 7.76 7.12 3.95 2.89 7.37 4.37 5.27
4.07 3.91 4.35 5.73 4.74 4.83 15.61 10.05 12.82 15.32 20.63 22.52 14.71 13.61 10.12 11.49 13.1 11.88 6.74 19.2 10.68 12.11 7.77 4.01 9.09 9.32 9.49 6.72 6.39 11.49 16.15 9.97 9.75 6.67 3.81 5.35 4.59 6.96 3.82 4.86 4.02 4.74 6.13 6.17 6.34 9.26 6.77 4.2 4.97 3.6 6.43 15.36 8.34 6.17 11.05 12.98 10.55 6.82 4.06 1.51 3.48 4.32 6.14 12.12
3.74 1.5 2.2 6.04 9.07 9.54 6.58 6.77 9.98 15.94 19.35 28.85 18.17 10.51 10.84 6.46 7.61 13.89 10.76 16.2 6.12 10.22 7.83 4.99 11.17 10.49 9.2 5.46 15.9 17.13 20.89 10.9 8.34 9.84 8.59 9.61 4.04 3.43 3.21 4.96 5.59 6.35 7.97 7.22 9.1 7.8 7.49 9.69 5.22 5.83 4.3 7.68 8.67 10.04 13.5 8.26 16.31 9.99 2.77 4.07 4.6 4.24 6.88 11.17
