9.98 8.68 3.97 3.21 3.29 2.54 3.63 4.64 4.2 3.6 2.45 2.56 3.24 3.78 7.05 5.28 3.51 6.34 4.72 7.43 5.44 6.6 4.85 9.98 5.12 5.87 7.1 8.42 12.42 5.82 8.97 5.5 7.49 8.84 10.61 7.44 9.25 10.89 6.77 10.55 8.92 11.42 9.1 9.58 8.29 6.99 4.38 3.25 10.2 7.07 13.38 17.8 19.15 24.28 15.2 8.95 11.39 8.74 6.14 6.12 3.3 9.47 7.45 7.45
10.96 8.12 4.95 4.07 5.39 3.25 5.0 3.87 10.96 9.0 5.39 5.87 4.19 6.8 10.37 12.93 4.14 8.1 5.03 6.47 9.29 6.86 15.86 11.63 4.46 3.62 5.27 6.0 7.32 11.32 10.2 4.09 6.39 8.84 9.13 14.16 7.65 10.21 6.5 15.17 12.87 16.54 17.82 11.22 11.42 9.35 19.94 8.14 7.15 4.2 8.84 15.48 22.69 20.43 10.0 9.28 12.85 6.13 2.34 2.77 4.07 5.21 13.9 10.08
4.28 7.19 5.86 13.73 9.25 3.67 7.44 12.75 17.81 14.51 7.22 7.47 3.73 4.6 5.22 7.25 4.56 5.34 5.1 9.0 12.78 7.54 19.04 14.19 5.1 3.28 2.89 8.52 9.32 13.07 13.49 7.25 8.61 11.1 19.47 11.37 7.26 6.53 7.96 6.46 19.37 13.57 9.29 25.49 9.48 11.65 14.41 7.01 7.72 4.86 5.48 11.22 12.92 19.47 22.14 15.81 13.09 7.93 3.74 2.52 4.57 4.83 11.14 6.24
9.59 25.3 11.61 11.68 11.38 4.7 7.94 11.04 13.36 14.38 7.18 10.3 5.35 7.28 6.04 8.09 5.7 4.96 3.75 4.77 7.44 3.11 9.38 7.28 9.83 3.23 2.16 6.25 3.45 8.4 6.37 6.83 10.13 19.63 17.58 20.34 9.38 5.57 10.62 8.08 18.73 6.35 11.99 19.04 9.32 9.56 13.15 6.83 5.22 7.04 9.15 15.09 13.97 17.89 16.11 14.73 21.31 11.35 2.41 3.08 3.08 3.42 5.0 4.43
12.67 17.51 7.25 20.09 10.54 6.05 13.27 19.97 25.01 18.75 12.08 8.31 7.24 5.65 3.45 3.13 3.9 2.71 3.08 3.15 8.0 3.66 8.85 7.02 5.95 5.57 4.02 7.25 5.45 11.09 13.16 8.42 11.13 15.54 9.75 9.8 7.29 7.13 6.91 4.9 12.08 15.93 10.08 15.39 8.47 9.53 10.02 6.67 2.93 4.3 5.57 10.01 6.35 9.51 9.84 10.93 6.28 4.88 3.89 5.0 4.77 3.19 2.46 6.01
11.85 14.56 9.47 18.9 11.09 11.32 19.79 24.28 29.58 26.73 13.94 13.22 7.44 7.16 4.85 5.23 3.78 3.84 4.5 12.09 7.9 3.68 6.06 1.71 2.82 4.12 3.4 4.12 4.68 8.7 9.22 7.86 6.39 14.01 6.42 16.31 8.77 10.1 12.49 6.73 5.12 5.99 10.19 8.03 6.12 4.94 11.56 4.87 5.5 3.48 2.73 5.01 11.05 7.98 4.54 3.36 4.47 3.13 6.0 6.52 7.54 2.59 1.77 2.95
15.54 7.23 7.2 24.78 14.46 13.63 19.91 18.85 27.17 38.23 12.83 6.53 9.45 10.67 13.15 4.99 7.01 7.43 6.57 8.64 5.98 6.21 3.09 5.47 3.38 7.02 5.63 8.49 5.43 5.7 11.61 4.17 8.87 6.96 5.16 6.73 3.75 5.96 6.27 5.93 5.73 6.48 10.39 7.71 3.95 6.13 4.29 4.99 4.95 2.79 3.59 4.67 4.91 8.01 7.51 3.22 5.15 3.34 7.57 4.82 8.14 3.33 3.31 4.03
12.23 9.21 3.8 12.14 18.63 13.14 12.98 17.32 15.4 17.86 15.96 7.31 12.44 6.92 6.92 4.64 5.29 4.36 5.75 6.77 8.47 6.71 6.18 11.56 4.27 5.15 3.87 3.06 3.23 4.88 7.07 4.22 7.81 4.26 6.88 13.03 4.48 5.73 6.16 4.99 7.64 4.29 6.8 6.13 4.04 4.63 10.85 4.89 6.33 3.7 1.69 2.73 3.75 10.88 2.44 3.48 3.93 3.19 3.63 6.01 3.82 6.44 4.99 3.28
13.17 8.83 5.04 7.93 10.69 8.75 16.43 13.6 10.25 24.62 12.37 10.23 16.95 15.52 5.88 3.35 3.69 8.22 7.85 11.08 6.85 4.83 4.83 10.44 3.68 2.67 2.59 7.41 4.49 3.71 5.16 2.21 2.78 4.33 6.66 6.51 2.74 2.05 5.73 6.46 6.93 5.13 4.33 8.15 2.97 6.14 9.13 6.22 2.11 2.55 1.8 2.51 6.44 5.91 1.88 2.23 3.36 3.17 6.09 4.22 6.41 6.86 5.63 4.51
11.08 9.52 10.71 9.33 11.71 7.76 15.1 7.68 7.16 8.17 4.64 9.07 13.11 14.26 6.08 4.71 3.54 6.4 9.13 7.29 6.25 5.56 8.28 9.37 6.04 5.68 3.73 5.16 6.72 7.49 4.52 2.12 2.03 4.11 5.12 4.44 2.15 2.21 10.0 9.93 12.11 6.4 5.87 3.08 2.82 6.69 5.9 6.63 4.5 5.09 2.34 3.86 6.8 3.47 2.94 3.47 3.2 2.36 8.44 7.28 3.16 3.52 3.47 5.47
5.61 6.71 12.48 11.51 11.24 17.01 17.63 9.43 8.34 5.92 7.57 9.43 15.04 24.15 13.45 6.19 7.5 5.45 11.24 7.95 3.58 4.73 7.92 9.16 6.42 4.42 2.74 3.14 7.9 8.88 10.23 2.9 3.12 3.6 4.55 3.51 2.26 4.49 4.47 4.98 6.97 9.18 3.98 5.23 3.76 5.94 11.44 10.65 9.08 3.14 3.26 7.15 5.56 2.8 3.83 2.94 4.71 4.56 12.82 9.03 6.27 2.44 3.59 5.75
6.05 5.52 19.54 18.49 16.66 23.59 21.51 11.47 7.41 7.49 6.19 10.61 10.86 6.83 11.09 7.55 7.19 4.2 4.8 5.35 5.15 5.65 5.86 3.75 9.3 7.34 3.41 5.0 16.55 9.94 7.9 3.66 3.44 5.59 2.69 3.69 1.85 4.32 4.58 6.31 5.56 8.28 9.85 8.22 7.46 22.49 14.34 5.11 4.93 5.38 2.99 5.65 3.18 5.79 7.73 10.51 4.66 10.72 15.48 6.34 4.74 3.39 3.99 5.42
4.6 4.57 9.52 15.55 12.66 12.01 15.03 14.51 13.0 18.17 9.21 15.0 9.23 8.56 15.53 17.41 8.51 5.64 3.5 7.28 5.51 4.34 3.84 11.14 2.61 5.74 3.79 4.45 9.6 9.44 9.08 5.33 7.69 11.59 5.65 5.12 4.05 7.98 10.11 5.9 6.09 15.21 11.91 6.4 6.69 14.74 10.17 6.03 23.74 17.23 10.49 5.6 6.13 4.36 10.94 9.27 8.65 14.78 10.58 5.08 3.22 3.29 3.54 5.76
4.12 4.1 8.71 15.53 28.37 16.53 20.58 23.09 13.44 11.45 14.92 13.1 16.36 8.52 16.52 21.5 16.27 9.28 9.68 10.11 7.85 10.11 13.7 6.89 4.93 5.28 6.47 7.8 10.41 17.61 12.65 8.02 6.24 9.33 8.57 15.35 7.6 5.4 8.01 5.15 5.78 20.87 11.5 4.34 6.54 13.57 10.84 7.59 13.1 10.05 6.36 6.09 6.05 3.44 10.12 12.9 18.27 20.32 7.64 3.99 3.11 3.55 4.27 3.21
8.68 5.82 8.11 16.37 15.42 12.77 18.01 16.84 18.31 17.35 17.69 9.15 14.2 12.39 8.23 6.91 6.71 8.03 9.32 14.0 11.76 17.83 13.39 11.56 8.92 3.15 6.93 6.61 10.58 11.59 9.2 3.87 8.09 10.49 10.42 9.65 9.14 5.07 5.99 5.57 7.14 13.01 17.83 11.45 5.19 9.39 9.05 10.41 10.04 5.52 8.82 2.48 4.03 3.82 3.82 7.68 11.34 25.78 7.49 9.98 2.37 5.27 4.08 3.85
15.49 16.37 14.61 5.5 8.78 11.74 12.96 18.53 18.38 12.79 6.49 13.38 13.96 20.77 9.97 4.52 6.43 11.89 10.41 7.55 7.38 7.8 10.35 8.67 8.28 6.04 12.1 6.72 5.03 12.47 8.42 12.2 4.23 8.53 10.42 19.18 7.19 6.41 7.88 11.32 5.57 9.21 14.15 8.3 5.43 7.82 5.28 7.21 7.63 7.21 3.96 5.99 6.61 4.26 3.98 7.35 25.53 20.99 14.28 15.17 5.71 4.27 5.14 4.29
10.79 15.93 16.42 8.32 9.09 12.03 9.23 11.22 9.39 14.59 10.29 11.78 14.19 13.5 5.75 4.19 6.94 12.81 9.43 10.79 7.87 7.95 15.67 14.4 7.12 6.52 6.46 7.69 12.29 10.82 10.79 7.57 9.96 10.45 18.13 18.61 22.43 13.24 20.32 6.78 3.29 6.38 7.28 10.16 6.48 8.82 8.98 7.45 6.1 7.1 3.61 6.64 6.13 4.33 4.84 7.88 7.58 25.92 8.54 9.92 8.81 12.0 10.54 2.87
10.25 9.2 23.46 11.95 15.08 13.0 8.85 6.59 7.7 8.8 13.46 12.72 17.11 7.9 8.65 4.4 8.88 5.09 4.98 3.73 5.15 7.81 11.11 8.85 4.84 5.59 8.99 8.94 10.76 13.2 10.08 23.57 12.5 17.14 12.96 39.3 20.44 15.58 38.28 5.87 6.0 9.14 9.45 4.51 8.18 3.03 8.78 7.48 8.34 12.03 4.41 5.39 3.97 5.33 6.25 7.31 5.14 11.55 5.71 6.62 12.57 5.4 10.5 2.92
6.66 6.86 9.22 5.14 6.84 13.3 9.1 5.91 7.33 8.22 10.43 6.13 7.85 10.75 9.38 10.45 12.39 3.62 4.25 8.82 5.8 5.27 10.14 7.31 6.82 9.65 9.89 9.64 10.55 7.54 8.9 12.77 14.4 31.79 24.96 22.77 13.16 14.44 19.56 11.35 5.62 13.09 7.69 5.34 4.33 2.78 3.87 7.71 4.89 5.14 3.41 2.97 7.66 5.99 5.07 5.24 6.78 12.08 6.86 5.88 5.63 7.78 8.74 7.26
6.97 6.04 6.77 5.58 9.04 12.12 10.91 12.82 7.67 10.23 11.03 6.81 5.7 8.5 8.69 9.54 5.84 5.37 4.18 9.67 7.09 10.69 7.94 3.44 4.31 7.42 3.75 6.82 6.49 4.59 5.96 20.01 14.8 23.16 25.26 31.36 21.55 8.63 4.43 5.98 6.12 10.66 8.48 5.82 4.03 3.89 3.66 4.9 4.39 1.98 3.25 3.6 5.31 9.38 5.8 4.25 7.11 6.24 7.79 4.96 8.27 12.14 21.47 7.7
4.4 8.0 3.6 3.12 5.41 12.0 14.14 7.39 10.75 14.56 14.45 6.69 9.17 11.31 13.26 7.63 6.68 7.48 6.43 7.58 5.99 3.12 4.54 3.09 5.28 5.75 6.47 6.18 8.66 5.31 11.24 10.03 7.14 6.63 16.35 12.36 12.7 4.01 4.9 8.2 7.7 14.4 9.8 13.44 2.53 2.51 2.07 4.07 3.23 3.0 4.19 8.59 10.53 7.55 7.85 3.47 7.91 21.74 8.44 8.09 5.53 7.71 12.17 6.56
11.64 6.59 4.22 3.46 4.44 5.38 9.36 7.87 7.02 10.03 6.73 6.84 6.94 8.11 5.98 6.63 5.2 6.16 5.4 4.01 7.12 2.85 3.58 2.29 3.15 4.84 3.2 5.79 8.9 5.15 4.72 8.71 7.51 9.37 22.0 8.87 16.4 6.18 10.94 10.54 17.63 13.96 13.22 12.24 10.68 5.14 6.29 3.59 2.33 7.37 4.05 9.29 7.66 6.82 3.89 4.29 6.68 13.8 8.73 10.65 7.6 6.21 10.53 4.96
14.28 8.0 6.9 7.26 4.31 5.44 7.94 5.62 8.5 12.53 9.12 5.37 11.18 9.12 7.18 9.7 6.45 9.68 12.39 2.37 4.8 4.45 1.51 1.81 1.9 2.61 2.61 6.7 8.62 15.13 4.39 9.76 10.11 13.59 10.67 6.35 12.71 7.08 6.13 7.09 7.71 9.82 7.84 24.18 8.63 7.87 7.78 7.59 4.63 5.16 6.52 11.71 27.1 16.52 14.5 6.53 9.43 12.18 8.97 17.47 8.11 7.47 6.41 4.77
23.06 14.26 13.08 6.65 7.51 8.68 5.67 6.62 7.48 8.71 6.84 6.38 7.9 8.13 7.12 4.77 8.59 6.78 6.62 2.96 5.21 7.48 2.44 2.52 5.07 2.79 2.51 7.56 8.49 8.57 8.28 10.52 15.07 19.21 11.49 9.98 9.64 10.46 11.5 8.85 6.65 8.94 7.5 13.71 8.04 5.57 9.02 4.02 4.17 5.5 4.3 7.04 18.18 13.99 12.22 14.05 12.78 8.11 5.88 13.38 5.39 6.36 5.42 3.64
32.83 23.58 22.38 19.67 8.13 7.04 6.47 4.33 13.46 6.7 15.78 7.74 9.49 8.66 6.09 4.56 3.7 4.35 2.84 3.7 3.76 2.93 4.13 2.93 6.51 4.47 5.96 8.37 12.92 7.21 16.52 13.2 16.49 29.28 7.48 10.01 9.15 13.51 9.87 7.19 4.42 4.35 5.47 11.6 8.51 5.76 8.54 5.9 6.56 6.3 5.89 7.52 12.44 10.71 15.06 5.13 12.54 3.99 4.17 4.53 4.99 6.96 3.67 5.32
30.48 9.33 21.55 16.7 11.16 10.74 6.23 7.79 8.41 6.59 7.87 8.08 13.72 12.48 7.47 3.37 2.1 6.02 4.87 3.06 2.35 3.82 3.51 4.88 6.53 7.64 7.66 5.16 10.45 15.14 31.21 22.57 13.76 14.88 15.82 18.14 21.76 13.29 14.57 13.13 6.42 5.58 7.25 6.95 5.12 5.36 9.66 4.55 5.11 7.63 3.9 12.38 9.63 8.05 8.43 8.06 12.67 5.45 3.57 3.38 3.25 4.85 7.8 7.0
19.65 19.86 23.97 13.92 8.03 13.18 5.65 5.68 8.33 5.31 7.24 6.67 18.7 16.96 7.57 4.41 3.42 4.85 3.04 3.24 2.27 3.5 3.51 12.32 10.4 10.73 9.43 8.05 14.28 9.18 16.54 16.9 23.57 18.55 28.52 34.34 16.12 13.97 12.71 16.51 7.53 6.86 7.1 3.35 3.44 3.21 4.4 5.17 4.28 13.98 8.99 9.59 10.63 8.61 11.16 12.45 11.23 6.46 3.05 3.43 4.59 7.83 5.0 7.47
25.89 19.58 11.18 8.94 10.7 9.66 8.23 7.13 10.67 12.65 9.25 11.12 11.32 12.74 7.95 5.18 4.7 2.69 5.94 3.22 5.57 5.36 4.52 9.08 12.81 18.72 13.27 24.58 20.53 21.47 22.53 16.68 18.64 12.94 35.23 19.7 15.73 5.55 14.29 18.6 8.57 6.65 5.93 2.76 3.88 3.31 2.24 2.86 4.55 7.38 6.04 12.01 6.48 9.96 8.95 18.45 5.7 4.31 2.98 3.87 2.62 8.88 6.41 8.15
14.05 15.29 12.35 7.27 8.13 10.57 8.28 9.13 7.4 6.03 4.24 6.29 11.49 8.23 5.27 5.65 7.81 4.85 5.8 7.54 9.18 4.69 10.41 7.7 17.41 16.26 16.35 20.08 26.69 22.18 17.73 14.35 18.65 27.47 17.27 33.5 14.85 12.21 17.35 23.41 7.99 5.47 4.67 4.09 6.54 5.24 5.49 2.59 4.96 5.68 8.48 4.73 4.4 3.11 7.4 5.99 10.66 4.58 3.27 4.28 2.44 9.25 9.85 7.45
21.98 16.78 26.22 5.48 7.49 8.58 6.49 9.18 10.71 14.17 9.43 12.38 6.41 12.43 8.7 10.47 9.3 3.39 3.19 6.02 13.6 6.77 8.62 8.0 17.7 22.43 11.69 12.27 20.84 11.08 10.29 14.56 14.77 10.24 8.34 21.84 11.6 10.23 17.86 19.12 7.97 7.97 8.08 8.71 8.17 6.8 2.63 2.71 8.09 10.43 4.65 7.38 3.94 3.77 9.5 7.0 7.49 3.47 3.76 4.11 4.77 6.19 12.32 7.47
16.02 15.07 18.17 12.54 3.93 5.46 3.79 8.36 38.13 16.5 17.21 5.42 6.33 5.69 5.18 5.87 5.41 4.35 4.37 12.02 11.26 9.54 6.8 5.97 10.39 8.6 7.3 4.88 11.66 9.08 13.41 12.56 12.33 10.77 6.24 11.69 9.4 13.45 5.7 8.92 7.67 5.41 6.66 4.92 10.34 3.45 6.02 6.07 5.64 9.5 5.23 8.84 3.04 6.24 5.86 5.34 8.42 10.83 8.13 9.48 7.73 3.91 10.11 16.58
26.8 15.82 17.43 10.86 3.05 4.17 3.76 9.95 18.73 12.43 7.35 6.53 4.65 5.81 7.88 4.32 4.69 2.91 3.07 9.12 11.52 6.37 5.04 8.37 13.23 10.55 4.56 6.99 5.2 11.92 11.53 14.23 9.49 3.68 4.46 8.07 8.25 5.29 7.7 5.07 10.59 4.89 9.42 7.75 9.3 7.33 6.53 13.37 7.68 7.94 5.27 3.66 4.34 7.58 4.22 3.21 7.99 6.54 11.62 7.77 6.01 6.71 9.49 5.57
14.9 22.2 13.4 13.53 3.72 2.86 2.89 6.04 16.34 14.32 9.52 5.77 20.31 19.59 15.19 6.66 5.88 2.63 5.19 11.3 7.71 8.57 6.64 12.95 11.1 14.54 9.62 5.86 5.95 6.36 7.98 6.66 9.83 2.19 3.21 11.7 11.11 6.48 3.14 6.59 9.8 7.18 14.4 6.67 3.7 5.26 8.08 7.78 9.79 5.5 5.47 3.24 5.83 9.56 8.34 3.99 5.86 5.62 7.66 8.03 3.31 7.24 5.77 4.83
19.18 15.93 7.87 9.1 4.46 3.08 4.21 9.37 9.39 10.56 11.95 8.84 15.02 15.97 11.37 12.58 6.35 2.78 2.77 5.21 10.75 8.22 15.54 9.59 9.47 10.82 5.67 4.46 6.2 4.28 2.86 4.92 5.59 3.21 5.45 6.68 5.9 2.02 5.63 7.94 11.27 16.75 7.06 4.34 8.62 11.14 5.66 9.12 7.34 6.55 7.0 4.56 4.79 5.85 8.08 5.42 7.55 10.87 14.1 10.09 3.87 10.7 10.82 3.8
18.87 8.28 9.32 9.22 4.38 8.18 10.41 7.05 7.1 11.75 11.25 9.93 23.25 18.54 14.18 15.56 8.13 5.44 3.2 4.33 4.78 5.73 12.52 12.39 5.89 6.65 7.62 4.54 9.45 3.08 2.5 5.14 5.77 2.73 2.56 3.96 3.2 2.74 3.06 9.1 7.28 9.59 9.1 7.13 6.47 7.7 5.81 8.28 4.96 6.13 7.71 7.5 9.44 12.19 5.32 15.23 12.39 11.24 8.14 5.71 5.08 8.94 9.3 3.82
52.79 16.67 7.27 4.75 3.69 5.25 7.51 4.82 4.31 7.33 10.46 13.89 12.99 12.5 7.33 11.44 9.49 5.3 5.69 3.37 4.2 6.53 7.07 10.21 9.43 12.28 8.27 4.81 4.77 6.93 3.42 8.3 5.86 2.75 4.73 3.99 3.59 4.46 4.68 4.08 10.34 5.72 7.72 4.92 7.64 6.8 5.21 5.94 7.9 7.49 6.38 19.0 10.98 4.8 6.64 5.58 6.57 6.11 9.31 2.8 3.85 5.47 9.79 9.26
31.05 23.94 12.25 5.57 4.95 7.13 6.24 4.95 9.59 8.43 13.47 8.35 9.8 6.07 13.76 20.55 12.68 5.91 4.34 4.91 3.55 5.01 7.88 6.2 7.99 12.7 10.78 6.19 3.35 2.84 4.4 2.8 7.92 4.07 4.58 6.83 3.06 8.82 7.33 8.46 9.92 16.41 13.73 9.43 6.66 3.79 8.18 3.86 6.3 3.43 5.23 14.14 10.8 8.01 5.91 4.02 6.02 6.42 6.69 4.91 9.37 3.56 5.41 6.93
14.23 15.53 6.87 7.06 5.97 3.64 5.85 7.54 11.18 9.92 8.01 7.59 6.07 7.61 8.7 11.01 5.82 4.14 4.49 5.89 4.86 5.54 4.7 5.27 14.28 12.66 11.08 7.63 6.63 7.05 15.0 10.26 4.09 4.06 6.58 4.54 5.02 11.77 12.93 6.71 23.79 21.2 15.22 8.33 3.43 2.96 5.88 5.85 4.53 5.07 4.1 11.77 10.2 12.33 6.66 2.8 3.26 5.15 4.78 3.47 5.5 6.17 3.8 8.94
17.68 11.57 8.1 5.6 6.75 4.95 4.06 10.29 13.28 6.49 4.59 21.52 9.24 10.9 5.91 11.59 5.94 4.53 9.58 7.14 4.03 3.54 3.24 5.63 7.94 12.39 11.5 13.24 4.69 6.67 5.16 3.46 4.91 4.94 4.93 3.78 8.11 16.67 10.58 26.22 16.53 28.71 11.26 8.89 5.24 4.49 6.93 3.68 8.3 9.06 16.68 13.05 17.89 5.99 5.9 2.34 3.68 8.28 4.42 6.26 7.16 9.16 11.81 6.61
20.62 12.54 4.58 8.06 4.45 6.29 4.57 5.52 11.96 5.28 6.87 13.82 5.09 13.58 9.22 10.81 9.33 6.99 9.5 7.92 8.95 6.36 8.25 7.31 14.26 6.71 12.95 12.55 4.85 4.38 4.7 7.86 12.77 6.49 11.59 5.02 7.96 5.02 15.99 29.57 18.59 13.03 12.37 17.84 9.96 13.91 6.88 7.64 9.47 6.58 16.46 12.39 9.17 10.21 6.35 3.96 4.93 9.01 13.71 4.91 8.14 13.77 7.12 4.4
12.82 10.18 3.74 4.65 4.44 2.72 4.11 2.97 5.94 5.02 7.18 13.88 18.88 20.72 11.14 7.35 8.58 7.17 11.63 8.08 8.04 7.41 14.68 19.1 10.59 5.89 6.01 7.05 6.72 7.44 3.48 14.41 20.12 7.15 14.18 8.5 12.51 9.59 27.29 36.64 14.33 10.76 19.09 9.38 11.26 13.92 8.08 4.93 9.42 4.86 9.37 6.49 6.11 7.66 4.66 4.65 5.06 14.33 9.25 5.21 6.91 22.74 9.14 5.08
10.54 16.16 4.26 10.95 4.25 4.51 3.95 2.78 3.55 8.6 9.9 10.74 14.56 8.23 12.94 8.66 9.06 10.31 10.94 3.93 7.85 6.11 11.51 20.09 7.62 13.39 14.96 13.62 3.56 3.63 5.41 11.44 8.01 11.33 11.9 14.12 8.12 15.68 20.29 18.03 6.65 9.81 6.43 6.08 8.37 5.13 3.37 5.91 7.41 5.68 3.18 4.77 2.79 4.29 4.52 4.13 6.09 9.72 9.63 10.04 22.64 13.88 7.62 6.2
6.31 12.88 8.76 7.65 4.96 4.68 3.57 3.49 6.9 8.35 6.15 7.4 4.17 6.44 6.8 9.93 5.96 9.9 9.11 8.09 7.58 9.37 11.84 13.97 11.23 14.92 16.7 10.15 4.37 4.27 3.73 7.36 9.54 7.49 10.54 12.17 6.41 10.86 9.04 5.63 4.16 9.52 6.45 4.96 4.56 3.48 19.27 6.97 6.33 3.06 3.99 2.44 3.84 3.24 4.28 4.15 3.84 11.14 13.03 24.69 27.24 16.09 10.02 5.15
5.08 5.56 7.82 5.91 7.27 5.26 4.69 6.69 13.12 6.35 6.38 11.57 8.92 10.01 9.83 6.2 8.97 7.16 7.42 7.86 5.74 8.2 6.89 8.7 20.52 10.57 22.12 14.23 7.92 5.73 6.36 2.77 3.47 3.86 6.53 6.35 6.95 16.2 21.09 7.52 6.98 5.41 5.42 2.51 3.51 6.96 10.63 6.0 2.58 2.69 2.24 2.33 2.26 2.75 6.73 4.84 6.56 10.5 20.13 22.01 33.1 18.61 17.07 5.96
3.11 6.16 5.29 4.17 8.15 3.8 5.78 3.53 16.43 11.32 7.74 14.17 5.75 10.38 5.87 6.8 5.68 6.21 5.63 9.54 5.23 6.82 7.31 7.33 13.08 15.72 15.21 20.25 10.32 15.9 7.75 4.05 5.02 3.66 8.9 6.29 8.43 11.76 14.61 3.24 3.37 3.06 9.12 4.66 4.21 9.45 9.32 5.71 3.93 2.22 2.61 3.83 2.43 5.84 5.07 6.85 11.32 9.35 10.68 18.43 7.77 16.49 8.65 7.13
2.72 5.68 4.74 7.52 3.4 6.36 6.01 9.96 13.61 16.25 10.88 7.57 6.53 7.72 8.53 5.27 11.36 4.32 2.97 7.24 3.56 5.48 3.68 8.5 5.05 8.55 6.02 17.58 16.8 26.63 9.08 10.22 6.73 4.06 5.98 7.98 10.12 10.96 6.78 7.11 6.39 4.9 3.26 6.52 6.43 17.95 13.1 5.66 5.12 4.93 3.5 3.56 2.51 6.22 9.01 8.07 9.89 8.77 13.31 5.72 6.35 5.66 10.5 3.11
3.15 8.66 10.36 9.29 7.75 8.35 9.02 8.73 20.39 13.95 5.66 5.05 5.4 7.25 11.72 11.54 7.33 2.62 5.22 9.19 6.77 8.87 11.22 5.92 6.57 5.05 7.5 13.96 24.13 10.22 10.78 6.31 4.61 3.02 2.63 2.91 3.5 6.48 8.37 7.27 4.28 3.61 4.93 6.39 12.76 14.51 12.25 8.28 11.09 5.12 2.85 2.65 5.78 6.09 7.58 11.33 10.97 10.06 6.57 5.43 5.53 3.74 3.16 2.52
5.76 4.45 7.14 9.75 8.19 4.65 6.4 8.57 10.67 12.72 5.73 4.69 2.61 5.38 6.43 5.98 5.84 2.45 5.94 3.65 6.91 6.36 4.47 6.11 6.27 5.53 11.55 7.29 9.11 9.85 11.75 6.74 6.29 3.39 4.62 2.75 3.13 7.35 4.61 5.14 6.01 6.72 5.0 7.77 11.97 18.95 8.48 11.22 10.36 5.53 5.73 2.57 3.17 3.78 3.35 7.54 14.3 4.83 12.76 5.46 6.33 4.02 5.11 3.62
9.19 5.31 9.31 6.74 16.06 9.11 11.58 7.0 5.67 6.5 4.63 3.7 3.2 5.0 3.95 8.66 4.92 7.45 4.35 7.25 5.61 9.82 6.15 3.69 6.55 4.86 8.03 6.57 5.19 18.08 14.88 10.34 4.82 6.96 3.04 2.77 2.9 7.05 7.57 7.21 6.83 4.95 7.15 10.44 9.81 21.9 11.28 7.98 6.78 6.09 7.12 4.74 6.76 6.6 6.14 17.04 15.18 14.34 7.18 6.06 2.77 4.54 4.58 5.46
10.84 7.93 8.11 10.46 11.97 18.9 10.29 9.65 8.63 8.32 1.83 3.66 4.72 8.41 8.1 5.85 6.73 4.53 2.8 10.31 5.28 8.24 7.88 9.48 10.29 13.69 14.09 7.98 3.83 12.1 26.28 8.11 3.27 5.51 3.47 4.28 2.55 4.8 10.96 6.37 10.15 10.94 15.04 10.44 8.47 30.06 17.7 8.41 8.38 7.03 10.66 6.94 9.02 5.23 7.89 6.75 9.46 7.91 11.1 5.2 4.35 3.95 3.86 4.61
17.79 14.35 19.42 10.96 11.97 9.6 10.74 7.53 15.46 4.51 5.46 5.82 6.29 5.44 9.55 9.19 6.5 6.31 6.03 13.61 5.87 6.45 9.26 12.44 20.72 11.07 17.07 5.14 4.64 9.28 5.19 4.79 2.89 2.14 4.92 5.21 4.04 4.63 10.11 6.88 22.96 12.84 18.91 9.69 10.43 17.94 20.78 5.94 6.77 9.81 7.76 12.35 11.46 9.57 8.12 6.69 13.84 24.47 14.91 7.7 4.33 5.43 4.54 2.83
14.73 8.07 11.17 12.74 5.82 13.81 4.14 4.18 3.16 5.9 4.39 2.98 6.52 7.16 11.69 8.36 16.97 6.48 12.24 15.09 7.47 11.51 11.06 11.34 14.81 13.97 20.42 15.17 6.9 14.31 11.16 11.38 4.3 2.45 3.92 5.96 4.26 5.91 8.91 9.35 19.26 11.09 7.13 8.34 6.05 25.55 21.87 14.38 14.64 8.45 5.96 4.2 9.02 6.06 9.17 12.12 8.86 13.97 15.08 5.07 3.29 5.69 2.65 3.11
16.46 19.7 16.61 9.66 5.19 13.72 5.18 3.36 3.51 7.41 4.07 7.26 8.0 9.2 8.21 5.47 5.4 5.83 9.3 19.59 4.63 9.47 7.45 14.88 29.29 13.05 28.72 16.19 18.36 14.36 7.83 8.88 4.47 3.97 2.54 6.69 3.06 8.43 11.46 20.55 17.13 18.83 12.16 5.25 7.08 16.1 9.26 16.7 12.31 9.54 8.61 7.12 10.6 10.0 2.76 6.33 6.9 10.1 16.36 6.7 5.16 9.39 4.71 6.43
17.17 10.94 10.03 8.28 9.96 15.17 6.87 3.68 2.0 5.5 5.36 5.64 4.93 5.08 7.55 5.48 11.29 16.58 22.85 23.41 9.83 10.86 10.47 6.44 12.0 17.04 23.6 37.84 26.62 8.8 9.02 10.22 5.56 4.51 4.66 2.56 3.4 5.13 12.85 20.39 29.43 14.25 7.89 5.57 8.54 7.47 4.47 11.31 13.16 6.7 12.67 10.55 6.32 3.65 2.83 5.52 11.09 22.55 18.2 7.25 7.29 6.94 3.87 4.78
11.0 9.07 12.18 10.39 16.27 17.83 5.63 2.7 3.15 3.88 6.48 5.79 7.24 3.99 7.03 5.18 12.38 12.0 6.5 12.48 8.9 17.3 12.1 8.04 20.46 11.9 20.79 32.57 15.64 9.58 8.11 10.54 3.33 5.0 6.29 6.28 6.82 9.03 15.28 15.09 24.17 11.57 12.98 6.0 4.49 10.6 9.35 12.53 13.42 4.28 6.92 7.76 5.82 4.72 2.79 5.08 14.94 20.4 17.77 12.21 11.27 6.08 8.0 6.06
11.75 10.45 11.18 11.76 9.86 13.14 4.64 3.82 5.19 5.65 7.91 7.95 9.56 6.03 4.78 5.05 10.33 10.48 8.9 12.48 8.71 12.98 9.6 41.86 24.86 8.89 17.28 15.77 6.54 11.04 3.54 5.76 4.71 5.47 13.36 13.0 9.85 12.87 10.11 13.8 16.11 11.14 9.4 6.33 7.81 15.31 6.95 10.82 8.01 6.58 10.75 22.54 13.07 5.9 7.29 9.75 11.52 20.77 12.43 6.23 12.41 9.47 6.43 5.97
6.71 8.38 7.18 17.25 14.19 8.98 5.06 9.14 7.02 7.78 7.47 6.96 6.44 5.53 3.03 5.93 4.83 6.37 5.37 9.81 7.41 13.96 23.62 15.63 26.16 19.65 17.77 6.09 4.84 6.39 2.5 4.69 7.72 5.38 7.03 8.42 6.58 12.12 12.96 14.97 13.72 14.51 14.71 10.67 19.39 20.46 14.71 10.13 8.63 5.87 7.84 14.44 6.95 3.91 4.23 10.37 7.53 9.07 16.08 7.33 14.81 12.55 13.77 5.31
5.76 6.32 9.89 10.85 6.99 9.18 6.39 4.56 4.21 6.59 6.49 5.97 7.11 5.89 4.82 6.8 8.63 4.51 5.5 3.87 4.39 15.08 9.97 12.32 35.4 13.58 6.49 5.01 3.0 3.51 2.75 2.62 6.53 3.21 8.92 5.31 6.29 5.03 9.27 9.34 12.04 13.83 6.9 12.55 12.28 24.4 9.88 15.9 7.3 3.75 14.44 11.12 7.73 9.5 11.24 8.06 5.72 7.02 5.28 4.68 8.19 8.87 9.47 6.72
4.99 4.9 6.44 2.29 4.47 9.29 3.97 4.98 6.23 5.97 14.48 10.28 7.81 5.35 5.61 3.63 7.77 10.6 10.45 3.47 3.08 11.54 7.61 6.59 12.93 11.49 5.99 7.54 3.58 2.34 2.13 4.25 7.53 5.92 8.22 6.41 4.28 4.74 7.16 8.16 5.42 6.65 6.32 12.05 18.1 15.2 12.13 10.02 6.91 7.31 11.66 14.64 12.96 9.75 8.36 12.84 4.25 4.56 2.49 6.69 6.52 5.49 8.4 7.73
6.47 10.19 3.72 6.2 5.25 13.96 6.34 5.74 12.94 7.65 16.55 6.56 3.6 2.54 3.64 2.39 3.93 7.0 4.95 6.9 10.37 10.09 8.62 5.74 8.87 16.72 6.82 6.37 2.7 2.74 2.88 5.53 4.99 8.97 8.78 3.87 3.57 6.12 6.9 6.3 4.02 8.07 7.3 11.27 15.34 15.51 7.19 10.99 12.5 7.33 12.36 6.22 9.52 10.46 7.3 10.16 8.74 6.61 4.62 2.75 4.04 3.18 3.63 11.07
8.07 9.04 6.93 9.49 11.77 11.54 8.55 4.43 7.16 9.79 13.41 6.87 3.37 2.09 2.73 4.07 4.79 9.96 5.74 5.5 8.82 15.76 9.89 4.27 4.93 2.98 7.0 5.32 6.21 4.94 3.93 9.32 6.44 4.88 5.57 3.82 2.82 5.29 7.17 6.44 4.75 10.31 10.38 5.02 12.57 9.56 6.25 10.17 11.11 8.1 6.45 6.4 10.91 7.64 5.45 16.41 13.27 6.53 3.57 2.51 6.2 4.89 4.37 10.36
11.53 6.97 5.19 8.8 10.82 5.93 3.83 2.34 5.69 8.3 13.31 3.69 2.16 2.83 2.1 2.77 4.23 3.82 3.32 6.11 8.96 13.01 9.77 8.48 5.62 7.37 5.41 6.17 4.16 4.23 6.3 3.97 8.93 10.6 10.44 9.42 4.05 7.86 7.3 8.42 7.8 12.09 6.81 11.59 18.28 4.3 6.16 9.52 11.42 9.24 5.84 2.88 6.77 6.47 6.88 7.3 7.27 5.34 7.59 7.72 7.01 6.47 5.98 12.23
9.98 6.91 13.05 10.57 19.77 7.34 8.92 5.1 9.15 10.08 6.95 6.8 3.51 8.44 1.92 3.48 3.06 3.21 8.41 13.01 10.71 8.7 6.98 5.11 7.1 3.81 3.69 3.74 3.56 2.25 5.67 8.84 13.27 9.08 8.46 7.18 3.59 5.5 5.84 10.1 5.28 15.32 18.0 11.79 11.48 9.76 9.62 7.11 11.72 7.28 5.1 8.16 4.1 9.58 5.13 13.56 9.35 4.9 7.79 5.09 3.45 4.49 3.93 4.4
6.99 8.88 12.01 5.56 13.1 8.16 4.77 4.28 5.52 6.56 7.85 5.51 4.33 6.78 2.32 4.45 3.91 2.83 6.93 8.83 13.71 8.99 6.04 8.15 4.06 4.9 3.95 3.44 2.67 2.28 6.22 11.3 12.02 7.85 11.58 5.1 6.44 5.71 8.65 12.06 13.2 8.97 11.51 10.27 8.77 8.17 7.55 9.09 9.92 11.5 8.97 5.75 3.32 4.69 5.24 4.97 6.09 7.9 8.51 10.73 4.67 4.05 5.49 9.95
