6.34 4.05 4.94 9.61 7.73 5.51 3.92 4.64 7.38 5.56 6.36 2.38 7.76 11.81 6.0 15.04 12.69 6.71 12.55 21.39 24.03 18.35 36.54 11.41 4.64 17.06 7.93 5.93 9.47 5.34 2.89 3.42 5.47 8.61 6.18 9.08 6.66 4.29 9.02 13.04 8.51 11.22 12.77 11.06 6.13 6.98 2.01 1.59 2.23 1.75 3.56 6.89 6.85 13.88 12.94 7.05 6.67 9.54 8.73 14.18 9.82 7.5 5.63 7.15
4.79 3.35 5.76 4.18 7.13 7.13 8.18 8.06 14.39 6.52 6.22 4.9 4.43 11.94 5.68 12.38 11.48 7.41 6.99 7.85 12.47 22.17 25.94 14.94 6.97 8.31 4.97 6.09 6.65 2.32 2.29 2.57 4.56 3.84 10.59 8.94 7.85 7.63 9.71 13.18 8.15 20.26 15.01 11.08 10.71 4.58 2.77 1.81 2.2 3.38 3.86 8.77 10.41 16.2 10.65 11.81 13.87 14.21 10.07 16.94 11.68 13.09 6.04 5.95
5.64 3.7 4.71 6.71 5.84 7.6 6.66 4.61 4.92 3.63 4.61 4.76 6.35 9.15 5.07 7.02 9.23 4.3 8.02 8.3 16.1 18.96 19.9 14.83 7.56 7.97 5.48 4.24 3.93 3.2 2.34 3.31 3.76 5.2 11.57 12.94 13.83 18.53 9.82 12.63 10.06 13.36 15.04 6.61 5.5 2.26 1.63 2.41 2.04 3.98 5.18 8.92 6.28 6.58 7.75 6.35 9.16 8.38 11.62 14.49 7.87 8.25 11.28 4.15
9.08 5.92 5.16 6.42 8.16 7.41 15.73 3.66 7.86 7.25 4.19 4.34 3.01 4.07 5.39 4.51 4.22 3.15 11.16 7.14 11.87 27.9 18.23 10.75 9.96 4.6 3.9 3.74 12.67 2.86 2.13 4.63 4.7 5.34 11.2 8.31 15.5 12.53 11.84 11.07 15.64 19.04 26.39 12.93 6.28 3.21 2.54 3.91 2.12 2.49 4.97 4.57 6.48 10.26 4.73 4.76 5.88 10.74 8.83 13.93 10.35 5.34 7.16 6.34
8.06 6.11 4.42 5.33 4.02 4.78 5.18 7.24 5.82 5.12 3.0 3.28 1.88 4.81 4.84 5.22 5.29 3.62 9.72 4.42 8.63 11.75 13.5 9.04 10.15 8.88 2.33 8.06 8.06 4.4 2.82 5.59 5.3 7.2 8.27 9.27 6.8 12.18 4.44 6.25 9.01 10.52 18.83 8.76 6.26 4.06 10.03 8.37 5.85 3.81 3.73 5.27 3.47 4.85 6.25 3.61 11.42 7.89 10.94 7.19 12.73 7.8 9.58 8.59
10.41 7.54 5.68 5.22 5.13 3.04 8.35 7.4 5.17 7.62 3.53 5.45 4.84 6.37 4.88 8.33 9.18 5.23 7.5 3.6 4.78 17.19 15.48 8.43 7.39 15.22 6.46 4.33 8.77 4.56 5.1 6.46 7.21 4.31 6.94 10.29 5.48 9.25 12.89 7.05 14.13 6.9 11.75 5.77 5.74 6.31 7.72 10.01 5.04 3.6 2.65 3.93 3.8 7.1 5.07 6.56 14.4 16.25 9.31 5.85 7.14 12.06 7.48 9.22
10.66 6.63 6.31 4.19 2.17 2.85 5.65 6.58 6.1 4.05 4.84 6.02 8.02 6.83 9.05 7.44 7.09 7.24 6.5 4.83 6.75 10.42 12.27 4.94 5.02 7.01 4.79 5.76 10.65 5.4 4.31 11.05 5.75 6.77 6.78 10.3 3.74 4.47 9.59 9.14 15.87 23.33 7.82 8.61 6.3 15.38 8.18 6.81 2.88 4.37 1.84 3.28 6.47 6.39 3.87 7.04 17.29 12.93 13.49 8.31 5.12 7.75 11.21 10.08
8.39 7.87 5.44 3.7 2.58 4.76 5.72 7.13 5.35 4.46 5.99 6.68 9.21 6.56 5.74 11.87 6.12 6.35 4.28 8.79 9.27 10.95 14.94 8.86 7.43 6.55 10.56 5.38 7.83 5.67 5.17 5.7 5.87 8.58 15.54 10.06 10.05 5.15 7.65 4.5 10.98 20.73 11.3 10.57 9.78 12.53 11.59 9.7 8.03 4.58 3.55 4.23 5.31 5.28 5.25 6.24 7.23 13.47 14.81 15.94 6.1 11.66 9.08 4.54
4.11 5.87 5.86 4.63 2.81 4.88 5.51 3.89 5.64 4.45 11.28 10.94 11.49 5.43 7.65 5.87 8.33 5.94 6.34 3.25 5.95 5.09 8.21 9.2 6.19 9.32 9.44 7.6 9.21 7.85 6.65 8.19 4.77 12.26 23.68 13.69 11.64 11.15 5.64 10.0 6.81 9.39 9.08 17.39 14.42 11.93 11.02 10.5 10.59 6.47 5.36 3.84 4.29 4.95 4.79 2.09 9.37 6.95 7.72 8.53 5.5 10.96 7.93 5.59
3.86 5.97 6.94 4.17 5.3 5.09 7.48 6.51 6.79 6.29 4.55 5.44 6.35 10.32 5.0 2.52 7.97 7.32 6.69 3.34 7.28 7.99 3.83 5.82 4.22 5.21 5.93 6.28 8.08 5.39 17.32 8.54 7.51 10.78 22.68 19.18 13.65 16.4 9.4 5.35 9.08 6.32 15.33 15.42 17.78 13.79 8.55 7.75 5.59 6.73 8.65 4.4 7.37 4.14 2.25 3.55 3.84 5.54 4.94 9.76 2.63 4.01 4.93 4.47
6.48 3.51 7.81 3.04 4.15 5.39 9.93 9.34 7.97 9.52 2.24 2.65 4.07 4.8 4.7 5.09 8.62 10.92 3.49 4.2 3.3 9.98 7.73 9.39 10.62 6.3 5.98 5.34 3.47 6.42 13.51 15.59 7.82 6.88 16.37 16.24 11.04 13.1 8.79 5.85 10.08 10.81 13.2 35.48 19.78 14.92 17.06 11.16 8.69 14.72 15.1 8.14 5.48 6.62 5.72 4.23 4.6 3.15 6.26 9.82 9.0 3.75 2.97 4.23
5.85 6.64 11.67 8.12 5.47 8.75 11.64 5.8 4.85 7.2 3.56 2.36 3.15 4.65 3.92 7.57 10.33 12.8 3.29 2.97 3.79 4.34 13.1 9.09 21.91 8.48 6.4 8.35 4.96 6.16 15.53 8.07 7.4 9.66 11.56 14.99 7.63 12.38 9.17 6.92 9.0 11.78 17.92 19.71 20.23 13.5 9.55 9.56 15.62 18.53 13.47 9.22 3.71 7.06 3.05 6.41 4.21 3.98 5.02 5.42 3.32 2.35 6.78 5.9
12.3 7.12 12.53 6.44 9.17 9.04 13.47 7.27 11.75 7.42 5.48 3.29 9.87 6.96 5.87 4.59 8.78 8.38 4.56 5.64 4.21 4.37 8.09 9.84 7.94 8.04 5.76 8.18 9.59 9.9 24.83 8.72 6.5 7.32 6.66 13.43 6.34 12.92 8.1 8.0 7.1 10.77 14.2 15.63 31.95 12.91 7.72 14.15 19.32 12.54 7.74 32.22 4.26 5.94 5.97 7.73 5.08 3.89 6.75 4.02 3.06 5.38 10.37 9.8
11.82 6.13 5.42 7.48 4.47 8.75 2.15 8.73 5.96 7.37 8.97 5.37 8.93 4.27 8.0 7.73 7.68 10.08 9.55 13.26 6.57 4.79 7.36 6.16 7.0 7.05 6.18 3.99 13.21 11.82 21.47 10.23 7.1 9.16 3.18 9.35 7.21 5.41 4.74 8.25 9.57 7.33 14.54 8.41 9.01 7.06 10.04 9.93 13.06 7.18 9.52 7.69 3.87 6.24 7.53 4.53 4.05 2.79 5.32 5.59 6.64 8.81 5.87 6.97
7.91 3.64 7.39 11.26 7.47 5.83 4.68 4.36 8.48 8.75 18.45 6.39 11.35 7.68 11.29 9.77 10.83 7.25 7.7 17.99 12.58 4.82 4.26 7.14 7.91 3.53 5.05 6.23 7.48 19.84 10.76 5.28 6.27 8.19 6.0 4.33 4.99 2.48 3.82 3.24 3.63 6.85 11.97 12.37 7.16 9.1 10.04 5.24 7.97 8.84 4.89 3.75 3.86 2.15 3.4 5.44 3.24 3.58 6.64 11.67 12.54 13.94 6.21 9.16
7.9 6.8 4.45 8.45 6.96 9.55 5.51 10.15 9.3 10.46 10.6 12.33 8.95 14.53 6.49 8.45 8.32 7.0 12.04 10.7 8.28 2.39 3.11 6.6 4.89 2.14 3.69 7.44 4.1 13.79 13.25 6.0 6.75 7.3 7.73 3.43 3.48 3.8 2.48 2.78 4.53 4.37 8.27 8.85 8.8 10.85 4.56 6.79 4.94 8.19 3.68 3.71 5.6 3.04 6.69 4.23 2.9 3.05 2.51 5.29 7.34 13.5 12.38 5.91
6.37 6.63 5.65 7.0 12.14 12.2 13.14 12.72 13.54 9.65 10.73 24.18 11.41 12.99 10.82 8.51 10.3 11.0 11.19 19.83 3.38 2.92 3.14 6.73 7.52 3.86 6.0 6.39 8.5 13.22 11.22 9.27 11.15 11.41 9.4 3.96 4.69 2.11 2.91 4.15 7.69 6.6 6.89 4.43 3.53 9.71 5.04 7.47 5.11 8.53 4.73 2.51 8.84 5.18 7.16 6.79 4.43 3.92 5.11 11.11 6.58 9.82 12.77 7.15
3.26 6.32 7.92 7.1 7.59 25.1 11.0 8.67 10.45 5.55 8.74 11.02 11.02 9.57 9.7 8.39 10.11 4.7 7.63 11.69 7.36 2.78 7.95 3.17 5.98 5.39 3.34 4.31 4.63 11.01 7.33 10.85 12.81 16.64 8.13 4.53 2.87 4.13 3.13 6.88 3.6 6.8 3.93 4.34 2.54 5.4 5.61 7.6 7.31 3.85 5.63 6.13 7.64 5.5 4.63 8.69 3.75 4.41 8.42 9.95 8.81 11.29 9.24 6.57
4.38 6.27 7.15 4.28 9.12 9.37 14.14 7.3 9.49 5.55 6.23 11.46 11.99 8.12 8.04 3.52 4.73 5.91 13.41 13.1 9.12 4.73 4.51 4.84 4.43 12.91 3.29 3.67 3.91 9.24 11.98 5.99 24.75 4.92 5.53 3.3 3.11 4.28 3.85 9.2 7.76 6.69 6.67 6.81 8.52 5.89 9.83 7.6 5.64 2.59 5.51 6.96 7.19 10.43 8.77 10.84 4.4 5.59 4.31 5.3 9.11 18.85 5.08 6.74
5.47 4.39 8.93 3.71 5.94 10.07 8.32 7.25 5.96 12.25 9.19 10.54 6.94 11.89 10.32 2.96 5.37 7.76 19.19 15.98 11.14 5.74 3.38 3.88 2.95 7.73 4.16 2.36 4.65 6.2 9.68 10.92 22.17 3.56 2.99 3.7 2.28 1.92 2.69 4.4 2.36 3.89 4.9 5.54 4.52 10.35 8.35 4.88 4.0 2.38 3.68 7.57 13.39 11.23 13.9 8.79 7.12 7.67 5.71 9.78 10.71 7.03 6.2 6.79
4.26 7.58 6.44 3.84 9.21 9.38 9.63 7.87 8.09 8.75 8.88 11.09 11.33 17.28 6.45 4.95 7.31 5.16 10.6 12.64 10.17 5.61 5.51 9.4 2.53 3.7 5.13 2.86 3.44 3.7 6.46 8.78 12.41 6.19 3.58 3.97 6.72 4.64 7.15 5.87 4.31 4.57 4.74 4.41 5.81 9.08 6.34 4.51 5.29 2.75 7.2 11.9 8.94 5.92 10.83 14.75 10.15 12.93 8.02 12.51 10.32 6.38 10.01 4.37
7.65 6.04 4.6 5.41 6.6 9.8 8.06 13.8 9.46 5.87 11.15 22.13 18.86 17.36 8.14 6.64 10.26 8.24 8.08 13.85 12.96 5.66 8.88 9.7 2.56 2.94 4.2 2.2 2.1 4.32 7.42 8.07 4.31 5.48 2.85 3.22 13.5 7.27 5.25 8.31 4.55 8.2 7.16 4.25 7.59 5.84 6.43 8.88 3.66 9.38 6.96 17.56 3.34 5.12 9.78 12.34 9.38 6.59 13.26 8.26 8.24 11.58 9.83 9.76
9.22 9.24 5.59 7.51 9.45 8.99 7.36 15.33 28.3 14.01 16.55 14.94 6.2 6.78 4.42 5.15 6.72 7.84 9.3 15.08 15.61 13.35 10.22 11.55 6.1 2.9 3.99 2.84 3.41 5.39 6.75 8.95 5.89 7.56 2.27 6.93 8.99 6.99 9.39 8.24 6.22 6.15 7.73 4.04 7.57 3.87 3.71 7.55 7.6 12.59 12.88 7.05 7.12 3.25 10.23 9.86 7.25 7.02 11.08 5.67 6.16 9.1 8.28 9.01
13.99 7.86 6.84 3.95 10.29 4.65 6.61 8.71 22.65 13.93 11.43 8.69 9.58 6.45 9.57 4.11 3.67 4.26 7.14 7.72 13.25 9.12 9.69 11.45 10.26 2.69 4.87 3.69 4.41 6.87 4.05 11.83 5.6 7.26 7.78 6.97 8.86 8.38 8.0 5.07 4.23 6.56 6.85 4.58 4.16 5.41 3.66 11.75 11.63 15.52 14.35 12.34 3.23 4.3 4.92 9.82 10.0 17.73 6.59 5.3 4.64 9.01 7.83 6.83
9.87 10.4 9.56 6.97 6.75 7.92 13.94 17.83 15.6 16.02 7.5 7.82 9.29 13.43 11.72 6.95 6.5 11.38 7.39 10.3 11.29 11.19 11.51 8.21 9.19 3.94 2.5 2.78 3.45 4.76 9.38 12.03 5.44 9.35 10.54 10.47 10.03 9.84 10.31 5.05 6.56 9.78 14.96 4.21 7.06 8.48 5.5 14.53 14.81 8.91 12.99 8.9 7.56 8.44 10.99 8.65 20.24 7.97 3.82 3.66 6.02 7.06 5.29 5.16
7.8 7.47 8.86 4.05 7.79 9.27 13.42 10.45 12.32 14.63 7.55 5.02 6.85 8.48 7.18 5.62 7.26 10.14 8.06 10.6 7.49 9.32 12.46 6.28 6.52 4.01 6.01 5.03 7.02 5.06 7.32 9.66 9.2 10.48 10.32 6.23 6.45 4.83 12.14 4.36 10.76 15.56 11.08 7.08 12.25 18.28 5.66 12.65 17.91 22.72 13.38 16.69 9.33 8.46 14.54 13.16 17.48 12.44 6.17 4.69 5.29 7.68 7.85 11.78
13.41 14.06 6.74 5.4 9.06 10.97 12.58 10.22 5.15 7.25 5.26 6.26 7.51 14.2 8.49 5.57 3.58 3.9 7.39 5.32 7.96 6.04 12.24 8.39 2.22 4.36 4.35 6.46 11.26 10.2 8.01 7.91 9.1 24.49 5.47 9.47 4.89 9.26 6.78 7.47 8.98 11.7 6.11 7.51 12.62 13.3 8.64 9.67 19.52 21.51 48.2 24.55 12.68 6.29 11.06 10.98 15.17 17.1 13.5 5.54 7.61 7.21 12.0 10.93
14.02 9.34 9.05 6.34 7.43 7.14 11.49 12.01 4.02 11.85 9.26 9.51 16.15 12.71 16.68 5.99 6.3 5.12 4.27 5.66 5.01 7.68 7.54 4.55 1.69 3.77 4.36 2.02 4.86 10.5 11.14 8.65 15.62 13.31 8.16 5.56 8.9 6.04 13.2 18.11 8.68 8.43 7.19 10.06 13.86 6.94 14.43 13.61 27.36 28.73 16.42 34.4 13.92 18.59 7.54 13.76 10.04 11.54 9.16 4.32 7.44 11.76 7.56 13.64
11.59 8.39 7.37 4.57 6.66 7.11 9.76 9.38 8.02 10.04 9.29 7.34 16.98 20.57 11.66 9.3 10.3 10.15 7.9 9.13 7.57 8.91 8.49 3.7 2.11 3.96 3.36 2.27 3.17 5.83 8.7 9.34 9.4 13.62 9.35 8.77 4.89 7.78 6.98 21.22 4.66 4.29 8.15 13.12 11.6 8.04 6.48 7.48 16.7 18.71 16.51 16.99 11.99 11.66 10.38 10.2 35.55 14.89 8.55 7.25 8.56 7.7 11.59 9.3
10.82 5.98 5.48 4.81 9.55 11.62 23.84 22.55 15.97 8.03 7.86 7.31 10.4 9.66 13.69 9.56 16.65 10.34 5.15 10.21 4.95 4.86 8.43 8.46 4.18 2.89 4.88 3.33 4.49 5.34 19.87 10.98 8.69 8.29 10.87 5.4 10.75 9.83 11.28 18.11 11.36 5.62 11.65 17.94 14.61 17.35 15.35 20.26 10.28 19.34 24.02 18.48 11.23 11.03 6.97 13.1 21.27 18.7 8.0 13.23 9.98 8.82 7.7 7.87
6.72 6.17 6.91 7.58 6.54 19.25 12.37 25.71 23.26 11.5 12.11 10.98 11.31 7.79 9.59 10.24 16.47 10.94 4.87 12.07 5.1 5.04 10.86 12.45 7.58 3.13 4.7 3.93 4.06 4.35 11.47 12.15 6.65 10.13 6.39 5.69 3.86 8.33 10.73 7.77 11.57 6.76 6.08 14.76 13.1 14.99 16.77 20.84 16.17 12.52 21.15 17.6 14.87 12.69 18.46 9.71 12.64 12.89 5.92 5.46 7.27 3.85 4.56 4.34
4.74 6.09 3.42 11.58 11.08 8.13 10.12 20.19 33.5 14.78 14.68 12.17 13.3 5.18 12.28 12.75 6.41 7.77 4.92 8.42 9.77 12.3 14.56 12.32 5.7 3.85 5.4 5.23 3.99 5.11 5.63 8.86 8.65 5.86 7.5 7.4 7.11 7.45 8.84 5.86 9.19 5.17 9.2 27.83 17.73 10.87 12.29 12.72 11.09 5.72 20.18 13.36 11.94 16.54 11.04 7.92 10.71 9.34 5.83 7.29 9.96 7.46 8.81 6.43
9.86 2.57 4.31 16.02 14.18 8.27 12.5 11.02 12.87 9.38 11.84 11.38 7.25 7.56 8.26 10.09 9.65 7.84 4.16 3.71 6.79 12.56 19.11 10.56 6.78 11.87 5.1 5.33 4.8 5.39 4.41 6.57 8.35 7.72 6.8 17.38 9.98 7.23 5.45 14.95 6.18 4.85 7.53 7.55 10.48 12.92 10.91 13.28 6.75 8.19 8.77 7.33 5.83 9.63 6.94 3.39 5.05 5.06 2.49 7.5 7.01 15.28 6.86 5.81
5.82 5.66 8.84 13.12 10.15 19.84 16.84 14.94 9.4 17.54 22.61 11.52 10.53 12.25 9.73 8.65 9.81 5.31 5.39 6.49 3.85 9.08 6.19 7.89 16.63 10.73 7.0 4.31 5.8 5.53 5.41 7.46 6.0 8.23 7.9 7.62 5.3 1.92 5.08 6.73 9.03 8.35 5.85 5.67 7.0 15.2 11.41 12.9 11.01 6.0 7.75 5.57 9.16 9.65 7.58 5.19 4.09 6.91 2.96 8.46 5.61 6.56 7.67 6.5
9.41 5.56 7.21 6.83 8.79 11.99 17.21 11.74 16.96 11.69 15.88 9.59 8.02 10.24 11.32 10.92 9.59 5.75 6.6 5.41 2.98 2.36 3.03 4.35 6.38 6.64 5.08 3.37 5.06 9.57 5.02 7.32 10.99 11.79 9.45 2.92 3.76 1.72 2.42 4.05 4.33 5.82 4.34 5.15 3.71 8.88 9.05 8.49 15.54 11.83 5.61 9.43 12.6 13.24 6.94 9.42 3.8 3.21 2.6 8.55 6.74 8.24 18.02 4.07
16.07 10.11 6.61 12.62 14.26 27.0 23.91 10.76 12.55 14.44 9.27 13.59 7.69 5.73 9.67 9.35 13.47 6.5 7.98 2.52 3.08 3.17 4.16 5.67 4.68 6.06 3.91 4.99 7.48 8.47 7.27 6.83 17.05 13.75 7.92 4.22 2.14 3.96 2.46 7.05 7.03 6.62 4.24 3.37 4.08 5.13 6.46 7.32 7.27 7.45 7.57 5.33 9.27 7.37 9.55 10.23 6.26 2.18 3.25 5.39 11.45 8.57 17.43 10.23
20.02 12.41 9.9 17.17 15.62 27.75 17.82 8.31 7.25 11.42 6.26 15.71 11.65 7.67 12.87 9.53 12.47 7.26 7.55 5.51 5.82 4.93 2.9 5.09 5.02 2.57 3.27 4.91 4.65 8.13 8.99 8.42 8.91 12.52 6.09 1.42 1.94 3.44 3.12 4.64 13.6 3.53 5.88 4.86 9.49 8.88 10.79 13.34 8.87 9.55 11.57 5.59 5.54 5.71 8.82 8.47 5.14 2.6 2.12 6.7 6.53 6.89 17.54 15.32
17.99 7.75 5.48 17.57 13.48 11.71 12.79 5.58 6.88 7.47 12.25 9.97 13.3 12.4 6.35 9.4 6.89 9.08 13.01 12.66 15.86 14.91 6.67 4.84 8.51 6.07 4.25 12.6 7.36 10.98 10.85 19.77 12.13 18.55 11.73 6.34 3.39 3.44 3.74 7.25 6.12 7.13 6.01 7.57 7.14 15.39 7.45 11.49 20.65 9.23 14.24 5.63 8.74 13.22 10.99 13.83 7.17 3.33 3.86 3.78 11.55 8.54 21.07 10.28
17.24 7.34 12.19 7.04 6.86 7.99 10.34 6.26 6.24 13.79 14.63 10.0 8.75 9.84 5.1 9.68 10.61 19.32 11.16 9.93 8.41 10.58 5.94 5.84 9.33 3.82 4.85 16.52 14.27 7.2 13.72 19.27 13.6 9.72 37.1 11.3 3.44 3.55 5.18 7.61 9.93 8.42 4.68 6.0 8.93 12.79 11.27 10.04 15.36 12.45 4.11 8.28 5.55 19.96 11.08 11.95 9.75 6.24 5.23 6.37 11.03 11.05 10.93 19.52
12.96 10.48 13.55 10.01 4.36 6.54 6.12 5.28 6.49 9.48 10.66 8.53 11.7 5.33 3.42 9.0 20.45 15.77 14.29 19.89 13.64 6.39 11.33 15.81 8.26 5.37 7.86 6.68 11.01 4.03 8.15 12.62 6.85 15.39 11.2 10.4 3.02 5.92 7.21 8.94 12.52 10.48 6.57 9.55 6.81 17.36 8.27 11.35 19.43 6.29 5.72 4.76 6.52 7.12 15.65 17.3 15.57 10.22 10.35 7.82 5.38 10.22 10.88 8.22
10.69 5.87 7.42 6.82 4.08 5.28 11.19 7.71 7.87 5.49 10.32 13.1 10.71 5.1 5.92 4.46 7.56 12.44 14.44 12.22 10.96 13.04 19.8 12.3 7.6 7.48 4.68 9.56 13.55 6.67 5.81 9.36 5.51 5.45 7.01 3.62 4.75 3.16 8.53 5.05 11.85 20.2 11.66 14.07 12.03 11.69 5.51 5.59 9.33 3.86 6.52 5.98 5.35 6.63 15.41 18.58 7.79 11.27 9.28 10.25 9.92 12.09 6.41 4.72
9.09 9.1 11.65 8.57 14.67 7.58 11.04 12.37 12.38 10.32 16.56 10.86 4.97 9.52 6.6 7.92 10.16 15.3 12.56 5.46 13.8 11.87 15.02 11.86 9.85 6.45 3.97 12.48 9.14 8.28 9.91 10.87 7.79 8.0 6.2 6.23 9.89 9.79 5.04 12.07 10.99 18.76 8.9 11.65 10.55 7.5 4.72 3.5 6.08 3.42 2.96 5.47 8.38 10.36 13.67 8.0 10.98 5.79 12.35 16.11 14.43 9.28 6.93 7.11
7.75 11.31 13.53 7.61 22.48 19.88 12.58 10.99 12.34 29.27 11.67 16.08 9.86 12.25 4.81 3.87 6.02 12.25 19.46 8.74 7.12 12.07 14.08 10.05 5.84 6.15 7.08 7.49 7.17 10.33 10.8 11.82 8.97 8.01 8.56 8.71 17.95 12.19 10.27 6.6 14.36 8.22 17.08 12.59 15.47 6.88 4.3 3.59 5.39 5.24 2.17 5.54 9.35 11.06 17.01 15.06 19.2 15.8 23.33 14.09 11.7 15.18 10.45 8.82
15.09 10.73 27.91 5.06 12.01 25.0 25.11 14.13 18.88 10.92 11.43 10.19 10.72 12.83 4.3 3.61 4.69 15.18 15.83 11.78 11.64 18.8 14.69 16.87 8.79 6.5 5.5 6.72 5.8 10.19 22.94 19.89 5.35 8.26 5.41 6.74 10.42 15.4 3.96 3.89 11.77 14.2 10.46 16.17 13.85 14.48 8.22 6.3 3.24 4.65 2.2 7.72 12.33 19.79 12.18 12.84 14.56 12.57 13.87 11.93 12.66 8.87 9.95 5.4
7.69 13.32 18.08 8.56 5.45 20.14 12.45 14.18 16.73 18.7 6.54 5.63 8.96 3.61 3.41 3.45 6.19 5.53 3.6 5.83 5.71 8.05 15.35 17.22 17.95 9.72 10.47 4.4 3.44 6.91 17.21 13.38 11.56 13.71 6.54 3.59 7.11 7.37 4.63 4.47 7.78 18.31 11.96 14.21 11.78 10.83 13.21 7.84 6.96 7.82 5.54 6.7 6.52 10.79 6.77 7.4 5.83 4.09 11.8 8.23 7.04 6.04 8.13 7.69
10.2 7.23 7.93 6.3 7.4 21.43 9.39 5.83 17.1 7.12 7.55 5.47 7.43 3.24 4.87 4.63 3.56 2.99 4.44 3.71 2.28 3.53 12.36 9.99 13.72 10.91 4.73 5.82 3.36 5.0 6.55 8.98 8.97 8.48 5.37 4.27 7.83 9.08 4.82 4.87 4.4 13.78 15.96 12.37 15.2 4.47 5.81 6.8 9.04 17.84 28.77 16.29 7.27 6.0 10.71 6.26 6.09 9.19 7.1 5.55 3.36 6.09 5.8 7.06
10.92 9.57 4.19 6.92 4.12 7.36 8.48 9.48 7.39 8.38 11.51 4.61 4.6 3.38 3.39 2.47 4.36 4.96 5.59 4.68 4.69 5.8 6.98 18.51 17.79 9.73 6.82 6.54 3.83 7.22 11.16 12.17 11.74 8.19 6.76 5.42 8.5 9.81 6.11 5.42 7.91 10.59 17.83 16.61 11.45 8.83 7.97 8.01 5.26 12.97 22.98 10.2 10.79 6.04 15.05 6.17 7.42 13.19 9.28 8.61 7.52 5.58 8.18 7.19
18.96 8.99 10.19 11.05 6.96 6.57 8.3 9.5 17.53 16.65 13.12 5.98 4.03 3.16 4.12 4.94 4.06 7.66 2.99 5.38 4.33 5.67 5.27 7.22 11.4 10.79 11.69 3.89 3.84 5.33 6.87 13.3 9.95 9.74 12.95 9.14 7.98 6.05 4.07 5.84 7.85 7.78 15.03 14.96 11.6 9.54 7.94 9.81 8.6 25.54 20.34 15.98 9.79 6.54 8.77 6.13 6.34 12.67 13.33 13.53 10.3 7.73 8.53 8.17
5.98 11.07 7.88 16.29 10.12 11.75 6.39 11.78 11.63 6.81 8.36 8.71 3.11 4.34 8.91 11.01 7.31 8.25 2.98 3.67 3.26 4.79 5.52 6.84 16.33 8.74 10.04 8.2 5.47 6.34 10.02 7.25 8.19 11.77 8.84 15.48 9.93 8.55 3.66 3.77 6.67 7.78 13.49 23.73 19.27 12.11 10.33 11.0 15.75 32.09 46.52 17.1 14.8 8.74 9.55 12.78 9.4 14.32 21.94 15.0 17.63 8.39 8.74 3.68
9.48 6.97 10.24 5.66 12.37 7.41 8.57 9.04 10.17 4.87 9.49 5.84 5.99 3.76 6.06 8.61 9.68 9.38 4.03 6.63 4.73 4.72 5.16 4.47 6.89 6.59 4.1 3.35 1.9 5.69 7.32 6.67 12.29 14.64 7.99 8.22 6.43 9.17 2.66 5.44 3.47 4.22 11.66 12.19 18.53 10.9 14.7 15.21 12.39 17.26 12.31 15.83 9.53 15.64 8.5 16.43 11.22 15.62 10.38 17.9 15.78 7.85 7.25 3.71
9.92 18.26 13.79 8.57 9.4 9.37 6.72 18.46 16.12 8.32 6.74 6.55 6.24 4.78 10.1 7.56 3.66 3.0 3.9 4.6 4.01 7.05 6.92 3.43 6.75 7.78 3.61 1.44 2.15 1.34 3.98 6.37 8.14 15.57 6.72 7.26 7.27 10.22 11.7 13.63 7.26 7.08 9.53 12.49 12.37 11.88 12.25 20.47 21.83 8.72 10.46 6.6 10.99 11.19 6.23 11.12 13.64 12.26 13.14 19.82 32.51 9.42 7.87 4.8
12.6 7.75 18.5 13.21 17.73 10.53 6.15 8.0 13.21 8.96 7.56 3.18 5.01 8.68 12.31 9.27 4.49 2.54 1.67 1.75 5.67 6.75 7.46 5.26 6.73 12.03 4.51 2.47 2.23 1.92 3.44 9.01 8.09 7.71 9.03 6.16 8.98 9.52 11.23 10.02 12.69 8.83 8.76 5.83 7.86 9.18 20.82 21.17 31.27 14.32 7.42 10.15 7.32 7.95 7.72 7.26 5.57 6.65 6.45 9.91 19.59 11.65 4.72 4.96
14.41 11.86 14.86 12.5 17.35 22.97 10.19 9.29 12.15 15.01 6.9 4.32 3.92 8.64 4.35 8.32 5.32 3.14 4.16 4.19 6.81 5.93 8.03 13.26 4.89 16.96 6.98 3.8 2.84 1.61 4.81 7.84 7.08 6.62 8.73 9.39 6.03 6.61 8.28 11.2 9.22 5.93 4.33 4.68 6.21 13.4 9.4 18.02 20.4 14.12 10.76 13.6 9.15 12.68 17.64 7.14 6.63 4.28 7.2 7.94 9.4 6.1 4.32 4.02
19.05 16.21 13.6 11.84 10.91 8.09 4.32 11.71 11.05 9.94 5.38 3.7 3.52 6.78 6.7 3.99 5.06 3.46 8.28 9.5 6.04 2.79 3.64 5.12 6.99 13.34 8.29 4.51 2.57 2.92 2.87 5.44 6.06 7.68 7.98 6.71 7.45 3.11 9.2 8.47 5.24 6.25 4.45 5.88 6.76 11.26 12.65 16.76 21.17 16.61 13.31 8.14 7.29 6.17 5.03 3.21 2.86 4.56 7.94 6.06 5.87 5.72 4.25 2.73
12.78 10.96 9.75 18.05 17.01 11.93 8.31 11.46 7.81 5.81 5.73 3.13 5.02 14.86 7.69 9.3 13.81 9.57 10.87 15.4 8.02 4.54 4.89 5.31 3.85 7.13 8.14 6.63 2.92 5.12 2.74 3.61 3.85 7.17 7.01 5.57 8.62 3.26 7.75 9.24 3.18 6.29 4.7 13.93 4.44 7.04 12.78 17.66 34.24 12.17 22.91 9.2 5.86 3.88 3.16 2.69 1.8 5.03 5.54 7.12 5.06 6.6 3.44 3.97
18.86 15.69 6.28 7.14 7.9 11.11 12.44 9.79 5.0 4.0 4.76 4.36 7.69 6.41 15.57 7.63 10.45 9.26 8.63 10.95 7.34 2.17 4.84 7.09 4.51 4.77 5.35 5.33 3.71 9.19 6.19 8.5 4.4 6.05 6.91 3.33 8.23 5.42 4.53 5.93 2.0 3.11 3.46 9.88 9.84 8.49 12.95 14.06 23.48 13.45 15.28 9.67 5.96 4.93 5.12 4.09 2.6 3.85 7.98 4.25 2.89 7.63 3.49 5.67
35.73 16.78 8.24 6.32 7.78 9.77 13.47 8.11 6.54 2.73 4.91 4.91 4.37 12.79 23.15 11.46 6.8 11.85 14.15 17.48 8.57 4.39 3.84 5.91 4.0 5.28 6.37 4.66 8.78 3.96 8.6 8.2 9.06 8.68 10.36 7.63 11.62 9.54 8.22 3.29 2.22 2.33 3.2 8.67 8.57 8.46 5.54 16.14 32.19 24.41 22.03 16.17 8.58 5.99 10.43 9.05 5.21 9.63 7.98 5.91 2.71 8.46 4.96 4.54
17.34 21.94 9.75 8.76 9.85 16.78 13.61 7.2 4.08 4.88 2.56 2.49 5.46 13.42 25.3 27.7 11.67 8.27 7.76 7.63 8.99 6.21 7.95 5.97 2.29 3.05 7.31 11.07 10.14 4.0 3.68 5.94 5.81 4.98 9.3 10.42 9.84 13.98 7.28 4.88 4.67 4.59 2.57 6.3 10.54 4.97 4.46 8.48 32.29 17.06 31.26 18.13 9.02 7.71 8.94 8.49 14.96 8.03 9.96 3.23 5.32 7.33 10.19 5.33
31.8 28.19 21.97 11.94 11.31 8.74 16.36 7.55 5.04 2.81 1.89 3.96 5.2 6.32 9.0 20.06 18.93 11.29 5.6 12.05 8.22 6.19 10.07 6.02 4.56 5.59 5.0 8.12 8.61 6.9 5.61 8.9 8.64 7.16 7.64 5.76 5.91 9.71 4.46 4.8 4.0 7.59 4.66 5.55 12.04 3.47 4.47 8.21 14.76 17.88 14.54 21.11 5.33 13.38 15.45 19.57 14.8 8.53 5.73 1.91 2.75 8.04 9.11 10.98
18.74 16.08 10.73 11.2 8.07 7.06 20.31 13.17 5.69 3.79 2.54 5.86 6.32 7.5 6.82 6.78 9.24 5.67 4.02 8.73 12.09 11.55 8.68 3.48 6.32 7.2 4.96 5.94 7.4 10.68 4.3 12.43 12.35 8.54 6.59 8.3 3.54 4.48 5.0 2.99 3.37 9.05 13.98 9.33 11.01 5.66 4.64 6.46 12.77 17.52 14.77 15.22 12.64 8.82 15.14 10.88 15.99 7.15 6.08 1.85 7.86 5.62 6.1 9.13
25.88 10.81 19.05 8.75 8.94 5.72 23.59 7.9 10.02 5.96 2.99 4.36 5.64 10.76 7.77 13.18 8.37 3.44 1.09 4.71 11.95 10.62 15.89 7.16 6.41 6.08 6.11 6.3 11.72 11.66 4.48 10.2 19.06 7.98 7.54 5.8 3.81 3.46 4.22 5.02 5.28 5.53 11.72 4.51 6.55 12.32 5.85 6.49 6.49 9.54 6.83 12.87 7.35 11.14 6.5 8.09 8.29 8.57 4.58 6.61 5.12 6.91 5.7 5.03
11.98 11.47 11.66 13.98 14.77 8.44 12.27 7.84 6.56 8.96 3.25 3.37 3.03 4.34 5.01 6.42 5.79 2.31 1.81 3.73 7.56 7.29 14.16 8.66 9.01 16.53 7.76 7.41 7.41 14.46 9.0 6.83 11.31 7.37 3.55 4.11 3.29 3.37 2.63 4.74 5.08 7.83 18.62 9.58 5.63 8.69 7.94 11.31 4.8 3.37 6.05 6.33 2.53 6.31 7.34 7.3 17.54 5.49 14.22 2.15 6.32 7.35 8.93 5.97
14.91 7.39 7.45 8.42 13.28 8.9 16.85 20.91 11.48 8.8 5.6 5.14 4.2 3.85 4.99 3.34 4.56 3.52 2.8 2.81 5.54 7.43 9.08 4.79 11.53 16.61 8.48 8.42 6.77 5.15 7.66 4.56 10.21 2.33 3.37 3.74 4.29 4.38 4.27 3.94 6.74 4.81 23.6 11.22 9.68 13.83 12.22 12.35 5.25 5.4 6.69 9.29 2.64 3.74 4.77 4.9 9.83 7.65 3.26 2.87 3.23 4.57 2.86 4.31
9.99 9.97 8.31 8.08 6.6 8.59 9.48 30.08 23.96 10.83 6.69 7.62 6.68 6.0 7.31 6.29 3.9 3.53 2.4 2.51 3.13 7.25 6.47 7.01 10.24 32.88 12.75 9.4 4.44 4.84 4.47 5.66 4.5 4.67 2.67 5.1 3.25 5.85 7.29 9.39 12.04 7.8 5.68 6.3 6.09 19.19 19.71 13.58 5.34 3.69 13.86 7.75 5.95 2.99 5.78 3.35 7.86 8.5 7.31 6.43 7.87 3.69 8.34 7.31
