5.83 7.94 5.35 4.76 5.87 6.54 13.68 17.45 12.72 8.05 5.06 10.99 7.91 3.35 5.04 5.83 6.71 8.27 5.43 7.57 3.64 2.33 4.17 5.58 6.45 12.17 8.42 5.06 5.14 3.98 5.01 3.77 5.21 11.83 14.13 20.83 13.38 9.11 11.85 11.92 5.07 5.53 6.63 9.65 13.61 13.98 9.85 6.91 2.91 1.94 2.91 5.44 7.99 13.93 11.68 13.48 8.93 11.88 6.19 5.5 4.6 11.68 8.84 7.42
3.56 6.13 3.98 4.0 5.16 8.78 14.27 21.18 13.42 4.67 8.53 5.63 9.99 4.57 3.63 5.01 8.4 7.08 11.0 6.31 5.69 8.84 3.38 6.76 4.44 6.17 5.74 3.46 5.29 3.95 2.52 2.73 4.92 4.26 11.26 16.0 9.75 7.91 8.49 10.27 3.04 5.01 4.61 12.68 14.83 12.89 9.54 7.72 3.05 4.98 3.01 3.75 5.99 5.09 16.01 9.83 6.18 8.37 3.02 3.43 8.91 7.32 8.79 6.48
7.71 4.15 3.5 2.64 6.05 9.84 19.1 11.45 11.49 11.1 15.5 13.01 11.91 8.52 4.2 5.34 7.53 5.09 5.68 8.2 6.78 5.09 9.33 5.61 3.76 4.39 7.23 6.56 7.78 4.36 5.25 4.08 5.5 5.32 8.27 16.6 11.25 8.22 6.48 3.87 2.84 3.56 3.25 6.83 13.28 8.88 7.98 10.03 5.77 4.23 4.37 7.39 9.08 5.38 11.49 13.47 20.86 6.04 2.47 3.69 6.37 9.74 7.08 11.5
11.58 5.57 5.13 4.03 3.96 6.74 6.02 12.85 12.83 12.04 15.95 7.99 6.21 5.01 4.74 5.19 6.42 5.27 13.35 13.94 8.77 7.63 9.52 8.95 2.74 6.84 5.22 3.59 3.87 8.12 11.49 10.75 7.67 8.5 12.14 12.43 10.76 9.36 4.53 2.74 2.26 2.66 2.88 5.56 6.5 6.38 4.05 8.13 4.8 4.14 4.65 7.88 13.35 10.29 11.04 6.32 8.29 5.51 3.6 2.57 7.06 10.21 10.22 11.15
14.84 11.16 10.17 4.86 5.1 3.77 10.42 12.72 13.86 16.22 6.1 6.36 4.77 6.13 5.75 7.22 14.96 15.35 17.34 25.56 13.36 9.84 5.12 4.63 11.28 9.09 7.1 2.53 7.16 14.44 10.87 10.1 7.07 5.76 10.59 12.6 4.27 4.54 2.39 3.91 4.66 1.77 3.92 5.13 7.88 5.08 6.09 5.32 5.31 4.01 6.0 8.1 11.03 9.05 6.93 5.4 3.3 4.58 3.95 3.07 12.52 15.84 17.11 13.98
18.63 21.17 11.51 5.67 3.54 9.33 11.08 9.81 5.55 8.36 6.1 6.66 7.69 4.71 5.02 3.71 7.79 10.15 17.82 19.12 12.09 8.52 6.37 13.96 15.09 20.59 11.93 5.28 9.93 17.31 7.84 13.2 4.8 4.69 5.98 8.5 4.16 2.68 1.83 3.75 4.62 1.85 4.57 4.75 3.93 5.74 5.28 7.6 6.04 4.5 5.46 9.27 11.63 10.53 5.84 4.76 3.3 4.27 6.02 7.47 13.12 14.75 26.82 35.71
25.42 16.89 13.44 7.4 6.65 6.78 6.66 5.22 5.54 6.73 9.47 9.67 7.54 9.84 10.43 7.0 6.91 6.3 9.08 14.67 8.89 9.63 6.87 7.82 12.33 9.54 11.17 5.02 10.42 12.13 16.95 5.35 5.01 7.45 3.6 5.74 5.68 4.96 4.55 3.28 4.09 2.11 3.43 4.52 4.79 2.74 5.65 6.75 7.36 6.35 10.59 12.72 14.01 7.73 3.61 2.6 2.49 2.33 2.86 5.43 7.84 10.61 17.3 29.33
11.61 16.15 10.57 8.31 4.91 9.18 5.26 7.23 4.17 4.54 4.08 6.47 6.85 8.82 15.68 7.33 11.17 4.27 7.29 11.73 14.0 7.91 4.62 7.28 8.68 9.44 4.1 4.8 7.52 12.41 11.2 7.99 9.05 9.16 6.81 7.37 6.47 7.17 7.19 6.67 3.92 1.92 6.55 5.47 5.59 7.3 4.14 7.54 5.12 6.98 22.74 18.06 13.12 6.49 3.13 2.48 2.31 1.81 5.54 6.69 7.14 9.65 6.8 6.13
6.79 16.09 15.42 6.53 4.25 12.69 4.45 5.31 6.46 2.76 3.21 4.45 4.75 6.53 5.57 4.47 6.74 6.46 4.52 8.83 9.54 6.82 3.21 10.68 6.65 8.41 5.1 3.8 6.87 3.67 9.78 9.97 5.76 5.2 5.96 11.31 13.8 9.61 5.72 5.69 3.49 2.3 2.79 3.39 4.38 3.99 4.72 6.88 7.18 9.2 10.05 14.99 8.16 6.66 5.92 2.39 1.77 1.78 5.45 13.84 5.41 5.74 3.83 3.25
4.21 8.65 9.28 9.08 11.68 9.01 5.08 9.4 5.02 2.32 3.03 3.03 2.78 4.14 3.42 2.46 7.01 5.58 4.42 5.15 6.89 7.42 5.67 7.69 6.27 6.86 15.68 8.91 4.07 6.44 5.16 6.29 5.39 10.43 7.89 8.62 15.06 21.91 5.14 5.36 6.18 4.7 6.31 5.74 11.92 12.46 6.45 10.6 5.74 8.57 6.36 6.57 7.57 7.89 10.18 4.56 1.8 1.6 5.32 6.73 4.47 3.72 5.35 9.95
5.02 4.99 4.41 5.56 14.76 7.2 4.91 9.61 3.5 3.1 3.68 3.82 4.84 4.05 2.79 2.51 3.82 4.38 4.08 6.69 3.22 4.01 5.44 8.44 8.18 15.04 11.04 7.96 5.16 10.04 7.95 3.79 5.16 10.0 5.47 9.04 10.77 6.91 3.33 3.75 6.63 12.05 7.96 8.26 9.41 11.22 5.39 3.09 5.11 10.62 8.33 11.76 11.56 11.51 11.12 7.18 2.26 3.76 3.12 3.93 3.44 3.64 2.27 4.12
6.5 7.67 7.99 7.49 9.51 6.97 9.11 9.0 5.73 4.58 3.92 5.27 5.05 3.25 2.42 2.6 5.31 2.94 3.69 6.34 6.51 6.86 8.0 8.34 14.34 10.52 12.92 9.51 7.56 8.04 6.64 8.95 6.51 8.42 8.94 8.96 4.54 3.58 5.02 7.6 5.82 8.94 9.05 6.7 8.65 9.38 7.5 4.35 7.9 9.97 12.54 11.84 10.53 7.4 12.72 6.35 6.15 6.15 5.04 4.35 2.63 1.51 2.49 4.08
10.57 12.81 8.0 7.44 5.16 6.81 7.28 8.08 3.08 5.28 4.05 6.05 6.53 6.23 2.63 2.87 5.87 5.36 5.01 13.76 14.98 10.43 7.79 10.08 6.0 6.16 4.58 5.35 3.72 6.36 7.28 8.35 8.52 14.07 6.08 5.98 4.28 4.43 7.23 8.34 6.69 4.41 3.63 2.99 5.84 11.44 9.46 5.01 7.08 5.7 7.91 9.77 3.54 7.9 12.58 10.11 9.18 4.77 5.55 8.89 1.3 2.25 4.73 5.08
14.14 7.5 5.64 9.85 8.22 6.37 8.37 5.25 7.98 9.36 3.88 4.43 4.19 6.54 5.26 3.4 4.63 5.73 10.7 18.27 17.49 17.0 17.7 9.62 10.97 10.8 7.62 7.61 5.76 6.68 5.69 8.8 9.2 5.92 7.41 7.37 3.97 5.52 5.97 6.15 9.51 6.49 4.79 3.22 9.58 18.37 7.28 6.86 6.84 3.9 6.12 8.3 6.19 8.72 20.89 12.53 14.56 7.43 10.46 5.18 2.41 2.85 3.36 4.04
8.88 7.21 8.7 7.07 6.5 8.59 5.05 11.56 11.6 9.45 5.15 8.26 9.36 9.48 6.69 4.66 2.78 2.51 7.2 11.85 24.98 16.14 16.45 20.77 22.97 27.75 7.83 10.23 4.52 3.41 3.03 7.79 7.94 5.49 11.24 6.47 3.72 6.23 8.99 5.02 8.29 7.24 6.69 5.55 10.56 10.69 5.83 4.75 4.75 6.07 8.03 6.97 5.37 9.14 12.74 15.18 13.12 9.76 3.6 5.52 4.68 6.13 4.19 11.39
6.73 10.53 8.3 7.25 4.07 7.82 8.31 7.58 11.42 6.74 10.91 21.86 36.72 17.18 11.98 3.24 4.12 3.69 4.9 11.14 12.14 8.9 12.91 13.56 16.14 11.1 3.87 6.41 8.23 6.12 7.9 6.88 7.05 4.4 4.68 2.58 3.83 3.23 4.38 5.06 6.34 8.34 7.93 9.91 20.7 12.69 13.27 9.76 6.12 7.81 7.11 3.58 3.74 9.26 9.08 9.23 9.26 3.94 9.27 7.26 3.75 4.41 7.05 13.15
5.83 5.81 6.78 9.92 10.14 4.79 3.09 9.22 8.73 10.47 9.18 9.15 30.15 22.32 9.27 4.25 2.45 2.51 6.74 7.5 14.26 13.43 8.58 4.59 10.25 10.47 5.5 7.21 8.19 13.48 9.42 10.06 8.54 2.71 3.31 3.29 3.83 1.81 3.58 4.42 7.0 7.65 8.09 13.3 32.51 12.33 15.07 9.02 9.51 9.99 7.43 7.34 7.86 8.49 9.27 9.6 11.01 16.64 11.83 5.84 4.04 4.38 6.99 8.82
4.38 5.93 7.01 22.71 14.12 5.8 7.46 11.93 16.98 9.33 14.65 11.85 14.35 8.56 5.52 4.02 2.76 3.15 4.63 7.0 4.73 4.07 2.93 3.96 6.82 7.56 5.48 8.7 6.19 6.77 7.83 7.74 6.48 3.42 3.92 3.65 4.24 4.15 4.89 5.15 6.4 15.53 12.97 13.63 8.05 7.34 6.92 6.49 14.43 15.51 12.22 11.51 9.03 11.85 9.96 8.45 8.93 7.61 7.85 7.75 6.24 4.06 5.38 6.14
7.42 5.85 16.17 13.5 20.81 10.11 12.41 21.43 26.15 16.3 9.24 6.69 9.05 8.17 4.11 6.15 4.31 4.59 5.26 3.67 3.43 1.64 3.97 7.8 6.39 8.85 7.73 7.87 5.62 4.61 5.55 5.84 6.53 4.0 3.03 4.06 5.9 3.69 5.5 6.35 6.42 14.46 23.25 15.21 9.33 7.01 10.74 7.75 14.57 23.96 18.39 13.0 10.01 9.86 16.74 9.46 3.54 4.94 5.25 9.77 6.53 3.37 6.89 5.09
9.46 13.82 5.8 15.92 17.08 10.06 10.28 9.68 15.93 5.96 5.19 4.74 8.52 5.95 4.26 3.84 5.28 6.19 4.33 2.56 2.65 4.56 3.13 6.5 4.6 10.04 8.62 11.65 5.17 4.64 6.67 5.34 6.76 1.97 1.89 3.5 2.98 2.41 3.08 5.36 4.64 11.36 20.33 19.52 7.64 7.64 9.43 12.62 12.22 13.22 14.38 18.61 15.1 12.26 14.73 9.63 3.69 6.19 5.31 5.12 6.05 5.28 5.27 3.92
13.02 15.11 10.77 14.93 12.75 5.26 9.11 9.01 14.09 6.05 4.66 8.43 6.58 5.8 4.17 6.73 5.78 6.94 5.93 3.14 6.24 5.0 5.64 8.81 8.75 11.8 11.53 9.84 7.99 6.06 3.31 5.35 4.98 2.61 4.79 3.65 7.58 4.61 7.0 8.9 10.16 12.7 26.73 9.5 16.22 15.54 12.21 11.65 8.88 10.03 6.99 12.32 21.11 11.14 10.83 7.32 10.62 9.66 6.02 7.02 9.87 5.23 8.6 7.2
8.56 15.77 10.76 13.98 3.54 3.29 3.24 16.53 15.14 8.57 7.96 9.61 10.22 10.83 9.45 11.0 10.21 3.21 4.45 4.58 6.63 5.77 6.37 12.66 7.33 9.73 6.11 10.11 3.13 6.36 3.46 2.8 4.27 2.82 4.54 3.49 5.56 5.62 12.65 9.66 7.93 11.92 12.01 12.64 11.57 12.57 8.16 7.96 6.94 10.68 6.28 12.18 27.91 25.45 20.12 14.79 13.96 7.1 8.07 7.61 8.64 6.23 6.68 11.54
7.06 6.39 6.22 5.95 5.82 3.27 3.86 8.8 9.34 15.33 11.94 15.57 11.37 14.12 9.3 10.19 10.89 5.58 3.59 8.36 15.0 9.76 10.23 8.26 11.7 9.63 4.6 7.04 3.99 6.97 4.54 3.49 5.32 3.18 4.77 3.88 9.45 8.65 12.3 10.09 6.8 6.82 11.32 8.63 10.6 7.54 8.11 12.32 6.68 8.83 9.37 12.5 26.49 46.53 15.85 19.02 7.9 4.38 11.78 7.24 14.29 7.7 5.1 8.05
6.15 7.15 6.29 10.23 4.57 2.44 2.72 3.51 3.53 9.06 15.38 20.03 18.03 12.26 14.81 12.9 15.3 5.19 3.8 7.92 10.45 3.14 4.67 4.43 6.32 7.85 4.05 5.79 5.37 4.73 3.59 3.75 8.96 4.3 4.09 6.42 11.91 11.59 14.6 9.14 6.94 6.47 6.47 10.0 5.16 7.32 6.93 5.38 6.01 8.6 10.0 24.49 29.52 26.37 14.26 12.38 7.02 4.26 8.76 5.31 8.55 9.47 6.37 10.19
7.14 8.04 8.07 8.02 2.65 1.51 3.89 2.97 5.71 6.03 10.04 10.86 9.12 13.93 15.07 14.48 8.13 4.53 7.09 9.59 4.71 3.04 3.15 4.91 10.2 16.59 13.82 4.91 6.37 5.36 3.03 3.12 6.09 4.25 4.35 2.93 7.31 9.16 15.26 12.48 9.57 8.73 7.94 8.25 12.26 13.32 8.25 4.64 3.82 10.15 11.85 18.48 19.11 12.87 9.88 15.87 7.82 5.33 5.82 5.58 7.44 4.19 3.1 2.91
8.89 9.58 7.48 4.48 3.72 2.46 4.65 4.91 4.44 6.85 5.94 5.64 13.17 9.9 12.42 8.38 5.6 4.94 8.7 4.38 3.52 2.31 3.91 5.17 15.96 25.09 17.21 9.37 5.39 4.31 4.4 3.14 11.21 3.14 2.9 5.51 8.0 12.93 15.07 9.81 13.08 9.32 5.42 13.19 7.23 8.93 7.5 4.36 3.61 3.89 14.87 10.7 11.01 12.01 20.58 12.99 9.38 7.83 6.64 4.35 7.96 3.65 1.89 3.08
8.23 13.52 15.31 9.42 3.53 4.28 2.63 3.45 4.61 4.32 7.47 7.2 10.55 12.26 8.11 7.1 2.86 4.87 9.32 3.59 2.16 2.97 1.85 5.82 13.99 15.71 17.29 18.08 15.21 7.85 4.49 11.52 10.24 4.4 3.82 6.02 8.14 9.45 12.06 14.18 13.98 18.57 9.48 8.63 9.18 7.08 14.88 10.3 3.22 3.24 4.73 5.82 5.74 8.16 7.11 8.58 6.81 13.16 4.32 2.94 7.16 3.79 3.41 4.32
16.45 12.34 16.24 7.37 3.93 3.94 2.87 1.78 2.24 2.83 4.83 8.44 9.52 8.55 10.16 7.19 3.03 5.2 9.16 7.22 3.92 1.71 5.89 12.27 25.13 18.76 24.42 18.95 22.53 11.36 7.02 10.57 5.54 5.08 5.9 3.78 4.97 8.28 8.2 14.64 15.11 24.97 20.94 17.66 13.14 10.98 14.92 15.65 6.84 2.2 3.05 4.55 5.34 7.08 8.51 9.36 21.81 5.98 4.05 3.37 5.45 3.83 3.31 2.4
18.05 8.48 7.29 6.95 5.49 7.32 5.36 4.08 4.09 4.46 4.01 5.54 4.24 4.89 6.51 5.14 1.71 3.19 4.56 7.59 5.49 4.47 11.96 11.69 8.61 9.51 11.81 12.13 12.94 14.22 8.68 9.52 5.1 11.25 11.42 4.65 4.27 5.61 5.68 9.13 12.73 17.0 16.3 18.4 15.69 8.26 9.41 7.47 6.75 3.46 3.48 4.4 4.8 9.08 8.09 15.28 10.92 7.71 3.84 2.65 4.52 6.08 2.88 2.48
15.87 14.45 7.44 6.84 12.4 9.17 10.93 8.91 7.75 7.26 3.45 4.88 4.14 4.14 6.42 4.57 2.55 3.62 4.71 10.59 9.19 9.11 13.62 7.28 9.14 5.04 9.55 14.65 12.54 11.16 10.71 12.89 10.79 7.01 12.48 7.03 8.39 11.73 6.42 10.32 17.04 12.77 15.08 18.29 7.69 8.48 9.25 10.44 8.67 4.23 5.63 4.73 9.71 15.8 18.47 8.15 7.38 7.26 6.53 2.57 4.72 3.05 4.27 6.42
9.62 8.73 5.87 11.16 7.74 12.7 5.9 9.55 9.14 13.45 8.11 3.92 2.45 4.5 7.99 4.0 3.41 2.98 3.06 7.92 4.99 7.31 11.08 8.61 4.61 5.76 7.21 12.41 13.03 16.2 21.55 12.66 7.37 11.05 7.39 5.45 7.41 5.64 6.92 12.31 16.62 21.94 20.22 14.81 9.43 11.64 13.82 8.03 5.48 3.81 4.45 5.37 16.07 20.1 14.89 15.29 7.25 9.87 11.45 6.86 4.39 4.37 3.09 6.27
9.49 13.37 10.37 8.96 11.7 17.87 18.99 25.45 18.19 23.03 15.33 5.09 4.6 5.03 4.4 5.17 3.0 2.76 3.03 5.12 6.15 8.35 8.11 4.45 6.64 12.45 14.95 14.35 18.86 25.15 18.03 11.57 11.05 17.08 8.8 6.62 5.33 4.38 8.04 9.88 11.59 25.73 11.0 17.47 15.12 15.16 8.17 6.81 3.82 3.31 2.81 6.07 11.54 8.79 11.22 12.99 15.1 18.33 17.22 11.97 9.86 11.43 7.37 9.68
9.66 10.55 9.81 8.51 11.42 20.13 25.23 37.72 11.05 12.57 13.52 9.08 7.62 5.15 5.98 4.08 4.71 5.43 4.66 3.8 6.6 3.38 4.51 3.66 6.9 10.51 10.02 14.63 11.82 14.25 15.03 12.91 8.28 6.55 9.69 6.49 3.2 3.41 4.17 2.54 4.6 12.24 11.07 19.21 19.03 22.64 8.6 8.68 10.97 3.87 3.89 4.24 7.6 12.6 18.61 7.64 6.0 11.47 12.32 16.62 10.65 18.11 9.22 23.48
11.46 9.43 6.44 9.02 12.24 20.61 27.6 24.42 20.47 14.41 13.98 5.97 7.15 8.25 7.47 5.62 6.8 7.84 4.63 7.28 10.48 7.77 12.86 7.64 6.02 8.48 15.48 8.13 9.16 11.69 8.61 9.95 8.47 5.95 8.45 7.03 3.36 4.77 3.33 4.08 2.61 5.36 6.22 13.52 16.24 23.46 15.55 9.27 12.89 7.03 3.52 7.64 7.69 6.17 7.75 5.41 6.5 7.73 6.38 12.81 7.82 14.92 20.29 16.61
20.91 6.54 8.12 10.31 19.39 29.48 25.22 23.54 17.34 15.64 16.41 6.75 7.57 8.48 6.11 6.62 9.63 6.56 6.59 7.95 9.1 6.32 14.6 6.92 6.36 6.25 7.14 5.0 7.16 13.85 6.38 7.58 12.86 8.34 9.96 7.45 2.85 3.68 4.1 2.78 2.94 2.92 4.83 6.23 11.83 17.1 17.33 12.58 12.04 4.67 5.85 8.96 8.98 5.76 9.41 10.22 9.18 5.07 5.92 4.81 8.05 18.5 12.67 13.24
20.0 17.77 7.47 17.61 13.69 11.57 10.84 11.96 19.72 17.09 21.37 9.98 7.48 6.41 8.92 12.95 13.9 18.3 9.49 8.34 12.93 11.24 11.25 6.92 4.21 5.65 8.09 5.45 6.67 6.18 3.34 9.29 5.08 8.38 5.27 3.27 2.83 5.39 4.78 7.29 5.12 4.05 4.32 5.8 10.52 10.7 8.47 9.22 9.82 4.92 3.78 3.66 4.36 10.71 8.5 7.63 7.55 5.39 3.75 5.23 6.02 13.33 9.15 9.31
21.8 10.51 13.79 12.18 17.85 10.37 8.46 15.46 13.01 11.96 7.94 4.47 7.88 8.35 7.32 8.65 19.12 21.81 19.0 10.28 12.83 12.69 11.07 5.31 6.69 10.58 8.58 4.86 4.42 6.17 5.39 8.2 3.68 5.3 6.38 5.48 6.15 5.99 9.17 11.16 8.88 4.28 4.98 3.21 7.61 6.55 8.16 8.43 8.89 4.49 3.41 3.78 7.54 9.6 14.97 18.51 15.21 13.57 5.76 5.22 6.74 8.27 12.12 6.81
9.1 11.44 12.8 16.5 17.84 24.16 9.75 12.71 14.21 9.47 7.43 4.78 8.1 4.94 6.26 4.68 8.73 13.7 14.81 12.12 10.03 11.31 13.3 9.27 16.89 17.32 6.07 4.11 6.39 5.0 8.14 9.3 4.17 6.56 5.79 7.92 7.13 7.71 7.33 10.59 10.51 10.17 7.28 3.29 6.35 8.24 18.52 15.17 11.31 2.44 4.03 6.63 8.62 7.81 5.67 8.79 6.68 10.82 5.31 5.05 4.84 8.53 9.01 7.73
9.99 14.93 16.79 16.45 20.6 19.94 9.65 9.98 12.28 10.52 10.64 7.84 8.79 7.75 12.33 10.57 9.44 12.16 12.06 9.6 6.41 8.35 11.12 10.62 16.45 15.89 9.85 14.01 8.42 6.14 9.29 7.51 6.12 7.27 5.24 3.35 3.01 5.72 19.05 13.12 23.56 9.19 9.48 9.05 11.54 8.98 13.76 12.47 10.32 5.82 5.58 10.5 11.65 9.57 11.36 6.93 7.28 6.42 2.99 2.79 6.63 8.06 8.99 7.9
10.58 14.13 11.89 20.36 12.2 26.15 8.39 5.06 8.93 5.47 12.1 11.43 7.24 9.2 9.84 8.37 9.32 3.99 6.32 5.08 5.35 10.79 7.68 7.92 9.75 13.22 14.35 9.65 11.4 10.32 11.03 11.07 7.93 7.64 6.75 3.69 3.41 5.65 10.75 18.53 12.42 9.15 10.26 5.44 6.28 7.14 6.57 8.35 11.58 7.27 5.62 7.77 24.2 16.99 11.8 9.29 7.56 5.17 2.64 5.52 6.28 8.08 4.38 3.11
8.02 23.74 28.37 16.48 19.34 15.68 7.66 4.83 4.95 9.02 11.7 8.97 8.75 13.02 17.08 12.36 9.94 6.17 7.86 10.17 13.48 14.27 5.59 6.18 5.46 9.37 9.86 16.12 8.82 13.96 10.74 12.56 8.54 6.85 7.48 10.58 10.42 10.49 9.55 8.44 16.79 7.08 8.15 5.96 5.95 6.19 6.01 9.1 6.91 10.12 4.99 8.25 11.57 21.52 8.74 10.75 9.3 7.81 4.34 7.38 5.35 4.68 4.24 2.97
8.29 14.67 14.55 7.79 14.93 10.22 5.0 5.74 4.82 5.32 13.4 7.05 12.94 20.17 19.76 13.12 17.87 10.04 10.43 8.48 13.88 12.56 5.46 5.07 7.0 4.86 13.14 14.28 13.0 10.72 9.31 6.8 7.24 8.11 8.09 16.41 7.69 7.94 5.8 4.57 8.63 5.55 5.09 6.93 9.71 9.63 8.27 5.65 5.6 6.64 5.09 4.79 13.79 22.74 8.21 7.74 6.48 5.83 3.3 5.99 5.61 5.41 4.88 7.08
8.71 22.67 18.86 9.04 14.96 9.77 9.69 5.08 4.66 4.49 5.92 10.74 13.52 21.75 33.15 18.38 19.27 16.56 10.17 17.66 19.5 21.11 10.7 6.15 9.18 11.77 12.6 12.95 14.21 13.21 7.88 11.39 4.15 7.83 6.6 9.27 7.2 7.6 4.37 3.01 7.25 4.39 5.09 2.99 10.26 10.15 3.78 3.4 6.04 6.34 3.54 7.37 10.83 34.39 7.01 5.94 4.1 3.14 3.38 10.92 6.32 4.06 4.29 4.89
6.31 8.67 18.3 7.19 9.62 10.12 9.05 4.28 3.05 3.97 6.81 10.78 13.51 22.01 30.81 19.36 18.99 10.74 8.44 14.6 26.2 30.4 13.51 3.85 5.25 11.47 12.78 9.33 12.0 7.15 8.6 8.52 7.1 5.98 4.61 7.72 8.96 6.84 4.22 3.56 7.13 6.91 3.9 3.49 6.1 7.42 3.89 5.7 8.98 6.04 6.09 4.7 9.89 12.75 9.43 8.04 7.65 5.67 7.78 7.91 6.87 4.39 3.16 4.81
4.45 7.76 9.9 11.08 8.16 6.89 12.77 6.24 3.67 6.01 7.46 11.75 23.58 22.85 21.61 17.65 18.69 18.84 14.74 18.47 13.89 21.08 9.76 10.05 5.95 10.58 9.07 7.28 9.99 12.59 6.77 4.83 3.81 4.21 2.79 5.86 6.17 6.6 8.75 10.05 9.8 4.92 4.83 2.3 3.1 3.83 4.93 5.46 4.23 5.7 5.96 4.69 2.48 7.66 10.7 15.94 12.46 11.64 7.57 8.79 8.24 5.59 3.62 3.21
6.48 4.31 5.77 9.1 10.02 8.17 10.56 5.29 7.07 11.25 9.14 9.24 11.45 13.84 15.02 16.37 20.0 11.85 11.69 11.22 6.14 9.91 8.32 6.69 7.82 8.92 9.19 9.27 11.34 9.49 7.15 3.63 4.8 2.99 2.51 7.01 6.3 6.2 10.67 6.62 5.4 3.4 4.06 2.95 6.32 10.64 7.24 11.03 6.17 9.11 5.17 3.35 2.6 5.95 13.09 13.04 11.93 10.95 11.75 7.09 13.15 6.83 4.45 4.12
6.75 5.27 7.04 5.53 5.51 5.92 4.7 4.01 6.22 9.97 27.6 15.93 15.26 13.57 7.51 10.58 10.15 6.07 8.69 8.7 6.06 7.57 6.97 6.75 8.02 12.87 13.9 12.51 9.88 3.99 4.56 3.21 3.79 3.39 1.64 5.05 5.87 2.87 10.02 6.73 7.29 6.83 5.44 6.28 13.18 7.22 12.65 9.13 7.8 6.53 3.01 2.96 3.45 6.91 8.56 7.51 7.3 8.2 7.54 8.77 8.09 8.78 2.95 2.82
4.74 6.83 8.19 5.39 5.42 4.88 6.79 5.98 7.73 15.2 18.62 16.57 12.13 7.89 3.68 4.45 5.6 8.78 6.39 11.15 8.26 7.27 6.69 7.19 14.82 8.11 8.5 9.62 12.54 7.15 5.46 3.85 4.35 3.09 3.71 4.71 3.29 4.35 5.53 8.23 17.91 13.22 6.6 5.34 5.5 7.78 10.84 13.27 10.17 5.63 5.63 6.93 5.7 10.85 11.5 11.05 10.32 10.24 9.54 7.04 6.97 4.43 2.19 3.47
4.2 8.46 7.07 9.1 12.52 8.03 8.6 9.39 9.65 9.94 7.83 6.52 8.72 3.77 4.19 5.6 4.11 6.55 6.77 18.0 11.47 11.98 10.12 9.47 6.45 4.53 6.63 5.77 12.22 5.15 3.91 3.4 4.19 6.0 8.98 5.21 4.01 4.99 5.36 10.95 10.29 7.89 3.22 4.3 7.35 6.21 6.74 4.43 10.23 8.02 8.82 8.17 3.9 3.44 6.25 4.99 5.2 8.87 5.81 4.82 5.96 7.32 5.4 4.27
3.68 10.42 8.2 8.27 13.42 10.67 11.68 6.63 6.52 11.33 12.93 11.78 6.36 4.11 3.5 7.14 5.32 10.85 15.22 22.98 9.26 15.05 10.86 5.72 6.24 5.94 8.64 6.83 6.72 4.55 2.55 4.15 4.9 8.17 9.87 10.21 9.06 12.04 6.01 7.4 5.78 6.06 4.02 9.09 10.68 7.7 3.08 5.31 7.37 12.83 6.62 7.81 4.3 4.78 4.78 5.23 4.78 11.12 9.39 8.71 12.46 8.17 4.97 3.01
3.39 5.75 11.04 12.04 9.9 4.76 7.52 8.05 10.56 16.83 13.94 7.37 5.5 4.48 4.83 3.99 3.1 6.82 8.66 11.61 17.09 9.19 8.07 10.39 9.34 18.4 13.62 10.28 5.74 2.7 4.79 3.51 4.1 8.04 6.45 9.28 13.36 8.77 12.43 6.56 5.74 6.02 4.06 11.18 6.13 4.48 3.94 3.98 2.89 4.82 8.62 5.63 5.86 8.71 11.16 8.84 9.74 7.68 12.97 12.8 8.52 4.84 3.11 6.0
5.59 7.05 7.56 15.33 12.33 9.25 12.7 8.92 6.0 12.32 9.79 13.85 6.92 14.58 8.25 3.67 5.54 10.25 13.68 16.57 19.92 10.19 6.19 7.0 8.74 9.18 9.09 7.59 3.55 7.05 7.72 4.29 2.94 5.94 6.33 12.28 11.04 11.47 8.87 8.34 5.82 5.11 5.78 4.99 4.55 5.69 5.57 6.09 2.4 4.37 4.92 3.95 4.68 13.34 11.96 17.17 11.73 8.18 10.06 14.08 9.98 7.01 11.25 4.55
4.37 5.57 8.74 9.47 9.58 13.47 6.86 5.4 4.98 7.67 9.16 18.5 14.9 17.0 9.32 6.45 8.64 14.05 11.78 10.09 8.07 5.23 4.67 5.2 4.34 6.95 4.78 9.26 7.14 7.01 6.16 4.34 3.27 3.93 13.92 24.1 15.19 6.71 6.88 7.15 4.88 4.03 4.85 5.88 7.19 8.99 5.52 12.07 7.13 4.09 3.79 2.6 6.87 9.6 10.95 13.23 15.89 7.27 14.61 14.33 16.97 11.03 15.3 13.11
3.78 9.31 12.03 10.99 15.18 13.57 5.74 8.6 6.17 6.98 6.46 12.57 14.49 20.8 9.48 13.85 9.14 17.44 10.44 6.96 13.07 4.93 3.97 4.26 6.84 5.59 6.22 5.92 4.11 7.38 10.27 7.75 4.05 6.97 10.54 19.65 9.47 10.93 9.13 7.27 9.29 10.26 6.86 14.97 7.32 4.06 10.64 15.26 12.61 7.86 4.01 5.87 5.73 7.66 11.56 17.59 19.07 11.12 12.1 16.88 17.44 10.84 13.8 27.78
5.01 3.74 5.27 7.41 11.11 12.62 6.36 9.23 7.6 7.84 8.74 15.11 20.99 22.83 13.02 14.9 9.82 10.2 9.45 6.0 9.35 5.6 3.73 5.8 5.65 6.77 3.56 4.43 5.98 10.72 9.8 9.59 11.32 10.62 14.38 9.7 16.44 12.9 14.93 16.27 14.95 20.51 10.94 13.23 6.74 7.88 18.42 38.13 20.77 16.0 10.81 10.52 9.25 4.52 11.81 14.72 11.18 10.71 16.23 15.59 21.78 15.61 16.78 22.31
12.42 9.44 3.92 5.67 6.47 4.05 5.11 5.44 7.12 11.07 8.86 13.89 18.22 18.2 16.55 15.94 9.37 11.27 14.68 7.43 11.83 6.39 5.2 2.6 3.59 4.0 8.24 5.7 12.11 4.62 7.05 10.73 19.48 22.35 15.74 9.0 8.2 14.82 14.23 22.47 12.46 14.06 10.12 10.57 8.67 4.93 10.36 9.48 23.24 11.27 14.08 14.61 11.52 6.93 11.57 12.87 9.46 20.73 15.0 10.77 12.98 33.56 23.21 7.68
16.6 5.56 2.14 2.9 3.27 2.42 2.25 6.71 7.89 6.88 7.02 5.28 6.04 9.18 6.13 15.84 17.43 11.69 16.45 7.64 11.14 7.23 2.93 3.42 3.31 4.64 9.5 8.62 8.84 7.9 7.82 13.88 19.72 41.53 24.52 9.29 8.11 16.55 22.7 25.73 21.06 14.29 21.14 16.29 7.97 5.24 11.54 16.16 13.8 16.31 12.91 9.17 12.54 7.99 17.03 16.93 7.18 11.83 11.74 15.23 20.32 12.38 13.86 12.26
9.94 5.15 1.86 3.94 3.16 2.73 4.74 4.69 6.47 7.25 3.12 3.6 3.72 8.41 12.61 13.36 11.1 6.87 8.33 5.74 9.81 4.11 6.28 5.45 5.48 6.17 9.58 4.17 8.95 7.29 10.71 14.15 14.88 18.71 12.58 7.9 7.24 27.26 15.67 35.05 36.05 31.1 31.89 8.98 5.2 10.1 11.63 5.79 9.46 5.41 16.6 7.84 6.77 5.43 12.57 14.4 7.98 12.22 11.58 10.5 7.04 9.46 17.22 13.11
10.88 5.72 4.08 3.82 2.64 5.1 3.32 4.21 7.08 5.55 3.37 5.67 4.89 10.09 6.48 4.18 5.22 4.1 8.59 4.97 5.79 6.14 10.1 10.06 13.45 16.99 7.13 10.98 11.61 12.47 7.81 23.13 14.53 15.02 10.32 10.47 10.41 21.01 17.26 30.27 30.57 21.96 12.5 4.79 8.56 5.72 5.62 9.25 9.62 12.4 21.4 17.1 11.9 6.08 10.73 24.05 11.02 16.06 7.88 5.49 8.76 9.19 14.09 11.31
10.35 6.78 5.26 5.54 2.83 5.76 4.97 3.17 3.45 5.23 3.73 4.98 3.89 3.17 4.29 5.28 8.61 5.11 6.87 6.33 6.76 3.13 7.85 6.99 8.13 12.75 11.26 8.51 10.3 7.79 8.86 17.39 20.82 17.31 12.85 10.66 8.48 22.03 24.87 17.7 12.32 13.08 11.16 8.7 8.4 4.36 5.08 3.1 5.14 6.96 21.31 13.41 4.35 5.69 13.41 19.66 18.21 5.97 5.23 6.72 9.83 9.24 8.03 7.04
6.35 6.78 5.47 5.34 5.25 10.71 6.96 4.12 5.18 7.05 4.22 5.0 3.48 3.63 6.36 7.14 9.15 5.16 8.23 7.4 4.85 5.39 5.64 4.25 6.06 9.64 12.2 13.74 7.48 12.37 6.86 18.45 16.27 10.44 11.42 12.39 7.94 23.05 19.79 6.69 14.93 18.78 20.86 9.67 18.82 10.19 6.39 3.42 7.36 12.67 19.79 9.09 3.73 6.31 10.92 19.24 18.94 8.06 7.32 6.4 11.89 9.89 5.71 5.2
3.06 3.88 7.0 8.39 15.27 19.0 6.97 13.3 6.84 6.32 5.21 5.78 4.82 6.53 5.57 4.17 6.23 5.22 8.46 5.01 3.94 6.83 7.65 9.75 13.49 19.77 10.89 18.18 11.41 6.9 6.39 6.22 5.14 4.02 5.01 9.02 8.98 10.11 12.37 5.56 15.58 26.94 14.01 12.48 8.53 8.89 7.34 6.77 11.32 8.81 12.83 5.36 5.42 10.33 11.37 11.31 13.58 10.23 8.89 6.59 6.87 8.09 5.12 4.8
4.98 5.59 10.68 16.34 17.47 23.45 16.49 24.39 12.66 10.39 11.85 6.26 6.49 10.11 7.56 4.28 10.15 7.01 10.07 5.49 4.52 9.11 7.75 21.97 9.55 6.0 7.0 7.18 8.5 7.74 6.16 7.83 5.3 6.43 6.75 5.97 7.19 9.08 8.63 9.5 13.41 11.57 14.84 7.62 5.18 7.01 7.85 5.08 11.17 11.92 8.54 2.56 5.44 8.66 10.81 10.57 8.32 10.54 9.58 9.86 5.81 5.77 7.59 10.15
7.96 9.9 6.45 10.27 11.48 16.09 14.66 19.06 12.21 18.5 7.72 7.67 12.38 7.71 12.58 9.37 11.91 8.42 8.68 6.39 6.64 6.07 7.13 11.58 5.35 9.75 12.48 8.82 6.77 7.63 15.5 12.17 6.7 7.48 5.68 4.31 5.4 5.41 5.27 6.58 11.2 8.99 8.92 7.56 4.06 8.14 10.26 11.41 12.43 13.45 5.21 3.57 4.65 9.05 12.46 7.48 7.53 15.88 9.58 9.07 4.15 4.51 8.78 9.08
