4.91 7.16 7.74 5.02 2.11 3.71 5.69 9.58 9.54 6.88 5.23 7.23 4.68 5.72 7.27 10.07 2.99 3.5 4.47 5.6 4.75 6.53 3.17 5.11 2.49 6.37 10.34 10.22 7.45 3.95 6.23 3.24 2.28 3.25 5.04 5.78 17.37 24.5 13.91 15.96 8.2 13.0 13.13 9.03 7.04 4.66 3.93 4.5 4.62 6.71 5.24 7.64 9.27 11.81 5.72 6.59 4.14 3.82 6.34 7.39 7.08 6.74 15.05 15.95
3.71 7.67 7.58 5.2 5.21 2.72 3.71 5.48 6.97 4.98 4.02 3.53 4.3 6.03 12.87 9.11 4.55 3.6 3.68 6.86 3.72 7.5 3.92 3.21 2.97 5.36 10.62 13.17 6.16 10.01 7.3 5.81 4.51 4.87 9.61 7.13 9.25 17.02 8.4 16.2 12.12 11.24 8.42 5.25 5.27 5.66 3.88 9.19 8.81 8.72 5.98 6.84 6.7 9.27 7.34 5.14 7.87 6.75 7.55 6.99 3.11 7.81 10.35 10.74
10.96 8.02 9.35 6.35 5.51 7.3 5.96 4.16 8.45 4.64 4.47 4.11 5.78 8.14 10.89 10.61 7.43 5.79 3.23 6.87 7.29 5.91 3.8 1.95 3.87 5.21 7.12 12.51 12.6 12.9 18.28 4.8 9.78 11.05 10.95 11.71 12.87 12.57 11.43 9.37 9.52 4.49 9.93 4.52 3.67 5.17 3.64 12.35 10.2 5.27 5.45 7.05 6.82 6.43 3.66 3.91 7.94 7.67 8.13 5.59 3.77 7.48 10.04 17.97
10.86 9.02 8.1 12.65 6.15 3.61 4.82 5.22 8.17 9.73 5.06 3.17 3.71 4.97 5.67 10.44 6.34 5.52 3.26 5.59 6.4 2.84 1.95 2.43 4.12 7.36 14.14 8.05 15.45 18.04 8.25 6.31 7.44 10.21 5.78 9.81 8.02 19.53 11.61 10.99 5.17 5.13 8.22 3.68 2.74 3.76 5.13 10.37 10.12 7.42 5.41 8.66 6.34 4.04 4.62 4.45 8.51 5.46 4.63 4.88 4.4 7.34 10.61 12.48
12.49 11.71 11.53 6.23 9.43 5.47 4.5 4.48 10.5 15.81 9.58 4.53 4.55 7.13 4.38 6.03 5.63 4.87 4.32 5.31 3.37 2.45 2.62 3.55 3.58 6.62 6.81 12.93 21.94 18.19 10.03 8.07 6.44 8.99 4.94 13.91 9.99 14.86 15.85 10.82 9.44 6.18 5.51 3.21 2.83 4.33 11.71 13.3 12.54 5.4 6.98 3.61 2.83 2.92 8.9 5.7 7.36 8.97 3.93 3.21 4.14 6.47 11.77 13.22
11.91 14.23 15.96 11.87 7.16 4.03 4.46 3.38 5.81 12.83 8.44 22.9 9.76 4.11 3.74 3.61 5.05 5.49 5.13 4.68 4.8 4.46 6.24 4.48 3.01 7.62 15.97 10.64 10.91 10.03 7.48 7.85 4.85 10.05 8.99 7.01 10.7 10.28 22.82 13.56 12.15 7.84 6.1 4.74 5.78 5.83 10.48 7.76 12.97 14.28 5.16 3.42 5.64 4.42 8.14 10.15 4.45 9.59 5.06 4.94 4.66 10.01 7.65 24.34
10.95 8.84 11.27 10.45 6.96 5.56 6.65 9.48 5.94 12.38 9.62 14.08 14.36 3.86 2.73 6.2 5.61 3.45 4.0 4.69 8.85 6.13 10.41 4.03 2.94 5.54 7.73 5.61 11.17 13.28 7.41 8.87 4.87 6.8 11.01 4.41 8.34 12.11 20.06 15.49 14.69 3.87 8.02 7.04 6.92 7.54 8.59 7.26 8.14 7.48 5.47 4.8 9.43 4.44 4.98 9.11 7.25 15.03 9.15 5.4 5.47 6.1 16.32 21.61
8.57 8.13 9.3 8.75 6.8 6.33 2.42 5.69 5.19 9.25 14.59 15.25 11.42 3.96 4.83 7.85 3.68 1.91 5.15 7.59 13.8 7.02 4.5 4.21 6.61 7.0 7.74 6.03 6.76 8.43 5.44 3.8 3.63 7.82 9.45 4.87 9.81 9.78 18.97 11.12 11.2 8.95 6.06 8.21 6.01 3.12 6.61 6.73 12.32 7.76 6.08 4.73 7.05 5.45 6.58 7.35 16.44 15.54 6.39 5.79 9.96 9.49 36.56 25.83
18.14 13.34 11.17 11.24 8.46 7.28 5.33 5.42 5.95 6.52 7.16 5.61 9.58 8.08 15.08 17.83 8.22 1.95 2.54 5.29 10.96 9.52 6.52 4.49 4.92 3.84 5.49 9.74 9.05 15.81 7.35 3.71 5.05 4.71 5.13 6.15 11.42 11.67 17.25 10.72 5.6 8.79 5.39 7.51 4.7 4.2 3.93 5.26 3.52 5.44 3.71 4.4 4.43 5.09 5.27 8.29 8.58 10.25 7.68 5.21 12.05 11.17 16.67 24.72
11.35 9.16 11.07 14.21 10.73 3.99 4.8 5.27 5.41 4.22 8.4 3.72 5.5 12.45 12.08 16.47 17.2 4.32 4.71 8.1 7.58 7.36 6.21 3.04 5.38 6.85 9.1 7.51 6.02 8.15 4.57 4.34 13.21 6.68 7.51 8.97 9.31 7.86 11.44 10.73 8.0 10.38 7.66 5.96 5.63 4.96 3.52 4.46 3.93 4.89 5.26 5.4 4.72 8.12 13.3 8.14 12.14 4.93 9.12 7.68 16.45 11.17 20.92 25.87
6.27 5.76 4.89 9.6 7.43 7.96 6.04 7.52 5.41 1.95 3.35 3.13 4.03 19.82 16.66 13.65 18.61 8.1 2.35 13.95 8.36 7.4 6.81 4.79 3.42 4.51 7.12 8.31 7.99 12.45 10.54 5.62 10.21 4.34 6.79 9.52 8.79 8.32 11.06 15.0 7.17 5.65 7.62 4.13 13.52 11.41 8.85 4.16 2.91 5.13 6.88 4.6 4.01 5.9 11.26 8.75 6.03 6.89 10.12 7.11 9.66 9.61 11.76 21.76
6.5 6.54 3.68 6.7 3.34 4.06 7.72 6.68 4.17 4.51 5.52 5.59 6.61 7.88 18.47 25.31 24.01 21.04 8.36 12.97 9.04 4.47 5.26 6.0 5.62 14.16 10.77 6.39 5.51 5.47 7.72 4.29 7.99 5.71 8.1 6.71 5.04 13.13 13.56 10.54 7.97 4.33 5.43 6.93 7.6 12.64 8.15 4.49 12.49 9.96 7.28 7.49 4.92 4.39 7.0 7.79 6.04 7.54 15.21 10.92 9.69 6.62 5.18 14.62
6.16 6.15 4.51 7.04 6.88 9.05 4.95 2.72 2.99 4.54 6.38 8.28 7.64 14.21 19.62 19.61 30.84 14.79 9.81 9.92 10.89 4.27 4.75 6.83 7.32 12.25 9.34 7.93 6.7 4.48 5.54 6.34 5.64 4.61 5.15 4.44 5.52 9.94 13.6 9.5 7.83 6.12 4.97 9.14 7.11 8.14 9.53 4.49 6.85 6.35 4.4 6.28 5.97 6.68 9.76 4.5 3.63 6.2 6.39 10.47 5.92 8.79 7.56 12.09
7.61 4.81 3.65 5.65 4.9 9.43 4.24 2.64 6.69 11.48 8.93 9.12 6.54 12.99 17.64 14.05 12.35 11.99 13.33 16.0 16.36 3.08 4.64 4.64 11.62 13.52 13.35 9.28 6.63 3.29 4.09 6.45 6.54 6.29 6.08 4.63 4.97 5.13 8.19 6.89 5.69 10.57 9.72 5.91 8.7 5.52 6.12 9.82 6.69 10.65 8.89 10.26 10.17 5.75 8.04 6.46 4.66 8.91 6.95 4.96 3.51 9.49 5.78 9.75
10.69 8.55 4.27 5.16 7.66 5.99 5.55 3.82 5.36 5.78 10.79 14.04 10.74 8.19 9.28 9.05 6.99 9.39 8.68 10.85 12.83 5.02 4.11 6.2 6.08 9.01 8.44 10.04 7.58 4.89 7.1 8.86 3.06 4.67 4.62 3.24 3.5 5.46 11.05 10.91 6.49 5.58 6.7 6.46 13.4 9.26 9.41 8.22 6.45 8.99 8.67 7.73 6.51 4.53 8.84 5.14 7.66 7.42 4.97 4.27 2.84 5.97 4.58 3.64
14.17 7.23 5.38 3.62 7.29 8.07 10.62 9.5 5.7 5.21 9.91 12.28 8.27 16.7 10.33 5.98 6.95 14.93 8.37 13.32 5.79 4.52 3.67 5.18 6.37 17.03 8.52 9.39 7.05 5.11 6.49 4.4 5.45 5.37 4.71 4.48 3.8 4.17 5.62 9.82 11.43 6.75 8.93 6.38 8.19 11.08 9.05 13.42 14.66 17.65 11.84 8.15 4.0 4.51 11.82 12.48 8.37 8.33 2.67 5.1 4.02 3.95 8.51 4.82
11.55 9.06 6.91 10.04 11.93 6.43 10.67 5.09 7.32 8.8 9.23 10.12 9.86 14.23 12.35 7.87 9.32 7.65 10.96 5.91 5.08 3.17 3.69 4.59 6.1 9.95 10.84 8.32 13.35 8.75 13.7 6.14 4.73 4.72 6.92 7.74 5.49 4.59 9.8 8.29 10.43 11.64 10.04 10.61 13.27 14.54 7.58 6.76 7.81 9.31 18.28 12.15 8.05 6.65 6.21 10.93 6.33 9.74 5.25 4.09 5.63 6.92 3.97 6.61
8.33 10.72 13.56 9.44 17.65 6.09 9.49 9.63 7.05 13.03 13.37 10.14 14.95 12.08 6.98 6.26 6.49 10.58 10.19 6.25 3.63 4.86 3.69 7.32 8.35 8.24 17.12 8.29 7.85 10.5 6.44 10.06 11.5 5.1 9.0 6.65 6.93 5.99 6.1 11.96 12.12 8.36 8.05 9.61 8.95 15.74 12.01 9.27 17.47 10.84 11.07 11.92 9.43 4.78 7.28 10.51 9.3 9.8 4.48 8.03 5.51 4.91 5.6 7.9
12.11 9.07 19.44 13.81 13.5 13.92 5.91 8.06 7.9 7.88 9.73 10.51 14.19 18.23 7.01 7.04 9.06 7.49 5.57 6.48 3.21 4.5 4.68 4.13 7.01 6.3 14.96 11.6 6.33 4.78 4.12 6.05 12.06 6.27 5.57 12.12 11.63 11.84 15.23 11.27 9.37 6.93 5.56 11.1 8.57 16.16 12.96 6.48 6.97 6.32 8.47 11.46 9.88 7.66 6.47 7.42 10.33 9.72 7.98 6.39 7.46 6.77 5.71 4.49
8.56 8.94 16.98 15.69 11.93 9.37 4.71 7.43 15.78 12.76 9.47 10.03 15.71 10.72 9.75 8.81 15.66 11.75 8.94 7.31 3.72 5.97 7.01 3.91 8.2 6.07 4.93 6.61 3.98 4.64 5.14 10.59 8.28 7.71 6.78 9.49 8.3 11.26 6.49 13.06 10.53 14.18 10.31 8.65 9.06 9.78 12.76 11.11 3.58 5.32 9.02 10.94 7.51 7.96 4.14 8.18 15.2 11.91 7.27 3.26 4.8 5.17 4.37 3.76
4.93 8.03 16.45 15.23 7.83 7.51 4.0 7.72 21.58 13.17 14.68 15.92 14.48 12.39 13.4 20.12 14.78 12.52 8.11 6.87 6.27 7.33 8.97 7.52 5.65 5.36 2.96 4.78 6.21 7.96 10.54 15.37 12.81 12.67 9.49 6.7 3.99 6.04 6.19 10.29 15.32 18.13 22.0 7.71 13.0 11.12 12.59 5.55 4.99 3.64 15.13 14.04 8.83 18.34 5.9 6.68 10.07 6.75 4.07 4.38 6.18 5.09 5.75 5.39
2.05 11.32 11.25 8.28 4.31 6.12 5.63 8.4 11.88 17.97 8.63 8.69 8.77 15.15 17.4 18.52 12.61 11.95 11.1 11.11 12.7 11.63 14.69 7.02 5.35 5.99 5.25 8.45 12.76 6.01 5.83 11.01 9.47 9.41 10.31 5.75 7.78 3.38 4.37 5.97 8.46 17.79 20.18 15.36 27.9 12.01 16.98 5.52 3.77 7.29 17.93 18.04 9.87 16.24 10.3 5.52 6.69 4.12 4.49 8.5 3.73 4.38 5.88 8.78
2.82 8.12 2.9 7.37 6.86 4.22 3.71 8.18 7.88 13.68 8.99 5.02 8.13 16.47 21.94 27.59 16.03 12.74 13.31 7.26 8.8 8.08 16.33 15.53 15.61 14.89 13.27 20.26 6.84 6.17 6.64 15.31 10.34 7.66 5.0 7.63 6.54 9.34 6.72 7.25 5.45 9.34 10.78 10.56 15.1 17.45 10.43 9.8 4.11 5.36 12.82 22.02 29.08 19.85 8.24 6.67 8.91 4.19 4.49 7.1 6.56 8.54 8.93 9.51
4.82 5.02 4.64 5.29 6.2 5.3 5.77 4.47 6.77 4.83 5.01 8.5 17.96 28.08 18.94 12.89 15.78 24.66 12.21 7.35 12.69 9.6 12.37 12.19 14.7 17.39 18.65 19.99 11.75 7.99 5.61 12.12 14.69 4.56 4.3 7.88 9.6 6.98 6.03 4.9 5.36 5.1 10.46 9.5 11.74 11.75 7.19 6.38 5.18 5.85 7.43 31.48 16.14 10.93 13.49 14.63 13.66 7.12 3.46 4.42 4.14 6.23 12.76 20.99
5.99 6.32 5.43 9.78 7.68 5.5 6.28 7.6 5.13 6.74 5.3 8.78 14.61 17.55 8.99 15.26 14.08 21.24 13.09 4.53 7.89 11.12 14.5 13.53 14.41 15.33 15.61 22.45 13.53 7.46 14.98 14.56 20.3 9.62 7.19 6.3 10.69 7.22 4.68 5.67 3.44 5.05 8.33 7.82 7.81 19.14 5.83 6.43 3.45 6.62 8.73 21.81 13.96 11.02 15.67 22.78 15.03 6.74 6.7 6.78 8.85 8.95 17.4 18.34
5.56 7.08 6.66 7.68 8.96 5.66 13.2 9.58 8.5 6.57 3.61 5.34 10.1 11.65 7.8 12.2 10.27 13.27 16.23 5.57 6.8 8.05 4.21 8.99 7.33 15.51 16.48 13.11 6.15 8.29 7.9 9.89 10.69 6.72 9.51 10.84 6.86 6.62 5.24 3.34 4.35 4.89 6.35 6.95 6.61 9.67 5.4 4.28 6.58 5.35 8.24 18.55 11.87 9.82 20.39 10.72 24.55 9.98 15.26 10.22 9.41 12.54 25.92 13.39
5.98 3.67 10.74 4.19 8.69 16.97 19.5 14.37 16.71 6.24 4.11 8.67 6.82 13.7 8.97 5.13 3.75 6.89 13.85 7.18 4.47 7.58 3.31 4.74 9.66 15.19 14.24 12.02 8.84 8.62 8.07 6.99 10.85 5.64 9.02 6.23 5.23 11.62 8.72 3.6 4.8 3.99 4.13 4.42 8.12 7.63 5.03 5.62 4.4 6.93 5.6 13.29 16.19 12.0 24.53 20.64 12.79 14.05 10.68 13.7 15.11 16.87 28.52 32.29
10.79 12.24 15.7 8.06 5.9 13.02 11.53 12.71 13.2 14.12 12.95 11.77 15.36 10.4 4.75 2.35 4.71 5.32 12.74 5.43 3.3 3.99 2.96 4.31 8.59 8.05 12.05 16.0 19.24 4.78 6.49 4.11 5.49 6.54 8.19 7.41 6.38 8.32 4.79 6.29 4.31 5.79 6.91 6.18 3.49 2.43 2.87 5.36 4.37 9.43 13.49 6.41 12.19 13.77 11.9 31.2 12.81 10.06 17.64 20.86 10.11 18.63 14.92 13.23
10.25 10.31 17.88 17.63 24.85 18.47 10.68 17.39 12.36 10.7 6.98 7.76 16.56 9.89 7.27 3.38 4.33 2.98 7.02 3.21 2.36 6.97 5.85 7.89 5.5 5.47 15.53 19.3 18.64 6.49 6.86 9.14 7.02 5.01 8.41 7.91 8.71 10.7 8.82 6.0 8.58 8.52 5.24 4.81 3.11 2.29 5.11 5.41 7.9 6.12 8.84 5.55 13.52 9.73 11.53 17.93 19.11 15.6 15.26 23.48 15.12 21.71 26.13 16.26
9.9 10.71 18.16 27.83 22.4 22.2 10.15 13.59 14.28 13.92 6.16 11.12 14.66 9.68 8.53 3.77 4.86 4.65 4.42 3.85 2.03 4.17 4.05 4.32 6.82 6.44 9.24 19.62 7.74 4.83 5.29 6.23 7.36 9.6 6.93 8.33 9.25 7.85 9.84 9.35 10.38 6.95 5.37 6.08 2.45 2.23 3.67 6.32 8.46 9.97 10.64 9.53 8.85 9.3 5.25 10.01 15.14 23.65 15.49 16.62 7.99 9.47 10.21 15.7
8.41 10.0 8.51 18.23 26.21 12.75 17.49 13.66 12.82 11.16 10.23 9.69 30.06 10.19 8.78 5.61 6.83 5.68 4.69 5.3 2.53 3.02 7.46 4.92 11.0 9.35 7.77 5.31 4.53 4.82 7.11 7.81 8.31 17.85 5.5 4.98 11.11 8.86 12.46 19.45 6.61 5.16 4.91 4.79 7.27 4.9 4.5 3.98 5.0 7.99 5.35 7.77 10.41 15.34 8.42 7.28 10.77 6.16 7.9 13.59 15.0 12.47 11.84 9.68
6.32 7.14 8.07 10.23 15.72 18.85 9.41 10.4 18.4 21.23 23.17 14.44 39.39 11.69 10.95 10.13 6.02 8.57 5.52 6.77 4.71 2.52 6.8 9.08 14.83 14.28 6.43 3.02 2.76 3.94 4.54 5.68 10.05 13.23 6.66 3.77 7.96 11.4 7.34 11.25 9.37 7.03 10.63 5.14 6.97 3.89 4.64 4.04 7.99 13.66 12.37 8.21 10.69 10.94 11.57 6.36 9.63 14.23 7.05 10.86 14.36 6.84 9.69 11.74
2.27 4.72 8.39 13.14 13.8 32.66 16.63 5.95 12.17 12.26 18.48 18.56 15.22 15.95 10.97 10.71 7.25 10.8 8.2 7.93 6.53 7.27 15.62 8.72 9.33 15.78 6.18 5.05 8.26 4.27 4.49 3.17 7.7 13.51 6.93 4.12 11.87 9.54 7.42 11.97 11.7 5.71 5.43 5.93 7.37 10.16 9.46 7.66 8.96 10.49 11.96 7.47 8.71 18.4 16.13 10.49 8.23 11.27 16.58 18.26 20.99 11.33 14.1 9.74
4.1 6.81 10.29 7.29 9.06 19.13 29.64 15.2 28.0 15.55 9.89 9.91 11.42 13.96 7.64 17.99 10.61 10.99 8.9 7.14 7.76 12.62 27.71 12.98 11.88 9.84 6.97 5.82 5.29 3.17 2.29 4.45 6.42 6.92 8.32 5.03 5.8 8.97 5.07 12.47 8.98 4.5 5.09 8.54 6.25 7.07 6.92 13.92 7.52 13.08 29.5 9.69 6.8 15.63 17.34 8.39 12.64 13.21 16.11 14.81 15.47 9.81 9.97 7.18
6.84 5.99 9.35 14.35 11.07 17.07 24.25 10.38 15.93 10.89 12.34 14.36 9.59 10.44 7.08 17.82 8.63 5.69 7.15 7.66 13.13 23.48 17.91 11.79 8.0 5.67 7.38 4.3 4.56 4.0 2.45 3.88 10.39 6.52 8.94 8.53 7.1 10.2 8.75 5.73 8.67 5.81 3.67 10.29 4.79 3.1 7.24 7.65 3.77 7.12 9.11 16.08 11.75 11.71 14.23 19.4 15.51 19.95 14.55 15.06 14.2 13.53 8.33 19.84
10.35 16.91 13.27 13.49 15.78 12.11 15.66 17.12 11.53 20.7 18.14 12.95 8.76 11.65 14.17 16.16 9.0 2.91 5.51 12.18 15.0 10.83 18.8 13.22 12.35 5.19 3.56 3.97 5.59 4.32 4.44 3.31 8.06 9.1 10.6 11.04 11.23 10.27 8.23 7.12 7.01 12.07 7.05 3.36 3.11 1.68 5.17 7.77 4.18 10.14 8.81 14.13 13.79 10.48 13.6 15.82 15.71 16.34 16.11 11.82 11.42 7.57 7.34 12.71
11.92 16.36 7.55 9.03 20.56 17.75 15.81 19.99 11.05 15.52 9.69 7.03 4.25 17.27 19.31 16.91 6.96 2.6 7.72 10.37 22.09 12.45 7.82 8.43 3.47 3.09 2.87 8.43 8.15 11.05 6.53 2.18 3.7 14.1 10.89 18.07 10.02 12.39 7.21 7.61 9.34 6.37 3.8 3.75 6.01 3.98 4.22 3.08 4.49 7.96 6.65 7.19 11.79 14.87 10.65 19.66 19.85 14.23 11.98 7.34 6.84 5.38 5.27 10.69
12.03 9.47 7.16 13.82 21.37 11.83 13.93 12.62 12.97 22.09 7.99 6.64 4.99 14.92 25.21 11.32 11.23 4.88 10.89 14.2 26.09 15.48 8.76 7.79 4.98 3.2 3.36 3.63 3.42 6.07 8.4 4.64 4.85 14.9 9.57 9.97 12.72 13.45 9.46 16.05 10.22 11.71 5.95 2.71 6.26 5.21 4.52 4.46 6.41 6.43 2.67 5.76 8.36 6.93 7.76 11.0 11.75 19.8 9.3 7.83 3.77 5.02 4.29 10.43
7.28 9.22 9.98 8.95 10.93 12.89 15.84 13.44 7.58 11.34 7.24 6.5 7.89 15.58 32.08 10.28 10.97 7.92 8.66 14.33 18.61 12.77 5.79 5.16 3.89 6.44 4.17 3.93 5.42 7.9 10.66 10.57 7.63 16.24 9.8 9.88 11.35 10.82 13.78 13.8 10.14 9.19 10.48 4.56 5.45 4.16 1.78 5.01 3.61 2.6 2.85 4.43 5.33 6.11 5.79 8.75 11.7 15.05 13.24 8.69 2.42 4.84 5.71 5.81
6.97 9.52 13.63 11.75 9.95 10.09 14.25 37.03 8.55 13.81 8.07 8.04 7.13 8.91 17.94 10.29 10.81 17.32 9.81 17.99 8.42 8.35 4.51 8.52 6.41 6.84 9.94 8.17 4.99 9.47 23.94 13.59 7.52 10.63 17.62 14.83 12.22 8.69 14.17 7.92 10.44 5.9 7.9 5.58 4.21 4.32 4.38 6.31 3.69 3.85 2.19 2.41 3.16 4.15 7.52 5.72 7.94 7.88 12.02 8.59 3.74 5.12 5.79 3.67
10.66 3.34 9.59 18.4 8.8 24.24 18.49 16.67 6.16 8.79 12.77 5.26 3.87 3.85 7.07 6.5 5.85 8.54 6.47 12.63 8.81 8.77 4.71 4.14 5.99 7.72 10.22 14.1 11.5 10.36 16.1 13.38 8.15 8.32 9.95 9.24 5.94 6.65 8.38 6.28 6.83 5.46 5.43 4.63 4.32 4.71 4.84 14.72 3.26 2.13 2.45 2.27 4.49 4.46 4.92 9.92 6.64 5.88 9.06 5.41 9.26 10.31 9.99 5.43
10.22 5.42 8.76 15.39 14.4 18.04 15.87 13.19 16.88 10.56 15.74 4.92 3.01 4.21 6.7 4.78 4.4 5.81 4.44 12.53 15.33 10.57 6.75 6.63 7.64 7.31 6.29 6.33 10.29 9.0 12.15 29.63 8.1 4.88 9.53 6.26 7.62 10.8 9.03 6.52 5.25 5.95 4.65 6.55 3.91 5.99 4.14 5.61 2.84 2.07 3.77 3.72 4.57 5.06 3.07 3.02 8.38 7.22 10.26 8.59 11.68 18.18 9.69 8.57
10.71 8.69 7.14 26.01 26.42 17.05 12.92 5.83 9.93 18.52 15.9 4.52 5.41 5.12 4.95 5.88 3.59 6.53 4.37 5.05 11.98 7.15 5.67 7.23 10.69 4.48 11.63 10.16 10.33 16.84 13.94 14.47 15.06 4.16 4.0 4.41 4.59 6.18 10.83 9.14 10.67 5.22 2.79 3.91 2.8 3.61 3.71 1.58 2.87 4.66 5.18 6.27 6.39 2.97 7.0 5.64 9.78 10.07 5.04 7.03 17.43 19.2 12.87 10.92
11.12 14.8 7.2 28.05 23.46 24.45 17.91 9.29 12.28 9.13 11.55 9.98 4.73 5.02 5.52 6.89 6.74 18.64 5.77 4.92 8.4 5.39 5.96 6.26 6.86 10.09 14.49 9.94 7.66 19.74 14.84 14.53 12.11 7.37 5.03 7.53 5.81 9.46 6.98 6.44 9.56 10.59 4.82 5.4 4.35 4.09 3.54 1.81 3.58 6.63 7.05 11.36 13.61 5.63 5.07 5.23 6.38 8.04 8.06 10.3 16.09 14.47 7.62 6.12
8.05 15.14 7.13 9.78 30.23 20.29 13.89 13.16 8.74 5.69 10.93 5.6 4.58 5.54 8.65 12.83 12.59 10.94 5.08 3.43 8.7 11.7 9.84 10.46 4.26 8.64 15.13 11.86 8.33 19.26 8.76 6.93 10.29 7.23 6.89 7.69 7.18 7.53 7.53 8.73 6.54 6.56 6.29 6.23 5.62 4.86 7.28 2.43 4.54 5.47 7.73 9.55 10.35 4.54 5.66 7.02 6.37 12.46 9.36 10.9 6.38 8.38 9.91 6.65
7.73 12.01 9.69 14.35 15.89 15.8 12.17 22.03 15.01 13.09 20.06 12.55 4.89 4.52 7.46 21.46 18.7 7.62 18.37 6.87 7.35 7.27 7.44 7.75 5.85 7.28 10.74 10.17 6.29 12.69 12.41 3.52 7.11 9.81 11.61 9.92 7.59 4.1 10.34 7.81 6.76 8.8 4.13 3.96 5.0 6.06 7.38 4.25 5.08 7.14 5.77 8.43 7.12 5.97 5.23 8.36 5.11 6.81 6.62 10.48 8.91 8.36 7.66 8.54
9.08 16.19 8.19 11.46 13.17 13.81 15.89 14.16 12.65 11.27 10.64 9.16 4.12 8.58 20.03 12.63 20.02 4.29 7.33 7.44 12.33 9.28 11.87 4.45 4.19 6.45 7.56 11.81 13.37 12.29 8.32 5.2 3.78 5.23 6.09 6.54 10.05 7.45 7.26 8.67 4.81 8.73 8.03 4.19 5.94 4.12 5.06 4.73 4.87 7.14 11.2 8.54 6.48 5.52 7.81 10.56 22.47 5.79 8.9 7.93 8.88 9.82 11.19 8.13
16.22 18.51 23.12 13.15 19.77 11.07 12.25 9.05 11.28 9.18 10.68 5.97 6.32 8.61 12.99 14.6 14.07 9.26 6.44 6.93 6.3 7.5 5.66 5.26 5.16 7.07 7.25 8.03 9.18 9.63 5.92 5.36 7.29 3.64 10.28 14.23 6.77 8.35 4.3 7.98 5.91 8.88 24.49 4.53 4.8 4.41 4.08 7.16 7.63 5.3 7.16 6.77 6.7 5.81 5.55 8.72 18.4 11.46 15.38 9.42 11.03 8.78 4.64 4.84
18.6 20.41 22.05 10.81 12.01 7.52 7.76 8.51 9.12 5.5 5.22 8.67 11.49 12.85 9.17 10.14 10.45 7.08 3.53 3.8 6.94 7.98 3.38 5.98 6.89 3.49 4.88 6.04 10.58 6.82 7.12 3.49 4.64 3.05 7.73 21.68 8.72 10.24 5.24 7.5 4.82 5.1 6.71 6.87 3.23 6.74 5.29 6.06 4.6 6.25 5.74 6.95 4.28 4.58 8.93 12.99 16.58 7.16 7.11 15.26 32.53 22.43 7.16 7.74
26.54 19.6 25.01 5.86 5.49 4.57 7.14 13.22 17.79 6.48 11.68 15.21 8.65 5.83 7.3 4.01 6.73 9.08 2.98 3.59 6.57 3.41 2.8 4.57 4.61 4.61 6.27 4.84 8.9 5.74 6.96 3.95 5.03 4.73 6.45 14.16 9.66 10.18 7.54 4.65 7.04 6.52 11.86 5.39 3.61 7.16 5.81 3.89 6.62 10.57 12.19 7.29 6.21 1.94 4.21 4.66 7.1 4.72 6.68 22.41 15.9 7.98 5.59 4.95
14.81 12.48 7.27 5.67 4.97 5.89 6.65 7.85 12.39 9.37 7.98 19.25 9.52 11.16 7.41 5.42 3.52 5.57 3.72 6.43 6.04 8.88 5.58 6.4 6.41 3.38 10.45 6.72 6.43 5.68 10.42 8.98 5.51 4.94 3.38 8.52 7.4 7.64 19.87 9.55 14.37 10.33 11.33 5.65 4.79 8.4 7.39 3.19 5.28 8.8 6.43 6.16 5.05 5.08 7.52 3.96 2.86 4.49 5.26 11.22 8.08 7.87 7.87 8.52
8.78 5.76 4.72 7.17 7.59 7.83 8.0 13.08 7.77 7.16 6.95 11.45 13.31 8.09 18.43 4.81 3.27 6.53 6.7 6.81 5.76 3.83 7.22 5.39 12.28 7.44 10.82 4.87 3.58 5.26 7.71 6.39 3.55 9.88 7.3 6.94 6.86 5.32 8.48 14.76 13.76 16.08 13.0 9.5 13.41 10.19 6.09 4.72 3.62 5.88 3.28 3.67 6.5 5.33 6.83 9.33 7.49 5.05 2.83 5.88 4.04 3.69 10.61 4.61
5.16 3.63 4.27 5.16 5.64 6.21 9.79 12.71 8.16 5.61 7.15 4.09 9.49 7.26 12.07 9.38 7.25 5.26 6.21 3.44 8.29 5.87 10.52 9.16 9.35 9.93 9.29 8.19 6.79 6.89 4.25 7.42 3.85 9.78 11.2 10.54 7.53 5.88 11.66 15.13 12.07 6.9 7.61 11.46 8.65 8.65 7.04 4.27 4.65 4.22 5.44 9.14 7.59 6.46 6.33 12.04 7.96 9.07 5.25 5.9 6.09 6.05 10.08 3.62
5.04 7.04 5.88 4.97 5.43 4.92 8.68 10.71 8.77 7.69 6.45 3.83 7.22 6.17 3.59 8.48 6.66 6.65 17.3 8.16 5.57 8.3 12.2 9.13 21.49 12.96 7.26 19.7 5.24 4.35 3.01 6.37 10.97 12.13 10.74 6.46 7.33 3.83 14.18 18.31 22.75 10.56 6.39 5.17 4.34 3.54 6.24 6.97 5.43 4.8 3.79 6.25 5.85 6.65 7.24 11.3 5.32 8.18 3.97 5.27 5.51 5.48 7.6 5.99
7.7 8.32 5.42 6.06 2.65 3.99 7.36 7.84 15.85 6.09 4.4 4.87 10.56 10.35 3.81 5.71 5.29 6.14 12.16 13.36 14.59 13.04 12.27 13.39 12.97 14.21 9.07 13.27 9.82 6.85 4.02 6.01 6.61 8.74 17.47 9.94 12.98 7.51 9.46 13.95 10.27 6.78 4.3 6.17 7.72 7.58 3.11 2.94 2.38 3.7 9.58 6.61 7.06 10.24 8.23 9.55 7.19 8.4 10.64 4.53 8.85 5.59 4.52 7.04
4.51 5.75 6.3 4.07 2.62 3.86 7.33 4.87 8.19 7.6 5.05 6.7 13.62 5.92 3.3 3.78 6.7 11.27 18.16 10.03 7.55 10.24 6.89 10.48 9.33 13.83 13.7 10.1 5.69 7.94 3.71 9.02 11.44 5.84 12.89 11.01 11.98 11.4 8.16 14.84 10.13 10.28 4.66 3.54 5.61 6.76 3.32 3.02 2.51 4.06 9.54 8.06 5.57 11.85 12.83 6.87 7.35 7.51 8.7 7.53 5.17 5.26 3.7 11.9
4.56 3.33 3.82 2.37 4.01 6.65 8.79 7.82 8.93 8.16 5.58 6.29 7.88 5.02 3.18 4.45 10.72 8.31 14.03 12.19 11.88 7.82 14.64 9.6 5.64 7.19 12.11 12.02 8.07 7.76 13.67 7.63 14.93 3.17 5.59 9.67 11.27 14.29 8.89 6.9 5.47 5.85 4.41 5.21 4.03 5.38 3.39 2.3 2.25 6.94 11.09 9.94 13.91 17.34 7.0 4.73 4.03 6.99 10.0 5.75 8.16 7.43 5.62 8.8
3.0 3.75 3.69 3.84 3.36 3.76 5.32 4.28 11.21 13.56 5.41 8.22 4.38 3.57 2.99 2.58 6.75 13.26 17.4 20.02 11.9 5.17 10.58 4.38 3.44 12.21 11.72 7.97 7.35 7.07 9.6 6.05 5.72 5.66 5.28 10.45 12.76 15.4 4.07 9.39 5.56 6.16 2.75 3.91 4.69 4.52 3.4 2.71 3.48 5.99 13.8 13.0 12.97 10.94 4.78 3.91 9.03 5.79 13.37 7.56 7.94 8.25 4.37 8.08
3.26 4.5 4.18 2.93 5.29 4.09 4.73 3.75 5.64 6.11 4.48 5.63 6.88 4.35 3.11 5.12 4.36 8.68 12.27 12.42 7.87 6.41 6.64 8.65 6.11 14.19 8.67 7.06 5.43 5.66 8.8 10.55 6.48 9.51 7.16 9.47 10.08 8.76 3.78 5.35 3.67 3.06 3.25 6.45 11.39 6.83 8.09 5.2 3.06 7.07 14.93 18.55 14.24 11.38 10.2 5.63 11.46 10.78 12.06 11.96 9.38 9.49 4.4 4.23
3.03 6.46 6.33 8.8 5.47 5.23 4.36 3.16 3.7 4.62 4.25 4.69 7.23 5.89 3.69 5.46 7.17 3.93 6.72 15.36 5.18 6.01 7.82 7.76 8.42 19.43 9.38 6.81 8.61 4.48 5.69 9.18 8.35 12.8 6.75 9.96 10.61 7.36 4.46 5.0 3.03 2.73 6.2 7.46 9.46 5.47 7.3 9.89 7.8 13.78 7.15 13.09 7.5 9.11 19.96 9.93 8.34 13.47 11.65 13.87 8.46 8.03 5.53 6.49
6.3 10.98 8.57 18.96 7.33 7.52 6.32 3.61 4.98 9.76 2.98 2.57 3.32 2.54 9.83 9.99 6.34 5.75 5.29 11.24 8.98 8.27 10.09 14.95 10.91 13.63 10.01 8.37 10.92 7.71 6.86 5.89 6.07 6.25 5.64 5.34 3.44 5.01 4.84 3.94 5.71 3.52 8.83 6.04 9.55 5.21 4.75 7.55 8.98 10.85 9.82 9.99 7.4 9.8 19.84 7.91 9.7 24.71 10.04 15.98 10.49 6.4 6.48 6.91
9.34 17.18 8.94 10.71 6.11 10.42 6.08 5.82 4.06 8.25 5.29 1.96 2.69 5.34 5.99 5.61 7.38 7.34 8.49 7.83 8.43 11.2 7.88 13.16 13.87 16.91 16.31 13.24 11.94 5.71 5.52 9.33 11.92 6.91 7.13 7.25 5.31 3.83 4.23 5.11 11.64 6.1 6.79 9.16 5.35 4.65 4.71 6.58 8.73 9.24 11.24 7.63 13.4 11.55 19.98 12.37 7.9 20.74 9.2 8.66 8.82 5.67 5.98 10.93
7.55 9.8 8.25 13.07 18.32 10.56 9.01 4.32 3.08 3.7 2.37 1.84 3.48 6.52 6.24 7.27 9.78 10.31 7.41 6.97 6.81 13.25 13.82 10.9 7.8 13.24 17.73 19.41 20.04 8.8 4.12 13.2 7.53 6.57 6.89 5.69 5.55 4.31 4.59 5.04 5.28 7.44 5.99 12.72 6.28 8.65 3.87 6.07 4.75 5.19 7.36 15.44 17.58 11.37 8.94 7.27 8.27 23.68 8.45 5.57 7.72 4.74 3.98 8.16
5.04 3.72 15.31 10.52 17.78 9.82 8.22 4.89 4.37 2.91 2.9 1.83 2.3 4.46 3.86 6.23 4.65 10.55 6.91 5.92 9.07 6.56 6.83 5.96 7.5 7.34 11.9 9.8 14.09 14.21 6.93 8.55 6.8 7.7 15.17 12.18 7.89 4.03 2.89 6.41 9.88 10.38 10.31 14.15 6.21 5.89 4.56 9.15 6.76 4.65 9.52 10.17 11.45 9.18 6.19 6.85 7.27 7.75 8.88 6.2 6.9 7.46 10.26 9.89
