4.45 3.11 9.05 3.85 4.94 4.35 3.02 7.22 7.44 9.1 6.93 6.1 4.78 7.61 6.28 5.72 6.92 3.46 6.36 14.78 9.39 8.12 12.42 10.05 13.42 8.02 17.01 15.34 20.12 13.0 25.65 11.35 7.91 5.63 8.03 10.59 6.6 6.93 6.18 5.86 6.75 8.63 4.98 5.35 4.76 2.72 5.98 10.18 11.69 5.34 7.01 6.68 8.71 9.6 16.01 9.45 3.22 2.52 5.86 2.67 5.53 6.37 6.93 3.63
7.67 6.15 4.4 3.34 4.08 2.6 4.02 4.23 6.43 6.58 7.01 2.67 5.77 7.03 12.07 6.07 3.73 2.48 6.37 3.8 12.43 9.11 6.52 9.32 6.32 9.32 10.59 28.18 21.29 19.52 13.94 7.43 5.85 3.96 10.08 11.27 7.87 10.97 6.16 3.97 8.0 11.69 5.01 5.54 6.6 3.05 6.06 10.95 7.48 6.43 7.85 13.07 17.92 5.51 6.13 6.47 3.36 2.16 3.63 4.94 6.89 9.31 5.94 3.82
10.23 4.93 7.1 4.51 10.9 2.95 4.38 2.21 4.11 3.56 5.5 5.27 8.02 7.04 13.48 4.09 3.0 2.77 3.41 5.34 11.63 6.49 11.35 15.7 12.16 8.65 19.73 9.8 12.3 10.86 15.42 4.99 5.6 7.6 13.66 15.06 5.94 7.87 4.62 2.63 3.93 4.78 5.43 5.26 5.97 5.2 3.96 3.46 4.16 6.63 7.78 9.92 8.8 8.18 10.68 3.4 2.8 2.4 3.64 1.91 6.05 5.49 3.45 4.94
16.55 6.86 5.54 5.35 2.1 2.66 2.57 3.88 3.22 5.52 8.1 8.5 9.22 6.1 3.94 4.03 3.42 4.93 3.86 3.66 6.76 10.75 7.33 15.68 19.55 14.11 12.93 12.64 11.99 8.11 11.22 6.1 9.28 9.65 19.17 14.11 7.9 8.01 5.52 4.74 4.77 5.27 4.8 5.09 11.8 6.71 6.36 5.49 5.66 6.47 10.36 10.51 8.79 8.91 10.53 4.95 3.43 3.36 4.17 2.22 1.95 4.54 7.51 7.09
19.26 8.22 5.45 6.84 4.47 1.91 2.64 3.22 2.32 4.94 7.41 9.03 8.12 4.85 7.28 5.44 4.0 7.16 6.71 2.83 4.5 5.99 5.43 7.26 14.24 27.93 13.49 19.59 11.76 7.18 6.01 8.42 9.87 6.12 8.73 11.05 3.52 2.24 3.29 6.02 5.59 9.33 3.62 4.8 3.53 4.31 9.23 11.22 11.32 7.38 9.42 6.69 7.39 3.09 3.82 6.17 5.03 4.49 6.22 3.21 5.92 5.98 10.31 7.95
11.12 11.2 9.52 4.82 7.53 4.99 5.98 7.43 6.21 4.01 9.5 7.85 11.92 5.68 11.01 14.04 6.23 6.02 5.89 4.43 5.57 6.91 11.92 9.26 12.67 13.18 12.39 14.87 8.96 17.7 5.45 4.91 7.25 4.17 7.92 10.43 5.81 4.13 3.53 9.02 13.71 11.63 3.92 3.82 3.81 7.7 5.49 5.7 5.62 4.34 6.43 5.95 8.57 2.67 4.53 3.66 4.01 5.19 7.16 7.82 5.04 11.7 12.09 6.11
8.11 12.1 6.41 6.08 3.27 5.16 10.53 9.21 4.32 7.42 6.31 8.11 11.23 12.5 18.99 9.17 6.89 4.94 3.7 2.01 4.63 5.17 6.86 6.94 15.34 5.58 9.95 6.55 14.56 6.83 5.87 7.0 5.89 4.54 5.18 3.96 2.98 2.47 9.45 9.39 12.59 15.7 7.01 2.67 2.93 4.73 6.11 6.62 4.74 3.15 5.27 6.64 6.89 4.42 5.96 4.98 4.58 5.0 8.8 7.91 4.41 6.13 10.85 9.42
19.86 9.52 5.41 4.86 7.55 6.95 9.64 10.71 9.63 9.02 12.34 9.87 19.5 9.55 21.11 9.8 7.85 7.14 7.35 4.54 3.69 5.7 4.39 4.92 6.47 6.16 4.53 6.49 8.95 6.78 6.51 4.45 8.47 5.07 2.95 3.35 2.27 2.39 3.65 9.91 9.85 6.91 9.57 3.82 3.04 6.63 11.6 11.63 3.86 3.32 6.07 7.07 8.5 9.39 8.91 4.61 10.15 3.71 8.96 9.66 7.75 8.37 22.33 12.47
14.75 8.98 7.6 6.76 9.79 5.99 10.46 9.09 7.62 13.71 10.51 10.39 11.52 11.87 16.27 11.7 13.77 6.48 13.78 9.24 5.51 8.07 13.38 9.58 7.73 4.08 5.82 3.21 3.75 4.32 6.77 6.81 9.45 7.7 3.95 2.71 3.15 2.71 4.56 8.15 8.69 14.93 8.35 4.28 6.6 10.78 8.87 7.07 6.65 3.91 6.9 4.39 8.56 9.38 12.73 9.67 7.08 4.94 8.63 7.11 11.86 8.0 6.74 12.27
11.95 18.88 8.62 12.2 5.95 4.35 3.22 9.13 14.41 7.37 10.39 11.53 11.21 13.13 12.52 19.88 16.77 8.81 9.23 6.89 7.29 7.8 16.76 16.39 12.71 3.61 1.83 4.15 3.07 3.46 4.63 10.93 9.19 9.76 5.38 2.85 3.34 3.38 6.41 3.93 3.64 8.69 19.3 17.18 8.54 11.68 9.31 5.68 5.29 5.27 3.37 4.64 11.13 19.6 34.18 14.19 9.66 7.15 6.3 6.16 5.79 5.7 9.78 14.29
17.41 24.08 11.47 10.14 9.14 7.08 4.77 20.07 12.38 12.12 17.84 6.75 11.99 10.73 15.72 21.16 12.17 14.86 10.57 8.51 5.52 11.03 17.92 9.64 11.59 7.12 4.87 3.46 4.26 5.58 5.5 7.72 8.72 8.71 4.54 2.12 2.46 5.11 6.63 5.01 4.26 4.44 9.97 12.29 8.82 6.98 5.01 8.15 4.82 2.79 3.43 3.94 5.25 17.05 11.66 11.18 12.29 8.06 7.64 4.92 5.54 7.45 9.99 5.3
9.83 12.03 13.3 14.33 11.9 15.55 13.04 12.77 13.27 10.3 6.26 7.5 9.96 17.1 12.16 14.82 11.54 11.24 8.21 15.07 18.6 12.01 11.27 10.95 8.9 8.74 9.88 12.34 8.38 9.3 6.9 7.83 9.96 6.97 6.5 5.17 7.51 6.76 8.32 7.86 6.89 7.65 9.57 14.1 18.17 7.31 5.08 6.03 10.56 4.97 4.46 5.62 6.02 4.76 11.23 15.58 8.13 9.87 7.03 4.66 6.49 3.5 3.82 3.04
8.72 7.51 21.68 12.49 10.52 9.95 12.35 19.11 8.63 10.12 11.88 9.98 7.13 6.41 8.45 5.99 6.02 8.34 10.78 9.49 9.62 8.84 20.09 9.38 8.41 6.12 10.88 12.21 12.01 10.69 9.42 11.52 7.81 10.1 13.86 5.3 5.69 8.35 9.33 11.25 4.97 5.18 15.34 11.93 11.39 6.46 6.16 4.52 9.0 4.85 3.82 3.5 3.26 5.85 11.5 10.16 11.37 5.18 3.47 2.75 3.56 3.26 8.48 6.66
9.81 18.18 11.81 6.79 10.96 7.43 12.78 12.3 23.2 18.5 11.97 6.7 9.99 10.62 8.43 5.75 8.68 5.41 6.76 6.65 10.59 15.67 21.04 14.09 14.43 9.14 11.19 11.02 13.3 10.6 9.63 10.39 12.61 10.91 6.7 6.5 7.39 5.07 6.77 10.2 5.42 5.65 9.32 15.3 6.26 6.0 5.5 6.73 4.2 5.78 3.81 4.18 3.68 2.53 8.46 9.49 5.93 4.36 4.8 3.23 3.53 3.16 6.09 5.62
12.4 9.64 10.76 11.81 6.37 5.23 8.39 11.68 11.13 12.44 9.31 7.43 5.8 4.99 7.62 5.59 6.34 4.81 8.27 6.14 7.69 10.99 10.42 8.38 6.63 8.53 19.34 10.29 20.91 12.67 9.24 11.23 9.71 13.68 20.07 9.02 5.61 5.53 4.33 3.7 8.1 4.72 4.87 5.6 7.62 5.31 14.16 5.55 9.76 7.29 3.97 8.76 2.98 3.13 5.82 3.76 4.45 2.52 6.23 5.19 6.02 6.72 2.94 3.37
7.07 8.12 12.31 10.78 7.32 6.47 7.64 12.74 8.84 6.5 6.71 7.83 7.46 6.06 9.22 6.79 12.32 9.78 4.51 4.33 9.2 5.62 10.14 19.87 7.52 16.61 6.62 6.8 9.68 11.78 14.67 14.52 17.47 16.15 14.85 7.19 4.17 5.31 4.69 7.15 6.54 3.95 4.79 4.75 6.86 11.12 8.23 13.95 13.97 9.74 7.62 7.89 6.4 8.04 6.4 5.39 4.82 4.22 6.87 6.69 7.54 4.25 5.42 4.74
5.67 5.92 13.36 10.57 6.91 10.75 13.41 7.95 8.25 8.31 8.63 19.47 10.32 9.32 8.43 6.97 7.9 8.42 8.75 7.73 9.59 7.66 15.62 14.21 20.02 12.35 15.12 10.03 5.25 9.37 13.76 21.35 12.36 18.0 14.54 7.29 4.35 3.57 4.78 6.84 6.01 11.51 9.84 9.57 4.39 7.47 10.38 6.67 4.52 5.78 4.42 8.81 8.55 8.95 8.68 13.7 11.94 5.54 5.14 4.64 7.65 3.68 7.82 5.66
3.3 3.2 4.83 8.85 5.84 6.83 12.68 7.17 8.31 7.7 12.56 11.06 8.9 7.62 8.9 9.08 8.04 9.39 7.51 4.86 8.8 6.64 10.9 10.64 12.25 13.16 5.45 4.29 9.47 8.31 11.44 15.65 13.75 11.32 8.31 7.59 6.99 4.76 6.34 9.42 12.41 9.02 7.14 4.76 7.7 10.02 11.71 9.98 6.88 6.52 6.81 8.4 9.22 8.01 8.82 14.28 12.43 8.21 2.66 8.49 8.09 11.32 6.63 4.95
5.1 4.53 4.76 5.85 5.22 10.11 11.87 20.12 10.63 9.72 8.01 8.97 7.8 7.67 17.05 8.79 9.22 8.67 9.03 8.78 6.73 3.97 6.31 4.45 11.42 5.9 7.17 5.07 7.03 7.5 10.57 8.1 8.18 6.99 10.16 8.41 9.61 4.73 9.25 5.44 13.18 5.17 5.15 5.77 9.48 9.65 12.46 4.66 8.0 6.54 5.37 5.94 8.48 7.9 11.38 15.67 7.03 4.09 4.01 8.28 10.02 8.39 9.0 11.6
6.45 4.86 3.48 3.02 5.5 10.44 14.0 11.92 10.75 8.98 8.43 8.99 9.27 15.53 24.16 13.23 17.31 13.43 12.34 11.81 14.07 8.73 4.82 7.73 8.31 7.48 7.1 6.39 11.7 5.24 8.28 15.64 12.71 9.14 15.87 10.96 7.29 6.62 7.27 8.39 10.16 9.11 7.3 6.3 8.14 11.29 9.87 4.56 4.13 3.38 6.59 6.95 7.69 6.01 11.14 15.11 21.05 6.76 7.23 8.01 8.97 9.34 10.77 7.25
6.03 4.49 6.7 3.58 4.5 9.71 10.83 13.66 7.31 9.59 8.64 11.6 16.34 18.55 47.91 9.13 10.23 9.96 11.97 11.63 16.08 6.6 5.03 4.04 9.04 6.95 9.27 7.67 9.82 6.48 11.45 12.87 11.81 18.04 18.17 18.6 8.17 3.47 5.6 4.24 5.51 7.88 6.77 8.23 13.44 8.77 5.95 3.71 2.35 3.59 6.69 5.29 7.29 7.57 7.95 13.66 17.86 9.01 5.78 4.88 4.24 9.95 6.15 9.3
6.05 5.0 4.28 8.46 4.35 6.5 9.42 13.26 18.26 13.1 10.41 13.8 16.67 11.58 18.32 13.25 11.71 7.36 12.57 14.47 15.77 11.46 7.25 7.4 14.01 7.84 9.66 7.98 15.7 14.39 10.62 7.38 11.65 10.14 15.38 16.04 5.52 4.03 7.03 2.82 3.13 3.13 3.25 5.4 8.46 12.55 5.99 2.91 3.65 4.96 3.16 7.28 7.56 11.02 6.37 12.22 6.81 7.46 6.07 7.25 4.52 4.91 11.88 12.14
8.9 10.21 10.42 12.08 5.32 5.98 3.46 6.99 9.5 10.86 8.1 17.1 9.09 7.73 10.91 12.86 8.93 8.09 10.97 10.6 11.77 22.63 16.95 14.95 14.34 14.54 8.09 8.06 12.26 13.18 8.28 7.32 7.95 13.51 10.52 13.66 8.29 5.01 8.65 6.32 2.85 3.79 6.9 4.79 4.36 7.31 8.54 3.33 5.01 2.64 1.89 3.09 12.07 12.58 5.96 8.46 12.33 4.81 2.36 2.72 4.81 7.79 7.0 9.24
24.75 22.95 18.98 8.92 8.03 2.18 2.93 3.11 6.64 5.65 4.82 5.52 11.65 9.23 7.63 15.05 8.91 7.78 16.11 14.54 16.93 24.68 13.73 9.25 8.69 9.74 7.9 11.0 10.72 15.21 5.49 4.8 8.53 11.16 15.13 28.02 12.4 5.95 3.67 3.23 5.42 5.19 6.27 14.09 10.51 9.66 7.08 4.31 5.88 2.85 3.21 3.51 12.2 18.19 4.6 9.89 7.18 6.63 3.96 5.4 8.78 6.08 8.85 5.35
23.41 14.45 12.4 18.38 4.75 4.06 8.15 6.13 5.37 5.12 3.81 7.37 7.56 13.42 16.58 14.47 6.74 8.65 17.4 14.87 18.39 17.56 28.57 10.41 4.89 10.78 12.41 7.3 10.35 8.14 4.26 1.96 5.13 8.17 27.71 11.67 13.09 5.59 5.66 4.94 4.1 5.64 7.49 6.86 9.02 5.4 6.75 3.65 5.63 3.96 3.05 2.48 5.1 14.7 5.72 8.24 7.15 6.53 6.19 5.28 6.46 3.31 6.3 5.38
19.46 19.14 10.25 4.9 3.33 2.81 1.81 4.24 10.7 4.26 3.04 6.72 8.11 10.5 6.17 11.89 16.21 17.89 20.59 12.55 9.76 10.47 13.39 8.47 11.38 13.82 7.65 6.49 5.53 6.16 4.64 1.97 3.9 7.58 6.22 8.29 11.09 6.64 8.86 4.72 3.19 4.5 6.58 9.62 7.87 3.73 4.05 5.39 8.86 2.41 4.5 3.49 11.23 18.14 11.47 5.73 8.5 7.02 8.05 6.63 4.77 3.75 6.08 6.45
14.51 15.52 16.52 11.47 5.91 3.59 2.91 6.54 5.66 6.05 5.86 5.51 14.57 10.76 7.12 15.09 12.29 22.41 13.96 10.78 8.42 13.63 10.67 8.23 11.76 7.4 5.87 5.47 2.62 4.82 3.15 3.43 4.25 4.57 8.71 13.36 14.2 8.71 9.33 6.38 4.13 2.06 6.69 4.14 8.24 3.43 3.32 3.43 9.14 7.3 10.34 8.81 7.71 18.01 10.84 7.28 6.2 8.82 13.07 6.94 3.87 6.84 3.77 8.07
18.14 21.2 18.41 7.69 3.91 2.09 5.84 6.44 15.38 5.09 4.18 7.94 13.89 15.26 11.75 13.58 18.6 15.38 17.79 8.52 6.56 25.1 16.26 13.92 24.94 34.26 11.01 7.57 14.36 4.24 3.32 5.52 4.35 7.7 6.98 14.86 22.06 15.51 11.73 6.07 3.24 2.29 2.83 2.97 3.88 5.13 2.83 4.8 4.28 7.62 6.69 6.93 9.67 20.68 21.52 8.63 6.03 8.39 18.43 11.79 10.46 7.43 6.25 4.45
17.09 25.28 15.15 4.66 5.42 3.68 3.39 11.21 11.93 3.09 4.49 4.67 20.39 18.8 17.3 16.49 15.21 10.46 10.39 10.32 7.22 12.64 28.27 15.66 10.36 15.23 32.12 28.55 19.78 13.37 7.63 6.99 4.84 9.86 6.64 12.23 20.93 24.73 10.35 4.74 1.78 1.43 2.04 2.12 2.48 3.69 5.66 8.33 8.18 4.69 10.54 10.35 4.41 9.31 12.77 5.04 5.24 16.88 33.84 11.0 4.53 8.61 3.29 3.16
20.24 16.09 18.03 6.57 5.56 4.25 4.88 2.64 5.92 4.89 6.22 6.42 9.66 20.93 9.76 7.7 24.65 13.7 15.2 12.78 11.21 10.01 13.27 11.68 8.83 18.71 27.06 30.2 23.32 7.38 12.73 7.28 7.9 9.05 5.21 7.85 17.69 9.91 5.78 2.2 4.02 2.57 1.89 2.02 4.85 9.35 5.26 6.24 5.86 5.74 8.97 5.37 6.82 8.1 6.05 12.48 7.85 11.88 11.32 12.16 8.11 8.12 5.06 7.07
32.18 10.94 24.51 6.5 6.36 8.04 8.53 7.7 5.77 3.41 6.4 4.3 11.23 14.37 10.35 13.92 14.62 12.68 21.75 19.21 11.89 18.04 18.04 11.32 5.91 8.01 15.15 14.88 12.13 10.28 12.55 9.05 10.56 8.99 6.76 11.89 14.34 7.71 7.63 4.0 7.33 2.61 3.97 3.05 6.73 5.4 6.78 5.02 2.75 2.56 4.02 3.71 3.97 5.07 10.95 6.05 7.05 4.95 10.76 6.68 10.2 5.2 4.15 7.44
16.45 11.86 14.38 4.54 8.96 6.74 7.03 4.25 5.63 8.18 7.26 4.14 12.12 13.43 15.22 11.77 14.7 12.18 8.93 5.54 11.64 12.88 23.6 14.08 3.93 5.46 9.65 10.67 8.83 11.28 18.72 6.92 12.14 18.12 12.5 9.41 12.32 28.12 8.73 9.07 8.12 4.09 4.48 3.12 4.84 5.03 5.22 4.15 4.04 2.34 2.07 4.49 7.86 9.63 17.04 10.74 3.91 5.37 5.03 3.05 7.13 5.36 6.79 6.96
29.81 15.33 7.07 5.26 8.92 11.41 11.05 7.74 7.95 16.06 13.45 6.05 7.1 19.01 8.76 9.02 17.96 9.35 5.01 6.59 6.06 7.12 14.08 13.15 7.53 5.87 6.84 10.73 12.61 14.4 20.38 14.38 9.08 7.28 10.56 9.25 16.8 12.45 10.29 4.56 6.76 5.1 5.14 3.95 6.86 5.18 4.21 3.25 4.1 4.34 3.49 7.77 7.1 6.69 7.01 7.79 4.33 4.58 3.19 6.3 2.84 4.72 4.6 5.94
7.27 5.49 4.41 4.53 7.27 12.7 10.41 6.61 5.36 8.95 8.32 5.04 8.07 10.3 9.33 12.86 5.14 5.14 3.31 5.24 8.79 8.33 12.6 16.66 16.98 7.07 10.28 7.14 16.58 15.68 17.45 10.96 11.64 12.53 10.71 6.61 15.32 13.28 9.01 4.77 6.04 3.94 3.02 11.21 6.8 9.31 4.74 2.97 2.88 4.3 7.46 3.76 7.67 6.61 6.95 5.79 3.58 4.96 6.81 3.66 3.29 8.57 4.85 6.69
9.61 7.85 7.13 5.84 4.28 10.81 7.66 4.68 6.61 10.23 17.74 6.57 9.98 11.32 14.8 12.77 17.18 7.67 2.49 6.43 4.92 2.59 5.53 16.54 12.96 10.76 10.42 11.52 7.24 12.02 10.35 11.01 8.37 13.6 14.92 15.82 8.97 9.33 9.87 3.37 6.22 4.37 8.64 14.47 13.08 7.48 6.56 6.03 8.05 3.4 6.32 4.82 7.57 3.75 9.93 10.82 4.13 5.07 5.03 6.59 4.98 5.1 11.77 14.95
9.27 6.41 7.07 6.28 10.35 6.02 8.53 6.93 7.33 10.13 29.5 8.73 11.02 10.84 22.12 16.55 17.66 8.7 4.29 2.89 2.62 2.34 1.9 7.44 12.88 15.44 17.41 8.39 9.69 8.89 13.77 13.64 13.13 9.85 18.79 18.43 14.62 5.74 9.16 4.28 3.92 4.82 5.36 6.78 6.97 12.42 6.14 4.66 11.21 6.88 7.13 4.83 4.18 3.75 3.43 12.17 8.21 6.89 6.28 8.24 13.96 7.43 15.33 5.51
6.17 3.91 4.0 7.56 5.12 6.57 8.14 7.43 9.41 12.94 11.69 8.95 12.27 13.58 56.2 54.17 16.51 9.43 7.53 2.98 5.28 1.84 2.37 2.22 8.02 14.87 8.79 10.02 8.36 10.2 19.47 10.61 16.59 14.26 45.99 18.56 9.46 6.69 5.82 4.14 3.7 2.37 3.06 5.9 6.14 9.3 8.52 4.47 9.45 9.61 9.74 3.97 7.6 5.17 6.86 5.17 3.34 3.4 7.09 7.99 11.72 7.86 10.7 6.0
2.99 2.09 3.82 6.23 6.71 5.21 6.35 7.58 7.01 7.09 12.07 14.26 7.86 35.93 48.95 34.46 25.83 17.21 5.45 4.91 5.28 4.65 2.83 3.03 6.02 13.36 6.55 3.35 5.11 10.97 13.76 14.64 26.64 29.12 25.95 13.31 6.7 4.28 4.91 3.23 4.05 1.94 3.25 2.38 4.74 7.91 9.74 11.37 14.82 7.71 6.95 5.69 10.32 15.34 15.94 9.28 3.5 3.04 9.33 8.83 9.03 6.65 9.15 10.73
2.9 1.64 2.2 5.63 5.29 5.94 4.86 13.56 14.69 16.06 30.83 19.07 26.12 37.58 64.75 71.55 24.05 22.08 9.39 7.29 4.17 5.84 4.37 4.52 3.89 13.71 5.41 5.81 4.04 5.12 7.33 17.05 33.71 17.29 10.62 15.27 5.61 3.93 2.54 4.91 4.37 5.16 5.72 4.07 6.67 4.56 10.03 8.23 3.79 7.08 5.68 5.82 9.59 11.7 10.83 12.61 8.25 3.73 6.11 7.97 7.93 4.99 5.34 8.47
1.5 1.0 3.64 3.79 6.31 4.97 4.4 6.7 8.09 19.95 14.85 14.72 17.09 22.6 56.0 35.73 35.04 22.07 15.51 6.01 4.81 4.53 3.79 5.25 6.67 4.25 4.4 4.02 5.77 9.8 12.87 10.58 44.41 20.83 9.62 12.03 8.53 6.76 2.68 5.49 9.48 10.16 4.89 4.88 2.96 5.88 11.15 8.4 10.49 10.19 5.71 3.57 6.12 12.48 9.93 13.38 8.61 6.7 6.41 7.31 8.02 3.21 4.84 9.72
3.06 2.54 3.58 6.78 5.04 3.48 4.25 6.69 10.86 10.99 13.01 10.89 16.73 18.28 49.32 47.65 27.7 20.28 6.93 2.64 3.15 5.16 5.06 9.74 5.69 3.43 2.29 3.95 4.17 5.58 5.82 15.77 29.98 15.16 12.0 13.74 14.08 6.22 6.01 5.85 4.37 4.98 9.9 7.38 4.71 6.01 15.04 12.92 6.36 5.5 7.77 4.16 9.19 15.89 16.14 10.68 6.02 5.31 6.36 6.27 7.98 5.53 6.64 8.58
5.09 2.85 4.16 3.17 6.71 1.59 4.49 4.45 4.29 3.44 6.4 6.34 12.34 20.93 27.67 25.98 21.03 15.99 9.49 3.26 2.63 3.91 6.19 5.03 4.8 3.86 3.79 3.24 2.9 2.79 4.01 8.53 22.9 22.1 16.89 13.08 10.68 7.16 4.51 4.64 9.83 8.63 6.08 8.73 5.36 7.73 13.09 18.34 6.71 3.14 3.0 2.68 4.85 8.87 11.82 8.16 10.73 6.72 6.65 4.05 14.16 5.62 3.93 6.24
2.32 2.74 2.94 3.8 9.08 4.13 4.84 4.45 3.58 2.18 4.15 5.09 18.14 11.3 22.89 15.91 20.78 14.19 17.46 6.25 5.56 3.72 4.17 5.5 4.51 1.93 2.38 3.69 2.06 2.95 8.07 8.89 9.46 12.86 13.46 20.05 8.34 10.04 6.18 10.56 5.69 2.79 6.13 6.63 10.25 7.38 17.41 16.41 4.56 5.5 5.72 3.52 5.76 9.39 11.28 9.56 6.46 4.69 11.06 5.38 8.0 4.67 3.75 2.38
2.39 1.88 2.57 2.62 8.52 4.93 8.77 4.25 5.2 3.21 3.53 6.6 13.14 12.3 10.16 6.65 10.04 12.02 21.45 5.9 5.01 4.36 3.32 5.15 2.29 2.94 2.61 2.68 2.8 4.37 4.88 4.43 9.48 8.93 8.81 8.71 8.09 15.09 18.21 6.4 4.38 6.84 5.33 7.17 8.0 7.73 8.55 7.49 5.54 7.88 7.36 7.55 12.72 12.01 14.18 7.38 8.18 11.39 6.57 3.35 5.12 3.17 4.16 2.35
2.75 5.45 3.3 2.33 5.68 4.88 2.87 4.07 3.94 3.75 4.13 7.11 16.08 11.13 6.46 11.23 5.9 12.69 12.2 8.59 6.99 6.03 8.27 6.97 5.22 3.02 1.91 3.06 5.54 4.89 3.97 6.42 10.2 8.18 8.77 11.29 9.77 12.81 8.6 10.22 13.86 5.72 8.91 8.13 6.37 8.36 3.91 13.17 7.4 6.18 8.1 22.11 19.92 14.27 17.89 12.96 18.19 7.64 4.18 5.29 1.58 2.03 3.87 2.04
3.1 3.57 3.7 3.17 2.0 3.09 3.67 4.02 1.92 3.7 4.41 4.51 8.7 4.65 8.88 6.31 5.27 8.42 8.5 9.26 7.15 7.45 8.18 2.74 4.16 2.07 3.23 3.13 7.13 8.02 9.44 5.97 5.6 13.72 11.88 14.45 25.23 11.11 13.37 10.66 12.1 8.38 8.92 5.32 10.01 9.92 2.35 4.31 6.58 14.08 23.73 19.7 44.73 16.35 19.36 17.01 10.32 5.34 3.79 4.45 4.36 3.69 3.71 3.89
2.99 3.17 3.29 1.78 3.62 6.4 7.77 6.79 5.29 3.43 5.5 4.95 10.23 4.39 7.1 5.8 6.8 8.67 6.57 6.08 5.71 5.89 8.75 4.59 4.57 2.2 3.71 4.16 7.61 7.76 6.15 6.08 4.27 5.15 7.29 7.35 13.84 12.41 17.68 15.9 16.46 5.86 7.87 9.3 6.89 4.91 3.83 6.4 5.99 8.2 17.41 34.85 27.41 8.36 16.38 8.74 7.85 5.47 6.48 5.86 3.72 2.44 6.39 4.28
4.3 3.11 3.72 1.72 5.98 6.14 8.1 7.54 3.37 5.1 4.01 4.68 4.7 4.2 5.48 4.49 10.28 4.39 3.02 4.06 4.36 3.03 9.7 4.17 8.54 4.38 5.12 3.48 5.34 2.79 5.61 6.46 7.11 7.62 17.07 7.03 14.4 13.12 21.16 17.31 18.5 13.61 7.98 8.03 8.89 4.5 3.23 4.46 5.55 6.07 16.26 18.7 19.43 17.87 13.27 10.59 6.64 4.34 2.64 5.08 5.03 6.31 10.9 8.06
3.44 5.42 2.9 4.68 9.1 10.1 10.21 2.9 4.23 2.48 5.24 5.23 4.0 5.28 5.77 9.66 8.82 5.06 4.69 3.43 8.22 5.06 5.93 8.56 10.35 5.83 3.49 4.16 3.72 4.77 5.31 4.88 4.97 6.32 9.8 11.86 20.83 15.89 28.33 18.66 21.32 10.21 6.96 5.32 7.36 6.67 2.8 2.96 8.09 10.0 12.65 23.12 16.73 9.16 18.64 18.84 7.58 3.57 4.14 6.68 7.56 5.31 9.11 5.82
6.6 3.52 4.67 4.28 7.67 8.59 9.98 7.16 4.0 4.7 4.47 5.11 3.06 3.08 7.12 8.91 6.47 11.45 4.55 4.12 4.55 4.04 5.2 10.1 17.2 14.04 6.88 7.0 8.5 2.87 3.4 3.0 2.61 3.7 9.49 6.89 6.42 29.62 31.38 20.86 7.54 11.18 8.64 4.34 4.3 4.45 2.68 3.08 10.03 10.97 18.0 16.69 10.44 9.17 10.18 6.85 8.0 3.59 6.62 4.38 9.06 7.79 10.29 5.71
13.94 8.16 3.1 3.8 3.16 5.54 5.29 8.81 4.79 4.84 4.15 5.36 2.92 8.15 13.86 11.75 10.2 7.72 5.13 5.93 4.95 6.36 8.21 9.19 15.6 19.93 7.72 19.45 7.93 2.88 3.51 4.53 3.74 2.77 4.1 8.39 6.16 15.93 27.71 25.01 12.24 7.96 7.22 4.89 4.38 4.94 4.09 6.39 9.33 18.84 13.76 9.77 11.46 5.52 6.95 12.59 6.68 8.72 3.34 4.36 7.63 5.14 8.37 4.71
6.98 5.61 4.43 3.15 3.46 4.4 3.96 3.21 1.95 5.11 5.57 6.87 6.78 7.4 7.99 7.74 5.21 4.94 7.34 8.9 11.28 10.42 8.1 4.49 8.25 8.4 7.09 5.77 7.3 4.45 2.44 4.83 8.14 4.82 9.6 7.03 11.61 7.88 8.49 11.76 14.05 11.67 7.03 9.53 9.46 8.04 6.56 4.48 11.68 15.34 9.78 9.01 6.0 5.81 6.93 8.95 9.12 5.09 4.55 3.9 7.04 7.46 14.7 7.46
4.46 2.82 3.25 2.86 3.24 4.44 4.92 6.11 5.61 8.8 10.23 11.73 5.35 5.77 7.73 7.71 6.93 13.79 8.06 14.59 17.58 9.26 7.8 4.14 7.71 7.4 6.23 5.22 4.68 5.19 5.62 7.55 12.85 5.21 7.51 9.92 7.27 12.96 29.62 15.73 7.78 6.77 8.25 9.46 13.77 8.69 5.23 4.72 12.59 9.05 5.31 4.48 11.31 7.26 8.62 7.67 7.91 5.9 5.01 7.67 8.57 7.39 14.4 7.85
4.28 2.35 3.43 3.01 4.5 5.68 6.46 5.11 6.58 11.84 6.62 13.1 6.26 6.4 11.88 11.31 7.37 7.43 6.98 4.7 5.87 10.49 5.43 2.16 3.76 5.06 7.33 3.98 7.88 5.61 4.67 11.23 12.91 3.71 7.64 11.76 12.33 12.29 15.19 21.4 11.25 6.95 9.34 9.14 7.95 11.26 14.45 5.61 9.27 6.41 3.91 4.12 6.31 10.48 6.22 8.21 10.06 5.75 5.25 5.87 6.42 3.76 7.26 4.21
2.54 4.26 5.85 7.13 8.71 4.82 4.55 2.07 8.88 14.73 18.29 16.2 10.93 6.72 11.11 9.02 12.42 4.14 5.17 4.07 5.46 3.76 3.82 3.87 4.12 9.27 6.86 5.97 8.46 2.83 6.08 7.09 8.85 4.1 5.22 10.24 6.3 8.59 6.66 15.87 4.72 9.7 14.04 9.12 11.19 14.9 8.74 8.26 5.04 4.58 3.3 8.13 6.41 9.36 10.9 6.81 6.75 3.38 5.72 5.49 7.03 5.89 4.28 2.25
5.29 3.19 6.9 10.4 15.97 6.72 4.38 3.78 4.3 6.98 8.25 21.04 10.11 8.72 9.02 7.5 9.56 7.11 7.38 4.71 3.92 5.21 3.22 2.59 5.22 6.85 6.9 4.96 5.38 5.42 5.26 3.12 7.0 5.28 4.49 7.82 6.51 14.89 18.77 13.59 7.26 7.87 17.23 16.14 15.32 15.39 12.61 4.4 6.96 7.84 3.72 3.51 10.6 11.22 5.75 6.19 9.13 11.14 11.71 9.74 6.5 5.19 3.76 7.81
6.38 3.29 3.23 11.59 12.2 6.92 4.37 2.8 7.15 4.83 7.14 12.62 10.49 3.12 3.79 9.06 19.4 16.01 11.51 8.48 3.07 2.76 3.88 5.0 2.72 10.87 16.53 8.1 6.91 4.09 2.64 6.5 5.63 4.06 4.53 11.21 14.06 18.78 13.32 16.67 11.59 4.73 9.62 13.58 7.93 10.35 9.12 11.23 5.39 9.4 6.13 6.63 6.33 11.02 6.76 10.43 17.99 19.51 12.41 10.85 10.6 7.28 8.67 6.19
4.13 1.74 9.73 6.16 8.85 6.82 2.44 2.32 3.47 4.55 10.95 13.56 12.94 3.31 4.95 4.45 12.34 9.13 7.43 6.84 3.0 2.62 3.99 2.04 3.83 5.01 19.64 8.73 6.57 5.42 6.16 3.35 3.16 3.18 3.32 6.41 12.5 12.75 7.17 5.09 4.55 5.51 6.02 8.91 10.43 13.66 4.47 6.63 5.29 5.93 5.54 3.46 4.4 4.97 10.96 10.33 22.66 17.66 13.62 10.03 5.32 8.85 10.06 5.42
7.52 4.46 3.57 7.4 5.35 4.51 4.15 2.9 3.44 5.95 9.91 9.37 8.85 4.08 4.99 4.3 7.47 11.39 10.18 5.96 7.49 5.71 6.22 3.72 7.24 4.58 11.81 4.31 4.79 3.71 3.0 4.31 5.23 6.9 4.69 7.57 8.39 5.07 5.98 4.47 4.1 3.39 6.26 5.34 11.28 8.18 4.53 4.45 3.84 4.82 8.46 5.91 11.01 11.55 9.67 9.64 6.63 10.05 10.4 8.51 6.28 6.59 10.6 13.09
6.27 3.15 3.72 4.01 4.06 8.04 3.9 4.52 5.18 6.82 8.32 15.8 10.04 5.61 5.06 4.7 4.31 3.73 8.13 10.95 5.43 4.58 7.04 4.31 4.28 5.05 9.27 4.66 4.03 2.41 3.88 2.57 6.72 5.02 3.55 4.29 16.4 10.18 8.56 7.38 6.22 4.26 3.64 3.48 4.12 3.59 8.91 5.44 3.58 5.84 8.07 10.21 8.26 8.14 10.5 9.34 8.89 10.36 7.93 5.37 3.89 7.49 5.29 5.67
2.86 5.3 4.98 3.48 9.11 7.03 8.69 3.96 3.91 10.99 16.54 17.49 18.63 15.18 4.69 6.47 5.57 3.88 11.94 15.78 8.4 5.23 5.22 4.38 9.42 7.03 11.23 6.55 6.39 5.0 5.57 4.52 11.17 7.17 4.86 6.67 8.61 5.82 4.18 5.25 8.73 3.39 2.47 4.76 5.05 6.88 5.92 6.54 3.48 4.38 12.71 9.42 7.94 3.41 4.52 6.93 7.54 8.99 14.15 11.52 6.23 5.36 5.29 6.57
3.81 7.66 5.71 7.16 9.97 7.2 6.02 2.96 5.98 12.12 8.66 12.86 15.43 12.01 5.13 5.71 7.1 5.52 10.17 13.33 9.74 4.76 6.22 6.62 4.04 6.64 7.05 3.79 3.84 9.32 5.31 5.94 16.52 11.51 5.7 3.97 5.95 2.51 3.57 6.22 4.59 3.98 5.62 2.84 5.24 4.72 15.24 5.82 5.07 8.61 17.59 5.75 6.83 6.65 9.17 5.79 5.56 6.54 10.38 8.99 4.62 5.2 5.02 7.46
2.19 5.37 9.61 8.86 7.7 8.15 4.91 1.83 4.28 6.98 7.0 7.96 9.03 12.23 4.02 9.29 10.59 9.18 12.14 9.11 5.89 4.46 8.65 9.28 4.99 3.4 6.19 3.5 3.64 7.06 10.24 7.91 13.16 11.25 3.7 2.42 5.89 4.14 5.34 3.96 6.26 5.82 2.92 4.86 3.99 8.68 10.08 17.67 6.61 4.88 4.82 7.35 8.23 11.74 9.2 7.03 8.64 5.68 5.76 6.08 7.33 9.3 12.14 4.08
6.01 3.68 4.17 10.34 6.95 6.69 6.71 4.82 3.79 5.52 7.85 5.67 9.03 9.18 8.36 12.67 9.39 9.75 6.4 11.89 10.16 3.3 4.22 3.94 6.23 3.61 5.34 8.46 3.85 4.82 6.91 4.94 5.22 8.21 8.23 5.37 8.5 4.71 5.31 8.16 8.08 8.48 5.87 5.35 8.88 9.35 15.37 5.64 12.89 4.42 9.34 4.37 10.2 8.34 6.25 7.78 7.87 14.6 12.37 9.45 8.77 4.96 4.84 6.91
