12.54 14.5 8.12 5.12 5.17 5.11 14.34 7.96 17.83 10.07 20.75 17.01 6.81 10.33 12.82 23.65 14.42 10.69 9.8 15.88 8.9 13.75 5.12 8.08 10.22 5.03 9.13 10.64 16.78 9.1 18.21 11.38 11.81 10.65 17.79 14.57 11.36 8.96 12.32 4.33 3.93 5.45 6.89 9.48 10.88 5.98 3.86 6.5 4.62 7.9 3.59 4.32 3.62 3.39 5.55 7.42 3.9 8.34 7.81 13.71 9.13 14.92 12.54 6.63
12.74 6.39 13.86 13.39 9.97 5.25 14.91 13.44 28.7 14.34 25.5 8.83 10.41 9.52 13.27 27.8 15.0 23.97 23.21 17.45 10.55 24.36 6.32 10.17 6.23 7.5 7.16 8.18 11.1 12.25 15.2 12.49 6.46 7.42 23.2 9.89 9.06 15.64 5.91 5.34 9.14 8.74 8.19 10.01 6.66 2.66 4.07 5.51 7.67 3.55 2.61 5.66 5.48 3.8 3.19 6.18 4.63 12.22 9.36 6.95 8.22 15.36 8.41 12.14
11.89 8.75 11.33 14.85 10.23 10.56 19.95 21.69 10.58 16.75 24.76 10.67 9.44 18.27 15.61 13.06 13.2 21.88 20.41 19.45 12.83 11.51 13.92 11.06 12.7 7.02 5.06 5.33 11.94 17.13 19.74 6.57 2.82 7.99 6.77 4.69 4.97 7.59 3.47 7.36 8.93 8.67 9.2 9.55 3.48 3.35 3.66 5.66 4.23 2.76 5.68 9.48 11.14 4.88 3.69 7.75 4.28 5.42 14.63 7.68 7.71 11.83 15.13 20.12
5.78 10.39 20.54 8.84 6.8 13.31 14.69 16.62 6.92 11.18 17.03 9.95 5.77 14.41 8.67 7.91 11.3 12.92 22.85 20.82 20.19 17.44 25.24 23.3 15.36 8.24 6.6 8.96 13.94 16.11 12.39 5.79 3.18 5.76 4.1 4.29 3.08 5.44 5.58 4.73 6.04 6.47 9.16 11.67 5.46 6.54 5.81 10.12 5.36 3.99 8.0 10.06 9.05 5.29 5.86 7.07 5.14 4.84 16.83 10.97 12.45 11.27 14.41 11.31
6.74 19.37 21.12 12.11 5.46 13.43 11.26 11.0 9.46 13.05 12.97 8.77 19.02 13.58 14.79 5.73 6.16 13.76 8.64 16.83 20.18 25.25 11.56 26.69 8.16 11.62 11.84 15.94 11.36 14.98 13.37 5.67 4.21 3.54 6.29 2.46 2.96 3.59 5.26 7.71 6.59 6.36 11.1 11.91 18.28 8.39 9.1 12.35 6.56 5.82 10.81 7.51 7.65 6.17 5.07 4.24 5.04 10.74 13.67 14.52 13.88 5.92 6.24 10.04
6.58 9.48 9.58 13.4 5.67 6.1 7.38 4.65 6.82 7.61 7.77 11.82 10.74 14.31 16.15 6.35 12.26 6.67 11.19 25.29 21.39 25.94 12.42 21.98 20.55 16.63 12.15 14.08 17.9 22.06 11.69 9.49 8.42 4.7 4.36 1.62 2.09 2.6 2.61 2.98 6.24 7.2 8.33 9.25 7.41 5.68 10.42 11.47 7.17 6.24 16.68 6.69 8.8 5.85 5.69 2.8 3.81 12.13 11.7 14.85 12.34 6.89 12.32 10.85
5.49 8.28 6.52 10.57 5.96 4.24 5.28 4.36 3.15 4.19 6.0 7.21 8.27 5.28 6.91 5.4 6.15 6.72 15.38 16.79 17.57 34.81 25.06 17.29 14.83 17.28 20.83 11.68 9.52 15.01 13.19 10.25 9.92 4.55 4.91 3.37 2.63 3.4 4.3 2.36 4.0 5.85 8.6 7.09 6.49 2.75 6.08 9.12 5.87 9.68 14.0 10.48 18.51 13.88 4.62 4.57 7.08 7.76 9.31 9.27 6.73 10.78 15.22 10.0
3.15 3.02 7.74 5.32 3.92 4.5 4.26 3.14 5.78 6.14 8.04 6.67 3.3 2.28 4.7 4.57 7.51 7.02 6.65 10.04 14.96 25.23 18.48 21.34 13.89 14.8 24.86 24.41 17.66 15.44 13.41 7.21 6.29 11.15 6.97 3.74 2.7 3.88 4.65 2.35 3.38 6.52 10.12 7.16 3.87 2.16 7.21 6.58 7.92 13.96 12.73 4.95 13.7 25.72 6.17 6.94 4.34 4.59 5.41 13.39 5.1 11.98 12.1 13.64
2.33 3.27 10.72 6.63 5.5 4.35 3.89 4.27 7.29 4.17 7.27 5.41 2.91 4.33 6.12 6.08 8.68 6.76 7.62 9.69 18.87 15.45 7.47 23.15 17.39 22.08 21.8 21.01 19.92 11.81 10.72 6.12 4.78 10.31 5.15 7.24 4.19 4.82 1.91 2.9 4.84 5.42 8.03 7.63 3.98 4.67 7.88 4.14 14.56 12.81 15.31 7.54 9.82 21.6 8.12 4.72 4.02 4.51 6.85 12.24 8.48 9.16 9.29 7.11
4.55 8.98 7.52 11.37 6.29 11.06 3.59 11.85 5.24 4.04 3.89 4.14 2.57 2.94 4.61 5.0 8.48 6.67 6.96 5.41 13.24 5.78 6.03 9.53 16.25 21.3 16.33 16.86 17.53 18.2 10.54 6.31 7.81 11.15 8.78 7.75 4.83 2.98 2.05 5.26 6.84 6.25 6.92 10.75 6.2 5.15 3.63 3.94 8.37 12.76 7.06 7.94 15.66 11.42 5.75 7.65 8.6 6.17 10.69 9.03 8.33 8.17 10.5 5.43
6.17 9.65 6.68 6.54 13.93 8.74 5.8 5.67 3.87 4.69 4.06 5.25 3.48 3.43 3.65 3.55 7.62 6.66 7.8 5.37 8.85 5.67 5.85 18.01 15.19 21.34 17.88 17.06 22.48 13.5 3.02 4.19 9.88 10.33 6.48 3.71 2.76 3.11 5.01 2.08 2.6 4.23 7.46 10.34 12.24 8.82 3.26 3.36 3.18 4.98 6.77 8.5 8.52 10.07 7.25 13.79 10.79 14.79 12.24 7.98 7.21 6.28 20.29 9.57
9.69 16.14 9.46 7.75 9.68 8.74 7.88 2.1 5.72 4.96 7.38 3.28 2.43 2.09 2.69 2.42 3.75 6.32 4.67 5.38 7.97 9.93 7.22 18.17 11.56 19.08 11.32 14.4 9.59 6.82 2.38 3.15 10.4 9.43 8.06 5.06 4.0 4.36 3.92 3.05 2.95 3.61 6.53 10.16 20.26 7.6 4.56 5.06 4.58 2.57 6.59 4.67 11.17 12.44 8.28 7.77 9.84 13.77 13.53 7.07 4.26 6.65 5.6 7.18
9.86 5.71 5.21 7.58 11.33 11.25 8.65 9.81 7.75 6.89 6.66 4.79 5.32 4.55 1.82 1.82 4.44 2.99 4.59 4.81 12.24 6.96 8.35 11.92 27.61 39.05 19.52 13.44 6.48 6.64 5.69 5.24 5.51 8.86 2.94 2.37 4.48 3.13 2.85 2.16 1.29 3.32 6.58 22.44 9.88 3.97 4.43 4.2 4.36 2.18 5.33 5.38 12.37 6.41 7.44 6.6 11.77 16.7 16.04 19.45 8.58 5.84 12.87 12.5
7.58 4.86 4.0 4.71 9.47 10.72 8.27 9.59 9.51 6.21 2.27 6.29 4.55 6.13 2.61 3.09 3.48 4.35 8.7 4.47 9.25 6.85 8.12 11.96 28.47 28.7 29.07 10.71 10.18 5.26 5.25 8.35 5.04 9.19 3.37 2.63 2.49 2.52 3.07 2.74 3.8 4.79 8.6 24.37 11.57 7.96 3.76 3.38 3.52 3.52 3.94 6.6 7.02 9.5 11.08 7.22 11.36 16.72 19.85 13.41 6.64 4.56 14.45 7.68
6.44 4.32 2.28 4.42 6.78 10.44 3.22 4.05 4.08 2.11 3.19 4.23 3.26 8.64 4.32 6.06 2.76 4.5 11.41 6.67 7.9 10.52 12.5 20.63 30.25 33.85 16.56 12.57 7.25 10.15 7.14 4.91 8.72 14.36 7.72 3.69 4.06 3.63 8.01 6.46 4.64 4.59 7.97 8.62 7.8 5.9 4.77 6.43 4.64 5.92 6.21 7.15 8.23 9.03 10.2 9.31 11.96 13.4 14.79 10.57 5.79 4.75 7.5 5.56
2.5 3.26 2.68 7.7 5.78 2.79 3.37 7.09 3.28 2.57 3.33 5.08 7.64 12.05 11.91 4.34 2.85 4.75 5.68 12.64 15.33 24.87 20.83 23.55 26.34 14.18 22.33 8.63 8.24 18.87 11.56 5.6 8.93 17.84 5.88 4.71 3.16 5.22 6.17 5.74 7.2 9.72 11.06 4.42 2.91 6.38 15.13 6.01 9.51 2.84 4.98 5.06 11.07 7.21 6.67 8.05 5.41 13.05 10.5 14.19 10.53 5.29 5.66 5.38
1.52 3.04 2.5 4.97 3.65 3.59 3.52 4.53 2.27 1.8 3.61 6.44 8.62 15.5 9.49 3.29 3.33 5.23 9.6 12.05 17.4 17.79 23.96 16.16 16.11 9.86 11.97 12.63 14.37 11.65 15.11 8.3 7.91 16.32 8.38 7.73 6.65 5.44 4.93 7.94 9.67 8.46 12.54 2.65 5.2 6.05 3.39 9.65 7.79 3.96 4.8 5.06 9.68 10.3 4.55 5.01 5.61 5.87 7.31 10.78 3.94 7.34 11.73 5.36
2.07 2.95 3.08 1.61 2.18 2.42 3.2 2.93 3.44 2.85 4.14 7.42 5.96 7.37 6.02 3.56 4.24 7.16 5.79 5.5 15.18 21.7 24.97 18.33 15.39 12.8 18.25 13.74 12.66 20.73 7.77 5.97 12.16 16.97 18.06 8.36 4.63 5.02 8.16 6.75 10.53 8.7 7.26 4.64 5.41 4.94 5.33 7.69 4.57 6.28 4.3 10.88 9.45 12.5 10.49 10.05 5.18 6.46 8.77 5.08 6.32 6.29 9.59 11.16
2.84 2.68 2.3 1.89 2.71 2.48 4.6 1.36 3.65 2.33 4.61 4.98 6.3 5.25 7.29 6.67 7.7 13.49 4.73 6.59 15.63 33.89 12.41 20.05 17.6 11.4 17.87 11.14 22.25 16.88 7.64 8.75 8.0 22.17 13.7 11.36 12.16 10.77 9.83 9.56 8.49 8.34 7.3 7.56 7.42 5.93 5.01 3.37 5.87 7.26 6.14 3.41 3.55 9.21 10.14 4.12 4.4 9.39 7.48 8.2 5.43 7.78 7.29 6.42
5.92 3.22 4.35 4.58 4.36 4.19 4.11 2.46 3.96 4.34 4.28 3.79 4.12 12.35 13.15 8.19 10.29 9.98 7.07 8.36 13.81 9.04 7.7 15.86 12.16 10.25 9.41 10.43 12.13 7.08 6.81 5.95 5.94 11.98 9.85 13.24 13.36 14.42 13.02 12.8 7.5 5.63 8.01 8.02 5.8 4.17 4.28 5.55 5.86 9.86 4.72 4.08 4.7 4.63 6.11 6.02 5.18 6.78 7.41 6.87 5.38 6.33 6.42 6.33
5.04 3.32 5.75 6.69 7.62 4.17 4.92 7.23 3.43 5.37 3.35 5.33 6.74 9.36 3.89 8.57 9.24 6.5 4.58 6.36 10.48 9.37 7.23 15.58 18.3 10.39 13.11 12.44 10.31 13.18 8.05 3.41 2.49 5.7 9.01 14.76 17.72 12.8 17.19 7.1 6.72 4.85 5.12 6.26 7.3 4.89 3.31 3.79 3.88 5.05 4.12 9.6 4.36 5.64 4.05 9.87 7.01 3.27 6.8 5.69 9.57 12.87 16.0 11.01
6.72 7.74 10.12 5.64 5.69 5.78 3.21 2.8 5.0 6.9 7.42 10.34 5.96 7.19 5.89 5.5 7.12 12.31 3.79 8.27 9.81 6.29 10.89 15.65 9.96 14.83 12.53 19.43 15.18 6.61 7.09 5.55 6.04 9.16 8.66 25.59 28.6 16.6 9.5 4.64 6.8 2.08 3.19 5.79 6.13 4.74 4.13 3.09 7.91 5.13 4.94 4.33 4.61 4.61 5.32 5.07 5.34 6.01 6.44 3.68 7.7 11.38 11.51 12.66
6.75 11.66 15.21 8.48 4.8 6.03 4.62 4.9 5.19 6.46 11.44 5.44 11.32 10.84 9.59 7.16 10.82 10.06 8.69 6.0 6.0 7.32 5.76 9.97 10.16 13.32 14.89 12.49 12.92 11.43 7.75 4.04 7.37 9.2 3.25 9.35 15.16 13.4 5.88 6.44 2.98 1.59 3.91 4.5 5.23 3.16 9.14 3.47 9.69 7.19 7.13 4.1 4.91 4.87 6.53 6.19 5.04 6.0 6.97 6.6 6.57 10.46 8.07 10.65
8.46 11.34 11.86 5.12 2.88 2.33 6.51 4.62 5.94 5.51 5.72 6.33 10.15 8.87 11.4 11.65 8.17 7.25 6.07 5.37 3.97 4.08 4.58 9.82 14.2 16.14 22.38 10.64 17.01 12.41 7.36 5.17 5.02 6.56 7.05 5.28 4.61 5.63 5.96 8.95 4.33 3.46 2.99 6.41 7.01 5.07 5.95 4.21 9.16 5.29 5.36 5.59 4.45 6.48 6.46 7.77 7.51 13.57 7.46 7.59 6.81 6.37 7.36 14.64
5.63 7.67 6.24 4.7 3.04 2.77 6.46 4.48 8.79 6.56 4.65 5.09 4.57 9.12 9.9 11.49 7.71 6.91 6.92 3.28 2.79 5.03 5.93 13.05 7.89 6.45 17.93 24.46 14.7 13.84 10.7 8.62 6.87 7.13 7.77 9.83 4.31 2.82 7.73 14.16 8.64 5.66 5.72 4.12 10.78 6.87 5.53 8.78 11.78 8.09 6.28 9.1 6.99 7.76 6.4 9.4 6.78 8.5 3.5 5.33 5.09 4.74 7.16 9.17
3.79 5.8 4.41 4.33 3.02 2.41 3.97 4.12 4.6 6.82 6.31 3.25 8.59 5.63 6.92 11.07 11.35 7.77 4.56 4.29 5.54 9.77 8.69 13.48 13.17 15.87 19.35 21.71 24.95 20.94 9.12 10.14 7.7 14.0 6.77 4.99 6.73 3.54 5.8 14.88 10.18 6.76 5.62 5.03 7.44 4.49 5.93 8.11 26.38 13.11 10.2 6.72 5.65 5.35 5.98 10.46 6.81 4.64 3.13 7.98 9.11 6.26 3.95 10.73
4.96 6.38 4.71 4.03 1.95 2.58 6.27 5.64 6.85 7.01 7.96 4.25 9.04 7.92 8.61 13.7 8.99 3.84 7.29 7.76 5.18 8.99 7.05 12.84 16.98 14.34 12.24 16.71 18.02 11.29 15.12 10.4 12.59 11.9 3.25 4.89 6.55 5.06 4.63 10.22 14.88 12.13 5.6 6.38 7.62 5.24 6.49 10.36 16.94 12.93 18.17 7.47 9.32 7.66 5.62 9.94 8.7 8.86 7.51 11.36 11.66 10.33 8.87 7.7
8.01 4.84 6.74 3.32 3.4 6.13 8.91 11.86 10.3 9.22 5.38 5.75 7.39 7.36 4.3 5.9 5.63 5.32 8.8 7.2 6.12 9.5 12.82 9.34 11.63 13.62 8.22 7.14 7.08 6.19 8.58 8.71 5.77 7.76 7.16 5.6 6.75 6.01 11.26 12.31 19.14 15.03 11.61 8.03 5.9 6.37 6.93 13.14 10.98 13.9 17.55 15.84 8.55 10.0 9.3 7.16 12.73 12.38 14.03 9.6 7.3 8.87 17.41 11.03
13.42 5.64 5.56 4.09 4.34 6.06 7.05 5.72 8.25 7.32 5.95 12.02 6.65 3.37 6.64 4.81 5.7 5.73 11.02 12.62 12.18 7.06 10.81 18.79 15.84 7.42 7.48 8.47 5.12 5.79 4.26 6.34 4.49 8.01 6.68 4.45 6.29 9.36 17.89 19.56 13.97 8.82 9.91 8.36 7.16 5.57 4.61 8.19 14.22 13.13 8.81 7.39 9.03 8.4 14.87 7.37 6.83 10.14 12.22 6.61 7.6 8.03 20.16 24.38
12.14 12.66 9.44 8.28 7.69 5.73 6.05 4.21 11.67 7.5 8.45 10.23 10.42 3.92 5.02 4.04 6.6 4.11 8.36 10.72 4.74 5.52 5.29 17.31 9.17 4.97 6.19 4.53 3.48 3.94 5.73 4.74 7.32 8.79 7.47 11.5 10.19 18.84 10.07 26.94 20.96 6.93 6.46 7.69 6.86 9.41 6.98 8.06 25.79 18.95 9.18 5.62 7.66 3.94 8.26 5.27 2.92 5.11 10.8 13.75 15.99 14.57 22.27 17.04
13.06 5.3 5.2 7.62 8.1 4.79 6.56 9.98 13.67 14.9 6.31 11.46 8.62 8.05 4.89 5.78 6.1 6.99 10.18 13.37 7.81 5.63 8.25 8.55 6.1 5.78 4.17 2.45 2.16 5.85 6.36 6.05 12.51 7.38 6.35 8.43 12.84 12.23 10.93 26.55 18.96 13.46 5.39 8.58 6.99 6.75 7.13 12.41 12.55 6.77 14.43 13.76 12.54 9.21 6.01 4.57 4.38 6.1 17.74 16.12 13.42 33.37 14.82 18.97
8.38 7.4 9.86 6.56 8.41 7.97 7.17 16.85 11.98 13.75 12.84 9.8 4.98 7.09 4.27 5.79 3.21 6.76 13.04 10.25 4.87 5.99 4.79 5.08 2.86 2.91 3.23 3.27 4.15 5.34 12.19 11.61 10.8 10.5 5.7 8.39 10.8 13.67 22.02 15.86 26.76 20.45 9.92 10.84 7.38 6.52 14.33 18.63 13.63 7.98 19.03 13.77 15.61 12.71 7.92 5.72 4.79 10.98 11.86 7.9 11.06 13.06 10.17 12.44
9.25 21.3 17.35 10.27 6.27 9.8 8.49 7.99 10.39 11.89 7.74 6.82 9.74 7.7 4.06 4.71 4.47 3.85 9.42 8.91 5.7 5.66 5.44 3.04 1.6 3.43 2.67 3.25 5.68 5.33 14.71 21.04 8.33 5.04 7.53 7.23 9.54 18.67 27.73 28.28 16.82 5.26 12.25 9.98 6.64 8.34 7.68 12.85 24.03 8.7 9.84 14.79 11.83 13.03 9.84 5.96 7.7 7.6 6.39 6.64 6.7 10.68 15.83 13.96
5.13 9.52 16.47 16.95 6.67 4.71 6.4 7.88 21.87 16.98 9.24 7.72 13.83 6.8 5.78 8.38 5.23 3.86 11.03 14.07 5.66 2.75 4.36 1.84 1.56 1.61 1.11 3.48 6.98 4.29 6.22 7.21 4.78 3.93 5.44 5.46 12.99 14.53 9.43 13.31 12.34 10.33 10.03 14.44 7.32 6.66 10.84 18.89 15.32 10.88 9.31 20.1 26.94 14.75 8.41 9.72 5.16 4.22 9.32 5.08 8.3 6.62 10.89 10.8
5.21 8.96 11.32 12.08 11.7 5.02 8.46 11.94 14.07 15.84 7.42 6.36 7.25 4.78 7.65 5.53 5.1 9.34 13.25 8.89 4.07 2.27 2.27 1.79 1.41 1.11 1.34 2.44 3.08 5.1 5.67 5.21 4.17 3.64 6.85 9.61 10.44 9.43 7.23 4.71 19.28 7.52 7.55 18.46 10.28 11.96 11.46 19.25 11.69 11.71 11.74 20.09 27.71 10.4 11.41 13.62 6.23 4.77 4.34 7.03 9.3 5.05 8.73 11.74
8.1 6.44 15.36 8.73 11.88 7.65 12.26 10.59 15.16 14.05 4.74 4.6 4.48 8.92 9.39 6.55 11.57 22.8 26.78 7.68 7.85 5.3 3.11 1.18 1.21 1.32 1.27 2.37 1.35 3.71 5.33 5.3 3.53 3.77 8.27 11.0 14.03 4.8 5.48 5.55 9.72 5.5 7.07 7.0 10.79 13.17 9.85 22.76 9.14 15.56 13.93 24.61 13.78 16.19 16.12 15.72 9.76 3.32 6.11 7.01 11.92 11.53 7.13 6.46
6.32 10.26 17.41 8.19 6.67 5.92 19.09 8.08 8.4 4.23 7.45 4.62 7.51 12.5 7.92 13.7 8.54 9.96 12.54 14.21 4.24 7.06 3.75 1.33 1.89 2.36 2.37 3.84 2.34 1.99 5.04 5.63 5.27 4.15 3.27 10.02 10.74 5.45 5.98 6.19 6.29 6.9 4.19 6.26 10.79 19.22 16.07 13.98 14.42 10.36 19.82 26.93 9.37 8.38 13.85 8.91 4.66 2.6 4.09 7.91 8.9 6.48 8.31 5.1
9.0 6.94 10.3 11.23 10.49 8.1 13.4 8.31 7.07 6.09 3.78 4.83 6.65 6.1 5.32 16.57 9.79 7.04 9.3 12.29 6.26 7.57 3.15 2.5 1.73 3.32 4.3 3.09 2.59 2.28 1.77 4.92 3.23 2.75 7.32 5.8 4.61 3.68 7.65 5.31 4.35 2.83 3.24 5.41 10.08 18.84 18.21 23.73 22.4 10.82 16.44 31.54 26.29 16.94 15.04 6.5 2.9 5.26 6.36 14.49 9.37 10.79 9.8 6.36
9.43 4.46 7.64 8.34 6.41 10.89 10.21 7.45 7.28 4.81 4.86 8.08 7.58 9.35 5.29 5.86 7.83 10.58 12.73 8.95 6.91 6.0 4.96 3.01 3.52 4.95 3.18 4.24 2.27 2.05 2.05 3.56 1.81 4.8 9.44 7.97 8.65 8.4 6.63 2.21 3.04 1.69 3.82 6.74 27.64 29.49 33.19 36.85 10.99 17.09 29.75 25.02 16.64 25.18 12.21 5.95 5.59 5.07 5.78 5.3 7.76 8.05 7.14 5.06
8.66 16.68 10.92 12.41 5.98 11.04 12.15 7.88 5.77 5.36 6.55 5.38 8.15 4.39 7.58 4.85 3.76 7.7 11.35 10.77 6.4 10.67 4.09 3.77 5.41 5.98 5.23 5.19 4.04 3.29 2.77 2.76 3.35 6.95 13.73 7.83 7.02 6.44 2.94 1.37 3.57 2.97 4.17 15.15 25.56 42.05 32.55 33.66 16.29 13.02 18.7 10.06 8.1 8.88 9.12 6.5 4.51 5.46 5.71 4.58 8.12 4.54 5.86 4.81
12.5 14.18 13.39 13.58 12.09 15.0 10.32 8.33 6.78 5.44 3.81 5.26 8.55 4.45 7.68 7.15 3.66 4.42 6.58 8.07 6.66 9.55 8.24 4.99 5.8 7.5 4.68 4.32 5.46 2.63 4.11 3.67 2.31 6.25 13.23 14.03 5.36 4.61 2.64 2.34 2.9 2.48 3.25 6.16 11.91 13.71 19.39 26.37 14.95 12.96 14.53 11.44 9.59 8.94 9.02 7.1 4.35 2.91 7.07 7.87 7.08 9.37 9.08 8.54
9.57 11.94 12.64 7.6 11.4 13.59 13.44 11.05 12.27 5.07 8.66 11.04 7.06 5.94 5.55 4.02 3.42 2.37 2.77 7.55 10.88 11.95 7.3 9.9 4.62 4.32 5.65 7.64 6.45 4.52 3.85 5.82 3.66 5.61 12.73 15.9 7.15 3.21 2.56 2.11 7.77 3.38 3.7 5.65 11.45 10.16 23.41 19.12 10.83 9.74 12.71 10.9 10.14 9.17 9.66 7.89 2.84 2.71 6.55 6.59 5.45 6.16 5.03 15.29
21.81 18.67 15.02 12.73 23.86 19.7 14.68 9.15 14.46 14.99 7.08 10.0 12.5 14.54 10.96 3.04 3.54 3.21 4.95 6.69 10.35 11.6 14.12 12.39 4.44 4.08 6.24 8.88 6.8 5.86 5.23 5.99 4.28 4.5 6.99 10.35 9.64 4.23 3.33 1.89 4.83 3.41 5.43 5.8 7.26 6.33 17.9 29.8 18.86 7.34 5.96 15.28 7.34 10.89 8.11 6.49 3.97 6.1 7.39 4.09 3.88 5.86 6.5 5.7
14.17 22.22 24.71 37.95 28.68 13.5 13.82 7.82 16.47 10.08 8.8 9.53 16.17 24.31 12.86 5.04 4.72 2.55 4.72 4.84 7.02 9.55 9.96 4.68 4.54 4.13 7.12 13.9 10.06 6.03 3.74 5.8 4.72 8.25 5.08 11.24 6.96 6.57 2.59 2.42 5.3 4.09 6.6 4.72 6.96 4.65 10.84 23.98 17.76 5.85 5.7 8.6 6.56 12.21 6.73 4.2 2.73 8.46 9.68 3.91 6.64 2.89 3.53 3.3
9.17 14.37 22.84 31.92 21.45 10.6 9.6 13.79 8.49 8.14 10.06 10.11 14.61 14.29 19.99 8.44 3.43 1.27 2.25 2.69 3.0 3.77 4.73 6.44 6.52 7.08 6.63 12.49 6.04 4.16 5.31 5.27 3.45 4.48 6.84 7.75 5.66 6.51 4.02 2.91 5.5 4.76 6.51 14.1 9.19 6.56 17.67 34.38 16.8 3.51 6.51 5.7 4.44 6.75 6.4 7.59 4.35 6.85 14.08 11.2 9.92 3.65 4.0 5.84
8.45 9.95 16.15 16.03 12.95 7.11 6.18 9.05 10.48 9.92 5.69 11.25 16.71 21.23 13.22 5.05 2.77 1.1 2.72 4.15 3.46 2.76 4.23 4.59 5.55 9.45 8.06 7.3 3.03 3.87 8.56 8.07 3.36 3.29 9.15 8.25 5.08 6.06 3.01 1.74 3.36 3.05 6.27 19.78 10.35 9.13 10.19 17.21 5.52 3.87 5.85 7.99 5.57 10.73 11.61 10.36 13.66 13.09 14.73 7.74 6.44 2.25 4.57 4.25
7.3 8.94 9.23 8.6 9.99 5.53 6.44 7.06 9.84 14.5 11.18 10.1 14.64 17.43 6.47 6.97 2.26 1.75 1.87 2.87 3.34 3.67 2.89 6.35 7.5 13.95 10.27 5.23 3.62 4.69 8.66 7.22 4.15 4.51 4.94 5.1 8.43 5.02 3.04 3.72 3.04 4.0 5.26 13.59 6.11 4.51 5.38 5.58 4.31 3.84 5.8 3.7 6.46 10.07 13.56 11.07 11.75 10.27 11.69 6.87 3.87 3.01 4.91 3.83
9.04 10.07 5.05 7.82 7.85 9.19 9.34 7.62 5.87 10.02 9.58 8.13 11.27 10.65 11.15 3.87 2.59 2.37 2.86 2.74 1.01 5.77 5.65 6.17 6.11 8.79 10.52 9.12 5.73 3.84 6.07 5.39 5.44 7.72 5.04 3.31 6.63 8.09 3.99 5.81 5.81 11.19 9.12 8.47 8.43 5.17 6.05 5.34 3.98 2.69 8.58 3.58 6.89 8.36 8.98 13.28 9.82 9.09 10.76 13.82 5.97 6.68 4.66 3.58
3.24 3.34 3.7 4.72 5.5 5.1 11.12 7.64 6.39 5.46 5.49 13.42 6.9 9.73 7.86 5.66 5.34 5.32 8.63 3.25 4.09 4.94 9.46 10.3 6.91 11.43 21.58 15.38 8.94 8.74 8.59 6.79 6.18 13.62 6.43 3.4 3.61 12.8 7.81 5.34 7.91 8.14 7.67 7.69 5.36 3.99 7.23 4.52 4.83 3.25 6.02 4.12 6.65 6.26 10.44 9.81 10.7 11.04 5.94 10.15 8.17 5.08 6.12 8.36
4.66 2.83 4.57 6.81 6.61 9.8 6.38 9.64 5.12 11.97 8.14 10.95 8.4 14.01 9.54 6.7 5.39 5.93 8.76 5.13 5.49 4.16 14.32 7.2 10.27 13.89 19.22 14.33 8.28 8.05 7.71 4.59 4.23 6.97 4.75 4.28 6.97 6.86 12.55 9.69 6.7 6.09 8.85 10.29 6.85 5.39 5.47 7.42 5.37 2.82 4.56 5.1 3.46 7.82 5.91 12.39 13.72 13.17 8.65 4.42 4.23 2.36 5.99 5.91
4.59 3.27 4.23 4.28 8.06 14.61 4.59 5.55 7.26 7.67 7.84 7.61 8.54 12.93 10.11 9.86 11.44 7.38 7.98 4.74 5.86 9.01 10.53 8.31 9.25 11.98 16.23 9.32 10.53 6.75 3.54 3.34 4.47 4.17 3.64 9.04 8.51 4.6 7.16 5.6 8.0 4.75 3.66 5.82 5.68 6.88 4.87 5.97 4.77 6.79 5.1 6.01 5.05 4.69 6.68 10.8 7.17 7.78 7.08 2.76 2.48 2.28 7.23 3.8
4.26 5.24 6.44 4.8 11.02 5.89 10.92 7.75 12.34 5.78 9.31 8.91 6.38 9.29 6.91 9.75 10.77 5.94 4.33 6.06 6.47 5.96 4.96 10.52 9.16 13.38 10.89 8.67 9.27 4.94 3.02 2.91 3.49 3.76 7.69 6.89 6.63 4.79 4.57 5.2 7.81 4.5 7.89 9.36 4.81 4.7 6.1 5.82 4.54 4.04 6.06 5.44 7.07 7.85 5.83 7.7 11.9 4.62 3.25 3.22 1.83 2.7 5.3 2.99
8.63 5.32 11.4 5.26 6.66 8.08 11.74 16.53 20.43 6.95 12.5 8.7 4.07 8.74 12.02 6.05 7.65 8.42 4.05 5.64 3.32 3.81 9.58 9.22 7.85 15.42 16.61 7.92 7.29 3.87 3.72 6.63 4.18 2.8 6.95 3.69 5.32 5.15 5.05 6.31 6.03 9.66 8.58 9.42 4.78 6.43 7.02 5.73 2.61 3.85 3.48 2.74 6.21 5.79 9.9 7.53 7.29 10.09 4.83 2.92 2.66 3.58 2.35 4.78
7.22 7.32 13.14 5.45 11.8 7.07 18.91 20.39 11.65 8.69 7.64 17.3 9.06 12.25 13.6 17.13 11.31 7.87 10.79 4.86 3.71 9.56 10.04 15.56 11.85 9.79 12.98 8.9 5.94 4.75 3.22 7.29 4.46 2.88 3.23 5.87 4.43 5.65 3.87 2.69 5.2 4.47 5.14 4.95 3.99 7.64 7.69 6.96 6.76 4.57 2.86 2.83 10.59 9.04 5.7 7.01 6.2 9.4 5.7 3.12 2.14 2.79 1.56 2.85
9.23 12.99 17.11 13.81 9.49 11.86 20.45 18.84 9.72 4.03 3.97 11.17 10.39 10.94 10.7 11.54 8.02 13.26 8.22 7.7 5.98 5.22 7.02 16.24 9.42 10.03 9.8 7.6 8.37 3.24 3.23 7.9 10.28 3.9 4.88 6.4 6.55 8.52 5.31 6.61 5.81 4.99 3.75 4.22 4.93 5.41 7.33 7.8 4.95 3.51 2.58 5.35 10.56 7.92 3.89 5.76 5.52 4.31 5.34 1.85 1.78 2.27 1.7 5.17
8.09 13.05 9.87 6.81 11.66 13.39 10.52 17.18 7.25 6.64 8.59 9.09 5.71 10.78 12.98 9.76 14.34 11.06 12.27 10.52 10.21 8.74 4.49 8.4 14.34 16.14 11.8 12.0 4.21 2.96 3.06 4.29 9.92 5.81 4.01 7.49 12.84 6.25 9.09 8.82 4.27 4.71 1.63 5.55 5.68 7.01 5.13 8.94 5.05 4.14 6.57 5.63 11.79 8.26 7.06 4.17 2.82 2.57 5.93 3.97 2.42 2.41 4.53 8.56
11.97 7.97 6.99 5.54 8.57 5.95 11.13 10.65 10.0 9.52 14.35 13.35 1.98 6.81 7.68 8.34 13.67 18.39 8.43 14.49 16.62 15.85 7.85 14.24 11.85 20.76 14.87 5.54 3.77 3.22 2.25 5.23 8.24 9.44 11.91 6.66 10.62 7.93 9.28 9.98 5.61 2.25 6.26 3.68 5.25 7.53 5.58 10.18 11.54 6.37 7.34 13.62 10.17 5.94 3.67 2.92 2.89 4.28 3.26 2.47 2.32 1.9 3.76 5.33
8.41 9.91 6.03 9.83 8.2 5.82 8.78 4.15 10.49 7.38 10.32 5.85 3.45 3.86 8.69 8.77 16.23 23.1 7.3 8.32 7.88 23.36 17.76 11.25 12.24 10.54 8.43 11.59 4.38 3.78 2.88 4.04 9.2 8.25 13.94 8.85 6.48 4.24 5.97 5.41 7.11 6.22 4.49 2.75 6.49 3.77 5.73 12.82 19.69 10.83 7.16 6.59 6.99 4.54 4.37 3.21 2.55 4.19 4.99 3.32 4.22 5.14 4.17 4.86
7.3 6.75 6.47 5.04 7.02 2.8 6.91 3.5 6.9 4.43 4.14 3.54 4.04 4.59 8.13 11.4 18.75 10.05 9.69 10.49 8.28 8.96 9.5 10.61 11.02 6.76 17.65 11.52 7.5 4.73 2.1 5.68 10.78 9.17 7.4 6.1 3.91 6.79 6.61 5.63 9.72 6.69 3.41 5.96 6.88 4.77 8.89 10.74 20.69 9.09 12.14 4.3 5.2 3.41 5.71 3.01 1.89 2.07 2.87 3.62 5.04 5.22 6.63 8.82
9.33 6.86 7.37 6.09 3.08 2.74 4.27 2.66 3.39 3.88 3.08 2.31 3.66 4.74 4.34 8.55 7.42 8.37 8.58 8.65 17.1 9.78 10.89 9.92 13.68 8.27 40.48 16.39 8.22 4.06 3.53 3.8 10.3 21.8 8.16 7.56 7.53 9.92 15.26 13.01 5.12 4.21 3.63 3.72 4.2 5.4 7.92 11.68 7.05 5.3 9.59 5.97 3.6 5.03 4.04 3.17 2.96 1.82 2.35 6.56 3.3 5.87 2.68 3.92
10.56 5.43 8.34 4.35 6.33 7.95 3.86 3.01 4.49 5.09 6.6 5.85 4.11 5.56 8.21 5.22 4.68 6.28 14.77 10.84 10.06 14.67 7.88 16.62 20.63 16.0 12.85 14.65 5.61 4.98 5.11 4.96 6.58 13.67 7.57 3.69 6.78 5.88 10.88 5.79 4.33 2.6 2.25 3.21 3.64 6.63 6.61 10.86 6.78 6.01 4.55 6.21 4.22 8.41 3.19 2.05 3.59 6.07 10.02 5.44 2.87 5.7 8.55 4.32
7.27 4.31 2.92 5.36 8.87 6.44 4.92 3.36 6.6 4.28 7.31 8.1 5.6 3.53 6.91 5.57 3.04 7.22 9.65 8.99 5.31 6.15 4.81 15.27 6.48 7.65 9.51 6.06 5.3 6.48 6.46 5.47 4.9 11.93 5.33 3.82 5.24 6.2 7.39 5.36 6.26 5.66 5.04 4.2 6.04 7.59 8.48 11.32 11.84 8.1 4.75 4.88 8.04 7.51 1.83 1.74 3.35 5.22 7.57 4.05 6.02 9.07 8.05 3.64
5.89 4.12 2.46 4.21 2.18 6.62 4.4 4.66 5.12 3.67 9.12 8.83 11.39 4.3 6.16 2.87 5.75 4.79 3.96 5.69 3.64 2.38 4.5 9.75 3.51 7.16 5.94 4.5 2.6 5.99 7.32 7.71 10.25 6.91 4.5 3.1 4.48 9.14 6.37 9.18 4.99 9.23 8.15 9.26 5.62 14.01 6.48 7.64 8.1 7.32 7.12 3.29 8.96 4.72 8.35 3.77 6.66 7.01 5.66 3.24 8.85 6.78 4.16 5.76
4.12 3.18 5.03 6.13 4.38 4.6 6.87 7.47 4.95 12.72 6.43 7.0 12.93 10.71 4.8 2.28 4.57 5.0 4.67 5.15 2.79 5.2 4.01 6.83 3.14 3.57 3.86 2.64 2.58 5.26 4.8 5.1 9.15 8.47 2.93 3.88 5.39 4.49 6.51 6.44 7.2 9.46 8.71 6.71 6.09 11.04 7.87 5.95 7.18 3.55 4.86 4.72 5.72 4.39 9.28 3.77 4.56 6.95 8.04 3.97 6.22 6.2 4.99 4.48
