3.41 4.98 4.51 3.88 3.63 8.38 4.68 6.58 4.98 4.88 10.19 10.52 9.22 6.12 2.5 2.2 4.2 8.1 7.29 8.06 6.43 7.59 5.14 8.54 6.08 4.28 2.83 4.21 8.39 2.83 2.54 2.2 3.16 3.11 4.12 3.85 5.06 8.72 5.91 5.73 4.51 3.94 5.42 8.78 8.25 8.38 7.97 6.28 7.32 5.18 7.44 6.59 10.12 9.66 6.75 7.03 5.65 4.11 5.55 6.17 6.55 7.73 14.51 15.79
3.04 5.04 2.44 3.38 3.55 6.79 7.16 4.84 5.15 8.35 10.52 14.47 5.36 6.9 2.65 2.57 2.68 5.33 6.16 4.01 6.07 4.13 4.94 9.66 9.26 5.28 4.48 4.5 5.37 3.66 3.33 3.07 3.72 4.69 4.19 6.03 5.9 9.06 8.76 5.69 3.37 4.56 7.1 17.49 14.61 8.6 6.15 5.79 4.99 5.68 7.11 6.53 16.14 9.17 5.01 2.13 3.05 4.85 6.02 5.75 8.46 6.57 11.67 11.75
4.52 5.78 3.0 4.73 2.95 3.89 3.94 4.89 5.01 12.23 9.58 7.2 5.5 7.16 2.41 1.52 3.42 6.87 12.63 6.32 4.68 3.54 3.88 5.01 11.67 8.03 5.71 5.81 7.27 5.89 5.51 1.75 4.34 3.01 4.86 5.88 5.68 9.33 12.83 8.65 6.82 6.0 3.79 12.74 16.51 12.61 6.07 9.36 4.44 11.67 8.59 5.29 7.28 9.55 4.22 2.09 2.34 4.29 4.06 7.98 8.92 14.12 7.66 6.07
7.39 4.1 6.42 3.93 3.81 4.54 3.73 3.63 4.33 5.86 11.22 6.48 3.99 2.49 1.5 1.77 2.22 4.08 13.24 7.34 4.37 2.82 2.45 4.93 8.18 5.3 2.91 4.55 4.17 3.74 4.4 3.2 3.61 3.58 3.17 4.16 4.7 20.97 10.61 5.34 5.48 10.47 10.44 15.74 23.04 15.21 6.62 9.48 8.71 5.44 7.06 6.57 7.75 8.0 2.75 2.41 3.0 5.74 3.61 4.29 7.87 9.63 7.69 10.13
10.71 9.08 5.57 5.17 8.3 8.54 6.92 5.54 3.72 4.23 7.55 10.37 5.99 2.91 3.67 2.91 2.95 6.78 8.57 7.46 3.56 3.25 2.62 7.83 6.06 7.17 3.83 4.25 1.83 2.69 2.81 3.17 2.62 4.66 5.59 5.5 4.36 14.29 9.49 5.73 4.66 7.9 9.82 16.67 11.15 12.14 7.73 13.0 14.01 17.35 5.62 5.91 4.17 4.44 4.43 5.68 2.56 6.88 5.48 7.58 5.79 7.86 4.0 12.98
12.45 12.97 9.05 11.07 7.44 12.86 7.88 8.04 3.31 3.84 3.86 5.34 5.79 6.65 2.46 5.36 3.78 6.26 9.9 10.65 5.24 5.64 6.16 8.21 4.27 4.99 3.33 6.6 3.13 3.33 1.26 3.1 3.45 7.28 5.03 6.69 4.39 9.97 6.07 5.78 6.62 12.36 7.23 12.73 10.62 13.67 6.35 8.48 12.87 15.53 11.26 9.5 6.25 2.28 2.78 7.08 6.19 9.25 6.07 4.79 3.0 5.18 4.63 5.46
8.78 12.0 13.2 12.34 8.33 11.72 7.6 13.59 3.47 3.56 3.47 3.22 3.98 6.26 2.93 3.4 4.12 5.49 6.14 11.29 9.28 11.46 5.51 4.36 3.75 7.52 7.97 3.9 2.14 1.68 1.82 3.18 4.36 6.76 13.93 8.39 5.05 3.95 3.4 4.75 5.49 7.49 7.6 7.61 9.72 16.54 6.6 9.45 7.69 9.87 7.42 7.65 6.22 8.76 5.42 8.65 9.54 5.14 6.75 4.33 3.52 1.72 5.57 11.49
13.04 13.18 12.78 8.47 11.1 13.65 12.88 13.12 5.08 4.69 2.7 2.29 2.88 6.36 6.37 6.79 4.3 7.04 3.85 7.15 9.13 14.78 7.02 4.71 2.45 6.29 7.81 7.61 4.04 2.22 1.35 1.97 3.39 8.02 12.27 10.05 9.94 3.73 4.12 2.06 5.12 11.49 7.7 5.61 4.88 7.94 9.74 8.6 4.56 5.82 8.2 6.42 9.4 4.4 5.76 6.84 9.65 6.99 3.65 2.57 3.73 3.04 4.1 6.96
12.78 13.15 7.53 9.62 4.19 8.91 10.63 5.62 5.13 4.1 2.6 2.35 2.12 4.46 4.41 5.61 5.06 4.79 8.19 7.31 12.24 27.55 6.87 8.78 6.18 5.24 4.96 5.4 4.47 5.82 4.22 2.27 3.96 5.14 10.73 9.51 8.55 2.3 4.33 4.04 5.77 10.31 7.89 5.23 7.6 7.3 7.25 6.19 5.4 4.81 9.91 8.78 8.02 7.6 6.27 8.89 6.34 12.3 5.62 3.08 3.1 3.13 3.46 4.24
13.08 7.8 9.8 11.76 11.76 5.2 7.26 5.73 4.61 2.67 4.34 3.28 3.0 4.14 5.15 5.63 4.04 6.6 6.7 10.35 15.39 14.78 15.63 6.42 6.57 2.91 6.97 7.68 9.88 5.0 4.16 3.53 7.12 6.07 9.64 15.11 16.38 5.9 4.99 8.12 10.22 8.87 15.21 5.65 6.25 6.27 13.68 17.09 6.33 4.41 5.73 5.46 4.9 4.59 17.4 6.61 7.99 6.92 10.9 3.94 4.66 2.92 3.43 7.32
12.33 9.87 13.27 14.7 6.95 5.0 5.61 3.67 2.36 2.54 1.59 1.5 2.9 3.82 4.85 2.26 4.46 6.36 7.22 8.52 15.43 13.04 23.49 6.3 5.2 5.5 7.36 5.48 7.3 8.45 4.89 4.0 4.49 3.12 11.14 9.11 7.75 5.42 5.7 7.98 9.38 6.3 4.76 10.94 8.61 12.42 16.28 21.27 7.49 16.66 8.74 7.1 5.63 6.36 16.74 12.24 5.18 9.4 12.9 8.94 7.32 4.49 5.58 8.52
13.21 6.85 15.13 13.71 10.17 3.45 3.91 3.01 2.71 1.86 1.83 1.51 2.45 3.36 3.21 2.62 4.06 3.83 4.97 6.83 7.1 10.03 12.41 6.39 8.34 4.99 3.85 4.59 3.55 4.23 6.17 7.03 13.4 4.68 7.16 10.03 6.66 9.5 7.14 5.03 8.1 7.82 4.21 7.03 8.33 7.83 13.61 10.16 7.64 10.88 12.15 6.09 7.18 14.07 11.87 8.25 8.15 5.67 9.34 8.25 8.94 9.47 9.98 9.77
7.15 5.54 7.95 8.16 8.04 5.94 1.46 2.25 1.99 1.83 2.05 1.52 1.72 2.92 2.67 5.39 5.87 4.91 5.15 7.61 6.38 6.05 9.48 7.03 4.42 9.25 3.67 5.66 4.13 2.72 3.5 7.01 7.81 9.26 6.88 7.94 7.48 10.37 10.2 5.01 4.19 5.15 7.43 8.88 8.18 8.36 8.34 14.27 7.41 9.59 10.83 11.44 9.41 10.58 11.31 8.1 5.26 9.86 14.64 11.39 2.86 6.57 7.83 9.78
7.65 8.48 7.71 6.33 3.24 4.06 2.56 2.08 3.29 1.77 1.39 2.06 3.45 2.34 2.84 3.74 5.15 7.63 4.92 6.02 4.98 6.51 5.5 8.32 7.07 6.47 6.87 4.87 4.08 3.84 3.21 6.97 11.59 11.12 6.42 9.98 9.58 7.31 7.73 5.77 8.3 7.5 8.14 11.82 11.47 7.87 18.66 7.77 11.89 9.43 7.07 8.82 9.67 7.35 9.63 5.11 5.13 5.18 13.41 6.18 4.33 4.36 10.6 7.2
6.82 9.82 5.33 7.59 4.51 3.27 4.4 3.51 5.09 4.11 2.21 2.26 2.76 4.54 6.0 8.69 10.95 4.88 11.96 6.07 7.73 8.07 6.69 8.67 9.09 4.9 7.25 3.71 3.39 5.88 6.04 7.97 11.99 10.74 5.25 11.92 9.65 3.54 7.83 11.62 17.62 9.59 15.62 13.69 14.1 7.01 13.96 9.23 7.67 12.02 8.1 5.77 7.1 7.24 6.37 3.12 4.93 3.82 8.98 5.03 2.87 2.51 7.32 6.16
9.42 7.52 4.03 3.93 5.01 2.6 5.73 3.39 3.21 4.39 2.91 1.68 3.18 4.33 4.39 7.29 12.78 5.54 7.94 8.25 9.77 9.85 7.38 8.01 8.22 11.85 5.38 2.69 3.95 4.47 12.3 12.82 14.88 6.36 4.85 3.52 10.63 6.59 14.97 13.11 28.37 9.11 15.64 10.0 9.45 13.94 15.44 8.31 10.2 10.07 11.61 3.05 6.92 3.84 5.3 3.68 5.27 7.22 7.49 5.59 5.76 1.59 2.38 3.54
6.22 4.0 3.02 4.29 4.84 5.6 4.91 2.74 1.81 2.32 4.08 4.26 6.15 7.68 9.9 4.41 4.88 6.6 8.61 7.04 9.91 9.35 14.62 8.89 8.1 11.29 5.86 4.38 5.77 7.35 16.64 8.68 9.12 4.96 6.59 4.61 6.87 8.75 20.76 13.08 24.99 10.57 11.74 9.99 11.57 8.57 21.85 8.16 6.36 13.91 8.24 5.9 4.34 4.03 3.52 4.64 8.31 15.48 4.98 3.88 5.91 3.79 2.07 3.94
10.04 3.32 2.5 1.95 8.94 4.29 7.87 3.76 2.91 1.35 7.77 6.11 12.25 7.45 8.11 5.47 9.89 4.51 5.6 6.26 10.87 7.31 6.43 6.79 8.05 6.86 10.43 3.69 8.55 8.19 14.93 6.87 11.21 4.95 4.81 5.27 11.74 8.75 14.78 7.16 18.12 8.41 14.2 8.42 10.49 9.22 10.36 7.83 11.0 9.87 13.27 5.78 7.27 7.9 6.71 4.48 6.61 9.62 15.24 5.9 7.71 4.51 4.67 4.53
3.57 2.84 4.03 2.31 6.58 4.26 2.99 4.51 4.25 2.84 9.69 8.75 15.74 15.03 11.84 6.42 10.76 11.38 13.89 6.26 14.22 7.08 7.08 9.39 13.63 14.13 10.26 6.18 6.16 7.15 10.09 6.89 6.52 9.52 5.96 5.98 6.89 6.09 6.9 7.71 5.94 6.01 5.5 14.75 9.28 7.26 6.28 7.42 17.61 16.12 7.59 8.33 5.3 12.79 8.09 10.26 7.62 9.91 8.26 10.6 18.74 5.9 6.64 7.7
5.53 4.07 4.05 2.56 4.81 5.33 5.15 4.58 5.55 3.27 6.11 8.3 12.5 13.03 13.61 8.5 8.42 13.41 12.42 6.48 7.05 6.98 4.43 6.82 10.5 14.1 14.56 6.52 5.19 8.59 9.39 5.74 6.36 9.31 10.76 8.18 7.18 9.64 7.97 6.8 7.81 4.1 3.93 6.73 10.63 6.84 4.59 5.13 7.43 14.3 7.53 6.48 7.65 6.48 6.02 5.84 13.41 11.35 8.21 10.74 14.23 10.33 12.87 8.98
5.15 6.39 3.16 2.75 3.43 4.35 5.96 7.7 3.22 6.02 5.99 5.78 5.47 8.66 6.98 22.94 11.85 8.17 10.72 7.91 5.1 5.69 3.5 3.4 7.41 7.55 10.99 6.6 4.76 10.61 6.44 8.75 5.4 6.23 6.58 5.31 4.51 8.17 10.47 6.72 4.73 4.67 2.31 4.59 5.12 7.71 3.74 6.25 12.69 8.53 9.91 12.9 11.02 11.44 6.84 12.4 10.4 8.9 9.75 10.57 9.71 10.15 8.01 7.97
11.9 7.98 6.16 5.21 6.34 7.29 6.42 6.01 4.92 6.98 11.37 11.74 8.94 7.0 11.57 16.51 14.36 7.63 8.79 4.74 3.76 5.93 4.57 4.55 4.45 13.95 6.26 4.21 6.31 7.86 7.05 6.51 9.19 12.49 15.55 8.99 7.93 7.92 6.38 4.92 3.86 4.12 3.3 1.72 4.27 2.71 3.46 5.22 12.49 6.92 7.05 7.82 8.26 6.43 10.32 9.02 10.29 14.47 15.87 10.25 19.27 9.63 7.48 4.15
3.79 8.39 6.24 13.48 7.1 3.76 6.66 11.14 6.8 5.82 6.13 7.42 6.24 7.54 11.77 16.61 14.33 8.72 9.38 5.03 4.8 3.17 8.83 7.12 9.08 10.0 9.62 5.31 5.62 8.24 4.16 6.98 7.33 11.39 14.57 19.35 8.56 9.87 5.65 8.26 14.78 3.1 2.43 2.31 2.48 2.36 3.79 7.65 18.01 12.03 8.71 5.96 11.76 7.16 8.25 6.19 3.9 8.01 12.13 20.7 25.13 17.92 13.17 5.62
3.33 3.52 7.17 8.36 10.21 4.87 7.08 10.55 6.38 6.16 8.36 6.13 5.73 4.74 7.36 15.14 11.94 8.97 8.62 3.46 6.43 7.59 9.85 7.86 11.86 14.89 6.45 8.01 6.72 10.52 7.59 10.15 18.57 8.84 22.16 11.49 13.16 10.71 6.02 6.17 14.94 6.17 4.17 2.4 3.79 2.31 5.45 8.13 13.33 14.78 14.02 5.76 9.56 8.02 6.19 3.87 3.06 3.24 7.6 13.92 17.2 14.23 7.72 9.98
2.27 4.49 5.2 5.1 4.39 4.62 3.96 5.48 3.63 3.82 7.38 7.08 8.59 4.45 17.46 23.52 8.2 7.05 5.33 2.72 3.96 4.16 7.68 7.52 14.58 18.91 6.76 3.97 4.32 5.35 14.79 7.23 7.79 15.39 21.12 20.11 7.96 11.33 7.85 6.51 9.06 5.42 4.39 3.95 8.82 8.12 5.97 11.96 10.39 14.59 14.33 8.29 5.73 7.07 2.61 3.19 1.88 3.92 3.93 15.9 16.49 14.7 9.31 5.14
7.64 2.23 4.76 4.02 10.6 8.38 6.92 2.44 4.63 3.54 7.37 5.6 9.22 4.97 16.37 29.8 17.13 6.91 8.27 3.76 3.34 1.8 4.03 5.46 8.65 8.39 7.74 14.47 9.19 7.48 12.25 11.17 8.26 7.65 9.84 9.31 8.02 8.27 14.3 5.93 6.55 5.56 6.41 4.45 5.32 7.5 10.18 10.38 14.0 13.26 20.73 16.76 3.79 3.29 2.76 2.89 1.84 3.04 4.99 6.64 11.15 16.57 15.63 5.65
4.46 4.26 2.69 3.13 4.46 5.91 5.61 3.42 4.32 6.13 7.6 11.29 15.14 14.44 11.29 27.34 18.29 11.51 6.58 3.54 4.52 4.72 3.84 5.78 3.96 4.92 5.42 8.46 9.59 16.95 16.33 20.73 11.0 7.69 4.11 11.83 5.67 6.89 6.91 10.03 4.84 6.95 4.79 6.88 4.25 8.41 6.71 16.91 9.88 18.65 11.66 6.95 1.79 1.91 2.64 3.25 1.57 3.74 5.65 9.13 5.04 14.68 7.19 7.86
6.65 7.36 4.31 3.28 6.36 3.67 2.86 3.67 4.86 6.6 4.78 4.73 6.44 28.43 16.57 15.54 11.4 8.46 3.69 3.82 2.58 5.3 3.48 6.05 3.55 3.66 5.94 9.42 8.33 19.78 17.56 31.32 8.77 9.13 4.81 7.88 9.75 5.98 10.73 10.35 10.71 7.64 3.14 4.88 5.84 11.6 15.99 12.04 9.18 15.88 6.44 3.56 1.67 1.35 1.4 2.65 2.87 4.67 4.51 7.66 7.22 7.62 11.49 5.88
5.03 6.39 4.21 6.0 3.92 4.59 5.12 7.41 6.37 7.66 3.14 4.76 2.98 15.66 20.65 14.54 10.67 6.4 5.53 10.44 4.17 5.84 3.32 2.65 2.65 2.01 5.42 9.76 9.48 13.41 14.11 17.87 6.06 2.49 3.82 5.79 2.88 6.76 5.46 14.17 8.86 6.84 4.99 8.68 5.03 9.33 11.87 11.13 10.4 12.19 4.95 3.28 1.42 0.67 1.18 1.73 3.26 4.96 4.09 5.56 8.88 9.35 6.81 6.19
5.7 9.0 4.31 4.39 5.51 4.28 4.99 6.53 5.97 9.1 4.5 3.17 3.47 10.47 13.28 10.21 7.6 4.79 2.46 3.02 4.84 9.44 5.21 2.95 1.5 2.28 5.38 5.15 5.97 8.28 7.62 9.15 5.59 3.89 1.98 3.15 2.51 4.52 4.95 3.85 5.47 6.82 10.15 8.55 8.76 12.71 12.45 7.84 5.26 3.3 5.11 2.19 1.8 0.92 1.43 2.23 2.5 4.86 5.35 4.4 7.75 15.79 18.42 5.82
6.64 7.83 4.38 8.25 6.04 11.93 11.98 13.73 5.76 6.69 6.22 6.19 6.74 13.65 7.39 9.4 8.32 7.04 3.72 3.44 4.34 4.98 8.56 2.6 4.36 3.81 5.37 4.84 3.95 4.67 4.18 4.75 3.74 3.13 2.13 2.94 2.53 2.39 2.82 3.81 3.07 6.47 8.01 8.24 12.21 16.78 11.47 6.8 4.33 2.03 3.15 4.49 2.24 2.08 3.56 3.17 5.77 3.99 3.11 2.93 6.04 12.06 12.35 7.07
11.62 6.48 4.63 3.73 6.18 9.3 12.07 14.2 9.91 7.66 4.58 6.74 10.09 12.59 6.89 5.5 7.78 6.99 6.62 4.56 5.71 7.68 7.48 3.52 3.26 4.04 5.01 4.49 4.27 4.62 4.58 4.14 5.65 4.2 2.66 2.95 3.21 3.33 3.45 2.6 7.33 6.87 8.24 6.52 11.99 11.13 9.37 3.37 3.36 2.3 3.36 4.42 3.83 6.09 9.84 4.56 4.55 4.55 4.45 8.65 9.48 13.26 8.66 12.15
6.33 9.04 3.79 6.5 5.56 6.25 8.76 11.15 7.88 6.58 6.56 5.16 19.22 10.36 8.77 5.59 6.74 5.2 10.78 11.68 10.84 11.21 7.53 5.19 4.06 2.78 6.86 3.51 4.34 5.93 6.46 6.77 5.83 8.1 4.46 2.29 2.06 3.54 3.62 2.82 4.28 17.43 7.81 10.5 15.32 15.57 8.03 3.1 2.18 2.65 3.17 4.88 6.25 6.06 3.27 10.62 6.26 4.53 4.03 5.78 11.49 16.97 12.03 10.53
9.44 11.0 3.52 4.17 8.5 9.51 15.12 5.88 7.06 4.26 6.5 6.93 14.1 9.41 5.84 8.9 13.81 6.89 13.71 21.08 17.37 8.05 11.3 4.99 4.12 4.88 4.01 5.78 3.85 8.97 13.68 10.15 5.29 5.26 3.16 3.05 1.78 3.2 2.52 3.13 5.16 11.01 7.96 4.22 8.81 10.21 9.43 2.87 2.6 3.21 3.06 4.74 3.44 2.31 3.29 8.1 7.02 6.32 4.03 6.75 6.71 11.74 10.84 8.73
6.19 7.9 5.34 5.43 7.2 14.48 7.59 5.22 3.68 5.85 8.37 16.85 11.31 10.92 10.26 14.45 28.97 28.03 14.14 52.96 22.71 12.69 8.28 13.12 5.25 4.65 5.58 3.49 5.4 8.42 9.05 11.62 5.98 6.12 2.61 2.32 1.54 4.16 2.75 7.15 11.21 10.34 5.37 8.88 4.91 7.91 4.42 4.93 2.48 3.69 2.48 3.72 3.31 3.4 2.12 5.44 6.44 6.22 5.93 10.38 11.98 11.25 14.36 10.36
9.81 12.94 6.52 8.65 7.19 7.98 15.67 7.76 5.44 10.18 9.38 11.05 13.2 23.15 7.43 16.92 18.03 55.06 24.34 29.63 27.18 26.83 11.69 12.2 8.27 12.36 7.77 6.53 4.91 8.5 6.69 8.09 6.51 7.39 2.94 1.93 2.14 2.93 3.12 3.59 9.28 11.27 8.54 6.2 5.33 5.42 6.02 3.54 2.2 4.7 2.94 2.04 3.58 9.75 4.0 4.31 4.53 4.33 6.29 8.29 10.16 7.75 9.97 10.64
4.31 4.4 6.39 6.04 4.12 4.09 6.0 8.34 8.58 10.37 6.43 10.45 9.22 19.75 13.41 32.18 51.55 25.63 33.0 14.01 22.86 28.67 10.44 11.36 10.56 10.36 3.7 8.22 10.21 3.67 9.24 4.61 6.11 6.77 3.62 2.42 3.47 4.55 3.32 5.66 9.96 7.75 5.21 6.67 6.08 5.51 4.09 6.54 3.34 3.23 4.12 1.9 5.39 6.92 6.29 3.97 8.82 6.89 4.0 9.98 20.68 9.38 10.11 4.61
3.72 4.04 4.97 4.81 2.99 7.05 4.66 3.76 2.24 3.13 6.11 5.02 6.19 9.29 13.93 30.06 16.69 23.84 13.94 13.85 16.29 19.85 9.39 10.15 13.26 9.72 6.99 5.68 6.18 6.84 9.86 8.52 8.51 7.55 4.61 2.95 2.94 7.22 4.36 6.45 7.67 6.94 7.04 6.02 4.57 3.22 4.74 5.16 7.26 2.26 3.69 2.12 2.71 5.04 5.97 5.43 5.21 4.17 7.59 6.41 6.14 7.59 9.03 7.04
4.96 3.5 2.95 4.57 3.02 3.02 3.12 2.72 2.47 3.4 4.25 5.02 3.9 5.48 9.26 22.02 9.77 10.27 14.04 6.96 17.84 13.13 14.0 12.91 6.8 4.85 6.56 3.82 11.21 12.49 20.5 5.01 6.64 6.57 2.41 3.26 6.62 5.54 8.42 9.5 6.2 9.49 9.96 6.12 5.83 4.97 6.17 11.38 5.11 2.49 2.25 3.16 3.53 5.09 12.53 10.34 7.43 5.52 13.92 4.64 5.74 8.11 7.59 6.66
4.37 4.06 3.34 2.81 3.44 3.05 1.6 2.05 2.83 2.51 4.43 12.19 6.94 5.8 8.65 10.36 14.23 13.28 12.93 8.66 11.89 19.61 30.41 18.42 6.52 4.34 11.47 6.53 15.25 14.42 25.72 10.61 4.97 4.0 2.93 3.8 9.94 9.32 10.36 11.14 9.85 7.68 5.88 6.31 5.92 6.44 7.98 9.97 6.26 1.5 3.68 2.8 3.28 6.21 8.52 13.76 8.78 12.74 13.55 12.8 5.93 7.33 12.1 9.32
3.19 2.25 3.32 2.43 3.53 3.6 2.87 2.77 3.59 2.02 6.4 11.85 9.59 8.09 12.14 12.44 13.94 8.95 11.43 11.69 17.5 16.25 35.32 18.13 8.16 8.12 10.09 7.99 13.96 20.31 19.15 13.37 5.99 3.12 5.07 5.09 7.04 9.82 6.91 9.47 8.29 9.52 4.26 7.45 9.56 6.55 4.68 4.21 2.42 4.76 3.59 3.99 4.37 7.14 7.02 8.53 7.99 7.46 8.14 8.08 5.32 6.66 8.9 10.28
2.05 2.67 2.23 2.42 3.4 2.84 2.88 2.72 5.85 8.34 5.34 11.63 10.17 5.92 6.92 5.82 10.24 10.58 12.83 30.5 14.5 17.58 17.5 16.31 9.4 7.53 6.34 7.56 8.03 14.75 9.7 14.4 4.17 6.62 4.56 5.9 5.93 9.71 10.57 8.32 5.33 11.13 7.51 7.75 12.54 8.35 4.65 5.43 2.32 2.34 5.69 4.46 9.97 5.01 4.79 8.22 6.94 12.76 5.18 7.11 5.19 8.22 8.73 15.84
2.82 5.05 4.92 2.63 2.12 3.69 4.68 7.27 6.44 7.96 8.18 9.52 9.99 10.53 4.17 4.47 11.3 12.89 7.24 27.24 13.17 8.93 12.86 12.72 11.89 8.18 4.92 9.64 4.52 5.04 5.9 6.7 5.75 4.55 4.57 6.51 4.55 7.2 8.4 10.04 4.13 6.31 5.67 6.25 6.17 10.95 5.44 3.31 3.43 3.29 3.93 4.97 5.69 8.47 4.05 5.79 6.5 7.18 4.14 3.65 8.06 8.94 16.82 7.02
3.5 4.16 2.87 3.3 2.5 6.06 5.98 9.56 9.44 15.13 9.8 6.9 5.35 11.05 4.24 7.1 13.82 21.03 5.81 8.8 9.99 10.07 12.84 19.99 6.94 8.3 5.83 10.59 7.39 4.06 6.29 8.07 10.14 7.27 6.01 6.53 4.74 6.38 7.64 7.7 4.67 5.32 11.55 5.17 3.67 12.35 10.57 4.46 1.76 3.81 6.85 5.48 8.73 18.16 14.75 6.13 5.41 8.55 7.59 5.68 5.92 10.74 10.16 8.21
4.15 3.58 3.74 2.58 3.04 5.86 7.77 11.78 17.49 15.95 11.5 10.03 24.29 19.94 7.64 6.88 11.77 19.95 10.01 9.18 19.66 17.79 13.23 10.04 12.46 8.38 5.97 9.72 9.71 4.73 5.19 7.11 9.42 6.63 13.15 5.53 5.82 3.96 15.29 8.1 7.3 7.1 4.16 4.43 3.85 5.63 11.09 3.99 3.46 5.54 7.43 3.67 5.23 13.49 9.75 4.81 6.76 8.13 20.3 15.34 12.61 9.29 9.05 5.81
3.74 4.0 4.52 6.67 2.82 7.1 8.31 9.66 22.4 8.71 8.07 10.57 15.4 28.6 8.6 8.08 6.19 10.47 10.39 11.73 7.45 31.09 16.83 8.35 8.9 12.53 9.07 15.99 16.3 5.57 5.43 6.95 8.35 6.69 8.47 4.8 4.76 9.2 10.52 5.75 4.98 5.79 4.19 3.11 4.84 4.15 9.63 5.96 5.6 9.26 10.92 7.08 7.31 8.61 5.68 4.09 9.78 9.0 19.69 15.25 8.26 16.55 7.81 5.92
2.59 2.3 6.18 3.62 4.86 4.32 12.04 15.34 25.37 9.32 9.7 17.64 20.75 8.78 14.5 17.12 13.92 6.39 11.61 12.07 9.82 9.49 10.9 5.49 10.5 12.21 14.37 5.25 8.97 3.84 3.47 5.44 6.56 5.87 9.74 4.41 6.42 5.72 6.6 4.44 7.93 6.12 4.38 3.11 4.63 7.25 6.41 9.01 8.72 6.64 9.39 9.09 6.49 6.66 7.05 6.08 8.4 9.22 21.54 12.28 12.36 10.09 8.97 4.88
7.18 5.69 5.82 6.61 6.06 6.0 6.69 11.89 14.19 7.23 5.96 8.65 11.73 17.26 25.81 18.43 18.46 11.97 9.25 6.89 6.19 7.4 23.71 11.21 13.14 13.46 13.01 5.2 6.88 5.63 5.12 3.31 5.99 3.82 7.65 7.6 7.48 4.08 2.98 5.74 6.0 8.31 5.29 5.16 4.34 5.68 6.18 7.56 8.17 9.8 8.1 9.54 8.32 3.98 4.85 6.58 7.63 6.46 12.63 16.06 8.61 8.05 6.15 5.83
5.32 7.73 10.89 7.68 8.56 3.58 8.54 6.26 12.37 8.62 6.05 8.52 14.36 19.57 25.86 20.58 17.88 12.14 12.95 8.19 3.38 6.05 18.61 20.85 24.73 15.29 7.6 5.07 10.58 10.55 11.92 7.39 8.67 9.52 6.47 9.81 9.51 5.94 3.44 3.75 8.64 9.35 9.13 7.49 5.78 14.34 4.28 8.28 11.45 10.56 7.46 5.85 9.08 12.27 6.97 8.11 9.11 6.44 7.55 10.5 7.09 7.2 4.95 3.96
5.58 6.29 11.44 5.45 2.59 4.07 3.91 6.51 8.26 14.43 6.39 5.57 15.09 22.89 15.74 22.43 22.2 17.77 9.43 10.45 6.22 14.18 10.19 18.47 13.47 24.49 9.87 8.94 7.42 8.93 13.91 18.48 7.47 9.54 6.24 7.02 9.87 6.86 4.84 4.84 6.38 13.32 9.78 5.03 4.88 9.15 5.43 4.04 9.82 8.65 5.1 2.93 5.11 6.27 5.09 10.86 12.59 5.22 3.36 5.65 4.25 4.41 3.84 7.33
4.76 7.98 4.98 6.93 2.71 3.22 5.71 1.8 6.97 12.09 9.45 4.98 5.88 10.11 11.78 14.99 36.6 18.84 11.44 9.68 11.11 8.72 11.43 26.12 32.03 24.24 9.99 8.48 11.99 13.56 24.1 11.78 9.93 13.29 5.74 7.92 4.94 6.77 10.04 8.25 9.35 8.34 12.08 4.87 5.23 4.43 4.09 2.39 7.83 11.03 4.19 1.81 4.72 3.83 3.43 7.94 16.07 7.11 4.44 2.86 5.27 5.33 4.94 2.96
4.28 4.7 6.25 5.23 2.38 3.83 2.6 3.29 3.82 10.65 10.19 7.52 4.25 7.75 8.98 12.99 25.13 26.48 15.18 10.67 11.3 10.18 13.36 25.05 17.91 11.81 21.7 18.62 9.26 9.13 15.89 14.56 7.85 7.12 5.29 6.14 7.05 4.01 15.73 11.71 12.29 16.89 16.07 6.99 3.19 5.52 4.72 5.17 8.48 6.16 4.6 1.63 1.38 2.71 4.13 3.11 8.17 4.28 4.18 2.64 3.02 3.72 4.34 4.21
6.65 6.79 4.53 6.37 6.72 4.09 2.87 4.43 9.27 5.55 15.44 6.67 4.48 6.02 15.75 7.23 22.57 29.45 15.91 8.46 18.63 8.71 7.25 14.3 16.39 15.71 19.94 18.26 26.85 9.9 8.96 6.85 6.49 3.12 4.78 3.07 12.22 5.68 9.87 11.24 12.93 12.03 24.83 10.15 5.47 3.26 9.56 7.86 14.27 7.95 8.23 3.71 2.27 2.65 3.67 3.28 6.07 5.55 4.04 3.23 5.53 3.67 6.59 5.29
5.4 6.14 7.25 6.22 7.31 5.31 7.68 6.75 7.18 7.92 9.57 8.17 3.92 5.71 18.68 8.39 12.96 24.79 19.73 11.95 5.84 12.43 5.19 7.98 12.7 39.84 41.61 15.27 19.3 5.35 5.53 5.02 5.15 4.25 5.72 5.77 7.26 3.06 6.0 6.88 21.29 12.71 12.21 8.42 6.48 3.21 8.83 12.05 11.7 7.2 8.51 8.22 4.12 3.5 4.5 7.01 3.52 3.4 3.92 3.0 4.31 5.27 4.83 5.37
4.5 2.67 5.47 5.41 12.54 6.59 7.14 4.45 12.85 6.91 23.07 4.01 5.22 4.98 22.52 11.61 16.51 10.6 16.39 11.18 9.02 5.78 6.87 3.96 24.43 27.5 19.06 12.69 17.32 7.49 2.84 2.39 5.3 4.56 6.6 2.46 5.86 4.53 5.36 4.98 9.41 13.35 15.87 6.63 5.73 2.6 4.42 14.81 9.73 5.33 12.78 5.39 4.06 4.4 3.36 4.33 4.63 4.5 4.74 2.61 2.18 4.62 11.2 3.74
4.97 3.84 6.51 6.14 20.76 5.48 5.51 5.22 4.14 5.45 8.93 8.93 6.05 4.73 6.79 6.69 18.76 16.95 9.84 6.97 8.94 4.34 8.36 6.6 12.51 29.45 16.39 10.31 12.5 5.77 5.62 5.15 6.24 3.05 2.04 2.32 6.02 6.17 3.64 6.8 9.8 8.51 8.83 6.76 4.34 3.29 6.08 26.92 10.01 8.28 9.02 7.46 6.12 5.48 5.25 8.59 5.51 4.57 4.93 2.29 2.73 2.8 8.23 8.14
14.22 8.56 8.34 9.62 12.43 7.35 8.15 6.57 6.49 8.1 8.61 5.41 9.44 8.5 12.23 10.35 13.49 16.82 9.81 10.84 8.7 5.74 7.16 7.61 7.04 8.9 10.18 9.19 6.11 4.58 3.59 3.31 3.44 3.54 2.36 2.64 2.32 4.8 5.46 4.91 7.43 8.36 5.07 5.11 3.44 7.99 10.88 17.42 6.71 7.47 8.02 4.42 4.79 6.56 10.43 17.31 9.57 4.6 4.65 2.34 1.89 2.19 4.06 11.44
15.95 16.38 9.31 9.26 8.69 8.2 5.94 8.2 6.09 7.68 8.3 5.83 4.59 10.81 4.31 14.32 14.49 15.02 12.61 9.95 11.47 9.19 6.72 12.02 7.6 22.09 7.23 15.59 5.44 3.07 5.33 3.21 2.68 1.8 2.84 2.38 2.23 5.14 6.4 7.12 10.13 11.29 7.01 5.21 4.16 8.47 17.31 19.12 12.77 10.9 9.31 4.89 7.43 14.7 10.86 9.87 6.21 5.7 4.19 4.39 2.34 3.02 5.17 10.85
9.16 10.59 10.2 11.4 6.44 11.2 7.71 5.73 6.21 5.31 4.99 2.98 5.0 5.22 5.36 4.11 10.95 5.67 7.08 7.17 7.44 5.56 7.05 7.02 8.3 14.53 14.16 12.8 13.94 4.81 3.97 3.59 2.38 4.39 3.6 1.7 2.62 5.5 6.87 10.0 9.58 15.08 12.07 3.75 5.67 7.11 24.28 11.61 12.59 9.68 8.38 10.28 21.33 12.12 20.29 12.81 7.31 4.64 2.98 1.5 2.67 4.68 5.74 7.91
9.0 10.07 6.12 6.52 3.18 7.26 10.52 6.35 4.4 4.22 4.29 6.07 2.29 3.43 3.73 6.69 7.32 5.91 4.96 4.94 3.4 4.21 6.45 4.74 7.4 7.34 13.53 20.67 5.74 4.98 4.24 4.98 2.85 2.39 3.75 5.14 5.41 6.96 9.75 7.48 7.91 8.42 10.96 8.82 8.84 15.54 24.08 10.7 6.96 8.88 9.43 12.11 13.33 17.16 16.44 8.24 12.57 7.18 3.91 1.98 2.41 5.16 5.73 7.45
9.77 9.77 5.24 6.25 14.81 12.78 7.11 8.2 7.86 5.28 6.46 3.59 3.42 3.09 5.24 5.59 20.57 5.69 8.09 3.23 3.11 4.73 5.07 6.37 11.23 13.0 16.26 27.78 14.94 4.18 3.54 5.07 5.44 3.44 2.81 4.71 7.65 6.07 7.45 7.77 8.69 4.9 8.06 7.06 7.98 8.41 10.67 8.72 6.18 5.87 12.2 6.83 12.98 28.63 28.63 7.59 4.54 6.68 6.77 7.51 7.3 9.31 12.72 9.92
5.71 5.62 10.3 6.92 12.65 13.03 11.12 8.99 9.02 8.93 6.26 4.89 6.53 7.72 9.16 8.19 10.98 19.82 10.25 4.73 5.02 8.96 12.19 9.72 13.38 10.59 10.18 16.61 10.9 6.39 3.73 6.17 9.24 4.66 4.92 5.72 9.1 5.86 6.08 6.67 10.16 5.9 7.81 10.2 11.38 7.66 5.23 5.68 4.38 3.23 3.44 5.69 7.45 23.26 17.05 11.01 5.05 11.28 5.51 9.12 6.21 8.85 11.05 20.28
4.62 5.38 13.43 8.92 7.17 5.9 8.66 5.22 10.27 11.1 10.19 7.33 12.87 8.18 10.1 6.7 13.05 12.09 29.48 6.7 7.35 14.95 12.15 9.58 13.36 15.67 11.11 6.72 4.2 7.62 10.81 10.24 8.19 7.05 4.32 6.62 8.13 10.09 12.4 7.22 8.17 8.39 4.26 8.39 7.17 11.09 8.28 9.03 6.25 5.14 4.49 4.84 5.16 17.48 26.61 20.46 15.37 18.26 12.05 14.64 10.2 19.32 9.91 13.32
5.35 5.18 7.55 7.44 10.28 10.06 7.06 4.49 7.49 13.39 10.51 7.1 7.0 6.62 5.69 15.77 17.18 11.23 11.66 17.64 9.47 16.62 6.03 5.57 6.09 13.58 14.14 5.71 3.26 8.46 9.38 13.91 4.94 10.93 5.61 4.2 9.04 12.73 8.35 7.22 6.03 8.19 6.83 7.56 8.84 11.47 3.41 5.82 7.02 7.48 5.29 6.97 4.66 13.7 13.83 24.13 14.19 25.39 18.47 11.72 10.79 21.77 19.43 22.76
