11.68 8.06 16.82 7.96 3.98 5.91 6.74 5.22 5.4 6.03 9.48 16.92 11.58 30.3 14.84 13.56 16.94 15.5 17.67 9.83 12.36 10.15 7.46 8.59 7.96 7.44 4.62 10.21 7.2 4.77 9.13 6.57 9.13 5.89 2.46 3.68 2.48 2.87 2.83 5.11 8.11 17.14 25.95 9.67 8.45 10.51 6.28 9.14 11.9 27.93 14.04 11.57 5.02 5.91 12.19 29.15 8.67 4.95 4.55 6.13 3.67 4.73 8.68 16.66
10.77 7.35 14.3 9.89 5.61 4.22 3.87 4.66 3.36 2.27 9.4 10.69 8.12 21.7 11.65 11.26 9.09 5.88 10.87 7.62 8.05 4.89 12.49 11.7 11.87 9.38 6.29 6.95 6.97 4.91 10.5 5.22 4.66 4.16 3.26 3.8 3.67 7.68 6.71 7.82 8.66 13.92 23.64 7.53 16.25 8.62 11.92 12.9 15.52 23.47 23.72 14.34 13.77 8.17 16.42 17.69 13.54 6.33 3.11 3.42 3.35 3.74 8.54 9.44
9.66 9.14 10.01 9.3 5.88 2.81 1.94 3.23 2.7 4.08 8.16 8.13 4.92 11.15 7.46 10.09 4.21 3.47 7.71 6.08 6.06 6.51 10.75 13.24 12.82 8.44 4.7 7.55 4.52 5.77 4.8 4.43 3.7 4.52 5.09 6.76 7.94 6.49 5.75 8.52 11.7 16.79 11.17 13.13 13.35 9.63 11.59 9.5 15.2 27.45 14.69 23.65 17.15 7.44 9.73 8.27 13.78 9.74 3.6 3.24 3.74 5.9 10.99 5.62
6.98 5.88 11.85 5.53 5.96 3.13 3.05 3.22 3.84 2.97 4.83 7.81 11.24 11.29 5.54 4.74 2.01 2.39 2.78 5.22 9.23 9.26 5.03 7.13 10.82 5.86 7.8 2.77 3.82 4.44 6.71 6.03 4.43 2.97 7.65 15.5 9.37 4.44 7.94 8.12 9.69 6.27 6.38 8.26 20.74 13.27 15.43 7.2 7.83 16.93 9.36 14.01 22.87 15.78 11.44 8.36 9.6 6.35 7.61 8.54 9.24 9.79 10.95 13.53
15.43 5.91 5.72 6.81 9.84 9.72 2.4 2.36 4.47 5.53 7.58 8.43 3.65 5.28 3.38 1.95 2.98 4.72 3.09 3.62 6.47 7.61 3.52 9.27 5.28 6.75 4.73 3.53 4.04 6.2 7.69 11.73 8.93 8.4 5.08 8.18 5.8 10.36 7.84 4.93 6.6 4.2 8.45 13.27 18.7 14.89 18.54 4.9 12.47 14.93 12.51 15.92 12.63 13.06 18.46 21.47 10.26 7.61 17.18 8.9 11.02 14.07 9.7 11.63
6.15 7.08 5.69 6.7 18.95 7.69 3.23 3.01 6.17 6.88 9.92 9.63 4.48 2.98 3.64 2.07 3.17 4.84 4.8 6.54 7.61 6.29 6.63 7.55 4.68 3.59 4.79 4.79 6.13 6.01 7.38 9.74 15.03 5.2 4.47 4.9 7.68 5.19 4.78 5.61 3.7 5.85 9.41 13.81 11.16 12.52 11.88 8.49 13.87 11.46 9.05 13.95 17.86 15.99 18.38 17.52 6.85 8.96 14.61 11.78 15.34 7.78 6.59 23.44
6.66 8.3 4.6 6.48 12.23 5.99 8.86 6.61 3.91 21.3 16.07 7.18 3.44 6.84 3.72 2.28 4.95 9.98 7.69 14.41 5.37 6.41 10.42 6.42 8.69 6.98 3.82 3.9 3.38 4.92 3.73 6.78 9.62 4.02 3.69 4.17 3.43 2.48 4.75 9.98 3.96 3.9 8.09 9.45 9.09 10.68 8.47 8.2 10.8 7.32 15.0 19.79 13.38 23.25 25.52 16.3 7.52 17.56 19.66 15.19 23.95 12.09 12.17 17.6
10.43 7.88 4.11 6.3 16.29 6.07 20.89 10.08 14.1 25.68 23.46 9.71 7.68 4.37 3.6 1.96 4.8 5.68 7.61 6.8 4.65 5.22 4.53 4.25 6.58 6.86 2.65 1.85 1.97 3.68 2.62 5.73 3.66 6.58 7.74 4.3 5.15 7.67 8.71 7.24 3.25 5.6 4.3 7.36 9.17 7.12 4.84 5.53 12.05 10.45 14.37 16.71 10.91 15.29 20.02 16.38 11.69 15.55 21.05 21.42 18.06 24.96 14.17 53.28
11.54 4.52 3.08 6.57 12.48 13.34 13.39 13.9 22.05 32.92 20.32 13.76 10.88 6.67 2.37 1.99 3.92 5.31 5.97 6.15 1.78 2.86 3.38 3.26 3.99 3.67 1.86 2.0 3.8 5.79 3.6 4.75 5.03 13.16 9.6 7.29 10.77 14.68 13.21 12.08 6.53 7.97 7.39 12.08 5.63 6.41 10.75 3.76 12.49 13.4 12.05 8.18 7.78 7.77 8.53 11.21 15.49 7.98 26.87 9.73 24.64 24.75 23.06 37.62
9.12 4.22 4.16 6.5 11.45 8.46 6.96 20.07 15.95 10.99 9.55 20.02 6.92 2.72 2.62 2.32 5.06 5.19 3.55 5.01 3.34 4.45 3.0 3.73 3.62 3.48 1.49 2.25 4.46 6.49 9.7 9.88 10.9 13.46 4.8 7.07 11.93 9.79 6.99 19.79 12.64 7.54 2.76 6.61 7.51 6.96 7.95 3.76 11.25 5.87 4.24 6.05 5.28 12.76 7.08 10.6 5.18 7.25 19.18 16.49 29.65 29.4 20.04 38.85
2.42 3.81 7.05 6.96 10.54 5.49 5.38 5.96 7.06 11.86 10.26 8.5 4.37 3.73 3.81 5.45 6.31 6.11 2.22 4.35 2.42 2.99 3.03 5.21 2.03 2.0 2.38 2.66 3.51 5.12 9.37 14.01 15.21 7.36 7.87 8.84 8.24 7.83 11.63 11.47 7.55 5.66 5.48 7.09 8.92 3.88 6.79 3.35 7.6 3.8 4.85 11.29 7.73 6.75 5.73 6.38 7.16 6.09 23.8 17.12 18.79 19.3 17.57 60.52
2.57 4.67 3.46 6.26 5.11 4.9 6.38 9.74 3.83 8.3 9.47 5.14 4.79 4.37 5.4 8.21 6.16 4.54 2.72 3.17 1.61 3.82 6.18 5.6 1.89 1.6 2.07 2.87 6.71 6.24 5.39 6.38 4.38 10.09 6.17 12.44 7.61 8.32 7.12 9.3 6.21 9.35 4.5 8.15 5.8 5.66 7.91 5.41 5.77 5.92 8.59 13.38 5.99 9.16 4.58 5.55 5.81 6.75 17.02 9.12 7.85 14.67 17.06 22.26
5.68 7.38 3.9 7.29 3.56 4.82 7.92 9.22 10.73 8.83 7.43 7.35 5.62 4.07 2.82 8.05 5.98 4.01 3.29 3.57 3.18 5.1 6.25 7.98 5.53 2.77 4.7 2.89 5.22 2.6 2.73 3.54 4.23 9.55 5.44 9.56 10.42 6.26 5.82 5.55 5.25 9.52 7.7 6.11 2.91 7.6 5.4 6.2 6.52 8.49 16.13 19.66 10.16 5.18 8.25 4.21 7.13 6.54 22.05 8.1 5.88 9.15 5.4 9.41
6.78 7.76 5.52 11.54 4.62 6.48 15.07 9.5 11.97 7.52 13.45 6.05 5.29 4.61 2.65 5.77 4.32 5.78 2.43 4.39 7.12 9.49 5.45 14.27 5.78 6.52 2.88 4.42 3.6 2.34 2.2 2.34 3.1 6.03 3.89 16.62 10.81 10.32 5.38 6.09 4.64 6.98 5.71 7.2 6.96 11.43 5.1 8.35 8.75 11.1 7.82 13.27 11.91 7.89 7.78 5.98 6.49 10.02 11.73 6.1 7.8 7.97 6.55 7.26
11.49 8.5 7.33 8.67 6.89 10.67 9.42 8.26 22.41 20.3 17.04 13.03 5.77 4.81 3.55 5.54 8.73 5.29 8.47 5.08 7.15 6.19 14.99 17.43 6.38 8.47 5.7 6.66 3.14 2.62 1.9 3.19 4.81 9.22 5.92 6.64 12.18 11.34 9.81 12.88 6.47 6.85 5.12 4.83 4.97 8.34 5.44 11.46 13.62 13.15 5.53 6.75 16.01 4.44 9.98 6.79 9.31 5.61 3.8 5.04 5.42 9.26 6.46 5.77
9.53 14.79 8.17 11.44 10.49 12.58 11.44 14.1 25.09 37.69 32.4 22.55 12.01 17.62 8.03 6.9 7.49 21.42 10.71 11.43 8.31 14.69 9.05 21.08 8.52 12.98 12.11 7.46 4.57 5.06 7.73 7.24 4.32 6.28 6.33 6.64 10.84 14.77 7.64 12.37 5.15 8.36 4.56 3.61 5.62 7.54 6.86 10.75 8.21 12.2 6.6 11.77 14.72 5.69 17.77 5.09 2.61 4.03 3.23 5.61 3.58 5.0 6.42 2.82
30.56 20.04 10.86 16.5 13.08 13.73 19.87 41.73 57.78 48.06 58.18 34.19 13.65 15.3 7.06 7.55 9.58 17.51 19.12 8.02 8.91 11.62 10.45 24.38 12.54 18.34 12.39 11.05 7.24 7.89 9.99 10.3 12.88 3.69 5.06 6.34 12.3 9.31 17.18 5.22 5.4 6.07 5.69 3.86 5.31 10.85 9.79 8.77 6.25 19.83 13.29 16.5 10.48 8.23 6.96 7.71 2.96 2.99 2.74 5.53 4.23 6.07 4.14 3.75
14.44 30.79 14.56 22.07 7.02 13.33 9.2 22.91 48.11 53.39 56.32 24.25 11.57 9.07 4.11 6.77 6.95 13.32 11.98 14.26 7.54 8.36 12.28 19.38 10.29 14.31 19.28 12.96 12.83 11.3 11.13 9.84 6.01 4.88 5.24 8.32 9.11 14.4 15.83 7.3 8.2 7.47 13.94 10.96 10.81 10.31 14.21 17.1 8.2 15.19 14.11 12.84 12.29 11.28 8.3 4.17 4.47 4.96 4.59 3.77 5.91 5.11 7.64 4.14
16.59 17.53 9.25 9.23 4.61 6.05 6.54 16.5 16.25 32.73 23.76 10.14 8.82 4.18 7.71 3.19 4.87 8.71 10.23 14.05 16.94 15.96 14.0 11.74 14.36 20.32 35.52 22.77 13.81 11.2 13.99 10.5 5.61 3.63 4.89 7.97 7.79 15.62 13.91 6.21 10.42 11.08 26.52 15.57 11.64 16.78 8.45 15.57 6.85 11.2 7.93 13.25 11.27 6.89 8.03 5.78 4.87 7.92 7.61 9.18 3.53 4.58 7.01 2.13
6.31 21.77 7.1 6.95 7.96 5.55 4.41 9.2 12.42 20.4 13.36 18.08 13.57 5.96 4.73 2.85 5.18 13.63 4.21 10.47 15.04 26.79 12.46 10.0 13.76 21.81 39.27 27.18 16.22 16.87 6.56 10.86 7.95 4.29 3.74 6.52 13.87 7.98 9.53 8.51 9.5 6.56 35.28 14.07 12.07 8.03 6.0 7.77 4.61 11.16 12.76 7.29 8.6 7.92 14.38 10.25 12.16 7.03 9.73 7.28 6.4 4.39 13.28 8.29
6.6 9.91 8.15 6.81 5.15 2.77 2.77 5.7 14.32 17.79 14.44 15.15 13.99 8.49 6.11 3.43 9.4 7.2 3.19 12.31 14.81 10.2 10.26 19.56 14.19 17.99 20.4 25.98 14.45 16.14 2.03 6.46 7.14 5.18 4.1 5.1 7.66 4.86 4.86 6.62 10.18 11.49 13.42 7.4 13.11 13.15 6.99 8.97 17.41 7.47 13.07 8.89 19.19 9.83 12.85 13.16 11.26 11.73 8.53 8.6 8.3 10.87 12.66 15.8
9.16 11.35 3.58 2.77 2.21 2.14 2.32 11.14 7.42 10.31 8.16 16.73 10.43 9.72 5.74 6.57 9.08 5.52 3.96 11.64 14.91 11.31 15.03 20.92 15.99 15.65 9.4 15.5 15.0 11.19 3.22 7.09 4.9 3.89 5.06 5.1 6.01 2.84 8.34 5.55 10.61 4.82 4.94 3.94 8.86 10.35 11.41 6.62 10.29 5.37 10.96 11.18 28.65 9.12 13.49 10.59 10.69 7.55 8.95 7.12 13.88 11.61 10.98 15.24
8.63 4.59 3.16 1.58 1.82 4.02 3.21 9.42 6.99 18.06 16.31 11.12 7.73 8.67 9.17 12.65 8.57 9.92 4.86 19.33 8.11 12.67 19.82 9.93 7.22 7.99 9.15 9.24 4.5 6.54 4.51 9.05 10.42 5.26 3.35 4.42 4.51 1.84 2.95 3.87 3.64 2.47 2.6 4.79 5.37 4.75 4.57 6.45 5.62 3.37 8.67 8.48 5.14 6.1 12.47 10.95 9.07 6.73 6.9 8.92 10.23 10.06 6.14 8.75
6.84 4.82 3.19 2.39 3.76 6.11 4.58 19.18 8.54 24.96 26.75 12.95 10.94 10.58 11.1 7.12 10.89 11.68 3.65 7.54 13.8 12.48 17.13 5.4 6.29 4.46 4.94 6.26 6.41 6.27 3.22 10.83 4.55 3.41 3.16 2.55 3.35 1.65 2.16 1.47 2.12 2.06 1.86 3.2 9.41 6.92 9.8 3.45 6.41 4.08 7.85 5.38 9.46 11.85 9.71 7.86 8.43 6.93 10.0 7.14 6.12 7.32 11.64 7.24
9.26 13.96 5.76 2.66 6.0 4.98 5.17 16.67 8.77 22.48 17.86 8.83 6.67 10.44 10.37 8.94 6.56 4.5 5.2 6.43 7.28 15.81 8.31 4.44 8.25 6.27 6.28 6.77 7.64 7.28 2.89 7.94 6.82 6.12 2.47 1.67 2.35 2.19 1.47 3.11 2.98 5.4 1.72 6.67 10.27 10.28 10.26 5.57 7.43 7.27 7.73 7.64 10.56 15.34 7.86 4.92 10.2 4.5 7.69 3.57 5.38 4.89 6.98 7.89
9.57 18.26 15.02 4.3 6.58 7.79 6.44 7.4 4.6 14.28 12.61 10.18 9.9 8.79 7.6 5.88 4.4 3.48 5.92 7.79 8.15 8.17 11.79 5.37 11.08 10.13 15.2 8.81 8.71 8.95 6.63 6.03 8.55 5.43 3.94 3.95 3.82 3.77 2.52 2.82 5.3 5.34 2.34 6.87 17.23 10.95 7.11 3.19 5.85 6.2 14.18 11.48 8.01 7.11 2.89 3.8 3.88 2.99 3.5 1.9 6.11 5.27 7.85 14.88
24.46 15.55 14.91 8.16 4.79 6.3 7.85 8.91 7.64 13.46 16.26 7.31 7.32 12.86 6.95 8.34 4.18 7.32 5.5 5.14 3.93 11.24 14.0 11.34 8.04 7.04 10.66 6.62 8.07 12.53 4.23 11.76 5.72 6.18 6.55 6.65 4.29 5.09 6.89 5.34 6.01 4.46 4.82 7.7 8.14 4.89 4.48 3.16 7.18 8.16 13.49 10.54 7.43 3.36 2.62 2.44 2.74 3.0 2.77 3.6 6.78 6.5 10.08 21.32
20.05 30.44 12.83 8.9 7.93 8.89 11.0 10.19 7.03 7.77 12.21 9.66 11.12 8.32 7.42 8.44 5.21 4.67 4.54 8.85 8.65 17.72 17.83 7.23 5.33 7.74 14.3 3.38 5.67 4.95 11.49 9.32 5.81 8.17 18.45 8.18 6.86 8.94 11.32 6.84 4.63 9.05 6.93 6.72 12.49 3.62 3.84 3.95 11.02 18.74 15.68 14.34 7.11 4.14 3.89 1.15 1.96 4.87 5.92 10.61 6.95 6.16 11.99 14.05
10.68 12.62 9.9 16.92 10.52 16.2 10.16 10.9 8.49 9.9 3.24 7.17 6.84 20.46 5.37 10.47 6.98 3.69 6.26 10.49 12.18 14.5 15.56 9.68 6.25 7.18 8.88 3.59 3.73 4.6 10.26 14.47 12.55 10.29 16.46 12.53 22.56 16.28 13.25 11.19 6.95 9.73 19.07 6.63 8.08 4.92 5.08 5.18 9.19 15.58 14.93 9.73 4.82 4.12 3.4 3.0 4.9 5.57 9.14 11.23 9.56 11.3 15.76 10.34
10.83 7.01 5.21 6.89 11.31 11.87 15.79 8.34 15.85 4.86 8.74 6.83 9.19 20.66 12.62 11.84 7.27 10.94 12.54 8.34 12.67 20.88 12.87 8.73 5.35 2.88 4.61 2.36 2.69 3.57 10.95 9.12 9.8 10.09 23.2 22.77 24.21 14.66 15.75 11.47 11.21 8.57 11.78 12.67 13.1 6.61 6.75 6.76 6.26 16.07 12.17 4.06 3.51 2.99 4.28 4.65 4.91 15.84 8.68 12.78 12.56 22.08 19.0 19.35
8.53 5.68 4.28 3.25 5.04 10.7 10.25 12.91 14.01 8.75 6.57 7.04 13.35 31.96 9.53 8.59 9.14 9.26 9.71 7.72 19.04 11.03 15.24 7.2 5.04 4.82 2.63 2.78 2.06 5.25 9.35 9.64 12.0 11.16 18.29 29.64 22.83 13.09 14.58 6.84 11.02 11.02 15.88 9.4 7.2 11.17 7.27 5.29 10.74 12.78 11.05 4.33 8.26 2.66 8.59 5.68 8.63 17.48 17.2 16.99 20.4 28.7 15.1 11.1
7.28 3.81 2.78 3.1 5.12 4.68 17.34 9.08 12.83 10.6 11.84 10.94 9.81 12.84 9.48 9.14 11.71 11.48 7.77 11.12 22.23 14.86 16.37 9.7 7.03 4.28 3.29 3.04 2.79 7.05 16.11 16.81 27.8 15.79 13.2 16.65 16.59 18.84 8.51 9.54 7.07 6.13 11.38 9.79 12.9 13.29 9.17 5.55 7.96 9.55 9.67 7.95 5.84 5.43 7.34 4.18 6.49 14.08 9.67 17.69 31.11 22.43 13.72 10.61
5.8 2.95 3.4 3.14 5.84 3.51 6.8 14.27 26.14 24.88 10.72 10.49 10.67 7.43 10.09 16.41 20.43 10.39 11.52 18.66 17.08 29.85 16.07 21.56 8.8 7.13 2.53 3.41 7.93 5.92 8.45 15.31 45.14 5.34 7.21 9.69 10.66 9.75 9.11 3.85 3.97 7.6 20.53 7.27 19.02 8.2 7.62 12.01 11.41 4.67 13.31 6.45 4.14 4.27 6.64 3.25 3.87 16.45 9.47 9.77 17.19 13.65 11.66 6.94
4.36 3.8 6.33 3.6 2.94 4.02 17.94 15.49 12.13 13.07 7.78 8.66 9.64 6.97 6.49 13.73 17.43 5.51 14.76 22.98 16.56 12.97 11.75 8.99 6.59 5.71 3.03 3.55 5.93 7.38 11.7 11.0 6.32 4.36 5.03 14.22 3.95 5.28 8.82 7.12 4.88 3.39 12.36 14.87 20.46 7.24 5.91 11.72 4.96 3.14 6.71 4.69 5.41 7.6 3.66 4.59 7.29 12.55 13.36 18.24 8.6 7.01 13.95 7.53
3.69 7.73 4.73 4.38 2.65 6.61 11.06 9.13 13.37 11.25 9.01 8.81 10.27 3.02 5.97 12.32 16.47 15.01 9.73 6.79 5.01 7.33 8.5 5.83 9.91 5.38 5.56 4.09 5.03 5.92 21.29 9.37 13.79 3.77 6.84 8.28 4.25 9.79 8.78 6.42 8.22 6.12 9.16 13.82 18.73 9.54 4.9 5.76 5.08 3.93 9.38 2.87 5.79 6.67 11.2 7.98 8.62 13.06 9.15 6.56 7.4 9.97 8.05 4.64
3.59 3.25 5.62 4.52 5.68 7.67 6.49 8.03 14.08 11.43 11.03 10.74 7.98 4.42 6.48 10.7 10.94 19.76 6.47 3.42 3.63 4.29 7.89 5.99 5.66 8.89 8.11 6.67 12.29 15.63 10.07 8.26 12.0 7.21 4.26 9.89 6.66 6.8 8.84 5.17 10.62 8.07 10.19 13.7 20.04 10.73 3.48 6.11 3.24 4.61 3.68 5.39 7.24 8.7 16.14 8.2 6.97 11.5 15.52 6.48 7.55 13.47 8.4 5.77
3.49 2.82 5.01 4.63 4.51 6.37 7.38 9.43 13.76 8.98 15.12 6.95 5.04 4.44 11.94 5.39 12.69 12.86 6.58 4.63 4.29 2.99 9.51 10.12 5.16 9.3 8.37 3.7 9.6 7.81 15.51 13.7 12.52 5.16 3.3 5.24 7.79 7.62 7.45 6.58 12.55 12.68 10.57 8.03 7.33 6.3 8.45 4.62 5.07 4.7 7.0 5.77 9.08 9.05 16.93 3.75 11.0 8.43 10.84 17.67 16.62 19.94 7.4 15.24
3.05 2.27 5.9 6.37 5.42 4.27 5.15 8.38 5.73 9.45 9.72 10.49 3.0 2.79 5.13 11.53 8.65 5.12 4.09 4.16 2.96 2.23 6.22 4.89 3.34 5.57 4.53 6.95 3.07 7.72 12.3 13.38 11.51 3.82 3.57 4.15 6.95 8.61 10.47 7.01 7.16 9.93 10.33 16.43 6.31 4.57 3.26 5.05 4.32 2.6 13.18 10.71 12.53 6.21 7.32 5.15 7.2 9.26 12.06 15.26 20.6 12.66 9.42 11.69
3.58 2.29 3.82 4.32 6.57 6.62 6.54 11.51 12.31 9.29 8.84 4.54 3.85 5.25 5.39 11.77 7.84 7.54 4.32 2.97 1.5 2.13 5.82 6.17 2.31 1.48 5.87 7.42 3.65 8.81 12.93 3.88 8.22 3.75 7.0 4.04 6.66 7.57 17.27 7.83 5.32 7.49 9.44 11.23 5.7 4.37 4.64 5.2 4.04 3.72 11.88 9.91 10.59 4.35 3.39 11.04 8.41 8.41 9.39 7.63 5.24 6.66 14.41 7.29
4.73 7.91 4.43 4.48 7.32 8.87 6.85 12.2 7.0 10.79 5.47 9.63 6.33 4.37 6.72 8.71 7.28 8.66 2.94 2.46 2.45 3.22 3.29 4.11 2.12 4.69 6.78 14.47 6.99 6.77 4.07 2.77 4.13 3.05 5.03 3.29 3.24 4.48 9.58 8.08 5.94 5.89 4.88 8.05 5.77 3.47 6.41 5.98 6.64 7.88 10.92 10.94 11.14 7.83 11.11 6.15 14.56 12.57 7.41 4.99 4.68 4.67 8.5 9.08
6.3 7.37 6.1 8.71 6.9 13.96 8.91 5.79 7.34 6.6 5.54 7.51 8.51 5.99 4.83 5.64 7.43 2.65 2.26 2.48 1.85 2.2 3.69 3.12 2.0 4.28 13.79 4.5 5.1 4.33 3.34 5.2 2.34 1.69 3.93 4.22 4.22 6.77 5.57 4.91 5.13 11.47 7.1 5.76 7.67 5.93 5.76 8.61 10.82 11.22 7.28 17.18 7.57 9.26 7.77 8.73 10.1 10.69 13.88 6.33 8.26 4.58 7.17 9.66
9.04 9.82 4.91 7.47 5.09 13.23 4.4 5.35 6.66 5.82 7.3 8.83 7.82 10.26 4.31 4.19 6.23 2.74 1.26 2.64 2.63 3.5 2.63 4.21 2.15 5.44 5.34 4.34 9.25 3.99 3.15 3.73 2.09 2.98 7.19 4.17 7.11 6.13 5.43 7.11 5.24 13.4 7.45 6.12 6.68 6.89 7.25 11.32 10.89 7.78 5.62 7.92 8.11 8.44 7.28 3.92 6.09 8.86 8.08 3.98 12.26 5.24 15.8 5.11
13.07 7.41 10.14 8.99 7.46 7.95 7.96 5.9 9.8 5.55 6.06 5.18 8.69 11.27 3.15 3.37 4.91 3.53 4.51 4.71 3.8 2.41 5.24 3.37 2.03 11.33 5.09 4.67 5.91 8.02 3.44 6.81 4.61 3.37 4.15 6.07 3.57 5.53 5.12 4.66 6.97 6.12 5.22 3.13 5.03 3.89 7.47 17.34 8.34 3.31 4.21 6.14 3.34 10.92 6.92 6.0 3.56 8.95 10.25 8.33 9.7 4.41 5.18 6.64
15.88 13.84 7.8 19.58 7.9 8.03 13.05 10.68 5.57 4.65 4.73 5.19 5.4 5.79 2.85 4.28 8.14 6.06 5.32 10.06 7.22 5.04 4.18 3.41 3.89 5.1 3.13 8.44 6.24 6.13 8.18 6.34 4.4 1.89 4.73 4.17 5.61 6.34 6.34 5.03 7.01 6.52 3.8 3.61 7.14 4.46 6.76 7.63 7.72 9.18 7.11 4.37 6.19 7.18 7.08 7.06 5.37 4.66 7.83 7.36 6.52 4.59 5.68 4.67
16.35 5.59 8.11 8.73 5.03 7.64 5.27 5.96 4.46 3.63 1.83 4.46 3.18 2.14 3.86 9.81 6.26 6.25 8.29 7.42 7.55 4.78 4.94 4.81 5.23 4.11 3.6 7.07 5.36 5.09 5.07 6.57 4.62 3.13 3.42 3.55 6.26 3.85 5.12 7.22 9.38 10.24 9.82 6.41 4.25 3.03 4.99 15.36 8.03 11.9 5.43 4.97 3.54 5.35 3.0 9.82 5.63 4.78 4.35 7.94 3.25 2.44 4.4 7.8
9.68 8.28 5.57 5.02 3.49 4.92 4.61 2.76 4.24 5.23 5.21 5.41 2.95 5.7 6.12 10.46 8.36 3.93 5.53 10.58 21.41 5.56 6.38 7.4 7.79 8.83 9.67 7.11 4.24 3.91 5.22 4.07 4.56 6.22 6.24 5.16 9.79 5.52 6.64 5.3 13.9 10.36 14.35 7.02 5.34 2.28 6.64 7.79 14.52 8.8 6.47 8.0 3.79 5.45 2.46 3.35 2.72 7.45 10.14 6.81 5.45 4.47 3.83 6.38
9.43 11.69 4.53 3.53 3.43 2.72 4.03 8.62 5.52 5.98 9.18 8.2 7.07 13.8 8.55 6.77 9.9 4.01 4.6 3.74 9.2 14.76 10.27 6.49 12.97 16.7 8.78 13.06 4.98 4.66 8.77 11.25 10.69 6.8 7.26 5.45 6.74 7.68 4.36 7.27 7.68 13.51 11.04 5.81 6.74 9.45 4.59 5.49 12.07 11.5 13.02 7.12 3.61 3.71 2.28 3.91 4.99 5.25 7.86 6.29 10.4 5.41 7.43 8.46
8.11 5.79 5.46 2.97 4.71 3.93 4.43 7.46 8.6 26.3 12.93 13.04 13.52 10.78 8.2 9.2 7.07 2.39 7.0 4.11 11.81 11.86 18.6 5.36 13.3 14.23 13.53 16.9 12.66 8.9 14.2 10.91 11.95 14.78 12.92 9.02 6.47 6.95 6.4 5.22 9.73 5.87 13.84 13.6 24.99 7.9 5.72 5.24 12.86 8.48 11.03 5.03 2.86 3.84 2.19 3.25 6.81 5.79 3.8 4.31 13.04 7.31 12.28 8.82
5.79 6.01 4.17 2.23 3.13 2.65 8.47 7.6 8.49 16.47 10.28 9.7 15.19 11.12 12.95 13.71 4.74 5.34 7.37 7.11 11.17 13.78 6.14 10.43 6.61 10.3 7.3 15.21 18.37 12.89 20.67 14.04 12.57 8.71 6.19 8.96 8.73 6.6 8.12 9.44 11.77 6.64 4.68 11.92 22.13 5.28 8.22 4.3 7.7 2.46 4.92 6.45 4.09 2.47 2.46 5.48 4.98 2.46 5.17 4.37 3.9 5.53 4.65 6.98
4.88 4.16 7.38 7.03 7.02 7.49 9.1 5.53 11.01 16.59 16.98 15.79 8.49 9.01 17.68 14.83 6.67 6.28 10.71 3.94 11.08 7.48 5.51 2.75 2.83 5.78 9.86 9.28 13.48 11.17 22.99 18.18 11.57 9.42 7.87 12.03 10.1 6.16 11.15 8.38 12.87 5.88 8.18 9.76 9.95 2.73 4.35 2.21 4.42 3.38 8.38 4.85 3.32 3.51 2.57 5.19 9.02 3.31 6.15 4.18 4.95 3.48 3.61 15.84
2.86 2.99 6.56 18.07 6.5 18.7 9.42 8.32 7.19 16.94 12.03 6.26 9.33 11.26 12.47 13.05 6.57 7.21 6.31 4.72 5.46 7.71 4.35 3.78 2.03 5.39 16.94 5.9 13.55 8.95 26.61 9.94 8.78 9.55 9.33 18.34 6.61 7.71 7.88 10.01 17.64 15.66 13.79 5.19 6.54 3.88 4.4 3.34 5.74 4.49 8.19 7.54 5.7 5.58 4.31 4.11 8.32 7.18 8.81 2.69 3.12 2.67 5.14 10.77
4.7 4.48 6.69 5.32 10.84 8.28 6.99 6.44 6.98 8.8 6.25 3.52 4.44 4.38 9.32 6.94 5.77 7.17 7.02 6.29 9.53 6.79 7.08 5.08 7.69 7.49 14.52 10.01 11.26 13.06 29.34 5.69 12.59 8.92 8.6 7.69 4.29 5.8 9.98 6.41 10.53 10.41 13.33 6.89 6.69 6.94 3.65 6.62 6.17 7.09 5.9 10.67 7.67 4.64 2.83 3.52 9.85 6.9 5.92 4.1 2.49 2.71 4.05 9.82
4.36 7.77 5.19 7.4 6.44 8.21 6.31 4.42 7.48 8.17 6.67 4.9 4.63 5.01 4.95 8.04 10.12 7.05 8.46 8.57 11.06 11.44 11.63 4.89 12.58 12.18 19.26 9.03 12.67 13.97 12.68 14.22 10.04 5.73 3.34 5.47 6.47 6.53 7.17 7.71 7.79 11.55 10.4 5.36 6.4 4.88 5.99 7.15 8.0 5.9 13.8 8.77 4.03 3.82 5.02 3.45 11.54 8.19 5.16 3.8 4.68 2.53 4.06 7.79
7.76 5.29 6.58 9.23 7.82 4.44 6.6 3.3 7.43 10.83 7.86 6.85 6.16 4.61 4.56 7.89 17.16 10.08 12.37 5.91 16.49 16.09 9.02 8.06 8.53 6.5 16.21 10.42 16.79 19.21 15.18 10.6 5.97 5.73 5.49 2.91 6.79 6.04 10.51 8.59 5.28 8.88 4.65 9.37 4.31 4.54 5.6 14.33 11.44 9.82 11.65 9.45 10.4 3.64 7.15 4.81 11.49 7.96 4.44 7.48 2.73 3.55 4.49 7.24
11.5 8.11 9.24 6.66 4.41 7.51 8.21 6.31 17.24 8.79 7.19 12.62 9.71 10.74 6.39 13.61 8.63 13.63 11.61 8.03 19.03 34.74 12.54 17.66 19.21 7.13 14.95 11.84 29.66 11.89 16.72 15.41 7.76 6.14 11.72 8.05 9.03 9.13 17.23 10.03 18.08 4.71 4.35 4.15 5.84 2.58 5.55 17.37 18.67 9.3 13.27 10.13 10.14 8.5 5.29 4.42 7.08 9.01 7.5 6.12 3.27 1.8 2.96 5.48
11.49 7.56 12.71 13.78 7.6 9.81 7.26 7.99 13.12 4.73 4.95 17.9 24.73 11.85 14.53 7.86 10.44 11.04 16.65 15.46 18.3 37.2 13.39 16.87 14.26 15.32 12.86 9.68 20.21 11.07 8.32 10.75 12.04 6.21 10.39 11.32 26.1 19.91 10.18 8.52 12.59 6.96 4.19 5.71 5.2 2.81 3.43 6.98 8.05 5.65 12.91 9.93 7.28 4.63 3.87 4.68 5.06 10.51 5.8 10.31 2.98 3.64 3.68 4.73
7.2 8.88 17.71 15.06 14.14 11.04 13.43 14.64 10.45 11.08 8.74 22.56 35.19 21.27 14.84 10.71 15.94 18.5 19.08 16.09 12.46 19.41 23.74 20.41 18.9 5.47 10.02 8.12 16.98 8.18 9.83 6.38 11.85 10.47 16.64 15.78 16.49 20.65 21.55 17.21 17.61 8.4 9.62 3.66 7.76 5.48 7.21 5.52 4.31 4.28 6.27 3.68 5.42 7.66 5.46 10.3 8.83 10.81 6.73 9.32 9.78 8.79 11.29 8.12
5.88 11.23 19.91 22.88 9.35 9.59 11.09 8.07 12.03 14.18 18.5 23.71 27.5 23.17 19.38 11.92 13.3 21.32 17.84 29.5 17.29 18.33 8.25 11.29 15.12 10.15 10.12 9.08 20.65 10.85 10.92 5.54 9.61 12.3 16.11 16.35 10.67 18.61 35.88 19.42 10.1 15.23 7.44 7.2 9.23 6.53 4.99 7.94 2.99 2.82 3.85 3.48 4.39 9.16 6.37 9.07 8.91 18.82 13.65 8.37 4.99 8.71 8.32 7.45
7.02 12.48 13.57 15.44 9.77 8.7 7.58 6.78 27.24 11.54 15.89 10.52 41.86 27.78 20.57 14.55 21.47 15.43 12.76 29.32 27.15 17.16 16.18 12.21 21.99 14.69 20.77 9.04 19.81 29.57 14.45 21.68 10.91 7.1 9.91 10.28 10.99 11.53 21.71 11.92 13.29 4.23 4.96 4.27 4.94 4.81 5.89 8.5 4.28 3.69 4.04 4.27 8.65 4.43 5.16 8.19 13.32 11.49 7.84 6.21 4.68 8.14 11.4 22.29
8.55 9.79 14.16 10.03 6.22 7.03 7.16 9.06 17.98 15.97 18.08 9.62 18.3 23.94 38.19 27.35 24.71 22.95 13.81 19.03 18.5 24.24 12.48 11.56 47.07 25.48 15.95 13.39 9.91 13.07 8.56 19.41 8.34 5.07 4.97 8.29 5.9 10.21 7.29 8.59 8.06 4.09 4.36 8.66 4.34 3.01 5.13 9.74 7.05 6.42 6.87 6.58 9.62 5.69 6.02 6.97 12.73 9.98 3.6 6.18 6.26 9.49 18.03 29.83
6.73 4.9 11.84 3.72 6.82 7.3 15.12 17.27 16.27 9.39 6.73 5.79 13.04 12.91 36.6 24.06 20.96 16.99 19.87 21.67 16.13 16.13 18.48 11.73 27.71 20.64 10.43 7.7 8.72 9.12 6.83 8.33 9.11 4.08 10.15 6.41 13.34 7.53 5.95 6.18 5.0 5.37 4.57 7.88 3.36 4.86 8.52 15.52 16.64 9.42 4.59 8.44 10.92 7.36 10.51 8.98 8.39 4.55 6.41 7.18 4.31 11.88 14.78 25.96
4.86 6.07 10.12 3.18 5.02 10.52 21.98 14.26 8.88 12.14 16.42 8.79 9.13 11.1 17.97 15.55 15.71 24.58 15.15 15.05 14.83 15.54 15.84 10.57 17.19 20.83 18.16 12.68 5.6 10.72 7.26 10.66 8.41 13.47 8.19 6.33 15.08 9.35 10.38 5.85 5.32 3.6 4.18 9.44 3.25 3.5 9.96 9.71 16.02 7.19 5.6 5.09 2.53 6.83 12.39 9.31 4.31 3.5 3.12 6.4 6.9 16.04 11.15 16.38
4.27 3.91 6.4 6.81 11.41 9.13 8.28 10.07 12.49 10.34 16.73 6.59 13.59 6.26 14.86 13.38 15.45 15.3 24.61 6.97 10.25 21.66 20.72 6.93 14.45 20.75 15.34 9.07 18.01 7.99 6.38 6.78 5.5 5.9 6.64 3.73 9.23 8.47 9.16 3.79 3.45 7.62 3.26 6.68 3.18 6.42 7.96 14.13 10.37 5.43 3.96 3.83 2.0 4.89 7.69 6.89 5.58 3.35 3.22 5.35 9.05 25.17 6.51 12.99
6.18 5.66 5.74 8.91 7.91 10.95 5.87 6.42 10.39 17.29 11.03 9.45 13.9 6.8 12.54 11.88 7.96 8.57 14.9 13.25 12.04 9.26 11.7 8.26 23.08 23.0 15.75 14.24 15.09 10.86 10.03 4.19 3.27 3.5 5.94 4.48 7.04 9.58 7.21 7.52 6.88 6.28 7.07 8.03 4.02 9.16 13.73 16.93 13.36 10.8 4.8 7.91 4.19 8.54 4.93 4.41 9.88 4.54 7.09 12.05 20.59 15.93 15.13 13.23
