5.73 8.57 5.87 5.25 7.8 19.36 19.6 16.4 12.81 10.45 5.77 4.65 9.0 7.97 12.43 13.81 14.7 5.05 3.25 7.01 10.21 8.73 3.34 6.62 6.28 6.24 14.6 6.41 5.88 18.06 39.17 14.37 13.36 15.02 11.82 12.46 8.07 8.41 9.16 6.03 6.47 7.05 4.88 6.41 13.42 7.51 7.77 5.14 6.35 3.61 4.29 9.42 8.77 4.2 5.75 9.32 4.44 3.81 4.04 3.25 5.94 5.34 5.23 3.96
6.73 12.68 8.52 7.51 14.41 12.05 13.26 13.34 14.81 10.14 11.09 13.26 14.59 10.28 10.44 7.44 10.54 3.93 6.11 8.51 6.77 4.89 11.18 4.97 10.63 18.3 19.11 18.71 16.36 45.86 45.87 32.07 16.92 10.32 9.95 12.38 10.78 18.24 10.37 5.66 3.52 3.05 1.02 3.79 7.78 14.32 13.04 9.82 4.58 5.28 6.22 6.89 7.2 6.33 10.89 4.88 3.92 4.72 3.66 2.24 4.41 7.83 6.49 4.71
5.54 11.17 7.38 8.35 12.91 5.92 6.13 13.17 12.17 16.81 15.74 10.28 6.89 10.14 14.03 10.64 5.73 6.42 5.6 8.44 9.45 4.82 9.18 10.66 14.24 16.4 15.39 8.94 28.19 20.47 18.07 23.54 8.23 6.91 12.58 23.09 13.77 14.75 8.35 2.86 3.2 2.45 2.18 5.64 10.41 39.88 26.32 9.05 4.73 4.58 4.92 5.69 7.5 5.33 7.29 3.25 3.9 4.9 5.66 3.82 10.09 7.24 4.05 1.87
5.18 10.39 6.84 6.0 6.84 7.61 5.73 8.63 13.28 9.64 6.42 4.5 9.91 14.94 20.18 10.22 4.1 4.66 9.74 14.34 8.57 6.05 6.27 6.51 17.59 10.85 12.44 10.73 10.14 10.14 18.37 22.99 15.87 12.36 20.83 21.93 14.09 12.05 11.7 3.71 4.07 5.28 3.96 9.41 15.71 25.56 24.74 7.58 3.6 4.88 4.32 10.27 7.11 6.11 4.96 3.99 5.03 8.81 4.45 6.39 6.53 7.21 4.22 1.64
6.3 4.5 9.46 8.61 6.1 8.27 8.6 5.58 6.18 9.99 6.75 3.06 7.46 11.51 7.82 2.42 2.94 7.58 10.45 18.32 14.57 7.14 4.46 7.49 8.17 13.42 8.84 16.12 12.65 10.33 22.5 29.66 11.13 13.69 17.37 13.85 20.84 8.69 12.65 6.14 5.23 6.89 5.56 4.82 8.69 22.3 13.05 10.96 6.11 4.97 10.04 6.1 4.92 5.15 5.29 5.02 4.9 7.96 2.85 6.38 3.57 3.88 3.46 2.51
14.37 14.36 5.76 7.08 3.89 9.79 11.41 18.5 16.7 8.53 7.49 4.95 6.83 4.73 4.2 4.55 6.33 17.9 26.64 20.57 6.96 6.95 8.97 8.89 7.76 6.25 10.45 15.62 18.26 16.31 12.73 18.71 10.93 19.06 16.72 18.55 36.14 24.3 14.38 12.65 9.02 5.98 6.1 9.61 6.83 6.1 12.76 4.59 5.18 4.46 4.15 4.06 3.67 3.61 5.75 4.21 5.76 8.13 6.12 6.37 3.68 3.6 3.61 2.36
18.68 11.22 4.18 3.5 7.14 10.22 9.91 19.33 9.59 7.0 7.53 5.37 4.86 7.49 4.18 5.93 17.83 19.61 20.59 20.62 8.3 12.74 9.87 7.37 7.75 11.51 10.16 21.6 20.22 7.73 6.65 13.11 8.31 17.79 22.36 12.02 15.79 14.89 21.02 12.43 9.68 5.78 5.23 6.18 6.13 2.27 5.97 9.51 4.95 6.53 5.18 3.32 7.6 3.83 4.08 3.5 2.6 5.36 8.59 5.01 3.09 2.76 3.34 1.86
10.33 14.44 6.23 5.68 7.05 9.9 7.66 7.77 10.71 4.29 5.11 6.18 4.88 6.26 4.97 7.48 12.8 25.96 13.46 35.14 20.15 17.27 18.77 8.47 12.29 7.47 9.74 8.14 13.68 10.34 5.52 7.54 8.18 13.75 13.3 6.54 10.97 7.86 14.87 11.19 15.09 12.32 8.3 9.16 6.33 3.62 2.91 12.19 10.07 12.26 5.95 5.21 4.17 1.56 2.76 2.84 4.4 4.07 11.53 3.84 2.05 2.3 3.07 2.42
8.08 19.52 9.34 3.36 5.97 5.5 4.38 6.25 5.4 6.96 7.36 5.3 4.06 4.5 5.74 5.32 14.01 12.33 15.3 13.88 13.27 18.67 13.64 11.2 6.7 7.12 6.65 6.66 8.51 11.06 13.7 8.86 6.97 7.85 10.43 9.18 12.43 16.23 13.26 11.49 10.49 10.85 10.23 11.54 6.97 3.35 3.89 6.09 8.56 6.42 5.39 4.36 6.02 1.64 2.2 5.54 6.8 11.29 4.75 2.95 2.61 2.7 3.92 3.44
9.51 8.49 9.72 6.21 8.21 6.3 5.1 7.55 11.1 11.1 4.92 4.67 3.74 4.83 11.21 6.63 15.08 10.06 7.81 10.36 11.07 16.03 17.06 7.51 8.34 7.42 8.52 7.77 7.02 16.08 18.95 11.92 11.79 15.96 12.7 7.27 8.42 8.48 10.13 6.74 6.44 9.21 9.43 12.01 7.48 12.49 10.51 8.9 6.53 8.08 6.45 4.53 4.56 1.74 3.33 8.46 8.72 6.46 4.71 3.16 5.95 5.13 3.35 5.78
11.15 9.05 4.9 6.38 9.51 6.43 4.08 7.92 5.59 6.67 6.01 7.8 5.45 3.66 10.97 12.06 9.57 12.66 15.15 13.67 12.41 14.76 16.57 12.36 5.04 4.66 8.79 9.32 8.85 6.6 17.9 13.0 18.12 27.26 8.37 5.12 7.75 16.38 6.91 5.27 8.28 11.21 14.35 21.79 17.41 17.07 8.41 17.5 9.73 4.89 5.41 2.59 2.0 2.26 3.14 3.72 5.96 6.19 9.41 7.26 7.25 11.59 5.87 4.01
14.46 8.79 6.04 4.38 4.04 4.88 8.58 5.03 4.73 5.55 10.77 13.3 6.7 4.26 3.84 3.45 7.61 10.33 12.94 20.66 27.87 14.39 13.77 7.83 5.36 4.06 8.14 11.73 11.85 12.03 24.97 32.94 10.26 12.66 14.45 8.78 12.89 24.73 20.27 8.0 12.42 16.37 9.44 16.47 13.66 21.04 17.54 19.62 11.23 7.56 4.13 2.55 1.4 2.19 2.0 2.52 4.41 6.95 4.01 5.86 6.14 7.52 5.91 7.02
10.04 11.99 6.82 2.76 4.4 3.92 7.34 6.1 4.8 7.01 12.7 15.37 6.95 2.38 1.13 2.68 6.85 10.64 13.93 10.66 14.3 10.19 10.72 16.26 6.11 10.92 8.68 29.64 14.18 13.71 20.97 17.97 10.32 17.4 8.91 7.97 12.51 22.48 14.42 9.61 13.82 22.41 17.25 9.73 11.65 12.52 12.03 34.33 15.45 7.57 4.25 1.41 1.62 3.77 3.71 2.42 2.99 6.25 11.19 14.72 11.47 17.06 7.73 6.03
8.28 6.15 3.36 3.9 3.17 5.89 2.55 6.72 8.35 9.46 12.31 16.3 7.12 3.61 3.92 4.39 11.22 8.58 11.27 11.04 14.0 17.35 12.46 24.97 15.59 37.72 15.18 15.81 18.14 8.12 13.6 10.11 8.18 9.72 5.62 4.82 12.99 14.01 16.51 18.35 10.7 19.13 20.29 7.69 6.67 7.81 21.13 14.44 9.34 2.9 5.72 2.67 3.22 8.61 5.97 2.58 7.1 9.23 5.56 31.12 27.02 21.12 11.46 7.27
5.42 8.93 5.41 3.22 4.14 3.53 5.09 5.39 7.93 13.53 7.24 7.63 5.64 6.47 4.99 5.71 6.12 6.58 9.31 5.46 32.47 26.31 16.13 33.8 21.81 13.41 10.43 23.64 21.39 15.46 9.53 3.42 4.57 4.92 4.91 5.39 8.48 15.0 19.11 17.42 10.13 16.14 15.59 12.01 17.88 15.51 12.49 24.28 10.52 7.33 6.93 4.87 8.63 8.43 8.43 3.84 5.75 6.75 4.05 11.14 10.7 15.75 18.29 9.14
8.9 10.56 5.6 4.0 5.34 8.21 5.49 6.66 5.54 19.5 17.41 6.07 6.7 7.09 4.91 5.55 10.36 8.5 8.28 7.67 11.01 20.11 10.97 14.05 21.76 19.89 16.3 29.18 17.38 4.78 5.63 1.57 1.29 3.64 4.08 5.53 13.28 10.71 12.42 12.03 13.04 13.53 15.47 13.56 31.31 13.47 14.2 21.6 11.43 7.91 11.46 8.63 8.23 10.23 4.56 2.94 8.43 5.43 4.81 6.94 25.08 19.79 30.23 11.6
4.08 5.53 7.14 3.55 4.5 7.05 14.23 8.02 9.14 18.1 16.59 8.07 8.31 8.77 4.65 5.53 10.17 11.59 4.82 4.5 14.77 10.59 9.13 14.8 10.67 12.64 17.14 17.56 13.5 4.73 3.86 3.15 3.79 2.14 9.12 6.82 12.97 16.88 10.3 5.87 5.85 6.62 9.66 10.34 17.2 19.77 13.94 13.52 9.82 12.0 9.46 7.33 5.74 5.92 5.61 4.51 7.61 7.57 5.53 12.89 16.71 23.22 16.93 10.24
4.29 6.72 6.62 4.27 5.98 10.35 8.94 12.62 11.98 13.22 12.04 6.59 6.01 8.19 10.39 4.42 4.26 6.4 3.67 3.78 12.08 13.31 9.29 5.35 5.39 5.12 12.61 9.67 9.94 8.73 4.84 6.0 6.32 3.23 4.13 10.46 12.57 8.88 8.44 7.29 7.72 5.46 6.7 15.97 14.71 8.86 22.58 24.95 12.0 10.56 6.74 3.77 6.5 8.7 7.97 5.0 3.87 4.73 5.57 5.09 8.31 19.73 15.0 8.67
5.2 3.04 6.63 5.94 8.66 13.05 7.04 11.51 12.47 15.11 10.66 9.41 8.86 7.41 8.89 2.65 3.43 4.69 8.33 7.75 13.85 4.4 2.77 4.04 4.18 10.46 5.81 5.71 8.45 7.76 4.73 4.23 3.73 1.74 6.65 6.21 11.61 14.61 8.42 14.26 10.37 13.27 11.05 18.51 13.34 11.57 9.34 16.7 16.89 8.35 9.31 9.68 6.4 6.93 9.37 13.44 4.73 3.12 4.51 8.42 4.79 18.97 28.15 16.72
3.26 2.61 7.58 9.74 7.63 9.27 6.09 9.54 7.65 13.89 7.99 4.05 2.98 5.77 12.1 5.39 3.43 4.9 5.57 9.19 6.58 4.13 2.19 6.42 12.06 6.7 5.63 4.36 11.29 12.45 6.74 7.14 2.77 3.26 4.2 8.33 10.94 11.7 6.48 13.92 18.24 13.56 6.83 13.63 11.32 10.49 7.43 12.71 15.16 6.0 4.92 8.46 4.83 5.11 14.65 10.82 6.51 5.24 5.74 4.78 4.9 6.13 10.99 8.22
2.97 3.69 6.77 11.28 8.56 7.91 4.62 7.52 11.23 11.84 6.15 3.0 4.41 6.22 7.26 8.02 6.02 8.6 5.21 6.46 2.5 3.16 4.15 4.99 14.14 13.82 5.75 4.65 8.43 9.56 4.66 11.02 3.34 4.07 8.33 10.04 8.48 13.96 9.0 13.59 31.32 14.2 9.46 8.68 11.96 10.8 14.07 20.57 9.36 3.95 2.77 4.3 5.55 6.31 7.72 23.08 17.88 3.71 3.11 5.77 7.84 6.75 6.13 12.61
4.88 6.44 9.04 7.78 7.43 9.15 7.51 11.25 11.42 11.94 5.46 3.34 4.65 7.23 8.35 7.64 10.73 8.95 5.38 6.11 4.01 4.14 4.0 9.74 11.99 11.26 5.12 4.27 6.9 9.8 3.62 5.7 4.35 5.22 7.37 6.99 8.89 14.76 17.31 7.09 13.51 14.37 5.0 7.04 11.75 19.28 18.61 23.87 12.55 2.42 2.32 2.49 5.52 8.76 12.02 22.79 17.48 7.19 5.94 6.76 3.68 4.57 8.52 16.47
11.37 17.17 12.94 6.83 4.45 9.68 11.34 11.48 11.51 5.23 3.03 4.24 7.16 4.71 9.7 9.59 10.31 14.59 7.0 3.22 4.73 8.16 6.55 7.99 14.33 10.07 9.49 5.44 5.39 17.36 5.56 2.81 3.8 5.37 4.72 5.53 9.58 18.12 8.91 8.48 9.37 7.52 7.86 13.77 30.44 26.7 26.13 32.98 19.5 6.04 4.5 4.27 6.85 10.07 15.92 10.73 12.31 8.4 7.95 4.8 2.59 2.78 4.43 8.18
13.52 6.32 14.61 9.64 5.6 10.15 12.81 16.77 9.17 10.28 6.82 7.47 8.66 4.19 8.2 6.7 8.13 15.0 8.09 4.28 6.35 8.17 3.37 7.15 8.03 8.5 10.33 6.68 4.4 5.97 6.73 3.05 4.02 4.88 6.1 6.96 5.68 10.03 11.06 3.57 7.03 7.32 10.05 16.39 34.1 30.25 23.76 18.92 24.79 10.97 5.51 3.56 6.09 8.45 14.59 11.15 8.05 7.14 7.35 6.36 5.19 2.74 4.25 10.75
5.12 8.29 12.81 7.4 7.78 9.88 11.22 10.79 21.85 10.33 8.82 5.96 11.44 8.49 11.07 11.57 5.84 9.24 7.82 7.69 9.84 4.39 6.05 7.15 13.75 7.56 19.63 5.54 3.99 5.81 6.46 4.8 7.22 7.93 10.8 5.32 5.56 4.16 7.93 5.9 7.13 4.72 9.4 12.14 11.3 15.19 17.4 21.27 16.8 16.58 4.6 8.03 6.91 9.35 18.29 11.07 14.56 9.15 6.27 6.74 4.73 6.66 3.74 8.82
10.11 6.82 10.05 7.98 7.5 8.71 9.2 17.38 33.39 9.0 6.63 7.15 18.95 6.04 16.21 14.7 6.02 3.63 3.45 5.43 5.0 4.37 4.51 6.65 11.43 8.44 8.4 4.42 5.69 4.76 4.23 4.42 5.65 6.1 5.83 11.94 8.78 10.71 6.27 4.72 7.37 6.59 12.93 16.97 13.14 10.74 15.19 14.84 17.42 19.46 6.69 15.2 9.09 9.82 9.5 8.0 8.22 6.62 4.1 6.4 4.59 3.52 9.95 9.54
10.06 14.25 15.3 12.76 7.94 18.24 12.03 21.39 34.64 27.83 8.96 7.02 18.38 16.13 10.44 13.47 10.01 5.05 2.4 5.63 9.87 2.13 4.2 7.0 9.63 5.13 11.86 7.6 4.63 4.76 3.09 4.58 6.03 4.72 6.42 7.13 13.23 10.65 7.53 4.43 5.23 9.28 7.36 16.41 22.86 14.99 10.05 12.86 19.22 18.9 11.05 14.26 6.35 6.72 16.85 7.41 9.96 6.15 7.08 13.08 5.83 8.36 5.73 12.71
8.2 14.13 17.75 8.52 8.82 21.37 7.59 15.81 28.32 21.7 8.83 7.36 8.18 14.41 9.93 14.32 26.87 9.47 2.44 4.33 6.74 6.28 4.14 6.75 12.27 8.38 13.81 15.99 9.08 4.05 2.91 4.11 9.07 10.88 6.59 4.92 6.92 12.89 6.04 5.25 5.09 9.36 7.83 8.71 6.1 5.71 6.88 10.41 11.76 13.03 7.49 8.63 4.51 6.14 10.73 6.8 4.23 4.43 5.71 14.46 6.34 6.97 5.46 6.77
12.66 15.4 17.11 4.58 2.68 12.49 13.34 19.76 21.01 34.75 9.64 8.31 5.98 13.04 12.53 15.35 16.32 10.1 2.1 5.77 4.87 5.55 4.8 7.41 8.61 7.31 8.91 13.93 11.42 6.52 4.16 5.71 8.0 8.74 16.03 9.92 10.16 11.67 7.3 8.26 8.64 10.96 7.22 8.73 11.86 7.34 7.09 5.7 8.45 11.37 9.67 8.82 2.94 3.84 5.25 4.0 4.87 6.77 11.02 10.65 11.11 4.72 7.22 14.29
11.03 29.97 10.16 2.18 4.16 9.25 13.2 15.79 12.27 8.78 13.55 8.32 8.93 12.39 11.44 11.49 9.77 5.42 3.96 3.42 2.23 11.18 7.95 6.96 5.72 8.31 7.66 8.87 8.2 9.14 3.88 6.01 5.74 8.1 5.77 12.4 5.42 8.33 12.81 9.06 9.13 5.05 6.66 5.96 10.0 8.32 18.33 13.87 10.43 12.23 14.14 10.64 6.06 4.1 5.95 7.65 8.21 11.39 23.71 15.64 12.23 8.62 7.18 14.0
8.09 11.4 7.57 5.11 4.87 4.8 8.26 11.05 5.31 4.28 13.35 8.23 4.69 4.67 7.42 9.21 9.2 4.94 4.32 10.7 3.03 10.62 15.09 9.47 11.28 13.41 6.51 8.26 12.66 11.35 6.96 9.56 5.24 12.6 10.11 10.38 10.91 12.68 7.29 6.61 7.48 3.91 4.33 5.35 11.43 8.72 27.42 12.43 16.3 13.69 25.62 17.42 8.58 5.37 8.11 7.06 7.76 10.28 23.18 16.2 19.54 9.94 11.55 6.76
6.82 7.28 15.93 6.93 6.93 5.38 10.11 10.54 4.71 6.74 8.16 9.44 4.97 4.26 4.64 5.3 9.85 4.26 9.27 4.65 7.18 5.8 11.06 11.87 4.32 3.92 7.81 18.69 16.74 8.89 13.1 11.54 12.02 8.76 11.79 13.73 8.76 12.27 8.98 6.86 8.54 5.57 3.46 8.34 6.17 8.96 14.57 10.68 14.49 11.08 14.12 11.31 17.1 9.03 12.38 8.41 5.92 12.87 13.12 10.04 18.26 10.76 8.35 6.83
18.59 12.67 18.12 15.86 11.83 10.01 8.72 5.34 8.66 8.56 11.61 11.79 8.39 2.43 8.04 7.52 9.47 7.35 10.36 5.86 6.23 10.9 6.6 8.68 6.12 3.19 9.58 18.51 20.43 8.81 21.01 13.47 15.48 14.58 4.78 5.77 8.34 6.9 7.85 12.64 11.55 7.68 2.96 4.05 5.11 4.98 10.84 9.48 5.36 7.46 9.82 14.71 8.28 16.13 12.96 13.28 11.96 10.03 10.95 8.4 9.77 9.04 12.45 6.46
30.43 14.53 24.54 11.06 9.56 5.9 4.99 2.21 6.67 6.4 8.63 21.12 8.35 2.74 4.61 10.03 14.9 10.98 8.92 3.94 5.15 10.24 6.43 7.6 4.56 3.32 7.63 12.48 18.53 11.68 35.99 13.3 13.64 6.87 3.64 3.48 4.97 7.99 4.98 5.48 7.65 4.99 5.06 6.94 12.79 10.79 5.11 6.06 7.69 8.74 6.05 14.2 7.95 9.3 8.68 18.04 7.29 10.88 6.85 16.41 11.72 6.54 13.54 4.06
26.27 19.18 9.68 23.51 10.27 5.07 4.57 3.3 6.0 4.5 3.9 13.41 9.57 5.54 10.61 10.61 6.43 6.38 6.03 3.43 4.47 8.18 6.06 2.77 5.34 5.15 11.33 12.54 19.98 13.12 19.54 11.09 6.8 7.58 2.07 2.78 4.42 2.49 3.25 6.49 14.48 13.98 10.43 8.23 11.1 10.28 9.75 9.31 8.9 13.96 9.09 11.49 8.61 12.15 5.97 7.53 5.62 9.29 11.77 12.12 7.39 8.6 5.11 3.12
10.12 9.66 12.82 14.6 6.43 3.67 3.01 2.73 3.77 5.11 5.67 6.43 6.76 16.6 12.5 4.78 7.69 5.52 6.58 6.43 5.57 5.03 2.39 5.45 7.07 6.04 6.77 10.97 16.94 9.82 13.83 5.77 5.71 2.97 3.56 3.74 2.07 3.13 3.63 8.86 7.55 17.09 13.09 6.5 8.23 12.33 7.05 6.35 11.57 17.56 7.75 5.18 7.28 9.33 3.33 7.26 9.11 12.69 6.7 22.18 9.56 6.27 10.93 6.39
12.0 12.11 8.25 7.37 5.63 3.96 1.88 2.55 6.58 14.72 5.48 15.02 7.58 15.45 17.07 11.09 7.55 8.04 4.88 10.98 4.88 2.32 2.03 4.02 7.3 7.26 6.4 8.36 6.45 9.5 10.56 4.07 3.76 5.47 2.73 4.15 3.12 3.06 8.03 6.99 4.07 12.69 14.09 11.82 12.42 7.4 4.52 4.79 8.27 8.26 12.77 5.76 7.56 5.65 3.21 4.91 8.01 10.33 14.42 9.13 7.88 7.11 12.39 8.31
9.71 7.36 2.67 5.57 7.74 5.94 6.27 5.41 5.28 9.18 5.51 4.97 5.17 7.89 9.26 14.15 6.87 7.99 8.91 3.98 3.13 6.54 5.0 7.73 9.43 10.06 5.59 7.23 4.25 4.31 6.39 4.07 5.41 5.33 4.44 6.41 4.27 2.21 4.7 8.66 6.66 7.68 17.47 6.92 9.48 6.08 3.6 2.66 7.66 7.62 18.04 13.06 4.18 4.42 5.15 5.06 5.89 5.91 6.72 10.27 12.2 6.23 5.97 3.94
5.09 6.7 2.75 6.18 11.09 6.99 6.61 4.07 3.85 4.94 4.23 3.48 6.34 5.51 8.27 8.72 11.51 10.47 5.12 5.01 2.79 7.61 9.91 14.28 9.02 7.49 8.79 13.03 5.22 3.49 6.67 6.21 5.83 9.38 6.99 14.61 4.51 4.44 6.78 6.57 5.3 11.09 6.36 3.19 5.77 3.08 4.78 3.69 8.72 2.93 5.99 9.48 6.56 2.86 5.23 10.86 5.42 4.62 10.3 6.05 9.97 4.11 4.93 4.23
3.52 7.07 4.37 5.68 6.76 5.11 8.08 3.84 6.05 3.62 5.1 2.77 5.88 7.49 7.13 12.22 6.71 5.58 3.07 2.73 4.54 4.04 10.15 10.46 11.65 8.31 7.69 10.79 9.96 4.53 5.58 10.35 5.88 7.52 8.4 16.15 7.94 5.26 5.26 6.5 6.9 3.57 5.97 4.26 5.47 4.45 5.3 3.07 3.32 4.59 6.82 7.37 8.48 6.45 5.09 6.06 15.02 7.08 10.85 7.19 6.04 4.61 6.52 7.72
5.47 4.64 3.43 5.08 5.43 5.48 8.35 4.78 7.86 7.32 3.22 1.53 2.43 3.66 10.43 12.93 14.32 7.87 3.28 2.45 5.19 6.22 11.08 14.11 8.18 7.99 6.15 4.22 6.0 3.18 4.96 13.57 7.23 4.59 6.68 9.27 6.42 3.97 3.65 4.93 5.69 7.17 4.53 11.54 7.19 5.25 3.3 2.6 4.64 7.46 4.65 6.23 10.85 6.61 4.73 6.26 8.5 9.43 8.36 10.98 13.18 5.11 8.12 9.67
2.31 2.82 3.31 3.33 6.53 7.0 6.16 3.97 8.03 4.06 3.11 1.99 2.44 5.38 10.2 17.19 6.39 5.94 3.82 2.5 5.66 6.89 8.84 6.42 6.7 7.87 7.9 5.5 4.45 6.02 9.48 7.41 8.83 4.55 4.91 3.7 9.61 4.83 4.32 7.39 6.59 6.31 7.04 9.63 7.26 6.03 4.75 4.92 4.04 7.11 7.47 8.03 9.59 8.38 5.21 7.8 6.93 11.26 6.42 13.17 8.26 12.8 6.83 4.8
3.77 2.3 4.76 9.34 3.78 6.77 11.88 3.76 10.76 4.8 4.55 1.99 3.16 4.73 12.63 6.69 3.79 7.1 2.08 2.68 4.85 8.73 12.28 7.23 8.13 9.95 12.61 7.89 14.57 4.61 6.54 7.95 3.83 6.76 4.87 4.98 8.43 8.07 4.25 3.65 4.4 5.92 9.56 9.65 9.78 9.87 7.97 7.41 4.44 8.84 5.63 14.28 6.04 8.03 2.79 7.36 5.51 13.61 11.56 8.55 6.25 7.85 10.24 4.67
3.68 5.33 3.81 12.04 3.83 5.86 11.17 4.4 3.83 5.67 7.2 3.45 5.42 7.6 5.47 8.84 4.1 8.83 6.72 5.42 5.82 3.15 7.26 12.15 11.27 7.04 16.3 15.22 6.16 10.63 5.14 6.48 8.28 8.19 7.98 6.23 9.4 11.55 5.46 3.81 3.45 6.0 5.96 11.66 18.5 9.99 5.97 5.29 4.29 5.63 6.47 7.19 7.61 4.75 5.7 6.62 7.2 7.96 13.11 13.99 7.85 24.3 18.34 11.5
3.85 8.55 4.72 9.38 3.82 5.63 6.93 4.17 6.42 6.38 9.22 10.95 6.01 5.23 4.97 6.01 3.25 9.3 10.2 9.06 4.65 3.89 7.78 7.16 10.63 7.45 9.38 9.78 6.89 8.0 11.13 8.07 9.39 8.75 4.53 6.65 7.08 4.77 6.14 5.15 2.79 2.95 4.4 6.3 11.36 9.5 8.96 7.29 4.41 5.66 6.39 3.8 12.43 14.21 5.92 7.75 8.76 6.26 10.35 20.29 15.14 16.56 10.88 10.66
9.7 16.94 12.18 15.61 6.94 4.41 4.83 7.21 6.63 6.2 4.59 9.26 5.99 4.6 3.31 5.22 2.16 5.85 10.4 14.31 11.12 3.2 5.55 9.59 5.85 4.17 8.83 8.35 11.73 17.43 6.95 4.4 6.59 4.58 9.05 5.06 4.7 7.26 4.34 3.87 5.19 7.34 4.17 7.16 15.7 14.75 11.25 10.57 7.3 4.11 2.85 4.59 11.44 15.18 18.14 8.69 8.28 5.1 17.96 15.38 7.2 10.5 9.51 6.93
8.67 21.33 9.02 8.21 8.42 5.46 5.83 4.88 5.4 3.62 5.12 10.04 9.65 5.03 7.64 6.19 3.31 4.75 9.27 9.14 7.2 4.31 2.52 5.35 4.6 3.79 8.91 19.85 11.72 13.72 4.92 5.73 9.59 10.47 7.4 9.33 8.07 5.75 7.06 5.35 4.93 4.98 10.85 9.56 8.93 9.44 10.35 4.51 2.9 2.87 3.59 5.34 31.66 13.92 13.89 7.78 6.89 12.43 16.66 9.28 9.54 14.11 7.58 7.64
4.37 9.23 9.95 9.62 4.44 5.91 9.7 5.03 8.73 8.17 8.19 3.92 12.63 7.99 7.06 11.04 7.26 10.23 3.5 5.78 6.94 5.5 3.39 7.72 13.24 4.73 7.43 16.18 11.16 8.53 7.58 10.16 8.85 16.24 17.59 6.75 5.29 11.71 12.71 8.34 5.17 5.49 17.78 11.77 18.57 11.45 9.27 3.86 6.88 4.86 7.48 23.0 25.66 12.98 7.27 6.18 9.88 9.95 23.44 20.12 11.94 8.25 7.74 4.57
10.58 16.9 5.73 4.42 5.13 3.9 7.98 6.28 6.11 5.56 4.93 5.68 9.09 5.25 7.6 11.31 12.06 5.66 7.54 6.29 6.2 5.79 9.45 6.16 4.38 4.65 8.68 12.41 14.43 8.56 6.48 7.96 7.17 12.88 10.65 7.95 14.42 20.84 11.83 20.28 14.46 12.12 17.5 17.14 10.56 8.81 8.03 8.53 14.05 9.74 8.45 13.31 13.64 7.86 7.1 6.73 8.58 11.98 7.76 8.33 8.54 6.04 4.27 4.25
8.82 19.66 4.79 3.2 6.28 2.73 4.73 9.31 9.43 6.2 7.55 4.79 8.39 7.39 7.94 10.58 6.44 8.84 8.04 8.58 6.5 8.05 7.23 2.54 4.32 4.18 7.76 22.22 11.93 9.96 12.48 16.18 6.66 10.27 29.57 10.69 12.23 21.53 13.1 11.2 10.76 7.45 8.02 10.82 6.7 12.92 8.95 9.28 10.63 14.24 11.96 29.13 14.01 5.48 4.9 7.25 15.9 7.87 7.65 8.34 8.83 10.3 4.78 4.45
10.85 15.44 16.55 4.34 5.86 3.92 4.18 7.42 9.46 6.54 5.22 6.91 4.39 3.61 3.8 6.51 17.99 9.63 6.27 6.21 8.96 9.99 8.78 5.83 4.58 9.42 7.26 12.42 10.51 8.05 40.78 21.56 10.11 12.21 18.88 5.96 5.74 8.36 8.47 5.34 4.54 7.52 4.75 6.25 6.12 5.8 4.38 7.16 10.67 13.7 17.41 14.76 5.9 5.27 2.97 8.24 7.92 12.53 9.53 12.73 9.19 12.7 8.33 3.98
6.79 11.88 9.53 4.3 5.46 5.13 3.44 5.84 4.95 5.03 4.34 10.11 6.87 4.2 4.38 5.1 5.22 12.94 8.2 9.9 16.92 14.15 6.24 6.09 7.87 5.8 7.56 6.94 5.26 13.95 44.27 44.77 10.47 8.34 15.83 8.37 6.33 7.23 10.19 10.74 7.35 7.29 7.41 4.14 2.55 5.72 7.92 6.16 11.57 11.52 7.5 11.45 6.19 6.98 3.18 4.89 14.08 12.9 11.25 11.59 8.58 11.91 9.57 5.25
3.99 12.71 10.74 4.78 3.48 6.02 6.4 17.26 4.7 4.1 10.29 6.61 5.97 5.88 3.58 4.53 6.06 8.16 8.83 7.95 5.78 6.77 3.68 4.75 10.14 5.47 5.34 5.81 10.12 8.62 36.38 11.17 4.93 7.14 10.11 9.98 4.4 5.06 10.98 11.67 7.6 6.81 6.71 5.24 4.35 7.59 26.16 11.77 9.95 8.9 4.48 6.73 13.07 13.86 7.12 9.21 7.75 8.83 10.49 11.5 14.71 6.52 8.59 7.21
14.45 10.39 8.73 4.43 5.91 5.08 7.07 15.56 11.27 4.67 8.94 7.2 3.78 6.63 6.72 6.84 7.2 10.04 7.38 7.2 6.25 4.73 6.28 9.46 11.35 8.61 6.72 6.9 6.29 11.14 10.05 9.84 2.66 5.09 12.08 6.15 6.76 6.34 13.17 14.34 5.54 6.88 5.98 10.52 6.69 10.17 15.99 10.12 8.3 3.34 4.14 10.2 14.97 10.39 6.82 6.59 13.47 6.88 9.15 8.55 7.8 8.73 8.47 5.1
9.26 4.37 4.91 5.02 6.04 3.53 6.84 12.31 6.6 6.1 9.87 11.04 6.98 9.34 5.06 5.0 6.71 9.34 10.8 8.04 11.28 5.32 2.72 10.52 9.31 4.46 3.03 5.07 6.26 11.96 8.68 7.73 6.96 6.86 16.77 6.77 5.62 12.8 31.23 14.31 7.77 5.41 4.39 6.57 8.67 6.22 9.59 4.46 4.04 4.58 7.76 7.97 9.72 4.81 6.5 5.5 7.03 4.44 4.11 7.42 9.67 5.85 8.26 4.24
9.48 5.03 9.16 9.67 5.19 6.01 6.26 10.37 8.98 7.39 13.96 10.71 10.39 4.97 7.12 4.94 17.37 15.26 20.94 11.98 9.49 7.88 4.65 3.92 6.83 4.31 5.21 7.58 8.98 12.43 5.54 5.07 4.01 5.44 6.16 7.06 6.82 11.57 14.65 21.7 12.29 14.2 7.87 7.68 8.73 7.24 9.63 5.48 6.7 6.5 12.74 12.7 13.53 14.26 4.46 3.53 3.84 3.58 3.82 4.71 9.82 14.34 10.01 6.12
14.3 5.51 6.81 13.98 5.92 1.85 4.01 6.25 12.56 5.53 5.7 7.66 7.65 5.88 10.45 12.54 13.98 20.61 23.52 8.39 7.36 12.66 7.71 4.16 7.3 5.83 3.86 4.53 4.95 8.59 4.87 4.41 2.91 7.16 10.48 9.36 12.24 12.95 14.07 19.17 11.31 12.69 20.95 13.09 8.51 13.43 8.28 5.34 5.02 12.79 22.39 14.22 11.77 9.67 3.72 2.21 3.76 3.48 3.71 6.51 8.53 8.36 16.94 13.44
8.81 7.14 9.18 10.46 4.5 3.07 2.68 4.9 4.51 7.61 7.91 5.6 7.08 8.34 12.68 9.99 7.37 5.97 7.7 15.6 5.71 10.02 9.12 3.5 7.2 4.59 7.91 6.28 5.78 6.07 9.02 10.91 8.62 15.47 29.81 15.28 15.85 23.48 11.94 11.26 13.48 16.15 17.31 23.01 10.32 10.74 7.58 6.34 5.95 7.98 17.67 17.5 12.36 15.31 3.91 2.69 2.11 3.47 7.62 4.82 5.07 7.43 25.38 13.81
7.69 5.23 6.53 6.86 5.23 2.31 3.55 6.96 6.47 12.15 13.78 7.81 4.26 8.2 4.96 5.53 4.58 4.94 10.24 12.65 7.69 6.34 7.41 4.89 9.25 9.5 5.49 8.28 2.93 4.88 18.29 12.7 6.24 10.41 23.38 13.16 27.73 15.69 23.59 12.59 17.97 12.99 13.88 25.73 14.59 9.53 6.48 8.33 5.45 7.76 17.46 16.2 16.0 18.56 5.36 3.89 2.12 3.58 5.13 9.48 7.12 12.57 7.78 11.22
4.19 5.3 8.65 6.73 3.92 2.13 6.96 10.1 8.2 13.08 10.88 5.58 4.88 6.53 3.59 6.93 8.86 6.79 8.59 19.47 8.04 7.03 6.6 4.84 9.33 5.35 6.71 12.18 5.47 4.12 12.83 17.69 7.15 16.16 26.14 18.54 58.55 21.44 20.37 10.95 20.68 17.29 13.68 11.53 10.13 20.95 6.84 6.91 7.38 9.73 19.09 18.77 11.57 17.14 8.0 3.25 3.01 3.04 6.24 13.16 7.96 5.16 5.98 8.25
5.93 6.05 5.16 5.92 7.32 4.57 5.55 10.09 7.7 8.57 7.2 7.56 3.84 5.71 5.95 6.76 4.28 6.52 13.99 11.01 11.14 8.82 9.0 10.2 7.42 6.23 6.65 15.93 7.93 7.13 9.61 6.47 16.53 20.36 13.6 16.94 23.89 12.53 10.16 10.86 18.57 12.0 7.24 10.68 10.04 13.05 12.74 6.25 16.29 14.58 30.14 23.93 23.56 10.91 11.97 5.32 3.53 6.84 5.87 5.06 5.59 6.04 4.79 6.47
6.29 7.47 4.41 5.78 7.37 6.01 6.23 4.78 7.92 8.07 12.33 14.97 5.89 5.13 5.86 7.44 6.77 10.83 16.33 12.19 12.95 18.85 11.35 11.52 18.28 8.29 7.31 5.17 4.69 6.02 12.34 12.29 11.42 28.23 7.49 10.71 14.86 7.97 11.53 9.29 10.22 4.74 4.58 5.32 6.01 7.26 6.44 5.62 8.75 16.26 19.06 17.59 21.96 15.52 10.26 5.81 6.5 6.05 13.6 9.56 6.12 4.74 7.35 12.11
6.16 7.93 5.46 4.23 3.43 5.34 6.67 2.25 5.51 11.55 13.93 13.47 7.09 12.31 9.24 6.97 7.89 13.14 9.14 8.33 13.06 7.4 7.67 8.32 7.85 9.0 8.76 6.71 4.2 7.63 10.91 10.66 10.86 17.34 14.77 8.76 7.45 9.67 5.69 5.02 9.18 5.38 4.08 3.55 2.53 4.89 3.4 7.61 11.35 11.31 7.46 8.4 18.12 14.77 28.84 5.91 9.26 9.82 10.18 10.68 6.28 5.06 11.65 23.06
7.4 7.61 8.8 6.93 11.32 5.83 7.79 3.82 9.21 11.62 28.73 31.36 7.78 8.37 15.79 9.8 9.87 6.24 7.73 4.07 10.66 8.4 11.85 8.97 4.79 9.25 10.37 6.14 3.7 7.22 3.33 4.41 8.56 17.61 6.82 4.54 4.54 6.29 5.52 3.33 5.89 6.74 4.76 7.41 2.21 5.38 7.95 16.54 14.33 16.24 9.44 4.12 14.41 11.12 13.25 9.39 13.36 16.82 7.17 12.86 9.85 9.09 6.6 18.01
