15.14 16.55 7.65 5.5 8.79 8.63 5.89 6.51 8.68 6.97 5.62 6.2 3.39 5.74 8.92 7.73 6.56 4.96 5.22 3.78 4.26 6.54 4.57 7.73 8.41 13.73 6.28 3.96 4.51 6.23 6.66 10.62 6.33 9.78 10.93 5.16 10.54 13.74 22.25 8.02 7.06 8.39 8.65 8.92 9.71 11.46 10.43 7.91 2.95 4.22 1.94 6.62 1.74 6.24 6.94 2.04 2.09 2.94 3.52 5.64 5.82 12.31 8.74 8.81
20.83 25.07 13.77 9.93 6.78 5.05 10.64 6.86 16.57 8.75 14.46 5.19 3.11 3.89 6.75 8.29 7.76 7.53 6.89 2.71 3.74 7.82 4.62 6.31 6.21 8.99 9.38 5.78 6.82 5.99 5.57 8.28 11.23 6.74 11.06 6.84 11.16 9.07 9.34 5.35 5.23 7.53 12.93 14.6 16.31 10.85 6.34 9.49 9.04 9.29 3.22 4.82 5.95 3.87 2.93 2.9 4.81 3.58 2.88 4.43 7.12 9.32 5.3 5.22
20.89 18.86 14.48 5.81 7.09 9.18 15.52 14.04 12.35 13.42 10.48 4.14 4.99 3.59 9.31 6.94 5.65 5.88 5.34 5.15 5.95 14.42 6.38 7.19 6.75 8.31 8.48 3.95 7.85 2.49 7.91 8.52 8.35 14.76 14.13 7.52 9.8 8.04 4.04 4.64 4.79 11.15 19.87 12.92 14.5 15.19 9.21 5.97 9.46 11.74 6.12 6.85 8.77 2.27 5.38 2.72 4.96 5.62 4.03 5.04 8.87 10.79 6.86 5.16
14.27 22.33 9.48 10.31 11.43 13.96 14.79 11.01 12.22 16.72 7.45 6.94 8.77 5.55 3.51 6.69 6.07 6.96 5.16 6.94 11.24 10.2 8.88 9.47 7.07 9.62 10.12 13.36 5.6 5.02 10.31 5.15 8.35 12.11 15.7 12.81 8.66 8.51 3.65 5.01 5.5 6.37 16.44 29.41 27.16 16.8 8.01 8.88 10.22 10.41 6.05 7.33 12.11 2.18 2.05 3.46 2.29 6.82 5.09 6.61 5.92 7.45 5.22 3.88
14.77 21.38 10.72 7.56 14.99 22.86 12.77 19.98 21.85 13.03 7.82 4.86 5.15 2.92 3.37 6.14 3.23 3.25 4.41 5.99 7.02 8.01 14.55 9.99 9.04 9.01 5.47 3.23 7.99 2.74 7.3 6.22 8.42 12.22 4.89 6.92 5.5 4.68 3.69 3.79 17.64 11.14 7.63 30.37 30.53 20.79 23.71 13.74 12.7 11.54 7.75 4.7 9.59 6.27 3.97 4.0 2.67 4.4 4.26 9.99 9.96 7.28 5.66 3.91
8.07 18.88 13.81 6.01 12.83 8.69 15.08 23.45 24.21 10.33 6.71 5.12 1.78 3.04 2.04 5.27 3.52 2.75 3.04 4.85 5.24 12.7 6.29 10.15 22.55 17.04 4.7 2.41 9.27 5.29 6.46 6.91 6.7 8.7 7.13 13.15 8.51 7.7 6.36 2.93 12.27 7.07 18.32 17.41 19.2 19.13 22.01 20.67 13.64 6.46 10.82 9.31 11.46 6.72 4.94 9.48 6.76 3.67 7.1 8.84 7.52 4.61 3.45 3.4
9.92 5.28 10.09 9.11 7.47 13.29 13.53 28.32 17.55 6.33 5.5 7.37 1.8 2.31 4.04 4.18 4.41 7.85 7.29 4.45 7.43 11.13 7.74 18.7 10.27 10.84 4.39 6.48 8.3 5.82 5.15 8.0 5.07 5.96 6.26 13.62 12.76 8.45 8.09 3.41 4.41 11.31 17.19 17.66 20.7 12.15 11.4 8.91 13.4 7.25 6.66 17.04 5.42 5.53 3.67 14.2 9.84 11.24 4.56 5.44 8.01 4.85 5.0 7.53
12.56 6.15 7.9 6.75 10.78 11.41 18.43 16.24 13.61 11.69 7.0 6.53 3.7 2.75 4.25 4.36 4.11 8.14 12.27 6.96 5.48 9.62 5.08 10.33 10.45 9.39 7.43 9.34 2.22 4.54 2.76 3.67 5.86 6.62 4.25 5.6 14.98 9.23 8.63 5.01 6.11 8.83 12.1 9.13 15.49 20.83 7.98 18.31 9.58 4.33 6.56 6.97 10.5 5.17 6.72 17.24 19.26 10.25 8.4 3.56 5.45 3.87 8.66 5.39
12.85 5.25 17.32 8.13 8.42 10.92 16.47 17.2 8.36 12.68 9.59 7.58 7.92 4.33 12.64 9.38 5.16 8.62 15.91 27.25 4.73 5.93 4.66 4.72 10.17 8.46 8.74 4.39 2.62 3.23 3.54 2.88 7.05 7.13 7.14 8.36 10.2 6.34 15.09 14.98 8.63 5.77 11.49 7.99 5.3 10.09 13.23 20.87 13.02 6.29 3.42 6.92 6.99 3.79 12.79 18.03 16.16 9.49 13.23 5.88 8.83 3.86 5.05 6.92
8.68 11.07 7.48 5.79 19.05 8.84 6.96 14.72 6.94 22.4 15.32 10.56 10.86 5.58 6.8 4.4 8.27 15.41 11.8 13.52 6.22 6.85 5.27 3.72 3.44 12.0 5.46 4.09 1.49 2.14 3.35 2.73 4.78 8.29 14.87 10.93 8.71 9.35 5.97 26.07 7.54 8.34 10.09 8.24 9.13 13.15 11.6 24.74 11.26 8.8 4.93 5.61 13.43 12.25 21.2 20.57 13.59 12.62 6.9 6.81 4.04 8.24 7.4 4.08
5.51 7.73 12.05 10.29 9.85 7.15 5.03 6.39 7.9 25.87 22.69 10.12 8.76 9.53 17.48 4.2 6.72 12.61 12.22 17.78 8.99 10.85 9.33 3.89 4.54 5.03 3.87 2.22 1.92 1.75 2.23 4.47 9.19 8.91 20.63 19.5 16.31 26.13 10.96 11.91 18.0 17.1 6.62 13.97 11.61 13.8 13.5 8.03 13.25 9.21 7.19 4.55 9.57 7.85 15.37 12.2 9.69 7.43 10.14 8.83 4.33 4.8 3.9 3.4
4.47 8.77 7.52 5.83 8.31 9.65 9.85 8.0 10.27 13.21 12.58 6.21 10.06 9.07 11.99 6.34 6.59 7.89 11.12 14.94 17.03 20.36 15.96 3.77 4.23 2.5 2.09 1.01 4.55 1.85 1.87 3.36 6.96 10.51 9.85 11.18 17.4 26.07 15.96 10.99 8.8 12.7 11.13 9.45 20.36 10.87 8.04 8.86 4.19 6.98 5.67 4.01 6.83 7.19 14.08 4.31 5.59 5.16 6.01 6.86 2.25 3.63 4.86 3.42
8.93 15.59 8.23 8.0 7.01 16.74 7.55 8.26 8.79 13.12 8.18 6.61 4.31 8.81 7.82 4.85 9.0 7.25 14.28 17.89 18.03 12.17 12.36 4.79 5.67 2.05 2.19 1.15 3.55 5.37 1.51 3.05 11.2 11.83 14.22 25.18 8.65 18.95 6.68 8.22 9.39 16.24 11.15 11.94 11.13 17.31 10.23 4.66 5.52 6.37 5.63 9.13 4.41 7.86 4.82 6.2 7.74 8.71 5.15 8.57 3.25 2.81 2.85 5.9
11.82 11.21 6.11 13.35 13.75 24.93 14.16 10.37 9.95 8.57 5.41 6.27 3.15 6.39 9.27 8.69 5.7 6.9 14.98 17.95 22.11 9.36 6.78 3.26 3.03 4.01 5.6 2.98 4.34 3.12 3.07 4.46 7.85 14.99 14.97 21.13 23.57 4.42 5.87 5.95 7.33 7.67 9.16 9.77 9.45 5.94 6.02 5.85 6.4 5.88 5.08 5.53 4.43 5.93 5.2 6.23 4.03 4.28 2.82 4.16 5.83 2.44 2.74 4.33
15.68 10.18 5.92 12.99 10.66 12.74 8.45 5.95 6.25 6.16 3.83 3.35 6.56 6.39 7.18 3.87 13.43 15.82 29.28 20.83 12.36 8.67 3.8 1.99 5.75 3.16 6.68 3.81 3.02 3.66 3.65 5.74 8.69 10.33 14.89 21.1 31.59 6.66 9.37 8.63 15.08 8.26 15.26 19.78 11.99 10.35 5.14 3.18 6.13 6.43 2.57 4.98 3.56 4.13 4.63 9.29 10.41 3.59 4.81 3.72 2.73 5.21 1.87 5.03
27.19 11.1 9.16 13.17 15.1 12.73 8.63 8.42 5.25 6.17 1.76 2.97 4.95 14.94 9.09 11.31 18.73 20.26 43.54 31.89 12.59 6.97 8.81 5.0 3.57 7.59 4.26 11.83 4.16 2.35 5.04 13.21 3.88 6.05 14.91 28.0 20.68 10.21 8.28 12.17 9.81 6.41 8.34 21.37 12.59 7.07 3.83 3.47 3.67 4.67 3.09 6.32 5.25 1.57 3.69 6.37 8.48 2.68 6.12 6.11 3.79 4.76 2.78 4.89
20.63 17.27 6.87 14.54 6.94 11.98 9.27 8.06 6.05 5.98 4.47 3.43 9.09 11.43 9.65 9.6 17.02 18.52 40.09 27.07 12.0 6.3 3.7 3.97 3.84 3.99 8.83 8.34 5.86 3.67 2.74 6.06 7.48 8.28 23.61 6.28 7.05 13.52 6.65 12.27 13.34 8.99 5.51 11.46 16.3 6.64 5.23 5.11 7.73 3.94 4.56 4.74 4.35 4.76 4.23 5.41 6.67 2.79 9.42 7.13 5.62 8.4 4.86 4.38
12.15 8.25 11.38 15.64 8.36 11.19 5.48 5.35 8.53 4.39 5.63 5.17 9.21 7.44 8.88 8.68 9.11 14.3 20.7 7.98 7.22 5.57 9.82 8.03 4.33 8.37 5.91 5.84 4.39 4.53 3.99 3.86 9.29 6.98 16.73 15.67 6.82 7.38 8.37 12.14 12.16 8.79 10.69 13.94 11.19 6.77 5.23 13.37 7.11 8.61 20.43 4.01 5.64 4.02 7.15 2.25 2.56 4.49 6.42 5.23 3.97 3.68 6.69 5.69
9.48 9.7 11.03 8.16 8.89 8.8 2.7 4.03 4.69 6.13 9.96 9.59 8.65 10.96 7.38 23.45 7.7 9.25 16.11 14.81 7.51 9.74 6.75 8.27 9.75 10.35 5.35 5.93 8.69 6.54 5.06 5.99 8.46 11.33 9.15 23.61 11.37 11.79 6.62 12.0 9.94 14.18 16.92 6.16 4.22 6.3 7.93 8.29 10.08 15.17 20.15 5.72 4.43 5.76 4.2 4.96 5.26 3.05 7.03 6.61 6.31 3.59 3.98 9.14
5.84 5.1 8.14 4.99 5.92 4.77 6.17 2.0 3.76 6.48 13.91 15.39 8.57 11.85 10.53 11.1 10.19 9.44 11.25 9.0 9.15 13.31 12.02 13.32 11.39 25.31 7.75 5.72 3.99 3.39 6.96 6.03 13.54 17.05 12.54 26.93 7.95 11.99 12.25 9.27 12.63 8.05 23.05 10.96 5.15 10.96 11.05 4.12 10.58 8.05 13.82 13.25 10.92 4.71 3.62 9.93 3.7 4.86 7.77 9.31 13.45 4.18 5.55 3.9
4.94 5.23 15.68 4.72 8.2 3.7 4.67 2.77 4.28 6.15 9.84 7.16 17.41 11.87 9.21 5.97 7.71 10.08 6.24 4.96 13.39 13.65 16.73 16.39 13.62 15.92 14.13 6.4 3.79 6.05 7.81 7.16 4.02 17.5 9.9 13.82 13.64 9.86 11.62 6.33 7.84 6.13 7.78 6.91 6.72 3.72 6.3 6.49 8.22 7.6 9.59 19.32 16.34 7.47 5.8 9.48 7.73 6.64 10.26 6.89 6.37 4.93 6.01 3.06
5.0 4.84 8.75 4.49 6.93 3.34 3.25 3.07 5.93 10.87 2.82 4.55 7.27 11.15 6.54 4.39 5.13 7.68 5.55 6.79 6.56 14.59 13.04 13.24 15.5 34.49 9.69 7.08 3.41 4.81 14.07 6.57 5.75 14.9 14.7 16.37 4.07 5.15 4.66 5.13 7.97 4.43 8.83 6.54 3.32 3.29 4.95 12.37 12.09 17.92 5.66 15.97 14.34 8.44 12.68 11.0 8.44 5.74 7.15 5.2 4.57 5.77 3.58 5.29
4.07 2.65 4.2 1.36 4.44 4.12 3.55 3.57 2.88 4.81 4.12 5.13 12.75 8.86 6.8 4.46 7.14 6.67 11.65 6.93 6.19 14.86 13.37 7.15 18.43 33.59 16.25 7.99 4.47 5.23 4.44 6.91 4.4 12.96 28.62 11.06 9.17 4.26 5.63 7.38 8.17 10.84 9.23 7.4 6.67 3.46 4.89 10.06 14.77 27.36 7.16 14.48 11.51 7.7 7.69 16.14 11.95 14.4 8.39 4.7 4.44 4.0 3.59 4.33
3.1 3.28 3.42 3.38 4.46 2.83 4.33 2.91 3.01 2.87 6.38 4.32 5.31 6.06 5.62 5.91 13.13 10.89 10.9 22.22 14.6 5.62 6.97 10.07 20.07 37.37 17.85 7.89 2.45 2.43 2.96 8.58 9.87 4.58 11.84 9.63 5.54 4.26 3.86 4.36 11.64 8.5 10.78 5.75 5.63 3.99 8.71 13.44 11.69 24.81 17.51 14.52 18.13 9.17 12.37 13.5 17.26 10.21 9.16 7.29 3.91 4.6 4.24 4.94
1.63 3.28 5.58 3.17 2.04 3.42 2.37 4.89 2.41 4.29 7.4 6.32 9.82 2.92 3.98 5.01 11.28 6.1 4.18 14.15 7.73 7.89 4.08 9.27 14.91 25.28 27.68 5.15 5.21 3.27 3.49 5.49 10.72 13.74 9.01 5.4 6.34 5.26 6.35 7.49 4.04 8.48 7.57 6.51 5.3 6.47 7.62 20.14 9.06 11.44 13.12 15.64 17.69 24.81 19.14 18.05 15.89 17.15 11.77 13.72 8.3 6.59 2.37 3.93
2.38 3.04 3.32 3.13 3.31 3.57 5.21 4.4 6.31 5.37 4.22 10.65 7.47 5.44 4.59 5.51 5.57 5.31 5.19 4.85 5.98 3.61 6.26 14.0 11.21 12.79 14.37 9.48 4.86 2.66 3.65 2.39 7.58 8.18 4.87 7.08 7.15 2.61 4.8 11.65 8.77 9.5 7.01 2.85 3.32 6.97 4.95 7.95 17.94 13.61 8.96 17.01 15.71 18.88 20.47 15.78 22.14 19.98 14.94 12.59 5.79 7.07 5.79 6.28
2.0 1.38 1.76 1.97 2.06 1.84 3.61 4.36 3.82 5.19 9.37 12.02 10.18 5.33 5.63 9.57 3.22 5.7 3.85 2.64 3.79 3.5 4.4 5.25 7.22 5.83 12.95 5.05 6.7 2.99 3.62 1.96 3.71 5.41 8.27 8.85 13.85 9.76 8.42 3.69 4.09 6.87 20.2 4.47 4.14 2.71 2.84 3.09 7.73 13.74 17.47 17.04 13.79 18.17 23.78 30.17 12.27 16.0 12.94 16.05 5.2 3.57 7.07 3.95
3.02 1.52 1.13 2.53 1.64 2.02 5.59 6.87 4.25 4.22 6.15 10.2 16.26 20.2 5.74 8.62 3.59 5.7 3.6 1.87 2.24 7.1 3.79 4.34 3.01 7.77 9.09 5.52 5.19 3.21 8.99 3.3 1.86 5.46 19.53 14.49 11.43 15.62 17.58 4.29 2.86 4.53 9.11 5.53 3.01 1.82 1.75 3.15 4.75 8.86 8.19 13.6 10.33 10.72 9.68 18.83 12.42 10.37 8.15 11.9 6.05 7.17 4.77 5.71
4.41 2.11 1.65 1.16 3.95 4.46 10.8 14.45 6.66 10.25 6.32 12.18 12.48 18.49 7.19 5.55 7.66 6.91 4.39 2.98 1.94 4.93 6.85 3.45 3.16 6.47 8.09 3.47 4.25 4.32 5.08 8.53 2.78 5.81 13.3 11.02 12.23 19.75 17.96 7.45 2.47 2.54 4.04 1.63 2.94 2.53 2.81 3.05 4.79 4.81 7.6 12.57 11.99 12.61 11.88 13.45 11.17 7.95 9.59 6.29 5.82 7.87 13.31 8.23
4.98 4.25 2.91 2.43 4.26 6.95 6.53 6.77 9.38 9.67 8.27 7.62 3.4 8.28 7.52 8.9 11.08 4.46 5.14 2.89 2.71 3.45 6.61 5.94 4.49 5.11 4.6 2.71 4.5 7.79 9.06 8.04 8.27 9.04 13.34 8.75 11.94 21.63 18.22 3.01 2.39 3.12 3.62 3.81 3.51 2.8 5.97 3.16 3.8 5.4 7.76 5.95 6.39 5.71 7.75 6.82 9.57 6.77 10.47 6.43 6.38 6.97 10.0 4.78
6.17 4.42 2.83 3.99 4.88 8.03 6.64 11.15 6.52 8.75 3.5 4.84 4.42 2.58 6.56 3.83 9.1 7.41 3.89 5.12 2.55 2.42 2.67 3.76 4.45 4.06 3.22 2.13 5.61 17.02 5.1 7.24 12.62 15.24 8.38 14.14 10.66 13.54 10.08 5.41 3.65 3.45 4.64 12.35 3.75 4.77 3.58 6.95 5.12 5.31 3.94 6.06 5.57 6.77 2.51 2.7 9.85 7.7 6.84 9.87 8.29 11.18 7.41 6.71
6.0 5.95 5.23 4.4 3.89 10.66 6.16 7.62 4.7 6.18 7.5 4.85 3.4 6.11 5.77 4.91 4.53 5.72 9.09 6.69 3.94 3.41 1.73 4.44 3.37 3.79 2.64 2.29 5.81 14.52 14.73 4.56 14.95 9.26 4.44 15.12 7.18 13.08 7.26 4.99 3.52 7.21 8.37 7.83 9.56 12.02 10.39 5.96 7.48 8.99 5.65 3.98 5.14 4.62 3.38 1.7 8.84 10.12 7.59 10.33 8.37 5.76 12.03 7.97
6.88 3.46 4.88 7.97 6.6 7.15 9.34 14.3 12.88 5.72 9.19 7.77 7.6 4.48 12.0 5.53 7.91 6.19 3.02 3.3 4.84 2.47 3.62 2.16 6.56 6.72 3.75 8.45 8.08 8.38 17.01 8.97 11.23 7.45 7.86 10.1 7.17 10.82 10.48 7.63 5.92 4.6 5.13 8.14 4.98 12.53 8.0 7.04 14.22 9.56 4.78 4.81 10.09 4.54 5.99 7.31 6.2 4.73 6.34 12.38 11.45 9.37 6.89 5.49
5.79 5.89 6.73 11.74 6.11 7.57 5.97 7.99 22.67 8.48 14.78 8.97 11.84 7.9 3.36 5.69 5.42 3.46 4.25 2.07 1.07 3.57 2.43 2.22 3.9 4.19 5.34 9.6 6.57 7.96 9.26 9.51 5.86 8.78 7.58 10.96 5.77 18.56 9.88 9.54 14.7 11.91 5.45 7.72 5.39 7.33 6.35 9.45 7.93 10.15 5.56 6.45 10.58 4.81 4.82 9.53 5.19 8.74 13.3 7.31 8.7 6.44 4.5 3.43
7.24 6.31 7.61 5.24 4.91 5.03 10.18 14.99 16.74 22.3 12.59 12.08 11.66 5.72 9.68 7.61 8.88 2.49 1.04 2.33 0.89 2.16 5.06 3.64 7.11 4.72 5.4 3.51 12.38 9.15 9.85 6.52 4.6 7.54 10.05 18.27 14.15 24.29 12.39 13.8 7.7 8.87 15.88 18.4 5.23 4.07 9.28 12.13 6.54 7.6 12.59 7.35 9.16 6.11 4.35 12.54 13.66 7.85 10.42 8.79 10.0 5.75 4.65 8.09
10.7 7.08 4.47 3.64 8.25 5.1 9.49 8.38 15.0 7.71 9.69 13.26 9.51 7.53 4.95 7.54 7.06 2.43 3.02 1.28 3.05 2.42 4.6 3.95 5.1 5.43 4.75 3.34 11.52 18.04 8.54 4.31 5.95 6.49 8.32 7.7 13.47 14.91 21.31 15.9 7.01 9.79 15.86 13.68 8.66 7.12 6.16 6.97 6.5 9.54 22.63 8.38 11.22 10.57 4.39 4.86 16.77 10.33 11.42 19.6 13.9 6.84 5.25 3.51
13.21 5.11 4.01 3.72 5.06 6.86 8.14 11.73 8.36 10.52 6.72 10.63 5.56 5.83 12.35 3.65 4.1 4.66 2.23 2.14 4.53 3.44 2.66 4.09 4.91 6.19 8.56 5.09 7.1 19.32 12.38 21.61 11.34 21.22 8.86 16.08 17.29 12.22 20.14 7.61 5.42 10.93 9.91 8.91 8.12 11.43 9.6 5.75 5.43 5.34 12.34 14.2 14.88 11.35 4.76 5.09 6.52 6.55 10.44 19.12 14.56 9.47 6.01 7.11
4.46 8.25 5.31 5.45 4.99 6.52 6.01 6.39 3.15 7.02 14.61 8.23 6.62 9.37 5.95 5.09 3.51 3.35 5.21 3.19 4.34 2.77 3.09 4.95 3.19 5.03 6.93 6.33 10.34 17.92 18.5 15.39 31.57 27.53 12.58 7.76 11.44 11.83 12.29 14.81 7.81 11.52 10.07 4.03 5.83 6.18 8.11 5.27 7.83 7.4 7.58 8.72 8.85 12.1 11.85 5.72 10.61 3.42 7.7 14.42 14.26 24.06 5.3 2.33
6.2 4.11 5.46 7.65 8.08 9.23 4.08 5.47 5.24 8.0 8.77 10.14 10.47 4.76 6.05 3.31 5.33 3.97 9.41 4.28 4.44 3.75 5.69 5.62 3.66 3.36 3.97 4.31 8.09 17.03 26.57 31.86 24.65 21.43 15.11 6.48 12.46 9.21 12.03 21.44 11.86 9.35 6.34 5.37 7.99 10.53 14.39 5.64 9.68 9.87 8.39 13.02 26.14 31.69 26.31 13.37 11.68 10.84 14.69 14.07 18.84 9.8 8.59 6.04
6.69 7.82 2.66 9.37 8.4 11.74 4.43 5.48 4.56 8.14 7.57 10.98 6.86 6.55 6.66 4.58 2.55 6.15 5.23 8.51 4.53 8.38 8.63 4.77 4.6 10.17 5.27 5.55 6.5 19.21 18.79 30.37 22.18 8.27 10.34 4.85 10.4 6.51 7.95 12.37 9.54 8.55 7.91 6.73 10.81 12.78 9.87 5.44 10.24 10.4 11.99 12.32 9.95 17.93 17.25 12.69 11.74 11.23 15.7 28.61 8.78 6.02 2.92 7.74
11.11 4.01 4.5 5.3 9.32 10.25 7.08 6.66 6.07 13.43 7.65 4.31 9.02 7.52 3.8 4.2 4.73 4.16 4.44 10.63 10.6 19.27 5.02 7.21 6.11 13.29 8.39 6.59 14.43 21.78 30.27 20.48 19.3 5.55 6.17 7.19 6.18 6.09 6.07 6.71 15.74 8.76 9.7 7.36 14.24 9.04 8.3 9.9 5.85 16.85 9.23 12.24 14.83 15.45 12.04 11.36 8.63 9.82 8.15 13.64 11.68 3.88 2.23 3.89
9.38 9.38 6.58 4.97 12.36 7.95 13.6 6.46 8.22 7.48 13.13 6.56 10.15 17.33 6.73 11.91 7.62 4.26 3.96 20.89 20.6 10.93 10.16 7.59 2.58 6.9 7.98 12.8 19.79 20.11 20.85 10.39 12.93 7.25 5.27 7.23 6.16 5.19 5.05 6.06 11.4 5.52 10.31 5.43 6.12 9.09 19.25 7.15 7.3 6.52 12.48 11.42 8.32 12.02 11.74 9.32 17.15 5.29 6.44 7.78 6.61 2.48 1.95 2.72
7.54 3.73 6.6 8.9 18.28 14.12 6.24 7.96 6.92 5.44 9.98 9.26 7.98 14.31 7.88 16.34 13.02 6.08 5.83 12.13 25.8 9.48 5.65 9.55 2.59 7.1 11.5 9.42 18.21 24.24 12.56 12.58 13.52 9.02 5.11 7.67 5.28 4.09 4.3 5.26 10.27 12.62 6.37 7.7 5.51 4.6 11.01 12.17 8.99 13.14 13.79 9.83 8.43 5.38 6.51 10.35 13.85 11.28 4.18 5.14 4.95 4.53 2.15 1.8
8.55 4.23 6.55 8.35 9.3 5.27 6.0 9.47 9.29 4.06 5.96 7.36 5.9 9.27 8.86 8.37 10.8 10.19 9.43 11.44 12.61 11.85 15.25 15.25 6.47 4.6 6.12 13.12 18.97 17.03 13.76 12.16 7.26 7.37 6.21 14.57 9.64 5.62 7.6 10.32 12.83 9.94 12.7 10.13 5.71 6.05 8.06 10.02 4.41 13.35 7.77 10.61 6.7 8.88 8.72 5.14 8.69 5.4 6.4 2.62 3.66 4.24 2.47 1.85
10.57 2.65 8.86 9.38 8.83 5.76 6.51 5.69 5.9 6.47 4.43 8.05 11.37 5.53 8.29 12.15 8.81 4.42 15.92 11.47 10.14 10.15 14.41 16.2 14.65 4.74 12.13 20.72 9.94 12.06 17.71 20.72 15.52 8.59 7.95 14.38 9.39 4.14 7.62 19.12 13.79 16.16 10.3 3.32 7.1 8.13 14.51 9.72 5.35 8.79 10.26 10.96 12.09 9.57 8.44 4.4 4.4 5.18 5.03 4.77 5.45 3.2 3.57 3.13
4.41 3.56 4.29 5.41 5.35 5.32 5.29 4.39 6.38 17.68 11.24 9.65 8.15 6.04 10.02 9.55 10.43 6.82 8.99 9.72 9.23 13.11 15.15 9.38 8.98 7.85 8.61 9.31 6.92 17.11 21.81 18.04 10.03 8.63 11.96 6.63 7.54 10.83 11.59 24.68 14.53 12.3 12.61 5.23 5.78 9.23 7.19 10.62 5.54 9.32 8.89 7.47 8.48 7.46 7.31 8.68 4.6 5.5 1.72 5.84 5.93 3.11 6.79 6.53
5.83 6.36 7.82 10.13 5.74 3.67 5.91 4.39 5.13 14.3 10.73 4.92 12.53 4.54 9.71 7.83 11.28 9.51 9.17 8.87 6.66 8.89 17.46 9.6 5.03 9.08 7.73 8.18 2.75 6.7 15.83 11.21 5.87 10.64 16.91 12.77 5.02 6.79 8.76 9.97 16.01 12.88 12.4 6.71 3.79 2.47 4.69 22.37 4.63 17.82 8.82 8.31 7.04 4.81 6.33 6.51 6.49 15.42 5.7 4.28 2.61 8.12 10.17 5.74
6.41 9.68 7.3 8.14 12.03 5.78 5.71 2.87 5.25 9.42 11.79 9.39 7.53 8.92 4.89 5.47 12.21 11.6 20.59 20.06 16.86 7.1 7.88 8.4 6.2 12.73 13.48 6.46 6.67 4.32 8.26 4.02 9.25 10.52 13.95 5.64 7.93 13.96 13.01 7.85 9.61 10.55 12.55 4.92 5.79 4.69 6.4 6.9 3.35 8.93 13.35 9.59 9.82 9.11 4.07 3.0 7.2 14.33 11.31 7.15 7.54 6.75 8.52 6.85
13.31 16.56 14.13 12.97 14.59 6.23 7.81 8.12 11.66 11.33 10.97 13.4 6.6 7.47 6.54 4.06 7.6 12.06 11.3 24.79 15.2 10.67 11.28 10.19 8.3 10.34 15.79 6.54 9.15 10.9 7.91 3.99 10.94 13.48 11.01 9.51 8.82 13.28 23.63 13.5 5.72 8.99 8.0 10.92 6.56 5.4 6.44 5.06 3.26 7.68 6.0 9.19 5.6 10.4 3.69 6.43 10.77 8.96 8.68 14.94 3.66 4.65 5.28 4.19
17.21 25.12 22.55 17.75 8.31 10.44 12.11 8.09 28.7 13.07 6.49 9.96 5.42 10.66 8.02 8.91 5.76 11.58 7.03 8.18 23.38 24.55 5.71 8.03 5.32 7.55 15.5 9.19 9.71 7.26 6.4 7.51 5.23 7.23 10.09 12.48 17.44 17.67 14.05 9.41 9.95 4.52 6.12 4.88 5.26 6.92 3.5 5.68 5.52 3.17 3.27 4.47 10.45 10.54 5.33 4.22 6.61 6.4 5.47 8.12 5.28 3.62 4.13 4.31
26.14 16.62 27.85 11.25 14.07 14.29 13.55 8.11 12.71 26.37 4.52 13.52 8.63 6.98 9.76 5.78 15.45 5.8 11.18 10.96 10.74 23.81 9.13 4.64 4.9 2.87 13.12 9.92 8.63 6.33 12.54 5.67 8.42 9.18 6.06 10.92 11.5 9.63 9.36 8.52 12.62 7.21 4.11 5.86 6.04 4.68 3.16 1.54 5.86 3.6 7.46 6.98 3.81 6.72 6.72 3.31 8.18 4.22 8.07 3.72 4.2 3.09 3.37 6.27
15.21 18.27 20.84 15.31 12.96 11.56 9.26 7.17 10.44 12.31 4.93 11.13 7.54 7.52 2.66 7.03 10.11 9.82 16.04 10.51 6.83 6.87 9.82 4.27 3.36 3.86 7.63 4.73 6.15 5.74 4.79 7.32 6.81 10.87 7.71 12.75 12.86 18.36 6.03 13.81 19.46 6.39 4.82 7.19 4.73 3.95 2.6 4.23 7.02 5.16 5.58 4.7 7.49 5.32 4.87 7.2 10.61 6.06 4.97 2.64 5.26 3.98 5.84 17.71
11.37 17.54 15.65 27.43 19.6 14.32 3.8 9.53 4.02 7.82 7.83 9.13 5.65 5.65 4.97 3.59 7.44 10.55 15.5 17.12 5.88 6.51 5.45 4.49 4.94 5.86 8.21 5.74 4.75 6.16 8.37 13.89 8.18 10.51 5.52 10.82 6.38 9.99 15.05 17.92 21.39 8.33 6.15 8.5 4.19 4.48 9.31 3.58 5.62 6.89 6.17 6.44 6.78 8.85 7.87 5.38 5.93 5.45 7.18 5.7 4.27 6.72 4.95 7.13
18.34 10.52 29.68 35.62 14.47 7.0 7.64 10.16 4.21 6.93 9.7 12.41 9.34 3.65 3.6 2.5 7.06 16.72 11.21 20.36 19.44 3.18 2.72 7.3 8.55 9.63 8.36 5.18 4.43 4.33 5.97 6.9 8.33 8.65 13.35 4.9 3.73 4.66 14.85 13.31 10.77 10.5 8.21 6.19 8.41 4.45 7.39 9.5 8.29 5.71 5.36 5.73 6.67 5.43 11.32 12.96 10.96 5.06 13.22 6.41 7.64 9.7 4.84 12.59
17.55 10.49 38.32 54.07 31.79 6.93 4.42 9.15 7.18 4.37 8.28 5.81 8.88 5.98 2.27 2.11 6.85 16.64 10.08 19.6 12.39 9.51 5.55 10.83 7.92 8.61 9.21 9.8 2.77 5.65 6.67 4.6 3.23 7.17 4.76 4.95 2.84 4.0 7.24 11.5 8.69 11.29 10.86 9.71 10.84 9.9 10.86 14.24 16.78 10.57 13.52 8.41 4.31 10.13 11.27 13.08 11.92 10.27 13.46 14.61 11.92 13.68 25.95 8.93
14.78 13.94 13.48 17.65 8.97 17.4 7.84 5.66 13.19 7.89 5.6 4.09 4.52 3.52 3.96 4.19 2.28 8.37 5.7 12.55 17.58 12.34 14.01 10.47 4.42 7.42 10.12 6.63 3.49 5.71 5.99 6.67 6.5 6.11 3.1 5.41 3.98 5.24 9.16 8.47 9.31 6.54 6.32 10.77 11.6 14.69 10.43 15.08 14.39 8.78 14.09 6.52 6.34 7.11 13.41 11.9 7.42 14.64 11.53 7.57 14.41 11.05 11.5 32.63
10.86 6.69 15.25 6.43 10.73 8.16 10.97 12.01 8.44 3.03 4.38 3.56 7.22 3.74 3.72 2.82 2.31 2.95 10.31 10.27 10.17 12.22 9.65 8.63 8.31 8.84 15.18 7.87 6.61 5.67 8.93 5.86 11.24 11.03 10.89 7.88 4.14 5.9 9.89 14.82 6.74 4.86 5.63 8.56 9.19 19.27 12.82 24.97 23.36 12.06 19.25 11.68 10.1 14.84 12.37 5.73 7.57 12.12 7.78 6.61 11.76 3.84 6.99 9.69
10.83 12.28 11.05 8.26 6.26 6.73 15.29 12.75 9.79 13.16 4.09 2.51 2.89 4.17 4.66 6.07 4.04 7.39 6.39 6.09 10.82 16.57 20.53 8.05 6.72 13.08 10.35 5.75 3.55 5.23 19.84 7.68 10.78 15.68 11.57 8.01 4.27 6.45 7.97 12.34 7.45 7.87 4.73 7.87 9.82 11.6 27.04 29.44 28.05 21.32 8.98 10.35 14.86 14.89 13.46 4.8 3.88 8.72 8.03 4.68 6.53 6.39 6.47 11.86
12.22 15.63 13.79 9.14 10.07 9.73 5.5 12.32 7.01 7.56 5.99 2.33 1.44 3.6 4.52 5.02 3.8 3.14 4.94 8.7 19.07 14.46 20.79 5.19 10.6 6.75 8.08 6.27 4.67 6.73 6.38 8.81 5.11 7.53 15.97 6.18 5.0 11.76 9.68 17.18 5.33 7.02 10.02 12.62 22.99 17.97 20.19 31.44 21.63 15.64 10.52 8.17 7.18 9.25 12.25 9.07 5.25 6.76 3.74 9.43 4.8 6.34 7.47 7.21
6.95 9.86 6.12 6.47 6.87 3.46 4.94 8.05 3.52 1.85 2.38 2.05 2.44 1.87 3.42 2.4 7.4 4.85 3.93 6.73 13.06 5.96 5.69 4.42 6.44 5.21 5.22 2.21 4.64 6.74 5.02 4.1 6.53 4.8 11.95 8.57 5.45 9.49 13.8 9.02 7.57 13.81 22.07 33.9 35.63 9.05 29.71 29.54 17.6 11.98 5.13 9.75 8.77 3.74 4.81 5.16 6.32 5.67 5.62 3.35 4.27 9.71 12.5 6.74
9.17 10.48 7.56 7.88 3.62 4.18 2.1 5.97 3.06 3.37 4.79 3.38 2.78 2.88 3.09 1.5 4.5 3.32 4.69 6.69 12.28 7.5 2.22 2.74 3.97 4.66 5.58 5.53 6.24 8.87 4.04 2.88 4.08 3.53 9.94 4.59 6.19 9.51 4.64 11.59 8.19 13.35 57.93 30.4 49.12 25.43 23.3 37.37 11.33 8.31 8.49 7.11 5.35 5.2 3.64 7.01 5.55 7.16 2.79 3.13 4.03 4.6 7.57 8.38
4.76 8.82 8.14 16.89 7.45 3.48 2.61 2.86 4.49 2.31 2.65 7.08 4.22 5.25 1.93 2.38 3.01 3.54 7.15 7.79 14.46 5.32 2.06 2.37 3.52 5.71 5.09 8.67 7.74 6.58 3.65 1.91 2.75 3.13 4.28 5.82 7.04 6.03 9.5 8.21 10.75 7.63 20.49 75.66 49.62 27.37 21.81 20.62 8.95 8.77 7.83 7.24 5.44 8.0 3.68 3.4 4.42 5.01 2.38 2.33 3.38 6.63 4.14 11.4
9.91 7.3 18.96 10.16 4.34 3.79 2.64 2.22 5.22 5.35 4.76 2.71 9.09 4.14 5.51 2.52 3.24 4.59 8.28 20.2 11.65 23.9 6.21 5.89 4.13 6.61 6.87 6.7 8.86 7.46 5.46 3.6 1.42 0.86 2.45 3.32 8.21 9.34 5.48 4.58 11.09 12.47 48.55 23.83 47.1 19.59 16.03 18.08 9.33 9.46 6.25 3.28 2.96 4.08 4.59 3.02 4.36 4.67 3.56 1.51 2.29 4.12 7.6 21.28
10.69 11.35 6.99 7.58 5.71 3.97 7.4 2.85 4.62 7.7 5.2 4.16 5.03 4.14 3.72 7.08 2.37 2.74 5.64 6.55 17.67 19.2 8.91 20.39 7.01 10.85 4.98 10.5 5.94 4.22 8.33 2.38 3.23 2.9 1.85 3.13 6.74 6.24 7.05 6.6 7.65 17.0 33.36 39.6 34.0 13.49 15.08 11.09 5.28 6.0 10.55 5.87 1.7 1.65 4.35 3.62 6.7 5.29 4.11 4.4 3.89 6.74 4.59 11.01
