10.7 8.31 6.31 4.17 3.13 4.53 4.8 12.88 12.4 6.23 8.2 8.07 9.79 9.98 3.54 5.13 3.35 7.51 7.15 12.28 8.05 8.46 5.86 7.53 17.12 6.53 9.02 3.74 9.11 5.75 5.5 8.6 10.1 7.0 9.33 22.64 16.23 17.6 12.43 17.18 23.69 19.22 12.1 8.71 10.28 13.36 7.38 18.41 5.94 7.15 6.96 5.09 3.72 2.0 8.47 8.1 20.64 13.95 8.76 4.33 10.44 13.57 8.36 10.13
7.51 6.06 7.85 3.16 4.18 7.81 10.45 6.22 5.57 7.48 9.32 6.56 3.44 3.67 4.8 6.4 5.58 5.79 6.6 9.17 7.28 6.26 4.65 8.46 12.78 6.65 12.0 4.57 6.54 3.88 7.38 7.34 13.33 8.32 14.3 27.53 18.4 13.89 12.15 17.2 16.23 5.88 11.7 6.33 7.31 6.59 7.17 12.45 6.26 7.95 5.69 5.07 2.49 5.03 6.5 7.77 10.24 15.5 6.03 4.02 4.36 18.65 13.83 11.01
4.87 4.53 4.17 4.83 3.83 9.99 10.08 19.11 12.33 7.32 4.48 7.77 3.79 3.42 5.46 6.31 10.97 2.51 3.45 7.12 9.19 8.43 5.27 4.81 6.54 7.26 8.06 4.62 3.6 3.06 4.73 11.09 13.47 16.33 10.62 16.48 14.24 14.7 17.21 10.34 7.13 5.22 7.77 6.21 9.23 8.73 9.77 9.61 7.06 6.84 8.39 3.97 4.56 7.45 11.29 12.47 16.86 13.03 9.62 6.85 4.63 8.69 7.05 9.0
4.88 6.83 7.06 4.97 5.47 8.58 7.38 14.82 10.86 5.39 3.23 4.36 3.14 6.22 5.49 4.49 4.58 2.94 6.11 8.62 9.25 11.54 9.2 4.82 4.71 9.03 6.52 4.39 2.73 2.91 7.25 9.08 11.72 15.94 13.6 17.52 13.56 23.66 20.04 8.51 4.71 8.17 10.61 16.33 11.15 8.7 11.36 9.73 8.1 10.52 3.42 2.43 2.25 4.63 7.86 8.03 12.73 10.07 11.47 7.6 7.36 8.18 8.62 8.07
5.93 12.04 5.84 3.81 4.0 10.05 10.4 14.24 9.78 10.97 7.47 6.46 4.17 7.89 6.06 7.74 3.39 3.8 7.39 11.88 12.96 13.22 6.81 14.88 10.82 10.59 6.28 7.39 4.65 4.19 8.95 16.91 19.83 5.37 4.61 11.9 11.7 12.85 14.01 7.32 6.18 4.31 13.7 10.22 16.86 6.85 15.14 4.88 6.14 4.18 2.48 2.05 2.47 2.36 4.22 5.47 16.76 8.13 10.05 9.3 10.34 5.36 8.27 6.98
13.48 8.7 5.36 3.38 8.57 5.02 7.21 7.45 10.17 5.23 7.19 4.32 14.52 10.3 21.95 10.87 8.37 5.18 7.22 9.92 9.2 17.09 8.13 9.83 6.89 6.97 5.92 5.41 3.68 3.45 11.03 21.11 18.37 13.92 12.71 15.33 18.55 25.91 20.52 8.55 8.45 6.62 7.73 9.82 9.15 7.92 5.08 5.11 5.38 2.85 3.34 3.75 4.18 2.37 3.61 5.87 14.21 10.54 7.97 14.73 18.38 8.08 6.43 6.5
16.63 7.87 6.13 3.34 8.01 9.41 10.11 4.94 6.53 5.03 6.25 5.13 8.26 7.53 13.04 11.78 13.4 8.55 9.54 14.6 9.72 12.28 12.06 9.11 8.56 5.34 4.38 5.98 4.03 2.94 11.48 21.86 9.88 15.98 12.72 29.04 21.32 37.25 19.25 18.45 11.11 14.84 9.7 14.3 5.94 4.98 3.79 5.39 3.53 3.39 4.64 4.41 6.34 4.23 6.67 5.85 5.67 5.24 12.23 10.19 16.22 12.35 6.46 10.38
15.41 12.41 6.88 7.04 5.82 9.98 7.67 7.47 6.24 7.11 7.4 14.43 5.6 7.42 11.47 13.2 10.0 6.54 7.02 10.4 14.35 15.17 17.7 9.36 13.15 6.82 5.88 5.98 6.61 5.14 10.94 8.34 8.19 14.52 13.91 13.32 24.35 45.83 22.27 10.61 15.47 14.29 11.97 6.35 4.44 5.33 7.03 4.2 2.42 7.8 6.46 5.93 5.82 7.81 7.96 7.56 5.99 8.56 8.63 10.96 10.07 8.6 9.03 12.58
20.25 9.94 8.43 10.13 6.04 7.16 4.16 9.06 3.96 2.84 8.6 14.98 5.79 8.37 15.89 10.85 9.32 10.58 8.5 10.72 8.49 16.85 10.45 10.27 9.96 14.42 12.46 6.85 7.01 9.48 17.31 10.4 7.87 12.77 13.13 16.11 31.52 33.5 44.19 26.23 27.25 9.43 9.71 5.21 4.34 2.56 8.8 3.42 3.17 8.98 8.96 4.06 8.58 11.93 8.72 7.4 6.98 8.62 5.2 4.58 8.18 9.89 8.23 9.19
37.28 9.73 8.67 4.51 5.45 3.03 6.4 3.88 3.5 2.97 5.8 7.18 6.45 8.59 12.82 10.94 7.81 7.58 9.08 10.78 13.06 17.11 10.52 9.37 8.29 11.71 9.33 5.22 11.03 13.49 16.37 10.47 20.85 17.67 18.67 15.83 27.29 20.06 28.14 36.7 22.26 12.77 10.87 6.01 3.44 3.89 4.92 2.31 4.91 4.13 7.21 6.29 10.53 11.38 7.18 8.91 10.06 6.25 8.59 5.91 10.57 10.62 13.93 10.18
15.82 6.24 9.63 12.03 6.68 2.76 4.77 4.99 3.92 3.83 3.27 6.91 7.8 9.12 12.03 11.86 8.89 7.58 4.25 5.26 8.84 11.04 6.68 8.67 4.77 6.0 7.18 9.38 7.82 13.06 16.84 22.57 23.82 22.36 16.47 16.48 12.39 16.25 24.04 21.36 16.31 11.7 19.77 5.95 2.95 3.67 3.21 4.42 5.39 8.35 12.48 8.69 8.1 11.37 9.77 19.28 10.64 3.76 5.89 10.83 6.31 8.07 12.48 13.59
12.29 5.18 9.09 10.47 7.45 7.73 4.69 5.66 4.42 3.45 2.6 4.87 5.25 11.23 8.56 8.03 7.22 10.01 4.3 7.38 6.87 8.2 12.46 12.52 5.79 4.95 5.21 7.8 9.48 11.12 12.15 36.01 33.7 15.94 6.42 13.19 13.89 26.29 24.91 15.19 12.22 17.05 15.97 7.35 2.61 1.91 1.46 3.61 4.84 7.03 8.02 5.5 17.54 21.21 28.99 14.86 9.76 4.56 6.39 5.78 3.78 6.39 7.43 8.51
5.49 5.46 7.6 5.74 5.54 6.36 6.0 4.47 5.63 3.8 6.53 5.29 10.57 10.78 16.25 9.78 6.16 8.22 7.72 6.86 10.6 8.32 12.31 5.61 9.79 7.53 11.22 7.32 14.73 21.52 20.43 14.36 17.98 11.88 8.23 18.0 11.9 11.37 11.85 6.66 10.2 23.8 7.66 6.78 2.94 2.24 3.32 3.92 2.44 2.86 3.89 6.05 9.11 14.18 25.09 23.53 7.12 7.58 5.63 7.82 5.16 8.52 8.41 5.93
5.6 7.65 6.76 5.39 7.15 5.21 5.06 4.37 5.9 8.12 6.97 6.35 16.46 10.45 17.61 6.8 11.16 12.04 12.02 9.85 20.24 9.68 7.99 12.06 13.25 5.31 6.15 7.36 11.57 15.68 21.47 12.64 10.02 10.99 14.28 22.54 9.52 6.8 8.26 8.71 11.01 8.8 5.0 5.2 5.43 4.92 3.75 4.21 2.82 3.52 3.03 3.76 7.31 15.51 10.23 11.16 11.83 12.77 2.52 7.52 7.59 7.37 7.09 7.88
5.6 8.19 4.64 6.12 6.45 7.87 6.41 6.21 2.16 4.87 8.12 10.21 9.48 9.03 13.3 9.98 9.69 9.32 6.48 9.97 11.81 11.51 13.65 18.48 9.36 5.39 5.6 10.0 18.45 14.94 12.33 13.82 26.31 24.78 14.24 11.67 10.06 13.12 12.29 9.98 6.32 8.78 7.02 5.26 8.66 5.54 4.49 3.81 3.45 6.89 3.27 3.7 9.78 17.79 11.51 9.75 6.15 8.56 5.95 5.89 4.68 5.03 7.61 8.28
7.31 4.11 5.05 6.47 8.18 5.96 5.93 8.55 1.8 3.99 6.7 12.06 11.54 13.59 4.69 11.51 10.83 18.9 6.14 8.77 14.42 12.94 16.23 7.01 4.3 3.49 5.54 5.06 8.05 6.61 17.18 23.82 29.24 26.63 18.45 15.48 17.67 13.56 13.13 12.63 5.49 8.93 14.0 4.76 5.99 5.57 9.61 5.37 3.42 4.81 5.88 14.99 18.47 24.96 17.47 22.54 8.9 4.64 5.28 9.05 6.98 8.94 5.86 6.68
7.74 2.99 4.79 4.44 7.55 4.7 8.61 7.33 3.42 5.53 6.85 6.39 17.16 14.63 9.87 8.77 7.95 7.1 5.15 6.18 8.14 8.64 5.55 4.91 2.57 6.39 4.25 3.81 4.31 13.59 20.18 19.07 11.82 19.81 18.48 34.5 14.83 10.68 11.05 9.77 7.23 8.36 10.69 5.09 11.08 12.57 12.57 6.54 5.82 6.01 7.79 15.38 15.02 31.65 20.18 27.74 17.42 5.91 4.73 5.65 8.94 8.71 8.3 6.3
3.29 3.89 5.77 10.38 7.87 5.98 7.93 13.01 6.16 4.69 3.79 3.45 13.6 8.04 5.52 5.64 8.9 4.87 7.89 4.37 7.65 5.26 5.25 3.12 4.13 4.34 3.75 4.25 4.02 17.87 16.37 18.37 14.78 14.34 16.03 22.44 19.73 17.73 10.79 7.3 4.53 10.81 7.23 7.82 7.25 12.4 7.95 9.22 9.99 7.04 6.68 14.09 23.3 17.52 24.35 39.3 7.87 4.02 2.82 3.76 4.48 4.83 8.78 10.87
6.85 7.36 7.51 5.85 4.78 6.8 9.73 7.05 3.57 4.05 2.1 3.18 9.68 8.25 2.26 3.71 4.01 5.12 3.72 3.53 4.0 3.84 5.07 4.68 4.19 4.22 3.54 6.75 3.01 6.84 8.15 12.68 12.92 6.89 14.29 14.0 21.38 16.28 10.55 10.43 5.14 5.56 7.96 7.09 10.39 10.82 6.66 7.75 13.44 8.23 5.36 14.2 28.03 19.82 21.82 19.84 10.09 5.69 5.55 3.56 5.46 5.95 7.14 7.78
6.06 9.36 4.62 4.34 4.74 4.38 4.91 3.92 1.94 1.24 1.29 3.92 6.8 4.76 8.14 6.7 4.89 3.28 4.75 4.94 3.85 2.24 3.93 2.85 2.69 3.13 3.71 4.78 4.41 3.25 5.42 7.91 9.04 5.76 14.93 8.51 12.29 11.66 15.39 14.29 7.9 4.19 8.01 4.1 7.75 5.42 6.34 8.71 14.4 9.02 8.22 13.07 13.22 16.29 16.47 13.81 10.83 7.79 6.6 3.85 6.58 12.06 6.59 8.11
5.61 5.67 4.27 5.06 8.83 6.66 3.22 7.08 2.74 1.29 1.39 3.44 6.02 5.56 10.95 8.78 5.01 5.01 4.13 5.61 3.15 5.3 3.21 2.87 2.74 2.94 5.86 2.36 2.08 3.35 6.54 7.46 7.34 7.07 9.69 7.03 6.35 11.67 12.46 9.98 4.64 5.74 4.55 4.42 3.98 5.38 5.46 8.54 6.55 5.26 8.14 12.1 12.45 17.42 15.78 24.11 9.07 8.21 9.37 5.28 4.22 7.83 4.17 5.68
3.13 5.27 6.56 7.2 5.52 12.34 6.85 9.85 1.65 2.23 1.54 2.38 3.12 4.9 4.26 7.46 2.94 3.3 3.35 3.01 4.54 4.91 2.26 2.55 3.5 4.48 9.34 5.84 3.47 4.79 4.87 8.0 9.89 6.78 8.78 6.44 6.01 11.04 13.05 8.52 3.82 3.73 4.69 3.1 4.2 6.79 10.0 5.78 6.48 6.29 12.75 17.75 8.83 16.0 22.09 10.56 10.07 6.33 5.19 5.58 3.57 4.77 6.04 6.96
4.77 4.24 6.89 6.37 10.02 11.09 6.45 6.35 4.25 2.7 2.89 4.15 4.14 6.78 4.9 6.82 4.19 3.72 4.3 2.6 4.86 5.66 2.71 3.36 6.36 5.79 6.62 7.79 5.01 8.08 5.35 6.08 9.05 4.43 8.15 4.78 3.88 5.54 9.81 5.69 5.01 2.89 3.11 3.64 9.98 6.8 14.1 8.85 8.16 9.24 9.11 11.21 7.19 11.81 16.41 14.86 13.97 6.54 4.36 5.79 7.99 5.28 6.53 8.02
10.88 8.46 9.59 9.91 19.98 16.6 12.72 5.31 5.92 3.3 3.99 3.4 4.86 6.53 6.47 4.79 6.85 3.58 3.36 2.32 4.74 7.92 7.1 4.01 5.72 5.12 6.23 5.86 4.87 6.38 4.74 4.49 5.0 3.84 3.79 5.23 5.37 4.19 7.35 8.86 9.58 4.62 3.85 8.17 26.6 13.95 37.81 21.49 17.88 12.9 20.15 9.6 6.13 4.85 10.08 20.51 14.97 7.21 8.31 5.96 7.4 7.29 8.99 6.11
9.55 8.02 12.34 9.14 15.99 18.01 12.08 5.67 4.45 5.38 3.87 5.09 3.74 4.01 3.68 5.46 6.97 3.63 4.55 4.22 9.71 8.27 6.99 5.07 5.66 7.44 6.41 4.98 5.09 7.56 10.99 6.62 9.35 9.7 5.77 3.96 4.6 9.54 12.7 10.03 3.33 8.71 8.91 17.72 26.47 21.12 27.05 34.17 16.86 21.25 17.77 16.59 7.59 8.07 5.19 20.04 12.95 5.56 5.98 7.75 7.53 7.8 9.63 5.41
6.97 7.95 7.86 8.04 7.8 10.44 10.55 11.63 3.46 6.21 6.84 5.85 5.71 6.79 5.91 5.36 5.92 7.72 8.72 5.59 6.44 16.75 11.06 5.97 4.44 14.26 12.13 8.02 2.99 6.15 7.18 9.77 7.1 6.42 8.33 6.76 6.42 9.98 15.87 7.38 6.96 5.59 9.5 8.6 19.16 21.55 16.42 24.78 18.84 18.4 11.84 18.13 12.07 9.26 6.44 6.14 10.97 10.41 6.65 8.69 10.13 15.16 9.33 5.82
5.67 8.9 6.04 4.48 3.63 5.94 5.76 9.62 3.33 8.31 10.95 3.45 5.86 10.46 7.25 6.2 6.55 3.48 8.36 5.15 4.13 12.12 7.63 3.64 6.69 8.39 20.95 13.78 9.46 7.29 7.17 11.3 10.91 8.33 10.38 6.9 7.21 9.97 11.91 8.79 17.09 12.07 12.18 8.55 22.83 29.35 27.58 11.45 18.35 17.82 12.93 16.81 20.38 10.05 10.73 3.47 7.7 7.82 7.9 4.19 6.11 7.32 10.49 6.39
10.88 12.22 5.94 4.27 3.16 2.73 5.32 4.45 7.27 3.8 8.95 5.69 6.61 6.2 4.49 4.12 8.26 2.97 5.99 7.07 5.72 8.4 6.95 6.46 8.96 10.51 12.51 19.6 12.39 6.76 8.98 9.99 8.51 14.51 20.65 9.41 9.19 16.56 12.56 7.36 6.9 10.55 10.08 9.47 13.17 21.1 22.51 11.45 13.06 11.76 10.87 33.7 17.39 19.96 11.88 6.66 8.35 8.37 11.02 7.84 6.48 3.14 4.51 4.19
11.54 11.26 9.41 7.39 4.84 3.06 3.39 3.08 5.17 3.62 3.74 7.56 7.29 6.29 4.98 4.91 8.67 4.1 4.15 6.0 3.59 5.55 5.96 9.11 3.74 7.78 8.85 39.53 15.9 4.74 5.27 4.21 10.19 9.85 9.1 10.04 5.92 12.18 15.62 9.28 13.33 15.66 5.49 11.15 14.48 11.51 13.55 15.86 11.98 18.05 11.68 28.69 19.12 26.95 13.68 12.66 7.56 20.22 24.48 14.0 9.61 11.81 6.03 9.66
6.25 6.88 8.07 4.51 5.29 1.99 1.97 2.05 5.41 5.3 3.78 5.01 4.37 8.6 7.98 9.88 7.33 4.69 3.63 5.43 4.8 8.84 6.75 6.09 4.08 7.14 7.25 30.94 10.44 5.56 6.15 4.63 13.97 13.22 9.89 6.43 8.79 10.48 15.21 9.97 13.87 9.73 9.27 9.64 11.37 4.84 12.04 8.35 9.76 10.92 15.66 19.96 18.23 14.76 14.32 17.01 11.55 10.98 17.08 10.79 12.14 10.17 8.08 9.25
9.05 8.69 5.29 4.77 5.71 2.67 1.96 1.88 5.0 10.34 7.07 4.18 5.71 13.68 9.14 7.03 7.91 6.3 3.91 2.06 6.66 5.65 4.29 2.57 4.44 5.79 8.6 13.22 9.4 6.08 5.63 6.5 8.63 7.38 8.66 9.95 10.01 6.94 9.38 15.0 11.4 10.88 8.97 10.88 4.32 2.68 4.98 6.94 6.83 6.49 9.68 21.05 17.35 14.46 14.05 11.04 17.18 14.63 16.29 12.2 41.37 9.23 6.42 4.5
10.15 12.71 8.01 4.9 9.13 7.32 3.61 2.35 5.64 10.25 12.62 6.48 4.03 5.09 5.61 8.16 7.39 4.89 2.88 3.1 2.61 2.86 1.92 2.36 2.93 5.5 8.1 6.87 11.7 9.81 10.31 6.36 10.14 7.86 8.18 5.22 6.63 4.59 9.25 7.27 14.74 8.78 4.62 5.25 4.47 4.58 3.14 11.41 7.95 11.91 9.82 24.6 17.53 16.61 11.7 12.83 7.82 9.41 13.5 18.5 12.27 6.45 5.59 8.84
12.39 9.43 8.41 6.23 5.13 5.1 2.99 2.59 8.13 7.13 9.84 8.32 7.86 9.05 12.91 8.53 8.83 6.33 2.85 5.22 3.46 2.94 2.56 3.63 4.77 5.6 5.12 13.56 8.49 8.89 7.28 8.99 7.19 7.72 5.1 4.44 5.26 7.2 9.18 9.44 8.4 10.85 4.27 3.77 1.95 2.54 2.92 11.58 8.24 6.95 10.49 9.34 12.75 8.0 7.99 11.94 12.29 13.77 13.26 14.9 8.29 9.29 6.58 6.71
9.9 8.97 11.2 9.2 2.53 3.17 2.2 3.52 5.73 5.92 6.79 11.88 6.76 14.85 13.76 10.13 8.32 15.18 6.31 6.4 3.43 5.23 7.66 4.91 3.96 5.32 9.71 10.4 5.95 4.64 10.03 7.23 4.41 3.14 4.11 4.8 9.87 5.65 7.99 9.99 13.73 20.29 7.31 3.46 2.64 3.37 4.94 10.98 7.02 8.98 8.56 5.05 5.22 6.59 11.32 5.99 12.2 15.91 14.54 7.16 13.41 9.34 6.06 5.89
5.42 6.53 11.69 4.22 4.06 1.39 2.54 3.98 7.33 4.44 9.01 14.13 11.6 9.3 13.9 10.43 12.14 10.28 13.03 5.04 3.72 5.62 8.59 6.64 3.2 3.8 11.4 8.31 8.87 6.79 11.54 7.67 8.61 5.87 3.88 6.69 7.75 7.57 8.93 9.54 12.97 17.7 4.5 5.02 2.54 2.8 6.27 8.99 4.19 8.48 4.79 4.76 3.41 4.2 6.84 9.7 6.81 10.73 13.11 9.08 8.9 5.08 2.24 4.48
4.96 8.53 7.05 2.8 2.21 2.17 2.72 4.94 6.66 8.81 8.64 14.31 19.35 17.51 9.21 10.5 9.27 12.24 5.5 5.42 6.67 6.2 6.56 6.54 4.43 3.91 9.41 6.48 11.63 5.03 7.28 8.87 10.08 7.69 5.05 4.33 5.27 8.65 6.66 8.07 9.04 13.63 4.91 4.98 1.99 3.47 5.17 8.24 4.76 6.79 4.41 1.81 3.53 8.71 8.51 9.45 5.97 7.83 7.48 6.09 10.5 5.74 2.93 3.24
13.49 12.92 9.32 4.08 1.78 1.79 2.12 4.6 6.43 6.13 7.28 22.38 14.56 7.91 7.9 7.14 5.66 7.42 4.83 7.29 9.86 8.66 11.43 13.93 5.66 6.52 9.04 10.45 7.75 5.74 4.89 5.21 4.83 4.36 3.93 4.47 5.07 7.36 7.29 9.02 8.78 9.95 5.93 4.39 3.45 3.39 6.44 9.38 5.25 5.25 5.5 1.38 6.23 11.68 7.26 7.46 6.51 6.42 9.48 11.2 7.29 6.73 3.02 5.65
9.94 9.61 8.34 6.69 6.23 2.53 3.1 4.97 6.75 12.79 8.85 12.07 10.06 8.95 8.44 5.28 4.57 5.55 5.75 7.8 8.72 10.65 14.84 10.62 11.28 7.45 11.95 17.36 15.04 9.09 5.3 3.96 3.7 6.11 2.16 2.16 1.64 3.61 8.84 11.95 5.95 6.46 3.64 4.57 3.11 3.99 4.54 8.43 5.34 5.16 3.98 1.52 6.19 9.44 7.21 6.6 7.99 5.18 8.53 10.56 9.94 5.49 4.51 4.66
8.37 6.43 11.41 7.28 4.73 2.62 5.42 4.62 3.41 7.59 7.86 7.93 8.34 9.53 10.38 8.77 7.62 8.05 9.01 9.05 6.18 11.37 14.98 7.79 11.51 5.25 12.84 16.14 15.45 10.92 19.83 10.56 6.08 9.11 2.47 1.53 2.09 2.95 7.32 5.22 4.12 3.45 3.16 3.12 2.46 2.96 5.36 8.13 5.04 5.01 3.37 1.59 2.89 8.83 5.66 7.15 3.52 5.53 6.87 16.16 8.05 6.57 5.72 4.76
9.21 7.93 5.18 3.61 6.16 6.97 6.04 3.52 2.75 6.46 5.65 7.14 5.56 5.52 6.6 11.06 8.78 6.94 6.09 7.91 9.46 11.9 8.2 13.42 7.11 9.54 12.1 16.34 13.49 15.29 24.92 14.07 5.59 8.57 4.18 4.49 4.03 4.7 3.41 5.7 4.18 4.55 2.84 1.56 2.41 2.32 3.1 4.49 7.31 7.4 2.62 2.61 5.73 7.06 4.09 3.28 4.07 2.7 5.21 7.15 5.09 4.56 7.7 4.73
6.57 11.52 6.91 3.89 4.91 5.16 6.91 6.06 4.16 12.19 8.52 6.78 9.04 7.12 8.25 8.29 10.7 6.8 10.41 6.02 7.71 6.73 6.05 10.11 5.39 7.81 9.66 9.59 11.35 17.03 20.21 14.93 8.36 4.8 4.17 4.3 6.77 4.3 3.95 4.74 4.18 3.16 3.3 2.2 3.67 3.61 3.09 5.38 8.82 5.51 5.1 2.9 5.84 4.3 4.6 4.84 5.96 2.78 5.8 3.69 3.73 6.25 6.72 4.42
9.3 14.33 8.28 9.48 9.22 8.75 11.88 18.12 13.38 9.54 4.58 17.0 19.23 7.77 5.67 6.07 12.48 5.16 7.91 6.46 9.14 4.43 5.56 5.05 11.29 7.65 7.72 6.03 20.52 20.07 23.46 12.14 8.07 7.73 6.23 4.3 9.54 7.07 5.52 10.64 4.69 3.28 3.74 3.72 4.59 6.44 3.09 6.26 10.22 3.34 7.01 4.71 5.82 5.08 2.6 4.52 8.3 3.41 4.6 3.01 4.52 3.83 4.66 7.87
7.82 9.93 5.48 7.24 17.03 10.21 13.04 11.67 15.28 8.73 7.76 12.76 6.66 11.16 5.09 7.94 6.29 8.61 14.72 11.38 10.27 11.0 7.01 7.35 5.91 9.89 9.14 8.85 14.26 26.79 18.06 7.68 11.22 7.36 9.43 5.7 9.12 13.14 9.52 13.86 10.5 12.01 5.96 5.28 6.1 9.64 5.96 4.24 4.87 3.03 3.94 6.4 4.03 4.58 2.21 9.77 6.5 9.45 4.73 4.77 7.28 9.18 9.4 9.08
3.7 7.75 9.55 8.72 16.26 14.48 19.99 20.49 10.54 7.15 11.18 6.07 5.72 13.43 6.65 4.88 6.76 10.93 20.16 20.32 14.85 11.96 13.7 18.07 7.66 5.49 3.98 6.38 9.49 11.38 7.88 7.75 12.83 7.96 5.87 6.33 12.02 21.94 11.18 11.14 13.85 9.95 10.11 9.33 7.27 7.14 8.26 3.66 7.86 4.59 6.64 6.72 7.49 5.01 4.22 8.38 8.68 13.57 8.82 11.91 5.23 7.4 11.16 13.27
3.64 5.79 8.99 8.49 12.51 11.17 20.16 21.77 11.72 6.91 7.02 8.36 10.39 15.57 6.52 4.08 10.11 13.36 14.1 9.37 15.13 8.23 14.76 6.84 6.34 2.47 4.3 2.34 5.66 9.39 9.09 8.51 16.68 11.74 15.45 5.57 9.66 12.29 18.34 11.34 11.23 10.66 13.62 8.21 8.25 11.32 9.22 5.22 9.02 5.63 6.07 5.12 12.78 13.35 9.01 8.67 16.43 23.12 18.51 7.94 6.29 5.56 6.88 6.29
5.61 4.5 4.31 11.81 8.59 4.82 7.41 8.84 10.72 5.76 7.28 8.93 6.03 14.06 9.43 8.13 5.82 7.53 13.53 15.5 11.56 6.91 13.25 8.7 6.99 3.16 6.29 3.24 5.14 13.33 8.41 9.66 12.53 12.58 16.09 15.73 15.76 7.96 11.79 11.41 7.34 5.17 5.81 6.06 11.21 12.08 10.41 9.77 7.61 5.09 12.65 11.5 11.31 10.99 12.49 16.09 15.42 15.35 24.98 9.57 8.15 8.22 7.85 3.7
8.42 4.41 4.0 5.61 9.1 7.58 8.32 6.34 8.57 4.88 11.63 7.77 5.34 5.75 5.57 11.19 7.42 5.47 11.02 18.66 12.18 6.96 10.74 10.46 6.55 6.28 6.42 5.55 9.7 14.27 4.43 4.24 6.31 13.21 9.97 14.51 10.48 8.91 10.23 9.67 6.96 7.08 4.16 9.3 9.97 13.94 10.51 13.0 11.29 11.01 12.0 17.45 13.55 9.88 10.46 20.14 14.28 15.12 14.18 11.08 5.45 10.44 8.39 5.23
8.49 3.76 3.72 4.65 3.64 6.98 5.63 6.0 5.12 5.84 14.72 10.49 4.94 4.52 5.16 7.35 5.35 4.37 6.24 6.09 7.68 8.17 16.81 9.6 7.7 9.85 5.16 11.22 9.31 8.19 4.07 11.76 13.16 10.59 10.18 14.48 7.49 10.66 15.77 9.53 3.9 7.22 9.98 19.63 13.31 7.89 15.66 12.47 24.43 5.54 12.59 10.04 9.87 7.95 9.19 6.23 8.06 11.23 11.52 6.62 9.38 9.74 6.81 4.19
8.9 6.44 5.33 4.24 4.98 7.74 5.25 5.5 5.01 4.34 4.55 8.47 7.69 6.2 7.06 5.93 4.53 4.09 6.99 3.12 10.05 5.73 8.14 4.51 10.92 9.12 12.91 7.89 9.27 6.75 8.37 9.75 18.55 8.19 9.98 12.25 17.62 12.4 8.57 4.69 8.52 13.28 7.45 11.54 8.9 7.3 7.78 8.18 8.5 7.47 11.9 13.87 8.73 8.19 6.12 4.69 6.51 6.59 7.03 11.62 13.56 5.23 7.41 4.74
9.49 4.92 6.52 7.64 7.46 6.73 4.85 5.24 5.94 7.57 5.79 6.24 5.11 4.76 4.51 4.82 3.56 4.24 4.85 5.14 5.3 7.03 5.66 8.83 9.45 8.68 6.75 5.22 6.22 7.2 8.67 6.49 6.06 11.46 12.36 14.88 17.49 8.98 5.27 5.01 11.97 11.8 9.64 5.84 6.96 9.05 6.08 6.9 4.81 7.57 9.99 15.16 7.05 11.47 8.22 9.45 6.28 13.58 5.04 10.99 6.03 7.53 11.58 7.07
8.35 5.52 5.74 19.51 7.74 7.08 4.26 5.19 7.06 7.44 5.54 3.72 6.71 6.34 4.13 6.22 4.87 11.46 4.81 5.51 3.87 5.97 10.67 14.34 17.87 8.41 6.25 11.49 6.36 8.42 6.29 6.81 4.88 10.8 8.68 20.08 24.8 10.86 4.81 5.1 9.63 9.43 6.77 6.61 11.01 13.63 6.69 3.91 6.03 5.11 11.88 5.57 6.38 3.65 4.01 3.26 5.35 7.39 3.26 4.59 6.98 9.91 7.67 11.22
3.13 6.93 7.02 18.62 7.79 10.21 8.82 13.95 10.3 14.48 10.77 4.27 8.34 8.12 3.67 4.31 5.1 12.27 10.28 4.6 2.76 5.67 8.88 7.02 7.45 6.89 10.87 13.85 7.7 15.37 7.59 7.22 7.88 13.73 9.62 11.85 9.57 8.88 8.0 10.1 13.2 10.21 13.8 14.33 10.55 11.94 8.2 3.48 4.13 3.72 6.18 5.99 6.46 4.0 4.93 3.23 4.67 3.61 3.31 6.59 6.47 7.18 8.54 8.27
5.0 6.71 13.53 15.49 11.44 9.98 10.8 8.05 5.99 14.55 8.64 4.23 4.53 7.55 4.32 7.38 8.57 5.38 5.43 5.03 6.05 6.19 4.42 4.36 6.86 4.77 5.71 11.33 11.99 14.29 8.84 15.04 18.05 13.59 10.96 14.84 8.48 5.87 10.9 9.47 16.7 10.23 20.09 23.78 16.29 14.62 13.2 5.4 5.54 4.55 4.08 4.03 3.63 2.61 4.67 3.3 4.4 4.51 6.28 10.73 9.04 6.42 7.89 6.77
6.28 4.89 17.46 22.89 23.68 17.32 9.75 7.12 16.51 13.32 8.5 4.46 5.26 6.15 9.27 9.74 8.29 3.47 5.42 7.98 8.35 7.41 6.56 4.04 4.56 7.4 5.11 10.11 8.4 10.93 8.84 12.88 15.7 25.43 8.58 9.7 6.5 7.24 4.79 6.0 11.6 18.48 10.28 9.12 11.86 29.31 14.32 10.0 6.08 10.04 4.05 7.08 2.89 4.02 3.91 5.65 3.61 7.3 7.87 9.47 6.95 5.46 8.54 6.68
4.79 8.38 10.1 14.07 10.07 15.32 4.95 7.44 9.18 11.89 7.81 7.39 4.78 8.98 13.05 11.37 9.1 4.42 6.31 7.26 4.74 4.17 5.54 4.3 4.48 10.4 4.87 9.35 10.29 9.69 12.89 14.46 17.13 17.38 17.65 20.69 8.52 8.38 4.26 7.35 9.57 9.73 9.19 16.38 27.5 24.48 14.95 16.25 9.39 10.85 2.7 6.24 6.77 6.7 7.18 6.62 5.92 6.8 11.71 8.38 10.42 8.54 7.02 6.92
3.28 5.89 7.64 8.52 8.74 12.5 7.75 15.01 6.46 5.38 6.88 6.64 5.53 6.51 10.2 6.35 11.89 10.11 7.43 6.48 7.87 6.34 10.48 4.84 5.15 12.58 9.28 11.68 16.34 7.98 12.17 11.2 13.09 12.77 21.4 13.65 18.44 12.56 7.4 7.32 14.01 15.02 13.33 22.7 18.85 18.61 10.87 13.51 8.67 9.85 3.45 3.16 7.86 10.41 8.74 6.88 9.3 14.09 10.86 6.71 9.17 11.37 5.47 8.07
5.24 6.67 8.2 10.96 11.58 8.97 8.15 12.78 8.53 5.65 8.65 10.23 7.27 5.0 6.67 13.68 7.82 9.47 6.54 5.11 8.8 9.69 19.44 7.75 5.05 6.69 13.17 7.06 7.7 16.93 11.78 13.29 12.34 7.3 11.64 12.2 8.71 7.2 9.06 5.68 10.68 12.73 14.95 30.08 24.35 22.42 19.43 20.89 12.25 14.51 8.83 3.31 5.25 7.93 17.17 13.44 9.88 15.45 10.9 13.01 7.33 12.69 7.5 13.9
8.19 9.68 7.12 6.55 9.9 7.55 8.76 2.83 6.5 3.94 9.57 8.08 6.97 5.97 5.09 11.03 5.52 11.61 11.22 13.32 13.36 12.34 12.12 13.18 5.16 5.44 3.19 4.86 5.25 19.85 8.55 12.61 8.41 7.13 11.13 15.54 13.6 19.74 14.0 10.98 12.72 15.28 15.03 18.73 29.83 14.32 16.58 13.09 9.07 15.81 13.59 6.09 7.37 9.03 17.1 14.16 16.34 18.38 12.35 12.89 7.02 5.44 12.05 7.4
12.81 9.6 6.76 14.19 7.65 7.46 5.73 3.86 7.7 4.87 11.34 7.18 9.92 6.52 7.07 6.36 7.81 8.3 10.92 12.9 15.97 11.41 12.26 11.16 9.47 5.29 3.87 5.93 5.74 7.36 4.57 7.0 5.06 7.36 6.65 11.33 8.22 9.58 17.22 23.01 14.29 20.2 12.58 13.51 15.5 12.57 22.02 10.54 3.32 6.83 8.73 6.44 15.11 9.49 14.19 21.06 30.05 27.81 22.14 9.08 8.73 6.24 10.0 9.62
25.21 13.62 9.03 7.54 7.93 7.43 7.56 6.65 6.96 6.01 5.47 6.43 8.7 9.42 10.37 7.47 7.56 6.23 6.75 6.03 6.38 5.66 8.28 6.68 12.3 8.14 5.05 8.47 13.49 7.62 5.4 5.8 12.5 7.67 4.57 12.25 15.6 11.54 18.92 24.82 11.16 15.53 8.6 12.65 17.23 11.93 7.68 9.95 5.57 8.52 7.6 11.42 15.02 11.27 7.92 21.6 31.32 18.87 20.35 5.55 5.87 7.15 6.3 6.04
6.28 12.98 11.39 5.94 5.5 6.68 14.48 6.45 7.61 8.82 11.35 6.8 9.54 8.85 8.09 4.95 4.34 6.53 12.61 5.99 7.94 4.01 6.02 8.78 14.24 9.68 7.26 11.13 19.74 16.66 6.72 7.68 16.23 10.73 6.8 8.1 8.78 13.89 13.75 14.14 16.45 9.01 12.91 14.16 25.46 12.96 7.52 10.68 6.52 7.77 6.65 9.83 7.41 9.63 11.71 20.2 15.13 11.69 16.85 10.53 4.29 4.18 3.9 3.86
3.46 8.59 13.78 10.04 5.89 8.29 9.92 13.76 26.33 28.22 20.68 7.6 16.53 9.79 3.99 2.83 3.32 5.14 8.71 6.21 5.37 6.26 5.98 6.84 9.6 7.05 6.37 8.64 9.42 10.4 8.85 11.29 8.51 6.33 4.84 8.21 10.75 12.39 14.17 12.26 12.01 9.83 16.49 14.18 23.27 17.82 9.26 12.79 15.25 6.61 4.28 5.25 9.05 9.31 15.34 16.71 32.37 35.79 19.5 15.28 10.01 5.76 3.19 1.92
4.31 11.85 7.88 9.98 5.5 16.9 13.28 17.47 19.0 23.11 18.57 11.28 11.93 7.86 5.96 3.4 1.89 4.51 10.0 9.53 8.08 8.71 7.7 3.94 12.13 9.89 6.19 4.71 5.04 11.69 14.76 9.95 10.9 6.37 6.93 4.52 21.88 13.55 16.13 4.65 10.19 16.88 26.0 11.77 14.81 10.07 12.52 11.86 20.17 5.08 5.28 3.4 6.12 7.52 8.83 9.5 19.85 43.75 24.73 12.74 6.97 6.83 5.66 3.69
5.6 6.74 7.3 6.95 8.58 12.47 17.13 10.21 20.69 10.9 13.48 15.64 10.14 7.04 6.53 4.92 5.82 9.25 10.77 18.82 9.44 9.5 8.61 7.88 19.53 14.46 4.2 5.73 5.66 13.49 15.19 9.21 7.88 5.81 9.76 6.85 17.71 10.44 11.22 3.69 8.44 11.75 11.43 9.01 7.23 9.64 11.37 18.31 7.42 7.31 8.18 5.41 5.86 4.61 5.16 8.26 11.43 17.96 17.73 24.16 17.14 7.87 3.6 6.96
