10.16 7.9 13.86 16.42 10.72 4.47 3.45 7.35 10.02 7.3 13.96 14.1 11.49 6.2 9.79 10.61 10.18 5.26 4.01 5.87 4.36 4.11 3.96 1.87 3.07 4.6 3.03 7.83 11.18 11.8 20.7 13.25 6.18 7.4 7.0 6.23 7.52 3.5 7.28 8.34 4.77 8.0 9.57 6.25 6.91 5.31 6.11 7.16 10.16 4.85 5.52 10.47 13.66 31.86 13.76 12.01 14.42 8.12 7.54 4.84 4.16 6.89 7.75 7.04
12.91 7.16 10.06 7.38 5.79 6.6 2.35 3.26 10.62 5.82 14.62 11.78 13.18 13.58 4.74 4.51 9.37 7.25 9.74 6.55 1.67 5.66 6.08 3.43 2.76 4.79 4.07 6.27 9.72 19.14 23.26 11.78 7.52 11.08 11.3 9.59 7.16 3.5 4.99 7.64 5.35 6.16 5.69 3.89 9.58 13.33 3.54 13.54 9.29 9.14 7.19 12.62 17.07 15.16 18.02 14.72 8.65 3.68 8.36 10.31 7.63 3.4 4.25 5.36
12.64 7.32 4.54 4.2 7.46 3.3 2.03 3.75 9.46 5.52 8.79 9.78 5.97 9.6 13.33 8.01 10.77 6.27 8.22 12.89 5.57 7.28 5.73 4.64 4.06 5.93 4.2 9.4 6.53 7.31 13.75 16.45 7.46 12.64 15.71 9.04 8.84 12.51 6.1 3.86 5.67 9.14 4.07 6.32 5.94 21.47 8.95 6.66 12.87 11.51 20.21 10.31 14.72 18.27 14.4 8.09 7.43 4.43 10.27 11.06 8.42 7.84 2.78 2.67
7.18 3.33 6.96 4.31 4.98 5.09 2.55 4.06 8.21 8.69 5.79 5.29 7.42 5.38 9.33 6.02 9.54 7.28 9.83 16.66 9.31 9.6 7.29 6.02 7.42 12.14 5.75 4.57 12.81 3.45 7.84 10.93 5.85 10.77 22.97 21.9 9.33 7.0 5.64 8.5 8.87 6.15 3.43 3.08 7.47 11.08 12.26 8.53 7.05 10.91 6.76 8.43 11.35 17.02 12.91 6.65 7.9 9.37 12.04 10.03 8.96 8.69 5.79 5.63
11.93 6.73 6.38 5.14 4.62 2.03 2.6 5.02 12.8 5.85 6.58 6.94 4.83 6.81 7.18 12.56 8.01 8.92 16.07 13.81 13.19 8.22 8.68 7.97 12.01 6.54 3.06 3.92 4.93 8.04 4.92 7.4 4.62 9.15 20.19 21.71 13.87 8.46 7.29 8.17 6.88 2.89 3.84 3.61 4.52 16.61 10.59 8.22 4.58 7.15 6.63 6.15 5.9 11.14 15.51 10.31 8.6 9.38 6.78 7.98 12.3 12.09 3.69 5.13
10.18 14.51 11.72 6.31 4.14 2.98 5.5 5.81 11.45 11.88 7.43 8.86 7.16 5.26 7.51 8.08 10.82 8.18 14.88 11.55 17.11 23.4 12.52 26.32 14.21 9.34 8.52 6.51 7.65 7.01 7.94 5.05 3.24 5.63 19.25 32.87 11.08 15.23 4.88 5.67 4.29 2.42 5.01 5.09 5.03 7.58 6.46 5.5 6.82 4.65 3.01 6.04 4.67 8.08 5.54 9.22 27.46 19.06 21.92 9.98 13.18 25.43 10.2 4.58
5.93 8.85 9.52 12.66 14.12 4.36 7.57 8.39 26.7 20.77 12.09 5.68 6.33 6.5 4.4 3.31 7.47 13.97 9.64 12.05 17.05 16.5 13.48 26.45 19.46 21.11 12.55 16.11 10.54 10.65 8.77 5.37 2.59 4.94 11.83 10.71 9.2 12.53 7.35 3.04 3.61 7.72 3.9 7.91 10.9 12.22 8.84 7.51 10.88 8.29 11.2 4.04 3.78 9.61 8.3 14.22 20.95 26.72 25.44 24.32 14.57 18.5 21.37 12.36
7.0 8.21 9.91 10.45 7.37 13.26 7.43 9.7 12.39 10.43 21.42 5.09 4.08 5.45 1.81 2.47 4.67 8.82 11.19 22.98 9.89 16.47 17.24 23.95 15.82 11.67 13.18 29.45 19.65 20.26 18.05 4.84 3.56 4.6 7.59 17.75 9.15 8.4 6.16 4.46 3.56 4.18 6.25 7.82 16.32 10.14 8.64 7.2 9.64 12.76 10.19 6.03 3.15 7.74 15.14 14.69 22.05 32.56 40.31 28.83 20.9 12.57 14.21 13.23
7.36 7.08 9.17 7.84 19.15 4.71 4.15 5.88 7.3 8.77 9.35 7.2 4.05 5.22 1.66 2.0 3.15 4.59 27.68 14.65 20.73 16.72 10.81 9.87 16.81 16.67 13.72 27.7 19.31 13.42 11.17 4.72 2.7 3.98 7.84 10.51 16.3 6.97 4.3 6.19 10.39 7.37 7.0 10.97 5.5 13.93 7.57 5.82 7.89 12.97 8.03 3.47 2.59 7.64 22.78 18.79 33.63 19.29 19.14 30.67 16.57 17.98 17.6 12.25
23.02 11.8 7.7 10.55 10.65 15.34 5.76 2.94 5.96 12.7 10.11 7.1 5.84 3.38 4.2 4.64 5.47 4.59 22.65 26.2 11.87 11.04 9.88 9.46 7.67 10.15 11.42 17.82 29.33 12.6 4.45 4.77 2.49 4.25 7.48 8.65 14.47 8.45 4.45 7.63 13.91 7.79 5.06 6.54 7.98 8.18 5.4 6.4 4.72 5.74 4.8 3.87 2.62 9.15 14.59 15.58 19.61 10.22 6.82 17.52 11.51 20.6 19.8 17.68
22.36 23.45 5.97 12.17 14.25 16.27 12.86 3.31 8.43 6.16 7.86 10.13 7.75 4.67 3.14 6.46 8.61 9.58 7.04 18.08 25.6 7.91 11.76 5.51 6.63 8.95 6.22 17.04 25.41 16.02 3.94 1.87 3.6 3.64 6.21 9.88 7.84 10.87 9.38 6.1 11.55 11.37 7.34 7.2 9.39 7.8 5.07 2.42 3.89 5.57 2.81 4.91 3.27 15.29 25.49 17.8 32.07 12.92 6.96 9.48 12.06 8.29 15.35 12.31
6.2 12.01 19.35 7.81 19.2 28.2 13.55 5.19 12.83 12.54 9.38 10.81 14.95 8.71 3.36 4.98 5.81 4.69 8.39 9.03 14.14 10.39 9.17 11.0 6.3 10.03 10.18 12.21 19.95 11.91 2.69 3.37 2.87 2.78 6.2 9.63 12.74 8.54 6.1 6.52 14.11 12.64 9.28 9.25 4.22 7.1 10.16 5.86 3.03 2.87 1.81 4.1 5.82 7.23 11.8 19.28 25.56 8.04 4.98 6.66 10.97 4.76 12.23 8.64
6.31 8.92 14.76 32.93 6.82 7.75 12.38 10.37 16.77 9.29 10.57 10.34 18.59 9.42 13.06 5.51 3.1 4.84 9.18 17.88 6.82 9.51 11.0 7.6 12.38 10.2 10.25 19.59 21.67 14.34 3.96 3.7 2.82 3.26 6.67 7.16 5.06 9.53 5.8 6.56 9.03 6.94 5.77 9.06 4.27 5.09 3.67 6.55 3.51 3.24 4.04 4.4 7.32 7.65 3.68 14.67 15.43 5.07 6.28 4.33 5.92 8.31 3.21 7.24
12.3 7.62 7.79 11.54 10.33 8.4 14.17 14.59 23.79 9.54 21.51 19.0 24.98 6.49 9.41 6.01 4.03 10.38 16.18 15.3 10.45 15.27 13.97 8.31 9.68 7.72 6.02 20.45 20.37 8.09 8.0 3.31 4.5 5.01 2.87 5.0 3.0 3.04 7.59 11.26 10.17 9.53 3.13 10.05 6.92 3.02 3.35 3.98 2.88 3.57 4.15 4.33 4.23 5.77 8.84 14.25 5.23 6.91 8.55 7.56 5.66 6.1 5.7 5.13
9.75 8.3 6.23 9.52 10.16 11.92 10.71 14.43 18.62 13.26 13.6 16.0 9.78 9.17 10.05 6.17 2.39 4.94 15.7 14.48 17.27 24.51 9.65 8.49 9.03 4.75 7.26 18.91 11.99 11.22 11.13 6.15 4.54 4.12 2.94 1.8 1.46 3.4 6.66 3.28 3.65 10.06 11.28 6.74 7.17 7.79 5.42 5.93 5.08 10.48 4.28 5.47 6.36 8.3 11.6 10.94 8.58 5.0 7.47 10.69 8.52 7.33 4.97 6.78
5.12 5.98 5.32 7.42 12.49 18.22 8.22 8.84 7.82 18.56 10.64 7.92 12.79 9.51 11.39 4.31 3.43 4.96 6.49 9.64 18.88 17.63 5.5 9.72 8.03 7.62 8.33 13.5 16.88 10.34 8.27 6.26 3.62 5.57 2.71 1.66 1.84 2.3 5.14 3.02 2.47 5.83 8.42 12.76 6.71 5.71 4.69 5.6 6.31 8.02 8.47 6.7 6.03 11.94 14.1 7.16 12.45 4.89 13.23 10.13 10.17 9.35 6.69 4.78
4.64 3.42 4.4 7.05 6.9 9.43 17.4 4.35 6.27 6.84 22.99 5.95 4.59 8.77 6.51 5.71 5.8 6.27 4.49 4.93 12.51 11.32 4.69 8.12 11.98 9.89 9.22 14.96 10.69 8.09 4.64 3.26 3.17 3.93 2.34 1.14 2.11 2.68 3.05 3.11 3.09 8.24 9.42 10.98 7.34 5.91 3.39 3.32 4.65 8.07 8.75 8.51 9.14 15.52 17.36 17.11 7.0 4.75 11.59 7.03 9.86 7.7 5.14 5.67
2.69 3.5 4.16 5.71 4.45 3.61 8.95 8.44 8.55 7.09 11.45 10.33 7.17 4.82 4.99 8.46 9.13 7.76 5.57 8.6 6.84 5.52 4.02 6.42 16.94 10.6 9.24 7.85 10.69 10.59 10.46 2.6 3.09 6.57 3.62 5.53 2.58 3.27 1.17 2.87 6.48 5.59 9.1 10.46 5.42 5.44 4.9 2.7 2.85 7.48 7.86 15.22 7.33 11.44 9.78 16.87 18.5 6.97 4.71 4.19 9.22 6.83 6.31 4.9
3.8 3.04 4.31 4.12 3.96 3.14 4.36 9.11 5.76 6.15 5.84 6.94 9.35 4.78 5.36 6.74 11.69 12.78 12.16 13.56 5.21 3.87 6.24 9.24 16.21 17.05 16.48 7.79 12.74 15.3 10.04 4.31 4.71 12.86 6.71 5.2 6.98 5.05 4.02 4.1 6.23 10.23 9.4 7.46 9.67 9.1 4.56 4.02 4.88 5.78 7.02 11.99 20.77 12.64 18.36 21.88 11.44 5.08 6.25 12.42 16.25 5.73 8.13 5.42
4.7 5.62 4.74 6.27 6.01 7.98 6.76 10.8 7.75 4.39 8.31 4.83 4.2 6.45 9.85 8.53 16.32 11.01 18.43 15.69 9.7 6.9 8.58 9.77 10.56 15.26 22.5 29.53 13.87 19.4 20.05 7.3 9.18 9.69 10.63 11.07 8.08 4.69 4.06 4.44 3.14 7.22 10.22 19.44 14.49 8.83 6.3 4.79 4.52 6.46 8.82 11.0 19.54 24.47 10.24 10.47 5.91 7.27 7.17 11.34 18.67 11.79 4.9 7.87
6.23 4.24 8.55 10.63 9.11 4.23 7.04 10.39 9.82 6.63 5.73 5.34 8.1 9.78 7.41 7.97 24.71 15.95 21.31 18.34 8.22 5.98 4.78 9.51 7.58 9.41 11.58 20.84 26.53 23.98 29.75 15.46 14.23 10.11 11.69 19.48 5.5 5.52 2.0 1.64 5.15 9.21 7.66 12.52 13.25 13.52 10.08 6.02 5.43 8.31 6.63 19.56 14.45 19.08 19.24 8.05 10.33 9.81 22.16 15.19 8.03 8.44 7.41 7.84
15.86 6.09 6.78 10.08 9.49 4.04 7.62 11.54 10.29 11.36 9.49 6.92 8.86 8.24 10.79 10.6 13.36 20.94 23.76 11.17 7.83 3.32 6.9 6.94 2.87 6.88 4.74 7.5 16.66 25.21 17.33 15.75 11.64 11.75 12.29 6.66 4.83 4.4 5.59 6.49 5.3 6.99 7.72 25.75 10.34 12.11 14.32 8.37 9.73 6.14 7.11 13.15 10.79 17.62 15.81 10.16 13.72 14.52 17.28 16.43 21.29 7.93 6.44 4.47
22.42 12.01 5.88 13.69 5.28 7.53 10.39 6.25 9.22 6.8 7.68 5.98 5.98 4.84 7.53 16.53 16.45 16.94 9.94 8.57 9.47 3.97 2.76 2.16 3.2 7.27 4.83 5.46 13.14 35.8 21.08 17.52 11.34 15.48 8.9 7.48 4.92 6.38 8.63 9.23 8.21 9.22 14.79 21.64 9.15 12.65 9.09 7.16 11.66 17.68 9.11 12.43 12.29 10.21 12.82 11.97 10.81 9.31 16.14 6.48 11.46 15.14 16.05 13.39
12.81 8.72 8.54 6.41 8.84 6.31 9.64 7.6 6.52 12.83 9.69 7.29 5.75 4.1 6.7 11.02 16.95 20.4 14.42 9.16 12.2 4.95 2.81 2.87 3.48 4.11 3.98 5.81 9.15 18.69 18.62 11.45 17.36 9.63 19.05 7.79 3.26 4.9 8.79 10.18 13.38 16.62 15.33 23.26 7.7 16.36 27.62 5.49 5.93 13.4 14.09 9.98 12.9 13.11 8.26 13.37 11.41 8.88 3.21 5.37 12.98 12.46 15.13 6.41
12.44 16.01 8.97 11.71 5.43 5.97 12.25 11.75 10.87 7.59 14.58 9.49 7.89 3.42 5.93 7.81 9.64 8.08 6.14 8.72 13.91 6.93 4.16 3.61 5.61 3.98 5.38 2.82 11.52 26.45 11.93 15.37 14.78 14.94 11.4 11.5 6.03 8.63 5.54 5.29 9.91 19.15 35.06 21.66 12.53 12.8 10.32 11.52 8.46 12.72 6.41 9.39 14.87 6.31 9.36 12.66 10.63 8.09 4.58 4.89 7.52 12.8 12.07 5.09
6.48 11.84 5.29 7.12 9.23 6.12 8.46 8.79 10.15 13.93 13.68 19.95 14.7 4.7 8.84 8.62 13.72 12.53 7.9 6.4 6.05 5.21 3.38 3.78 3.08 3.54 2.88 9.19 9.85 15.18 23.96 26.77 19.77 11.93 7.46 14.49 17.67 4.95 3.82 11.54 11.08 15.6 11.51 39.72 14.66 9.25 15.74 4.96 14.84 13.42 6.97 6.59 9.13 7.56 7.64 14.14 9.85 7.87 5.75 2.39 4.05 5.44 9.24 7.72
6.18 7.55 6.46 5.69 4.5 6.24 9.96 10.03 14.58 9.03 15.72 6.04 19.06 5.81 4.83 10.26 8.93 10.78 17.88 5.79 2.65 2.69 1.47 2.94 2.14 3.22 4.11 7.71 14.92 20.29 21.54 20.25 13.15 12.3 8.17 7.7 11.66 11.19 7.61 10.26 19.33 15.98 6.03 14.31 18.29 10.89 7.64 4.15 5.92 11.99 5.97 7.48 7.9 4.28 18.2 18.95 9.97 6.22 4.19 2.85 3.07 6.28 9.22 6.71
10.71 7.07 3.47 4.12 6.34 3.7 10.42 12.03 16.18 13.06 11.07 8.24 7.16 4.59 5.53 7.03 9.33 12.0 5.68 3.35 4.6 2.98 3.67 3.07 1.87 1.64 4.3 8.21 10.36 16.45 6.91 9.69 9.08 6.56 10.03 11.09 5.32 6.55 8.73 9.47 12.91 7.7 6.36 14.3 8.14 14.0 3.49 4.81 14.04 8.89 6.85 3.26 4.09 8.21 6.69 7.02 3.94 7.59 5.79 4.04 3.34 3.77 6.03 14.79
10.93 5.31 3.92 3.79 6.84 7.58 5.8 7.67 7.65 16.79 12.78 5.27 4.94 4.6 12.97 5.26 4.37 7.96 2.73 2.33 7.18 5.18 4.59 2.92 2.46 4.33 3.74 2.99 9.49 8.89 5.27 5.33 6.03 9.86 6.89 10.48 10.14 5.95 11.54 9.57 11.77 8.92 8.26 7.64 5.18 7.2 6.54 6.17 13.25 16.1 6.22 9.43 5.33 4.05 5.4 6.53 3.07 4.42 5.84 3.78 5.26 3.61 4.81 8.09
8.89 5.75 4.12 5.35 6.91 6.11 14.57 15.91 13.07 12.49 17.93 9.17 7.32 4.78 6.77 7.58 6.17 4.94 3.46 5.18 6.76 9.36 6.73 6.85 3.64 2.45 2.28 5.66 9.2 12.56 5.34 7.26 5.55 8.11 14.79 17.59 11.37 10.18 7.09 8.91 20.61 11.92 9.48 8.17 5.38 4.07 5.19 7.34 8.41 15.75 6.8 5.01 10.09 2.8 2.96 5.33 5.38 4.75 3.18 2.2 5.21 6.06 6.31 6.33
13.65 5.7 3.38 6.96 10.01 4.53 8.18 18.87 14.16 19.59 19.06 11.04 13.54 5.22 4.75 8.05 7.57 8.47 4.23 4.94 4.46 9.94 5.71 7.34 3.68 3.39 5.03 4.81 16.31 15.18 9.1 8.86 14.38 19.55 11.58 21.19 12.77 13.54 6.3 4.76 15.43 14.84 5.22 7.09 7.88 5.96 7.68 9.55 8.06 10.6 10.09 8.73 3.6 2.08 4.16 5.61 3.7 3.5 5.07 3.28 2.73 6.22 13.21 10.65
13.12 6.46 5.41 3.87 7.43 10.1 14.89 9.28 13.83 13.71 16.97 19.22 9.77 5.44 5.61 7.04 8.55 3.19 7.51 4.2 6.26 5.24 3.61 7.31 4.87 5.04 7.65 8.2 6.89 7.94 10.17 9.25 15.04 14.1 10.83 17.1 15.67 5.11 4.4 5.62 7.88 9.3 4.89 5.45 7.6 5.92 11.15 9.1 13.02 15.22 9.38 5.16 3.2 3.66 3.35 6.56 5.61 5.42 5.37 5.01 9.55 4.84 5.83 9.7
9.07 4.79 4.43 5.34 3.85 13.62 16.08 14.58 14.66 12.16 10.3 5.24 11.84 4.65 5.88 6.16 5.88 4.03 4.51 6.48 5.47 6.75 5.21 6.02 5.99 4.67 5.28 11.74 11.61 7.15 9.7 10.04 15.44 10.84 6.38 21.46 11.13 2.68 5.66 7.53 13.53 5.12 4.12 11.12 10.47 8.91 6.84 9.41 10.21 26.35 12.43 4.37 1.77 3.51 6.13 5.0 6.24 4.8 6.32 5.48 5.93 11.1 6.57 8.76
7.14 1.83 2.41 3.43 5.19 6.6 20.7 17.85 12.69 29.39 23.85 6.61 6.24 7.16 9.8 10.21 4.68 4.69 12.69 15.92 16.89 7.18 5.71 7.25 3.67 7.31 5.31 9.35 8.31 8.22 17.13 12.12 22.1 6.22 6.56 8.47 12.46 5.58 3.9 6.89 4.65 5.85 4.79 12.29 12.52 10.74 6.9 11.74 12.78 12.66 7.55 2.76 6.95 8.81 6.52 6.24 4.03 7.76 6.53 9.41 7.63 4.86 7.08 4.1
7.66 2.3 4.05 4.7 5.82 4.88 16.36 20.8 18.12 31.56 13.7 10.46 10.7 10.5 16.23 8.4 6.93 5.9 15.62 25.73 15.39 9.46 4.06 3.61 6.48 7.21 7.89 6.54 7.99 12.0 15.3 10.19 5.79 11.19 12.33 16.39 15.45 8.35 5.83 9.27 9.42 3.33 6.02 7.57 7.57 7.4 4.45 6.33 8.35 9.14 5.67 3.95 5.83 5.27 8.17 7.99 4.17 7.4 13.86 10.51 12.9 10.8 7.38 6.41
3.87 5.36 6.3 4.31 6.64 6.84 7.88 8.76 15.37 14.17 7.36 10.28 16.44 7.68 10.77 11.83 12.73 8.97 27.03 17.19 5.3 8.88 12.34 5.97 4.32 7.74 6.74 6.86 4.44 12.21 18.74 7.15 5.07 8.7 12.5 8.3 6.19 8.02 6.27 7.08 4.75 4.42 5.2 7.3 7.19 9.84 6.12 3.31 8.16 16.6 3.89 9.49 4.8 2.86 4.71 7.77 5.52 4.86 9.74 17.73 27.65 14.78 10.08 8.11
2.59 6.77 5.44 4.09 13.8 9.23 11.89 6.72 13.26 5.33 13.23 8.95 9.02 5.92 7.06 17.11 4.99 6.57 12.46 7.14 7.32 11.26 10.8 11.24 4.34 7.92 5.2 3.83 6.72 12.88 22.52 8.99 6.63 6.43 6.11 8.19 7.52 6.17 7.44 5.29 4.1 7.62 10.14 11.37 7.45 6.76 5.78 4.95 6.04 8.74 3.49 4.98 5.18 2.84 4.39 5.12 4.08 8.19 11.51 17.24 28.39 16.64 8.41 5.92
5.12 3.31 4.98 5.59 15.73 10.14 8.03 11.92 13.33 7.84 8.76 18.63 8.69 6.77 8.55 13.5 4.35 4.77 10.02 10.04 16.31 27.15 17.36 12.0 7.77 9.08 6.83 3.81 8.03 15.16 22.13 11.25 5.43 3.07 4.3 7.81 10.49 7.02 3.93 4.74 5.09 16.94 6.1 11.05 10.42 8.17 6.64 3.8 5.11 5.25 5.61 4.85 3.94 2.64 3.44 10.0 5.82 16.25 23.52 14.53 36.42 22.4 7.82 10.66
6.08 4.97 4.85 9.19 8.6 10.18 5.84 11.26 5.76 8.39 15.83 15.85 19.3 8.66 11.0 10.62 8.6 12.03 10.39 7.05 8.04 10.76 11.42 8.77 11.0 12.87 5.42 6.99 15.57 13.46 14.72 15.03 12.69 4.46 3.64 5.66 9.06 12.05 7.16 3.35 8.57 13.16 5.96 10.83 9.56 6.82 6.6 5.6 6.17 5.05 8.38 9.01 6.23 4.0 8.82 12.57 6.78 15.98 27.2 29.88 54.63 30.29 9.21 6.04
3.62 2.49 2.88 6.99 7.69 4.0 6.5 7.23 7.37 8.17 11.19 10.35 11.3 9.53 10.42 27.48 12.18 6.98 14.07 9.82 10.56 7.01 9.86 9.17 7.49 7.63 7.52 10.43 9.9 11.69 8.28 12.62 16.79 7.69 13.29 9.15 7.4 4.32 4.82 4.85 9.4 9.45 7.43 6.27 5.9 5.79 4.37 8.87 5.45 3.96 7.07 4.29 8.84 6.17 12.25 15.7 17.77 41.07 26.99 20.58 16.17 18.14 9.71 7.48
3.72 2.83 3.4 3.25 5.31 2.52 10.46 4.94 2.16 10.45 8.23 5.74 9.13 6.52 10.06 12.19 14.46 15.99 10.53 11.71 11.69 9.87 6.8 14.91 13.0 4.11 4.21 8.7 12.95 8.76 7.53 11.29 14.02 24.09 13.03 11.88 4.68 6.15 5.27 5.35 5.71 5.9 4.52 6.38 6.75 4.73 5.72 8.68 3.78 6.63 7.28 2.64 1.49 8.15 19.34 14.36 13.35 13.57 14.22 10.79 17.85 7.01 4.23 9.95
5.86 4.86 6.21 4.33 6.01 5.29 10.84 9.6 5.52 5.67 8.09 5.72 6.03 6.61 6.04 18.15 15.25 8.34 15.39 8.03 8.52 5.62 12.38 15.42 6.91 4.01 4.88 6.17 10.83 13.36 5.94 15.51 12.73 14.53 15.94 6.97 6.21 3.84 9.99 5.53 4.33 2.97 2.75 6.23 6.8 3.73 3.85 7.37 3.7 4.35 4.13 3.35 2.83 6.27 15.39 10.79 8.25 13.24 7.19 10.16 14.09 6.91 3.29 8.33
5.55 9.45 4.1 5.37 6.69 12.34 11.53 10.66 12.71 5.57 4.59 2.09 3.77 8.63 8.61 12.26 13.03 7.23 7.28 7.81 6.91 4.17 5.66 8.84 7.71 5.53 5.09 7.18 10.24 7.73 10.5 7.56 14.39 9.33 12.51 9.21 7.89 11.18 9.01 5.24 8.53 6.31 6.44 7.04 3.62 4.42 3.66 4.51 4.47 3.91 5.95 5.82 3.77 10.26 7.75 11.32 11.23 9.72 14.01 9.55 6.91 7.59 8.86 10.5
5.05 9.96 8.25 3.05 5.77 8.58 10.71 9.9 7.31 7.1 5.11 3.13 5.23 4.61 4.87 15.53 6.78 6.33 8.91 5.67 2.22 2.88 6.45 8.24 5.1 6.55 5.26 4.1 7.44 3.89 14.99 11.99 8.65 18.37 15.05 11.56 7.15 7.94 7.7 6.12 10.26 9.77 4.46 5.22 6.62 6.64 4.22 6.2 5.49 5.9 4.39 7.91 12.4 5.29 6.26 13.21 13.59 8.41 10.37 21.14 9.44 7.15 9.6 6.2
9.98 7.69 7.24 5.46 3.92 7.69 7.96 12.2 7.1 4.58 4.04 6.01 12.37 5.43 5.01 7.15 16.09 8.61 3.5 3.12 3.79 4.41 8.58 5.23 5.44 4.01 7.46 7.31 3.75 4.58 6.13 19.57 12.19 13.66 15.57 9.34 13.66 21.65 9.14 6.55 6.17 9.56 8.82 7.02 6.05 6.17 3.52 5.79 6.19 8.23 11.07 5.97 7.05 5.34 8.79 14.97 5.31 4.61 5.79 7.06 7.64 6.62 8.7 9.25
5.23 5.9 8.4 9.54 7.31 14.58 9.71 8.54 16.57 5.81 4.47 9.06 6.42 3.53 11.49 7.77 12.27 13.61 9.11 4.35 5.38 7.37 8.12 10.72 3.97 11.08 5.78 5.32 6.14 10.11 9.1 7.18 12.84 10.33 8.52 15.89 22.02 15.56 6.88 8.03 5.01 3.01 9.65 12.46 8.8 8.72 4.07 6.47 6.77 10.82 7.75 14.71 14.21 7.68 8.46 7.69 9.97 5.16 4.53 4.94 7.48 14.31 8.52 8.55
5.1 3.85 7.58 8.64 9.84 12.84 16.04 12.53 23.88 8.53 4.66 13.62 8.04 5.34 13.15 13.57 19.26 12.0 9.69 5.63 7.61 7.27 4.07 9.09 8.35 8.82 9.84 5.98 7.44 8.47 13.89 5.96 7.32 10.03 19.69 9.78 21.8 22.3 15.27 12.07 6.25 2.24 5.73 23.14 23.25 16.8 9.53 9.38 6.54 15.58 12.63 12.76 16.78 12.73 11.87 7.79 5.46 4.55 6.14 4.81 7.24 12.85 11.02 8.32
4.75 4.66 4.42 6.87 8.89 10.96 12.72 7.11 10.74 9.75 11.56 11.14 12.27 10.4 10.54 19.04 10.08 19.8 12.79 5.81 7.19 5.65 15.55 9.18 8.33 6.69 9.69 7.54 13.21 8.86 5.26 4.68 6.02 9.87 14.2 13.36 14.3 24.5 17.41 9.46 8.99 4.24 4.02 19.25 25.02 16.56 13.64 11.78 11.31 10.49 9.53 21.4 15.09 10.12 17.95 18.69 11.75 4.23 7.05 6.43 5.59 8.95 8.75 13.54
3.88 5.13 6.82 6.81 8.58 11.76 5.15 3.44 8.37 14.17 15.64 10.71 13.02 14.49 14.49 14.7 12.22 19.7 13.45 5.72 15.76 4.83 5.31 18.25 4.89 5.09 5.25 8.36 8.25 6.79 10.35 5.22 2.84 4.51 11.96 11.22 8.33 18.48 17.53 20.16 9.31 10.3 11.34 16.89 20.37 12.74 16.92 12.73 9.82 6.68 10.18 23.99 11.54 13.27 8.12 17.81 6.49 5.37 3.33 2.15 7.24 6.01 12.35 12.2
7.44 8.18 10.77 5.54 4.34 15.45 11.13 4.22 8.91 8.55 16.87 13.84 18.15 5.94 12.57 10.84 7.66 17.28 16.07 8.16 9.55 16.27 15.67 11.99 8.2 4.67 5.55 8.92 10.78 6.08 6.52 8.39 6.23 3.66 4.6 11.96 11.25 8.26 12.0 19.64 14.98 9.21 10.16 13.68 24.27 20.75 5.01 6.15 6.97 10.05 9.24 8.19 16.54 14.63 13.07 8.0 5.06 3.8 3.29 2.07 4.56 7.33 5.05 9.61
9.09 11.8 9.29 5.61 7.0 6.77 9.29 6.07 5.9 10.9 16.33 15.37 11.18 8.15 12.33 14.13 13.23 12.74 7.2 9.14 13.39 30.35 22.67 15.81 17.29 14.92 10.25 6.98 6.32 8.74 9.91 7.88 10.8 4.12 3.95 7.91 17.54 24.13 13.73 11.05 8.58 11.88 8.13 14.73 16.63 10.71 9.27 7.31 4.82 5.01 8.46 11.17 10.74 12.44 8.33 4.34 3.21 4.3 3.89 3.35 4.54 3.9 3.46 5.23
3.9 6.58 11.31 12.37 11.01 4.68 8.58 12.6 7.83 5.38 11.42 16.47 14.08 18.98 19.99 18.95 10.03 6.82 9.52 5.99 28.46 23.63 18.94 16.27 14.09 16.65 8.72 5.91 6.66 16.52 12.4 10.48 6.91 4.63 8.46 7.69 11.68 9.93 10.84 10.7 6.26 8.86 6.67 9.66 13.68 15.75 8.85 6.3 3.46 3.19 3.32 5.5 6.35 6.13 3.62 3.29 5.36 6.55 4.39 3.68 5.38 5.44 3.34 6.66
3.99 4.82 5.68 9.13 9.95 10.4 7.45 6.16 6.13 5.01 6.36 11.46 15.81 16.3 14.76 18.07 14.83 7.12 8.25 10.75 26.25 26.53 10.89 13.25 10.12 6.24 7.34 7.63 6.78 9.01 19.25 8.62 5.32 7.17 15.82 5.75 6.48 13.14 9.58 8.0 7.09 10.06 14.25 9.39 9.54 13.58 6.59 5.11 3.84 3.23 2.28 2.61 4.45 4.71 4.47 10.44 8.31 2.97 4.86 5.02 14.26 3.93 3.17 9.66
2.9 5.34 9.6 7.7 4.89 6.17 11.15 12.81 3.31 2.87 8.03 10.48 9.24 7.91 10.62 37.7 13.44 11.37 6.57 9.08 14.23 11.28 13.6 7.06 7.82 4.21 4.5 6.46 4.93 7.64 13.9 14.75 6.86 7.87 9.92 9.02 13.44 15.5 16.44 7.15 7.55 8.2 11.6 19.28 6.04 13.77 8.04 4.39 7.11 3.55 2.56 2.09 5.23 3.31 3.81 6.89 9.11 5.25 5.19 8.78 12.36 5.64 8.69 15.05
5.08 4.69 7.99 5.19 6.61 7.32 4.6 7.19 5.59 2.12 4.45 5.48 9.26 18.03 17.74 16.14 12.94 9.32 9.07 4.85 11.08 5.97 9.92 14.93 12.59 5.33 6.86 9.69 5.67 12.44 15.35 11.57 5.53 7.7 10.34 7.33 15.47 27.59 8.85 11.41 12.79 5.47 6.94 6.76 7.46 8.65 12.36 5.18 6.34 6.09 7.46 3.16 1.76 3.34 5.75 6.21 4.35 3.83 4.62 4.46 7.84 5.9 7.17 9.1
3.63 5.9 5.74 4.32 7.86 11.8 7.42 3.59 4.79 4.31 13.41 10.28 11.1 7.02 20.46 12.39 9.01 10.97 6.42 4.36 3.08 6.84 13.46 10.78 9.9 6.49 7.05 6.06 5.72 6.22 12.99 12.08 6.41 8.39 6.34 5.73 10.73 13.68 12.13 6.27 10.33 2.32 2.77 3.94 4.15 13.54 5.93 8.65 3.94 6.01 2.91 2.48 2.78 3.14 5.19 6.7 3.77 3.79 5.84 7.24 3.89 5.41 3.32 6.32
7.77 3.09 4.91 4.12 5.42 9.65 6.52 4.63 5.17 4.89 15.61 15.18 15.31 13.46 10.0 6.47 9.73 7.86 9.32 6.62 3.61 4.83 5.45 7.1 4.73 6.16 6.48 5.13 4.65 5.15 10.54 7.45 6.78 3.13 5.94 4.11 14.1 10.1 4.03 6.84 3.88 4.77 1.92 3.91 5.39 10.54 11.01 5.27 5.49 6.04 3.9 1.58 2.68 2.4 2.63 3.56 2.31 5.21 6.16 4.85 3.62 5.21 5.13 3.74
8.54 5.59 4.15 8.67 3.44 8.4 10.69 3.97 6.77 8.2 14.87 13.68 8.74 14.75 6.33 3.43 8.85 16.65 7.31 7.08 7.6 6.09 3.8 3.37 8.21 3.51 5.48 5.89 9.53 4.65 4.68 5.26 7.07 5.78 4.85 8.03 6.59 7.49 8.46 9.49 8.76 3.72 5.42 4.72 3.92 9.27 8.03 5.49 6.01 4.57 4.83 3.1 2.48 2.33 2.49 2.97 9.32 4.33 6.18 6.09 4.99 9.29 3.93 6.6
11.35 4.64 6.44 6.09 3.59 6.41 7.09 8.11 6.54 7.26 9.18 8.81 10.86 8.06 7.44 12.63 17.08 13.28 8.43 4.53 15.57 8.6 6.86 5.62 2.84 6.56 4.3 4.16 3.83 5.02 4.45 6.64 5.87 7.92 6.55 6.68 8.99 11.2 20.38 19.88 8.53 7.79 10.98 9.54 5.46 7.17 7.31 7.14 5.82 4.73 2.71 3.59 4.48 6.49 5.32 2.64 5.33 8.93 5.47 6.2 6.98 4.57 2.78 3.21
6.29 5.87 4.04 5.11 5.99 8.72 7.69 4.51 9.37 5.22 11.01 7.53 16.35 9.64 9.02 12.28 12.03 9.52 4.35 5.76 8.87 9.7 10.98 3.66 2.8 4.07 4.42 2.71 4.16 6.27 2.5 7.21 7.77 7.13 10.53 13.86 13.49 9.36 8.94 16.42 14.9 6.53 13.91 11.69 5.61 9.88 4.34 7.56 4.71 1.98 2.45 4.18 9.54 5.45 5.33 6.93 9.38 8.75 5.61 5.78 4.74 2.44 3.83 6.33
2.78 4.94 6.49 3.68 4.71 5.07 5.8 7.06 7.08 6.52 8.28 13.76 23.76 11.17 12.93 9.63 9.09 6.29 5.72 15.14 4.15 2.79 5.88 4.96 3.66 4.35 3.02 2.25 7.86 4.58 5.18 4.65 4.02 7.54 18.03 19.48 9.38 12.35 11.04 20.52 13.31 9.04 15.65 9.47 8.37 5.92 3.79 3.01 6.13 3.27 2.97 7.14 4.34 10.47 8.23 8.21 10.14 3.64 2.78 4.52 3.97 3.01 4.62 5.7
4.67 5.87 4.82 9.59 7.68 11.2 8.65 6.4 7.93 7.5 12.42 15.17 14.93 19.25 13.27 13.24 11.97 8.35 5.87 18.79 7.43 2.82 3.11 2.46 2.78 3.95 4.36 8.61 9.01 3.84 5.0 13.5 6.42 6.03 16.39 20.79 15.37 9.38 12.35 16.48 20.58 8.22 13.72 6.0 13.79 6.9 2.18 3.3 6.06 5.84 6.25 5.99 4.08 3.53 6.16 7.9 6.66 3.39 2.58 3.88 3.92 4.54 6.43 12.86
11.23 5.3 6.36 12.44 11.25 11.42 12.36 8.48 6.21 6.18 13.4 18.49 9.74 12.33 24.95 9.6 8.4 11.0 11.19 13.51 12.67 4.64 3.62 3.58 3.26 7.65 9.64 9.99 12.8 5.98 9.11 10.02 20.16 8.96 13.58 13.79 17.45 16.34 11.74 11.38 15.74 10.97 8.16 5.81 4.61 8.1 6.09 5.13 8.32 8.21 12.79 8.81 2.74 3.97 9.83 10.78 4.14 3.19 4.75 2.64 5.83 7.8 6.92 8.46
8.65 6.26 12.34 14.65 8.02 15.09 10.19 9.06 7.68 5.41 14.9 15.93 11.29 6.43 21.8 8.63 3.98 9.7 7.0 6.78 9.5 5.95 3.4 4.2 3.5 4.54 7.4 7.06 11.02 7.84 8.19 17.56 17.49 12.86 17.26 11.47 14.43 18.57 8.62 17.01 11.71 5.32 4.54 7.41 6.91 7.91 9.92 7.06 12.54 11.69 14.29 8.54 3.51 11.59 15.46 16.06 4.55 2.4 3.75 3.38 4.93 10.72 8.79 5.25
