8.15 17.1 12.87 30.33 23.83 24.04 12.98 9.86 21.66 14.61 8.9 12.95 5.34 11.02 14.42 9.93 16.48 16.72 16.8 18.03 6.95 5.5 13.35 9.58 5.82 4.58 6.63 3.94 3.06 1.43 4.12 4.52 7.37 12.69 11.48 6.34 4.59 5.45 4.63 3.57 5.53 8.51 12.12 15.88 12.88 13.39 13.04 9.2 8.24 7.69 5.13 3.71 4.41 6.66 7.39 13.43 5.36 10.35 13.46 16.24 16.33 15.34 13.9 10.25
11.81 14.23 10.0 17.95 20.02 9.92 7.02 6.84 13.79 21.75 7.88 4.04 6.85 9.75 12.55 10.17 9.51 14.68 18.12 9.81 5.57 3.52 7.52 12.69 10.6 13.51 8.38 5.35 3.29 1.94 9.34 4.88 7.92 18.48 10.45 7.58 5.1 3.57 2.97 3.73 3.53 4.13 10.56 10.84 14.64 14.91 11.7 11.01 11.61 6.15 8.95 3.0 3.51 6.57 6.56 9.41 12.15 10.05 11.36 20.03 15.69 14.36 8.57 9.45
12.07 13.5 9.87 12.22 11.13 11.07 7.53 10.2 10.22 10.22 8.6 5.44 10.49 5.44 9.63 6.87 6.95 5.43 15.81 7.58 5.69 3.5 9.76 16.69 10.8 13.65 11.1 4.73 6.5 5.79 6.3 10.55 11.16 7.79 6.18 6.42 7.89 5.69 2.58 3.56 6.43 10.43 11.41 12.19 10.98 11.22 14.56 3.23 13.99 9.55 6.59 4.95 5.46 2.89 4.0 3.55 9.78 9.57 9.45 23.96 4.92 24.46 8.22 6.23
6.89 10.38 4.87 6.29 8.43 5.65 5.3 7.01 7.66 7.94 3.92 6.01 9.85 7.46 5.42 4.03 6.85 6.5 10.49 8.11 5.67 3.11 5.01 7.6 8.45 10.92 9.05 11.14 10.47 13.54 7.32 22.71 10.73 9.27 6.75 3.98 7.1 7.64 6.68 7.58 14.95 9.08 9.61 10.91 7.78 6.97 10.01 5.18 9.23 15.53 9.04 7.19 4.61 2.63 4.4 6.69 5.84 7.11 5.56 14.34 9.04 8.63 12.55 5.39
10.73 8.44 5.42 2.64 4.88 6.97 5.91 11.47 9.16 4.54 6.56 6.29 11.09 11.08 6.39 5.1 5.3 6.72 8.38 5.1 5.44 3.88 4.98 3.81 5.32 3.48 5.81 12.5 14.99 14.99 17.22 20.93 10.7 6.39 8.39 9.14 8.41 8.34 10.39 9.34 12.8 8.94 8.13 12.83 9.98 8.03 6.87 7.56 10.64 7.07 9.17 5.56 5.18 4.35 2.65 5.22 7.78 11.07 14.13 15.37 16.37 6.87 10.83 6.51
6.51 2.74 2.53 5.09 4.48 12.23 6.7 11.15 13.78 10.15 5.58 5.12 10.63 8.46 6.75 6.29 5.43 3.73 9.05 8.9 5.57 6.23 5.44 4.14 3.99 5.02 8.23 7.6 8.75 9.18 8.58 8.04 8.94 7.77 7.38 11.16 13.46 8.65 27.56 12.03 9.29 5.29 3.72 5.65 11.51 9.4 12.12 15.4 9.85 10.63 6.44 4.67 6.5 4.4 6.38 7.05 6.59 9.85 11.22 18.49 14.09 11.79 8.47 7.28
6.26 3.96 2.24 3.61 12.14 19.45 9.21 8.12 12.6 16.23 4.61 3.95 8.09 7.07 6.44 5.68 5.79 4.1 3.17 7.41 5.29 8.75 11.55 7.56 8.71 8.49 11.36 6.34 6.26 6.18 6.59 6.92 3.86 6.68 6.78 11.14 15.55 11.27 12.96 9.97 7.11 3.73 9.4 9.94 9.12 9.44 15.04 14.58 12.5 8.15 4.6 5.49 11.99 5.13 6.23 8.29 11.64 21.12 18.83 18.36 10.27 10.9 7.0 16.59
9.05 4.66 3.29 6.35 8.69 11.44 6.9 8.27 12.62 9.99 6.53 4.13 5.38 4.65 8.03 3.53 7.12 4.61 5.71 5.06 7.54 6.95 11.89 7.61 8.44 8.4 9.4 5.37 6.92 3.6 7.5 9.16 6.7 8.39 7.03 5.74 6.31 8.05 6.76 4.19 8.56 5.07 5.8 10.83 8.51 14.6 13.52 9.8 12.11 8.56 8.49 2.97 3.68 11.96 8.64 6.83 17.75 13.96 15.92 22.24 11.4 18.52 10.46 13.73
6.67 6.58 2.72 9.14 9.39 6.45 8.46 15.8 11.82 6.63 2.57 4.48 3.52 6.14 4.82 2.93 5.96 4.96 6.0 3.91 7.8 8.88 18.98 8.69 10.18 12.53 9.16 4.07 5.68 4.36 6.85 11.87 7.62 11.5 2.88 4.92 5.23 7.3 5.06 3.96 5.61 8.47 11.05 7.76 13.51 9.68 7.76 7.71 4.41 9.33 6.44 5.1 4.35 5.08 8.1 11.05 19.07 11.32 14.9 23.87 10.9 10.68 12.3 8.42
4.54 5.45 7.29 8.2 11.16 10.06 9.57 14.12 10.53 5.74 2.67 2.11 7.4 3.4 5.73 3.54 5.78 8.17 15.14 10.31 4.58 7.13 7.81 13.89 13.2 7.83 6.77 5.3 4.43 6.72 7.29 14.94 12.21 8.34 3.65 4.59 2.49 5.68 4.39 5.64 13.47 8.44 5.93 2.52 9.95 7.85 7.17 7.4 7.59 9.3 10.1 7.29 3.56 3.9 5.06 8.11 9.12 13.14 10.77 10.29 9.39 13.75 16.34 13.22
3.06 3.25 7.41 10.59 11.12 8.63 10.64 11.93 8.34 6.94 4.72 1.65 3.23 3.81 5.97 4.66 8.15 6.77 12.12 17.87 7.02 10.41 5.64 13.75 9.88 12.84 7.75 3.7 3.94 7.62 16.0 9.22 9.31 6.29 3.8 5.68 6.02 4.57 5.71 3.1 11.68 10.52 8.81 4.86 3.97 11.99 15.35 6.39 15.86 14.76 13.61 11.33 5.8 4.77 5.58 4.78 6.24 7.74 5.16 8.11 6.84 10.99 15.06 14.41
4.43 6.77 2.82 4.23 5.93 8.04 8.89 7.65 6.23 9.48 4.47 2.63 1.86 4.91 6.35 6.68 9.49 9.05 8.35 11.3 8.02 16.02 11.09 10.66 4.79 11.89 9.17 9.97 10.82 8.85 12.02 10.09 6.01 6.81 3.98 4.24 7.85 5.27 3.21 5.59 10.73 6.61 3.64 4.69 6.51 6.54 20.79 15.14 13.36 15.4 13.41 8.35 7.94 5.37 4.66 5.59 10.18 5.84 1.98 4.47 5.84 7.44 15.78 11.59
4.11 3.51 3.8 3.91 5.82 10.4 7.26 4.89 3.41 7.31 3.35 4.8 6.88 4.34 7.12 7.32 14.03 9.19 12.49 11.02 8.76 8.82 12.85 7.77 4.34 8.93 11.14 9.21 8.23 5.04 7.85 7.63 12.23 5.81 4.0 5.29 4.78 5.36 5.04 4.32 2.94 4.37 3.55 3.79 13.58 9.51 11.11 21.01 16.65 15.68 18.03 6.71 11.8 7.9 5.22 5.81 17.48 6.77 4.78 6.29 6.97 13.05 6.35 8.04
4.53 2.55 2.9 4.03 4.47 6.71 5.64 8.31 4.84 5.4 3.82 7.59 5.72 7.9 6.14 5.76 13.3 10.6 12.21 10.23 10.55 8.95 15.6 10.06 6.54 6.83 7.09 8.21 6.91 7.05 8.85 13.91 8.54 7.49 4.48 6.31 7.24 6.2 8.57 1.58 2.05 3.14 3.33 3.89 10.87 4.44 4.3 5.59 10.47 21.96 12.29 14.25 10.34 10.67 4.96 5.97 13.7 14.89 7.32 7.27 10.19 18.07 6.15 8.48
2.69 1.64 1.09 4.53 10.84 6.18 6.68 5.23 5.41 5.47 7.59 5.9 8.9 10.56 3.71 7.43 9.57 5.39 9.0 8.17 6.88 10.34 6.84 7.99 10.64 13.5 12.64 9.73 4.89 9.67 5.43 9.31 8.12 6.14 6.79 5.84 10.65 9.23 5.92 3.72 1.56 3.44 5.9 7.85 8.41 4.88 2.76 3.07 6.84 7.8 6.5 11.56 8.63 11.04 5.87 9.38 8.11 12.25 11.64 10.24 13.97 10.6 11.44 6.08
5.64 6.21 2.55 4.65 5.87 4.96 7.65 3.21 5.23 4.93 7.11 5.6 10.72 4.15 6.17 8.41 9.3 3.2 7.01 6.54 9.25 7.13 13.01 10.87 7.33 12.99 8.72 9.83 5.47 13.11 14.03 10.49 5.88 4.1 6.27 9.14 7.75 8.82 4.32 2.94 2.45 3.69 7.09 5.37 6.04 6.98 4.76 4.65 5.39 7.74 11.69 8.76 9.57 7.93 3.51 4.31 5.62 10.7 24.27 12.82 7.05 5.4 7.52 7.91
3.92 4.21 4.83 5.18 4.5 5.85 7.12 3.39 4.86 3.38 4.67 7.33 10.38 3.3 6.17 4.53 3.3 5.24 3.46 7.0 5.77 5.41 9.82 8.36 4.56 19.74 18.48 12.5 8.5 10.24 5.98 13.94 5.38 6.01 4.98 5.93 5.05 5.56 9.56 7.74 6.33 9.13 5.18 6.34 6.77 6.94 7.99 6.15 5.23 10.54 8.45 5.02 5.71 4.25 3.4 4.23 6.38 6.32 13.76 13.7 7.19 8.42 5.0 5.77
7.03 10.68 6.89 3.37 2.87 2.1 3.28 3.23 5.43 4.52 4.47 3.3 4.45 3.25 2.91 4.04 3.25 5.27 7.25 6.91 2.72 4.36 8.39 9.97 16.83 12.35 11.09 11.7 11.38 11.3 6.55 12.06 5.8 3.42 2.4 3.37 7.02 5.56 9.18 11.01 10.1 9.27 5.54 7.13 11.05 8.01 5.0 5.64 9.21 9.43 8.4 10.63 5.53 4.18 3.19 4.28 5.71 17.16 12.4 11.48 5.46 2.88 5.87 4.71
10.01 8.77 7.23 7.66 5.9 3.5 4.2 5.66 6.6 5.76 4.38 3.03 3.42 2.59 1.0 3.21 2.03 3.4 7.11 7.6 4.41 2.82 4.27 11.53 27.17 11.98 12.84 14.11 10.29 7.49 6.07 2.49 5.09 3.73 3.16 6.19 5.87 6.87 14.11 7.91 8.62 3.68 5.19 7.46 8.22 5.62 4.2 4.52 10.82 11.74 6.04 7.35 4.84 10.62 8.7 11.88 11.0 11.74 7.67 8.72 3.71 3.17 7.52 4.45
9.02 11.1 9.79 8.48 6.4 10.36 4.76 6.22 6.23 9.68 7.64 2.53 3.46 1.99 2.29 2.6 2.34 5.08 8.54 4.6 2.47 4.75 4.34 10.93 23.33 22.23 10.13 10.15 11.18 9.43 4.64 7.26 2.8 3.45 3.9 4.26 5.5 11.14 12.53 7.48 7.49 5.43 3.37 7.05 12.35 4.39 5.52 8.77 10.36 5.07 3.93 7.21 5.24 8.1 10.02 13.28 10.18 10.77 4.37 8.54 4.15 5.16 3.85 4.57
4.33 8.56 8.46 9.33 10.39 11.71 9.88 3.74 10.41 6.22 8.27 2.62 3.82 1.95 4.82 2.13 6.91 7.3 7.51 6.7 2.06 4.46 8.57 9.58 9.77 14.41 13.35 15.5 21.34 11.35 2.99 4.64 5.08 6.15 7.18 5.26 10.92 6.74 7.91 7.96 5.99 9.51 6.11 10.16 18.77 8.53 6.77 14.77 9.34 3.75 3.17 4.28 9.07 5.89 6.64 15.12 7.81 12.31 4.71 5.16 6.62 4.68 5.05 5.79
3.79 5.99 7.83 7.25 7.96 7.0 4.44 4.07 9.83 7.33 4.02 3.19 4.64 3.96 6.52 4.5 4.82 6.05 6.63 5.51 5.5 12.13 12.26 7.22 3.98 6.59 10.91 17.22 7.2 6.95 4.87 5.62 11.29 12.55 7.57 6.61 9.76 6.46 9.05 3.75 4.23 17.92 10.22 17.25 13.58 12.15 8.27 14.16 11.11 4.93 4.69 2.35 8.39 17.43 8.18 9.84 8.17 7.1 5.2 8.47 8.51 5.4 3.49 6.25
3.92 3.66 7.82 6.37 5.34 3.07 4.96 4.59 6.99 10.99 6.61 3.09 4.5 5.54 5.05 4.0 4.83 14.72 8.31 3.81 4.5 12.6 11.52 5.6 3.3 5.89 12.62 14.82 8.59 9.31 4.98 6.46 11.96 12.69 5.93 4.67 5.64 5.78 6.68 4.44 7.95 10.02 8.04 18.15 22.97 16.8 8.29 8.83 13.08 18.47 3.82 3.18 6.76 10.29 9.85 7.42 6.58 10.75 4.99 7.84 6.75 5.51 3.22 4.0
4.64 4.76 6.21 6.73 7.14 2.98 5.9 8.3 10.34 7.39 4.63 4.25 4.95 3.2 7.14 3.8 2.63 9.16 4.96 4.05 6.2 10.59 7.09 3.9 8.34 8.52 11.51 9.79 6.97 8.61 8.58 7.52 4.68 6.06 13.17 4.41 4.63 4.47 2.68 2.34 12.4 7.25 10.63 11.05 22.82 9.8 6.83 9.68 16.78 24.01 16.38 7.6 4.4 7.87 9.55 7.55 6.52 13.17 5.83 9.74 3.74 3.47 3.19 6.47
4.98 5.43 8.95 5.05 5.26 5.15 7.5 12.11 10.54 6.79 6.04 3.61 4.47 4.21 3.79 3.36 2.45 3.91 3.32 3.9 3.42 4.32 6.01 6.56 5.56 19.77 19.85 14.46 5.77 7.27 8.48 8.78 2.43 3.77 15.34 9.68 7.02 2.38 2.47 2.55 9.76 7.85 6.37 11.88 12.91 13.51 6.73 9.26 11.9 9.64 12.85 15.9 5.44 14.4 7.84 7.23 17.52 13.7 8.97 6.38 3.38 2.57 2.28 7.15
7.7 8.55 19.39 12.29 5.39 5.51 8.93 6.71 8.61 3.82 8.66 4.15 6.05 9.15 8.62 5.86 3.95 2.66 3.81 1.95 2.78 2.63 4.26 4.35 6.82 10.08 18.8 13.76 6.84 3.51 3.77 4.58 6.54 8.26 8.39 9.97 5.29 2.17 1.91 2.77 4.15 8.88 5.16 10.49 13.9 9.39 9.72 9.77 5.65 10.22 9.67 12.2 7.68 5.31 7.93 12.0 16.48 18.92 14.03 9.69 4.13 2.09 3.45 6.75
9.0 7.8 12.42 12.32 13.73 7.9 6.52 9.09 11.0 5.55 5.25 4.02 13.78 8.94 8.94 2.97 3.55 4.28 3.77 1.93 1.75 3.39 4.41 4.58 11.26 8.36 11.82 11.06 4.4 3.72 3.1 3.81 6.29 6.81 12.43 8.33 6.15 2.2 2.64 3.63 4.48 5.8 6.15 13.33 16.52 13.28 12.03 14.89 4.01 6.01 7.86 10.31 9.51 5.17 9.26 11.28 8.91 15.75 14.9 8.14 5.01 2.18 3.25 8.94
7.3 8.56 19.24 10.65 14.0 6.42 11.38 11.96 17.1 6.77 4.14 5.1 9.63 9.35 6.82 4.53 4.02 6.66 2.05 2.85 2.71 7.53 11.13 7.87 9.45 10.01 7.29 4.63 4.12 2.25 2.74 6.28 4.49 10.71 7.36 7.0 4.52 2.31 2.63 2.57 5.91 7.46 6.18 9.52 11.46 8.14 8.09 6.43 5.19 9.75 7.78 10.02 5.51 6.12 8.72 18.26 7.9 8.26 5.29 9.24 5.96 3.06 7.58 11.37
8.41 10.5 13.63 12.68 7.43 4.88 19.19 11.7 11.66 6.15 5.23 4.08 13.87 12.75 4.02 2.54 5.28 9.69 3.61 3.72 5.39 12.02 8.81 8.77 6.81 12.34 9.54 2.86 4.49 3.34 5.73 4.14 3.91 5.08 5.12 4.02 6.46 2.52 2.65 4.6 8.18 6.18 8.43 3.64 8.7 8.32 10.38 11.38 8.31 4.73 7.91 7.64 7.22 6.56 6.06 11.68 6.92 8.4 3.57 7.73 6.94 4.06 6.79 5.18
14.61 13.37 17.38 7.73 5.68 11.98 9.58 9.58 4.9 5.11 3.34 8.34 10.88 8.83 8.56 5.84 5.25 6.56 2.73 2.36 4.96 10.42 7.82 15.18 9.3 12.59 10.33 6.22 4.91 6.98 6.1 6.11 9.36 3.05 4.24 3.16 3.89 5.75 4.62 5.67 11.18 4.39 6.09 3.45 8.02 9.25 7.04 9.75 10.21 5.1 9.01 5.23 4.79 5.63 6.24 8.28 9.02 9.81 9.81 5.56 3.76 5.48 2.49 3.32
10.53 10.97 10.83 8.71 7.53 11.27 8.36 6.05 4.11 4.48 9.1 13.05 9.54 10.04 10.78 3.94 3.44 4.1 2.79 2.79 4.24 6.61 4.18 5.83 5.63 12.79 16.79 11.16 9.05 7.24 11.19 5.34 10.97 7.06 5.3 2.66 5.08 6.03 6.64 7.87 15.77 10.74 7.04 6.03 6.65 8.59 10.67 7.74 8.11 13.56 3.95 5.11 2.96 4.66 6.46 7.2 10.99 13.76 9.36 8.1 4.0 4.83 2.97 4.36
5.72 13.25 13.24 6.9 8.28 5.66 5.52 4.98 5.71 10.95 8.66 10.34 8.44 13.74 15.37 7.95 3.82 2.91 4.41 1.95 2.37 6.43 7.21 3.64 5.7 6.62 8.59 9.0 15.64 5.54 6.67 4.6 8.73 6.65 13.94 2.71 7.75 3.95 6.2 10.56 8.71 10.23 6.58 8.84 9.1 13.43 7.95 8.75 10.56 15.09 6.94 5.64 5.97 7.43 7.38 5.79 7.59 11.21 10.58 6.58 4.83 3.2 6.26 8.22
6.37 6.76 9.3 8.39 8.94 3.38 6.78 5.93 12.33 16.97 7.14 6.72 8.62 17.02 14.7 7.38 2.2 1.85 1.95 3.15 5.07 3.28 4.51 2.11 3.69 10.39 9.26 15.13 7.25 6.62 4.09 3.09 7.13 5.67 8.23 10.43 4.66 5.07 5.22 9.17 9.04 11.35 6.78 4.07 5.97 11.2 10.84 14.37 17.32 11.7 4.39 4.74 4.26 12.4 13.18 12.17 7.14 6.68 9.86 5.33 4.58 4.79 12.91 6.75
3.81 3.83 10.7 7.69 16.32 7.04 7.71 7.4 10.7 6.15 7.17 4.45 7.2 9.54 11.1 6.24 8.36 10.14 3.35 2.48 4.76 2.91 4.61 4.33 3.95 7.09 6.35 10.68 7.86 4.73 4.84 3.68 5.26 9.59 7.77 4.91 4.02 6.46 5.41 9.97 9.4 5.53 4.97 4.85 4.93 4.6 13.15 10.32 14.86 12.39 6.14 10.12 11.22 7.93 8.3 6.6 13.47 8.84 4.88 5.99 5.3 4.26 6.25 11.13
7.25 4.1 5.54 8.11 11.85 10.58 11.73 8.91 6.86 6.12 4.15 2.28 2.83 6.29 4.77 4.43 6.47 7.28 4.73 4.46 6.46 5.09 3.27 7.25 5.72 4.94 6.54 15.81 11.21 10.99 6.95 6.38 6.9 8.46 8.19 4.18 7.23 2.92 4.01 6.9 9.62 5.83 6.91 5.64 4.22 3.81 10.24 18.31 14.52 8.74 8.76 7.47 5.22 5.3 7.7 6.74 10.08 11.07 6.77 3.33 6.8 4.04 10.24 10.18
8.53 10.64 4.91 7.56 10.63 10.65 10.06 6.08 9.34 5.82 4.4 4.36 1.82 3.09 1.34 4.95 3.64 9.97 5.29 2.84 4.64 4.25 4.47 6.18 6.28 7.34 5.28 11.57 8.68 7.45 14.7 8.7 16.16 11.07 8.63 4.73 4.25 4.46 4.72 7.6 7.48 8.84 6.39 6.66 6.08 6.34 10.39 17.84 8.21 6.38 6.2 9.32 6.37 8.58 8.17 9.24 8.47 6.39 8.58 5.29 5.4 1.77 5.79 6.99
9.44 11.9 9.86 10.1 12.28 9.74 5.98 6.26 9.35 9.5 10.06 5.05 2.29 2.93 1.52 2.72 2.29 4.8 3.71 2.48 7.6 6.35 6.22 5.29 3.06 4.07 6.8 8.13 15.27 7.18 12.55 17.29 13.04 5.18 9.22 2.92 6.94 4.85 5.35 9.91 12.43 11.26 7.99 3.96 10.64 6.26 6.01 6.78 6.07 7.76 5.0 7.15 6.2 9.36 11.15 12.07 10.71 9.74 7.06 3.81 4.22 3.76 4.2 5.07
7.09 8.23 10.71 12.7 8.94 7.74 9.92 9.39 10.23 6.89 7.9 5.35 4.29 6.28 2.16 2.34 3.68 6.67 2.1 4.22 3.42 5.37 3.72 3.61 7.05 3.23 5.2 5.11 6.75 10.27 10.44 10.06 12.18 8.8 7.16 2.46 4.75 4.25 4.0 17.22 12.14 9.49 10.73 5.87 6.57 9.56 9.01 6.85 4.92 4.55 4.15 4.47 5.29 15.85 13.08 12.65 5.89 10.02 6.9 4.66 3.91 4.43 9.72 4.5
5.72 7.06 8.13 16.7 8.25 6.84 7.62 9.59 10.05 9.95 9.34 4.32 4.44 5.28 5.65 3.55 3.26 4.5 2.47 3.17 5.33 5.02 7.35 3.94 8.76 6.66 6.44 5.09 4.24 7.81 10.6 4.79 5.58 4.98 3.85 2.79 3.31 5.94 4.49 7.27 9.07 9.6 5.34 19.13 14.31 17.32 8.58 6.26 4.55 2.69 3.49 3.65 4.27 9.36 5.15 15.24 6.61 11.19 10.26 5.65 9.5 9.2 9.53 2.84
5.93 6.75 12.85 16.68 7.76 12.81 12.45 12.99 5.51 6.12 5.27 3.3 5.69 6.1 6.18 5.76 3.99 3.34 5.19 2.93 3.8 4.8 6.69 8.44 9.27 8.37 8.34 5.5 4.98 3.5 4.78 4.32 6.67 4.65 4.1 3.51 5.46 8.29 5.38 4.95 6.27 9.87 6.84 20.25 12.1 12.63 10.87 8.69 5.56 2.44 2.91 3.22 7.55 5.93 6.23 6.54 8.43 8.94 7.93 8.43 10.67 5.61 8.01 5.88
4.86 4.03 12.8 15.55 10.1 8.84 7.58 10.65 3.98 5.63 7.09 3.49 3.58 8.48 8.47 4.97 5.0 4.94 3.86 6.29 3.68 7.04 8.15 12.4 8.13 9.67 10.37 16.03 6.14 4.96 3.26 7.72 10.33 6.46 3.59 4.53 7.22 7.76 6.6 9.45 10.42 6.91 10.38 16.91 10.4 13.08 7.72 7.4 5.31 5.74 4.54 5.92 5.07 4.2 6.71 4.23 6.05 8.42 6.58 11.2 7.77 5.57 3.9 6.61
4.78 4.04 12.75 5.55 8.83 5.19 13.43 16.32 7.88 6.18 5.39 3.36 3.76 8.21 7.87 7.99 3.62 6.39 4.28 5.61 4.52 9.18 7.68 4.53 4.44 11.45 15.34 13.94 8.72 3.16 5.17 7.68 9.42 9.12 4.77 4.01 9.2 3.87 7.38 7.89 14.86 14.61 9.92 10.88 12.5 13.5 4.88 3.7 5.25 7.33 5.93 8.37 8.74 9.32 9.12 10.08 10.17 9.22 10.61 6.88 5.09 5.05 4.55 5.98
8.67 6.86 6.7 7.39 6.25 8.63 17.13 10.5 8.84 6.54 4.24 4.2 4.38 9.44 4.78 6.27 4.94 4.78 4.44 4.4 10.1 13.18 6.24 3.16 5.12 14.24 10.5 8.8 7.71 3.2 6.07 7.08 6.14 5.8 4.17 4.76 5.48 4.84 7.57 20.55 15.15 20.11 9.2 7.56 21.78 15.08 5.8 3.65 4.04 7.44 3.75 5.29 8.04 4.3 9.51 12.02 8.57 13.15 15.84 6.75 4.0 5.02 7.82 4.71
11.62 7.11 10.4 7.81 6.48 10.15 15.06 7.27 5.92 8.09 2.81 2.86 3.66 3.05 5.23 7.28 9.52 8.27 5.04 6.36 18.34 9.7 7.41 3.18 8.55 21.96 14.22 4.02 2.04 3.44 7.04 8.0 4.43 3.67 4.9 8.22 4.03 5.87 4.65 12.65 6.01 6.21 6.83 11.44 12.78 12.32 5.0 15.9 5.22 12.33 5.23 3.15 4.34 6.64 7.67 12.22 12.98 8.01 8.63 5.03 3.78 4.43 4.31 3.71
14.74 8.99 10.72 5.61 7.69 12.0 15.12 10.94 3.2 6.55 6.99 1.81 3.01 3.02 3.09 5.9 7.64 4.11 5.16 7.0 8.99 9.03 16.91 8.09 7.72 10.63 10.87 3.06 4.17 4.23 6.59 5.37 4.78 5.03 6.74 13.55 6.79 3.46 4.28 5.9 5.46 5.8 6.75 11.11 12.82 22.2 5.57 7.17 9.94 6.67 5.07 6.33 5.35 8.15 9.11 12.54 13.2 8.29 7.07 4.13 4.36 8.29 5.1 3.49
17.55 11.03 8.93 8.5 13.73 11.78 13.62 11.63 10.47 8.19 6.57 2.83 2.55 6.11 2.87 6.64 5.16 3.87 6.45 5.48 7.57 10.8 4.96 15.89 14.96 8.89 6.59 3.39 2.91 3.7 4.59 6.14 6.37 7.43 10.17 17.72 7.53 3.62 3.01 4.48 3.55 3.64 5.39 12.17 12.89 25.54 15.44 16.04 5.96 6.2 4.25 8.75 9.78 9.16 10.8 8.94 7.76 5.33 6.79 3.93 3.46 3.74 5.51 6.01
14.26 9.98 11.56 14.46 28.16 14.27 20.81 10.89 9.07 10.06 6.12 5.0 4.96 7.12 8.03 5.78 3.26 5.33 6.38 4.84 5.88 9.34 10.04 14.15 12.84 10.45 10.74 5.49 5.24 4.63 6.03 8.47 5.55 6.07 10.12 19.84 3.48 5.31 3.95 4.53 4.86 3.31 6.65 9.79 18.68 15.51 15.35 12.02 7.47 7.84 8.03 8.45 6.71 7.66 7.97 6.35 2.81 8.95 13.08 6.17 4.45 5.38 5.3 5.81
6.72 6.43 22.72 35.86 35.95 28.2 22.8 14.65 11.58 10.68 11.85 5.77 7.64 9.91 17.19 13.11 17.2 12.2 4.18 4.62 3.4 5.27 6.8 8.51 7.52 17.61 13.77 6.95 8.91 5.8 12.99 8.2 5.99 5.01 6.63 6.09 4.31 6.68 5.1 5.1 5.68 5.79 8.55 17.96 24.68 12.86 19.76 12.85 12.54 11.93 8.48 7.59 4.81 3.96 4.82 3.7 2.99 4.28 8.27 9.65 7.62 9.91 5.83 2.78
7.67 10.17 18.83 20.62 26.15 40.39 37.63 19.46 9.14 10.97 4.15 6.5 10.88 32.03 20.42 17.16 22.66 7.98 5.87 3.98 4.66 9.87 7.63 5.72 11.19 8.85 8.74 10.16 16.48 10.99 8.74 5.22 3.92 3.87 5.48 7.95 5.81 4.47 4.67 5.32 3.19 13.69 22.14 29.45 15.13 8.5 8.23 76.28 26.7 13.76 9.22 7.69 3.95 5.42 2.62 2.51 1.92 3.64 6.76 9.98 12.08 9.52 6.07 3.99
7.85 7.38 14.24 18.91 24.79 27.14 16.83 11.42 5.6 11.18 14.45 11.12 8.65 14.22 17.76 12.36 11.2 5.24 6.05 5.83 7.96 5.72 7.63 7.73 15.75 13.66 9.36 7.66 10.64 6.61 10.3 2.99 7.51 3.73 5.12 6.98 5.59 8.32 8.19 6.55 6.41 7.92 8.81 24.41 8.23 12.43 25.51 101.75 39.75 16.74 11.29 5.21 6.43 8.53 3.38 2.19 1.55 3.89 3.97 3.68 10.12 8.56 3.29 3.24
16.07 6.84 7.82 8.26 20.29 19.14 16.92 12.32 3.82 6.87 12.13 8.0 12.76 14.98 9.76 5.64 3.01 2.33 3.62 3.08 13.4 9.91 11.2 13.26 10.96 18.78 6.56 5.63 12.28 10.26 6.04 4.38 3.41 6.55 7.92 6.01 5.42 9.48 5.83 6.87 8.51 12.95 11.95 12.48 6.9 8.14 27.26 69.22 39.07 22.6 11.64 9.97 7.76 4.29 6.15 2.73 4.33 4.47 6.13 3.42 3.02 6.82 5.71 18.89
10.83 8.18 5.16 5.94 29.83 13.84 20.37 5.61 4.87 10.88 10.96 5.11 5.81 5.67 3.14 1.72 2.22 2.68 4.28 4.71 11.37 16.44 6.22 14.09 16.6 15.07 11.65 4.42 5.04 4.79 3.56 12.86 4.83 9.48 12.99 9.38 3.61 6.03 6.72 17.03 11.39 7.15 5.44 4.04 7.91 11.85 18.9 57.72 30.84 20.34 18.62 13.78 7.57 6.08 5.74 4.08 7.48 4.96 3.2 2.23 2.32 6.07 11.46 12.09
10.49 8.86 9.19 8.78 9.08 6.53 14.11 13.24 6.44 3.69 4.76 4.61 2.81 2.62 1.66 1.49 1.9 2.83 4.64 5.21 16.47 14.37 8.5 12.18 12.26 8.38 8.83 7.55 5.54 6.35 6.91 6.6 13.9 11.34 15.7 21.74 4.06 6.17 7.35 6.26 7.92 8.92 5.82 4.78 6.6 6.04 15.81 15.28 15.47 12.14 23.19 7.75 5.14 3.9 7.17 5.22 9.42 7.14 4.94 1.43 2.76 6.04 11.31 8.27
10.08 10.48 13.73 7.64 8.23 7.83 6.42 7.98 6.7 4.66 3.14 3.14 1.74 3.02 1.07 1.74 3.54 6.43 11.97 5.86 10.85 8.2 5.98 7.99 10.97 11.5 6.63 11.95 7.69 8.42 10.68 8.49 13.16 20.68 25.0 15.96 8.23 9.49 10.31 12.73 16.97 7.85 3.75 3.6 5.53 5.08 15.21 22.37 8.49 7.84 3.85 7.1 3.61 2.36 4.44 4.87 6.41 8.07 4.62 1.86 9.08 8.29 7.69 9.6
5.81 9.46 11.94 7.16 4.85 6.26 7.0 4.75 5.84 6.9 3.52 5.48 3.17 3.21 2.01 3.41 7.08 4.23 5.65 14.34 10.96 11.98 15.51 12.08 20.54 9.69 10.27 13.94 25.76 10.04 7.8 8.12 17.7 8.07 15.54 14.43 12.01 12.43 17.66 14.84 17.29 14.28 13.72 6.06 4.19 4.63 5.01 6.6 6.53 8.02 4.38 5.91 4.46 4.01 5.18 7.65 4.19 6.38 7.33 7.87 6.15 4.85 4.52 10.02
12.79 11.93 5.8 7.16 5.84 5.3 7.99 7.51 6.8 6.53 6.75 5.57 5.88 3.95 2.71 3.72 4.56 6.08 3.54 4.5 10.62 9.49 25.38 14.37 11.54 11.77 17.48 20.84 45.65 13.28 16.12 13.93 10.73 12.06 15.51 9.53 7.62 7.61 25.01 23.93 23.6 17.55 9.19 8.48 5.34 6.87 8.17 6.91 4.71 5.1 11.26 6.13 4.94 8.99 5.22 7.93 7.55 3.99 6.61 4.37 6.34 4.47 4.94 9.39
4.81 8.73 8.27 11.16 5.56 9.45 12.16 11.89 13.14 14.99 17.45 7.63 7.57 9.99 4.44 4.46 4.7 4.79 5.11 3.14 10.05 8.75 18.56 22.6 16.25 17.3 27.5 11.63 27.57 13.06 10.73 18.53 13.13 14.92 7.84 9.07 5.93 14.75 12.76 15.91 7.02 15.22 5.26 7.49 9.65 7.15 7.05 9.54 11.1 5.75 9.01 7.43 7.31 9.53 7.54 5.3 2.97 4.94 5.3 3.26 3.57 5.28 9.54 17.12
5.55 9.12 6.79 8.3 6.28 11.35 10.34 23.46 24.42 24.11 20.34 10.16 11.32 7.86 7.41 3.33 5.62 3.66 3.35 5.35 11.41 17.01 12.58 13.27 23.88 12.77 14.49 11.25 9.21 15.6 10.54 5.26 6.76 8.51 11.43 8.63 6.18 16.11 17.81 9.87 3.88 5.51 7.29 4.76 5.85 3.48 7.06 8.24 15.8 12.31 9.85 7.61 10.81 10.09 12.42 3.87 3.33 6.97 3.7 2.78 2.72 4.25 15.04 15.2
5.04 6.47 7.1 3.95 5.49 11.77 13.33 22.17 12.02 21.37 19.41 15.53 15.46 6.42 5.19 6.25 3.48 3.12 4.28 7.81 5.45 8.06 9.23 7.77 9.57 14.37 7.85 5.27 9.55 11.16 5.15 7.35 7.07 13.62 16.81 8.91 7.99 7.3 17.74 7.01 3.32 3.75 4.68 6.53 4.39 5.67 5.89 5.55 9.86 7.58 6.75 4.51 9.94 14.22 17.47 6.18 3.54 4.14 3.3 1.64 6.06 11.89 12.94 10.99
7.34 6.07 6.2 6.97 2.3 7.51 12.2 18.76 14.67 14.06 22.71 20.17 8.08 6.48 3.57 4.53 4.13 3.84 6.06 6.14 4.68 3.14 3.34 10.42 9.09 7.15 5.18 3.46 6.42 16.42 5.91 5.97 5.36 6.77 12.23 6.79 9.16 6.0 7.35 5.11 4.8 3.7 4.15 5.38 4.82 10.09 8.02 5.31 4.08 3.78 8.66 4.15 5.94 11.9 9.77 7.31 5.19 3.42 4.71 3.57 4.27 9.62 15.81 12.22
4.66 2.68 5.05 6.0 4.69 7.2 8.53 15.5 16.93 12.79 20.3 21.56 5.59 4.1 5.73 4.64 5.73 4.91 2.3 4.87 3.98 2.3 5.1 7.47 10.34 6.55 8.81 8.35 8.74 9.11 9.11 10.16 6.82 3.98 7.14 6.74 4.44 3.9 4.98 6.1 7.52 4.59 8.28 6.57 9.61 11.46 8.08 3.79 2.77 3.29 9.4 2.4 4.84 7.72 14.95 9.69 8.8 3.04 3.44 4.51 9.35 14.96 17.85 14.49
6.5 4.59 4.93 4.49 3.41 5.71 7.73 39.89 14.34 10.43 11.3 8.06 3.85 2.98 5.88 7.32 10.75 7.85 5.92 5.42 3.23 3.63 3.58 5.52 9.22 4.98 9.81 9.57 10.34 5.61 10.12 17.27 6.68 7.74 4.52 8.01 6.18 3.64 7.4 8.04 14.23 12.5 6.61 8.91 5.26 7.88 4.99 5.07 3.6 4.82 7.65 4.45 4.44 8.82 18.33 8.75 3.96 4.51 3.7 5.76 5.33 15.38 17.87 16.05
8.68 7.38 2.36 3.18 2.35 4.94 8.46 20.38 13.74 16.39 9.91 7.95 4.56 6.95 5.34 11.08 16.09 7.9 6.98 4.65 3.54 4.04 4.3 5.93 15.66 8.19 24.24 10.67 8.21 5.0 8.11 9.42 5.64 8.77 8.22 9.68 6.9 9.17 14.66 10.96 10.39 6.99 6.28 13.87 7.38 4.5 3.34 4.2 2.58 3.2 4.61 7.35 8.07 13.73 33.5 17.1 8.02 4.48 3.02 6.06 9.56 12.27 14.52 9.48
9.89 14.99 4.3 2.79 3.39 4.44 8.07 12.61 10.61 17.52 15.19 18.9 10.55 8.51 13.62 6.76 14.55 10.21 4.93 5.62 7.64 2.7 6.53 16.79 12.28 14.24 12.11 13.13 9.81 5.18 7.56 19.2 9.17 6.35 6.33 13.97 8.29 20.48 12.35 8.08 12.39 5.13 9.07 9.67 7.25 3.46 2.82 3.84 2.27 2.81 3.11 2.78 9.94 15.56 24.23 21.06 21.91 7.21 3.6 3.31 6.96 8.05 8.04 5.99
