13.34 22.92 13.89 12.67 10.31 24.74 26.89 18.94 42.32 14.27 18.99 21.18 11.39 11.5 7.76 11.1 7.64 13.09 21.07 9.49 12.62 9.99 11.49 8.84 13.01 12.07 9.71 8.76 13.77 9.64 17.54 11.57 17.14 10.68 5.39 4.03 5.0 4.38 4.85 8.29 5.41 4.31 4.3 2.48 3.62 3.5 5.89 6.64 10.27 9.25 11.0 11.63 6.54 7.77 10.8 12.35 10.03 8.33 9.11 7.79 7.31 1.25 3.79 7.74
12.79 12.98 12.64 7.31 6.93 10.01 20.55 7.4 30.36 13.97 14.08 13.43 11.79 9.33 10.3 12.04 11.39 14.65 22.03 12.06 11.71 12.21 9.35 6.99 7.87 13.76 13.03 20.68 10.25 12.45 12.05 14.69 14.0 9.66 5.65 6.61 7.6 5.74 5.54 3.35 5.76 4.39 5.75 6.77 4.59 3.21 3.13 4.54 6.53 11.12 9.22 7.6 12.75 19.0 21.02 16.62 6.12 7.15 7.93 12.85 5.02 2.34 2.17 4.8
10.23 15.26 12.92 7.35 5.19 20.01 17.17 16.13 18.68 11.11 9.28 5.56 7.99 8.44 8.39 9.52 9.08 3.97 6.95 9.39 19.99 28.85 9.48 4.67 5.22 7.9 8.92 14.9 10.5 10.97 10.76 24.29 18.76 9.79 9.59 9.99 8.14 3.06 3.22 1.81 4.56 2.83 4.83 4.66 4.39 7.63 8.1 8.78 9.07 15.49 20.7 18.33 12.18 18.82 21.3 10.12 9.63 8.91 9.98 5.95 3.37 2.33 5.57 2.85
10.02 14.39 12.75 7.34 2.85 10.54 13.85 18.92 10.14 14.17 9.57 4.43 5.93 8.61 8.65 9.51 6.4 4.34 5.49 7.2 15.54 14.05 8.97 3.07 4.79 6.38 12.77 14.88 7.8 7.17 10.54 23.34 16.54 10.95 12.36 11.07 8.79 7.69 6.42 2.54 5.31 1.97 6.99 4.5 10.59 10.05 7.97 9.21 8.51 14.34 13.38 10.72 8.3 7.83 9.67 8.09 9.48 11.21 4.13 4.95 3.08 2.58 3.08 5.23
8.9 6.26 4.97 7.99 8.95 12.36 13.66 10.06 14.09 8.81 4.55 3.08 4.69 7.03 10.65 7.94 6.51 2.67 6.66 9.12 17.2 15.22 10.74 5.49 5.34 7.32 12.21 10.52 9.65 7.84 17.93 26.78 29.23 23.53 8.63 11.78 4.76 9.74 6.67 3.76 3.4 2.96 4.67 10.25 6.83 19.6 14.34 8.57 7.6 14.15 17.11 7.28 5.93 6.7 8.29 7.72 9.6 7.19 4.92 5.37 4.78 4.4 4.38 7.24
6.44 4.64 4.03 4.75 6.49 6.14 9.79 10.42 11.02 9.91 8.93 7.22 3.78 5.12 6.73 3.52 4.74 3.16 4.06 12.1 7.67 14.06 7.25 4.91 4.11 8.32 14.77 9.53 15.25 6.3 16.73 26.59 17.66 13.57 9.33 6.18 6.5 6.44 6.27 9.24 7.71 6.64 10.4 8.91 8.33 7.25 14.26 6.62 6.88 8.84 14.63 5.34 5.91 11.52 12.83 6.6 6.63 6.35 6.48 4.44 5.4 5.86 6.03 4.8
2.16 3.26 2.64 5.24 2.71 4.81 10.04 12.62 12.08 10.78 9.69 3.61 5.79 7.95 7.48 6.77 5.3 3.96 5.28 11.01 12.46 10.96 10.06 7.64 5.76 10.93 18.98 12.67 12.53 8.1 12.11 22.02 22.58 10.51 10.64 13.38 9.97 5.45 4.55 10.04 9.47 9.09 5.77 14.89 11.48 7.78 7.23 11.37 6.55 8.43 18.34 10.01 12.45 6.28 9.92 9.06 9.47 7.01 5.16 3.33 11.34 4.96 3.6 4.46
3.23 3.05 3.2 4.59 7.4 5.27 15.83 10.19 23.23 14.54 14.99 11.76 12.23 7.79 7.83 4.77 3.53 4.41 5.84 6.84 5.79 9.68 8.0 17.61 21.1 16.13 20.43 15.97 21.77 12.83 12.28 13.12 13.58 11.36 25.6 11.5 11.83 4.02 6.22 9.39 6.73 12.61 10.09 10.53 6.07 5.63 10.91 6.85 10.37 8.37 10.59 10.69 10.88 8.71 8.32 7.66 5.82 7.69 4.54 8.09 4.53 4.34 3.06 5.55
9.4 3.23 5.09 7.22 2.85 12.17 14.78 17.91 6.07 9.55 18.95 11.12 14.24 5.41 7.0 9.68 6.5 6.3 8.98 12.77 10.0 13.2 11.8 9.86 13.12 12.19 11.71 11.82 8.2 11.7 12.79 22.92 10.42 5.11 18.53 7.98 7.38 7.32 6.59 4.88 7.67 6.02 5.2 8.46 9.02 13.93 10.17 7.44 4.82 11.18 12.32 13.31 14.18 9.34 14.96 13.19 10.13 11.15 9.95 5.91 8.27 4.33 12.71 7.51
11.74 3.2 2.97 8.36 6.99 5.89 10.8 15.14 8.23 11.39 15.79 13.72 13.83 13.14 5.88 7.81 4.72 4.69 6.46 6.83 7.07 6.24 9.13 7.5 11.47 9.29 14.3 6.61 8.47 10.43 6.35 22.03 15.72 8.91 14.02 14.37 8.32 3.9 8.37 6.31 6.1 8.3 8.84 7.2 6.34 5.95 10.1 9.82 9.64 6.21 9.44 17.65 11.75 11.16 6.25 8.31 15.37 10.31 9.72 10.18 6.52 8.84 6.55 8.36
5.79 3.95 7.1 9.23 9.51 7.51 6.81 9.69 8.19 7.83 21.61 14.89 9.12 10.71 19.96 7.17 10.87 8.28 16.52 10.64 9.8 7.9 5.56 5.22 16.15 11.28 6.13 6.74 16.79 17.13 19.7 17.97 20.7 20.84 27.47 25.07 13.9 8.12 9.25 4.81 4.21 5.62 10.91 11.72 6.99 5.41 8.44 9.58 10.54 12.18 9.72 10.8 8.53 12.43 16.44 6.2 16.06 10.47 12.63 13.9 11.14 11.6 4.65 2.68
3.34 4.26 6.92 10.33 7.24 8.1 17.06 14.75 22.24 13.61 22.1 17.33 5.92 14.05 22.1 11.48 6.88 5.35 5.75 15.36 8.0 5.62 3.43 9.86 9.63 13.74 10.2 6.62 15.48 19.2 12.13 26.99 25.4 20.61 21.39 25.13 13.79 7.03 6.55 8.48 9.85 7.59 7.19 13.52 4.4 3.64 6.13 8.22 5.91 8.14 12.24 12.32 16.69 14.61 14.15 4.95 8.07 11.09 19.52 7.77 5.7 10.01 5.91 7.22
2.56 11.12 5.26 7.88 6.22 5.56 8.48 11.48 21.94 12.69 10.72 7.0 12.2 16.45 19.43 9.88 4.98 3.78 9.73 11.72 8.49 4.5 2.32 5.18 8.14 9.8 5.53 6.07 9.43 15.34 24.66 13.48 16.41 4.94 14.04 11.49 15.01 3.75 6.95 16.67 7.92 6.91 3.84 5.63 9.95 8.44 7.91 7.31 7.36 9.86 20.18 10.08 9.6 10.44 18.73 11.97 16.01 7.87 6.55 5.62 6.13 5.9 7.81 6.06
3.77 5.86 3.83 4.17 4.14 2.61 7.05 13.39 30.11 18.57 13.96 8.59 24.1 20.83 9.76 11.87 7.43 4.65 6.25 5.85 7.31 5.95 3.18 4.66 4.41 7.3 5.27 3.61 7.3 8.04 12.69 8.38 16.64 12.64 23.73 23.92 13.46 7.91 6.64 16.38 7.88 5.96 5.24 5.18 13.94 8.95 4.98 5.48 6.69 9.83 15.93 12.4 6.69 10.68 22.68 19.28 19.72 17.81 4.53 3.98 6.22 11.52 9.15 6.48
2.83 6.12 8.43 13.18 4.92 3.94 5.16 11.96 22.5 15.75 11.96 13.93 24.45 15.14 10.9 9.81 5.02 5.61 4.21 7.51 8.72 5.66 3.0 4.72 3.81 4.2 8.12 3.21 4.69 11.91 7.48 6.71 8.89 8.86 12.72 10.99 10.34 5.38 7.2 8.4 4.71 3.34 5.66 8.25 6.93 14.48 7.11 6.47 3.19 17.66 13.65 6.99 8.29 5.23 16.2 23.05 15.03 11.49 13.16 5.73 4.72 5.34 5.89 4.35
3.99 6.95 14.0 6.98 6.51 6.55 10.37 15.18 19.32 26.45 14.72 6.83 11.81 16.62 9.38 7.26 4.43 3.5 5.32 4.58 7.49 3.85 4.65 4.43 6.64 6.47 11.81 6.03 7.53 6.27 4.68 7.98 6.22 8.68 6.53 5.95 10.23 3.53 5.98 6.47 8.11 6.71 3.09 2.44 5.48 8.0 8.0 7.15 7.07 4.57 16.01 12.57 9.41 7.51 10.03 16.26 21.17 16.5 17.23 8.58 4.09 2.8 4.28 3.35
3.61 4.25 14.31 9.01 8.79 7.78 8.04 12.79 19.17 8.67 4.82 7.22 7.82 16.79 15.2 3.1 5.04 6.85 8.07 9.41 7.15 6.98 8.76 13.79 11.29 8.36 9.94 10.66 10.28 9.53 7.12 4.72 4.82 10.69 8.76 6.8 10.17 2.52 2.96 6.02 10.64 10.99 5.4 3.29 6.41 7.55 6.97 7.37 5.31 5.38 3.5 12.83 12.02 11.65 15.87 6.1 10.76 12.04 12.63 9.86 10.19 10.65 4.34 3.5
4.25 3.3 9.68 9.71 9.56 5.93 12.77 14.0 26.72 13.5 5.53 4.93 10.47 11.69 10.37 3.03 5.48 8.06 15.61 16.39 9.12 17.64 9.0 15.35 10.05 8.2 8.85 13.83 11.71 7.88 12.69 5.41 4.71 12.14 10.62 4.9 6.76 7.71 11.19 7.82 7.5 6.49 7.78 5.28 4.04 6.31 5.12 6.27 7.47 7.24 6.86 9.37 10.48 6.91 13.6 7.99 12.86 24.87 13.82 6.75 7.3 19.22 10.85 8.28
7.41 7.32 5.31 10.14 14.43 15.45 7.56 17.03 8.46 12.64 6.81 3.99 10.9 10.93 9.8 5.12 8.42 8.27 10.2 14.41 14.44 6.54 3.57 8.91 19.43 14.84 6.69 9.07 8.16 8.09 11.26 8.97 7.32 9.51 8.49 6.31 9.47 5.55 9.02 6.54 5.51 5.28 9.71 4.61 4.89 2.9 3.4 6.76 14.86 11.79 8.3 12.99 14.72 8.56 15.42 19.45 10.78 24.88 20.31 9.39 9.97 9.01 6.42 2.87
5.93 10.17 10.48 13.98 11.27 14.91 15.64 16.58 21.93 10.53 11.15 5.18 14.12 16.51 13.66 8.55 3.95 7.81 8.7 10.53 16.16 4.53 5.06 14.14 38.3 27.43 12.14 5.91 3.69 6.37 10.66 12.32 9.8 9.69 12.52 7.59 7.08 8.82 11.56 10.76 11.45 9.46 16.07 10.66 9.04 7.24 10.11 7.64 14.28 22.44 10.88 8.67 6.22 5.15 5.25 17.4 18.11 18.98 10.5 15.57 10.21 8.45 5.14 2.98
6.5 27.04 19.16 8.07 7.64 11.42 7.58 11.44 10.64 11.44 8.39 6.43 15.33 20.06 17.2 7.44 7.31 6.09 9.04 8.2 14.51 4.03 7.35 12.27 17.93 17.92 10.08 11.84 6.33 8.02 7.96 8.75 7.33 8.41 11.04 9.45 7.92 7.44 15.99 24.28 10.19 8.17 15.17 18.74 10.81 13.36 12.15 22.31 12.75 15.14 9.93 7.77 7.57 5.38 10.9 13.68 12.23 8.92 23.4 11.82 8.4 4.93 4.16 3.77
7.69 9.97 18.64 10.28 9.79 17.71 9.73 13.1 5.58 9.93 7.36 6.17 9.39 9.52 10.08 7.44 8.58 6.47 4.62 4.62 10.12 4.57 4.11 11.07 18.44 13.63 5.89 6.03 12.02 11.8 6.16 12.02 5.37 7.26 4.6 7.74 15.31 10.21 24.65 22.2 25.44 9.54 17.57 12.0 15.19 13.5 19.73 19.29 19.18 13.39 8.55 5.95 10.62 6.77 8.73 8.07 10.04 10.91 27.56 14.95 7.22 7.1 6.52 4.62
9.92 15.9 15.02 6.64 5.18 6.77 9.57 8.68 6.04 9.03 10.98 5.98 6.49 5.06 8.06 5.04 12.4 13.66 5.08 9.04 8.8 8.5 14.24 5.85 10.07 10.16 12.8 11.56 22.52 17.89 9.71 6.7 6.36 11.5 17.08 9.4 10.27 7.84 17.21 26.65 17.94 19.11 12.39 8.12 10.18 22.15 10.95 12.16 13.07 17.33 12.26 11.19 21.07 17.69 16.31 4.85 6.0 8.87 11.6 17.98 14.8 7.59 3.82 7.27
9.09 20.01 24.55 6.31 7.8 5.05 5.81 13.4 14.14 5.61 7.14 6.31 4.54 4.14 3.8 4.89 7.28 10.94 6.88 5.94 7.97 11.64 17.51 11.0 5.72 10.71 10.67 23.09 14.37 9.73 14.34 6.34 10.18 6.27 6.15 5.51 4.74 10.81 19.04 11.89 8.4 9.31 17.41 6.55 5.96 21.96 25.63 20.42 13.15 15.06 13.39 6.57 12.43 14.19 13.58 7.96 4.57 7.44 11.04 6.76 9.37 5.85 6.72 7.99
10.3 13.65 21.35 16.58 8.59 6.64 8.49 7.63 3.71 3.99 2.84 5.4 3.41 5.17 5.34 5.62 8.23 11.46 6.44 4.49 7.15 7.6 11.49 9.26 6.68 5.52 16.33 9.57 8.94 5.6 5.22 4.28 7.3 6.22 4.14 6.32 6.69 11.21 11.92 10.32 7.08 6.83 9.04 5.79 15.75 14.53 26.08 30.88 19.22 16.66 10.08 7.92 7.34 8.66 9.18 6.77 5.38 8.38 19.26 12.26 10.63 4.53 13.15 13.11
6.82 7.65 17.99 11.72 12.27 8.37 9.05 4.67 5.81 2.94 5.9 3.49 5.88 5.82 9.12 6.42 3.5 9.14 5.35 5.87 5.39 7.05 8.19 5.78 6.37 10.4 14.55 9.91 4.59 6.84 7.08 4.82 16.09 5.2 7.99 8.57 10.73 11.65 9.23 7.74 11.09 5.56 4.95 14.46 13.47 17.73 22.91 28.93 11.53 8.83 7.34 6.93 8.13 6.22 12.08 9.5 4.39 5.64 8.55 16.61 22.57 7.81 7.22 7.73
6.62 9.08 11.04 12.34 4.33 4.14 5.64 8.26 10.41 5.92 6.74 3.68 3.2 10.61 15.48 5.99 5.6 4.71 6.74 6.12 10.84 7.69 7.84 6.64 6.53 7.66 16.28 17.74 9.94 9.5 4.42 5.65 8.4 11.27 9.22 4.74 11.3 14.77 14.94 5.28 3.99 5.96 6.35 13.97 16.78 16.41 27.66 22.42 10.67 9.01 7.7 11.93 6.77 11.05 13.38 6.01 5.15 3.89 10.8 6.77 9.13 6.52 11.54 7.45
3.8 5.66 8.6 5.46 6.43 6.05 5.0 5.66 9.3 8.88 7.95 2.31 4.47 6.12 11.17 6.31 5.42 3.62 2.02 4.7 4.58 6.83 3.93 10.27 9.19 6.51 4.48 10.62 5.91 8.04 6.74 12.16 9.05 8.95 4.76 2.32 12.07 8.88 7.56 5.49 5.54 4.33 9.01 7.51 13.76 11.62 15.95 23.05 12.7 9.22 5.53 8.48 10.35 10.11 19.48 11.8 6.59 4.79 6.3 14.16 9.23 6.16 11.68 8.76
8.47 6.73 7.07 5.69 5.93 6.61 4.87 4.04 5.15 10.28 4.22 1.57 3.05 4.37 8.52 5.69 2.68 2.58 5.94 5.28 8.25 6.92 7.93 6.94 12.47 14.67 7.46 3.77 6.33 4.95 7.73 15.69 14.69 9.62 6.25 4.26 4.77 6.47 12.38 3.18 5.56 4.61 5.1 6.79 18.43 12.42 10.17 12.75 9.04 12.79 11.5 9.98 11.3 14.55 5.36 5.4 5.62 6.87 9.62 10.75 9.08 12.11 29.0 37.29
5.08 4.64 5.32 3.34 3.97 5.31 4.43 4.23 2.61 2.02 3.73 2.85 5.64 7.1 7.33 4.8 3.71 4.61 8.77 6.72 8.75 7.67 5.98 5.98 5.58 10.33 8.75 5.52 5.69 11.26 15.23 6.43 5.71 7.27 4.55 6.14 3.73 4.78 7.04 4.63 4.81 3.59 4.64 2.97 8.73 6.65 4.14 8.41 7.23 10.72 7.51 11.81 10.89 12.11 16.89 9.78 13.13 9.88 10.14 7.52 9.43 12.9 15.44 18.98
2.89 5.45 5.75 2.86 3.8 7.13 5.33 2.96 1.61 1.56 2.09 6.27 6.59 3.9 3.78 11.84 7.23 4.69 4.98 2.86 5.57 4.74 4.43 4.39 5.79 6.55 4.39 3.74 5.2 5.46 10.52 9.15 6.47 5.35 3.53 7.7 4.38 3.67 2.01 2.97 4.73 2.86 4.1 2.97 3.4 4.21 3.64 6.19 11.55 14.74 15.09 10.16 13.03 6.17 12.78 12.9 14.22 17.46 20.37 22.34 16.21 16.42 8.89 15.87
3.48 4.09 4.13 3.33 4.68 5.25 8.14 2.56 3.63 2.85 4.26 3.07 5.25 3.19 5.6 10.25 6.95 5.59 4.68 2.55 2.21 4.22 5.98 8.45 12.22 6.58 6.29 5.39 7.32 5.45 9.84 3.69 8.14 4.28 7.62 6.47 3.22 2.67 2.21 2.32 7.63 7.65 2.51 5.16 6.68 7.17 11.28 6.97 12.73 9.88 8.65 10.02 21.52 12.04 15.05 9.54 12.43 16.53 35.36 18.08 9.01 10.7 7.93 6.7
4.79 5.01 2.98 4.28 5.81 6.57 5.86 4.02 5.34 2.48 3.69 7.56 9.2 3.8 4.64 10.06 9.05 4.73 5.43 7.28 2.75 5.19 6.81 8.05 13.17 6.95 6.13 6.94 4.7 5.48 13.39 16.37 7.15 12.57 11.94 7.19 3.48 3.46 2.04 4.85 6.22 4.0 2.29 4.54 7.71 6.05 9.83 9.25 11.77 5.69 4.58 8.34 8.37 14.4 11.18 11.7 31.47 26.18 23.18 22.41 9.75 6.12 8.82 7.0
6.48 4.24 4.11 4.74 6.25 7.19 8.77 4.29 5.73 3.37 3.56 8.58 20.04 7.66 6.7 8.65 9.4 5.34 2.97 6.04 3.8 7.8 9.69 10.02 10.65 6.14 5.18 5.97 6.92 3.87 4.34 5.89 3.9 5.54 6.67 5.75 3.92 1.89 3.8 3.62 8.9 5.36 6.24 3.99 7.03 7.44 9.9 10.77 5.9 3.25 4.68 9.91 11.66 7.9 9.57 31.06 36.04 25.73 9.01 10.84 14.93 8.45 7.93 6.17
9.12 2.8 3.5 5.04 5.07 9.28 7.73 6.9 5.16 10.45 4.61 4.33 8.78 12.12 7.35 5.52 4.61 3.83 5.45 4.13 4.31 3.62 3.55 3.06 5.82 3.36 4.63 4.05 12.4 5.72 4.3 7.52 6.86 17.33 3.58 3.84 3.82 2.19 3.13 1.68 5.18 3.34 6.75 8.02 5.22 2.87 4.48 5.95 8.35 4.56 8.71 9.88 8.89 11.73 5.03 24.77 20.77 15.95 12.27 13.03 14.52 8.63 11.93 3.84
4.41 3.88 6.98 6.05 2.42 5.43 6.71 11.23 8.03 8.52 8.16 2.88 5.7 8.71 8.93 4.15 4.46 2.61 9.67 9.33 6.3 7.47 5.08 2.87 2.57 3.73 5.88 11.8 15.63 13.44 8.09 10.33 5.23 4.26 3.24 3.91 6.03 5.56 4.89 6.29 11.01 8.25 6.34 8.9 6.26 6.72 4.52 4.64 4.09 4.16 4.87 5.62 11.17 17.57 9.27 14.67 14.83 10.02 8.27 9.33 14.7 11.33 5.37 8.72
6.49 3.83 7.69 7.11 4.39 6.76 6.61 7.8 5.7 4.22 2.31 1.79 5.95 10.81 5.36 3.44 4.26 5.01 12.1 4.88 15.39 11.45 6.28 8.52 4.49 5.09 6.35 6.8 15.67 13.94 10.59 11.22 9.3 5.13 4.91 4.8 3.31 4.97 3.75 7.46 16.16 9.3 9.02 7.76 7.09 6.35 9.26 4.02 4.94 2.28 3.43 3.75 9.82 10.89 9.22 13.19 15.62 6.42 8.31 7.13 16.18 22.02 5.97 5.12
4.72 7.2 7.25 5.89 3.05 2.79 2.95 5.53 7.57 6.54 6.06 3.53 14.16 13.5 7.6 3.64 2.99 3.06 4.69 7.34 7.53 20.11 9.23 6.61 7.96 6.31 4.6 6.43 14.96 7.61 5.03 5.31 8.01 8.86 16.25 6.04 4.62 8.48 10.49 15.23 6.96 6.87 6.38 8.07 9.66 7.03 6.35 2.01 2.44 2.75 5.29 3.96 6.65 11.25 12.47 5.96 14.99 9.99 5.09 5.26 5.66 13.18 4.49 3.9
4.8 7.6 6.33 5.65 3.13 3.58 3.36 2.2 4.48 3.44 6.65 3.03 6.15 8.19 5.41 4.71 4.43 6.36 9.18 12.51 10.29 5.98 10.03 5.52 7.94 4.82 4.52 6.28 12.67 11.06 7.69 10.79 7.89 7.96 22.78 8.98 5.55 10.12 16.27 9.75 3.72 7.29 9.43 10.47 6.93 6.68 6.31 2.34 1.78 1.74 3.09 2.68 2.17 5.81 6.02 6.42 10.53 10.11 7.16 3.12 6.77 10.08 6.56 3.77
4.81 5.05 2.74 3.95 6.56 6.38 3.58 2.84 12.09 8.71 5.89 5.58 6.92 10.42 6.35 4.93 3.53 8.35 5.84 14.36 28.24 8.44 8.42 10.51 10.22 6.02 2.73 5.2 12.48 11.96 8.83 13.72 13.73 9.91 7.98 5.89 4.55 5.49 16.45 12.55 5.46 7.16 12.19 9.6 12.24 3.85 7.65 2.78 1.52 2.78 5.59 6.47 2.91 3.93 3.6 3.13 3.89 3.57 7.54 4.8 7.52 5.92 8.74 5.29
8.97 8.37 6.02 4.85 2.9 5.53 5.04 7.3 8.6 9.25 7.57 7.47 7.91 17.84 7.63 6.78 7.01 11.58 17.33 25.83 32.72 10.28 8.25 5.81 4.76 2.93 2.78 3.22 17.3 8.06 14.44 10.12 12.46 9.04 4.6 7.12 4.84 5.05 9.11 8.95 15.16 22.38 17.15 10.8 6.87 8.06 3.64 3.02 1.97 2.19 2.5 2.94 2.4 3.99 5.85 1.85 3.15 5.44 6.75 5.66 8.67 11.77 13.09 6.24
5.7 4.78 4.41 3.47 2.31 2.88 5.91 6.05 14.01 7.61 11.31 10.32 25.98 12.0 11.66 3.4 10.43 15.11 25.21 22.1 21.18 19.7 8.03 8.84 2.45 1.81 2.95 6.19 11.53 10.98 10.49 9.12 8.42 4.36 3.6 7.28 11.24 11.84 14.2 10.39 12.95 23.55 37.6 22.84 7.64 7.02 5.16 3.28 3.3 2.39 2.77 2.88 2.52 3.18 4.17 1.57 2.87 5.6 5.42 4.61 8.29 16.42 10.08 7.7
6.01 5.35 3.53 6.68 7.17 5.22 2.47 4.77 4.93 11.72 13.0 10.53 25.14 17.2 12.5 11.9 10.14 22.35 18.41 8.94 13.55 16.5 5.04 6.15 3.1 3.43 3.94 6.8 12.31 20.15 25.89 10.87 14.01 4.51 6.74 11.95 7.52 10.63 9.8 17.15 13.32 18.27 38.27 10.88 6.12 7.11 7.3 5.8 6.46 5.91 3.84 3.86 5.06 6.33 4.38 2.68 3.92 7.97 6.11 4.27 7.03 11.28 10.75 11.09
2.89 6.15 4.72 3.68 3.76 2.61 8.74 7.29 16.63 8.36 7.7 11.68 13.26 8.77 13.49 7.73 15.43 13.29 20.32 13.57 9.34 11.8 4.93 5.59 3.06 9.51 9.85 5.22 5.13 6.27 6.82 7.44 10.12 5.12 5.78 5.78 8.32 6.88 7.99 9.59 7.99 7.7 18.04 8.5 9.41 7.47 6.57 4.62 7.45 6.81 5.61 6.9 9.76 8.98 8.92 3.77 3.61 5.05 8.22 6.83 7.15 14.77 4.35 6.97
4.91 3.7 5.0 6.44 5.79 4.32 4.24 6.56 8.08 8.03 4.38 8.26 8.9 5.19 21.9 12.02 11.06 6.86 17.48 12.98 5.38 6.58 8.41 3.43 2.99 5.88 7.7 6.95 6.82 6.57 6.08 5.67 7.95 4.4 5.83 4.06 5.21 4.48 5.54 8.89 7.89 5.61 13.22 10.6 5.9 6.17 7.86 18.7 10.26 4.17 2.76 5.1 11.65 9.88 5.48 3.5 3.51 9.38 7.64 7.53 7.05 7.71 10.23 9.65
4.27 2.16 1.42 4.45 4.83 4.25 5.41 7.19 4.79 4.49 5.57 6.36 6.17 6.81 11.08 10.08 12.12 6.56 10.31 11.44 6.32 4.26 4.67 5.05 4.1 6.97 4.76 3.09 4.43 6.47 3.14 5.42 5.11 11.76 5.24 5.12 5.88 1.98 6.18 7.26 8.05 7.86 7.17 8.04 11.26 5.78 7.96 16.51 8.8 2.97 3.59 8.77 16.69 11.15 6.96 4.55 4.81 9.21 14.92 7.84 12.58 16.61 19.25 15.78
5.52 7.56 2.97 4.85 3.85 3.47 4.27 5.14 5.86 4.75 6.14 6.94 6.55 5.06 10.3 9.5 11.81 8.41 6.48 5.55 3.99 3.88 4.87 4.05 3.51 2.51 7.72 6.46 12.39 6.22 4.47 3.84 13.8 15.73 6.52 4.96 4.03 2.33 4.95 12.19 9.03 9.14 4.47 6.23 4.66 7.67 14.67 13.41 7.33 3.95 8.18 12.37 14.02 4.21 24.09 7.1 7.38 10.47 13.56 18.89 18.92 24.65 17.99 19.89
4.97 3.73 4.22 6.9 5.0 3.91 4.45 7.49 3.63 6.36 8.92 4.89 6.67 2.65 7.61 4.85 13.94 14.42 11.7 5.04 3.39 6.31 7.74 4.76 2.31 2.89 7.62 17.49 10.17 4.7 4.75 5.32 5.59 8.29 5.55 6.25 6.78 6.43 7.53 7.35 11.46 8.44 10.5 6.78 5.27 5.96 17.49 17.7 12.77 6.71 5.39 7.55 6.44 6.91 16.25 7.79 5.09 5.84 7.11 11.73 10.08 12.3 13.94 14.97
4.23 3.67 7.62 8.49 9.69 3.88 3.08 6.12 3.79 5.0 4.58 4.13 5.39 3.76 4.95 8.65 11.24 14.43 4.36 4.94 4.68 5.47 4.81 3.98 4.38 4.03 10.69 11.84 11.99 7.11 7.13 11.26 13.48 5.97 3.67 8.89 7.53 10.39 10.23 16.09 7.75 5.98 3.4 6.76 6.33 3.07 10.22 14.19 7.78 7.0 9.63 10.07 9.16 5.41 7.77 4.68 8.57 8.35 14.08 9.25 6.51 11.77 12.15 16.51
4.54 5.93 6.7 5.39 3.61 3.62 6.64 8.79 2.75 5.97 4.58 5.17 3.48 3.81 5.7 2.86 6.94 13.41 9.84 13.22 9.69 3.82 3.43 2.29 4.76 7.68 6.63 6.69 8.29 7.86 8.77 7.93 15.19 3.68 3.71 5.59 7.28 4.93 6.83 13.43 5.46 3.71 7.92 7.69 6.02 3.47 7.87 9.72 10.31 5.92 14.11 12.81 5.25 4.98 11.3 9.12 8.84 14.29 21.86 19.68 9.91 12.67 6.85 11.59
13.39 12.27 17.36 5.24 2.19 2.34 5.0 5.26 3.4 6.6 9.46 6.26 2.85 2.71 4.49 3.64 7.81 7.38 8.58 13.84 8.87 4.68 3.5 3.16 13.05 9.04 6.9 9.99 13.35 11.22 15.68 13.32 15.33 6.87 5.48 5.04 6.32 4.8 3.35 6.9 3.62 3.27 4.72 10.2 6.15 9.41 9.75 8.61 11.32 8.82 10.62 7.01 6.9 7.76 24.18 27.77 8.81 7.04 16.23 8.9 8.8 11.84 13.93 12.15
15.63 19.05 5.92 6.84 5.48 3.18 3.03 2.88 6.63 10.88 14.39 8.58 3.71 3.91 2.65 5.46 12.76 6.86 5.83 10.32 11.31 7.93 5.31 7.89 20.27 16.49 13.1 14.66 14.87 9.61 12.3 35.37 10.35 3.15 4.68 6.34 9.4 3.85 4.11 5.85 3.98 8.42 8.9 8.42 4.42 7.3 12.03 11.88 12.9 14.21 14.13 4.65 7.17 17.01 9.92 17.79 11.35 8.38 11.57 7.84 6.72 8.16 14.13 7.14
7.92 14.32 8.5 4.55 6.99 3.01 1.37 2.55 8.14 9.99 9.77 3.42 2.41 3.07 3.2 2.24 7.15 8.99 7.75 11.33 12.32 5.45 2.4 3.76 21.09 28.11 18.88 12.27 7.97 7.94 14.33 13.62 6.91 1.39 3.65 7.26 7.03 4.65 4.86 5.98 4.14 5.8 7.12 4.76 5.72 8.94 19.06 10.24 6.56 9.19 12.7 5.22 6.63 4.59 13.16 7.8 14.89 8.36 11.81 15.92 17.78 11.52 21.22 8.5
4.73 4.69 6.46 6.47 3.3 7.2 5.36 5.17 6.78 6.5 7.91 6.6 4.44 1.54 2.19 3.33 8.01 7.56 10.07 4.23 9.25 8.87 3.7 4.87 8.1 17.89 17.47 15.64 13.56 15.53 9.4 14.54 6.13 2.66 3.49 15.45 10.47 3.43 6.44 2.21 9.84 9.67 10.08 4.81 7.16 10.82 15.61 14.77 5.86 16.94 12.15 12.5 7.17 9.14 7.19 6.72 12.11 12.47 13.01 23.75 21.21 10.76 9.06 9.78
4.92 5.56 10.31 3.93 4.28 4.51 4.66 7.76 6.38 9.45 10.84 9.67 4.36 5.13 6.14 3.84 8.22 16.68 7.45 4.75 7.78 9.76 12.22 6.14 7.94 12.25 17.14 18.23 8.16 7.03 11.63 15.5 13.1 5.05 4.6 8.68 17.27 5.9 3.65 4.57 4.44 10.45 8.07 5.84 6.63 15.25 17.68 7.98 6.64 15.46 14.07 13.5 12.41 6.31 6.13 2.69 9.96 11.65 5.97 9.7 16.23 10.15 8.76 10.55
6.82 7.26 9.3 5.99 5.02 7.47 5.94 13.32 11.96 26.43 16.93 12.16 5.58 4.63 5.98 6.1 12.31 12.12 6.19 2.35 6.84 7.73 17.4 8.21 6.96 20.1 9.64 12.17 7.95 3.97 5.95 4.09 7.44 6.39 4.94 5.51 5.33 2.75 1.75 3.72 6.55 6.1 7.93 7.72 7.37 8.36 22.33 5.46 7.7 8.3 10.27 12.36 6.82 7.04 5.22 2.08 5.79 5.81 12.59 7.78 10.58 9.58 8.3 10.65
7.83 5.12 6.21 10.18 6.98 3.13 7.73 7.98 9.36 12.06 18.26 18.13 7.61 5.31 4.94 6.22 8.95 9.07 5.03 4.17 4.57 8.3 7.37 6.18 9.38 9.55 11.27 7.88 8.54 4.33 6.41 2.2 8.47 10.41 5.3 4.23 3.2 2.5 1.8 3.5 2.99 7.14 6.68 11.06 8.96 11.14 12.29 11.88 10.89 11.67 7.05 7.1 8.63 17.13 7.9 2.2 3.29 3.28 6.9 6.95 5.22 11.29 8.29 11.07
5.45 3.91 7.25 4.93 9.22 5.62 5.49 4.56 7.18 6.99 14.73 12.96 10.62 6.31 10.48 13.56 12.06 10.71 6.77 5.75 11.16 12.7 14.95 9.77 17.42 20.08 16.98 18.1 9.8 4.6 4.04 5.17 7.64 8.92 5.27 4.7 5.27 5.69 3.21 7.5 14.69 8.05 11.07 14.36 9.66 11.42 15.7 14.55 10.57 6.7 16.42 8.5 9.85 12.78 7.05 6.0 11.18 7.82 6.39 4.34 6.45 3.41 8.47 4.29
5.97 3.91 3.86 7.15 8.13 10.08 7.56 8.25 13.36 11.63 10.78 12.32 9.03 10.4 9.48 12.21 7.3 13.68 8.0 7.93 7.13 6.73 8.88 13.86 20.0 18.83 18.27 12.49 12.33 12.03 5.66 5.7 11.95 4.52 3.25 4.71 4.33 4.65 7.42 4.36 5.57 3.57 7.08 12.36 11.83 12.0 24.91 25.35 17.64 13.1 10.68 10.87 3.81 5.26 8.41 7.49 5.27 3.63 5.42 3.94 6.92 7.5 6.85 3.47
3.43 2.68 7.98 6.17 5.53 7.68 9.87 8.58 14.04 10.26 9.3 5.66 8.75 7.88 18.61 12.09 8.63 4.93 9.77 3.01 4.83 6.29 5.36 10.6 16.88 11.79 6.74 17.91 6.76 7.3 7.87 5.6 10.9 5.23 2.99 3.17 4.29 5.68 5.23 3.41 8.93 1.33 3.09 5.97 14.96 19.27 8.92 16.68 10.59 12.09 9.52 12.82 8.04 7.24 14.16 10.03 5.23 3.41 3.91 6.05 5.17 5.86 6.82 4.01
15.0 10.66 15.47 5.65 3.31 6.11 7.98 17.39 7.18 11.65 3.06 6.31 7.27 10.78 23.3 11.91 12.33 5.09 8.78 4.55 4.05 7.45 7.9 7.38 10.51 13.04 7.76 9.43 16.87 6.66 11.24 12.63 10.89 7.26 3.9 4.19 5.92 6.4 5.11 3.49 7.87 2.16 2.51 7.48 20.31 33.01 15.76 14.14 13.38 19.48 10.1 10.3 9.39 9.93 13.0 8.75 4.35 2.51 3.67 6.29 16.79 16.68 7.89 5.82
11.67 17.92 9.67 7.75 4.18 4.77 7.6 13.47 9.47 13.15 10.34 5.06 9.34 9.34 33.88 14.63 7.57 8.17 6.93 5.32 5.37 8.4 8.58 9.7 10.66 14.54 7.15 8.41 9.6 10.07 16.1 9.65 4.49 8.17 6.43 4.59 2.8 5.67 4.29 3.41 4.33 2.82 3.98 5.69 8.14 17.58 20.6 12.76 26.19 28.79 25.36 12.03 21.68 16.16 18.99 10.74 5.94 4.62 4.87 5.24 7.61 10.07 6.35 4.9
6.44 17.31 10.12 8.99 6.94 5.51 11.54 6.07 8.01 10.42 12.2 10.76 11.03 13.82 15.85 12.73 10.4 8.19 20.56 5.98 3.49 5.38 15.66 10.46 8.61 4.13 2.31 5.02 12.88 9.98 22.89 6.94 5.37 6.1 12.81 6.53 5.03 3.49 4.21 4.32 4.07 4.24 4.04 6.53 8.62 12.48 15.81 25.67 25.14 24.12 34.17 10.56 13.03 23.99 15.15 14.58 11.92 4.82 5.78 5.24 10.44 4.57 5.1 10.29
7.97 6.57 9.52 4.7 9.21 7.49 9.38 5.48 3.62 6.36 7.78 13.08 10.97 8.74 10.51 10.84 4.52 8.22 13.83 6.93 6.61 12.21 16.28 10.08 7.13 7.3 7.92 5.61 8.65 16.57 17.64 11.69 4.76 6.88 4.69 4.68 2.32 9.58 6.66 7.34 6.94 4.96 4.3 4.14 6.64 11.25 31.73 19.14 24.25 32.63 32.06 11.04 20.68 14.13 7.95 21.61 10.97 5.96 5.67 5.01 7.5 4.56 4.62 3.88
