9.88 7.2 4.88 4.87 4.55 2.75 3.58 6.27 11.79 3.86 6.43 5.87 5.52 5.72 4.9 5.77 8.53 9.53 7.04 3.99 3.52 5.27 4.48 6.19 6.72 8.18 11.72 8.62 13.9 9.9 11.34 7.74 6.78 3.83 6.71 9.43 8.86 8.7 7.86 18.46 11.27 4.3 3.46 5.26 6.19 4.89 6.68 5.82 3.83 4.71 13.86 7.54 6.49 6.92 10.75 19.07 8.46 7.99 7.27 7.91 8.41 8.48 5.88 5.56
4.39 4.65 3.51 4.4 3.94 2.07 3.34 12.52 4.82 8.26 5.6 4.36 2.86 4.41 3.24 3.7 4.49 6.98 3.24 2.85 3.43 5.64 5.58 5.01 5.42 11.28 13.44 10.84 3.61 4.51 5.93 5.04 6.35 7.21 7.93 17.83 14.54 7.94 12.1 36.97 21.63 7.94 5.81 7.88 8.22 6.09 12.16 8.75 4.85 2.01 7.42 6.23 5.28 4.23 7.86 11.46 11.91 19.6 12.1 11.26 21.02 14.15 7.14 5.43
7.31 4.08 7.45 6.3 5.26 5.93 11.13 11.7 4.79 6.59 4.0 4.82 7.58 4.74 4.83 5.46 6.13 6.08 5.9 4.66 4.79 3.98 8.19 7.9 11.54 25.27 13.38 12.99 5.21 4.71 6.32 4.76 8.95 3.83 8.49 18.63 13.18 11.51 12.93 39.27 33.86 19.22 10.46 7.23 8.5 8.59 12.49 7.46 6.41 3.94 4.95 7.9 5.82 5.0 4.75 8.56 8.27 12.13 13.14 10.05 7.26 11.98 6.56 6.49
7.71 5.56 8.76 14.34 8.64 7.43 5.51 11.94 8.99 4.01 6.45 10.85 8.23 8.94 9.77 4.84 3.06 5.83 3.81 5.17 5.51 5.18 11.21 14.46 33.94 22.66 11.93 17.05 5.57 4.57 7.1 7.02 6.14 3.95 11.27 13.13 7.84 11.65 15.31 15.15 52.94 27.35 16.51 10.42 9.34 12.93 4.76 8.11 7.14 4.55 6.53 10.79 5.56 3.96 11.91 8.94 6.96 9.29 15.06 8.04 3.63 9.96 6.46 9.45
7.96 8.17 8.21 12.96 12.6 9.47 7.85 10.94 6.3 5.29 9.57 15.32 9.72 11.82 7.44 7.17 5.07 5.63 5.8 10.17 5.97 9.3 7.41 25.53 11.7 20.41 12.95 16.41 5.13 4.06 6.21 7.93 5.19 7.77 8.64 9.28 12.21 13.06 16.41 21.41 39.2 51.81 24.87 16.67 8.96 6.95 5.92 6.66 10.22 5.62 6.15 15.78 8.32 4.48 5.8 9.29 13.5 8.74 11.56 7.0 5.17 6.58 16.2 10.58
7.13 5.92 7.16 7.3 23.4 8.2 6.66 10.66 9.33 12.01 9.41 12.44 12.21 5.05 5.64 3.61 4.59 5.54 20.04 11.75 6.66 9.45 15.55 16.41 14.68 15.75 14.66 9.51 8.48 3.26 6.83 7.67 6.24 6.03 6.37 5.61 21.61 8.25 14.47 33.68 37.37 46.73 30.93 13.82 12.19 6.82 5.27 6.51 4.7 5.38 7.11 15.39 7.51 6.09 5.39 8.23 9.92 22.49 11.24 5.86 5.19 6.36 10.31 6.03
5.93 6.71 11.25 9.15 17.38 11.97 17.92 20.98 10.2 8.49 7.92 22.19 12.6 5.8 4.74 3.88 3.74 6.64 8.24 6.21 12.5 4.91 8.44 14.04 13.21 11.72 9.53 10.18 5.32 6.47 6.95 12.62 6.45 6.12 6.99 11.4 9.87 9.71 21.97 14.07 20.44 21.61 23.24 20.28 10.44 4.67 6.4 8.11 6.74 6.58 11.1 8.86 6.73 5.59 5.2 9.44 16.23 16.52 9.82 6.59 5.46 9.54 11.23 3.49
6.14 6.39 11.47 14.79 15.01 15.12 12.88 18.85 8.56 6.42 8.11 17.87 13.05 5.75 6.38 4.55 4.09 4.79 6.47 8.37 9.81 10.21 11.44 22.47 16.58 11.14 9.48 15.63 15.22 5.81 7.72 18.37 8.75 5.0 4.47 12.23 5.46 11.02 16.43 24.29 36.89 19.25 34.01 15.37 10.71 8.13 6.74 9.76 9.02 10.18 5.65 9.13 6.62 14.37 15.48 13.0 6.56 8.02 4.86 6.37 10.29 7.35 5.14 4.91
12.1 10.61 15.46 10.53 9.62 9.52 10.98 9.98 7.15 4.04 9.9 14.78 17.18 9.96 10.33 8.59 6.62 5.66 5.19 7.6 12.03 7.58 11.73 11.28 18.8 11.98 14.94 9.87 9.63 5.53 10.13 12.24 13.74 3.1 5.44 7.2 8.87 12.13 21.8 32.61 24.6 11.45 25.18 12.71 13.87 12.72 7.1 12.4 6.24 9.18 5.76 5.42 9.11 15.64 22.67 14.14 10.63 7.18 4.09 5.35 10.9 12.25 7.6 7.2
6.46 7.81 17.22 7.19 10.51 10.98 9.9 8.78 12.26 6.95 9.24 14.75 11.5 8.02 4.99 18.92 7.42 8.82 7.85 6.7 4.58 10.57 12.67 15.35 9.14 15.95 9.08 6.8 10.43 8.33 9.27 8.09 13.08 4.96 6.52 10.35 7.78 23.13 35.19 30.05 13.11 15.98 18.64 11.38 10.16 11.87 7.81 17.9 10.43 8.06 8.47 7.8 16.24 17.55 26.08 10.46 7.57 10.05 7.26 8.1 7.9 10.9 13.54 5.86
8.81 6.83 5.43 7.91 12.88 4.31 6.77 12.91 17.94 8.35 14.05 17.93 8.34 5.39 9.85 7.76 5.07 7.61 4.89 5.21 5.18 8.8 7.6 11.74 16.85 7.19 8.32 7.13 7.36 9.42 14.54 9.59 10.38 13.55 10.01 7.42 7.48 14.47 20.69 13.89 12.55 16.58 9.08 9.91 14.69 10.81 8.95 13.95 9.15 9.36 5.59 6.42 6.3 7.91 10.92 6.84 8.24 9.46 8.59 8.03 6.1 11.57 8.55 5.95
7.72 8.49 7.99 17.56 15.99 5.85 9.19 27.9 18.6 15.24 9.6 8.76 4.85 6.09 5.25 5.12 6.72 5.84 6.27 8.22 6.53 7.67 9.95 12.12 10.58 10.19 10.7 10.19 9.84 9.79 12.1 11.6 19.34 13.78 11.75 9.42 8.97 8.93 20.96 19.84 16.55 9.24 12.89 10.51 16.71 16.41 32.5 13.2 10.35 12.11 7.31 6.55 5.77 5.39 5.35 5.18 6.93 10.21 7.55 5.38 6.93 11.01 6.94 5.81
8.76 11.67 11.07 6.64 3.99 9.62 6.28 23.55 14.93 12.96 6.97 7.83 8.92 5.16 6.38 3.61 3.48 4.63 4.31 7.1 4.58 4.41 3.45 8.99 9.58 7.16 15.93 20.87 9.83 10.52 10.34 19.76 14.4 9.92 9.61 14.05 6.34 8.91 9.38 12.5 8.39 10.88 12.08 8.42 14.03 27.14 38.44 19.06 10.71 19.33 10.25 5.62 5.28 6.64 6.83 9.89 8.05 5.62 5.78 4.72 4.66 5.24 8.94 4.18
8.78 6.23 6.54 9.02 6.31 7.92 6.4 21.95 29.92 18.7 13.6 12.45 18.83 18.56 10.49 5.86 4.19 6.51 4.8 5.41 6.53 2.59 4.9 3.37 6.86 9.82 7.35 14.39 16.44 9.0 15.18 19.27 26.69 15.78 21.65 21.81 12.1 7.49 9.52 6.05 6.54 6.78 9.82 4.41 9.31 25.68 29.31 18.81 10.79 13.45 9.52 5.14 7.79 4.36 13.56 12.83 7.86 6.45 5.45 4.85 4.29 7.46 6.59 6.24
4.25 5.48 8.91 7.41 6.68 8.91 6.8 21.19 28.91 22.45 13.41 18.79 20.79 17.2 6.87 7.41 4.67 10.62 5.83 4.97 7.18 7.76 5.38 3.54 3.94 6.19 6.29 8.25 15.09 9.14 15.26 9.62 13.34 24.03 35.29 15.01 8.31 7.31 4.7 9.09 9.54 4.77 3.53 4.72 9.73 14.77 20.93 26.04 8.96 6.33 8.86 6.82 7.79 7.14 9.14 14.3 11.46 12.18 9.04 10.55 6.91 5.29 6.28 6.59
6.75 6.15 9.9 6.6 5.14 7.93 12.21 18.04 23.8 14.38 25.04 14.47 12.43 19.26 8.97 5.94 6.05 11.9 10.1 10.29 5.32 4.76 5.99 3.78 4.54 4.61 7.67 8.3 6.04 12.01 10.22 17.78 16.25 14.13 17.35 9.66 9.31 8.7 3.17 7.82 7.05 3.53 2.42 3.85 8.85 13.39 11.76 13.09 6.46 4.82 7.1 7.64 5.98 5.34 6.94 11.43 10.55 5.93 8.76 10.1 3.46 6.09 4.42 6.77
5.13 6.48 11.9 7.64 3.67 8.09 10.82 15.37 17.49 18.16 16.11 20.07 16.7 5.57 9.03 11.4 16.49 10.47 16.53 11.51 10.02 7.8 9.25 7.16 5.92 3.51 7.06 6.72 3.11 3.94 9.67 11.08 10.08 7.17 10.93 7.78 15.36 8.99 7.56 6.52 7.34 3.35 3.3 3.96 7.0 5.47 10.19 10.11 8.69 9.77 6.94 4.36 4.56 5.82 5.31 7.28 5.46 10.27 11.23 15.09 9.21 10.91 10.07 9.89
4.24 7.47 9.28 8.99 6.1 5.09 7.0 8.52 12.65 27.48 14.3 6.92 8.47 4.33 10.41 8.61 12.31 7.77 6.07 23.3 15.85 8.06 8.34 14.67 2.89 1.54 4.15 6.94 3.59 4.67 3.56 14.48 5.69 4.92 5.72 3.97 6.47 6.01 5.9 6.8 3.84 8.0 4.97 6.25 3.7 5.26 9.23 5.87 6.96 13.12 3.64 4.91 4.37 10.18 4.38 3.92 4.81 6.7 11.87 9.56 15.03 11.54 7.41 18.48
3.38 8.1 14.16 8.73 11.9 9.21 5.63 5.17 14.99 22.84 6.6 6.02 8.1 5.87 6.63 11.45 6.98 5.45 5.53 22.8 24.46 12.94 12.36 4.63 4.09 3.3 5.07 7.54 2.83 4.75 7.04 9.12 6.0 4.44 12.02 7.66 10.08 9.93 7.58 4.45 7.62 8.55 4.08 8.17 4.63 6.66 5.14 8.78 10.0 9.6 4.91 5.67 10.45 10.73 6.85 2.9 7.28 8.73 7.62 9.73 15.23 15.32 7.32 10.25
7.17 6.54 9.41 12.95 6.36 6.91 5.41 7.42 9.82 8.86 8.9 3.03 4.08 5.97 4.98 4.46 4.48 6.98 8.87 14.02 14.11 14.06 6.88 2.95 8.86 3.41 4.92 5.83 5.6 5.65 11.33 6.67 7.1 5.01 5.74 7.57 9.92 8.44 7.75 4.69 4.5 4.34 10.35 13.44 4.47 6.21 3.86 3.72 7.52 7.98 8.98 11.99 12.29 9.0 5.43 4.94 6.55 6.09 5.98 6.39 16.1 4.75 9.38 14.64
13.45 6.92 8.44 11.15 6.44 5.06 9.28 5.19 3.69 4.71 6.81 6.85 3.73 4.47 2.78 5.71 3.3 7.31 15.36 9.55 9.92 15.32 9.21 10.0 9.93 5.73 2.35 3.87 6.2 7.16 4.09 5.8 6.46 6.13 6.78 18.33 21.76 10.64 9.42 6.46 5.86 11.95 16.61 11.53 4.2 3.85 3.22 6.5 4.83 9.29 11.33 7.43 4.27 5.55 4.33 5.75 2.96 5.46 8.02 10.06 14.12 7.7 8.78 12.68
8.13 4.47 9.96 10.66 7.78 7.71 9.05 8.68 4.09 7.39 4.66 5.25 5.11 6.72 3.65 4.42 6.08 11.46 16.14 13.26 20.69 12.3 9.49 11.74 7.98 3.13 4.18 5.03 8.85 6.98 3.17 7.28 13.79 18.75 13.72 6.77 19.53 8.74 9.75 6.84 4.95 6.14 6.65 5.83 4.59 2.75 7.22 4.85 4.98 11.69 9.42 5.32 8.26 5.44 2.31 3.48 2.81 8.33 8.07 6.44 13.45 4.78 7.53 4.48
10.94 9.76 6.4 14.66 8.38 6.41 12.04 5.26 3.77 3.91 4.99 5.94 9.21 7.58 5.38 4.78 7.35 8.38 7.83 10.38 11.51 9.82 5.6 4.39 10.51 3.16 5.63 5.74 6.92 3.74 2.9 7.97 16.88 23.01 18.12 12.44 18.04 8.05 8.21 6.45 3.67 3.32 5.53 3.1 6.16 7.52 6.56 3.08 7.24 7.35 5.39 9.5 11.04 8.26 5.08 5.26 7.29 7.72 8.89 8.99 11.95 7.55 3.17 4.01
14.72 12.46 7.23 8.6 12.89 7.89 13.04 8.27 4.51 3.83 2.43 7.69 5.53 5.27 5.17 3.67 8.99 7.25 4.08 15.31 8.9 7.1 4.07 3.47 7.64 3.87 6.88 6.82 4.59 4.02 4.34 6.5 13.53 25.67 17.72 13.79 11.98 8.12 3.17 4.06 2.53 3.72 2.91 5.27 5.72 10.56 9.18 5.73 7.87 6.33 7.07 8.88 13.71 12.47 4.74 3.93 8.95 8.57 5.26 8.87 9.79 5.98 3.66 5.5
23.0 18.68 9.92 15.85 9.1 7.77 8.48 5.57 3.69 2.64 1.88 4.37 3.84 4.18 2.81 4.58 6.82 9.88 7.83 12.67 7.49 6.2 3.82 3.16 6.69 5.62 10.59 4.01 4.72 6.58 5.74 3.07 9.26 19.57 19.12 9.35 5.61 5.38 3.8 6.73 4.31 5.93 3.86 3.16 4.74 5.85 6.41 4.93 5.8 3.42 8.43 5.57 13.68 19.23 8.45 5.66 4.85 6.14 12.21 7.71 7.13 4.35 5.42 4.16
13.19 24.41 15.0 9.96 10.45 9.95 8.0 3.39 4.11 6.04 4.15 3.55 2.84 3.79 6.49 6.42 5.12 7.56 15.2 7.85 7.65 3.28 3.28 3.57 8.13 8.86 7.85 4.66 4.9 5.13 7.47 5.82 9.83 20.09 19.39 7.27 6.35 8.82 6.38 4.85 4.71 3.03 5.81 6.47 2.69 8.17 6.68 9.61 4.85 4.26 11.94 7.66 9.82 15.61 8.56 5.44 4.82 15.34 7.26 7.88 7.04 7.39 6.84 7.46
9.37 16.84 18.51 16.86 8.03 8.74 4.95 4.23 5.44 5.34 4.48 2.91 3.36 3.45 5.99 4.92 6.71 7.42 8.32 9.1 11.37 6.45 2.63 8.12 6.14 16.16 11.09 10.62 4.23 6.48 9.67 7.86 8.95 13.83 7.51 13.93 6.82 5.97 6.24 4.53 3.74 3.2 3.59 7.82 5.9 6.88 6.16 6.27 6.82 6.41 8.06 13.39 6.01 14.57 8.92 7.49 8.43 12.8 6.18 5.14 7.25 6.38 25.01 4.92
6.78 21.88 23.47 33.3 11.03 9.64 8.85 5.26 7.22 10.85 4.71 5.7 6.29 5.32 4.45 3.33 7.02 4.79 4.59 8.11 13.39 7.53 4.04 12.58 9.13 9.83 7.82 10.02 13.23 8.35 8.41 6.14 5.53 5.49 8.34 9.43 5.28 3.6 3.88 1.96 2.96 4.17 3.7 6.36 10.26 7.12 8.73 11.44 7.75 7.87 8.21 15.11 10.08 12.75 10.69 9.39 10.88 6.86 4.54 13.03 13.35 13.95 17.7 8.71
4.59 12.27 57.11 24.51 13.26 9.44 9.36 7.92 6.5 11.86 3.34 4.49 13.35 7.11 6.38 4.32 7.44 4.15 4.86 6.61 11.32 10.88 7.59 5.23 5.71 7.14 17.17 12.66 8.6 9.08 6.99 6.89 3.77 4.85 6.94 5.25 6.43 2.54 1.78 3.74 1.81 2.97 2.27 3.26 7.58 7.82 7.23 5.75 7.75 8.63 6.5 8.17 9.64 6.57 7.74 6.19 9.65 5.71 4.47 18.34 14.76 13.92 9.15 9.7
4.53 15.67 26.39 17.83 12.74 7.61 5.57 6.78 7.44 6.32 8.16 9.76 9.82 18.43 13.41 7.31 5.09 5.23 5.83 6.92 7.47 11.66 9.51 6.84 7.02 11.71 13.41 7.09 7.27 8.9 7.54 6.14 5.37 6.17 6.63 7.01 3.31 4.99 2.61 3.19 3.12 3.81 2.68 3.4 10.72 6.15 4.53 5.0 4.74 7.76 5.94 5.79 4.61 3.58 6.6 5.74 12.67 8.49 5.22 14.66 22.48 17.34 13.37 15.37
5.02 13.77 14.2 15.38 11.41 3.71 10.37 6.18 3.65 10.47 7.82 12.45 9.08 13.18 9.73 4.88 6.28 3.06 5.37 7.02 9.78 11.46 12.43 7.68 9.36 9.86 9.66 4.31 4.3 5.13 7.36 5.11 9.73 6.87 4.94 5.69 10.02 2.58 2.35 4.08 5.17 4.22 2.41 5.32 6.92 6.98 7.96 9.68 5.71 6.13 8.74 3.65 2.33 3.15 4.96 6.09 11.76 11.84 11.22 20.09 16.75 12.76 11.03 10.49
8.04 7.51 9.41 14.54 7.11 4.86 4.08 4.91 6.15 6.51 6.57 8.89 11.24 10.04 4.75 3.7 4.23 3.06 5.33 6.08 8.49 12.98 7.22 7.32 6.41 8.78 5.97 6.54 6.56 3.53 5.53 8.96 11.89 3.43 5.49 8.17 3.91 2.88 3.88 4.82 5.48 4.16 4.1 4.02 7.51 7.25 6.34 14.13 8.95 9.87 9.46 6.87 5.41 4.1 3.98 6.29 9.27 10.84 15.89 7.58 11.77 11.2 8.14 7.66
7.38 9.36 9.67 9.42 14.85 4.55 2.02 3.6 6.5 4.93 10.23 19.48 14.96 10.95 6.49 4.96 7.51 3.57 5.92 6.1 8.7 15.96 10.4 9.7 6.38 11.67 12.63 6.04 4.94 2.23 3.73 5.14 7.95 6.29 6.7 9.17 4.5 3.47 4.32 4.88 8.76 4.95 4.4 6.28 6.32 16.43 11.1 13.18 4.57 8.31 11.22 7.3 5.44 3.95 3.81 4.86 10.64 9.14 10.45 8.85 12.33 11.43 6.29 7.47
8.32 9.42 10.34 5.41 9.16 4.04 2.57 3.83 2.45 5.14 8.03 13.0 8.51 8.34 4.99 6.51 8.95 4.66 3.72 6.57 7.83 5.67 11.09 10.28 7.13 11.12 12.3 6.16 5.62 2.31 4.22 6.27 6.23 5.79 6.87 6.2 9.09 5.8 3.3 1.93 3.78 11.57 6.48 5.49 8.38 5.13 6.65 6.39 12.69 12.97 7.39 9.3 8.72 6.76 9.43 6.32 12.62 6.63 8.27 10.1 7.99 11.23 6.8 6.79
6.76 8.2 3.78 6.56 4.26 1.75 2.27 4.88 3.54 10.25 14.17 15.57 14.32 15.53 11.54 16.52 10.48 3.97 3.53 7.66 7.6 7.71 11.1 6.36 11.09 9.39 11.8 10.41 6.52 5.82 5.76 8.75 9.13 16.31 7.28 10.58 8.26 7.17 1.72 2.86 6.78 12.01 10.07 4.38 3.94 3.87 4.45 5.95 8.51 16.48 5.04 9.43 14.66 18.61 27.58 8.63 14.51 9.46 11.45 20.69 5.26 6.5 6.05 5.32
5.96 6.27 4.88 3.22 2.98 3.26 2.48 2.45 4.95 6.49 4.7 12.48 12.96 10.46 17.2 11.04 11.17 3.97 6.28 7.05 6.54 5.74 12.35 7.77 7.45 11.11 11.85 7.8 6.47 10.22 5.26 6.78 9.7 9.18 6.57 5.75 4.29 5.63 4.36 3.57 5.45 8.56 8.43 5.0 3.24 2.97 6.34 9.27 9.74 9.06 8.59 22.68 28.9 23.42 13.47 8.67 12.03 11.58 26.8 14.57 4.65 6.83 8.69 5.45
7.62 6.7 2.12 3.77 3.77 2.39 2.27 5.38 7.05 5.7 7.62 14.71 9.29 15.48 9.74 6.62 5.29 6.02 6.76 3.39 5.23 11.85 13.27 12.94 9.54 13.26 10.07 8.78 11.01 5.69 9.54 11.02 6.3 5.32 5.09 4.02 3.08 5.13 3.93 4.27 5.68 6.22 10.68 5.89 11.01 9.88 9.02 8.51 6.13 9.36 9.53 20.72 35.22 20.17 7.75 9.45 13.17 15.74 22.99 8.65 8.74 5.23 9.89 8.08
4.71 5.54 2.68 2.85 3.14 2.14 4.2 4.16 6.03 6.92 8.27 7.34 11.09 10.34 6.15 12.37 8.78 5.05 6.17 4.59 7.11 9.68 7.68 10.47 8.75 9.45 7.74 6.85 15.6 15.62 10.77 9.29 4.13 14.29 5.14 3.59 4.46 9.57 3.83 2.48 3.81 10.39 8.02 9.86 8.27 19.39 9.67 6.26 8.33 7.48 7.65 13.19 32.92 25.48 12.21 12.28 13.77 17.2 9.29 6.36 9.92 6.05 4.52 5.68
5.35 5.06 3.02 2.37 2.45 3.85 3.38 5.17 8.56 9.33 12.6 7.44 9.89 9.43 7.6 6.54 4.43 4.81 4.19 3.09 3.81 4.66 5.88 5.94 8.15 10.34 8.25 9.07 23.67 10.82 15.05 7.79 7.31 7.1 4.13 3.07 2.85 6.16 3.95 1.52 2.39 6.0 8.63 5.06 9.02 12.58 11.58 3.63 8.41 10.49 6.61 7.51 22.4 36.09 28.15 12.77 11.24 9.98 11.39 14.24 9.09 5.91 4.45 4.2
5.24 6.35 4.57 4.45 2.65 3.1 2.46 2.32 9.71 10.3 10.12 7.17 12.27 11.61 13.17 12.27 4.17 2.74 3.77 4.03 2.56 4.08 10.14 11.01 11.88 11.54 9.78 13.37 14.68 12.26 15.14 11.42 5.97 5.38 6.64 5.96 2.3 5.07 5.84 2.91 2.24 4.24 8.32 8.85 6.25 11.36 9.99 4.62 8.13 10.42 7.79 10.99 19.85 24.07 23.36 10.59 9.48 7.78 8.01 4.74 3.78 5.7 2.92 2.35
3.11 5.51 3.6 4.34 3.1 2.95 3.25 4.42 5.66 6.54 12.21 4.45 9.89 14.13 10.47 5.88 2.94 2.23 5.25 3.05 2.95 4.61 11.85 17.26 12.7 10.55 7.59 13.41 5.11 7.85 12.57 13.06 5.16 4.0 8.1 4.04 4.95 4.58 3.84 3.71 1.39 3.08 6.87 7.7 4.46 10.93 10.82 8.47 8.75 10.45 7.39 11.27 9.3 17.09 28.88 14.86 11.85 12.13 7.0 5.8 5.54 11.0 2.51 1.66
2.42 3.01 3.48 5.52 1.83 4.54 3.3 4.69 6.65 6.43 8.45 2.98 10.08 13.08 10.42 5.59 3.34 4.6 8.11 6.16 3.16 6.27 12.47 9.08 5.53 5.82 8.59 7.08 8.03 14.37 11.24 9.14 12.33 5.65 5.7 3.82 5.23 4.44 6.09 5.21 4.65 5.13 9.79 7.85 12.05 9.12 8.49 11.36 5.86 7.22 5.42 8.93 16.14 16.84 22.91 11.31 11.68 9.6 12.03 3.93 5.78 7.63 3.32 1.36
3.25 2.62 3.38 3.3 3.21 5.18 5.1 5.02 9.01 5.22 5.79 6.03 7.39 8.89 6.31 5.3 3.54 5.01 11.38 6.46 6.84 6.14 7.75 7.02 6.46 10.04 7.72 8.9 10.62 15.05 17.62 7.91 9.53 9.79 5.42 4.02 6.41 8.03 7.17 4.37 5.4 9.0 4.39 7.95 6.72 11.87 9.39 6.68 9.35 5.63 8.66 15.35 13.28 10.58 8.56 9.85 8.91 9.29 7.79 5.95 8.11 3.91 1.93 2.44
4.87 3.17 2.28 4.28 3.77 4.79 4.32 11.94 12.38 8.65 7.13 10.56 4.39 6.39 10.19 9.56 5.9 7.69 15.75 11.34 10.35 7.36 11.52 5.3 5.96 9.85 14.79 10.01 20.66 24.96 21.14 17.02 10.0 18.45 8.68 6.49 10.28 11.17 7.67 5.06 4.78 13.86 7.04 6.38 6.68 10.42 6.98 3.54 9.81 10.68 9.21 12.55 12.2 7.71 7.03 11.0 4.65 5.1 6.89 4.5 4.39 4.05 2.43 3.0
4.11 3.54 2.91 2.27 1.88 5.01 2.47 6.41 17.94 9.85 10.5 6.5 4.86 9.17 12.56 25.19 6.7 8.65 8.13 12.49 11.11 6.85 8.48 4.49 5.83 8.86 14.61 9.61 6.9 17.47 15.6 17.49 12.19 26.15 18.55 12.64 22.3 15.45 10.92 6.03 6.97 10.33 11.07 5.88 11.98 19.15 9.59 4.21 8.4 9.66 20.76 9.14 8.11 8.07 8.9 6.26 6.79 4.29 2.59 1.17 3.19 4.19 2.2 2.93
8.87 5.49 4.37 2.29 2.94 7.64 7.3 5.73 12.87 9.45 7.82 4.13 9.42 9.41 11.2 15.27 13.19 9.92 10.67 8.31 11.52 5.68 6.8 6.23 6.72 6.55 7.9 7.56 7.22 18.41 19.22 9.53 15.25 17.8 25.96 18.26 13.17 10.94 16.07 11.66 5.65 15.47 18.72 11.41 8.64 19.39 10.38 5.36 6.94 8.11 7.38 7.49 12.12 15.01 6.25 5.37 6.26 2.81 2.04 2.55 2.25 3.55 6.75 3.5
9.04 16.13 6.08 4.11 3.72 13.95 8.24 3.89 9.88 12.05 12.29 11.63 15.39 13.41 16.36 8.46 4.7 8.49 4.47 5.87 4.15 3.48 4.32 4.5 8.8 4.96 3.13 6.74 5.23 11.83 8.64 15.19 10.71 10.69 14.66 18.67 13.9 10.79 16.18 14.63 5.47 10.09 11.93 12.72 10.03 17.22 12.95 5.05 8.32 11.51 12.51 14.96 24.66 16.39 13.67 6.19 3.78 1.73 2.69 1.76 4.31 3.57 3.78 5.93
6.21 9.54 13.35 7.12 6.96 9.25 9.95 8.25 5.75 11.51 23.37 21.34 10.18 12.14 18.49 12.13 7.87 7.07 2.31 3.27 8.75 3.71 2.83 5.49 5.6 4.48 5.04 8.03 9.8 16.11 7.03 8.37 9.92 9.36 19.82 22.12 19.03 14.04 9.65 6.98 6.26 5.41 5.82 6.13 8.54 16.16 13.16 7.77 11.41 10.6 19.83 17.01 28.45 18.64 7.28 5.46 4.49 3.36 4.49 4.72 6.42 6.29 5.07 5.81
7.46 6.64 20.46 6.31 6.11 8.16 9.11 9.11 5.23 9.93 20.73 12.98 16.22 17.77 32.89 14.07 10.3 5.32 5.7 3.73 5.48 5.69 3.63 2.4 6.01 5.27 10.72 8.02 21.96 14.86 5.46 10.31 7.76 14.16 12.68 14.68 15.6 16.58 12.42 8.96 8.77 7.9 8.36 8.09 8.7 25.64 17.3 6.0 13.7 16.87 28.98 29.72 12.33 26.08 10.93 8.58 6.11 5.69 10.65 8.48 15.04 4.53 6.0 10.74
6.52 8.13 9.94 12.04 9.02 12.28 7.64 6.95 5.52 5.47 9.06 13.06 11.9 25.59 34.69 27.23 9.44 11.77 4.41 2.51 5.11 6.21 3.2 2.23 3.72 11.0 8.43 10.09 9.42 15.27 8.09 6.83 4.24 10.67 4.71 10.17 11.75 10.52 19.17 9.99 10.81 7.78 4.85 14.3 7.38 5.17 10.31 7.22 10.54 14.17 24.4 16.51 8.88 19.75 12.32 13.07 11.98 14.62 17.19 14.14 10.45 4.9 8.74 7.96
9.5 8.34 7.67 9.23 25.82 15.93 9.41 5.96 4.66 4.31 10.02 10.5 12.19 17.9 69.52 42.97 33.79 13.06 3.92 3.27 6.48 7.52 3.62 4.57 5.74 11.33 9.53 9.82 24.93 19.54 14.1 11.71 4.52 5.34 8.31 13.04 13.87 9.05 26.94 11.47 13.38 18.43 9.38 9.51 6.22 4.44 5.72 6.38 13.23 11.69 8.54 9.07 8.17 13.72 15.15 29.24 10.91 12.07 17.43 13.63 8.69 6.38 5.98 5.55
16.84 12.27 11.3 14.53 17.73 21.79 17.01 6.43 6.34 3.48 9.33 6.36 9.21 25.48 46.44 38.58 13.77 5.37 3.62 5.97 7.48 9.66 9.99 9.19 11.49 13.37 23.52 16.26 10.32 13.43 10.09 3.34 3.48 4.26 6.94 8.14 6.39 7.17 5.61 7.19 12.91 13.49 10.46 8.53 9.08 6.36 8.22 13.56 8.54 7.11 7.01 3.42 3.58 10.17 12.98 9.49 5.73 7.38 10.13 10.26 13.19 7.18 7.14 17.54
9.49 11.58 17.49 12.72 12.89 20.48 17.44 6.44 5.25 7.85 8.21 9.44 7.99 20.3 15.82 12.23 12.16 3.9 6.19 7.28 6.34 13.93 18.26 16.0 9.85 24.88 26.16 11.34 15.61 21.15 14.53 6.94 7.94 10.5 9.12 10.59 3.59 5.56 4.08 6.52 6.46 12.91 12.32 11.54 9.34 10.05 14.87 15.38 10.13 4.37 5.14 3.88 10.22 4.52 5.05 9.05 3.82 8.54 10.02 19.67 12.75 7.9 9.49 5.67
6.6 13.2 17.26 6.79 11.18 11.83 6.39 5.16 8.32 10.56 7.43 10.83 16.29 10.14 14.09 6.03 10.06 11.17 7.61 6.05 5.9 14.63 20.91 17.28 10.66 7.36 16.15 7.51 19.33 18.59 13.44 8.45 7.15 12.28 8.93 4.28 4.33 4.61 5.61 7.93 12.51 10.05 10.19 14.2 23.62 5.47 9.37 14.21 7.96 4.11 8.89 6.39 5.36 2.93 4.75 8.64 5.16 7.7 13.79 13.98 16.0 18.78 11.64 9.73
4.21 10.48 11.22 6.34 13.77 10.66 7.28 5.63 3.2 10.29 10.85 9.87 7.81 7.27 7.45 8.79 25.7 10.68 3.56 3.47 4.14 8.32 18.66 21.27 8.5 8.55 9.23 15.54 20.12 15.07 19.34 6.87 9.39 11.65 9.02 7.65 6.06 6.82 6.73 14.07 13.79 6.1 4.82 11.7 12.25 12.05 7.59 17.67 8.99 4.01 5.47 7.32 4.69 2.37 6.56 10.27 6.41 5.87 9.03 12.43 14.86 13.54 10.12 6.21
5.61 8.71 12.8 10.01 10.31 6.7 14.86 8.54 3.75 3.56 6.13 8.99 8.17 5.56 9.88 12.5 17.69 6.24 4.89 2.94 3.59 10.65 8.73 20.15 13.55 13.78 10.26 20.69 20.32 11.44 15.99 11.12 10.46 10.32 6.99 7.44 13.06 16.69 22.62 20.69 20.63 6.08 4.67 18.42 15.63 16.07 15.91 20.99 13.28 3.89 9.74 5.22 3.92 6.61 5.31 5.2 8.24 4.24 7.84 12.85 25.02 11.31 9.29 14.09
5.24 5.46 7.31 9.29 5.3 5.73 14.71 5.86 3.9 3.43 7.42 6.75 6.83 10.41 8.36 7.8 8.75 7.34 5.49 5.88 7.57 4.25 7.7 28.84 14.29 9.33 8.98 13.06 11.72 15.01 17.82 11.16 14.18 9.51 8.27 9.35 19.34 38.25 29.34 13.16 12.9 3.81 6.92 7.79 12.96 14.83 14.2 12.31 9.55 8.38 4.22 3.91 7.01 3.6 4.52 6.91 6.83 2.12 4.87 19.93 12.82 13.74 7.48 10.09
8.34 3.34 8.87 15.43 7.21 7.23 10.52 14.1 4.6 5.83 5.26 7.78 6.11 7.56 8.44 6.49 8.61 9.55 12.51 2.95 4.24 7.13 4.33 7.98 6.73 12.35 6.59 19.77 27.52 16.33 13.32 17.2 10.06 8.96 9.09 20.1 8.95 37.71 26.01 22.83 13.28 9.77 7.39 5.63 13.01 19.18 11.48 11.59 13.65 8.85 3.41 6.02 12.32 3.72 3.43 3.46 2.61 7.1 4.02 9.28 21.39 25.16 20.45 12.45
7.97 6.31 6.59 10.76 8.48 6.04 7.93 11.55 7.19 7.55 7.07 8.34 4.94 8.29 8.75 6.56 10.2 9.93 7.18 3.37 5.65 3.7 7.58 7.37 9.49 10.95 8.21 13.83 14.71 14.73 13.06 11.18 9.06 15.48 17.79 14.33 13.57 30.07 13.01 13.18 22.07 5.84 7.06 3.53 10.31 8.79 13.06 8.8 6.42 6.95 6.54 5.38 8.47 5.71 6.01 2.53 2.78 3.53 1.77 4.24 13.04 15.39 10.89 17.46
7.47 10.01 13.07 12.98 15.55 3.92 7.19 11.53 8.16 7.72 4.21 7.27 7.47 5.42 8.33 9.2 6.68 6.0 5.01 2.44 2.62 8.72 7.74 4.65 7.22 11.76 10.05 12.46 6.61 8.87 10.9 13.1 11.8 15.18 12.44 13.17 11.33 20.62 21.66 18.95 16.73 9.33 5.77 5.0 7.37 8.96 10.96 14.9 5.82 7.63 7.86 7.1 7.42 3.81 5.34 5.3 4.8 2.69 2.67 7.91 6.56 15.09 41.7 24.39
10.55 12.9 14.51 11.41 10.89 4.33 4.93 11.09 7.08 6.47 8.14 7.42 6.24 3.91 7.51 11.7 5.59 9.88 5.37 5.38 4.44 13.71 7.29 9.23 8.32 5.97 6.26 6.53 5.08 8.84 13.37 9.04 12.26 10.71 6.61 5.78 10.36 15.5 10.51 17.59 15.67 9.29 6.17 6.55 6.43 7.6 11.4 21.54 6.57 7.62 4.76 7.07 4.18 4.18 5.51 5.55 4.31 2.36 2.82 2.92 9.04 12.84 13.5 26.28
11.06 14.84 22.48 14.09 12.44 5.86 10.94 6.78 9.02 6.39 5.04 3.71 5.51 5.78 10.18 13.27 9.06 7.28 5.77 6.18 8.03 5.96 9.44 9.01 10.08 12.66 13.53 15.52 12.34 7.53 9.85 8.58 16.93 5.8 5.49 5.83 10.39 11.81 11.19 10.32 25.63 12.57 5.74 4.08 8.92 7.85 11.1 14.5 9.69 6.25 6.95 3.77 3.95 4.81 7.57 4.41 6.36 3.72 3.67 3.38 7.4 16.66 12.07 12.77
19.09 12.29 16.77 13.44 8.73 10.05 11.66 9.76 12.8 5.47 7.23 6.57 8.24 5.81 8.66 16.88 17.91 9.36 6.57 4.78 8.02 7.4 6.73 7.36 6.13 15.0 15.56 23.7 8.72 5.83 9.23 14.33 12.08 10.3 6.6 6.31 5.79 8.97 8.83 9.6 15.05 7.03 3.54 4.1 6.75 7.15 8.05 13.24 14.76 7.31 4.89 5.89 5.49 6.68 3.86 6.38 6.5 9.76 6.57 7.32 5.59 8.95 11.51 8.88
14.51 9.88 7.68 13.81 5.21 7.99 8.79 6.71 5.89 5.0 5.6 6.14 7.45 4.42 3.84 12.63 24.62 16.12 8.02 3.26 4.04 7.18 10.11 7.15 10.49 8.91 12.95 15.02 11.08 11.11 12.97 15.39 10.81 9.93 7.27 8.21 8.91 10.47 10.13 13.48 12.95 8.81 12.28 2.47 7.12 10.56 6.5 19.14 11.93 9.29 5.56 7.43 4.81 4.93 5.24 6.09 7.62 7.39 9.62 9.49 4.13 4.77 5.22 6.38
