7.05 4.22 3.96 2.43 3.56 6.56 21.12 13.58 14.97 8.07 27.35 18.31 10.61 11.59 17.18 8.84 8.92 5.07 5.47 9.83 6.58 6.01 4.62 6.27 5.13 4.77 2.66 6.84 5.45 9.28 3.82 5.42 8.01 10.34 5.33 6.91 3.47 5.62 21.14 11.27 6.85 1.89 2.72 3.91 3.72 2.85 3.88 7.09 3.92 3.57 5.45 6.74 9.74 8.91 10.89 11.77 13.7 10.71 8.49 14.43 11.32 11.98 15.11 8.88
11.84 5.6 4.04 5.39 8.97 9.53 5.97 16.47 11.32 17.47 21.0 12.13 12.33 12.43 11.42 9.74 5.37 10.4 9.74 16.51 15.88 5.95 4.98 9.03 6.99 10.58 10.29 5.43 7.7 8.1 5.96 6.49 4.45 8.02 10.7 6.54 12.36 7.5 16.55 8.36 5.58 1.46 1.82 2.42 2.26 2.65 3.0 2.54 2.25 2.9 4.96 9.71 10.84 11.95 12.12 5.12 5.07 12.37 12.0 10.07 11.87 15.72 13.45 10.28
13.8 5.3 8.0 5.88 5.49 8.13 7.69 4.88 8.53 7.34 12.49 13.16 9.61 4.86 4.88 4.47 6.83 8.86 6.91 14.68 6.1 4.12 6.23 7.07 6.0 5.11 4.29 7.91 7.15 6.46 2.65 3.08 6.72 4.33 5.34 8.96 11.82 7.96 8.49 5.51 2.54 1.93 1.57 3.02 2.55 3.1 3.55 3.67 1.63 3.51 4.0 7.58 10.36 10.62 10.04 6.68 6.52 11.16 22.88 19.88 10.02 14.14 9.01 5.79
7.19 3.38 3.39 4.91 8.01 8.69 12.95 3.34 8.97 11.93 7.8 8.01 7.2 5.03 4.25 7.16 7.05 12.29 12.49 12.23 5.7 8.44 4.09 7.67 4.06 7.16 5.45 13.75 7.04 5.97 2.59 3.28 4.63 3.65 5.73 9.29 10.31 6.63 7.59 4.81 2.59 2.87 2.65 2.1 3.12 1.84 3.1 2.37 2.8 3.77 8.63 11.16 6.94 10.0 14.16 19.9 8.57 16.83 14.4 29.89 13.46 14.0 9.05 7.6
5.13 3.08 3.42 3.29 5.49 7.83 4.19 6.26 8.02 5.99 4.76 4.48 6.42 6.99 9.13 7.12 8.49 6.51 8.7 11.12 4.65 10.58 5.0 5.19 5.33 4.43 4.48 5.1 6.29 4.55 4.22 5.49 5.17 7.31 5.47 6.64 8.07 4.29 2.81 2.16 4.31 2.59 3.04 2.34 2.07 4.42 3.6 3.04 5.5 4.89 7.76 18.16 11.84 11.84 8.07 11.43 5.63 9.76 14.92 25.21 11.21 7.31 9.42 9.92
6.0 3.68 6.38 9.53 7.79 8.84 4.08 5.16 4.54 2.62 3.37 3.56 7.52 14.28 16.29 14.81 7.53 7.96 8.91 20.74 11.72 7.73 6.15 7.39 6.98 3.53 3.19 5.79 4.92 2.96 4.93 5.91 12.34 8.38 7.27 5.23 9.57 4.42 2.31 1.23 2.59 5.12 1.82 2.23 2.09 3.78 5.09 11.07 2.37 8.97 9.43 12.82 13.87 9.14 7.2 8.77 5.43 6.02 10.01 9.68 4.13 6.09 10.26 11.33
4.03 5.25 5.8 10.28 13.1 6.23 5.19 7.23 5.74 6.72 4.8 5.33 10.61 14.74 8.7 6.72 10.18 6.93 12.31 8.21 14.03 10.66 6.83 12.97 6.68 5.87 6.66 8.61 7.54 5.45 3.68 3.55 12.59 5.82 4.31 7.04 4.19 5.48 3.35 1.51 2.43 1.75 1.86 1.8 1.85 3.28 5.65 3.44 4.97 2.94 6.3 7.68 8.45 8.3 6.62 6.51 10.91 5.72 4.15 13.27 6.66 4.1 6.23 5.89
7.67 8.23 7.26 10.13 13.55 12.36 13.15 19.22 9.21 15.64 15.39 13.12 16.02 17.35 11.14 6.19 10.37 7.13 6.78 4.32 7.09 9.17 14.79 6.38 7.04 5.95 6.7 13.96 19.72 9.71 5.16 5.16 6.11 5.91 2.98 3.23 6.34 5.54 3.88 2.07 2.4 3.21 3.88 2.45 3.98 5.11 6.28 7.01 7.09 7.19 11.09 11.33 6.97 7.69 9.24 12.09 6.7 5.63 11.69 9.15 7.98 4.32 6.82 15.63
6.28 3.54 13.65 21.1 9.89 10.52 14.46 20.48 13.4 6.92 10.1 8.78 15.16 11.18 7.22 8.79 6.26 3.67 5.56 5.85 5.13 6.07 4.21 9.01 4.45 5.95 2.66 4.78 12.98 16.48 4.62 4.81 5.81 4.73 5.53 4.17 3.9 4.36 5.13 3.02 4.13 3.88 5.16 3.55 4.18 6.06 14.21 7.09 4.8 9.58 6.9 7.9 7.67 2.85 5.8 5.87 9.69 6.63 3.59 9.75 5.05 6.02 7.7 11.19
4.96 4.53 7.99 8.45 12.58 16.78 14.04 12.67 9.06 6.8 4.24 8.21 24.05 17.62 8.81 6.47 8.28 10.99 7.99 4.82 3.12 3.93 5.81 5.01 2.16 3.02 8.0 7.83 24.31 27.33 26.63 9.5 6.71 6.49 6.35 6.13 3.2 3.79 5.95 10.81 11.51 13.91 10.88 4.62 9.98 5.14 6.84 5.58 5.32 6.8 6.53 6.21 3.28 2.96 2.32 3.53 4.89 3.18 3.35 5.37 6.76 9.63 9.66 7.8
5.38 5.75 7.06 4.49 11.23 6.33 11.64 4.73 6.68 4.66 5.42 18.9 12.37 22.52 6.93 5.47 10.78 11.73 8.72 4.08 4.34 5.05 4.84 2.88 4.95 3.49 9.46 15.4 14.73 16.19 13.02 11.95 12.3 8.48 8.59 9.45 5.39 3.32 4.31 11.89 5.64 6.02 11.22 6.68 5.22 5.01 4.77 7.62 12.37 15.85 12.6 8.79 3.97 2.78 2.1 2.48 2.36 2.15 3.14 6.04 17.51 7.62 8.12 10.66
5.63 6.03 4.83 6.1 5.02 5.28 4.62 7.56 9.41 4.6 10.26 16.66 9.1 7.68 4.07 4.4 9.35 18.82 13.34 8.21 6.26 5.06 5.85 5.79 9.66 11.13 10.1 13.91 16.56 15.43 11.72 7.66 19.38 18.92 20.11 7.57 6.75 4.09 4.49 7.09 5.33 7.67 3.51 6.27 9.07 5.31 5.12 4.93 11.26 7.35 10.49 4.89 3.53 5.06 3.28 2.55 1.4 2.83 8.56 14.81 14.87 6.79 5.71 4.24
3.99 13.42 5.1 4.29 7.22 4.33 5.48 7.42 6.58 6.76 16.79 12.64 21.65 6.06 5.48 5.15 6.51 9.21 8.5 9.07 4.02 4.22 3.59 3.49 7.12 6.94 20.12 13.52 19.42 26.51 14.35 6.41 15.66 20.63 9.53 13.81 5.75 4.17 6.91 10.78 13.66 6.1 7.65 8.31 10.97 6.04 6.29 5.65 10.82 6.74 11.96 7.34 3.67 2.64 1.67 2.78 3.41 8.7 5.81 12.98 6.02 7.63 8.17 4.58
5.21 8.38 14.62 7.16 5.16 4.91 5.41 4.41 5.44 9.64 14.5 15.22 14.15 16.15 4.53 7.86 7.63 4.74 4.58 5.9 4.15 3.21 3.41 2.81 4.45 5.38 6.18 9.51 11.49 11.13 12.39 9.77 7.58 17.01 9.81 8.44 6.8 4.52 6.18 15.28 12.59 7.74 7.49 8.82 7.42 17.97 9.36 7.07 10.62 15.53 11.51 12.64 8.02 3.41 3.52 2.48 4.63 4.8 9.74 5.93 5.16 4.1 10.95 8.39
8.88 4.96 8.14 4.77 4.19 5.88 4.96 6.6 3.74 6.24 6.24 12.58 9.83 9.0 4.46 9.48 7.8 5.65 1.89 2.75 3.03 6.51 2.15 2.31 2.97 9.29 6.76 5.84 9.55 9.13 5.51 4.3 12.01 7.23 15.76 10.41 11.76 7.73 7.18 7.82 19.45 6.21 6.72 13.36 3.85 7.26 8.36 9.04 10.76 10.75 6.87 7.55 6.25 3.44 3.01 2.95 2.67 2.91 7.79 6.29 4.75 5.69 7.17 6.78
4.45 8.59 8.21 8.82 9.28 15.08 12.06 9.99 13.32 11.57 12.37 9.56 10.77 7.57 5.82 7.21 4.78 6.49 5.62 3.15 6.5 3.6 3.43 2.79 3.58 5.12 15.1 15.08 7.78 5.66 3.8 6.12 7.57 11.12 25.1 21.91 15.23 11.86 5.5 14.21 11.26 13.9 6.52 6.74 8.24 5.3 4.23 14.53 12.94 7.3 6.44 10.38 7.48 3.45 2.28 2.99 4.47 6.01 3.67 5.28 5.69 9.01 6.07 4.53
6.79 9.64 19.71 10.24 14.74 11.7 8.87 14.05 15.7 11.6 11.41 18.67 10.18 6.18 5.06 5.72 4.39 7.73 6.28 6.11 5.3 4.84 5.94 4.82 6.5 8.18 9.99 16.84 10.53 6.94 3.68 4.39 6.5 26.08 24.77 15.48 12.7 10.43 9.97 12.72 11.23 10.02 8.28 12.35 8.73 10.71 8.04 8.2 10.2 9.47 4.77 12.45 6.18 4.61 4.0 7.41 15.76 7.52 5.68 6.73 15.94 5.66 4.53 3.64
8.36 10.68 13.45 13.47 10.6 7.45 5.75 5.15 6.47 10.47 8.93 5.01 5.65 4.29 4.72 3.12 4.66 10.34 5.3 8.25 5.83 9.98 3.91 3.58 3.92 5.56 12.29 5.46 8.41 10.13 4.96 9.21 10.08 8.48 14.42 7.88 10.7 7.47 6.54 6.57 13.5 7.77 9.48 11.51 10.53 11.42 3.88 7.78 5.08 7.47 6.05 2.73 3.33 4.67 5.52 9.57 18.19 9.11 9.99 5.26 4.67 4.44 4.87 4.6
9.69 9.18 9.4 12.32 11.61 5.47 9.05 5.5 4.55 8.37 11.56 11.0 7.7 10.33 4.78 9.15 7.37 5.88 6.56 10.79 6.36 5.07 4.93 5.15 6.05 5.81 10.58 10.29 16.29 10.65 17.04 8.57 11.41 7.51 3.45 8.68 7.59 3.84 6.47 12.71 8.65 13.4 10.63 17.36 8.79 4.73 4.19 10.77 6.44 5.66 6.24 5.15 9.98 6.26 4.97 8.79 13.45 13.28 8.71 13.29 7.57 6.34 10.29 5.68
18.19 7.71 2.86 3.97 8.96 6.67 8.7 8.12 5.06 11.73 10.4 9.51 12.83 11.73 6.77 8.63 5.5 6.73 4.45 4.68 6.3 6.41 10.29 5.57 5.64 8.51 10.0 16.58 12.83 10.09 12.09 12.42 8.75 8.8 9.31 12.58 5.04 7.61 4.77 7.26 6.37 7.48 12.5 14.5 6.56 5.05 9.25 5.29 12.4 6.61 7.87 11.93 7.36 4.94 4.37 3.81 9.5 6.79 13.48 3.69 8.83 9.4 15.28 8.78
8.5 6.41 6.86 5.74 9.25 10.57 9.85 8.28 9.67 5.5 5.54 8.96 9.63 5.48 11.13 8.87 13.41 9.51 11.45 6.98 5.61 7.74 2.83 6.26 9.81 11.4 6.96 7.76 9.89 6.47 6.8 10.79 11.44 11.27 8.58 18.89 12.08 8.99 14.76 5.94 11.07 7.48 8.73 6.44 4.72 8.66 13.49 14.42 7.58 9.91 10.65 10.37 10.96 4.78 4.78 4.15 7.84 6.27 2.88 5.75 8.48 20.39 11.14 8.27
12.51 6.71 4.77 4.7 8.07 4.52 5.92 6.99 9.02 5.37 7.36 6.86 13.68 15.08 19.22 23.38 11.01 11.45 14.76 4.67 5.39 4.27 1.84 6.94 7.82 9.79 5.83 7.33 5.44 5.52 6.4 6.6 8.29 7.41 5.29 9.4 12.68 8.48 5.86 12.66 10.82 9.95 10.31 7.49 10.62 6.32 7.59 13.34 14.0 6.58 6.64 13.37 11.31 7.53 6.57 4.63 8.08 10.92 5.1 7.64 12.56 22.04 10.99 10.56
18.94 8.29 7.3 5.75 9.5 8.25 2.35 4.33 6.48 8.42 5.75 6.88 4.87 22.14 21.09 30.94 14.55 8.58 9.03 6.94 5.45 3.37 6.78 4.9 7.44 5.94 7.11 5.89 5.22 7.26 8.41 6.2 12.58 9.71 15.61 8.49 25.41 14.58 6.79 17.15 22.08 8.48 12.19 13.33 6.77 10.09 17.03 13.65 8.86 15.21 10.66 23.04 7.47 8.14 11.33 5.66 9.31 9.02 10.6 7.33 13.03 7.57 16.94 7.89
11.1 8.84 5.23 6.99 13.05 8.97 6.77 6.17 6.92 12.58 4.47 3.63 7.05 7.84 8.92 7.24 18.55 5.68 7.98 4.96 13.83 9.19 9.94 12.11 4.81 5.56 5.47 6.36 7.04 6.52 4.56 8.59 9.33 11.06 19.56 7.64 14.38 12.6 14.85 12.91 16.19 7.95 5.52 4.94 6.68 12.94 9.34 9.29 4.74 6.85 13.12 5.14 4.86 6.33 7.16 14.44 16.08 5.53 8.81 14.3 11.81 10.08 4.01 3.03
6.02 6.6 3.57 11.99 10.98 25.52 12.72 16.65 8.68 9.07 4.48 3.7 8.19 9.03 15.56 10.02 14.57 7.68 11.46 12.2 15.16 22.1 15.96 5.02 7.5 5.91 6.05 12.48 14.05 10.91 8.75 12.94 13.43 12.3 11.88 17.17 9.69 6.72 7.67 18.25 9.59 6.47 5.82 8.52 13.15 8.42 10.05 8.1 7.11 5.86 11.23 4.33 3.8 5.13 7.78 11.85 15.5 7.12 11.48 11.66 17.26 12.29 7.32 5.58
6.46 10.0 6.08 8.29 13.67 21.73 16.53 10.23 6.14 5.96 3.5 3.52 12.85 21.15 12.3 10.42 7.74 13.28 17.97 8.02 8.46 9.38 14.79 5.75 5.17 4.84 5.8 4.64 6.16 6.81 9.76 13.92 5.71 8.39 23.38 11.46 14.94 11.4 8.4 15.5 12.98 7.86 6.54 6.03 14.07 19.37 10.53 6.49 4.22 5.01 4.06 3.56 3.7 5.55 9.78 10.65 7.61 7.47 8.98 6.56 7.68 7.0 6.82 8.24
4.61 5.89 8.2 7.42 11.15 12.15 13.98 7.52 6.74 7.28 4.3 7.17 16.37 14.49 19.88 9.8 17.37 7.4 14.76 12.76 11.39 13.72 15.42 13.36 4.88 6.52 6.39 8.13 10.16 7.36 12.9 7.72 6.99 12.31 7.7 14.72 15.15 25.75 22.88 12.89 10.43 14.89 4.65 8.91 7.03 12.87 6.63 3.77 2.9 2.98 5.14 3.98 5.5 6.23 6.96 11.57 11.68 10.12 5.79 7.89 8.26 9.18 9.77 10.63
2.97 9.09 5.3 28.13 10.59 14.23 10.69 4.31 4.98 8.3 11.01 3.63 8.21 18.58 16.18 7.93 5.87 13.99 6.71 13.41 18.62 15.22 15.78 12.29 12.77 8.31 11.06 12.15 9.63 9.25 14.62 12.05 9.74 8.12 11.75 22.02 13.18 17.35 10.29 15.64 4.94 7.35 6.09 5.19 9.16 7.22 6.5 2.32 6.36 4.61 10.75 4.62 3.42 7.03 11.17 7.63 6.25 10.65 5.51 4.8 10.55 14.27 8.94 16.12
5.24 19.14 14.47 10.45 10.03 22.7 15.07 17.51 10.23 7.82 17.12 5.36 5.0 14.62 12.11 9.72 6.57 5.18 9.07 12.17 21.13 8.39 13.88 11.78 21.51 10.55 12.74 6.63 12.37 8.61 7.72 7.15 5.85 9.92 13.98 14.93 10.25 11.21 6.04 10.95 6.23 5.91 8.04 20.7 11.0 10.39 9.17 4.24 6.36 7.07 12.41 11.82 4.44 3.43 11.57 8.98 4.79 8.5 3.39 7.62 6.58 6.4 13.9 9.49
6.94 8.38 10.6 17.81 12.96 8.62 11.39 14.77 12.9 10.61 9.57 8.63 8.14 9.01 19.23 9.88 14.08 12.26 6.23 12.61 15.81 7.11 5.9 7.96 10.99 17.16 10.32 8.17 11.8 11.41 4.85 5.07 5.82 11.07 12.47 10.94 3.78 4.63 3.27 5.88 4.79 6.85 9.39 10.25 9.5 7.43 7.35 6.41 5.14 5.95 7.35 5.28 6.65 4.5 2.74 4.04 5.17 5.92 5.76 5.19 4.47 11.87 19.76 20.6
8.12 8.74 7.79 14.86 6.54 9.11 6.25 5.97 7.56 10.27 15.01 16.43 13.86 11.69 14.75 18.13 9.01 10.12 8.33 10.03 4.22 5.82 5.51 4.11 9.36 7.8 39.13 24.33 11.54 15.76 4.89 9.42 6.88 9.61 8.0 10.1 5.61 4.68 4.31 9.86 8.52 6.55 9.75 9.03 7.39 11.18 8.1 5.22 11.18 4.41 5.46 3.8 10.79 9.97 6.3 3.15 6.06 5.0 4.97 5.66 6.65 12.56 27.02 28.78
7.84 7.19 12.9 6.81 6.78 2.42 3.07 4.91 5.04 20.05 18.99 22.44 16.17 18.71 13.14 13.69 8.02 7.79 5.31 5.22 6.17 6.25 6.36 4.74 7.37 10.17 14.47 23.06 18.41 6.04 5.66 6.01 4.62 10.28 7.22 9.07 15.96 15.03 7.2 8.55 7.66 3.69 6.12 6.38 9.64 16.87 11.01 20.33 18.19 9.28 3.4 4.59 7.74 9.22 5.34 6.74 4.35 6.7 16.53 6.51 6.2 10.83 7.78 23.52
2.95 5.07 8.25 6.59 5.81 3.78 3.98 4.33 7.74 18.44 12.29 20.45 18.48 9.98 8.65 4.95 9.03 10.17 10.91 5.52 8.22 6.73 7.91 15.96 12.22 13.81 6.21 9.19 12.08 10.59 4.51 5.41 4.33 10.41 6.99 10.57 6.65 14.66 10.66 8.59 9.59 4.02 5.27 5.31 9.11 6.07 14.61 23.92 12.05 8.03 3.34 4.07 5.59 4.22 6.97 6.48 9.06 5.74 12.8 6.78 6.93 6.81 7.79 21.01
4.36 10.54 8.7 5.18 5.71 5.18 5.86 6.14 6.86 16.44 23.47 20.33 13.35 14.26 11.73 11.16 7.62 8.97 6.18 3.25 6.22 5.78 12.34 13.39 12.9 10.27 11.34 14.3 11.89 6.03 4.95 5.39 5.24 7.13 5.38 6.14 9.75 4.0 6.48 6.24 9.29 11.84 6.35 8.89 17.1 13.28 11.81 12.62 20.18 12.45 8.47 5.48 4.16 4.35 3.15 5.77 14.5 9.28 9.74 6.96 12.08 13.28 10.35 23.57
7.92 11.25 11.63 4.64 6.07 2.25 3.72 4.25 7.56 13.77 21.91 17.59 11.4 14.54 18.16 24.06 14.65 8.2 5.18 8.69 7.38 8.68 7.76 9.55 8.85 14.53 9.72 8.09 8.78 6.43 6.3 6.33 9.38 8.65 6.81 5.47 6.9 4.24 3.41 3.59 12.28 10.7 15.51 12.11 8.89 9.68 12.96 18.93 9.78 11.95 7.22 5.25 5.35 3.17 3.32 8.08 11.89 12.03 3.57 4.89 12.3 7.0 5.51 6.67
13.25 10.09 5.46 7.58 2.58 4.71 5.11 5.34 9.21 10.07 10.44 11.55 8.64 19.55 13.43 13.39 10.9 10.87 6.19 6.9 10.06 8.24 8.84 10.01 7.59 17.09 11.33 6.1 7.06 8.08 10.33 5.51 8.26 8.39 8.85 6.28 9.19 7.43 9.13 7.91 13.09 12.32 9.63 7.64 10.04 5.22 7.27 11.73 7.33 9.74 4.05 4.74 7.88 5.81 6.93 3.81 8.63 5.63 3.05 3.92 4.88 7.55 8.12 3.68
6.54 8.72 9.17 7.53 6.38 4.95 7.6 13.74 7.48 11.44 9.21 9.13 16.36 10.07 14.71 12.48 14.07 7.01 11.63 10.29 7.67 6.35 7.1 6.72 7.82 5.33 5.78 6.0 7.3 6.11 5.25 3.87 8.07 9.84 7.01 7.53 11.31 8.38 4.68 5.17 4.93 8.36 6.69 10.91 7.89 10.37 7.41 6.53 13.8 4.38 4.11 5.51 5.51 4.27 5.77 4.44 7.84 4.24 5.29 3.73 4.68 8.18 9.79 6.09
5.67 6.14 6.95 9.55 9.65 5.21 5.78 9.75 26.87 14.62 14.91 13.61 11.44 22.18 19.24 8.28 21.04 19.66 15.87 12.04 11.96 12.55 10.27 10.19 12.91 9.5 3.77 6.15 5.84 3.71 4.12 4.78 5.86 5.01 8.18 8.5 10.16 12.86 6.08 11.25 7.07 8.97 12.81 8.13 8.12 9.51 4.11 4.64 3.49 4.73 3.24 3.28 6.8 4.67 6.59 7.25 9.31 6.82 9.46 4.2 6.36 12.48 8.04 9.16
4.19 3.81 5.7 6.34 5.57 6.57 5.47 6.66 37.07 35.4 31.06 14.24 12.92 13.02 32.95 17.07 13.64 9.86 10.25 7.19 10.94 9.95 8.37 10.77 8.93 9.1 4.86 3.7 2.73 6.71 4.06 4.6 4.1 2.95 4.72 4.8 12.11 8.96 8.27 8.25 23.65 22.42 13.61 9.78 8.53 4.7 4.79 2.47 2.3 1.68 4.64 3.99 3.36 5.41 7.7 7.72 4.42 6.88 6.66 10.72 4.93 6.83 9.65 17.76
5.37 5.56 6.28 5.93 6.31 5.26 6.28 10.58 13.18 17.56 24.92 11.99 20.69 12.46 21.61 9.73 14.0 9.57 7.79 5.05 6.68 4.42 4.53 6.1 8.25 4.6 3.03 3.35 3.82 3.91 4.62 4.58 3.87 5.49 3.6 4.71 12.38 9.45 5.46 11.54 19.02 24.6 11.08 8.09 9.27 7.18 4.35 4.93 4.57 3.1 4.48 5.44 5.51 12.3 5.52 7.36 10.18 6.2 7.43 5.27 8.74 12.46 14.03 21.5
9.07 6.69 5.32 4.29 4.33 5.41 7.22 5.52 9.95 7.08 13.04 17.86 8.32 6.64 8.29 11.22 10.7 7.37 5.1 5.5 6.54 9.05 7.08 6.75 2.83 4.4 2.35 4.17 4.41 4.23 5.39 7.07 5.19 9.24 7.41 6.01 11.43 13.12 20.28 10.11 10.61 9.37 10.86 10.87 8.23 5.84 7.66 3.82 2.19 2.48 2.33 3.02 7.47 5.15 6.31 8.01 5.64 5.22 6.73 8.24 10.11 5.7 11.6 18.13
4.41 4.25 5.8 15.39 6.13 8.94 5.51 7.67 7.28 6.64 10.12 11.13 12.62 8.72 10.86 12.31 13.05 12.78 7.51 2.91 12.74 9.45 4.73 2.23 3.66 7.58 3.86 3.06 3.9 9.66 8.86 10.74 6.48 5.86 11.49 9.18 13.09 17.55 16.62 23.81 13.18 14.47 14.47 14.55 9.45 6.07 9.29 4.05 4.37 2.28 3.84 3.38 6.34 10.79 7.45 7.86 3.3 8.46 8.49 13.31 11.05 8.88 17.82 20.33
5.89 8.32 10.47 13.34 7.98 9.93 9.89 8.58 11.94 12.88 14.31 8.62 21.48 21.34 18.6 7.81 10.52 8.32 4.56 7.71 4.94 6.14 3.2 1.78 5.01 4.38 2.41 2.56 4.5 8.59 7.19 10.77 5.91 9.56 4.08 9.83 11.56 12.44 13.61 18.42 17.27 15.77 10.58 8.17 9.14 7.45 7.21 7.41 3.28 4.09 2.95 3.16 6.55 7.02 6.25 6.74 3.13 13.23 8.73 12.75 10.43 7.65 15.02 22.05
20.85 13.34 9.81 14.91 15.41 9.36 10.24 6.94 14.27 14.5 16.59 10.17 11.99 21.7 47.8 10.86 6.25 9.98 5.7 4.7 2.31 3.27 1.94 1.53 1.4 4.1 3.25 3.53 5.33 11.25 10.45 15.07 6.95 8.17 7.62 12.49 9.81 12.26 12.81 13.48 27.09 13.45 16.54 14.88 8.89 7.49 8.03 5.71 4.12 3.35 3.36 3.61 3.28 4.06 6.55 3.94 5.79 9.08 7.72 16.67 9.8 12.51 7.94 14.83
23.78 14.53 17.41 18.81 12.83 15.05 16.33 14.74 18.24 14.19 12.0 18.98 19.1 15.73 24.09 12.85 8.95 8.76 8.31 6.04 1.61 1.88 2.02 1.21 2.38 4.82 7.04 6.3 3.84 6.19 8.89 5.47 11.52 8.46 11.26 11.6 6.01 12.45 9.03 7.06 9.6 16.61 12.26 6.41 9.61 7.93 12.86 5.2 3.09 2.43 4.8 4.5 2.94 7.6 5.02 6.65 3.36 6.43 4.7 9.82 11.88 17.35 9.11 10.36
14.94 19.02 14.73 27.07 20.92 11.51 10.45 16.56 21.5 15.38 9.26 14.82 14.55 19.05 9.68 12.33 8.98 10.13 12.85 6.97 6.65 2.64 1.89 1.96 2.96 4.33 8.83 10.74 14.34 10.25 7.97 8.48 7.73 13.59 14.81 16.11 10.43 10.1 4.51 6.38 5.57 9.96 9.46 5.74 8.76 10.17 11.8 8.58 4.23 3.34 3.94 4.36 4.26 5.78 4.74 2.44 3.15 4.91 8.96 7.69 12.65 20.58 17.83 12.22
11.51 27.35 72.47 28.19 17.09 16.22 7.47 15.92 13.29 13.29 13.96 21.96 18.67 19.04 18.92 7.76 9.54 13.14 13.96 27.89 5.55 3.11 3.06 3.14 3.49 3.57 4.64 12.5 19.85 14.52 9.56 7.26 9.0 15.62 19.2 18.09 15.39 6.1 12.16 5.61 9.18 5.05 7.68 10.97 3.69 5.37 10.73 6.54 4.64 3.76 5.75 4.9 2.11 2.43 2.79 3.91 3.03 6.03 13.11 14.38 10.07 12.51 10.73 15.24
9.01 18.44 23.37 30.93 17.75 10.6 11.35 19.5 28.17 14.24 20.88 20.83 32.04 19.98 15.41 13.39 18.54 28.17 11.21 5.36 7.49 6.87 2.93 3.24 1.89 2.8 7.78 9.58 16.21 20.57 7.67 6.42 6.35 11.48 10.87 7.63 3.98 8.65 11.87 8.52 7.68 5.84 10.47 5.86 4.15 2.53 4.03 7.2 3.48 4.73 4.58 3.23 4.03 4.29 3.08 4.96 5.14 9.34 12.37 15.39 19.44 17.83 6.7 11.0
17.45 12.91 32.54 15.92 15.35 14.71 9.46 9.71 8.99 20.11 14.45 32.65 13.32 43.32 19.77 25.08 14.17 11.05 10.01 6.01 5.17 2.24 2.89 2.61 1.78 3.23 8.3 11.27 16.98 14.21 26.2 8.63 7.77 11.37 10.36 13.73 8.73 4.17 7.45 5.99 4.78 12.31 11.02 9.13 5.92 3.69 2.5 7.39 4.0 5.09 1.92 2.95 2.52 2.33 3.49 2.25 5.72 8.37 14.17 9.21 16.82 8.65 13.52 6.16
8.95 18.58 22.94 8.91 10.59 12.57 16.13 11.77 6.75 11.34 9.86 19.75 29.04 22.24 20.36 13.08 15.34 6.23 9.9 6.11 7.44 3.64 2.7 3.6 4.19 4.73 6.12 8.57 13.22 15.31 35.29 22.54 18.41 10.79 24.66 18.11 8.55 5.83 8.24 12.3 8.39 10.11 16.1 14.09 8.7 6.25 4.65 4.77 2.46 1.94 1.54 3.74 4.81 2.78 3.64 3.22 8.03 10.66 10.52 4.54 10.01 10.53 10.73 9.11
6.71 6.26 5.15 7.71 6.68 11.64 12.42 4.59 19.06 15.11 13.36 13.03 43.68 27.41 19.49 13.58 10.24 9.7 9.45 8.32 6.75 5.04 5.27 3.37 7.19 6.64 9.76 15.49 15.94 21.27 36.05 33.21 14.79 6.79 7.26 12.55 6.88 7.28 10.32 6.42 5.32 13.63 18.57 14.8 8.96 5.76 7.2 4.3 2.36 1.53 2.49 3.48 4.55 3.27 3.51 4.96 10.83 10.35 7.65 7.61 8.16 17.38 23.14 14.04
6.11 5.31 5.42 4.74 5.62 2.98 9.55 5.98 10.5 10.86 14.28 20.61 16.45 22.35 15.03 10.22 4.33 12.33 11.82 17.26 9.23 5.29 3.26 3.47 7.96 7.77 5.73 15.96 11.39 11.86 31.93 29.67 26.32 6.64 5.57 5.32 10.92 8.16 7.08 5.08 7.8 8.24 19.95 11.67 10.44 4.77 5.55 4.01 3.46 3.46 4.36 3.84 2.77 3.91 3.46 2.27 4.64 10.09 8.43 5.45 7.22 10.23 11.94 13.74
4.15 7.15 18.79 4.22 4.31 5.1 5.75 6.26 6.96 7.99 16.52 11.73 8.51 17.66 16.93 12.0 13.33 9.41 7.06 13.32 9.37 10.55 5.43 7.06 8.5 7.93 12.2 7.77 10.5 12.26 34.41 26.5 19.14 8.45 9.23 4.26 10.88 10.85 11.18 6.2 7.64 15.65 17.38 20.83 4.84 5.56 4.37 2.91 3.03 3.86 2.63 6.48 4.55 5.02 4.45 4.18 8.07 14.5 14.95 18.35 19.18 10.6 11.06 6.22
6.26 4.38 10.73 12.73 7.13 4.21 5.52 5.57 8.44 6.31 11.13 8.81 6.65 16.65 11.9 10.98 6.48 17.24 9.63 8.66 6.36 7.13 8.33 9.59 9.95 18.26 16.42 9.03 9.0 14.74 25.21 23.87 16.74 6.77 6.26 9.25 9.64 7.15 9.76 9.99 4.98 18.06 11.42 15.71 7.88 4.96 4.17 2.2 2.76 2.47 5.65 4.56 5.77 6.76 4.96 8.62 10.82 12.68 15.93 10.88 15.7 24.93 11.74 10.92
10.13 8.27 14.66 12.6 5.73 6.44 7.14 11.65 7.22 7.47 13.89 13.26 5.1 6.39 6.01 15.41 13.14 8.82 12.17 19.64 9.72 8.04 12.83 12.42 11.99 8.9 17.98 7.96 6.29 5.86 9.31 22.76 31.02 7.92 8.91 16.09 14.97 10.79 8.15 5.69 7.07 9.54 16.03 7.08 5.28 13.58 7.14 4.91 4.04 4.4 5.3 6.91 3.53 5.43 8.59 7.32 3.8 10.33 8.55 11.85 17.7 8.73 18.1 9.47
6.01 6.77 6.74 3.36 6.54 7.35 5.8 10.39 16.62 8.72 12.63 8.53 6.11 3.68 5.78 14.97 38.96 15.3 21.22 26.72 23.9 15.9 7.72 11.32 10.47 12.06 9.95 8.39 6.46 8.12 18.07 39.36 14.29 10.28 12.81 14.59 25.33 6.72 5.79 2.88 7.58 10.72 15.25 11.04 7.21 7.89 5.31 11.81 2.11 3.48 2.29 4.14 4.31 5.5 5.13 6.58 5.32 13.06 10.26 9.33 8.18 14.84 9.11 12.09
7.73 7.01 4.37 3.97 6.07 12.68 10.28 10.43 8.71 14.33 5.55 3.98 4.7 3.12 6.8 12.74 13.8 33.3 35.01 21.36 23.51 10.73 7.6 9.31 10.18 8.41 6.94 10.57 6.88 14.23 14.29 18.97 16.06 8.87 15.38 13.96 9.43 7.69 8.57 11.91 9.65 11.61 5.55 9.49 4.89 4.91 10.15 6.58 4.58 3.6 4.45 6.33 8.11 7.38 8.18 5.93 6.04 6.59 8.01 8.16 12.02 7.46 16.82 18.53
12.6 7.4 5.85 9.23 12.86 13.25 8.72 11.12 10.44 6.17 3.04 9.6 1.9 3.37 5.95 10.34 7.43 10.81 15.59 23.86 32.98 27.83 12.83 7.89 7.31 4.84 4.07 4.62 5.16 9.19 15.64 6.93 10.49 11.21 14.7 12.17 13.37 9.91 7.12 8.68 13.05 6.48 8.38 6.05 9.76 6.91 3.18 6.23 5.04 7.06 4.45 7.54 7.11 9.28 9.33 10.52 6.03 5.71 6.21 6.8 12.83 10.32 17.15 6.78
5.68 7.34 9.13 12.65 15.34 23.68 8.31 10.4 6.47 5.02 2.16 1.77 3.08 2.47 5.53 4.26 4.15 6.63 16.35 24.84 26.3 18.44 10.3 11.78 6.62 5.24 5.79 6.79 2.74 9.5 9.93 10.17 6.74 12.8 18.11 21.32 16.18 8.65 10.96 8.61 10.9 7.72 5.3 8.44 8.67 10.87 3.24 2.78 4.15 7.11 4.37 7.02 8.24 8.44 13.21 10.7 5.73 4.4 7.41 12.27 16.8 20.24 24.31 33.44
14.79 12.53 5.93 13.57 8.64 31.74 14.71 7.73 9.16 12.29 4.82 2.04 3.24 2.04 4.11 3.33 6.22 8.33 4.66 20.21 13.47 12.61 9.69 9.27 8.73 5.79 5.7 10.86 8.3 5.71 10.59 12.33 7.06 4.9 8.04 17.03 10.44 6.96 7.67 17.85 14.18 9.69 5.73 10.9 14.92 13.37 8.81 5.58 7.72 4.27 4.4 4.25 5.49 11.73 14.07 7.95 8.2 8.62 6.95 12.56 12.68 17.82 17.89 33.72
10.27 11.24 9.86 3.65 11.05 9.54 9.79 5.8 5.84 6.82 6.82 2.6 3.88 6.85 3.55 5.56 12.05 6.18 8.42 14.24 14.66 13.74 4.76 6.53 8.5 5.23 5.4 5.73 19.1 9.49 9.24 11.57 8.71 3.66 1.88 6.01 5.72 8.29 7.38 8.44 18.84 16.02 7.81 12.35 13.96 25.04 14.46 7.64 8.54 11.29 7.77 6.39 6.09 8.51 15.46 14.73 13.75 19.93 9.42 7.23 5.43 7.35 17.73 17.41
13.92 17.33 17.85 10.12 7.59 8.19 6.39 6.9 6.13 4.04 2.07 2.94 2.55 6.74 7.78 8.56 12.68 8.88 11.1 7.49 8.75 11.22 5.9 5.46 3.97 5.58 2.92 5.87 12.23 6.54 10.29 8.14 8.93 2.84 3.28 2.74 3.73 10.52 6.72 16.13 22.35 15.96 9.24 10.8 17.29 9.72 5.19 8.15 12.68 13.22 8.93 4.95 7.77 12.9 14.32 15.48 18.19 11.26 10.66 6.82 6.07 7.64 5.58 9.47
14.8 29.66 17.56 22.68 5.88 9.8 5.38 5.99 5.57 4.48 5.93 2.85 4.45 5.6 12.72 14.72 6.4 3.72 6.09 5.44 3.68 4.74 3.32 3.99 4.89 2.21 5.17 3.49 8.06 8.47 8.64 4.2 2.98 2.19 2.24 3.15 2.95 9.01 8.49 11.67 19.69 43.99 22.66 13.15 18.92 6.6 8.08 3.67 15.11 19.91 14.82 5.28 9.49 7.59 11.07 7.89 8.3 7.66 10.09 10.71 11.52 9.57 11.1 20.64
12.35 17.74 18.51 11.07 15.26 3.02 4.82 3.94 4.88 5.77 8.29 8.86 7.39 9.93 9.49 9.74 3.46 7.42 8.57 5.57 13.79 6.17 4.73 6.1 7.96 3.6 3.88 6.12 10.33 8.82 4.28 3.02 7.01 11.44 6.55 8.36 4.88 7.04 9.03 11.12 23.13 20.61 32.8 22.04 15.29 14.93 9.3 9.49 16.15 14.12 12.8 8.43 5.43 7.68 5.07 2.96 3.94 5.59 8.7 9.84 11.91 30.02 23.54 8.51
